system:index,Input_FID,dam_count_all,dam_count_anthro,dam_count_confident,.geo
00000000000000002c47,1,0,0,0,"{""type"":""Polygon"",""coordinates"":[[[-107.27113559149579,48.42072889173245],[-107.27111684670477,48.42076050110455],[-107.27107827524502,48.420797053739655],[-107.27114092706691,48.420849366463806],[-107.27117413195272,48.42083976911099],[-107.2712147540813,48.42084793563952],[-107.27126739085482,48.42082451152591],[-107.27126699606033,48.420815628078955],[-107.27113559149579,48.42072889173245]]]}"
00000000000000002c61,2,0,0,0,"{""type"":""Polygon"",""coordinates"":[[[-107.27123372690279,48.42067333799179],[-107.2712345612863,48.42069117638383],[-107.2712359301983,48.4207224272849],[-107.27118231948437,48.42072348384705],[-107.27113539411395,48.42072445001608],[-107.27113559149579,48.42072889173245],[-107.27126699606033,48.420815628078955],[-107.27127895299031,48.42078412483513],[-107.27131796393842,48.42075652711007],[-107.27133055783139,48.42073842058704],[-107.27133714821744,48.42073387267896],[-107.27123372690279,48.42067333799179]]]}"
00000000000000002c71,3,0,0,0,"{""type"":""GeometryCollection"",""geometries"":[{""type"":""LineString"",""coordinates"":[[-107.27129099453171,48.42060079460883],[-107.2713045396173,48.420604973116696]]},{""type"":""Polygon"",""coordinates"":[[[-107.27130451582264,48.42060497949784],[-107.27129846753172,48.4206184665328],[-107.27129099453171,48.42060079460883],[-107.27129099261784,48.42060079008298],[-107.2712771247509,48.4205921032334],[-107.27125745079792,48.42060141665853],[-107.27124583106553,48.42064189056533],[-107.2712335295086,48.420668896280546],[-107.27123372690279,48.42067333799179],[-107.27133714821744,48.42073387267896],[-107.27137615909076,48.420706274958135],[-107.27141457767193,48.42066535210568],[-107.27142776374961,48.42066057072908],[-107.27130451582264,48.42060497949784]]]}]}"
00000000000000002c64,4,0,0,0,"{""type"":""Polygon"",""coordinates"":[[[-107.27136070465703,48.42051008006836],[-107.27136090206787,48.420514521765725],[-107.27132169400035,48.4205376776761],[-107.27130929758675,48.42056022582949],[-107.2712771247509,48.4205921032334],[-107.27130451582264,48.42060497949784],[-107.27142776374961,48.42066057072908],[-107.2714476799577,48.42065577050999],[-107.27147297002385,48.42061954169222],[-107.27151217815468,48.42059638568306],[-107.27136070465703,48.42051008006836]]]}"
00000000000000002c48,5,0,0,0,"{""type"":""Polygon"",""coordinates"":[[[-107.27147861568453,48.42044519708975],[-107.2714121116107,48.420459934329756],[-107.27136070465703,48.42051008006836],[-107.27151217815468,48.42059638568306],[-107.27154488552215,48.420577920662964],[-107.27158389615501,48.4205503229445],[-107.27159668731441,48.42053665815887],[-107.27147861568453,48.42044519708975]]]}"
00000000000000002c3c,6,0,0,0,"{""type"":""Polygon"",""coordinates"":[[[-107.27158304056626,48.42038066955392],[-107.27147861568453,48.42044519708975],[-107.27159668731441,48.42053665815887],[-107.27160991815538,48.4205319483129],[-107.27165551904197,48.420499802685136],[-107.27168227313749,48.4204992821865],[-107.27170204948025,48.42048995287878],[-107.27158304056626,48.42038066955392]]]}"
00000000000000002c3a,7,0,0,0,"{""type"":""Polygon"",""coordinates"":[[[-107.2717291768507,48.4203465008146],[-107.27166273052458,48.42036115084039],[-107.27166150102475,48.420334429205056],[-107.27166106131978,48.42032547430114],[-107.27162879390018,48.42035289417453],[-107.27158304056626,48.42038066955392],[-107.27170204948025,48.42048995287878],[-107.27173515163634,48.420480371218844],[-107.27180790143511,48.42045658841277],[-107.27181434447567,48.42045198477052],[-107.2717291768507,48.4203465008146]]]}"
00000000000000002c41,8,0,0,0,"{""type"":""Polygon"",""coordinates"":[[[-107.27187403863428,48.420285538729196],[-107.27184718217903,48.420286075091916],[-107.27183385641399,48.42028632745507],[-107.27182042819088,48.42028659563164],[-107.27174924556533,48.42034607070366],[-107.2717291768507,48.4203465008146],[-107.27181434447567,48.42045198477052],[-107.27186619074106,48.42041079376963],[-107.27190667304863,48.420414430895406],[-107.27187403863428,48.420285538729196]]]}"
00000000000000002c3d,9,0,0,0,"{""type"":""Polygon"",""coordinates"":[[[-107.27196846863234,48.42029708959986],[-107.27191422087081,48.42028474998614],[-107.27187403863428,48.420285538729196],[-107.27190667304863,48.420414430895406],[-107.27191331355507,48.42041426893669],[-107.27196672675072,48.42040877028809],[-107.2720138944327,48.420412316946816],[-107.2720481008937,48.42027765795654],[-107.27196846863234,48.42029708959986]],[[-107.27203570492485,48.420300206082594],[-107.27202207917502,48.42029603261216],[-107.27202271646229,48.4203094291841],[-107.27203570492485,48.420300206082594]]]}"
00000000000000002c40,10,0,0,0,"{""type"":""Polygon"",""coordinates"":[[[-107.27208307001294,48.420308194379125],[-107.27206807459976,48.42027277028929],[-107.2720481008937,48.42027765795654],[-107.2720138944327,48.420412316946816],[-107.27211487041922,48.42041924821994],[-107.27213557658139,48.42043221462584],[-107.2721909286386,48.420319476812544],[-107.27208307001294,48.420308194379125]]]}"
00000000000000002c34,11,0,0,0,"{""type"":""Polygon"",""coordinates"":[[[-107.27229898498545,48.420335200800004],[-107.27222447053555,48.4203188499127],[-107.2721909286386,48.420319476812544],[-107.27213557658139,48.42043221462584],[-107.27214245942235,48.420436565880166],[-107.272189429736,48.420435670763965],[-107.27220949859644,48.42043524055255],[-107.27225695904305,48.42044768627911],[-107.27234024473209,48.42035676334953],[-107.27229898498545,48.420335200800004]]]}"
00000000000000002c38,12,0,0,0,"{""type"":""Polygon"",""coordinates"":[[[-107.27243707802529,48.42042184438497],[-107.27238238976503,48.420400550113726],[-107.27235396566013,48.4203653942727],[-107.27234024473209,48.42035676334953],[-107.27225695904305,48.42044768627911],[-107.27226394437088,48.42045202170949],[-107.27229113846289,48.4204604559568],[-107.27233215599445,48.42047750532493],[-107.27235330218636,48.420499426618335],[-107.27246422737811,48.420430207034386],[-107.27243707802529,48.42042184438497]]]}"
00000000000000002c42,13,0,0,0,"{""type"":""Polygon"",""coordinates"":[[[-107.2725341093051,48.420491367080565],[-107.27251340288086,48.420478400752785],[-107.27249265166579,48.42046536288082],[-107.2724648648256,48.42044360363298],[-107.27246422737811,48.420430207034386],[-107.27235330218636,48.420499426618335],[-107.27237474101479,48.42053024711791],[-107.2724023302963,48.42054756473248],[-107.27241619858486,48.420556251401834],[-107.2724301171521,48.42056932404032],[-107.27254827027564,48.420508952918375],[-107.27254783035444,48.420499997994746],[-107.2725341093051,48.420491367080565]]]}"
00000000000000002c33,14,0,0,0,"{""type"":""Polygon"",""coordinates"":[[[-107.27259262094042,48.42060182880811],[-107.27259169078928,48.42057953296154],[-107.27254866538702,48.420517836301066],[-107.27254827027564,48.420508952918375],[-107.2724301171521,48.42056932404032],[-107.27244462289616,48.42059140734478],[-107.27248676833952,48.42063519424508],[-107.27259994383202,48.42061513498143],[-107.27259262094042,48.42060182880811]]]}"
00000000000000002c36,15,0,0,0,"{""type"":""Polygon"",""coordinates"":[[[-107.27262285554703,48.420677190492945],[-107.27259994383202,48.42061513498143],[-107.27248676833952,48.42063519424508],[-107.27249014576908,48.420711092575125],[-107.27248390026202,48.42072013799401],[-107.2726380492718,48.420717056453086],[-107.27263701663554,48.42069477637584],[-107.27262285554703,48.420677190492945]]]}"
00000000000000002c46,16,0,0,0,"{""type"":""Polygon"",""coordinates"":[[[-107.27263829164724,48.42072156970378],[-107.2726380492718,48.420717056453086],[-107.27248390026202,48.42072013799401],[-107.2724541303367,48.42080554688724],[-107.27245437268871,48.420810060146465],[-107.2726487051404,48.42080618955944],[-107.27266149615689,48.42079252457036],[-107.27265284789388,48.42074803901834],[-107.27267906739291,48.42073410574014],[-107.27263829164724,48.42072156970378]],[[-107.27262662838224,48.420761972293356],[-107.27260611932401,48.42075344763563],[-107.27259372342873,48.42077599603252],[-107.27262662838224,48.420761972293356]]]}"
00000000000000002c45,17,0,0,0,"{""type"":""Polygon"",""coordinates"":[[[-107.27245437268871,48.420810060146465],[-107.27245510520528,48.42082791437466],[-107.27245687024185,48.42086804875391],[-107.27249872335459,48.420902936602765],[-107.2726188403511,48.42088714109655],[-107.27259178568906,48.42088323596768],[-107.27261697267524,48.42084702252682],[-107.27263591411578,48.42081985455052],[-107.2726487051404,48.42080618955944],[-107.27245437268871,48.420810060146465]]]}"
00000000000000002c49,18,0,0,0,"{""type"":""Polygon"",""coordinates"":[[[-107.27263417404514,48.420931536297395],[-107.2726324088172,48.42089140187857],[-107.2726188403511,48.42088714109655],[-107.27249872335459,48.420902936602765],[-107.27251259180495,48.42091162331188],[-107.27252695045205,48.42093365101422],[-107.27252871556107,48.42097378546971],[-107.2725295505715,48.4209916239349],[-107.27265615579105,48.42097129615415],[-107.27263417404514,48.420931536297395]]]}"
00000000000000002c72,19,0,0,0,"{""type"":""Polygon"",""coordinates"":[[[-107.27266343395941,48.42098453086942],[-107.27265615579105,48.42097129615415],[-107.2725295505715,48.4209916239349],[-107.27252979293179,48.42099613720944],[-107.27253052547975,48.42101399149845],[-107.27253209303765,48.42104968427796],[-107.27257330896876,48.42107117544735],[-107.27257374888883,48.421080130466606],[-107.2727067527491,48.42105512728651],[-107.27270646006929,48.42104622799939],[-107.27266343395941,48.42098453086942]]]}"
00000000000000002c60,20,0,0,0,"{""type"":""Polygon"",""coordinates"":[[[-107.27272179392938,48.42109062331421],[-107.27270739027345,48.4210685240382],[-107.2727067527491,48.42105512728651],[-107.27257374888883,48.421080130466606],[-107.27258894267307,48.42111999673357],[-107.27260393893019,48.421155421282386],[-107.27261101954629,48.421164214301626],[-107.27273103503995,48.421148434370195],[-107.27272419677217,48.421144154649234],[-107.27277780897126,48.42114309718141],[-107.27272179392938,48.42109062331421]]]}"
00000000000000002c63,21,0,0,0,"{""type"":""Polygon"",""coordinates"":[[[-107.27273846054325,48.42116172484866],[-107.27273103503995,48.421148434370195],[-107.27261101954629,48.421164214301626],[-107.272618935215,48.42119084585163],[-107.27259291292653,48.42120922099016],[-107.27259472290136,48.42124942719337],[-107.27274223358305,48.42124650740801],[-107.27274199119782,48.421241994113494],[-107.27276585296825,48.42117460079974],[-107.27273846054325,48.42116172484866]]]}"
00000000000000002c67,22,0,0,0,"{""type"":""GeometryCollection"",""geometries"":[{""type"":""LineString"",""coordinates"":[[-107.27259848422989,48.42133419237875],[-107.27260518811146,48.4213340599115]]},{""type"":""Polygon"",""coordinates"":[[[-107.27277315678093,48.42133965278581],[-107.27275816027749,48.42130422814751],[-107.27274399890939,48.421286642089],[-107.2727425262682,48.42125540672823],[-107.27274223358305,48.42124650740801],[-107.27259472290136,48.42124942719337],[-107.27260513631443,48.42133404789158],[-107.27278702549079,48.42134833951974],[-107.27277315678093,48.42133965278581]]]}]}"
00000000000000002c62,23,0,0,0,"{""type"":""Polygon"",""coordinates"":[[[-107.27278702549079,48.42134833951974],[-107.27259849559476,48.42133420990627],[-107.2725854619915,48.421343361727104],[-107.27257247319417,48.4213525850914],[-107.27257507334815,48.421410558464416],[-107.27257527090082,48.42141500023053],[-107.27273772105637,48.42144759252579],[-107.27273674603636,48.4214252247857],[-107.27273478315449,48.42138064823729],[-107.27280054935363,48.42135252876612],[-107.27278702549079,48.42134833951974]]]}"
00000000000000002c6e,24,0,0,0,"{""type"":""Polygon"",""coordinates"":[[[-107.27257527090082,48.42141500023053],[-107.27253802468655,48.42148273365279],[-107.27253899958245,48.42150510142209],[-107.2726876389371,48.421528919689614],[-107.27268734626989,48.42152002032322],[-107.2727063831724,48.42149730957089],[-107.27273939125661,48.42148326977022],[-107.27273831377306,48.42146091783197],[-107.27273772105637,48.42144759252579],[-107.27257527090082,48.42141500023053]]]}"
00000000000000002c6c,25,0,0,0,"{""type"":""Polygon"",""coordinates"":[[[-107.27253899958245,48.42150510142209],[-107.27252045277983,48.42154115329256],[-107.27254056712083,48.42154079452995],[-107.27255463335985,48.42155392310844],[-107.27251537954051,48.42157700843596],[-107.27250947130383,48.42159502493011],[-107.2726711446449,48.42160969139577],[-107.2726642614978,48.42160534009154],[-107.27267588027524,48.42156486530787],[-107.2726876389371,48.421528919689614],[-107.27253899958245,48.42150510142209]]]}"
00000000000000002c75,26,0,0,0,"{""type"":""Polygon"",""coordinates"":[[[-107.2726711446449,48.42160969139577],[-107.27250947130383,48.42159502493011],[-107.27250499066925,48.42164420546525],[-107.27247970051927,48.42168043525121],[-107.27248014040838,48.421689390373764],[-107.27266134870644,48.42169021384135],[-107.2726611511452,48.421685772052754],[-107.27268009305435,48.42165860362949],[-107.27267965311557,48.42164964851427],[-107.27267925798805,48.4216407649444],[-107.2726711446449,48.42160969139577]]]}"
00000000000000002c6f,27,0,0,0,"{""type"":""Polygon"",""coordinates"":[[[-107.27248014040838,48.421689390373764],[-107.2724839127763,48.421774173797345],[-107.27248430785428,48.42178305739145],[-107.27264505181256,48.421775427586596],[-107.27264461188393,48.42176647245139],[-107.27266134870644,48.42169021384135],[-107.27248014040838,48.421689390373764]]]}"
00000000000000002c79,28,0,0,0,"{""type"":""Polygon"",""coordinates"":[[[-107.27248430785428,48.42178305739145],[-107.27247191149314,48.42180560621884],[-107.27246005007036,48.421841567820906],[-107.27248173202334,48.421876902400356],[-107.272648824553,48.421860211130756],[-107.27264838462456,48.42185125598135],[-107.2726470145567,48.42182000446961],[-107.27264505181256,48.421775427586596],[-107.27248430785428,48.42178305739145]]]}"
00000000000000002c77,29,0,0,0,"{""type"":""Polygon"",""coordinates"":[[[-107.27267778506261,48.421908780613194],[-107.2726631836122,48.42188223919328],[-107.272648824553,48.421860211130756],[-107.27248173202334,48.421876902400356],[-107.27251123462958,48.42193441130161],[-107.27255298645417,48.42196931560983],[-107.27270557310318,48.42193054036562],[-107.27267778506261,48.421908780613194]]]}"
00000000000000002c78,30,0,0,0,"{""type"":""Polygon"",""coordinates"":[[[-107.27274923776032,48.42200563552923],[-107.2727220423284,48.42199720120159],[-107.27272056973939,48.42196596542389],[-107.2727198371267,48.42194811081995],[-107.27270557310318,48.42193054036562],[-107.27255298645417,48.42196931560983],[-107.27255992729668,48.42197357958951],[-107.27256109973533,48.422000389379065],[-107.27257570113393,48.42202693087447],[-107.27258381444383,48.422058004674575],[-107.27275607618158,48.4220099153135],[-107.27274923776032,48.42200563552923]]]}"
00000000000000002c7d,31,0,0,0,"{""type"":""Polygon"",""coordinates"":[[[-107.27275607618158,48.4220099153135],[-107.27258381444383,48.422058004674575],[-107.27259129030394,48.42207568148189],[-107.27259266031125,48.422106933145464],[-107.27259349532251,48.4221247719883],[-107.27259393523389,48.422133727184224],[-107.27259447022952,48.422147140025466],[-107.2726572297987,48.422199437132356],[-107.27269077356571,48.42219881000039],[-107.27278981738667,48.422013729967624],[-107.27275607618158,48.4220099153135]]]}"
00000000000000002c7a,32,0,0,0,"{""type"":""Polygon"",""coordinates"":[[[-107.27284470599406,48.42203946639653],[-107.27281012961927,48.42201781295264],[-107.27278981738667,48.422013729967624],[-107.27269077356571,48.42219881000039],[-107.2727911177373,48.422192343613446],[-107.27283150001338,48.42219599622644],[-107.27290405588809,48.422167769907],[-107.27284470599406,48.42203946639653]]]}"
00000000000000002c7c,33,0,0,0,"{""type"":""GeometryCollection"",""geometries"":[{""type"":""LineString"",""coordinates"":[[-107.27290386025265,48.42216332860176],[-107.27290405929891,48.42216779082178]]},{""type"":""Polygon"",""coordinates"":[[[-107.27296536217167,48.42203708282766],[-107.27285842769895,48.422048097499776],[-107.27284470599406,48.42203946639653],[-107.27290385830058,48.42216332807988],[-107.2729437054833,48.42215356780174],[-107.27300951792063,48.422125519289175],[-107.27304262172397,48.42211593684413],[-107.27304936508072,48.422115758974726],[-107.27296536217167,48.42203708282766]]]}]}"
00000000000000002c53,34,0,0,0,"{""type"":""Polygon"",""coordinates"":[[[-107.27307038378858,48.42198587708823],[-107.27306394052779,48.42199048095235],[-107.27304382583036,48.42199083983648],[-107.27301789816418,48.42201367300904],[-107.27298543206503,48.42203665241521],[-107.27296536217167,48.42203708282766],[-107.27304936508072,48.422115758974726],[-107.27306947984724,48.422115400086845],[-107.27309589794233,48.422105908134576],[-107.27308738892957,48.42206595072554],[-107.27313982980769,48.4220380831938],[-107.27307038378858,48.42198587708823]]]}"
00000000000000002c66,35,0,0,0,"{""type"":""Polygon"",""coordinates"":[[[-107.27313448784902,48.42191760605565],[-107.27311510598287,48.421935819539385],[-107.27310295228352,48.42196288185965],[-107.27307692951365,48.4219812574068],[-107.27307038378858,48.42198587708823],[-107.27313982980769,48.4220380831938],[-107.2731857249108,48.42201483534102],[-107.27324475622574,48.421982419635924],[-107.27326423325012,48.42196866373659],[-107.27313448784902,48.42191760605565]]]}"
00000000000000002c68,36,0,0,0,"{""type"":""Polygon"",""coordinates"":[[[-107.27316474798828,48.42184553639233],[-107.2731521543024,48.42186364352545],[-107.2731407334743,48.42190856038885],[-107.27313448784902,48.42191760605565],[-107.27326423325012,48.42196866373659],[-107.2732707789619,48.4219640440438],[-107.27329021115885,48.42195021660036],[-107.27328780755117,48.42189668449147],[-107.27330084129144,48.42188753247719],[-107.27330040120269,48.42187857733027],[-107.27329986594137,48.421865164567066],[-107.27316474798828,48.42184553639233]]]}"
00000000000000002c6b,37,0,0,0,"{""type"":""Polygon"",""coordinates"":[[[-107.27321449222174,48.42175523756079],[-107.27318964254103,48.42180042273185],[-107.27316474798828,48.42184553639233],[-107.27329986594137,48.421865164567066],[-107.27329947066553,48.42185628096768],[-107.27335171355074,48.42182397164188],[-107.27336430715167,48.42180586449822],[-107.27337085282744,48.42180124481359],[-107.27321449222174,48.42175523756079]]]}"
00000000000000002c70,38,0,0,0,"{""type"":""Polygon"",""coordinates"":[[[-107.27327037930684,48.42165590904884],[-107.27325227305315,48.421700916266325],[-107.27321449222174,48.42175523756079],[-107.27337085282744,48.42180124481359],[-107.27341551686534,48.42175127467189],[-107.27342206252813,48.42174665498883],[-107.27327037930684,48.42165590904884]]]}"
00000000000000002c73,39,0,0,0,"{""type"":""Polygon"",""coordinates"":[[[-107.27340201510673,48.42159965321269],[-107.27338234066178,48.42160896726067],[-107.27335612056945,48.421622900973766],[-107.27330387798685,48.421655210172744],[-107.27327037930684,48.42165590904884],[-107.27342206252813,48.42174665498883],[-107.273487976665,48.42171859056415],[-107.27350013003698,48.421691528327216],[-107.27340201510673,48.42159965321269]]]}"
00000000000000002c6d,40,0,0,0,"{""type"":""Polygon"",""coordinates"":[[[-107.27352036904804,48.421543721424634],[-107.27349351121154,48.42154425829485],[-107.27342867530193,48.42159467459006],[-107.27340201510673,48.42159965321269],[-107.27350013003698,48.421691528327216],[-107.2735062803553,48.42167802507638],[-107.27354602464686,48.4216682804657],[-107.27359850966819,48.42164048445152],[-107.27352036904804,48.421543721424634]]]}"
00000000000000002c69,41,0,0,0,"{""type"":""Polygon"",""coordinates"":[[[-107.27367373243649,48.421522870963216],[-107.27359409684553,48.42154230449008],[-107.27355371485706,48.421538652234766],[-107.27352036904804,48.421543721424634],[-107.27359850966819,48.42164048445152],[-107.27366418110611,48.4216079066465],[-107.27369767988198,48.42160720763141],[-107.27367373243649,48.421522870963216]]]}"
00000000000000002c65,42,0,0,0,"{""type"":""Polygon"",""coordinates"":[[[-107.27380781694058,48.421520217916004],[-107.27377491129904,48.42153424227581],[-107.2737204623868,48.42151746171421],[-107.27367373243649,48.421522870963216],[-107.27369767988198,48.42160720763141],[-107.27377160564183,48.421610232328725],[-107.27380490675647,48.42160509149918],[-107.27383864809904,48.42160890575287],[-107.27380781694058,48.421520217916004]]]}"
00000000000000002c7b,43,0,0,0,"{""type"":""Polygon"",""coordinates"":[[[-107.2739061511921,48.421469102360454],[-107.27380781694058,48.421520217916004],[-107.27383864809904,48.42160890575287],[-107.27384533376826,48.42160881519144],[-107.27390431944262,48.42157632780545],[-107.27395045638912,48.4215575931201],[-107.27397052623087,48.42155716250719],[-107.2739061511921,48.421469102360454]]]}"
00000000000000002c58,44,0,0,0,"{""type"":""Polygon"",""coordinates"":[[[-107.27403974510305,48.42145310788274],[-107.27402036375265,48.42147132137758],[-107.27395986699788,48.42146802838013],[-107.2739061511921,48.421469102360454],[-107.27397052623087,48.42155716250719],[-107.27400426760954,48.42156097669842],[-107.27402350173638,48.42154270745001],[-107.27404952398105,48.42152433181076],[-107.27410928758935,48.421509770321876],[-107.27403974510305,48.42145310788274]]]}"
00000000000000002c6a,45,0,0,0,"{""type"":""Polygon"",""coordinates"":[[[-107.2741234188804,48.421375538603485],[-107.27406429350756,48.42140349687322],[-107.2740525360525,48.421439442544894],[-107.27403974510305,48.42145310788274],[-107.27410928758935,48.421509770321876],[-107.27411607572508,48.4215096639235],[-107.27420034280566,48.42144541977419],[-107.2741234188804,48.421375538603485]]]}"
00000000000000002c5c,46,0,0,0,"{""type"":""Polygon"",""coordinates"":[[[-107.27424924860885,48.421337282597996],[-107.27416941547074,48.42135227477593],[-107.2741234188804,48.421375538603485],[-107.27420034280566,48.42144541977419],[-107.27420669061839,48.42143635830676],[-107.27430570744362,48.42139871078406],[-107.27424924860885,48.421337282597996]]]}"
00000000000000002c5d,47,0,0,0,"{""type"":""Polygon"",""coordinates"":[[[-107.27437497578525,48.421299042275905],[-107.2743284884509,48.42130896511085],[-107.27424924860885,48.421337282597996],[-107.27430570744362,48.42139871078406],[-107.27435932090961,48.421397652397246],[-107.27438607642104,48.42139713110161],[-107.27441293440451,48.42139659397981],[-107.27443935201944,48.42138710179825],[-107.27437497578525,48.421299042275905]]]}"
00000000000000002c52,48,0,0,0,"{""type"":""Polygon"",""coordinates"":[[[-107.27450074768937,48.42126087336137],[-107.27447472573603,48.421279249024785],[-107.2744217505275,48.42129370425179],[-107.27437497578525,48.421299042275905],[-107.27443935201944,48.42138710179825],[-107.27447953654432,48.421386311908805],[-107.27449139608389,48.42135035041168],[-107.27453753274214,48.421331615531145],[-107.27450074768937,48.42126087336137]]]}"
00000000000000002c51,49,0,0,0,"{""type"":""Polygon"",""coordinates"":[[[-107.27464000611711,48.421222348358896],[-107.27458629028126,48.42122342271502],[-107.27450074768937,48.42126087336137],[-107.27453753274214,48.421331615531145],[-107.27460984431876,48.421298875134696],[-107.27465027144268,48.42130259846434],[-107.27464000611711,48.421222348358896]]]}"
00000000000000002c59,50,0,0,0,"{""type"":""Polygon"",""coordinates"":[[[-107.27478161267878,48.421237441846024],[-107.27475391861101,48.42122014056834],[-107.27468687620832,48.42122146777136],[-107.2746533326161,48.4212220955838],[-107.27464000611711,48.421222348358896],[-107.27465027144268,48.42130259846434],[-107.27472405729216,48.42130109329839],[-107.27477196144739,48.42132249293911],[-107.27478825353279,48.42123727967744],[-107.27478161267878,48.421237441846024]]]}"
00000000000000002c5b,51,0,0,0,"{""type"":""Polygon"",""coordinates"":[[[-107.27488175836532,48.421226531670925],[-107.27480836819413,48.42123692043435],[-107.27478825353279,48.42123727967744],[-107.27477196144739,48.42132249293911],[-107.27481986568218,48.42134389256253],[-107.2748860722441,48.421324726722936],[-107.27489950127972,48.42132445809239],[-107.27491293031714,48.42132418945993],[-107.27491579309647,48.421239244812774],[-107.27488175836532,48.421226531670925]]]}"
00000000000000002c76,52,0,0,0,"{""type"":""Polygon"",""coordinates"":[[[-107.27501613674961,48.42123277623301],[-107.27500295039724,48.42123755815988],[-107.2749566160129,48.421251851487156],[-107.27491579309647,48.421239244812774],[-107.27491293031714,48.42132418945993],[-107.2749400816159,48.42133255150212],[-107.27497421894778,48.42134524882597],[-107.27505449298776,48.4213392110082],[-107.27507460776148,48.421338851705876],[-107.27508803682902,48.42133858304812],[-107.27501613674961,48.42123277623301]]]}"
00000000000000002c74,53,0,0,0,"{""type"":""Polygon"",""coordinates"":[[[-107.275121896414,48.42119495002155],[-107.27506901659372,48.42121386313818],[-107.27501613674961,48.42123277623301],[-107.27508803682902,48.42133858304812],[-107.27514775559605,48.42132394942282],[-107.27517220731194,48.42126988072249],[-107.27520531056614,48.42126029770016],[-107.275121896414,48.42119495002155]]]}"
00000000000000002c54,54,0,0,0,"{""type"":""Polygon"",""coordinates"":[[[-107.27520600886473,48.42112633522179],[-107.27519956587638,48.421130939148064],[-107.27518726645921,48.42115794556201],[-107.27514181325644,48.42119014897317],[-107.275121896414,48.42119495002155],[-107.27520531056614,48.42126029770016],[-107.27527131917618,48.42123668988912],[-107.27531096787651,48.42122248707777],[-107.27532419904604,48.421217776651915],[-107.27520600886473,48.42112633522179]]]}"
00000000000000002c1d,55,0,0,0,"{""type"":""Polygon"",""coordinates"":[[[-107.27527758607873,48.421075740199704],[-107.27525869068413,48.421102980337125],[-107.27520600886473,48.42112633522179],[-107.27532419904604,48.421217776651915],[-107.27535061656337,48.4212082842542],[-107.27537663828276,48.42118990838406],[-107.27541642719073,48.42118023463615],[-107.27546158693234,48.42113913182674],[-107.27546114630144,48.42113017682884],[-107.27527758607873,48.421075740199704]]]}"
00000000000000002c1e,56,0,0,0,"{""type"":""Polygon"",""coordinates"":[[[-107.27548206076594,48.42099583949716],[-107.27531496818071,48.421012535421916],[-107.27527699242466,48.42106241502897],[-107.27527758607873,48.421075740199704],[-107.27546114630144,48.42113017682884],[-107.2754794926957,48.421089683007295],[-107.2754924810911,48.42108045930587],[-107.27551693220101,48.42102639077956],[-107.27548206076594,48.42099583949716]]]}"
00000000000000002c4f,57,0,0,0,"{""type"":""Polygon"",""coordinates"":[[[-107.27546130755084,48.42098280219038],[-107.27543976273343,48.42095199802691],[-107.2754044508358,48.42091249179309],[-107.27540425293449,48.420908050083405],[-107.27524434473214,48.42093352278059],[-107.27526549356317,48.42095544355366],[-107.27528693573147,48.420986263582186],[-107.27531496818071,48.421012535421916],[-107.27548206076594,48.42099583949716],[-107.27546130755084,48.42098280219038]]]}"
00000000000000002c56,58,0,0,0,"{""type"":""Polygon"",""coordinates"":[[[-107.27537592713342,48.42087287908797],[-107.27537391616511,48.42082823159568],[-107.27537307975544,48.420810393245205],[-107.27518104569143,48.42086781620543],[-107.27522914769989,48.42089365715469],[-107.27524434473214,48.42093352278059],[-107.27540425293449,48.420908050083405],[-107.27537592713342,48.42087287908797]]]}"
00000000000000002c57,59,0,0,0,"{""type"":""Polygon"",""coordinates"":[[[-107.2753247797792,48.420780110710666],[-107.27524957732912,48.420750293975935],[-107.27524904132545,48.42073688152559],[-107.27513113097014,48.420801769465115],[-107.27513821232569,48.42081056222131],[-107.27517416218636,48.42086346515035],[-107.27518104569143,48.42086781620543],[-107.27537307975544,48.420810393245205],[-107.2753247797792,48.420780110710666]]]}"
00000000000000002c55,60,1,0,1,"{""type"":""Polygon"",""coordinates"":[[[-107.2752468774362,48.42068786398962],[-107.27522001973007,48.42068840133021],[-107.27517270948304,48.42068032723298],[-107.27515844433397,48.42066275758788],[-107.27506114681107,48.420736153608395],[-107.27507530945977,48.420753739112016],[-107.27513113097014,48.420801769465115],[-107.27524904132545,48.42073688152559],[-107.2752488434419,48.42073243982971],[-107.27524800709101,48.42071460150864],[-107.27526104018615,48.42070544944743],[-107.2752468774362,48.42068786398962]]]}"
00000000000000002c25,61,0,0,0,"{""type"":""Polygon"",""coordinates"":[[[-107.27514428166307,48.420645172126996],[-107.27505535771067,48.42060672476488],[-107.27495775994205,48.420675694728665],[-107.27504707957283,48.42072302562283],[-107.27506114681107,48.420736153608395],[-107.27515844433397,48.42066275758788],[-107.27514428166307,48.420645172126996]]]}"
00000000000000002c50,62,0,0,0,"{""type"":""Polygon"",""coordinates"":[[[-107.27504861448824,48.42060690276653],[-107.27502717276181,48.420576082892424],[-107.27504660390284,48.42056225547989],[-107.27503160508624,48.420526831770125],[-107.27500421163948,48.42051395664653],[-107.27499786414643,48.4205230180021],[-107.27501925523724,48.42054945189408],[-107.2749727238868,48.42055930333988],[-107.27495221386125,48.42055077923945],[-107.274893683471,48.42059206260621],[-107.27488777643974,48.4206100788839],[-107.27489559140373,48.42063672574454],[-107.27489622974281,48.420650122356186],[-107.27492348301791,48.42065846849112],[-107.27495775994205,48.420675694728665],[-107.27505535771067,48.42060672476488],[-107.27504861448824,48.42060690276653]]]}"
00000000000000002c2b,63,0,0,0,"{""type"":""GeometryCollection"",""geometries"":[{""type"":""Point"",""coordinates"":[-107.2748748648085,48.420471882703524]},{""type"":""Polygon"",""coordinates"":[[[-107.27499058502949,48.42050978360189],[-107.27499786414643,48.4205230180021],[-107.27500421163948,48.42051395664653],[-107.27499058502949,48.42050978360189]]]},{""type"":""Polygon"",""coordinates"":[[[-107.27490406779863,48.420524866756935],[-107.27489024336988,48.42051625201696],[-107.27486285002271,48.42050337685311],[-107.27484878296555,48.42049024889113],[-107.27476427610051,48.42054997916366],[-107.27483195565873,48.42056204854332],[-107.27485246563518,48.42057057267244],[-107.27489348562978,48.42058762092058],[-107.274893683471,48.42059206260621],[-107.27495221386125,48.42055077923945],[-107.27490406779863,48.420524866756935]]]}]}"
00000000000000002c5f,64,0,0,0,"{""type"":""Polygon"",""coordinates"":[[[-107.2748671871622,48.42044966830756],[-107.27484721310549,48.420454556581376],[-107.27482690102696,48.420450474142214],[-107.2748145511114,48.420473094209235],[-107.27477269518515,48.42043820772039],[-107.2747922287509,48.42042436457732],[-107.27479119478558,48.42040208467892],[-107.27467412143015,48.42048480987744],[-107.27471710653853,48.420546433892724],[-107.27476427610051,48.42054997916366],[-107.27484878296555,48.42049024889113],[-107.27484868759166,48.42048579139506],[-107.2748748042479,48.420471873414776],[-107.2748671871622,48.42044966830756]]]}"
00000000000000002c5a,65,0,0,0,"{""type"":""MultiPolygon"",""coordinates"":[[[[-107.27479119478558,48.42040208467892],[-107.27478347530483,48.42037989541095],[-107.2747492436024,48.420362740737396],[-107.27476517353851,48.42042046010775],[-107.27479119478558,48.42040208467892]]],[[[-107.27476517353851,48.42042046010775],[-107.2747451041452,48.420420890866005],[-107.27472415383848,48.420403411850735],[-107.2746901199833,48.42039069881769],[-107.27466208859641,48.42036442707455],[-107.27456395544839,48.420419983935986],[-107.27456405078838,48.4204244414277],[-107.27466743590425,48.420484900490955],[-107.27467412143015,48.42048480987744],[-107.27476517353851,48.42042046010775]]]]}"
00000000000000002c5e,66,0,0,0,"{""type"":""Polygon"",""coordinates"":[[[-107.2746342998821,48.42034266854229],[-107.27461271145252,48.42031179299093],[-107.27459171076534,48.42028992803905],[-107.27448010436035,48.42034568176391],[-107.27454280746997,48.42039806320665],[-107.27456395544839,48.420419983935986],[-107.27466208859641,48.42036442707455],[-107.2746342998821,48.42034266854229]]]}"
00000000000000002c35,67,0,0,0,"{""type"":""Polygon"",""coordinates"":[[[-107.27454921712219,48.4202416450421],[-107.27453505497648,48.42022405961675],[-107.2745147431265,48.42021997712345],[-107.27440293913912,48.42027128901907],[-107.27441710121707,48.42028887448114],[-107.27444513230239,48.4203151462662],[-107.27445959467354,48.42033715758389],[-107.27448010436035,48.42034568176391],[-107.27459171076534,48.42028992803905],[-107.27454921712219,48.4202416450421]]]}"
00000000000000002c30,68,0,0,0,"{""type"":""Polygon"",""coordinates"":[[[-107.27449443128556,48.42021589462595],[-107.27449403569524,48.4202070113136],[-107.27446556423591,48.420171784747566],[-107.274458087617,48.42015410873493],[-107.27428519557095,48.42018880276846],[-107.27429227655715,48.420197595495466],[-107.2743330978681,48.42021020222953],[-107.27436108400002,48.42023640246283],[-107.27440293913912,48.42027128901907],[-107.2745147431265,48.42021997712345],[-107.27449443128556,48.42021589462595]]]}"
00000000000000002c2d,69,0,0,0,"{""type"":""Polygon"",""coordinates"":[[[-107.27443620635387,48.42011433413016],[-107.27438727033122,48.4200706549882],[-107.27423488820402,48.42011387302969],[-107.27423572407427,48.42013171117124],[-107.27428519557095,48.42018880276846],[-107.274458087617,48.42015410873493],[-107.27443620635387,48.42011433413016]]]}"
00000000000000002c31,70,0,0,0,"{""type"":""Polygon"",""coordinates"":[[[-107.27435039131191,48.419995456938764],[-107.27433622937386,48.41997787155988],[-107.27420528821695,48.42005190920669],[-107.27421925233432,48.4200650529851],[-107.27423425009789,48.420100476542174],[-107.27423488820402,48.42011387302969],[-107.27438727033122,48.4200706549882],[-107.27438707254814,48.42006621334339],[-107.27435039131191,48.419995456938764]]]}"
00000000000000002c2f,71,0,0,0,"{""type"":""Polygon"",""coordinates"":[[[-107.2743078030815,48.41994271662998],[-107.2743073627194,48.41993376182046],[-107.27429280528368,48.41990729318982],[-107.27429256269754,48.41990278001741],[-107.27414745998506,48.41995923209045],[-107.27420528821695,48.42005190920669],[-107.27433622937386,48.41997787155988],[-107.27433539345016,48.41996003347192],[-107.2743078030815,48.41994271662998]]]}"
00000000000000002c39,72,0,0,0,"{""type"":""Polygon"",""coordinates"":[[[-107.27422395372659,48.41986841485417],[-107.27422247974798,48.419837180378885],[-107.27410310526179,48.41986635813757],[-107.27411927650824,48.419928590285835],[-107.27414081940503,48.41995939420396],[-107.27414745998506,48.41995923209045],[-107.27429256269754,48.41990278001741],[-107.27429152902052,48.41988050032379],[-107.27422395372659,48.41986841485417]],[[-107.2742784961375,48.41988965210693],[-107.27423147498408,48.419886162335665],[-107.27425926302293,48.419907920815604],[-107.2742784961375,48.41988965210693]]]}"
00000000000000002c2e,73,0,0,0,"{""type"":""Polygon"",""coordinates"":[[[-107.27422174633652,48.41981932651781],[-107.27420748207822,48.41980175699212],[-107.274193320295,48.419784171652005],[-107.27421226028974,48.41975700394213],[-107.27419839158298,48.41974831767236],[-107.27405235843396,48.41978247394746],[-107.27407330794671,48.41979995292613],[-107.27408810771706,48.41983093470969],[-107.27410226944941,48.41984852008198],[-107.27410310526179,48.41986635813757],[-107.27422247974798,48.419837180378885],[-107.27423551261691,48.41982802861268],[-107.27422174633652,48.41981932651781]]]}"
00000000000000002c4a,74,0,0,0,"{""type"":""Polygon"",""coordinates"":[[[-107.27416372059761,48.41972220819115],[-107.27414936111188,48.419700181253845],[-107.27410750691882,48.41966529493606],[-107.27410082158164,48.419665385504004],[-107.27398906409987,48.419716767883536],[-107.27405235843396,48.41978247394746],[-107.27419839158298,48.41974831767236],[-107.27416372059761,48.41972220819115]]]}"
00000000000000002c37,75,0,0,0,"{""type"":""Polygon"",""coordinates"":[[[-107.27409334524422,48.41964770962337],[-107.27401775153497,48.419609009232666],[-107.2740104729931,48.41959577497003],[-107.27387943782364,48.41966535418072],[-107.27388651859445,48.41967414685695],[-107.27398886636288,48.41971232626614],[-107.27398906409987,48.419716767883536],[-107.27410082158164,48.419665385504004],[-107.27409334524422,48.41964770962337]]]}"
00000000000000002c15,76,1,0,0,"{""type"":""Polygon"",""coordinates"":[[[-107.27399547563519,48.419560351702316],[-107.27393350825461,48.41952582442426],[-107.27378860482261,48.41958671712513],[-107.27381038972386,48.419622034084554],[-107.27386537155593,48.41965222626072],[-107.27387943782364,48.41966535418072],[-107.2740104729931,48.41959577497003],[-107.27399547563519,48.419560351702316]]]}"
00000000000000002c3b,77,0,0,0,"{""type"":""Polygon"",""coordinates"":[[[-107.27392662522438,48.4195214733771],[-107.27392598722001,48.41950807703347],[-107.27392549648685,48.41949473641627],[-107.27391694199946,48.41945470950938],[-107.2739164064563,48.41944129736508],[-107.2737641224924,48.419488971494275],[-107.2737592485805,48.419529266888446],[-107.27378152409729,48.41957792445493],[-107.27378860482261,48.41958671712513],[-107.27393350825461,48.41952582442426],[-107.27392662522438,48.4195214733771]]]}"
00000000000000002c3e,78,0,0,0,"{""type"":""Polygon"",""coordinates"":[[[-107.27391419944823,48.419392209404336],[-107.27376585866726,48.41937729284036],[-107.2737532661529,48.41939539918625],[-107.27374204475295,48.41944475559903],[-107.27376378471737,48.419480000937924],[-107.2737641224924,48.419488971494275],[-107.2739164064563,48.41944129736508],[-107.2739221159202,48.41941883994367],[-107.27391419944823,48.419392209404336]]]}"
00000000000000002c13,79,0,0,0,"{""type"":""Polygon"",""coordinates"":[[[-107.273809007852,48.41929154594125],[-107.27379739113236,48.419332019087975],[-107.2737787513426,48.419363612271205],[-107.27376585866726,48.41937729284036],[-107.27391419944823,48.419392209404336],[-107.27391292344345,48.419365416784984],[-107.27393049204511,48.41930699935289],[-107.273809007852,48.41929154594125]]]}"
00000000000000002c11,80,0,0,0,"{""type"":""Polygon"",""coordinates"":[[[-107.27385830654636,48.41919229653557],[-107.27382691434443,48.419242099120645],[-107.273809007852,48.41929154594125],[-107.27393049204511,48.41930699935289],[-107.27394859614454,48.419261994078326],[-107.27396182656149,48.4192572840318],[-107.27385830654636,48.41919229653557]]]}"
00000000000000002c14,81,0,0,0,"{""type"":""Polygon"",""coordinates"":[[[-107.27392097541693,48.419092866194035],[-107.27389471243458,48.419106727809435],[-107.27385830654636,48.41919229653557],[-107.27396182656149,48.4192572840318],[-107.27399375422101,48.419220893475874],[-107.27401386761649,48.41922053444462],[-107.27404677111194,48.41920651066457],[-107.27392097541693,48.419092866194035]]]}"
00000000000000002c0d,82,0,0,0,"{""type"":""Polygon"",""coordinates"":[[[-107.27407926010665,48.41903163388742],[-107.274052601684,48.419036612406764],[-107.27399943211051,48.41904662514712],[-107.27392097541693,48.419092866194035],[-107.27404677111194,48.41920651066457],[-107.27408641749051,48.419192308956546],[-107.2741321110195,48.41916462041555],[-107.27407926010665,48.41903163388742]]]}"
00000000000000002c12,83,0,0,0,"{""type"":""Polygon"",""coordinates"":[[[-107.27423989214509,48.419024017866306],[-107.2741790036633,48.41901184194491],[-107.27407926010665,48.41903163388742],[-107.2741321110195,48.41916462041555],[-107.27417155959334,48.41914597711524],[-107.27421160144836,48.41914065850951],[-107.27425202602252,48.41914438192083],[-107.27423989214509,48.419024017866306]]]}"
00000000000000002c10,84,0,0,0,"{""type"":""Polygon"",""coordinates"":[[[-107.27435606266387,48.41907081106175],[-107.27432763695337,48.41903565671967],[-107.27423989214509,48.419024017866306],[-107.27425202602252,48.41914438192083],[-107.2742989509348,48.41914341427094],[-107.27437921967837,48.4191373773999],[-107.27438960420041,48.41907018343039],[-107.27435606266387,48.41907081106175]]]}"
00000000000000002c09,85,0,0,0,"{""type"":""Polygon"",""coordinates"":[[[-107.27447046625096,48.41907747117819],[-107.27444301654361,48.41906468356607],[-107.27438960420041,48.41907018343039],[-107.27437921967837,48.4191373773999],[-107.274427120784,48.419158776423295],[-107.27448727619037,48.41915309857609],[-107.27450778526294,48.419161622576894],[-107.27453095951637,48.419080763795506],[-107.27447046625096,48.41907747117819]]]}"
00000000000000002c16,86,0,0,0,"{""type"":""Polygon"",""coordinates"":[[[-107.27463237565331,48.419096646924146],[-107.27456543253707,48.41910243127113],[-107.27456469893586,48.41908457766297],[-107.27453095951637,48.419080763795506],[-107.27450778526294,48.419161622576894],[-107.27455568654113,48.41918302154157],[-107.27462916781276,48.41917709086533],[-107.27463615337821,48.41918142601425],[-107.27465996568428,48.41911396340733],[-107.27463237565331,48.419096646924146]]]}"
00000000000000002c00,87,0,0,0,"{""type"":""Polygon"",""coordinates"":[[[-107.27476147748793,48.41913430378539],[-107.2746670466098,48.41912275593143],[-107.27465996568428,48.41911396340733],[-107.27463615337821,48.41918142601425],[-107.27468341653358,48.41918942866719],[-107.27473107539615,48.419206314438696],[-107.27475793188759,48.41920577728036],[-107.27476461718906,48.41920568666841],[-107.27479497441254,48.41913360446728],[-107.27476147748793,48.41913430378539]]]}"
00000000000000002bff,88,0,0,0,"{""type"":""Polygon"",""coordinates"":[[[-107.2748690941019,48.41914106984518],[-107.27480820479907,48.41912889431639],[-107.27479497441254,48.41913360446728],[-107.27476461718906,48.41920568666841],[-107.27480529762275,48.41921376405585],[-107.27487287237206,48.41922584898265],[-107.27489318380907,48.4192299313348],[-107.27492314514096,48.4191489659333],[-107.2748690941019,48.41914106984518]]]}"
00000000000000002c07,89,0,0,0,"{""type"":""Polygon"",""coordinates"":[[[-107.2750245172574,48.419164777109046],[-107.27500444849032,48.41916520789544],[-107.27497070878803,48.4191613941837],[-107.27492314514096,48.4191489659333],[-107.27489318380907,48.4192299313348],[-107.27491339986108,48.41922955629205],[-107.27492672568115,48.41922930350569],[-107.27494763070975,48.419246710565034],[-107.27502175077943,48.4192541758314],[-107.27506494230482,48.419168500168276],[-107.2750245172574,48.419164777109046]]]}"
00000000000000002c05,90,0,0,0,"{""type"":""Polygon"",""coordinates"":[[[-107.27519444121768,48.41921503960472],[-107.27511894872802,48.419176324605985],[-107.27506494230482,48.419168500168276],[-107.27502175077943,48.4192541758314],[-107.27503561963316,48.419262861898375],[-107.2750627695351,48.41927122361876],[-107.27507663841074,48.41927990968203],[-107.27511077402382,48.419292606513274],[-107.2752080674207,48.419219212529676],[-107.27519444121768,48.41921503960472]]]}"
00000000000000002c01,91,0,0,0,"{""type"":""Polygon"",""coordinates"":[[[-107.27529034796908,48.419257821014675],[-107.27523546009009,48.419232087302966],[-107.2752080674207,48.419219212529676],[-107.27511077402382,48.419292606513274],[-107.27511765724392,48.419296957452225],[-107.27511858898713,48.419319252698884],[-107.27519334785032,48.419340114113346],[-107.27520042898202,48.41934890663015],[-107.27533136697464,48.419274868682265],[-107.27529034796908,48.419257821014675]]]}"
00000000000000002c04,92,0,0,0,"{""type"":""Polygon"",""coordinates"":[[[-107.27538811885346,48.419345192847274],[-107.27534709972143,48.41932814518466],[-107.27533333318348,48.419319443336875],[-107.27533249675312,48.41930160549022],[-107.27538610776391,48.41930054663462],[-107.27533136697464,48.419274868682265],[-107.27520042898202,48.41934890663015],[-107.27525054006851,48.41941939316376],[-107.27526436425366,48.41942800768129],[-107.27539550041837,48.41935841111044],[-107.27538811885346,48.419345192847274]]]}"
00000000000000002c2c,93,0,0,0,"{""type"":""Polygon"",""coordinates"":[[[-107.27548466493683,48.41940137043776],[-107.27541030137283,48.41938939240447],[-107.27539550041837,48.41935841111044],[-107.27526436425366,48.41942800768129],[-107.27529830223477,48.419436262886656],[-107.27537306157765,48.41945712419491],[-107.2753742361944,48.419483932632566],[-107.27549902533161,48.41942339702944],[-107.27548466493683,48.41940137043776]]]}"
00000000000000002bfe,94,0,0,0,"{""type"":""GeometryCollection"",""geometries"":[{""type"":""LineString"",""coordinates"":[[-107.27548601948462,48.41943256566143],[-107.27549901203878,48.41942338739495]]},{""type"":""Polygon"",""coordinates"":[[[-107.27556920629894,48.41949345257472],[-107.27552745278253,48.41945855123616],[-107.27548601948462,48.41943256566143],[-107.27548599274382,48.41943254889049],[-107.2753742361944,48.419483932632566],[-107.27536936394617,48.419524228062386],[-107.27542474369066,48.41956330243298],[-107.27558307544909,48.419502138594105],[-107.27556920629894,48.41949345257472]]]}]}"
00000000000000002c32,95,0,0,0,"{""type"":""Polygon"",""coordinates"":[[[-107.27563865345924,48.419545654411834],[-107.27558307544909,48.419502138594105],[-107.27542474369066,48.41956330243298],[-107.27545253257608,48.41958506041512],[-107.27546669508854,48.41960264548577],[-107.2755020059731,48.41964215075409],[-107.27549576119834,48.41965119616911],[-107.27564597752242,48.41955896006048],[-107.27563865345924,48.419545654411834]]]}"
00000000000000002c29,96,0,0,0,"{""type"":""Polygon"",""coordinates"":[[[-107.27564597752242,48.41955896006048],[-107.27549576119834,48.41965119616911],[-107.27549673797591,48.41967356309414],[-107.27556441675368,48.41968563178007],[-107.27561291365572,48.419720355208945],[-107.27571562291163,48.41961560349909],[-107.27564597752242,48.41955896006048]]]}"
00000000000000002c28,97,0,0,0,"{""type"":""Polygon"",""coordinates"":[[[-107.27577040949646,48.41964135291117],[-107.27573647104899,48.41963309785258],[-107.27571562291163,48.41961560349909],[-107.27561291365572,48.419720355208945],[-107.27563386423567,48.41973783380021],[-107.27571570600115,48.41976748748027],[-107.27572942802614,48.419776117798776],[-107.2758244171708,48.419649176990134],[-107.27577040949646,48.41964135291117]]]}"
00000000000000002c2a,98,0,0,0,"{""type"":""Polygon"",""coordinates"":[[[-107.27590158529769,48.41972356765446],[-107.27590606110263,48.419674388850964],[-107.27588501485599,48.419652452921646],[-107.2758244171708,48.419649176990134],[-107.27572942802614,48.419776117798776],[-107.275729625975,48.41978055941252],[-107.27574974004618,48.419780199997234],[-107.27576316864405,48.41977993126493],[-107.27582332575734,48.41977425247253],[-107.27585175385305,48.419809406797825],[-107.27587250668124,48.41982244374388],[-107.27591461795282,48.41971441568553],[-107.27590158529769,48.41972356765446]]]}"
00000000000000002c27,99,0,0,0,"{""type"":""Polygon"",""coordinates"":[[[-107.27602341291369,48.4197479889957],[-107.27596882382745,48.41972668129659],[-107.27593404847018,48.4197005883324],[-107.27592125861212,48.41971425344824],[-107.27591461795282,48.41971441568553],[-107.27587250668124,48.41982244374388],[-107.27598012681221,48.419829208558085],[-107.27600707963161,48.41983312846052],[-107.27604348221254,48.41974755797845],[-107.27602341291369,48.4197479889957]]]}"
00000000000000002c23,100,0,0,0,"{""type"":""Polygon"",""coordinates"":[[[-107.27615198400085,48.41977223211164],[-107.27608420890348,48.41975570640978],[-107.27604348221254,48.41974755797845],[-107.27600707963161,48.41983312846052],[-107.2760344732535,48.41984600312992],[-107.27606177137514,48.41985442035562],[-107.27610967523206,48.41987581875814],[-107.27617884130694,48.41977169453006],[-107.27615198400085,48.41977223211164]]]}"
00000000000000002c1f,101,0,0,0,"{""type"":""Polygon"",""coordinates"":[[[-107.27627347389092,48.41978768255741],[-107.27623284949982,48.419779518385546],[-107.27617884130694,48.41977169453006],[-107.27610967523206,48.41987581875814],[-107.27612330191198,48.4198799915929],[-107.27617096304886,48.41989687681122],[-107.27618483257399,48.41990556279987],[-107.27623229579395,48.41991800637045],[-107.27630721477935,48.41979149582661],[-107.27627347389092,48.41978768255741]]]}"
00000000000000002c26,102,0,0,0,"{""type"":""Polygon"",""coordinates"":[[[-107.27639569852178,48.419820986659516],[-107.27638197622449,48.41981235643577],[-107.27632792304517,48.41980446112399],[-107.27631409831805,48.41979584671245],[-107.27630721477935,48.41979149582661],[-107.27623229579395,48.41991800637045],[-107.27626623479323,48.41992626128405],[-107.27629406950098,48.41994809068503],[-107.27630789427349,48.41995670512286],[-107.27633548619981,48.41997402135589],[-107.27636902925997,48.41997339298475],[-107.2764292414647,48.41982035827215],[-107.27639569852178,48.419820986659516]]]}"
00000000000000002c4b,103,0,0,0,"{""type"":""Polygon"",""coordinates"":[[[-107.27654172429186,48.419934253695004],[-107.27654394399491,48.41983591492875],[-107.27651718900037,48.41983643679652],[-107.27650336418903,48.41982782240917],[-107.2764426701737,48.419820089441906],[-107.2764292414647,48.41982035827215],[-107.27636902925997,48.41997339298475],[-107.27646990730325,48.41998033533277],[-107.27653714676917,48.41998344856869],[-107.27653557522578,48.41994775666766],[-107.27651546089533,48.419948116255036],[-107.27651506480822,48.41993923300811],[-107.27654172429186,48.419934253695004]],[[-107.27651506480822,48.41993923300811],[-107.27650778512013,48.4199259988818],[-107.27647468294957,48.41993558208582],[-107.27651506480822,48.41993923300811]],[[-107.27644030292906,48.419918372463904],[-107.27641999060283,48.41991429040854],[-107.27642751310216,48.419932037702],[-107.27644030292906,48.419918372463904]]]}"
00000000000000002c4d,104,1,0,1,"{""type"":""MultiPolygon"",""coordinates"":[[[[-107.27666985614846,48.41994954137231],[-107.27667930448521,48.41986005078033],[-107.27663921627844,48.419865298984796],[-107.27654394399491,48.41983591492875],[-107.27654172429186,48.419934253695004],[-107.27655515305818,48.41993398484705],[-107.27655564474135,48.419947325536384],[-107.27666985614846,48.41994954137231]]],[[[-107.27655564474135,48.419947325536384],[-107.27653557522578,48.41994775666766],[-107.27653714676917,48.41998344856869],[-107.27657763117605,48.419987083645466],[-107.27663060489543,48.41997262762179],[-107.27661668439933,48.41995955578626],[-107.27656263081758,48.41995166059488],[-107.27655564474135,48.419947325536384]]]]}"
00000000000000002c22,105,0,0,0,"{""type"":""Polygon"",""coordinates"":[[[-107.27680035461431,48.419866545783094],[-107.27677256432743,48.419844788111426],[-107.27667930448521,48.41986005078033],[-107.27666985614846,48.41994954137231],[-107.27669661126805,48.419949019457796],[-107.27680438018294,48.419955839046345],[-107.27681358531231,48.41986183528374],[-107.27680035461431,48.419866545783094]]]}"
00000000000000002c4e,106,0,0,0,"{""type"":""Polygon"",""coordinates"":[[[-107.27697387241663,48.41999714411356],[-107.27696074412809,48.42000183882747],[-107.27695970882054,48.41997955916258],[-107.27697313766271,48.41997929025408],[-107.27692651859346,48.41983725804757],[-107.27687364063955,48.41985617162891],[-107.27681358531231,48.41986183528374],[-107.27680438018294,48.419955839046345],[-107.27683133342724,48.41995975871624],[-107.2768666466026,48.4199992636893],[-107.27686748376648,48.42001710173691],[-107.27691538871821,48.42003849977539],[-107.27698951237274,48.42004596354452],[-107.27697387241663,48.41999714411356]]]}"
00000000000000002c20,107,0,0,0,"{""type"":""MultiPolygon"",""coordinates"":[[[[-107.27714981483078,48.42002937167215],[-107.27708911991864,48.42002163910654],[-107.27701415897376,48.41999633737546],[-107.27697387241663,48.41999714411356],[-107.27698951237274,48.42004596354452],[-107.27701656821952,48.42004986734471],[-107.2771460753575,48.42009640471156],[-107.27717612232094,48.4201673223471],[-107.27723194705217,48.4202153508718],[-107.27714981483078,48.42002937167215]]],[[[-107.27703374400606,48.41983513842166],[-107.27694619193798,48.41982794361106],[-107.27692651859346,48.41983725804757],[-107.27697313766271,48.41997929025408],[-107.27702630955524,48.41996927563569],[-107.27705867702038,48.419941838388155],[-107.27710520810454,48.41993198605342],[-107.27706060160844,48.41983460058563],[-107.27704062769321,48.41983948925527],[-107.27703374400606,48.41983513842166]],[[-107.2770273013545,48.419839742350646],[-107.27703438314875,48.41984853479779],[-107.27704062769321,48.41983948925527],[-107.2770273013545,48.419839742350646]]]]}"
00000000000000002c21,108,0,0,0,"{""type"":""MultiPolygon"",""coordinates"":[[[[-107.27718002241004,48.419805490673454],[-107.27717333682656,48.419805581461524],[-107.27706060160844,48.41983460058563],[-107.27710520810454,48.41993198605342],[-107.27723097623625,48.41989381463949],[-107.27723761701925,48.41989365230761],[-107.27718002241004,48.419805490673454]]],[[[-107.27743400747364,48.42023365944208],[-107.27736652384345,48.42022603366685],[-107.2772841863371,48.42018304049261],[-107.27724843131386,48.42013458074501],[-107.27725354472366,48.42009879797696],[-107.27721729789998,48.42003699758565],[-107.27716324371804,48.42002910273571],[-107.27714981483078,48.42002937167215],[-107.27723194705217,48.4202153508718],[-107.27723878602286,48.42021963017996],[-107.27727454110024,48.42026809000689],[-107.27735554940203,48.42027990435379],[-107.27744836960925,48.42025568604152],[-107.27743400747364,48.42023365944208]]]]}"
00000000000000002c19,109,0,0,0,"{""type"":""MultiPolygon"",""coordinates"":[[[[-107.27746774931806,48.420237472311605],[-107.27743400747364,48.42023365944208],[-107.27744836960925,48.42025568604152],[-107.27749490119398,48.42024583344766],[-107.27746774931806,48.420237472311605]]],[[[-107.27730584776869,48.419767231902505],[-107.27729910454134,48.41976741005933],[-107.27723290031295,48.41978657694285],[-107.27720688003247,48.419804952796355],[-107.27718002241004,48.419805490673454],[-107.27723761701925,48.41989365230761],[-107.27725104586973,48.41989338336051],[-107.27729801803973,48.41989248571067],[-107.27733112026104,48.419882902229624],[-107.2773638838237,48.41986434815308],[-107.27730584776869,48.419767231902505]]]]}"
00000000000000002c1a,110,0,0,0,"{""type"":""Polygon"",""coordinates"":[[[-107.2774242905216,48.41971575482216],[-107.27741774545053,48.41972037458713],[-107.27737141270843,48.41973466863068],[-107.27730584776869,48.419767231902505],[-107.2773638838237,48.41986434815308],[-107.27737701206958,48.41985965339728],[-107.27742418241455,48.41986319729786],[-107.27747066866884,48.41985327326198],[-107.27749078315219,48.41985291347154],[-107.2774242905216,48.41971575482216]]]}"
00000000000000002c4c,111,0,0,0,"{""type"":""Polygon"",""coordinates"":[[[-107.27755025618657,48.41968202475763],[-107.27749029649753,48.41969214623681],[-107.2774242905216,48.41971575482216],[-107.27749078315219,48.41985291347154],[-107.27753775539027,48.419852015703526],[-107.27761070306656,48.419832670402606],[-107.27762413194793,48.41983240140292],[-107.27755025618657,48.41968202475763]],[[-107.27755089552258,48.419695421087035],[-107.27753078111195,48.41969578088717],[-107.27753786304126,48.41970457327011],[-107.27755089552258,48.419695421087035]]]}"
00000000000000002bf9,112,0,0,0,"{""type"":""Polygon"",""coordinates"":[[[-107.27767661817018,48.419657177737264],[-107.27764986298374,48.419657699923356],[-107.27755025618657,48.41968202475763],[-107.27762413194793,48.41983240140292],[-107.27769741834572,48.41982202661799],[-107.27772427612722,48.41982148859218],[-107.27775693711628,48.41980295022736],[-107.27767661817018,48.419657177737264]]]}"
00000000000000002159,113,0,0,0,"{""type"":""Polygon"",""coordinates"":[[[-107.27774936729669,48.41963339081903],[-107.2777496103145,48.419637903949024],[-107.27771650827249,48.41964748752568],[-107.27769024518611,48.419661350324354],[-107.27767661817018,48.419657177737264],[-107.27775693711628,48.41980295022736],[-107.27777661041482,48.41979363562807],[-107.27780307179471,48.41978421437252],[-107.27782909193668,48.4197658383683],[-107.27788113216303,48.41972908635916],[-107.27790046662876,48.41971080119359],[-107.27774936729669,48.41963339081903]]]}"
00000000000000002142,114,0,0,0,"{""type"":""Polygon"",""coordinates"":[[[-107.27778025712229,48.41957471932603],[-107.2777877803343,48.41959246638223],[-107.27774936729669,48.41963339081903],[-107.27790046662876,48.41971080119359],[-107.27791974343813,48.419692603391034],[-107.27799702343938,48.41961955012763],[-107.27799618571093,48.41960171223687],[-107.27778025712229,48.41957471932603]]]}"
00000000000000002bf5,115,0,0,0,"{""type"":""Polygon"",""coordinates"":[[[-107.27776274941426,48.41948130995716],[-107.27775777717088,48.41952162126498],[-107.27778025712229,48.41957471932603],[-107.27799618571093,48.41960171223687],[-107.27799578925773,48.41959282906289],[-107.27798733243971,48.4195527867445],[-107.27800543258284,48.41950778059938],[-107.27776274941426,48.41948130995716]]]}"
00000000000000001e86,116,0,0,0,"{""type"":""Polygon"",""coordinates"":[[[-107.27779270569631,48.41940034340862],[-107.27777416418093,48.419436394738504],[-107.27776274941426,48.41948130995716],[-107.27800543258284,48.41950778059938],[-107.27801728837998,48.41947182002634],[-107.27804817771285,48.41941314863714],[-107.27779270569631,48.41940034340862]]]}"
00000000000000002bf0,117,0,0,0,"{""type"":""Polygon"",""coordinates"":[[[-107.27807906694902,48.419354477304886],[-107.27806574063813,48.4193547305412],[-107.27806416756111,48.419319039123955],[-107.2778089900888,48.41931513289503],[-107.27780952706598,48.4193285449496],[-107.27781100414875,48.419359778993886],[-107.27779270569631,48.41940034340862],[-107.27804817771285,48.41941314863714],[-107.27805428140087,48.419399574178854],[-107.27810592449964,48.41935393918301],[-107.27807906694902,48.419354477304886]]]}"
00000000000000002bf1,118,0,0,0,"{""type"":""Polygon"",""coordinates"":[[[-107.27783850487242,48.419225211938056],[-107.27783259936446,48.41924322789724],[-107.27780795423858,48.41929285353933],[-107.2778089900888,48.41931513289503],[-107.27806416756111,48.419319039123955],[-107.27806352802854,48.4193056428973],[-107.2780622489633,48.419278850454035],[-107.27808669556707,48.41922478321122],[-107.27783850487242,48.419225211938056]]]}"
00000000000000002bec,119,0,0,0,"{""type"":""Polygon"",""coordinates"":[[[-107.2778545908371,48.419135560151986],[-107.27785503208352,48.419144514789075],[-107.27785640675295,48.41917576454534],[-107.27784445519546,48.41920726752267],[-107.27783850487242,48.419225211938056],[-107.27808669556707,48.41922478321122],[-107.27809324050965,48.41922016344682],[-107.27812496730088,48.419179330059066],[-107.2781300796882,48.419143547909954],[-107.2778545908371,48.419135560151986]]]}"
00000000000000002141,120,0,0,0,"{""type"":""Polygon"",""coordinates"":[[[-107.2781329345184,48.41905860683469],[-107.27813239741619,48.41904519485284],[-107.27810460650197,48.41902343791649],[-107.27786447727973,48.41905502550834],[-107.27786644660452,48.41909959984877],[-107.2778545908371,48.419135560151986],[-107.2781300796882,48.419143547909954],[-107.27814065609725,48.419080795231906],[-107.2781329345184,48.41905860683469]]]}"
00000000000000002bef,121,0,0,0,"{""type"":""Polygon"",""coordinates"":[[[-107.27808208143641,48.418970268948975],[-107.27798577273543,48.418918607631454],[-107.27797888902487,48.418914256941086],[-107.27777491202798,48.41900318569811],[-107.27779581893934,48.41902059201677],[-107.27786339656552,48.41903267472509],[-107.27786403602981,48.41904607088639],[-107.27786447727973,48.41905502550834],[-107.27810460650197,48.41902343791649],[-107.27808208143641,48.418970268948975]]]}"
00000000000000002beb,122,0,0,0,"{""type"":""Polygon"",""coordinates"":[[[-107.27796472515469,48.41889667250145],[-107.2779499217998,48.41886569194718],[-107.27790235594713,48.418853265295304],[-107.27788144904726,48.41883585905403],[-107.27786113681752,48.41883177738335],[-107.27787520484368,48.41884490447263],[-107.27783511738517,48.418850153057065],[-107.27769857748575,48.418946635313965],[-107.27771200605808,48.4189463663143],[-107.27776104220088,48.41899450009318],[-107.27777491202798,48.41900318569811],[-107.27797888902487,48.418914256941086],[-107.27796472515469,48.41889667250145]]]}"
00000000000000002bf6,123,0,0,0,"{""type"":""GeometryCollection"",""geometries"":[{""type"":""Point"",""coordinates"":[-107.27786116246479,48.418831756369066]},{""type"":""Polygon"",""coordinates"":[[[-107.2778152464037,48.41885502596425],[-107.27780108265662,48.41883744151687],[-107.27776690068309,48.418824674250516],[-107.27777949157732,48.41880656761342],[-107.27773911024828,48.41880291728616],[-107.27771815866834,48.41878543948478],[-107.27771131985337,48.41878116032163],[-107.27759031816332,48.41892647639162],[-107.2775971569802,48.41893075557496],[-107.27769857748575,48.418946635313965],[-107.27783511738517,48.418850153057065],[-107.2778152464037,48.41885502596425]]]}]}"
00000000000000002bf2,124,0,0,0,"{""type"":""Polygon"",""coordinates"":[[[-107.27770443621986,48.418776809620844],[-107.27769056649934,48.418768124039836],[-107.27766317255565,48.41875525011012],[-107.27756199562003,48.41874388343162],[-107.27750115020241,48.41888351948609],[-107.2775348908647,48.41888733226566],[-107.27754865810641,48.41889603371],[-107.27756936662436,48.41890899851636],[-107.27759031816332,48.41892647639162],[-107.27771131985337,48.41878116032163],[-107.27770443621986,48.418776809620844]]]}"
00000000000000002bfa,125,0,0,0,"{""type"":""Polygon"",""coordinates"":[[[-107.27750798783416,48.41873606046406],[-107.2774801528724,48.418714231916056],[-107.2774328882383,48.41870623074659],[-107.27737892607931,48.41885021736066],[-107.27740592358488,48.418854208340235],[-107.2774735581331,48.41886620394456],[-107.27748752351327,48.418879346924655],[-107.27750115020241,48.41888351948609],[-107.27756199562003,48.41874388343162],[-107.27750798783416,48.41873606046406]]]}"
00000000000000002bf7,126,1,0,1,"{""type"":""Polygon"",""coordinates"":[[[-107.27741257622881,48.41870214898548],[-107.27739206606911,48.418693625705146],[-107.27727765941657,48.41868696919066],[-107.27726432082295,48.41883911929492],[-107.27736529943428,48.41884604478338],[-107.27737892607931,48.41885021736066],[-107.2774328882383,48.41870623074659],[-107.27741257622881,48.41870214898548]]]}"
00000000000000002c24,127,0,0,0,"{""type"":""Polygon"",""coordinates"":[[[-107.27726423100007,48.418687238124406],[-107.2772508025854,48.41868750705623],[-107.27723747663178,48.418687760165525],[-107.27721730519589,48.41868820723588],[-107.27716389216393,48.418693708620104],[-107.27714318399364,48.41868074376985],[-107.2771299025134,48.41883280649273],[-107.27713658791812,48.41883271571386],[-107.27725763540788,48.418839210082936],[-107.27726432082295,48.41883911929492],[-107.27727765941657,48.41868696919066],[-107.27726423100007,48.418687238124406]]]}"
00000000000000002c18,128,0,0,0,"{""type"":""Polygon"",""coordinates"":[[[-107.27711534939775,48.41865891512956],[-107.27707580589384,48.41867310211385],[-107.27703615991744,48.41868730490637],[-107.27702135755683,48.418656324305324],[-107.2770079291879,48.41865659320191],[-107.2769890799941,48.41883564203912],[-107.27705611970886,48.41883431335823],[-107.2771299025134,48.41883280649273],[-107.27714318399364,48.41868074376985],[-107.27711534939775,48.41865891512956]],[[-107.27711642966435,48.41868126577623],[-107.27709611777459,48.418677183947146],[-107.2771031993969,48.4186859762023],[-107.27711642966435,48.41868126577623]]]}"
00000000000000002bfb,129,0,0,0,"{""type"":""Polygon"",""coordinates"":[[[-107.27699450082078,48.418656862096576],[-107.27698107245546,48.41865713098931],[-107.2769677465509,48.41865738405984],[-107.27688663975455,48.418645585464674],[-107.27687271957862,48.418632513982715],[-107.27685519879282,48.4188427407872],[-107.27696896617095,48.418836001701045],[-107.2769890799941,48.41883564203912],[-107.2770079291879,48.41865659320191],[-107.27699450082078,48.418656862096576]],[[-107.27699607288694,48.418692553114646],[-107.27692175380108,48.418680647955576],[-107.27694998444845,48.418711359701256],[-107.27699607288694,48.418692553114646]]]}"
00000000000000002c1c,130,0,0,0,"{""type"":""Polygon"",""coordinates"":[[[-107.27685885023173,48.4186238282957],[-107.2767845314388,48.41861192303845],[-107.27679308919359,48.41865194897607],[-107.27681984341001,48.41865142706281],[-107.2768399122826,48.41865099589896],[-107.27686150227672,48.41868186995102],[-107.27685574974726,48.41870425565504],[-107.27680922030004,48.418714107601204],[-107.27679466106267,48.41868763999916],[-107.27675339843887,48.41866608010759],[-107.27670060974434,48.41883687435813],[-107.27671423621055,48.418841047033425],[-107.27685519879282,48.4188427407872],[-107.27687271957862,48.418632513982715],[-107.27685885023173,48.4186238282957]]]}"
00000000000000002c1b,131,0,0,0,"{""type"":""Polygon"",""coordinates"":[[[-107.27672604999591,48.41865327745593],[-107.27671301782331,48.418662429340884],[-107.27665994355291,48.418676900827165],[-107.27663963181887,48.418672818898024],[-107.27654425133805,48.4187908750164],[-107.27657858563717,48.41880801272287],[-107.27662595222442,48.41881599852039],[-107.27670060974434,48.41883687435813],[-107.27675339843887,48.41866608010759],[-107.27672604999591,48.41865327745593]]]}"
00000000000000002bfc,132,1,0,1,"{""type"":""Polygon"",""coordinates"":[[[-107.2766191220287,48.41866429544812],[-107.27658518394378,48.41865604083086],[-107.27655739468382,48.41863428356383],[-107.27654362791738,48.41862558200813],[-107.27641450735622,48.4187398247615],[-107.2764212503341,48.41873964667648],[-107.2764559229321,48.418765754822644],[-107.27652374152908,48.4187823515278],[-107.27654425133805,48.4187908750164],[-107.27663963181887,48.418672818898024],[-107.2766191220287,48.41866429544812]]]}"
00000000000000002c02,133,0,0,0,"{""type"":""Polygon"",""coordinates"":[[[-107.27652311819618,48.41861705854354],[-107.27649532901867,48.41859530127236],[-107.2765348724033,48.41858111455049],[-107.27653467434784,48.4185766730408],[-107.27650039792994,48.41855944802921],[-107.2765200705773,48.41855013392028],[-107.27650654672422,48.41854594541651],[-107.27625761377806,48.418680413088374],[-107.27626469513605,48.418689205412505],[-107.27631235493749,48.41870609021831],[-107.27633330548623,48.41872356832622],[-107.27641450735622,48.4187398247615],[-107.27654362791738,48.41862558200813],[-107.27652311819618,48.41861705854354]]]}"
00000000000000002be9,134,0,0,0,"{""type"":""Polygon"",""coordinates"":[[[-107.27645249526178,48.41853805031836],[-107.27643139149885,48.41851620232939],[-107.27640419659312,48.41850776958058],[-107.2763897333567,48.41848575933085],[-107.27617449569524,48.41862396826317],[-107.27625761377806,48.418680413088374],[-107.27650654672422,48.41854594541651],[-107.27645249526178,48.41853805031836]]]}"
00000000000000002c03,135,0,0,0,"{""type"":""Polygon"",""coordinates"":[[[-107.2763463634624,48.41841509658904],[-107.27633209833209,48.41839752786234],[-107.27610387376586,48.418544959746214],[-107.27611119787313,48.41855826510915],[-107.27612546291773,48.41857583392364],[-107.27612599929274,48.418589245817316],[-107.27617449569524,48.41862396826317],[-107.2763897333567,48.41848575933085],[-107.2763894905012,48.418481246290604],[-107.2763950003775,48.418454347664834],[-107.2763463634624,48.41841509658904]]]}"
00000000000000002be7,136,0,0,0,"{""type"":""Polygon"",""coordinates"":[[[-107.27630337697397,48.418353475794895],[-107.27626255607763,48.41834087032485],[-107.27601318357408,48.41846638227274],[-107.27602714807377,48.41847952538892],[-107.27606172447751,48.418501176241584],[-107.27608995402117,48.41853188816461],[-107.27610387376586,48.418544959746214],[-107.27633209833209,48.41839752786234],[-107.27630337697397,48.418353475794895]]]}"
00000000000000002c06,137,0,0,0,"{""type"":""Polygon"",""coordinates"":[[[-107.27623506090768,48.41832801187939],[-107.27622133918906,48.41831938185917],[-107.2761938440612,48.41830652340603],[-107.2761935056706,48.41829755307232],[-107.27594132965739,48.41836065333975],[-107.2759622349504,48.418378059888816],[-107.27598411738873,48.41841783282419],[-107.27598495416238,48.41843567036149],[-107.27601318357408,48.41846638227274],[-107.27626255607763,48.41834087032485],[-107.27623506090768,48.41832801187939]]]}"
00000000000000002c08,138,0,0,0,"{""type"":""Polygon"",""coordinates"":[[[-107.27618455263246,48.41824864435915],[-107.27612288423593,48.41821854503942],[-107.27588393894484,48.41827693479599],[-107.27592628569525,48.41832515969953],[-107.27592672647707,48.41833411422144],[-107.27592716725886,48.418343068744846],[-107.27594132965739,48.41836065333975],[-107.2761935056706,48.41829755307232],[-107.2761928668068,48.41828415707236],[-107.27618455263246,48.41824864435915]],[[-107.27611751459739,48.418249972375214],[-107.27610394614017,48.41824571229539],[-107.27611127019941,48.41825901758501],[-107.27611751459739,48.418249972375214]]]}"
00000000000000002c0a,139,0,0,0,"{""type"":""Polygon"",""coordinates"":[[[-107.27610925814744,48.41821437231937],[-107.27606706436987,48.41817051754219],[-107.27603927590862,48.418148760302856],[-107.27583285058496,48.4181840838045],[-107.27584027003147,48.41820184640329],[-107.27588369615101,48.418272421770546],[-107.27588393894484,48.41827693479599],[-107.27612288423593,48.41821854503942],[-107.27610925814744,48.41821437231937]]]}"
00000000000000002c0b,140,0,0,0,"{""type"":""Polygon"",""coordinates"":[[[-107.2757951328343,48.41809105158407],[-107.27579537561819,48.418095564594665],[-107.27579650578856,48.41812230079717],[-107.27583285058496,48.4181840838045],[-107.27603927590862,48.418148760302856],[-107.27603229025225,48.418144425341964],[-107.2760378002906,48.418117526902094],[-107.27603740429447,48.4181086439552],[-107.2760419371517,48.41805937929007],[-107.2757951328343,48.41809105158407]]]}"
00000000000000002c0c,141,0,0,0,"{""type"":""Polygon"",""coordinates"":[[[-107.27607326834696,48.4180096645258],[-107.2760862555229,48.418000441306674],[-107.27607125632427,48.41796501946695],[-107.27575785600915,48.41800697397505],[-107.2757951328343,48.41809105158407],[-107.2760419371517,48.41805937929007],[-107.27604173915275,48.418054937821296],[-107.27606151399085,48.4180456080818],[-107.27607450118153,48.41803638485768],[-107.2760939755461,48.41802262946828],[-107.27607326834696,48.4180096645258]],[[-107.27606067716917,48.4180277706766],[-107.27602693798478,48.41802395740356],[-107.27603465797084,48.41804614558065],[-107.27606067716917,48.4180277706766]]]}"
00000000000000002be6,142,0,0,0,"{""type"":""Polygon"",""coordinates"":[[[-107.27605709397551,48.417947435020125],[-107.27603618883786,48.41793002862802],[-107.27601725086593,48.41795719571707],[-107.27599098890279,48.41797105758463],[-107.27600043781142,48.41788157035818],[-107.27573376449136,48.41791811478166],[-107.2757503341821,48.417989227251496],[-107.27575785600915,48.41800697397505],[-107.27607125632427,48.41796501946695],[-107.27607086031787,48.417956136545804],[-107.27605709397551,48.417947435020125]]]}"
00000000000000002c0e,143,0,0,0,"{""type"":""Polygon"",""coordinates"":[[[-107.275964488895,48.417828670666104],[-107.27597024171529,48.41780628537485],[-107.27572890460048,48.41781098747955],[-107.27572447386328,48.41786023609075],[-107.27573376449136,48.41791811478166],[-107.27600043781142,48.41788157035818],[-107.27599990146648,48.41786815864065],[-107.275964488895,48.417828670666104]]]}"
00000000000000002be5,144,0,0,0,"{""type"":""Polygon"",""coordinates"":[[[-107.27598535374611,48.41769427010894],[-107.27572596081407,48.41774404798717],[-107.27572693780104,48.417766414106296],[-107.27572890460048,48.41781098747955],[-107.27597024171529,48.41780628537485],[-107.27596999890791,48.417801772389716],[-107.27596970537974,48.41779287367582],[-107.27599287565997,48.417712016713956],[-107.2759922368584,48.41769862085787],[-107.27598535374611,48.41769427010894]]]}"
00000000000000002bfd,145,0,0,0,"{""type"":""Polygon"",""coordinates"":[[[-107.27595712488825,48.41766355861927],[-107.27596347165333,48.417654497703666],[-107.27573353891113,48.41761444516405],[-107.27573373687558,48.41761888659771],[-107.27573477151238,48.41764116530857],[-107.27572492618617,48.417721769233104],[-107.27572596081407,48.41774404798717],[-107.27598535374611,48.41769427010894],[-107.27595712488825,48.41766355861927]],[[-107.2759041546943,48.41767801355789],[-107.27589052885594,48.4176738408427],[-107.27589780791429,48.41768707447394],[-107.2759041546943,48.41767801355789]]]}"
00000000000000002be1,146,1,0,1,"{""type"":""Polygon"",""coordinates"":[[[-107.2757499289109,48.41752922194864],[-107.27573216598569,48.417583196246326],[-107.27573353891113,48.41761444516405],[-107.27596347165333,48.417654497703666],[-107.27598889658498,48.417622798660425],[-107.27594763592072,48.417601238803044],[-107.2760005104686,48.417582326615396],[-107.27599967366437,48.417564489363876],[-107.2757499289109,48.41752922194864]]]}"
00000000000000002be8,147,0,0,0,"{""type"":""Polygon"",""coordinates"":[[[-107.27578632917279,48.417443655312006],[-107.27576803007877,48.4174842179031],[-107.2757499289109,48.41752922194864],[-107.27599967366437,48.417564489363876],[-107.27601133232801,48.417524088899285],[-107.27601059797196,48.417506235848634],[-107.27603617594907,48.41747890676832],[-107.27578632917279,48.417443655312006]]]}"
00000000000000002be4,148,0,0,0,"{""type"":""Polygon"",""coordinates"":[[[-107.27580349801822,48.41737635690768],[-107.27578632917279,48.417443655312006],[-107.27603617594907,48.41747890676832],[-107.27605520918073,48.417456197163396],[-107.27603416393497,48.417434262151936],[-107.27604635888257,48.417407273381386],[-107.27606445967561,48.41736226939224],[-107.27580349801822,48.41737635690768]]]}"
00000000000000002be3,149,0,0,0,"{""type"":""GeometryCollection"",""geometries"":[{""type"":""LineString"",""coordinates"":[[-107.27604098943364,48.41728677212847],[-107.27604769276707,48.417286639468905]]},{""type"":""Polygon"",""coordinates"":[[[-107.27604764666098,48.41728664488261],[-107.2760699247029,48.417335299812834],[-107.27600903709661,48.417323125412956],[-107.27604100642871,48.417286807110436],[-107.27581914650797,48.417277754133366],[-107.27581545028818,48.41734485524542],[-107.27580349801822,48.41737635690768],[-107.27606445967561,48.41736226939224],[-107.27606431930853,48.41735774062638],[-107.27608335245908,48.417335031069435],[-107.27609594335897,48.41731692515743],[-107.27610863670196,48.41729880343135],[-107.27610824067713,48.41728992062157],[-107.27604764666098,48.41728664488261]]]}]}"
00000000000000002be2,150,0,0,0,"{""type"":""MultiPolygon"",""coordinates"":[[[[-107.27610824067713,48.41728992062157],[-107.27610779983709,48.41728096627696],[-107.27610666940163,48.41725423050582],[-107.27604764666098,48.41728664488261],[-107.27610824067713,48.41728992062157]]],[[[-107.27604764666098,48.41728664488261],[-107.27603983122751,48.41725999979801],[-107.27601868363958,48.41723808067964],[-107.27603054014935,48.41720212186095],[-107.27583514013854,48.417183648655865],[-107.27582244674572,48.41720177030805],[-107.27581914650797,48.417277754133366],[-107.27604764666098,48.41728664488261]]]]}"
00000000000000002bdf,151,0,0,0,"{""type"":""MultiPolygon"",""coordinates"":[[[[-107.27612709238612,48.4171108770727],[-107.27612689437015,48.41710643568338],[-107.2760933539945,48.41710706386832],[-107.27612709238612,48.4171108770727]]],[[[-107.2760933539945,48.41710706386832],[-107.2758245719044,48.41709897935332],[-107.27584792904737,48.41716998422267],[-107.27583514013854,48.417183648655865],[-107.27603054014935,48.41720212186095],[-107.27603658635255,48.4171886354435],[-107.27604937521771,48.41717497098333],[-107.27606182569849,48.417152336382884],[-107.27607465935901,48.41713874346529],[-107.2760933539945,48.41710706386832]]]]}"
00000000000000002bd0,152,0,0,0,"{""type"":""Polygon"",""coordinates"":[[[-107.27581434894607,48.41701880728395],[-107.27581572197003,48.41705005586793],[-107.2758245719044,48.41709897935332],[-107.27612689437015,48.41710643568338],[-107.27613629771525,48.4170168783746],[-107.27613570366199,48.417003554231385],[-107.27581434894607,48.41701880728395]]]}"
00000000000000002bdd,153,0,0,0,"{""type"":""Polygon"",""coordinates"":[[[-107.2758099294401,48.416920636084555],[-107.27581110448658,48.41694744323344],[-107.27581331423949,48.416996528835234],[-107.27581434894607,48.41701880728395],[-107.27613570366199,48.417003554231385],[-107.27613526281148,48.41699459993515],[-107.27618867291163,48.41698909937158],[-107.27623583889637,48.41699264377525],[-107.27626205529373,48.41697871057781],[-107.27625360081672,48.4169386700065],[-107.276259646901,48.416925183644544],[-107.2758099294401,48.416920636084555]]]}"
00000000000000002bcc,154,0,0,0,"{""type"":""Polygon"",""coordinates"":[[[-107.27581185655735,48.41681340430598],[-107.27582114723658,48.41687128185322],[-107.2758099294401,48.416920636084555],[-107.276259646901,48.416925183644544],[-107.27626599346858,48.416916122839204],[-107.27629811547172,48.416884174575735],[-107.27581185655735,48.41681340430598]]]}"
00000000000000002bde,155,1,0,1,"{""type"":""Polygon"",""coordinates"":[[[-107.27631518066931,48.41681689263389],[-107.27630829764745,48.416812541977585],[-107.27622031262847,48.4167963924506],[-107.27622508775764,48.4167516418957],[-107.27617919986152,48.41677488872689],[-107.27617836294795,48.416757051749244],[-107.27612475517199,48.416758110914216],[-107.27612431432101,48.41674915665907],[-107.27582902495192,48.416746106702334],[-107.27581101982496,48.41679556730769],[-107.27581185655735,48.41681340430598],[-107.27629811547172,48.416884174575735],[-107.27633037783254,48.416856755043526],[-107.27633568934216,48.41682541588226],[-107.27631518066931,48.41681689263389]]]}"
00000000000000002bcf,156,0,0,0,"{""type"":""Polygon"",""coordinates"":[[[-107.27614738784905,48.416663844098316],[-107.27586518130765,48.416656028429074],[-107.27585303137,48.416683088327886],[-107.27584117492924,48.416719046773636],[-107.27582902495192,48.416746106702334],[-107.27612431432101,48.41674915665907],[-107.27612347743367,48.41673131968887],[-107.27614949562415,48.416712945238494],[-107.27615471167334,48.41667714899669],[-107.27614738784905,48.416663844098316]]]}"
00000000000000002bd8,157,0,0,0,"{""type"":""Polygon"",""coordinates"":[[[-107.27592730486231,48.41654319034095],[-107.27592135429849,48.41656113374914],[-107.27590168273831,48.416570447361316],[-107.27589046517113,48.41661980131837],[-107.27586518130765,48.416656028429074],[-107.27614738784905,48.416663844098316],[-107.2761463529265,48.41664156580666],[-107.27592730486231,48.41654319034095]]]}"
00000000000000002bdb,158,0,0,0,"{""type"":""Polygon"",""coordinates"":[[[-107.27599680250236,48.41644804293329],[-107.275990315614,48.41645257495106],[-107.27593872034866,48.41649827779161],[-107.27592730486231,48.41654319034095],[-107.2761463529265,48.41664156580666],[-107.27613843504919,48.4166149368702],[-107.27619858717196,48.41660925830583],[-107.27623896529086,48.41661290921157],[-107.2762521947742,48.41660819910705],[-107.27599680250236,48.41644804293329]]]}"
00000000000000002bd7,159,0,0,0,"{""type"":""Polygon"",""coordinates"":[[[-107.27612133792705,48.41638299737289],[-107.27609502639693,48.41639247321712],[-107.27599680250236,48.41644804293329],[-107.2762521947742,48.41660819910705],[-107.2762916403608,48.41658955590456],[-107.27633148201326,48.41657979538066],[-107.27612133792705,48.41638299737289]]]}"
00000000000000002bce,160,0,0,0,"{""type"":""Polygon"",""coordinates"":[[[-107.27636314992722,48.41653905197743],[-107.27631500704344,48.41651314206618],[-107.27633502387134,48.41650832543498],[-107.27635509147896,48.41650789442168],[-107.27627321360926,48.41632643994319],[-107.276134567323,48.41637828730705],[-107.27612133792705,48.41638299737289],[-107.27633148201326,48.41657979538066],[-107.27637106797509,48.416565680853246],[-107.27637062706091,48.41655672663308],[-107.27636314992722,48.41653905197743]]]}"
00000000000000002bd6,161,0,0,0,"{""type"":""MultiPolygon"",""coordinates"":[[[[-107.27636314992722,48.41653905197743],[-107.27637062706091,48.41655672663308],[-107.27637677548654,48.416543224544114],[-107.27636314992722,48.41653905197743]]],[[[-107.27642695438341,48.416314470243975],[-107.27630606958206,48.41631234468323],[-107.27627321360926,48.41632643994319],[-107.27635509147896,48.41650789442168],[-107.27636871702505,48.41651206698739],[-107.27639487541552,48.41649822124242],[-107.27642807687012,48.416488622943696],[-107.27645438848333,48.416479146989154],[-107.27642695438341,48.416314470243975]]]]}"
00000000000000002be0,162,0,0,0,"{""type"":""Polygon"",""coordinates"":[[[-107.27653436709326,48.416316792908994],[-107.27648626908586,48.416290954724516],[-107.27644589117884,48.416287303939264],[-107.27647387678557,48.4163135016475],[-107.27642695438341,48.416314470243975],[-107.27645438848333,48.416479146989154],[-107.27647416242733,48.41646981746259],[-107.27655555772532,48.41649051454639],[-107.27662357046638,48.41651155191117],[-107.27663675510433,48.4165067702284],[-107.27653436709326,48.416316792908994]]]}"
00000000000000002bf8,163,0,0,0,"{""type"":""Polygon"",""coordinates"":[[[-107.27729825762243,48.41644456269139],[-107.27726525427168,48.416458602613226],[-107.27727268100818,48.41647189154387],[-107.2772734160129,48.41648974422283],[-107.27711151173213,48.41647057372998],[-107.27708416459782,48.41645777167306],[-107.2770440799953,48.41646301962084],[-107.27701004794412,48.416450308300675],[-107.27693549032627,48.416433890676494],[-107.27696150812557,48.416415516118555],[-107.27697365729641,48.416388456234614],[-107.27700582325531,48.41635657960667],[-107.27653436709326,48.416316792908994],[-107.27663675510433,48.4165067702284],[-107.27674303769781,48.41648235728187],[-107.27678385699474,48.416494962150004],[-107.27685172957406,48.41651147065686],[-107.27689845432236,48.41650606050249],[-107.27699268353379,48.416513164353724],[-107.27702007546421,48.41652603798529],[-107.2770471287934,48.41652994158354],[-107.27710983142147,48.41658231762406],[-107.27723131269094,48.41659776615571],[-107.27730140259995,48.41651594176459],[-107.27732520855305,48.416448482023895],[-107.27729825762243,48.41644456269139]],[[-107.27716860978268,48.41654539018636],[-107.27714819656798,48.41654132432258],[-107.27715562326638,48.416554613283814],[-107.27716860978268,48.41654539018636]]]}"
00000000000000002bea,164,0,0,0,"{""type"":""Polygon"",""coordinates"":[[[-107.27730584102682,48.41616307326641],[-107.2772424993392,48.41609730232492],[-107.2772090042974,48.41609800240825],[-107.2771821493646,48.416098540180464],[-107.2771027225874,48.41612241567188],[-107.27709617817995,48.41612703508748],[-107.27697529305023,48.41612491038394],[-107.27695502739525,48.41612090021871],[-107.27648626908586,48.416290954724516],[-107.27653436709326,48.416316792908994],[-107.27700582325531,48.41635657960667],[-107.2770379891676,48.41632470298818],[-107.27711653417302,48.41628291911521],[-107.27723073506284,48.41628513439949],[-107.27726423028173,48.41628443430165],[-107.27735845938783,48.41629153776759],[-107.27730584102682,48.41616307326641]],[[-107.27720423046861,48.41614275243158],[-107.27718391991105,48.4161386707812],[-107.2771910011382,48.4161474626222],[-107.27720423046861,48.41614275243158]],[[-107.27717703683845,48.416134320243614],[-107.27714334363952,48.41613057900208],[-107.27715770421757,48.41615260399311],[-107.27717703683845,48.416134320243614]]]}"
00000000000000002bd1,165,0,0,0,"{""type"":""Polygon"",""coordinates"":[[[-107.27690776639831,48.41611289908725],[-107.27685405668959,48.416113974452244],[-107.27681998026777,48.41610119160218],[-107.2767854052234,48.416079541960215],[-107.27675865287598,48.4160800637914],[-107.27669058308621,48.41605911403063],[-107.27642430281968,48.416256431136034],[-107.27643109016039,48.41625632460485],[-107.27642474375097,48.41626538530519],[-107.27644589117884,48.416287303939264],[-107.27648626908586,48.416290954724516],[-107.27695502739525,48.41612090021871],[-107.27690776639831,48.41611289908725]]]}"
00000000000000002bc5,166,0,0,0,"{""type"":""Polygon"",""coordinates"":[[[-107.27658272995163,48.416047837405046],[-107.27656148690743,48.41602146178348],[-107.27654328498791,48.416066480522154],[-107.27650290729183,48.41606282977085],[-107.27652912297344,48.41604889676119],[-107.27648830435419,48.41603629187297],[-107.27644836766075,48.41604159523036],[-107.27637049757764,48.41625304909639],[-107.27642430281968,48.416256431136034],[-107.27669058308621,48.41605911403063],[-107.27658272995163,48.416047837405046]]]}"
00000000000000002bd4,167,0,0,0,"{""type"":""Polygon"",""coordinates"":[[[-107.27638162709404,48.416051821696854],[-107.27633416856006,48.41603937898155],[-107.27626777335664,48.4160541023835],[-107.2762607880252,48.41604976760091],[-107.27631644951784,48.41624515417433],[-107.27632323684863,48.41624504765103],[-107.27637049757764,48.41625304909639],[-107.27644836766075,48.41604159523036],[-107.27638162709404,48.416051821696854]]]}"
00000000000000002bd2,168,0,0,0,"{""type"":""Polygon"",""coordinates"":[[[-107.2762607880252,48.41604976760091],[-107.27624047783452,48.41604568574903],[-107.2761935558877,48.41604665421521],[-107.2761750151596,48.41608270295411],[-107.27613443962358,48.416074610739024],[-107.27612839367269,48.41608809687504],[-107.27619605078644,48.41625205417204],[-107.27621611822565,48.41625162319408],[-107.27631644951784,48.41624515417433],[-107.2762607880252,48.41604976760091]]]}"
00000000000000002bd5,169,0,0,0,"{""type"":""Polygon"",""coordinates"":[[[-107.27612839367269,48.41608809687504],[-107.27612184922127,48.41609271622248],[-107.27610842191038,48.41609298495372],[-107.2760686384715,48.41610265792846],[-107.27602191454778,48.41610806761781],[-107.27602790600582,48.41624192671438],[-107.27610182322101,48.41624494953305],[-107.27619605078644,48.41625205417204],[-107.27612839367269,48.41608809687504]]]}"
00000000000000002bd9,170,0,0,0,"{""type"":""Polygon"",""coordinates"":[[[-107.27600194278409,48.416112955676226],[-107.27596215934258,48.416122628610594],[-107.27590771581004,48.41610585085051],[-107.27587313131937,48.41623161760996],[-107.27590027951406,48.41623997866279],[-107.27602790600582,48.41624192671438],[-107.27602191454778,48.41610806761781],[-107.27600194278409,48.416112955676226]]]}"
00000000000000002bcb,171,0,0,0,"{""type"":""Polygon"",""coordinates"":[[[-107.27589409053023,48.416101678244445],[-107.2758523400479,48.41606677918542],[-107.27570966045027,48.4161767553304],[-107.275785391062,48.41621998066241],[-107.27587313131937,48.41623161760996],[-107.27590771581004,48.41610585085051],[-107.27589409053023,48.416101678244445]]]}"
00000000000000002bda,172,0,0,0,"{""type"":""Polygon"",""coordinates"":[[[-107.27582455322855,48.41604502269906],[-107.27581068519427,48.4160363372482],[-107.2757897364016,48.416018859860905],[-107.27577621363461,48.41601467142531],[-107.27559256301451,48.416107672271096],[-107.27562743040095,48.41613822082138],[-107.27570966045027,48.4161767553304],[-107.2758523400479,48.41606677918542],[-107.27582455322855,48.41604502269906]]]}"
00000000000000002bdc,173,0,0,0,"{""type"":""Polygon"",""coordinates"":[[[-107.27573480172181,48.41598874231361],[-107.27574006868687,48.4159573321528],[-107.2755211104116,48.41601083015505],[-107.27555066568652,48.41607271734944],[-107.27559256301451,48.416107672271096],[-107.27577621363461,48.41601467142531],[-107.27573480172181,48.41598874231361]]]}"
00000000000000002c0f,174,0,0,0,"{""type"":""Polygon"",""coordinates"":[[[-107.27549554507291,48.41589074206902],[-107.27548993967501,48.41591318224245],[-107.27549741622437,48.41593085677376],[-107.27547808325296,48.41594914012479],[-107.27549898697775,48.41596654602874],[-107.2755211104116,48.41601083015505],[-107.27574006868687,48.4159573321528],[-107.27573810174299,48.41591276032979],[-107.27549554507291,48.41589074206902]]]}"
00000000000000002bca,175,0,0,0,"{""type"":""Polygon"",""coordinates"":[[[-107.2757698270922,48.41587193028316],[-107.2757820792029,48.41584485499472],[-107.27552472286153,48.41579185763412],[-107.27550519202804,48.41580569965667],[-107.2754882664774,48.4158775088405],[-107.27549554507291,48.41589074206902],[-107.27573810174299,48.41591276032979],[-107.2757431707103,48.4158769089251],[-107.2757698270922,48.41587193028316]],[[-107.2757431707103,48.4158769089251],[-107.27573608998551,48.41586811700926],[-107.27572305876156,48.41587726825897],[-107.2757431707103,48.4158769089251]]]}"
00000000000000002bc6,176,0,0,0,"{""type"":""Polygon"",""coordinates"":[[[-107.27556771065387,48.41570174616763],[-107.27556820207685,48.41571508581201],[-107.27555605234154,48.415742145191615],[-107.27552412900641,48.41577853378757],[-107.27553120964932,48.41578732570635],[-107.27552472286153,48.41579185763412],[-107.2757820792029,48.41584485499472],[-107.27578832319124,48.41583581022536],[-107.27581434077686,48.41581743618897],[-107.27580017930585,48.41579985238882],[-107.27582575607188,48.41577252426796],[-107.27582536009477,48.41576364170955],[-107.27556771065387,48.41570174616763]]]}"
00000000000000002b97,177,0,0,0,"{""type"":""Polygon"",""coordinates"":[[[-107.27562373526168,48.41560679766814],[-107.27561074893704,48.41561602039004],[-107.275618270321,48.41563376634751],[-107.27559225283322,48.41565214026521],[-107.27558049905599,48.415688082161836],[-107.27556746788403,48.41569723335829],[-107.27556771065387,48.41570174616763],[-107.27582536009477,48.41576364170955],[-107.2758371713351,48.41572761238416],[-107.2758625948485,48.41569591455341],[-107.27562373526168,48.41560679766814]]]}"
00000000000000002bc4,178,0,0,0,"{""type"":""Polygon"",""coordinates"":[[[-107.27572770940627,48.41552884495061],[-107.2756819185674,48.415556548053395],[-107.27565653987082,48.4155883172879],[-107.27562373526168,48.41560679766814],[-107.2758625948485,48.41569591455341],[-107.27590887737544,48.41568155091985],[-107.275968095454,48.41565357893837],[-107.27572770940627,48.41552884495061]]]}"
00000000000000002bc7,179,0,0,0,"{""type"":""Polygon"",""coordinates"":[[[-107.27581810891861,48.41545110520718],[-107.27579917228555,48.41547827095896],[-107.27575943439133,48.41548801521003],[-107.27574069568597,48.4155196222291],[-107.27572770940627,48.41552884495061],[-107.275968095454,48.41565357893837],[-107.27598112656874,48.41564442769654],[-107.27605342642597,48.4156116899959],[-107.27605322840853,48.41560724873108],[-107.27581810891861,48.41545110520718]]]}"
00000000000000002bbe,180,0,0,0,"{""type"":""Polygon"",""coordinates"":[[[-107.27590284542649,48.41539589282323],[-107.27589635873069,48.415400424740525],[-107.27583069917664,48.41543299998459],[-107.27581810891861,48.41545110520718],[-107.27605322840853,48.41560724873108],[-107.27609636811911,48.41552150709548],[-107.27612252579524,48.415507661699415],[-107.27590284542649,48.41539589282323]]]}"
00000000000000002bc2,181,0,0,0,"{""type"":""Polygon"",""coordinates"":[[[-107.27598719855389,48.41533163905577],[-107.27595473949809,48.415354616412635],[-107.27590284542649,48.41539589282323],[-107.27612252579524,48.415507661699415],[-107.27616807361939,48.41547544562923],[-107.27621302727009,48.415429905809624],[-107.27598719855389,48.41533163905577]]]}"
00000000000000002bc8,182,0,0,0,"{""type"":""Polygon"",""coordinates"":[[[-107.27605753039114,48.4152543303023],[-107.27603859399834,48.41528149599508],[-107.27599290600666,48.41530918328958],[-107.27599378768114,48.4153270913206],[-107.27598719855389,48.41533163905577],[-107.27621302727009,48.415429905809624],[-107.27625753992551,48.41537541198717],[-107.27626973390973,48.41534842425266],[-107.27605753039114,48.4152543303023]]]}"
00000000000000002bbf,183,0,0,0,"{""type"":""Polygon"",""coordinates"":[[[-107.2761278619736,48.415177021615705],[-107.27610155133061,48.41518649722535],[-107.27608241697676,48.41520922165921],[-107.27606982689359,48.4152273268345],[-107.27605753039114,48.4152543303023],[-107.27626973390973,48.41534842425266],[-107.27627563925947,48.41533040970668],[-107.27628886826926,48.41532569972216],[-107.27632649795281,48.41526685544049],[-107.2761278619736,48.415177021615705]]]}"
00000000000000002bc0,184,0,0,0,"{""type"":""Polygon"",""coordinates"":[[[-107.27620517845297,48.415104047710585],[-107.2761986341918,48.41510866697334],[-107.27617989599415,48.41514027384072],[-107.27613440625139,48.41517240235144],[-107.2761278619736,48.415177021615705],[-107.27632649795281,48.41526685544049],[-107.2763514799033,48.4152262037729],[-107.27641025623547,48.415189277787505],[-107.27620517845297,48.415104047710585]]]}"
00000000000000002bba,185,0,0,0,"{""type"":""Polygon"",""coordinates"":[[[-107.27627550952589,48.415026739146356],[-107.27622431269685,48.41508132329982],[-107.27620517845297,48.415104047710585],[-107.27641025623547,48.415189277787505],[-107.27645594397073,48.41516159036332],[-107.27650797783284,48.41512484242539],[-107.27627550952589,48.415026739146356]]]}"
00000000000000002bd3,186,0,0,0,"{""type"":""Polygon"",""coordinates"":[[[-107.27636634804227,48.414957953617616],[-107.27635356009739,48.41497161752962],[-107.27632710233559,48.41498103744607],[-107.2763147104801,48.41500358378446],[-107.27627550952589,48.415026739146356],[-107.27650797783284,48.41512484242539],[-107.27652711196764,48.41510211794828],[-107.2765579987955,48.4150434518993],[-107.27636634804227,48.414957953617616]]]}"
00000000000000002bb9,187,0,0,0,"{""type"":""Polygon"",""coordinates"":[[[-107.2764436189428,48.41488490830635],[-107.27643707473545,48.414889527565016],[-107.27642492584914,48.41491658661477],[-107.27640515277199,48.414925915838026],[-107.2763989090673,48.41493496048622],[-107.27637913597904,48.414944289707606],[-107.27636634804227,48.414957953617616],[-107.2765579987955,48.4150434518993],[-107.27660398684186,48.415020189880345],[-107.27664883711748,48.41497466608706],[-107.2764436189428,48.41488490830635]]]}"
00000000000000002bb7,188,0,0,0,"{""type"":""Polygon"",""coordinates"":[[[-107.276541339662,48.41482047329968],[-107.27654178064068,48.41482942722643],[-107.27652894797093,48.41484301959376],[-107.27651596202766,48.41485224229642],[-107.27650297607958,48.414861464999035],[-107.27648994531299,48.41487061616867],[-107.27647695935528,48.41487983887118],[-107.2764436189428,48.41488490830635],[-107.27664883711748,48.41497466608706],[-107.2766663991527,48.414916253121795],[-107.27669157864972,48.414880042847265],[-107.276541339662,48.41482047329968]]]}"
00000000000000002bcd,189,0,0,0,"{""type"":""Polygon"",""coordinates"":[[[-107.27656460876732,48.41473960497161],[-107.276541339662,48.41482047329968],[-107.27669157864972,48.414880042847265],[-107.27670446893121,48.41486636309793],[-107.27671666244531,48.41483937557579],[-107.27674754877683,48.414780709767015],[-107.27656460876732,48.41473960497161]]]}"
00000000000000002baf,190,0,0,0,"{""type"":""Polygon"",""coordinates"":[[[-107.2766010040793,48.414654042619496],[-107.2766012021702,48.41465848380209],[-107.27658865729602,48.414676660381296],[-107.27656337543826,48.41471288630723],[-107.27656460876732,48.41473960497161],[-107.27674754877683,48.414780709767015],[-107.27675409294753,48.41477609049755],[-107.27676570488393,48.41473562056574],[-107.27678400142436,48.41469505993617],[-107.2766010040793,48.414654042619496]]]}"
00000000000000002bb0,191,0,0,0,"{""type"":""Polygon"",""coordinates"":[[[-107.2766642528854,48.414567942822444],[-107.27665781119673,48.41457254624847],[-107.27662638151168,48.414622273723296],[-107.2766010040793,48.414654042619496],[-107.27678400142436,48.41469505993617],[-107.2768146894117,48.414631953090336],[-107.27683446231154,48.41462262383869],[-107.2766642528854,48.414567942822444]]]}"
00000000000000002bb5,192,0,0,0,"{""type"":""Polygon"",""coordinates"":[[[-107.27672769952926,48.414486284296984],[-107.27671471374076,48.41449550696098],[-107.27668982831749,48.414540615135664],[-107.2766642528854,48.414567942822444],[-107.27683446231154,48.41462262383869],[-107.27686711857626,48.414604087699516],[-107.27689254063156,48.414572390299966],[-107.27691855703885,48.414554016429136],[-107.27672769952926,48.414486284296984]]]}"
00000000000000002bb4,193,0,0,0,"{""type"":""Polygon"",""coordinates"":[[[-107.27680481564677,48.41440886974875],[-107.27679846966487,48.41441793014962],[-107.27672769952926,48.414486284296984],[-107.27691855703885,48.414554016429136],[-107.27693120419707,48.414535824034],[-107.27698259769116,48.41448568126504],[-107.27699582640281,48.41448097126528],[-107.27680481564677,48.41440886974875]]]}"
00000000000000002bae,194,0,0,0,"{""type"":""Polygon"",""coordinates"":[[[-107.27709059897131,48.41434960109726],[-107.27684214307841,48.41434560098054],[-107.27681789706554,48.41440410406746],[-107.27680481564677,48.41440886974875],[-107.27699582640281,48.41448097126528],[-107.27702184272002,48.41446259740022],[-107.27704702161593,48.41442638735533],[-107.2770600073438,48.41441716465991],[-107.2771117459733,48.41437151880972],[-107.27709059897131,48.41434960109726]]]}"
00000000000000002bed,195,0,0,0,"{""type"":""Polygon"",""coordinates"":[[[-107.27704673268777,48.4142700776038],[-107.27701113023649,48.414221678708884],[-107.27700390212615,48.414212831448864],[-107.27678598854895,48.41428860762911],[-107.27678632714822,48.414297577282404],[-107.27678672338018,48.41430645958665],[-107.2768418044662,48.414336631319706],[-107.27684214307841,48.41434560098054],[-107.27709059897131,48.41434960109726],[-107.27708371622728,48.414345250690346],[-107.27708922471965,48.41431835414201],[-107.27704673268777,48.4142700776038]]]}"
00000000000000002bac,196,0,0,0,"{""type"":""Polygon"",""coordinates"":[[[-107.27691405611432,48.41415209710673],[-107.27687948267908,48.41413044824762],[-107.27670986342653,48.4142365023098],[-107.27678534938708,48.414275212645734],[-107.27678598854895,48.41428860762911],[-107.27700390212615,48.414212831448864],[-107.27691405611432,48.41415209710673]]]}"
00000000000000002bad,197,0,0,0,"{""type"":""Polygon"",""coordinates"":[[[-107.27683202610787,48.4141180061758],[-107.27678348938026,48.41408321534429],[-107.27675634224866,48.41407485485143],[-107.27660732619738,48.41419388834643],[-107.2766210914503,48.414202589209644],[-107.2766893559529,48.41422797952385],[-107.27670986342653,48.4142365023098],[-107.27687948267908,48.41413044824762],[-107.27683202610787,48.4141180061758]]]}"
00000000000000002bb2,198,0,0,0,"{""type"":""Polygon"",""coordinates"":[[[-107.27672216525318,48.41406208822552],[-107.2766746064571,48.41404966190466],[-107.27662670915343,48.414028265950705],[-107.27649804716864,48.414151452353444],[-107.27651186999744,48.41416006587667],[-107.27655288472414,48.41417711150518],[-107.27658007663412,48.414185543604376],[-107.27660732619738,48.41419388834643],[-107.27675634224866,48.41407485485143],[-107.27672216525318,48.41406208822552]]]}"
00000000000000002bb1,199,0,0,0,"{""type"":""Polygon"",""coordinates"":[[[-107.27661298877197,48.41401963664697],[-107.27657197415694,48.414002591091524],[-107.27653095959752,48.41398554552261],[-107.27648315816816,48.41396860646049],[-107.27642315620665,48.41412606527818],[-107.27649804716864,48.414151452353444],[-107.27662670915343,48.414028265950705],[-107.27661298877197,48.41401963664697]]]}"
00000000000000002bb3,200,0,0,0,"{""type"":""Polygon"",""coordinates"":[[[-107.27645596646353,48.41396017436293],[-107.27642247363438,48.413960874088176],[-107.27638229634482,48.41396166449644],[-107.2763617891667,48.41395314167698],[-107.27628732509004,48.41408859189115],[-107.27630064925343,48.414088338980676],[-107.27634166371074,48.41410538468323],[-107.27642315620665,48.41412606527818],[-107.27648315816816,48.41396860646049],[-107.27645596646353,48.41396017436293]]]}"
00000000000000002bbd,201,0,0,0,"{""type"":""Polygon"",""coordinates"":[[[-107.27629348081145,48.41392767970468],[-107.27624582694594,48.41391079624911],[-107.2761517880844,48.41406001641388],[-107.2761859198527,48.4140727117205],[-107.27624660435808,48.41408044425904],[-107.27628732509004,48.41408859189115],[-107.2763617891667,48.41395314167698],[-107.27629348081145,48.41392767970468]]]}"
00000000000000002bbc,202,0,0,0,"{""type"":""Polygon"",""coordinates"":[[[-107.27622531985723,48.41390227340639],[-107.27620437187466,48.41388479678706],[-107.27614368772255,48.41387706424121],[-107.27613670279919,48.4138727296159],[-107.27602206109094,48.41400896971894],[-107.2761517880844,48.41406001641388],[-107.27624582694594,48.41391079624911],[-107.27622531985723,48.41390227340639]]]}"
00000000000000002bbb,203,0,0,0,"{""type"":""Polygon"",""coordinates"":[[[-107.27610891723677,48.41385097407332],[-107.27607508619757,48.41384270408545],[-107.27604739629545,48.41382540546894],[-107.27589257745524,48.413962435544434],[-107.275913620825,48.41398436920908],[-107.27598792949736,48.413996274364855],[-107.27602206109094,48.41400896971894],[-107.27613670279919,48.4138727296159],[-107.27610891723677,48.41385097407332]]]}"
00000000000000002bb8,204,0,0,0,"{""type"":""Polygon"",""coordinates"":[[[-107.27603363139593,48.413816704576064],[-107.27601356531588,48.41381713546187],[-107.275986712378,48.413817672826674],[-107.27593817726397,48.413782881723115],[-107.27593149285704,48.4137829723848],[-107.27578252160572,48.4139020754833],[-107.27583021981498,48.413919030709636],[-107.2758645492324,48.41393616723218],[-107.27589257745524,48.413962435544434],[-107.27604739629545,48.41382540546894],[-107.27603363139593,48.413816704576064]]]}"
00000000000000002ba0,205,0,0,0,"{""type"":""Polygon"",""coordinates"":[[[-107.2758975595402,48.41377471815814],[-107.275883737083,48.41376610459929],[-107.27584311941378,48.413757941012484],[-107.27582831979036,48.413726963016565],[-107.2756659221893,48.41384633446412],[-107.2756729070164,48.41385066912393],[-107.2757139206471,48.413867715039395],[-107.27578252160572,48.4139020754833],[-107.27593149285704,48.4137829723848],[-107.2758975595402,48.41377471815814]]]}"
00000000000000002ba3,206,0,0,0,"{""type"":""Polygon"",""coordinates"":[[[-107.27578710820565,48.413705476085944],[-107.2757662630775,48.41368798360792],[-107.27572524958914,48.413670937768536],[-107.27557583775,48.413781086530804],[-107.27558980043321,48.413794228604026],[-107.2756310119065,48.41381571565774],[-107.2756659221893,48.41384633446412],[-107.27582831979036,48.413726963016565],[-107.27578710820565,48.413705476085944]]]}"
00000000000000002ba4,207,0,0,0,"{""type"":""Polygon"",""coordinates"":[[[-107.27566353147724,48.413640927881204],[-107.27566289271589,48.41362753304261],[-107.27566225395452,48.413614138207386],[-107.27562802743446,48.41359698588742],[-107.27547965040178,48.41372941142432],[-107.27549297432165,48.41372915863366],[-107.27556157466378,48.41376351916172],[-107.27557583775,48.413781086530804],[-107.27572524958914,48.413670937768536],[-107.27566353147724,48.413640927881204]]]}"
00000000000000002ba6,208,0,0,0,"{""type"":""Polygon"",""coordinates"":[[[-107.27560752079481,48.41358846295163],[-107.27551974223843,48.413576754640665],[-107.27549883973086,48.413559349488956],[-107.27535714696317,48.41369168411564],[-107.27536408689316,48.413695947255555],[-107.27543229104951,48.41372142563902],[-107.27547965040178,48.41372941142432],[-107.27562802743446,48.41359698588742],[-107.27560752079481,48.41358846295163]]]}"
00000000000000002bc1,209,0,0,0,"{""type"":""Polygon"",""coordinates"":[[[-107.27547125291662,48.41354203496512],[-107.27543732009089,48.413533780600794],[-107.2754020144478,48.413494279692074],[-107.27539533013154,48.41349437031369],[-107.2752283554646,48.41366292949082],[-107.27527591252822,48.413675356481036],[-107.27532341201423,48.41368787079787],[-107.27535714696317,48.41369168411564],[-107.27549883973086,48.413559349488956],[-107.27547125291662,48.41354203496512]]]}"
00000000000000002ba2,210,0,0,0,"{""type"":""Polygon"",""coordinates"":[[[-107.27538170591633,48.41349019781199],[-107.27536075874075,48.41347272112319],[-107.27530799276109,48.41349161553256],[-107.27528728838492,48.41347865144874],[-107.27525355366092,48.41347483811598],[-107.27511894090951,48.4136159637795],[-107.27518026231786,48.413637091813314],[-107.27520120945121,48.41365456859629],[-107.2752283554646,48.41366292949082],[-107.27539533013154,48.41349437031369],[-107.27538170591633,48.41349019781199]]]}"
00000000000000002ba5,211,0,0,0,"{""type"":""Polygon"",""coordinates"":[[[-107.27523324518977,48.41347075620449],[-107.27515008980347,48.41340993028752],[-107.27520325150876,48.41339991816658],[-107.27517522437333,48.413373649902404],[-107.27516160025921,48.413369477376385],[-107.27502359152436,48.41358212427081],[-107.27505098011088,48.41359499784183],[-107.27511894090951,48.4136159637795],[-107.27525355366092,48.41347483811598],[-107.27523324518977,48.41347075620449]]]}"
00000000000000002bb6,212,0,0,0,"{""type"":""Polygon"",""coordinates"":[[[-107.27509403567393,48.413357393719494],[-107.27506801979118,48.41337576667178],[-107.27502734545473,48.4133676901235],[-107.27491290073081,48.413508368734234],[-107.27498257882833,48.413565078128315],[-107.27502359152436,48.41358212427081],[-107.27516160025921,48.413369477376385],[-107.27509403567393,48.413357393719494]]]}"
00000000000000002b9e,213,0,0,0,"{""type"":""Polygon"",""coordinates"":[[[-107.27499287697344,48.41334602502398],[-107.27495840854434,48.41332435991956],[-107.27495801274465,48.41331547776012],[-107.27478922490474,48.41344383537526],[-107.27484366346954,48.41346061305859],[-107.27487095640808,48.41346902974781],[-107.27488511651566,48.413486612952234],[-107.27489883604684,48.41349524243798],[-107.27491290073081,48.413508368734234],[-107.27502734545473,48.4133676901235],[-107.27499287697344,48.41334602502398]]]}"
00000000000000002c43,214,0,0,0,"{""type"":""Polygon"",""coordinates"":[[[-107.27488970754958,48.41329001501432],[-107.27486886326624,48.41327252245635],[-107.2746782419621,48.413361181745096],[-107.27471989258227,48.41339162275592],[-107.27474133044004,48.41342243865275],[-107.27478922490474,48.41344383537526],[-107.27495801274465,48.41331547776012],[-107.27488970754958,48.41329001501432]]]}"
00000000000000002c3f,215,0,0,0,"{""type"":""MultiPolygon"",""coordinates"":[[[[-107.27488022085183,48.41322770013658],[-107.27487260480436,48.41320549801386],[-107.27482608290603,48.41321534779521],[-107.27488022085183,48.41322770013658]]],[[[-107.27482608290603,48.41321534779521],[-107.2745864888871,48.41326026169328],[-107.27460763326499,48.41328217957606],[-107.27465045805857,48.413339425947335],[-107.2746782419621,48.413361181745096],[-107.27486886326624,48.41327252245635],[-107.27484835714601,48.41326399939724],[-107.27482608290603,48.41321534779521]]]]}"
00000000000000002b68,216,0,0,0,"{""type"":""Polygon"",""coordinates"":[[[-107.2748313499521,48.413183939312674],[-107.27479107174123,48.41318474482194],[-107.2747755394682,48.41313591535348],[-107.27452891095865,48.413172108993344],[-107.27452994500841,48.41319438587781],[-107.27455098686407,48.41321631956372],[-107.2745864888871,48.41326026169328],[-107.27482608290603,48.41321534779521],[-107.27487260480436,48.41320549801386],[-107.27487152573717,48.41318314960216],[-107.2748313499521,48.413183939312674]]]}"
00000000000000002b9c,217,0,0,0,"{""type"":""Polygon"",""coordinates"":[[[-107.27453855867844,48.41308707098612],[-107.27452690049333,48.41312746790493],[-107.27453461873505,48.41314965421322],[-107.27452891095865,48.413172108993344],[-107.2747755394682,48.41313591535348],[-107.27476806374945,48.413118241669615],[-107.27477112216906,48.4130377511851],[-107.27453855867844,48.41308707098612]]]}"
00000000000000002ba7,218,0,0,0,"{""type"":""Polygon"",""coordinates"":[[[-107.27454004759603,48.41297089323088],[-107.27454024544731,48.41297533428386],[-107.27454088380817,48.412988728976515],[-107.27454141972764,48.413002139488114],[-107.27454205808839,48.41301553418749],[-107.27454269644909,48.41302892889021],[-107.2745431875612,48.41304226788033],[-107.27453855867844,48.41308707098612],[-107.27477112216906,48.4130377511851],[-107.27477092429004,48.41303331012811],[-107.27475676440561,48.41301572705042],[-107.27475592808835,48.412997891300314],[-107.274788289801,48.412970458542496],[-107.27454004759603,48.41297089323088]]]}"
00000000000000002b9b,219,0,0,0,"{""type"":""Polygon"",""coordinates"":[[[-107.2745692693314,48.41287208604341],[-107.2745774786925,48.41290761119838],[-107.27453911597372,48.41294860062449],[-107.27453960708642,48.41296193959455],[-107.27454004759603,48.41297089323088],[-107.274788289801,48.412970458542496],[-107.27483343899054,48.41292936261045],[-107.27483280052076,48.41291596793738],[-107.2745692693314,48.41287208604341]]]}"
00000000000000002b9f,220,0,0,0,"{""type"":""Polygon"",""coordinates"":[[[-107.27461250334936,48.41279080634436],[-107.27458648779377,48.41280917896317],[-107.27458776455612,48.41283596826687],[-107.27456863095777,48.412858691380514],[-107.2745692693314,48.41287208604341],[-107.27483280052076,48.41291596793738],[-107.27482415030985,48.41287148918742],[-107.27484318137229,48.41284878183575],[-107.27485567550589,48.41282622078467],[-107.27461250334936,48.41279080634436]]]}"
00000000000000002b9a,221,0,0,0,"{""type"":""Polygon"",""coordinates"":[[[-107.27483685541296,48.41270596166871],[-107.27465608229517,48.412714023500364],[-107.27463650825825,48.4127277929773],[-107.27463006680632,48.41273239610288],[-107.27463851888578,48.41277243372531],[-107.27462553352349,48.41278165580046],[-107.27461250334936,48.41279080634436],[-107.27485567550589,48.41282622078467],[-107.27486211696349,48.41282161763575],[-107.27483685541296,48.41270596166871]]]}"
00000000000000002b69,222,0,0,0,"{""type"":""Polygon"",""coordinates"":[[[-107.27482028896108,48.41263485599128],[-107.27480529282602,48.41259943743368],[-107.274599238681,48.41264372317522],[-107.27460735262443,48.412674791332165],[-107.27465608229517,48.412714023500364],[-107.27483685541296,48.41270596166871],[-107.27483508723444,48.412665833543265],[-107.27482028896108,48.41263485599128]]]}"
00000000000000002b6a,223,0,0,0,"{""type"":""Polygon"",""coordinates"":[[[-107.27478454440019,48.41258640190808],[-107.27476183000539,48.41252879733669],[-107.27474767029474,48.41251121441932],[-107.27474048800488,48.41250243877751],[-107.27455548303747,48.41256418506128],[-107.27456236498226,48.41256853552439],[-107.27457692031176,48.41259500053225],[-107.27459118238275,48.41261256768887],[-107.274599238681,48.41264372317522],[-107.27480529282602,48.41259943743368],[-107.27478454440019,48.41258640190808]]]}"
00000000000000002b72,224,0,0,0,"{""type"":""Polygon"",""coordinates"":[[[-107.27473321028063,48.41248920630904],[-107.2747058226785,48.412476332889035],[-107.2746916630207,48.41245874997935],[-107.27464313146838,48.41242395901681],[-107.2744919558074,48.412493975413206],[-107.27450591750042,48.41250711735228],[-107.2745338985547,48.412533313886854],[-107.2745280954985,48.41255131157098],[-107.27455548303747,48.41256418506128],[-107.27474048800488,48.41250243877751],[-107.27473321028063,48.41248920630904]]]}"
00000000000000002b98,225,0,0,0,"{""type"":""Polygon"",""coordinates"":[[[-107.27462223017025,48.41240655401948],[-107.27460679379338,48.41236218204009],[-107.27457960422335,48.41235374961133],[-107.27456578277065,48.412345136066676],[-107.27455890086398,48.41234078562104],[-107.27434998717641,48.41247000109321],[-107.27437757237698,48.41248731563219],[-107.27439163644927,48.41250044177254],[-107.27441170147206,48.41250001126266],[-107.27443889105695,48.41250844376162],[-107.27448487604127,48.412485183937655],[-107.2744919558074,48.412493975413206],[-107.27464313146838,48.41242395901681],[-107.27462223017025,48.41240655401948]]]}"
00000000000000002b6e,226,0,0,0,"{""type"":""Polygon"",""coordinates"":[[[-107.27454507942379,48.412332172075175],[-107.27452423587486,48.41231467973755],[-107.27451061230947,48.41231050718808],[-107.27449665068093,48.412297365296425],[-107.274442411981,48.41228502872673],[-107.27442210442052,48.412280946711746],[-107.27428095069835,48.412426686874056],[-107.27429501470053,48.41243981301541],[-107.27432215937488,48.412448174009604],[-107.27434310528989,48.41246565062145],[-107.27434998717641,48.41247000109321],[-107.27455890086398,48.41234078562104],[-107.27454507942379,48.412332172075175]]]}"
00000000000000002b6c,227,0,0,0,"{""type"":""Polygon"",""coordinates"":[[[-107.27436820385091,48.412277579438296],[-107.27427993892184,48.41225253136549],[-107.27418560591312,48.41239284717112],[-107.27421299311747,48.412405720729275],[-107.27426718696923,48.412417985926446],[-107.27428095069835,48.412426686874056],[-107.27442210442052,48.412280946711746],[-107.27436820385091,48.412277579438296]]]}"
00000000000000002b76,228,0,0,0,"{""type"":""Polygon"",""coordinates"":[[[-107.27425919098351,48.412239495798815],[-107.27424536969437,48.41223088222238],[-107.27423160604698,48.4122221812995],[-107.27415022327352,48.412201483584646],[-107.27408307934388,48.41235023171633],[-107.27408991635464,48.41235451066818],[-107.27416519594175,48.41238878090789],[-107.27418560591312,48.41239284717112],[-107.27427993892184,48.41225253136549],[-107.27425919098351,48.412239495798815]]]}"
00000000000000002b77,229,0,0,0,"{""type"":""Polygon"",""coordinates"":[[[-107.2741365998472,48.4121973109875],[-107.27409578723227,48.41218470584019],[-107.27405497466319,48.41217210067737],[-107.2740273899316,48.412154786136114],[-107.27396137478198,48.41233026741289],[-107.27402185671517,48.41233356022184],[-107.27404934621026,48.41234641800129],[-107.27408307934388,48.41235023171633],[-107.27415022327352,48.412201483584646],[-107.2741365998472,48.4121973109875]]]}"
00000000000000002b73,230,1,0,0,"{""type"":""Polygon"",""coordinates"":[[[-107.27397334966255,48.41214689030519],[-107.27387283396236,48.41214891505711],[-107.273859408402,48.4121491834101],[-107.27386720467935,48.41232323231574],[-107.27390049734454,48.41231809256066],[-107.27394130994654,48.412330697822675],[-107.27396137478198,48.41233026741289],[-107.2740273899316,48.412154786136114],[-107.27397334966255,48.41214689030519]]]}"
00000000000000002b99,231,0,0,0,"{""type"":""Polygon"",""coordinates"":[[[-107.27383255728671,48.412149720110314],[-107.273812447772,48.412150078957794],[-107.27378559666943,48.41215061564458],[-107.27373951671993,48.41216941817464],[-107.27371857138301,48.41215194151356],[-107.27374023291279,48.412334675658386],[-107.2737536585235,48.41233440731984],[-107.273800274349,48.41232901507278],[-107.27382068416527,48.412333081412854],[-107.27384679485273,48.41231916598656],[-107.27386720467935,48.41232323231574],[-107.273859408402,48.4121491834101],[-107.27383255728671,48.412149720110314]]]}"
00000000000000002b66,232,0,0,0,"{""type"":""Polygon"",""coordinates"":[[[-107.27371857138301,48.41215194151356],[-107.2736175203408,48.412140555680864],[-107.27357225115118,48.41232907241767],[-107.27364748497284,48.41236327153958],[-107.27374023291279,48.412334675658386],[-107.27371857138301,48.41215194151356]]]}"
00000000000000002ba8,233,0,0,0,"{""type"":""Polygon"",""coordinates"":[[[-107.27359721313499,48.412136473493696],[-107.27356996662577,48.41212812814255],[-107.27352271313863,48.41212012575497],[-107.27351592676742,48.412120232048046],[-107.2734168148301,48.412305293506634],[-107.27345054762428,48.41230910744926],[-107.2734780367293,48.412321965396075],[-107.27357225115118,48.41232907241767],[-107.2736175203408,48.412140555680864],[-107.27359721313499,48.412136473493696]]]}"
00000000000000002b65,234,0,0,0,"{""type"":""Polygon"",""coordinates"":[[[-107.27348243664362,48.412120930656485],[-107.27346232721949,48.412121289428235],[-107.2734158070663,48.41213113828308],[-107.2733882228578,48.41211382355846],[-107.27326776995592,48.4122725260643],[-107.27330150264939,48.412276340059435],[-107.27336956123469,48.41229729101999],[-107.2734168148301,48.412305293506634],[-107.27351592676742,48.412120232048046],[-107.27348243664362,48.412120930656485]]]}"
00000000000000002b64,235,0,0,0,"{""type"":""Polygon"",""coordinates"":[[[-107.27331244731798,48.412070686683556],[-107.27327891250795,48.41207131368655],[-107.27314474101883,48.41222138637551],[-107.27315856187975,48.4122300001195],[-107.27323374432655,48.412259814241885],[-107.27326776995592,48.4122725260643],[-107.2733882228578,48.41211382355846],[-107.27338802514102,48.41210938257131],[-107.27331244731798,48.412070686683556]]]}"
00000000000000002b8b,236,0,0,0,"{""type"":""Polygon"",""coordinates"":[[[-107.27322614875722,48.41209020640122],[-107.27319973805544,48.41209969642286],[-107.27320417054607,48.41205045319348],[-107.27315008064915,48.41203817162931],[-107.2730355333778,48.412178860320665],[-107.27308308669427,48.412191288145216],[-107.27314474101883,48.41222138637551],[-107.27327891250795,48.41207131368655],[-107.27322614875722,48.41209020640122]]]}"
00000000000000002b60,237,0,0,0,"{""type"":""Polygon"",""coordinates"":[[[-107.27311615055804,48.41202991660887],[-107.27303388952564,48.411991310991816],[-107.27292573313399,48.412123011192975],[-107.27296005852266,48.41214014827849],[-107.27297382164849,48.41214884938325],[-107.27298764241814,48.412157463142435],[-107.27300160322993,48.412170605239496],[-107.2730355333778,48.412178860320665],[-107.27315008064915,48.41203817162931],[-107.27311615055804,48.41202991660887]]]}"
00000000000000002b95,238,0,0,0,"{""type"":""Polygon"",""coordinates"":[[[-107.27300674585466,48.41198294967999],[-107.27292565827072,48.41197114873099],[-107.27291179278795,48.41196246345968],[-107.27290491126836,48.41195811291701],[-107.2728158885445,48.412067090455515],[-107.27291885158384,48.412118660639],[-107.27292573313399,48.412123011192975],[-107.27303388952564,48.411991310991816],[-107.27300674585466,48.41198294967999]]]}"
00000000000000002b8a,239,0,0,0,"{""type"":""Polygon"",""coordinates"":[[[-107.27286414468823,48.41194557880308],[-107.27281468585264,48.41188849496165],[-107.27269940535881,48.412011331590705],[-107.27277468183215,48.412045602777894],[-107.2728158885445,48.412067090455515],[-107.27290491126836,48.41195811291701],[-107.27286414468823,48.41194557880308]]]}"
00000000000000002b92,240,0,0,0,"{""type"":""Polygon"",""coordinates"":[[[-107.27279330121854,48.41186206470033],[-107.27275883620815,48.4118403993226],[-107.27274501563744,48.41183178557663],[-107.27272451125253,48.41182326225044],[-107.2725766716137,48.41196908913531],[-107.2725968832026,48.411968714743615],[-107.27267171935087,48.411994032496416],[-107.27269940535881,48.412011331590705],[-107.27281468585264,48.41188849496165],[-107.2728144434025,48.411883982459386],[-107.27279330121854,48.41186206470033]]]}"
00000000000000002b90,241,0,0,0,"{""type"":""Polygon"",""coordinates"":[[[-107.27264957292029,48.41179796042636],[-107.27260856428761,48.41178091373759],[-107.27259499905351,48.41177665359677],[-107.272448332108,48.41194928489696],[-107.27248250413479,48.411962052662986],[-107.27255660726719,48.41196951924081],[-107.2725766716137,48.41196908913531],[-107.27272451125253,48.41182326225044],[-107.27264957292029,48.41179796042636]]]}"
00000000000000002b94,242,1,0,1,"{""type"":""Polygon"",""coordinates"":[[[-107.272521036241,48.411773715374],[-107.27247334395928,48.41175675903674],[-107.27244605351319,48.41174834187355],[-107.27235308727704,48.41191990034662],[-107.27238037779604,48.41192831756138],[-107.2724075210979,48.411936679050854],[-107.272448332108,48.41194928489696],[-107.27259499905351,48.41177665359677],[-107.272521036241,48.411773715374]]]}"
00000000000000002b8f,243,0,0,0,"{""type"":""Polygon"",""coordinates"":[[[-107.27242598931402,48.411748771946286],[-107.27239776854073,48.41171806262449],[-107.27235105157966,48.41172346990966],[-107.27231063606371,48.41171974598683],[-107.2722306995054,48.41188215418443],[-107.27228533072686,48.41190337392603],[-107.27235308727704,48.41191990034662],[-107.27244605351319,48.41174834187355],[-107.27242598931402,48.411748771946286]]]}"
00000000000000002b93,244,0,0,0,"{""type"":""Polygon"",""coordinates"":[[[-107.27229721088109,48.41172001410994],[-107.2722012342358,48.41167277834118],[-107.27219459527856,48.411672940254036],[-107.27210236097463,48.41186234949177],[-107.27216250323096,48.41185667420742],[-107.2722306995054,48.41188215418443],[-107.27231063606371,48.41171974598683],[-107.27229721088109,48.41172001410994]]]}"
00000000000000002b9d,245,0,0,0,"{""type"":""Polygon"",""coordinates"":[[[-107.27209891167931,48.4116346021352],[-107.27207884761528,48.41163503213116],[-107.27207294127568,48.41165304519833],[-107.27207958022092,48.41165288329424],[-107.27207333639487,48.41166192711047],[-107.2720661550954,48.41165315138332],[-107.27196040003925,48.4118383717318],[-107.27198110162921,48.41185133620453],[-107.27201522843089,48.411864032592625],[-107.27206882678445,48.41186297605453],[-107.27210236097463,48.41186234949177],[-107.27219459527856,48.411672940254036],[-107.27209891167931,48.4116346021352]],[[-107.27212195835413,48.411701175765245],[-107.27212933724545,48.41171439245581],[-107.27214236726677,48.4117052424367],[-107.27212195835413,48.411701175765245]],[[-107.27212195835413,48.411701175765245],[-107.27211487946857,48.41169238422336],[-107.27210863564105,48.41170142804859],[-107.27212195835413,48.411701175765245]]]}"
00000000000000002bc9,246,0,0,0,"{""type"":""Polygon"",""coordinates"":[[[-107.27205863631987,48.41163540640417],[-107.27201806830631,48.4116273129351],[-107.27201787075322,48.41162287198145],[-107.27182214121719,48.41174729961126],[-107.27182233874554,48.41175174057628],[-107.27187066777934,48.411782091683456],[-107.27192573831496,48.41181226507425],[-107.27196040003925,48.4118383717318],[-107.2720661550954,48.41165315138332],[-107.27207294127568,48.41165304519833],[-107.27207884761528,48.41163503213116],[-107.27205863631987,48.41163540640417]]]}"
00000000000000002c44,247,0,0,0,"{""type"":""Polygon"",""coordinates"":[[[-107.27199619434455,48.41158754393742],[-107.27173655117154,48.411632878961626],[-107.27175862233449,48.41167708901938],[-107.27180681130072,48.41170291181582],[-107.27182214121719,48.41174729961126],[-107.27201787075322,48.41162287198145],[-107.27201689582425,48.41160050834436],[-107.27199619434455,48.41158754393742]]]}"
00000000000000002b5c,248,0,0,0,"{""type"":""Polygon"",""coordinates"":[[[-107.27198891796775,48.41157431145372],[-107.27198847806852,48.41156535802433],[-107.27198002924048,48.4115253209913],[-107.27198627305637,48.411516277204534],[-107.27167186045418,48.41153586388467],[-107.2716928040314,48.41155334083463],[-107.27172122140534,48.41158849124382],[-107.27172195383729,48.41160634239849],[-107.27173621377072,48.41162390970762],[-107.27173655117154,48.411632878961626],[-107.27199619434455,48.41158754393742],[-107.27198891796775,48.41157431145372]]]}"
00000000000000002b40,249,0,0,0,"{""type"":""Polygon"",""coordinates"":[[[-107.27196873798685,48.4114228088965],[-107.2716945435749,48.4114416787194],[-107.27166828612333,48.41145553760162],[-107.27167624447519,48.4114822359751],[-107.27167166294268,48.41153142293686],[-107.27167186045418,48.41153586388467],[-107.27198627305637,48.411516277204534],[-107.2719847054929,48.411480590784336],[-107.27198397292858,48.41146273967704],[-107.27198269802946,48.411435950980255],[-107.27196873798685,48.4114228088965]]]}"
00000000000000002b88,250,0,0,0,"{""type"":""Polygon"",""coordinates"":[[[-107.27192650031407,48.411379044871985],[-107.27192552543248,48.411356681334844],[-107.27163589961329,48.41133117928532],[-107.27162965577209,48.41134022301865],[-107.27165216646165,48.41139338626876],[-107.27170098494014,48.411437075903905],[-107.2716945435749,48.4114416787194],[-107.27196873798685,48.4114228088965],[-107.27192650031407,48.411379044871985]]]}"
00000000000000002b83,251,0,0,0,"{""type"":""Polygon"",""coordinates"":[[[-107.27174449627863,48.41120843584711],[-107.27169861507755,48.411231677958405],[-107.27163589961329,48.41133117928532],[-107.27192552543248,48.411356681334844],[-107.27199825676385,48.4113329029136],[-107.27174449627863,48.41120843584711]]]}"
00000000000000002b87,252,0,0,0,"{""type"":""Polygon"",""coordinates"":[[[-107.27189586455691,48.41114286649443],[-107.27184260477897,48.411152892065125],[-107.27177070874102,48.41119450548241],[-107.27174449627863,48.41120843584711],[-107.27199825676385,48.4113329029136],[-107.27200494044563,48.4113328125479],[-107.27202387662962,48.411305649662765],[-107.27205697037924,48.411296069752005],[-107.27189586455691,48.41114286649443]]]}"
00000000000000002b82,253,0,0,0,"{""type"":""Polygon"",""coordinates"":[[[-107.27207539484766,48.41110809341133],[-107.27206240984364,48.411117314843885],[-107.27202199514083,48.41111359082137],[-107.27196937281578,48.41113701072484],[-107.27192231930138,48.411133448550565],[-107.27189586455691,48.41114286649443],[-107.27205697037924,48.411296069752005],[-107.27209680543912,48.41128631211687],[-107.27210315162316,48.411277252552345],[-107.27207539484766,48.41110809341133]]]}"
00000000000000002b7c,254,0,0,0,"{""type"":""Polygon"",""coordinates"":[[[-107.2722184307952,48.41115441835982],[-107.27218469962834,48.411150604026105],[-107.27219094333604,48.41114156029222],[-107.27217698328737,48.411128418311286],[-107.27221715571108,48.41112762982546],[-107.27220850908567,48.411083152238426],[-107.27214739304415,48.41106646402821],[-107.27210775578513,48.411080662545885],[-107.27207539484766,48.41110809341133],[-107.27210315162316,48.411277252552345],[-107.27210983530246,48.41127716217951],[-107.27216933908248,48.411258092677784],[-107.27218940296125,48.411257662670685],[-107.27222948038384,48.411252417439925],[-107.2722184307952,48.41115441835982]],[[-107.27213046473078,48.41113826632067],[-107.27209653605438,48.411130011043625],[-107.2721040547736,48.41114775585334],[-107.27213046473078,48.41113826632067]]]}"
00000000000000002b86,255,0,0,0,"{""type"":""Polygon"",""coordinates"":[[[-107.27235002773811,48.41109817600403],[-107.27231693413813,48.41110775597638],[-107.27227085554722,48.41112655740103],[-107.27222286429844,48.41110517602146],[-107.27222213160638,48.411087325044676],[-107.27220850908567,48.411083152238426],[-107.27221715571108,48.41112762982546],[-107.27223736676325,48.41112725552884],[-107.27222506966105,48.41115425644921],[-107.2722184307952,48.41115441835982],[-107.27222948038384,48.411252417439925],[-107.27223616406775,48.411252327058236],[-107.27236269043757,48.41123193270127],[-107.27235002773811,48.41109817600403]]]}"
00000000000000002b8e,256,0,0,0,"{""type"":""Polygon"",""coordinates"":[[[-107.27248524544319,48.41112233064698],[-107.27247089002708,48.41110030690121],[-107.27245097898353,48.411105106342916],[-107.27243843403558,48.411123281173445],[-107.27236993876855,48.41109337658419],[-107.27235002773811,48.41109817600403],[-107.27236269043757,48.41123193270127],[-107.27236947656219,48.41123182649761],[-107.27242366701702,48.411244092550454],[-107.27249693341197,48.41123372390321],[-107.27248524544319,48.41112233064698]]]}"
00000000000000002b91,257,0,0,0,"{""type"":""Polygon"",""coordinates"":[[[-107.27258590411404,48.41112036320999],[-107.2725264508842,48.41114381810948],[-107.27249262439985,48.41113554716477],[-107.27248524544319,48.41112233064698],[-107.27249693341197,48.41123372390321],[-107.27251694696547,48.41122890862577],[-107.27255097116819,48.41124162049267],[-107.27259832526983,48.41124960745952],[-107.27262473532097,48.411240117770596],[-107.27262607670308,48.41111957454923],[-107.27258590411404,48.41112036320999]]]}"
00000000000000002b7d,258,0,0,0,"{""type"":""Polygon"",""coordinates"":[[[-107.2727263906381,48.41111311033668],[-107.27271276797505,48.411108937603466],[-107.27267987196264,48.41112295861208],[-107.27262607670308,48.41111957454923],[-107.27262473532097,48.411240117770596],[-107.27265108773176,48.41123071541936],[-107.27271874831636,48.41124278466197],[-107.27275882588384,48.41123753920835],[-107.27276031967743,48.411121365379636],[-107.2727263906381,48.41111311033668]]]}"
00000000000000002b7a,259,0,0,0,"{""type"":""Polygon"",""coordinates"":[[[-107.27288757905974,48.411118821351025],[-107.27286063374378,48.41111490102347],[-107.2727944463957,48.41113406131975],[-107.27276031967743,48.411121365379636],[-107.27275882588384,48.41123753920835],[-107.27286558153003,48.41122647195887],[-107.27290585678851,48.41122566736058],[-107.27288757905974,48.411118821351025]]]}"
00000000000000002b55,260,0,0,0,"{""type"":""Polygon"",""coordinates"":[[[-107.27302049631462,48.411089438126936],[-107.27298676482265,48.41108562408749],[-107.27290100410818,48.41111855315191],[-107.27288757905974,48.411118821351025],[-107.27290585678851,48.41122566736058],[-107.27293260453467,48.411225146765325],[-107.27294602962807,48.41122487855822],[-107.27298586476968,48.41121512056566],[-107.27303238364038,48.411205272120256],[-107.27303926505407,48.41120962259517],[-107.27302049631462,48.411089438126936]]]}"
00000000000000002b8d,261,0,0,0,"{""type"":""Polygon"",""coordinates"":[[[-107.27315577306719,48.41111350444393],[-107.27302049631462,48.411089438126936],[-107.27303926505407,48.41120962259517],[-107.27306709084883,48.41123144959485],[-107.27312108426419,48.411239274321865],[-107.27316804339398,48.41123837916515],[-107.27316245679265,48.411113413997036],[-107.27315577306719,48.41111350444393]]]}"
00000000000000002b8c,262,0,0,0,"{""type"":""Polygon"",""coordinates"":[[[-107.27320169874693,48.4110903332266],[-107.27317568418029,48.411108704853746],[-107.27316245679265,48.411113413997036],[-107.27316804339398,48.41123837916515],[-107.2732015326078,48.41123768070083],[-107.27321495774397,48.41123741245504],[-107.27328158559656,48.41122720518213],[-107.27328822454936,48.41122704319568],[-107.2733024085714,48.4110927502099],[-107.27320169874693,48.4110903332266]]]}"
00000000000000002b5f,263,0,0,0,"{""type"":""Polygon"",""coordinates"":[[[-107.2733024085714,48.4110927502099],[-107.27328822454936,48.41122704319568],[-107.2733084358859,48.411226668665996],[-107.27333518374694,48.41122614795581],[-107.27337545920534,48.411225343155735],[-107.27341563224446,48.411224554152106],[-107.2734290574063,48.41122428587583],[-107.27343669729412,48.41109461160068],[-107.2733024085714,48.4110927502099]]]}"
00000000000000002b63,264,0,0,0,"{""type"":""Polygon"",""coordinates"":[[[-107.27350962608696,48.41107527305992],[-107.27343669729412,48.41109461160068],[-107.2734290574063,48.41122428587583],[-107.27343569636884,48.41122412387897],[-107.27354259981641,48.41121311158225],[-107.27356954547923,48.41121703171711],[-107.27356459553457,48.411105460892365],[-107.27350962608696,48.41107527305992]]]}"
00000000000000002b62,265,0,0,0,"{""type"":""Polygon"",""coordinates"":[[[-107.27366451479983,48.41109011387889],[-107.27357147703411,48.41110981131887],[-107.27356459553457,48.411105460892365],[-107.27356954547923,48.41121703171711],[-107.27358316840704,48.41122120433066],[-107.27367069640111,48.41122840165416],[-107.27370423058699,48.411227774540244],[-107.27370498801315,48.411093749843616],[-107.27366451479983,48.41109011387889]]]}"
00000000000000002b67,266,0,0,0,"{""type"":""Polygon"",""coordinates"":[[[-107.27381926375868,48.41110042619818],[-107.2737989570429,48.4110963441207],[-107.27375902655207,48.41110164571355],[-107.27370498801315,48.411093749843616],[-107.27370423058699,48.411227774540244],[-107.27375114518944,48.41122680756228],[-107.27377125418943,48.411226448746866],[-107.2737981046174,48.411225912090465],[-107.27383827783707,48.411225122905655],[-107.27383923255778,48.411095539126876],[-107.27381926375868,48.41110042619818]]]}"
00000000000000002b75,267,0,0,0,"{""type"":""Polygon"",""coordinates"":[[[-107.2739665381087,48.41109306516611],[-107.27389951460914,48.41109439108972],[-107.27383923255778,48.411095539126876],[-107.27383827783707,48.411225122905655],[-107.2738517030592,48.411224854568836],[-107.27388455434813,48.41121076160096],[-107.27393171161158,48.41121430697247],[-107.27398467192083,48.41119985511966],[-107.2739665381087,48.41109306516611]]]}"
00000000000000002b33,268,0,0,0,"{""type"":""Polygon"",""coordinates"":[[[-107.2741012234798,48.41110380740149],[-107.27407476866928,48.411113225941364],[-107.27403356165341,48.41109173919468],[-107.27400027007585,48.41109687885028],[-107.2739665381087,48.41109306516611],[-107.27398467192083,48.41119985511966],[-107.27412570352692,48.41120153766463],[-107.2741012234798,48.41110380740149]]]}"
00000000000000002b74,269,0,0,0,"{""type"":""Polygon"",""coordinates"":[[[-107.2742269148245,48.411065575504495],[-107.27418757770273,48.41108419996504],[-107.2741012234798,48.41110380740149],[-107.27412570352692,48.41120153766463],[-107.27425144002673,48.411163377186064],[-107.2742269148245,48.411065575504495]]]}"
00000000000000002b71,270,0,0,0,"{""type"":""Polygon"",""coordinates"":[[[-107.27435978799903,48.41103611891065],[-107.27431370948928,48.41105492128711],[-107.27426655219,48.41105137611445],[-107.2742269148245,48.411065575504495],[-107.27425144002673,48.411163377186064],[-107.27426462265032,48.41115859635828],[-107.27432593906964,48.411179724091475],[-107.27437245823268,48.41116987499678],[-107.27439911094382,48.41116489726652],[-107.27435978799903,48.41103611891065]]]}"
00000000000000002b70,271,0,0,0,"{""type"":""Polygon"",""coordinates"":[[[-107.27448591972386,48.41100684003471],[-107.27446605335096,48.41101171141768],[-107.2743663763892,48.411031571671344],[-107.27435978799903,48.41103611891065],[-107.27439911094382,48.41116489726652],[-107.27447228281844,48.41115007038997],[-107.2745120157164,48.4111403275887],[-107.2745254410035,48.41114005915657],[-107.27448591972386,48.41100684003471]]]}"
00000000000000002b2f,272,0,0,0,"{""type"":""Polygon"",""coordinates"":[[[-107.27460561029724,48.41098216397485],[-107.27457251655606,48.41099174470637],[-107.27453962067466,48.411005766317246],[-107.27450588853155,48.411001952833274],[-107.27448591972386,48.41100684003471],[-107.2745254410035,48.41114005915657],[-107.27453218246325,48.4111398812678],[-107.27455229158319,48.411139522286575],[-107.27457948027688,48.411147954553584],[-107.27459246503014,48.41113873278213],[-107.27460525190646,48.41112507011178],[-107.27465904853919,48.411128453032745],[-107.27466563693216,48.411123905765],[-107.27460561029724,48.41098216397485]]]}"
00000000000000002b6f,273,0,0,0,"{""type"":""Polygon"",""coordinates"":[[[-107.2747182212851,48.41094869656732],[-107.27470499392548,48.41095340590801],[-107.27467853920182,48.41096282458529],[-107.27461235173381,48.41098198608157],[-107.27460561029724,48.41098216397485],[-107.27466563693216,48.411123905765],[-107.27474564575684,48.41111335750433],[-107.27481163559806,48.41108975496745],[-107.2747182212851,48.41094869656732]]]}"
00000000000000002b2d,274,0,0,0,"{""type"":""Polygon"",""coordinates"":[[[-107.27487941287363,48.41095440414438],[-107.2748532008514,48.41096833528287],[-107.27483977557998,48.41096860375949],[-107.27479980010935,48.410973834247635],[-107.27481219107855,48.41095128982767],[-107.27483840309154,48.410937358705056],[-107.27481809612074,48.410933276861755],[-107.27478524510204,48.41094737006855],[-107.27473140383782,48.41094391569654],[-107.2747182212851,48.41094869656732],[-107.27481163559806,48.41108975496745],[-107.2748311638751,48.41107591437244],[-107.27491849507608,48.41107866961849],[-107.27487941287363,48.41095440414438]]]}"
00000000000000002b2b,275,1,0,1,"{""type"":""Polygon"",""coordinates"":[[[-107.27500598528356,48.41093407791985],[-107.27498607409795,48.41093887787525],[-107.27489219961451,48.41094074148645],[-107.27487941287363,48.41095440414438],[-107.27491849507608,48.41107866961849],[-107.27496481634253,48.41106437936326],[-107.27497843958449,48.411068551759215],[-107.27500509231973,48.41106357386979],[-107.27503872232067,48.41106740299098],[-107.27505869121177,48.41106251566707],[-107.27500598528356,48.41093407791985]]]}"
00000000000000002b6b,276,0,0,0,"{""type"":""Polygon"",""coordinates"":[[[-107.27512563115725,48.41090932971498],[-107.27510556684595,48.41090976034302],[-107.2750258516622,48.41092920643224],[-107.27500598528356,48.41093407791985],[-107.27505869121177,48.41106251566707],[-107.27513810632718,48.41103864442094],[-107.27519741221437,48.411015132242156],[-107.27512563115725,48.41090932971498]]]}"
00000000000000002ba1,277,0,0,0,"{""type"":""Polygon"",""coordinates"":[[[-107.27521114876173,48.41087188640115],[-107.2752184712437,48.41088518996242],[-107.27512563115725,48.41090932971498],[-107.27519741221437,48.411015132242156],[-107.27524368862845,48.411000770342184],[-107.27529679612903,48.41098637353855],[-107.27532827426788,48.410941035106994],[-107.27534130367226,48.41093188480246],[-107.27521114876173,48.41087188640115]]]}"
00000000000000002b6d,278,0,0,0,"{""type"":""Polygon"",""coordinates"":[[[-107.27523455738245,48.41079555260436],[-107.27522260737905,48.41082705027531],[-107.27521011421626,48.41084961050512],[-107.27521114876173,48.41087188640115],[-107.27534130367226,48.41093188480246],[-107.27536087658447,48.41091811567348],[-107.2753787313193,48.41086860496098],[-107.27540390855832,48.410832397824485],[-107.2754100112995,48.41081882573808],[-107.27523455738245,48.41079555260436]]]}"
00000000000000002bab,279,0,0,0,"{""type"":""Polygon"",""coordinates"":[[[-107.27543224448486,48.410715687938506],[-107.27521765230128,48.41071548048039],[-107.27523200966195,48.410737503608054],[-107.27525305085253,48.41075943614836],[-107.27523402115804,48.410782142658306],[-107.27523455738245,48.41079555260436],[-107.2754100112995,48.41081882573808],[-107.27541615884307,48.41080532518303],[-107.27542874743061,48.41078722162989],[-107.27544748353093,48.410755617537525],[-107.27543224448486,48.410715687938506]]]}"
00000000000000002b2a,280,0,0,0,"{""type"":""Polygon"",""coordinates"":[[[-107.27542432801087,48.41068906186139],[-107.27542255905688,48.41064893528154],[-107.2753936013455,48.41060037678945],[-107.27538671958108,48.41059602654157],[-107.2752213476841,48.410648387738796],[-107.27523624125322,48.41068382075663],[-107.27520314771695,48.410693401646526],[-107.27521765230128,48.41071548048039],[-107.27543224448486,48.410715687938506],[-107.27542432801087,48.41068906186139]]]}"
00000000000000002b24,281,0,0,0,"{""type"":""Polygon"",""coordinates"":[[[-107.27537172343477,48.41056060942447],[-107.27530406121143,48.4105485422446],[-107.27526939695599,48.410522437487096],[-107.27524889210804,48.410513914919946],[-107.27514557128568,48.410605253513886],[-107.2752136293393,48.4106262025271],[-107.2752213476841,48.410648387738796],[-107.27538671958108,48.41059602654157],[-107.27537172343477,48.41056060942447]]]}"
00000000000000002b23,282,0,0,0,"{""type"":""Polygon"",""coordinates"":[[[-107.27522160107485,48.41050549875534],[-107.27520783764768,48.41049679824768],[-107.275132502256,48.41046261733513],[-107.27511917956299,48.410462870029285],[-107.2750434431081,48.41057152214461],[-107.27509104096,48.41058402013697],[-107.27509153233039,48.41059735850723],[-107.27509197300655,48.41060631174046],[-107.27514557128568,48.410605253513886],[-107.27524889210804,48.410513914919946],[-107.27522160107485,48.41050549875534]]]}"
00000000000000002b27,283,0,0,0,"{""type"":""Polygon"",""coordinates"":[[[-107.27505815672346,48.410450640576514],[-107.27498312204212,48.410420884590025],[-107.27491554415606,48.41056067494673],[-107.27494248990865,48.41056459464663],[-107.27496850370196,48.41054622274816],[-107.27500951318916,48.41056326801465],[-107.27498413796326,48.41059503401432],[-107.2750107903526,48.41059005617621],[-107.27503680415099,48.41057168425037],[-107.2750434431081,48.41057152214461],[-107.27511917956299,48.410462870029285],[-107.27505815672346,48.410450640576514]]]}"
00000000000000002b28,284,0,0,0,"{""type"":""Polygon"",""coordinates"":[[[-107.27496949902937,48.41041671223952],[-107.2748472629372,48.410383339813755],[-107.27479428439642,48.41054966548645],[-107.27480770950937,48.410549397022294],[-107.27482113462416,48.41054912855621],[-107.27491554415606,48.41056067494673],[-107.27498312204212,48.410420884590025],[-107.27496949902937,48.41041671223952]]]}"
00000000000000002b29,285,0,0,0,"{""type"":""Polygon"",""coordinates"":[[[-107.27476027160601,48.410389553510925],[-107.27473288546193,48.41037668056771],[-107.27471282152256,48.41037711110004],[-107.27467189519464,48.41051192343637],[-107.27473985002158,48.41053288858326],[-107.2747876454605,48.410549827574414],[-107.27479428439642,48.41054966548645],[-107.2748472629372,48.410383339813755],[-107.27476027160601,48.410389553510925]]]}"
00000000000000002b31,286,0,0,0,"{""type"":""Polygon"",""coordinates"":[[[-107.27457769712277,48.41035741663048],[-107.27453760667144,48.410510063786134],[-107.27463796555182,48.410503669177494],[-107.27467189519464,48.41051192343637],[-107.27471282152256,48.41037711110004],[-107.27457769712277,48.41035741663048]]]}"
00000000000000002b30,287,0,0,0,"{""type"":""Polygon"",""coordinates"":[[[-107.27455763322668,48.41035784712919],[-107.27451799661284,48.41037204643582],[-107.27443086534552,48.41037373164657],[-107.27441099932531,48.4103786029515],[-107.27445696091272,48.41050721764407],[-107.27449679553607,48.41049745916971],[-107.27453760667144,48.410510063786134],[-107.27457769712277,48.41035741663048],[-107.27455763322668,48.41035784712919]]]}"
00000000000000002b2e,288,0,0,0,"{""type"":""Polygon"",""coordinates"":[[[-107.27441099932531,48.4103786029515],[-107.27430517634414,48.41041196325562],[-107.27429799454983,48.410403187913076],[-107.27428982210834,48.41051945059969],[-107.2744437337216,48.41051192690562],[-107.27445696091272,48.41050721764407],[-107.27441099932531,48.4103786029515]]]}"
00000000000000002b32,289,0,0,0,"{""type"":""Polygon"",""coordinates"":[[[-107.27427016822087,48.41038136162166],[-107.27416341378434,48.410392430224995],[-107.27414962891443,48.41053560319115],[-107.27423631983652,48.41052496499676],[-107.27428982210834,48.41051945059969],[-107.27429799454983,48.410403187913076],[-107.27427016822087,48.41038136162166]]]}"
00000000000000002b1d,290,0,0,0,"{""type"":""Polygon"",""coordinates"":[[[-107.27407662079166,48.41040308413217],[-107.27404288941175,48.41039927050945],[-107.27402917128167,48.4103906413662],[-107.27401494550351,48.41052486108818],[-107.27403525198541,48.4105289430823],[-107.2740557562855,48.41053746592456],[-107.2741295650123,48.4105360336021],[-107.27414299002585,48.410535765233355],[-107.27414962891443,48.41053560319115],[-107.27416341378434,48.410392430224995],[-107.27407662079166,48.41040308413217]]]}"
00000000000000002b61,291,0,0,0,"{""type"":""Polygon"",""coordinates"":[[[-107.2740153059231,48.410381956507884],[-107.27398792026996,48.41036908334184],[-107.27394828367679,48.410383282416056],[-107.27390176562884,48.41039313113222],[-107.27386698464059,48.41051444283709],[-107.27390047344652,48.41051374414911],[-107.27395387311803,48.41050824575834],[-107.27399468383386,48.41052085061841],[-107.27401494550351,48.41052486108818],[-107.27402917128167,48.4103906413662],[-107.2740153059231,48.410381956507884]]]}"
00000000000000002b5d,292,0,0,0,"{""type"":""Polygon"",""coordinates"":[[[-107.27388853849111,48.41039784030597],[-107.27382810460153,48.41039461897883],[-107.27381286768205,48.41035468933913],[-107.27378572476016,48.41034632848443],[-107.27373112801985,48.41047689635488],[-107.27376505709461,48.41048515094404],[-107.27380586763589,48.41049775588323],[-107.27385331708643,48.41051019878588],[-107.27386698464059,48.41051444283709],[-107.27390176562884,48.41039313113222],[-107.27388853849111,48.41039784030597]]]}"
00000000000000002b5e,293,0,0,0,"{""type"":""Polygon"",""coordinates"":[[[-107.27372470345357,48.41033409817313],[-107.27370463975065,48.41033452848874],[-107.27365728597609,48.41032654219533],[-107.27360156000196,48.41043037752832],[-107.2736751255938,48.410424433197974],[-107.27369602520568,48.410441837798075],[-107.27369739673878,48.41047308260317],[-107.27373112801985,48.41047689635488],[-107.27378572476016,48.41034632848443],[-107.27372470345357,48.41033409817313]]]}"
00000000000000002b21,294,1,0,1,"{""type"":""Polygon"",""coordinates"":[[[-107.27362262370646,48.410300436902276],[-107.27359543612134,48.41029200447037],[-107.27356741274856,48.410265737170505],[-107.2735539879148,48.410266005452975],[-107.27347249040136,48.41039272442761],[-107.2734925540867,48.410392294160424],[-107.27354698694198,48.410409071764164],[-107.27358823753707,48.41043063000441],[-107.27360156000196,48.41043037752832],[-107.27365728597609,48.41032654219533],[-107.27362262370646,48.410300436902276]]]}"
00000000000000002b1c,295,0,0,0,"{""type"":""Polygon"",""coordinates"":[[[-107.27354016758628,48.41025739206904],[-107.27352640489718,48.410248691342396],[-107.2734724125736,48.41024086696044],[-107.2734585474837,48.41023218203937],[-107.273370824341,48.41022054376176],[-107.27337945452018,48.41041242137683],[-107.27347249040136,48.41039272442761],[-107.2735539879148,48.410266005452975],[-107.27354016758628,48.41025739206904]]]}"
00000000000000002b20,296,0,0,0,"{""type"":""Polygon"",""coordinates"":[[[-107.27333689573888,48.410212289062386],[-107.27328453016054,48.41024006274471],[-107.27324562696874,48.410272112167235],[-107.27322595882043,48.410281424049174],[-107.27327899464348,48.410418830437706],[-107.27335260480145,48.41041295789018],[-107.27337945452018,48.41041242137683],[-107.273370824341,48.41022054376176],[-107.27333689573888,48.410212289062386]]]}"
00000000000000002b5b,297,0,0,0,"{""type"":""Polygon"",""coordinates"":[[[-107.27322595882043,48.410281424049174],[-107.27317333778568,48.41030484421403],[-107.2730860102265,48.41030208733043],[-107.27318172439466,48.41049220979429],[-107.27319898822603,48.410429377279705],[-107.27327899464348,48.410418830437706],[-107.27322595882043,48.410281424049174]]]}"
00000000000000002b37,298,0,0,0,"{""type"":""Polygon"",""coordinates"":[[[-107.2730860102265,48.41030208733043],[-107.27306590187538,48.41030244597988],[-107.27305335745493,48.41032062060415],[-107.27297364431342,48.41034006472559],[-107.2729541737947,48.41035381740764],[-107.27308077384856,48.4104852802845],[-107.27316303179312,48.41052388485122],[-107.27318245757418,48.41051006055251],[-107.27318172439466,48.41049220979429],[-107.2730860102265,48.41030208733043]]]}"
00000000000000002b5a,299,0,0,0,"{""type"":""Polygon"",""coordinates"":[[[-107.2729541737947,48.41035381740764],[-107.27294114436513,48.41036296729027],[-107.27290214564867,48.410390559995605],[-107.27286133593917,48.410377954677024],[-107.27280099808634,48.410379189343196],[-107.27280236885477,48.41041043414378],[-107.2728825726576,48.41040432849002],[-107.27285817181945,48.41045845698856],[-107.27308077384856,48.4104852802845],[-107.2729541737947,48.41035381740764]],[[-107.2728617760688,48.410386907897546],[-107.27284815362835,48.410382735234606],[-107.27285543019124,48.41039596735337],[-107.2728617760688,48.410386907897546]]]}"
00000000000000002b56,300,0,0,0,"{""type"":""GeometryCollection"",""geometries"":[{""type"":""LineString"",""coordinates"":[[-107.2728349725043,48.41053928213499],[-107.27281466616246,48.410535217280646],[-107.27280776474481,48.41053088750877]]},{""type"":""Polygon"",""coordinates"":[[[-107.27308077384856,48.4104852802845],[-107.27285817181945,48.41045845698856],[-107.27285900727465,48.4104762919291],[-107.27288107950481,48.41052050074486],[-107.27284164046931,48.410539140264376],[-107.27310505299478,48.410578568896],[-107.27310485530181,48.410574128035314],[-107.27312442835488,48.41056035945031],[-107.27316303179312,48.41052388485122],[-107.27308077384856,48.4104852802845]]]}]}"
00000000000000002b79,301,0,0,0,"{""type"":""Polygon"",""coordinates"":[[[-107.27284164046931,48.410539140264376],[-107.27284183813043,48.4105435811235],[-107.27283500167101,48.41053930221399],[-107.27281469558686,48.4105352199555],[-107.2728549428135,48.41068628959093],[-107.27292870609648,48.41068478667331],[-107.27304160850164,48.41066021900308],[-107.27309270617206,48.410601184484335],[-107.27310505299478,48.410578568896],[-107.27284164046931,48.410539140264376]]]}"
00000000000000002b7b,302,0,0,0,"{""type"":""Polygon"",""coordinates"":[[[-107.27281469558686,48.4105352199555],[-107.27280771190055,48.41053088532818],[-107.2727669021165,48.410518279938294],[-107.27274639841681,48.41050975680899],[-107.27265270403824,48.41066346064728],[-107.27278103956549,48.41068326423692],[-107.2728549428135,48.41068628959093],[-107.27281469558686,48.4105352199555]]]}"
00000000000000002b78,303,0,0,0,"{""type"":""Polygon"",""coordinates"":[[[-107.27273975963041,48.410509918751636],[-107.27268508504353,48.41048862825627],[-107.27265858033893,48.41049366114533],[-107.27262401421562,48.410472012053475],[-107.2725300771465,48.41062120327365],[-107.27256454087563,48.410642868271346],[-107.27262565671005,48.41065955608929],[-107.27265270403824,48.41066346064728],[-107.27274639841681,48.41050975680899],[-107.27273975963041,48.410509918751636]]]}"
00000000000000002b7f,304,0,0,0,"{""type"":""GeometryCollection"",""geometries"":[{""type"":""LineString"",""coordinates"":[[-107.2725023737044,48.4104520517661],[-107.2725021753792,48.4104476030858]]},{""type"":""Polygon"",""coordinates"":[[[-107.27261693537616,48.41046322074968],[-107.2725023737044,48.4104520517661],[-107.27250231847503,48.410452046381586],[-107.27239480350482,48.41059713621925],[-107.27242873188489,48.41060539131619],[-107.27252313830016,48.41061694014711],[-107.2725300771465,48.41062120327365],[-107.27262401421562,48.410472012053475],[-107.27261693537616,48.41046322074968]]]}]}"
00000000000000002b7e,305,0,0,0,"{""type"":""Polygon"",""coordinates"":[[[-107.27248171974635,48.410439066537414],[-107.27237993503908,48.41041430133676],[-107.2722717374882,48.41054592529232],[-107.2722788162324,48.410554716637556],[-107.27229995732533,48.41057663400095],[-107.27234755280602,48.41058913341282],[-107.27238811992775,48.41059722660816],[-107.27239480350482,48.41059713621925],[-107.2725021208547,48.41044760552834],[-107.27248171974635,48.410439066537414]]]}"
00000000000000002b80,306,1,0,0,"{""type"":""Polygon"",""coordinates"":[[[-107.27230539517109,48.41039788152775],[-107.27228332382657,48.41035367265887],[-107.27227644270796,48.41034932219209],[-107.27227033912766,48.410362893981535],[-107.27225814478804,48.41038987869922],[-107.27224472009534,48.41039014679591],[-107.27218771583915,48.4104671933113],[-107.2721945018109,48.410467087125376],[-107.27227685314293,48.41051014915361],[-107.27225083882236,48.410528520324725],[-107.2722717374882,48.41054592529232],[-107.27237993503908,48.41041430133676],[-107.27230539517109,48.41039788152775]]]}"
00000000000000002b58,307,0,0,0,"{""type"":""GeometryCollection"",""geometries"":[{""type"":""LineString"",""coordinates"":[[-107.27227622064666,48.410344879824734],[-107.27227641955544,48.4103493420559],[-107.27227031384129,48.41036286117526]]},{""type"":""Polygon"",""coordinates"":[[[-107.27220444602808,48.41039095107448],[-107.2722033181548,48.410364218640545],[-107.2721821772499,48.410342301338304],[-107.2721481093081,48.4103295179988],[-107.27206489317055,48.41042049460127],[-107.27214046545662,48.41045919041454],[-107.27218771583915,48.4104671933113],[-107.27224472009534,48.41039014679591],[-107.27220444602808,48.41039095107448]]]}]}"
00000000000000002b81,308,0,0,0,"{""type"":""Polygon"",""coordinates"":[[[-107.27210710268923,48.41031247151373],[-107.27210626759825,48.410294636612115],[-107.2720522763616,48.410286811398365],[-107.27204559286518,48.41028690176089],[-107.27194207097311,48.41037379576322],[-107.27195593552342,48.410382480939695],[-107.27199723476383,48.410408425029125],[-107.27206489317055,48.41042049460127],[-107.2721481093081,48.4103295179988],[-107.27210710268923,48.41031247151373]]]}"
00000000000000002b59,309,0,0,0,"{""type"":""Polygon"",""coordinates"":[[[-107.27201146743747,48.41027420572362],[-107.27195606145824,48.41023506418113],[-107.27192901472088,48.410231159443505],[-107.27185180708264,48.41030410727961],[-107.27185868811107,48.41030845777538],[-107.27189334846555,48.41033456375683],[-107.27192137017752,48.41036083162058],[-107.27194207097311,48.41037379576322],[-107.27204559286518,48.41028690176089],[-107.27201146743747,48.41027420572362]]]}"
00000000000000002b84,310,1,0,0,"{""type"":""Polygon"",""coordinates"":[[[-107.2719153925822,48.41022698665294],[-107.27188820595391,48.410218553725606],[-107.27184803465707,48.41021934203201],[-107.27182669657975,48.410192983866274],[-107.27182001311651,48.41019307421213],[-107.27168978931944,48.41028055956965],[-107.27169662551496,48.41028483854656],[-107.27171673356341,48.41028448019128],[-107.27175729993628,48.410292573625604],[-107.27180425718524,48.410291679198515],[-107.27185180708264,48.41030410727961],[-107.27192901472088,48.410231159443505],[-107.2719153925822,48.41022698665294]]]}"
00000000000000002b54,311,0,0,0,"{""type"":""Polygon"",""coordinates"":[[[-107.27173780329512,48.410154540180436],[-107.27172969234904,48.41012347317123],[-107.27158663672775,48.41022454880357],[-107.27167572738735,48.41026743352538],[-107.27168978931944,48.41028055956965],[-107.27182001311651,48.41019307421213],[-107.27173780329512,48.410154540180436]]]}"
00000000000000002b52,312,0,0,0,"{""type"":""Polygon"",""coordinates"":[[[-107.27172217399755,48.41010572866321],[-107.2716681385465,48.41009783171745],[-107.27161341552353,48.41007215562139],[-107.27158676406506,48.410077132445856],[-107.27152488545858,48.41019446637158],[-107.2715317664046,48.41019881688391],[-107.2715656939114,48.410207072245974],[-107.2715863944204,48.41022003643515],[-107.27158663672775,48.41022454880357],[-107.27172969234904,48.41012347317123],[-107.27172217399755,48.41010572866321]]]}"
00000000000000002b85,313,0,0,0,"{""type"":""Polygon"",""coordinates"":[[[-107.27154693042868,48.4100868896127],[-107.27153233375574,48.41006035377209],[-107.2715051474487,48.4100519207546],[-107.27149796660173,48.41004314523806],[-107.27138053029421,48.410116967914675],[-107.27140841147984,48.41013870766419],[-107.27148324226252,48.41016402561061],[-107.27152488545858,48.41019446637158],[-107.27158676406506,48.410077132445856],[-107.27154693042868,48.4100868896127]]]}"
00000000000000002b4b,314,0,0,0,"{""type"":""GeometryCollection"",""geometries"":[{""type"":""LineString"",""coordinates"":[[-107.27151514928724,48.409975824611315],[-107.27152185168076,48.40997569223021],[-107.27152855407422,48.40997555984874]]},{""type"":""Polygon"",""coordinates"":[[[-107.27148263762334,48.40999875878333],[-107.27148858866136,48.409980817841934],[-107.27132843271008,48.410001852486246],[-107.27133581097755,48.41001506883303],[-107.27133698302612,48.41004187264746],[-107.27133791279705,48.410064164118694],[-107.27137384687678,48.4101170582282],[-107.27138053029421,48.410116967914675],[-107.27149796660173,48.41004314523806],[-107.27148263762334,48.40999875878333]]]}]}"
00000000000000002b51,315,0,0,0,"{""type"":""Polygon"",""coordinates"":[[[-107.27149385759733,48.40994941139622],[-107.27147178763157,48.40990520267731],[-107.27146451175271,48.40989197055808],[-107.27127106634975,48.40991814367058],[-107.27127126382368,48.40992258448605],[-107.27132843271008,48.410001852486246],[-107.27148858866136,48.409980817841934],[-107.27148814886473,48.409971864674766],[-107.27151513760263,48.409975856867064],[-107.27152856204133,48.40997558888076],[-107.27153490806685,48.409966529580075],[-107.27149385759733,48.40994941139622]]]}"
00000000000000002b4c,316,0,0,0,"{""type"":""Polygon"",""coordinates"":[[[-107.27144981278417,48.409865450609466],[-107.27140827245647,48.40983499418135],[-107.27139996436811,48.409799486516484],[-107.27123459784582,48.40985183993925],[-107.27124875445162,48.40986942257725],[-107.27127106634975,48.40991814367058],[-107.27146451175271,48.40989197055808],[-107.27144981278417,48.409865450609466]]]}"
00000000000000002b50,317,0,0,0,"{""type"":""Polygon"",""coordinates"":[[[-107.27139308351691,48.40979513602484],[-107.2713579844054,48.409760076968105],[-107.27131790888271,48.40976532164089],[-107.27129096517206,48.40976140093208],[-107.27130238275207,48.40971649458156],[-107.27117835910124,48.409794863456874],[-107.27120618224858,48.40981669048406],[-107.27122771701761,48.40984748943093],[-107.27123459784582,48.40985183993925],[-107.27139996436811,48.409799486516484],[-107.27139308351691,48.40979513602484]]]}"
00000000000000002b4e,318,0,0,0,"{""type"":""MultiPolygon"",""coordinates"":[[[[-107.2712774717428,48.40960981298553],[-107.27132535766549,48.409631210122676],[-107.27133150617533,48.409617710104506],[-107.27133067144585,48.409599875419],[-107.27132993914577,48.40958202492856],[-107.27132969686652,48.40957751261306],[-107.2712774717428,48.40960981298553]]],[[[-107.27126644913223,48.409663600830356],[-107.27125262989694,48.40965498718706],[-107.27123886830393,48.40964628620332],[-107.27123168760991,48.40963751072966],[-107.27108179744997,48.409734305683],[-107.27109541919323,48.40973847856323],[-107.27110957567336,48.409756061187586],[-107.27112963851337,48.40975563144005],[-107.27117835910124,48.409794863456874],[-107.27130238275207,48.40971649458156],[-107.2713021852729,48.40971205378342],[-107.2712557637958,48.40972635766685],[-107.27126781861988,48.409694845266664],[-107.27130071332692,48.40968082514913],[-107.27126644913223,48.409663600830356]]]]}"
00000000000000002b43,319,0,0,0,"{""type"":""Polygon"",""coordinates"":[[[-107.27144179264931,48.409383241736755],[-107.27118086547857,48.409549183987636],[-107.27119428971498,48.40954891605526],[-107.27120180768422,48.40956666042926],[-107.27116109523648,48.40955851112331],[-107.27097840567417,48.40967378243451],[-107.27098572610048,48.409687086071784],[-107.27102673103018,48.409704132878346],[-107.2710405501954,48.409712746563805],[-107.27108179744997,48.409734305683],[-107.27123168760991,48.40963751072966],[-107.27120297965334,48.40959346402231],[-107.27124969346976,48.40958805759029],[-107.2712774717428,48.40960981298553],[-107.27132969686652,48.40957751261306],[-107.27128668504953,48.40951582774765],[-107.2713248933457,48.40947047304805],[-107.27147054562475,48.40942735972222],[-107.27149582689044,48.40939113873473],[-107.27144179264931,48.409383241736755]]]}"
00000000000000002b3a,320,0,0,0,"{""type"":""Polygon"",""coordinates"":[[[-107.27142836843781,48.40938350970222],[-107.27137477403889,48.40938456573404],[-107.27087432706274,48.409595480157044],[-107.27095736856243,48.4096518493012],[-107.27097840567417,48.40967378243451],[-107.27116109523648,48.40955851112331],[-107.27114777343058,48.4095587632404],[-107.2711606052766,48.40954517295668],[-107.27118086547857,48.409549183987636],[-107.27144179264931,48.409383241736755],[-107.27142836843781,48.40938350970222]]]}"
00000000000000002b89,321,0,1,0,"{""type"":""Polygon"",""coordinates"":[[[-107.27087432706274,48.409595480157044],[-107.27137477403889,48.40938456573404],[-107.27128759036755,48.409386335271826],[-107.27122691782465,48.40937859997999],[-107.27050506602784,48.40958932973002],[-107.27050550558728,48.40959828284357],[-107.27056617784733,48.409606018629646],[-107.27058004159454,48.40961470390003],[-107.27062021169522,48.40961391616265],[-107.27063363587538,48.40961364830967],[-107.27083391465638,48.40959175568304],[-107.27086724892186,48.409586688851],[-107.27087432706274,48.409595480157044]],[[-107.27086724892186,48.409586688851],[-107.27088043090394,48.409581908644604],[-107.27087359498591,48.40957762965894],[-107.27086724892186,48.409586688851]]]}"
00000000000000002b42,322,0,0,0,"{""type"":""Polygon"",""coordinates"":[[[-107.27119997442767,48.409374679266115],[-107.27113305103657,48.40938045967144],[-107.27107945680979,48.409381515534214],[-107.2710534430919,48.40939988597787],[-107.2710400189296,48.409400153887944],[-107.27101170630903,48.40936498884818],[-107.27099744759236,48.40934742214369],[-107.2705208694892,48.409490797712884],[-107.27051491815008,48.4095087384374],[-107.27052380458747,48.4095577272437],[-107.2705046712622,48.409580448147125],[-107.27050506602784,48.40958932973002],[-107.27122691782465,48.40937859997999],[-107.27119997442767,48.409374679266115]]]}"
00000000000000002b49,323,0,0,0,"{""type"":""Polygon"",""coordinates"":[[[-107.27098368620501,48.40933872116831],[-107.27094121004588,48.409290446030326],[-107.27094047792723,48.40927259563575],[-107.27092641672316,48.409259469711145],[-107.27055746729114,48.409409686702865],[-107.27055102624398,48.40941428925898],[-107.27052550212309,48.409445997721896],[-107.2705208694892,48.409490797712884],[-107.27099744759236,48.40934742214369],[-107.27098368620501,48.40933872116831]]]}"
00000000000000002b48,324,0,0,0,"{""type"":""Polygon"",""coordinates"":[[[-107.27091245795899,48.40924632797713],[-107.27089112125759,48.40921997004908],[-107.27086310137561,48.40919370239978],[-107.2708491874603,48.40918063219983],[-107.27061246611578,48.40928800459048],[-107.27061934672763,48.40929235510274],[-107.27071394478824,48.409308346339635],[-107.27071477922323,48.409326180940624],[-107.27064088060892,48.4093231539012],[-107.27060080578316,48.40932839821452],[-107.27058230959663,48.40936451287677],[-107.27056297901531,48.40938279293172],[-107.27055746729114,48.409409686702865],[-107.27092641672316,48.409259469711145],[-107.27091245795899,48.40924632797713]]]}"
00000000000000002b46,325,0,0,0,"{""type"":""Polygon"",""coordinates"":[[[-107.2708284431275,48.40916759655118],[-107.27080046813931,48.40914140043527],[-107.270798856809,48.40910564402803],[-107.27077127673071,48.40908832942873],[-107.27075745788723,48.409079715797105],[-107.27075057728548,48.4090753653118],[-107.27056965351464,48.409230760453795],[-107.27057717108389,48.40924850478107],[-107.27061246611578,48.40928800459048],[-107.2708491874603,48.40918063219983],[-107.2708284431275,48.40916759655118]]]}"
00000000000000002b47,326,0,0,0,"{""type"":""Polygon"",""coordinates"":[[[-107.27074359425822,48.40907103063632],[-107.27074286222978,48.40905318031129],[-107.27070029180351,48.40900044875495],[-107.27069985218833,48.40899149574391],[-107.27069297161306,48.40898714526099],[-107.27064108436193,48.40902841373909],[-107.27065450833268,48.40902814589144],[-107.27064191876873,48.409046248247954],[-107.27063464339021,48.409033016266044],[-107.27047285271051,48.409165690346086],[-107.27054104178333,48.40919117042034],[-107.27056965351464,48.409230760453795],[-107.27075057728548,48.4090753653118],[-107.27074359425822,48.40907103063632]]]}"
00000000000000002b96,327,0,0,0,"{""type"":""Polygon"",""coordinates"":[[[-107.2706860334062,48.40898288211609],[-107.27066528927189,48.40896984647547],[-107.27065865090651,48.40897000825909],[-107.27061985045464,48.40900204003918],[-107.27058631938405,48.40900266597229],[-107.27058612198724,48.40899822522996],[-107.27036814016574,48.40907399441202],[-107.27042506325608,48.40914874949738],[-107.27045903395526,48.40915707665686],[-107.27047285271051,48.409165690346086],[-107.27063464339021,48.409033016266044],[-107.27062756541869,48.40902422503064],[-107.27064108436193,48.40902841373909],[-107.27069297161306,48.40898714526099],[-107.2706860334062,48.40898288211609]]]}"
00000000000000002b3f,328,0,0,0,"{""type"":""GeometryCollection"",""geometries"":[{""type"":""LineString"",""coordinates"":[[-107.27066534480169,48.40896985529128],[-107.27065864253638,48.408969987620445]]},{""type"":""Polygon"",""coordinates"":[[[-107.27057684072724,48.40894035546789],[-107.27031668432876,48.408972274310635],[-107.27031697663,48.40898117160366],[-107.27033948402465,48.409034332896574],[-107.27036814016574,48.40907399441202],[-107.27058612198724,48.40899822522996],[-107.27059139140943,48.40896681939916],[-107.27057684072724,48.40894035546789]]]}]}"
00000000000000002c17,329,0,0,0,"{""type"":""Polygon"",""coordinates"":[[[-107.270568151674,48.408895807966566],[-107.27053997974387,48.40886517116534],[-107.27029217143193,48.40887447532583],[-107.2702858254049,48.4088835343593],[-107.27031624480773,48.408963321300185],[-107.27031668432876,48.408972274310635],[-107.27057684072724,48.40894035546789],[-107.270568151674,48.408895807966566]]]}"
00000000000000002b3d,330,0,0,0,"{""type"":""Polygon"",""coordinates"":[[[-107.270327934634,48.408775530916614],[-107.27029217143193,48.40887447532583],[-107.27053997974387,48.40886517116534],[-107.27051249499527,48.4088523131003],[-107.27056462423737,48.40881555708764],[-107.2705702307938,48.40879312015344],[-107.270327934634,48.408775530916614]]]}"
00000000000000002b0a,331,0,0,0,"{""type"":""Polygon"",""coordinates"":[[[-107.27034393533522,48.408681441150016],[-107.27031836151754,48.408708764110536],[-107.270327934634,48.408775530916614],[-107.2705702307938,48.40879312015344],[-107.27058248312153,48.40876604910979],[-107.27057476822615,48.40874386422022],[-107.2705802797902,48.40871697078741],[-107.27034393533522,48.408681441150016]]]}"
00000000000000002a5c,332,0,0,0,"{""type"":""Polygon"",""coordinates"":[[[-107.27054518268025,48.40868191209094],[-107.27053771000892,48.408664239474675],[-107.27057163555028,48.40867249500013],[-107.27042016688112,48.4085861343793],[-107.27038824721282,48.408622516302806],[-107.27034393533522,48.408681441150016],[-107.2705802797902,48.40871697078741],[-107.27057954783118,48.408699120577694],[-107.27054518268025,48.40868191209094]]]}"
00000000000000002b0c,333,0,0,0,"{""type"":""Polygon"",""coordinates"":[[[-107.27051733925182,48.40850830399761],[-107.27045823504265,48.408536252781424],[-107.27043295372408,48.40857247291763],[-107.27042016688112,48.4085861343793],[-107.27057163555028,48.40867249500013],[-107.27058525678105,48.408676667882666],[-107.2705915002891,48.40866762467658],[-107.27061815055352,48.408662648289614],[-107.27063748070765,48.408644368480886],[-107.27065060470504,48.40863967573686],[-107.27051733925182,48.40850830399761]]]}"
00000000000000002b45,334,0,0,0,"{""type"":""Polygon"",""coordinates"":[[[-107.27066342687961,48.40847414570295],[-107.2706233529768,48.40847938991891],[-107.27056268248535,48.40847165428727],[-107.27052378013185,48.40850370152606],[-107.27051733925182,48.40850830399761],[-107.27065060470504,48.40863967573686],[-107.27073631451789,48.408606678835],[-107.27074310004318,48.40860657276653],[-107.27066342687961,48.40847414570295]]]}"
00000000000000002b41,335,0,0,0,"{""type"":""Polygon"",""coordinates"":[[[-107.27079618569348,48.40844471157516],[-107.2707828643401,48.40844496362497],[-107.27072980628867,48.40845942865989],[-107.27066342687961,48.40847414570295],[-107.27074310004318,48.40860657276653],[-107.27080279662083,48.40859194588839],[-107.27084320793084,48.40859567033355],[-107.27086941852119,48.40858174094342],[-107.27079618569348,48.40844471157516]]]}"
00000000000000002b09,336,0,0,0,"{""type"":""Polygon"",""coordinates"":[[[-107.2709427129436,48.408419505809825],[-107.27089600073154,48.40842491193375],[-107.27079618569348,48.40844471157516],[-107.27086941852119,48.40858174094342],[-107.27090250964076,48.40857216198523],[-107.27096284333582,48.408570928657596],[-107.2709427129436,48.408419505809825]]]}"
00000000000000002b3c,337,0,0,0,"{""type"":""Polygon"",""coordinates"":[[[-107.27108309189889,48.40840779952105],[-107.27106288257959,48.40840817351208],[-107.2710160753096,48.4084091231929],[-107.2709427129436,48.408419505809825],[-107.27096284333582,48.408570928657596],[-107.27109711932634,48.40857279355074],[-107.27108309189889,48.40840779952105]]]}"
00000000000000002b06,338,0,0,0,"{""type"":""Polygon"",""coordinates"":[[[-107.27108309189889,48.40840779952105],[-107.27109711932634,48.40857279355074],[-107.27115745314663,48.408571560097805],[-107.27119034681493,48.408557540339224],[-107.27119698514325,48.40855737852109],[-107.27123679238257,48.408395840914814],[-107.27108309189889,48.40840779952105]]]}"
00000000000000002b08,339,0,0,0,"{""type"":""Polygon"",""coordinates"":[[[-107.27129078024512,48.40840366639495],[-107.27126364003635,48.40839530506492],[-107.27123679238257,48.408395840914814],[-107.27119698514325,48.40855737852109],[-107.27123725678547,48.4085565747536],[-107.27131022460787,48.40853731047351],[-107.27133760722825,48.40855018403757],[-107.27137102336842,48.40839763389741],[-107.27129078024512,48.40840366639495]]]}"
00000000000000002b03,340,0,0,0,"{""type"":""Polygon"",""coordinates"":[[[-107.27151321235816,48.40842612356085],[-107.27148563219987,48.4084088093888],[-107.27143804018894,48.40839630997257],[-107.27137102336842,48.40839763389741],[-107.27133760722825,48.40855018403757],[-107.27137880877336,48.408571671055874],[-107.27144582591457,48.40857034711316],[-107.27152004820003,48.40843040241071],[-107.27151321235816,48.40842612356085]]]}"
00000000000000002b3e,341,0,0,0,"{""type"":""Polygon"",""coordinates"":[[[-107.27152004820003,48.40843040241071],[-107.27144582591457,48.40857034711316],[-107.27147257132766,48.408569827009075],[-107.27149307341723,48.408578350141255],[-107.27150713467708,48.40859147581416],[-107.27156824603072,48.40860816377686],[-107.27166140274032,48.40844105756844],[-107.27152004820003,48.40843040241071]]]}"
00000000000000002b02,342,0,0,0,"{""type"":""Polygon"",""coordinates"":[[[-107.27174360879695,48.40847959052463],[-107.27172271156655,48.408462186079205],[-107.27169513122105,48.40844487196031],[-107.27166140274032,48.40844105756844],[-107.27156824603072,48.40860816377686],[-107.2716293126846,48.40862478017618],[-107.27165699553137,48.40864207855954],[-107.27180491778753,48.40850071899407],[-107.27174360879695,48.40847959052463]]]}"
00000000000000002aec,343,0,0,0,"{""type"":""Polygon"",""coordinates"":[[[-107.27191318194528,48.40852095303486],[-107.27183884394357,48.4085089740315],[-107.27180491778753,48.40850071899407],[-107.27165699553137,48.40864207855954],[-107.27168437845143,48.40865495204251],[-107.27169833740801,48.40866809351406],[-107.27176028406477,48.40870261574084],[-107.27194042501269,48.40852929837914],[-107.27191318194528,48.40852095303486]]]}"
00000000000000002b44,344,0,0,0,"{""type"":""Polygon"",""coordinates"":[[[-107.27203555822034,48.40855869751727],[-107.27196072972737,48.408533380703666],[-107.27194042501269,48.40852929837914],[-107.27176028406477,48.40870261574084],[-107.27179460546638,48.40871975224608],[-107.27180836695342,48.408728453002006],[-107.27183521501102,48.40872791697893],[-107.27186206307587,48.40872738094818],[-107.27189535199682,48.408722242328274],[-107.27190887116741,48.40872643082902],[-107.27204917979725,48.40856287017471],[-107.27203555822034,48.40855869751727]]]}"
00000000000000002b4a,345,0,0,0,"{""type"":""Polygon"",""coordinates"":[[[-107.27211663736813,48.40857049867678],[-107.27204917979725,48.40856287017471],[-107.27190887116741,48.40872643082902],[-107.27192937353968,48.408734953885975],[-107.2720114279644,48.408769117607484],[-107.27202485203591,48.408768849567245],[-107.27216516051502,48.408605288617615],[-107.27211663736813,48.40857049867678]]]}"
00000000000000002b3b,346,0,0,0,"{""type"":""Polygon"",""coordinates"":[[[-107.27224810067952,48.40866167138561],[-107.27223458144245,48.40865748293934],[-107.27216516051502,48.408605288617615],[-107.27202485203591,48.408768849567245],[-107.27206541699118,48.408776942677825],[-107.27212692444496,48.40880251175517],[-107.27214098610517,48.408815637380336],[-107.2722621623533,48.40867479695809],[-107.27224810067952,48.40866167138561]]]}"
00000000000000002b53,347,0,0,0,"{""type"":""Polygon"",""coordinates"":[[[-107.27226948318437,48.40868810023853],[-107.2722621623533,48.40867479695809],[-107.27214098610517,48.408815637380336],[-107.2721547477598,48.40882433809807],[-107.27224403404203,48.40887166194218],[-107.27225770058268,48.40887590611764],[-107.27237135826212,48.40871732139887],[-107.27226948318437,48.40868810023853]]]}"
00000000000000002b36,348,0,0,0,"{""type"":""Polygon"",""coordinates"":[[[-107.27244038458338,48.40876063423854],[-107.27243330608688,48.40875184319423],[-107.27237823911601,48.408721671732636],[-107.27237135826212,48.40871732139887],[-107.27225770058268,48.40887590611764],[-107.2723257517449,48.408896856671376],[-107.27238642448101,48.40890459119511],[-107.27248094980808,48.40876872716572],[-107.27244038458338,48.40876063423854]]]}"
00000000000000002b38,349,0,0,0,"{""type"":""Polygon"",""coordinates"":[[[-107.27258390331184,48.40882029476503],[-107.27252967136889,48.408807957748174],[-107.27251531667389,48.408785934945065],[-107.27249461637514,48.40877297129865],[-107.27248094980808,48.40876872716572],[-107.27238642448101,48.40890459119511],[-107.27243411314292,48.408921546761775],[-107.2724952837033,48.40893814685928],[-107.2725090455378,48.4089468475417],[-107.27259732748328,48.408820026642054],[-107.27258390331184,48.40882029476503]]]}"
00000000000000002b4f,350,0,0,0,"{""type"":""Polygon"",""coordinates"":[[[-107.27259732748328,48.408820026642054],[-107.2725090455378,48.4089468475417],[-107.27253628922296,48.40895519276802],[-107.27257689951855,48.40896335720456],[-107.27262458844145,48.40898031268879],[-107.27264465118151,48.40897988263388],[-107.27265807541949,48.40897961449995],[-107.27267169731053,48.40898378709412],[-107.27269851534882,48.408831468817745],[-107.27259732748328,48.408820026642054]]]}"
00000000000000002b57,351,0,0,0,"{""type"":""Polygon"",""coordinates"":[[[-107.27274552164758,48.40883495899289],[-107.27269851534882,48.408831468817745],[-107.27267169731053,48.40898378709412],[-107.27271885101167,48.40898733300297],[-107.27279255317197,48.40898591766547],[-107.27280617510078,48.408990090240124],[-107.27283284540694,48.408837716206314],[-107.27274552164758,48.40883495899289]]]}"
00000000000000002b4d,352,0,0,0,"{""type"":""Polygon"",""coordinates"":[[[-107.27293398885907,48.40884908660121],[-107.2728934232449,48.40884099386289],[-107.27283284540694,48.408837716206314],[-107.27280617510078,48.408990090240124],[-107.27290057796966,48.40900163844103],[-107.27293406506463,48.40900094015282],[-107.27296771831513,48.408852900551054],[-107.27293398885907,48.40884908660121]]]}"
00000000000000002b19,353,0,0,0,"{""type"":""Polygon"",""coordinates"":[[[-107.27296771831513,48.408852900551054],[-107.27293406506463,48.40900094015282],[-107.27294074839287,48.40900084973496],[-107.27296799234446,48.409009194840635],[-107.27304887590346,48.40901655452872],[-107.2730621977831,48.40901630214889],[-107.27310259153556,48.408868084702995],[-107.27296771831513,48.408852900551054]]]}"
00000000000000002b18,354,0,0,0,"{""type"":""Polygon"",""coordinates"":[[[-107.2731500831494,48.408880599166714],[-107.27312289682244,48.408872166793465],[-107.27310259153556,48.408868084702995],[-107.2730621977831,48.40901630214889],[-107.27315670349574,48.40902783428093],[-107.27320351260846,48.409026883500204],[-107.27323092183084,48.40888788715904],[-107.2731500831494,48.408880599166714]]]}"
00000000000000002b17,355,0,0,0,"{""type"":""Polygon"",""coordinates"":[[[-107.27332439399235,48.40887714397862],[-107.27328495681776,48.408895783059336],[-107.27324434611879,48.408887618942444],[-107.27323092183084,48.40888788715904],[-107.27320351260846,48.409026883500204],[-107.27331729053547,48.40902022236708],[-107.27337762650195,48.40901898745613],[-107.27332439399235,48.40887714397862]]]}"
00000000000000002b1a,356,0,0,0,"{""type"":""Polygon"",""coordinates"":[[[-107.27345135335219,48.40886570224026],[-107.27343178130843,48.40887947042939],[-107.27333103252636,48.408876982006966],[-107.27332439399235,48.40887714397862],[-107.27337762650195,48.40901898745613],[-107.27339773422261,48.409018628766084],[-107.27343082602154,48.40900904884207],[-107.27349667172902,48.40898092017343],[-107.27351009608849,48.40898065191744],[-107.27345135335219,48.40886570224026]]]}"
00000000000000002b1b,357,0,0,0,"{""type"":""Polygon"",""coordinates"":[[[-107.27353558998132,48.408801474647355],[-107.27351636297146,48.40881973926146],[-107.27346369931884,48.4088430873624],[-107.27345135335219,48.40886570224026],[-107.27351009608849,48.40898065191744],[-107.27356325079431,48.40897064171081],[-107.27361020726612,48.4089697464435],[-107.27365652564468,48.408955457456],[-107.27353558998132,48.408801474647355]]]}"
00000000000000002b1e,358,0,0,0,"{""type"":""Polygon"",""coordinates"":[[[-107.2736751377256,48.408771930011],[-107.27366849918654,48.40877209200623],[-107.27364839154184,48.408772450749325],[-107.27360855897085,48.40878220850499],[-107.27358181279854,48.4087827292246],[-107.27354861876218,48.40879232496812],[-107.27353558998132,48.408801474647355],[-107.27365652564468,48.408955457456],[-107.27366970744359,48.40895067692832],[-107.27370874909855,48.40892315622931],[-107.27377576853058,48.408921830595666],[-107.2736751377256,48.408771930011]]]}"
00000000000000002b16,359,0,0,0,"{""type"":""Polygon"",""coordinates"":[[[-107.27380116578364,48.408738196967505],[-107.27378159386573,48.4087519651918],[-107.2736751377256,48.408771930011],[-107.27377576853058,48.408921830595666],[-107.27380925586296,48.408921131997644],[-107.2738420544578,48.40890265470166],[-107.27385420245824,48.40887559904699],[-107.2738808534047,48.408870621718926],[-107.27380116578364,48.408738196967505]]]}"
00000000000000002b1f,360,0,0,0,"{""type"":""Polygon"",""coordinates"":[[[-107.27394047087621,48.40870413975498],[-107.27388731643848,48.40871415011343],[-107.27383445516402,48.4087330576635],[-107.27380760653432,48.40873359425942],[-107.27380116578364,48.408738196967505],[-107.2738808534047,48.408870621718926],[-107.27389403517631,48.40886584116876],[-107.27393371488613,48.40885171408941],[-107.2739998534883,48.40883248240121],[-107.27394047087621,48.40870413975498]]]}"
00000000000000002b15,361,0,0,0,"{""type"":""Polygon"",""coordinates"":[[[-107.27405951522711,48.40866607202197],[-107.27401954250884,48.40867130189047],[-107.27394047087621,48.40870413975498],[-107.2739998534883,48.40883248240121],[-107.27404617174068,48.40881819326591],[-107.27407395198841,48.408839947489504],[-107.274140480464,48.40882528365697],[-107.27405951522711,48.40866607202197]]]}"
00000000000000002b0f,362,0,0,0,"{""type"":""Polygon"",""coordinates"":[[[-107.27417939563901,48.40864583847119],[-107.27411281688043,48.40865611729021],[-107.27405951522711,48.40866607202197],[-107.274140480464,48.40882528365697],[-107.27417357216687,48.408815703514406],[-107.27422555261728,48.408778889869],[-107.27425908478152,48.40877826264154],[-107.27426572336273,48.40877810060444],[-107.27417939563901,48.40864583847119]]]}"
00000000000000002b14,363,0,0,0,"{""type"":""Polygon"",""coordinates"":[[[-107.27429799936125,48.40859881758083],[-107.27428437717766,48.408594645254574],[-107.27427833217753,48.40860812936187],[-107.27420604646996,48.40864086107731],[-107.27417939563901,48.40864583847119],[-107.27426572336273,48.40877810060444],[-107.27430599655379,48.4087772955089],[-107.27437242256511,48.40876264734773],[-107.27439175173328,48.40874436677495],[-107.27429799936125,48.40859881758083]]]}"
00000000000000002b11,364,0,0,0,"{""type"":""Polygon"",""coordinates"":[[[-107.27440352369679,48.40855656136656],[-107.2743570078754,48.4085664099097],[-107.27433767879934,48.408584690412255],[-107.274311423696,48.4085985492155],[-107.27429799936125,48.40859881758083],[-107.27439175173328,48.40874436677495],[-107.27441122112394,48.40873061424477],[-107.27450996003947,48.40868846413425],[-107.27440352369679,48.40855656136656]]]}"
00000000000000002b2c,365,0,0,0,"{""type"":""Polygon"",""coordinates"":[[[-107.27453652805319,48.40853163416465],[-107.27447605189377,48.40852834176753],[-107.27442982939894,48.408547087522756],[-107.27440352369679,48.40855656136656],[-107.27450996003947,48.40868846413425],[-107.27452314175507,48.408683683515555],[-107.27455667393907,48.40868305618493],[-107.27463594341441,48.408654658520334],[-107.27453652805319,48.40853163416465]]]}"
00000000000000002b10,366,0,0,0,"{""type"":""Polygon"",""coordinates"":[[[-107.27465513141375,48.40848461294343],[-107.27460925409645,48.40850785515998],[-107.27453652805319,48.40853163416465],[-107.27463594341441,48.408654658520334],[-107.27473468211029,48.40861250824453],[-107.2747549878085,48.40861658996033],[-107.27465513141375,48.40848461294343]]]}"
00000000000000002b05,367,0,0,0,"{""type"":""Polygon"",""coordinates"":[[[-107.27479478121487,48.40845505105258],[-107.2747815547757,48.40845976016061],[-107.27474128172743,48.408460565446944],[-107.2746815395011,48.40847512323057],[-107.27465513141375,48.40848461294343],[-107.2747549878085,48.40861658996033],[-107.27476167119833,48.40861649941498],[-107.27478788147513,48.408602568959104],[-107.27484127876123,48.408597070332675],[-107.27487423003453,48.40858296196767],[-107.27479478121487,48.40845505105258]]]}"
00000000000000002adf,368,0,0,0,"{""type"":""Polygon"",""coordinates"":[[[-107.27492002289414,48.40840786750569],[-107.27490015790968,48.40841273870613],[-107.27482743201035,48.40843651788487],[-107.27479478121487,48.40845505105258],[-107.27487423003453,48.40858296196767],[-107.27494021522011,48.40855936057868],[-107.27498692911605,48.40855395243346],[-107.27499371494044,48.408553846057494],[-107.27492002289414,48.40840786750569]]]}"
00000000000000002adb,369,0,0,0,"{""type"":""Polygon"",""coordinates"":[[[-107.27504638855912,48.408383101751696],[-107.27503306662678,48.408383354404805],[-107.27500661379032,48.40839277267132],[-107.27497312651252,48.40839347167812],[-107.27495301879422,48.408393830693385],[-107.27492002289414,48.40840786750569],[-107.27499371494044,48.408553846057494],[-107.27500055147068,48.40855812465266],[-107.27504023090617,48.40854399720495],[-107.27507996104346,48.40853425471429],[-107.27510636918359,48.40852476487458],[-107.27511979360638,48.408524496394506],[-107.27504638855912,48.408383101751696]]]}"
00000000000000002b26,370,0,0,0,"{""type"":""Polygon"",""coordinates"":[[[-107.27517964838692,48.40836252706998],[-107.27516622401438,48.408362795556314],[-107.27513947770349,48.408363316708694],[-107.27504638855912,48.408383101751696],[-107.27511979360638,48.408524496394506],[-107.27515288514043,48.40851491597311],[-107.27518597666933,48.408505335542166],[-107.27525290085329,48.40849955239024],[-107.27517964838692,48.40836252706998]]]}"
00000000000000002add,371,0,0,0,"{""type"":""Polygon"",""coordinates"":[[[-107.2753128506387,48.408342039549964],[-107.27525281494044,48.408347700512195],[-107.27524002927338,48.40836136252756],[-107.2752131805138,48.40836189951559],[-107.27517964838692,48.40836252706998],[-107.27525290085329,48.40849955239024],[-107.27525934148335,48.40849494960854],[-107.27531264327546,48.40848499423994],[-107.2753259652839,48.40848474154569],[-107.27537902429319,48.40847027394309],[-107.2753128506387,48.408342039549964]]]}"
00000000000000002ad6,372,0,0,0,"{""type"":""Polygon"",""coordinates"":[[[-107.27546552879046,48.408303326938295],[-107.2754252556208,48.40830413251187],[-107.27537279080228,48.40833192207334],[-107.2753128506387,48.408342039549964],[-107.27537902429319,48.40847027394309],[-107.27542534225816,48.40845598424753],[-107.27546551316387,48.40845519448237],[-107.27548567864967,48.40845474801587],[-107.27546552879046,48.408303326938295]]]}"
00000000000000002adc,373,0,0,0,"{""type"":""Polygon"",""coordinates"":[[[-107.27559956794919,48.40830067319834],[-107.27557271913143,48.408301210287625],[-107.27555261133493,48.408301569429675],[-107.27552576252987,48.40830210650554],[-107.27548559176468,48.40830289629005],[-107.27546552879046,48.408303326938295],[-107.27548567864967,48.40845474801587],[-107.27557904896899,48.40844401853057],[-107.27561952037094,48.408447653555115],[-107.27559956794919,48.40830067319834]]]}"
00000000000000002b25,374,0,0,0,"{""type"":""Polygon"",""coordinates"":[[[-107.27570611955105,48.40828516289913],[-107.27569289315626,48.40828987211643],[-107.27559956794919,48.40830067319834],[-107.27561952037094,48.408447653555115],[-107.27563294483868,48.40844738500264],[-107.27568634227572,48.408441885919004],[-107.27574077467996,48.408458661679425],[-107.27578748874687,48.40845325315109],[-107.27570611955105,48.40828516289913]]]}"
00000000000000002baa,375,0,0,0,"{""type"":""MultiPolygon"",""coordinates"":[[[[-107.27577260276628,48.40827042657634],[-107.27575878227738,48.408261813837235],[-107.27575229691178,48.408266345105886],[-107.27577260276628,48.40827042657634]]],[[[-107.27577260276628,48.40827042657634],[-107.27575937637563,48.40827513580139],[-107.27575229691178,48.408266345105886],[-107.27570611955105,48.40828516289913],[-107.27578748874687,48.40845325315109],[-107.27584088626134,48.408447753979026],[-107.27587333886164,48.40842477979503],[-107.27588578593897,48.408402149010925],[-107.27589837342668,48.40838404623873],[-107.27591096090293,48.40836594347131],[-107.27593092838164,48.40836105624922],[-107.27580706758957,48.408292089430425],[-107.27579467814267,48.40831463281759],[-107.27576074978616,48.40830637926194],[-107.27575303141575,48.408284195067],[-107.27580686955112,48.40828764877416],[-107.27577260276628,48.40827042657634]]]]}"
00000000000000002ad7,376,0,0,0,"{""type"":""Polygon"",""coordinates"":[[[-107.27577707579233,48.40822125839149],[-107.27575834140663,48.408252861005],[-107.27575878227738,48.408261813837235],[-107.27580686955112,48.40828764877416],[-107.27581361058088,48.40828747081594],[-107.27580706758957,48.408292089430425],[-107.27593092838164,48.40836105624922],[-107.27594405237821,48.40835636280752],[-107.27596264627196,48.408320232099825],[-107.27597523370099,48.40830212934682],[-107.27600011482943,48.40825702673392],[-107.276006357312,48.40824798327327],[-107.27577707579233,48.40822125839149]]]}"
00000000000000002b22,377,0,0,0,"{""type"":""Polygon"",""coordinates"":[[[-107.27603532772939,48.40814467242313],[-107.27580717735965,48.40814467884644],[-107.27580835277821,48.40817148158221],[-107.27577707579233,48.40822125839149],[-107.276006357312,48.40824798327327],[-107.2760248486638,48.40821186844517],[-107.27604378092168,48.408184706455025],[-107.27603532772939,48.40814467242313]]]}"
00000000000000002a9d,378,0,0,0,"{""type"":""Polygon"",""coordinates"":[[[-107.27601831896006,48.408064620261406],[-107.2760104023839,48.408037995556725],[-107.27578392664115,48.40807367004639],[-107.27580476889838,48.408091160754786],[-107.27580604674601,48.40811794764855],[-107.27580644282506,48.40812682893315],[-107.27580717735965,48.40814467884644],[-107.27603532772939,48.40814467242313],[-107.27601831896006,48.408064620261406]]]}"
00000000000000002acf,379,0,0,0,"{""type"":""MultiPolygon"",""coordinates"":[[[[-107.27574842705965,48.40802973256384],[-107.27574822902653,48.40802529192915],[-107.27572177642598,48.40803471032333],[-107.27576966534042,48.40805610453995],[-107.27574842705965,48.40802973256384]]],[[[-107.2759878858974,48.407984836813824],[-107.27594663538041,48.407963280588405],[-107.27593183746822,48.407932305925584],[-107.27576769780309,48.40801153932501],[-107.27580182394044,48.408024233473164],[-107.27581662175142,48.40805520821188],[-107.2757898754784,48.40805572954124],[-107.27576342285367,48.408065147952854],[-107.27578392664115,48.40807367004639],[-107.2760104023839,48.408037995556725],[-107.2759878858974,48.407984836813824]]]]}"
00000000000000002aca,380,0,0,0,"{""type"":""Polygon"",""coordinates"":[[[-107.27591767854948,48.40791472467354],[-107.27589029339026,48.407901852631525],[-107.27586855654657,48.40786661533226],[-107.27584117145317,48.40785374328619],[-107.27565215095088,48.407978078662495],[-107.27567983646156,48.40799537561048],[-107.27569399525693,48.40801295692723],[-107.27571513787697,48.408034872457904],[-107.27572177642598,48.40803471032333],[-107.27574822902653,48.40802529192915],[-107.2757405107059,48.40800310784871],[-107.27576769780309,48.40801153932501],[-107.27593183746822,48.407932305925584],[-107.27591767854948,48.40791472467354]]]}"
00000000000000002ade,381,0,0,0,"{""type"":""Polygon"",""coordinates"":[[[-107.27580016407244,48.40783669918577],[-107.27572522885362,48.40781140156848],[-107.27571146616604,48.407802701553045],[-107.2755753059949,48.40790812838658],[-107.27560977031234,48.40792979117725],[-107.2756383882338,48.40796937861019],[-107.27565215095088,48.407978078662495],[-107.27584117145317,48.40785374328619],[-107.27580016407244,48.40783669918577]]]}"
00000000000000002ad0,382,0,0,0,"{""type"":""Polygon"",""coordinates"":[[[-107.27569760105926,48.40779401735178],[-107.27567001810299,48.407776704656015],[-107.27562901096054,48.40775966050114],[-107.2755945467724,48.407737997783116],[-107.27549221203705,48.407851693741364],[-107.27555416355494,48.40788621287262],[-107.27556842466235,48.407903778360044],[-107.2755753059949,48.40790812838658],[-107.27571146616604,48.407802701553045],[-107.27569760105926,48.40779401735178]]]}"
00000000000000002acb,383,0,0,0,"{""type"":""Polygon"",""coordinates"":[[[-107.27550682669404,48.40772636192026],[-107.27547226022591,48.40770471498286],[-107.27546537894862,48.40770036496411],[-107.27538301120462,48.407809173659324],[-107.27543060590112,48.407821670917166],[-107.27549221203705,48.407851693741364],[-107.2755945467724,48.407737997783116],[-107.27550682669404,48.40772636192026]]]}"
00000000000000002ad2,384,0,0,0,"{""type"":""Polygon"",""coordinates"":[[[-107.27545155877714,48.407691752264725],[-107.27534339322762,48.40767150680499],[-107.27533665234313,48.40767168472451],[-107.27526062935944,48.40777143410881],[-107.27528801401661,48.40778430631146],[-107.27532194162377,48.40779255997225],[-107.27534908354599,48.40780092001882],[-107.27538301120462,48.407809173659324],[-107.27546537894862,48.40770036496411],[-107.27545155877714,48.407691752264725]]]}"
00000000000000002ad4,385,0,0,0,"{""type"":""Polygon"",""coordinates"":[[[-107.27527534025313,48.40765055891384],[-107.27524775772338,48.407633246132626],[-107.27522057117018,48.40762481455523],[-107.27514444565452,48.40772457957716],[-107.27517881385688,48.40774178603407],[-107.2752127413606,48.40775003972945],[-107.27526062935944,48.40777143410881],[-107.27533665234313,48.40767168472451],[-107.27527534025313,48.40765055891384]]]}"
00000000000000002ada,386,0,0,0,"{""type"":""Polygon"",""coordinates"":[[[-107.27511834834151,48.40759110076511],[-107.27511126919401,48.40758231012698],[-107.27510463076864,48.4075824722149],[-107.27501562415543,48.407691442454166],[-107.2750427658444,48.407699802577305],[-107.27506995235663,48.40770823421785],[-107.27513092598538,48.407720391622625],[-107.27514444565452,48.40772457957716],[-107.27522057117018,48.40762481455523],[-107.27511834834151,48.40759110076511]]]}"
00000000000000002ad5,387,0,0,0,"{""type"":""Polygon"",""coordinates"":[[[-107.27503653346525,48.40756145265355],[-107.27498844802992,48.40753561763603],[-107.27489924338472,48.40764014706769],[-107.27491974655156,48.40764866929343],[-107.27493356650274,48.4076572820679],[-107.27500195730234,48.407687198772805],[-107.27501562415543,48.407691442454166],[-107.27510463076864,48.4075824722149],[-107.27503653346525,48.40756145265355]]]}"
00000000000000002ad8,388,0,0,0,"{""type"":""Polygon"",""coordinates"":[[[-107.27494056062365,48.40751422320055],[-107.2749134191201,48.40750586307292],[-107.27488613040829,48.40749744722826],[-107.27487250846121,48.40749327506538],[-107.27477662051089,48.40759789484956],[-107.27479712359921,48.40760641709671],[-107.27489924338472,48.40764014706769],[-107.27498844802992,48.40753561763603],[-107.27494056062365,48.40751422320055]]]}"
00000000000000002ac7,389,0,0,0,"{""type"":""Polygon"",""coordinates"":[[[-107.27483170027436,48.40748067122834],[-107.27481798285014,48.40747204265131],[-107.27479069421307,48.407463626782985],[-107.27476291427134,48.40744187331937],[-107.27466678357013,48.4075419807704],[-107.274755676804,48.4075804198689],[-107.27476983487746,48.40759800120344],[-107.27477662051089,48.40759789484956],[-107.27487250846121,48.40749327506538],[-107.27483170027436,48.40748067122834]]]}"
00000000000000002b35,390,0,0,0,"{""type"":""Polygon"",""coordinates"":[[[-107.27474187516587,48.40741994198131],[-107.27469408365894,48.4074030038604],[-107.27465986339197,48.407385853031826],[-107.27455064687372,48.407495197190755],[-107.27459819565522,48.40750762329113],[-107.27465990247723,48.40753763070257],[-107.27466678357013,48.4075419807704],[-107.27476291427134,48.40744187331937],[-107.27474187516587,48.40741994198131]]]}"
00000000000000002b34,391,0,0,0,"{""type"":""Polygon"",""coordinates"":[[[-107.2746530778059,48.40738595937586],[-107.27461246780673,48.40737779604993],[-107.27458404959457,48.40734264928761],[-107.27455690840064,48.40733428907835],[-107.27443437036192,48.407443885570004],[-107.27444788975002,48.40744807360794],[-107.2745230650128,48.407477884235036],[-107.27454396370143,48.40749528771401],[-107.27455064687372,48.407495197190755],[-107.27465986339197,48.407385853031826],[-107.2746530778059,48.40738595937586]]]}"
00000000000000002ac2,392,0,0,0,"{""type"":""Polygon"",""coordinates"":[[[-107.27452952453623,48.40732141675582],[-107.27449559782481,48.407313162865506],[-107.27445351324415,48.407273772372434],[-107.27442720847776,48.407283245973126],[-107.27433181151912,48.40740120248724],[-107.27440654595183,48.40742206047877],[-107.27443437036192,48.407443885570004],[-107.27455690840064,48.40733428907835],[-107.27452952453623,48.40732141675582]]]}"
00000000000000002ac9,393,0,0,0,"{""type"":""Polygon"",""coordinates"":[[[-107.27440743960462,48.40729257334592],[-107.27440606730462,48.40726133043101],[-107.27437253646225,48.40726195765842],[-107.2742989767368,48.40726790202175],[-107.27428545745151,48.407263713974395],[-107.27422255707577,48.40735876868158],[-107.27427678853374,48.40737110442104],[-107.27433181151912,48.40740120248724],[-107.27442720847776,48.407283245973126],[-107.27440743960462,48.40729257334592]]]}"
00000000000000002b0d,394,0,0,0,"{""type"":""Polygon"",""coordinates"":[[[-107.27427159308718,48.40725502963632],[-107.27425089256951,48.40724206674521],[-107.27422350896937,48.40722919435105],[-107.27420915351266,48.407207172471175],[-107.27418186538733,48.40719875645882],[-107.27409369415871,48.40732555894031],[-107.27415436592004,48.40733329214548],[-107.2742024500802,48.40735912751462],[-107.27422255707577,48.40735876868158],[-107.27428545745151,48.407263713974395],[-107.27427159308718,48.40725502963632]]]}"
00000000000000002b13,395,0,0,0,"{""type"":""Polygon"",""coordinates"":[[[-107.27414130070582,48.40719066447345],[-107.27407364584467,48.407178597002506],[-107.27406632446176,48.40716529424945],[-107.27397087648352,48.40727886528545],[-107.27404550774862,48.407299739341546],[-107.27407338937496,48.40732147716033],[-107.27409369415871,48.40732555894031],[-107.27418186538733,48.40719875645882],[-107.27414130070582,48.40719066447345]]]}"
00000000000000002b0e,396,0,0,0,"{""type"":""Polygon"",""coordinates"":[[[-107.27405924571741,48.40715650359373],[-107.27397743357506,48.40712685475288],[-107.273950292854,48.407118494394155],[-107.2738421098044,48.40725011162707],[-107.27393695014528,48.407270611195116],[-107.27397087648352,48.40727886528545],[-107.27406632446176,48.40716529424945],[-107.27405924571741,48.40715650359373]]]}"
00000000000000002b39,397,0,0,0,"{""type"":""Polygon"",""coordinates"":[[[-107.27393642867067,48.40710981002676],[-107.27385441902867,48.407075720534166],[-107.27384753817415,48.407071370440136],[-107.27372533791421,48.40718993397941],[-107.27380070929107,48.40722418564776],[-107.2738421098044,48.40725011162707],[-107.273950292854,48.407118494394155],[-107.27393642867067,48.40710981002676]]]}"
00000000000000002b12,398,0,0,0,"{""type"":""Polygon"",""coordinates"":[[[-107.2738268379983,48.40705840749364],[-107.27374639820621,48.40706000129648],[-107.2737253601333,48.407038069866616],[-107.27360886674737,48.4071341810032],[-107.27366383082469,48.407164366687475],[-107.27372533791421,48.40718993397941],[-107.27384753817415,48.407071370440136],[-107.2738268379983,48.40705840749364]]]}"
00000000000000002afb,399,0,0,0,"{""type"":""Polygon"",""coordinates"":[[[-107.27367560505489,48.40697656686696],[-107.27353743577952,48.40703735313248],[-107.27357273326471,48.40707685015757],[-107.27360198593033,48.407129830885886],[-107.27360886674737,48.4071341810032],[-107.2737253601333,48.407038069866616],[-107.27367560505489,48.40697656686696]]]}"
00000000000000002af4,400,0,0,0,"{""type"":""Polygon"",""coordinates"":[[[-107.27361819107746,48.40689279274089],[-107.2734471747651,48.40696767042715],[-107.27350961245541,48.40701552792028],[-107.27353743577952,48.40703735313248],[-107.27367560505489,48.40697656686696],[-107.27367536246832,48.40697205478531],[-107.27367325725416,48.40692296247919],[-107.27361819107746,48.40689279274089]]]}"
00000000000000002aef,401,0,0,0,"{""type"":""Polygon"",""coordinates"":[[[-107.27357679119703,48.4068668668226],[-107.2735352512451,48.40683641301392],[-107.27348038315155,48.406810683782204],[-107.27337834736846,48.406928800289855],[-107.27338503035469,48.40692870985329],[-107.273419594125,48.40695035729494],[-107.2734471747651,48.40696767042715],[-107.27361819107746,48.40689279274089],[-107.27357679119703,48.4068668668226]]]}"
00000000000000002af5,402,0,0,0,"{""type"":""Polygon"",""coordinates"":[[[-107.27345280259497,48.40679337070829],[-107.27341272968351,48.40679861589674],[-107.2733582067743,48.40677738286249],[-107.27334478323561,48.40677765106541],[-107.27326895639808,48.40688183779686],[-107.27327603484713,48.40689062847304],[-107.2733574497898,48.40691139671398],[-107.27337834736846,48.406928800289855],[-107.27348038315155,48.406810683782204],[-107.27345280259497,48.40679337070829]]]}"
00000000000000002af1,403,0,0,0,"{""type"":""Polygon"",""coordinates"":[[[-107.27331769362043,48.40677367539856],[-107.27322216700459,48.40673539737873],[-107.27320874350046,48.40673566556157],[-107.2731534184279,48.40684837461406],[-107.27318060333477,48.40685680669513],[-107.27324825665673,48.40686887476079],[-107.27326895639808,48.40688183779686],[-107.27334478323561,48.40677765106541],[-107.27331769362043,48.40677367539856]]]}"
00000000000000002afa,404,0,0,0,"{""type"":""Polygon"",""coordinates"":[[[-107.27316139460957,48.40672767943831],[-107.2731139056683,48.40671516541695],[-107.27306679938593,48.40671169131032],[-107.273031778173,48.406828482220206],[-107.2731190975225,48.4068312391818],[-107.27313999489259,48.40684864278865],[-107.2731534184279,48.40684837461406],[-107.27320874350046,48.40673566556157],[-107.27316139460957,48.40672767943831]]]}"
00000000000000002ae9,405,0,0,0,"{""type"":""Polygon"",""coordinates"":[[[-107.27300652500514,48.40671283853683],[-107.27294068348893,48.40674096556899],[-107.27291403425492,48.40674594239458],[-107.27290739613233,48.40674610432056],[-107.27292469025714,48.406835052159664],[-107.27295797769888,48.406829913391405],[-107.27297838426719,48.406833979573925],[-107.273031778173,48.406828482220206],[-107.27306679938593,48.40671169131032],[-107.27300652500514,48.40671283853683]]]}"
00000000000000002aeb,406,0,0,0,"{""type"":""Polygon"",""coordinates"":[[[-107.27290739613233,48.40674610432056],[-107.27288030671856,48.40674212852771],[-107.27280011089951,48.406748233558616],[-107.27278615203409,48.40673509271714],[-107.27277936670335,48.406735198921155],[-107.27278451269092,48.40685120125037],[-107.27292469025714,48.406835052159664],[-107.27290739613233,48.40674610432056]]]}"
00000000000000002b01,407,0,0,0,"{""type"":""Polygon"",""coordinates"":[[[-107.27275158906488,48.406713445114725],[-107.2726975576442,48.40670554914694],[-107.27261562694106,48.40682330614641],[-107.27262905039265,48.40682303804728],[-107.27265589730129,48.406822501843266],[-107.2726834772615,48.40683981517035],[-107.27277807223753,48.40685580372014],[-107.27278451269092,48.40685120125037],[-107.27277936670335,48.406735198921155],[-107.27275158906488,48.406713445114725]]]}"
00000000000000002b04,408,0,0,0,"{""type"":""Polygon"",""coordinates"":[[[-107.27265050925745,48.40670198749464],[-107.27265635669254,48.406684063429566],[-107.2725170153942,48.4067180457513],[-107.27258150416698,48.406810611067556],[-107.27260220349127,48.40682357424361],[-107.27261562694106,48.40682330614641],[-107.2726975576442,48.40670554914694],[-107.27265050925745,48.40670198749464]]]}"
00000000000000002afe,409,0,0,0,"{""type"":""Polygon"",""coordinates"":[[[-107.27259284332757,48.406613859904695],[-107.2725925056373,48.40660489150387],[-107.27247307327087,48.406634074695354],[-107.27248722958744,48.406651656098994],[-107.27248766967321,48.406660608697685],[-107.27248840262685,48.40667845818629],[-107.2725170153942,48.4067180457513],[-107.27265635669254,48.406684063429566],[-107.27266186641499,48.40665717096137],[-107.27268099718553,48.406634450937055],[-107.27259284332757,48.406613859904695]]]}"
00000000000000002b07,410,0,0,0,"{""type"":""Polygon"",""coordinates"":[[[-107.27263026940425,48.40655058628892],[-107.27257594542453,48.40653379340366],[-107.27258238582849,48.40652919097644],[-107.2724286912757,48.40654115116553],[-107.27242902892674,48.40655011955721],[-107.27247307327087,48.406634074695354],[-107.2725925056373,48.40660489150387],[-107.27259211032087,48.40659601043982],[-107.27261153398337,48.40658218732681],[-107.27264413288461,48.40655927077154],[-107.27263026940425,48.40655058628892]],[[-107.2725973776114,48.406564605965755],[-107.27261060330585,48.40655989734419],[-107.27260372278197,48.406555547194785],[-107.2725973776114,48.406564605965755]],[[-107.2725973776114,48.406564605965755],[-107.27257751384752,48.40656947648725],[-107.27259127489206,48.406578176792024],[-107.2725973776114,48.406564605965755]]]}"
00000000000000002b0b,411,0,0,0,"{""type"":""Polygon"",""coordinates"":[[[-107.27246410907603,48.406433242107546],[-107.27244541841313,48.40646491456861],[-107.2724286912757,48.40654115116553],[-107.27258238582849,48.40652919097644],[-107.27261454456811,48.40649732188349],[-107.27262088972248,48.40648826312321],[-107.27246410907603,48.406433242107546]]]}"
00000000000000002afc,412,0,0,0,"{""type"":""Polygon"",""coordinates"":[[[-107.27254096951282,48.4063513309494],[-107.27253462437143,48.40636038968085],[-107.27247649934216,48.40641069992302],[-107.27246410907603,48.406433242107546],[-107.27262088972248,48.40648826312321],[-107.27264528763452,48.406434138782735],[-107.27267129879326,48.40641576899338],[-107.27254096951282,48.4063513309494]]]}"
00000000000000002af6,413,0,0,0,"{""type"":""Polygon"",""coordinates"":[[[-107.27265165188973,48.40627769011768],[-107.27263847109445,48.406282470241095],[-107.27257366345107,48.406332870842824],[-107.27254096951282,48.4063513309494],[-107.27267129879326,48.40641576899338],[-107.27274338240375,48.4063785993946],[-107.27265165188973,48.40627769011768]]]}"
00000000000000002afd,414,0,0,0,"{""type"":""Polygon"",""coordinates"":[[[-107.27278411107336,48.40623935781062],[-107.27277093028985,48.40624413794846],[-107.2727051472616,48.40627217721576],[-107.27265165188973,48.40627769011768],[-107.27274338240375,48.4063785993946],[-107.27278261912286,48.40635552097399],[-107.27284191715496,48.40633201250874],[-107.27278411107336,48.40623935781062]]]}"
00000000000000002af9,415,0,0,0,"{""type"":""Polygon"",""coordinates"":[[[-107.27291012984908,48.40620562777001],[-107.27281739793929,48.40623421916293],[-107.27278411107336,48.40623935781062],[-107.27284191715496,48.40633201250874],[-107.27290145764373,48.406313016048124],[-107.2729684717761,48.40631169117631],[-107.2729750145395,48.406307072932066],[-107.27291012984908,48.40620562777001]]]}"
00000000000000002af8,416,0,0,0,"{""type"":""Polygon"",""coordinates"":[[[-107.27302892309794,48.406163051294556],[-107.27299607646509,48.406177142520185],[-107.2729767035809,48.40619535038284],[-107.27296372051647,48.406204571039765],[-107.27291012984908,48.40620562777001],[-107.2729750145395,48.406307072932066],[-107.27302108689513,48.40628827302453],[-107.27305554733304,48.406309936172015],[-107.27311548326554,48.40629982059488],[-107.27302892309794,48.406163051294556]]]}"
00000000000000002af0,417,0,0,0,"{""type"":""Polygon"",""coordinates"":[[[-107.27315483930677,48.4061293367965],[-107.2731345354799,48.40612525488543],[-107.27309510136179,48.406143892850366],[-107.27304214865264,48.40615834265256],[-107.27302892309794,48.406163051294556],[-107.27311548326554,48.40629982059488],[-107.27317541920506,48.40628970498213],[-107.27322075821476,48.40625305564782],[-107.27322719853257,48.406248453203766],[-107.27315483930677,48.4061293367965]]]}"
00000000000000002aea,418,0,0,0,"{""type"":""Polygon"",""coordinates"":[[[-107.27326601842208,48.40606456074928],[-107.27316157975696,48.4061291590461],[-107.27315483930677,48.4061293367965],[-107.27322719853257,48.406248453203766],[-107.27329996452515,48.406224747852235],[-107.2733459414446,48.40620149151373],[-107.27326601842208,48.40606456074928]]]}"
00000000000000002ae7,419,0,0,0,"{""type"":""Polygon"",""coordinates"":[[[-107.27341951438294,48.406048158867414],[-107.2733793469607,48.40604894765387],[-107.27335220731896,48.406040587267704],[-107.27329871199571,48.406046100504525],[-107.27326601842208,48.40606456074928],[-107.2733459414446,48.40620149151373],[-107.27339973011293,48.40620487502923],[-107.27343321485368,48.406204176663394],[-107.27346674440325,48.40620354980878],[-107.27341951438294,48.406048158867414]]]}"
00000000000000002af3,420,0,0,0,"{""type"":""Polygon"",""coordinates"":[[[-107.27356096586789,48.406058795084014],[-107.27353451480964,48.40606821249047],[-107.27348696874324,48.40605578613017],[-107.27341951438294,48.406048158867414],[-107.27346674440325,48.40620354980878],[-107.27348016775102,48.40620328159655],[-107.2735262399752,48.40618448148681],[-107.27358597810458,48.40616992514931],[-107.27356096586789,48.406058795084014]]]}"
00000000000000002af2,421,0,0,0,"{""type"":""Polygon"",""coordinates"":[[[-107.27369475159912,48.40605163238169],[-107.27368801112563,48.40605181016982],[-107.27362163511322,48.40606652850569],[-107.27358058685927,48.40604941240666],[-107.27356096586789,48.406058795084014],[-107.27358597810458,48.40616992514931],[-107.27359266096879,48.406169834702695],[-107.27370839564605,48.40620773745342],[-107.27374148489629,48.4061981579913],[-107.27369475159912,48.40605163238169]]]}"
00000000000000002ae3,422,0,0,0,"{""type"":""Polygon"",""coordinates"":[[[-107.27382066774686,48.40601791708348],[-107.27379401889955,48.4060228940758],[-107.27372764290385,48.406037612476474],[-107.27369475159912,48.40605163238169],[-107.27374148489629,48.4061981579913],[-107.27380796361231,48.406183423716946],[-107.27387517597116,48.40618653869685],[-107.27382066774686,48.40601791708348]]]}"
00000000000000002ae2,423,1,0,1,"{""type"":""Polygon"",""coordinates"":[[[-107.27395425583784,48.4060063135448],[-107.27382066774686,48.40601791708348],[-107.27387517597116,48.40618653869685],[-107.27388859937082,48.406186270426375],[-107.27394809497652,48.40616720184866],[-107.27398098638517,48.40615318182378],[-107.27400085004635,48.40614831105288],[-107.27395425583784,48.4060063135448]]]}"
00000000000000002aed,424,0,0,0,"{""type"":""Polygon"",""coordinates"":[[[-107.27408779341884,48.40599032505646],[-107.27405426384122,48.405990952125876],[-107.273980904699,48.40600133650926],[-107.27395425583784,48.4060063135448],[-107.27400085004635,48.40614831105288],[-107.27405414799249,48.40613835691691],[-107.27406693307711,48.406124695642696],[-107.27409451364363,48.40614200832337],[-107.27412760287591,48.40613242874059],[-107.27408779341884,48.40599032505646]]]}"
00000000000000002abf,425,0,0,0,"{""type"":""Polygon"",""coordinates"":[[[-107.27422094120143,48.4059697686818],[-107.27418765425124,48.40597490779212],[-107.2741214760578,48.40599406692596],[-107.27408779341884,48.40599032505646],[-107.27412760287591,48.40613242874059],[-107.27416743262266,48.406122671325605],[-107.27422677510249,48.406099233640255],[-107.2742598195106,48.40608958249767],[-107.27422094120143,48.4059697686818]]]}"
00000000000000002aee,426,0,0,0,"{""type"":""Polygon"",""coordinates"":[[[-107.27432055354399,48.40594552605593],[-107.27430732804211,48.4059502348537],[-107.27429390466855,48.40595050318079],[-107.27425413271074,48.405960173277364],[-107.27422094120143,48.4059697686818],[-107.2742598195106,48.40608958249767],[-107.27428646848236,48.40608460536687],[-107.27432687900233,48.406088328192915],[-107.27439252139163,48.40605576010917],[-107.27440550425132,48.40604653929017],[-107.27432055354399,48.40594552605593]]]}"
00000000000000002ac1,427,0,0,0,"{""type"":""Polygon"",""coordinates"":[[[-107.2744324654096,48.40589859810188],[-107.27441293999514,48.4059124372017],[-107.2743601852412,48.40593132813215],[-107.27432055354399,48.40594552605593],[-107.27440550425132,48.40604653929017],[-107.27441204689023,48.40604192097422],[-107.27447134444269,48.40601841165417],[-107.2745244444533,48.406004016809966],[-107.27452420175537,48.40599950481543],[-107.2744324654096,48.40589859810188]]]}"
00000000000000002abb,428,0,0,0,"{""type"":""Polygon"",""coordinates"":[[[-107.27458425143784,48.40584198405425],[-107.2745311964534,48.405856450404215],[-107.27449176272408,48.405875088838364],[-107.27444525031693,48.40588493684318],[-107.2744324654096,48.40589859810188],[-107.27452420175537,48.40599950481543],[-107.27455021220023,48.40598113468533],[-107.27458374194559,48.405980507438805],[-107.27461742481165,48.40598424912812],[-107.27458425143784,48.40584198405425]]]}"
00000000000000002abd,429,0,0,0,"{""type"":""Polygon"",""coordinates"":[[[-107.27477054371069,48.405807103652194],[-107.2747035292126,48.405808429776904],[-107.27458425143784,48.40584198405425],[-107.27461742481165,48.40598424912812],[-107.27469800330567,48.405987182474355],[-107.27478406260964,48.40581129152688],[-107.27477054371069,48.405807103652194]]]}"
00000000000000002abc,430,0,0,0,"{""type"":""Polygon"",""coordinates"":[[[-107.27486626921859,48.405849819901576],[-107.27485255234527,48.405841191579015],[-107.2748179881546,48.40581954511283],[-107.27478406260964,48.40581129152688],[-107.27469800330567,48.405987182474355],[-107.2747384715682,48.405990817782104],[-107.27476585463377,48.40600368974463],[-107.27477981425953,48.40601683009939],[-107.27493509742803,48.405888688167664],[-107.27493489947916,48.40588424770719],[-107.27486626921859,48.405849819901576]]]}"
00000000000000002ab6,431,0,0,0,"{""type"":""Polygon"",""coordinates"":[[[-107.27494374701497,48.40593316110863],[-107.27496331715932,48.405919393419424],[-107.27493529537689,48.4058931286285],[-107.27477981425953,48.40601683009939],[-107.27478001218856,48.406021270571706],[-107.27485430386825,48.406033175259296],[-107.27488886828036,48.406054821793425],[-107.27490263004252,48.40606352166531],[-107.27499227114392,48.40596794787963],[-107.27499207318863,48.40596350741285],[-107.27494374701497,48.40593316110863]]]}"
00000000000000002ac0,432,0,0,0,"{""type"":""Polygon"",""coordinates"":[[[-107.27504714002269,48.40599367582255],[-107.27499330572134,48.40599022174114],[-107.27499227114392,48.40596794787963],[-107.27490263004252,48.40606352166531],[-107.27494343677581,48.40607612517459],[-107.27495809278953,48.4061025711384],[-107.2749850801699,48.40610656210184],[-107.27503282555335,48.40612342817816],[-107.27506635559952,48.40612280075402],[-107.27508042718924,48.40598853640734],[-107.27504714002269,48.40599367582255]]]}"
00000000000000002ab7,433,0,0,0,"{""type"":""Polygon"",""coordinates"":[[[-107.27520069556182,48.405977183733384],[-107.2751872720515,48.40597745218882],[-107.27508042718924,48.40598853640734],[-107.27506635559952,48.40612280075402],[-107.27521410339834,48.406128776205584],[-107.27520069556182,48.405977183733384]]]}"
00000000000000002ac6,434,0,0,0,"{""type"":""Polygon"",""coordinates"":[[[-107.27531456181808,48.405974977080305],[-107.27524086368149,48.40597639416935],[-107.27520069556182,48.405977183733384],[-107.27521410339834,48.406128776205584],[-107.27526125507441,48.40613232072926],[-107.27530142338824,48.4061315311327],[-107.2753685495189,48.40598279991997],[-107.27531456181808,48.405974977080305]]]}"
00000000000000002ac5,435,0,0,0,"{""type"":""Polygon"",""coordinates"":[[[-107.2754783839992,48.40603871162723],[-107.27544986999975,48.40599910972585],[-107.27540311438503,48.40600444623727],[-107.2753753348998,48.40598269353344],[-107.2753685495189,48.40598279991997],[-107.27530142338824,48.4061315311327],[-107.27538840509146,48.406125317685316],[-107.27541559066941,48.40613374900322],[-107.2754983501543,48.40603382474151],[-107.2754783839992,48.40603871162723]]]}"
00000000000000002ac4,436,0,0,0,"{""type"":""Polygon"",""coordinates"":[[[-107.275599093807,48.406036310890336],[-107.27554530386459,48.40603292864832],[-107.2754983501543,48.40603382474151],[-107.27541559066941,48.40613374900322],[-107.27549096297857,48.406167998645365],[-107.27553821047334,48.40617599932573],[-107.27564594514809,48.406035430560785],[-107.27564580473343,48.40603090275573],[-107.275599093807,48.406036310890336]]]}"
00000000000000002ac8,437,0,0,0,"{""type"":""GeometryCollection"",""geometries"":[{""type"":""LineString"",""coordinates"":[[-107.2756461710728,48.40603985780636],[-107.27564597189928,48.40603539558226]]},{""type"":""Polygon"",""coordinates"":[[[-107.27571556726677,48.40609206025108],[-107.27568110444442,48.40607039820591],[-107.27564678208884,48.406053263962434],[-107.2756461431826,48.40603987103019],[-107.27553821047334,48.40617599932573],[-107.27558575846224,48.4061884246508],[-107.27561334024828,48.4062057368855],[-107.27566776939724,48.40622251206733],[-107.27573587194306,48.40609614159298],[-107.27571556726677,48.40609206025108]]]}]}"
00000000000000002ad3,438,0,0,0,"{""type"":""Polygon"",""coordinates"":[[[-107.27579624948847,48.40609497683533],[-107.2757894640564,48.406095083253085],[-107.27573587194306,48.40609614159298],[-107.27566776939724,48.40622251206733],[-107.27569475715305,48.406226502831],[-107.27571565601917,48.40624390564297],[-107.2758419699461,48.40621906850057],[-107.27579624948847,48.40609497683533]]]}"
00000000000000002ad1,439,0,0,0,"{""type"":""Polygon"",""coordinates"":[[[-107.27590913931056,48.40607040822807],[-107.27588903265378,48.406070767396585],[-107.27579624948847,48.40609497683533],[-107.2758419699461,48.40621906850057],[-107.2758553936371,48.40621879994792],[-107.2759215726245,48.40619963951975],[-107.27596184371573,48.406198833822685],[-107.27598150950524,48.406189522152694],[-107.27590913931056,48.40607040822807]]]}"
00000000000000002acc,440,0,0,0,"{""type"":""Polygon"",""coordinates"":[[[-107.27590913931056,48.40607040822807],[-107.27598150950524,48.406189522152694],[-107.27599493320537,48.40618925358048],[-107.2760145989885,48.40617994190555],[-107.2760477908898,48.40617034583415],[-107.27610669251831,48.406137954490625],[-107.2761132350865,48.406133336052775],[-107.27599464520928,48.40603296790642],[-107.27594189015485,48.40605185975508],[-107.2759353475932,48.40605647817406],[-107.27593618467526,48.40607431157664],[-107.27590913931056,48.40607040822807]],[[-107.27593618467526,48.40607431157664],[-107.27594346190259,48.406087542377406],[-107.27595648941615,48.40607839286894],[-107.27593618467526,48.40607431157664]]]}"
00000000000000002ace,441,0,0,0,"{""type"":""Polygon"",""coordinates"":[[[-107.27609293558466,48.40598186604328],[-107.2760935746566,48.4059952589538],[-107.27599464520928,48.40603296790642],[-107.2761132350865,48.406133336052775],[-107.27616638646914,48.40612332502488],[-107.27619323387572,48.406122787827464],[-107.27621884786167,48.40609553626645],[-107.2762314343348,48.40607743425824],[-107.27609293558466,48.40598186604328]],[[-107.27611525323539,48.40603058232005],[-107.27610173390848,48.406026394626195],[-107.27610227055983,48.4060398033625],[-107.27611525323539,48.40603058232005]]]}"
00000000000000002ac3,442,0,0,0,"{""type"":""Polygon"",""coordinates"":[[[-107.27619865033219,48.40594405058308],[-107.27620002423505,48.40597529266108],[-107.27613988952533,48.40598096965473],[-107.27618566769782,48.405953271620824],[-107.27611166840883,48.405950264748036],[-107.27609283991801,48.4059774097663],[-107.27609293558466,48.40598186604328],[-107.2762314343348,48.40607743425824],[-107.27625700346464,48.406050111190034],[-107.27629663539031,48.406035912434355],[-107.27632308653618,48.4060264942714],[-107.27636271843953,48.40601229549533],[-107.27619865033219,48.40594405058308]]]}"
00000000000000002aae,443,0,0,0,"{""type"":""Polygon"",""coordinates"":[[[-107.27626208096783,48.4058624059541],[-107.27624221726086,48.40586727716729],[-107.2762228902522,48.40588555707254],[-107.27619688022371,48.40590392761175],[-107.27621103864912,48.405921508173186],[-107.27619845222962,48.405939610124506],[-107.27619865033219,48.40594405058308],[-107.27636271843953,48.40601229549533],[-107.27641248236112,48.4059264073093],[-107.27626208096783,48.4058624059541]]]}"
00000000000000002ab5,444,0,0,0,"{""type"":""Polygon"",""coordinates"":[[[-107.27631877074163,48.40578093938963],[-107.27630795464995,48.40583916419234],[-107.27626208096783,48.4058624059541],[-107.27641248236112,48.4059264073093],[-107.27641228423238,48.4059219668533],[-107.27646356928526,48.40586737650402],[-107.2764622908638,48.40584059076243],[-107.27631877074163,48.40578093938963]]]}"
00000000000000002acd,445,0,0,0,"{""type"":""Polygon"",""coordinates"":[[[-107.27638303819238,48.40571712821695],[-107.27632447595049,48.40575848767557],[-107.27631877074163,48.40578093938963],[-107.2764622908638,48.40584059076243],[-107.27651864161787,48.405750155903384],[-107.27638303819238,48.40571712821695]]]}"
00000000000000002ad9,446,0,0,0,"{""type"":""Polygon"",""coordinates"":[[[-107.27641273988564,48.40563167130061],[-107.27640088854801,48.405667622247016],[-107.27638303819238,48.40571712821695],[-107.27652542703967,48.40575004943512],[-107.2765382114169,48.40573638794953],[-107.27656422124906,48.40571801738058],[-107.27660321355899,48.40569042576631],[-107.27663610449419,48.40567640497022],[-107.27641273988564,48.40563167130061]]]}"
00000000000000001ff1,447,0,0,0,"{""type"":""Polygon"",""coordinates"":[[[-107.2764225778821,48.40555108573323],[-107.27642321708399,48.40556447853023],[-107.27642375386397,48.40557788714549],[-107.27642415012906,48.405586768000404],[-107.27642459119829,48.40559572037759],[-107.27641273988564,48.40563167130061],[-107.27663610449419,48.40567640497022],[-107.27664264694765,48.405671786539166],[-107.2766520433639,48.405582248525285],[-107.27666507061502,48.405573099014035],[-107.2764225778821,48.40555108573323]]]}"
00000000000000002143,448,0,0,0,"{""type"":""Polygon"",""coordinates"":[[[-107.27666221954942,48.40551063119658],[-107.27663419631322,48.405484367138754],[-107.27661983960887,48.40546234637001],[-107.27659201460291,48.40544052273624],[-107.27659161829483,48.40543164190743],[-107.27642100563466,48.405515403489886],[-107.2764219386802,48.40553769293958],[-107.2764225778821,48.40555108573323],[-107.27666507061502,48.405573099014035],[-107.2766910802982,48.40555472847071],[-107.27666221954942,48.40551063119658]]]}"
00000000000000002a9c,449,0,0,0,"{""type"":""Polygon"",""coordinates"":[[[-107.27657745979221,48.405414061565274],[-107.27648896411381,48.4053845064989],[-107.27645483981647,48.40537181317549],[-107.27636402668087,48.40544058580035],[-107.27639116748587,48.40544894521285],[-107.27640596507966,48.405479918372635],[-107.27642056456529,48.40550645112614],[-107.27642100563466,48.405515403489886],[-107.27659161829483,48.40543164190743],[-107.27657745979221,48.405414061565274]]]}"
00000000000000002a98,450,0,0,0,"{""type"":""Polygon"",""coordinates"":[[[-107.27641423076655,48.40536365089448],[-107.27639289079902,48.405337296186545],[-107.2763454455957,48.405324855634746],[-107.27631835579959,48.40532088092617],[-107.27625556544,48.40541591749794],[-107.27628865424255,48.40540633731251],[-107.27636402668087,48.40544058580035],[-107.27645483981647,48.40537181317549],[-107.27641423076655,48.40536365089448]]]}"
00000000000000002a9a,451,0,0,0,"{""type"":""Polygon"",""coordinates"":[[[-107.2763047342486,48.40531670912623],[-107.2762775487794,48.40530827818601],[-107.27618393020157,48.40531465445903],[-107.27617016820247,48.40530595489857],[-107.27614120114771,48.40540926021248],[-107.27614798647963,48.40540915377381],[-107.2761956297232,48.405426034859794],[-107.27624214198335,48.405416186096474],[-107.27625556544,48.40541591749794],[-107.27631835579959,48.40532088092617],[-107.2763047342486,48.40531670912623]]]}"
00000000000000002aba,452,0,0,0,"{""type"":""Polygon"",""coordinates"":[[[-107.2761025145291,48.40529388925118],[-107.27606150961854,48.405276846016655],[-107.27599852078419,48.405367441940314],[-107.27601194418855,48.40536717337736],[-107.27610727517472,48.40540100716774],[-107.27614120114771,48.40540926021248],[-107.27617016820247,48.40530595489857],[-107.27616997009893,48.40530151449303],[-107.2761025145291,48.40529388925118]]]}"
00000000000000002ab8,453,0,0,0,"{""type"":""Polygon"",""coordinates"":[[[-107.27603392813201,48.40525953420409],[-107.27601932906485,48.405233001503944],[-107.2760124929131,48.405228723238054],[-107.275854122036,48.40528988565315],[-107.27586838246113,48.405307450259365],[-107.27588942142648,48.40532938048688],[-107.27596435205324,48.405354676916794],[-107.27599852078419,48.405367441940314],[-107.27606150961854,48.405276846016655],[-107.27603392813201,48.40525953420409]]]}"
00000000000000002ab9,454,0,0,0,"{""type"":""Polygon"",""coordinates"":[[[-107.27597591533777,48.405162443110065],[-107.27582275835357,48.40518781691881],[-107.27582423439195,48.405219042752826],[-107.2758253651454,48.405245772495896],[-107.27583952311696,48.40526335290686],[-107.27584040497577,48.40528125756675],[-107.275854122036,48.40528988565315],[-107.2760124929131,48.405228723238054],[-107.27597591533777,48.405162443110065]]]}"
00000000000000002a95,455,0,0,0,"{""type"":""Polygon"",""coordinates"":[[[-107.27596500882706,48.405068824760065],[-107.27581185224719,48.405094198496705],[-107.27581903362172,48.405102972864476],[-107.2758217808593,48.40516545607982],[-107.27582275835357,48.40518781691881],[-107.27597591533777,48.405162443110065],[-107.27597571725691,48.40515800271547],[-107.27596785873871,48.40513129211059],[-107.27597252879009,48.4050865672219],[-107.27596500882706,48.405068824760065]]]}"
00000000000000002a94,456,0,0,0,"{""type"":""Polygon"",""coordinates"":[[[-107.27594273666226,48.40502018082882],[-107.27590679843094,48.40496729358019],[-107.2757223236142,48.405042369393925],[-107.27574287058508,48.40505096257531],[-107.27578446913897,48.405081327052436],[-107.27581185224719,48.405094198496705],[-107.27596500882706,48.405068824760065],[-107.27594273666226,48.40502018082882]]]}"
00000000000000002a92,457,0,0,0,"{""type"":""Polygon"",""coordinates"":[[[-107.27595646584402,48.40487695114707],[-107.27586895004355,48.40486975645125],[-107.27562615731665,48.40499070235484],[-107.2757223236142,48.405042369393925],[-107.27590679843094,48.40496729358019],[-107.27589991754432,48.40496294380563],[-107.27592572884983,48.404940133310184],[-107.27593089747596,48.40490427351575],[-107.27596398577278,48.40489469354668],[-107.27597033003102,48.40488563485993],[-107.27595646584402,48.40487695114707]]]}"
00000000000000002a96,458,0,0,0,"{""type"":""Polygon"",""coordinates"":[[[-107.27574593746705,48.40481862676416],[-107.27556210232318,48.404907094686095],[-107.27557827233787,48.40496930919506],[-107.27562615731665,48.40499070235484],[-107.27586895004355,48.40486975645125],[-107.27574593746705,48.40481862676416]]]}"
00000000000000002aa2,459,0,0,0,"{""type"":""Polygon"",""coordinates"":[[[-107.27573133879383,48.404792094229386],[-107.27564952881421,48.40476244806937],[-107.2754911092444,48.404819224636746],[-107.27551982055067,48.404863266041126],[-107.27555374569155,48.40487151923114],[-107.27556210232318,48.404907094686095],[-107.27574593746705,48.40481862676416],[-107.27573133879383,48.404792094229386]]]}"
00000000000000002aa9,460,0,0,0,"{""type"":""Polygon"",""coordinates"":[[[-107.27563473220137,48.404731475184455],[-107.2754519845134,48.40469490238165],[-107.27544785039925,48.40475303535192],[-107.2754911092444,48.404819224636746],[-107.27564952881421,48.40476244806937],[-107.27563473220137,48.404731475184455]]]}"
00000000000000002a90,461,0,0,0,"{""type"":""Polygon"",""coordinates"":[[[-107.27563685360826,48.40462870832438],[-107.27551698525791,48.40464894186473],[-107.27545158847295,48.404686021665356],[-107.2754519845134,48.40469490238165],[-107.27563473220137,48.404731475184455],[-107.27567091904014,48.404641489126796],[-107.27563685360826,48.40462870832438]]]}"
00000000000000002aa0,462,0,0,0,"{""type"":""Polygon"",""coordinates"":[[[-107.275787689016,48.404701661588014],[-107.27571930224263,48.40467174701257],[-107.27567091904014,48.404641489126796],[-107.27563473220137,48.404731475184455],[-107.27564952881421,48.40476244806937],[-107.27573133879383,48.404792094229386],[-107.27579437177363,48.40470157099354],[-107.275787689016,48.404701661588014]]]}"
00000000000000002a91,463,0,0,0,"{""type"":""Polygon"",""coordinates"":[[[-107.27585490034903,48.40470477512342],[-107.27584855610623,48.404713833771474],[-107.27579437177363,48.40470157099354],[-107.27573133879383,48.404792094229386],[-107.27574593746705,48.40481862676416],[-107.27586895004355,48.40486975645125],[-107.27595646584402,48.40487695114707],[-107.27585490034903,48.40470477512342]]]}"
00000000000000002a93,464,0,0,0,"{""type"":""Polygon"",""coordinates"":[[[-107.27586684739234,48.40467328105959],[-107.27585490034903,48.40470477512342],[-107.27595646584402,48.40487695114707],[-107.27597696803262,48.40488547273117],[-107.27599707406442,48.40488511356807],[-107.27602805379819,48.40482644333743],[-107.27609895770635,48.40476247140206],[-107.27610406851578,48.40472669905677],[-107.27586684739234,48.40467328105959]]]}"
00000000000000002a97,465,0,0,0,"{""type"":""Polygon"",""coordinates"":[[[-107.2759441401402,48.40460032231534],[-107.27595873893884,48.404626854719325],[-107.27588602053517,48.40465063282306],[-107.27586664932137,48.4046688407052],[-107.27586684739234,48.40467328105959],[-107.27610406851578,48.40472669905677],[-107.27610269463332,48.40469545770741],[-107.27610087974884,48.40465526415209],[-107.27609910966622,48.40461514214669],[-107.2759441401402,48.40460032231534]]]}"
00000000000000002a9b,466,0,0,0,"{""type"":""Polygon"",""coordinates"":[[[-107.27592713242385,48.404520275423934],[-107.27593568748398,48.40456029094819],[-107.2759300779839,48.40458719829505],[-107.2759441401402,48.40460032231534],[-107.27609910966622,48.40461514214669],[-107.27608844574974,48.404526036638565],[-107.27610098685457,48.404507863674304],[-107.27592713242385,48.404520275423934]]]}"
00000000000000002a8e,467,1,0,0,"{""type"":""Polygon"",""coordinates"":[[[-107.27588294012823,48.404431797713556],[-107.27588338107908,48.40444074990259],[-107.2758977368954,48.404462770382516],[-107.27593854271329,48.404475373114806],[-107.27594581968656,48.40448860352564],[-107.27592649338386,48.404506882881435],[-107.27592713242385,48.404520275423934],[-107.27610098685457,48.404507863674304],[-107.27610693481013,48.40448992436981],[-107.27610364359265,48.40441850559694],[-107.27588294012823,48.404431797713556]]]}"
00000000000000002a8f,468,0,0,0,"{""type"":""Polygon"",""coordinates"":[[[-107.27608156961371,48.404374302616425],[-107.27608609886065,48.40432505070639],[-107.2758923824788,48.404342333343905],[-107.27586160113249,48.404405443323014],[-107.2758890862343,48.40441829877924],[-107.27588294012823,48.404431797713556],[-107.27610364359265,48.40441850559694],[-107.27610310690397,48.404405097268715],[-107.27608156961371,48.404374302616425]]]}"
00000000000000002a66,469,0,0,0,"{""type"":""Polygon"",""coordinates"":[[[-107.27606835609765,48.40422715565795],[-107.27590177996109,48.4042527976056],[-107.27591593765024,48.40427037768554],[-107.2759106735009,48.404301780912505],[-107.27589140491166,48.40431997286154],[-107.2758987266411,48.40433327475802],[-107.2758923824788,48.404342333343905],[-107.27608609886065,48.40432505070639],[-107.27608275678567,48.40424924753961],[-107.27606835609765,48.40422715565795]]]}"
00000000000000002a5e,470,0,0,0,"{""type"":""Polygon"",""coordinates"":[[[-107.2760399381527,48.40419201139289],[-107.27601742338464,48.404138856441854],[-107.27595675513462,48.40413112478599],[-107.27581879524003,48.40419635111894],[-107.27582567597793,48.40420070084063],[-107.27588742421017,48.404230777211225],[-107.27590177996109,48.4042527976056],[-107.27606835609765,48.40422715565795],[-107.2760399381527,48.40419201139289]]]}"
00000000000000002a5f,471,0,0,0,"{""type"":""Polygon"",""coordinates"":[[[-107.27591467158128,48.40409173725371],[-107.27583984591011,48.404066425505334],[-107.27581934421774,48.40405790401013],[-107.27573064221835,48.40417576388267],[-107.27579101662782,48.40417459924967],[-107.27581879524003,48.40419635111894],[-107.27595675513462,48.40413112478599],[-107.27595655704891,48.40412668447725],[-107.27591467158128,48.40409173725371]]]}"
00000000000000002a62,472,0,0,0,"{""type"":""Polygon"",""coordinates"":[[[-107.27577155582033,48.40404096741243],[-107.27571757057703,48.40403314502127],[-107.27569662804791,48.40401567138228],[-107.27566988472792,48.404016192563994],[-107.27563014629689,48.404177789668196],[-107.27573064221835,48.40417576388267],[-107.27581934421774,48.40405790401013],[-107.27577155582033,48.40404096741243]]]}"
00000000000000002a9f,473,0,0,0,"{""type"":""Polygon"",""coordinates"":[[[-107.27563640117569,48.4040168916501],[-107.27552287900518,48.404028066397615],[-107.27551609397175,48.40402817278186],[-107.2755227697999,48.404175465603444],[-107.27563014629689,48.404177789668196],[-107.27566988472792,48.404016192563994],[-107.27563640117569,48.4040168916501]]]}"
00000000000000002aa1,474,0,0,0,"{""type"":""Polygon"",""coordinates"":[[[-107.27547592784927,48.40402896238146],[-107.27539633010811,48.40404839007839],[-107.27536972724748,48.40405343881313],[-107.27542256772351,48.404186387611155],[-107.27542910995783,48.40418176939712],[-107.27546883537399,48.40417202766123],[-107.2755227697999,48.404175465603444],[-107.27551609397175,48.40402817278186],[-107.27547592784927,48.40402896238146]]]}"
00000000000000002a64,475,0,0,0,"{""type"":""Polygon"",""coordinates"":[[[-107.27536972724748,48.40405343881313],[-107.27522911677607,48.404060638293814],[-107.27530280341371,48.40420660486239],[-107.27536249396078,48.40419197651117],[-107.27542256772351,48.404186387611155],[-107.27536972724748,48.40405343881313]]]}"
00000000000000002a63,476,0,0,0,"{""type"":""Polygon"",""coordinates"":[[[-107.27522911677607,48.404060638293814],[-107.27521569395682,48.40406090672606],[-107.27514288125495,48.40408022786146],[-107.2751030535813,48.4040899852548],[-107.27516907306388,48.40421815405156],[-107.27522256655772,48.40421264000912],[-107.27526941540319,48.40421175995637],[-107.27530280341371,48.40420660486239],[-107.27522911677607,48.404060638293814]]]}"
00000000000000002a9e,477,0,0,0,"{""type"":""Polygon"",""coordinates"":[[[-107.2751030535813,48.4040899852548],[-107.27507016409616,48.404104005073094],[-107.27499616949048,48.40410099732717],[-107.27498294465686,48.40410570603827],[-107.27501592086871,48.404243526004855],[-107.27504964718024,48.404247338975104],[-107.27516907306388,48.40421815405156],[-107.2751030535813,48.4040899852548]]]}"
00000000000000002a68,478,0,0,0,"{""type"":""Polygon"",""coordinates"":[[[-107.27498294465686,48.40410570603827],[-107.27496976462086,48.404110486267626],[-107.27489651117818,48.40412085508795],[-107.27485688145575,48.40413505270139],[-107.27488941645943,48.40426392062805],[-107.27497595269071,48.404248755722804],[-107.27500928304907,48.404243688060696],[-107.27501592086871,48.404243526004855],[-107.27498294465686,48.40410570603827]]]}"
00000000000000002a6e,479,0,0,0,"{""type"":""Polygon"",""coordinates"":[[[-107.27485688145575,48.40413505270139],[-107.27482355123223,48.40414012029694],[-107.27479006786723,48.40414081908514],[-107.27476996249803,48.404141177974026],[-107.27471671204337,48.404151203586075],[-107.27476247141101,48.404275362916714],[-107.27482968112231,48.40427847718511],[-107.27488941645943,48.40426392062805],[-107.27485688145575,48.40413505270139]]]}"
00000000000000002a67,480,0,0,0,"{""type"":""Polygon"",""coordinates"":[[[-107.27471671204337,48.404151203586075],[-107.27461681103327,48.404166549236415],[-107.27458288708331,48.404158295794566],[-107.27462200814138,48.404282617247034],[-107.27464187083291,48.40427774653888],[-107.27476247141101,48.404275362916714],[-107.27471671204337,48.404151203586075]]]}"
00000000000000002aa3,481,0,0,0,"{""type"":""Polygon"",""coordinates"":[[[-107.27458288708331,48.404158295794566],[-107.27452202215873,48.40414612288153],[-107.27446872697878,48.404156076835406],[-107.274455304233,48.404156345160104],[-107.27448183842873,48.4042987678415],[-107.27455612637253,48.404310672470146],[-107.27462200814138,48.404282617247034],[-107.27458288708331,48.404158295794566]]]}"
00000000000000002a6f,482,0,0,0,"{""type"":""Polygon"",""coordinates"":[[[-107.274455304233,48.404156345160104],[-107.27436208595023,48.404171600047036],[-107.27436135200502,48.40415375143579],[-107.27436031775224,48.40413147832532],[-107.27433357472745,48.404131999128936],[-107.2743416688119,48.404314918234064],[-107.27438861976533,48.4043140228045],[-107.27447495793432,48.40429441800947],[-107.27448183842873,48.4042987678415],[-107.274455304233,48.404156345160104]]]}"
00000000000000002aa6,483,0,0,0,"{""type"":""Polygon"",""coordinates"":[[[-107.2742602191661,48.404142383273175],[-107.27421326849434,48.40414327863002],[-107.2741950593816,48.404335670758414],[-107.27420848215543,48.404335402468426],[-107.27425459676353,48.404316674248726],[-107.27429462241574,48.40431135749533],[-107.2743416688119,48.404314918234064],[-107.27433357472745,48.404131999128936],[-107.2742602191661,48.404142383273175]]]}"
00000000000000002a71,484,0,0,0,"{""type"":""Polygon"",""coordinates"":[[[-107.27413254139846,48.40413597606687],[-107.27407172760542,48.40412818747135],[-107.27405186504714,48.40413305804468],[-107.2740817802646,48.40435135571763],[-107.27408861589545,48.40435563406371],[-107.27414180882751,48.40434569609107],[-107.2741950593816,48.404335670758414],[-107.27421326849434,48.40414327863002],[-107.27413254139846,48.40413597606687]]]}"
00000000000000002aa7,485,0,0,0,"{""type"":""Polygon"",""coordinates"":[[[-107.27405186504714,48.40413305804468],[-107.27392536184786,48.40415345132643],[-107.27393898235675,48.404157623399016],[-107.27400652924662,48.40416970623457],[-107.27392653605197,48.40418025211276],[-107.27388592997869,48.40417208887051],[-107.27398748290288,48.40434426557509],[-107.27405415615652,48.40433397206164],[-107.27407479742189,48.40434702166286],[-107.2740817802646,48.40435135571763],[-107.27405186504714,48.40413305804468]]]}"
00000000000000002a8a,486,1,0,1,"{""type"":""Polygon"",""coordinates"":[[[-107.27388592997869,48.40417208887051],[-107.2738587466033,48.404163657374006],[-107.27381955733964,48.40418680673943],[-107.27382048884337,48.40420909569883],[-107.2737412293147,48.40423749007509],[-107.27388758187342,48.40435961052363],[-107.27389426443267,48.40435952006683],[-107.27398748290288,48.40434426557509],[-107.27388592997869,48.40417208887051]]]}"
00000000000000002aa8,487,0,0,0,"{""type"":""Polygon"",""coordinates"":[[[-107.2737412293147,48.40423749007509],[-107.27368867489146,48.40426082031171],[-107.27366344395902,48.40429710977641],[-107.27363743459843,48.40431547905978],[-107.27363128784768,48.40432897784048],[-107.2738227786557,48.4044100100403],[-107.27384224569346,48.40439625880116],[-107.27388758187342,48.40435961052363],[-107.2737412293147,48.40423749007509]]]}"
00000000000000002a72,488,0,0,0,"{""type"":""Polygon"",""coordinates"":[[[-107.27380959852813,48.40441479014016],[-107.2738227786557,48.4044100100403],[-107.27363128784768,48.40432897784048],[-107.27359313213097,48.404374400413545],[-107.27354598370728,48.404370855106016],[-107.273547355413,48.40440209635714],[-107.27379975569535,48.40449537384779],[-107.27383210970547,48.40446794597392],[-107.27383083316629,48.40444116085165],[-107.27380959852813,48.40441479014016]]]}"
00000000000000002abe,489,0,0,0,"{""type"":""Polygon"",""coordinates"":[[[-107.273547355413,48.40440209635714],[-107.27354863174497,48.40442888146884],[-107.27358943566182,48.404441485238365],[-107.27355747716615,48.404477793718286],[-107.27353087428551,48.40448284198529],[-107.2736898134712,48.404586862141166],[-107.27371621864394,48.40457737345993],[-107.27374222818533,48.40455900406056],[-107.27376740164692,48.40452280172583],[-107.27379975569535,48.40449537384779],[-107.273547355413,48.40440209635714]]]}"
00000000000000002ae1,490,0,0,0,"{""type"":""Polygon"",""coordinates"":[[[-107.27353087428551,48.40448284198529],[-107.27348392354534,48.40448373699339],[-107.27345718051454,48.40448425755682],[-107.27343741317519,48.40449358420239],[-107.2735175319785,48.40463495120995],[-107.27355081755155,48.40462981249549],[-107.2735837651626,48.40461570571364],[-107.27361011273182,48.404606304388444],[-107.27363027572615,48.404605858406406],[-107.2736898134712,48.404586862141166],[-107.27353087428551,48.40448284198529]]]}"
00000000000000002ae5,491,0,0,0,"{""type"":""Polygon"",""coordinates"":[[[-107.27343741317519,48.40449358420239],[-107.27339173868071,48.40452126432734],[-107.27337831595555,48.40452153250298],[-107.27336489323221,48.40452180067672],[-107.27335147051068,48.40452206884852],[-107.27333160780074,48.40452693931281],[-107.27336457748343,48.404664761098495],[-107.27339806081821,48.40466406280068],[-107.27345779640223,48.40464950702178],[-107.2735175319785,48.40463495120995],[-107.27343741317519,48.40449358420239]]]}"
00000000000000002aac,492,0,0,0,"{""type"":""Polygon"",""coordinates"":[[[-107.27333160780074,48.40452693931281],[-107.27323170672918,48.404542283633354],[-107.27319143860451,48.404543088086676],[-107.27324417517382,48.40467158333908],[-107.27325061519556,48.40466698103728],[-107.2733444721348,48.40466511969226],[-107.27336457748343,48.404664761098495],[-107.27333160780074,48.40452693931281]]]}"
00000000000000002aa5,493,0,0,0,"{""type"":""Polygon"",""coordinates"":[[[-107.27319143860451,48.404543088086676],[-107.2731445327522,48.404544054448806],[-107.27310476254938,48.404553723770725],[-107.2730582521851,48.40456357080907],[-107.2730456075756,48.40458175923381],[-107.27313792905743,48.40469598609681],[-107.27315803437864,48.40469562754674],[-107.27324417517382,48.40467158333908],[-107.27319143860451,48.404543088086676]]]}"
00000000000000002ae4,494,0,0,0,"{""type"":""Polygon"",""coordinates"":[[[-107.2730456075756,48.40458175923381],[-107.27303965832255,48.404599698412596],[-107.27296600949774,48.40460118512815],[-107.27291905888896,48.404602079859046],[-107.27302695194953,48.40476520060387],[-107.27305359975121,48.40476022396789],[-107.27308595429574,48.40473279619554],[-107.27308511857473,48.40471496318169],[-107.27313792905743,48.40469598609681],[-107.2730456075756,48.40458175923381]]]}"
00000000000000002ae0,495,0,0,0,"{""type"":""MultiPolygon"",""coordinates"":[[[[-107.27300020884492,48.404765721044775],[-107.27302695194953,48.40476520060387],[-107.27301279592022,48.40474761989352],[-107.27300020884492,48.404765721044775]]],[[[-107.27300020884492,48.404765721044775],[-107.27297970808281,48.40475719880883],[-107.27301279592022,48.40474761989352],[-107.27291905888896,48.404602079859046],[-107.27286547056728,48.40460313647323],[-107.27286630618364,48.404620969454285],[-107.27290056731314,48.404638191654264],[-107.27282765169991,48.40465752706831],[-107.27281422900552,48.4046577951651],[-107.27288702468621,48.40478586092072],[-107.27290020493416,48.40478108091108],[-107.27294715576062,48.40478018618087],[-107.27298732162193,48.4047793976333],[-107.27300020884492,48.404765721044775]]]]}"
00000000000000002ae6,496,0,0,0,"{""type"":""Polygon"",""coordinates"":[[[-107.27281422900552,48.4046577951651],[-107.2727807010886,48.40465842173264],[-107.27273389771048,48.40465937208443],[-107.2727061720174,48.40464200373033],[-107.27269245639414,48.404633375263074],[-107.27267859356859,48.40462469108404],[-107.2727406126151,48.40481105180008],[-107.27276706271178,48.40480163485812],[-107.2728603768928,48.40479083751271],[-107.27288702468621,48.40478586092072],[-107.27281422900552,48.4046577951651]]]}"
00000000000000002ae8,497,0,0,0,"{""type"":""Polygon"",""coordinates"":[[[-107.27267859356859,48.40462469108404],[-107.27263779017973,48.404612086871296],[-107.27262500535073,48.404625747561994],[-107.27261359140516,48.40467064969691],[-107.2726270140757,48.40467038162867],[-107.2726070489327,48.404675267767665],[-107.27257266683264,48.40480544669069],[-107.27260615001452,48.404804748670706],[-107.27272738756453,48.40481576026902],[-107.2727406126151,48.40481105180008],[-107.27267859356859,48.40462469108404]]]}"
00000000000000002ab1,498,0,0,0,"{""type"":""Polygon"",""coordinates"":[[[-107.27254638283006,48.4046675338276],[-107.27242828282074,48.40472788570101],[-107.27244214558516,48.404736569934464],[-107.2724564989049,48.40475859111348],[-107.27248387961724,48.40477146348854],[-107.27251156043432,48.40478876042913],[-107.27253938132621,48.40481058508169],[-107.27257266683264,48.40480544669069],[-107.2726070489327,48.404675267767665],[-107.27260060887565,48.40467987002798],[-107.27259328854224,48.40466656775861],[-107.27261359140516,48.40467064969691],[-107.27262500535073,48.404625747561994],[-107.27255292530418,48.40466291576159],[-107.27255302055458,48.40466737194293],[-107.27254638283006,48.4046675338276]],[[-107.27255302055458,48.40466737194293],[-107.27254043335054,48.40468547301006],[-107.27257533206283,48.40471608799776],[-107.2725867460695,48.404671185827645],[-107.27255302055458,48.40466737194293]]]}"
00000000000000002ab0,499,0,0,0,"{""type"":""Polygon"",""coordinates"":[[[-107.27249531996392,48.40457470407127],[-107.27233827261308,48.40466271664926],[-107.27234535039874,48.40467150704546],[-107.27237273097744,48.40468437943457],[-107.27242828282074,48.40472788570101],[-107.27254638283006,48.4046675338276],[-107.27253271771379,48.404663289991525],[-107.27254594270404,48.40465858156434],[-107.27255292530418,48.40466291576159],[-107.27262500535073,48.404625747561994],[-107.27263779017973,48.404612086871296],[-107.27249531996392,48.40457470407127]],[[-107.27252289823615,48.40459201675841],[-107.27250927794668,48.4045878444457],[-107.27251699355637,48.40461002743547],[-107.27252289823615,48.40459201675841]]]}"
00000000000000002ab3,500,0,0,0,"{""type"":""Polygon"",""coordinates"":[[[-107.2724748195341,48.40456618174973],[-107.27245328604637,48.40453538609542],[-107.2723746188912,48.40457710062423],[-107.27234630779667,48.404541939114566],[-107.27224143310723,48.40459758221197],[-107.27230327181798,48.40463211740775],[-107.27233827261308,48.40466271664926],[-107.27249531996392,48.40457470407127],[-107.2724748195341,48.40456618174973]]]}"
00000000000000002b00,501,0,0,0,"{""type"":""Polygon"",""coordinates"":[[[-107.27233244513754,48.40453325489628],[-107.27233711923466,48.404488530582654],[-107.27229578097386,48.40446251784719],[-107.27229538569988,48.40445363713716],[-107.27229518806286,48.40444919678268],[-107.27216450143335,48.40452764905036],[-107.27217816640312,48.40453189293169],[-107.27223449537216,48.404593319517275],[-107.27224143310723,48.40459758221197],[-107.27234630779667,48.404541939114566],[-107.27233244513754,48.40453325489628]]]}"
00000000000000002aff,502,0,0,0,"{""type"":""GeometryCollection"",""geometries"":[{""type"":""LineString"",""coordinates"":[[-107.27224570786646,48.40439206559872],[-107.27225217917265,48.40438749319683]]},{""type"":""Polygon"",""coordinates"":[[[-107.27225281693812,48.404400910767635],[-107.27224570786646,48.40439206559872],[-107.27224569443395,48.40439204888587],[-107.27204720736604,48.404454063702296],[-107.27207542283,48.40448476908487],[-107.2720758628424,48.404493721324016],[-107.27207615564653,48.4045026178528],[-107.27216450143335,48.40452764905036],[-107.27229518806286,48.40444919678268],[-107.27230723996686,48.404417687440024],[-107.27225281693812,48.404400910767635]]]}]}"
00000000000000002af7,503,0,0,0,"{""type"":""Polygon"",""coordinates"":[[[-107.27200199349545,48.404343310772845],[-107.27200400147632,48.404387944635296],[-107.27204032731666,48.4044497136721],[-107.27204720736604,48.404454063702296],[-107.27225217924875,48.40438751819645],[-107.27225193682376,48.40438300632587],[-107.27224373094982,48.40434748655391],[-107.27229136903223,48.40436436936976],[-107.27229024083188,48.4043376399617],[-107.27228999840186,48.40433312809555],[-107.27200199349545,48.404343310772845]]]}"
00000000000000002a8c,504,0,0,0,"{""type"":""GeometryCollection"",""geometries"":[{""type"":""LineString"",""coordinates"":[[-107.2723160137998,48.404314773280916],[-107.27232271544575,48.40431464086466]]},{""type"":""Polygon"",""coordinates"":[[[-107.27205043682602,48.404226257701914],[-107.2720252624004,48.404262459410425],[-107.27203371043304,48.404302491015166],[-107.27200199349545,48.404343310772845],[-107.27228999840186,48.40433312809555],[-107.27230322326515,48.404328419734085],[-107.27231600805314,48.404314759163285],[-107.27205043682602,48.404226257701914]]]}]}"
00000000000000002ab2,505,0,0,0,"{""type"":""Polygon"",""coordinates"":[[[-107.27235524253601,48.404291681865715],[-107.27237437205989,48.40426896294046],[-107.27213383514432,48.40413973238402],[-107.27207566882859,48.404189968681585],[-107.27205043682602,48.404226257701914],[-107.27232269049124,48.40431466881888],[-107.27232195754846,48.40429682011886],[-107.2723347423201,48.40428315955406],[-107.27235524253601,48.404291681865715]],[[-107.2723347423201,48.40428315955406],[-107.27232766460244,48.40427436921929],[-107.27231463739916,48.40428351791904],[-107.2723347423201,48.40428315955406]],[[-107.27221267183555,48.40425431463225],[-107.27219236933057,48.40425023263203],[-107.27219964462813,48.404263463313086],[-107.27221267183555,48.40425431463225]]]}"
00000000000000002a8b,506,0,0,0,"{""type"":""Polygon"",""coordinates"":[[[-107.2722244059925,48.404066453583084],[-107.27221776839865,48.40406661543993],[-107.27218585420101,48.40410299474255],[-107.27213383514432,48.40413973238402],[-107.27237437205989,48.40426896294046],[-107.27238041675473,48.404255480056236],[-107.27235230351256,48.40422475908993],[-107.27237743288826,48.40418848580677],[-107.27240344241274,48.40417011690382],[-107.2722244059925,48.404066453583084]]]}"
00000000000000002aad,507,0,0,0,"{""type"":""Polygon"",""coordinates"":[[[-107.27230877904827,48.4040022888213],[-107.27230253674202,48.4040113313184],[-107.27227642490166,48.40402971594676],[-107.27225041545667,48.404048084765044],[-107.2722244059925,48.404066453583084],[-107.27240344241274,48.40417011690382],[-107.27240998480013,48.40416549889277],[-107.27244214136772,48.404133631323205],[-107.27247478845759,48.40411510054806],[-107.27248717779936,48.40409255936418],[-107.27230877904827,48.4040022888213]]]}"
00000000000000002aa4,508,0,0,0,"{""type"":""Polygon"",""coordinates"":[[[-107.27237919417722,48.403924983829754],[-107.27237928941376,48.40392943995002],[-107.27230877904827,48.4040022888213],[-107.27248717779936,48.40409255936418],[-107.27250566936594,48.40405644801773],[-107.27256442816804,48.40401953254871],[-107.27237919417722,48.403924983829754]]]}"
00000000000000002a88,509,0,0,0,"{""type"":""Polygon"",""coordinates"":[[[-107.27249026426922,48.40386022733104],[-107.27248372194374,48.40386484531958],[-107.27245063497553,48.40387442387241],[-107.27240529874298,48.403911071140634],[-107.27237919417722,48.403924983829754],[-107.27256442816804,48.40401953254871],[-107.27261034467494,48.40399636492402],[-107.27264265386988,48.403968866186645],[-107.27249026426922,48.40386022733104]]]}"
00000000000000002a86,510,0,0,0,"{""type"":""Polygon"",""coordinates"":[[[-107.27259493899871,48.40380014448957],[-107.27249026426922,48.40386022733104],[-107.27264265386988,48.403968866186645],[-107.27266826780246,48.4039416166722],[-107.2727014572709,48.40393202221996],[-107.27273366395555,48.40390453929784],[-107.27259493899871,48.40380014448957]]]}"
00000000000000002aaf,511,0,0,0,"{""type"":""Polygon"",""coordinates"":[[[-107.27268550850219,48.403726865754386],[-107.27264056794633,48.40377239361573],[-107.27259493899871,48.40380014448957],[-107.27273366395555,48.40390453929784],[-107.27275283789758,48.403881891992015],[-107.27280588962189,48.40386742724098],[-107.27283165631631,48.4038445465192],[-107.27268550850219,48.403726865754386]]]}"
00000000000000002aaa,512,0,0,0,"{""type"":""Polygon"",""coordinates"":[[[-107.27280400048465,48.40367539535713],[-107.27273172472356,48.40370812268873],[-107.27269185310067,48.40371780747349],[-107.27268550850219,48.403726865754386],[-107.27283165631631,48.4038445465192],[-107.27285766548854,48.403826177620616],[-107.27291071715192,48.40381171282837],[-107.27292403713875,48.403811460540254],[-107.27294404662757,48.40380664594611],[-107.27280400048465,48.40367539535713]]]}"
00000000000000002a81,513,0,0,0,"{""type"":""Polygon"",""coordinates"":[[[-107.27295651007353,48.403636634943894],[-107.27294333024649,48.403641414848146],[-107.27288286323008,48.40363812151873],[-107.27280400048465,48.40367539535713],[-107.27294404662757,48.40380664594611],[-107.27296390890724,48.4038017756385],[-107.27303047828035,48.403791498787236],[-107.27303726308986,48.40379139258455],[-107.27295651007353,48.403636634943894]]]}"
00000000000000002a85,514,0,0,0,"{""type"":""Polygon"",""coordinates"":[[[-107.27308959769108,48.40361169671497],[-107.27306949297325,48.40361205522816],[-107.2729829593107,48.403627218171444],[-107.27295651007353,48.403636634943894],[-107.27303726308986,48.40379139258455],[-107.27314970381875,48.403757876394536],[-107.27315668637762,48.40376221047586],[-107.27308959769108,48.40361169671497]]]}"
00000000000000002a84,515,0,0,0,"{""type"":""Polygon"",""coordinates"":[[[-107.27321653859973,48.403600256882356],[-107.2731702271786,48.40361454404871],[-107.27314933145358,48.40359714146078],[-107.27308959769108,48.40361169671497],[-107.27315668637762,48.40376221047586],[-107.27317000638143,48.40376195815347],[-107.27323628267862,48.40374278477391],[-107.27329621446155,48.40373266967558],[-107.27321653859973,48.403600256882356]]]}"
00000000000000002aab,516,0,0,0,"{""type"":""Polygon"",""coordinates"":[[[-107.27329456526986,48.403545150145646],[-107.2732694875887,48.40358580777062],[-107.27321653859973,48.403600256882356],[-107.27329621446155,48.40373266967558],[-107.27332949916064,48.40372753114673],[-107.2733557059138,48.40371360244588],[-107.27336849022859,48.403699941904414],[-107.27338269092859,48.40371759374051],[-107.27347473354494,48.40367553941806],[-107.27329456526986,48.403545150145646]]]}"
00000000000000002a6d,517,0,0,0,"{""type"":""Polygon"",""coordinates"":[[[-107.27332647823734,48.40350877088623],[-107.27330734953404,48.40353148965668],[-107.27329456526986,48.403545150145646],[-107.27347473354494,48.40367553941806],[-107.27353382934164,48.40364759153709],[-107.27358550910006,48.403601885624504],[-107.27360336132585,48.40355238208775],[-107.27360316352308,48.40354794181512],[-107.27332647823734,48.40350877088623]]]}"
00000000000000002a70,518,0,0,0,"{""type"":""Polygon"",""coordinates"":[[[-107.27360278909923,48.4033872075673],[-107.27333745057155,48.4034549176236],[-107.27334580469164,48.40349049239098],[-107.27332647823734,48.40350877088623],[-107.27360316352308,48.40354794181512],[-107.27360262773358,48.403534533668775],[-107.27360730011527,48.40348981017343],[-107.27359885033107,48.40344977936066],[-107.27359801432415,48.40343194678704],[-107.27359703813283,48.40340958662774],[-107.27361650464213,48.40339583570535],[-107.27360278909923,48.4033872075673]]]}"
00000000000000002a6c,519,0,0,0,"{""type"":""Polygon"",""coordinates"":[[[-107.27356744988289,48.40334764168531],[-107.2735531915707,48.40333007732896],[-107.27352561337918,48.40331276534449],[-107.27351145751854,48.40329518518152],[-107.27326730279319,48.40338488064068],[-107.27331474292407,48.40339732238805],[-107.27331518325578,48.403406274431106],[-107.27332933902944,48.40342385466175],[-107.27333745057155,48.4034549176236],[-107.27360278909923,48.4033872075673],[-107.27356744988289,48.40334764168531]]]}"
00000000000000002a80,520,0,0,0,"{""type"":""Polygon"",""coordinates"":[[[-107.27347689684643,48.40327353917617],[-107.27345586091366,48.40325160918823],[-107.27345546533986,48.40324272869195],[-107.27344180048955,48.403238485091606],[-107.2731830502132,48.403301648018406],[-107.27323200886278,48.40334538614416],[-107.27325368273651,48.403380708521865],[-107.27326730279319,48.40338488064068],[-107.27351145751854,48.40329518518152],[-107.27351125972517,48.403290744929855],[-107.27347689684643,48.40327353917617]]]}"
00000000000000002a6b,521,0,0,0,"{""type"":""Polygon"",""coordinates"":[[[-107.27338728257037,48.40321725336302],[-107.27335823056835,48.40316871662004],[-107.27333773048736,48.40316019469806],[-107.27316585153432,48.40321716216621],[-107.27317312709322,48.40323039251098],[-107.27318742992554,48.40324802841727],[-107.2731878254339,48.40325690891718],[-107.27318816332308,48.40326587674857],[-107.27317513658718,48.40327502538029],[-107.27317577463859,48.40328841765714],[-107.2731830502132,48.403301648018406],[-107.27344180048955,48.403238485091606],[-107.27338728257037,48.40321725336302]]]}"
00000000000000002a7f,522,0,0,0,"{""type"":""Polygon"",""coordinates"":[[[-107.2733241681107,48.40315593527533],[-107.27326143659734,48.403103656533034],[-107.27326065836516,48.40308573673838],[-107.27324684065404,48.403077124404035],[-107.27308267791692,48.403156273946074],[-107.27315105788843,48.40318618972029],[-107.27316585153432,48.40321716216621],[-107.27333773048736,48.40316019469806],[-107.2733241681107,48.40315593527533]]]}"
00000000000000002a7a,523,0,0,0,"{""type"":""GeometryCollection"",""geometries"":[{""type"":""LineString"",""coordinates"":[[-107.27299278252444,48.40309553441814],[-107.2729994840071,48.403095401964926]]},{""type"":""Polygon"",""coordinates"":[[[-107.27320623622037,48.403068961001814],[-107.27316386487205,48.40302067664215],[-107.27313682282714,48.40301677265283],[-107.27299950463933,48.403095385714806],[-107.27304104002937,48.40312583773701],[-107.27307604042672,48.40315643585679],[-107.27308267791692,48.403156273946074],[-107.27324684065404,48.403077124404035],[-107.27324664289141,48.403072684169175],[-107.27320623622037,48.403068961001814]]]}]}"
00000000000000002a77,524,0,0,0,"{""type"":""Polygon"",""coordinates"":[[[-107.27310964066848,48.403008341096125],[-107.27308102953482,48.40296875641632],[-107.27302680548293,48.40295642083173],[-107.27292237598847,48.40302101487616],[-107.27292984913376,48.403038685427525],[-107.2729927647534,48.403095563429446],[-107.27313682282714,48.40301677265283],[-107.27310964066848,48.403008341096125]]]}"
00000000000000002a82,525,0,0,0,"{""type"":""MultiPolygon"",""coordinates"":[[[[-107.27278084189426,48.403005921962006],[-107.2728074883676,48.40300094559188],[-107.27283900568924,48.40295568641571],[-107.27278084189426,48.403005921962006]]],[[[-107.27298970070284,48.40287673418643],[-107.27296232099208,48.40286386238682],[-107.27284564312694,48.4029555245233],[-107.27291412478546,48.40298542456185],[-107.27292237598847,48.40302101487616],[-107.27302680548293,48.40295642083173],[-107.27298970070284,48.40287673418643]]]]}"
00000000000000002a78,526,0,0,0,"{""type"":""Polygon"",""coordinates"":[[[-107.2729213215292,48.40284681845063],[-107.27286670236488,48.402825602363116],[-107.27290495928588,48.402780165616484],[-107.27289060627315,48.40275814531259],[-107.27267219662144,48.40297681016617],[-107.27268605886823,48.40298549409279],[-107.27269987633093,48.40299410649924],[-107.27277420445203,48.40300608385021],[-107.27278084189426,48.403005921962006],[-107.27283900568924,48.40295568641571],[-107.27284564312694,48.4029555245233],[-107.27296232099208,48.40286386238682],[-107.2729213215292,48.40284681845063]]]}"
00000000000000002a83,527,0,1,0,"{""type"":""Polygon"",""coordinates"":[[[-107.27287634858685,48.40274058103391],[-107.2728020208716,48.4027286038112],[-107.27273766023679,48.40278795294157],[-107.27271081623145,48.40278848905432],[-107.27270349615313,48.4027751872581],[-107.27262093757402,48.40287954315597],[-107.27262805994428,48.4028884047623],[-107.27264187735076,48.40289701716286],[-107.27265583483789,48.4029101571157],[-107.27265848158731,48.40296818194823],[-107.27267219662144,48.40297681016617],[-107.27289060627315,48.40275814531259],[-107.27287634858685,48.40274058103391]]]}"
00000000000000002a79,528,0,0,0,"{""type"":""Polygon"",""coordinates"":[[[-107.27267528112712,48.4027444830319],[-107.27266229932755,48.40275370302017],[-107.27264931752316,48.4027629230084],[-107.27262247356113,48.40276345909514],[-107.27258231004288,48.402764247401144],[-107.27259529185473,48.402755027421534],[-107.27262130025603,48.40273665898127],[-107.2726009984274,48.40273257716624],[-107.27249106038559,48.40282406096229],[-107.27250501777105,48.402837200921645],[-107.2725929650483,48.402853350583705],[-107.27262093757402,48.40287954315597],[-107.27270349615313,48.4027751872581],[-107.27267528112712,48.4027444830319]]]}"
00000000000000002a76,529,0,0,0,"{""type"":""Polygon"",""coordinates"":[[[-107.27257395681809,48.402728673028626],[-107.27252711119098,48.40272955166189],[-107.27252544018891,48.40269388695741],[-107.27253793135422,48.402671330572254],[-107.27253085384073,48.40266254051263],[-107.27240685621172,48.40274089996159],[-107.27243487326302,48.40276716405877],[-107.27243580397229,48.402789452459096],[-107.27243644176113,48.40280284462569],[-107.27246992308292,48.402802146726486],[-107.27249106038559,48.40282406096229],[-107.2726009984274,48.40273257716624],[-107.27257395681809,48.402728673028626]]]}"
00000000000000002a89,530,0,0,0,"{""type"":""Polygon"",""coordinates"":[[[-107.27248253502795,48.40263219466082],[-107.2725149830368,48.40260922422865],[-107.27254669791157,48.40256840567973],[-107.27231616798814,48.40266226954466],[-107.27232972992216,48.40266652908142],[-107.27237883920694,48.40271463586799],[-107.27240685621172,48.40274089996159],[-107.27253085384073,48.40266254051263],[-107.27252353386181,48.40264923873156],[-107.27247599293442,48.40263681253675],[-107.27248253502795,48.40263219466082]],[[-107.27247599293442,48.40263681253675],[-107.27245613133816,48.402641682619965],[-107.27247004385227,48.402654751022496],[-107.27247599293442,48.40263681253675]]]}"
00000000000000002a87,531,0,0,0,"{""type"":""Polygon"",""coordinates"":[[[-107.2724790530469,48.402556337878025],[-107.27223098931712,48.40255674878387],[-107.27225422994186,48.402627751362665],[-107.27225467002235,48.40263670328792],[-107.27231616798814,48.40266226954466],[-107.27254669791157,48.40256840567973],[-107.27254616248807,48.40255499776421],[-107.2724790530469,48.402556337878025]]]}"
00000000000000002ab4,532,0,0,0,"{""type"":""Polygon"",""coordinates"":[[[-107.27254616248807,48.40255499776421],[-107.27254596480724,48.40255055756927],[-107.2725455246539,48.402541605661646],[-107.27254468913881,48.40252377336972],[-107.27225278315836,48.402444675762084],[-107.27223365464177,48.40246739386138],[-107.27220744872318,48.40248132191011],[-107.27223098931712,48.40255674878387],[-107.2724790530469,48.402556337878025],[-107.27254616248807,48.40255499776421]],[[-107.27253136966901,48.4025240255861],[-107.27249764611042,48.40252021178574],[-107.2725051637332,48.4025379537312],[-107.27253136966901,48.4025240255861]],[[-107.2724790530469,48.402556337878025],[-107.27248539745156,48.40254727981426],[-107.27247197557114,48.402547547832036],[-107.2724790530469,48.402556337878025]]]}"
00000000000000002a75,533,0,0,0,"{""type"":""GeometryCollection"",""geometries"":[{""type"":""LineString"",""coordinates"":[[-107.27254115472081,48.40244346722438],[-107.2725478561199,48.402443334798804],[-107.27256165667521,48.40245199441937]]},{""type"":""Polygon"",""coordinates"":[[[-107.27256161108188,48.40245198274753],[-107.27258235291026,48.40246501644642],[-107.27258211043272,48.402460504740446],[-107.27256161108188,48.40245198274753]]]},{""type"":""Polygon"",""coordinates"":[[[-107.2723428588452,48.40235806294176],[-107.27229816231404,48.4024081011384],[-107.27225912758043,48.40243561773175],[-107.27225278315836,48.402444675762084],[-107.27254468913881,48.40252377336972],[-107.27254258509487,48.40247468509879],[-107.27251023248581,48.40250211147927],[-107.27247494040245,48.402462617311],[-107.27254111174493,48.40244346075123],[-107.2723428588452,48.40235806294176]]]}]}"
00000000000000002a74,534,0,0,0,"{""type"":""Polygon"",""coordinates"":[[[-107.27245416644426,48.40229782020358],[-107.27244792449297,48.402306862412466],[-107.27235584052943,48.40234884306787],[-107.2723428588452,48.40235806294176],[-107.27258211043272,48.402460504740446],[-107.27258805942726,48.40244256631524],[-107.27256048259984,48.40242525430713],[-107.27257917079787,48.402393584282294],[-107.27260473876039,48.40236626410001],[-107.27260454107112,48.402361823921105],[-107.27245416644426,48.40229782020358]]]}"
00000000000000002a73,535,0,0,0,"{""type"":""Polygon"",""coordinates"":[[[-107.27251091354493,48.40221627400253],[-107.27249242308412,48.402252384077386],[-107.27245416644426,48.40229782020358],[-107.27260454107112,48.402361823921105],[-107.27262313392137,48.40232569794158],[-107.27266807255428,48.402280171370734],[-107.27251091354493,48.40221627400253]]]}"
00000000000000002a7c,536,0,0,0,"{""type"":""Polygon"",""coordinates"":[[[-107.2725542834622,48.40213506744042],[-107.27255477410694,48.40214840373181],[-107.27251686251786,48.40219833566432],[-107.27251091354493,48.40221627400253],[-107.27266807255428,48.402280171370734],[-107.2726934426889,48.402248411057066],[-107.27271964839314,48.40223448294205],[-107.27274501846289,48.402202722643594],[-107.2725542834622,48.40213506744042]]]}"
00000000000000002a51,537,1,0,1,"{""type"":""Polygon"",""coordinates"":[[[-107.27257740222522,48.402054163654014],[-107.2725542834622,48.40213506744042],[-107.27274501846289,48.402202722643594],[-107.27275780233771,48.40218906258105],[-107.27275687140956,48.40216677444002],[-107.27280136951062,48.402112296117316],[-107.27257740222522,48.402054163654014]]]}"
00000000000000002a59,538,0,0,0,"{""type"":""Polygon"",""coordinates"":[[[-107.27260774549625,48.4019821056395],[-107.27258925524998,48.402018215569164],[-107.27257740222522,48.402054163654014],[-107.27280136951062,48.402112296117316],[-107.27280751605633,48.4020987979553],[-107.27281238671338,48.402058515839286],[-107.27279154965875,48.40204102632637],[-107.27281691953785,48.40200926612886],[-107.27260774549625,48.4019821056395]]]}"
00000000000000002a55,539,0,0,0,"{""type"":""Polygon"",""coordinates"":[[[-107.27264222625901,48.40185191787302],[-107.27258327344956,48.40188439165832],[-107.27258391131073,48.40189778359509],[-107.27258474686188,48.40191561567667],[-107.27260735011156,48.401973225346104],[-107.27260774549625,48.4019821056395],[-107.27281691953785,48.40200926612886],[-107.27281672182019,48.40200482598079],[-107.27281628159311,48.40199587416778],[-107.27282833211272,48.40196436624269],[-107.27282715862209,48.40193756653715],[-107.27264222625901,48.40185191787302]]]}"
00000000000000002a56,540,0,0,0,"{""type"":""Polygon"",""coordinates"":[[[-107.27280594284406,48.401763819392755],[-107.27268165562072,48.40183328171246],[-107.27264222625901,48.40185191787302],[-107.27282715862209,48.40193756653715],[-107.27282696090269,48.401933126395114],[-107.27286595010264,48.40190553833117],[-107.27291289726458,48.401904643758755],[-107.27280594284406,48.401763819392755]]]}"
00000000000000002a5b,541,0,0,0,"{""type"":""Polygon"",""coordinates"":[[[-107.2729941768088,48.40177350578384],[-107.27298075513667,48.4017737738635],[-107.27292643756084,48.40175698251626],[-107.27282551095726,48.40175005326521],[-107.27280594284406,48.401763819392755],[-107.27291289726458,48.401904643758755],[-107.27293295622965,48.40190421379633],[-107.2729669219714,48.40191253906575],[-107.27300664445396,48.40190279883559],[-107.2729941768088,48.40177350578384]]]}"
00000000000000002a5a,542,0,0,0,"{""type"":""Polygon"",""coordinates"":[[[-107.27313517101642,48.40177519043223],[-107.27309470819034,48.4017715545989],[-107.2730547432957,48.40177678319283],[-107.2729941768088,48.40177350578384],[-107.27300664445396,48.40190279883559],[-107.27302006617656,48.401902530750405],[-107.27303939179755,48.401884252887754],[-107.27309277852922,48.40187875619156],[-107.2731200622866,48.40188717178521],[-107.27315503219785,48.40177032029829],[-107.27313517101642,48.40177519043223]]]}"
00000000000000002a4f,543,0,0,0,"{""type"":""Polygon"",""coordinates"":[[[-107.27325049584111,48.40180421071817],[-107.27321569416122,48.401778053539545],[-107.27316845389349,48.40177005219371],[-107.27315503219785,48.40177032029829],[-107.2731200622866,48.40188717178521],[-107.27316062060274,48.40189526355905],[-107.27318136248864,48.40190829699133],[-107.27320142151252,48.40190786697138],[-107.27325500612258,48.40190681031735],[-107.27327743465212,48.40180813041787],[-107.27325049584111,48.40180421071817]]]}"
00000000000000002a54,544,0,0,0,"{""type"":""Polygon"",""coordinates"":[[[-107.27336494026285,48.401815327318296],[-107.27327743465212,48.40180813041787],[-107.27325500612258,48.40190681031735],[-107.273342511938,48.401914007246305],[-107.27336935548863,48.40191347097747],[-107.27339633921908,48.401917462166246],[-107.27340564586818,48.4018234746829],[-107.27336494026285,48.401815327318296]]]}"
00000000000000002a49,545,0,0,0,"{""type"":""Polygon"",""coordinates"":[[[-107.27348012550019,48.40183981987661],[-107.27344600651168,48.40182712619347],[-107.27340564586818,48.4018234746829],[-107.27339633921908,48.401917462166246],[-107.27343700016212,48.401925538012286],[-107.27353773023486,48.40192802647386],[-107.27353331455748,48.4018298828071],[-107.27348012550019,48.40183981987661]]]}"
00000000000000002a48,546,0,0,0,"{""type"":""Polygon"",""coordinates"":[[[-107.27365229120359,48.40179174954194],[-107.27363203432866,48.40178773953009],[-107.27360578424044,48.40180159624958],[-107.27357333727137,48.401824566676076],[-107.27353331455748,48.4018298828071],[-107.27353773023486,48.40192802647386],[-107.27355104963253,48.4019277741227],[-107.27359775455702,48.401922367551336],[-107.27367174356938,48.40192537639256],[-107.27365229120359,48.40179174954194]]]}"
00000000000000002a50,547,0,0,0,"{""type"":""Polygon"",""coordinates"":[[[-107.27382002772495,48.4017929126132],[-107.27377902860992,48.40177586937586],[-107.2736925565313,48.401790945007946],[-107.27365229120359,48.40179174954194],[-107.27367174356938,48.40192537639256],[-107.27369848481216,48.40192485583972],[-107.27377183562236,48.40191447267577],[-107.2738403294594,48.40179699410136],[-107.27382002772495,48.4017929126132]]]}"
00000000000000002a4e,548,0,0,0,"{""type"":""Polygon"",""coordinates"":[[[-107.27388113080416,48.40180959719099],[-107.2738403294594,48.40179699410136],[-107.27377183562236,48.40191447267577],[-107.27378505962157,48.40190976434565],[-107.27386027367041,48.40194395713027],[-107.27387413601744,48.40195264071503],[-107.2739576215634,48.40187057364955],[-107.2739635698597,48.401852635355155],[-107.27388113080416,48.40180959719099]]]}"
00000000000000002a4b,549,0,0,0,"{""type"":""GeometryCollection"",""geometries"":[{""type"":""LineString"",""coordinates"":[[-107.2739578754491,48.40187505664214],[-107.27395767645238,48.40187059440956]]},{""type"":""Polygon"",""coordinates"":[[[-107.27404738143449,48.40192691325839],[-107.27403362143905,48.4019182138933],[-107.2740197590421,48.40190953033841],[-107.27395786421552,48.40187508529778],[-107.27387413601744,48.40195264071503],[-107.27391533325849,48.401974124100796],[-107.27393627347935,48.401991597518155],[-107.27397687724843,48.40199976046414],[-107.27406163958798,48.401944477083866],[-107.27404738143449,48.40192691325839]]]}]}"
00000000000000002a4d,550,0,0,0,"{""type"":""Polygon"",""coordinates"":[[[-107.27408223481946,48.40195745461361],[-107.27406163958798,48.401944477083866],[-107.27397687724843,48.40199976046414],[-107.27398371245364,48.402004038640044],[-107.27397761106943,48.402017608361405],[-107.27402612902524,48.4020523932255],[-107.27403380050606,48.402074503505816],[-107.27417195040597,48.402013722667554],[-107.27408223481946,48.40195745461361]]]}"
00000000000000002a4a,551,0,0,0,"{""type"":""Polygon"",""coordinates"":[[[-107.27420040932849,48.40204893766501],[-107.27417278673232,48.40203155475441],[-107.27417195040597,48.402013722667554],[-107.27403380050606,48.402074503505816],[-107.27404092319108,48.40208336486587],[-107.2741021800637,48.402104418007866],[-107.27411033694293,48.402135551640576],[-107.27423663541374,48.40211071890989],[-107.27420040932849,48.40204893766501]]]}"
00000000000000002a40,552,0,0,0,"{""type"":""Polygon"",""coordinates"":[[[-107.27423663541374,48.40211071890989],[-107.27411033694293,48.402135551640576],[-107.27411137111027,48.4021578239233],[-107.274100297972,48.402211691736376],[-107.27424813092199,48.402217652860884],[-107.27424129562931,48.4022133746889],[-107.27424415395107,48.402128460560085],[-107.27423663541374,48.40211071890989]]]}"
00000000000000002a45,553,0,0,0,"{""type"":""Polygon"",""coordinates"":[[[-107.27426228688908,48.40223523255789],[-107.27424813092199,48.402217652860884],[-107.274100297972,48.402211691736376],[-107.27409562647867,48.402256414162544],[-107.27409763717121,48.40230104616798],[-107.2742521526857,48.402306916828245],[-107.27425131632783,48.402289084650896],[-107.27425058238094,48.40227123666818],[-107.27430333172846,48.40225234722977],[-107.27431651106764,48.4022475672758],[-107.27426228688908,48.40223523255789]]]}"
00000000000000002a3e,554,0,0,0,"{""type"":""Polygon"",""coordinates"":[[[-107.27409763717121,48.40230104616798],[-107.27410712156424,48.40236334843295],[-107.27408823650114,48.40239057853772],[-107.27408872769983,48.40240391487107],[-107.27424875134,48.40238289519094],[-107.2742521526857,48.402306916828245],[-107.27409763717121,48.40230104616798]]]}"
00000000000000002a7b,555,0,0,0,"{""type"":""Polygon"",""coordinates"":[[[-107.27424983037933,48.40240523909118],[-107.27424875134,48.40238289519094],[-107.27408872769983,48.40240391487107],[-107.27412740509713,48.40251928063191],[-107.27414126774913,48.402527964263996],[-107.27429122638054,48.402431162651766],[-107.27424983037933,48.40240523909118]]]}"
00000000000000002a7e,556,0,0,0,"{""type"":""Polygon"",""coordinates"":[[[-107.27431860665342,48.402444033954325],[-107.27429122638054,48.402431162651766],[-107.27414126774913,48.402527964263996],[-107.274155085614,48.40253657637731],[-107.27423014843524,48.40256640055704],[-107.27425084649917,48.402579362379754],[-107.27426470922013,48.402588046002066],[-107.27429184689663,48.402596405639876],[-107.27437327178731,48.40246532055334],[-107.2743529695155,48.40246123914026],[-107.27433256484109,48.40245717353447],[-107.27431860665342,48.402444033954325]],[[-107.27433300543565,48.40246612540857],[-107.27434008348553,48.40247491528959],[-107.27434642755107,48.40246585712541],[-107.27433300543565,48.40246612540857]],[[-107.27433300543565,48.40246612540857],[-107.27433256484109,48.40245717353447],[-107.27431270317693,48.4024620439866],[-107.27433300543565,48.40246612540857]]]}"
00000000000000002a7d,557,0,0,0,"{""type"":""Polygon"",""coordinates"":[[[-107.2744275918973,48.40248211124164],[-107.27437327178731,48.40246532055334],[-107.27429184689663,48.402596405639876],[-107.27431902938937,48.4026048367888],[-107.274333090044,48.40261796059552],[-107.27444700253446,48.40261566806762],[-107.27448181658308,48.40249444591049],[-107.2744275918973,48.40248211124164]]]}"
00000000000000002a65,558,0,0,0,"{""type"":""Polygon"",""coordinates"":[[[-107.27459572887271,48.402492153216755],[-107.27453526246103,48.402488860982196],[-107.27448855646402,48.402494268093584],[-107.27448181658308,48.40249444591049],[-107.27444700253446,48.40261566806762],[-107.27460800437589,48.40261700746454],[-107.27459572887271,48.402492153216755]]]}"
00000000000000002a44,559,0,0,0,"{""type"":""Polygon"",""coordinates"":[[[-107.27467532290031,48.402472726843065],[-107.27460875516928,48.402483004537835],[-107.27459572887271,48.402492153216755],[-107.27460800437589,48.40261700746454],[-107.27472889985819,48.4026190484743],[-107.27478863242808,48.40260449250239],[-107.27480195224608,48.402604239964084],[-107.27467532290031,48.402472726843065]]]}"
00000000000000002a61,560,0,0,0,"{""type"":""Polygon"",""coordinates"":[[[-107.27479444922335,48.40243464734835],[-107.27478102705557,48.40243491569523],[-107.27474076056313,48.40243572072437],[-107.27468874506675,48.40247245851078],[-107.27467532290031,48.402472726843065],[-107.27480195224608,48.402604239964084],[-107.27482879671219,48.402603703257576],[-107.27491356005828,48.40254841847526],[-107.27479444922335,48.40243464734835]]]}"
00000000000000002a60,561,0,0,0,"{""type"":""Polygon"",""coordinates"":[[[-107.2748722295257,48.40237502893971],[-107.27485924809369,48.40238424915152],[-107.27479444922335,48.40243464734835],[-107.27491356005828,48.40254841847526],[-107.27493298108233,48.40253459600796],[-107.27495151463538,48.402498556833564],[-107.27499070179383,48.40247540779205],[-107.27500319171513,48.40245285121043],[-107.2748722295257,48.40237502893971]]]}"
00000000000000002a5d,562,0,0,0,"{""type"":""Polygon"",""coordinates"":[[[-107.27497709671033,48.40231938547895],[-107.27497031202964,48.40231949181232],[-107.27494401088792,48.40232896458359],[-107.27493102948071,48.40233818479652],[-107.2748722295257,48.40237502893971],[-107.27500319171513,48.40245285121043],[-107.2750092352672,48.402439368648494],[-107.27503607967263,48.402438831887316],[-107.27508829296721,48.402406534110504],[-107.27510781629616,48.402392695835026],[-107.27497709671033,48.40231938547895]]]}"
00000000000000002a41,563,0,0,0,"{""type"":""Polygon"",""coordinates"":[[[-107.27504760038863,48.40224653711639],[-107.27503501499581,48.40226463764351],[-107.27502203362224,48.402273857856756],[-107.27497709671033,48.40231938547895],[-107.27510781629616,48.402392695835026],[-107.27512059970947,48.402379035421376],[-107.27513362591003,48.40236988669315],[-107.27514621130953,48.40235178611726],[-107.27518475945637,48.402315245061615],[-107.27504760038863,48.40224653711639]]]}"
00000000000000002a3f,564,0,0,0,"{""type"":""Polygon"",""coordinates"":[[[-107.27513132795276,48.40216898026624],[-107.27512484369771,48.402173510947414],[-107.27509917461069,48.40220084748089],[-107.27507316712254,48.402219216384026],[-107.27504760038863,48.40224653711639],[-107.27518475945637,48.402315245061615],[-107.27519778562639,48.4023060963364],[-107.27521671485646,48.40227893758981],[-107.27526288442276,48.402260122345666],[-107.27526204756823,48.402242290205336],[-107.27513132795276,48.40216898026624]]]}"
00000000000000002a69,565,0,0,0,"{""type"":""Polygon"",""coordinates"":[[[-107.27518807063109,48.40208743279384],[-107.27518138838876,48.40208752332868],[-107.2751500143384,48.40213730993962],[-107.27515085114082,48.402155142047185],[-107.27513132795276,48.40216898026624],[-107.27526204756823,48.402242290205336],[-107.27528825305228,48.40222836139732],[-107.27533294679473,48.40217832204968],[-107.27535285319271,48.40217352293116],[-107.27518807063109,48.40208743279384]]]}"
00000000000000002a3c,566,0,0,0,"{""type"":""Polygon"",""coordinates"":[[[-107.27532007467748,48.402040148569405],[-107.27528772353462,48.40206757562418],[-107.27518807063109,48.40208743279384],[-107.27535285319271,48.40217352293116],[-107.27539267880144,48.40216376583688],[-107.2754319102999,48.402140688289116],[-107.27545767481794,48.40211780765868],[-107.27532007467748,48.402040148569405]]]}"
00000000000000002a37,567,0,0,0,"{""type"":""Polygon"",""coordinates"":[[[-107.27539736201061,48.401967194],[-107.27539077539566,48.401971740493174],[-107.27537189123429,48.401998970627524],[-107.27533265988365,48.402022048085804],[-107.27532007467748,48.402040148569405],[-107.27545767481794,48.40211780765868],[-107.27548314563717,48.402086030936616],[-107.27554858236016,48.402049024559894],[-107.27539736201061,48.401967194]]]}"
00000000000000002a43,568,0,0,0,"{""type"":""Polygon"",""coordinates"":[[[-107.27561274104721,48.40198523433567],[-107.27562596510977,48.40198052574449],[-107.27547440625077,48.401889727833314],[-107.27545483846497,48.40190349452776],[-107.2754354178773,48.40191731692604],[-107.27539736201061,48.401967194],[-107.27554858236016,48.402049024559894],[-107.27556160839292,48.4020398758345],[-107.2755810290297,48.40202605337775],[-107.27562026033871,48.40200297581743],[-107.27559327563985,48.40199898527104],[-107.27561274104721,48.40198523433567]],[[-107.27559327563985,48.40199898527104],[-107.27558009636961,48.402003765376044],[-107.27559361413957,48.40200795286721],[-107.27559327563985,48.40199898527104]]]}"
00000000000000002a3a,569,0,0,0,"{""type"":""Polygon"",""coordinates"":[[[-107.27557902893356,48.401829572627705],[-107.27553940170993,48.401843769849876],[-107.27550685278995,48.40186675674804],[-107.27548084563705,48.401885125638024],[-107.27547440625077,48.401889727833314],[-107.27562596510977,48.40198052574449],[-107.27563918917085,48.40197581715194],[-107.2757102855588,48.4019162891859],[-107.27557902893356,48.401829572627705]]]}"
00000000000000002a3b,570,0,0,0,"{""type"":""Polygon"",""coordinates"":[[[-107.27566275485052,48.401752015962195],[-107.27564343003385,48.401770294286536],[-107.27559785527497,48.4018024298732],[-107.27557902893356,48.401829572627705],[-107.2757102855588,48.4019162891859],[-107.27575566235049,48.4018797133521],[-107.27580841123749,48.40186082323807],[-107.27566275485052,48.401752015962195]]]}"
00000000000000002a3d,571,0,0,0,"{""type"":""Polygon"",""coordinates"":[[[-107.27576757511522,48.40169630082618],[-107.27574761132962,48.40170118731079],[-107.27571476886199,48.40171527818216],[-107.27566275485052,48.401752015962195],[-107.27580841123749,48.40186082323807],[-107.27582159045909,48.4018560431158],[-107.27586692231841,48.40181939575799],[-107.27587877249005,48.401783447498],[-107.27588545472766,48.40178335691532],[-107.27576757511522,48.40169630082618]]]}"
00000000000000002a42,572,0,0,0,"{""type"":""Polygon"",""coordinates"":[[[-107.27589303609977,48.40165363420039],[-107.27587341762843,48.40166301651336],[-107.2758414632304,48.401699323759175],[-107.27580163805216,48.40170908094356],[-107.27580754074596,48.40169107109371],[-107.27580026427951,48.401677841352765],[-107.27576757511522,48.40169630082618],[-107.27588545472766,48.40178335691532],[-107.27597075219522,48.40174147977259],[-107.27599027501098,48.4017276415033],[-107.27589303609977,48.40165363420039]]]}"
00000000000000002a6a,573,0,0,0,"{""type"":""Polygon"",""coordinates"":[[[-107.27594367596822,48.40158565683804],[-107.27593133404378,48.40160826885841],[-107.27591240557929,48.40163542738513],[-107.27589982072548,48.40165352780461],[-107.27589303609977,48.40165363420039],[-107.27599027501098,48.4017276415033],[-107.27599686154996,48.40172309499177],[-107.27607581524164,48.401690275935714],[-107.27610752656409,48.40164945700478],[-107.27594367596822,48.40158565683804]]]}"
00000000000000002a33,574,0,0,0,"{""type"":""Polygon"",""coordinates"":[[[-107.2760142793734,48.401512793022846],[-107.2759636397078,48.401580770324465],[-107.27595021768353,48.401581038826656],[-107.27594367596822,48.40158565683804],[-107.27610752656409,48.40164945700478],[-107.27611382536139,48.40164032736014],[-107.27611225319534,48.401604647723154],[-107.27615148393296,48.40158157014269],[-107.27616382574286,48.40155895810828],[-107.2760142793734,48.401512793022846]]]}"
00000000000000002a36,575,0,0,0,"{""type"":""Polygon"",""coordinates"":[[[-107.27605065961679,48.4014272524493],[-107.27603925076602,48.40147215217184],[-107.2760207186611,48.40150819082638],[-107.2760142793734,48.401512793022846],[-107.27616382574286,48.40155895810828],[-107.27620959811213,48.40153126250391],[-107.27622768901246,48.40148627211025],[-107.2762274908753,48.401481832023315],[-107.27605065961679,48.4014272524493]]]}"
00000000000000002a38,576,0,0,0,"{""type"":""Polygon"",""coordinates"":[[[-107.27614132190803,48.401353958146295],[-107.27611565390923,48.40138129450395],[-107.27610306922513,48.40139939485958],[-107.27605720129658,48.40142263444523],[-107.27605065961679,48.4014272524493],[-107.2762274908753,48.401481832023315],[-107.27624480197953,48.40141892249656],[-107.27626436936994,48.4014051557763],[-107.27627080862446,48.401400553573204],[-107.27614132190803,48.401353958146295]]]}"
00000000000000002a1a,577,0,0,0,"{""type"":""Polygon"",""coordinates"":[[[-107.27623846794988,48.40127613319112],[-107.27621246139185,48.40129450206072],[-107.27616668933364,48.40132219753575],[-107.27614132190803,48.401353958146295],[-107.27627080862446,48.401400553573204],[-107.27634922475009,48.40135432695195],[-107.27623846794988,48.40127613319112]]]}"
00000000000000002a39,578,0,0,0,"{""type"":""Polygon"",""coordinates"":[[[-107.27630916609525,48.40120772548366],[-107.27631073847661,48.401243404846696],[-107.27624490718172,48.401271531001456],[-107.27623846794988,48.40127613319112],[-107.27634922475009,48.40135432695195],[-107.2763817729707,48.40133134000695],[-107.27640777952156,48.401312971079044],[-107.27642036406596,48.40129487071638],[-107.27645325093451,48.40128085124014],[-107.27630916609525,48.40120772548366]]]}"
00000000000000002a8d,579,0,0,0,"{""type"":""Polygon"",""coordinates"":[[[-107.27637332241295,48.40114393581713],[-107.27636014344404,48.40114871594487],[-107.27633517256808,48.40118935661992],[-107.27630916609525,48.40120772548366],[-107.27645325093451,48.40128085124014],[-107.2764599907327,48.401280673291154],[-107.27651770783073,48.40122148564015],[-107.27652955720677,48.401185537722704],[-107.27637332241295,48.40114393581713]]]}"
00000000000000002a32,580,0,0,0,"{""type"":""GeometryCollection"",""geometries"":[{""type"":""LineString"",""coordinates"":[[-107.27655921552979,48.40110007096026],[-107.27656591673376,48.40109993830341]]},{""type"":""Polygon"",""coordinates"":[[[-107.27642342399747,48.4010625514042],[-107.2764058704293,48.401120948959736],[-107.27637332241295,48.40114393581713],[-107.27652955720677,48.401185537722704],[-107.27654760277164,48.40114047605888],[-107.27654676525738,48.40112264432044],[-107.27655925390842,48.401100088140396],[-107.27642342399747,48.4010625514042]]]}]}"
00000000000000002a34,581,0,0,0,"{""type"":""Polygon"",""coordinates"":[[[-107.27641900040949,48.40096440966163],[-107.27642165333148,48.40102243211932],[-107.27642278470597,48.401049159738704],[-107.2764232258335,48.40105811135361],[-107.27642342399747,48.4010625514042],[-107.27656589127172,48.40109992599865],[-107.2765846208981,48.401068327581655],[-107.27659666833917,48.40103681980969],[-107.27662267462426,48.40101845093173],[-107.27641900040949,48.40096440966163]]]}"
00000000000000002a2e,582,0,0,0,"{""type"":""Polygon"",""coordinates"":[[[-107.27634723139612,48.40085862765333],[-107.27634816456714,48.40088091515656],[-107.27638920988713,48.40089802849154],[-107.27640302805126,48.40090664001123],[-107.27641678861436,48.40091533885795],[-107.27643748708401,48.400928299798736],[-107.2764182653624,48.40094656216619],[-107.27641900040949,48.40096440966163],[-107.27662931197732,48.40101828878611],[-107.27663481779867,48.400991399042674],[-107.2766826032631,48.40100833431823],[-107.27672802937624,48.4009761430307],[-107.27677380084751,48.4009484474828],[-107.27634723139612,48.40085862765333]]]}"
00000000000000002145,583,0,0,0,"{""type"":""Polygon"",""coordinates"":[[[-107.27645121129149,48.4007850811492],[-107.27634428467412,48.40079170949796],[-107.27634703324001,48.40085418761934],[-107.27634723139612,48.40085862765333],[-107.27677380084751,48.4009484474828],[-107.2768328917709,48.40092049912501],[-107.27687778066066,48.40087490039563],[-107.27645121129149,48.4007850811492]]]}"
00000000000000002144,584,0,0,0,"{""type"":""Polygon"",""coordinates"":[[[-107.27685625101583,48.40069226225703],[-107.2768416526887,48.40066573193263],[-107.27645121129149,48.4007850811492],[-107.27687778066066,48.40087490039563],[-107.2768905630932,48.40086124015984],[-107.27688982781225,48.40084339270843],[-107.27688825484104,48.40080771363716],[-107.27688486587432,48.400731844030936],[-107.27685625101583,48.40069226225703]]]}"
00000000000000002a31,585,0,0,0,"{""type"":""Polygon"",""coordinates"":[[[-107.27679981434792,48.4006308588152],[-107.27679927731747,48.400617451450735],[-107.2767379746448,48.400596329124994],[-107.27638061861256,48.40070609847871],[-107.2763808615729,48.40071061001458],[-107.27636901227143,48.400746557592015],[-107.27634404171881,48.400787197955005],[-107.27634428467412,48.40079170949796],[-107.27645121129149,48.4007850811492],[-107.2768416526887,48.40066573193263],[-107.27679981434792,48.4006308588152]]]}"
00000000000000002a28,586,0,1,0,"{""type"":""Polygon"",""coordinates"":[[[-107.27668375055764,48.400583996152065],[-107.27664275009943,48.40056695455603],[-107.2765826240151,48.40057263103296],[-107.2765477239862,48.40054201990915],[-107.27640387600883,48.400625251856304],[-107.27640461105841,48.40064309924437],[-107.27638061861256,48.40070609847871],[-107.27673119015193,48.40059643557444],[-107.27668375055764,48.400583996152065]]]}"
00000000000000002a30,587,0,0,0,"{""type"":""Polygon"",""coordinates"":[[[-107.27650588618623,48.40050714673091],[-107.27647206677393,48.40049887865424],[-107.27645068439615,48.40047245478581],[-107.27632050129905,48.400559929458424],[-107.27636169961453,48.40058141120814],[-107.27640323671582,48.4006118603004],[-107.27640387600883,48.400625251856304],[-107.2765477239862,48.40054201990915],[-107.27650588618623,48.40050714673091]]]}"
00000000000000002a2c,588,0,0,0,"{""type"":""Polygon"",""coordinates"":[[[-107.27642226847912,48.40043731305389],[-107.27636711171463,48.400402692614435],[-107.27623014436627,48.40049027346732],[-107.27626470527744,48.40051191734839],[-107.27629980308957,48.4005469685753],[-107.27632050129905,48.400559929458424],[-107.27645068439615,48.40047245478581],[-107.27642226847912,48.40043731305389]]]}"
00000000000000002a1b,589,0,0,0,"{""type"":""Polygon"",""coordinates"":[[[-107.27628467071503,48.400359657729574],[-107.27625729062525,48.40034678748484],[-107.27612032340497,48.400434368086295],[-107.27614082331776,48.40044288898408],[-107.27618206612213,48.40046444228573],[-107.27622346233717,48.40049036406648],[-107.27623014436627,48.40049027346732],[-107.27636711171463,48.400402692614435],[-107.27628467071503,48.400359657729574]]]}"
00000000000000002a1c,590,0,0,0,"{""type"":""Polygon"",""coordinates"":[[[-107.27620267105992,48.400325574296296],[-107.27618827156444,48.400303484025905],[-107.27613375454852,48.400282254999084],[-107.27603818338018,48.400395757137375],[-107.27612032340497,48.400434368086295],[-107.27625729062525,48.40034678748484],[-107.27620267105992,48.400325574296296]]]}"
00000000000000002a1d,591,0,0,0,"{""type"":""Polygon"",""coordinates"":[[[-107.27605859063395,48.40025244936094],[-107.27601085152241,48.40023558548959],[-107.2759352880959,48.40034427254627],[-107.27603818338018,48.400395757137375],[-107.27613375454852,48.400282254999084],[-107.27605859063395,48.40025244936094]]]}"
00000000000000002a47,592,0,0,0,"{""type"":""Polygon"",""coordinates"":[[[-107.27599728947033,48.400231326669065],[-107.27598347169827,48.400222715190054],[-107.27595589378807,48.40020540490321],[-107.27591529061313,48.400197243052375],[-107.27589498903919,48.40019316212065],[-107.27581268589488,48.400302026898665],[-107.27588022791056,48.40031410766877],[-107.2759352880959,48.40034427254627],[-107.27601085152241,48.40023558548959],[-107.27599728947033,48.400231326669065]]]}"
00000000000000002a22,593,0,0,0,"{""type"":""Polygon"",""coordinates"":[[[-107.27583349007654,48.4001675993609],[-107.27578594938477,48.40015517537453],[-107.27568310170106,48.40025544750076],[-107.27571038567632,48.400263862097866],[-107.2757651002562,48.40028953136033],[-107.27581268589488,48.400302026898665],[-107.27589498903919,48.40019316212065],[-107.27583349007654,48.4001675993609]]]}"
00000000000000002a4c,594,0,0,0,"{""type"":""Polygon"",""coordinates"":[[[-107.27574514829018,48.40014257347755],[-107.27567632865575,48.40010370975697],[-107.27556704189007,48.40020858371814],[-107.27558080188692,48.40021728258512],[-107.2756083795152,48.400234592990564],[-107.27568310170106,48.40025544750076],[-107.27578594938477,48.40015517537453],[-107.27574514829018,48.40014257347755]]]}"
00000000000000002a25,595,0,0,0,"{""type"":""Polygon"",""coordinates"":[[[-107.2755801745692,48.40005204714156],[-107.27557329459853,48.400047697720844],[-107.27547648986308,48.40013448742377],[-107.27548347223599,48.40013882104669],[-107.27550554335342,48.40018302073042],[-107.27556010428522,48.40020432161052],[-107.27556704189007,48.40020858371814],[-107.27567632865575,48.40010370975697],[-107.2755801745692,48.40005204714156]]]}"
00000000000000002a52,596,0,0,0,"{""type"":""Polygon"",""coordinates"":[[[-107.27550461589156,48.400013361227906],[-107.27549045987969,48.39999578244662],[-107.27536003486047,48.40007874352607],[-107.27547648986308,48.40013448742377],[-107.27557329459853,48.400047697720844],[-107.27550461589156,48.400013361227906]]]}"
00000000000000002a21,597,0,0,0,"{""type"":""Polygon"",""coordinates"":[[[-107.27548333708309,48.39998692154329],[-107.27542838044829,48.399956740768076],[-107.27541392404933,48.39993473784209],[-107.27540040705826,48.39993055046854],[-107.27525665647894,48.40001823548176],[-107.27531903614911,48.4000617014825],[-107.27536003486047,48.40007874352607],[-107.27549045987969,48.39999578244662],[-107.27548333708309,48.39998692154329]]]}"
00000000000000002a26,598,0,0,0,"{""type"":""Polygon"",""coordinates"":[[[-107.27535950410379,48.39991796425882],[-107.27533192688828,48.399900653874184],[-107.27529810871863,48.39989238544698],[-107.275263306457,48.39986622996108],[-107.2751677795489,48.3999798018771],[-107.27524977657683,48.40001388603891],[-107.27525665647894,48.40001823548176],[-107.27540040705826,48.39993055046854],[-107.27535950410379,48.39991796425882]]]}"
00000000000000002a27,599,0,0,0,"{""type"":""Polygon"",""coordinates"":[[[-107.2752564713755,48.39986195204433],[-107.27523572935189,48.399848919562835],[-107.27522191200711,48.39984030802522],[-107.2751473892935,48.399823893235784],[-107.27505152387677,48.39992849769649],[-107.2751335205832,48.39996258193286],[-107.27514728032664,48.39997128082823],[-107.2751677795489,48.3999798018771],[-107.275263306457,48.39986622996108],[-107.2752564713755,48.39986195204433]]]}"
00000000000000002a03,600,0,0,0,"{""type"":""Polygon"",""coordinates"":[[[-107.27512708817765,48.399819812158825],[-107.27509897478578,48.39978909455179],[-107.27507056103391,48.399753952815324],[-107.27492218577724,48.39988642898901],[-107.2750374637773,48.39991537464191],[-107.27505152387677,48.39992849769649],[-107.2751473892935,48.399823893235784],[-107.27512708817765,48.399819812158825]]]}"
00000000000000002a16,601,0,0,0,"{""type"":""Polygon"",""coordinates"":[[[-107.27502995893788,48.39974579063224],[-107.27500311648737,48.399746327315086],[-107.27496826387762,48.399715787539044],[-107.27481163578591,48.3998126754651],[-107.27485971154415,48.399838507079664],[-107.2748601523024,48.399847458508106],[-107.27488826546103,48.39987817622446],[-107.27492218577724,48.39988642898901],[-107.27507056103391,48.399753952815324],[-107.27502995893788,48.39974579063224]]]}"
00000000000000002a53,602,0,0,0,"{""type"":""Polygon"",""coordinates"":[[[-107.27495464467682,48.39971161592623],[-107.27492589278667,48.39966750698206],[-107.2748980732985,48.39964568508684],[-107.27470162263457,48.39975232907634],[-107.27472265782352,48.399774257373174],[-107.27480445562584,48.399803901860714],[-107.27481163578591,48.3998126754651],[-107.27496826387762,48.399715787539044],[-107.27495464467682,48.39971161592623]]]}"
00000000000000002a0b,603,0,0,0,"{""type"":""Polygon"",""coordinates"":[[[-107.27482114365299,48.399575760485796],[-107.27462445057898,48.39967789271103],[-107.2746590092273,48.39969953689732],[-107.27467276869555,48.39970823582472],[-107.27468658578233,48.3997168474265],[-107.27468736481246,48.39973476605861],[-107.27470162263457,48.39975232907634],[-107.2748980732985,48.39964568508684],[-107.27482114365299,48.399575760485796]],[[-107.27483043113176,48.399633619531876],[-107.27481681199657,48.3996294479043],[-107.27481725274694,48.39963839929807],[-107.27483043113176,48.399633619531876]],[[-107.2748154389654,48.39959820949759],[-107.27480181984676,48.39959403787024],[-107.27480285452334,48.399616309072314],[-107.2748154389654,48.39959820949759]]]}"
00000000000000002a09,604,0,0,0,"{""type"":""Polygon"",""coordinates"":[[[-107.27481406593385,48.39956697110915],[-107.27477833222179,48.39951852860488],[-107.27475827415932,48.39951895891025],[-107.27474485305405,48.39951922721049],[-107.27473777536841,48.399510437836696],[-107.2747178128821,48.399515323874446],[-107.27472508852983,48.39952855318215],[-107.27471132910362,48.39951985429045],[-107.27457343171038,48.39958514426787],[-107.27459446670885,48.399607072528894],[-107.27458959848643,48.39964735282374],[-107.27461073593375,48.39966926529489],[-107.27462445057898,48.39967789271103],[-107.27482114365299,48.399575760485796],[-107.27481406593385,48.39956697110915]],[[-107.27465660174899,48.39964602721619],[-107.27462287976083,48.39964221432713],[-107.27463039813621,48.399659955130865],[-107.27465660174899,48.39964602721619]]]}"
00000000000000002a17,605,0,0,0,"{""type"":""GeometryCollection"",""geometries"":[{""type"":""LineString"",""coordinates"":[[-107.27470463585769,48.39952001608675],[-107.27471133686278,48.3995198835411]]},{""type"":""Polygon"",""coordinates"":[[[-107.27472391353997,48.399501754760564],[-107.27471767252506,48.3995107966195],[-107.2747178128821,48.399515323874446],[-107.27473777536841,48.399510437836696],[-107.27472391353997,48.399501754760564]]]},{""type"":""Polygon"",""coordinates"":[[[-107.27469043440664,48.39950245334613],[-107.27467667500292,48.39949375445316],[-107.27467583836138,48.39947592322636],[-107.27466168305182,48.39945834448221],[-107.27463484091447,48.3994588810514],[-107.27462776327361,48.399450091678304],[-107.27449006407251,48.399519821376074],[-107.27451056275497,48.3995283425067],[-107.27454541465002,48.39955888235955],[-107.27457343171038,48.39958514426787],[-107.27470458974904,48.39952003209973],[-107.27469043440664,48.39950245334613]]]}]}"
00000000000000002a06,606,0,0,0,"{""type"":""Polygon"",""coordinates"":[[[-107.27457924758205,48.39941530875604],[-107.27455123063173,48.39938904693019],[-107.27450388996066,48.39938106235855],[-107.27439460364509,48.39948593355576],[-107.27440826741086,48.39949017674989],[-107.27444926468341,48.399507219035875],[-107.27447640027438,48.39951557819203],[-107.27449006407251,48.399519821376074],[-107.27462776327361,48.399450091678304],[-107.27457924758205,48.39941530875604]]]}"
00000000000000002a08,607,0,0,0,"{""type"":""Polygon"",""coordinates"":[[[-107.27447695238891,48.39937714314932],[-107.27444229866653,48.39935104328772],[-107.27439407682355,48.39932515596894],[-107.274291912834,48.39943888784307],[-107.2743394513414,48.399451312456925],[-107.2743809846775,48.39948176187373],[-107.27439460364509,48.39948593355576],[-107.27450388996066,48.39938106235855],[-107.27447695238891,48.39937714314932]]]}"
00000000000000002a46,608,0,0,0,"{""type"":""Polygon"",""coordinates"":[[[-107.27438724200171,48.399320878027176],[-107.27434560642145,48.399290444511166],[-107.27431228073934,48.399295511354545],[-107.27429178227086,48.39928699021339],[-107.2741355961028,48.399392827585004],[-107.27420353049601,48.39941378926342],[-107.27423081308682,48.399422204182855],[-107.274291912834,48.39943888784307],[-107.27439407682355,48.39932515596894],[-107.27438724200171,48.399320878027176]]]}"
00000000000000002a19,609,0,0,0,"{""type"":""Polygon"",""coordinates"":[[[-107.27419583149997,48.399239766776624],[-107.27422847379157,48.3992212372262],[-107.27422139631858,48.399212447858055],[-107.27403856642691,48.39932326127327],[-107.2741219772367,48.399388655870986],[-107.2741355961028,48.399392827585004],[-107.27429178227086,48.39928699021339],[-107.27419583149997,48.399239766776624]]]}"
00000000000000002a13,610,0,0,0,"{""type"":""Polygon"",""coordinates"":[[[-107.27419342466395,48.3991862575285],[-107.27419244795583,48.39916389916655],[-107.27415164918209,48.39915129676848],[-107.27392108372143,48.3992452452381],[-107.27400371534726,48.399292721350804],[-107.27403856642691,48.39932326127327],[-107.27422139631858,48.399212447858055],[-107.27419342466395,48.3991862575285]]]}"
00000000000000002a57,611,0,0,0,"{""type"":""Polygon"",""coordinates"":[[[-107.2741110931416,48.39914320577097],[-107.27408179991737,48.399090161501405],[-107.27386918644822,48.399134594463156],[-107.27386387707045,48.3991659230546],[-107.27388682645335,48.39922802504353],[-107.27392108372143,48.3992452452381],[-107.27415164918209,48.39915129676848],[-107.2741110931416,48.39914320577097]]]}"
00000000000000002a11,612,0,0,0,"{""type"":""Polygon"",""coordinates"":[[[-107.27403786074827,48.39900620308178],[-107.27383915981359,48.399063703201314],[-107.2738680120712,48.39910779621336],[-107.27386918644822,48.399134594463156],[-107.27408179991737,48.399090161501405],[-107.27406744722076,48.3990681428872],[-107.27407978902104,48.39904553218519],[-107.27409281407216,48.39903638419838],[-107.27403786074827,48.39900620308178]]]}"
00000000000000002a58,613,0,0,0,"{""type"":""Polygon"",""coordinates"":[[[-107.27383303254778,48.39892535969739],[-107.2738266890876,48.39893441721161],[-107.27382460944716,48.39903724466141],[-107.27383915981359,48.399063703201314],[-107.27403786074827,48.39900620308178],[-107.27403766286079,48.3990017631903],[-107.27404946859144,48.3989657455309],[-107.27383303254778,48.39892535969739]]]}"
00000000000000002a12,614,0,0,0,"{""type"":""Polygon"",""coordinates"":[[[-107.2739151831366,48.398812131045275],[-107.27387025005062,48.39885765510097],[-107.27384605757874,48.398916211765105],[-107.27383303254778,48.39892535969739],[-107.27404946859144,48.3989657455309],[-107.27405457988733,48.398929977166134],[-107.27407429930649,48.39892057993158],[-107.27408732431111,48.3989114319681],[-107.2739151831366,48.398812131045275]]]}"
00000000000000002a14,615,0,0,0,"{""type"":""Polygon"",""coordinates"":[[[-107.27399241985405,48.39873911065112],[-107.27396031400863,48.398771046882054],[-107.27393470461843,48.39879829398655],[-107.2739151831366,48.398812131045275],[-107.27408732431111,48.3989114319681],[-107.27409376321502,48.398906830134685],[-107.27411332951426,48.398893064527705],[-107.2741457735926,48.398870095253585],[-107.2741714405524,48.39884276073412],[-107.27399241985405,48.39873911065112]]]}"
00000000000000002a15,616,0,0,0,"{""type"":""Polygon"",""coordinates"":[[[-107.27409644011142,48.3986656412392],[-107.27407677844457,48.39867495110702],[-107.27402412987699,48.398698294696864],[-107.27401188367305,48.39872536091982],[-107.27399241985405,48.39873911065112],[-107.2741714405524,48.39884276073412],[-107.27419700507832,48.398815442032635],[-107.27424901527594,48.39877870716314],[-107.27409644011142,48.3986656412392]]]}"
00000000000000002a0d,617,0,0,0,"{""type"":""Polygon"",""coordinates"":[[[-107.27426889135842,48.39862199708177],[-107.27424249056111,48.39863148474549],[-107.2741693439918,48.39864630733027],[-107.27412962487631,48.398656047361314],[-107.27411620417327,48.398656315559265],[-107.27409644011142,48.3986656412392],[-107.27424901527594,48.39877870716314],[-107.27426179750091,48.39876504781854],[-107.27430830073887,48.39875520144806],[-107.27434816718869,48.39874551702428],[-107.27426889135842,48.39862199708177]]]}"
00000000000000002a0f,618,0,0,0,"{""type"":""Polygon"",""coordinates"":[[[-107.27440903912385,48.398605849071195],[-107.27438903237424,48.39861066343179],[-107.27430177577895,48.398607979105485],[-107.27427533019886,48.398617395262754],[-107.27426889135842,48.39862199708177],[-107.27434816718869,48.39874551702428],[-107.27436158795703,48.39874524879184],[-107.2744673765898,48.39871189658435],[-107.27440903912385,48.398605849071195]]]}"
000000000000000029d8,619,0,0,0,"{""type"":""Polygon"",""coordinates"":[[[-107.27454874628717,48.39858074963829],[-107.2745154659976,48.3985858879821],[-107.27440903912385,48.398605849071195],[-107.2744673765898,48.39871189658435],[-107.27454662395999,48.39868350485633],[-107.27458678388642,48.398682715881016],[-107.27454874628717,48.39858074963829]]]}"
00000000000000002a18,620,0,0,0,"{""type"":""Polygon"",""coordinates"":[[[-107.27468845347687,48.398555650013485],[-107.27467503273081,48.398555918290036],[-107.27461530687545,48.398570472917335],[-107.27454874628717,48.39858074963829],[-107.27458678388642,48.398682715881016],[-107.27458698184306,48.39868715574309],[-107.27462026224154,48.398682017362],[-107.27469424574147,48.39868502537338],[-107.27471434813143,48.398684666612525],[-107.27468845347687,48.398555650013485]]]}"
00000000000000002a04,621,0,0,0,"{""type"":""Polygon"",""coordinates"":[[[-107.27482997455526,48.398570739191136],[-107.27478303066643,48.398571634560874],[-107.27480195792573,48.39854447784573],[-107.27468845347687,48.398555650013485],[-107.27471434813143,48.398684666612525],[-107.27478110696629,48.398678829610525],[-107.27484835139339,48.39868201530738],[-107.27482997455526,48.398570739191136]]]}"
000000000000000029fa,622,0,0,0,"{""type"":""Polygon"",""coordinates"":[[[-107.2749434791869,48.39855956684849],[-107.27488321687937,48.398560714770326],[-107.27482997455526,48.398570739191136],[-107.27484835139339,48.39868201530738],[-107.27488851144662,48.39868122620282],[-107.2749618563867,48.398670842910576],[-107.27497695755679,48.3985588682065],[-107.2749434791869,48.39855956684849]]]}"
000000000000000029fb,623,0,0,0,"{""type"":""Polygon"",""coordinates"":[[[-107.27509046229312,48.39854769569015],[-107.27506372309549,48.3985482165454],[-107.27503019991089,48.39854884370574],[-107.27497695755679,48.3985588682065],[-107.2749618563867,48.398670842910576],[-107.2749951368572,48.39866570439947],[-107.27502114168868,48.39864733680747],[-107.27507575748736,48.39866855009584],[-107.27509585995,48.39866819125347],[-107.27511159959425,48.398569607603456],[-107.27509817878298,48.3985698759408],[-107.27511115875757,48.39856065639245],[-107.27511076271472,48.39855177669517],[-107.27509046229312,48.39854769569015]]]}"
00000000000000002a0a,624,0,0,0,"{""type"":""Polygon"",""coordinates"":[[[-107.27511159959425,48.398569607603456],[-107.27509585995,48.39866819125347],[-107.27517603983229,48.398662085635536],[-107.27520312437169,48.398666060303455],[-107.27524308652184,48.398660831190696],[-107.27523852531843,48.398558166566396],[-107.27511076271472,48.39855177669517],[-107.27511115875757,48.39856065639245],[-107.27511823640299,48.39856944558339],[-107.27511159959425,48.398569607603456]],[[-107.27511823640299,48.39856944558339],[-107.27512555686903,48.39858274613802],[-107.27517879930595,48.398572721548376],[-107.27511823640299,48.39856944558339]]]}"
00000000000000002a07,625,0,0,0,"{""type"":""Polygon"",""coordinates"":[[[-107.27529367777075,48.39859278656638],[-107.27524604387337,48.39857590695715],[-107.27534568718197,48.39855605127672],[-107.2753250929853,48.39854307481828],[-107.27532465209568,48.39853412361405],[-107.2752840511367,48.39852596169598],[-107.27528566745983,48.398561710817134],[-107.27523852531843,48.398558166566396],[-107.27524308652184,48.398660831190696],[-107.27526324662342,48.39866038498917],[-107.27529726172035,48.39867309312332],[-107.27537084971023,48.39866722088428],[-107.27537768460762,48.3986714987018],[-107.27537370437393,48.3985823124551],[-107.27529367777075,48.39859278656638]]]}"
00000000000000002a0c,626,0,0,0,"{""type"":""MultiPolygon"",""coordinates"":[[[[-107.27550948931837,48.398467938247634],[-107.27544322222604,48.39848711106656],[-107.27551150200722,48.39851256700558],[-107.27551636900267,48.39847228755145],[-107.27550948931837,48.398467938247634]]],[[[-107.27544056581048,48.398576459190075],[-107.27537370437393,48.3985823124551],[-107.27537768460762,48.3986714987018],[-107.27549207193555,48.398678228118925],[-107.27550524997847,48.398673448354856],[-107.27551424937062,48.39857504251375],[-107.27544056581048,48.398576459190075]]]]}"
00000000000000002a02,627,0,0,0,"{""type"":""MultiPolygon"",""coordinates"":[[[[-107.27551424937062,48.39857504251375],[-107.27550524997847,48.398673448354856],[-107.27551193162812,48.39867335781833],[-107.27564023193632,48.39869315403812],[-107.27564845145815,48.398576829927705],[-107.27551424937062,48.39857504251375]]],[[[-107.27561001440357,48.39846598471288],[-107.27555800523665,48.39850272007736],[-107.27551636900267,48.39847228755145],[-107.27551150200722,48.39851256700558],[-107.27551838169965,48.39851691631268],[-107.27564687957478,48.39854115232346],[-107.27565037263439,48.3984696351295],[-107.27561001440357,48.39846598471288]]]]}"
000000000000000029e6,628,0,0,0,"{""type"":""Polygon"",""coordinates"":[[[-107.27573733651695,48.398463422709696],[-107.27570415175171,48.39847301710795],[-107.27565037263439,48.3984696351295],[-107.27564687957478,48.39854115232346],[-107.2756603004536,48.39854088390795],[-107.27567445608834,48.398558462194664],[-107.27564845145815,48.398576829927705],[-107.27564023193632,48.39869315403812],[-107.27566727189237,48.39869705706006],[-107.27572812921024,48.39870922819845],[-107.27575530970584,48.398717658378004],[-107.2758085525431,48.3987076334041],[-107.27573733651695,48.398463422709696]]]}"
00000000000000002a24,629,0,0,0,"{""type"":""Polygon"",""coordinates"":[[[-107.27587094420069,48.398451890300244],[-107.27576407584431,48.39846290166461],[-107.27574401814542,48.398463332157924],[-107.27573733651695,48.398463422709696],[-107.2758085525431,48.3987076334041],[-107.27586847706249,48.3986975178404],[-107.27586257502016,48.39871552666758],[-107.27582334744375,48.39873860281105],[-107.27591615651957,48.39871446867234],[-107.27594216119813,48.398696100818285],[-107.27587094420069,48.398451890300244]]]}"
00000000000000002a23,630,0,1,0,"{""type"":""Polygon"",""coordinates"":[[[-107.27599762743034,48.39843593692905],[-107.2759233494051,48.398424034472775],[-107.27589100192026,48.39845145978003],[-107.27587094420069,48.398451890300244],[-107.27594216119813,48.398696100818285],[-107.27597450889554,48.39866867536274],[-107.2760203732505,48.398645437106],[-107.2760670749158,48.398640029750055],[-107.27599762743034,48.39843593692905]]]}"
00000000000000002a1e,631,0,0,0,"{""type"":""Polygon"",""coordinates"":[[[-107.27613895250386,48.398446584256845],[-107.27607214849967,48.39845235067426],[-107.27599762743034,48.39843593692905],[-107.2760670749158,48.398640029750055],[-107.27607361606748,48.39863541199936],[-107.27612680128118,48.39862547418888],[-107.27617389926185,48.3986289464806],[-107.27620054308098,48.398623969645335],[-107.27613895250386,48.398446584256845]]]}"
00000000000000002a1f,632,0,0,0,"{""type"":""Polygon"",""coordinates"":[[[-107.27627969619502,48.39844375303482],[-107.27626647342646,48.39844846137119],[-107.27619927303414,48.398445348211084],[-107.27618585211336,48.39844561670244],[-107.27616579433459,48.39844604728564],[-107.27613895250386,48.398446584256845],[-107.27620054308098,48.398623969645335],[-107.27633371075568,48.398603485323854],[-107.27627969619502,48.39844375303482]]]}"
000000000000000029ec,633,0,0,0,"{""type"":""Polygon"",""coordinates"":[[[-107.27640578525615,48.39841447962584],[-107.27633288119536,48.39843381515143],[-107.27627969619502,48.39844375303482],[-107.27633371075568,48.398603485323854],[-107.27637377558311,48.39859823992797],[-107.2764334571659,48.3985836126757],[-107.27646029917969,48.39858307561623],[-107.27640578525615,48.39841447962584]]]}"
000000000000000029f0,634,0,0,0,"{""type"":""Polygon"",""coordinates"":[[[-107.27654666981554,48.39841617516095],[-107.27648030680243,48.39843089303596],[-107.27643926401201,48.39841378046669],[-107.27641242212698,48.39841431751532],[-107.27640578525615,48.39841447962584],[-107.27646029917969,48.39858307561623],[-107.2764738607716,48.398587334251594],[-107.27651388082671,48.398582017286714],[-107.27652730184356,48.398581748746444],[-107.27659390814839,48.39857154214356],[-107.27654666981554,48.39841617516095]]]}"
000000000000000029e9,635,0,0,0,"{""type"":""Polygon"",""coordinates"":[[[-107.276673794807,48.398409172063424],[-107.27655984778063,48.39841139527776],[-107.27654666981554,48.39841617516095],[-107.27659390814839,48.39857154214356],[-107.27663373001546,48.39856178528835],[-107.27666046966802,48.398561263984725],[-107.27669399344445,48.39856063624073],[-107.27670731845045,48.39840854431994],[-107.276673794807,48.398409172063424]]]}"
000000000000000029ea,636,0,0,0,"{""type"":""Polygon"",""coordinates"":[[[-107.27680779985337,48.39840651799536],[-107.27670731845045,48.39840854431994],[-107.27669399344445,48.39856063624073],[-107.27672771545073,48.398564448325565],[-107.27678783832285,48.39855877205286],[-107.2768145780169,48.39855825070534],[-107.27682131734439,48.39855807275204],[-107.27685474454164,48.39840562161937],[-107.27680779985337,48.39840651799536]]]}"
000000000000000029ed,637,0,0,0,"{""type"":""Polygon"",""coordinates"":[[[-107.27692922184339,48.39842196315359],[-107.27690164445413,48.398404653708795],[-107.27685474454164,48.39840562161937],[-107.27682131734439,48.39855807275204],[-107.27684805704743,48.39855755139499],[-107.27689539842513,48.398565534671135],[-107.27691633898493,48.39858300631512],[-107.27695649981094,48.39858221632852],[-107.2769828035234,48.39842090456506],[-107.27692922184339,48.39842196315359]]]}"
00000000000000002a01,638,0,0,0,"{""type"":""Polygon"",""coordinates"":[[[-107.27705659038173,48.39841947087509],[-107.2769828035234,48.39842090456506],[-107.27695649981094,48.39858221632852],[-107.27709094720898,48.39858851302445],[-107.27711744865024,48.39843164104655],[-107.27705659038173,48.39841947087509]]]}"
000000000000000029f4,639,0,0,0,"{""type"":""Polygon"",""coordinates"":[[[-107.27723203605385,48.39844280814585],[-107.27717835179826,48.398443882691225],[-107.27711744865024,48.39843164104655],[-107.27709094720898,48.39858851302445],[-107.27711100526075,48.39858808224015],[-107.27719226740679,48.39860431714525],[-107.2772259896905,48.39860812905139],[-107.27725209405646,48.39844237733452],[-107.27723203605385,48.39844280814585]]]}"
000000000000000029f7,640,0,0,0,"{""type"":""Polygon"",""coordinates"":[[[-107.27737312035177,48.39844894226229],[-107.27735925787104,48.398440259755375],[-107.27729225487276,48.39844158720998],[-107.27725877579005,48.398442286674836],[-107.27725209405646,48.39844237733452],[-107.2772259896905,48.39860812905139],[-107.2773534551616,48.39861009199935],[-107.27739317838757,48.39844851142064],[-107.27737312035177,48.39844894226229]]]}"
000000000000000029e7,641,0,0,0,"{""type"":""Polygon"",""coordinates"":[[[-107.27739317838757,48.39844851142064],[-107.2773534551616,48.39861009199935],[-107.27736687630794,48.39860982333844],[-107.27738073885091,48.39861850587026],[-107.27748810163227,48.39862082796567],[-107.27752762603072,48.398454807483866],[-107.27739317838757,48.39844851142064]]]}"
00000000000000002a20,642,0,0,0,"{""type"":""Polygon"",""coordinates"":[[[-107.27762928560256,48.398479578078955],[-107.27755446826208,48.39845427011468],[-107.27752762603072,48.398454807483866],[-107.27748810163227,48.39862082796567],[-107.27760224874937,48.39862304343875],[-107.27761620731147,48.3986361815922],[-107.27762294670943,48.39863600358065],[-107.27765632621302,48.398483480509206],[-107.27762928560256,48.398479578078955]]]}"
00000000000000002a2d,643,0,0,0,"{""type"":""Polygon"",""coordinates"":[[[-107.27775778774856,48.398503811142874],[-107.2776969287203,48.39849164137959],[-107.27765632621302,48.398483480509206],[-107.27762294670943,48.39863600358065],[-107.2776838058953,48.39864817341968],[-107.27771118572132,48.39866104285526],[-107.27775852786931,48.398669025702304],[-107.27778487322891,48.398507785047755],[-107.27775778774856,48.398503811142874]]]}"
000000000000000029bf,644,0,0,0,"{""type"":""Polygon"",""coordinates"":[[[-107.27784617388212,48.39852890593069],[-107.27782523269558,48.398511434522845],[-107.27778487322891,48.398507785047755],[-107.27775852786931,48.398669025702304],[-107.27777882925223,48.39867310612882],[-107.27781963039587,48.39868570681451],[-107.27784681198276,48.39869413637132],[-107.27790049698126,48.39869306142877],[-107.27791317743161,48.39852757807385],[-107.27784617388212,48.39852890593069]]]}"
00000000000000002a2a,645,0,0,0,"{""type"":""Polygon"",""coordinates"":[[[-107.27802664009435,48.398516330517374],[-107.27793323562429,48.398527147114905],[-107.27791317743161,48.39852757807385],[-107.27790049698126,48.39869306142877],[-107.27794729537283,48.39869210879446],[-107.27801376176878,48.39867737399578],[-107.278033864865,48.39867701452289],[-107.27804674310588,48.39851597104503],[-107.27802664009435,48.398516330517374]]]}"
00000000000000002a2b,646,0,0,0,"{""type"":""Polygon"",""coordinates"":[[[-107.27812736638347,48.39851881410706],[-107.27804674310588,48.39851597104503],[-107.278033864865,48.39867701452289],[-107.27810106720091,48.39868012636475],[-107.27814093426018,48.39867044036625],[-107.27820051403498,48.39865582779627],[-107.278226959802,48.39864641054767],[-107.27812736638347,48.39851881410706]]]}"
00000000000000002158,647,0,0,0,"{""type"":""Polygon"",""coordinates"":[[[-107.27824603901131,48.398471782299474],[-107.27813404819379,48.39851872338446],[-107.27812736638347,48.39851881410706],[-107.278226959802,48.39864641054767],[-107.27826678204549,48.39863665299275],[-107.27832056320773,48.39864003346621],[-107.27836686889034,48.39862574529566],[-107.27824603901131,48.398471782299474]]]}"
00000000000000002155,648,0,0,0,"{""type"":""Polygon"",""coordinates"":[[[-107.27836485230618,48.39842927753648],[-107.27834508850512,48.398438604043626],[-107.27831908451492,48.39845697244163],[-107.27825935783109,48.39847152932698],[-107.27824603901131,48.398471782299474],[-107.27836686889034,48.39862574529566],[-107.27841971558553,48.39860683920231],[-107.27847855920486,48.39857437981847],[-107.27836485230618,48.39842927753648]]]}"
00000000000000002156,649,0,0,0,"{""type"":""Polygon"",""coordinates"":[[[-107.27845688063566,48.39838722297225],[-107.27843736009079,48.398401060818955],[-107.27836485230618,48.39842927753648],[-107.27847855920486,48.39857437981847],[-107.27853120739447,48.39855103385285],[-107.27857751298984,48.398536745606876],[-107.27862323602197,48.39850897902587],[-107.27845688063566,48.39838722297225]]]}"
00000000000000002153,650,0,0,0,"{""type"":""Polygon"",""coordinates"":[[[-107.27854811507763,48.39832740910568],[-107.2785155702426,48.398350395404805],[-107.2784961073289,48.39836414592842],[-107.27845688063566,48.39838722297225],[-107.27862323602197,48.39850897902587],[-107.27871486760718,48.39845804450244],[-107.27872828889181,48.398457775648716],[-107.27873472746785,48.39845317355188],[-107.27854811507763,48.39832740910568]]]}"
00000000000000002152,651,0,0,0,"{""type"":""MultiPolygon"",""coordinates"":[[[[-107.27847938856986,48.3981411661649],[-107.27845982336586,48.39815493243883],[-107.2785125744696,48.398283409057804],[-107.27855907816159,48.39827356070836],[-107.2785989448565,48.39826387460292],[-107.27861108574812,48.398236823918026],[-107.27847938856986,48.3981411661649]]],[[[-107.27863202734623,48.39825429505435],[-107.27861920150248,48.3982678833093],[-107.27856065291243,48.398309238013404],[-107.27854811507763,48.39832740910568],[-107.27873472746785,48.39845317355188],[-107.27876731714575,48.39843025864342],[-107.27879371796625,48.39842076977222],[-107.27883294463459,48.39839769257708],[-107.27863202734623,48.39825429505435]]]]}"
00000000000000002154,652,0,0,0,"{""type"":""Polygon"",""coordinates"":[[[-107.2786031221181,48.39805829486456],[-107.27859014269588,48.39806751478364],[-107.27855695797996,48.39807711009427],[-107.27852230093383,48.398051012423394],[-107.27850180119626,48.39804249241081],[-107.27850927670431,48.39806016082064],[-107.27848327303253,48.39807852912476],[-107.2784839131417,48.39809192001061],[-107.27847801232413,48.39810992876298],[-107.27848607033735,48.39814107541955],[-107.27847938856986,48.3981411661649],[-107.27861108574812,48.398236823918026],[-107.27863748641994,48.39822733512788],[-107.27868359315278,48.398208607126136],[-107.27863202734623,48.39825429505435],[-107.27883294463459,48.39839769257708],[-107.2789246719394,48.39835121359587],[-107.27872203854446,48.39816761204527],[-107.2786031221181,48.39805829486456]],[[-107.27872203854446,48.39816761204527],[-107.27870861736592,48.39816788089397],[-107.27870905909356,48.39817683200002],[-107.27872203854446,48.39816761204527]]]}"
0000000000000000214e,653,0,0,0,"{""type"":""Polygon"",""coordinates"":[[[-107.27870777672413,48.39799821240766],[-107.27867459205906,48.39800780774517],[-107.27867543069976,48.398025638396035],[-107.27866200957932,48.39802590723604],[-107.27865670422187,48.3980572353395],[-107.27861634478965,48.39805358624367],[-107.2786031221181,48.39805829486456],[-107.2789246719394,48.39835121359587],[-107.27897698038986,48.39831890054889],[-107.27901670000455,48.398309158563904],[-107.27903646371212,48.39829983194366],[-107.27870777672413,48.39799821240766]]]}"
0000000000000000214f,654,0,0,0,"{""type"":""Polygon"",""coordinates"":[[[-107.27879144473889,48.3979205874063],[-107.27876588297475,48.39794790680154],[-107.27871991744419,48.397971161848005],[-107.27872035917717,48.39798011292087],[-107.27871441368022,48.39799805013732],[-107.27870777672413,48.39799821240766],[-107.27903646371212,48.39829983194366],[-107.27913433460691,48.39823985533765],[-107.27879144473889,48.3979205874063]]]}"
0000000000000000214a,655,0,0,0,"{""type"":""Polygon"",""coordinates"":[[[-107.27884895535172,48.3978569625127],[-107.27884999256388,48.39787923288214],[-107.27879714690987,48.39789813892794],[-107.2788247702153,48.3979155191459],[-107.27879144473889,48.3979205874063],[-107.27913433460691,48.39823985533765],[-107.27915409827203,48.398230528706414],[-107.27922596530846,48.39818892060625],[-107.27925236596823,48.398179431656054],[-107.27884895535172,48.3978569625127]]]}"
0000000000000000214b,656,0,0,0,"{""type"":""Polygon"",""coordinates"":[[[-107.27890632490282,48.39778881057561],[-107.27891413997952,48.39781544572311],[-107.27888773960125,48.39782493450858],[-107.27888813657512,48.39783381404576],[-107.27884871206749,48.39785245123244],[-107.27884895535172,48.3978569625127],[-107.27925236596823,48.398179431656054],[-107.27929179081455,48.39816079418107],[-107.27933785266282,48.398141994381426],[-107.27937064043734,48.39812351920387],[-107.27890632490282,48.39778881057561]]]}"
00000000000000002a29,657,0,0,0,"{""type"":""Polygon"",""coordinates"":[[[-107.27888336647625,48.39772671168882],[-107.27888380825263,48.39773566271885],[-107.278884250029,48.397744613750376],[-107.27890632490282,48.39778881057561],[-107.27937064043734,48.39812351920387],[-107.27943582535872,48.398082001845765],[-107.2794613869225,48.39805468220883],[-107.27892785261454,48.397672235365015],[-107.27891467487983,48.39767701550079],[-107.27888179137645,48.39769103478728],[-107.27890248959164,48.39770399442092],[-107.27888336647625,48.39772671168882]],[[-107.27890248959164,48.39770399442092],[-107.2789157121383,48.39769928579327],[-107.27890872952766,48.39769495262373],[-107.27890248959164,48.39770399442092]]]}"
00000000000000002a2f,658,0,0,0,"{""type"":""Polygon"",""coordinates"":[[[-107.27904126230446,48.39765660277406],[-107.27898113974635,48.39766228035223],[-107.27892785261454,48.397672235365015],[-107.2794613869225,48.39805468220883],[-107.2794679725918,48.39805013579434],[-107.2794807533583,48.398036475979254],[-107.2795520817893,48.39798146113904],[-107.27904126230446,48.39765660277406]]]}"
00000000000000001ff9,659,0,0,0,"{""type"":""Polygon"",""coordinates"":[[[-107.27910806660807,48.39765083437172],[-107.27904126230446,48.39765660277406],[-107.2795520817893,48.39798146113904],[-107.27961686922296,48.397931064229596],[-107.27965565322484,48.39789903587747],[-107.27910806660807,48.39765083437172]]]}"
00000000000000002140,660,0,0,0,"{""type"":""Polygon"",""coordinates"":[[[-107.27925367462555,48.39760771992165],[-107.2792540140931,48.397616686742715],[-107.2792278123784,48.39763061533288],[-107.27920854850696,48.397648805553914],[-107.27914822735538,48.397650043485264],[-107.27910806660807,48.39765083437172],[-107.27965565322484,48.39789903587747],[-107.27973308007746,48.39783045209895],[-107.27925367462555,48.39760771992165]]]}"
00000000000000002146,661,0,0,0,"{""type"":""Polygon"",""coordinates"":[[[-107.27961154681104,48.39766318980803],[-107.27961174538736,48.39766762955922],[-107.2795991633662,48.397685729045776],[-107.27957320500423,48.3977041690118],[-107.27953417781765,48.3977316859429],[-107.27949961616524,48.39771004438331],[-107.279519180958,48.39769627802292],[-107.27955182108583,48.397677747255614],[-107.27957054676283,48.397646150382734],[-107.27928984541506,48.39751774491585],[-107.27926448271921,48.39754950396704],[-107.27927259898851,48.39758056289017],[-107.27925367462555,48.39760771992165],[-107.27973308007746,48.39783045209895],[-107.27980317150801,48.397748727240824],[-107.27961154681104,48.39766318980803]]]}"
00000000000000002a99,662,0,0,0,"{""type"":""MultiPolygon"",""coordinates"":[[[[-107.27929520774936,48.397486329786176],[-107.27928930739903,48.39750433837218],[-107.27929638618775,48.39751312705257],[-107.27928984541506,48.39751774491585],[-107.27957054676283,48.397646150382734],[-107.27958342975346,48.397632474846475],[-107.27961449398931,48.39757826728543],[-107.27929520774936,48.397486329786176]]],[[[-107.27965529542378,48.397590866926166],[-107.27964915181757,48.39760436431157],[-107.2796502343319,48.39762670606299],[-107.27961154681104,48.39766318980803],[-107.27980317150801,48.397748727240824],[-107.27980292810449,48.397744215975166],[-107.27982779723648,48.397699121594044],[-107.27984731716823,48.397685283662504],[-107.27986579924764,48.39764917547504],[-107.27965529542378,48.397590866926166]]]]}"
00000000000000002ba9,663,0,0,0,"{""type"":""MultiPolygon"",""coordinates"":[[[[-107.27929363223262,48.39745065306261],[-107.27929520774936,48.397486329786176],[-107.27961449398931,48.39757826728543],[-107.27963985650642,48.3975465081293],[-107.27966585953997,48.39752813971158],[-107.27967195832188,48.397514570836435],[-107.27929363223262,48.39745065306261]]],[[[-107.2797124649565,48.39751827514525],[-107.2797125611445,48.39752273069935],[-107.2796805617434,48.39755465219485],[-107.27966183619141,48.39758624903183],[-107.27965529542378,48.397590866926166],[-107.27986579924764,48.39764917547504],[-107.27990831098494,48.39755014255098],[-107.2797124649565,48.39751827514525]]]]}"
0000000000000000213e,664,0,0,0,"{""type"":""MultiPolygon"",""coordinates"":[[[[-107.27973527124925,48.397428481805285],[-107.27973561083786,48.39743744859147],[-107.2797124649565,48.39751827514525],[-107.27990831098494,48.39755014255098],[-107.27991485173177,48.39754552464348],[-107.27994085470796,48.397527156153174],[-107.27996523668716,48.39747303944347],[-107.2799650380664,48.39746859971033],[-107.27973527124925,48.397428481805285]]],[[[-107.27926909771155,48.397352878017806],[-107.27925631715863,48.3973665376244],[-107.27926359444989,48.39737976601437],[-107.27924383126356,48.397389092507325],[-107.27927819385107,48.397406294310606],[-107.27927288912015,48.39743762206853],[-107.27929363223262,48.39745065306261],[-107.27967195832188,48.397514570836435],[-107.27967122158064,48.39749672456225],[-107.27967082441113,48.39748784508935],[-107.27968930650792,48.39745173706894],[-107.27968812777787,48.397424939845585],[-107.27926909771155,48.397352878017806]]]]}"
0000000000000000212f,665,0,0,0,"{""type"":""MultiPolygon"",""coordinates"":[[[[-107.27977163944287,48.39734294667398],[-107.27977277343386,48.3973696723453],[-107.27973443207316,48.39741065137672],[-107.27973527124925,48.397428481805285],[-107.2799650380664,48.39746859971033],[-107.27997506336854,48.3973924661139],[-107.27999452550728,48.39737871556081],[-107.27977163944287,48.39734294667398]]],[[[-107.27926486442415,48.39725918315421],[-107.27925842609842,48.39726378517727],[-107.27927214170202,48.397272411517264],[-107.27924741959102,48.39731756109225],[-107.27927543991656,48.39734382044467],[-107.27926909771155,48.397352878017806],[-107.27968812777787,48.397424939845585],[-107.27969269542432,48.39737576584733],[-107.27969161287568,48.397353424202294],[-107.27970399614537,48.397330885097396],[-107.27926486442415,48.39725918315421]]]]}"
00000000000000002135,666,0,0,0,"{""type"":""MultiPolygon"",""coordinates"":[[[[-107.2797807810529,48.39724891138745],[-107.2797810244566,48.3972534226113],[-107.27977163944287,48.39734294667398],[-107.27999452550728,48.39737871556081],[-107.28000750452458,48.39736949558136],[-107.28004457042489,48.39729726379391],[-107.2797807810529,48.39724891138745]]],[[[-107.27942919642351,48.39718447225393],[-107.27942453233482,48.397229190539605],[-107.27936441027853,48.39723486829929],[-107.27935733151466,48.39722607966911],[-107.27933068820673,48.39723105723601],[-107.27931790771433,48.397244716818086],[-107.27926486442415,48.39725918315421],[-107.27970399614537,48.397330885097396],[-107.27971663558912,48.39731269839826],[-107.27972808346182,48.39726787339257],[-107.27974042187671,48.397245262812326],[-107.27942919642351,48.39718447225393]]]]}"
0000000000000000212d,667,0,0,0,"{""type"":""Polygon"",""coordinates"":[[[-107.27977001195565,48.397155363286366],[-107.2797701081542,48.397159818809854],[-107.27976322787305,48.397155469932535],[-107.27941140085314,48.397086519610895],[-107.27940550063515,48.397104528065796],[-107.27942644220809,48.39712199865907],[-107.27944059974854,48.397139575875606],[-107.27942919642351,48.39718447225393],[-107.27974042187671,48.397245262812326],[-107.27974022328178,48.39724082309701],[-107.27973978128813,48.39723187215941],[-107.27975088950444,48.3971780804765],[-107.27975732778839,48.39717347842891],[-107.27977762904102,48.39717755832227],[-107.27983131293725,48.39717648235994],[-107.27981946800612,48.397212427871864],[-107.2797807810529,48.39724891138745],[-107.28004457042489,48.39729726379391],[-107.2800630969252,48.397261227348665],[-107.28010134165346,48.39721579278368],[-107.27977001195565,48.397155363286366]]]}"
00000000000000002127,668,0,0,0,"{""type"":""MultiPolygon"",""coordinates"":[[[[-107.27977001195565,48.397155363286366],[-107.28010134165346,48.39721579278368],[-107.28010089957057,48.39720684185421],[-107.28013904180479,48.39716142313868],[-107.2801449865313,48.39714348613481],[-107.27988046095068,48.397077287997384],[-107.27986193442082,48.39711332428398],[-107.27984187658637,48.39711375562485],[-107.27982177395212,48.39711411545359],[-107.27983617515082,48.39713620381665],[-107.27978299091248,48.39714614337734],[-107.27977001195565,48.397155363286366]]],[[[-107.27978299091248,48.39714614337734],[-107.27980835299932,48.397114384444784],[-107.27976101128039,48.39710640282887],[-107.27978701395803,48.39708803453886],[-107.2798534780436,48.397073298969566],[-107.27982643755377,48.3970693972574],[-107.27942619348353,48.39696565267874],[-107.27942240703987,48.39703274391807],[-107.27940274645246,48.39704205456299],[-107.27941140085314,48.397086519610895],[-107.27976322787305,48.397155469932535],[-107.2797490701236,48.39713789276359],[-107.27978299091248,48.39714614337734]],[[-107.27980613634271,48.39706531738155],[-107.27981321522152,48.39707410594931],[-107.27982643755377,48.3970693972574],[-107.27980613634271,48.39706531738155]],[[-107.27975501500798,48.39711995578774],[-107.27976209387975,48.39712874436843],[-107.2797685321539,48.39712414232458],[-107.27975501500798,48.39711995578774]],[[-107.27943012627024,48.39705492312196],[-107.27943052338708,48.39706380252517],[-107.27944374570781,48.39705909388709],[-107.27943012627024,48.39705492312196]]]]}"
0000000000000000212b,669,0,0,0,"{""type"":""Polygon"",""coordinates"":[[[-107.27994328583922,48.396982177163245],[-107.2799367452004,48.3969867950212],[-107.27992966629712,48.39697800647754],[-107.27974463027249,48.39688792412151],[-107.279717346562,48.39687951119485],[-107.27962950550896,48.39686335394512],[-107.27944181878892,48.39686708758206],[-107.27936857746532,48.39687745809568],[-107.27936183826526,48.396877636218726],[-107.27943105606396,48.39692537430575],[-107.27942619348353,48.39696565267874],[-107.2798534780436,48.397073298969566],[-107.27988518207188,48.3970324825079],[-107.27990390715208,48.3970008859672],[-107.27994372788618,48.396991128056676],[-107.2799513450666,48.39701332300811],[-107.27991846218998,48.39702734245901],[-107.27990017913875,48.39706788992518],[-107.27988046095068,48.397077287997384],[-107.2801449865313,48.39714348613481],[-107.28017615205823,48.397089263101186],[-107.27994328583922,48.396982177163245]]]}"
00000000000000002bee,670,0,0,0,"{""type"":""Polygon"",""coordinates"":[[[-107.27974463027249,48.39688792412151],[-107.27992966629712,48.39697800647754],[-107.27992194673644,48.3969558273541],[-107.27995611089382,48.396968589078945],[-107.27994328583922,48.396982177163245],[-107.28017615205823,48.397089263101186],[-107.2801757099553,48.39708031219378],[-107.28018829154007,48.39706221284812],[-107.28020013609942,48.39702626740132],[-107.2802249594826,48.39698110204047],[-107.2802243187104,48.39696771146171],[-107.27974463027249,48.39688792412151]]]}"
00000000000000001e7e,671,0,0,0,"{""type"":""Polygon"",""coordinates"":[[[-107.27999823699972,48.396860519211856],[-107.27999897391983,48.396878365266275],[-107.27996549529395,48.39687906564171],[-107.27996495701518,48.39686565926892],[-107.279717346562,48.39687951119485],[-107.27974463027249,48.39688792412151],[-107.2802243187104,48.39696771146171],[-107.28022598273674,48.39685600896284],[-107.28022568782313,48.39684711378665],[-107.27999823699972,48.396860519211856]],[[-107.2799531123262,48.39690160458185],[-107.27991919165333,48.39689335406298],[-107.27992671258302,48.39691109347408],[-107.2799531123262,48.39690160458185]]]}"
00000000000000002123,672,0,0,0,"{""type"":""MultiPolygon"",""coordinates"":[[[[-107.27991505902595,48.396799644263325],[-107.27967580907328,48.396849065673365],[-107.27962950550896,48.39686335394512],[-107.279717346562,48.39687951119485],[-107.27996495701518,48.39686565926892],[-107.2799643163364,48.39685226871502],[-107.27991505902595,48.396799644263325]]],[[[-107.28020381015267,48.396807357757375],[-107.28020822977717,48.39675812863291],[-107.2801942705328,48.3967449913354],[-107.27997487962755,48.39678954235543],[-107.27998894117506,48.396802663882674],[-107.27999823699972,48.396860519211856],[-107.28022568782313,48.39684711378665],[-107.28020381015267,48.396807357757375]]]]}"
00000000000000002128,673,0,0,0,"{""type"":""MultiPolygon"",""coordinates"":[[[[-107.2798939186585,48.39677773421059],[-107.2798928807703,48.396755464329146],[-107.27988580191939,48.39674667581901],[-107.27967580907328,48.396849065673365],[-107.27991505902595,48.396799644263325],[-107.2798939186585,48.39677773421059]]],[[[-107.28012917628018,48.396639129827705],[-107.28012229601977,48.39663478101799],[-107.27994518654738,48.39672315178914],[-107.2799602798123,48.39676301448203],[-107.27996072186629,48.39677196533845],[-107.27997487962755,48.39678954235543],[-107.2801942705328,48.3967449913354],[-107.28012917628018,48.396639129827705]]]]}"
00000000000000002125,674,0,0,0,"{""type"":""MultiPolygon"",""coordinates"":[[[[-107.2798720414577,48.39673797814558],[-107.279837678955,48.396720776767815],[-107.27980302168311,48.39669468022757],[-107.2797894022803,48.39669050954093],[-107.27944181878892,48.39686708758206],[-107.27962950550896,48.39686335394512],[-107.27967580907328,48.396849065673365],[-107.27988580191939,48.39674667581901],[-107.2798720414577,48.39673797814558]]],[[[-107.2800591757793,48.396573475059164],[-107.28003847748386,48.39656051595111],[-107.27984834478438,48.39665803475781],[-107.27986190659537,48.39666229275606],[-107.27987572462271,48.396670903096755],[-107.27988948506258,48.396679600759256],[-107.27990394376617,48.39670160161198],[-107.27994518654738,48.39672315178914],[-107.28012229601977,48.39663478101799],[-107.2800591757793,48.396573475059164]]]]}"
0000000000000000212c,675,0,0,0,"{""type"":""MultiPolygon"",""coordinates"":[[[[-107.27978232347286,48.39668172103278],[-107.27978188146166,48.39667277018958],[-107.279713105374,48.39663398342422],[-107.27936857746532,48.39687745809568],[-107.27944181878892,48.39686708758206],[-107.2797894022803,48.39669050954093],[-107.27978232347286,48.39668172103278]]],[[[-107.27992821510632,48.396495668208445],[-107.27992137971319,48.39649139090142],[-107.27976530862183,48.39660168687412],[-107.27979288697216,48.39661899488834],[-107.27982744795726,48.39664063591701],[-107.2798481461722,48.396653595092],[-107.27984834478438,48.39665803475781],[-107.28003847748386,48.39656051595111],[-107.27992821510632,48.396495668208445]]]]}"
0000000000000000210e,676,0,0,0,"{""type"":""MultiPolygon"",""coordinates"":[[[[-107.27968498889312,48.39660326907004],[-107.27961646306971,48.39657330590567],[-107.27929124368379,48.39679866151533],[-107.27936163971391,48.396873196532106],[-107.27936183826526,48.396877636218726],[-107.27936857746532,48.39687745809568],[-107.279713105374,48.39663398342422],[-107.27968498889312,48.39660326907004]]],[[[-107.2798247819949,48.39643078526684],[-107.27966846766365,48.396536569789376],[-107.27968208697978,48.39654074048332],[-107.2797166477894,48.39656238152455],[-107.27973728830338,48.39657542802944],[-107.27975154825714,48.39659298920463],[-107.27976530862183,48.39660168687412],[-107.27992137971319,48.39649139090142],[-107.2798247819949,48.39643078526684]]]]}"
00000000000000002131,677,0,0,0,"{""type"":""MultiPolygon"",""coordinates"":[[[[-107.27979696034014,48.39640896616747],[-107.27973546202476,48.396383407699716],[-107.2797147192134,48.39637037705389],[-107.27955909037131,48.396489623246964],[-107.27962766734167,48.39652397037492],[-107.27966846766365,48.396536569789376],[-107.2798247819949,48.39643078526684],[-107.27979696034014,48.39640896616747]]],[[[-107.27960294615818,48.3965691193847],[-107.27956194727555,48.39655208027547],[-107.27950732917692,48.39653087043535],[-107.2792483298513,48.39673697927097],[-107.27927704154901,48.39678101287608],[-107.27929124368379,48.39679866151533],[-107.27961646306971,48.39657330590567],[-107.27960294615818,48.3965691193847]]]]}"
0000000000000000210d,678,0,0,0,"{""type"":""GeometryCollection"",""geometries"":[{""type"":""LineString"",""coordinates"":[[-107.27919605337769,48.39676924994313],[-107.27919605368227,48.39676925675824]]},{""type"":""LineString"",""coordinates"":[[-107.27919605400231,48.3967692639197],[-107.27919625279688,48.39677371216343]]},{""type"":""Polygon"",""coordinates"":[[[-107.27941978395387,48.396523608199296],[-107.27941294865322,48.39651933085153],[-107.27939992509098,48.39652847909001],[-107.27941978395387,48.396523608199296]]]},{""type"":""Polygon"",""coordinates"":[[[-107.27970100375131,48.39636175091926],[-107.27968714109646,48.39635306909197],[-107.27967332325271,48.39634445877081],[-107.27963272171964,48.39633629903878],[-107.2795782062407,48.39631507350408],[-107.27947021280798,48.396451196176685],[-107.27949798939612,48.39647294388739],[-107.27953190944147,48.3964811945058],[-107.27955909037131,48.396489623246964],[-107.2797147192134,48.39637037705389],[-107.27970100375131,48.39636175091926]]]},{""type"":""Polygon"",""coordinates"":[[[-107.27941978395387,48.396523608199296],[-107.27941368529702,48.39653717680335],[-107.27939992509098,48.39652847909001],[-107.27936168059728,48.39657391278491],[-107.27936836214546,48.396573821986465],[-107.27936266056996,48.39659626992664],[-107.27934909891498,48.39659201185926],[-107.2793171963646,48.39662838814017],[-107.27919605368227,48.39676925675824],[-107.27919602385195,48.3967692914458],[-107.27919605400231,48.3967692639197],[-107.27924110400588,48.39672813501823],[-107.2792483298513,48.39673697927097],[-107.27950732917692,48.39653087043535],[-107.27950044905579,48.396526521586416],[-107.27943895096107,48.396500962867094],[-107.27942636933408,48.39651906192542],[-107.27941978395387,48.396523608199296]],[[-107.27938282042133,48.3965958228848],[-107.27939009764499,48.396609051075885],[-107.2794097579921,48.396599740515164],[-107.27938282042133,48.3965958228848]]]}]}"
00000000000000002117,679,0,0,0,"{""type"":""GeometryCollection"",""geometries"":[{""type"":""LineString"",""coordinates"":[[-107.27931650463965,48.396463162874326],[-107.27931630521213,48.39645870065415]]},{""type"":""LineString"",""coordinates"":[[-107.27930421541744,48.396637563228175],[-107.27931718288886,48.396628397826326]]},{""type"":""Polygon"",""coordinates"":[[[-107.27956454222983,48.39631083130338],[-107.27949640768581,48.39628543503508],[-107.27946868259677,48.39626807134014],[-107.27946184733082,48.396263794015454],[-107.27936693489424,48.39639068089859],[-107.27941505687329,48.39641658005023],[-107.27943575473219,48.39642953926863],[-107.27946333270788,48.39644684733106],[-107.27947021280798,48.396451196176685],[-107.2795782062407,48.39631507350408],[-107.27956454222983,48.39631083130338]]]},{""type"":""Polygon"",""coordinates"":[[[-107.27937740818926,48.39647533261022],[-107.27933134849741,48.39649413178713],[-107.27931114391039,48.396494507308326],[-107.27931655079283,48.39646316429344],[-107.2791573902632,48.39665385317783],[-107.27916525018846,48.39668055924502],[-107.27918860575372,48.39675153619903],[-107.27919602385195,48.3967692914458],[-107.27930421755367,48.39663760789317],[-107.27930421541744,48.396637563228175],[-107.27930357711362,48.396624217386034],[-107.2793171963646,48.39662838814017],[-107.27934909891498,48.39659201185926],[-107.27932859957082,48.39658349224591],[-107.2793413798079,48.39656983283811],[-107.27936168059728,48.39657391278491],[-107.27941270529092,48.39651481968775],[-107.27941166768832,48.39649254990357],[-107.27937740818926,48.39647533261022]],[[-107.27935278296263,48.39652493699154],[-107.27935322487009,48.396533887814535],[-107.27936644699344,48.39652917923885],[-107.27935278296263,48.39652493699154]]]}]}"
00000000000000002112,680,0,0,0,"{""type"":""MultiPolygon"",""coordinates"":[[[[-107.27941436596959,48.39625128536635],[-107.2793666285127,48.39623442438354],[-107.27932622585512,48.396230704163465],[-107.2792386351151,48.39637089049307],[-107.27936693489424,48.39639068089859],[-107.27946184733082,48.396263794015454],[-107.27941436596959,48.39625128536635]]],[[[-107.2793090302748,48.39644542497304],[-107.2792475325717,48.396419866160166],[-107.27922821179905,48.39643814327677],[-107.27927575082835,48.39645056473788],[-107.27929010659547,48.3964725814168],[-107.2792705872616,48.396486418905624],[-107.27925780704041,48.396500078282266],[-107.27921700708323,48.396487478692876],[-107.27919690492274,48.39648783837471],[-107.27916342693375,48.39648853844955],[-107.27915708487697,48.3964975958664],[-107.279204623919,48.396510017376215],[-107.27914406129692,48.39650674406695],[-107.27913816108786,48.396524752309574],[-107.27913349682811,48.39656947003273],[-107.2791573902632,48.39665385317783],[-107.27931635224412,48.396458724641136],[-107.2793090302748,48.39644542497304]]]]}"
00000000000000002110,681,0,0,0,"{""type"":""MultiPolygon"",""coordinates"":[[[[-107.27913064066063,48.39650701295245],[-107.27913816108786,48.396524752309574],[-107.27914406129692,48.39650674406695],[-107.27913064066063,48.39650701295245]]],[[[-107.27914322238584,48.39648891393443],[-107.27913014748171,48.396493678168284],[-107.27915708487697,48.3964975958664],[-107.27916342693375,48.39648853844955],[-107.27914322238584,48.39648891393443]]],[[[-107.27925882837381,48.39622315360178],[-107.27923125071192,48.39620584554527],[-107.27917767096199,48.396206905294164],[-107.2791381566534,48.39637291920663],[-107.27914479334784,48.39637275691814],[-107.27917237105896,48.396390065052344],[-107.27919129475139,48.39636290867342],[-107.2792386351151,48.39637089049307],[-107.27932622585512,48.396230704163465],[-107.27925882837381,48.39622315360178]]]]}"
00000000000000002113,682,0,0,0,"{""type"":""Polygon"",""coordinates"":[[[-107.27910408537917,48.39621278011555],[-107.27907060767181,48.39621348014733],[-107.27903708517462,48.396214108660075],[-107.27899692603252,48.396214899438135],[-107.27908447431655,48.39637399472615],[-107.2791381566534,48.39637291920663],[-107.27917767096199,48.396206905294164],[-107.27910408537917,48.39621278011555]]]}"
00000000000000002118,683,0,0,0,"{""type"":""MultiPolygon"",""coordinates"":[[[[-107.27899692603252,48.396214899438135],[-107.27895646600271,48.396211266379694],[-107.27886430248239,48.39624879260458],[-107.27896453428014,48.39638977335458],[-107.27899073509249,48.396375845182845],[-107.27901079234692,48.39637541404023],[-107.2790577355569,48.396374516660025],[-107.27908447431655,48.39637399472615],[-107.27899692603252,48.396214899438135]]],[[[-107.27913349682811,48.39656947003273],[-107.27913816108786,48.396524752309574],[-107.27913064066063,48.39650701295245],[-107.27908374204773,48.39650798188312],[-107.27910974441485,48.39648961399013],[-107.2791224285388,48.396471499166246],[-107.27909480600826,48.39645411948438],[-107.27907410833417,48.39644116018193],[-107.2790212647869,48.39646006578813],[-107.27901462808539,48.396460228068534],[-107.27904314073541,48.39649982187147],[-107.27908276224308,48.39648562477128],[-107.27906388322356,48.396512852702],[-107.27911240202494,48.39654763139076],[-107.27913349682811,48.39656947003273]],[[-107.27912557934692,48.3965428513395],[-107.27910527865352,48.39653877134277],[-107.27911240202494,48.39654763139076],[-107.27912557934692,48.3965428513395]]]]}"
00000000000000002114,684,0,0,0,"{""type"":""MultiPolygon"",""coordinates"":[[[[-107.27901462808539,48.396460228068534],[-107.27900868303048,48.3964781647812],[-107.27904314073541,48.39649982187147],[-107.27901462808539,48.396460228068534]]],[[[-107.27886430248239,48.39624879260458],[-107.27883136270324,48.39626289878658],[-107.27878525848888,48.39628162611267],[-107.27871255652107,48.39630540222071],[-107.27870621442193,48.39631445957781],[-107.27890574573031,48.39642661556999],[-107.27896453428014,48.39638977335458],[-107.27886430248239,48.39624879260458]]]]}"
0000000000000000210c,685,0,0,0,"{""type"":""MultiPolygon"",""coordinates"":[[[[-107.27900868303048,48.3964781647812],[-107.27898956066676,48.39650088152944],[-107.2790164018966,48.39650034379709],[-107.27904314073541,48.39649982187147],[-107.27900868303048,48.3964781647812]]],[[[-107.2790138955311,48.39659421544869],[-107.27900617665294,48.3965720363939],[-107.27897225684197,48.39656378557],[-107.27896591473726,48.39657284298821],[-107.27899359484768,48.3965901354242],[-107.2790138955311,48.39659421544869]]],[[[-107.27870621442193,48.39631445957781],[-107.27868679748384,48.39632828109316],[-107.27866079515097,48.39634664881535],[-107.27860859196477,48.39637894460975],[-107.27880802068998,48.396491116758924],[-107.27884056369979,48.39646813120776],[-107.27890574573031,48.39642661556999],[-107.27870621442193,48.39631445957781]]],[[[-107.279014094042,48.396598655113856],[-107.27916525018846,48.39668055924502],[-107.2791573902632,48.39665385317783],[-107.27913349682811,48.39656947003273],[-107.27906388322356,48.396512852702],[-107.27905744502635,48.396517454643984],[-107.27908531741208,48.396543657983855],[-107.27907233860881,48.396552877690716],[-107.27905931499932,48.39656202588999],[-107.27904633618644,48.39657124559675],[-107.27903375439546,48.39658934463169],[-107.2790138955311,48.39659421544869],[-107.279014094042,48.396598655113856]]]]}"
00000000000000002121,686,0,0,0,"{""type"":""GeometryCollection"",""geometries"":[{""type"":""LineString"",""coordinates"":[[-107.27898665984328,48.39658582052774],[-107.27899355984326,48.39659014995974]]},{""type"":""Polygon"",""coordinates"":[[[-107.27860859196477,48.39637894460975],[-107.27860205137102,48.39638356232356],[-107.27857010375338,48.39641986671363],[-107.27854414612767,48.39643830594578],[-107.27853112250757,48.39644745405413],[-107.27851146221677,48.39645676440715],[-107.27875095415061,48.39656369077574],[-107.27876903943759,48.39651870423289],[-107.27878855886789,48.39650486683509],[-107.27880802068998,48.396491116758924],[-107.27860859196477,48.39637894460975]]]},{""type"":""Polygon"",""coordinates"":[[[-107.27898661241737,48.3965858023458],[-107.27896591473726,48.39657284298821],[-107.27894689470011,48.39659554395571],[-107.27892659403848,48.39659146391643],[-107.27891361520072,48.396600683610984],[-107.27886701116407,48.396610547585475],[-107.2789013279475,48.39662767779025],[-107.2789284125456,48.396631651255625],[-107.27894827142283,48.39662678045253],[-107.27897648947764,48.39665747924223],[-107.27898292770519,48.39665287729282],[-107.27900912871202,48.39663894904249],[-107.27902352914114,48.396661037350164],[-107.27903778867245,48.3966785986701],[-107.27903808330008,48.396687493829084],[-107.27906536651354,48.39669590693088],[-107.27918860575372,48.39675153619903],[-107.27916525018846,48.39668055924502],[-107.279014094042,48.396598655113856],[-107.27901419015433,48.396603110593794],[-107.27897403059994,48.39660390137851],[-107.27898661241737,48.3965858023458]],[[-107.27908482840049,48.396682156747815],[-107.2790921055075,48.39669538498581],[-107.27910512916388,48.396686236758036],[-107.27908482840049,48.396682156747815]],[[-107.27907839017283,48.396686758706565],[-107.27905808941814,48.39668267869044],[-107.27906536651354,48.39669590693088],[-107.27907839017283,48.396686758706565]],[[-107.27896085325814,48.39660868141497],[-107.27896793179407,48.39661746997847],[-107.27897403059994,48.39660390137851],[-107.27896085325814,48.39660868141497]]]}]}"
0000000000000000210f,687,0,0,0,"{""type"":""GeometryCollection"",""geometries"":[{""type"":""Point"",""coordinates"":[-107.27897644902427,48.396657481642414]},{""type"":""Polygon"",""coordinates"":[[[-107.27886701116407,48.396610547585475],[-107.27883476891428,48.39663795706527],[-107.2789013279475,48.39662767779025],[-107.27886701116407,48.396610547585475]]]},{""type"":""Polygon"",""coordinates"":[[[-107.27851146221677,48.39645676440715],[-107.27848029546003,48.396510986289655],[-107.27846771349554,48.396529085234455],[-107.27845513151964,48.396547184184044],[-107.2786869050294,48.3966319317573],[-107.27868650808784,48.39662305241843],[-107.27874505376457,48.39658169901794],[-107.27875095415061,48.39656369077574],[-107.27851146221677,48.39645676440715]]]},{""type"":""Polygon"",""coordinates"":[[[-107.27918860575372,48.39675153619903],[-107.27903808330008,48.396687493829084],[-107.27903872364114,48.39670088435638],[-107.27899836546194,48.39669723548191],[-107.27897256142076,48.39672004309626],[-107.27894596334707,48.396725092006164],[-107.27916417863271,48.396805580481015],[-107.27919622238382,48.39677373112461],[-107.27919602385195,48.3967692914458],[-107.27918860575372,48.39675153619903]]]}]}"
0000000000000000212a,688,0,0,0,"{""type"":""MultiPolygon"",""coordinates"":[[[[-107.27845513151964,48.396547184184044],[-107.27843030681493,48.39659234875416],[-107.27840434903057,48.39661078801216],[-107.2783984036893,48.39662872474495],[-107.27863715979697,48.39671780569488],[-107.27864295785821,48.396699813225545],[-107.27868788458593,48.39665428894076],[-107.2786869050294,48.3966319317573],[-107.27845513151964,48.396547184184044]]],[[[-107.27894596334707,48.396725092006164],[-107.2789195189711,48.39673450907833],[-107.27891868017615,48.396716678864806],[-107.27879770194781,48.396710187520995],[-107.27878487673321,48.39672377538901],[-107.27878615722742,48.396750556473286],[-107.27885295973469,48.396744788391665],[-107.27887989719726,48.39674870618419],[-107.27882769347268,48.396781002354494],[-107.27882793676063,48.39678551354415],[-107.27905966871529,48.39687018900675],[-107.27916431956315,48.39681010748549],[-107.27916417863271,48.396805580481015],[-107.27894596334707,48.396725092006164]],[[-107.27889966003728,48.396739379886725],[-107.27890698187365,48.39675267966261],[-107.27891996076917,48.396743459941234],[-107.27889966003728,48.396739379886725]]]]}"
0000000000000000213b,689,0,0,0,"{""type"":""GeometryCollection"",""geometries"":[{""type"":""LineString"",""coordinates"":[[-107.2787165990628,48.39684574396145],[-107.27875066734714,48.39685845442882]]},{""type"":""Polygon"",""coordinates"":[[[-107.27882793676063,48.39678551354415],[-107.27881692989504,48.396839288937024],[-107.27878935214639,48.39682198055613],[-107.27876206898954,48.396813567354705],[-107.27875066734714,48.39685845442882],[-107.27875066507008,48.396858463393365],[-107.27892124474133,48.396922075291094],[-107.27902034769198,48.39688881008527],[-107.27905966871529,48.39687018900675],[-107.27882793676063,48.39678551354415]],[[-107.27886323332274,48.39682500106658],[-107.27887031186386,48.39683378967276],[-107.27888329079366,48.39682456994146],[-107.27886323332274,48.39682500106658]]]},{""type"":""Polygon"",""coordinates"":[[[-107.2783984036893,48.39662872474495],[-107.27838616092,48.396655790388564],[-107.27834167562688,48.39671026540284],[-107.27856656957964,48.39679066455702],[-107.27857330870803,48.396790486491824],[-107.27858569228009,48.39676794776105],[-107.27860525668021,48.396754181839604],[-107.27862427694548,48.396731480866436],[-107.27863715979697,48.39671780569488],[-107.2783984036893,48.39662872474495]]]}]}"
00000000000000002130,690,0,0,0,"{""type"":""MultiPolygon"",""coordinates"":[[[[-107.27834167562688,48.39671026540284],[-107.27832235443661,48.39672854244741],[-107.27827138589461,48.39678754791719],[-107.27850315995619,48.396872296301154],[-107.27854056687431,48.39680903241526],[-107.27856656957964,48.39679066455702],[-107.27834167562688,48.39671026540284]]],[[[-107.27865156225883,48.39689172829871],[-107.2786601196039,48.396931737804806],[-107.27872805560946,48.39695269527851],[-107.2788483429648,48.39694141212579],[-107.27892124474133,48.396922075291094],[-107.2787166490831,48.39684575693576],[-107.27865652801958,48.39685143418677],[-107.27863028202415,48.39686529089305],[-107.27866420189883,48.396873541882606],[-107.27865156225883,48.39689172829871]],[[-107.27867742413378,48.3968688333689],[-107.27867024324871,48.39686006055549],[-107.27866420189883,48.396873541882606],[-107.27867742413378,48.3968688333689]]]]}"
0000000000000000212e,691,0,0,0,"{""type"":""MultiPolygon"",""coordinates"":[[[[-107.2786601196039,48.396931737804806],[-107.27863465459957,48.39696351215299],[-107.27872805560946,48.39695269527851],[-107.2786601196039,48.396931737804806]]],[[[-107.27827138589461,48.39678754791719],[-107.27825250627346,48.39681477585785],[-107.27822827640493,48.39687325968751],[-107.27842593250803,48.39694531753043],[-107.27845827760282,48.39691789220468],[-107.27847759886356,48.39689961506617],[-107.27849681770955,48.396881353744384],[-107.27850315995619,48.396872296301154],[-107.27827138589461,48.39678754791719]]]]}"
00000000000000002134,692,0,0,0,"{""type"":""Polygon"",""coordinates"":[[[-107.27822827640493,48.39687325968751],[-107.27815792858199,48.39695062968955],[-107.2783625223749,48.397026949431265],[-107.27838184372457,48.397008672272385],[-107.27841315192038,48.39695897692151],[-107.27842593250803,48.39694531753043],[-107.27822827640493,48.39687325968751]]]}"
0000000000000000214c,693,0,0,0,"{""type"":""Polygon"",""coordinates"":[[[-107.27815792858199,48.39695062968955],[-107.27815178466325,48.396964126825274],[-107.27810833551213,48.39704087210056],[-107.27829183516302,48.39709535301396],[-107.27829139352416,48.39708640208511],[-107.2783239372273,48.39706341643491],[-107.2783494985147,48.397036097621985],[-107.2783625223749,48.397026949431265],[-107.27815792858199,48.39695062968955]]]}"
00000000000000002148,694,0,0,0,"{""type"":""Polygon"",""coordinates"":[[[-107.27810833551213,48.39704087210056],[-107.27808999324249,48.397081506596066],[-107.27805160627157,48.3971224132468],[-107.27826234445044,48.39718523624687],[-107.27827428669129,48.39715374644143],[-107.27829183516302,48.39709535301396],[-107.27810833551213,48.39704087210056]]]}"
0000000000000000213f,695,0,0,0,"{""type"":""Polygon"",""coordinates"":[[[-107.27805160627157,48.3971224132468],[-107.27804526389748,48.39713147070591],[-107.27798735690993,48.39718621480405],[-107.27798121289294,48.39719971199094],[-107.27819883120839,48.397266884238476],[-107.27822389987722,48.39722623036863],[-107.27825010137495,48.39721230216313],[-107.27826234445044,48.39718523624687],[-107.27805160627157,48.3971224132468]]]}"
00000000000000002147,696,0,0,0,"{""type"":""Polygon"",""coordinates"":[[[-107.27798121289294,48.39719971199094],[-107.27796843210747,48.397213371393015],[-107.277936329721,48.39724530795123],[-107.27791784640169,48.39728141552592],[-107.27813522171458,48.3973440767735],[-107.27819883120839,48.397266884238476],[-107.27798121289294,48.39719971199094]]]}"
00000000000000002149,697,0,0,0,"{""type"":""Polygon"",""coordinates"":[[[-107.27823427480052,48.397458263918466],[-107.27820689547865,48.39744539490909],[-107.2781859545974,48.397427923926756],[-107.27812485367095,48.39741124339993],[-107.27812263930561,48.39736217596691],[-107.27813522171458,48.3973440767735],[-107.27791784640169,48.39728141552592],[-107.27787419807375,48.39735372143788],[-107.277861071641,48.39736288543628],[-107.27824843170016,48.39747584143756],[-107.27823427480052,48.397458263918466]]]}"
0000000000000000213a,698,0,0,0,"{""type"":""GeometryCollection"",""geometries"":[{""type"":""LineString"",""coordinates"":[[-107.27837525277097,48.39761175650797],[-107.27838215286224,48.39761608597461]]},{""type"":""Polygon"",""coordinates"":[[[-107.27834680069999,48.39757656645682],[-107.27832556521261,48.39755020015503],[-107.27830422735789,48.397523849674734],[-107.2782835295836,48.39751088994484],[-107.27826288942813,48.39749784289005],[-107.27824907173486,48.397489232175666],[-107.27824843170016,48.39747584143756],[-107.277861071641,48.39736288543628],[-107.2778290714577,48.39739480623967],[-107.2778165848817,48.39741736096641],[-107.27780400233331,48.39743546014649],[-107.27780444384764,48.397444411139276],[-107.27837526193666,48.39761177723268],[-107.27834680069999,48.39757656645682]]]}]}"
00000000000000002150,699,0,0,0,"{""type"":""Polygon"",""coordinates"":[[[-107.27838214202794,48.39761612625133],[-107.27780444384764,48.397444411139276],[-107.27780498131942,48.39745781768999],[-107.27778625461782,48.397489414133425],[-107.2777137935158,48.39751770133969],[-107.27839345152972,48.39771861062633],[-107.27839300987388,48.39770965959386],[-107.27841763707066,48.39766005430742],[-107.27838214202794,48.39761612625133]]]}"
000000000000000029d9,700,0,0,0,"{""type"":""MultiPolygon"",""coordinates"":[[[[-107.277443529227,48.39747387253974],[-107.27734939224352,48.39746684197034],[-107.27746530767077,48.39750917421506],[-107.277491509443,48.397495246135534],[-107.277443529227,48.39747387253974]]],[[[-107.2777137935158,48.39751770133969],[-107.27768705431852,48.39751822291457],[-107.27762034702556,48.397528445850895],[-107.27756656794759,48.397525065003286],[-107.27754036615944,48.39753899311146],[-107.2783320560433,48.397844871779384],[-107.2783450354088,48.39783565193506],[-107.27835761792477,48.39781755254928],[-107.2783829813481,48.397785793559414],[-107.27839345152972,48.39771861062633],[-107.2777137935158,48.39751770133969]]]]}"
00000000000000002151,701,0,0,0,"{""type"":""MultiPolygon"",""coordinates"":[[[[-107.27754036615944,48.39753899311146],[-107.27752050690768,48.39754386371643],[-107.27744229807655,48.397594527521974],[-107.27822130243314,48.397918522543016],[-107.27826008702363,48.39788649474655],[-107.27827960730556,48.397872657075894],[-107.27829263148786,48.3978635087431],[-107.2783320560433,48.397844871779384],[-107.27754036615944,48.39753899311146]]],[[[-107.27734939224352,48.39746684197034],[-107.27722797259676,48.397451397559806],[-107.27718810704711,48.39746108292024],[-107.27718830532939,48.39746552266707],[-107.2772579610545,48.39752221394421],[-107.27736050045603,48.39756488650129],[-107.27736649753228,48.39755133355845],[-107.27746530767077,48.39750917421506],[-107.27734939224352,48.39746684197034]]]]}"
00000000000000002157,702,0,0,0,"{""type"":""MultiPolygon"",""coordinates"":[[[[-107.2772579610545,48.39752221394421],[-107.27732835262961,48.39759675157327],[-107.27736050045603,48.39756488650129],[-107.2772579610545,48.39752221394421]]],[[[-107.27744229807655,48.397594527521974],[-107.27742253471277,48.39760385368251],[-107.27740488881228,48.397657791971014],[-107.27740542613242,48.3976711985814],[-107.27746776134886,48.397714589758046],[-107.27808252892434,48.3979659132589],[-107.27814201152967,48.397946845351406],[-107.27818822029693,48.39792810188103],[-107.27822130243314,48.397918522543016],[-107.27744229807655,48.397594527521974]]]]}"
000000000000000029e8,703,0,0,0,"{""type"":""Polygon"",""coordinates"":[[[-107.27746776134886,48.397714589758046],[-107.27765293602513,48.39795657109368],[-107.27769349316573,48.397964660389206],[-107.27772701676976,48.39796403229635],[-107.27781451858345,48.39797122472474],[-107.27786230146444,48.39798815852123],[-107.277882359354,48.39798772758495],[-107.27800888936939,48.3979674034177],[-107.27806930629598,48.39797062179753],[-107.27808252892434,48.3979659132589],[-107.27746776134886,48.397714589758046]]]}"
000000000000000029db,704,0,1,0,"{""type"":""GeometryCollection"",""geometries"":[{""type"":""LineString"",""coordinates"":[[-107.27741253804642,48.39767995371022],[-107.27740543875771,48.397671161959124]]},{""type"":""Polygon"",""coordinates"":[[[-107.27746776134886,48.397714589758046],[-107.27741250435415,48.397679987442345],[-107.27740680148008,48.39770243576465],[-107.27741471773825,48.39772905520876],[-107.27740827922793,48.39773365715309],[-107.27747134721574,48.39794673212458],[-107.2774975941125,48.397932875431145],[-107.27753107281887,48.397932175899335],[-107.27757757581362,48.39792232810717],[-107.2775980750645,48.397930848310004],[-107.27761901579144,48.39794831958894],[-107.27765293602513,48.39795657109368],[-107.27746776134886,48.397714589758046]]]}]}"
000000000000000029da,705,0,0,0,"{""type"":""Polygon"",""coordinates"":[[[-107.27740827922793,48.39773365715309],[-107.27739579231924,48.39775621197679],[-107.27731355304499,48.39771761978793],[-107.27732181173931,48.39760136931285],[-107.27732835262961,48.39759675157327],[-107.2772579610545,48.39752221394421],[-107.27718830532939,48.39746552266707],[-107.27728248610397,48.39777182681548],[-107.27730278684606,48.39777590729017],[-107.27734422635154,48.397801898831055],[-107.27729064536244,48.39780295759125],[-107.2773386222717,48.39797616882322],[-107.27735848174446,48.39797129821078],[-107.27739220353878,48.3979751100258],[-107.2774383099349,48.39795638271836],[-107.27747134721574,48.39794673212458],[-107.27740827922793,48.39773365715309]]]}"
000000000000000029df,706,0,0,0,"{""type"":""MultiPolygon"",""coordinates"":[[[[-107.27729064536244,48.39780295759125],[-107.2771835793496,48.39780953060831],[-107.2771701585195,48.39780979923159],[-107.27719153609064,48.39798805912186],[-107.27723155570702,48.39798274192903],[-107.27727195910326,48.3979864631329],[-107.2773386222717,48.39797616882322],[-107.27729064536244,48.39780295759125]]],[[[-107.27718830532939,48.39746552266707],[-107.27718810704711,48.39746108292024],[-107.27718166857487,48.39746568482531],[-107.27713570349,48.39748893889288],[-107.27715851359821,48.39769834759132],[-107.27716519519083,48.39769825694297],[-107.2771793514953,48.39771583471362],[-107.27723357195119,48.39772816683638],[-107.27723460817911,48.39775043719447],[-107.27722162872995,48.39775965687627],[-107.27728248610397,48.39777182681548],[-107.27718830532939,48.39746552266707]]]]}"
000000000000000029de,707,0,0,0,"{""type"":""GeometryCollection"",""geometries"":[{""type"":""LineString"",""coordinates"":[[-107.2770228249951,48.39751349011389],[-107.2770226257608,48.39750902788741]]},{""type"":""Polygon"",""coordinates"":[[[-107.27702283964223,48.397513504333155],[-107.27702347922495,48.39752689510031],[-107.27703011597949,48.39752673295279],[-107.27702283964223,48.397513504333155]]]},{""type"":""Polygon"",""coordinates"":[[[-107.2771701585195,48.39780979923159],[-107.27711593800642,48.39779746705564],[-107.27704249780196,48.397803396217476],[-107.277050652115,48.397986364530624],[-107.27707749387109,48.397985827311366],[-107.27717821759579,48.397988311935876],[-107.27719153609064,48.39798805912186],[-107.2771701585195,48.39780979923159]]]},{""type"":""Polygon"",""coordinates"":[[[-107.27703011597949,48.39752673295279],[-107.27703055730207,48.397535683969295],[-107.2770237733487,48.397535790419624],[-107.27703256722658,48.397732148636074],[-107.27712503523512,48.397699046981614],[-107.2771517744037,48.397698525562035],[-107.27715851359821,48.39769834759132],[-107.27713570349,48.39748893889288],[-107.27707681659689,48.397521325246196],[-107.27706339588646,48.39752159385009],[-107.27704997517785,48.39752186245205],[-107.27703011597949,48.39752673295279]]]}]}"
000000000000000029dd,708,0,0,0,"{""type"":""MultiPolygon"",""coordinates"":[[[[-107.27697583508646,48.39781369027701],[-107.27690869285175,48.39781049031286],[-107.2769164499995,48.397984579094654],[-107.27699053004419,48.39799204088653],[-107.277050652115,48.397986364530624],[-107.27704249780196,48.397803396217476],[-107.27697583508646,48.39781369027701]]],[[[-107.27698995626733,48.3975275229263],[-107.27702347922495,48.39752689510031],[-107.27702283964223,48.397513504333155],[-107.27694969417179,48.39752832869515],[-107.27691661253364,48.39753790751289],[-107.27688996939348,48.397542884428155],[-107.27689993921248,48.39776604016897],[-107.27692678076596,48.39776550299915],[-107.27695318102599,48.39775601476579],[-107.27697962607759,48.39774659803721],[-107.27701934470578,48.39773685700694],[-107.27703256722658,48.397732148636074],[-107.2770237733487,48.397535790419624],[-107.27699029518033,48.397536489755936],[-107.27698995626733,48.3975275229263]],[[-107.27697697687638,48.397536742535095],[-107.27698405494046,48.397545531409456],[-107.27699029518033,48.397536489755936],[-107.27697697687638,48.397536742535095]]]]}"
000000000000000029e3,709,0,0,0,"{""type"":""MultiPolygon"",""coordinates"":[[[[-107.27683495212035,48.39781199534962],[-107.27677522690504,48.39782655109976],[-107.2767828427848,48.39799611284433],[-107.27688946765113,48.3979805891529],[-107.2769164499995,48.397984579094654],[-107.27690869285175,48.39781049031286],[-107.27683495212035,48.39781199534962]]],[[[-107.27686337105108,48.39754793284647],[-107.27687782775831,48.39756993456285],[-107.27685182411929,48.39758830225611],[-107.27681927954295,48.397611287656105],[-107.2767917028026,48.39759397842622],[-107.27677120409915,48.39758545809134],[-107.27675778340888,48.397585726652366],[-107.27676677406583,48.39778652488936],[-107.27688662083874,48.39776629293846],[-107.27689993921248,48.39776604016897],[-107.27688996939348,48.397542884428155],[-107.27686337105108,48.39754793284647]]]]}"
000000000000000029e2,710,0,0,0,"{""type"":""MultiPolygon"",""coordinates"":[[[[-107.27671024513901,48.39757330366261],[-107.27661704226817,48.3975885584642],[-107.27663330835576,48.397802585466025],[-107.2766599516444,48.39779760859392],[-107.27670685068985,48.39779664081139],[-107.27676677406583,48.39778652488936],[-107.27675778340888,48.397585726652366],[-107.2767243052894,48.39758642589546],[-107.27671024513901,48.39757330366261]],[[-107.27667800115908,48.397600712957264],[-107.2767049383523,48.39760463142891],[-107.2767112810519,48.39759557396969],[-107.27667800115908,48.397600712957264]],[[-107.27671088460546,48.39758669444979],[-107.2767112810519,48.39759557396969],[-107.27672470173913,48.39759530541519],[-107.2767243052894,48.39758642589546],[-107.27671088460546,48.39758669444979]]],[[[-107.27675536756404,48.39783142157517],[-107.27671510523791,48.39783222725619],[-107.27663468303481,48.397833822754166],[-107.27664883925969,48.39799876681866],[-107.27666869868301,48.39799389634791],[-107.27670242016791,48.397997708414366],[-107.27674238204357,48.39799247875077],[-107.2767828427848,48.39799611284433],[-107.27677522690504,48.39782655109976],[-107.27675536756404,48.39783142157517]]]]}"
000000000000000029dc,711,0,0,0,"{""type"":""MultiPolygon"",""coordinates"":[[[[-107.27661704226817,48.3975885584642],[-107.27648323864935,48.3975956519051],[-107.27641009323706,48.397610475877855],[-107.27647310365708,48.39781916709709],[-107.27657992597497,48.3978080835983],[-107.27663330835576,48.397802585466025],[-107.27661704226817,48.3975885584642]]],[[[-107.27663468303481,48.397833822754166],[-107.27654821872467,48.397848899644586],[-107.27648853832298,48.397863526736835],[-107.276535871714,48.39802334776709],[-107.27658891558133,48.398008882715054],[-107.27664883925969,48.39799876681866],[-107.27663468303481,48.397833822754166]]]]}"
000000000000000029f9,712,0,0,0,"{""type"":""MultiPolygon"",""coordinates"":[[[[-107.27648853832298,48.397863526736835],[-107.27646843599919,48.3978638858615],[-107.27640177343976,48.39787417953065],[-107.27633536667189,48.397888825619084],[-107.2764428659897,48.39804304235343],[-107.27648956704542,48.39803763486871],[-107.276535871714,48.39802334776709],[-107.27648853832298,48.397863526736835]]],[[[-107.27641009323706,48.397610475877855],[-107.27634987633243,48.3976116961936],[-107.27621660986058,48.39763219587732],[-107.27617030573734,48.397646482706634],[-107.27616366902107,48.39764664479419],[-107.27630715080046,48.397858125290554],[-107.27633315475452,48.39783975764379],[-107.27639307805411,48.39782964194847],[-107.27647310365708,48.39781916709709],[-107.27641009323706,48.397610475877855]]]]}"
000000000000000029eb,713,0,0,0,"{""type"":""Polygon"",""coordinates"":[[[-107.276215027849,48.39789572175116],[-107.27625474650381,48.39788598100892],[-107.27626777089708,48.39787683294282],[-107.27628119162326,48.397876564447834],[-107.27630715080046,48.397858125290554],[-107.27616366902107,48.39764664479419],[-107.27607749930831,48.39767061654077],[-107.27603767852231,48.397680372975266],[-107.27631731510961,48.39808572230611],[-107.27641622255658,48.39804801919191],[-107.2764428659897,48.39804304235343],[-107.27633536667189,48.397888825619084],[-107.27625558396186,48.39790381167016],[-107.27622230389369,48.397908950534095],[-107.276215027849,48.39789572175116]],[[-107.27622230389369,48.397908950534095],[-107.27620908132391,48.397913658810346],[-107.27621615920829,48.39792244780787],[-107.27622230389369,48.397908950534095]]]}"
000000000000000029f5,714,0,0,0,"{""type"":""Polygon"",""coordinates"":[[[-107.27603767852231,48.397680372975266],[-107.27597795374128,48.3976949281832],[-107.27596497418207,48.39770414768852],[-107.27594604802147,48.39773130417726],[-107.27593346469993,48.397749403238564],[-107.27606937526215,48.397938760314574],[-107.2760756157375,48.39792971864785],[-107.27609611430462,48.397938239189465],[-107.27608353095472,48.3979563383413],[-107.27619810700237,48.39811934461285],[-107.27624460990106,48.39810949743341],[-107.27631731510961,48.39808572230611],[-107.27603767852231,48.397680372975266]]]}"
000000000000000029f6,715,0,0,0,"{""type"":""MultiPolygon"",""coordinates"":[[[[-107.27593346469993,48.397749403238564],[-107.27590799749896,48.39778117740686],[-107.2759532638079,48.397891986203554],[-107.27597332124141,48.39789155567791],[-107.27598718299204,48.39790023831393],[-107.27600060368682,48.39789996985879],[-107.27601392198338,48.39789971721337],[-107.27602734268177,48.397899448754394],[-107.27604076338197,48.397899180293514],[-107.27593346469993,48.397749403238564]]],[[[-107.27604076338197,48.397899180293514],[-107.27604169647402,48.39792146656613],[-107.27601475932305,48.3979175478843],[-107.27599539200095,48.39793575339749],[-107.27596073786695,48.397909654798454],[-107.27595399871804,48.397909832684746],[-107.27604581671781,48.398162545436776],[-107.2761782475524,48.398124214998504],[-107.27619810700237,48.39811934461285],[-107.27608353095472,48.3979563383413],[-107.2760774310143,48.39796990713043],[-107.27601677266942,48.397962176154806],[-107.27600925377558,48.3979444360369],[-107.27606937526215,48.397938760314574],[-107.27604076338197,48.397899180293514]]]]}"
000000000000000029f2,716,0,0,0,"{""type"":""MultiPolygon"",""coordinates"":[[[[-107.27590799749896,48.39778117740686],[-107.2759017570231,48.39779021903757],[-107.27588327181547,48.39782632663752],[-107.27587186433914,48.39787122327667],[-107.27589216466063,48.397875304067504],[-107.27591890360704,48.39787478299475],[-107.2759466779954,48.39789653236739],[-107.2759532638079,48.397891986203554],[-107.27590799749896,48.39778117740686]]],[[[-107.27595399871804,48.397909832684746],[-107.27591403717204,48.39791506200417],[-107.27588803307508,48.3979334295671],[-107.27586202895894,48.3979517971298],[-107.27585528980927,48.39795197500933],[-107.27589859097827,48.39816990663914],[-107.27601263219566,48.39817213988128],[-107.27604581671781,48.398162545436776],[-107.27595399871804,48.397909832684746]]]]}"
000000000000000029f3,717,0,0,0,"{""type"":""Polygon"",""coordinates"":[[[-107.27585528980927,48.39795197500933],[-107.2758484101495,48.39794762577154],[-107.2757091349852,48.39813351592091],[-107.27572963349236,48.398142036574725],[-107.27576419187173,48.39816367974778],[-107.27589859097827,48.39816990663914],[-107.27585528980927,48.39795197500933]]]}"
000000000000000029fe,718,0,0,0,"{""type"":""MultiPolygon"",""coordinates"":[[[[-107.27583140423232,48.3978675887921],[-107.27585156402665,48.39786714248162],[-107.27587186433914,48.39787122327667],[-107.27588327181547,48.39782632663752],[-107.27583140423232,48.3978675887921]]],[[[-107.27582123015088,48.39793919572733],[-107.27577433136392,48.39794016307384],[-107.27574749001133,48.397940699918536],[-107.2755794626856,48.3980824824655],[-107.27560015919067,48.39809544294853],[-107.2757091349852,48.39813351592091],[-107.2758484101495,48.39794762577154],[-107.27582123015088,48.39793919572733]]]]}"
000000000000000029f1,719,0,0,0,"{""type"":""MultiPolygon"",""coordinates"":[[[[-107.27573088053624,48.39786954250126],[-107.27577187730506,48.39788658371856],[-107.27576420524933,48.39786447532604],[-107.27577030526179,48.39785090658175],[-107.27573088053624,48.39786954250126]]],[[[-107.27577030526179,48.39785090658175],[-107.2757981242955,48.39787272750237],[-107.27583140423232,48.3978675887921],[-107.27588327181547,48.39782632663752],[-107.2759017570231,48.39779021903757],[-107.27583573400105,48.39781390314776],[-107.27577030526179,48.39785090658175]]],[[[-107.2757207510659,48.39794122094424],[-107.27568683200509,48.39793296873038],[-107.27569169867886,48.39789268971291],[-107.27546901125575,48.39801318772902],[-107.27547599325334,48.398017521189765],[-107.2754966896645,48.398030481681694],[-107.27553822301434,48.39806092978769],[-107.27557258305666,48.398078133196556],[-107.2755794626856,48.3980824824655],[-107.27574749001133,48.397940699918536],[-107.2757207510659,48.39794122094424]]]]}"
000000000000000029fc,720,0,0,0,"{""type"":""MultiPolygon"",""coordinates"":[[[[-107.27578255006776,48.397823840613654],[-107.27577620716212,48.39783289805555],[-107.27576937233304,48.39782862033183],[-107.27569622674748,48.3978434438305],[-107.2756966677375,48.397852394914665],[-107.27573088053624,48.39786954250126],[-107.27583573400105,48.39781390314776],[-107.27578255006776,48.397823840613654]]],[[[-107.2756374794311,48.397880356651854],[-107.27562308116238,48.39785826727763],[-107.27537085024294,48.39791689848334],[-107.27546213166023,48.39800883845697],[-107.27546901125575,48.39801318772902],[-107.27569169867886,48.39789268971291],[-107.27569145578742,48.39788817841169],[-107.2756374794311,48.397880356651854]]]]}"
000000000000000029ff,721,0,0,0,"{""type"":""MultiPolygon"",""coordinates"":[[[[-107.2757411571485,48.397797919854405],[-107.27569381759012,48.39778993607854],[-107.27568099126735,48.39780352383541],[-107.27568787086967,48.39780787307489],[-107.2757023715705,48.39782994660646],[-107.27569622674748,48.3978434438305],[-107.27576937233304,48.39782862033183],[-107.2757411571485,48.397797919854405]]],[[[-107.27574622183784,48.39776208071732],[-107.27574705905,48.39777991134784],[-107.27578879057089,48.397814798984314],[-107.27578255006776,48.397823840613654],[-107.27583573400105,48.39781390314776],[-107.2759017570231,48.39779021903757],[-107.27590799749896,48.39778117740686],[-107.27593346469993,48.397749403238564],[-107.27594604802147,48.39773130417726],[-107.27574622183784,48.39776208071732]]],[[[-107.27561624635824,48.39785398954036],[-107.27558862558543,48.39783660835631],[-107.27558031461592,48.39780110910401],[-107.2755598163575,48.397792588466466],[-107.27555957348187,48.39778807717299],[-107.27531978626007,48.39782408199302],[-107.27532096175973,48.39785087955215],[-107.27536352977582,48.39790359811334],[-107.27537085024294,48.39791689848334],[-107.27562308116238,48.39785826727763],[-107.27561624635824,48.39785398954036]]]]}"
000000000000000029fd,722,0,0,0,"{""type"":""MultiPolygon"",""coordinates"":[[[[-107.27582325601055,48.39768462062834],[-107.27576947794688,48.397681238739786],[-107.27569589166602,48.397687111132186],[-107.27568945307341,48.397691712959876],[-107.27569716984749,48.39771389279956],[-107.27573142731998,48.397731111855364],[-107.27574622183784,48.39776208071732],[-107.27594604802147,48.39773130417726],[-107.27596497418207,48.39770414768852],[-107.27582325601055,48.39768462062834]]],[[[-107.2755570688384,48.39773011387937],[-107.27555579076073,48.397703332199384],[-107.27529526315385,48.39772630496087],[-107.27530361860826,48.39776187570698],[-107.27531914731048,48.39781069112394],[-107.27531978626007,48.39782408199302],[-107.27555957348187,48.39778807717299],[-107.27555209966583,48.39777040858097],[-107.2755650792929,48.397761189118214],[-107.2755570688384,48.39773011387937]]]]}"
00000000000000002a05,723,0,0,0,"{""type"":""MultiPolygon"",""coordinates"":[[[[-107.27570882034,48.397673507592955],[-107.2757091141417,48.39768240294889],[-107.27569589166602,48.397687111132186],[-107.27576947794688,48.397681238739786],[-107.27570882034,48.397673507592955]]],[[[-107.27532358513662,48.397609624104156],[-107.27531261804535,48.39766347156418],[-107.275287987544,48.39771307614202],[-107.27529526315385,48.39772630496087],[-107.27555579076073,48.397703332199384],[-107.27556031895399,48.39765408649493],[-107.27556012087149,48.397649646723984],[-107.27532358513662,48.397609624104156]]]]}"
000000000000000029d7,724,0,0,0,"{""type"":""MultiPolygon"",""coordinates"":[[[[-107.27573438327641,48.39764618912136],[-107.27572784229432,48.397650806759096],[-107.27572759939694,48.397646295478566],[-107.27572076460935,48.3976420177653],[-107.27571428123206,48.397646548079784],[-107.27570882034,48.397673507592955],[-107.27576947794688,48.397681238739786],[-107.27582325601055,48.39768462062834],[-107.27573438327641,48.39764618912136]]],[[[-107.27539294772916,48.39751005628769],[-107.27538670721593,48.397519097839975],[-107.2753409399107,48.397546790842675],[-107.27532318902874,48.39760074456761],[-107.27532358513662,48.397609624104156],[-107.27556012087149,48.397649646723984],[-107.2755920267543,48.397613270909524],[-107.2755979286798,48.3975952624738],[-107.27539294772916,48.39751005628769]]]]}"
000000000000000029d1,725,0,0,0,"{""type"":""MultiPolygon"",""coordinates"":[[[[-107.27572076460935,48.3976420177653],[-107.27572759939694,48.397646295478566],[-107.2757275036931,48.3976418398979],[-107.27572076460935,48.3976420177653]]],[[[-107.27544300039628,48.39742860651971],[-107.27542264286029,48.3974246129797],[-107.27541069846646,48.397456102645215],[-107.27539840879534,48.397483096870616],[-107.27539294772916,48.39751005628769],[-107.2755979286798,48.3975952624738],[-107.27563558308658,48.39753651001628],[-107.2756818422044,48.397522151968715],[-107.27544300039628,48.39742860651971]],[[-107.27544333893098,48.397437573347766],[-107.27545061456487,48.39745080208596],[-107.27546363887608,48.39744165420549],[-107.27544333893098,48.397437573347766]]],[[[-107.2757275036931,48.3976418398979],[-107.27573438327641,48.39764618912136],[-107.27574101996277,48.397646027064205],[-107.27582325601055,48.39768462062834],[-107.27596497418207,48.39770414768852],[-107.27597795374128,48.3976949281832],[-107.27591528268458,48.39764256912586],[-107.27580463332723,48.39756883557869],[-107.27575031872864,48.39755204707407],[-107.27573035723138,48.397556933117755],[-107.2757275036931,48.3976418398979]]]]}"
000000000000000029d3,726,0,0,0,"{""type"":""MultiPolygon"",""coordinates"":[[[[-107.27576997971734,48.39754273707702],[-107.27575031872864,48.39755204707407],[-107.27580463332723,48.39756883557869],[-107.27576997971734,48.39754273707702]]],[[[-107.27558707873828,48.39734989256758],[-107.27556083212073,48.39736374858097],[-107.27550842843547,48.397391603619],[-107.27546973889265,48.397428085587656],[-107.27544300039628,48.39742860651971],[-107.2756818422044,48.397522151968715],[-107.2756886260578,48.39752204561566],[-107.27572741129244,48.3974900190626],[-107.27558707873828,48.39734989256758]]]]}"
000000000000000029d2,727,0,0,0,"{""type"":""MultiPolygon"",""coordinates"":[[[[-107.27584228746204,48.39751008307619],[-107.2758356059985,48.397510173628994],[-107.27578320214116,48.39753802889758],[-107.27576997971734,48.39754273707702],[-107.27580463332723,48.39756883557869],[-107.27591528268458,48.39764256912586],[-107.27584228746204,48.39751008307619]]],[[[-107.2757184262733,48.39728922170102],[-107.27565953940639,48.397321607064306],[-107.27558707873828,48.39734989256758],[-107.27572741129244,48.3974900190626],[-107.27573384984547,48.39748541725077],[-107.2757540542052,48.39748504248024],[-107.27579323559405,48.39746189543184],[-107.27581309464591,48.39745702519625],[-107.2757184262733,48.39728922170102]]],[[[-107.27565310435128,48.39717884445624],[-107.27563388454416,48.39719710533562],[-107.27556074028614,48.397211928522175],[-107.2755345385629,48.397225856000276],[-107.27555503650991,48.397234376560625],[-107.27556963260957,48.39726090543144],[-107.27560945284957,48.39725114928133],[-107.27561569327217,48.39724210776228],[-107.27564887689357,48.3972325136448],[-107.27565511730567,48.397223472126626],[-107.27567488051264,48.397214146399875],[-107.27565310435128,48.39717884445624]]]]}"
000000000000000029f8,728,0,0,0,"{""type"":""MultiPolygon"",""coordinates"":[[[[-107.27596125047735,48.39747195038488],[-107.27590811179788,48.397481959355325],[-107.27584228746204,48.39751008307619],[-107.27591528268458,48.39764256912586],[-107.27597795374128,48.3976949281832],[-107.27603767852231,48.397680372975266],[-107.27607749930831,48.39767061654077],[-107.27596125047735,48.39747195038488]]],[[[-107.27583763143359,48.39725560058669],[-107.27575848947463,48.39728397673193],[-107.2757316486024,48.39728451355342],[-107.2757184262733,48.39728922170102],[-107.27581309464591,48.39745702519625],[-107.2758985798003,48.397419591525775],[-107.27592502456064,48.39741017515404],[-107.27583763143359,48.39725560058669]]],[[[-107.27574238182815,48.39707431974345],[-107.27571853186761,48.39714184159892],[-107.2756984301005,48.39714220054362],[-107.27565128949344,48.39713865655066],[-107.27565964524796,48.39717422686659],[-107.27565310435128,48.39717884445624],[-107.27567488051264,48.397214146399875],[-107.27568766181687,48.3972004872894],[-107.27578184086788,48.397207591030174],[-107.27580824067265,48.39719810322196],[-107.27574238182815,48.39707431974345]]],[[[-107.27571332996826,48.39702578929353],[-107.27569165625039,48.39699047167104],[-107.27568501968506,48.39699063371974],[-107.27566569759661,48.39700891034911],[-107.27564603690132,48.397018220224275],[-107.27565384924776,48.39704485532145],[-107.27562828673494,48.39707217345312],[-107.27566293978487,48.39709827178996],[-107.2756897805025,48.397097734993416],[-107.27569612327898,48.397088677685254],[-107.27568860469945,48.39707093782463],[-107.27570870642577,48.3970705788835],[-107.27573530423456,48.397065530843335],[-107.27571357286755,48.397030300521585],[-107.27571332996826,48.39702578929353]],[[-107.27570025492624,48.39703055311228],[-107.27570733250295,48.39703934200964],[-107.27571357286755,48.397030300521585],[-107.27570025492624,48.39703055311228]],[[-107.27569253825024,48.39700837355432],[-107.27567985272468,48.397026488143354],[-107.27570025492624,48.39703055311228],[-107.27569253825024,48.39700837355432]]]]}"
000000000000000029e5,729,0,0,0,"{""type"":""MultiPolygon"",""coordinates"":[[[[-107.27572655219988,48.39702108117234],[-107.27571175793365,48.39699011273092],[-107.27569165625039,48.39699047167104],[-107.27571323426007,48.397021333764755],[-107.27572655219988,48.39702108117234]]],[[[-107.27582885319018,48.39690740888212],[-107.27582251047231,48.3969164661668],[-107.27580948639535,48.39692561399995],[-107.27572420053288,48.39696748692759],[-107.27574494133353,48.39698051863119],[-107.27577841855853,48.396979819759764],[-107.2758119405887,48.396979192386205],[-107.27583750294735,48.39695187425721],[-107.2758507251542,48.39694716612609],[-107.27582885319018,48.39690740888212]]],[[[-107.275976996002,48.39722153302414],[-107.27597005884182,48.39721727117334],[-107.27594361422224,48.397226687519854],[-107.27589003486094,48.39722774544673],[-107.275877451716,48.39724584432547],[-107.27583763143359,48.39725560058669],[-107.27592502456064,48.39741017515404],[-107.27594488359594,48.39740530489637],[-107.27599182658454,48.39740440900165],[-107.27605174903402,48.397394293623144],[-107.275976996002,48.39722153302414]]],[[[-107.27603483650309,48.39746607781949],[-107.27600151209018,48.3974711450431],[-107.27598125674346,48.39746713581204],[-107.27596125047735,48.39747195038488],[-107.27607749930831,48.39767061654077],[-107.27616366902107,48.39764664479419],[-107.27617030573734,48.397646482706634],[-107.27609589036115,48.397482688239165],[-107.27606324994359,48.397501217772636],[-107.27604889627209,48.39747920013443],[-107.27604191425793,48.397474866759424],[-107.27603483650309,48.39746607781949]],[[-107.27602849371142,48.397475135214435],[-107.27603567386465,48.39748390834481],[-107.27604191425793,48.397474866759424],[-107.27602849371142,48.397475135214435]]],[[[-107.27572655219988,48.39702108117234],[-107.27572699320801,48.397030032117996],[-107.27571357286755,48.397030300521585],[-107.27573530423456,48.397065530843335],[-107.27574198561071,48.39706544030048],[-107.27574238182815,48.39707431974345],[-107.27577137616329,48.39712293754783],[-107.27580824067265,48.39719810322196],[-107.2758348833848,48.397193126649505],[-107.27584722360892,48.397170516554795],[-107.27590026608445,48.39715605214914],[-107.27594022679746,48.39715082293094],[-107.27585112139981,48.39695604554823],[-107.27583277716948,48.39699667959813],[-107.27579925511606,48.396997306979756],[-107.27577919820405,48.396997737448636],[-107.27575339287962,48.39702054435978],[-107.27572655219988,48.39702108117234]],[[-107.27576047047145,48.3970293332512],[-107.27578032928292,48.39702446306794],[-107.27575339287962,48.39702054435978],[-107.27576047047145,48.3970293332512]],[[-107.27578391450324,48.397104767214955],[-107.27577039841323,48.397100580092584],[-107.27577137616329,48.39712293754783],[-107.27578391450324,48.397104767214955]]]]}"
000000000000000029e4,730,0,0,0,"{""type"":""MultiPolygon"",""coordinates"":[[[[-107.27617454072116,48.39744097663448],[-107.27611461814655,48.39745109210155],[-107.2761154555476,48.39746892262018],[-107.27609589036115,48.397482688239165],[-107.27617030573734,48.397646482706634],[-107.27621660986058,48.39763219587732],[-107.27617454072116,48.39744097663448]]],[[[-107.27612293955474,48.39718739052305],[-107.27611630292412,48.397187552603775],[-107.27611787534376,48.39722322928198],[-107.27609781824188,48.397223659823986],[-107.27606429588853,48.3972242873083],[-107.27600457185308,48.39723884238947],[-107.275976996002,48.39722153302414],[-107.27605174903402,48.397394293623144],[-107.27613128757909,48.39737479665986],[-107.27616491249127,48.397374153334745],[-107.27612293955474,48.39718739052305]]],[[[-107.27606091835366,48.39684922408481],[-107.2760077357573,48.3968591614618],[-107.27599411729796,48.39685499020071],[-107.27596747480752,48.39685996678015],[-107.27594053844602,48.39685604813545],[-107.27591433701983,48.39686997561668],[-107.27588729827568,48.396866072767104],[-107.27586149308662,48.396888879647584],[-107.27584851381798,48.3968980989906],[-107.27583548975056,48.39690724682387],[-107.27582885319018,48.39690740888212],[-107.2758507251542,48.39694716612609],[-107.2758571635996,48.39694256435553],[-107.27585112139981,48.39695604554823],[-107.27594022679746,48.39715082293094],[-107.27595344907988,48.39714611476622],[-107.27597203622433,48.397109991813295],[-107.27599213803252,48.39710963281057],[-107.27600555844134,48.39710936436596],[-107.27605869660798,48.397099355424515],[-107.27607211702252,48.397099086970506],[-107.27608509634337,48.39708986756127],[-107.27610500001197,48.397085068813624],[-107.27606091835366,48.39684922408481]],[[-107.27600203229946,48.396881609370325],[-107.27600910994666,48.39689039821916],[-107.27601545262701,48.396881340927536],[-107.27600203229946,48.396881609370325]],[[-107.27594962940671,48.39690946437716],[-107.27593704640648,48.3969275631521],[-107.27598334957337,48.3969132766518],[-107.27594962940671,48.39690946437716]],[[-107.27595164274327,48.3969540918064],[-107.27595872038661,48.39696288067098],[-107.27596506308993,48.3969538233698],[-107.27595164274327,48.3969540918064]]]]}"
000000000000000029ce,731,0,0,0,"{""type"":""MultiPolygon"",""coordinates"":[[[[-107.2763082028064,48.39742935659754],[-107.27626159836412,48.397439219472325],[-107.27620782035169,48.39743583784323],[-107.27617454072116,48.39744097663448],[-107.27621660986058,48.39763219587732],[-107.27634987633243,48.3976116961936],[-107.2763082028064,48.39742935659754]]],[[[-107.27619628215963,48.3971770066388],[-107.27617622506622,48.397177437196575],[-107.27612293955474,48.39718739052305],[-107.27616491249127,48.397374153334745],[-107.27629911124257,48.397375939884725],[-107.27619555617359,48.39685996172653],[-107.27606082260164,48.396844768572244],[-107.27606091835366,48.39684922408481],[-107.27610500001197,48.397085068813624],[-107.27611154086755,48.39708045120239],[-107.27615760129974,48.39706165334297],[-107.27620430099837,48.39705624613065],[-107.27620494028884,48.39706963679593],[-107.27622174872728,48.39714523276983],[-107.27621614109127,48.397172136348985],[-107.27619628215963,48.3971770066388]],[[-107.27622385814936,48.397194315923294],[-107.27623654355185,48.39717620120863],[-107.27621614109127,48.397172136348985],[-107.27622385814936,48.397194315923294]]]]}"
000000000000000029cc,732,0,0,0,"{""type"":""MultiPolygon"",""coordinates"":[[[[-107.27644156441575,48.397413312439596],[-107.27640764539319,48.39740506056073],[-107.27638144359715,48.3974189883219],[-107.2763082028064,48.39742935659754],[-107.27634987633243,48.3976116961936],[-107.27641009323706,48.397610475877855],[-107.27648323864935,48.3975956519051],[-107.27644156441575,48.397413312439596]]],[[[-107.27639772326009,48.397181977714595],[-107.27637191799856,48.397204784868904],[-107.27634370254756,48.397174084933894],[-107.27632988570781,48.397165473974255],[-107.27630904869073,48.397147986825836],[-107.27628697785266,48.39710378983258],[-107.27626422295933,48.39704613069806],[-107.27630325037812,48.39701861544206],[-107.27633736717505,48.39703130702337],[-107.27636376687077,48.39702181909669],[-107.27636337050107,48.39701293966887],[-107.27635609453758,48.396999711116635],[-107.27624879643433,48.396849936923005],[-107.2762089765208,48.39685969325634],[-107.27619555617359,48.39685996172653],[-107.27629911124257,48.397375939884725],[-107.27631242939279,48.397375687204125],[-107.27643291382547,48.39736884675556],[-107.27639772326009,48.397181977714595]]]]}"
000000000000000029ee,733,0,0,0,"{""type"":""GeometryCollection"",""geometries"":[{""type"":""LineString"",""coordinates"":[[-107.2767035803404,48.39757340486002],[-107.27671028108048,48.3975732722019]]},{""type"":""LineString"",""coordinates"":[[-107.27664140877052,48.3973825903211],[-107.2766412095705,48.39737812809333]]},{""type"":""Polygon"",""coordinates"":[[[-107.27636337050107,48.39701293966887],[-107.27636376687077,48.39702181909669],[-107.27637044828421,48.39702172850927],[-107.27636337050107,48.39701293966887]]]},{""type"":""Polygon"",""coordinates"":[[[-107.27669192014409,48.397461943037484],[-107.27670548140082,48.39746620155921],[-107.27669796219611,48.39744846166789],[-107.27669152370052,48.39745306353966],[-107.27669192014409,48.397461943037484]]]},{""type"":""Polygon"",""coordinates"":[[[-107.27649156434856,48.39718011396014],[-107.27645214041668,48.39719874992111],[-107.27643827873078,48.397190067464614],[-107.27639772326009,48.397181977714595],[-107.27643291382547,48.39736884675556],[-107.27645301587285,48.39736848764866],[-107.27657178039155,48.397325914571304],[-107.27659842332119,48.3973209377698],[-107.27649156434856,48.39718011396014]]]},{""type"":""Polygon"",""coordinates"":[[[-107.27669152370052,48.39745306353966],[-107.27669132547871,48.397448623791306],[-107.27664143445615,48.39738260618896],[-107.27646854617502,48.397417302479596],[-107.27644156441575,48.397413312439596],[-107.27648323864935,48.3975956519051],[-107.27661704226817,48.3975885584642],[-107.27670356360164,48.397573394277714],[-107.27665612779353,48.397560955450224],[-107.27665592957679,48.39755651569269],[-107.27668856996505,48.39753798593952],[-107.27667514930374,48.39753825448803],[-107.27662176728879,48.397543752607056],[-107.27665431185245,48.39752076730332],[-107.27663297559668,48.39749441642608],[-107.276571479904,48.397468855347945],[-107.2765912432192,48.3974595293872],[-107.27661636437094,48.39742325980113],[-107.27663730414469,48.39744073115191],[-107.27669152370052,48.39745306353966]],[[-107.276622310623,48.39740532288847],[-107.2766229500604,48.39741871363483],[-107.27663592944391,48.39740949409441],[-107.276622310623,48.39740532288847]],[[-107.27663592319865,48.397561330416835],[-107.27664978509112,48.397570012900005],[-107.27665612779353,48.397560955450224],[-107.27663592319865,48.397561330416835]]]}]}"
000000000000000029e0,734,0,0,0,"{""type"":""MultiPolygon"",""coordinates"":[[[[-107.27635609453758,48.396999711116635],[-107.27636337050107,48.39701293966887],[-107.27637044828421,48.39702172850927],[-107.27638367052762,48.397017020297774],[-107.27635609453758,48.396999711116635]]],[[[-107.27657724700659,48.39714711962188],[-107.27652420440863,48.39716158440176],[-107.27649156434856,48.39718011396014],[-107.27659842332119,48.3973209377698],[-107.27666468852263,48.39730176462138],[-107.27672397159121,48.39727825812767],[-107.27675680994207,48.397264168187064],[-107.27657724700659,48.39714711962188]]],[[[-107.27701551851287,48.39750020420626],[-107.27699364475154,48.39746044686092],[-107.27697884908117,48.39742947839517],[-107.27695063278543,48.39739877853047],[-107.27681938634976,48.39731207074579],[-107.2767934787287,48.39733489388015],[-107.2767603972854,48.39734447260449],[-107.27673399733646,48.39735396070387],[-107.27672057673544,48.39735422925627],[-107.27669427917982,48.39736370153441],[-107.2766808585809,48.39736397008127],[-107.2766411914436,48.397378094936336],[-107.27669132547871,48.397448623791306],[-107.27671064753365,48.39743034680606],[-107.27674446436127,48.397438614389024],[-107.27669796219611,48.39744846166789],[-107.27670548140082,48.39746620155921],[-107.27671222052167,48.39746602362242],[-107.27672544293618,48.39746131532039],[-107.2767457433247,48.39746539589793],[-107.27680482843186,48.397437449528375],[-107.27685900334282,48.39744971030714],[-107.27686608135515,48.39745849917717],[-107.27691322311895,48.397462042566346],[-107.27690064023882,48.39748014165175],[-107.2769808636431,48.39747410620659],[-107.27688883752364,48.39751615858238],[-107.27686126079564,48.397498849402986],[-107.27684253346243,48.39753044570287],[-107.27686337105108,48.39754793284647],[-107.27688996939348,48.397542884428155],[-107.27691661253364,48.39753790751289],[-107.27690913799643,48.39752023912749],[-107.27694969417179,48.39752832869515],[-107.2769564781184,48.39752822225024],[-107.27702283964223,48.397513504333155],[-107.27702264138046,48.39750906458147],[-107.27701551851287,48.39750020420626]],[[-107.2767831532111,48.39740213191769],[-107.27677037207738,48.39741579122109],[-107.27678452803848,48.39743336896557],[-107.27682351093739,48.39740578178185],[-107.2767831532111,48.39740213191769]]]]}"
000000000000000029e1,735,0,0,0,"{""type"":""MultiPolygon"",""coordinates"":[[[[-107.27687296636076,48.39731101228279],[-107.27683216743274,48.397298411463694],[-107.27681938634976,48.39731207074579],[-107.27695063278543,48.39739877853047],[-107.27687296636076,48.39731101228279]]],[[[-107.27655075123546,48.397004788268305],[-107.27653752899322,48.39700949650168],[-107.27654504804036,48.39702723626364],[-107.27657144774099,48.397017748280525],[-107.27655075123546,48.397004788268305]]],[[[-107.27666823629782,48.39708279775546],[-107.27662945193153,48.39711482442174],[-107.27657724700659,48.39714711962188],[-107.27675680994207,48.397264168187064],[-107.27682243555941,48.397231604252134],[-107.27685478153418,48.397204179296516],[-107.27666823629782,48.39708279775546]]],[[[-107.27628915327278,48.39685358699623],[-107.2762818773672,48.39684035847641],[-107.27624879643433,48.396849936923005],[-107.27635609453758,48.396999711116635],[-107.27638367052762,48.397017020297774],[-107.27640319061106,48.39700318323859],[-107.27642265308137,48.39698943350055],[-107.27648331021476,48.39699716410987],[-107.27644379068947,48.39701134447346],[-107.27649800945117,48.39702367689126],[-107.2765237697382,48.397000798275585],[-107.27652991414553,48.39698730122225],[-107.27631559763059,48.39684417062712],[-107.27630969616341,48.39686217884186],[-107.27629647397872,48.39686688702805],[-107.27628915327278,48.39685358699623]],[[-107.27628325179255,48.396871595212865],[-107.27629057249877,48.39688489524961],[-107.27629647397872,48.39686688702805],[-107.27628325179255,48.396871595212865]]]]}"
000000000000000029ef,736,0,0,0,"{""type"":""MultiPolygon"",""coordinates"":[[[[-107.27637876748697,48.39675802908587],[-107.27635826941483,48.396749508780374],[-107.27634548843467,48.396763167856385],[-107.2763723291033,48.396762630873894],[-107.27637876748697,48.39675802908587]]],[[[-107.27677972375211,48.39702699614105],[-107.27676030611205,48.39704081746958],[-107.27671420090714,48.39705954410042],[-107.27669487906515,48.397077820954],[-107.27667482192,48.397078251616314],[-107.27666823629782,48.39708279775546],[-107.27685478153418,48.397204179296516],[-107.27689336765614,48.3971677127617],[-107.27693889104498,48.39713550800812],[-107.27677972375211,48.39702699614105]]],[[[-107.2763723291033,48.396762630873894],[-107.27636622949014,48.39677619936959],[-107.27633978518055,48.396785615739425],[-107.27635477819568,48.396821023648656],[-107.27632203603243,48.396839568835404],[-107.27631559763059,48.39684417062712],[-107.27652991414553,48.39698730122225],[-107.2765356173402,48.39696485324462],[-107.27654937658734,48.396973551463375],[-107.27656987486552,48.39698207175865],[-107.27657715091975,48.39699530028803],[-107.27655075123546,48.397004788268305],[-107.27657144774099,48.397017748280525],[-107.27659764922214,48.39700382058026],[-107.27658919668748,48.39696379496349],[-107.27662271899187,48.39696316730045],[-107.27663569820433,48.39695394784308],[-107.276655358832,48.39694463777842],[-107.27638564704323,48.39676237819139],[-107.2763723291033,48.396762630873894]]]]}"
0000000000000000210a,737,0,0,0,"{""type"":""MultiPolygon"",""coordinates"":[[[[-107.27685055961453,48.396958649417996],[-107.27681187130943,48.39699513159951],[-107.27677972375211,48.39702699614105],[-107.27693889104498,48.39713550800812],[-107.27699005974695,48.397080942527836],[-107.27702948351323,48.39706230639159],[-107.27703602431669,48.397057688720736],[-107.27685055961453,48.396958649417996]]],[[[-107.27651340554684,48.396768766257985],[-107.27641725756682,48.39671710755273],[-107.2764118483497,48.39674845061282],[-107.27639021872822,48.39671320485821],[-107.27635826941483,48.396749508780374],[-107.27637876748697,48.39675802908587],[-107.27638564704323,48.39676237819139],[-107.276655358832,48.39694463777842],[-107.27668156025163,48.3969307100759],[-107.27670722457779,48.396903375939345],[-107.27672752466111,48.39690745648581],[-107.27672162335367,48.39692546474317],[-107.27676104696376,48.39690682877524],[-107.2765617226792,48.39679910679352],[-107.27655504129217,48.39679919739318],[-107.27653414670299,48.39678179773377],[-107.27650706297501,48.3967778235606],[-107.27651340554684,48.396768766257985]],[[-107.27669994848128,48.39689014744366],[-107.27668696929948,48.396899366897905],[-107.27670722457779,48.396903375939345],[-107.27669994848128,48.39689014744366]],[[-107.27645264635832,48.39676105150376],[-107.27646006951854,48.396774335686914],[-107.27647304867702,48.39676511628549],[-107.27645264635832,48.39676105150376]],[[-107.27648720423376,48.3967826938697],[-107.27648086165465,48.39679175117315],[-107.2765282005451,48.39679973442905],[-107.27650706297501,48.3967778235606],[-107.27648720423376,48.3967826938697]]]]}"
0000000000000000213c,738,0,0,0,"{""type"":""MultiPolygon"",""coordinates"":[[[[-107.27665290928789,48.39673922507316],[-107.2765617226792,48.39679910679352],[-107.27676104696376,48.39690682877524],[-107.27676748535393,48.3969022269486],[-107.27681099404063,48.39682539510851],[-107.27665290928789,48.39673922507316]]],[[[-107.27694130515975,48.396889816328],[-107.27688246402579,48.396922273683465],[-107.27685055961453,48.396958649417996],[-107.27703602431669,48.397057688720736],[-107.27705544192305,48.397043867333],[-107.27708154750907,48.397025483970964],[-107.27711398906823,48.39700251456265],[-107.27712701304146,48.3969933665422],[-107.27694130515975,48.396889816328]]],[[[-107.27653213264054,48.396737170479184],[-107.2765123697271,48.396746496291385],[-107.27651807287926,48.396724048417155],[-107.27645721795757,48.396711878170784],[-107.27644301764815,48.39669422909532],[-107.27641617700904,48.39669476609611],[-107.27641705937333,48.39671266786431],[-107.27641725756682,48.39671710755273],[-107.27651340554684,48.396768766257985],[-107.27651276613683,48.396755375673266],[-107.27654594940901,48.39674578134247],[-107.276551454333,48.396718893778754],[-107.27653213264054,48.396737170479184]]]]}"
0000000000000000214d,739,0,0,0,"{""type"":""Polygon"",""coordinates"":[[[-107.27673018302805,48.39666627702123],[-107.27673038126004,48.39667071670418],[-107.27667753755723,48.39668962110725],[-107.27669887345104,48.396715971586445],[-107.27665197577895,48.39671693931069],[-107.27665290928789,48.39673922507316],[-107.27681099404063,48.39682539510851],[-107.27684957975448,48.39678892886041],[-107.27687779552282,48.39681962841736],[-107.27688457933436,48.396819521982366],[-107.27696106813977,48.39688049040089],[-107.27694130515975,48.396889816328],[-107.27712701304146,48.3969933665422],[-107.27713999221274,48.396984147012574],[-107.27715955695697,48.39697038132088],[-107.27718629560897,48.39696985991189],[-107.27719927476524,48.396960640378715],[-107.27722571923891,48.3969512237374],[-107.27724523915398,48.39693738652856],[-107.27673018302805,48.39666627702123]],[[-107.27696529366794,48.396826821557504],[-107.27693181616155,48.39682752084738],[-107.27693889409329,48.396836309611636],[-107.27696529366794,48.396826821557504]]]}"
0000000000000000213d,740,0,0,0,"{""type"":""Polygon"",""coordinates"":[[[-107.2767592351406,48.39656744420646],[-107.27676980458564,48.39665208082884],[-107.27672954353619,48.396652886465745],[-107.27673018302805,48.39666627702123],[-107.27724523915398,48.39693738652856],[-107.27725826308935,48.39692823850247],[-107.2773037860309,48.39689603373192],[-107.2773163685433,48.39687793480114],[-107.27732939244903,48.396868786776345],[-107.2767592351406,48.39656744420646]],[[-107.27699690375094,48.39678155068475],[-107.27698328505804,48.39677737957577],[-107.27699056126056,48.39679060801937],[-107.27699690375094,48.39678155068475]]]}"
00000000000000002137,741,0,0,0,"{""type"":""Polygon"",""coordinates"":[[[-107.27676853088045,48.3964734660937],[-107.27675648544309,48.3965049711429],[-107.2767592351406,48.39656744420646],[-107.27732939244903,48.396868786776345],[-107.27735495403721,48.39684146831986],[-107.27739364186608,48.39680498603688],[-107.27740642262532,48.39679132681641],[-107.27676853088045,48.3964734660937]],[[-107.27707225835402,48.39666843063381],[-107.27708567875635,48.396668162040775],[-107.27707860080626,48.39665937331549],[-107.27707225835402,48.39666843063381]],[[-107.27707225835402,48.39666843063381],[-107.27705903622554,48.39667313890636],[-107.2770662165691,48.39668191182312],[-107.27707225835402,48.39666843063381]]]}"
00000000000000002139,742,0,0,0,"{""type"":""Polygon"",""coordinates"":[[[-107.27680456466663,48.39637896686382],[-107.27678617684089,48.39641952911735],[-107.27676853088045,48.3964734660937],[-107.27740642262532,48.39679132681641],[-107.2774190050612,48.39677322790965],[-107.2774638879798,48.3967276326006],[-107.2774764703709,48.39670953370906],[-107.27680456466663,48.39637896686382]]]}"
00000000000000002136,743,0,0,0,"{""type"":""Polygon"",""coordinates"":[[[-107.27691339573086,48.39626514857896],[-107.2768296848289,48.396342697981396],[-107.27680456466663,48.39637896686382],[-107.2774764703709,48.39670953370906],[-107.27748871370184,48.3966824681398],[-107.27752115483396,48.39665949875251],[-107.27754052100512,48.39664129339642],[-107.27691339573086,48.39626514857896]]]}"
000000000000000029c3,744,0,0,0,"{""type"":""Polygon"",""coordinates"":[[[-107.27729676523728,48.39628876549804],[-107.27710962708768,48.396154067931576],[-107.27707010845788,48.39616824830596],[-107.27693251878802,48.39624243232649],[-107.27691339573086,48.39626514857896],[-107.27754052100512,48.39664129339642],[-107.27756628065809,48.396618414681356],[-107.27759228342066,48.39660004715081],[-107.27761248769623,48.39659967199804],[-107.27729676523728,48.39628876549804]]]}"
00000000000000002138,745,0,0,0,"{""type"":""Polygon"",""coordinates"":[[[-107.27729676523728,48.39628876549804],[-107.27761248769623,48.39659967199804],[-107.27761912432534,48.39659950981585],[-107.27765874586066,48.396585313275374],[-107.27772309036209,48.39652596815551],[-107.27773601813564,48.39651236466241],[-107.27729676523728,48.39628876549804]]]}"
00000000000000002133,746,0,0,0,"{""type"":""Polygon"",""coordinates"":[[[-107.2772109855675,48.39616994298497],[-107.27713626924671,48.396149091109805],[-107.27710962708768,48.396154067931576],[-107.27729676523728,48.39628876549804],[-107.27773601813564,48.39651236466241],[-107.27782656338744,48.39643909170258],[-107.2772109855675,48.39616994298497]]]}"
00000000000000002132,747,0,0,0,"{""type"":""Polygon"",""coordinates"":[[[-107.2772109855675,48.39616994298497],[-107.27782656338744,48.39643909170258],[-107.27787832534432,48.39639784547083],[-107.27790285605683,48.39634378608507],[-107.27790929428222,48.39633918423468],[-107.2772109855675,48.39616994298497]],[[-107.27758550344063,48.39629648711044],[-107.27757188476484,48.39629231612232],[-107.27757272291115,48.396310146222255],[-107.27758550344063,48.39629648711044]]]}"
00000000000000002950,748,0,0,0,"{""type"":""Polygon"",""coordinates"":[[[-107.27719319650562,48.396071991628354],[-107.27718665589673,48.39607660921969],[-107.27717407365127,48.39609470785499],[-107.27718793523988,48.39610339002967],[-107.27720209102772,48.39612096728482],[-107.27714851255251,48.39612202586874],[-107.27714890912604,48.39613090513994],[-107.27714944638673,48.39614431136974],[-107.27713626924671,48.396149091109805],[-107.2772109855675,48.39616994298497],[-107.27790929428222,48.39633918423468],[-107.27792841698418,48.39631646776159],[-107.27792802022317,48.39630758846747],[-107.27795348512448,48.39627581469958],[-107.27795240360838,48.39625347346923],[-107.27719319650562,48.396071991628354]],[[-107.27764257105548,48.39622391412156],[-107.27760885071514,48.39622010248257],[-107.27761637024312,48.396237841886176],[-107.27764257105548,48.39622391412156]],[[-107.27724151371049,48.39610233142428],[-107.27722121388605,48.39609825104133],[-107.27722849008438,48.39611147929871],[-107.27724151371049,48.39610233142428]]]}"
00000000000000002122,749,0,0,0,"{""type"":""Polygon"",""coordinates"":[[[-107.27775828620035,48.39610997296444],[-107.2777456017445,48.39612808749402],[-107.27772633832,48.39614627689465],[-107.27761086784143,48.39611289672897],[-107.27760924909941,48.396077149348365],[-107.27742609577217,48.39603163455885],[-107.27733840063843,48.39602000228587],[-107.27731834393042,48.396020433062844],[-107.27730492372987,48.396020701679966],[-107.27728555784918,48.39603890676954],[-107.27727096063454,48.396012378794936],[-107.27725070564489,48.39600836993188],[-107.27724422265017,48.39601290020118],[-107.27721108477233,48.396022566133915],[-107.27719319650562,48.396071991628354],[-107.27795240360838,48.39625347346923],[-107.27797034872515,48.39620396036363],[-107.27798887615779,48.39616792503271],[-107.27775828620035,48.39610997296444]],[[-107.27728005356398,48.396065794016536],[-107.27725979854276,48.39606178515219],[-107.27726707475213,48.396075013397315],[-107.27728005356398,48.396065794016536]]]}"
00000000000000002116,750,0,0,0,"{""type"":""MultiPolygon"",""coordinates"":[[[[-107.27760069309038,48.39603714035551],[-107.27742609577217,48.39603163455885],[-107.27760924909941,48.396077149348365],[-107.27760069309038,48.39603714035551]]],[[[-107.27778202973614,48.39604246782333],[-107.27778247126305,48.39605141858229],[-107.27778340548738,48.396073704037754],[-107.27777082345068,48.39609180274489],[-107.27775828620035,48.39610997296444],[-107.27798887615779,48.39616792503271],[-107.27799457838508,48.39614547733766],[-107.27801399532885,48.39613165600933],[-107.27801718882169,48.396051247025504],[-107.27778202973614,48.39604246782333]]]]}"
0000000000000000211e,751,0,0,0,"{""type"":""MultiPolygon"",""coordinates"":[[[[-107.27778498053284,48.39595754784389],[-107.27779250011947,48.395975287144964],[-107.27777981572832,48.39599340163173],[-107.27778085234915,48.39601567125011],[-107.27778138984466,48.396029077441476],[-107.27778183137158,48.396038028198184],[-107.27778202973614,48.39604246782333],[-107.27801718882169,48.396051247025504],[-107.27802637884443,48.395957285597326],[-107.27778498053284,48.39595754784389]]],[[[-107.27740358242166,48.39597848802152],[-107.27739610784985,48.395960820191064],[-107.2774090866054,48.39595160081401],[-107.27735550825786,48.395952659506705],[-107.27732930762349,48.395966587117776],[-107.27733545158272,48.39595309028585],[-107.27728831146014,48.395949547162324],[-107.27728914947669,48.395967377153504],[-107.27730290866992,48.39597607510321],[-107.27727646491384,48.39598549157551],[-107.27725070564489,48.39600836993188],[-107.27727096063454,48.396012378794936],[-107.27727076233207,48.39600793916965],[-107.27732404648913,48.3959979854612],[-107.27733840063843,48.39602000228587],[-107.27742609577217,48.39603163455885],[-107.27760069309038,48.39603714035551],[-107.27759995731893,48.396019294534895],[-107.27761907995945,48.395996578261055],[-107.27761863847205,48.39598762750955],[-107.27763810018338,48.3959738778063],[-107.27763736439177,48.395956032007625],[-107.27754332693166,48.39595345716873],[-107.27753074485825,48.39597155580459],[-107.27751658891266,48.39595397865104],[-107.27746290810502,48.39595505321783],[-107.27746310643128,48.39595949283771],[-107.27740358242166,48.39597848802152]],[[-107.2774635030838,48.39596837207857],[-107.27747672496001,48.395963663818954],[-107.27746310643128,48.39595949283771],[-107.2774635030838,48.39596837207857]],[[-107.27739060365543,48.39598770740275],[-107.27738534256457,48.39601910576087],[-107.27742496344342,48.39600490948775],[-107.27739060365543,48.39598770740275]],[[-107.27734410318617,48.39599755468352],[-107.27733038876616,48.3959889282445],[-107.27732404648913,48.3959979854612],[-107.27734410318617,48.39599755468352]]]]}"
00000000000000002115,752,0,0,0,"{""type"":""MultiPolygon"",""coordinates"":[[[[-107.27801674719014,48.39589046442747],[-107.27801610720923,48.39587707408757],[-107.27801566562253,48.39586812336046],[-107.27777431271761,48.39586845707156],[-107.27776914792467,48.39590431079867],[-107.27778498053284,48.39595754784389],[-107.27802637884443,48.395957285597326],[-107.27802593725625,48.39594833485683],[-107.27801674719014,48.39589046442747]]],[[[-107.27754332693166,48.39595345716873],[-107.27763736439177,48.395956032007625],[-107.27764262526962,48.395924633678234],[-107.27764188947432,48.395906787896166],[-107.2776410512833,48.395888957932726],[-107.27764041144066,48.39587556758721],[-107.27764011713921,48.39586667255099],[-107.27751255826402,48.395864725668666],[-107.2775129549299,48.39587360489322],[-107.27749913809234,48.39586499431138],[-107.27728428137046,48.39586029416362],[-107.27728511938741,48.395878124125],[-107.27724569695731,48.39589675991875],[-107.27727297865684,48.395905173442955],[-107.27728673782224,48.39591387138554],[-107.27728831146014,48.395949547162324],[-107.27733545158272,48.39595309028585],[-107.2773350101646,48.39594413953859],[-107.27735550825786,48.395952659506705],[-107.2774090866054,48.39595160081401],[-107.27741542885859,48.395942543600164],[-107.27746861057129,48.39593260563747],[-107.27746290810502,48.39595505321783],[-107.27751658891266,48.39595397865104],[-107.27751634578279,48.39594946752436],[-107.27754332693166,48.39595345716873]],[[-107.27752853118363,48.395922489663945],[-107.27752956765309,48.39594475925928],[-107.27754214971648,48.39592666063292],[-107.27752853118363,48.395922489663945]],[[-107.27750926781636,48.395940678949536],[-107.27749604594797,48.395945387211405],[-107.27751634578279,48.39594946752436],[-107.27750926781636,48.395940678949536]],[[-107.27737202085858,48.3958719979699],[-107.27736627355644,48.39589437401248],[-107.2773925189306,48.395880517919146],[-107.27737202085858,48.3958719979699]],[[-107.27736101246774,48.39592577231429],[-107.27736809038488,48.39593456089882],[-107.27738131224667,48.395929852655684],[-107.27736101246774,48.39592577231429]],[[-107.27730541911531,48.39588220448007],[-107.27731249700766,48.395890993062146],[-107.27732571885224,48.39588628483093],[-107.27730541911531,48.39588220448007]],[[-107.2775134923302,48.39588701105281],[-107.27750071194104,48.395900670046686],[-107.27752819211314,48.39591352311135],[-107.27755419435347,48.39589515584693],[-107.2775134923302,48.39588701105281]]]]}"
0000000000000000211a,753,0,0,0,"{""type"":""MultiPolygon"",""coordinates"":[[[[-107.2777502247565,48.39577963512345],[-107.27774427931672,48.39579757153894],[-107.27777229707182,48.39582383064679],[-107.27777283456852,48.39583723678999],[-107.27777387119036,48.395859506343264],[-107.27777431271761,48.39586845707156],[-107.27801566562253,48.39586812336046],[-107.27801492964302,48.395850277604815],[-107.27801841744187,48.395778764063685],[-107.2777502247565,48.39577963512345]]],[[[-107.27751255826402,48.395864725668666],[-107.27764011713921,48.39586667255099],[-107.27763947729649,48.39585328221105],[-107.27763863910522,48.39583545226548],[-107.27769167997667,48.39582098727385],[-107.27767688412183,48.39579001987147],[-107.27765614281923,48.39577698888811],[-107.27742142793763,48.39577715949461],[-107.27740156966367,48.395782029889446],[-107.27740137134366,48.39577759028405],[-107.2773142717624,48.395779276843804],[-107.27730881235055,48.39580623546718],[-107.2772835457486,48.39584244839593],[-107.27728428137046,48.39586029416362],[-107.27749913809234,48.39586499431138],[-107.27747839685398,48.395851963269735],[-107.27749815923723,48.395842637428686],[-107.27751255826402,48.395864725668666]],[[-107.27750956407506,48.39579774236984],[-107.27751664201779,48.395806530921696],[-107.2775365451125,48.3958017320076],[-107.27750956407506,48.39579774236984]],[[-107.2775377799272,48.39582844116081],[-107.27751010147584,48.39581114851038],[-107.2775111827347,48.39583348956705],[-107.2775377799272,48.39582844116081]],[[-107.27742958705866,48.39580828909865],[-107.27743032275299,48.39582613485198],[-107.27745696472397,48.39582115797667],[-107.27742958705866,48.39580828909865]],[[-107.2774163652408,48.395812997336606],[-107.27740210702511,48.39579543602764],[-107.27740318821812,48.395817777080616],[-107.2774163652408,48.395812997336606]],[[-107.27738328512689,48.39582257596847],[-107.27739684598728,48.395826834271915],[-107.27740318821812,48.395817777080616],[-107.27738328512689,48.39582257596847]],[[-107.27751157940068,48.39584236878641],[-107.2775111827347,48.39583348956705],[-107.27749776257453,48.39583375820914],[-107.27749815923723,48.395842637428686],[-107.27751157940068,48.39584236878641]]]]}"
00000000000000002111,754,0,0,0,"{""type"":""MultiPolygon"",""coordinates"":[[[[-107.27777323216567,48.39569428470057],[-107.27776708838836,48.395707781490394],[-107.27773380997158,48.395712920624305],[-107.27775548550504,48.39574823689494],[-107.27775612539259,48.3957616272066],[-107.2777502247565,48.39577963512345],[-107.27801841744187,48.395778764063685],[-107.2780148271275,48.39569846212429],[-107.27802052923936,48.39567601462809],[-107.27777323216567,48.39569428470057]]],[[[-107.2773142717624,48.395779276843804],[-107.27740137134366,48.39577759028405],[-107.27741371026829,48.39575498062086],[-107.27744119028087,48.39576783367934],[-107.27742142793763,48.39577715949461],[-107.27765614281923,48.39577698888811],[-107.27764926318761,48.395772639955716],[-107.2776484249894,48.39575481003734],[-107.27765973366955,48.395705459628964],[-107.27727858172769,48.395730910242165],[-107.27727878003304,48.39573534984431],[-107.27729377377976,48.395770756891785],[-107.27731407345303,48.39577483723819],[-107.2773142717624,48.395779276843804]],[[-107.2773339317152,48.39576996686238],[-107.277319775961,48.395752389741396],[-107.27731407345303,48.39577483723819],[-107.2773339317152,48.39576996686238]]]]}"
00000000000000002992,755,0,0,0,"{""type"":""MultiPolygon"",""coordinates"":[[[[-107.27778262096773,48.39560476350239],[-107.27779245052224,48.39567602394441],[-107.27777323216567,48.39569428470057],[-107.27802052923936,48.39567601462809],[-107.27803881312045,48.39563546855582],[-107.27803665633257,48.39558631543407],[-107.27778262096773,48.39560476350239]]],[[[-107.27727170217726,48.39572656128444],[-107.27726378631395,48.39569994281729],[-107.27726884912296,48.395664105056404],[-107.2772419130894,48.395660186855835],[-107.27721644825704,48.39569196006699],[-107.27725808378699,48.39572239028918],[-107.27727170217726,48.39572656128444]]],[[[-107.27727858172769,48.395730910242165],[-107.27765973366955,48.395705459628964],[-107.2776716757363,48.39567397077588],[-107.2776504418386,48.39564760522456],[-107.27767560563841,48.39561140815451],[-107.27726113157452,48.395641926214324],[-107.27731028638175,48.39569009564046],[-107.27727170217726,48.39572656128444],[-107.27727858172769,48.395730910242165]]]]}"
000000000000000029bd,756,0,0,0,"{""type"":""Polygon"",""coordinates"":[[[-107.2780271654874,48.395524021629846],[-107.2780260839014,48.395501680716826],[-107.27802598789805,48.39549722532507],[-107.27726388511579,48.39555256727425],[-107.27720544288944,48.39559390313641],[-107.27719275844402,48.395612017417626],[-107.27722603664343,48.395606878486255],[-107.2772476156117,48.39563773941119],[-107.27726113157452,48.395641926214324],[-107.27767560563841,48.39561140815451],[-107.2776753624867,48.395606897057725],[-107.27765466607782,48.3955939376233],[-107.27762709009438,48.39557662926812],[-107.2777594673201,48.395538227225074],[-107.27777332894146,48.39554690922399],[-107.27778262096773,48.39560476350239],[-107.27803665633257,48.39558631543407],[-107.2780271654874,48.395524021629846]],[[-107.27760679042221,48.39557254900293],[-107.27759337034307,48.395572817655],[-107.27759376703271,48.39558169683005],[-107.27760679042221,48.39557254900293]]]}"
0000000000000000211d,757,0,0,0,"{""type"":""Polygon"",""coordinates"":[[[-107.27799619735232,48.39543085145238],[-107.27799491738733,48.39540407100638],[-107.27799482138681,48.395399615622686],[-107.27738825023387,48.39548309201261],[-107.27732178990655,48.39549782534322],[-107.27726388511579,48.39555256727425],[-107.27802598789805,48.39549722532507],[-107.27799619735232,48.39543085145238]]]}"
0000000000000000211b,758,0,0,0,"{""type"":""Polygon"",""coordinates"":[[[-107.27798031975327,48.39537754346566],[-107.27796576693804,48.395351087441895],[-107.27790953333985,48.39529413023893],[-107.27738825023387,48.39548309201261],[-107.27799482138681,48.395399615622686],[-107.27798031975327,48.39537754346566]]]}"
000000000000000029bc,759,0,0,0,"{""type"":""Polygon"",""coordinates"":[[[-107.27786755825406,48.39525473411468],[-107.27785138654794,48.395192531354496],[-107.277851188169,48.395188091800556],[-107.27734066924567,48.39547059826436],[-107.27732178990655,48.39549782534322],[-107.27738825023387,48.39548309201261],[-107.27790953333985,48.39529413023893],[-107.27786755825406,48.39525473411468]]]}"
00000000000000002109,760,0,0,0,"{""type"":""Polygon"",""coordinates"":[[[-107.27782951279383,48.39515277591817],[-107.27770692240352,48.39511053649562],[-107.27734681310083,48.39545710155977],[-107.27734066924567,48.39547059826436],[-107.277851188169,48.395188091800556],[-107.27782951279383,48.39515277591817]]]}"
00000000000000002989,761,0,0,0,"{""type"":""Polygon"",""coordinates"":[[[-107.27764562737394,48.39508941673406],[-107.27760463184909,48.39507237717741],[-107.2775841341075,48.395063857394035],[-107.27740525722295,48.39526393560918],[-107.27734681310083,48.39545710155977],[-107.27770692240352,48.39511053649562],[-107.27764562737394,48.39508941673406]]]}"
0000000000000000298c,762,0,0,0,"{""type"":""Polygon"",""coordinates"":[[[-107.27757735056679,48.39506396386805],[-107.27752971878651,48.395047086452664],[-107.27744217934938,48.395039822470935],[-107.27738092955963,48.3950187740637],[-107.27735522218862,48.39504603586409],[-107.27740525722295,48.39526393560918],[-107.2775841341075,48.395063857394035],[-107.27757735056679,48.39506396386805]]]}"
0000000000000000298e,763,0,0,0,"{""type"":""Polygon"",""coordinates"":[[[-107.27735522218862,48.39504603586409],[-107.27734214784265,48.395050799711804],[-107.27727504859887,48.39505214272637],[-107.27722166993246,48.39505764083752],[-107.27732178990655,48.39549782534322],[-107.27734066924567,48.39547059826436],[-107.27734681310083,48.39545710155977],[-107.27740525722295,48.39526393560918],[-107.27735522218862,48.39504603586409]]]}"
0000000000000000211c,764,0,0,0,"{""type"":""Polygon"",""coordinates"":[[[-107.27722166993246,48.39505764083752],[-107.27719502855862,48.39506261756129],[-107.27709431273874,48.39506013289026],[-107.27708787470897,48.39506473457083],[-107.27720544288944,48.39559390313641],[-107.27726388511579,48.39555256727425],[-107.27732178990655,48.39549782534322],[-107.27722166993246,48.39505764083752]],[[-107.27725804109085,48.395271298250194],[-107.27721036457294,48.39525434910277],[-107.27722496149183,48.395280876717294],[-107.27725804109085,48.395271298250194]]]}"
00000000000000002994,765,0,0,0,"{""type"":""Polygon"",""coordinates"":[[[-107.27708787470897,48.39506473457083],[-107.27702181180827,48.39508834665492],[-107.276982191968,48.39510254249173],[-107.27694935561864,48.39511663188794],[-107.27715967853925,48.395621595931175],[-107.27719275844402,48.395612017417626],[-107.27720544288944,48.39559390313641],[-107.27708787470897,48.39506473457083]]]}"
00000000000000002106,766,0,0,0,"{""type"":""Polygon"",""coordinates"":[[[-107.27694035759752,48.39536686137369],[-107.27709287906822,48.39562736263779],[-107.27715299732162,48.3956216865661],[-107.27715967853925,48.395621595931175],[-107.27694935561864,48.39511663188794],[-107.27691490114098,48.39509497452668],[-107.27681428142665,48.39509694491723],[-107.27678798552724,48.39510641677841],[-107.27691892628158,48.39533605622003],[-107.27694714114747,48.395366754943794],[-107.27694035759752,48.39536686137369]],[[-107.27701939956874,48.395334029996604],[-107.27699914502591,48.395330021120174],[-107.27700622272963,48.39533880963865],[-107.27701939956874,48.395334029996604]],[[-107.27694714114747,48.395366754943794],[-107.27695441710917,48.3953799830466],[-107.27700715650555,48.39536109481546],[-107.27696616127783,48.39534405489224],[-107.2769537775092,48.395366592818064],[-107.27694714114747,48.395366754943794]]]}"
00000000000000002120,767,0,0,0,"{""type"":""MultiPolygon"",""coordinates"":[[[[-107.27652787466079,48.39483908323614],[-107.27648785869508,48.39484439973035],[-107.27654585979893,48.39494147204718],[-107.27654522034064,48.394928081922345],[-107.27656964904796,48.39487404016686],[-107.27658105447345,48.39482914601808],[-107.27652787466079,48.39483908323614]]],[[[-107.27694035759752,48.39536686137369],[-107.2769268418162,48.39536267454243],[-107.27689272606995,48.39534998354049],[-107.27687316220134,48.39536374873776],[-107.27686058012438,48.395381847086014],[-107.27683501942916,48.395409164641286],[-107.27682887543247,48.39542266130462],[-107.27695254140725,48.39563907385146],[-107.27696596141935,48.395638805290226],[-107.27709287906822,48.39562736263779],[-107.27694035759752,48.39536686137369]],[[-107.27688132075716,48.39539487816152],[-107.27688859669453,48.39540810627691],[-107.2768949389315,48.39539904919005],[-107.27688132075716,48.39539487816152]]],[[[-107.27678798552724,48.39510641677841],[-107.2767682235329,48.395115742334966],[-107.27673514413057,48.39512532060061],[-107.27666062875122,48.39510890824826],[-107.27664057268038,48.39510933886031],[-107.2767927452268,48.395365344161654],[-107.27679952876576,48.39536523774246],[-107.27685212747092,48.395341822711764],[-107.2768581690509,48.3953283418796],[-107.27691892628158,48.39533605622003],[-107.27678798552724,48.39510641677841]]]]}"
0000000000000000211f,768,0,0,0,"{""type"":""MultiPolygon"",""coordinates"":[[[[-107.27682887543247,48.39542266130462],[-107.27681609506614,48.395436320088066],[-107.27678291297043,48.39544591424689],[-107.2767302182611,48.395464873895065],[-107.27670357666888,48.39546985052613],[-107.27669669727516,48.395465501544564],[-107.27677710953736,48.39561573694674],[-107.27695254140725,48.39563907385146],[-107.27682887543247,48.39542266130462]]],[[[-107.27664057268038,48.39510933886031],[-107.27660739090528,48.39511893289164],[-107.27657387027637,48.3951195604852],[-107.27657927898726,48.39508821838543],[-107.27655106472952,48.395057519698504],[-107.27655042527164,48.395044129544594],[-107.27654113534531,48.394986275701626],[-107.27654585979893,48.39494147204718],[-107.27648785869508,48.39484439973035],[-107.27636792603276,48.39486017448001],[-107.2766525113331,48.39537703903344],[-107.27668632630088,48.39538530636593],[-107.27670844169539,48.39542957335775],[-107.27678178108772,48.395419189450216],[-107.27674034472612,48.39539319874753],[-107.2767592691034,48.395366043337255],[-107.2767927452268,48.395365344161654],[-107.27664057268038,48.39510933886031]]]]}"
000000000000000029cb,769,0,0,0,"{""type"":""GeometryCollection"",""geometries"":[{""type"":""LineString"",""coordinates"":[[-107.27664557999273,48.39537273035402],[-107.27665247963111,48.39537705993305]]},{""type"":""Polygon"",""coordinates"":[[[-107.27636792603276,48.39486017448001],[-107.27635450638795,48.39486044294455],[-107.27649285423303,48.395407025729234],[-107.27653975016644,48.395406058150435],[-107.27655317003541,48.395405789651626],[-107.27658669091613,48.39540516205554],[-107.27661977055917,48.39539558378465],[-107.276645529572,48.39537270586653],[-107.27636792603276,48.39486017448001]]]},{""type"":""Polygon"",""coordinates"":[[[-107.27669669727516,48.395465501544564],[-107.27668263786572,48.395452379810344],[-107.27662296138104,48.39546700622999],[-107.27659695927096,48.39548537309188],[-107.27656978062264,48.39547694361397],[-107.27652918210448,48.39546878262739],[-107.2765094646937,48.39547817970686],[-107.27652445749894,48.39551358672756],[-107.2766003482619,48.39556123525065],[-107.27675685492461,48.39561172799988],[-107.27677710953736,48.39561573694674],[-107.27669669727516,48.395465501544564]]]}]}"
000000000000000029be,770,0,0,0,"{""type"":""MultiPolygon"",""coordinates"":[[[[-107.2765094646937,48.39547817970686],[-107.27649009890466,48.39549638444881],[-107.27652445749894,48.39551358672756],[-107.2765094646937,48.39547817970686]]],[[[-107.27635450638795,48.39486044294455],[-107.27622852551985,48.39489416937094],[-107.2763590586881,48.395414118502735],[-107.2763857001836,48.395409141974795],[-107.27641243748846,48.395408620830445],[-107.27648617310206,48.395407116315255],[-107.27649285423303,48.395407025729234],[-107.27635450638795,48.39486044294455]]]]}"
000000000000000029d0,771,0,0,0,"{""type"":""Polygon"",""coordinates"":[[[-107.27622852551985,48.39489416937094],[-107.27617568448055,48.39491307280138],[-107.27609497513745,48.394905772698564],[-107.27618397533355,48.39524791682868],[-107.27621057188577,48.395242868861246],[-107.2762103737072,48.395238429294665],[-107.27624448886225,48.39525112052722],[-107.27621882559568,48.39527845366719],[-107.27619228661577,48.3952834143227],[-107.27622604320099,48.39543912824251],[-107.27623946303737,48.39543885978815],[-107.27626586155407,48.39542937220134],[-107.2763324171933,48.39541909502373],[-107.2763590586881,48.395414118502735],[-107.27622852551985,48.39489416937094]]]}"
000000000000000029cf,772,0,0,0,"{""type"":""Polygon"",""coordinates"":[[[-107.27609161618186,48.3952810000832],[-107.27605843430936,48.39529059395838],[-107.27609224788588,48.3954462206431],[-107.27612552567912,48.39544108211895],[-107.2761656827597,48.395440292604135],[-107.27620594224979,48.39543948726119],[-107.27622604320099,48.39543912824251],[-107.27619228661577,48.3952834143227],[-107.27617910981002,48.395288193846],[-107.27617075374792,48.395252624839976],[-107.27618397533355,48.39524791682868],[-107.27609497513745,48.394905772698564],[-107.27601411871449,48.39489841682991],[-107.27596859793657,48.39493061972953],[-107.27605057708438,48.39526388826431],[-107.27607067790701,48.39526352928256],[-107.27610439665254,48.39526734143318],[-107.27609161618186,48.3952810000832]],[[-107.27610439665254,48.39526734143318],[-107.27613767428554,48.39526220292612],[-107.27611049603883,48.39525377334344],[-107.27610439665254,48.39526734143318]]]}"
000000000000000029cd,773,0,0,0,"{""type"":""Polygon"",""coordinates"":[[[-107.27605843430936,48.39529059395838],[-107.27601233137663,48.3953093195809],[-107.2759768420959,48.3952653924255],[-107.27603041866598,48.39526433455988],[-107.27605057708438,48.39526388826431],[-107.27596859793657,48.39493061972953],[-107.27596191692925,48.39493071027518],[-107.27592903593177,48.3949447277668],[-107.27585392752013,48.39491499618466],[-107.27583406985998,48.39491986616145],[-107.27591692317503,48.39527550726441],[-107.27592366184142,48.39527532940171],[-107.27593761841028,48.395288467025374],[-107.27591776053761,48.39529333705892],[-107.27595865086505,48.395457752440464],[-107.27597177012906,48.395453060249125],[-107.27599860974145,48.39545252341092],[-107.27609224788588,48.3954462206431],[-107.27605843430936,48.39529059395838]]]}"
000000000000000029c8,774,0,0,0,"{""type"":""MultiPolygon"",""coordinates"":[[[[-107.27583406985998,48.39491986616145],[-107.27576780922371,48.39493903776597],[-107.27570735416346,48.394935746446684],[-107.27577585342095,48.395269371007096],[-107.27591692317503,48.39527550726441],[-107.27583406985998,48.39491986616145]]],[[[-107.27591776053761,48.39529333705892],[-107.27589799841145,48.39530266247259],[-107.27586516186142,48.39531675155636],[-107.2757912863857,48.395313728682716],[-107.27582519448877,48.39547381095791],[-107.27583861428074,48.39547354256047],[-107.27585871517184,48.395473183619885],[-107.27591863439466,48.395463068772145],[-107.27595865086505,48.395457752440464],[-107.27591776053761,48.39529333705892]]]]}"
000000000000000029c9,775,0,0,0,"{""type"":""MultiPolygon"",""coordinates"":[[[[-107.27570735416346,48.394935746446684],[-107.27570057078249,48.39493585278395],[-107.2756749406137,48.39526244523968],[-107.2756949965632,48.395262014830934],[-107.27577585342095,48.395269371007096],[-107.27570735416346,48.394935746446684]]],[[[-107.2757912863857,48.395313728682716],[-107.27573760748729,48.3953148022248],[-107.27567061129753,48.39531612829893],[-107.27566416380174,48.39547256036802],[-107.27571804100407,48.39547592644758],[-107.2757515616509,48.39547529914782],[-107.2757985530369,48.395478787335435],[-107.27582519448877,48.39547381095791],[-107.2757912863857,48.395313728682716]]]]}"
000000000000000029c2,776,0,0,0,"{""type"":""MultiPolygon"",""coordinates"":[[[[-107.27568051500857,48.39493628318678],[-107.27557402795735,48.3952555193634],[-107.27566152092152,48.39526271361069],[-107.2756749406137,48.39526244523968],[-107.27570057078249,48.39493585278395],[-107.27568051500857,48.39493628318678]]],[[[-107.27565070864173,48.39532092677192],[-107.27555613831007,48.39530494387784],[-107.27550869634716,48.3954443353104],[-107.2755287971518,48.39544397644121],[-107.27557642745204,48.39546085501104],[-107.27566416380174,48.39547256036802],[-107.27567061129753,48.39531612829893],[-107.27565070864173,48.39532092677192]]]]}"
000000000000000029c6,777,0,0,0,"{""type"":""MultiPolygon"",""coordinates"":[[[[-107.27558550459574,48.39491134982125],[-107.27555866549318,48.39491188652575],[-107.27545754245509,48.39519970880926],[-107.27549907282376,48.395230155392845],[-107.27553298936203,48.395238407318985],[-107.27554704811158,48.395251529185465],[-107.27557402795735,48.3952555193634],[-107.27568051500857,48.39493628318678],[-107.27558550459574,48.39491134982125]]],[[[-107.27554939966409,48.39530512171434],[-107.27552202360431,48.395292252376805],[-107.27548122789868,48.39527965137933],[-107.27542784970105,48.395285148505984],[-107.27537430771842,48.395438107926424],[-107.27540778341715,48.39543740924294],[-107.27546814336843,48.39543624536969],[-107.27550869634716,48.3954443353104],[-107.27555613831007,48.39530494387784],[-107.27554939966409,48.39530512171434]]]]}"
000000000000000029c1,778,0,0,0,"{""type"":""MultiPolygon"",""coordinates"":[[[[-107.27544399582966,48.39489626247827],[-107.27533549446873,48.3951708721898],[-107.27542977036157,48.395177960336085],[-107.27545754245509,48.39519970880926],[-107.27555866549318,48.39491188652575],[-107.27544399582966,48.39489626247827]]],[[[-107.27540769140327,48.39528559466809],[-107.27535293952269,48.39525985591099],[-107.27530560343563,48.39525187223563],[-107.27525108359129,48.39538247475463],[-107.27526450326856,48.39538220644069],[-107.27526543597831,48.395404491679564],[-107.27529305480633,48.395421872213724],[-107.27532073126929,48.395439165426744],[-107.27536088800527,48.39543837625688],[-107.27537430771842,48.395438107926424],[-107.27542784970105,48.395285148505984],[-107.27540769140327,48.39528559466809]]]]}"
000000000000000029c5,779,0,0,0,"{""type"":""MultiPolygon"",""coordinates"":[[[[-107.27529892241803,48.39525196273601],[-107.27527802950718,48.395234563265475],[-107.27516389588823,48.395232344831406],[-107.27511728974694,48.39538956575346],[-107.27525108359129,48.39538247475463],[-107.27530560343563,48.39525187223563],[-107.27529892241803,48.39525196273601]]],[[[-107.27532873218746,48.39486731967077],[-107.27528139661064,48.39485933602929],[-107.27519895411825,48.39511549171548],[-107.2752054370471,48.395110961661956],[-107.27522632984336,48.39512836111088],[-107.27523935330296,48.395119213680424],[-107.2752661924651,48.39511867706147],[-107.27529292924277,48.3951181562447],[-107.27531362403411,48.39513111611304],[-107.27533431884423,48.395144075979594],[-107.27532134017586,48.39515329493483],[-107.27532217724988,48.39517112470102],[-107.27533549446873,48.3951708721898],[-107.27544399582966,48.39489626247827],[-107.27532873218746,48.39486731967077]]]]}"
000000000000000029c4,780,0,0,0,"{""type"":""MultiPolygon"",""coordinates"":[[[[-107.27506996540987,48.395229751681896],[-107.27502262957053,48.39522176786542],[-107.2749963216063,48.39538306953164],[-107.27503647814333,48.39538228050316],[-107.2750904504307,48.39539010233746],[-107.27510387008793,48.395389834046426],[-107.27511728974694,48.39538956575346],[-107.27516389588823,48.395232344831406],[-107.27506996540987,48.395229751681896]]],[[[-107.27516692563205,48.39484815118954],[-107.27507309177236,48.39485001338635],[-107.27502735583788,48.39517696404195],[-107.27510167122993,48.39518893816234],[-107.27512108808921,48.395175117668195],[-107.27516134684551,48.39517431278532],[-107.27518080847781,48.395160563791094],[-107.27516006895756,48.39514753237771],[-107.27517963296665,48.39513376758129],[-107.27519895411825,48.39511549171548],[-107.27528139661064,48.39485933602929],[-107.27516692563205,48.39484815118954]],[[-107.27516503788996,48.39510723968263],[-107.27517211497754,48.39511602831509],[-107.275185138438,48.39510688089406],[-107.27516503788996,48.39510723968263]],[[-107.27513863965285,48.39511672690281],[-107.27514571673366,48.39512551553893],[-107.2751586954099,48.395116296611995],[-107.27513863965285,48.39511672690281]]]]}"
000000000000000029ca,781,0,0,0,"{""type"":""MultiPolygon"",""coordinates"":[[[[-107.2750092099858,48.39522203614245],[-107.27496905363421,48.395222825152466],[-107.27490849633057,48.395219549119055],[-107.27488175958867,48.39522006982899],[-107.27486125043109,48.39536337964195],[-107.27495572424591,48.395374907865566],[-107.27498290196682,48.39538333780719],[-107.2749963216063,48.39538306953164],[-107.27502262957053,48.39522176786542],[-107.2750092099858,48.39522203614245]]],[[[-107.27495940045416,48.39485674527689],[-107.27493300240974,48.39486623239116],[-107.27491790376386,48.39497819927758],[-107.27495255423511,48.395004296911914],[-107.27495319310556,48.39501768708134],[-107.27498140551214,48.39504838626123],[-107.27495593985788,48.39508015853015],[-107.27497643640484,48.39508867890681],[-107.27496405180258,48.39511121648957],[-107.27497761176845,48.39511547510019],[-107.27496439025614,48.39512018293203],[-107.27495136676822,48.39512933032612],[-107.27489759298686,48.395125948003226],[-107.274892968974,48.39517073597154],[-107.27491990370515,48.39517465482734],[-107.27493194990811,48.39514315077415],[-107.27494492861324,48.395133931872316],[-107.27494654479173,48.39516967873094],[-107.2750139362687,48.39517723231901],[-107.27502735583788,48.39517696404195],[-107.27507309177236,48.39485001338635],[-107.27495940045416,48.39485674527689]]]]}"
000000000000000029c7,782,0,0,0,"{""type"":""MultiPolygon"",""coordinates"":[[[[-107.27474713002158,48.39520933046807],[-107.27472662038474,48.395352640235615],[-107.27478697976159,48.39535147680646],[-107.27484763280636,48.3953592083142],[-107.27486125043109,48.39536337964195],[-107.27488175958867,48.39522006982899],[-107.27474713002158,48.39520933046807]]],[[[-107.27489338293704,48.39488042729869],[-107.27487996349443,48.39488069555234],[-107.27486654405362,48.394880963804084],[-107.27485322700535,48.39488121624462],[-107.2748539614665,48.3948990617389],[-107.27482859824572,48.39493081807482],[-107.27489612960038,48.39494289859078],[-107.27491790376386,48.39497819927758],[-107.27493300240974,48.39486623239116],[-107.27489338293704,48.39488042729869]]],[[[-107.2748641177503,48.39512664649325],[-107.27484401726022,48.39512700521336],[-107.27478940674162,48.39510579306708],[-107.27479550648705,48.39509222509274],[-107.27476773506035,48.3950704764552],[-107.27476891027123,48.39509727264588],[-107.27477564882454,48.395097094867126],[-107.27476267011565,48.39510631373984],[-107.27475833956449,48.395159996632245],[-107.27479849575822,48.39515920771518],[-107.274892968974,48.39517073597154],[-107.27489759298686,48.395125948003226],[-107.2748641177503,48.39512664649325]]]]}"
000000000000000029d4,783,0,0,0,"{""type"":""MultiPolygon"",""coordinates"":[[[[-107.27471024423646,48.39483490798487],[-107.27469923277509,48.39488868105727],[-107.27471225619804,48.39487953374024],[-107.27473825824046,48.394861167598364],[-107.2747630850454,48.394816005393494],[-107.27471024423646,48.39483490798487]]],[[[-107.27467969395198,48.39520170517537],[-107.2746120599765,48.39518964026371],[-107.27459897197397,48.39534623395963],[-107.2746462052631,48.39535423381656],[-107.27472662038474,48.395352640235615],[-107.27474713002158,48.39520933046807],[-107.27467969395198,48.39520170517537]]],[[[-107.27476065810804,48.39506168779708],[-107.27474016167413,48.39505316737586],[-107.27472039964506,48.395062492503],[-107.27468815728218,48.39508989979986],[-107.27466048155289,48.39507260649931],[-107.27468668174521,48.39505867986012],[-107.27463944879591,48.395050680058766],[-107.27466501020943,48.39502336325259],[-107.27462519259156,48.395033118537825],[-107.27461756583696,48.39516275357098],[-107.2746245471666,48.39516708687906],[-107.27465128379731,48.395166566244],[-107.27466470331106,48.39516629801903],[-107.27467812282663,48.39516602979213],[-107.274691542344,48.39516576156331],[-107.27475833956449,48.395159996632245],[-107.27476267011565,48.39510631373984],[-107.27476222932012,48.395097363107],[-107.27476891027123,48.39509727264588],[-107.27476773506035,48.3950704764552],[-107.27476065810804,48.39506168779708]]]]}"
00000000000000002991,784,0,0,0,"{""type"":""MultiPolygon"",""coordinates"":[[[[-107.27459844247933,48.395185468911],[-107.27447806969323,48.39519229073712],[-107.27446454042331,48.395339933759644],[-107.27454495535912,48.3953383403358],[-107.27459897197397,48.39534623395963],[-107.2746120599765,48.39518964026371],[-107.27459844247933,48.395185468911]]],[[[-107.2745620877513,48.394971810419506],[-107.27454877071342,48.394972062818034],[-107.2745426261299,48.394985559239565],[-107.27453535128656,48.394972331023645],[-107.2745080717036,48.39496391681596],[-107.27450207428922,48.39497746893202],[-107.27449475467618,48.39496416920671],[-107.2744880161668,48.394964346964215],[-107.27448471990579,48.39504029900741],[-107.2744981393501,48.39504003080808],[-107.2746222036259,48.39496613606051],[-107.2745620877513,48.394971810419506]]],[[[-107.27461163274847,48.395028859880945],[-107.27453853806794,48.395043753074106],[-107.27452005345734,48.3950798585388],[-107.27450747067222,48.39509795650073],[-107.27450776422498,48.39510685143739],[-107.27450860090156,48.3951246812052],[-107.27452235872467,48.39513337945026],[-107.27453621894739,48.39514206188551],[-107.27457623464922,48.39513674618074],[-107.27459706941512,48.39515423310281],[-107.27461756583696,48.39516275357098],[-107.27462539057831,48.39503755809547],[-107.27461163274847,48.395028859880945]],[[-107.27460529018771,48.39503791676255],[-107.27461915040926,48.39504659917034],[-107.27462539057831,48.39503755809547],[-107.27460529018771,48.39503791676255]],[[-107.2745391767852,48.395057143260075],[-107.27454625366684,48.395065931935555],[-107.27455923238311,48.395056713098846],[-107.2745391767852,48.395057143260075]]]]}"
00000000000000002996,785,0,0,0,"{""type"":""MultiPolygon"",""coordinates"":[[[[-107.27443137301489,48.395197696845514],[-107.2743434409479,48.3951815507956],[-107.27433054980543,48.39534258404339],[-107.27445136362746,48.39534471305093],[-107.27446454042331,48.395339933759644],[-107.27447806969323,48.39519229073712],[-107.27443137301489,48.395197696845514]]],[[[-107.27439418268744,48.39496620849275],[-107.27438066771789,48.39496202131438],[-107.27437408238507,48.39496656710876],[-107.27437452308673,48.39497551772383],[-107.27435466552605,48.39498038739803],[-107.2743457605877,48.39508324190294],[-107.27448471990579,48.39504029900741],[-107.2744880161668,48.394964346964215],[-107.27439418268744,48.39496620849275]],[[-107.27445714675947,48.39502298985059],[-107.27446422360953,48.3950317785273],[-107.27447724711027,48.3950226312156],[-107.27445714675947,48.39502298985059]],[[-107.27445060620754,48.39502760716357],[-107.27442342902097,48.39501917711411],[-107.27441732917944,48.39503274504869],[-107.27445060620754,48.39502760716357]],[[-107.27440390974928,48.39503301323635],[-107.27441772510228,48.395041624166424],[-107.27441732917944,48.39503274504869],[-107.27440390974928,48.39503301323635]],[[-107.27437496378838,48.3949844683404],[-107.27438223856346,48.394997696573185],[-107.27439521727118,48.394988477770625],[-107.27437496378838,48.3949844683404]]]]}"
000000000000000029d5,786,0,0,0,"{""type"":""MultiPolygon"",""coordinates"":[[[[-107.27432338532803,48.39518198091337],[-107.27428352280866,48.39519166458071],[-107.27421632993818,48.395188550033886],[-107.2742096937986,48.39518871196446],[-107.27419572285046,48.39532740428767],[-107.27431713027525,48.39534285222302],[-107.27433054980543,48.39534258404339],[-107.2743434409479,48.3951815507956],[-107.27432338532803,48.39518198091337]]],[[[-107.2742681068634,48.39499547703678],[-107.27427498570489,48.39499982616783],[-107.27426220492305,48.39501348451405],[-107.27424858758089,48.39500931312162],[-107.27422868522483,48.39501411126502],[-107.27422406046648,48.39505889912619],[-107.27423777336827,48.3950675258965],[-107.27423841197432,48.39508091609325],[-107.27425236761842,48.395094053937136],[-107.27427920648178,48.39509351760157],[-107.2743127262699,48.39509289082977],[-107.2743457605877,48.39508324190294],[-107.27435466552605,48.39498038739803],[-107.27434788223515,48.39498049363765],[-107.27435422482937,48.39497143678193],[-107.2742681068634,48.39499547703678]]]]}"
000000000000000029d6,787,0,0,0,"{""type"":""MultiPolygon"",""coordinates"":[[[[-107.27422868522483,48.39501411126502],[-107.27420838699577,48.39501003028866],[-107.2742029256859,48.39503698839512],[-107.27422342186526,48.39504550893474],[-107.27422868522483,48.39501411126502]]],[[[-107.27422342186526,48.39504550893474],[-107.27420365982421,48.39505483395464],[-107.27421064105428,48.39505916728654],[-107.27422406046648,48.39505889912619],[-107.27422342186526,48.39504550893474]]],[[[-107.27414206035306,48.39517664671164],[-107.2740951211112,48.39517754157078],[-107.27408848498202,48.39517770349269],[-107.27404167701884,48.395330484246],[-107.27411530823598,48.395328997410914],[-107.27414882817895,48.39532837068957],[-107.27416888384124,48.395327940605966],[-107.27418230334494,48.395327672447785],[-107.27419572285046,48.39532740428767],[-107.2742096937986,48.39518871196446],[-107.27414206035306,48.39517664671164]]]]}"
000000000000000029b9,788,0,0,0,"{""type"":""Polygon"",""coordinates"":[[[-107.27406164611183,48.39517823977602],[-107.27401397286586,48.39516128899001],[-107.27397337640325,48.39515312692024],[-107.27396663789604,48.395153304641774],[-107.27389382699013,48.395324451362335],[-107.27401503596145,48.39533546010588],[-107.27404167701884,48.395330484246],[-107.27408848498202,48.39517770349269],[-107.27406164611183,48.39517823977602]]]}"
00000000000000002a0e,789,0,0,0,"{""type"":""Polygon"",""coordinates"":[[[-107.27391920746221,48.39514086489166],[-107.2739046134895,48.39511433677015],[-107.27390417290536,48.39510538612667],[-107.27374303472133,48.39525150684873],[-107.27374991350547,48.39525585603966],[-107.27377748626661,48.39527316548462],[-107.273791939899,48.39529516680521],[-107.27385347311156,48.39532080031313],[-107.27389382699013,48.395324451362335],[-107.27396663789604,48.395153304641774],[-107.27391920746221,48.39514086489166]]]}"
000000000000000029b5,790,0,0,0,"{""type"":""Polygon"",""coordinates"":[[[-107.27388957895718,48.395078858019886],[-107.27363102676527,48.395146537920574],[-107.27363122463004,48.39515097749279],[-107.27365943561735,48.39518167717328],[-107.27368090815966,48.39521255456328],[-107.2737361559393,48.39524715765759],[-107.27374303472133,48.39525150684873],[-107.27390417290536,48.39510538612667],[-107.273903975007,48.395100946559666],[-107.27388957895718,48.395078858019886]]]}"
000000000000000029a1,791,0,0,0,"{""type"":""Polygon"",""coordinates"":[[[-107.27386804865404,48.39504806807441],[-107.27361899722189,48.395026212006805],[-107.27361265448931,48.39503526882681],[-107.27358704780437,48.395062513863095],[-107.27360208199164,48.39509799265854],[-107.2736166756936,48.39512452082472],[-107.27363102676527,48.395146537920574],[-107.27388957895718,48.395078858019886],[-107.27386804865404,48.39504806807441]]]}"
000000000000000029a7,792,0,0,0,"{""type"":""Polygon"",""coordinates"":[[[-107.27357807382323,48.394861725154584],[-107.273565931299,48.39488877353463],[-107.2735399289946,48.394907139375555],[-107.27356867568504,48.39495124493213],[-107.27359551425052,48.39495070879644],[-107.27362225043316,48.394950188461046],[-107.27363080164176,48.394990197114716],[-107.27361899722189,48.395026212006805],[-107.27386804865404,48.39504806807441],[-107.27388737012089,48.39502979249358],[-107.27388673164305,48.39501640230407],[-107.27357807382323,48.394861725154584]]]}"
000000000000000029a4,793,0,0,0,"{""type"":""Polygon"",""coordinates"":[[[-107.27368882117862,48.39478808411688],[-107.27366832538019,48.394779563494716],[-107.2736031443708,48.39482107427417],[-107.27359680167571,48.39483013105736],[-107.27358421866663,48.394848228819434],[-107.27357807382323,48.394861725154584],[-107.27388673164305,48.39501640230407],[-107.2738985806213,48.39498045889972],[-107.2739121978608,48.39498463034207],[-107.2739575663349,48.39494806031712],[-107.27368882117862,48.39478808411688]]]}"
000000000000000029a3,794,0,0,0,"{""type"":""MultiPolygon"",""coordinates"":[[[[-107.27411180836242,48.3949494201124],[-107.27411224899973,48.394958370727416],[-107.27412556597096,48.3949581183911],[-107.27411180836242,48.3949494201124]]],[[[-107.27378551054187,48.39470132104403],[-107.27369412968707,48.394756758126675],[-107.2736813488669,48.39477041633444],[-107.27368882117862,48.39478808411688],[-107.2739575663349,48.39494806031712],[-107.27404938818715,48.394901573381986],[-107.27378551054187,48.39470132104403]],[[-107.27381435985819,48.39474541054299],[-107.27381533649178,48.394767767059825],[-107.27382797699187,48.39474958198158],[-107.27381435985819,48.39474541054299]],[[-107.27380030216621,48.394732288520764],[-107.27377292764861,48.39471941878419],[-107.27377380876224,48.39473731994577],[-107.27380030216621,48.394732288520764]],[[-107.27375380420995,48.39474213376954],[-107.27376766399739,48.394750816262984],[-107.27377380876224,48.39473731994577],[-107.27375380420995,48.39474213376954]]]]}"
00000000000000002995,795,0,0,0,"{""type"":""MultiPolygon"",""coordinates"":[[[[-107.27437368647186,48.39495768800312],[-107.27437408238507,48.39496656710876],[-107.27438066771789,48.39496202131438],[-107.27437368647186,48.39495768800312]]],[[[-107.27383127448661,48.39467363034338],[-107.2737985339872,48.394692173882326],[-107.27378551054187,48.39470132104403],[-107.27404938818715,48.394901573381986],[-107.27409524786482,48.39487833780229],[-107.2740899396435,48.394909663878735],[-107.27411067841635,48.394922695483835],[-107.27411121458813,48.3949361014547],[-107.27411180836242,48.3949494201124],[-107.27412556597096,48.3949581183911],[-107.2742457972465,48.39494677019701],[-107.27424667858712,48.39496467142476],[-107.2742681068634,48.39499547703678],[-107.27435422482937,48.39497143678193],[-107.2743603694657,48.394957940374674],[-107.2742993723726,48.394945713339055],[-107.2744119330824,48.394912257614905],[-107.27383127448661,48.39467363034338]]]]}"
00000000000000002993,796,0,0,0,"{""type"":""Polygon"",""coordinates"":[[[-107.27429653903646,48.39473142889178],[-107.27427687956309,48.3947407380587],[-107.2742368195969,48.394745982078454],[-107.27424232560746,48.394719095626925],[-107.27389625722938,48.39462768000561],[-107.2738830359192,48.39463238764058],[-107.27384385734176,48.394655532612084],[-107.27383127448661,48.39467363034338],[-107.2744119330824,48.394912257614905],[-107.27448463150496,48.39488848546976],[-107.27454337417004,48.39485157553994],[-107.27456283571593,48.394837826756145],[-107.27461543374163,48.394814413197885],[-107.27429653903646,48.39473142889178]],[[-107.27446729117608,48.39479948634223],[-107.2744469929819,48.39479540543177],[-107.27445431254682,48.39480870511988],[-107.27446729117608,48.39479948634223]],[[-107.27444162745412,48.394826818787976],[-107.27442132925391,48.394822737870165],[-107.2744286040235,48.394835966059496],[-107.27444162745412,48.394826818787976]],[[-107.27440348335655,48.39487223330335],[-107.27436976577917,48.39486842055475],[-107.27437704053345,48.394881648759686],[-107.27440348335655,48.39487223330335]]]}"
000000000000000029c0,797,0,0,0,"{""type"":""Polygon"",""coordinates"":[[[-107.2747848327279,48.39455204854155],[-107.27393567845843,48.39460904605901],[-107.27389625722938,48.39462768000561],[-107.27424232560746,48.394719095626925],[-107.27425417416342,48.39468315238968],[-107.27433478544687,48.39468599873195],[-107.27432844290526,48.39469505553661],[-107.27433576240193,48.394708355210454],[-107.27429653903646,48.39473142889178],[-107.27461543374163,48.394814413197885],[-107.27467333947013,48.394759673595566],[-107.27470135338513,48.39478593318504],[-107.27469584766428,48.39481281968919],[-107.27471634395074,48.39482134008522],[-107.27471024423646,48.39483490798487],[-107.2747630850454,48.394816005393494],[-107.27478727297657,48.394757453111914],[-107.27481505673278,48.39462737305455],[-107.2747848327279,48.39455204854155]],[[-107.2745582758121,48.39473516942011],[-107.27452416233065,48.39472247766943],[-107.27453187787263,48.394744656399965],[-107.2745582758121,48.39473516942011]],[[-107.27451845853062,48.39474492459991],[-107.27449816034849,48.39474084370414],[-107.27450523716452,48.394749632332214],[-107.27451845853062,48.39474492459991]],[[-107.27435981044955,48.39464527629973],[-107.2743669319941,48.394654136431264],[-107.27438010853398,48.39464935721989],[-107.27435981044955,48.39464527629973]],[[-107.27435981044955,48.39464527629973],[-107.27435941453531,48.39463639724749],[-107.27434619321254,48.39464110494723],[-107.27435981044955,48.39464527629973]]]}"
0000000000000000299a,798,0,0,0,"{""type"":""Polygon"",""coordinates"":[[[-107.27473471946142,48.39432969459148],[-107.27465662509422,48.39423298078654],[-107.27461523722977,48.39420706115835],[-107.27426216768951,48.39441049805314],[-107.27427612311787,48.39442363573401],[-107.27436660116702,48.394497812962236],[-107.27439501051487,48.39453295155785],[-107.27436237261274,48.39455147942603],[-107.2743501282898,48.39457854354155],[-107.2743232897797,48.39457907988278],[-107.27430997291687,48.39457933224194],[-107.27429655366632,48.39457960040777],[-107.27428923420759,48.39456630076206],[-107.27426854030496,48.39455334078783],[-107.2742738035163,48.39452194340894],[-107.27430752073651,48.394525756175526],[-107.27434694182577,48.3945071220994],[-107.2742389562567,48.39449140622211],[-107.27419688521596,48.39445202473315],[-107.27419024920984,48.39445218665676],[-107.27394202105134,48.394599989293575],[-107.27393567845843,48.39460904605901],[-107.2747848327279,48.39455204854155],[-107.27478439191975,48.394543098002096],[-107.27478715099824,48.394453740832574],[-107.27473471946142,48.39432969459148]]]}"
00000000000000002990,799,0,0,0,"{""type"":""MultiPolygon"",""coordinates"":[[[[-107.2741423788039,48.39443079663565],[-107.27410728906611,48.39439574843284],[-107.27401979994465,48.394388552790495],[-107.27399296166621,48.39438908903172],[-107.27394202105134,48.394599989293575],[-107.27419024920984,48.39445218665676],[-107.2741423788039,48.39443079663565]]],[[[-107.27452529542433,48.39414629033659],[-107.27442301432231,48.39410812808293],[-107.27438949538659,48.394108754860014],[-107.27434934050655,48.39410954355741],[-107.27430087648433,48.39407483530728],[-107.27427403835348,48.394075371620076],[-107.27415185616962,48.394042007157594],[-107.2740844675537,48.394034453053365],[-107.27400412697116,48.3943396845209],[-107.27401778879762,48.39434392741056],[-107.27403700743182,48.394325667860215],[-107.27413782001935,48.39432814003426],[-107.27415217122406,48.39435015672039],[-107.27420554749308,48.39434466044727],[-107.27426216768951,48.39441049805314],[-107.27461523722977,48.39420706115835],[-107.27452529542433,48.39414629033659]]]]}"
0000000000000000299c,800,0,0,0,"{""type"":""Polygon"",""coordinates"":[[[-107.27389775763338,48.3943597146402],[-107.27391177046071,48.39437276505117],[-107.27394465095307,48.39435874841258],[-107.27400412697116,48.3943396845209],[-107.2740844675537,48.394034453053365],[-107.27398999829725,48.39402292414757],[-107.27379585439463,48.39403117579043],[-107.27370964335338,48.39405075977202],[-107.27370290506552,48.394050937465835],[-107.27380515840791,48.39438828406608],[-107.27384555604146,48.39439200660535],[-107.27384614972999,48.394405325131075],[-107.27381277102054,48.39441047853711],[-107.27387522532835,48.394605753558984],[-107.2738830359192,48.39463238764058],[-107.27389625722938,48.39462768000561],[-107.27393567845843,48.39460904605901],[-107.27394202105134,48.394599989293575],[-107.27399296166621,48.39438908903172],[-107.2739129450717,48.39439956091718],[-107.27389932804006,48.394395389515395],[-107.27387947084046,48.39440025902934],[-107.27386443655563,48.394364780743594],[-107.27389775763338,48.3943597146402]],[[-107.2739010294355,48.39458294821475],[-107.27394094194479,48.394577648658604],[-107.27390712933996,48.39456938042568],[-107.2739010294355,48.39458294821475]],[[-107.27386443655563,48.394364780743594],[-107.27385736000596,48.39435599212498],[-107.27384438147972,48.39436521074106],[-107.27386443655563,48.394364780743594]],[[-107.2739010294355,48.39458294821475],[-107.27388092944678,48.394583306717124],[-107.27389468683883,48.39459200497468],[-107.2739010294355,48.39458294821475]]]}"
000000000000000029b3,801,0,0,0,"{""type"":""Polygon"",""coordinates"":[[[-107.27381277102054,48.39441047853711],[-107.27377949470282,48.394415616124036],[-107.27379817737494,48.394383950754204],[-107.27380515840791,48.39438828406608],[-107.27370290506552,48.394050937465835],[-107.27356277550858,48.39406708260757],[-107.2734763218438,48.39408215540143],[-107.27356380961396,48.39408935153132],[-107.27354404808631,48.39409867623553],[-107.27349047461509,48.39409973261382],[-107.27345700080447,48.39410043056429],[-107.27343016289491,48.39410096663615],[-107.27339000843168,48.394101754922154],[-107.27335078557103,48.39412482794252],[-107.27379461466626,48.39460290681988],[-107.27380149334792,48.39460725595686],[-107.27384385734176,48.394655532612084],[-107.2738830359192,48.39463238764058],[-107.27387522532835,48.394605753558984],[-107.27381277102054,48.39441047853711]],[[-107.27387522532835,48.394605753558984],[-107.27384818903847,48.39460185023928],[-107.27385526562617,48.394610638898115],[-107.27387522532835,48.394605753558984]],[[-107.27375983538838,48.39442492512611],[-107.27374641627202,48.39442519321098],[-107.2737468568261,48.39443414374185],[-107.27375983538838,48.39442492512611]]]}"
0000000000000000299f,802,0,0,0,"{""type"":""GeometryCollection"",""geometries"":[{""type"":""LineString"",""coordinates"":[[-107.27378768362468,48.39459856513178],[-107.27379458291936,48.39460289488827]]},{""type"":""Polygon"",""coordinates"":[[[-107.27378763359752,48.39459857349072],[-107.27335078557103,48.39412482794252],[-107.27322622547243,48.39418985664616],[-107.27314231761511,48.39426296029955],[-107.2737985339872,48.394692173882326],[-107.27383127448661,48.39467363034338],[-107.27384385734176,48.394655532612084],[-107.27380149334792,48.39460725595686],[-107.27378159125415,48.3946120539649],[-107.27378763359752,48.39459857349072]],[[-107.27378159125415,48.3946120539649],[-107.27372919137058,48.3946399065006],[-107.27377042556112,48.394661458711866],[-107.27378159125415,48.3946120539649]]]}]}"
000000000000000029a0,803,0,0,0,"{""type"":""Polygon"",""coordinates"":[[[-107.27314231761511,48.39426296029955],[-107.2731099730204,48.39429038245973],[-107.27307914736288,48.394349095697],[-107.27341094156566,48.39457030944056],[-107.27342328189748,48.3945477007654],[-107.27344377746105,48.394556221408735],[-107.27341757753881,48.394570147571216],[-107.27366631469108,48.394734937768845],[-107.27368641471621,48.394734579309414],[-107.27368705312593,48.39474796943126],[-107.27369412968707,48.394756758126675],[-107.27378551054187,48.39470132104403],[-107.2737985339872,48.394692173882326],[-107.27314231761511,48.39426296029955]],[[-107.27366401064666,48.39468141720547],[-107.27365034879412,48.39467717423935],[-107.27365078932132,48.39468612481362],[-107.27366401064666,48.39468141720547]],[[-107.27351037498607,48.39454601793441],[-107.2734898793974,48.39453749730753],[-107.27347729646509,48.394555594954426],[-107.27351037498607,48.39454601793441]]]}"
0000000000000000299d,804,0,0,0,"{""type"":""GeometryCollection"",""geometries"":[{""type"":""LineString"",""coordinates"":[[-107.27366166332325,48.394779703662536],[-107.27366833355418,48.39477957178349]]},{""type"":""Polygon"",""coordinates"":[[[-107.27368705312593,48.39474796943126],[-107.27368110620681,48.394765905286185],[-107.27369412968707,48.394756758126675],[-107.27368705312593,48.39474796943126]]]},{""type"":""Polygon"",""coordinates"":[[[-107.27341757753881,48.394570147571216],[-107.27341103701878,48.394574764773466],[-107.27341094156566,48.39457030944056],[-107.27307914736288,48.394349095697],[-107.27304213191182,48.3944212336748],[-107.2730435036791,48.39445246910904],[-107.2735685909974,48.39479943155288],[-107.27358874863985,48.394798985797095],[-107.27360924441211,48.394807506439996],[-107.27360290172074,48.39481656322119],[-107.2736031443708,48.39482107427417],[-107.27366168935207,48.3947797253834],[-107.27366166332325,48.394779703662536],[-107.27364075304675,48.394762254167695],[-107.27362826555678,48.39478480726107],[-107.27361371673972,48.39475835077104],[-107.27356697615119,48.39476368488534],[-107.27355950391137,48.39474601709967],[-107.27363284024375,48.394735635805006],[-107.27363259758947,48.39473112475943],[-107.27366631469108,48.394734937768845],[-107.27341757753881,48.394570147571216]],[[-107.27339117976453,48.394579634204305],[-107.27337732018313,48.39457095167921],[-107.27337127772375,48.39458443212357],[-107.27339117976453,48.394579634204305]],[[-107.27332478006502,48.39459427713002],[-107.27336557332897,48.39460687894266],[-107.27337127772375,48.39458443212357],[-107.27332478006502,48.39459427713002]],[[-107.27317812747542,48.39446321084974],[-107.27318520382848,48.394471999541004],[-107.2731914441364,48.39446295865304],[-107.27317812747542,48.39446321084974]]]}]}"
0000000000000000299e,805,0,0,0,"{""type"":""GeometryCollection"",""geometries"":[{""type"":""LineString"",""coordinates"":[[-107.27360292100775,48.3948165944322],[-107.27360311992418,48.39482105667136],[-107.2735968173629,48.394830113621296]]},{""type"":""Polygon"",""coordinates"":[[[-107.2730435036791,48.39445246910904],[-107.27305258994136,48.394505883338084],[-107.27303961127507,48.394515101874966],[-107.27302672801095,48.39452877574243],[-107.27305758602036,48.39461749098023],[-107.2734356376103,48.39482434971362],[-107.27345509931155,48.394810601157175],[-107.27350705900479,48.39477379808213],[-107.27350749949544,48.394782748674174],[-107.27350833569056,48.39480057835463],[-107.2735685909974,48.39479943155288],[-107.2730435036791,48.39445246910904]]]}]}"
000000000000000029af,806,0,0,0,"{""type"":""Polygon"",""coordinates"":[[[-107.27305758602036,48.39461749098023],[-107.27306466236105,48.39462627970609],[-107.27301836251964,48.39464056410417],[-107.27299196470857,48.39465005064108],[-107.27297122672962,48.39463701884109],[-107.2729324435415,48.39466904251836],[-107.27296669600955,48.39468626170381],[-107.27297367693404,48.39469059510336],[-107.27298031289837,48.39469043326405],[-107.2731110450826,48.3947638081818],[-107.2731299261989,48.39473658225937],[-107.27317233391771,48.39478493086271],[-107.27316599115493,48.39479398761306],[-107.27335153057368,48.394893014900575],[-107.27337782618807,48.394883544024516],[-107.2734032925946,48.39485177227164],[-107.2734226588643,48.39483356835925],[-107.2734356376103,48.39482434971362],[-107.27305758602036,48.39461749098023]]]}"
000000000000000029ae,807,0,0,0,"{""type"":""GeometryCollection"",""geometries"":[{""type"":""Point"",""coordinates"":[-107.2728209027942,48.39472486473163]},{""type"":""LineString"",""coordinates"":[[-107.27285520011594,48.39474205156289],[-107.27286189440906,48.3947419192551]]},{""type"":""Polygon"",""coordinates"":[[[-107.2729324435415,48.39466904251836],[-107.27292590297769,48.394673659697276],[-107.27296669600955,48.39468626170381],[-107.2729324435415,48.39466904251836]]]},{""type"":""Polygon"",""coordinates"":[[[-107.27316599115493,48.39479398761306],[-107.2731340864638,48.3948303606707],[-107.27307520315867,48.39486274286873],[-107.27327430193299,48.39496602931349],[-107.27331244704209,48.39492061514069],[-107.27333855179315,48.39490223354758],[-107.27335153057368,48.394893014900575],[-107.27316599115493,48.39479398761306]]]},{""type"":""Polygon"",""coordinates"":[[[-107.27297367693404,48.39469059510336],[-107.27293454872972,48.394718123573995],[-107.27291513178498,48.39473194351032],[-107.27286735783517,48.39471500806185],[-107.27288868912578,48.39474135852834],[-107.27286185091305,48.39474189445566],[-107.27286189440906,48.3947419192551],[-107.27301327616108,48.39482822993902],[-107.27302649752603,48.39482352240501],[-107.27303927851452,48.39480986426647],[-107.2731047023133,48.39477286492468],[-107.2731110450826,48.3947638081818],[-107.27297367693404,48.39469059510336]]]}]}"
000000000000000029ad,808,0,0,0,"{""type"":""MultiPolygon"",""coordinates"":[[[[-107.27280744104458,48.39472512080434],[-107.27281442194494,48.394729454219224],[-107.27282086013624,48.39472485284966],[-107.27280744104458,48.39472512080434]]],[[[-107.27285521494773,48.39474205628698],[-107.272828376744,48.39474259220472],[-107.27294057810808,48.39485200093525],[-107.27297345905552,48.39483798449146],[-107.27301327616108,48.39482822993902],[-107.27285521494773,48.39474205628698]]],[[[-107.27307520315867,48.39486274286873],[-107.27302943878671,48.394890433318395],[-107.2730164599736,48.3948996519223],[-107.2730034811557,48.394908870526166],[-107.27315740869125,48.395053166502294],[-107.27319619221801,48.395021142495175],[-107.27326127833125,48.39497517645507],[-107.27327430193299,48.39496602931349],[-107.27307520315867,48.39486274286873]]]]}"
000000000000000029ac,809,0,0,0,"{""type"":""MultiPolygon"",""coordinates"":[[[[-107.2730034811557,48.394908870526166],[-107.27298391694005,48.394922634826926],[-107.27299129348607,48.394935847358056],[-107.27299182924628,48.39494925334889],[-107.27296489545809,48.39494533394553],[-107.27291869060836,48.39496407375855],[-107.27301928578653,48.39511393727339],[-107.27311842730867,48.395080750944956],[-107.27315740869125,48.395053166502294],[-107.2730034811557,48.394908870526166]]],[[[-107.272828376744,48.39474259220472],[-107.27279485780177,48.3947432184334],[-107.27281442194494,48.394729454219224],[-107.27280744104458,48.39472512080434],[-107.27276728616933,48.394725908849885],[-107.27281052908683,48.39479208731245],[-107.2728445390037,48.39480479552464],[-107.2728528915099,48.39484036461138],[-107.27284654868079,48.39484942135175],[-107.27284674645199,48.39485386090324],[-107.2728601655959,48.394853592941104],[-107.2728610014719,48.39487142265894],[-107.27288090362347,48.394866624816714],[-107.27294057810808,48.39485200093525],[-107.272828376744,48.39474259220472]]]]}"
000000000000000029b1,810,0,0,0,"{""type"":""GeometryCollection"",""geometries"":[{""type"":""Point"",""coordinates"":[-107.27286096680132,48.39487145656587]},{""type"":""Polygon"",""coordinates"":[[[-107.27291869060836,48.39496407375855],[-107.27291225237764,48.394968675156285],[-107.27289863540783,48.3949645035667],[-107.27286575434242,48.39497852002113],[-107.27284550137506,48.394974510256354],[-107.27279929648856,48.39499325002315],[-107.27287959326583,48.39513903248242],[-107.27296595371284,48.39511950449087],[-107.27300610909968,48.395118716343575],[-107.27301928578653,48.39511393727339],[-107.27291869060836,48.39496407375855]]]},{""type"":""Polygon"",""coordinates"":[[[-107.27276728616933,48.394725908849885],[-107.27274698858568,48.39472182757063],[-107.27274762664982,48.39473521770427],[-107.27277563858425,48.39476147789307],[-107.27275671248343,48.39478863225516],[-107.2726882455262,48.39475873632299],[-107.27267506897614,48.394763515312526],[-107.27270431216485,48.39481648433539],[-107.27273719308224,48.39480246798248],[-107.27275832653275,48.394824378973205],[-107.27279686742226,48.394787844211486],[-107.27281052908683,48.39479208731245],[-107.27276728616933,48.394725908849885]]]}]}"
000000000000000029a2,811,0,0,0,"{""type"":""MultiPolygon"",""coordinates"":[[[[-107.27267506897614,48.394763515312526],[-107.27264174781638,48.39476858103251],[-107.27260783343165,48.394760328104404],[-107.27259485462352,48.39476954662878],[-107.27261028309105,48.39481390451354],[-107.27262409767545,48.3948225156855],[-107.27265741888027,48.394817449965366],[-107.27268435245232,48.39482136945095],[-107.27270431216485,48.39481648433539],[-107.27267506897614,48.394763515312526]]],[[[-107.27279929648856,48.39499325002315],[-107.27278611985008,48.39499802905115],[-107.27275830550309,48.39497620831552],[-107.27269819057399,48.394981881486025],[-107.27267892640944,48.39500006950329],[-107.27268624522918,48.39501336939591],[-107.27268010008689,48.39502686572298],[-107.27273355785931,48.39517318428955],[-107.27281377319294,48.395167152787074],[-107.27287959326583,48.39513903248242],[-107.27279929648856,48.39499325002315]]]]}"
000000000000000029b0,812,0,0,0,"{""type"":""GeometryCollection"",""geometries"":[{""type"":""LineString"",""coordinates"":[[-107.27268031476648,48.395031342882504],[-107.27268011592925,48.39502688064063]]},{""type"":""Polygon"",""coordinates"":[[[-107.27268034262096,48.39503137679901],[-107.27260519457678,48.39500157099098],[-107.27259895406254,48.39501061193736],[-107.2725857326371,48.3950153194306],[-107.2725730468146,48.39503343294074],[-107.272546113136,48.39502951341108],[-107.27259981282602,48.395180343163844],[-107.27273355785931,48.39517318428955],[-107.27268034262096,48.39503137679901]]]},{""type"":""Polygon"",""coordinates"":[[[-107.27259485462352,48.39476954662878],[-107.27258163328725,48.39477425409793],[-107.27254855465877,48.39478383084206],[-107.27253557583563,48.39479304936287],[-107.27252235449188,48.39479775682613],[-107.27252279473976,48.39480670743286],[-107.2725229924718,48.394811146982455],[-107.2725763686848,48.39480565156786],[-107.27261028309105,48.39481390451354],[-107.27259485462352,48.39476954662878]]]}]}"
000000000000000029b8,813,0,0,0,"{""type"":""Polygon"",""coordinates"":[[[-107.272546113136,48.39502951341108],[-107.27246550285078,48.3950266655253],[-107.27239795138013,48.395166413143095],[-107.27245830896194,48.395165251225606],[-107.27255975288926,48.39518558652718],[-107.27259981282602,48.395180343163844],[-107.272546113136,48.39502951341108]]]}"
000000000000000029bb,814,0,0,0,"{""type"":""MultiPolygon"",""coordinates"":[[[[-107.27251571854013,48.394797918633834],[-107.27252279473976,48.39480670743286],[-107.27252235449188,48.39479775682613],[-107.27251571854013,48.394797918633834]]],[[[-107.27245882207806,48.39502675582171],[-107.27241065277933,48.39500094091768],[-107.27237737624853,48.395006078081494],[-107.2723502001756,48.39499764742111],[-107.27225605257432,48.39514244174192],[-107.27226991192005,48.395151124527615],[-107.27229748346343,48.39516843439396],[-107.27237111299868,48.39516694894194],[-107.27239795138013,48.395166413143095],[-107.27246550285078,48.3950266655253],[-107.27245882207806,48.39502675582171]]]]}"
00000000000000002a35,815,0,0,0,"{""type"":""Polygon"",""coordinates"":[[[-107.27229598818823,48.394985312960564],[-107.27225435979393,48.39495488082885],[-107.27211922153184,48.3950826329174],[-107.27222892125235,48.39513408253576],[-107.27225605257432,48.39514244174192],[-107.2723502001756,48.39499764742111],[-107.27229598818823,48.394985312960564]]]}"
00000000000000002a00,816,0,0,0,"{""type"":""Polygon"",""coordinates"":[[[-107.27222035017036,48.394942172364686],[-107.27219267645502,48.39492487835052],[-107.27215842443246,48.394907658801],[-107.27200215322222,48.39501349938996],[-107.27203626514046,48.39502619214441],[-107.27205793354041,48.39506150942586],[-107.27211922153184,48.3950826329174],[-107.27225435979393,48.39495488082885],[-107.27225416209565,48.39495044126589],[-107.27222035017036,48.394942172364686]]]}"
00000000000000002a10,817,0,0,0,"{""type"":""Polygon"",""coordinates"":[[[-107.27215154601718,48.394903309515215],[-107.27209733435043,48.39489097495632],[-107.27208902741546,48.39485547725919],[-107.27189772673233,48.39492618089147],[-107.27191265659022,48.39496167571576],[-107.27196790128313,48.39499627974185],[-107.27200215322222,48.39501349938996],[-107.27215842443246,48.394907658801],[-107.27215154601718,48.394903309515215]]]}"
000000000000000029b7,818,0,0,0,"{""type"":""Polygon"",""coordinates"":[[[-107.27207970014366,48.39479755149238],[-107.27183890543736,48.39481127568828],[-107.27186096879932,48.394855471993615],[-107.27189772673233,48.39492618089147],[-107.27208902741546,48.39485547725919],[-107.27207970014366,48.39479755149238]]]}"
00000000000000002bc3,819,0,0,0,"{""type"":""Polygon"",""coordinates"":[[[-107.27186119110338,48.39470808244762],[-107.27186172645354,48.394721488397934],[-107.27183817244897,48.39479343016303],[-107.27183890543736,48.39481127568828],[-107.27207970014366,48.39479755149238],[-107.27206397944194,48.39474429861749],[-107.27209017960743,48.394730372772315],[-107.27208954178522,48.39471698262939],[-107.27186119110338,48.39470808244762]]]}"
000000000000000029ba,820,0,0,0,"{""type"":""Polygon"",""coordinates"":[[[-107.27190391390441,48.394613497717685],[-107.27189343417979,48.394680676276934],[-107.27185283965719,48.39467251333603],[-107.27181691740094,48.39461963440495],[-107.27178344371214,48.39462033177639],[-107.27178934661096,48.394602324559685],[-107.27172869748982,48.39459459113264],[-107.27172215687789,48.394599208224435],[-107.27178608981288,48.39467834763874],[-107.27182053896699,48.39470000680394],[-107.2718607957992,48.3946992033592],[-107.27186119110338,48.39470808244762],[-107.27208954178522,48.39471698262939],[-107.27210158982419,48.39468547915456],[-107.27211344015832,48.39464953615876],[-107.27211280232595,48.394636146036525],[-107.27190391390441,48.394613497717685]]]}"
000000000000000029aa,821,0,0,0,"{""type"":""MultiPolygon"",""coordinates"":[[[[-107.27176133579097,48.394576064133574],[-107.27172869748982,48.39459459113264],[-107.27178934661096,48.394602324559685],[-107.27178905371056,48.394593429682295],[-107.27176133579097,48.394576064133574]]],[[[-107.27194015350224,48.39452344292686],[-107.27193474128191,48.39455478452279],[-107.27191021206879,48.394604369567844],[-107.27190391390441,48.394613497717685],[-107.27211280232595,48.394636146036525],[-107.27212401479251,48.394586812963695],[-107.27213699358104,48.394577594534944],[-107.27215655773142,48.394563830497184],[-107.27215591988146,48.39455044039719],[-107.27194015350224,48.39452344292686]]]]}"
000000000000000029b6,822,0,0,0,"{""type"":""Polygon"",""coordinates"":[[[-107.27197619524817,48.39442894875809],[-107.27195048590447,48.394456208861776],[-107.27194015350224,48.39452344292686],[-107.27215591988146,48.39455044039719],[-107.27217303497125,48.394483100205505],[-107.27197619524817,48.39442894875809]]]}"
000000000000000029ab,823,0,0,0,"{""type"":""Polygon"",""coordinates"":[[[-107.27199203496349,48.39433482864613],[-107.27198243575852,48.39441990795077],[-107.27197619524817,48.39442894875809],[-107.27217303497125,48.394483100205505],[-107.27218464268476,48.394442646311504],[-107.2722240638165,48.39442401313388],[-107.2722364494336,48.39440147616861],[-107.27199203496349,48.39433482864613]]]}"
000000000000000029b4,824,0,0,0,"{""type"":""Polygon"",""coordinates"":[[[-107.27203515231824,48.39424912354996],[-107.27202910952575,48.3942626038371],[-107.27199169722732,48.394325862306985],[-107.27199203496349,48.39433482864613],[-107.2722364494336,48.39440147616861],[-107.27227308350805,48.3943203006534],[-107.27227956643416,48.39431577086475],[-107.27203515231824,48.39424912354996]]]}"
000000000000000029a8,825,0,0,0,"{""type"":""Polygon"",""coordinates"":[[[-107.27206495307823,48.3941636706115],[-107.27203515231824,48.39424912354996],[-107.27227956643416,48.39431577086475],[-107.27228566676767,48.394302203235625],[-107.27229825001588,48.39428410582263],[-107.27232425210727,48.39426574053738],[-107.27233629979236,48.39423423730847],[-107.27206495307823,48.3941636706115]]]}"
00000000000000002987,826,0,0,0,"{""type"":""Polygon"",""coordinates"":[[[-107.27215549760747,48.39409040623602],[-107.27213608089349,48.39410422584658],[-107.27207099584027,48.394150190347865],[-107.27206495307823,48.3941636706115],[-107.27233629979236,48.39423423730847],[-107.27233610207904,48.394229797806005],[-107.27239347314291,48.39416165434888],[-107.27239303291852,48.394152703849144],[-107.27215549760747,48.39409040623602]]]}"
000000000000000029a9,827,0,0,0,"{""type"":""Polygon"",""coordinates"":[[[-107.27241585216484,48.39406291758013],[-107.2722190137222,48.39400876702383],[-107.27218828254969,48.39407193498224],[-107.27215549760747,48.39409040623602],[-107.27239303291852,48.394152703849144],[-107.27238531892593,48.39413052515371],[-107.2724113208839,48.39411215990115],[-107.27243088472893,48.39409839593534],[-107.27241585216484,48.39406291758013]]]}"
000000000000000029b2,828,0,0,0,"{""type"":""Polygon"",""coordinates"":[[[-107.27228242719747,48.39392714370712],[-107.27225671837697,48.39395440362311],[-107.27224373983492,48.39396362195413],[-107.27224418002498,48.3939725724237],[-107.2722190137222,48.39400876702383],[-107.27241585216484,48.39406291758013],[-107.27241492114766,48.39404063283096],[-107.27243374460214,48.39401349472969],[-107.27245233256276,48.39397737455686],[-107.27228242719747,48.39392714370712]]]}"
00000000000000002999,829,0,0,0,"{""type"":""Polygon"",""coordinates"":[[[-107.27222375864547,48.39381660885554],[-107.27222419883253,48.39382555930062],[-107.27223854843184,48.393847576105756],[-107.27229520801127,48.39391348590134],[-107.27228242719747,48.39392714370712],[-107.27245233256276,48.39397737455686],[-107.2724585729028,48.39396833379944],[-107.27249131290769,48.393949790980905],[-107.27252238141841,48.39389558934377],[-107.27222375864547,48.39381660885554]]]}"
00000000000000002985,830,0,1,0,"{""type"":""Polygon"",""coordinates"":[[[-107.27215816171135,48.393697341238024],[-107.2721934459525,48.3937368292363],[-107.27219417914614,48.393754674400334],[-107.27222263003412,48.39378988473827],[-107.27222375864547,48.39381660885554],[-107.27252238141841,48.39389558934377],[-107.27253486907216,48.393873036765704],[-107.27255452811926,48.39386372811718],[-107.27256593745847,48.393818835195596],[-107.27257247787921,48.39381421811877],[-107.27215816171135,48.393697341238024]]]}"
000000000000000029a5,831,0,0,0,"{""type"":""Polygon"",""coordinates"":[[[-107.27224471611582,48.39368225397401],[-107.2722308572934,48.39367357141041],[-107.2722036822433,48.39366514089318],[-107.27218235214237,48.39363879077594],[-107.27213702933031,48.393675430551],[-107.272151283506,48.39369299204554],[-107.27215816171135,48.393697341238024],[-107.27257247787921,48.39381421811877],[-107.27258545633094,48.393804999771454],[-107.2726098888231,48.39375096006368],[-107.27262247174383,48.393732862803475],[-107.27240509483335,48.39367012073],[-107.27239211641347,48.39367933902886],[-107.27235186046391,48.393680142658376],[-107.27233883725253,48.39368928944469],[-107.27231199995896,48.393689825184644],[-107.27231126670576,48.39367198004471],[-107.27231082649529,48.39366302962637],[-107.27227838682943,48.393685995928635],[-107.27224471611582,48.39368225397401]],[[-107.27227838682943,48.393685995928635],[-107.27228599829813,48.39370819025746],[-107.27229868370047,48.39369007724567],[-107.27227838682943,48.393685995928635]]]}"
00000000000000002976,832,0,0,0,"{""type"":""Polygon"",""coordinates"":[[[-107.27246870510875,48.393592937280495],[-107.2724623624576,48.3936019937793],[-107.27240509483335,48.39367012073],[-107.27262247174383,48.393732862803475],[-107.27262901214539,48.39372824573071],[-107.27263481211685,48.393710254583276],[-107.27266715634181,48.39368283289044],[-107.27267305867363,48.39366482595018],[-107.27269262222549,48.393651062053905],[-107.27246870510875,48.393592937280495]]]}"
00000000000000002983,833,0,0,0,"{""type"":""Polygon"",""coordinates"":[[[-107.27252523916015,48.39350696531541],[-107.27248109028149,48.393570400645956],[-107.27246870510875,48.393592937280495],[-107.27269262222549,48.393651062053905],[-107.27270540284101,48.39363740426928],[-107.27273593510688,48.39356979724342],[-107.27252523916015,48.39350696531541]]]}"
00000000000000002984,834,0,0,0,"{""type"":""Polygon"",""coordinates"":[[[-107.2725683543796,48.39342126136377],[-107.27255694521477,48.393466153946754],[-107.27255748084877,48.39347955957401],[-107.27253147939658,48.3934979246356],[-107.27252523916015,48.39350696531541],[-107.27273593510688,48.39356979724342],[-107.27274237308619,48.393565195984486],[-107.2727735433223,48.39351097886705],[-107.27280622525502,48.393492523425415],[-107.2725683543796,48.39342126136377]]]}"
000000000000000029a6,835,0,0,0,"{""type"":""Polygon"",""coordinates"":[[[-107.27261810509621,48.393335395732066],[-107.27260512682422,48.3933446139981],[-107.27259254404862,48.39336271112067],[-107.27256732086072,48.39339899269324],[-107.2725683543796,48.39342126136377],[-107.27280622525502,48.393492523425415],[-107.27285037363099,48.39342908805087],[-107.2728629563427,48.39341099087366],[-107.27261810509621,48.393335395732066]]]}"
00000000000000002982,836,0,0,0,"{""type"":""GeometryCollection"",""geometries"":[{""type"":""LineString"",""coordinates"":[[-107.27261816052317,48.39333542585935],[-107.2726248607258,48.39333529344778]]},{""type"":""Polygon"",""coordinates"":[[[-107.27269493521159,48.393253505314476],[-107.27268869505092,48.393262545961576],[-107.2726433729816,48.39329918569821],[-107.27262488796012,48.393335289628595],[-107.2728629563427,48.39341099087366],[-107.27286929888687,48.39340193438355],[-107.27288124344099,48.393370447421745],[-107.27291334467716,48.393338514899426],[-107.27269493521159,48.393253505314476]]]}]}"
00000000000000002980,837,0,0,0,"{""type"":""Polygon"",""coordinates"":[[[-107.27276532713037,48.39317621619362],[-107.27273932594903,48.39319458120016],[-107.27269493521159,48.393253505314476],[-107.27291334467716,48.393338514899426],[-107.27293246763958,48.39331580069077],[-107.27297007532664,48.39325698253086],[-107.27276532713037,48.39317621619362]]]}"
0000000000000000297d,838,0,0,0,"{""type"":""Polygon"",""coordinates"":[[[-107.27283557162725,48.3930988714398],[-107.27280386613641,48.393139682605174],[-107.27277176503479,48.39317161496855],[-107.27276532713037,48.39317621619362],[-107.27297007532664,48.39325698253086],[-107.27298265792972,48.39323888539909],[-107.27304734518368,48.3931840422973],[-107.27283557162725,48.3930988714398]]]}"
00000000000000002979,839,0,0,0,"{""type"":""Polygon"",""coordinates"":[[[-107.27291977711026,48.393030193306046],[-107.27290669660007,48.39303942736288],[-107.27286127953029,48.393071611829285],[-107.27283557162725,48.3930988714398],[-107.27304734518368,48.3931840422973],[-107.2730796439698,48.39315654924646],[-107.27312457000498,48.393111030601595],[-107.27291977711026,48.393030193306046]]]}"
00000000000000002978,840,0,0,0,"{""type"":""Polygon"",""coordinates"":[[[-107.27300348435612,48.39295265221427],[-107.27297094315156,48.39297563422965],[-107.27294602071001,48.39301633921523],[-107.27291977711026,48.393030193306046],[-107.27312457000498,48.393111030601595],[-107.27316315352053,48.393074568426755],[-107.27318163797277,48.3930384645837],[-107.27300348435612,48.39295265221427]]]}"
0000000000000000297a,841,0,0,0,"{""type"":""Polygon"",""coordinates"":[[[-107.27310768583826,48.39288363164386],[-107.27306202645178,48.39291130520952],[-107.27304246337499,48.39292506897812],[-107.27302294507052,48.392938904252524],[-107.27300348435612,48.39295265221427],[-107.27318163797277,48.3930384645837],[-107.27323467383957,48.39302400293605],[-107.27327345503103,48.39299198017462],[-107.27310768583826,48.39288363164386]]]}"
0000000000000000299b,842,0,0,0,"{""type"":""Polygon"",""coordinates"":[[[-107.27319154554816,48.39281045848979],[-107.27312720409832,48.392869796367705],[-107.27310768583826,48.39288363164386],[-107.27327345503103,48.39299198017462],[-107.27332511876483,48.39294628393131],[-107.27336434030856,48.39292321146436],[-107.27319154554816,48.39281045848979]]]}"
0000000000000000297e,843,0,0,0,"{""type"":""MultiPolygon"",""coordinates"":[[[[-107.2735102647035,48.39288907616465],[-107.27349743977183,48.39290266234723],[-107.27353793801763,48.39290636914996],[-107.2735102647035,48.39288907616465]]],[[[-107.27326193588542,48.39273316968708],[-107.27324281339172,48.39275588370138],[-107.27320447289657,48.39279685656392],[-107.27319154554816,48.39281045848979],[-107.27336409767688,48.392918700570746],[-107.27340955914762,48.3928865874744],[-107.27346947315401,48.392876474775605],[-107.27347601334979,48.39287185772452],[-107.27326193588542,48.39273316968708]]]]}"
0000000000000000297f,844,0,0,0,"{""type"":""GeometryCollection"",""geometries"":[{""type"":""LineString"",""coordinates"":[[-107.2735530354388,48.392794404535216],[-107.27355971774192,48.39279427242269]]},{""type"":""Polygon"",""coordinates"":[[[-107.27333940206886,48.39266466933988],[-107.27332691527486,48.392687221489986],[-107.27326193588542,48.39273316968708],[-107.27347601334979,48.39287185772452],[-107.27348879349027,48.3928582000472],[-107.27350855432667,48.39284887558864],[-107.27355303911088,48.39279440676519],[-107.2735530354388,48.392794404535216],[-107.27333940206886,48.39266466933988]]]},{""type"":""Polygon"",""coordinates"":[[[-107.27357333593231,48.39279848774616],[-107.27355421352527,48.39282120184802],[-107.27354826695542,48.39283913703831],[-107.27352904903066,48.39285739596434],[-107.273523147227,48.3928754026713],[-107.2735102647035,48.39288907616465],[-107.27353793801763,48.39290636914996],[-107.27371334888619,48.392929711312995],[-107.27378677717233,48.39292378553769],[-107.27357333593231,48.39279848774616]]]}]}"
00000000000000002986,845,0,0,0,"{""type"":""Polygon"",""coordinates"":[[[-107.27339622633855,48.392587592962926],[-107.27338364413298,48.39260568991787],[-107.27333940206886,48.39266466933988],[-107.27355967477536,48.39279424489925],[-107.27357977372404,48.39279388650241],[-107.27357333593231,48.39279848774616],[-107.27378677717233,48.39292378553769],[-107.2739336407058,48.39290746281888],[-107.27399311431839,48.39288839951344],[-107.27339622633855,48.392587592962926]]]}"
00000000000000002969,846,0,0,0,"{""type"":""Polygon"",""coordinates"":[[[-107.27376857391027,48.39266506591057],[-107.27376267224736,48.39268307256378],[-107.2737417369529,48.39266560203087],[-107.27373402225591,48.39264342407958],[-107.27348032766767,48.392518930847906],[-107.27346110990612,48.39253718964664],[-107.27341534867358,48.39256487899376],[-107.27339622633855,48.392587592962926],[-107.27399311431839,48.39288839951344],[-107.27410566848654,48.39285494560342],[-107.27412508419046,48.39284112594416],[-107.27376857391027,48.39266506591057]],[[-107.2737565278964,48.39269656835028],[-107.27370890280939,48.39267968962095],[-107.2736975907065,48.3927290368532],[-107.2737565278964,48.39269656835028]]]}"
00000000000000002977,847,0,0,0,"{""type"":""Polygon"",""coordinates"":[[[-107.2738455988374,48.39258761503811],[-107.27382583815756,48.39259693951634],[-107.27383379560237,48.39262362830511],[-107.27379373808844,48.392628871870045],[-107.27379236558747,48.392597637532496],[-107.27381856400879,48.39258371182068],[-107.27382510413119,48.392579094773026],[-107.27357121152157,48.392450162587764],[-107.27356453113406,48.392450252946894],[-107.27355164878367,48.392463926332454],[-107.27351921056322,48.39248689250071],[-107.27348032766767,48.392518930847906],[-107.27373402225591,48.39264342407958],[-107.27373362646635,48.39263454535468],[-107.27378076020406,48.39263809016291],[-107.27376857391027,48.39266506591057],[-107.27412508419046,48.39284112594416],[-107.27422972524592,48.392781054578485],[-107.2738455988374,48.39258761503811]],[[-107.27379787141396,48.39257075219347],[-107.2737844529644,48.392571020257435],[-107.27378484876724,48.39257989897121],[-107.27379787141396,48.39257075219347]]]}"
00000000000000002972,848,0,0,0,"{""type"":""MultiPolygon"",""coordinates"":[[[[-107.27393067653902,48.392541308119455],[-107.27392453226649,48.392554803878845],[-107.2738455988374,48.39258761503811],[-107.27422972524592,48.392781054578485],[-107.27424290109312,48.39277627557121],[-107.27426860811653,48.39274901577143],[-107.27393067653902,48.392541308119455]]],[[[-107.2736959056308,48.392389662369986],[-107.27368288304189,48.3923988091014],[-107.27362995038726,48.392413254998836],[-107.27361063034449,48.39243152959578],[-107.27357121152157,48.392450162587764],[-107.27382510413119,48.392579094773026],[-107.27383134396167,48.39257005417632],[-107.27384456450876,48.392565346749734],[-107.27383665184813,48.392538729496025],[-107.2738561697999,48.39252489416909],[-107.2738823681617,48.39251096846038],[-107.2736959056308,48.392389662369986]]]]}"
00000000000000002971,849,0,0,0,"{""type"":""GeometryCollection"",""geometries"":[{""type"":""LineString"",""coordinates"":[[-107.27398010687179,48.392446531149915],[-107.27398700588483,48.39245086090065]]},{""type"":""Polygon"",""coordinates"":[[[-107.27400082263311,48.39245950835302],[-107.27394325852924,48.3925232111202],[-107.27393067653902,48.392541308119455],[-107.27426860811653,48.39274901577143],[-107.27433884975322,48.392671670610824],[-107.27400082263311,48.39245950835302]]]},{""type"":""Polygon"",""coordinates"":[[[-107.27378694208079,48.39232526191698],[-107.2737349861833,48.392362063358476],[-107.27370888343074,48.39238044413362],[-107.2736959056308,48.392389662369986],[-107.2738823681617,48.39251096846038],[-107.27391471077642,48.39248354700488],[-107.27397358990814,48.39245116584213],[-107.27398012999744,48.392446548796244],[-107.27378694208079,48.39232526191698]]]}]}"
00000000000000002974,850,0,0,0,"{""type"":""Polygon"",""coordinates"":[[[-107.27387108719205,48.39225667132771],[-107.27381825023332,48.39227557242467],[-107.27379224994584,48.39229393738338],[-107.27379308634735,48.39231176622459],[-107.27379362246174,48.39232517154278],[-107.27378694208079,48.39232526191698],[-107.27398700834112,48.39245089775279],[-107.27400706240986,48.392450467766515],[-107.27400082263311,48.39245950835302],[-107.27433884975322,48.392671670610824],[-107.27436991494027,48.39261746975905],[-107.27439557699851,48.39259013850618],[-107.27439537902272,48.392585699151404],[-107.27387108719205,48.39225667132771]]]}"
0000000000000000296c,851,0,0,0,"{""type"":""Polygon"",""coordinates"":[[[-107.27397543912015,48.3921920186047],[-107.27394948371246,48.39221045507927],[-107.27391006515748,48.39222908812622],[-107.27387108719205,48.39225667132771],[-107.27439537902272,48.392585699151404],[-107.27439518104694,48.392581259796984],[-107.27439474030925,48.39257230958451],[-107.27439444674152,48.392563415070335],[-107.27440614709685,48.39252741759563],[-107.27440521480692,48.39250513353924],[-107.27445854371936,48.39249956587616],[-107.27397543912015,48.3921920186047]]]}"
0000000000000000296f,852,0,0,0,"{""type"":""Polygon"",""coordinates"":[[[-107.2740796376384,48.39212299803971],[-107.27404675921647,48.39213701408475],[-107.27401446176509,48.392164506901416],[-107.27398202394504,48.392187473086835],[-107.27397543912015,48.3921920186047],[-107.27445854371936,48.39249956587616],[-107.27451870028098,48.39249396345326],[-107.2740796376384,48.39212299803971]]]}"
0000000000000000296d,853,0,0,0,"{""type"":""Polygon"",""coordinates"":[[[-107.27420516707886,48.392080326320794],[-107.27417209074588,48.392089903081924],[-107.27415911310325,48.392099121326645],[-107.27413901440777,48.392099479833526],[-107.2740796376384,48.39212299803971],[-107.27451870028098,48.39249396345326],[-107.27463218582969,48.39248279323376],[-107.27420516707886,48.392080326320794]]]}"
00000000000000002973,854,0,0,0,"{""type"":""Polygon"",""coordinates"":[[[-107.27430976103948,48.392020184278884],[-107.27429654068442,48.39202489171648],[-107.27426434581695,48.39205236874659],[-107.2742513234128,48.39206151549252],[-107.27420516707886,48.392080326320794],[-107.27463218582969,48.39248279323376],[-107.27475791468768,48.392444559810954],[-107.27430976103948,48.392020184278884]]]}"
00000000000000002970,855,0,0,0,"{""type"":""Polygon"",""coordinates"":[[[-107.27441459754064,48.3919645530032],[-107.274394939609,48.391973861672525],[-107.27430976103948,48.392020184278884],[-107.27475791468768,48.392444559810954],[-107.27481094999729,48.39243009746874],[-107.27486958602223,48.39239320495612],[-107.27441459754064,48.3919645530032]]]}"
0000000000000000298a,856,0,0,0,"{""type"":""Polygon"",""coordinates"":[[[-107.2745121147128,48.39189562270473],[-107.27447333529976,48.39192764526286],[-107.27441459754064,48.3919645530032],[-107.27486958602223,48.39239320495612],[-107.27494154483904,48.39235158906974],[-107.2749675449334,48.392333223785236],[-107.2745121147128,48.39189562270473]]]}"
0000000000000000296b,857,0,0,0,"{""type"":""Polygon"",""coordinates"":[[[-107.27461027042261,48.39184008177923],[-107.27460392848694,48.3918491381037],[-107.27455109207258,48.39186803944532],[-107.27453163219629,48.39188178741929],[-107.27451865466921,48.391891005673656],[-107.2745121147128,48.39189562270473],[-107.2749675449334,48.392333223785236],[-107.2749738869009,48.392324167353806],[-107.27503335970127,48.39230510363374],[-107.27505281973849,48.39229135544507],[-107.27503252269183,48.39228727482097],[-107.27503218417696,48.39227830885627],[-107.27503178806585,48.39226943020563],[-107.27505066671789,48.392242205241025],[-107.27461027042261,48.39184008177923]]]}"
0000000000000000298b,858,0,0,0,"{""type"":""Polygon"",""coordinates"":[[[-107.2746950076432,48.391784808999425],[-107.27464880687918,48.391803548430545],[-107.27463646821103,48.39182615605824],[-107.27461027042261,48.39184008177923],[-107.27505066671789,48.392242205241025],[-107.2750566125353,48.392224270177515],[-107.27510562231232,48.392120560779254],[-107.27514513635764,48.39210638240411],[-107.2746950076432,48.391784808999425]]]}"
0000000000000000298f,859,0,0,0,"{""type"":""Polygon"",""coordinates"":[[[-107.27479979852825,48.39172910606658],[-107.2747144226537,48.39177098951586],[-107.27470144518726,48.39178020777423],[-107.2746950076432,48.391784808999425],[-107.27514513635764,48.39210638240411],[-107.27517133429954,48.39209245646396],[-107.27518298290151,48.39205207562274],[-107.2751959604199,48.392042857251084],[-107.27520844608,48.39202030515928],[-107.27479979852825,48.39172910606658]],[[-107.27519502762951,48.39202057341739],[-107.27517492875495,48.392020932144874],[-107.27518200533194,48.39202972028125],[-107.27519502762951,48.39202057341739]]]}"
00000000000000002997,860,0,0,0,"{""type"":""Polygon"",""coordinates"":[[[-107.27489765323008,48.39166914156778],[-107.27487165362066,48.39168750659253],[-107.27481945631082,48.39171979736094],[-107.27479979852825,48.39172910606658],[-107.27520844608,48.39202030515928],[-107.27521434699746,48.39200229865987],[-107.27524806240345,48.39200611096251],[-107.27528025685098,48.39197863363741],[-107.2753002600177,48.39197381978039],[-107.27533393065141,48.391977560547005],[-107.27489765323008,48.39166914156778]],[[-107.27510667111366,48.39184365817278],[-107.27508637428883,48.39183957758867],[-107.2750936488737,48.39185280499288],[-107.27510667111366,48.39184365817278]],[[-107.27505997846623,48.39184906414511],[-107.27508003243588,48.39184863394237],[-107.27506627553576,48.39183993628913],[-107.27505997846623,48.39184906414511]],[[-107.27506037459008,48.39185794272537],[-107.27505997846623,48.39184906414511],[-107.2750467581592,48.391853771669574],[-107.27506037459008,48.39185794272537]],[[-107.27506037459008,48.39185794272537],[-107.27506818575917,48.391884575324596],[-107.27510273804369,48.391906216352304],[-107.27514746286289,48.391856258618134],[-107.27509418547633,48.391866210176126],[-107.27506037459008,48.39185794272537]]]}"
00000000000000002998,861,0,0,0,"{""type"":""GeometryCollection"",""geometries"":[{""type"":""LineString"",""coordinates"":[[-107.27523115927804,48.391778656647496],[-107.27523096024048,48.391774194411]]},{""type"":""Polygon"",""coordinates"":[[[-107.275231119838,48.39177864592821],[-107.27519057097061,48.391770556321916],[-107.27520335030248,48.391756898719024],[-107.2749956100938,48.3916091612341],[-107.27498912781047,48.39161369095986],[-107.27496307066636,48.39163214330015],[-107.27491721531206,48.39165537777082],[-107.27489765323008,48.39166914156778],[-107.27533393065141,48.391977560547005],[-107.27536037136707,48.391968145393264],[-107.275339876295,48.39195962555932],[-107.27538637108694,48.39194978013694],[-107.27540538987495,48.391927081881704],[-107.27542534823687,48.39192219650037],[-107.27542490723702,48.3919132464098],[-107.275231119838,48.39177864592821]],[[-107.2753250839996,48.391928659945485],[-107.27530488276432,48.39192903450766],[-107.27531195936704,48.39193782261868],[-107.2753250839996,48.391928659945485]]]}]}"
00000000000000002967,862,0,0,0,"{""type"":""Polygon"",""coordinates"":[[[-107.27547533445448,48.39184084277987],[-107.27549485175697,48.391827007317644],[-107.27539807928827,48.39176196265988],[-107.27539153940174,48.39176657973785],[-107.27539120079055,48.39175761386436],[-107.27509332388266,48.391544670106164],[-107.27508010368743,48.39154937760552],[-107.27503458698082,48.3915815779387],[-107.2749956100938,48.3916091612341],[-107.27520335030248,48.391756898719024],[-107.27525501089154,48.39171120257593],[-107.27528194329483,48.39171512113524],[-107.2752309217547,48.39177420664539],[-107.27542490723702,48.3919132464098],[-107.27544265441882,48.39185929850959],[-107.27546295137391,48.391863379016684],[-107.27548388746618,48.39188084889185],[-107.27549032498679,48.391876247606156],[-107.2754830502246,48.39186302023064],[-107.27550880693543,48.39184014418986],[-107.27547533445448,48.39184084277987]]]}"
00000000000000002965,863,0,0,0,"{""type"":""GeometryCollection"",""geometries"":[{""type"":""LineString"",""coordinates"":[[-107.2754325407903,48.391783593990795],[-107.27541875887025,48.391774944803856]]},{""type"":""LineString"",""coordinates"":[[-107.27541968534167,48.391645386046],[-107.27541948724067,48.39164094515371]]},{""type"":""Polygon"",""coordinates"":[[[-107.27567576705647,48.39182346040299],[-107.27562927235341,48.391833305939784],[-107.27563654717486,48.39184653329536],[-107.27561702988342,48.39186036879114],[-107.27562430470384,48.39187359615438],[-107.27561806532049,48.391882636738146],[-107.2756447998606,48.391882115911805],[-107.27565094348823,48.39186862022894],[-107.2756842179185,48.39186348228727],[-107.27568377685415,48.39185453220937],[-107.27571061377547,48.39185399555596],[-107.27571041563425,48.391849556269335],[-107.27567576705647,48.39182346040299]]]},{""type"":""Polygon"",""coordinates"":[[[-107.27543705622284,48.3917343791211],[-107.2754423626559,48.391703054879564],[-107.27547510014035,48.39168451189589],[-107.2754197141214,48.391645385470596],[-107.27541968534167,48.391645386046],[-107.2754062957768,48.391645653753635],[-107.27540589956565,48.391636775212326],[-107.27541253515128,48.391636613223994],[-107.27519815870548,48.39148903851424],[-107.27517152027245,48.3914940142699],[-107.2751450799148,48.39150342927896],[-107.27511912526765,48.391521865812145],[-107.27510610315011,48.391531012575655],[-107.27509312581454,48.39154023084214],[-107.27509332388266,48.391544670106164],[-107.27539120079055,48.39175761386436],[-107.2753974401893,48.39174857331611],[-107.27543705622284,48.3917343791211]],[[-107.27538633756916,48.39165053910178],[-107.27540019690973,48.39165922086818],[-107.2754062957768,48.391645653753635],[-107.27538633756916,48.39165053910178]],[[-107.27536687794395,48.39166428718243],[-107.27536731893272,48.39167323723178],[-107.27538053917952,48.39166852968068],[-107.27536687794395,48.39166428718243]],[[-107.2753339423672,48.391678390847794],[-107.27535443728777,48.391686910641944],[-107.27536731893272,48.39167323723178],[-107.2753339423672,48.391678390847794]]]},{""type"":""Polygon"",""coordinates"":[[[-107.27561339958247,48.391780001033524],[-107.27553732003688,48.39172791559345],[-107.27550404576421,48.39173305346722],[-107.27550364953045,48.39172417491235],[-107.27546369487492,48.391729403263874],[-107.27543705622284,48.3917343791211],[-107.27543115545485,48.39175238553997],[-107.27539807928827,48.39176196265988],[-107.27541877238859,48.391774921733365],[-107.27543862828536,48.391770052174046],[-107.2754325407903,48.391783593990795],[-107.27543252940279,48.391783619322666],[-107.27549485175697,48.391827007317644],[-107.27550787394641,48.391817860448896],[-107.27553446788303,48.391812813059275],[-107.27554252233651,48.39184395637778],[-107.27558194035838,48.39182532280942],[-107.27562199753726,48.3918200785868],[-107.27564839335982,48.39181059188118],[-107.27562038050972,48.39178433400481],[-107.27561364250059,48.39178451181794],[-107.27561339958247,48.391780001033524]],[[-107.27559374179198,48.39178930991223],[-107.275607498879,48.39179800747699],[-107.27561364250059,48.39178451181794],[-107.27559374179198,48.39178930991223]],[[-107.27548418988188,48.39173792303631],[-107.2754979469086,48.391746620609894],[-107.27550404576421,48.39173305346722],[-107.27548418988188,48.39173792303631]],[[-107.27545204667965,48.39176978388461],[-107.27543823206805,48.39176117361234],[-107.27543862828536,48.391770052174046],[-107.27545204667965,48.39176978388461]],[[-107.27555500775465,48.39182140433115],[-107.27558764295173,48.39180287707451],[-107.27553997237851,48.39178592804964],[-107.27553446788303,48.391812813059275],[-107.27555500775465,48.39182140433115]]]}]}"
00000000000000002968,864,0,0,0,"{""type"":""MultiPolygon"",""coordinates"":[[[[-107.2754195160142,48.39164094619985],[-107.27547510014035,48.39168451189589],[-107.27556165160956,48.39166942228891],[-107.2755741879049,48.39165125389195],[-107.27560062838913,48.39164183873558],[-107.2755935517445,48.39163305069562],[-107.27558696710443,48.39163759627196],[-107.27557969233798,48.391624368963036],[-107.27530962886956,48.391433244891566],[-107.2753031466349,48.39143777462233],[-107.27524991459747,48.39144779767715],[-107.27523806823093,48.39148373880245],[-107.27519815870548,48.39148903851424],[-107.27541253515128,48.391636613223994],[-107.27541931790697,48.39163650692947],[-107.2754195160142,48.39164094619985]],[[-107.27545913192984,48.391626752027356],[-107.27552484299441,48.391598647753895],[-107.27550425230658,48.39158567293649],[-107.27543185423939,48.39161833856135],[-107.27541931790697,48.39163650692947],[-107.27545913192984,48.391626752027356]]],[[[-107.27573229257345,48.39173748961911],[-107.27572550977652,48.39173759593695],[-107.27573209442879,48.391733050342296],[-107.27567670791309,48.391693924042066],[-107.27564299258269,48.39169011191015],[-107.275662848453,48.39168524231293],[-107.27564913617186,48.391676616276946],[-107.27563591591665,48.39168132386591],[-107.27564195712387,48.39166784404431],[-107.27562820006864,48.3916591465049],[-107.27558838597969,48.391668901484636],[-107.27561571474959,48.39168169848995],[-107.27557600302038,48.39169143766031],[-107.27556302567349,48.391700656018244],[-107.27554960728848,48.39170092432258],[-107.27552970663176,48.391705722394775],[-107.27553732003688,48.39172791559345],[-107.2756132014526,48.39177556175255],[-107.27561339958247,48.391780001033524],[-107.27562038050972,48.39178433400481],[-107.27564839335982,48.39181059188118],[-107.27566805116037,48.39180128298732],[-107.27568240269431,48.39182329839413],[-107.27567576705647,48.39182346040299],[-107.27571041563425,48.391849556269335],[-107.27571675737794,48.39184049987666],[-107.27573037398099,48.39184467083215],[-107.27577372394342,48.39176347910232],[-107.27575278770765,48.39174600933233],[-107.27574600490767,48.39174611565173],[-107.27573229257345,48.39173748961911]],[[-107.27570722619694,48.391778138600095],[-107.27571434769007,48.39178699815708],[-107.27572044648936,48.39177343099183],[-107.27570722619694,48.391778138600095]],[[-107.2756814695986,48.391801014664594],[-107.27567439290196,48.391792226605695],[-107.27566805116037,48.39180128298732],[-107.2756814695986,48.391801014664594]],[[-107.27573268886275,48.39174636817384],[-107.2757334686357,48.3917642841028],[-107.27574688706979,48.39176401577123],[-107.27574600490767,48.39174611565173],[-107.27573268886275,48.39174636817384]],[[-107.2757200502034,48.39176455243246],[-107.27572044648936,48.39177343099183],[-107.27573386492492,48.391773162662],[-107.2757334686357,48.3917642841028],[-107.2757200502034,48.39176455243246]]]]}"
00000000000000002964,865,0,0,0,"{""type"":""MultiPolygon"",""coordinates"":[[[[-107.27573229257345,48.39173748961911],[-107.27574600490767,48.39174611565173],[-107.27574571099765,48.39173722128809],[-107.27573229257345,48.39173748961911]]],[[[-107.27562820006864,48.3916591465049],[-107.27564195712387,48.39166784404431],[-107.27564161844967,48.391658878189894],[-107.27562820006864,48.3916591465049]]],[[[-107.27575942333696,48.39174584731862],[-107.27575278770765,48.39174600933233],[-107.27577372394342,48.39176347910232],[-107.27577972033765,48.391749927749],[-107.27575902704112,48.39173696876424],[-107.27575942333696,48.39174584731862]]],[[[-107.27574571099765,48.39173722128809],[-107.27575902704112,48.39173696876424],[-107.275765125817,48.39172340160948],[-107.27576399451824,48.39169667865022],[-107.27577653075326,48.39167851021912],[-107.2757763326028,48.39167407094745],[-107.27542095831268,48.39137292464354],[-107.2754144185009,48.391377541687504],[-107.2753161686973,48.39142862784949],[-107.27530962886956,48.391433244891566],[-107.27557969233798,48.391624368963036],[-107.27560662481082,48.391628287423245],[-107.2755935517445,48.39163305069562],[-107.27560062838913,48.39164183873558],[-107.27563370446767,48.391632261569775],[-107.27564751910975,48.39164087179239],[-107.27565439763688,48.3916452205593],[-107.27566879389794,48.3916673074082],[-107.27564913617186,48.391676616276946],[-107.275662848453,48.39168524231293],[-107.2756696312358,48.391685135999964],[-107.275675870572,48.39167609544751],[-107.27570290550318,48.39167999807362],[-107.27569700485817,48.39169800448735],[-107.27567670791309,48.391693924042066],[-107.27573209442879,48.391733050342296],[-107.27573853190884,48.39172844905374],[-107.27574571099765,48.39173722128809]],[[-107.27573111651091,48.39171069514886],[-107.2757383913574,48.3917239224657],[-107.2757446306891,48.39171488190233],[-107.27573111651091,48.39171069514886]],[[-107.27570182521904,48.39165765871073],[-107.27570904907262,48.39166650243964],[-107.2757154865415,48.391661901158656],[-107.27570182521904,48.39165765871073]],[[-107.27567469454836,48.391649301006424],[-107.2756817712213,48.391658089042366],[-107.27568831107233,48.39165347195493],[-107.27567469454836,48.391649301006424]]]]}"
00000000000000002963,866,0,0,0,"{""type"":""Polygon"",""coordinates"":[[[-107.27574178728601,48.39150061072625],[-107.27570203094477,48.391510278408525],[-107.27568861260903,48.39151054673007],[-107.27563577660963,48.39152944853742],[-107.27568089675002,48.39148836944455],[-107.27571417084069,48.39148323153774],[-107.2755255496045,48.391312782143764],[-107.27545329926492,48.39134550329739],[-107.2754406158773,48.39136361587853],[-107.27542095831268,48.39137292464354],[-107.2757763326028,48.39167407094745],[-107.27577603868421,48.39166517659613],[-107.2758973346895,48.39168063751387],[-107.27593739180601,48.391675393175625],[-107.27574178728601,48.39150061072625]]]}"
00000000000000002966,867,0,0,0,"{""type"":""MultiPolygon"",""coordinates"":[[[[-107.27589572416812,48.3914930735333],[-107.27579546065563,48.39149953739869],[-107.27578160121739,48.39149085571774],[-107.27574178728601,48.39150061072625],[-107.27593739180601,48.391675393175625],[-107.27609108673438,48.39166334484695],[-107.27589572416812,48.3914930735333]]],[[[-107.2756372620495,48.39126149908204],[-107.27559784465943,48.39128013246017],[-107.2755255496045,48.391312782143764],[-107.27571417084069,48.39148323153774],[-107.27582037957015,48.39145883292086],[-107.27583286470424,48.391436281008126],[-107.2756372620495,48.39126149908204]]]]}"
0000000000000000292c,868,0,0,0,"{""type"":""MultiPolygon"",""coordinates"":[[[[-107.27596546889173,48.3914023955707],[-107.27596586524254,48.39141127406715],[-107.27598099677732,48.391451205084635],[-107.27600115310823,48.391450758884226],[-107.27602125185008,48.39145039999118],[-107.27596546889173,48.3914023955707]]],[[[-107.27606297724718,48.39148528352626],[-107.27599598775745,48.39148660956217],[-107.27589572416812,48.3914930735333],[-107.27609108673438,48.39166334484695],[-107.27611762305804,48.3916583846232],[-107.27622369190014,48.391629458884324],[-107.27606297724718,48.39148528352626]]],[[[-107.27573517259123,48.391201446989555],[-107.2756372620495,48.39126149908204],[-107.27583262175683,48.39143177025444],[-107.27590438012014,48.391385715207974],[-107.2759237947172,48.391371895594],[-107.27593057746154,48.39137178926422],[-107.27573517259123,48.391201446989555]]]]}"
0000000000000000296a,869,0,0,0,"{""type"":""MultiPolygon"",""coordinates"":[[[[-107.27621490050863,48.391433122984054],[-107.27610991278783,48.39148438786201],[-107.27606297724718,48.39148528352626],[-107.27622369190014,48.391629458884324],[-107.27629642876657,48.39160575849482],[-107.27638126033594,48.391554939577205],[-107.27621490050863,48.391433122984054]]],[[[-107.2759652259276,48.39139788482064],[-107.27596546889173,48.3914023955707],[-107.27602125185008,48.39145039999118],[-107.27607482292377,48.391449342315745],[-107.27612078025767,48.391426091583405],[-107.27618025174026,48.39140702750805],[-107.27610377524454,48.39134606440936],[-107.27609699249231,48.39134617075151],[-107.2760909514843,48.39135965051538],[-107.27607069937714,48.391355641680185],[-107.27603108372612,48.39136983602589],[-107.27601078684471,48.391365755674634],[-107.27602356583641,48.39135209807494],[-107.27601624613568,48.39133879937124],[-107.27606298327956,48.391333464495766],[-107.27607596043654,48.391324246138616],[-107.27582638979374,48.39114164419595],[-107.27579424733241,48.39117350478386],[-107.2757546318992,48.391187698961645],[-107.27573517259123,48.391201446989555],[-107.27593057746154,48.39137178926422],[-107.27595750989595,48.39137570760853],[-107.2759652259276,48.39139788482064]],[[-107.27597736562194,48.391370837978705],[-107.27596365332838,48.39136221203872],[-107.27595750989595,48.39137570760853],[-107.27597736562194,48.391370837978705]]]]}"
00000000000000002962,870,0,0,0,"{""type"":""MultiPolygon"",""coordinates"":[[[[-107.27635281054022,48.391367912941526],[-107.27624777825334,48.39141910639952],[-107.27621490050863,48.391433122984054],[-107.27638126033594,48.391554939577205],[-107.27644019496563,48.39152247020825],[-107.27649789529856,48.39146329381461],[-107.27635281054022,48.391367912941526]]],[[[-107.2759108816871,48.39108186040405],[-107.27588488272772,48.39110022548424],[-107.27582638979374,48.39114164419595],[-107.27607596043654,48.391324246138616],[-107.27608239782244,48.39131964486467],[-107.27611591483571,48.39131901757881],[-107.27612201342083,48.391305450512505],[-107.27612933316276,48.39131874919879],[-107.27615597162298,48.39131377319336],[-107.27616830937109,48.391291165611044],[-107.27620266399835,48.39130836674978],[-107.27615670682734,48.39133161746585],[-107.27613017073563,48.39133657766413],[-107.27613036893158,48.391341016905834],[-107.27610377524454,48.39134606440936],[-107.27618025174026,48.39140702750805],[-107.27624620537858,48.39138343361501],[-107.27626636172889,48.39138298735906],[-107.27631855811549,48.39135069603222],[-107.2759108816871,48.39108186040405]]]]}"
0000000000000000295d,871,0,0,0,"{""type"":""MultiPolygon"",""coordinates"":[[[[-107.27647145926514,48.39132089023164],[-107.27641218611244,48.391344393694396],[-107.27637276867934,48.391363027420326],[-107.27635281054022,48.391367912941526],[-107.27649789529856,48.39146329381461],[-107.27654257354756,48.39141326438904],[-107.2765611567935,48.39137714530136],[-107.27647145926514,48.39132089023164]]],[[[-107.27599497701422,48.391013198178776],[-107.27598853968085,48.3910177994191],[-107.27596902291211,48.39103163475822],[-107.2759108816871,48.39108186040405],[-107.27631855811549,48.39135069603222],[-107.27633158004187,48.3913415491402],[-107.27641051069065,48.39130873677637],[-107.27643002754705,48.39129490127355],[-107.27599497701422,48.391013198178776]]]]}"
0000000000000000294f,872,0,0,0,"{""type"":""MultiPolygon"",""coordinates"":[[[[-107.27659000545793,48.39127388323038],[-107.27656951019019,48.39126536377444],[-107.27655029400157,48.3912836227219],[-107.27648467940408,48.39131618256251],[-107.27647145926514,48.39132089023164],[-107.2765611567935,48.39137714530136],[-107.27659718473922,48.39128265532153],[-107.27659000545793,48.39127388323038]]],[[[-107.27609273326429,48.39094877831602],[-107.27607951326904,48.39095348589519],[-107.27605351444089,48.390971850973465],[-107.27601453855694,48.390999434341374],[-107.27599497701422,48.391013198178776],[-107.27643002754705,48.39129490127355],[-107.27644988327107,48.39129003155353],[-107.27654867603299,48.391247878538756],[-107.27609273326429,48.39094877831602]]]]}"
0000000000000000295a,873,0,0,0,"{""type"":""MultiPolygon"",""coordinates"":[[[[-107.27657604992103,48.39126074666363],[-107.27656951019019,48.39126536377444],[-107.27659000545793,48.39127388323038],[-107.27657604992103,48.39126074666363]]],[[[-107.27619004806805,48.390875408529986],[-107.27615717082571,48.39088942493921],[-107.27609249028167,48.39094426760511],[-107.27609273326429,48.39094877831602],[-107.27654867603299,48.391247878538756],[-107.27657487321765,48.39123395245936],[-107.2766337496744,48.39120157049341],[-107.27619004806805,48.390875408529986]]]]}"
00000000000000002953,874,0,0,0,"{""type"":""MultiPolygon"",""coordinates"":[[[[-107.276766353451,48.39116768411066],[-107.27675313336124,48.39117239180417],[-107.27666132184686,48.39121887781109],[-107.27682174105904,48.39120680936947],[-107.276766353451,48.39116768411066]]],[[[-107.27629483574185,48.39081970499817],[-107.27620966054265,48.39086602820058],[-107.27619004806805,48.390875408529986],[-107.2766337496744,48.39120157049341],[-107.27665974855586,48.391183205177775],[-107.27671278239235,48.39116874216552],[-107.27669872444703,48.39115562145306],[-107.27665759328076,48.39113405608762],[-107.27669091206513,48.39112898938093],[-107.2767176463651,48.39112846826966],[-107.27629483574185,48.39081970499817]]]]}"
00000000000000002956,875,0,0,0,"{""type"":""Polygon"",""coordinates"":[[[-107.27639942498175,48.39075956222316],[-107.27633405434989,48.390796632313524],[-107.27632103262889,48.39080577910725],[-107.27629483574185,48.39081970499817],[-107.2767176463651,48.39112846826966],[-107.27675131691427,48.39113220848268],[-107.27676414043968,48.39111862235243],[-107.2768043954846,48.39111781693674],[-107.27683034947749,48.391099380104734],[-107.27684474644875,48.39112146653357],[-107.276766353451,48.39116768411066],[-107.27682174105904,48.39120680936947],[-107.27682847904777,48.3912066314741],[-107.27694746626338,48.39116857408981],[-107.27639942498175,48.39075956222316]]]}"
00000000000000002955,876,0,0,0,"{""type"":""Polygon"",""coordinates"":[[[-107.27701308051813,48.39113601403208],[-107.2765176751887,48.390703661668894],[-107.27650465352134,48.39071280847019],[-107.27645142215735,48.390722832037106],[-107.27639942498175,48.39075956222316],[-107.27694746626338,48.39116857408981],[-107.27699351905133,48.39114977810599],[-107.27701991443138,48.39114029115415],[-107.27701308051813,48.39113601403208]],[[-107.2769229410192,48.391070809720496],[-107.27690264399845,48.39106672958395],[-107.27690991925485,48.3910799566421],[-107.2769229410192,48.391070809720496]]]}"
00000000000000002957,877,0,0,0,"{""type"":""Polygon"",""coordinates"":[[[-107.27665597883833,48.39064733051925],[-107.2765176751887,48.390703661668894],[-107.27701308051813,48.39113601403208],[-107.27665597883833,48.39064733051925]]]}"
0000000000000000295c,878,0,0,0,"{""type"":""Polygon"",""coordinates"":[[[-107.27677462518035,48.39060030813061],[-107.27670183267969,48.39062409569647],[-107.27666261433336,48.390647168449924],[-107.27665597883833,48.39064733051925],[-107.27701308051813,48.39113601403208],[-107.27701991443138,48.39114029115415],[-107.27708552862285,48.39110773106583],[-107.27713880554548,48.39109777855737],[-107.27677462518035,48.39060030813061]]]}"
0000000000000000294e,879,0,0,0,"{""type"":""Polygon"",""coordinates"":[[[-107.27690678544796,48.390557472142646],[-107.27677462518035,48.39060030813061],[-107.27713880554548,48.39109777855737],[-107.27717207961813,48.39109264018398],[-107.27721837543096,48.391078354837255],[-107.27690678544796,48.390557472142646]]]}"
0000000000000000295e,880,0,0,0,"{""type"":""Polygon"",""coordinates"":[[[-107.27703982843019,48.39053253568786],[-107.27699362927002,48.39055127576547],[-107.27693322517783,48.390548056831854],[-107.27690678544796,48.390557472142646],[-107.27721837543096,48.391078354837255],[-107.2773174618796,48.391045095447524],[-107.27732414228358,48.39104500482956],[-107.27703982843019,48.39053253568786]]]}"
0000000000000000295b,881,0,0,0,"{""type"":""Polygon"",""coordinates"":[[[-107.27715876868461,48.39049440707721],[-107.2771125184221,48.39050876372025],[-107.27703982843019,48.39053253568786],[-107.27732414228358,48.39104500482956],[-107.27742863575038,48.39098040565958],[-107.27715876868461,48.39049440707721]]]}"
00000000000000002960,882,0,0,0,"{""type"":""Polygon"",""coordinates"":[[[-107.27729181163998,48.39046947030383],[-107.27726541674461,48.39047895719876],[-107.27721892336298,48.39048880322284],[-107.27718540670854,48.39048943087444],[-107.27716525064984,48.390489877308234],[-107.27715876868461,48.39049440707721],[-107.27742863575038,48.39098040565958],[-107.27743527135883,48.390980243533036],[-107.27752929612598,48.390982818559365],[-107.27756925059377,48.3909775894272],[-107.27729181163998,48.39046947030383]]]}"
00000000000000002108,883,0,0,0,"{""type"":""Polygon"",""coordinates"":[[[-107.27764425114273,48.390855515907525],[-107.2775507256953,48.39086180357266],[-107.27759014249482,48.390843169554806],[-107.27761648008206,48.39083376981038],[-107.27762301967718,48.390829152669134],[-107.277629655272,48.390828990529975],[-107.27742495059155,48.39044898832863],[-107.2773982165818,48.39044950962263],[-107.27735796201053,48.3904503152649],[-107.27729181163998,48.39046947030383],[-107.27756925059377,48.3909775894272],[-107.27770269242797,48.39096153021022],[-107.27764425114273,48.390855515907525]]]}"
00000000000000002076,884,0,0,0,"{""type"":""Polygon"",""coordinates"":[[[-107.27775065744105,48.390835554657386],[-107.2777442202328,48.390840155996806],[-107.27773714304492,48.390831368260464],[-107.27774304265238,48.39081336204027],[-107.27755023182648,48.39040180305107],[-107.2775105211551,48.3904115427602],[-107.27743168848457,48.390448810395924],[-107.27742495059155,48.39044898832863],[-107.277629655272,48.390828990529975],[-107.27769688791389,48.39083217406461],[-107.2777237246661,48.39083163686377],[-107.27769792465831,48.39085444152696],[-107.27764425114273,48.390855515907525],[-107.27770269242797,48.39096153021022],[-107.27770937284455,48.39096143956531],[-107.27779548224333,48.39093739826225],[-107.27775065744105,48.390835554657386]]]}"
00000000000000002961,885,0,0,0,"{""type"":""Polygon"",""coordinates"":[[[-107.2776830763678,48.39037242662639],[-107.27764955965344,48.39037305443999],[-107.27755023182648,48.39040180305107],[-107.27774284425618,48.390808922850866],[-107.27777651500614,48.39081266267729],[-107.27775065744105,48.390835554657386],[-107.27779548224333,48.39093739826225],[-107.27783509751814,48.39092320331398],[-107.27792100844731,48.39089472272122],[-107.27786930446734,48.39078853073437],[-107.2776830763678,48.39037242662639]],[[-107.27786930446734,48.39078853073437],[-107.2778488088707,48.39078001163701],[-107.27784226929656,48.39078462878883],[-107.2777827538065,48.39080362214952],[-107.27780413258465,48.39083004102617],[-107.27786930446734,48.39078853073437]]]}"
00000000000000002103,886,0,0,0,"{""type"":""Polygon"",""coordinates"":[[[-107.27780201628211,48.39033429734288],[-107.2777557661435,48.39034865424918],[-107.277689814265,48.39037224867575],[-107.2776830763678,48.39037242662639],[-107.27792100844731,48.39089472272122],[-107.27792744565645,48.39089012136523],[-107.27805434796795,48.390878678850406],[-107.27780201628211,48.39033429734288]],[[-107.27797590914004,48.390773008446295],[-107.27794219353798,48.39076919719347],[-107.27794927078025,48.390777984903096],[-107.27797590914004,48.390773008446295]]]}"
00000000000000002107,887,0,0,0,"{""type"":""Polygon"",""coordinates"":[[[-107.27792110327773,48.39029622363074],[-107.2779013440061,48.390305548510604],[-107.27788836742158,48.39031476692367],[-107.27786826889664,48.390315126193954],[-107.27784821516798,48.390315556959905],[-107.27780201628211,48.39033429734288],[-107.27805434796795,48.390878678850406],[-107.27820784404919,48.39086218813545],[-107.27792110327773,48.39029622363074]]]}"
00000000000000002104,888,0,0,0,"{""type"":""GeometryCollection"",""geometries"":[{""type"":""LineString"",""coordinates"":[[-107.27828097388907,48.39069556374447],[-107.27828780659577,48.39069985155484]]},{""type"":""Polygon"",""coordinates"":[[[-107.27828097330752,48.39069554801627],[-107.27800435631292,48.390209732699084],[-107.2779781600111,48.39022365887835],[-107.2779063089231,48.390265259431665],[-107.2779405617395,48.39028247541503],[-107.27792110327773,48.39029622363074],[-107.27820784404919,48.39086218813545],[-107.27835327051908,48.39081471355305],[-107.27829468626312,48.39070417350113],[-107.27828146631371,48.39070888136038],[-107.27828097388907,48.39069556374447],[-107.27828097330752,48.39069554801627]],[[-107.27828146631371,48.39070888136038],[-107.27824799387523,48.39070958089997],[-107.27827527241222,48.39071799340209],[-107.27828146631371,48.39070888136038]]]}]}"
0000000000000000298d,889,0,0,0,"{""type"":""Polygon"",""coordinates"":[[[-107.27811572562827,48.39014948233776],[-107.27810270433201,48.390158629251125],[-107.27808294514297,48.390167954142186],[-107.2780767065178,48.39017699457731],[-107.27800435631292,48.390209732699084],[-107.27828780738747,48.39069982500868],[-107.27829468626312,48.39070417350113],[-107.27835327051908,48.39081471355305],[-107.27838620525377,48.39080060910281],[-107.27845751942247,48.39074560289511],[-107.27811572562827,48.39014948233776]]]}"
00000000000000002105,890,0,1,0,"{""type"":""Polygon"",""coordinates"":[[[-107.27821967186253,48.39007594953083],[-107.2782072907706,48.3900984853253],[-107.27813577932353,48.39014905151819],[-107.27811572562827,48.39014948233776],[-107.27845751942247,48.39074560289511],[-107.2784641998544,48.390745512197704],[-107.27850317469296,48.39071792799431],[-107.27851870184118,48.390614919657736],[-107.27852499806122,48.39060579180785],[-107.27821967186253,48.39007594953083]]]}"
00000000000000002102,891,0,0,0,"{""type"":""Polygon"",""coordinates"":[[[-107.27830204675307,48.38996708851579],[-107.27827619000419,48.38998998025376],[-107.27830990506585,48.38999379134748],[-107.2782772271315,48.390012247348665],[-107.27826316878429,48.389999127159584],[-107.27824975063244,48.38999939582638],[-107.27825063407252,48.390017295304496],[-107.27826425069621,48.390021465758025],[-107.27825103099968,48.39002617354644],[-107.27824449158888,48.39003079065624],[-107.27821967186253,48.39007594953083],[-107.27852499806122,48.39060579180785],[-107.27857011522381,48.390564712145476],[-107.27860299213674,48.39055069500461],[-107.27862938713585,48.390541207727004],[-107.27830204675307,48.38996708851579]]]}"
00000000000000002988,892,0,0,0,"{""type"":""Polygon"",""coordinates"":[[[-107.27842830604037,48.389942256933566],[-107.27841596989262,48.38996486419381],[-107.2783955705836,48.38996080026609],[-107.27837571541455,48.38996567025261],[-107.2783483412635,48.38995280295923],[-107.27830204675307,48.38996708851579],[-107.27862938713585,48.390541207727004],[-107.27863616992452,48.39054110120686],[-107.27866840648728,48.3905136950692],[-107.27874055874109,48.39047651709013],[-107.27842830604037,48.389942256933566]]]}"
00000000000000002101,893,0,0,0,"{""type"":""Polygon"",""coordinates"":[[[-107.27863428540557,48.39004987113894],[-107.27863384359152,48.39004092139781],[-107.27856842529924,48.389926106208655],[-107.27850217324588,48.38994527768614],[-107.27842830604037,48.389942256933566],[-107.27874055874109,48.39047651709013],[-107.27881260852325,48.39043935489703],[-107.27883900344816,48.39042986758354],[-107.2788522233057,48.39042515967456],[-107.27863428540557,48.39004987113894]]]}"
000000000000000020fb,894,0,0,0,"{""type"":""MultiPolygon"",""coordinates"":[[[[-107.27878168121795,48.390046946708715],[-107.27876826297508,48.39004721545043],[-107.27874182354114,48.39005663117007],[-107.27871553127532,48.39006610257174],[-107.27868687614435,48.39002645763862],[-107.278661121857,48.390049333691884],[-107.27863428540557,48.39004987113894],[-107.2788522233057,48.39042515967456],[-107.27886544316179,48.39042045176422],[-107.27894501218256,48.39040102688333],[-107.27897067047486,48.390373695639965],[-107.27878168121795,48.390046946708715]]],[[[-107.27869448612165,48.389896835185795],[-107.2786354137907,48.38992477844413],[-107.27860169863547,48.389920967471895],[-107.27858184346981,48.389925837497266],[-107.27856842529924,48.389926106208655],[-107.27863384359152,48.39004092139781],[-107.27863266532282,48.39001412787099],[-107.27861895247567,48.39000550254317],[-107.27860425364192,48.38997899356253],[-107.27865866290018,48.38999576245652],[-107.27869257666738,48.390004012528756],[-107.27872609341901,48.39000338435488],[-107.27875292986283,48.39000284688286],[-107.27869448612165,48.389896835185795]]]]}"
00000000000000002100,895,0,0,0,"{""type"":""MultiPolygon"",""coordinates"":[[[[-107.27891512093822,48.39003088614235],[-107.27886208833317,48.390045350029986],[-107.27881495471374,48.39004180788246],[-107.27878168121795,48.390046946708715],[-107.27897067047486,48.390373695639965],[-107.27900846620524,48.39031931776925],[-107.27906164021691,48.39030938016768],[-107.2790748152393,48.39030460074043],[-107.27891512093822,48.39003088614235]]],[[[-107.27884227849168,48.389902788899974],[-107.27882242331441,48.389907658973684],[-107.27883500257748,48.38988956229658],[-107.2787841802686,48.389801272247524],[-107.27877076211443,48.38980154098611],[-107.27877115917138,48.38981041918671],[-107.2787718956998,48.38982826290284],[-107.27873744405403,48.38980660826929],[-107.27868465512573,48.389825582589914],[-107.2787057909547,48.38984749016927],[-107.27870746246535,48.389887616742215],[-107.27869448612165,48.389896835185795],[-107.27875292986283,48.39000284688286],[-107.27886621324622,48.389987233162984],[-107.278885728974,48.38997339753287],[-107.27885707366826,48.3899337527238],[-107.27884227849168,48.389902788899974]],[[-107.27883682140141,48.38992974458255],[-107.27884409732282,48.38994297119558],[-107.27885707366826,48.3899337527238],[-107.27883682140141,48.38992974458255]],[[-107.27872564608846,48.38984262012625],[-107.27873292194734,48.38985584672769],[-107.27874594306553,48.38984669978537],[-107.27872564608846,48.38984262012625]]]]}"
000000000000000020fe,896,0,0,0,"{""type"":""GeometryCollection"",""geometries"":[{""type"":""LineString"",""coordinates"":[[-107.27888549534188,48.38996895420617],[-107.27888569468635,48.389973416432746]]},{""type"":""Polygon"",""coordinates"":[[[-107.27902044326885,48.38998858526054],[-107.27894165652789,48.39002592530938],[-107.27891512093822,48.39003088614235],[-107.2790748152393,48.39030460074043],[-107.27918652400984,48.39025331461617],[-107.27919994238684,48.390253045811626],[-107.27902044326885,48.38998858526054]]]},{""type"":""Polygon"",""coordinates"":[[[-107.27896254288399,48.38989150767687],[-107.27895620208585,48.38990056392889],[-107.278901991192,48.38988823434408],[-107.27890833199714,48.38987917809756],[-107.27892862905514,48.389883257718836],[-107.27894804233489,48.38986943791661],[-107.27894076637975,48.38985621133053],[-107.27893432941632,48.38986081265898],[-107.27891383382286,48.38985229393675],[-107.27893388752594,48.38985186295288],[-107.278876282304,48.389763679557674],[-107.27884409132311,48.38979115685857],[-107.2787841802686,48.389801272247524],[-107.27883480404176,48.389885123189835],[-107.27886891635578,48.3898978122899],[-107.27884227849168,48.389902788899974],[-107.27888553043267,48.389968958419374],[-107.27891246306154,48.389972875827844],[-107.27895207733326,48.38995868070128],[-107.27896436184855,48.38993168995833],[-107.27897733817726,48.38992247147268],[-107.27896254288399,48.38989150767687]]]}]}"
000000000000000020fc,897,0,0,0,"{""type"":""MultiPolygon"",""coordinates"":[[[[-107.27896234433275,48.389887068570616],[-107.27896254288399,48.38989150767687],[-107.27897733817726,48.38992247147268],[-107.27902908967911,48.38988122992304],[-107.27896234433275,48.389887068570616]]],[[[-107.27912645077981,48.389959744629785],[-107.27908015615925,48.389974030565746],[-107.27902044326885,48.38998858526054],[-107.27919994238684,48.390253045811626],[-107.27930590595133,48.390224133319364],[-107.27933190354801,48.390205767650016],[-107.27912645077981,48.389959744629785]]],[[[-107.27902908967911,48.38988122992304],[-107.27905552899506,48.389871814158326],[-107.2790414702989,48.38985869412646],[-107.27901311579046,48.389823472741],[-107.27900617934328,48.389819211682024],[-107.27893545672202,48.38973572043128],[-107.27892867405913,48.38973582696776],[-107.278876282304,48.389763679557674],[-107.27893388752594,48.38985186295288],[-107.27894042686725,48.389847245813414],[-107.27894076637975,48.38985621133053],[-107.27894804233489,48.38986943791661],[-107.27897512209202,48.38987341098831],[-107.27900839547449,48.38986827211466],[-107.27902908967911,48.38988122992304]],[[-107.27902795590752,48.389854507987536],[-107.27902844920624,48.389867841110224],[-107.2790414702989,48.38985869412646],[-107.27902795590752,48.389854507987536]],[[-107.27896052536764,48.38984688632274],[-107.27894666527817,48.38983820538355],[-107.27894042686725,48.389847245813414],[-107.27896052536764,48.38984688632274]]]]}"
000000000000000020fd,898,0,0,0,"{""type"":""MultiPolygon"",""coordinates"":[[[[-107.27901311579046,48.389823472741],[-107.27905552899506,48.389871814158326],[-107.27906078736325,48.38984041939476],[-107.27901311579046,48.389823472741]]],[[[-107.27923821604033,48.38990837149387],[-107.27912645077981,48.389959744629785],[-107.27933190354801,48.390205767650016],[-107.27943659194561,48.39014560653182],[-107.27923821604033,48.38990837149387]]],[[[-107.27894867632509,48.38973101257674],[-107.27893545672202,48.38973572043128],[-107.27900617934328,48.389819211682024],[-107.27903237525759,48.389805285338],[-107.27904545391122,48.38979605105443],[-107.27905985213026,48.38981813658036],[-107.27907906678682,48.38979987767156],[-107.27894867632509,48.38973101257674]]]]}"
00000000000000002119,899,0,0,0,"{""type"":""Polygon"",""coordinates"":[[[-107.27924485158222,48.389908209247345],[-107.27923821604033,48.38990837149387],[-107.27943659194561,48.39014560653182],[-107.27947580921473,48.39012253289082],[-107.27960850687784,48.3900930982651],[-107.27962158558074,48.39008386385209],[-107.27965539762332,48.3900921293943],[-107.27966881600852,48.390091860524905],[-107.27924485158222,48.389908209247345]]]}"
0000000000000000210b,900,0,0,0,"{""type"":""Polygon"",""coordinates"":[[[-107.27933056174957,48.38987528888796],[-107.27931090513736,48.38988459816463],[-107.27926461058958,48.38989888416745],[-107.27924485158222,48.389908209247345],[-107.27966881600852,48.390091860524905],[-107.27972916997217,48.39009069424466],[-107.27976264237476,48.39008999419832],[-107.27986197007264,48.39006124347238],[-107.27988836475838,48.39005175594405],[-107.27992143984793,48.39004217761339],[-107.27994768064848,48.39002832245795],[-107.27933056174957,48.38987528888796]]]}"
00000000000000001ff6,901,0,0,0,"{""type"":""MultiPolygon"",""coordinates"":[[[[-107.27927875783308,48.38976464487612],[-107.27927339727432,48.38979605541443],[-107.27923300161407,48.38979233542668],[-107.27922730142947,48.389814780470964],[-107.27926057481696,48.38980964151556],[-107.27930844521077,48.38983102713588],[-107.27938039733586,48.3897894100948],[-107.27927875783308,48.38976464487612]]],[[[-107.27942787062054,48.3898019174507],[-107.27942138889728,48.38980644730771],[-107.27936309839934,48.38985230617069],[-107.27933056174957,48.38987528888796],[-107.27994768064848,48.39002832245795],[-107.27996753599282,48.39002345213656],[-107.27998759001154,48.39002302092347],[-107.28009959883663,48.38997615732915],[-107.28010603576045,48.38997155591374],[-107.27942787062054,48.3898019174507]]],[[[-107.27902092310043,48.38969828987646],[-107.2790145823503,48.38970734609832],[-107.27896808951618,48.38971719281216],[-107.2789618511324,48.38972623322223],[-107.27894867632509,48.38973101257674],[-107.27907906678682,48.38979987767156],[-107.27909818523855,48.389777163857175],[-107.27911204536551,48.38978584476363],[-107.27910610175272,48.38980377920243],[-107.27913307914763,48.38980776803632],[-107.27916581436148,48.38978922451198],[-107.27916517383643,48.38977583572448],[-107.27916423853729,48.38975355293973],[-107.27916335464056,48.389735653570064],[-107.27902092310043,48.38969828987646]],[[-107.27913116379594,48.38976313094921],[-107.27913170192923,48.3897765355461],[-107.27914467818225,48.389767317066585],[-107.27913116379594,48.38976313094921]]]]}"
00000000000000001ff5,902,0,0,0,"{""type"":""MultiPolygon"",""coordinates"":[[[[-107.27947790453472,48.38972047782182],[-107.27945382307918,48.38978348040398],[-107.27942787062054,48.3898019174507],[-107.28010603576045,48.38997155591374],[-107.2802183394488,48.38993358625025],[-107.28023745752262,48.38991087216193],[-107.27947790453472,48.38972047782182]]],[[[-107.27916590317899,48.3896418655439],[-107.27908751436503,48.389688083626176],[-107.27904057961844,48.38968898069399],[-107.27902092310043,48.38969828987646],[-107.27916335464056,48.389735653570064],[-107.27915607861254,48.389722427035295],[-107.27918955047944,48.38972172720692],[-107.2792018347582,48.38969473655949],[-107.27923510803039,48.38968959762739],[-107.27925402776762,48.389662444746094],[-107.27916590317899,48.3896418655439]]],[[[-107.27928115891824,48.38967080111679],[-107.27926130382893,48.389675671257734],[-107.27928179948803,48.38968418987603],[-107.2792886783802,48.389688538214145],[-107.27925540509655,48.38969367716498],[-107.27925644283299,48.389715944110215],[-107.27928381740935,48.38972881107706],[-107.27927875783308,48.38976464487612],[-107.27938039733586,48.3897894100948],[-107.27938707766167,48.389789319337574],[-107.27941877498927,48.38974850877059],[-107.2794182367499,48.38973510418505],[-107.27945086947766,48.38971657640391],[-107.27945067086567,48.38971213731476],[-107.27938977946775,48.38969989881459],[-107.27928115891824,48.38967080111679]],[[-107.27935610894923,48.389696159625395],[-107.27936338506059,48.389709386136396],[-107.27938977946775,48.38969989881459],[-107.27935610894923,48.389696159625395]],[[-107.279295858247,48.38969730982824],[-107.27930229516102,48.389692708490934],[-107.2792886783802,48.389688538214145],[-107.279295858247,48.38969730982824]]]]}"
000000000000000020f8,903,0,0,0,"{""type"":""MultiPolygon"",""coordinates"":[[[[-107.27953441992523,48.38963450844747],[-107.27950134525253,48.38964408656122],[-107.27948404659091,48.38970698248059],[-107.27947790453472,48.38972047782182],[-107.28023745752262,48.38991087216193],[-107.28028213050187,48.38986084258757],[-107.28028783012505,48.38983839747557],[-107.27953441992523,48.38963450844747]]],[[[-107.27942801598647,48.389654471162984],[-107.27940869913037,48.3896727458995],[-107.27937458662585,48.389660057049355],[-107.279400442762,48.38963716517302],[-107.27942029784263,48.389632295007054],[-107.27941238109928,48.389605679779024],[-107.27943941606108,48.38960958120206],[-107.27922895822833,48.38955127933815],[-107.27923623426096,48.38956450582486],[-107.279223898644,48.389587113015274],[-107.27919863823344,48.38962332207008],[-107.27916590317899,48.3896418655439],[-107.27925402776762,48.389662444746094],[-107.27926646577932,48.38963982170737],[-107.27928769820736,48.38966618397069],[-107.27928115891824,48.38967080111679],[-107.27945067086567,48.38971213731476],[-107.27944305507734,48.38968994532494],[-107.27945563403973,48.38967184864809],[-107.27945519201857,48.389662898979395],[-107.27945445515097,48.389645055332416],[-107.27942801598647,48.389654471162984]],[[-107.27927250550245,48.389626342211024],[-107.27927958297443,48.38963512962864],[-107.2792861222569,48.38963051248591],[-107.27927250550245,48.389626342211024]],[[-107.27924493241781,48.38960903618202],[-107.27924532959304,48.38961791434562],[-107.27925854915883,48.38961320645981],[-107.27924493241781,48.38960903618202]]]]}"
000000000000000020eb,904,0,0,0,"{""type"":""MultiPolygon"",""coordinates"":[[[[-107.27957063796777,48.38954445972994],[-107.2795709776397,48.38955342518991],[-107.27955884081129,48.38958047149171],[-107.27954085681505,48.389629907100236],[-107.27953441992523,48.38963450844747],[-107.28028783012505,48.38983839747557],[-107.28032429040798,48.389752858747954],[-107.27957063796777,48.38954445972994]]],[[[-107.27942810370726,48.38950711259465],[-107.2794216668344,48.38951171392332],[-107.27939522776975,48.389521129718815],[-107.27939576600554,48.38953453425083],[-107.27939684862837,48.38955687262396],[-107.27934263781279,48.38954454336511],[-107.27936883349427,48.38953061700699],[-107.27936091680658,48.38950400182404],[-107.27928842706551,48.3895322140768],[-107.2792543147721,48.389519525212044],[-107.27921436138429,48.3895247548743],[-107.27922895822833,48.38955127933815],[-107.27943941606108,48.38960958120206],[-107.27947956822605,48.38960879051387],[-107.27947883134492,48.38959094688551],[-107.27949141025633,48.38957285023885],[-107.27949096822509,48.38956390058719],[-107.27950959289353,48.389527853765046],[-107.27942810370726,48.38950711259465]],[[-107.27946909501372,48.38952414970354],[-107.27945675952267,48.38954675690354],[-107.27948959068779,48.38953266825294],[-107.27946909501372,48.38952414970354]]]]}"
000000000000000020ff,905,0,0,0,"{""type"":""MultiPolygon"",""coordinates"":[[[[-107.2794677174932,48.389492917391806],[-107.27942810370726,48.38950711259465],[-107.27950959289353,48.389527853765046],[-107.27951583114351,48.389518813356446],[-107.27952782693329,48.38948724071094],[-107.2794677174932,48.389492917391806]]],[[[-107.27963423044756,48.38946727795827],[-107.27963447387926,48.389471788523984],[-107.27960847689664,48.38949015400693],[-107.27958955744508,48.38951730686306],[-107.27957063796777,48.38954445972994],[-107.28032429040798,48.389752858747954],[-107.28033451001963,48.38968117531483],[-107.2803539677634,48.38966742678728],[-107.27963423044756,48.38946727795827]]]]}"
000000000000000020f2,906,0,0,0,"{""type"":""Polygon"",""coordinates"":[[[-107.27968400727083,48.3893814870046],[-107.27963423044756,48.38946727795827],[-107.2803539677634,48.38966742678728],[-107.28036694384822,48.389658208165876],[-107.28043097771628,48.38958997536935],[-107.27968400727083,48.3893814870046]]]}"
000000000000000020f3,907,0,0,0,"{""type"":""Polygon"",""coordinates"":[[[-107.27976755658838,48.38929941938962],[-107.27976121604605,48.389308475587754],[-107.27968852804032,48.38933224897314],[-107.27965565226772,48.38934626613626],[-107.27968990575808,48.38936348118264],[-107.27968400727083,48.3893814870046],[-107.28043097771628,48.38958997536935],[-107.28046327028002,48.38956248184744],[-107.28046941201299,48.38954898649141],[-107.27976755658838,48.38929941938962]]]}"
000000000000000020f5,908,0,0,0,"{""type"":""Polygon"",""coordinates"":[[[-107.27981040920392,48.38920920889095],[-107.27978033394099,48.38928576186102],[-107.27976755658838,48.38929941938962],[-107.28046941201299,48.38954898649141],[-107.28050616670279,48.389472342116356],[-107.27981040920392,48.38920920889095]]]}"
000000000000000020f4,909,0,0,0,"{""type"":""Polygon"",""coordinates"":[[[-107.27987400070802,48.389132027470374],[-107.27984864481888,48.389163781512735],[-107.27982244945089,48.389177707897915],[-107.27981040920392,48.38920920889095],[-107.28050616670279,48.389472342116356],[-107.28053712548302,48.38941368790409],[-107.28056975775894,48.38939515986618],[-107.27987400070802,48.389132027470374]]]}"
00000000000000001ff8,910,0,0,0,"{""type"":""Polygon"",""coordinates"":[[[-107.27993749567808,48.38905039128128],[-107.27992461607295,48.38906406457997],[-107.27989311845583,48.38910931380006],[-107.27987400070802,48.389132027470374],[-107.28056975775894,48.38939515986618],[-107.28061526958598,48.389362958355385],[-107.28065374829484,48.38932204108514],[-107.27993749567808,48.38905039128128]]]}"
000000000000000020f1,911,0,0,0,"{""type"":""Polygon"",""coordinates"":[[[-107.28002826255386,48.388981637569906],[-107.2799828085983,48.38901375125546],[-107.27996973033746,48.38902298552121],[-107.27995670965375,48.389032132477055],[-107.27993749567808,48.38905039128128],[-107.28065374829484,48.38932204108514],[-107.2807113960293,48.38926279330359],[-107.28072397438416,48.38924469662105],[-107.28002826255386,48.388981637569906]]]}"
000000000000000020ee,912,0,0,0,"{""type"":""Polygon"",""coordinates"":[[[-107.28008497440815,48.388900108136916],[-107.28007219727183,48.38891376560179],[-107.28002826255386,48.388981637569906],[-107.28072397438416,48.38924469662105],[-107.28076018954044,48.38915464818643],[-107.28008497440815,48.388900108136916]]]}"
000000000000000020e9,913,0,0,0,"{""type"":""Polygon"",""coordinates"":[[[-107.28016218163927,48.388827097095906],[-107.28016336108327,48.388853889978044],[-107.28011706775182,48.38886817608461],[-107.28008497440815,48.388900108136916],[-107.28076018954044,48.38915464818643],[-107.28076588875221,48.38913220335362],[-107.28084407690686,48.389081545402284],[-107.28016218163927,48.388827097095906]]]}"
000000000000000020ef,914,0,0,0,"{""type"":""GeometryCollection"",""geometries"":[{""type"":""LineString"",""coordinates"":[[-107.28023268176094,48.38875424560336],[-107.28024626559416,48.38875843758207]]},{""type"":""Polygon"",""coordinates"":[[[-107.28024626753445,48.388758434292384],[-107.28024626559416,48.38875843758207],[-107.28022759235324,48.388790097386945],[-107.28022641285932,48.388763304538905],[-107.28023265083662,48.38875426422024],[-107.28020527632654,48.388741397756945],[-107.28016124569616,48.38880481473344],[-107.28016198293443,48.3888226580846],[-107.28016218163927,48.388827097095906],[-107.28084407690686,48.389081545402284],[-107.280870073328,48.38906317974005],[-107.28092796400615,48.389008442651864],[-107.28024626753445,48.388758434292384]]]}]}"
000000000000000020ea,915,0,0,0,"{""type"":""Polygon"",""coordinates"":[[[-107.28029609974222,48.3886725569079],[-107.28027024463469,48.38869544858519],[-107.28023781168424,48.38871841526481],[-107.28025176822264,48.3887315506486],[-107.2802521656555,48.38874042865549],[-107.28020507761585,48.38873695875299],[-107.28020527632654,48.388741397756945],[-107.28092796400615,48.389008442651864],[-107.28095985822743,48.388972071241746],[-107.280984334469,48.38891794734099],[-107.28029609974222,48.3886725569079]]]}"
000000000000000020e7,916,0,0,0,"{""type"":""Polygon"",""coordinates"":[[[-107.28035285543099,48.38859109930999],[-107.28031417863542,48.38862757688876],[-107.28030233768983,48.38866351660084],[-107.28029609974222,48.3886725569079],[-107.280984334469,48.38891794734099],[-107.28102172877281,48.3888546922393],[-107.28104098713374,48.388836504792145],[-107.28035285543099,48.38859109930999]]]}"
00000000000000001ffa,917,0,0,0,"{""type"":""Polygon"",""coordinates"":[[[-107.28042308037206,48.388513756154516],[-107.2804166437364,48.38851835745814],[-107.28038980789609,48.3885188953644],[-107.28037638997863,48.38851916431465],[-107.2803448932853,48.38856441319721],[-107.28037226776205,48.388577279578904],[-107.28035285543099,48.38859109930999],[-107.28104098713374,48.388836504792145],[-107.28112493100446,48.38876331491612],[-107.28042308037206,48.388513756154516]]]}"
000000000000000020e8,918,0,0,0,"{""type"":""Polygon"",""coordinates"":[[[-107.28049345223198,48.38843646874942],[-107.28046799485824,48.38846823833156],[-107.28042877962811,48.38849131161022],[-107.28042308037206,48.388513756154516],[-107.28112493100446,48.38876331491612],[-107.2811379514682,48.38875416785368],[-107.28117574303872,48.38869979088695],[-107.28118851984381,48.388686133338545],[-107.28049345223198,48.38843646874942]]]}"
000000000000000020d8,919,0,0,0,"{""type"":""Polygon"",""coordinates"":[[[-107.28055704130817,48.388359288056456],[-107.2805379242594,48.38838200152177],[-107.2805059855443,48.38841830088586],[-107.28049345223198,48.38843646874942],[-107.28118851984381,48.388686133338545],[-107.2812316124548,48.38860043381852],[-107.28055704130817,48.388359288056456]]]}"
000000000000000020e6,920,0,0,0,"{""type"":""Polygon"",""coordinates"":[[[-107.28060676996125,48.388273426996335],[-107.28059419194368,48.38829152332552],[-107.28055704130817,48.388359288056456],[-107.2812316124548,48.38860043381852],[-107.28124385027294,48.38857337202364],[-107.28128286660039,48.38854585939601],[-107.28130861888306,48.388522983335804],[-107.28060676996125,48.388273426996335]]]}"
000000000000000020e5,921,0,0,0,"{""type"":""Polygon"",""coordinates"":[[[-107.28066294093449,48.388178494183826],[-107.28062534820296,48.388237309375484],[-107.28060643001496,48.388264461762084],[-107.28060676996125,48.388273426996335],[-107.28130861888306,48.388522983335804],[-107.28134075604949,48.388491122621154],[-107.28066294093449,48.388178494183826]]]}"
000000000000000020e0,922,0,0,0,"{""type"":""Polygon"",""coordinates"":[[[-107.28124760870841,48.38835895210155],[-107.28076732150495,48.38811391093517],[-107.28066937749392,48.38817389289496],[-107.28066294093449,48.388178494183826],[-107.28134075604949,48.388491122621154],[-107.28137908608926,48.38845015008531],[-107.28124760870841,48.38835895210155]]]}"
000000000000000020e2,923,0,0,0,"{""type"":""Polygon"",""coordinates"":[[[-107.28088427964842,48.38803123137929],[-107.28087170182165,48.38804932765779],[-107.28076732150495,48.38811391093517],[-107.28124760870841,48.38835895210155],[-107.28088427964842,48.38803123137929]]]}"
000000000000000020db,924,0,0,0,"{""type"":""Polygon"",""coordinates"":[[[-107.28098144068366,48.38795333482947],[-107.28093528963201,48.387972147306776],[-107.28088427964842,48.38803123137929],[-107.28124760870841,48.38835895210155],[-107.28137908608926,48.38845015008531],[-107.28139216398775,48.38844091573616],[-107.28141849995757,48.38843151541426],[-107.28098144068366,48.38795333482947]]]}"
000000000000000020dc,925,0,0,0,"{""type"":""Polygon"",""coordinates"":[[[-107.281133151538,48.38789673138224],[-107.28109997590964,48.387906325511565],[-107.28105372847403,48.38792068328275],[-107.28102085402377,48.38793470050839],[-107.28098144068366,48.38795333482947],[-107.28141849995757,48.38843151541426],[-107.281133151538,48.38789673138224]]]}"
000000000000000020e1,926,0,0,0,"{""type"":""Polygon"",""coordinates"":[[[-107.28129494196476,48.38791588773337],[-107.28128815946386,48.387915994428596],[-107.28125350820144,48.38788990256475],[-107.2811664236193,48.38789159198499],[-107.28114626813044,48.38789203921736],[-107.281133151538,48.38789673138224],[-107.28141849995757,48.38843151541426],[-107.281478166132,48.38841688820761],[-107.28129494196476,48.38791588773337]]]}"
000000000000000020cf,927,0,0,0,"{""type"":""Polygon"",""coordinates"":[[[-107.28142075380251,48.38788210395144],[-107.28138787939234,48.38789612129145],[-107.28136104372714,48.38789665945814],[-107.28129494196476,48.38791588773337],[-107.281478166132,48.38841688820761],[-107.28150460446487,48.388407472052634],[-107.28161164755159,48.38840089596274],[-107.28142075380251,48.38788210395144]]]}"
000000000000000020e4,928,0,0,0,"{""type"":""Polygon"",""coordinates"":[[[-107.28155354697253,48.387852652237044],[-107.2815004205419,48.387862662183736],[-107.28143417163741,48.3878818348607],[-107.28142075380251,48.38788210395144],[-107.28161164755159,48.38840089596274],[-107.28173850053449,48.388389377737475],[-107.2817449818765,48.388384847854205],[-107.28155354697253,48.387852652237044]]]}"
00000000000000001fc3,929,0,0,0,"{""type"":""Polygon"",""coordinates"":[[[-107.28167242796394,48.38781013690942],[-107.28165306798607,48.38782833992799],[-107.28159983918316,48.38783836573903],[-107.28156013059908,48.38784810660018],[-107.28155354697253,48.387852652237044],[-107.2817449818765,48.388384847854205],[-107.2818576787941,48.388355755447954],[-107.28187109686273,48.38835548628792],[-107.28167242796394,48.38781013690942]]]}"
000000000000000020f0,930,0,0,0,"{""type"":""Polygon"",""coordinates"":[[[-107.2817827041139,48.38772754768597],[-107.28167242796394,48.38781013690942],[-107.28187109686273,48.38835548628792],[-107.28200467502815,48.38834394828712],[-107.2817827041139,48.38772754768597]]]}"
000000000000000020ed,931,0,0,0,"{""type"":""Polygon"",""coordinates"":[[[-107.28182801439165,48.387690907765844],[-107.2817827041139,48.38772754768597],[-107.28200467502815,48.38834394828712],[-107.28209142113877,48.388333292815155],[-107.28220425943883,48.3883087262982],[-107.28229016492848,48.388280243334165],[-107.28182801439165,48.387690907765844]]]}"
000000000000000020f7,932,0,0,0,"{""type"":""Polygon"",""coordinates"":[[[-107.28193332989613,48.38764860572087],[-107.28186153016551,48.38769027855074],[-107.28183464971578,48.38769074535281],[-107.28182801439165,48.387690907765844],[-107.28229016492848,48.388280243334165],[-107.2823165583922,48.38827075548678],[-107.28242113726485,48.388210609296294],[-107.28193332989613,48.38764860572087]]]}"
000000000000000020fa,933,0,0,0,"{""type"":""Polygon"",""coordinates"":[[[-107.28203082908452,48.38757967382744],[-107.28199853899653,48.38760716679136],[-107.28197908266542,48.387620915085066],[-107.28195952394807,48.38763467919297],[-107.28193332989613,48.38764860572087],[-107.28242113726485,48.388210609296294],[-107.28249244327795,48.38815560297225],[-107.28252571591004,48.388150463065585],[-107.28203082908452,48.38757967382744]]]}"
00000000000000002129,934,0,0,0,"{""type"":""Polygon"",""coordinates"":[[[-107.2821214937381,48.387506465472015],[-107.28208960165144,48.38754283621425],[-107.28204384901066,48.387570526858866],[-107.28203082908452,48.38757967382744],[-107.28252571591004,48.388150463065585],[-107.28262588001334,48.38813953789964],[-107.28265895364773,48.388129959007244],[-107.2821214937381,48.387506465472015]]]}"
00000000000000001ff7,935,0,0,0,"{""type"":""Polygon"",""coordinates"":[[[-107.28221329432132,48.38745997776198],[-107.28212773114228,48.38749742525788],[-107.2821214937381,48.387506465472015],[-107.28265895364773,48.388129959007244],[-107.28281110839195,48.38808230206415],[-107.28221329432132,48.38745997776198]]]}"
00000000000000001ff2,936,0,0,0,"{""type"":""Polygon"",""coordinates"":[[[-107.28247968372747,48.38757079400514],[-107.28247324737528,48.387575395357956],[-107.28243869173144,48.3875537588214],[-107.28245166680578,48.38754454030943],[-107.28243751055895,48.387526966663984],[-107.2824242916997,48.38753167478497],[-107.28241721358522,48.38752288796165],[-107.28243063143145,48.38752261873334],[-107.28229029692879,48.387382528245396],[-107.28227707812587,48.38738723633197],[-107.28221973066564,48.387455376436726],[-107.28221329432132,48.38745997776198],[-107.28281110839195,48.38808230206415],[-107.28281774385454,48.38808213957854],[-107.28287647219992,48.38804522962817],[-107.28290226837929,48.38802242487292],[-107.28292192384087,48.38801311521597],[-107.28247968372747,48.38757079400514]]]}"
00000000000000001ff3,937,0,0,0,"{""type"":""MultiPolygon"",""coordinates"":[[[[-107.28259158241147,48.38752394567284],[-107.28258490226385,48.3875240366444],[-107.28256524706316,48.38753334614048],[-107.2825320716112,48.38754294069427],[-107.28247968372747,48.38757079400514],[-107.28292192384087,48.38801311521597],[-107.28293489903731,48.3880038965563],[-107.28293435946678,48.38799049246255],[-107.2829605536893,48.38797656556826],[-107.28297293170756,48.38795403013585],[-107.28299858630415,48.38792669916462],[-107.28259158241147,48.38752394567284]]],[[[-107.28238779509095,48.38731359635971],[-107.28236160131407,48.38732752291353],[-107.28233560650463,48.38734588834077],[-107.28230307297842,48.38736887090524],[-107.28229029692879,48.387382528245396],[-107.28243063143145,48.38752261873334],[-107.28245072941672,48.38752225854162],[-107.28243751055895,48.387526966663984],[-107.28245166680578,48.38754454030943],[-107.28247102640135,48.387526337236544],[-107.2825040546551,48.387516687028395],[-107.2825434674116,48.38749805225031],[-107.28256366778321,48.387497676219965],[-107.28238779509095,48.38731359635971]]]]}"
000000000000000020f9,938,0,0,0,"{""type"":""MultiPolygon"",""coordinates"":[[[[-107.28247851051897,48.38724477124799],[-107.2824456815114,48.38725886026056],[-107.28238779509095,48.38731359635971],[-107.28256366778321,48.387497676219965],[-107.28257030312378,48.38749751375632],[-107.28260263769046,48.387470092158715],[-107.28267512339318,48.38744187859951],[-107.28247851051897,48.38724477124799]],[[-107.28253278794844,48.38740897642515],[-107.28254684758622,48.387422095320076],[-107.28256650272567,48.38741278584873],[-107.28253278794844,48.38740897642515]]],[[[-107.28271021866823,48.387476918966755],[-107.28267734464848,48.387490936631416],[-107.28264501009038,48.38751835826464],[-107.28260500028287,48.387523676419555],[-107.28259158241147,48.38752394567284],[-107.28299858630415,48.38792669916462],[-107.2830371584366,48.38789023685851],[-107.28303617590005,48.38786788346676],[-107.28306152896003,48.38783612942667],[-107.28306806770678,48.38783151219593],[-107.28271021866823,48.387476918966755]]]]}"
00000000000000001ff0,939,0,0,0,"{""type"":""MultiPolygon"",""coordinates"":[[[[-107.28280201903809,48.38743043072561],[-107.28279543555215,48.38743497640838],[-107.28279513985672,48.387426082830295],[-107.28278127912476,48.387417402854226],[-107.28274820613117,48.38742698164453],[-107.28272319368547,48.38746770043286],[-107.28271021866823,48.387476918966755],[-107.28306806770678,48.38783151219593],[-107.28310020333106,48.387799651345084],[-107.2831071101833,48.38765657468161],[-107.28280201903809,48.38743043072561]]],[[[-107.28267034041286,48.38733479761346],[-107.28265122480103,48.38735751102645],[-107.28263028599763,48.38734004426219],[-107.28264316432929,48.387326371075126],[-107.28267009659109,48.387330287246016],[-107.28251064587869,48.38721291095138],[-107.28249192827312,48.387244502014866],[-107.28247851051897,48.38724477124799],[-107.28267512339318,48.38744187859951],[-107.28268166208537,48.38743726143057],[-107.28273256693694,48.387378192947025],[-107.28267034041286,48.38733479761346]]]]}"
00000000000000002124,940,0,0,0,"{""type"":""GeometryCollection"",""geometries"":[{""type"":""LineString"",""coordinates"":[[-107.28273241073651,48.387373729810314],[-107.2827326103991,48.387378192026944]]},{""type"":""Polygon"",""coordinates"":[[[-107.28264069928906,48.38727280283018],[-107.28260702940275,48.3872690649338],[-107.282599508448,48.38725132893829],[-107.2825173835392,48.387212732678904],[-107.28251064587869,48.38721291095138],[-107.28267009659109,48.387330287246016],[-107.28267034041286,48.38733479761346],[-107.28273247028406,48.38737373825474],[-107.28272475021535,48.387351563360994],[-107.28278519832725,48.38735484997572],[-107.28281243208035,48.38736318916738],[-107.282853225174,48.38737578525053],[-107.28283410961154,48.38739849871609],[-107.28278127912476,48.387417402854226],[-107.28279513985672,48.387426082830295],[-107.28280845534604,48.387425829364396],[-107.28280201903809,48.38743043072561],[-107.2831071101833,48.38765657468161],[-107.28310657054165,48.3876431706779],[-107.28315599779269,48.38754841599868],[-107.28315535575459,48.387535027838524],[-107.28316793258671,48.387516931460866],[-107.28264069928906,48.38727280283018]]]}]}"
00000000000000001ff4,941,0,0,0,"{""type"":""MultiPolygon"",""coordinates"":[[[[-107.28265621323733,48.38716980081178],[-107.28261699986913,48.38719287437438],[-107.28258922687804,48.38717113125574],[-107.28254907603397,48.387171923173256],[-107.2825173835392,48.387212732678904],[-107.282599508448,48.38725132893829],[-107.28259852615732,48.387228975803545],[-107.28267081234792,48.38719632352462],[-107.28268516765547,48.38721833589001],[-107.28268075363387,48.38726755618551],[-107.28269996583208,48.38724929748822],[-107.28271264508632,48.3872311854509],[-107.28272522195421,48.38721308923335],[-107.28272458006802,48.3871997011506],[-107.28265621323733,48.38716980081178]]],[[[-107.28312659944062,48.38749093152302],[-107.28317878801474,48.387458639025],[-107.28319706233395,48.38741809845814],[-107.28296448126555,48.38731554856231],[-107.2828912571887,48.387325919466164],[-107.28286516011418,48.387344300848476],[-107.28283886968853,48.38735377284977],[-107.28280956871785,48.38730074315415],[-107.28278853317168,48.38727882176093],[-107.28280798918557,48.38726507339959],[-107.28280680772926,48.38723828139888],[-107.28277265012468,48.38722552284796],[-107.28276695241141,48.38724796695956],[-107.28274021919924,48.38724848968775],[-107.28270792969565,48.38727598270449],[-107.28264069928906,48.38727280283018],[-107.28316793258671,48.387516931460866],[-107.28320616356103,48.387471504305815],[-107.28312659944062,48.38749093152302]],[[-107.28273570286518,48.38729772582705],[-107.28274302487367,48.38731102295324],[-107.2827627823202,48.38730169764783],[-107.28273570286518,48.38729772582705]]]]}"
00000000000000001fed,942,0,0,0,"{""type"":""GeometryCollection"",""geometries"":[{""type"":""LineString"",""coordinates"":[[-107.28272653627207,48.387092477070276],[-107.28273323076306,48.38709234417895]]},{""type"":""Polygon"",""coordinates"":[[[-107.2829936112756,48.387216715987684],[-107.28298177316385,48.387252655007494],[-107.28296879825426,48.3872618735364],[-107.28297017888644,48.3872931044129],[-107.28297101991889,48.387310931385606],[-107.28296448126555,48.38731554856231],[-107.28319706233395,48.38741809845814],[-107.28326792317833,48.387354143191615],[-107.28327426272887,48.38734508711909],[-107.2829936112756,48.387216715987684]]]},{""type"":""Polygon"",""coordinates"":[[[-107.28282915555586,48.387139555809554],[-107.28281584016656,48.38713980927442],[-107.28281544208657,48.38713093156092],[-107.28274009374644,48.38709669926667],[-107.28272697741457,48.38710139157247],[-107.28272653627207,48.387092477070276],[-107.28272653455495,48.3870924423713],[-107.28267172707275,48.387066798992635],[-107.28266558649429,48.38708029383221],[-107.2826400347714,48.387107608453405],[-107.28262790074973,48.38713465383158],[-107.2826814693278,48.38713359262318],[-107.28268220784842,48.3871514353635],[-107.28265621323733,48.38716980081178],[-107.28272458006802,48.3871997011506],[-107.28271750191402,48.38719091440509],[-107.28273018113929,48.38717280238602],[-107.28278414790229,48.387180618837625],[-107.28279176561169,48.38720280947019],[-107.28277923357194,48.38722097718557],[-107.28277265012468,48.38722552284796],[-107.28280680772926,48.38723828139888],[-107.28280636485175,48.387229332175565],[-107.28283181992587,48.38719756277023],[-107.28287103325945,48.387174489118856],[-107.2828978688301,48.387173950540266],[-107.28282915555586,48.387139555809554]]]}]}"
00000000000000002126,943,0,0,0,"{""type"":""MultiPolygon"",""coordinates"":[[[[-107.28286847119958,48.38711646637089],[-107.2828559910893,48.38713901724397],[-107.28282915555586,48.387139555809554],[-107.2828978688301,48.387173950540266],[-107.282970848746,48.38715906931732],[-107.28298372693125,48.38714539613472],[-107.28286847119958,48.38711646637089]]],[[[-107.28280084287003,48.38710440890525],[-107.28280039999227,48.38709545970437],[-107.28267846471797,48.38706662070974],[-107.28273321463492,48.38709235139235],[-107.28274009374644,48.38709669926667],[-107.28281544208657,48.38713093156092],[-107.28280084287003,48.38710440890525]]],[[[-107.28301758317832,48.38715373154725],[-107.28300584748798,48.38718965471112],[-107.2829936112756,48.387216715987684],[-107.28327426272887,48.38734508711909],[-107.2832927359914,48.387308985492844],[-107.28331833237559,48.38728174209169],[-107.28334334418729,48.387241023306515],[-107.28301758317832,48.38715373154725]],[[-107.28307971337037,48.38719267182376],[-107.283086791639,48.38720145853999],[-107.28310001038962,48.387196750359784],[-107.28307971337037,48.38719267182376]]]]}"
00000000000000001fe4,944,0,0,0,"{""type"":""MultiPolygon"",""coordinates"":[[[[-107.28295942956066,48.387052151425195],[-107.28295982767685,48.38706102912408],[-107.28297304637304,48.387056320975105],[-107.28295942956066,48.387052151425195]]],[[[-107.2829489721118,48.3871193211042],[-107.28293525860336,48.38711069687692],[-107.28293417372704,48.387088359625054],[-107.28288124701683,48.38710280902788],[-107.28286847119958,48.38711646637089],[-107.28298372693125,48.38714539613472],[-107.28298976505413,48.387131917075656],[-107.2829489721118,48.3871193211042]]],[[[-107.28305438833648,48.38707700251094],[-107.28305463220751,48.38708151285476],[-107.28306834575183,48.38709013705938],[-107.28308284850063,48.387112204992526],[-107.28301758317832,48.38715373154725],[-107.28334334418729,48.387241023306515],[-107.28334314508369,48.387236584443855],[-107.28335577930724,48.38721840083881],[-107.2833679577326,48.38719142682935],[-107.28339960476848,48.3871505455833],[-107.28305438833648,48.38707700251094]],[[-107.28313715604824,48.38712898624895],[-107.28315037477311,48.38712427806887],[-107.28313007777578,48.38712019954847],[-107.28313715604824,48.38712898624895]]],[[[-107.28283071163644,48.38702341946179],[-107.28278486318968,48.38704665550314],[-107.2827706045239,48.38702909788688],[-107.28279699708271,48.38701961015303],[-107.28274278670733,48.387007283386964],[-107.28270381736509,48.38703486725141],[-107.28267846471797,48.38706662070974],[-107.28280039999227,48.38709545970437],[-107.28280000191543,48.38708658199809],[-107.2828325350481,48.38706359939704],[-107.28289219934807,48.387048971735226],[-107.28289853890399,48.387039915739145],[-107.28283071163644,48.38702341946179]],[[-107.28273773091912,48.387043115444],[-107.28271069646092,48.38703921512354],[-107.28272495509223,48.38705677275289],[-107.28276574779024,48.38706936881084],[-107.28273773091912,48.387043115444]]]]}"
00000000000000001fe6,945,0,0,0,"{""type"":""MultiPolygon"",""coordinates"":[[[[-107.28280903429177,48.38698811015585],[-107.28282161103151,48.386970014011396],[-107.28282107147925,48.38695661017633],[-107.28278027885743,48.38694401416656],[-107.28274278670733,48.387007283386964],[-107.28279699708271,48.38701961015303],[-107.28283660831019,48.387005414288595],[-107.28280903429177,48.38698811015585]]],[[[-107.28303643031552,48.38697470194996],[-107.28303736808247,48.38699698347377],[-107.28308489862798,48.387009401068674],[-107.28305300762145,48.387045771764285],[-107.28305399019747,48.387068124810376],[-107.28305438833648,48.38707700251094],[-107.28339960476848,48.3871505455833],[-107.28340618817059,48.38714599988551],[-107.28342937573379,48.38706510124701],[-107.28303643031552,48.38697470194996]]],[[[-107.28297122280587,48.38701614105195],[-107.28294384773244,48.387003275802066],[-107.28287012382253,48.38700478473652],[-107.28283071163644,48.38702341946179],[-107.28289853890399,48.387039915739145],[-107.28290521898687,48.387039824748264],[-107.28293829164224,48.387030245982025],[-107.28295942956066,48.387052151425195],[-107.28297304637304,48.387056320975105],[-107.28299977951241,48.3870557981859],[-107.28297122280587,48.38701614105195]]]]}"
00000000000000001fe7,946,0,0,0,"{""type"":""Polygon"",""coordinates"":[[[-107.28307947234742,48.38688893300462],[-107.28307323522672,48.38689797317021],[-107.28306605463871,48.38688920231682],[-107.28301194657183,48.386876859919134],[-107.28300540800267,48.386881477058914],[-107.28299263229809,48.3868951343589],[-107.28304758145322,48.386925303613445],[-107.28308719259081,48.38691110767312],[-107.28310223495073,48.386946579355474],[-107.28311594846672,48.3869552035322],[-107.28310341663666,48.38697337120022],[-107.28306198175761,48.38694738729856],[-107.2830348057414,48.386938960930436],[-107.28303643031552,48.38697470194996],[-107.28342937573379,48.38706510124701],[-107.28342853447019,48.38704727436633],[-107.2834537899281,48.38701106607399],[-107.28346592340945,48.38698402066791],[-107.28347246197418,48.386979403488034],[-107.28307947234742,48.38688893300462]],[[-107.28319561377977,48.38693576073347],[-107.28316189913045,48.3869319515614],[-107.28317629952339,48.386954035229884],[-107.28319561377977,48.38693576073347]],[[-107.28322318806073,48.38695306473168],[-107.28320293593247,48.386949057730746],[-107.28319679553485,48.386962552569884],[-107.28318421892853,48.38698064875752],[-107.28320471495768,48.38698916609963],[-107.28322318806073,48.38695306473168]]]}"
00000000000000001feb,947,0,0,0,"{""type"":""Polygon"",""coordinates"":[[[-107.28310904459407,48.38679905035004],[-107.28309562691372,48.38679931966519],[-107.28306983172556,48.38682212392433],[-107.28305685698673,48.38683134238641],[-107.28304462094967,48.38685840348324],[-107.28301194657183,48.386876859919134],[-107.28306605463871,48.38688920231682],[-107.2830657588684,48.38688030883245],[-107.28308605571559,48.386884387351905],[-107.28307947234742,48.38688893300462],[-107.28347246197418,48.386979403488034],[-107.28349093486587,48.38694330208059],[-107.28350257329653,48.38690292438656],[-107.28350886791543,48.38689379688595],[-107.28310904459407,48.38679905035004]],[[-107.28325835506648,48.38684075377643],[-107.28323825727837,48.386841114127435],[-107.28324538034029,48.386849972266845],[-107.28325835506648,48.38684075377643]],[[-107.28323162200911,48.386841276633376],[-107.28321152422645,48.386841636978644],[-107.28321864727995,48.38685049512035],[-107.28323162200911,48.386841276633376]]]}"
00000000000000001fea,948,0,0,0,"{""type"":""GeometryCollection"",""geometries"":[{""type"":""LineString"",""coordinates"":[[-107.28310901181605,48.386799048426575],[-107.28313600869257,48.38680297860339]]},{""type"":""Polygon"",""coordinates"":[[[-107.28328104773045,48.386746523353025],[-107.28328970601943,48.38679097937437],[-107.28324807201929,48.38676055681906],[-107.28322801907855,48.38676098865866],[-107.2832146013951,48.38676125799031],[-107.2832134196184,48.38673446625577],[-107.28321317572558,48.386729955942265],[-107.28319292371998,48.38672594895287],[-107.28317990422858,48.38673509592126],[-107.28315901017567,48.38671770096968],[-107.2831047998925,48.38670537447523],[-107.28310564100661,48.38672320124827],[-107.2831070217827,48.38675443180378],[-107.28312117819499,48.386772005091935],[-107.28313597666755,48.38680296635645],[-107.28350886791543,48.38689379688595],[-107.28354080329329,48.38685749764606],[-107.2835592760596,48.38682139631116],[-107.28355863385868,48.386808008340275],[-107.28328104773045,48.386746523353025]],[[-107.28325717326098,48.386813962003224],[-107.28323712028937,48.38681439384594],[-107.28324419854471,48.38682318048861],[-107.28325717326098,48.386813962003224]],[[-107.2831874254301,48.38675283169345],[-107.28316712861938,48.38674875320454],[-107.28317445072952,48.386762050158445],[-107.2831874254301,48.38675283169345]]]}]}"
00000000000000001fec,949,0,0,0,"{""type"":""GeometryCollection"",""geometries"":[{""type"":""LineString"",""coordinates"":[[-107.28355176442095,48.38680365562888],[-107.28355866344606,48.386807984808456]]},{""type"":""Polygon"",""coordinates"":[[[-107.28319292371998,48.38672594895287],[-107.28321317572558,48.386729955942265],[-107.28321223784144,48.38670767453467],[-107.28319292371998,48.38672594895287]]]},{""type"":""Polygon"",""coordinates"":[[[-107.2831207103946,48.38661125114056],[-107.2831047998925,48.38670537447523],[-107.28315901017567,48.38671770096968],[-107.28314525192384,48.386709005343405],[-107.28315782843801,48.38669090925534],[-107.28314204733356,48.386637595186514],[-107.28316150293222,48.3866238469294],[-107.2831207103946,48.38661125114056]]]},{""type"":""Polygon"",""coordinates"":[[[-107.28331047223055,48.386656585214],[-107.283304235195,48.38666562535305],[-107.28327130436082,48.38667973029617],[-107.28325734698159,48.38666659587735],[-107.28323144957336,48.3866894159346],[-107.28325946670641,48.38671566897681],[-107.28329180027069,48.38668824757468],[-107.28331863560841,48.38668770888944],[-107.28327996262985,48.38672418626324],[-107.28328104773045,48.386746523353025],[-107.28355175463864,48.386803660550825],[-107.28357636761207,48.386754064441426],[-107.28359503942708,48.386722401990056],[-107.28331047223055,48.386656585214]]]}]}"
00000000000000001fe9,950,0,0,0,"{""type"":""MultiPolygon"",""coordinates"":[[[[-107.28312026743174,48.386602302026034],[-107.2831207103946,48.38661125114056],[-107.28316150293222,48.3866238469294],[-107.2831680414446,48.38661922980273],[-107.28316720029711,48.38660140306583],[-107.28312026743174,48.386602302026034]]],[[[-107.28334024285824,48.38657114170508],[-107.28331478856055,48.38660291085231],[-107.28332230981756,48.38662064656859],[-107.28331047223055,48.386656585214],[-107.28359503942708,48.386722401990056],[-107.28360157793568,48.38671778482547],[-107.28363306999836,48.38667253655955],[-107.28363188791015,48.3866457448826],[-107.2836314448219,48.38663679576784],[-107.28334024285824,48.38657114170508]]]]}"
00000000000000001fe5,951,0,0,0,"{""type"":""Polygon"",""coordinates"":[[[-107.28338386834025,48.38649884850102],[-107.28337802957363,48.38651676622079],[-107.28337149109147,48.3865213833521],[-107.283391787849,48.38652546178182],[-107.28337193411721,48.386530332450285],[-107.2833728721054,48.3865526137796],[-107.28334667897795,48.38656654038673],[-107.28334024285824,48.38657114170508],[-107.2836314448219,48.38663679576784],[-107.28364402113881,48.38661869964567],[-107.28365625672319,48.3865916386056],[-107.2836688330139,48.38657354249616],[-107.28368151166688,48.386555430575726],[-107.28370096713618,48.38654168223389],[-107.28338386834025,48.38649884850102]]]}"
00000000000000001e75,952,0,0,0,"{""type"":""Polygon"",""coordinates"":[[[-107.28340106234207,48.38643150125223],[-107.28340833970245,48.38644472661599],[-107.28338858275487,48.38645405189163],[-107.28338386834025,48.38649884850102],[-107.28370096713618,48.38654168223389],[-107.28370750560512,48.386537065078734],[-107.28371919563358,48.3865010707986],[-107.28374380818666,48.38645147493831],[-107.28374950519897,48.38642903112169],[-107.28340106234207,48.38643150125223]]]}"
00000000000000001fef,953,0,0,0,"{""type"":""Polygon"",""coordinates"":[[[-107.28335662175053,48.38633854679263],[-107.28335696240208,48.3863475116756],[-107.28339131876778,48.386364708607196],[-107.28338537765904,48.38638264209698],[-107.28343304928815,48.386399585487936],[-107.28340081842413,48.386426990965454],[-107.28340106234207,48.38643150125223],[-107.28374950519897,48.38642903112169],[-107.2837551054171,48.38640213270763],[-107.28376768159968,48.38638403665229],[-107.28377239554207,48.38633924013247],[-107.28335662175053,48.38633854679263]]]}"
00000000000000001e9f,954,0,0,0,"{""type"":""Polygon"",""coordinates"":[[[-107.28339282801468,48.386248502497104],[-107.28338767062387,48.386284349874465],[-107.28335459860396,48.38629392864527],[-107.28336231894818,48.386316103041786],[-107.28335662175053,48.38633854679263],[-107.28377239554207,48.38633924013247],[-107.28378378947936,48.3862943526016],[-107.28379518338494,48.38624946510797],[-107.28339282801468,48.386248502497104]]]}"
00000000000000001fda,955,0,0,0,"{""type"":""Polygon"",""coordinates"":[[[-107.28381123354097,48.38615986858996],[-107.28338214646234,48.38615942890582],[-107.28339812693861,48.38621718122787],[-107.28339198674718,48.3862306758891],[-107.28339906495422,48.386239462425436],[-107.28339282801468,48.386248502497104],[-107.28379518338494,48.38624946510797],[-107.2838197956557,48.386199869469316],[-107.28381123354097,48.38615986858996]]]}"
00000000000000001fbb,956,0,0,0,"{""type"":""Polygon"",""coordinates"":[[[-107.28340537803527,48.38607860328087],[-107.28338170342931,48.386150479870096],[-107.28338214646234,48.38615942890582],[-107.28381123354097,48.38615986858996],[-107.28380951136572,48.38611967356704],[-107.28380906822699,48.38611072454263],[-107.28380822675186,48.386092897989585],[-107.28382090516804,48.386074786219964],[-107.28382026285605,48.38606139844103],[-107.28340537803527,48.38607860328087]]]}"
00000000000000001fdf,957,0,0,0,"{""type"":""Polygon"",""coordinates"":[[[-107.28336147753517,48.38599905301262],[-107.2833554845503,48.38601260329165],[-107.2833700391028,48.38603905382531],[-107.28340493499547,48.386069654258975],[-107.28340537803527,48.38607860328087],[-107.28382026285605,48.38606139844103],[-107.28381962054404,48.38604801066545],[-107.28381932457657,48.38603911732865],[-107.28381823912223,48.38601678055014],[-107.28381665853009,48.38598111169758],[-107.28382201462956,48.38594970326521],[-107.28336147753517,48.38599905301262]]]}"
000000000000000020d0,958,0,0,0,"{""type"":""Polygon"",""coordinates"":[[[-107.28336421346631,48.38590971049312],[-107.28336441258166,48.38591414924502],[-107.28337351392024,48.38596755356831],[-107.28336147753517,48.38599905301262],[-107.28382201462956,48.38594970326521],[-107.28382825143657,48.38594066321969],[-107.28384008829039,48.38590472501146],[-107.28383944596796,48.38589133727558],[-107.2838378205458,48.385855597017034],[-107.28336421346631,48.38590971049312]]]}"
000000000000000020ca,959,0,0,0,"{""type"":""Polygon"",""coordinates"":[[[-107.28336670544492,48.38581585788887],[-107.2833742266102,48.38583359334173],[-107.28336421346631,48.38590971049312],[-107.2838378205458,48.385855597017034],[-107.28384729278847,48.38576607639757],[-107.28336670544492,48.38581585788887]]]}"
00000000000000001fde,960,0,0,0,"{""type"":""Polygon"",""coordinates"":[[[-107.28383249392976,48.385735115854196],[-107.28381833741366,48.38571754301504],[-107.28379066116025,48.38570025539384],[-107.28379032039211,48.385691290624145],[-107.2837899220545,48.38568241316228],[-107.28334266421963,48.38572696704415],[-107.2833429081345,48.38573147727197],[-107.28335116816224,48.38576705496209],[-107.28334547107701,48.38578949847842],[-107.28336670544492,48.38581585788887],[-107.28384729278847,48.38576607639757],[-107.28384689443801,48.38575719892381],[-107.28383249392976,48.385735115854196]]]}"
00000000000000001fd3,961,0,0,0,"{""type"":""Polygon"",""coordinates"":[[[-107.28377231567077,48.38558892141569],[-107.2833252005835,48.385638001142055],[-107.28332628574736,48.38566033777487],[-107.28334860520859,48.38570903378049],[-107.28334266421963,48.38572696704415],[-107.2837899220545,48.38568241316228],[-107.28378967808378,48.38567790294117],[-107.2837882966694,48.385646673041926],[-107.28378671608576,48.38561100443616],[-107.28377231567077,48.38558892141569]]]}"
00000000000000001fcc,962,0,0,0,"{""type"":""Polygon"",""coordinates"":[[[-107.28375647631206,48.38553569587258],[-107.28374207594456,48.385513612877546],[-107.28332769257081,48.385544149016674],[-107.28333521367243,48.38556188438385],[-107.2833252005835,48.385638001142055],[-107.28377231567077,48.38558892141569],[-107.28377211650346,48.385584482693005],[-107.28375647631206,48.38553569587258]]]}"
00000000000000001fcd,963,0,0,0,"{""type"":""Polygon"",""coordinates"":[[[-107.28332988866265,48.38544140381589],[-107.28333760886495,48.385463577863575],[-107.28331849460177,48.3854862905783],[-107.28332769257081,48.385544149016674],[-107.28374207594456,48.385513612877546],[-107.28374153602125,48.385500209423014],[-107.2837402514329,48.38547343415495],[-107.28332988866265,48.38544140381589]]]}"
00000000000000001fd6,964,0,0,0,"{""type"":""Polygon"",""coordinates"":[[[-107.283723775447,48.385402350765276],[-107.28370927277739,48.3853802836342],[-107.2833123283808,48.38534798386503],[-107.28331262423657,48.38535687709099],[-107.28332988866265,48.38544140381589],[-107.2837402514329,48.38547343415495],[-107.28373887005081,48.38544220437391],[-107.283723775447,48.385402350765276]]]}"
00000000000000001fc9,965,0,0,0,"{""type"":""Polygon"",""coordinates"":[[[-107.28369491729771,48.38535827218462],[-107.2836850316558,48.38528695492144],[-107.28335541243331,48.38526228897264],[-107.28337021066721,48.38529324933085],[-107.28335045436144,48.38530257438109],[-107.28334421759443,48.38531161428645],[-107.28331802538871,48.3853255405384],[-107.2833123283808,48.38534798386503],[-107.28370927277739,48.3853802836342],[-107.28369491729771,48.38535827218462]]]}"
00000000000000001fc5,966,0,0,0,"{""type"":""Polygon"",""coordinates"":[[[-107.28366801034636,48.38520693870796],[-107.28333760820303,48.385164359160754],[-107.28332503234549,48.3851824547378],[-107.28335541243331,48.38526228897264],[-107.2836850316558,48.38528695492144],[-107.28366801034636,48.38520693870796]]]}"
00000000000000001fc8,967,0,0,0,"{""type"":""Polygon"",""coordinates"":[[[-107.28334677976372,48.385070416863144],[-107.28334212321762,48.385115124995764],[-107.28335018404914,48.385146263588496],[-107.28333760820303,48.385164359160754],[-107.28366801034636,48.38520693870796],[-107.28366747044332,48.38519353532957],[-107.28367748265435,48.38511741919224],[-107.28334677976372,48.385070416863144]]]}"
00000000000000001fc2,968,0,0,0,"{""type"":""Polygon"",""coordinates"":[[[-107.28323481801478,48.38496539213701],[-107.28324857569667,48.38497408748069],[-107.28322892193424,48.38498339663099],[-107.28325693790035,48.385009648863864],[-107.28328357289959,48.38500467155955],[-107.28328406786586,48.38501800340597],[-107.28328495391295,48.385035901100316],[-107.28331916189616,48.38505304199021],[-107.2833129251719,48.38506208185015],[-107.28334677976372,48.385070416863144],[-107.28367748265435,48.38511741919224],[-107.2836829354538,48.38509046577529],[-107.2836945729117,48.385050089485205],[-107.28369348750171,48.38502775311833],[-107.28323481801478,48.38496539213701]]]}"
00000000000000001fd7,969,0,0,0,"{""type"":""Polygon"",""coordinates"":[[[-107.28336562328919,48.384891394285006],[-107.28335904031358,48.384895939777074],[-107.28332503155188,48.38488323761538],[-107.28323057272343,48.38487171950291],[-107.28321759873333,48.38488093763063],[-107.2832111181211,48.38488546729715],[-107.28316665341526,48.384939932005786],[-107.2832009060146,48.3849571444017],[-107.28321982091425,48.384929993271285],[-107.28323363614709,48.38493860130704],[-107.28322793917695,48.384961044464895],[-107.28323481801478,48.38496539213701],[-107.28369348750171,48.38502775311833],[-107.28369274842363,48.38500991111029],[-107.28370458500117,48.38497397355283],[-107.28370963942241,48.384938142869544],[-107.28336562328919,48.384891394285006]]]}"
00000000000000001fdc,970,0,0,0,"{""type"":""MultiPolygon"",""coordinates"":[[[[-107.28330473569672,48.38487915927424],[-107.28330493481197,48.38488359794051],[-107.28332503155188,48.38488323761538],[-107.28330473569672,48.38487915927424]]],[[[-107.28330473569672,48.38487915927424],[-107.28329745863141,48.38486593428334],[-107.28333126823948,48.38487419778587],[-107.28337107624617,48.384864440995976],[-107.28336562328919,48.384891394285006],[-107.28370963942241,48.384938142869544],[-107.28371331244226,48.38487108276352],[-107.28373208542477,48.384839405618514],[-107.28328791449,48.38480358223979],[-107.28329479331214,48.38480792989518],[-107.28334875714405,48.38481574575755],[-107.2833560790238,48.384829042221604],[-107.28328993765788,48.384848199141366],[-107.2832558266195,48.38483551277894],[-107.2832304759858,48.384867265022585],[-107.283237110901,48.38486710253169],[-107.28323057272343,48.38487171950291],[-107.28330473569672,48.38487915927424]]]]}"
00000000000000001fdb,971,0,0,0,"{""type"":""Polygon"",""coordinates"":[[[-107.28337852578302,48.38473030523592],[-107.28334559674353,48.384744409647254],[-107.28332614223054,48.38475815742971],[-107.28328791449,48.38480358223979],[-107.28373208542477,48.384839405618514],[-107.28376397388735,48.38480303626649],[-107.2837629332276,48.38478077149471],[-107.28376239328006,48.38476736822507],[-107.28376130781919,48.38474503197865],[-107.28337852578302,48.38473030523592]]]}"
00000000000000001e8a,972,0,0,0,"{""type"":""Polygon"",""coordinates"":[[[-107.28372850497149,48.38461170465498],[-107.28370771399561,48.384594294682074],[-107.28337852578302,48.38473030523592],[-107.28376130781919,48.38474503197865],[-107.28376101184418,48.38473613885911],[-107.28375952803937,48.38470492532661],[-107.28375760665466,48.38466029275443],[-107.28372850497149,48.38461170465498]]]}"
00000000000000001fbd,973,0,0,0,"{""type"":""Polygon"",""coordinates"":[[[-107.28365895892628,48.384555015781565],[-107.28365802069044,48.384532735295764],[-107.28361732677317,48.384524594614646],[-107.28354292582269,48.38450817473664],[-107.28353574549058,48.38449940430481],[-107.28337852578302,48.38473030523592],[-107.28370771399561,48.384594294682074],[-107.28365895892628,48.384555015781565]]]}"
00000000000000001fae,974,0,0,0,"{""type"":""Polygon"",""coordinates"":[[[-107.28349317541507,48.38444670265682],[-107.28345224336373,48.38442958153871],[-107.28340451658694,48.38441272602569],[-107.28339743868223,48.384403939783],[-107.28337694393217,48.38439542286237],[-107.28336298727541,48.38438228900305],[-107.28334249255258,48.38437377207784],[-107.28334559674353,48.384744409647254],[-107.28337852578302,48.38473030523592],[-107.28353574549058,48.38449940430481],[-107.28349317541507,48.38444670265682]]]}"
00000000000000001fbc,975,0,0,0,"{""type"":""Polygon"",""coordinates"":[[[-107.2832331923618,48.384331222724356],[-107.2831999230457,48.384336362423845],[-107.2830442835349,48.38430371613817],[-107.28300393652438,48.38430006950975],[-107.28332614223054,48.38475815742971],[-107.28334559674353,48.384744409647254],[-107.28334249255258,48.38437377207784],[-107.2832331923618,48.384331222724356]]]}"
00000000000000001fb9,976,0,0,0,"{""type"":""Polygon"",""coordinates"":[[[-107.28300393652438,48.38430006950975],[-107.28297710300681,48.38430060803689],[-107.28291764228761,48.384319673504685],[-107.28285095666052,48.384329896992284],[-107.28279823307011,48.38434878412337],[-107.28277164342768,48.38435383270736],[-107.28325346284193,48.384781931264484],[-107.2832593588701,48.38476392683834],[-107.28327237761167,48.38475478021621],[-107.28328791449,48.38480358223979],[-107.28332614223054,48.38475815742971],[-107.28300393652438,48.38430006950975]]]}"
00000000000000001fc1,977,0,0,0,"{""type"":""MultiPolygon"",""coordinates"":[[[[-107.2832352869063,48.38482692427343],[-107.28318270408529,48.384850337779355],[-107.28316928710078,48.384850607077325],[-107.2832111181211,48.38488546729715],[-107.28321759873333,48.38488093763063],[-107.28318978199654,48.38485912411122],[-107.2832304759858,48.384867265022585],[-107.2832558266195,48.38483551277894],[-107.2832352869063,48.38482692427343]]],[[[-107.28277164342768,48.38435383270736],[-107.28275822668151,48.3843541019394],[-107.28264249219086,48.384316152968175],[-107.28259075102484,48.384357391898774],[-107.2831553303951,48.38483747307701],[-107.28316790617741,48.384819377641115],[-107.28316692345176,48.38479702554232],[-107.2832409838435,48.3848044811724],[-107.28324756680753,48.384799935696506],[-107.28325346284193,48.384781931264484],[-107.28277164342768,48.38435383270736]],[[-107.28311841289677,48.38476225634945],[-107.28312613285489,48.38478443013796],[-107.28315212557634,48.384766065431755],[-107.28311841289677,48.38476225634945]]]]}"
00000000000000001fcb,978,0,0,0,"{""type"":""MultiPolygon"",""coordinates"":[[[[-107.28315755249545,48.38488652868117],[-107.28315833611497,48.38490444214866],[-107.28315971702592,48.384935671635134],[-107.28316665341526,48.384939932005786],[-107.2832111181211,48.38488546729715],[-107.28316928710078,48.384850607077325],[-107.28313577343192,48.38485123666156],[-107.28315755249545,48.38488652868117]]],[[[-107.28313577343192,48.38485123666156],[-107.2831553303951,48.38483747307701],[-107.28259075102484,48.384357391898774],[-107.28250485487243,48.384385872800166],[-107.28247212515716,48.384404415443925],[-107.28297403674303,48.38483215577286],[-107.2829872546162,48.384827447839534],[-107.28310058309532,48.38481174365618],[-107.28308790492414,48.384829854895706],[-107.2830887908795,48.384847752531044],[-107.28306235511258,48.38485716842835],[-107.28306289480095,48.38487057173105],[-107.28306437800038,48.38490178538659],[-107.28309155258742,48.384910211460756],[-107.28309229137434,48.38492805344746],[-107.28313274147864,48.384931684248755],[-107.28311818748705,48.384905234214074],[-107.28313705759996,48.38487801163601],[-107.28310274755476,48.384860886544324],[-107.28313577343192,48.38485123666156]]]]}"
00000000000000001fca,979,0,0,0,"{""type"":""Polygon"",""coordinates"":[[[-107.28247212515716,48.384404415443925],[-107.28239374931651,48.38445063135578],[-107.28237433961935,48.38446445035926],[-107.28287620547374,48.384892120213735],[-107.28297403674303,48.38483215577286],[-107.28247212515716,48.384404415443925]]]}"
00000000000000001fc4,980,0,0,0,"{""type"":""Polygon"",""coordinates"":[[[-107.28237433961935,48.38446445035926],[-107.28232879007804,48.38449657807649],[-107.28226279096897,48.3845202600936],[-107.28277153434905,48.38495227871549],[-107.28279762963814,48.3849338982281],[-107.28281114328622,48.38493808346977],[-107.28285001354111,48.38490604622171],[-107.28287620547374,48.384892120213735],[-107.28237433961935,48.38446445035926]]]}"
00000000000000001fc6,981,0,0,0,"{""type"":""Polygon"",""coordinates"":[[[-107.28226279096897,48.3845202600936],[-107.2822297206921,48.384529838116414],[-107.28219051020413,48.38455291029006],[-107.28247100594118,48.384828710164605],[-107.28251061472412,48.38481451507954],[-107.28254530950316,48.38484067650873],[-107.28250589970729,48.384859310284206],[-107.28266033046371,48.38501258381437],[-107.28266696536538,48.385012421362745],[-107.28273930460098,48.384979683199305],[-107.28277153434905,48.38495227871549],[-107.28226279096897,48.3845202600936]]]}"
00000000000000001fc7,982,0,0,0,"{""type"":""GeometryCollection"",""geometries"":[{""type"":""LineString"",""coordinates"":[[-107.28232365358076,48.384831654021966],[-107.2823307518413,48.38484044550228]]},{""type"":""Polygon"",""coordinates"":[[[-107.28250589970729,48.384859310284206],[-107.28240133087962,48.384919452533694],[-107.28253482369192,48.385055260346],[-107.28258814538324,48.3850496891337],[-107.28266033046371,48.38501258381437],[-107.28250589970729,48.384859310284206]]]},{""type"":""Polygon"",""coordinates"":[[[-107.28219051020413,48.38455291029006],[-107.2821053967694,48.38459930433462],[-107.28211921145704,48.384607912491],[-107.28213336653121,48.38462548525137],[-107.28214722603563,48.38463416489767],[-107.28214796436876,48.38465200681079],[-107.28232362514497,48.384831639585016],[-107.28234392064522,48.384835718138675],[-107.28233094657631,48.38484493614249],[-107.28235183908389,48.38486233070249],[-107.2823585187348,48.38486223976426],[-107.28247100594118,48.384828710164605],[-107.28219051020413,48.38455291029006]]]}]}"
00000000000000001fba,983,0,0,0,"{""type"":""MultiPolygon"",""coordinates"":[[[[-107.28240133087962,48.384919452533694],[-107.28238167712024,48.38492876150115],[-107.28228256173185,48.384961950405035],[-107.28243001048739,48.385110892681574],[-107.28244956770564,48.385097129167164],[-107.2824956126716,48.3850783328849],[-107.28252824064424,48.38505980579696],[-107.28253482369192,48.385055260346],[-107.28240133087962,48.384919452533694]]],[[[-107.28224956563997,48.38482418322183],[-107.2822249528018,48.384873777193675],[-107.28224589004725,48.38489124327814],[-107.28225866515461,48.38487758660561],[-107.28227208201956,48.38487731743765],[-107.28227282040658,48.38489515942978],[-107.28229237752699,48.3848813960055],[-107.2823183704929,48.38486303148519],[-107.28235183908389,48.38486233070249],[-107.28233094657631,48.38484493614249],[-107.28233070278196,48.38484042598401],[-107.28214796436876,48.38465200681079],[-107.28214884986593,48.38466990440672],[-107.28213583104204,48.38467905086419],[-107.28212285701025,48.3846882688119],[-107.28212477639116,48.38473290149093],[-107.28212679813879,48.38477751839386],[-107.28214684977208,48.38477708683319],[-107.28216694620643,48.384776726758645],[-107.2821682296643,48.38480350172663],[-107.2821823848345,48.3848210745418],[-107.2822483844908,48.38479739243246],[-107.28226921934552,48.38481487430101],[-107.28224956563997,48.38482418322183]],[[-107.28227649595284,48.38482809936869],[-107.28228961718634,48.38481893705191],[-107.28226921934552,48.38481487430101],[-107.28227649595284,48.38482809936869]],[[-107.28225826717905,48.38486870926365],[-107.28224524829149,48.38487785577164],[-107.28225866515461,48.38487758660561],[-107.28225826717905,48.38486870926365]]]]}"
00000000000000001fce,984,0,0,0,"{""type"":""Polygon"",""coordinates"":[[[-107.28228256173185,48.384961950405035],[-107.28219017073245,48.3849951197928],[-107.28217715179036,48.38500426631463],[-107.28217061353207,48.385008883227655],[-107.28231836318352,48.385162248699615],[-107.2823450947697,48.38516172615041],[-107.28243001048739,48.385110892681574],[-107.28228256173185,48.384961950405035]]]}"
00000000000000001fd9,985,0,0,0,"{""type"":""Polygon"",""coordinates"":[[[-107.28217061353207,48.385008883227655],[-107.28212476762816,48.38503211801218],[-107.28209793382973,48.38503265630839],[-107.28207154276329,48.385042143459074],[-107.28200284041303,48.38500327907176],[-107.2821857783177,48.385196138446865],[-107.28223870209254,48.385181690017845],[-107.28231836318352,48.385162248699615],[-107.28217061353207,48.385008883227655]]]}"
00000000000000001fd8,986,0,0,0,"{""type"":""Polygon"",""coordinates"":[[[-107.28193413246672,48.38496888496586],[-107.28191374045554,48.384960351820325],[-107.28188036850396,48.38496550694377],[-107.28184665625294,48.38496169739028],[-107.2818046857107,48.384922310498666],[-107.28176433871204,48.38491866330731],[-107.28205987309778,48.38522993711478],[-107.28206650799673,48.38522977470401],[-107.282079924962,48.38522950555856],[-107.28212135690535,48.38525548912114],[-107.28215388849031,48.38523250757792],[-107.28211933519745,48.38521087181727],[-107.28215914335644,48.385201115463865],[-107.2821857783177,48.385196138446865],[-107.28200284041303,48.38500327907176],[-107.28196160782173,48.38498173425218],[-107.28194131237163,48.38497765560536],[-107.28193413246672,48.38496888496586]],[[-107.28194131237163,48.38497765560536],[-107.28192789551733,48.38497792472738],[-107.28193501785047,48.38498678267297],[-107.28194131237163,48.38497765560536]]]}"
00000000000000001fd4,987,0,0,0,"{""type"":""Polygon"",""coordinates"":[[[-107.28176433871204,48.38491866330731],[-107.28166300339511,48.384902795814554],[-107.28158776376638,48.38486854807318],[-107.28159326269794,48.38484166635749],[-107.2815857426855,48.38482393106588],[-107.281547019142,48.384856023442794],[-107.28195530295946,48.38529007933016],[-107.28196173891317,48.38528547821925],[-107.28197471318585,48.38527626018397],[-107.28199466847319,48.385271374125736],[-107.28201412348008,48.385257626468],[-107.28204051470331,48.38524813929079],[-107.28205987309778,48.38522993711478],[-107.28176433871204,48.38491866330731]]]}"
00000000000000001fd5,988,0,0,0,"{""type"":""Polygon"",""coordinates"":[[[-107.28170284362997,48.38519232871755],[-107.28183633372672,48.38532813826356],[-107.28187584065675,48.385313959107414],[-107.28193554661085,48.3852994040901],[-107.28195530295946,48.38529007933016],[-107.281547019142,48.384856023442794],[-107.28148849461154,48.3848973689263],[-107.28143522535322,48.38490732249438],[-107.28170264471211,48.38518789001728],[-107.28170927957869,48.3851877276321],[-107.28170284362997,48.38519232871755]],[[-107.28170927957869,48.3851877276321],[-107.28172249755768,48.385183019838635],[-107.2817087403947,48.385174324229325],[-107.28170927957869,48.3851877276321]]]}"
000000000000000020d2,989,0,0,0,"{""type"":""Polygon"",""coordinates"":[[[-107.28170284362997,48.38519232871755],[-107.28170402436123,48.38521911972259],[-107.28166323447572,48.38520652357971],[-107.28170264471211,48.38518789001728],[-107.28143522535322,48.38490732249438],[-107.2813688853864,48.38492203943359],[-107.28130244304786,48.38493677214379],[-107.28172478220398,48.38538394835003],[-107.28175097458694,48.3853700225125],[-107.28180380197004,48.385351119744854],[-107.28182325705122,48.38533737210331],[-107.28183633372672,48.38532813826356],[-107.28170284362997,48.38519232871755]]]}"
0000000000000000209f,990,0,0,0,"{""type"":""Polygon"",""coordinates"":[[[-107.28130244304786,48.38493677214379],[-107.28121634689029,48.38496081354842],[-107.2811050975796,48.38502104538237],[-107.28168129716946,48.385460765340255],[-107.28169471416375,48.38546049624667],[-107.2817135853467,48.38543327363757],[-107.28167239740034,48.385411800015554],[-107.28172478220398,48.38538394835003],[-107.28130244304786,48.38493677214379]]]}"
00000000000000001fe2,991,0,0,0,"{""type"":""Polygon"",""coordinates"":[[[-107.2811050975796,48.38502104538237],[-107.28109855926269,48.38502566222542],[-107.28107280956024,48.38504853666418],[-107.28102156058648,48.38510310726569],[-107.28105773545525,48.3851604832906],[-107.2813204248223,48.38533835916179],[-107.2813272068535,48.38533825248135],[-107.28136047664856,48.38533311332137],[-107.28137507403443,48.38535963536149],[-107.2813618559972,48.38536434312425],[-107.28155554537524,48.3854989307671],[-107.28158144242505,48.38547611167977],[-107.28168129716946,48.385460765340255],[-107.2811050975796,48.38502104538237]]]}"
00000000000000001fdd,992,0,0,0,"{""type"":""MultiPolygon"",""coordinates"":[[[[-107.28105773545525,48.3851604832906],[-107.28108712844917,48.38521796602338],[-107.28119417939432,48.38536319204837],[-107.28122061545967,48.385353776567996],[-107.28123392998117,48.38535352335459],[-107.28126032124555,48.38534403637349],[-107.28128671250393,48.385334549387],[-107.28129329566501,48.385330003994774],[-107.2813204248223,48.38533835916179],[-107.28105773545525,48.3851604832906]]],[[[-107.2813618559972,48.38536434312425],[-107.28132888154667,48.385378375536305],[-107.2812895158698,48.38539708050971],[-107.28126234189172,48.38538865383372],[-107.28124892498488,48.38538892286437],[-107.2812217510341,48.385380496177504],[-107.28120833413598,48.38538076520223],[-107.28122253368782,48.38539840985115],[-107.2814783472897,48.38557193814038],[-107.28149176429545,48.385571669074274],[-107.28155554537524,48.3854989307671],[-107.2813618559972,48.38536434312425]]]]}"
00000000000000001fe8,993,0,0,0,"{""type"":""Polygon"",""coordinates"":[[[-107.28122253368782,48.38539840985115],[-107.28126620204745,48.38562525189217],[-107.28133258806139,48.38561060629004],[-107.28139215305325,48.38559152548019],[-107.2814783472897,48.38557193814038],[-107.28122253368782,48.38539840985115]]]}"
000000000000000020d3,994,0,0,0,"{""type"":""Polygon"",""coordinates"":[[[-107.28122253368782,48.38539840985115],[-107.28120833413598,48.38538076520223],[-107.28120189812505,48.38538536627236],[-107.28118120500774,48.385372409996194],[-107.28119417939432,48.38536319204837],[-107.28108712844917,48.38521796602338],[-107.28111862111729,48.385623740802025],[-107.28124634900013,48.38563012202205],[-107.28126620204745,48.38562525189217],[-107.28122253368782,48.38539840985115]],[[-107.28116778811832,48.385372679015006],[-107.28113407584206,48.38536886918315],[-107.28114803169876,48.38538200362932],[-107.28113501250513,48.38539115008271],[-107.28115555155098,48.385399739144795],[-107.28116778811832,48.385372679015006]]]}"
000000000000000020d5,995,0,0,0,"{""type"":""MultiPolygon"",""coordinates"":[[[[-107.28103574205842,48.38541997078336],[-107.28097667742784,48.385447912940286],[-107.28097004256549,48.38544807527556],[-107.28098445739346,48.385621960484684],[-107.28099119465715,48.385621782334546],[-107.28105797824279,48.38561601440336],[-107.28111862111729,48.385623740802025],[-107.28110238403407,48.38540967682543],[-107.28103574205842,48.38541997078336]]],[[[-107.28110238403407,48.38540967682543],[-107.28108712844917,48.38521796602338],[-107.28105773545525,48.3851604832906],[-107.28102156058648,48.38510310726569],[-107.28098873353674,48.38511719516538],[-107.28098219519565,48.38512181200945],[-107.28095640058746,48.38514461496956],[-107.28095050351315,48.385162619409456],[-107.28096822110841,48.38540789647235],[-107.28108812698109,48.385392119457535],[-107.28110238403407,48.38540967682543]]]]}"
000000000000000020da,996,0,0,0,"{""type"":""MultiPolygon"",""coordinates"":[[[[-107.28097004256549,48.38544807527556],[-107.28092900940199,48.38543096854209],[-107.28089647731497,48.385453949768966],[-107.28083657257818,48.38546406545454],[-107.28085024908808,48.38562010848253],[-107.28089064113709,48.38562382759127],[-107.28091723140703,48.385618779391535],[-107.28098445739346,48.385621960484684],[-107.28097004256549,48.38544807527556]]],[[[-107.28095050351315,48.385162619409456],[-107.28090721637706,48.38524387446268],[-107.28088162046893,48.38527111616892],[-107.28085478685045,48.38527165411593],[-107.28084137004392,48.38527192308657],[-107.28082765798584,48.38526329882053],[-107.28082087600464,48.38526340546431],[-107.28083317356503,48.38538821805469],[-107.28088673859753,48.385387157971074],[-107.28090059788424,48.3853958379266],[-107.28094138736617,48.385408434448046],[-107.28096822110841,48.38540789647235],[-107.28095050351315,48.385162619409456]]]]}"
000000000000000020dd,997,0,0,0,"{""type"":""MultiPolygon"",""coordinates"":[[[[-107.28083657257818,48.38546406545454],[-107.28073651961586,48.38547497217354],[-107.2807024098657,48.38546228472322],[-107.28071692576385,48.385636154239485],[-107.28077049108914,48.3856350942083],[-107.28084361420363,48.385620270810165],[-107.28085024908808,48.38562010848253],[-107.28083657257818,48.38546406545454]]],[[[-107.28082087600464,48.38526340546431],[-107.28080038197925,48.385254887838684],[-107.28075275916052,48.38523801489566],[-107.2807395411808,48.385242722560655],[-107.28073448398607,48.385278553362625],[-107.28070902919568,48.38531032106243],[-107.28069665116124,48.38533285508688],[-107.28072476121355,48.385363562820935],[-107.28072520360263,48.3853725117532],[-107.28073906282151,48.38538119173134],[-107.28075301848118,48.3853943262429],[-107.28083317356503,48.38538821805469],[-107.28082087600464,48.38526340546431]]]]}"
000000000000000020de,998,0,0,0,"{""type"":""Polygon"",""coordinates"":[[[-107.2807024098657,48.38546228472322],[-107.28063449162721,48.385441332707074],[-107.28060741437896,48.385437360369316],[-107.28054905038246,48.38563056328964],[-107.28071692576385,48.385636154239485],[-107.2807024098657,48.38546228472322]]]}"
000000000000000020df,999,0,0,0,"{""type"":""Polygon"",""coordinates"":[[[-107.28057350353382,48.38542911160477],[-107.28054750978332,48.385447475868006],[-107.28051993861837,48.3854301715117],[-107.28050607946746,48.38542149149227],[-107.28048602783211,48.38542192271591],[-107.28040716928335,48.38560660775433],[-107.2804208812982,48.385615232136956],[-107.28044751628049,48.38561025556246],[-107.28050192128323,48.38562702214781],[-107.28054905038246,48.38563056328964],[-107.28060741437896,48.385437360369316],[-107.28057350353382,48.38542911160477]]]}"
000000000000000020e3,1000,0,0,0,"{""type"":""Polygon"",""coordinates"":[[[-107.28047934821488,48.38542201352411],[-107.2804773285304,48.38537739599515],[-107.28047693099595,48.38536851855145],[-107.28039810994117,48.385405784802494],[-107.28025732693823,48.3855559673825],[-107.28031217394748,48.385581683037394],[-107.28037989325531,48.38559819659958],[-107.28040716928335,48.38560660775433],[-107.28048602783211,48.38542192271591],[-107.28047934821488,48.38542201352411]]]}"
000000000000000020ec,1001,0,0,0,"{""type"":""Polygon"",""coordinates"":[[[-107.27998606029995,48.38563730735442],[-107.28013815860626,48.38558958567164],[-107.28019054393219,48.385561734736214],[-107.28022995465817,48.38554310164111],[-107.28025732693823,48.3855559673825],[-107.28039810994117,48.385405784802494],[-107.28005770249267,48.38543930979357],[-107.28007863850452,48.38545677656657],[-107.28007917708334,48.385470180064814],[-107.28008026025896,48.385492516714365],[-107.28003515075689,48.385533592985695],[-107.2798828092437,48.38557680421354],[-107.2798310646963,48.385618042718924],[-107.2798113080976,48.385627367105926],[-107.27976417945979,48.38562382559089],[-107.27973090976971,48.385628964223685],[-107.27971243477785,48.38566506407217],[-107.27977347390181,48.38568166885666],[-107.27990016157281,48.38566578667677],[-107.27989264238501,48.38564805095778],[-107.27998606029995,48.38563730735442]],[[-107.27989264238501,48.38564805095778],[-107.27988536668984,48.38563482548321],[-107.27987234727269,48.38564397181459],[-107.27989264238501,48.38564805095778]]]}"
00000000000000002958,1002,0,0,0,"{""type"":""Polygon"",""coordinates"":[[[-107.28001901645187,48.38532398355612],[-107.28001945866774,48.38533293248938],[-107.2800210355785,48.38536860106418],[-107.2800228559929,48.38540877988218],[-107.28005770249267,48.38543930979357],[-107.28039810994117,48.385405784802494],[-107.28047693099595,48.38536851855145],[-107.28047575117338,48.38534172743328],[-107.2804755524061,48.38533728871421],[-107.28001901645187,48.38532398355612]],[[-107.28040921198057,48.38535200512133],[-107.28038891685338,48.38534792611023],[-107.28039599396566,48.38535671275003],[-107.28040921198057,48.38535200512133]]]}"
000000000000000020d6,1003,0,0,0,"{""type"":""Polygon"",""coordinates"":[[[-107.28039849319045,48.385262861012194],[-107.28018255561766,48.38523144733021],[-107.28018275434997,48.38523588604196],[-107.28015224154618,48.38530348437909],[-107.28012496586913,48.385295073190896],[-107.28011125407896,48.385286448812124],[-107.28004363199561,48.385274389662015],[-107.28004299105794,48.38526100202391],[-107.28004181154992,48.385234210946436],[-107.2800339972874,48.38520758214962],[-107.27995295877572,48.385195791799624],[-107.27997365108901,48.38520874831768],[-107.2800162600525,48.38526152391914],[-107.28001763825237,48.3852927537285],[-107.28001901645187,48.38532398355612],[-107.2804755524061,48.38533728871421],[-107.28047943002208,48.38527466679578],[-107.28041210869083,48.38526703081827],[-107.28039869194886,48.385267299725456],[-107.28039849319045,48.385262861012194]],[[-107.28039869194886,48.385267299725456],[-107.28039215354887,48.385271916543864],[-107.2803941731363,48.38531653398884],[-107.28041289094976,48.385284944470406],[-107.28039869194886,48.385267299725456]]]}"
000000000000000020cd,1004,0,0,0,"{""type"":""MultiPolygon"",""coordinates"":[[[[-107.2804638971905,48.3852258637847],[-107.28044542300233,48.38526196348088],[-107.28041210869083,48.38526703081827],[-107.28047943002208,48.38527466679578],[-107.2804638971905,48.3852258637847]]],[[[-107.28042172973045,48.3851820373411],[-107.28024569666721,48.38514532272504],[-107.28023926064967,48.385149923710564],[-107.28021950432525,48.38515924809269],[-107.28018255561766,48.38523144733021],[-107.28039849319045,48.385262861012194],[-107.28040473046144,48.385253821293475],[-107.28042448683284,48.385244496855556],[-107.28043706372348,48.385226401610794],[-107.28042310828184,48.385213267089185],[-107.28043588392421,48.38519961056292],[-107.28042172973045,48.3851820373411]]],[[[-107.28001895890908,48.38517211104266],[-107.2800244589491,48.38514522923564],[-107.2800169397714,48.385127493699194],[-107.28002288202241,48.385109560810676],[-107.28002224108911,48.3850961732137],[-107.27995452310353,48.38507965952145],[-107.2799426833428,48.38511559676892],[-107.27994361928708,48.385137877592506],[-107.27991767041786,48.385156313074965],[-107.27991851001201,48.3851741393967],[-107.27995295877572,48.385195791799624],[-107.2800339972874,48.38520758214962],[-107.28001895890908,48.38517211104266]]]]}"
000000000000000020d1,1005,0,0,0,"{""type"":""GeometryCollection"",""geometries"":[{""type"":""LineString"",""coordinates"":[[-107.28075273513168,48.385237981283055],[-107.28074603602975,48.385238114151456],[-107.28073953640121,48.385242709243954]]},{""type"":""Polygon"",""coordinates"":[[[-107.28050050549028,48.385144699747954],[-107.28049194739748,48.38510469926234],[-107.28026849111991,48.385055550378645],[-107.28025773492907,48.385113824127515],[-107.28024569666721,48.38514532272504],[-107.28042172973045,48.3851820373411],[-107.28045415931649,48.38515907220721],[-107.2804875311135,48.385153917564146],[-107.28048733234347,48.385149478860804],[-107.28050050549028,48.385144699747954]],[[-107.28048669124003,48.38513609126122],[-107.28047367207171,48.38514523758223],[-107.28048733234347,48.385149478860804],[-107.28048669124003,48.38513609126122]]]},{""type"":""Polygon"",""coordinates"":[[[-107.28000424764086,48.38499380415607],[-107.27998459376292,48.38500311264936],[-107.27995452310353,48.38507965952145],[-107.28002224108911,48.3850961732137],[-107.28005315131207,48.38503745257239],[-107.28011285631403,48.385022898786836],[-107.28014106785892,48.385053590723956],[-107.28015428575671,48.38504888316003],[-107.28017458064485,48.38505296220385],[-107.28018711275537,48.385034795564664],[-107.28016018314145,48.385030878799505],[-107.28000424764086,48.38499380415607]],[[-107.28014676652086,48.385031147667256],[-107.28015384350398,48.38503993427597],[-107.28016018314145,48.385030878799505],[-107.28014676652086,48.385031147667256]]]}]}"
000000000000000020d7,1006,0,0,0,"{""type"":""MultiPolygon"",""coordinates"":[[[[-107.28098205393832,48.38511728600752],[-107.28098219519565,48.38512181200945],[-107.28098873353674,48.38511719516538],[-107.28098205393832,48.38511728600752]]],[[[-107.28008124731886,48.38491636006405],[-107.2800440551803,48.38498404873404],[-107.28000424764086,48.38499380415607],[-107.28018711275537,48.385034795564664],[-107.28019939454204,48.385007807224234],[-107.28026573426631,48.38499309107466],[-107.28027850986008,48.38497943462691],[-107.28030598414284,48.38499228441619],[-107.28027320877045,48.385010755052214],[-107.28026849111991,48.385055550378645],[-107.28049194739748,48.38510469926234],[-107.28049140865876,48.3850912958623],[-107.28051656226283,48.3850551054682],[-107.2805351386398,48.38501899009104],[-107.28008124731886,48.38491636006405]]]]}"
000000000000000020d4,1007,0,0,0,"{""type"":""MultiPolygon"",""coordinates"":[[[[-107.28105914916851,48.38504429547988],[-107.28098205393832,48.38511728600752],[-107.28098873353674,48.38511719516538],[-107.28102156058648,48.38510310726569],[-107.28107280956024,48.38504853666418],[-107.28105914916851,48.38504429547988]]],[[[-107.28021938739612,48.38485550448325],[-107.2802132913343,48.38486907010526],[-107.28020051576797,48.3848827265154],[-107.28017343909855,48.38487875408232],[-107.28019889386175,48.38484698678208],[-107.28009048424187,48.38482233101387],[-107.28009072775788,48.384826841183546],[-107.28004615772745,48.38488132027497],[-107.28006665121008,48.3848898380155],[-107.28008124731886,48.38491636006405],[-107.2805351386398,48.38501899009104],[-107.28054113226895,48.385005440223956],[-107.28056683049378,48.38497818293353],[-107.28058506084224,48.3849375732361],[-107.28021938739612,48.38485550448325]],[[-107.28031600277981,48.38491616875344],[-107.28032327854879,48.38492939401536],[-107.2803362528584,48.38492017626184],[-107.28031600277981,48.38491616875344]],[[-107.28023560556666,48.38491776624379],[-107.28024288130071,48.38493099151307],[-107.28026927221576,48.3849215048881],[-107.28023560556666,48.38491776624379]],[[-107.28019417616656,48.38489178196845],[-107.28020145187833,48.38490500723499],[-107.28021447098394,48.38489586099364],[-107.28019417616656,48.38489178196845]]]]}"
000000000000000020c9,1008,0,0,0,"{""type"":""GeometryCollection"",""geometries"":[{""type"":""LineString"",""coordinates"":[[-107.2805876029801,48.38484376626413],[-107.28059430203098,48.384843633405765]]},{""type"":""Polygon"",""coordinates"":[[[-107.28105914916851,48.38504429547988],[-107.28107280956024,48.38504853666418],[-107.28109855926269,48.38502566222542],[-107.28105914916851,48.38504429547988]]]},{""type"":""Polygon"",""coordinates"":[[[-107.28017112465018,48.38482524382523],[-107.28016748342101,48.38474488711438],[-107.2801137209987,48.38474150807927],[-107.2801150993078,48.38477273757999],[-107.28010242011555,48.38479084843834],[-107.28009048424187,48.38482233101387],[-107.28019889386175,48.38484698678208],[-107.28019869512478,48.384842548102846],[-107.28017112465018,48.38482524382523]]]},{""type"":""Polygon"",""coordinates"":[[[-107.28058760424999,48.38484379373765],[-107.2803708862134,48.38479446718808],[-107.28037206598208,48.38482125803403],[-107.2803407140687,48.38487102967079],[-107.28029304738494,48.38485408510645],[-107.28023196420672,48.38483740939931],[-107.28021938739612,48.38485550448325],[-107.28058506084224,48.3849375732361],[-107.28059734235433,48.384910584900986],[-107.28058760424999,48.38484379373765]]]}]}"
000000000000000020cb,1009,0,0,0,"{""type"":""Polygon"",""coordinates"":[[[-107.28061585246293,48.38472706873403],[-107.28062243554159,48.38472252344162],[-107.28036822555062,48.38473646267854],[-107.2803708862134,48.38479446718808],[-107.28059434134411,48.38484361562222],[-107.28060736038665,48.38483446933978],[-107.28061197522365,48.384789690005526],[-107.28064386559022,48.3847533216743],[-107.28061585246293,48.38472706873403]]]}"
000000000000000020b2,1010,0,0,0,"{""type"":""MultiPolygon"",""coordinates"":[[[[-107.28013081680311,48.384674179339925],[-107.28011150298771,48.38469245243454],[-107.2801137209987,48.38474150807927],[-107.28016748342101,48.38474488711438],[-107.2801670859533,48.384736009772986],[-107.28020605349103,48.38470842817148],[-107.280218732615,48.384690317329174],[-107.28023170684578,48.38468109963308],[-107.28023086708501,48.384663273483085],[-107.28013081680311,48.384674179339925]]],[[[-107.28068641487548,48.384654225543706],[-107.28069845261992,48.38462272719412],[-107.28068503607079,48.38462299613313],[-107.28037116695299,48.384651560851076],[-107.28036664826432,48.38470079454168],[-107.28036822555062,48.38473646267854],[-107.28062243554159,48.38472252344162],[-107.28063521095135,48.3847088670204],[-107.28066867880783,48.38470816684442],[-107.28066086411279,48.384681538372135],[-107.28068091538401,48.38468110712723],[-107.28070764615873,48.38468058505869],[-107.28070735092476,48.38467169192173],[-107.28068641487548,48.384654225543706]]]]}"
000000000000000020cc,1011,0,0,0,"{""type"":""MultiPolygon"",""coordinates"":[[[[-107.28041917154044,48.38452551202056],[-107.28038074298492,48.38456649687313],[-107.28037116695299,48.384651560851076],[-107.28068503607079,48.38462299613313],[-107.28041917154044,48.38452551202056]]],[[[-107.28020049513579,48.384583438951104],[-107.28019965538768,48.384565612833164],[-107.28017164284132,48.3845393598411],[-107.28017134773525,48.3845304667228],[-107.2801681487326,48.384459059241756],[-107.2801421556278,48.38447742304502],[-107.28008893221275,48.384487447253065],[-107.2800781760178,48.38454572036127],[-107.28014771380373,48.38460241202486],[-107.2801627073597,48.3846378112423],[-107.28013081680311,48.384674179339925],[-107.28023086708501,48.384663273483085],[-107.28023012969003,48.38464543152771],[-107.28022968741344,48.38463648271229],[-107.28020049513579,48.384583438951104]]]]}"
000000000000000020c6,1012,0,0,0,"{""type"":""Polygon"",""coordinates"":[[[-107.28047587496314,48.38444398938108],[-107.28046290084677,48.384453207066244],[-107.28046388192575,48.38447555909032],[-107.28041917154044,48.38452551202056],[-107.28068503607079,48.38462299613313],[-107.28069845261992,48.38462272719412],[-107.28071628503245,48.3845732404422],[-107.28073475860081,48.3845371411758],[-107.28047587496314,48.38444398938108]]]}"
000000000000000020c8,1013,0,0,0,"{""type"":""MultiPolygon"",""coordinates"":[[[[-107.28053905880218,48.38435793739622],[-107.28052628350484,48.384371593711954],[-107.28055955223361,48.384366454949365],[-107.28053905880218,48.38435793739622]]],[[[-107.28047070039733,48.384328036882415],[-107.28047207903286,48.384359266127646],[-107.28050500775497,48.38434516281063],[-107.28047070039733,48.384328036882415]]],[[[-107.2805800456789,48.38437497249916],[-107.28047587496314,48.38444398938108],[-107.28073475860081,48.3845371411758],[-107.28074089923363,48.38452364710158],[-107.28073219970112,48.384479121159615],[-107.2807511156083,48.384451970732826],[-107.2805800456789,48.38437497249916]]]]}"
00000000000000001fe3,1014,0,0,0,"{""type"":""Polygon"",""coordinates"":[[[-107.28054765318379,48.38425052194603],[-107.2805217051064,48.38426895726479],[-107.28050868626794,48.38427810343348],[-107.28046981571755,48.38431013936502],[-107.28047070039733,48.384328036882415],[-107.28050500775497,48.38434516281063],[-107.28053743653463,48.3843221980294],[-107.28056407058959,48.38431722156674],[-107.28053905880218,48.38435793739622],[-107.28055955223361,48.384366454949365],[-107.28056628923882,48.38436627683975],[-107.28057984689221,48.38437053386125],[-107.2805800456789,48.38437497249916],[-107.2807511156083,48.384451970732826],[-107.28075725621902,48.384438476679684],[-107.280776864965,48.38442909664485],[-107.28076840899918,48.384389080914715],[-107.28080118372453,48.38437061034153],[-107.28054765318379,48.38425052194603]]]}"
00000000000000001fd0,1015,0,0,0,"{""type"":""Polygon"",""coordinates"":[[[-107.28062489407685,48.38417758866967],[-107.2806185546873,48.38418664402563],[-107.28058622247937,48.38421406320813],[-107.28056022964476,48.384232427033254],[-107.28054765318379,48.38425052194603],[-107.28080118372453,48.38437061034153],[-107.28085980413762,48.38433372014429],[-107.28088501446763,48.384297442886854],[-107.28062489407685,48.38417758866967]]]}"
00000000000000001fd2,1016,0,0,0,"{""type"":""Polygon"",""coordinates"":[[[-107.28068823116674,48.384095904159665],[-107.28066312322147,48.38413216541627],[-107.28062489407685,48.38417758866967],[-107.28088501446763,48.384297442886854],[-107.28089135383267,48.38428838749514],[-107.28091650653354,48.38425219756404],[-107.28092918523205,48.38423408679372],[-107.280962210301,48.38422443779166],[-107.28068823116674,48.384095904159665]]]}"
000000000000000020c1,1017,0,0,0,"{""type"":""Polygon"",""coordinates"":[[[-107.28086793847942,48.38406555822732],[-107.28081639555798,48.3841112346381],[-107.28076273004677,48.384112310421074],[-107.28074085777703,48.384072563865196],[-107.28068823116674,48.384095904159665],[-107.280962210301,48.38422443779166],[-107.28097542790913,48.38421973019534],[-107.28104652779426,48.384160290625616],[-107.28086793847942,48.38406555822732]]]}"
000000000000000020be,1018,0,0,0,"{""type"":""Polygon"",""coordinates"":[[[-107.28096469061603,48.38397879056271],[-107.28093701778516,48.3839615025967],[-107.28091324435485,48.38402892136531],[-107.28086793847942,48.38406555822732],[-107.28104652779426,48.384160290625616],[-107.28107207798416,48.38413297797611],[-107.28111802520623,48.38410972829979],[-107.28096469061603,48.38397879056271]]]}"
00000000000000001fcf,1019,0,0,0,"{""type"":""Polygon"",""coordinates"":[[[-107.28106945614213,48.38392308958904],[-107.28096469061603,48.38397879056271],[-107.28111802520623,48.38410972829979],[-107.2811309991255,48.38410051059056],[-107.28116352987904,48.384077529901234],[-107.28121645180933,48.38406308238484],[-107.28122966936296,48.38405837476918],[-107.28106945614213,48.38392308958904]]]}"
000000000000000020b8,1020,0,0,0,"{""type"":""Polygon"",""coordinates"":[[[-107.28120099658797,48.38386693786775],[-107.28118109971749,48.38387173630928],[-107.28108910938506,48.383913781078505],[-107.28106945614213,48.38392308958904],[-107.28122966936296,48.38405837476918],[-107.28131502542577,48.38401649209116],[-107.28120099658797,48.38386693786775]]]}"
000000000000000020c5,1021,0,0,0,"{""type"":""Polygon"",""coordinates"":[[[-107.28132645407632,48.383824192652725],[-107.28129342933528,48.383833841699214],[-107.28123436737769,48.38386178311581],[-107.28120099658797,48.38386693786775],[-107.28131502542577,48.38401649209116],[-107.28134121682481,48.38400256674724],[-107.28142731073324,48.383978525719705],[-107.28132645407632,48.383824192652725]]]}"
00000000000000001fd1,1022,0,0,0,"{""type"":""Polygon"",""coordinates"":[[[-107.28145903342704,48.38379030510229],[-107.2814458607621,48.383795084212935],[-107.28139269549524,48.38380502169814],[-107.28132645407632,48.383824192652725],[-107.28142731073324,48.383978525719705],[-107.28144062478938,48.383978272495995],[-107.2815395959472,48.383940559246476],[-107.28154603167134,48.38393595828563],[-107.28145903342704,48.38379030510229]]]}"
000000000000000020bd,1023,0,0,0,"{""type"":""Polygon"",""coordinates"":[[[-107.28159977411963,48.38378753957129],[-107.28155992282184,48.38379722390305],[-107.2815591847511,48.383779382264706],[-107.2815922542654,48.38376980462668],[-107.28157790090498,48.383747793471855],[-107.28154483141248,48.38375737110042],[-107.28145903342704,48.38379030510229],[-107.28154603167134,48.38393595828563],[-107.28162558740425,48.383916533883976],[-107.28164578562487,48.38391615812628],[-107.28167885527425,48.38390658043049],[-107.28159977411963,48.38378753957129]]]}"
00000000000000001fbf,1024,0,0,0,"{""type"":""GeometryCollection"",""geometries"":[{""type"":""LineString"",""coordinates"":[[-107.28189168917218,48.3840184491834],[-107.28189858767489,48.38402277847261]]},{""type"":""LineString"",""coordinates"":[[-107.2818195112678,48.38390376071274],[-107.28181971082628,48.38390822293494]]},{""type"":""Polygon"",""coordinates"":[[[-107.28181964851748,48.383908197467996],[-107.28182029013583,48.383921584737436],[-107.28183395033005,48.383925825729285],[-107.28181964851748,48.383908197467996]]]},{""type"":""Polygon"",""coordinates"":[[[-107.28157790090498,48.383747793471855],[-107.2815922542654,48.38376980462668],[-107.28162532377455,48.38376022697915],[-107.28162438675234,48.38373794677476],[-107.28157790090498,48.383747793471855]]]},{""type"":""Polygon"",""coordinates"":[[[-107.2817325524209,48.38375809024717],[-107.28167952847056,48.38377255376897],[-107.28165313834958,48.38378204055666],[-107.28162640795568,48.3837825628697],[-107.28159977411963,48.38378753957129],[-107.28167885527425,48.38390658043049],[-107.28174505212719,48.38388733770815],[-107.28180485226662,48.383877237624795],[-107.2817325524209,48.38375809024717]]]},{""type"":""Polygon"",""coordinates"":[[[-107.28193490648914,48.38408461290366],[-107.28192208681592,48.38409819783466],[-107.28192444869345,48.38415177874313],[-107.28190503909063,48.38416559757202],[-107.28194022714406,48.38420509059452],[-107.28195404163058,48.38421369871611],[-107.28193452963173,48.38422753338081],[-107.28192151095251,48.384236679729725],[-107.28197477938706,48.384226726038186],[-107.28201438747472,48.384212531335436],[-107.28193490648914,48.38408461290366]]]}]}"
00000000000000001fb5,1025,0,0,0,"{""type"":""MultiPolygon"",""coordinates"":[[[[-107.28185785550609,48.3837109773448],[-107.2818243433356,48.38371160642036],[-107.2817325524209,48.38375809024717],[-107.28180485226662,48.383877237624795],[-107.28181826870455,48.38387696853605],[-107.28185812013726,48.383867284079265],[-107.2819050041116,48.38386631439586],[-107.28191822160647,48.38386160670438],[-107.28185785550609,48.3837109773448]]],[[[-107.28192603720119,48.383888234642264],[-107.28191296685685,48.38389299801392],[-107.28185930103892,48.383894074412524],[-107.28181955194141,48.38390374306262],[-107.28183395033005,48.383925825729285],[-107.28184746336895,48.38393001104278],[-107.28186132251928,48.3839386906261],[-107.2819438371594,48.38398616248084],[-107.28189165342332,48.384018452083566],[-107.28189863420411,48.38402278397227],[-107.28191922466745,48.3840357555864],[-107.28193348179033,48.38405331238278],[-107.28194768135847,48.384070956485026],[-107.28193490648914,48.38408461290366],[-107.28201438747472,48.384212531335436],[-107.28204091932312,48.38420757028286],[-107.28192603720119,48.383888234642264]]]]}"
00000000000000001fb4,1026,0,0,0,"{""type"":""MultiPolygon"",""coordinates"":[[[[-107.28202579124279,48.38386843410401],[-107.28193925470458,48.38388352694574],[-107.28192603720119,48.383888234642264],[-107.28204091932312,48.38420757028286],[-107.28205409215055,48.38420279104958],[-107.28206750874189,48.38420252192053],[-107.28202579124279,48.38386843410401]]],[[[-107.2820047883882,48.38369910019304],[-107.28193845043683,48.38371381714089],[-107.28185785550609,48.3837109773448],[-107.28191822160647,48.38386160670438],[-107.2819645087262,48.38384732122868],[-107.28201055207302,48.383828525660256],[-107.28202396852251,48.38382825654276],[-107.2820047883882,48.38369910019304]]]]}"
00000000000000001fc0,1027,0,0,0,"{""type"":""MultiPolygon"",""coordinates"":[[[[-107.28210474093352,48.383683738227674],[-107.28205083154354,48.383680304662406],[-107.28203142222527,48.38369412338745],[-107.2820047883882,48.38369910019304],[-107.28202396852251,48.38382825654276],[-107.2820774353656,48.38382274146909],[-107.28213783247087,48.383825956941685],[-107.28219065760452,48.38380705456566],[-107.28210474093352,48.383683738227674]]],[[[-107.28220481245721,48.38382462705726],[-107.28217842227788,48.38383411399992],[-107.28212569947021,48.3838530005667],[-107.2820988665262,48.38385353882962],[-107.28203920770892,48.38386816498376],[-107.28202579124279,48.38386843410401],[-107.28206750874189,48.38420252192053],[-107.28212131653137,48.38420597130388],[-107.28230830259945,48.38418884748185],[-107.28243420431006,48.38415504923719],[-107.28244064002726,48.38415044819811],[-107.28220481245721,48.38382462705726]]]]}"
00000000000000001fbe,1028,0,0,0,"{""type"":""Polygon"",""coordinates"":[[[-107.28219653156846,48.38363725411733],[-107.28216400149503,48.38366023494931],[-107.28210474093352,48.383683738227674],[-107.28219065760452,48.38380705456566],[-107.28221802994273,48.38381991932847],[-107.28220481245721,48.38382462705726],[-107.28244064002726,48.38415044819811],[-107.28253307367613,48.384117350638675],[-107.28261080681133,48.384057747627864],[-107.28262392771903,48.384048585406035],[-107.2826301643676,48.38403954576448],[-107.28219653156846,48.38363725411733]],[[-107.28246976791081,48.384051621700515],[-107.28242190112606,48.38403023987986],[-107.28240966584626,48.384057299455606],[-107.28246976791081,48.384051621700515]],[[-107.2822767513095,48.383783012870545],[-107.28229660343573,48.38377814271984],[-107.28228289133372,48.38376951890406],[-107.2822767513095,48.383783012870545]],[[-107.2822767513095,48.383783012870545],[-107.28226357863271,48.3837877920929],[-107.28227748973113,48.3838008544957],[-107.2822767513095,48.383783012870545]]]}"
00000000000000001fb6,1029,0,0,0,"{""type"":""Polygon"",""coordinates"":[[[-107.28227406486924,48.383573213373715],[-107.28224827185899,48.383596015977936],[-107.28222227983092,48.383614380019274],[-107.28219653156846,48.38363725411733],[-107.2826301643676,48.38403954576448],[-107.28263625954204,48.38402598022265],[-107.2826596897764,48.383949596612204],[-107.28269825755942,48.38391313727086],[-107.28271093550656,48.38389502639969],[-107.2827171273128,48.38388591529072],[-107.28227406486924,48.383573213373715]]]}"
00000000000000001fb3,1030,0,0,0,"{""type"":""Polygon"",""coordinates"":[[[-107.28232462376157,48.383505185109065],[-107.28227406486924,48.383573213373715],[-107.2827171273128,48.38388591529072],[-107.28272346627918,48.383876859858134],[-107.28273564373183,48.3838498876432],[-107.28275967080819,48.383786820000736],[-107.28278526473589,48.3837595786027],[-107.2827976987337,48.38373695771216],[-107.28232462376157,48.383505185109065]]]}"
00000000000000001fab,1031,0,0,0,"{""type"":""Polygon"",""coordinates"":[[[-107.28243454500661,48.3834136377694],[-107.28240889361828,48.383440966196424],[-107.28236378825399,48.383482041875716],[-107.28232462376157,48.383505185109065],[-107.2827976987337,48.38373695771216],[-107.28280373622958,48.383723479541956],[-107.28243454500661,48.3834136377694]]]}"
00000000000000001fa4,1032,0,0,0,"{""type"":""Polygon"",""coordinates"":[[[-107.28257360383655,48.38337521948489],[-107.28255350807584,48.38337557961791],[-107.2824534594027,48.38338648758829],[-107.28243454500661,48.3834136377694],[-107.28280373622958,48.383723479541956],[-107.28281681219352,48.38371424586627],[-107.28286127558574,48.38365978260437],[-107.28257360383655,48.38337521948489]]]}"
00000000000000001fa6,1033,0,0,0,"{""type"":""Polygon"",""coordinates"":[[[-107.28272653463848,48.38334532159756],[-107.28266033856775,48.38336456478044],[-107.28257360383655,48.38337521948489],[-107.28286127558574,48.38365978260437],[-107.28288038897553,48.383637070780466],[-107.28289959905429,48.38361881333971],[-107.28272653463848,48.38334532159756]]]}"
00000000000000001fb0,1034,0,0,0,"{""type"":""Polygon"",""coordinates"":[[[-107.28285257511641,48.38331604924865],[-107.28277282119865,48.383331035885064],[-107.28272653463848,48.38334532159756],[-107.28289959905429,48.38361881333971],[-107.28291227681616,48.38360070254664],[-107.28293782573509,48.383573389719956],[-107.28298946881053,48.38352769687431],[-107.28285257511641,48.38331604924865]]]}"
00000000000000001faa,1035,0,0,0,"{""type"":""Polygon"",""coordinates"":[[[-107.28295070342712,48.3832605094344],[-107.28291817390225,48.383283490345384],[-107.28287920881071,48.38331107224751],[-107.28285257511641,48.38331604924865],[-107.28298946881053,48.38352769687431],[-107.28299570529477,48.38351865730149],[-107.28301343769147,48.38346471686748],[-107.28303982762996,48.383455229767364],[-107.28309225408807,48.38342744994612],[-107.28295070342712,48.3832605094344]]]}"
00000000000000001faf,1036,0,0,0,"{""type"":""Polygon"",""coordinates"":[[[-107.28302179971364,48.3832010695638],[-107.28301521704236,48.38320561488056],[-107.28298966843955,48.38323292753146],[-107.28295070342712,48.3832605094344],[-107.28309225408807,48.38342744994612],[-107.2831382968983,48.38340865399905],[-107.2831836008071,48.38337201656799],[-107.28322340713467,48.38336226015661],[-107.28302179971364,48.3832010695638]]]}"
00000000000000001fa5,1037,0,0,0,"{""type"":""MultiPolygon"",""coordinates"":[[[[-107.28314071745594,48.383162939362805],[-107.28312750019445,48.38316764715481],[-107.28302179971364,48.3832010695638],[-107.28322340713467,48.38336226015661],[-107.28325529449681,48.3833258920085],[-107.28329514558484,48.38331620706471],[-107.28332797093717,48.38330211889606],[-107.28314071745594,48.383162939362805]]],[[[-107.28305068133771,48.38309773470246],[-107.28304394438918,48.383097912980524],[-107.28302468984924,48.383116098775524],[-107.28301171649653,48.38312531655588],[-107.28302587164055,48.38314288869456],[-107.28307943466866,48.383141827484465],[-107.28309899067412,48.38312806437677],[-107.28305068133771,48.38309773470246]]]]}"
00000000000000001fb2,1038,0,0,0,"{""type"":""MultiPolygon"",""coordinates"":[[[[-107.2832254288605,48.38310766870884],[-107.28314071745594,48.383162939362805],[-107.28332797093717,48.38330211889606],[-107.28336074430561,48.38328364786095],[-107.28343179550913,48.38322413618077],[-107.2832254288605,48.38310766870884]]],[[[-107.28312905390129,48.38305151951031],[-107.28305068133771,48.38309773470246],[-107.28309899067412,48.38312806437677],[-107.2831054261652,48.38312346338752],[-107.28314483398914,48.38310483002266],[-107.28318399787898,48.383081686644125],[-107.28312905390129,48.38305151951031]]]]}"
00000000000000001fa2,1039,0,0,0,"{""type"":""Polygon"",""coordinates"":[[[-107.28331627965476,48.38303890420593],[-107.28330306243552,48.38304361201005],[-107.28330261938191,48.38303466349725],[-107.28322698224068,48.38299154120165],[-107.28322039961932,48.38299608651333],[-107.28316826253213,48.383028447650354],[-107.28312885479478,48.38304708099594],[-107.28312905390129,48.38305151951031],[-107.28318399787898,48.383081686644125],[-107.28326281340048,48.38304441987273],[-107.28329058415373,48.3830661611713],[-107.2832254288605,48.38310766870884],[-107.28343179550913,48.38322413618077],[-107.28347036203716,48.38318767705736],[-107.28351586464603,48.38315547815413],[-107.28331627965476,48.38303890420593]]]}"
00000000000000001fa1,1040,0,0,0,"{""type"":""MultiPolygon"",""coordinates"":[[[[-107.28339376583361,48.38297479184906],[-107.28338079257236,48.38298400965249],[-107.28334836578182,48.38300697476637],[-107.28332271511785,48.383034303210536],[-107.28331627965476,48.38303890420593],[-107.28351586464603,48.38315547815413],[-107.28353551738365,48.383146169290164],[-107.28358735857954,48.38310491503228],[-107.28362002936521,48.383086459797006],[-107.28339376583361,48.38297479184906]]],[[[-107.283318327755,48.38293610817909],[-107.28330575275788,48.38295420297581],[-107.2832725814408,48.3829637968567],[-107.28328010211517,48.38298153138102],[-107.28324663489651,48.38298223242743],[-107.28322698224068,48.38299154120165],[-107.28330261938191,48.38303466349725],[-107.28330811676729,48.383007782646956],[-107.28334708138418,48.38298020073984],[-107.28334589934977,48.382953410912634],[-107.283318327755,48.38293610817909]]]]}"
00000000000000001fb1,1041,0,0,0,"{""type"":""MultiPolygon"",""coordinates"":[[[[-107.28335021464852,48.38289974030195],[-107.28332446729969,48.38292261437249],[-107.283318327755,48.38293610817909],[-107.28334589934977,48.382953410912634],[-107.28335891740129,48.38294426460678],[-107.28335021464852,48.38289974030195]]],[[[-107.28345798263913,48.382911004496926],[-107.28345184313625,48.38292449830805],[-107.28339376583361,48.38297479184906],[-107.28362002936521,48.383086459797006],[-107.28362656718515,48.3830818429629],[-107.28365093312908,48.383027740375134],[-107.28368940250022,48.38298682698586],[-107.28345798263913,48.382911004496926]]]]}"
00000000000000001f9f,1042,0,0,0,"{""type"":""Polygon"",""coordinates"":[[[-107.28351487762376,48.382833921219365],[-107.2834953666467,48.382847755817096],[-107.28345798263913,48.382911004496926],[-107.28368940250022,48.38298682698586],[-107.28369583793406,48.38298222597071],[-107.28373406324248,48.38293680261125],[-107.28375961128249,48.38290948992839],[-107.28351487762376,48.382833921219365]]]}"
00000000000000001fa0,1043,0,0,0,"{""type"":""Polygon"",""coordinates"":[[[-107.28356503546844,48.382757016337834],[-107.2835278956131,48.38282477491268],[-107.28351487762376,48.382833921219365],[-107.28375961128249,48.38290948992839],[-107.28377818388344,48.38287337547312],[-107.28382244601252,48.38281447418626],[-107.28356503546844,48.382757016337834]]]}"
00000000000000001f9a,1044,0,0,0,"{""type"":""Polygon"",""coordinates"":[[[-107.28360207838683,48.382684803542084],[-107.28358964518682,48.3827074240702],[-107.28357751349822,48.38273446727805],[-107.28356503546844,48.382757016337834],[-107.28382244601252,48.38281447418626],[-107.28382220202076,48.38280996420828],[-107.2838449867098,48.38272019519212],[-107.28385132525199,48.38271113989384],[-107.28360207838683,48.382684803542084]]]}"
00000000000000001f9c,1045,0,0,0,"{""type"":""Polygon"",""coordinates"":[[[-107.28385995428683,48.38260379920813],[-107.28361189035002,48.382604252544205],[-107.28361253265375,48.38261763945699],[-107.28361411323522,48.38265330606389],[-107.28360207838683,48.382684803542084],[-107.28385132525199,48.38271113989384],[-107.28387677622928,48.382679373006674],[-107.28385995428683,48.38260379920813]]]}"
00000000000000001f98,1046,0,0,0,"{""type"":""Polygon"",""coordinates"":[[[-107.28385203494895,48.38257718791828],[-107.28384259237237,48.382514822811224],[-107.28360116359713,48.38251511358664],[-107.28361030976797,48.38256858597009],[-107.28361124804628,48.38259086563476],[-107.28361189035002,48.382604252544205],[-107.28385995428683,48.38260379920813],[-107.28385203494895,48.38257718791828]]]}"
00000000000000001ec9,1047,0,0,0,"{""type"":""Polygon"",""coordinates"":[[[-107.28383349064713,48.38246142199923],[-107.28383230823307,48.38243463244823],[-107.2838109279519,48.382408219108],[-107.28358458627221,48.382444049904024],[-107.28360116359713,48.38251511358664],[-107.28384259237237,48.382514822811224],[-107.28383349064713,48.38246142199923]]]}"
00000000000000001f9e,1048,0,0,0,"{""type"":""Polygon"",""coordinates"":[[[-107.28380365105929,48.38239499476375],[-107.28380207027773,48.38235932833779],[-107.28380068868908,48.38232810038626],[-107.28377975167194,48.38231063547405],[-107.28356088658504,48.38236412892349],[-107.28358340404044,48.38241726035407],[-107.28358458627221,48.382444049904024],[-107.2838109279519,48.382408219108],[-107.28380365105929,48.38239499476375]]]}"
00000000000000001f9d,1049,0,0,0,"{""type"":""Polygon"",""coordinates"":[[[-107.28375871785178,48.382288716300216],[-107.28374327781118,48.382244370911714],[-107.28374249382826,48.38222645835163],[-107.28350357871572,48.38228038341873],[-107.28354614664148,48.38233308297597],[-107.28356088658504,48.38236412892349],[-107.28377975167194,48.38231063547405],[-107.28375871785178,48.382288716300216]]]}"
00000000000000001fa7,1050,0,0,0,"{""type"":""Polygon"",""coordinates"":[[[-107.28369854412712,48.3821425311471],[-107.28343963109903,48.38220127055943],[-107.28344661186073,48.382205602188584],[-107.28346116527844,48.38223205084928],[-107.283475763515,48.38225857100674],[-107.28350333476045,48.382275873484176],[-107.28350357871572,48.38228038341873],[-107.28374249382826,48.38222645835163],[-107.28374189626727,48.38221314302552],[-107.28369854412712,48.3821425311471]]]}"
00000000000000001fa3,1051,0,0,0,"{""type"":""Polygon"",""coordinates"":[[[-107.28336910691432,48.38212223294707],[-107.28338306280621,48.38213536626832],[-107.28340429538507,48.38216172390992],[-107.28343963109903,48.38220127055943],[-107.28369854412712,48.3821425311471],[-107.28368414491283,48.382120449519064],[-107.28365508979799,48.38207193515239],[-107.2836941556139,48.38204433780393],[-107.28336910691432,48.38212223294707]]]}"
00000000000000001fad,1052,0,0,0,"{""type"":""Polygon"",""coordinates"":[[[-107.28367183732355,48.38199564519474],[-107.28364342463784,48.38196051768233],[-107.28333159361607,48.38203370480235],[-107.28334777202755,48.38209589112965],[-107.28336910691432,48.38212223294707],[-107.2836941556139,48.38204433780393],[-107.28367183732355,48.38199564519474]]]}"
0000000000000000209e,1053,0,0,0,"{""type"":""Polygon"",""coordinates"":[[[-107.2836363470659,48.381951731852794],[-107.28362194796097,48.38192965029165],[-107.28362090729141,48.381907386718105],[-107.28359962983684,48.38188095776621],[-107.28359943066486,48.38187651935187],[-107.28324775085001,48.3819593908482],[-107.28327714592722,48.38201686940847],[-107.2833313496807,48.382029194887714],[-107.28333159361607,48.38203370480235],[-107.28364342463784,48.38196051768233],[-107.2836363470659,48.381951731852794]]]}"
00000000000000001f7e,1054,0,0,0,"{""type"":""Polygon"",""coordinates"":[[[-107.28357819804366,48.381850161895414],[-107.28357637348506,48.381809985930644],[-107.28356221843725,48.38179241430978],[-107.28319692446829,48.38187111636062],[-107.28319830556194,48.38190234406578],[-107.28321265954115,48.38192435420131],[-107.28322696156944,48.38194198159414],[-107.28324775085001,48.3819593908482],[-107.28359943066486,48.38187651935187],[-107.28357819804366,48.381850161895414]]]}"
00000000000000001f93,1055,0,0,0,"{""type"":""MultiPolygon"",""coordinates"":[[[[-107.28326178155645,48.38182071722638],[-107.28322604816837,48.38177229396349],[-107.28307981545231,48.38180194185154],[-107.2830866937137,48.381806289291355],[-107.28314153913448,48.3818320015642],[-107.28320326295658,48.38186206125061],[-107.28319692446829,48.38187111636062],[-107.28330306415374,48.381846643002035],[-107.28326178155645,48.38182071722638]]],[[[-107.28330306415374,48.381846643002035],[-107.28356221843725,48.38179241430978],[-107.28355499376129,48.38178357282874],[-107.28352054447832,48.38176192311517],[-107.28352014615197,48.381753046305924],[-107.28349847054874,48.38171774060024],[-107.28349827138794,48.381713302199],[-107.28325911602327,48.38176271615451],[-107.28325971341714,48.381776031375395],[-107.2833092034819,48.381833149477565],[-107.28330306415374,48.381846643002035]]]]}"
00000000000000001f94,1056,0,0,0,"{""type"":""MultiPolygon"",""coordinates"":[[[[-107.28321199011992,48.38175917651721],[-107.28315219290077,48.38176927700087],[-107.28304561051415,48.38178480184414],[-107.28307298198922,48.381797665897565],[-107.28307981545231,48.38180194185154],[-107.28322604816837,48.38177229396349],[-107.28321199011992,48.38175917651721]]],[[[-107.28346293599972,48.381673755924645],[-107.28343442699925,48.3816341743417],[-107.28320868808083,48.38168331879308],[-107.28320210570719,48.38168786398574],[-107.28320190658232,48.38168342558546],[-107.28317527402668,48.38168840249526],[-107.2832043729066,48.38173698817008],[-107.2832171465918,48.38172333221388],[-107.28323719680122,48.381722900486565],[-107.28326481228643,48.38174027435857],[-107.28325911602327,48.38176271615451],[-107.28349827138794,48.381713302199],[-107.28346293599972,48.381673755924645]]]]}"
00000000000000001f8e,1057,0,0,0,"{""type"":""MultiPolygon"",""coordinates"":[[[[-107.28316790076576,48.381670724058594],[-107.28317527402668,48.38168840249526],[-107.28320190658232,48.38168342558546],[-107.28319482919582,48.38167463976436],[-107.28316790076576,48.381670724058594]]],[[[-107.28319482919582,48.38167463976436],[-107.28321512329715,48.3816787179281],[-107.28320868808083,48.38168331879308],[-107.28343442699925,48.3816341743417],[-107.2834195850499,48.38160314460445],[-107.28341918674595,48.38159426782063],[-107.28338335648903,48.38154139062281],[-107.28314494131962,48.381608644973255],[-107.28319934349187,48.381625408845686],[-107.2832005254748,48.381652198008894],[-107.28319482919582,48.38167463976436]]]]}"
00000000000000001f92,1058,0,0,0,"{""type"":""Polygon"",""coordinates"":[[[-107.28337583597782,48.38152365658134],[-107.2833612380641,48.38149713676597],[-107.28334698089701,48.381479581023974],[-107.28332594785455,48.381457662077295],[-107.28311416570888,48.38151993929764],[-107.28311456393952,48.381528816072205],[-107.28311500696621,48.38153776433388],[-107.28311534763364,48.381546728410385],[-107.2831157458642,48.381555605189405],[-107.2831177690456,48.381600219377155],[-107.28314494131962,48.381608644973255],[-107.28338335648903,48.38154139062281],[-107.28337583597782,48.38152365658134]]]}"
00000000000000001f82,1059,0,0,0,"{""type"":""Polygon"",""coordinates"":[[[-107.28331026471295,48.381408807426965],[-107.28328239830502,48.38138261259304],[-107.28328195523514,48.381373664359266],[-107.28305695699109,48.38144064898496],[-107.28307199763667,48.38147611707745],[-107.28311416570888,48.38151993929764],[-107.28332594785455,48.381457662077295],[-107.28333204230051,48.38144409716654],[-107.28331026471295,48.381408807426965]]]}"
00000000000000001f71,1060,0,0,0,"{""type"":""Polygon"",""coordinates"":[[[-107.28326755658694,48.38135158297282],[-107.28321251254927,48.38132143262051],[-107.28317058843608,48.381282120457485],[-107.28300083364044,48.38138369359643],[-107.28300097517983,48.3813882192714],[-107.28303528209233,48.38140534336379],[-107.28305695699109,48.38144064898496],[-107.28328195523514,48.381373664359266],[-107.28326755658694,48.38135158297282]]]}"
00000000000000001f75,1061,0,0,0,"{""type"":""Polygon"",""coordinates"":[[[-107.2831634663303,48.38127326321297],[-107.2831021865256,48.38125215202159],[-107.28308812871852,48.38123903467902],[-107.28306763578374,48.38123051815183],[-107.28305368035997,48.38121738499575],[-107.28291154070949,48.38133633165546],[-107.28291861795029,48.38134511744538],[-107.28297282040982,48.381357443004354],[-107.28300083364044,48.38138369359643],[-107.28317058843608,48.381282120457485],[-107.2831634663303,48.38127326321297]]]}"
00000000000000001f7f,1062,0,0,0,"{""type"":""Polygon"",""coordinates"":[[[-107.28304684700265,48.381213109084094],[-107.28299927892112,48.38120062115056],[-107.2829173075092,48.38116655496426],[-107.28281595444206,48.38129809613761],[-107.28282278776987,48.38130237207325],[-107.28285006203488,48.38131078190205],[-107.28291154070949,48.38133633165546],[-107.28305368035997,48.38121738499575],[-107.28304684700265,48.381213109084094]]]}"
00000000000000001f72,1063,0,0,0,"{""type"":""Polygon"",""coordinates"":[[[-107.28291062848447,48.38116664591915],[-107.28282929935129,48.38114596622819],[-107.28280168461768,48.381128592405624],[-107.28278826903606,48.38112886159605],[-107.28269399293092,48.38126918834138],[-107.28277492397804,48.38128099145475],[-107.28281595444206,48.38129809613761],[-107.2829173075092,48.38116655496426],[-107.28291062848447,48.38116664591915]]]}"
00000000000000001f83,1064,0,0,0,"{""type"":""Polygon"",""coordinates"":[[[-107.28276103972814,48.38112052325958],[-107.28272723379652,48.381112260044915],[-107.28265253924532,48.381091417789285],[-107.28258538980086,48.381240098534214],[-107.28265334796262,48.38126111913053],[-107.28269399293092,48.38126918834138],[-107.28278826903606,48.38112886159605],[-107.28276103972814,48.38112052325958]]]}"
00000000000000001f88,1065,0,0,0,"{""type"":""Polygon"",""coordinates"":[[[-107.28259833746499,48.38107909209397],[-107.2825710634984,48.38107068222272],[-107.28251062573142,48.38106739559837],[-107.28247074988005,48.38122448611704],[-107.28254460345214,48.38122750361543],[-107.28258538980086,48.381240098534214],[-107.28265253924532,48.381091417789285],[-107.28259833746499,48.38107909209397]]]}"
00000000000000001f84,1066,0,0,0,"{""type"":""Polygon"",""coordinates"":[[[-107.28240994149621,48.38106491634674],[-107.28235598380054,48.38105710035148],[-107.28237011006088,48.381222078311524],[-107.28247074988005,48.38122448611704],[-107.28251062573142,48.38106739559837],[-107.28240994149621,48.38106491634674]]]}"
00000000000000001f89,1067,0,0,0,"{""type"":""Polygon"",""coordinates"":[[[-107.28235598380054,48.38105710035148],[-107.28234256830812,48.38105736947707],[-107.28226891427136,48.38105879017253],[-107.2822554987907,48.38105905928568],[-107.28219540173198,48.38106473646133],[-107.28218866521362,48.38106491466177],[-107.28226952223048,48.381224053090584],[-107.28228293777292,48.38122378397307],[-107.28234303513696,48.38121810671801],[-107.28237011006088,48.381222078311524],[-107.28235598380054,48.38105710035148]]]}"
00000000000000001f87,1068,0,0,0,"{""type"":""Polygon"",""coordinates"":[[[-107.28218866521362,48.38106491466177],[-107.28212940896633,48.38108841670223],[-107.28206283196404,48.38109862305271],[-107.28215056637217,48.38126210917247],[-107.28226952223048,48.381224053090584],[-107.28218866521362,48.38106491466177]]]}"
00000000000000001f78,1069,0,0,0,"{""type"":""Polygon"",""coordinates"":[[[-107.28206283196404,48.38109862305271],[-107.28204278234112,48.38109905451513],[-107.2819700082204,48.38112284136717],[-107.28193060252934,48.38114147350382],[-107.28204487176617,48.381295529164056],[-107.28210388456827,48.381267517218674],[-107.28213085707229,48.38127150469698],[-107.28215056637217,48.38126210917247],[-107.28206283196404,48.38109862305271]]]}"
00000000000000001f8f,1070,0,0,0,"{""type"":""Polygon"",""coordinates"":[[[-107.28193060252934,48.38114147350382],[-107.2818977343602,48.38115548908862],[-107.28188431889724,48.38115575815001],[-107.28183100317472,48.38116132841387],[-107.28182937946244,48.38112559124759],[-107.28172785528923,48.3811052863364],[-107.28170112680675,48.38110580859556],[-107.28195308719191,48.38134201093491],[-107.28200546588754,48.38131416139648],[-107.28204487176617,48.381295529164056],[-107.28193060252934,48.38114147350382]]]}"
00000000000000001f73,1071,0,0,0,"{""type"":""Polygon"",""coordinates"":[[[-107.28170112680675,48.38110580859556],[-107.2816809301073,48.38110618430652],[-107.28166761704996,48.381106437524565],[-107.28165380375691,48.38109782983311],[-107.28162029402418,48.3810984587449],[-107.28158800991434,48.38112594807878],[-107.28157499236694,48.38113509382018],[-107.28156855716593,48.38113969452806],[-107.28184818249909,48.38139765429936],[-107.2818547200914,48.38139303773776],[-107.28195308719191,48.38134201093491],[-107.28170112680675,48.38110580859556]]]}"
00000000000000001f79,1072,0,0,0,"{""type"":""Polygon"",""coordinates"":[[[-107.28158257743685,48.38130468876298],[-107.28174342475616,48.38145335328694],[-107.28174996236442,48.381448736727215],[-107.28184818249909,48.38139765429936],[-107.28156855716593,48.38113969452806],[-107.28154904684168,48.381153528274666],[-107.28146380009743,48.38119539292434],[-107.28156842381568,48.38128711697883],[-107.28159481209303,48.38127763070493],[-107.28162832197886,48.38127700179601],[-107.28158257743685,48.38130468876298]],[[-107.28165515292174,48.381276463741166],[-107.28165544844269,48.38128535630182],[-107.28166846603844,48.38127621052253],[-107.28165515292174,48.381276463741166]],[[-107.28165515292174,48.381276463741166],[-107.28164109584438,48.38126334616247],[-107.28162832197886,48.38127700179601],[-107.28165515292174,48.381276463741166]]]}"
00000000000000001f7b,1073,0,0,0,"{""type"":""MultiPolygon"",""coordinates"":[[[[-107.28158257743685,48.38130468876298],[-107.28156336830689,48.381322945124275],[-107.28148489667399,48.38136917327003],[-107.28163154515558,48.381500194816496],[-107.28164476177103,48.381495487393764],[-107.28165773465443,48.381486270091514],[-107.28168456575733,48.38148573202229],[-107.28172397184753,48.381467099856124],[-107.28174342475616,48.38145335328694],[-107.28158257743685,48.38130468876298]]],[[[-107.28146380009743,48.38119539292434],[-107.28143102842806,48.38121386254634],[-107.28137727021887,48.38121048433486],[-107.28133103136133,48.3812248402197],[-107.281442930357,48.38132978876641],[-107.2814495645138,48.3813296264289],[-107.28150209042482,48.38130183284436],[-107.28155520727873,48.38129182437068],[-107.28156842381568,48.38128711697883],[-107.28146380009743,48.38119539292434]]]]}"
00000000000000002080,1074,0,0,0,"{""type"":""GeometryCollection"",""geometries"":[{""type"":""LineString"",""coordinates"":[[-107.2815336878747,48.38156022502994],[-107.28153388716225,48.3815646821209]]},{""type"":""Polygon"",""coordinates"":[[[-107.28133103136133,48.3812248402197],[-107.28130439944475,48.38122981655212],[-107.2812381627804,48.38124898639965],[-107.28121217230832,48.38126734932025],[-107.28131016114322,48.381359236119266],[-107.28139580612518,48.381326248225],[-107.281442930357,48.38132978876641],[-107.28133103136133,48.3812248402197]]]},{""type"":""Polygon"",""coordinates"":[[[-107.28148489667399,48.38136917327003],[-107.28144568959053,48.381392243686264],[-107.2814256399391,48.381392675023044],[-107.28137321623753,48.38142045280552],[-107.2815336649524,48.38156024122422],[-107.2815336878747,48.38156022502994],[-107.28159218381501,48.381518898443844],[-107.28163154515558,48.381500194816496],[-107.28148489667399,48.38136917327003]]]}]}"
00000000000000001f76,1075,0,0,0,"{""type"":""MultiPolygon"",""coordinates"":[[[[-107.28137321623753,48.38142045280552],[-107.28136024334921,48.381429670058125],[-107.28126825937659,48.381471712912386],[-107.28140129264509,48.38159856565649],[-107.28142138719492,48.38159820580704],[-107.281454852517,48.38159750546241],[-107.28153386387484,48.381564679622834],[-107.28137321623753,48.38142045280552]]],[[[-107.28121217230832,48.38126734932025],[-107.28119900057705,48.381272128147316],[-107.28110603540998,48.381291820033425],[-107.28108628126719,48.381301143863894],[-107.28119140400493,48.381401729501164],[-107.2812179336715,48.381396768992495],[-107.28131016114322,48.381359236119266],[-107.28121217230832,48.38126734932025]],[[-107.28120745668302,48.381312141497375],[-107.28121463573925,48.38132091161133],[-107.2812276086019,48.38131169439783],[-107.28120745668302,48.381312141497375]],[[-107.28118072819868,48.38131266361388],[-107.2811878048893,48.38132144954129],[-107.28120077775495,48.38131223233124],[-107.28118072819868,48.38131266361388]]]]}"
00000000000000001fa8,1076,0,0,0,"{""type"":""MultiPolygon"",""coordinates"":[[[[-107.28126825937659,48.381471712912386],[-107.28121563664705,48.381495052259034],[-107.28118217150217,48.38149575251454],[-107.28114256647042,48.38150994607384],[-107.28127604181934,48.381645747395105],[-107.28140129264509,48.38159856565649],[-107.28126825937659,48.381471712912386]]],[[[-107.28108628126719,48.381301143863894],[-107.2810010340834,48.381343008230154],[-107.2810089509525,48.381369619201585],[-107.28101582873776,48.38137396676642],[-107.28104909484901,48.381368828189565],[-107.28106865016359,48.38135506597002],[-107.28110859519761,48.38134983654978],[-107.2810564151639,48.3813821240091],[-107.28104339746608,48.381391269726244],[-107.28103685983217,48.38139588623358],[-107.28108620350099,48.38144847951287],[-107.28113882616705,48.38142514025909],[-107.28116481677279,48.38140677730061],[-107.28119140400493,48.381401729501164],[-107.28108628126719,48.381301143863894]]]]}"
00000000000000001fa9,1077,0,0,0,"{""type"":""MultiPolygon"",""coordinates"":[[[[-107.2810089509525,48.381369619201585],[-107.2810092911057,48.38137858327033],[-107.28101582873776,48.38137396676642],[-107.2810089509525,48.381369619201585]]],[[[-107.28114256647042,48.38150994607384],[-107.28107652819361,48.381533554321074],[-107.28104979958651,48.38153407640645],[-107.2810302889589,48.38154791015776],[-107.28117148202281,48.381705884454064],[-107.28127604181934,48.381645747395105],[-107.28114256647042,48.38150994607384]]],[[[-107.28103685983217,48.38139588623358],[-107.28100403620785,48.381409973072444],[-107.28095795120382,48.38142869574032],[-107.28092502519065,48.38144279837262],[-107.28097416984032,48.38149095336405],[-107.2809937769442,48.38148157384497],[-107.28104659852714,48.381462673018575],[-107.28108620350099,48.38144847951287],[-107.28103685983217,48.38139588623358]]]]}"
000000000000000020a1,1078,0,0,0,"{""type"":""GeometryCollection"",""geometries"":[{""type"":""LineString"",""coordinates"":[[-107.28105936623086,48.38174827721148],[-107.28105956570782,48.38175273943771]]},{""type"":""Polygon"",""coordinates"":[[[-107.2810302889589,48.38154791015776],[-107.28101727119603,48.38155705590144],[-107.28097672939968,48.381548970106344],[-107.28097058944014,48.38156246342592],[-107.2809571739614,48.38156273236035],[-107.28093118319572,48.38158109532044],[-107.28090479471973,48.38159058147117],[-107.28105940275445,48.38174828714334],[-107.28114529231965,48.38171980910908],[-107.28117148202281,48.381705884454064],[-107.2810302889589,48.38154791015776]]]},{""type"":""Polygon"",""coordinates"":[[[-107.28094065999375,48.381491582046436],[-107.28095397308682,48.381491328926344],[-107.28096738853924,48.38149105999339],[-107.28097416984032,48.38149095336405],[-107.28092502519065,48.38144279837262],[-107.28091180860919,48.38144750569087],[-107.28082022221298,48.38149842492564],[-107.28083417659467,48.38151155850162],[-107.28089427368215,48.38150588212877],[-107.28092026439889,48.38148751920581],[-107.28094065999375,48.381491582046436]],[[-107.28091298891766,48.381474294835265],[-107.28090675246538,48.38148333392563],[-107.28092026439889,48.38148751920581],[-107.28091298891766,48.381474294835265]]]}]}"
00000000000000001fb7,1079,0,0,0,"{""type"":""MultiPolygon"",""coordinates"":[[[[-107.28082022221298,48.38149842492564],[-107.28082086351125,48.381511811604966],[-107.28083417659467,48.38151155850162],[-107.28082022221298,48.38149842492564]]],[[[-107.28090479471973,48.38159058147117],[-107.28086518959913,48.38160477494367],[-107.28080686908775,48.381650555769745],[-107.28094098449887,48.381799744697396],[-107.28094741985568,48.381795143970635],[-107.28097425098065,48.38179460609603],[-107.28105960161778,48.38175272556008],[-107.28090479471973,48.38159058147117]]]]}"
00000000000000001fb8,1080,0,0,0,"{""type"":""Polygon"",""coordinates"":[[[-107.28080686908775,48.381650555769745],[-107.2808004337505,48.38165515647413],[-107.2807350365025,48.381692151282586],[-107.28072206344582,48.38170136850027],[-107.28070201378002,48.38170179968898],[-107.28069543127937,48.38170634471476],[-107.28082934742001,48.38185109553853],[-107.28094098449887,48.381799744697396],[-107.28080686908775,48.381650555769745]]]}"
000000000000000020a4,1081,0,0,0,"{""type"":""Polygon"",""coordinates"":[[[-107.28069543127937,48.38170634471476],[-107.28061641960227,48.38173916996041],[-107.28057651908293,48.381744470708526],[-107.28069667317723,48.38188499660987],[-107.28071662647898,48.38188011117796],[-107.28073691985823,48.38188418989897],[-107.28076978871525,48.38187017450217],[-107.28079617739238,48.38186068833367],[-107.28082256606349,48.381851202159766],[-107.28082934742001,48.38185109553853],[-107.28069543127937,48.38170634471476]]]}"
00000000000000001fac,1082,0,0,0,"{""type"":""Polygon"",""coordinates"":[[[-107.28057651908293,48.381744470708526],[-107.2805633023971,48.381749178008135],[-107.2805171593897,48.38176798789274],[-107.28046399738447,48.381777924403906],[-107.28045745964752,48.381782540907906],[-107.28057795919233,48.38192756118171],[-107.2805976113424,48.38191825314766],[-107.28065063235144,48.38190379080011],[-107.28069667317723,48.38188499660987],[-107.28057651908293,48.381744470708526]]]}"
000000000000000020a6,1083,0,0,0,"{""type"":""Polygon"",""coordinates"":[[[-107.28045745964752,48.381782540907906],[-107.28041765555562,48.38179229582818],[-107.28037908892931,48.38182875277527],[-107.28035289906819,48.38184267725047],[-107.28047315465477,48.381983187901476],[-107.28057795919233,48.38192756118171],[-107.28045745964752,48.381782540907906]]]}"
000000000000000020ba,1084,0,0,0,"{""type"":""Polygon"",""coordinates"":[[[-107.28035289906819,48.38184267725047],[-107.28033968235061,48.3818473845288],[-107.28027918745538,48.381844183740235],[-107.28023246082032,48.38184951945007],[-107.28032794924218,48.3820352541726],[-107.28037463135992,48.38202984690313],[-107.28047315465477,48.381983187901476],[-107.28035289906819,48.38184267725047]]]}"
000000000000000020bc,1085,0,0,0,"{""type"":""Polygon"",""coordinates"":[[[-107.28023246082032,48.38184951945007],[-107.28021914770045,48.381849772472606],[-107.28019329775545,48.38187266107039],[-107.2801399369518,48.38187815899084],[-107.28014751514245,48.382047756584335],[-107.28025473715041,48.382045621737774],[-107.28032794924218,48.3820352541726],[-107.28023246082032,48.38184951945007]]]}"
000000000000000020b6,1086,0,0,0,"{""type"":""Polygon"",""coordinates"":[[[-107.28005311106695,48.38188435674811],[-107.28002544040365,48.381867069143645],[-107.28000534600656,48.381867428699195],[-107.28001258367506,48.38202806209558],[-107.28014751514245,48.382047756584335],[-107.2801399369518,48.38187815899084],[-107.28005311106695,48.38188435674811]]]}"
000000000000000020ab,1087,0,0,0,"{""type"":""Polygon"",""coordinates"":[[[-107.2799648045551,48.38185934242147],[-107.27991218119398,48.381882681240135],[-107.2798653007196,48.381883649826776],[-107.27988570975843,48.382039504577236],[-107.27995872291311,48.38202469885419],[-107.28001258367506,48.38202806209558],[-107.28000534600656,48.381867428699195],[-107.2799648045551,48.38185934242147]]]}"
000000000000000020bf,1088,0,0,0,"{""type"":""Polygon"",""coordinates"":[[[-107.2798653007196,48.381883649826776],[-107.27982491326806,48.381879930431474],[-107.27979828111653,48.38188490641367],[-107.27974452306677,48.38188152724243],[-107.2797246722099,48.38188639666069],[-107.27975873358407,48.3820509627012],[-107.27985907748027,48.38204448059437],[-107.27988570975843,48.382039504577236],[-107.2798653007196,48.381883649826776]]]}"
000000000000000020bb,1089,0,0,0,"{""type"":""Polygon"",""coordinates"":[[[-107.2797246722099,48.38188639666069],[-107.27965843468655,48.38190556567738],[-107.27962472624569,48.381901755466636],[-107.27959165866237,48.381911332043344],[-107.27963230203115,48.38207135323674],[-107.27968576524763,48.38206583976701],[-107.27973888263297,48.38205583214025],[-107.27975873358407,48.3820509627012],[-107.2797246722099,48.38188639666069]]]}"
000000000000000020b7,1090,0,0,0,"{""type"":""Polygon"",""coordinates"":[[[-107.27959165866237,48.381911332043344],[-107.27957848672271,48.38191611071132],[-107.27955141243997,48.3819121382635],[-107.27953824050073,48.38191691692603],[-107.27953072209183,48.381899182405576],[-107.27950433343439,48.381908668232995],[-107.27945849125187,48.381931900300955],[-107.2794997300118,48.38210523698958],[-107.2795332399008,48.38210460880125],[-107.27956626286708,48.382094960717346],[-107.27960566977079,48.382076329186184],[-107.27963230203115,48.38207135323674],[-107.27959165866237,48.381911332043344]]]}"
000000000000000020c0,1091,0,0,0,"{""type"":""Polygon"",""coordinates"":[[[-107.27945849125187,48.381931900300955],[-107.27940606642152,48.38195967732],[-107.27935264827191,48.38196526210428],[-107.27933255396549,48.381965621517544],[-107.27936631853743,48.38212129526541],[-107.27937973399258,48.3821210265508],[-107.279459585976,48.382106027368955],[-107.2794997300118,48.38210523698958],[-107.27945849125187,48.381931900300955]]]}"
000000000000000020c3,1092,0,0,0,"{""type"":""Polygon"",""coordinates"":[[[-107.27933255396549,48.381965621517544],[-107.27927211721396,48.38196233277595],[-107.27921909639498,48.38197679437414],[-107.27920568101491,48.381977063063694],[-107.27921885708783,48.38211976511443],[-107.27936631853743,48.38212129526541],[-107.27933255396549,48.381965621517544]]]}"
000000000000000020c2,1093,0,0,0,"{""type"":""Polygon"",""coordinates"":[[[-107.27920568101491,48.381977063063694],[-107.27917929231238,48.38198654881687],[-107.2791391485416,48.381987339053936],[-107.27912573316907,48.38198760773219],[-107.27911231779835,48.381987876408544],[-107.27909890242944,48.38198814508298],[-107.27907173202887,48.38197971823565],[-107.27907105012909,48.382113740593965],[-107.27907768426168,48.38211357841841],[-107.27909109967304,48.38211330974523],[-107.27910495711832,48.38212198947352],[-107.27921207579905,48.382119871620866],[-107.27921885708783,48.38211976511443],[-107.27920568101491,48.381977063063694]]]}"
000000000000000020c4,1094,0,0,0,"{""type"":""Polygon"",""coordinates"":[[[-107.27901777573051,48.38197190019691],[-107.27897021019167,48.38195941002728],[-107.27894348187408,48.38195993152375],[-107.27892992236917,48.38210762516307],[-107.27905095580233,48.382114099949874],[-107.27906426885212,48.38211384708966],[-107.27907105012909,48.382113740593965],[-107.27907173202887,48.38197971823565],[-107.27901777573051,48.38197190019691]]]}"
000000000000000020c7,1095,0,0,0,"{""type"":""Polygon"",""coordinates"":[[[-107.27889001914322,48.381965444557366],[-107.278835524811,48.3819442237824],[-107.27877450174341,48.38207941126919],[-107.27879479457725,48.38208349042929],[-107.27886928710011,48.38209989770024],[-107.27892992236917,48.38210762516307],[-107.27894348187408,48.38195993152375],[-107.27889001914322,48.381965444557366]]]}"
000000000000000020ad,1096,0,0,0,"{""type"":""Polygon"",""coordinates"":[[[-107.27874009937288,48.3819103505504],[-107.27862492145194,48.38203328116862],[-107.27867298013756,48.38205910270305],[-107.27877450174341,48.38207941126919],[-107.278835524811,48.3819442237824],[-107.27874009937288,48.3819103505504]]]}"
000000000000000020ac,1097,0,0,0,"{""type"":""Polygon"",""coordinates"":[[[-107.27871921091871,48.38189295606546],[-107.2786719914511,48.381884959877404],[-107.27865105827216,48.38186749389596],[-107.27862378583738,48.38185908274151],[-107.27850237088742,48.3819910521372],[-107.27861126278708,48.38202903983246],[-107.27862492145194,48.38203328116862],[-107.27874009937288,48.3819103505504],[-107.27871921091871,48.38189295606546]]]}"
000000000000000020ce,1098,0,0,0,"{""type"":""Polygon"",""coordinates"":[[[-107.27860339697476,48.38185054931147],[-107.27852786772206,48.38181187822257],[-107.27837918037285,48.38193543614348],[-107.27845470958385,48.38197410743988],[-107.27850237088742,48.3819910521372],[-107.27862378583738,48.38185908274151],[-107.27860339697476,48.38185054931147]]]}"
000000000000000020b1,1099,0,0,0,"{""type"":""Polygon"",""coordinates"":[[[-107.27852099034293,48.381807530433726],[-107.27840551664572,48.38177408765088],[-107.27839844075788,48.38176530142373],[-107.27827044299478,48.381901815186986],[-107.27831122666991,48.38191441214645],[-107.27837918037285,48.38193543614348],[-107.27852786772206,48.38181187822257],[-107.27852099034293,48.381807530433726]]]}"
000000000000000020af,1100,0,0,0,"{""type"":""Polygon"",""coordinates"":[[[-107.27838418663684,48.38174774478018],[-107.27838340527416,48.38172983227685],[-107.2783695930308,48.381721223986176],[-107.27832900804589,48.38171306552058],[-107.27831529818563,48.381704441415934],[-107.27827505273217,48.38170524707904],[-107.27818135813713,48.38185888658962],[-107.2782158023413,48.38188053838475],[-107.27827044299478,48.381901815186986],[-107.27839844075788,48.38176530142373],[-107.27838418663684,48.38174774478018]]]}"
000000000000000020d9,1101,0,0,0,"{""type"":""Polygon"",""coordinates"":[[[-107.2782482224389,48.3817057841782],[-107.27823446782787,48.38169708857394],[-107.27822031618949,48.381679516117245],[-107.27821333653677,48.381675184123154],[-107.27803683926817,48.38177692731817],[-107.27810509322356,48.38180237409849],[-107.27818135813713,48.38185888658962],[-107.27827505273217,48.38170524707904],[-107.2782482224389,48.3817057841782]]]}"
00000000000000002959,1102,0,0,0,"{""type"":""Polygon"",""coordinates"":[[[-107.27819264708776,48.38166222801199],[-107.27816429911758,48.38162701162229],[-107.27815044221047,48.381618331825315],[-107.27814360972212,48.38161405551091],[-107.27795915345624,48.38168911551069],[-107.27797365056036,48.381711182123034],[-107.27801634836074,48.38176840957677],[-107.27803683926817,48.38177692731817],[-107.27821333653677,48.381675184123154],[-107.27819264708776,48.38166222801199]]]}"
0000000000000000295f,1103,0,0,0,"{""type"":""Polygon"",""coordinates"":[[[-107.27813673245173,48.38160970770794],[-107.27812287556137,48.381601027909376],[-107.27812169730981,48.38157423861495],[-107.27810016916604,48.38154345735571],[-107.27790790121045,48.38159188994311],[-107.27793688906732,48.38164049315186],[-107.27795915345624,48.38168911551069],[-107.27814360972212,48.38161405551091],[-107.27813673245173,48.38160970770794]]]}"
0000000000000000296e,1104,0,0,0,"{""type"":""Polygon"",""coordinates"":[[[-107.27807914041959,48.381521537125856],[-107.27807869863223,48.3815125888123],[-107.27807712340578,48.381476922741705],[-107.27806336894038,48.38146822714657],[-107.27786352643255,48.38149901233407],[-107.27787811952349,48.38152553310744],[-107.27789330807217,48.381565369142464],[-107.27790790121045,48.38159188994311],[-107.27810016916604,48.38154345735571],[-107.27807914041959,48.381521537125856]]]}"
00000000000000002975,1105,0,0,0,"{""type"":""Polygon"",""coordinates"":[[[-107.27783822119278,48.38138335349296],[-107.27784701898287,48.38142786140855],[-107.27784249790382,48.381477092065204],[-107.27786352643255,48.38149901233407],[-107.27806336894038,48.38146822714657],[-107.27806758887877,48.38141457389841],[-107.27783822119278,48.38138335349296]]]}"
000000000000000020b0,1106,0,0,0,"{""type"":""Polygon"",""coordinates"":[[[-107.27787467581582,48.38129782939567],[-107.2778684388682,48.38130686827154],[-107.27783664619446,48.38134768749907],[-107.27783822119278,48.38138335349296],[-107.27806758887877,48.38141457389841],[-107.27807137321771,48.38134750240361],[-107.27807053442595,48.3813296773244],[-107.27808370612279,48.38132489892177],[-107.27787467581582,48.38129782939567]]]}"
000000000000000020aa,1107,0,0,0,"{""type"":""Polygon"",""coordinates"":[[[-107.27791742475864,48.38120317926864],[-107.27789325196096,48.38126171707918],[-107.2778805733738,48.381279826436874],[-107.27787467581582,48.38129782939567],[-107.27808370612279,48.38132489892177],[-107.27808296967937,48.381307058042594],[-107.2781274344302,48.381252599394344],[-107.27791742475864,48.38120317926864]]]}"
00000000000000002099,1108,0,0,0,"{""type"":""Polygon"",""coordinates"":[[[-107.27798690090302,48.38110800810415],[-107.27798056165724,48.381117062761305],[-107.27796758852968,48.381126279509616],[-107.27794243621057,48.38116246653825],[-107.27792288052555,48.381176228081436],[-107.27791742475864,48.38120317926864],[-107.2781274344302,48.381252599394344],[-107.27814654831931,48.381229889524235],[-107.27815912443982,48.381211795959075],[-107.27817209757954,48.38120257916983],[-107.27817823829271,48.38118908610098],[-107.27798690090302,48.38110800810415]]]}"
0000000000000000209c,1109,0,0,0,"{""type"":""Polygon"",""coordinates"":[[[-107.27805047929107,48.381030839943755],[-107.27798690090302,48.38110800810415],[-107.27817823829271,48.38118908610098],[-107.27819691030376,48.38115742799671],[-107.27822300366813,48.38113905010782],[-107.2782359767739,48.381129833323364],[-107.27824899465872,48.381120688026556],[-107.27825543003011,48.38111608753823],[-107.27805047929107,48.381030839943755]]]}"
00000000000000002098,1110,0,0,0,"{""type"":""Polygon"",""coordinates"":[[[-107.27815425722741,48.38095279480957],[-107.27814762336709,48.38095295691096],[-107.27806291443504,48.38100822079407],[-107.27805047929107,48.381030839943755],[-107.27825543003011,48.38111608753823],[-107.27831330927502,48.38106136046915],[-107.27815425722741,48.38095279480957]]]}"
00000000000000002094,1111,0,0,0,"{""type"":""Polygon"",""coordinates"":[[[-107.27827910818048,48.380896741102774],[-107.27819450181138,48.38095198923044],[-107.27815425722741,48.38095279480957],[-107.27831330927502,48.38106136046915],[-107.27834559457364,48.38103387223837],[-107.27839841528798,48.381014973047975],[-107.27827910818048,48.380896741102774]]]}"
00000000000000002097,1112,0,0,0,"{""type"":""Polygon"",""coordinates"":[[[-107.278376834486,48.38083233189294],[-107.27827910818048,48.380896741102774],[-107.27839841528798,48.381014973047975],[-107.27841826554786,48.381010103998314],[-107.27850995387229,48.380959171721216],[-107.278376834486,48.38083233189294]]]}"
000000000000000020b9,1113,0,0,0,"{""type"":""Polygon"",""coordinates"":[[[-107.27850950355942,48.38079843482386],[-107.27850272256406,48.380798541270174],[-107.27844970360921,48.38081300208111],[-107.2784100032992,48.380822740148446],[-107.27839654366836,48.380822937218554],[-107.278376834486,48.38083233189294],[-107.27850995387229,48.380959171721216],[-107.2785229268807,48.38094995493159],[-107.27862890764187,48.3809211204141],[-107.27850950355942,48.38079843482386]]]}"
0000000000000000208f,1114,0,0,0,"{""type"":""Polygon"",""coordinates"":[[[-107.27861426043674,48.38074274006689],[-107.2785943079522,48.38074762493748],[-107.27850950355942,48.38079843482386],[-107.27862890764187,48.3809211204141],[-107.27866197421044,48.38091154437214],[-107.27871455140068,48.380888135210974],[-107.27874093927532,48.38087864980174],[-107.27874752171495,48.3808741049819],[-107.27861426043674,48.38074274006689]]]}"
000000000000000020a9,1115,0,0,0,"{""type"":""Polygon"",""coordinates"":[[[-107.27873297014882,48.38070017897432],[-107.27869336614027,48.380714371286764],[-107.27865420405733,48.380737511762504],[-107.27862723335306,48.380733523302936],[-107.27861426043674,48.38074274006689],[-107.27874752171495,48.3808741049819],[-107.27885272072454,48.38082735807126],[-107.27873297014882,48.38070017897432]]]}"
000000000000000020b3,1116,0,0,0,"{""type"":""Polygon"",""coordinates"":[[[-107.27884470625115,48.380648815952284],[-107.27875940267019,48.3806907650838],[-107.27873297014882,48.38070017897432],[-107.27885272072454,48.38082735807126],[-107.27886589225028,48.380822579610786],[-107.27889261972476,48.38082205816837],[-107.27896509174728,48.38079385126975],[-107.27897816700046,48.38078461864147],[-107.27884470625115,48.380648815952284]]]}"
000000000000000020b4,1117,0,0,0,"{""type"":""Polygon"",""coordinates"":[[[-107.27896346047677,48.380606326143564],[-107.2789171779195,48.380620609190395],[-107.27887777259348,48.380639239890726],[-107.27886435774661,48.38063950851239],[-107.27884470625115,48.380648815952284],[-107.27897816700046,48.38078461864147],[-107.27898440365382,48.380775579789585],[-107.27903059015047,48.380756842510465],[-107.27908296846495,48.380728994879895],[-107.27896346047677,48.380606326143564]]]}"
000000000000000020b5,1118,0,0,0,"{""type"":""Polygon"",""coordinates"":[[[-107.27906801800067,48.380546192784095],[-107.2790613393645,48.3805462834606],[-107.27900306438146,48.380592133751215],[-107.27896346047677,48.380606326143564],[-107.27908272504988,48.38072448505164],[-107.27916251625682,48.380709573886016],[-107.27919480089838,48.380682085568],[-107.27920147956861,48.380681994881115],[-107.27906801800067,48.380546192784095]]]}"
00000000000000002093,1119,0,0,0,"{""type"":""Polygon"",""coordinates"":[[[-107.27918682949309,48.38050361549383],[-107.27916697944215,48.38050848465067],[-107.27912757425693,48.38052711541066],[-107.27906801800067,48.380546192784095],[-107.27920147956861,48.380681994881115],[-107.27922766866209,48.38066807104218],[-107.27930073635721,48.380653178981106],[-107.2793202915353,48.38063941730543],[-107.27918682949309,48.38050361549383]]]}"
000000000000000020a0,1120,0,0,0,"{""type"":""Polygon"",""coordinates"":[[[-107.27929138660824,48.38044348201756],[-107.2792063846041,48.38048985388161],[-107.27918682949309,48.38050361549383],[-107.2793202915353,48.38063941730543],[-107.27935315925806,48.38062540274895],[-107.27939846131503,48.38058876906091],[-107.27941797165558,48.380574935896924],[-107.27929138660824,48.38044348201756]]]}"
000000000000000020ae,1121,0,0,0,"{""type"":""Polygon"",""coordinates"":[[[-107.27938950832089,48.38038794899761],[-107.2793501032841,48.38040657980296],[-107.27932371573452,48.380416065287214],[-107.27929138660824,48.38044348201756],[-107.27941797165558,48.380574935896924],[-107.27946361340133,48.380547266159226],[-107.27952277234893,48.380519311894055],[-107.27952252887795,48.380514802086076],[-107.27938950832089,48.38038794899761]]]}"
000000000000000020a5,1122,0,0,0,"{""type"":""Polygon"",""coordinates"":[[[-107.27948084885732,48.3803325224543],[-107.27944188602584,48.38036010137953],[-107.27942891333443,48.3803693181832],[-107.27938950832089,48.38038794899761],[-107.27952252887795,48.380514802086076],[-107.27952911120992,48.38051025724644],[-107.27960821650532,48.38048188784742],[-107.27964050076126,48.380454399506824],[-107.27948084885732,48.3803325224543]]]}"
000000000000000020a3,1123,0,0,0,"{""type"":""Polygon"",""coordinates"":[[[-107.27959946101669,48.38028550653823],[-107.27957307354694,48.38029499206738],[-107.27950703766714,48.380318598637686],[-107.27948084885732,48.3803325224543],[-107.27964050076126,48.380454399506824],[-107.27969238475868,48.3804132209682],[-107.27973188613842,48.38039904414049],[-107.27973842365135,48.38039442781128],[-107.27959946101669,48.38028550653823]]]}"
000000000000000020a2,1124,0,0,0,"{""type"":""Polygon"",""coordinates"":[[[-107.27970426078733,48.38022988266278],[-107.27968460954645,48.38023919019644],[-107.27959946101669,48.38028550653823],[-107.27973842365135,48.38039442781128],[-107.27979100002577,48.38037101830897],[-107.27981782979005,48.38037048080602],[-107.27985703603031,48.38034741151721],[-107.27970426078733,48.38022988266278]]]}"
000000000000000020a7,1125,0,0,0,"{""type"":""Polygon"",""coordinates"":[[[-107.27980193950609,48.3801654013948],[-107.27973718569326,48.380215780797485],[-107.27970426078733,48.38022988266278],[-107.27985703603031,48.38034741151721],[-107.27990287610655,48.380324180002816],[-107.2799158487317,48.38031496314466],[-107.27996179111241,48.38029171580816],[-107.27980193950609,48.3801654013948]]]}"
000000000000000020a8,1126,0,0,0,"{""type"":""Polygon"",""coordinates"":[[[-107.27990025896713,48.38011430645428],[-107.27985431681046,48.38013755367835],[-107.27982792944017,48.38014703924863],[-107.27981491208217,48.38015618457896],[-107.27980193950609,48.3801654013948],[-107.27996179111241,48.38029171580816],[-107.2799682262397,48.38028711528287],[-107.27996729010326,48.38026483649085],[-107.28001303366638,48.38023715085731],[-107.28003244135948,48.380223333476756],[-107.28005219493367,48.380214010065735],[-107.27990025896713,48.38011430645428]]]}"
00000000000000001f96,1127,0,0,0,"{""type"":""Polygon"",""coordinates"":[[[-107.27997744634158,48.3800413080905],[-107.27997071016522,48.38004148612339],[-107.27995867378682,48.38007298164155],[-107.27992560784547,48.3800825579631],[-107.27990669406461,48.38010970594918],[-107.27990025896713,48.38011430645428],[-107.28005219493367,48.380214010065735],[-107.28005887358118,48.38021391932066],[-107.28007184614873,48.380204702461974],[-107.28011144967337,48.38019050972946],[-107.2801567507886,48.380153876006645],[-107.27997744634158,48.3800413080905]]]}"
00000000000000001f95,1128,0,0,0,"{""type"":""Polygon"",""coordinates"":[[[-107.28009595520534,48.37999430765175],[-107.2800510965636,48.38003988927475],[-107.28003120190245,48.380044687077934],[-107.27997744634158,48.3800413080905],[-107.2801567507886,48.380153876006645],[-107.28019551439691,48.38012185862425],[-107.28021526790933,48.38011253519902],[-107.28024759637168,48.38008511834491],[-107.28009595520534,48.37999430765175]]]}"
00000000000000001f8d,1129,0,0,0,"{""type"":""Polygon"",""coordinates"":[[[-107.28017294332082,48.37991687103896],[-107.2801665082732,48.379921471543994],[-107.28014641490172,48.37992183108992],[-107.28012754611727,48.37994905051746],[-107.28010872892685,48.37998065255398],[-107.28009595520534,48.37999430765175],[-107.28024759637168,48.38008511834491],[-107.28026670873888,48.380062408588984],[-107.28029363484329,48.380066325048354],[-107.28033259707992,48.380038745944866],[-107.28034537076495,48.38002509080519],[-107.28017294332082,48.37991687103896]]]}"
00000000000000002082,1130,0,0,0,"{""type"":""Polygon"",""coordinates"":[[[-107.28028447796734,48.37986106890191],[-107.28021844281821,48.37988467575036],[-107.28017294332082,48.37991687103896],[-107.28034537076495,48.38002509080519],[-107.2804362158492,48.37995633314389],[-107.28028447796734,48.37986106890191]]]}"
00000000000000002084,1131,0,0,0,"{""type"":""Polygon"",""coordinates"":[[[-107.28035478695404,48.379783723109185],[-107.28033547599449,48.37980199450082],[-107.28029111178036,48.379860906657555],[-107.28028447796734,48.37986106890191],[-107.2804362158492,48.37995633314389],[-107.28044250965338,48.379947207053476],[-107.28047517791774,48.37992875404375],[-107.28050126988829,48.37991037599515],[-107.28052721469871,48.37989194227136],[-107.28035478695404,48.379783723109185]]]}"
00000000000000001f90,1132,0,0,0,"{""type"":""Polygon"",""coordinates"":[[[-107.28045934138616,48.37972358924224],[-107.28042018074454,48.37974672997101],[-107.28038701269968,48.37975632219615],[-107.28035478695404,48.379783723109185],[-107.28052721469871,48.37989194227136],[-107.28057305410503,48.379868710652765],[-107.28061795692572,48.37982320043264],[-107.28045934138616,48.37972358924224]]]}"
00000000000000001f91,1133,0,0,0,"{""type"":""Polygon"",""coordinates"":[[[-107.28055048085812,48.37966372418431],[-107.28051196152117,48.37970025115072],[-107.28049854678238,48.379700519992994],[-107.28045934138616,48.37972358924224],[-107.28061795692572,48.37982320043264],[-107.28065657869642,48.37978665752747],[-107.28070855762458,48.37974993305691],[-107.28055048085812,48.37966372418431]]]}"
00000000000000001f8c,1134,0,0,0,"{""type"":""Polygon"",""coordinates"":[[[-107.28063474271254,48.379599511655655],[-107.28058300758804,48.37964074570526],[-107.28056349795607,48.37965457884542],[-107.28055048085812,48.37966372418431],[-107.28070855762458,48.37974993305691],[-107.28077370762549,48.37970842997293],[-107.28080623433999,48.379685451399475],[-107.28063474271254,48.379599511655655]]]}"
0000000000000000207d,1135,0,0,0,"{""type"":""Polygon"",""coordinates"":[[[-107.28071183161283,48.37952205941438],[-107.28069861574502,48.379526766515674],[-107.28066083440203,48.37958113368433],[-107.28063474271254,48.379599511655655],[-107.28080623433999,48.379685451399475],[-107.28081920663146,48.379676234538245],[-107.2808322237068,48.379667089161394],[-107.28088341973091,48.3796124529455],[-107.28071183161283,48.37952205941438]]]}"
0000000000000000207a,1136,0,0,0,"{""type"":""Polygon"",""coordinates"":[[[-107.28079589414513,48.37945340870021],[-107.2807832172741,48.379471517783166],[-107.28075767051688,48.37949882788161],[-107.28074509596664,48.37951692116573],[-107.28071183161283,48.37952205941438],[-107.28088341973091,48.3796124529455],[-107.28090940902699,48.37959409071348],[-107.28098133960393,48.37955248100708],[-107.28079589414513,48.37945340870021]]]}"
0000000000000000207b,1137,0,0,0,"{""type"":""Polygon"",""coordinates"":[[[-107.28089272974336,48.37937110297166],[-107.28086634289892,48.37938058867734],[-107.28088703270679,48.37939354364957],[-107.28088787293001,48.37941136802071],[-107.28084689102104,48.379394334508575],[-107.28083367519767,48.379399041616054],[-107.28081318426756,48.37939052485127],[-107.2808205041612,48.3794038202062],[-107.28083485553559,48.37942582973157],[-107.28080866750182,48.37943975365719],[-107.28079589414513,48.37945340870021],[-107.28098133960393,48.37955248100708],[-107.28105322528324,48.37951079979801],[-107.28105282752698,48.37950192333882],[-107.28089272974336,48.37937110297166]]]}"
00000000000000002071,1138,0,0,0,"{""type"":""Polygon"",""coordinates"":[[[-107.28100426247539,48.379315300619034],[-107.28098515083472,48.379338010185016],[-107.2809650576047,48.37933836989456],[-107.28092569862585,48.37935707243088],[-107.28089926700198,48.37936648665894],[-107.28089272974336,48.37937110297166],[-107.28105282752698,48.37950192333882],[-107.28105198722538,48.37948409894082],[-107.28114362584527,48.379433094249634],[-107.28115030443045,48.37943300343163],[-107.28100426247539,48.379315300619034]]]}"
0000000000000000207f,1139,0,0,0,"{""type"":""Polygon"",""coordinates"":[[[-107.28108832423229,48.37924664993495],[-107.2810231752193,48.3792881528477],[-107.28100406360187,48.379310862405305],[-107.28100426247539,48.379315300619034],[-107.28115030443045,48.37943300343163],[-107.28119654096028,48.379418648175125],[-107.28123554697683,48.37939114055002],[-107.28124817887,48.37937295995569],[-107.28108832423229,48.37924664993495]]]}"
00000000000000001f8a,1140,0,0,0,"{""type"":""Polygon"",""coordinates"":[[[-107.2811933193096,48.3791954638136],[-107.28116119094203,48.37922731870349],[-107.28110807722796,48.379237326492365],[-107.28108832423229,48.37924664993495],[-107.28124817887,48.37937295995569],[-107.28125441485514,48.37936392121273],[-107.28131966627062,48.379322402272415],[-107.2813324842484,48.37930881868126],[-107.28134565525897,48.379304040030114],[-107.2811933193096,48.3791954638136]]]}"
00000000000000001f8b,1141,0,0,0,"{""type"":""Polygon"",""coordinates"":[[[-107.28131192777559,48.379148446880464],[-107.28127895909095,48.379162477493814],[-107.28124633643733,48.37918100197426],[-107.28119307562315,48.379190954127274],[-107.2811933193096,48.3791954638136],[-107.28134565525897,48.379304040030114],[-107.28144451109884,48.37926634632312],[-107.28145752795639,48.379257200937396],[-107.28131192777559,48.379148446880464]]]}"
00000000000000002020,1142,0,0,0,"{""type"":""Polygon"",""coordinates"":[[[-107.28142989452101,48.379088043782964],[-107.28139692589374,48.37910207441942],[-107.28137747425423,48.37911582028019],[-107.28134474930623,48.379134360586946],[-107.28131192777559,48.379148446880464],[-107.28145752795639,48.379257200937396],[-107.28152965660347,48.379220029308776],[-107.2815490634882,48.37920621190603],[-107.28142989452101,48.379088043782964]]]}"
00000000000000001f86,1143,0,0,0,"{""type"":""Polygon"",""coordinates"":[[[-107.28153484426504,48.37903678597132],[-107.28151617566225,48.37906844337859],[-107.28147593171018,48.37906925030403],[-107.28142989452101,48.379088043782964],[-107.2815490634882,48.37920621190603],[-107.28155540174028,48.37919715736319],[-107.28165371800172,48.379146061637925],[-107.28153484426504,48.37903678597132]]]}"
00000000000000001f6f,1144,0,0,0,"{""type"":""Polygon"",""coordinates"":[[[-107.28163231948493,48.37896786621918],[-107.28161890485238,48.37896813521143],[-107.28158058584789,48.379009100279575],[-107.28154761729556,48.379023130945065],[-107.28153484426504,48.37903678597132],[-107.28165371800172,48.379146061637925],[-107.2816872259794,48.37914543278197],[-107.2817266294627,48.3791268014985],[-107.28177246773514,48.37910356966999],[-107.28163231948493,48.37896786621918]]]}"
00000000000000001f65,1145,0,0,0,"{""type"":""Polygon"",""coordinates"":[[[-107.28175780472122,48.3789251962828],[-107.28171820250134,48.37893938932381],[-107.28169929032379,48.37896653703997],[-107.28166582729371,48.37896723737707],[-107.28163231948493,48.37896786621918],[-107.28177246773514,48.37910356966999],[-107.28177920386713,48.37910339151507],[-107.2817913351643,48.37907635038549],[-107.28187034092144,48.379043525963226],[-107.28175780472122,48.3789251962828]]]}"
00000000000000001f69,1146,0,0,0,"{""type"":""Polygon"",""coordinates"":[[[-107.28189012257215,48.37888680204306],[-107.28188402821301,48.37890036620967],[-107.28181082156492,48.37891073421259],[-107.28178443502516,48.37892022008071],[-107.28175780472122,48.3789251962828],[-107.28187034092144,48.379043525963226],[-107.28188999142776,48.37903421821],[-107.28192360173966,48.37903357346233],[-107.28196963886126,48.37901477976783],[-107.28197597700283,48.37900572523256],[-107.28189012257215,48.37888680204306]]]}"
00000000000000001f64,1147,0,0,0,"{""type"":""Polygon"",""coordinates"":[[[-107.28202268413149,48.37885291730352],[-107.28196892891356,48.378849539496706],[-107.28194961893567,48.378867810867646],[-107.28192363039935,48.378886173111574],[-107.28190279882988,48.37886869302825],[-107.28189012257215,48.37888680204306],[-107.28197597700283,48.37900572523256],[-107.2820019656182,48.37898736293131],[-107.2820814658469,48.37896786874344],[-107.28209488054506,48.37896759968496],[-107.28202268413149,48.37885291730352]]]}"
00000000000000001f6c,1148,0,0,0,"{""type"":""Polygon"",""coordinates"":[[[-107.28215548944931,48.3788235420533],[-107.28206886816177,48.3788341793026],[-107.28202268413149,48.37885291730352],[-107.28209488054506,48.37896759968496],[-107.28218160451698,48.37895694656579],[-107.28222110443195,48.37894276913939],[-107.28215548944931,48.3788235420533]]]}"
00000000000000001f85,1149,0,0,0,"{""type"":""Polygon"",""coordinates"":[[[-107.28228157140758,48.37879418604882],[-107.28218895252262,48.378822841546516],[-107.28215548944931,48.3788235420533],[-107.28222110443195,48.37894276913939],[-107.28226114953479,48.3789375237232],[-107.28229401564838,48.378923508649194],[-107.28235391021488,48.37891339355372],[-107.28228157140758,48.37879418604882]]]}"
00000000000000001f6e,1150,0,0,0,"{""type"":""Polygon"",""coordinates"":[[[-107.28239384057832,48.37875622267517],[-107.2823666131652,48.37874788454996],[-107.28234736091524,48.378766068667815],[-107.28230820170064,48.37878920971411],[-107.28228157140758,48.37879418604882],[-107.28235391021488,48.37891339355372],[-107.28241380478838,48.37890327842265],[-107.28247271685892,48.378870813628424],[-107.28247925394135,48.378866197256],[-107.28239384057832,48.37875622267517]]]}"
00000000000000001f81,1151,0,0,0,"{""type"":""Polygon"",""coordinates"":[[[-107.28251258914835,48.378713730132965],[-107.28250591059494,48.378713821043604],[-107.28249249593034,48.37871409015732],[-107.28246016961832,48.37874150700702],[-107.28239384057832,48.37875622267517],[-107.28247925394135,48.378866197256],[-107.28253850650353,48.37884269607269],[-107.28256449488067,48.378824333681514],[-107.28259775902818,48.37881919486414],[-107.28251258914835,48.378713730132965]]]}"
00000000000000001f62,1152,0,0,0,"{""type"":""GeometryCollection"",""geometries"":[{""type"":""LineString"",""coordinates"":[[-107.28262508584591,48.37868020208265],[-107.28262488625364,48.3786757398589]]},{""type"":""Polygon"",""coordinates"":[[[-107.28262505719482,48.3786802047042],[-107.28259813113667,48.3786762889986],[-107.28255872821062,48.37869492046782],[-107.28253234180166,48.37870440649954],[-107.28251258914835,48.378713730132965],[-107.28259775902818,48.37881919486414],[-107.28267106826547,48.37880881046177],[-107.2827370568785,48.37878513096658],[-107.28262505719482,48.3786802047042]]]}]}"
00000000000000001f80,1153,0,0,0,"{""type"":""Polygon"",""coordinates"":[[[-107.28272970964541,48.37862005391019],[-107.28271663559829,48.378629286643424],[-107.2826248581194,48.378675766551815],[-107.2827370568785,48.37878513096658],[-107.28280224906803,48.37874369880675],[-107.2828416072403,48.378724995737585],[-107.28284828581985,48.37872490480294],[-107.28272970964541,48.37862005391019]]]}"
00000000000000001f5f,1154,0,0,0,"{""type"":""Polygon"",""coordinates"":[[[-107.28280079645405,48.37856061961551],[-107.28278080000202,48.37856543365242],[-107.28275525483991,48.37859274377729],[-107.28274228315647,48.37860196069711],[-107.28272970964541,48.37862005391019],[-107.28284828581985,48.37872490480294],[-107.28291923119745,48.37866094485693],[-107.28295229616283,48.378651367785565],[-107.28280079645405,48.37856061961551]]]}"
00000000000000001f60,1155,0,0,0,"{""type"":""Polygon"",""coordinates"":[[[-107.28287827293032,48.37849651330403],[-107.28287203739563,48.378505551993875],[-107.28283381652194,48.3785509711237],[-107.28280079645405,48.37856061961551],[-107.28295229616283,48.378651367785565],[-107.28296551175288,48.378646660458706],[-107.28304249325132,48.37856922367235],[-107.28287827293032,48.37849651330403]]]}"
00000000000000001f74,1156,0,0,0,"{""type"":""Polygon"",""coordinates"":[[[-107.28292199032646,48.378424215706985],[-107.28292218943982,48.378428653836856],[-107.28288407104556,48.37847405710592],[-107.28287827293032,48.37849651330403],[-107.28304249325132,48.37856922367235],[-107.28306180275526,48.378550952196164],[-107.28308145294959,48.37854164429325],[-107.28308734774689,48.378523642015544],[-107.28313264521914,48.37848700812772],[-107.28292199032646,48.378424215706985]]]}"
00000000000000001f1e,1157,0,0,0,"{""type"":""Polygon"",""coordinates"":[[[-107.28317473704587,48.37837897517214],[-107.28297278432021,48.378360703498615],[-107.28296159204614,48.378410022319784],[-107.28292189356343,48.378419761765514],[-107.28292199032646,48.378424215706985],[-107.28313264521914,48.37848700812772],[-107.28315111329367,48.378450912655936],[-107.28317656137463,48.3784191485654],[-107.28318245610645,48.37840114632487],[-107.28317473704587,48.37837897517214]]]}"
00000000000000001f1a,1158,0,0,0,"{""type"":""Polygon"",""coordinates"":[[[-107.28298299371562,48.37828903535259],[-107.28299209372442,48.37834243211043],[-107.28297264275787,48.37835617808113],[-107.28297278432021,48.378360703498615],[-107.28317473704587,48.37837897517214],[-107.28317355494319,48.378352187656034],[-107.28319954282111,48.37833382527472],[-107.28320311806237,48.37826231959033],[-107.28320287412063,48.378257809994494],[-107.28298299371562,48.37828903535259]]]}"
00000000000000001f5d,1159,0,0,0,"{""type"":""Polygon"",""coordinates"":[[[-107.28319175028619,48.37815980201263],[-107.28294574111062,48.3782048641368],[-107.2829526187225,48.378209211309404],[-107.28298299371562,48.37828903535259],[-107.28320287412063,48.378257809994494],[-107.28319377379535,48.37820441334937],[-107.28319946932628,48.37818197307338],[-107.28319175028619,48.37815980201263]]]}"
00000000000000001f5e,1160,0,0,0,"{""type"":""Polygon"",""coordinates"":[[[-107.28318403125465,48.37813763096026],[-107.28316117570562,48.37807554014055],[-107.28314722130618,48.37806240774913],[-107.28287556574925,48.378134795382486],[-107.28290981214444,48.378152005843035],[-107.28292485161471,48.37818747180094],[-107.2829252498454,48.37819634802155],[-107.28294574111062,48.3782048641368],[-107.28319175028619,48.37815980201263],[-107.28318403125465,48.37813763096026]]]}"
00000000000000001f59,1161,0,0,0,"{""type"":""Polygon"",""coordinates"":[[[-107.28310495434009,48.37801860410929],[-107.28307738636236,48.37800130281611],[-107.28307030962793,48.37799251757599],[-107.28303616001793,48.377979761127776],[-107.28282528452266,48.378059928483125],[-107.28287452540854,48.37811253337688],[-107.28286882971666,48.37813497360848],[-107.28287556574925,48.378134795382486],[-107.28314722130618,48.37806240774913],[-107.28310495434009,48.37801860410929]]]}"
00000000000000001f55,1162,0,0,0,"{""type"":""Polygon"",""coordinates"":[[[-107.28300215758529,48.37796706033869],[-107.28298082513233,48.37794072043072],[-107.28295321251268,48.37792334764243],[-107.28294593671055,48.377910124317815],[-107.2827616466302,48.377985243506195],[-107.2827751578184,48.377989428269956],[-107.28281108640526,48.37804228646249],[-107.28282528452266,48.378059928483125],[-107.28303616001793,48.377979761127776],[-107.28300215758529,48.37796706033869]]]}"
00000000000000001f63,1163,0,0,0,"{""type"":""Polygon"",""coordinates"":[[[-107.28293905915181,48.37790577716776],[-107.28292490580574,48.37788820669642],[-107.28292446277892,48.377879259046296],[-107.282868486094,48.37782683262729],[-107.28267152083909,48.3779200603119],[-107.28269285298862,48.37794640028599],[-107.2827616466302,48.377985243506195],[-107.28294593671055,48.377910124317815],[-107.28293905915181,48.37790577716776]]]}"
00000000000000001f66,1164,0,0,0,"{""type"":""Polygon"",""coordinates"":[[[-107.28282672038871,48.37779188938318],[-107.28279944864103,48.37778348003892],[-107.28278529542378,48.37776590958407],[-107.28277821882068,48.37775712435788],[-107.2825948673666,48.377854520696054],[-107.28260174484977,48.377858867868476],[-107.28261614185318,48.37788094795001],[-107.2826573228658,48.37790241831118],[-107.28267152083909,48.3779200603119],[-107.282868486094,48.37782683262729],[-107.28282672038871,48.37779188938318]]]}"
00000000000000001f67,1165,0,0,0,"{""type"":""Polygon"",""coordinates"":[[[-107.28274357468953,48.37773103782001],[-107.28272917763887,48.377708957820836],[-107.28269482943605,48.37769176323669],[-107.28251108013838,48.37778028313206],[-107.28254576884976,48.37780644126421],[-107.2825595813399,48.377815048316535],[-107.28257373443107,48.37783261882403],[-107.2825948673666,48.377854520696054],[-107.28277821882068,48.37775712435788],[-107.28274357468953,48.37773103782001]]]}"
00000000000000002035,1166,0,0,0,"{""type"":""Polygon"",""coordinates"":[[[-107.28268799675497,48.3776874875651],[-107.28267340067217,48.37766096950672],[-107.28265836164606,48.37762550384843],[-107.28265816255927,48.37762106578418],[-107.28243972506662,48.377683427368595],[-107.28246055640544,48.37770090695281],[-107.28247619242369,48.37774968692277],[-107.28251108013838,48.37778028313206],[-107.28269482943605,48.37769176323669],[-107.28268799675497,48.3776874875651]]]}"
00000000000000002033,1167,0,0,0,"{""type"":""Polygon"",""coordinates"":[[[-107.28261619827964,48.37758168450949],[-107.28261535716094,48.3775638607878],[-107.28239469841915,48.377577173243],[-107.28238826392361,48.3775817736809],[-107.2823896445357,48.377612998897995],[-107.28240350168862,48.377621677425644],[-107.28241839328892,48.377657087458786],[-107.28243972506662,48.377683427368595],[-107.28265816255927,48.37762106578418],[-107.28261619827964,48.37758168450949]]]}"
00000000000000001f4e,1168,0,0,0,"{""type"":""Polygon"",""coordinates"":[[[-107.28243679074443,48.37746914244147],[-107.2824057495116,48.37752332990094],[-107.28241420659383,48.37756334030704],[-107.28239469841915,48.377577173243],[-107.28261535716094,48.3775638607878],[-107.28262660703798,48.377514455496524],[-107.2826396231163,48.37750531027096],[-107.28243679074443,48.37746914244147]]]}"
00000000000000001f4f,1169,0,0,0,"{""type"":""Polygon"",""coordinates"":[[[-107.28249347862813,48.377387629792466],[-107.28244862521636,48.37743321017347],[-107.282449222404,48.37744652432354],[-107.28243679074443,48.37746914244147],[-107.2826396231163,48.37750531027096],[-107.28267793967905,48.37746434599784],[-107.28267739996473,48.377450944555],[-107.2826770017841,48.37744206845622],[-107.28269611165294,48.37741935940625],[-107.28249347862813,48.377387629792466]]]}"
00000000000000001f50,1170,0,0,0,"{""type"":""Polygon"",""coordinates"":[[[-107.28250982707911,48.37730247068528],[-107.28250001542916,48.37738301355419],[-107.28249347862813,48.377387629792466],[-107.28269611165294,48.37741935940625],[-107.28271497761482,48.377392140837415],[-107.28271393734735,48.37736987913831],[-107.2827117728292,48.37732074314571],[-107.28250982707911,48.37730247068528]]]}"
00000000000000001f4a,1171,0,0,0,"{""type"":""Polygon"",""coordinates"":[[[-107.28273455518683,48.37723098369237],[-107.28249222597738,48.37720899326059],[-107.28250958321784,48.377297961166825],[-107.28250982707911,48.37730247068528],[-107.2827117728292,48.37732074314571],[-107.28270405424875,48.37729857239228],[-107.28272296492676,48.377271425365684],[-107.28274247287779,48.377257592448096],[-107.28273455518683,48.37723098369237]]]}"
00000000000000001f54,1172,0,0,0,"{""type"":""Polygon"",""coordinates"":[[[-107.28249491636076,48.377119594029985],[-107.28249064618798,48.37717333025656],[-107.28249222597738,48.37720899326059],[-107.28273455518683,48.37723098369237],[-107.28271813530868,48.3771642933679],[-107.28275065913013,48.37714131530619],[-107.28249491636076,48.377119594029985]]]}"
00000000000000001f0d,1173,0,0,0,"{""type"":""Polygon"",""coordinates"":[[[-107.28277997797176,48.37704693992552],[-107.28277957976053,48.377038063895185],[-107.28250492696488,48.37704348957902],[-107.28250105496866,48.377106101771545],[-107.28249491636076,48.377119594029985],[-107.28275065913013,48.37714131530619],[-107.2827572406621,48.377136770553314],[-107.28275635467166,48.37711887550361],[-107.28278887844057,48.377095897449855],[-107.28277997797176,48.37704693992552]]]}"
00000000000000001f3c,1174,0,0,0,"{""type"":""Polygon"",""coordinates"":[[[-107.28276424494459,48.376993706831655],[-107.28270940682326,48.37696799649151],[-107.28270896383765,48.37695904899377],[-107.2827084241005,48.376945647678696],[-107.28270802590531,48.37693677166452],[-107.2824749968341,48.37697261470156],[-107.28251008295547,48.3770076484957],[-107.28250492696488,48.37704348957902],[-107.28277957976053,48.377038063895185],[-107.28278463315397,48.377002238618424],[-107.28276424494459,48.376993706831655]]]}"
00000000000000001f3a,1175,0,0,0,"{""type"":""Polygon"",""coordinates"":[[[-107.28269180525162,48.37687451970171],[-107.28265736106697,48.37685287154266],[-107.28262895310034,48.37681774699861],[-107.2824602020995,48.37694165894727],[-107.28246727846654,48.37695044406846],[-107.282467818115,48.37696384538836],[-107.2824749968341,48.37697261470156],[-107.28270802590531,48.37693677166452],[-107.28270778201725,48.37693226217818],[-107.2827070431823,48.376914422864786],[-107.28269180525162,48.37687451970171]]]}"
00000000000000001f40,1176,0,0,0,"{""type"":""Polygon"",""coordinates"":[[[-107.28262207579237,48.37681339990859],[-107.28259386698146,48.37678271337259],[-107.28251166179089,48.37674413993589],[-107.28250498359259,48.37674423083409],[-107.28238389158538,48.37688508360298],[-107.28243887067477,48.37691531939952],[-107.28245322245688,48.3769373276457],[-107.2824602020995,48.37694165894727],[-107.28262895310034,48.37681774699861],[-107.28262207579237,48.37681339990859]]]}"
00000000000000001f41,1177,0,0,0,"{""type"":""GeometryCollection"",""geometries"":[{""type"":""LineString"",""coordinates"":[[-107.28228913242688,48.37686466648974],[-107.28227693372973,48.37689170572837]]},{""type"":""Polygon"",""coordinates"":[[[-107.2822915214281,48.3769182475364],[-107.28227098635315,48.37690965998235],[-107.28225865716884,48.37693226203547],[-107.28230587310021,48.37694025580857],[-107.2822915214281,48.3769182475364]]]},{""type"":""Polygon"",""coordinates"":[[[-107.28242396027737,48.37673244405306],[-107.282348735103,48.37669820178781],[-107.28228915839739,48.37686467393393],[-107.28237007948707,48.37687647666559],[-107.28238389158538,48.37688508360298],[-107.28250498359259,48.37674423083409],[-107.28242396027737,48.37673244405306]]]}]}"
00000000000000001f42,1178,0,0,0,"{""type"":""Polygon"",""coordinates"":[[[-107.28233492308335,48.37668959487356],[-107.28226721728522,48.37667308510463],[-107.2821606056486,48.37668853560932],[-107.28219654448074,48.376893328276],[-107.2822032802401,48.3768931501082],[-107.28219674351632,48.37689776628193],[-107.28220510358956,48.37693332242519],[-107.28223163016314,48.37692836213082],[-107.28225865716884,48.37693226203547],[-107.28227098635315,48.37690965998235],[-107.28226435293168,48.37690982234444],[-107.28227692593921,48.37689172978536],[-107.282348735103,48.37669820178781],[-107.28233492308335,48.37668959487356]]]}"
00000000000000001f2e,1179,0,0,0,"{""type"":""Polygon"",""coordinates"":[[[-107.28210314718534,48.37690407174335],[-107.28210339099844,48.37690858123073],[-107.28212506259844,48.37694388416833],[-107.28214457045782,48.376930051459404],[-107.28220510358956,48.37693332242519],[-107.28219674351632,48.37689776628193],[-107.2821903091369,48.37690236664501],[-107.28218966724343,48.37688898114709],[-107.28219654448074,48.376893328276],[-107.2821606056486,48.37668853560932],[-107.28213377788698,48.37668907367832],[-107.2820550211676,48.37672640620734],[-107.28200834517452,48.37673181359986],[-107.28210294816121,48.37689963373642],[-107.28210314718534,48.37690407174335]],[[-107.28210294816121,48.37689963373642],[-107.28215734254552,48.37691639691555],[-107.28216303835978,48.37689395723589],[-107.28212225697243,48.376881363038706],[-107.28210294816121,48.37689963373642]]]}"
00000000000000001f44,1180,0,0,0,"{""type"":""Polygon"",""coordinates"":[[[-107.28206463185612,48.37694059733988],[-107.28212506259844,48.37694388416833],[-107.28210339099844,48.37690858123073],[-107.28209725231316,48.376922073415756],[-107.28207656309361,48.37690911928962],[-107.28210314718534,48.37690407174335],[-107.28200834517452,48.37673181359986],[-107.28198171643528,48.37673678962009],[-107.28193642072144,48.37677342171839],[-107.2819163286795,48.37677378157939],[-107.28186945368137,48.376774750911856],[-107.28199014539612,48.376924193978965],[-107.28200365600716,48.37692837878254],[-107.28203642359543,48.37690991055312],[-107.28206463185612,48.37694059733988]],[[-107.28203642359543,48.37690991055312],[-107.28205647094808,48.376909479183446],[-107.28204271652417,48.37690078490152],[-107.28203642359543,48.37690991055312]]]}"
00000000000000001f4d,1181,0,0,0,"{""type"":""Polygon"",""coordinates"":[[[-107.28186945368137,48.376774750911856],[-107.28180902340758,48.376771463921244],[-107.28175620868979,48.376790363329775],[-107.28171660883282,48.37680455574197],[-107.2818843164604,48.3769575550809],[-107.28189085321164,48.376952938922564],[-107.28195054537743,48.376938386527264],[-107.28197673145324,48.37692446299337],[-107.28199014539612,48.376924193978965],[-107.28186945368137,48.376774750911856]]]}"
00000000000000001f4c,1182,0,0,0,"{""type"":""Polygon"",""coordinates"":[[[-107.28171660883282,48.37680455574197],[-107.28169022385003,48.376814041170036],[-107.28167013183872,48.376814400979065],[-107.28162527859183,48.37685998048159],[-107.28161894080982,48.376869034620235],[-107.28179372428431,48.377030819511866],[-107.28179298589934,48.37701298014707],[-107.28181917204388,48.37699905663489],[-107.28185287713048,48.37700286581079],[-107.2818843164604,48.3769575550809],[-107.28171660883282,48.37680455574197]]]}"
00000000000000001f48,1183,0,0,0,"{""type"":""Polygon"",""coordinates"":[[[-107.28161894080982,48.376869034620235],[-107.28158705862458,48.37690539769088],[-107.28154819691781,48.37693742940538],[-107.28150850030404,48.37694716795097],[-107.28171516573566,48.377072590044925],[-107.28173427577514,48.37704988133925],[-107.28178115105463,48.377048912060566],[-107.28179372428431,48.377030819511866],[-107.28161894080982,48.376869034620235]]]}"
00000000000000001f4b,1184,0,0,0,"{""type"":""Polygon"",""coordinates"":[[[-107.28150850030404,48.37694716795097],[-107.28148874859951,48.37695649104267],[-107.28146296035017,48.37697929048624],[-107.28143023740816,48.37699783002834],[-107.28140425017011,48.37701619145493],[-107.28163091092706,48.37713680029902],[-107.28163700500558,48.37712323660422],[-107.28165002103731,48.37711409158094],[-107.28169591425979,48.377090773441324],[-107.28171516573566,48.377072590044925],[-107.28150850030404,48.37694716795097]]]}"
00000000000000001f46,1185,0,0,0,"{""type"":""Polygon"",""coordinates"":[[[-107.28140425017011,48.37701619145493],[-107.28139147787412,48.377029845929535],[-107.28133256865537,48.37706230886785],[-107.28132019418055,48.37708483939733],[-107.28155368722837,48.377209724318895],[-107.28161180079606,48.377159509023485],[-107.28163091092706,48.37713680029902],[-107.28140425017011,48.37701619145493]]]}"
00000000000000001f52,1186,0,0,0,"{""type"":""Polygon"",""coordinates"":[[[-107.28132019418055,48.37708483939733],[-107.28124989214447,48.377162181805105],[-107.281469675688,48.377278444130674],[-107.28148908149211,48.377264627270584],[-107.28151517124543,48.37724624992121],[-107.28155368722837,48.377209724318895],[-107.28132019418055,48.37708483939733]]]}"
00000000000000002030,1187,0,0,0,"{""type"":""Polygon"",""coordinates"":[[[-107.28124989214447,48.377162181805105],[-107.2812434576662,48.37716678213012],[-107.28122414844802,48.377185052759415],[-107.28119796211512,48.37719897616283],[-107.28115929881392,48.37723544594852],[-107.28137863960912,48.37734276106676],[-107.28142413528406,48.37731056685855],[-107.281469675688,48.377278444130674],[-107.28124989214447,48.377162181805105]]]}"
00000000000000001f51,1188,0,0,0,"{""type"":""Polygon"",""coordinates"":[[[-107.28115929881392,48.37723544594852],[-107.2811333113416,48.37725380738963],[-107.28108138112641,48.37729060175231],[-107.28107524206177,48.377304093978346],[-107.28129478171614,48.377415847481956],[-107.28131413583407,48.37739764823769],[-107.28135265210128,48.37736112260501],[-107.28137220510396,48.377347361416646],[-107.28137863960912,48.37734276106676],[-107.28115929881392,48.37723544594852]]]}"
00000000000000002034,1189,0,0,0,"{""type"":""Polygon"",""coordinates"":[[[-107.28107524206177,48.377304093978346],[-107.28101761521918,48.37736332816518],[-107.28101191868343,48.37738576799279],[-107.28120378993694,48.377480235911804],[-107.28123607074318,48.37745274867015],[-107.28129478171614,48.377415847481956],[-107.28107524206177,48.377304093978346]]]}"
00000000000000002032,1190,0,0,0,"{""type"":""Polygon"",""coordinates"":[[[-107.28101191868343,48.37738576799279],[-107.28099924269766,48.37740387637957],[-107.2809529639975,48.37741815945106],[-107.28092108086854,48.377454522699225],[-107.28114062052545,48.37756627687021],[-107.28117190690523,48.37751659928305],[-107.28120378993694,48.377480235911804],[-107.28101191868343,48.37738576799279]]]}"
00000000000000001f68,1191,0,0,0,"{""type"":""Polygon"",""coordinates"":[[[-107.28092108086854,48.377454522699225],[-107.28086890660782,48.37748680755184],[-107.28086944565719,48.3775002090307],[-107.28087052957868,48.37752254231444],[-107.28085745575426,48.377531774599085],[-107.28105650538403,48.377635012621944],[-107.2811274501585,48.3775710553212],[-107.28114062052545,48.37756627687021],[-107.28092108086854,48.377454522699225]]]}"
00000000000000001f6b,1192,0,0,0,"{""type"":""Polygon"",""coordinates"":[[[-107.28085745575426,48.377531774599085],[-107.28081889423083,48.37756822868049],[-107.2807792935675,48.377582420934],[-107.28093938367839,48.37771323729607],[-107.28095903347571,48.37770392998338],[-107.28098497653508,48.37768549694321],[-107.28098468111699,48.37767660497822],[-107.28101750129274,48.37766251921961],[-107.28105650538403,48.377635012621944],[-107.28085745575426,48.377531774599085]]]}"
00000000000000002031,1193,0,0,0,"{""type"":""Polygon"",""coordinates"":[[[-107.2807792935675,48.377582420934],[-107.28076607841462,48.37758712785522],[-107.28071370506076,48.37761497463639],[-107.28066069034043,48.37762943569617],[-107.28084146894358,48.37777320699285],[-107.28090665998032,48.37773177693428],[-107.2809330456102,48.377722291541644],[-107.28093938367839,48.37771323729607],[-107.2807792935675,48.377582420934]]]}"
00000000000000001f6a,1194,0,0,0,"{""type"":""Polygon"",""coordinates"":[[[-107.28066069034043,48.37762943569617],[-107.2806347024695,48.37764779714824],[-107.28060163867981,48.37765737321227],[-107.28058277145628,48.37768459153365],[-107.2805831691232,48.377693467694506],[-107.28056341697294,48.37770279073785],[-107.28074315628488,48.37782430048038],[-107.28076324864584,48.37782394084946],[-107.28077632259043,48.37781470852398],[-107.28080854631598,48.37778730853268],[-107.28084146894358,48.37777320699285],[-107.28066069034043,48.37762943569617]]]}"
00000000000000002063,1195,0,0,0,"{""type"":""Polygon"",""coordinates"":[[[-107.28056366058995,48.377707300301665],[-107.2805394941008,48.37776583478004],[-107.28051929947245,48.37776621017091],[-107.28048583794458,48.37776691004335],[-107.28047282154894,48.37777605503016],[-107.28065182291195,48.37787972543446],[-107.28071643045003,48.377824822366485],[-107.28074315628488,48.37782430048038],[-107.28056366058995,48.377707300301665]]]}"
00000000000000002038,1196,0,0,0,"{""type"":""Polygon"",""coordinates"":[[[-107.28047282154894,48.37777605503016],[-107.28038816641478,48.37783138892364],[-107.28037495117786,48.3778360958152],[-107.2805609834901,48.37794848047826],[-107.28058053694616,48.37793471928787],[-107.28061306204229,48.37791174158516],[-107.28065182291195,48.37787972543446],[-107.28047282154894,48.37777605503016]]]}"
00000000000000001f6d,1197,0,0,0,"{""type"":""Polygon"",""coordinates"":[[[-107.28037495117786,48.3778360958152],[-107.28032341737537,48.37788176639506],[-107.2802774781761,48.3779050127731],[-107.28047652680276,48.3780082527452],[-107.28050271379864,48.37799432931019],[-107.2805609834901,48.37794848047826],[-107.28037495117786,48.3778360958152]]]}"
0000000000000000205d,1198,0,0,0,"{""type"":""Polygon"",""coordinates"":[[[-107.2802774781761,48.3779050127731],[-107.28021208778242,48.37794200445033],[-107.28016625083892,48.37796523499492],[-107.28039266633542,48.3780813393508],[-107.28039860695095,48.378063408849776],[-107.28047652680276,48.3780082527452],[-107.2802774781761,48.3779050127731]]]}"
00000000000000001f61,1199,0,0,0,"{""type"":""Polygon"",""coordinates"":[[[-107.28016625083892,48.37796523499492],[-107.28015971380725,48.37796985113072],[-107.28011525546401,48.37802430720407],[-107.28008906841333,48.37803823054273],[-107.28031572747929,48.37815884484323],[-107.2803221621909,48.378154244488805],[-107.28032805806522,48.37813624248384],[-107.28038632810022,48.37809039362706],[-107.28039266633542,48.3780813393508],[-107.28016625083892,48.37796523499492]]]}"
00000000000000001f70,1200,0,0,0,"{""type"":""Polygon"",""coordinates"":[[[-107.28008906841333,48.37803823054273],[-107.28003669427427,48.378066077210484],[-107.28002563979216,48.37811992091414],[-107.28023132176688,48.37822299960044],[-107.28024399834014,48.37820489102185],[-107.28031572747929,48.37815884484323],[-107.28008906841333,48.37803823054273]]]}"
00000000000000001f53,1201,0,0,0,"{""type"":""Polygon"",""coordinates"":[[[-107.28002563979216,48.37811992091414],[-107.28001994255604,48.37814236101913],[-107.27995769067765,48.37809889946905],[-107.27989072264404,48.37810022734204],[-107.27985755617357,48.37810981904838],[-107.27985844071164,48.37812771449419],[-107.27982591521818,48.37815069204467],[-107.27990099757464,48.37818041184206],[-107.27991455286373,48.378184668523545],[-107.2799411375418,48.378179621439656],[-107.27993524149602,48.378197623439874],[-107.280147062964,48.37828721004043],[-107.28014612664528,48.37826493209036],[-107.28018022962979,48.37827761819732],[-107.28023132176688,48.37822299960044],[-107.28002563979216,48.37811992091414]]]}"
00000000000000002060,1202,0,0,0,"{""type"":""MultiPolygon"",""coordinates"":[[[[-107.27982591521818,48.37815069204467],[-107.2798193333492,48.37815523669178],[-107.2798741693739,48.378180949306525],[-107.27990099757464,48.37818041184206],[-107.27982591521818,48.37815069204467]]],[[[-107.27993524149602,48.378197623439874],[-107.27992910190883,48.37821111583546],[-107.27987781077327,48.378261296134006],[-107.27987191468387,48.37827929815902],[-107.27989152004501,48.37826991947386],[-107.27993200598812,48.37827362287845],[-107.27990591513542,48.37829200018006],[-107.28006300270253,48.378355858628126],[-107.2800955283279,48.378332880905646],[-107.28010884016578,48.378332627949405],[-107.28013566854312,48.378332090413444],[-107.28014770407819,48.37830059592279],[-107.280147062964,48.37828721004043],[-107.27993524149602,48.378197623439874]]]]}"
00000000000000002066,1203,0,0,0,"{""type"":""GeometryCollection"",""geometries"":[{""type"":""Point"",""coordinates"":[-107.27987186901248,48.37827927135411]},{""type"":""Polygon"",""coordinates"":[[[-107.27990591513542,48.37829200018006],[-107.27986081510257,48.37833307058386],[-107.27983571105902,48.37836932760708],[-107.28001318639645,48.37844171887864],[-107.28001952476524,48.37843266456395],[-107.28003637309081,48.378360834283065],[-107.28005646559168,48.37836047479273],[-107.28006300270253,48.378355858628126],[-107.27990591513542,48.37829200018006]]]}]}"
00000000000000002065,1204,0,0,0,"{""type"":""Polygon"",""coordinates"":[[[-107.27983571105902,48.37836932760708],[-107.27981699696885,48.37840091282258],[-107.27980392270352,48.3784101451272],[-107.27976516086665,48.378442161278976],[-107.27989502262386,48.37849768131007],[-107.27996832976785,48.37848729908479],[-107.2799808594022,48.37846913477171],[-107.28001318639645,48.37844171887864],[-107.27983571105902,48.37836932760708]]]}"
00000000000000002062,1205,0,0,0,"{""type"":""GeometryCollection"",""geometries"":[{""type"":""LineString"",""coordinates"":[[-107.2798883450019,48.378497787752465],[-107.27989503360871,48.378497655138354]]},{""type"":""Polygon"",""coordinates"":[[[-107.27976516086665,48.378442161278976],[-107.27975194541678,48.378446868144195],[-107.27972718109261,48.378492088815406],[-107.27971416434703,48.378501233832736],[-107.27968817562632,48.37851959535064],[-107.27986569585839,48.37859205857936],[-107.27989154341726,48.37856917153825],[-107.2798883450019,48.378497787752465],[-107.27988834429755,48.3784977720327],[-107.27976516086665,48.378442161278976]]]}]}"
00000000000000002089,1206,0,0,0,"{""type"":""Polygon"",""coordinates"":[[[-107.27968817562632,48.37851959535064],[-107.27963653798787,48.37856528199389],[-107.27961099140519,48.378592591319],[-107.2797887103985,48.3786694929548],[-107.27979480533504,48.378655928965166],[-107.27981317968754,48.37861537998241],[-107.2798399058371,48.378614858331765],[-107.27986569585839,48.37859205857936],[-107.27968817562632,48.37851959535064]]]}"
00000000000000002067,1207,0,0,0,"{""type"":""Polygon"",""coordinates"":[[[-107.27961099140519,48.378592591319],[-107.2796046529342,48.378601645636486],[-107.27957158838223,48.378611221536815],[-107.27953930584442,48.37863870886056],[-107.27949302574487,48.37865299159533],[-107.27971806314751,48.378737873038446],[-107.27972449799822,48.37873327267055],[-107.27977677680377,48.378700971820095],[-107.2797887103985,48.3786694929548],[-107.27961099140519,48.378592591319]]]}"
00000000000000002085,1208,0,0,0,"{""type"":""Polygon"",""coordinates"":[[[-107.27949302574487,48.37865299159533],[-107.27944247078105,48.378721012081485],[-107.27942271802124,48.37873033508551],[-107.27964775553788,48.37881521681348],[-107.27968028170214,48.37879223901991],[-107.27969939354851,48.37876952994061],[-107.27969875260858,48.378756143933124],[-107.27971806314751,48.378737873038446],[-107.27949302574487,48.37865299159533]]]}"
0000000000000000206b,1209,0,0,0,"{""type"":""Polygon"",""coordinates"":[[[-107.27942271802124,48.37873033508551],[-107.2794229167061,48.37873477325897],[-107.27943181258789,48.37878373276022],[-107.27938651293454,48.378820365163],[-107.27938695507848,48.37882931300973],[-107.27962452292566,48.3788960305493],[-107.27961508820033,48.37883366913312],[-107.27964775553788,48.37881521681348],[-107.27942271802124,48.37873033508551]]]}"
0000000000000000206c,1210,0,0,0,"{""type"":""Polygon"",""coordinates"":[[[-107.27962496512721,48.37890497840617],[-107.27962452292566,48.3788960305493],[-107.27938695507848,48.37882931300973],[-107.2793649012315,48.37893691463168],[-107.27936509990788,48.378941352822665],[-107.27966024779631,48.37894445275501],[-107.27962496512721,48.37890497840617]]]}"
0000000000000000206a,1211,0,0,0,"{""type"":""Polygon"",""coordinates"":[[[-107.279668060901,48.37897107848443],[-107.27966732361301,48.37895323842631],[-107.27966024779631,48.37894445275501],[-107.27936509990788,48.378941352822665],[-107.27937463654494,48.37900369859206],[-107.27936927855305,48.37903510273405],[-107.27968427648965,48.37903333353377],[-107.27968235968672,48.378988705510594],[-107.279668060901,48.37897107848443]]]}"
00000000000000002079,1212,0,0,0,"{""type"":""Polygon"",""coordinates"":[[[-107.27936927855305,48.37903510273405],[-107.2793699193662,48.37904848881697],[-107.27937793092848,48.37907955282995],[-107.27942603171059,48.3791054441102],[-107.2794065797656,48.37911918958071],[-107.27962178729658,48.37913283372282],[-107.27962778002639,48.37911928543092],[-107.27964733428729,48.3791055241078],[-107.27965956920126,48.37907846740543],[-107.27967823900853,48.37904681032231],[-107.27968427648965,48.37903333353377],[-107.27936927855305,48.37903510273405]]]}"
00000000000000002081,1213,0,0,0,"{""type"":""Polygon"",""coordinates"":[[[-107.2794065797656,48.37911918958071],[-107.27939340885759,48.37912396794697],[-107.27936835541388,48.37916460794327],[-107.27934870475397,48.37917391520759],[-107.27954711430947,48.379263773376785],[-107.27955988787579,48.37925011854297],[-107.27958513993175,48.37921391664643],[-107.2796102895918,48.37917773057765],[-107.27962178729658,48.37913283372282],[-107.2794065797656,48.37911918958071]]]}"
0000000000000000207c,1214,0,0,0,"{""type"":""Polygon"",""coordinates"":[[[-107.27934870475397,48.37917391520759],[-107.2792966685666,48.37921072583121],[-107.2792645392341,48.379242580120675],[-107.27948388119256,48.37934990357333],[-107.2795278034227,48.37928204442614],[-107.27954711430947,48.379263773376785],[-107.27934870475397,48.37917391520759]]]}"
00000000000000002083,1215,0,0,0,"{""type"":""GeometryCollection"",""geometries"":[{""type"":""LineString"",""coordinates"":[[-107.2793456504113,48.379406249454036],[-107.27934584972209,48.379410711687406]]},{""type"":""Polygon"",""coordinates"":[[[-107.2792645392341,48.379242580120675],[-107.27924542694056,48.379265289326305],[-107.2792324546395,48.37927450590433],[-107.27921948233363,48.37928372248231],[-107.27918007851598,48.37930235280126],[-107.2793456213636,48.3794062257503],[-107.27938502528644,48.37938759532453],[-107.27948388119256,48.37934990357333],[-107.2792645392341,48.379242580120675]]]}]}"
0000000000000000207e,1216,0,0,0,"{""type"":""Polygon"",""coordinates"":[[[-107.27918007851598,48.37930235280126],[-107.27916794557716,48.379329393757466],[-107.27912888142875,48.37935698781906],[-107.27910235358641,48.379361947515164],[-107.27922853708917,48.37948452260948],[-107.27923497210456,48.37947992220576],[-107.27927339558917,48.3794389418487],[-107.27934586481918,48.37941073546537],[-107.27918007851598,48.37930235280126]]]}"
00000000000000002077,1217,0,0,0,"{""type"":""Polygon"",""coordinates"":[[[-107.27910235358641,48.379361947515164],[-107.2790757233945,48.379366923012526],[-107.27903631947503,48.379385553304196],[-107.27899651827568,48.37939530712418],[-107.27899008326355,48.37939990750455],[-107.27908256031233,48.379518672552564],[-107.27910904348136,48.37951364135944],[-107.27914888961554,48.379503958952455],[-107.2791752764857,48.379494473695665],[-107.27922853708917,48.37948452260948],[-107.27910235358641,48.379361947515164]]]}"
0000000000000000208a,1218,0,0,0,"{""type"":""Polygon"",""coordinates"":[[[-107.27899008326355,48.37939990750455],[-107.27895711431955,48.379413937394204],[-107.27893072751708,48.37942342257506],[-107.27890453932542,48.379437345985245],[-107.27887790911046,48.37944232143543],[-107.27895707365776,48.37956133950705],[-107.27902296095091,48.3795376780096],[-107.27908256031233,48.379518672552564],[-107.27899008326355,48.37939990750455]]]}"
00000000000000002088,1219,0,0,0,"{""type"":""Polygon"",""coordinates"":[[[-107.27887790911046,48.37944232143543],[-107.27886459704759,48.379442574232144],[-107.27880504262892,48.379461651008064],[-107.2787518845467,48.37947158604314],[-107.27881753182048,48.379590888703625],[-107.27892410456364,48.37957536943167],[-107.27895707365776,48.37956133950705],[-107.27887790911046,48.37944232143543]]]}"
00000000000000002086,1220,0,0,0,"{""type"":""Polygon"",""coordinates"":[[[-107.2787518845467,48.37947158604314],[-107.27873871352055,48.379476364354275],[-107.27869263103759,48.37949508519326],[-107.27864595277622,48.379500491291125],[-107.27865740367974,48.37960746637411],[-107.27873798661248,48.37961030893907],[-107.27876441832906,48.379600895259976],[-107.27881753182048,48.379590888703625],[-107.2787518845467,48.37947158604314]]]}"
00000000000000002087,1221,0,0,0,"{""type"":""Polygon"",""coordinates"":[[[-107.27864595277622,48.379500491291125],[-107.27861258657353,48.379505644606695],[-107.27854507879924,48.37949356959876],[-107.27851210976334,48.379507599362746],[-107.27852444410658,48.379632470466895],[-107.27855790662727,48.379631771227665],[-107.27862394114582,48.379608165647994],[-107.27865740367974,48.37960746637411],[-107.27864595277622,48.379500491291125]]]}"
0000000000000000208e,1222,0,0,0,"{""type"":""Polygon"",""coordinates"":[[[-107.27851210976334,48.379507599362746],[-107.27846503442795,48.37950412888665],[-107.27842509221071,48.37950935695593],[-107.27838450955835,48.37950119879304],[-107.27836363096199,48.37963558992099],[-107.2783904597877,48.37963505284766],[-107.27841055262785,48.37963469368421],[-107.27843738146623,48.37963415659747],[-107.27847084395766,48.379633457389275],[-107.27852444410658,48.379632470466895],[-107.27851210976334,48.379507599362746]]]}"
00000000000000002090,1223,0,0,0,"{""type"":""Polygon"",""coordinates"":[[[-107.2783775302574,48.37949686697891],[-107.27830348533713,48.37948940795187],[-107.2782501736224,48.3794949759539],[-107.27822905126091,48.37962485730844],[-107.27827641470638,48.37963290913346],[-107.27836363096199,48.37963558992099],[-107.27838450955835,48.37950119879304],[-107.2783775302574,48.37949686697891]]]}"
00000000000000002092,1224,0,0,0,"{""type"":""Polygon"",""coordinates"":[[[-107.27823675927932,48.379495244469446],[-107.27820968728473,48.37949127176605],[-107.27818983787677,48.37949614061237],[-107.27815519724328,48.37947005148121],[-107.27813584107038,48.3794882508488],[-107.27811559463004,48.37948424319284],[-107.27810081077044,48.37960507010103],[-107.27810748916787,48.37960497949892],[-107.27816758173013,48.3795993051485],[-107.27818831487035,48.37961233227723],[-107.27822905126091,48.37962485730844],[-107.2782501736224,48.3794949759539],[-107.27823675927932,48.379495244469446]]]}"
00000000000000002091,1225,0,0,0,"{""type"":""Polygon"",""coordinates"":[[[-107.2781088139039,48.379484349601924],[-107.2780354095972,48.3794902765774],[-107.27798121442085,48.37947794848131],[-107.27796647493194,48.3795988468508],[-107.27797988927415,48.37959857837248],[-107.27799993722492,48.37959814781204],[-107.2780399817601,48.379592904104435],[-107.27810081077044,48.37960507010103],[-107.27811559463004,48.37948424319284],[-107.2781088139039,48.379484349601924]]]}"
0000000000000000208c,1226,0,0,0,"{""type"":""Polygon"",""coordinates"":[[[-107.27785896823876,48.37944461269348],[-107.27785233466932,48.37944477476255],[-107.27782482072985,48.3795793277452],[-107.27792589249172,48.379590688475204],[-107.27795306059154,48.3795991153272],[-107.27796647493194,48.3795988468508],[-107.27798121442085,48.37947794848131],[-107.27785896823876,48.37944461269348]]]}"
00000000000000002095,1227,0,0,0,"{""type"":""Polygon"",""coordinates"":[[[-107.27782570461972,48.379449749917704],[-107.27774438658929,48.379429066308894],[-107.27773117081584,48.37943377299157],[-107.27768886570645,48.37953736782573],[-107.27773627998297,48.37954980248773],[-107.2777777009474,48.37957578543348],[-107.27782482072985,48.3795793277452],[-107.27785233466932,48.37944477476255],[-107.27782570461972,48.379449749917704]]]}"
00000000000000002096,1228,0,0,0,"{""type"":""Polygon"",""coordinates"":[[[-107.27769136979852,48.37944352627532],[-107.27767771230539,48.37943928498278],[-107.2776512294183,48.37944431576737],[-107.27759679142886,48.3794274777277],[-107.27755428756483,48.37952663424865],[-107.27764174606118,48.379533825446664],[-107.2776750097142,48.37952868827715],[-107.27768886570645,48.37953736782573],[-107.27773117081584,48.37943377299157],[-107.27769136979852,48.37944352627532]]]}"
0000000000000000209a,1229,0,0,0,"{""type"":""Polygon"",""coordinates"":[[[-107.27749488201606,48.37939829221885],[-107.27748112849689,48.37938959685538],[-107.27746771430128,48.37938986525932],[-107.27742054822393,48.3795337249637],[-107.2774604901627,48.37952849731654],[-107.27748064031519,48.379528051062266],[-107.27750073290258,48.37952769209613],[-107.27755428756483,48.37952663424865],[-107.27759679142886,48.3794274777277],[-107.27749488201606,48.37939829221885]]]}"
0000000000000000209b,1230,0,0,0,"{""type"":""Polygon"",""coordinates"":[[[-107.27745430010746,48.379390133661346],[-107.27744054660685,48.379381438292924],[-107.27742030045543,48.37937743049121],[-107.27741489605901,48.37940876329968],[-107.27736704059565,48.37938738053659],[-107.27735322956067,48.37937877244739],[-107.27725118377346,48.37949684582497],[-107.27734724034792,48.379544105468085],[-107.27742054822393,48.3795337249637],[-107.27746771430128,48.37938986525932],[-107.27745430010746,48.379390133661346]]]}"
0000000000000000208d,1231,0,0,0,"{""type"":""Polygon"",""coordinates"":[[[-107.2773459111962,48.37936547679591],[-107.27730483650421,48.37934398766309],[-107.27729034068616,48.37932192189682],[-107.27728370717823,48.379322083924706],[-107.27712063520198,48.37942355228821],[-107.27713434381376,48.379432176226025],[-107.27717576395617,48.379458159394666],[-107.27725118377346,48.37949684582497],[-107.27735322956067,48.37937877244739],[-107.2773459111962,48.37936547679591]]]}"
00000000000000002078,1232,0,0,0,"{""type"":""Polygon"",""coordinates"":[[[-107.27724956058074,48.37930932502614],[-107.27722145856411,48.37927861955813],[-107.27721374344958,48.3792564474619],[-107.27704275831589,48.37933130519422],[-107.27704963497939,48.37933565290508],[-107.27710604344799,48.379397032411326],[-107.27712063520198,48.37942355228821],[-107.27728370717823,48.379322083924706],[-107.27724956058074,48.37930932502614]]]}"
000000000000000020f6,1233,0,0,0,"{""type"":""Polygon"",""coordinates"":[[[-107.27720676441942,48.37925211557578],[-107.27718553916085,48.37922575781797],[-107.27716416680782,48.37919934438797],[-107.27715709174016,48.37919055847287],[-107.27698473101806,48.37923418962228],[-107.27700586005248,48.379256093397686],[-107.27700683919544,48.379278443327884],[-107.27704275831589,48.37933130519422],[-107.27721374344958,48.3792564474619],[-107.27720676441942,48.37925211557578]]]}"
0000000000000000297b,1234,0,0,0,"{""type"":""Polygon"",""coordinates"":[[[-107.2771431400199,48.37917742486727],[-107.27712009725516,48.37911089289999],[-107.27694709702058,48.379141137759234],[-107.27694773694033,48.379154523907566],[-107.27698473101806,48.37923418962228],[-107.27715709174016,48.37919055847287],[-107.2771431400199,48.37917742486727]]]}"
0000000000000000297c,1235,0,0,0,"{""type"":""Polygon"",""coordinates"":[[[-107.2771162636445,48.37902610632096],[-107.27692931225094,48.37904321750742],[-107.27694434527626,48.37907868515708],[-107.27694611790939,48.37911878788517],[-107.27694709702058,48.379141137759234],[-107.27712009725516,48.37911089289999],[-107.2771395495476,48.379097147885545],[-107.2771162636445,48.37902610632096]]]}"
0000000000000000294d,1236,0,0,0,"{""type"":""Polygon"",""coordinates"":[[[-107.27691840412334,48.37894964512145],[-107.27690582845166,48.37896773774534],[-107.27692931225094,48.37904321750742],[-107.2771162636445,48.37902610632096],[-107.27710879181885,48.37900844401222],[-107.2771139531815,48.37897260176147],[-107.27711331319696,48.37895921566157],[-107.27711921058598,48.378941213543285],[-107.27691840412334,48.37894964512145]]]}"
0000000000000000209d,1237,0,0,0,"{""type"":""Polygon"",""coordinates"":[[[-107.27688744871007,48.37885650320819],[-107.27689536191879,48.3788831133703],[-107.27693594290875,48.37889127210949],[-107.27692494150764,48.37894502911234],[-107.27691840412334,48.37894964512145],[-107.27711921058598,48.378941213543285],[-107.27712471116163,48.37891433502923],[-107.27712426957558,48.37890538714368],[-107.27712393033703,48.37889642345378],[-107.27712309194371,48.37887859917552],[-107.27714908146176,48.37886023820735],[-107.27714888305483,48.378855800011706],[-107.27688744871007,48.37885650320819]]]}"
0000000000000000293e,1238,0,0,0,"{""type"":""Polygon"",""coordinates"":[[[-107.27686342753672,48.378767621834506],[-107.27685099271895,48.378790239870334],[-107.27687983623292,48.378834315447754],[-107.27688744871007,48.37885650320819],[-107.27714888305483,48.378855800011706],[-107.27714790380973,48.37883345026269],[-107.2771469693433,48.37881117200824],[-107.2771595000913,48.378793007924415],[-107.27717178113333,48.37876602314826],[-107.27686342753672,48.378767621834506]]]}"
0000000000000000208b,1239,0,0,0,"{""type"":""Polygon"",""coordinates"":[[[-107.27719453195868,48.3786761907546],[-107.27718047804717,48.37866307308304],[-107.2768464237765,48.378687613749996],[-107.27684662214773,48.37869205193317],[-107.2768607719249,48.378709623654814],[-107.27686161019427,48.378727447882014],[-107.27687580477082,48.37874509109785],[-107.27686342753672,48.378767621834506],[-107.27717178113333,48.37876602314826],[-107.27720912355974,48.3787027102634],[-107.27719453195868,48.3786761907546]]]}"
00000000000000002951,1240,0,1,0,"{""type"":""Polygon"",""coordinates"":[[[-107.27715945151719,48.37864115377983],[-107.27715055887425,48.37859219411713],[-107.27716337750395,48.37857861125148],[-107.27716981245882,48.378574011065716],[-107.27678235970326,48.378603975708714],[-107.27678987606248,48.37862170940018],[-107.27683675088153,48.378620742516],[-107.27687099259859,48.378637955403505],[-107.27684578388477,48.378674227717504],[-107.2768464237765,48.378687613749996],[-107.27718047804717,48.37866307308304],[-107.27715945151719,48.37864115377983]]]}"
00000000000000002952,1241,0,0,0,"{""type"":""Polygon"",""coordinates"":[[[-107.2771540432636,48.37852070382602],[-107.27709297376535,48.378504027757984],[-107.27709233377924,48.37849064177562],[-107.27683841854133,48.378509078394046],[-107.27681910733382,48.37852734864872],[-107.27677813008393,48.37851031356618],[-107.27677145197941,48.37851040406665],[-107.2767591195669,48.378533006174635],[-107.27675941394395,48.37854189832179],[-107.27676029694584,48.378559793980045],[-107.27677484335096,48.378586242022365],[-107.27678235970326,48.378603975708714],[-107.27716981245882,48.378574011065716],[-107.27721550969189,48.37854625619588],[-107.2771540432636,48.37852070382602]]]}"
0000000000000000294c,1242,0,0,0,"{""type"":""GeometryCollection"",""geometries"":[{""type"":""LineString"",""coordinates"":[[-107.2767781654761,48.3785102826379],[-107.2767714672384,48.37851041526122]]},{""type"":""Polygon"",""coordinates"":[[[-107.27709454455983,48.378387909933956],[-107.27683468785328,48.37842427694075],[-107.27685109640414,48.378490970133115],[-107.27683841854133,48.378509078394046],[-107.27709233377924,48.37849064177562],[-107.27710535078725,48.37848149710853],[-107.27710501154672,48.37847253348987],[-107.27710461473822,48.37846365716318],[-107.27710363550634,48.37844130757774],[-107.27710255392807,48.37841897380733],[-107.27709454455983,48.378387909933956]]]}]}"
00000000000000002954,1243,0,0,0,"{""type"":""Polygon"",""coordinates"":[[[-107.27708015156195,48.37836582871398],[-107.27708501204863,48.37832556455383],[-107.27708457046475,48.37831661676685],[-107.27683025970143,48.37832617696715],[-107.27682579569365,48.378375317434894],[-107.27683468785328,48.37842427694075],[-107.27709454455983,48.378387909933956],[-107.27708015156195,48.37836582871398]]]}"
00000000000000002981,1244,0,0,0,"{""type"":""Polygon"",""coordinates"":[[[-107.27707494192096,48.37824981751744],[-107.27707474351881,48.37824537937233],[-107.27683930279792,48.37822772158845],[-107.27683025970143,48.37832617696715],[-107.27708457046475,48.37831661676685],[-107.27707494192096,48.37824981751744]]]}"
0000000000000000294a,1245,0,0,0,"{""type"":""Polygon"",""coordinates"":[[[-107.27686209865755,48.37813796165837],[-107.2768634745059,48.37816918740118],[-107.27683714626902,48.378178584470746],[-107.27683886127325,48.37821877381526],[-107.27683930279792,48.37822772158845],[-107.27707474351881,48.37824537937233],[-107.27709773728927,48.37816005750673],[-107.27686209865755,48.37813796165837]]]}"
00000000000000002049,1246,0,0,0,"{""type"":""Polygon"",""coordinates"":[[[-107.27685812470997,48.3780486511847],[-107.27685424314733,48.37811126457236],[-107.27686209865755,48.37813796165837],[-107.27709773728927,48.37816005750673],[-107.27710343611153,48.378137617527315],[-107.27711483373227,48.37809273759642],[-107.27712726814818,48.37807011983253],[-107.27685812470997,48.3780486511847]]]}"
00000000000000002075,1247,0,0,0,"{""type"":""Polygon"",""coordinates"":[[[-107.27690101198185,48.377958532751194],[-107.27689615139445,48.37799879662743],[-107.27685772795576,48.37803977492619],[-107.27685812470997,48.3780486511847],[-107.27712726814818,48.37807011983253],[-107.27712706973841,48.37806568170267],[-107.27712662814082,48.37805673395985],[-107.277151439351,48.37801158575864],[-107.27715050485237,48.37798930784844],[-107.27715006324803,48.37798036011871],[-107.27690101198185,48.377958532751194]]]}"
00000000000000002043,1248,0,0,0,"{""type"":""Polygon"",""coordinates"":[[[-107.27690371591164,48.37786913207734],[-107.27690101198185,48.377958532751194],[-107.27715006324803,48.37798036011871],[-107.2771676010991,48.3779219881493],[-107.27718627183152,48.3778903322134],[-107.27690371591164,48.37786913207734]]]}"
00000000000000002059,1249,0,0,0,"{""type"":""Polygon"",""coordinates"":[[[-107.27719668994487,48.377823103162456],[-107.27719629310502,48.37781422694505],[-107.27718897506057,48.377800931663636],[-107.27690641980635,48.3777797315542],[-107.27690371591164,48.37786913207734],[-107.27718627183152,48.3778903322134],[-107.27719904540625,48.37787667804484],[-107.27723176974192,48.3778581396024],[-107.27719668994487,48.377823103162456]]]}"
00000000000000002042,1250,0,0,0,"{""type"":""Polygon"",""coordinates"":[[[-107.27690936682892,48.37769484076531],[-107.27691000676349,48.37770822655041],[-107.27690641980635,48.3777797315542],[-107.27718897506057,48.377800931663636],[-107.277182143414,48.37779665556569],[-107.27718106176641,48.377774322067935],[-107.27718032565943,48.37775648236126],[-107.2772183069295,48.37770655648212],[-107.27690936682892,48.37769484076531]]]}"
00000000000000002047,1251,0,0,0,"{""type"":""Polygon"",""coordinates"":[[[-107.27720194263118,48.37763993583055],[-107.27714848696941,48.3776454472698],[-107.27714711085088,48.377614221844645],[-107.27714691243554,48.377609783752916],[-107.27689202401291,48.37760587082028],[-107.27690936682892,48.37769484076531],[-107.2772183069295,48.37770655648212],[-107.27721746845806,48.37768873260441],[-107.27724345706255,48.377670372043625],[-107.27720194263118,48.37763993583055]]]}"
00000000000000002044,1252,0,0,0,"{""type"":""Polygon"",""coordinates"":[[[-107.27692155472363,48.377515934147844],[-107.2769163935335,48.3775517754047],[-107.27688450775221,48.377588137472166],[-107.27689202401291,48.37760587082028],[-107.27714691243554,48.377609783752916],[-107.27714677158647,48.37760525837253],[-107.27715978825587,48.37759611385851],[-107.27715850819841,48.37756934235605],[-107.27721152212887,48.37755488326428],[-107.2772109844241,48.37754148171712],[-107.27720990275046,48.37751914832723],[-107.27692155472363,48.377515934147844]]]}"
0000000000000000203c,1253,0,0,0,"{""type"":""Polygon"",""coordinates"":[[[-107.27721972537417,48.37743860551487],[-107.27691732458794,48.377422273935814],[-107.27693315066323,48.37747549284486],[-107.27692155472363,48.377515934147844],[-107.27720990275046,48.37751914832723],[-107.27722763865259,48.37746521494022],[-107.27721972537417,48.37743860551487]]]}"
00000000000000002041,1254,0,0,0,"{""type"":""Polygon"",""coordinates"":[[[-107.27691335040451,48.377332964669215],[-107.27690818925055,48.37736880580173],[-107.27691732458794,48.377422273935814],[-107.27721972537417,48.37743860551487],[-107.2772194821711,48.377434095954804],[-107.27725750780805,48.37738424185576],[-107.27726286707951,48.37735283877139],[-107.27691335040451,48.377332964669215]]]}"
00000000000000002055,1255,0,0,0,"{""type"":""Polygon"",""coordinates"":[[[-107.27694891871526,48.37722955228677],[-107.27694292556205,48.3772430999422],[-107.27691747481995,48.37727486174902],[-107.27691335040451,48.377332964669215],[-107.27726286707951,48.37735283877139],[-107.27726856563815,48.3773303991286],[-107.27729415709206,48.37730316255335],[-107.27694891871526,48.37722955228677]]]}"
00000000000000002050,1256,0,0,0,"{""type"":""Polygon"",""coordinates"":[[[-107.27729135979347,48.37724064065054],[-107.27701849044807,48.377134373280406],[-107.27698596515802,48.37715734943662],[-107.27696685315995,48.377180057293586],[-107.27694891871526,48.37722955228677],[-107.27729415709206,48.37730316255335],[-107.27729391387895,48.377298653005184],[-107.27727956586403,48.377276643744096],[-107.27731916598508,48.377262453027654],[-107.27729135979347,48.37724064065054]]]}"
00000000000000002051,1257,0,0,0,"{""type"":""Polygon"",""coordinates"":[[[-107.27716877855566,48.377046563657565],[-107.27712239847152,48.377060860569905],[-107.27709547580106,48.37705694335593],[-107.27704408186429,48.37710713687283],[-107.27703150695332,48.37712522886867],[-107.27701849044807,48.377134373280406],[-107.27729135979347,48.37724064065054],[-107.27716877855566,48.377046563657565]]]}"
00000000000000002054,1258,0,0,0,"{""type"":""Polygon"",""coordinates"":[[[-107.27731548021784,48.37703025794529],[-107.27728138040322,48.377017571038365],[-107.27726860717542,48.37703122498906],[-107.27723490425402,48.377027414148706],[-107.27716877855566,48.377046563657565],[-107.27729135979347,48.37724064065054],[-107.27731916598508,48.377262453027654],[-107.27733257938873,48.37726218467522],[-107.27734230685768,48.37702972124615],[-107.27731548021784,48.37703025794529]]]}"
00000000000000002053,1259,0,0,0,"{""type"":""GeometryCollection"",""geometries"":[{""type"":""LineString"",""coordinates"":[[-107.27757047223018,48.37673491566957],[-107.27757067136714,48.376739377910546]]},{""type"":""Polygon"",""coordinates"":[[[-107.2774827724724,48.37702245337596],[-107.27734230685768,48.37702972124615],[-107.27733257938873,48.37726218467522],[-107.27736564245639,48.37725260982502],[-107.2773576843187,48.37722592903617],[-107.27738411421839,48.37721651620364],[-107.27740544100523,48.377242857139464],[-107.2774322678247,48.37724232040853],[-107.27748964882097,48.37702680087505],[-107.2774827724724,48.37702245337596]]]},{""type"":""Polygon"",""coordinates"":[[[-107.27741919068947,48.37664859395362],[-107.2774128522191,48.37665764779643],[-107.27741329390516,48.376666595300904],[-107.27740145554048,48.3767025265308],[-107.27741486875296,48.37670225817454],[-107.27742817962566,48.37670200562176],[-107.27744837301003,48.376701630919364],[-107.27748055217093,48.376674161128186],[-107.27757046235948,48.37673491008393],[-107.27759429250676,48.37666741409701],[-107.27741919068947,48.37664859395362]]]},{""type"":""Polygon"",""coordinates"":[[[-107.27753503705497,48.37684284699702],[-107.2774944578571,48.376834688778786],[-107.27743456861955,48.376844800316846],[-107.27735483150214,48.376859780213906],[-107.27735536927517,48.37687318158719],[-107.27739600598542,48.3768812525834],[-107.27743658516707,48.376889410850744],[-107.27750418943815,48.37690147039007],[-107.27749765246999,48.376906086251104],[-107.27746458970586,48.3769156610768],[-107.27743860171397,48.37693402142195],[-107.2774257262113,48.37694769117591],[-107.27750758252634,48.376977305987936],[-107.27754197094683,48.37684710719028],[-107.27753503705497,48.37684284699702]]]}]}"
0000000000000000203b,1260,0,0,0,"{""type"":""Polygon"",""coordinates"":[[[-107.277786048074,48.37675743423722],[-107.27775052670256,48.37671345120776],[-107.27772900136176,48.37668267260023],[-107.27759429250676,48.37666741409701],[-107.2775706608325,48.376739348100486],[-107.27760490152299,48.376756560145196],[-107.27762602980869,48.37677846278543],[-107.27762077329798,48.37680984973549],[-107.27762922468578,48.3768498601714],[-107.27761581138935,48.37685012856043],[-107.27758908714407,48.37685064952714],[-107.27754197094683,48.37684710719028],[-107.27750758252634,48.376977305987936],[-107.27762239956327,48.37699736165977],[-107.2776636192469,48.37701890544193],[-107.27759783285381,48.3770470186168],[-107.27749672363359,48.37703558641561],[-107.27748964882097,48.37702680087505],[-107.2774322678247,48.37724232040853],[-107.27749225383111,48.37723666264408],[-107.27750630741312,48.37724977992749],[-107.27751972083878,48.377249511548435],[-107.27782210748411,48.376814818639104],[-107.27780097901805,48.37679291603161],[-107.27782716533339,48.37677899366018],[-107.27783306196751,48.37676099225335],[-107.277786048074,48.37675743423722]]]}"
0000000000000000204f,1261,0,0,0,"{""type"":""Polygon"",""coordinates"":[[[-107.27784323597878,48.37683672125023],[-107.27782210748411,48.376814818639104],[-107.27751972083878,48.377249511548435],[-107.27755966031523,48.37724428414643],[-107.27758722350038,48.377261586897895],[-107.2776010786663,48.37727026611103],[-107.27764849004761,48.37728270036103],[-107.27778045364938,48.377083571611436],[-107.27778025515317,48.377079133567236],[-107.27778688829353,48.37707897152122],[-107.27788730546617,48.376925168635694],[-107.27784323597878,48.37683672125023]]]}"
0000000000000000203e,1262,0,0,0,"{""type"":""Polygon"",""coordinates"":[[[-107.2780946929363,48.377063968786075],[-107.27801937239926,48.377029738548906],[-107.2779984421842,48.3770122739405],[-107.27798493259773,48.37700808854139],[-107.27795672894707,48.376977400401685],[-107.27792872386448,48.37695115030241],[-107.27791413219235,48.376924631775836],[-107.27788730546617,48.376925168635694],[-107.27778688829353,48.37707897152122],[-107.2778070819605,48.37707859673365],[-107.27778733006622,48.37708791909248],[-107.27778045364938,48.377083571611436],[-107.27764849004761,48.37728270036103],[-107.27767575870763,48.37729111116601],[-107.27769604860742,48.37729519026614],[-107.27795172366918,48.377165074927184],[-107.27790396653943,48.377148147131265],[-107.27793585126079,48.377111785052556],[-107.27794906618091,48.37710707856831],[-107.27795516134981,48.37709351508692],[-107.27798218673794,48.37709741624715],[-107.27801549302981,48.377092350731296],[-107.27801613338335,48.37710573634715],[-107.2780369165365,48.37712314530445],[-107.27812225640983,48.377081271318275],[-107.2780946929363,48.377063968786075]]]}"
00000000000000002058,1263,0,0,0,"{""type"":""Polygon"",""coordinates"":[[[-107.27821540784184,48.377066022224575],[-107.27818941989136,48.37708438282348],[-107.27813620791673,48.37709440427083],[-107.27812225640983,48.377081271318275],[-107.2780369165365,48.37712314530445],[-107.27800503186745,48.377159507423116],[-107.27799270057088,48.37718210908843],[-107.27795172366918,48.377165074927184],[-107.27769604860742,48.37729519026614],[-107.27772975198967,48.37729900095225],[-107.27774356244522,48.37730760866628],[-107.27781224365553,48.37734647102498],[-107.27825844719776,48.37712773841164],[-107.2782766748635,48.37708713519783],[-107.27821540784184,48.377066022224575]]]}"
0000000000000000205a,1264,0,0,0,"{""type"":""GeometryCollection"",""geometries"":[{""type"":""LineString"",""coordinates"":[[-107.27848082921628,48.37715456696888],[-107.27847433038326,48.37715916192639]]},{""type"":""Polygon"",""coordinates"":[[[-107.27826572082472,48.377140961952136],[-107.27825844719776,48.37712773841164],[-107.27820602932773,48.3771555120973],[-107.27826572082472,48.377140961952136]]]},{""type"":""Polygon"",""coordinates"":[[[-107.27820602932773,48.3771555120973],[-107.27781224365553,48.37734647102498],[-107.27786747293565,48.37738106062663],[-107.27789572153628,48.377411820503525],[-107.27846779508958,48.37716376892748],[-107.27842745827623,48.37716012060814],[-107.27840063123354,48.37716065762167],[-107.27836122972843,48.37717928680452],[-107.2783281666186,48.37718886198509],[-107.27828876507749,48.37720749114899],[-107.27826237992784,48.377216975711974],[-107.2782612013875,48.37719018862906],[-107.27824734599328,48.37718150952989],[-107.27823363773082,48.377172886105974],[-107.27820602932773,48.3771555120973]]]}]}"
00000000000000002057,1265,0,0,0,"{""type"":""Polygon"",""coordinates"":[[[-107.27846779508958,48.37716376892748],[-107.27789572153628,48.377411820503525],[-107.27795129050082,48.377455373531525],[-107.27796588237531,48.377481892311316],[-107.2781836301,48.37740608407127],[-107.27817635646667,48.377392860458954],[-107.27814825468172,48.377362156359666],[-107.27818171501714,48.377361457336555],[-107.27821659719024,48.3773920550222],[-107.27846077447404,48.37730683320599],[-107.27845369931205,48.37729804770056],[-107.27840466665104,48.37724987915593],[-107.27843139141568,48.37724935794539],[-107.2785308818608,48.37722505447622],[-107.27861671534019,48.37719650992107],[-107.27857598122522,48.377183985566894],[-107.2785613889108,48.37715746703906],[-107.27854797537047,48.377157735565916],[-107.2784807666782,48.37715455283556],[-107.27847433205632,48.377159152978194],[-107.27847453063652,48.377163591025486],[-107.27846779508958,48.37716376892748]],[[-107.27847453063652,48.377163591025486],[-107.27848165056318,48.37717244798998],[-107.27850149872263,48.37716757932723],[-107.27847453063652,48.377163591025486]],[[-107.27839759151622,48.377241093655066],[-107.27835047432566,48.377237551713776],[-107.27833799603728,48.377260097777175],[-107.27839759151622,48.377241093655066]],[[-107.27839916729518,48.37727675687327],[-107.27837877482524,48.377272693735335],[-107.2783859523033,48.37728146343618],[-107.27839916729518,48.37727675687327]],[[-107.27837194304206,48.377268417767795],[-107.27833823938037,48.377264607316135],[-107.27835205005867,48.37727321493154],[-107.27837194304206,48.377268417767795]]]}"
00000000000000002048,1266,0,0,0,"{""type"":""MultiPolygon"",""coordinates"":[[[[-107.2781836301,48.37740608407127],[-107.27796588237531,48.377481892311316],[-107.27798003245627,48.37749946346167],[-107.27799462437007,48.377525982258035],[-107.27800921630515,48.37755250106482],[-107.27800981186756,48.37756581531342],[-107.27801005516805,48.37757032488015],[-107.27823414194016,48.37748546236098],[-107.2781836301,48.37740608407127]]],[[[-107.27844334113986,48.37736518887607],[-107.27844957722591,48.3773561506529],[-107.27844176532267,48.377329525600416],[-107.27846097305158,48.37731127126567],[-107.27846077447404,48.37730683320599],[-107.27821659719024,48.3773920550222],[-107.27821679573742,48.377396493090245],[-107.27821753236199,48.37741433265543],[-107.27824514095416,48.37743170674035],[-107.27825948974669,48.3774537159016],[-107.278260572067,48.377476049235874],[-107.27847822363351,48.37739578646078],[-107.27844334113986,48.37736518887607]]]]}"
0000000000000000205c,1267,0,0,0,"{""type"":""MultiPolygon"",""coordinates"":[[[[-107.27829049304947,48.37754692632664],[-107.27826858239722,48.377507112456435],[-107.27824789509106,48.37749415731553],[-107.27823414194016,48.37748546236098],[-107.27801005516805,48.37757032488015],[-107.27808684984313,48.37764023472674],[-107.27809372641583,48.37764458222731],[-107.27830454714487,48.377560043556635],[-107.27830430380772,48.37755553399246],[-107.27829049304947,48.37754692632664]]],[[[-107.27848151634653,48.377471638484266],[-107.27846102751195,48.37746312147282],[-107.27847822363351,48.37739578646078],[-107.278260572067,48.377476049235874],[-107.27826077061896,48.377480487310685],[-107.27832753781475,48.37747472257214],[-107.2783409514386,48.377474454072335],[-107.27835436506426,48.3774741855706],[-107.27837441194366,48.377473754976364],[-107.27839450360761,48.37747339586064],[-107.27842270809278,48.37750408413622],[-107.2784364613232,48.3775127790648],[-107.2784890334864,48.37748937164647],[-107.27848151634653,48.377471638484266]]]]}"
0000000000000000205b,1268,0,0,0,"{""type"":""GeometryCollection"",""geometries"":[{""type"":""LineString"",""coordinates"":[[-107.27836168477371,48.377639275706684],[-107.27836838288974,48.377639142992585]]},{""type"":""Polygon"",""coordinates"":[[[-107.27849655063321,48.37750710481379],[-107.2784890334864,48.37748937164647],[-107.2784364613232,48.3775127790648],[-107.27850466353082,48.377538152220275],[-107.27853797034695,48.37753308646821],[-107.27849655063321,48.37750710481379]]]},{""type"":""Polygon"",""coordinates"":[[[-107.27833982675841,48.37759951747191],[-107.27830474570159,48.37756448163823],[-107.27830454714487,48.377560043556635],[-107.27809372641583,48.37764458222731],[-107.27813716315384,48.37771517532037],[-107.27813770119481,48.37772857689749],[-107.27836169276823,48.37763925990834],[-107.27833982675841,48.37759951747191]]]}]}"
00000000000000002072,1269,0,0,0,"{""type"":""Polygon"",""coordinates"":[[[-107.27842256374517,48.37765149680994],[-107.27836837083005,48.377639169299954],[-107.27813770119481,48.37772857689749],[-107.27820058951096,48.37778542520897],[-107.27824884102355,48.37781568314649],[-107.27844409030713,48.37768227579047],[-107.27842256374517,48.37765149680994]]]}"
0000000000000000293d,1270,0,0,0,"{""type"":""Polygon"",""coordinates"":[[[-107.2784791716499,48.37771731164342],[-107.2784444298887,48.3776912392629],[-107.27844409030713,48.37768227579047],[-107.27824884102355,48.37781568314649],[-107.27829045932496,48.37784610316231],[-107.27831782493722,48.37785896776812],[-107.27833919771201,48.37788538026693],[-107.27851425306923,48.37775234750467],[-107.2784791716499,48.37771731164342]]]}"
0000000000000000294b,1271,0,0,0,"{""type"":""Polygon"",""coordinates"":[[[-107.27856288935621,48.377791640227535],[-107.27852820500375,48.377765480554785],[-107.27851425306923,48.37775234750467],[-107.27833919771201,48.37788538026693],[-107.27835379006434,48.37791189918959],[-107.278414815258,48.37792850277588],[-107.27842920912124,48.37795058359295],[-107.2786109427742,48.37781745987258],[-107.27856288935621,48.377791640227535]]]}"
00000000000000002074,1272,0,0,0,"{""type"":""Polygon"",""coordinates"":[[[-107.27867305066778,48.377856396745514],[-107.27865923966243,48.377847789090374],[-107.27862479853178,48.37782613901365],[-107.2786109427742,48.37781745987258],[-107.27842920912124,48.37795058359295],[-107.27843628438407,48.37795936920515],[-107.27848315918058,48.37795840153063],[-107.27859886489537,48.37799635171445],[-107.27868012599187,48.377865182322694],[-107.27867305066778,48.377856396745514]]]}"
0000000000000000206f,1273,0,0,0,"{""type"":""Polygon"",""coordinates"":[[[-107.27879485159175,48.37788078289219],[-107.27878104053094,48.377872175252016],[-107.27872036744357,48.37786437664943],[-107.27868690646308,48.377865075883],[-107.27868012599187,48.377865182322694],[-107.27859886489537,48.37799635171445],[-107.27863964467394,48.37800894771076],[-107.27866720922569,48.37802625036604],[-107.27872140297262,48.378038577775946],[-107.27881494356653,48.37788042367795],[-107.27879485159175,48.37788078289219]]]}"
00000000000000002070,1274,0,0,0,"{""type"":""Polygon"",""coordinates"":[[[-107.27890279694088,48.3778964897792],[-107.27888898583296,48.37788788215318],[-107.27881494356653,48.37788042367795],[-107.27872140297262,48.378038577775946],[-107.27885661849007,48.378062695345356],[-107.27894317958997,48.377900209405794],[-107.27890279694088,48.3778964897792]]]}"
00000000000000002064,1275,0,0,0,"{""type"":""Polygon"",""coordinates"":[[[-107.27894317958997,48.377900209405794],[-107.27885661849007,48.378062695345356],[-107.2788835425933,48.378066612103574],[-107.2789042753489,48.37807963871317],[-107.2790187585605,48.37809072944617],[-107.27902395774787,48.37790748983328],[-107.27894317958997,48.377900209405794]]]}"
00000000000000002069,1276,0,0,0,"{""type"":""Polygon"",""coordinates"":[[[-107.27905092659056,48.377911478017346],[-107.27902395774787,48.37790748983328],[-107.2790187585605,48.37809072944617],[-107.27907938749462,48.378098456394305],[-107.27913972153198,48.37809729125127],[-107.27915313549678,48.37809702262634],[-107.27915877613172,48.37792273069784],[-107.27905092659056,48.377911478017346]]]}"
00000000000000002068,1277,0,0,0,"{""type"":""Polygon"",""coordinates"":[[[-107.27921115020455,48.37789488458501],[-107.27917208768973,48.37792247788038],[-107.27915877613172,48.37792273069784],[-107.27915313549678,48.37809702262634],[-107.27925950547234,48.378077065401136],[-107.27934632174684,48.37807086904677],[-107.27921115020455,48.37789488458501]]]}"
00000000000000002061,1278,0,0,0,"{""type"":""Polygon"",""coordinates"":[[[-107.27933776560742,48.377878934678776],[-107.27931805809764,48.377888328985065],[-107.27931727616563,48.37787041780018],[-107.27923689510278,48.377872013834924],[-107.27921115020455,48.37789488458501],[-107.27934632174684,48.37807086904677],[-107.27945986972016,48.37805968135304],[-107.27946586228467,48.3780461333481],[-107.27945878668247,48.37803734780599],[-107.27947853905425,48.37802802492555],[-107.27933776560742,48.377878934678776]]]}"
0000000000000000206e,1279,0,0,0,"{""type"":""Polygon"",""coordinates"":[[[-107.27939681775894,48.37785099781064],[-107.27933776560742,48.377878934678776],[-107.27947853905425,48.37802802492555],[-107.27957655158399,48.37797251021159],[-107.27961497310488,48.37793153092629],[-107.27939681775894,48.37785099781064]]]}"
00000000000000002073,1280,0,0,0,"{""type"":""Polygon"",""coordinates"":[[[-107.27944707638832,48.377774086495656],[-107.27941612786468,48.37783272729777],[-107.27939681775894,48.37785099781064],[-107.27961497310488,48.37793153092629],[-107.27964665879065,48.37789072965148],[-107.27967230716722,48.377863404882156],[-107.27968488144715,48.37784531230633],[-107.27944707638832,48.377774086495656]]]}"
0000000000000000205e,1281,0,0,0,"{""type"":""Polygon"",""coordinates"":[[[-107.27972678204956,48.37773284388206],[-107.27950450673478,48.37771041465026],[-107.2795047054367,48.37771485273822],[-107.27947208388865,48.37773337608553],[-107.27944707638832,48.377774086495656],[-107.27968488144715,48.37784531230633],[-107.27969745571565,48.37782721973527],[-107.2797352360149,48.377772854760074],[-107.27972678204956,48.37773284388206]]]}"
0000000000000000205f,1282,0,0,0,"{""type"":""Polygon"",""coordinates"":[[[-107.27950037233002,48.37761673857006],[-107.27950076973411,48.37762561473076],[-107.27950130827789,48.37763901626499],[-107.27949605304732,48.37767040379177],[-107.27950450673478,48.37771041465026],[-107.27972678204956,48.37773284388206],[-107.27975650568526,48.37764734435281],[-107.27950037233002,48.37761673857006]]]}"
00000000000000002039,1283,0,0,0,"{""type"":""Polygon"",""coordinates"":[[[-107.27949781476052,48.377558726016275],[-107.2794982121648,48.37756760216733],[-107.27949939159856,48.37759438940205],[-107.27950037233002,48.37761673857006],[-107.27975650568526,48.37764734435281],[-107.27975610821915,48.37763846819112],[-107.2797551273316,48.37761611902057],[-107.2797537489776,48.37758489370661],[-107.27975310799418,48.377571507998],[-107.27975742689115,48.37751784287406],[-107.27949781476052,48.377558726016275]]]}"
0000000000000000206d,1284,0,0,0,"{""type"":""Polygon"",""coordinates"":[[[-107.27972922087352,48.37748715502108],[-107.27971320433974,48.37742933983942],[-107.27948056162234,48.37747421081068],[-107.27949619313875,48.377522991172064],[-107.27949781476052,48.377558726016275],[-107.27975742689115,48.37751784287406],[-107.27972922087352,48.37748715502108]]]}"
00000000000000002037,1285,0,0,0,"{""type"":""Polygon"",""coordinates"":[[[-107.27970499395263,48.377393838757726],[-107.27966259218854,48.377345508645504],[-107.27966239346483,48.37734107058917],[-107.27943678208374,48.37739465530481],[-107.2794441010517,48.37740795029035],[-107.27947314627303,48.37745646193725],[-107.27948056162234,48.37747421081068],[-107.27971320433974,48.37742933983942],[-107.27970499395263,48.377393838757726]]]}"
0000000000000000203f,1286,0,0,0,"{""type"":""Polygon"",""coordinates"":[[[-107.2793727570391,48.37731109264621],[-107.27938735011445,48.377337611108],[-107.27943678208374,48.37739465530481],[-107.27966239346483,48.37734107058917],[-107.27964651824749,48.377287780892324],[-107.27961979311073,48.37728830245056],[-107.27961861357544,48.37726151537368],[-107.27967850435809,48.377251402356514],[-107.27974600934786,48.37726347613124],[-107.27978743025827,48.37728945709816],[-107.2798199549517,48.37726647995212],[-107.27985935646115,48.37724785014072],[-107.27989124005556,48.377211487373906],[-107.27996326248176,48.37717433425335],[-107.27996979937323,48.37716971820334],[-107.2793727570391,48.37731109264621]]]}"
0000000000000000204b,1287,0,0,0,"{""type"":""Polygon"",""coordinates"":[[[-107.28006353214806,48.37701600366166],[-107.28003056542734,48.37703003323589],[-107.28004476144521,48.37704767538549],[-107.2800262918258,48.37708376934956],[-107.28001981251394,48.377088298105726],[-107.28000693753312,48.37710196823178],[-107.27998506961781,48.37706222661844],[-107.2799256213241,48.3770812873329],[-107.27993131838235,48.37705884768458],[-107.27960042418161,48.37715472316777],[-107.27960749968165,48.3771635085566],[-107.27959364377413,48.37715482966887],[-107.27931576294674,48.377236244010284],[-107.27931600641146,48.37724075354166],[-107.2793727570391,48.37731109264621],[-107.27996979937323,48.37716971820334],[-107.2799825720438,48.37715606387234],[-107.28001563530536,48.37714648812468],[-107.28009547668289,48.37713149008264],[-107.28010033376053,48.3770912267886],[-107.28006353214806,48.37701600366166]],[[-107.27994793147427,48.37712997653063],[-107.27991422718378,48.377126166657455],[-107.27992130277809,48.37713495201609],[-107.27994793147427,48.37712997653063]],[[-107.27994950877708,48.37716563961045],[-107.27992921818993,48.377161561013374],[-107.27993629379486,48.377170346376474],[-107.27994950877708,48.37716563961045]],[[-107.2799083313467,48.377144168295054],[-107.27988823953748,48.37714452772868],[-107.27989531512665,48.37715331309239],[-107.2799083313467,48.377144168295054]]]}"
0000000000000000204a,1288,0,0,0,"{""type"":""GeometryCollection"",""geometries"":[{""type"":""LineString"",""coordinates"":[[-107.27958700369639,48.37715497405882],[-107.27959370174315,48.37715484127436]]},{""type"":""Polygon"",""coordinates"":[[[-107.27956607911177,48.37713752756489],[-107.2795455899575,48.37712901084611],[-107.27953045824323,48.37708909111531],[-107.27951640368389,48.3770759741922],[-107.27950952693412,48.37707162684426],[-107.27925247563563,48.37717052096691],[-107.27931576294674,48.377236244010284],[-107.27958701049468,48.377154991843334],[-107.27956607911177,48.37713752756489]]]},{""type"":""Polygon"",""coordinates"":[[[-107.28005601419646,48.37699827080062],[-107.28001395218676,48.37695890454122],[-107.27996727666057,48.37696431095427],[-107.27994806954798,48.37698256545563],[-107.27995356781094,48.376955687825685],[-107.27999960223435,48.37693689587555],[-107.27996451952417,48.376901861125035],[-107.27995764271778,48.37689751382481],[-107.27952917642106,48.37706231994376],[-107.27954956916486,48.37706638281464],[-107.27957123779534,48.37710168650778],[-107.27958499133129,48.377110381198655],[-107.27960042418161,48.37715472316777],[-107.27993131838235,48.37705884768458],[-107.27993053612525,48.37704093679158],[-107.27992969630752,48.377023113194205],[-107.27994860827057,48.376995966821184],[-107.28002264995223,48.377003424314196],[-107.28003056542734,48.37703003323589],[-107.28006353214806,48.37701600366166],[-107.28005601419646,48.37699827080062]]]}]}"
00000000000000002046,1289,0,0,0,"{""type"":""Polygon"",""coordinates"":[[[-107.27991582450328,48.37686265708624],[-107.27989371328343,48.37681840613193],[-107.2798146160546,48.37684677361235],[-107.27982856834377,48.37685990624165],[-107.27977777306383,48.37692341503321],[-107.27976519917492,48.37694150729844],[-107.27974569093855,48.37695533953696],[-107.27972633664213,48.376973538318936],[-107.27969351708424,48.37698762343895],[-107.27964575845388,48.37697069660287],[-107.27963264589374,48.37697538750006],[-107.27961229795397,48.3769713961347],[-107.27959146899184,48.37695391611212],[-107.27959062933787,48.376936092536724],[-107.279195084712,48.377086796368744],[-107.27920216007281,48.37709558177974],[-107.27920280086293,48.377108967377445],[-107.27922417410115,48.37713537929617],[-107.27925247563563,48.37717052096691],[-107.27950952693412,48.37707162684426],[-107.2795091295202,48.377062750776076],[-107.27952917642106,48.37706231994376],[-107.27995764271778,48.37689751382481],[-107.27991582450328,48.37686265708624]]]}"
0000000000000000203d,1290,0,0,0,"{""type"":""MultiPolygon"",""coordinates"":[[[[-107.2798862978012,48.376800657512064],[-107.27985135654842,48.37677014809946],[-107.27983072626974,48.3767571062027],[-107.27983106620609,48.376766069505706],[-107.2798176526272,48.37676633820877],[-107.2798119555705,48.37678877772719],[-107.27976567781647,48.37680306003824],[-107.2798146160546,48.37684677361235],[-107.27989371328343,48.37681840613193],[-107.2798862978012,48.376800657512064]]],[[[-107.27958664853207,48.37684678436301],[-107.27957283752609,48.376838177002156],[-107.27913125950539,48.37700767203272],[-107.27913833483291,48.37701645743622],[-107.279195084712,48.377086796368744],[-107.27959062933787,48.376936092536724],[-107.27956935819552,48.3769096649967],[-107.27957441447818,48.37687383990183],[-107.27960791965937,48.376873211868414],[-107.27958664853207,48.37684678436301]],[[-107.27952700194336,48.376861406726455],[-107.27952754051407,48.37687480806777],[-107.27954051188401,48.37686559188831],[-107.27952700194336,48.376861406726455]]]]}"
00000000000000002036,1291,0,0,0,"{""type"":""Polygon"",""coordinates"":[[[-107.27936398152056,48.37681547900737],[-107.27908054713099,48.3769238569489],[-107.27908772477198,48.37693262653582],[-107.27908826317974,48.37694602790162],[-107.27910231747622,48.376959144862035],[-107.27913125950539,48.37700767203272],[-107.27957283752609,48.376838177002156],[-107.27957249765426,48.37682921368449],[-107.27953795418163,48.37680758015629],[-107.27950901161864,48.37675905330373],[-107.27940358125264,48.37680128756474],[-107.27936398152056,48.37681547900737]],[[-107.27940358125264,48.37680128756474],[-107.27939125075767,48.37682388923731],[-107.27941743696282,48.376809966427324],[-107.27940358125264,48.37680128756474]],[[-107.27937975380628,48.376868784101255],[-107.27936624390684,48.3768645989155],[-107.27936717980022,48.376886876298855],[-107.27937975380628,48.376868784101255]],[[-107.27936486584899,48.37683337402859],[-107.2793512088404,48.37682913316918],[-107.27935184969064,48.37684251869746],[-107.27936486584899,48.37683337402859]]]}"
00000000000000002045,1292,0,0,0,"{""type"":""Polygon"",""coordinates"":[[[-107.27950901161864,48.37675905330373],[-107.27950105181894,48.376732372981486],[-107.27947230806976,48.376688284186],[-107.27947210936466,48.376683846183504],[-107.27935984734451,48.376721804487715],[-107.27938107341184,48.37674816050707],[-107.27936830076126,48.376761814653165],[-107.27934865143607,48.37677112146423],[-107.27934231327646,48.37678017544722],[-107.27930925042509,48.376789750887056],[-107.27927632868777,48.376803851619385],[-107.27925421841594,48.376759600542734],[-107.27901004452943,48.37684482341382],[-107.2790590778256,48.37689299126755],[-107.27908054713099,48.3769238569489],[-107.27936398152056,48.37681547900737],[-107.27950901161864,48.37675905330373]],[[-107.2794882792015,48.37674602713865],[-107.27946779028981,48.37673751045968],[-107.27945545985034,48.376760112112045],[-107.2794882792015,48.37674602713865]],[[-107.27936398152056,48.37681547900737],[-107.27937665784323,48.37679737102756],[-107.27934963210429,48.37679347029027],[-107.27936398152056,48.37681547900737]]]}"
00000000000000002040,1293,0,0,0,"{""type"":""MultiPolygon"",""coordinates"":[[[[-107.27946341234866,48.37663932660857],[-107.27946984682197,48.37663472644836],[-107.27946910956184,48.37661688716974],[-107.27944926161767,48.37662175597656],[-107.27946341234866,48.37663932660857]]],[[[-107.2792118628736,48.37671134225144],[-107.27920414677475,48.3766891714075],[-107.27894582293128,48.37675682326853],[-107.2789530967998,48.37677004665889],[-107.27900984588176,48.37684038539588],[-107.27901004452943,48.37684482341382],[-107.27925421841594,48.376759600542734],[-107.2792118628736,48.37671134225144]]],[[[-107.2794435643927,48.37664419541655],[-107.27942465237219,48.37667134151255],[-107.27940288178299,48.376636053869085],[-107.27935645036955,48.376645969417204],[-107.27933699979711,48.3766597142048],[-107.27935277199612,48.376713019149584],[-107.27935984734451,48.376721804487715],[-107.27947210936466,48.376683846183504],[-107.27946341234866,48.37663932660857],[-107.2794435643927,48.37664419541655]]]]}"
0000000000000000201f,1294,0,0,0,"{""type"":""MultiPolygon"",""coordinates"":[[[[-107.27919727015252,48.37668482406554],[-107.27917658273721,48.3766718693271],[-107.27915511345324,48.37664100381256],[-107.27915437634725,48.37662316452552],[-107.27914685896661,48.37660543170957],[-107.27889506658421,48.37667293697925],[-107.27890946039992,48.37669501720561],[-107.2789317687839,48.376743706331226],[-107.27894582293128,48.37675682326853],[-107.27920414677475,48.3766891714075],[-107.27919727015252,48.37668482406554]]],[[[-107.27945229890149,48.37654132090598],[-107.279425773059,48.37654628037873],[-107.2794184990194,48.37653305708398],[-107.27936548614795,48.37654751708906],[-107.27938892978665,48.3766229212257],[-107.27935645036955,48.376645969417204],[-107.27940288178299,48.376636053869085],[-107.27940268308598,48.37663161587059],[-107.27944906291494,48.376617317979495],[-107.27944926161767,48.37662175597656],[-107.27946910956184,48.37661688716974],[-107.27945229890149,48.37654132090598]]]]}"
00000000000000002023,1295,0,0,0,"{""type"":""GeometryCollection"",""geometries"":[{""type"":""LineString"",""coordinates"":[[-107.27922870749049,48.3764876824292],[-107.2792354054514,48.37648754966694]]},{""type"":""Polygon"",""coordinates"":[[[-107.27913968136228,48.376596662179956],[-107.27911015637841,48.37653466263313],[-107.27910288247871,48.37652143931383],[-107.27885109072534,48.376588944346004],[-107.2788727582905,48.37662424790746],[-107.27887384101453,48.37664658087713],[-107.27889506658421,48.37667293697925],[-107.27914685896661,48.37660543170957],[-107.27913968136228,48.376596662179956]]]},{""type"":""Polygon"",""coordinates"":[[[-107.27942075431801,48.376434711447814],[-107.2793876342147,48.376444374133094],[-107.27938115499065,48.37644890278968],[-107.279380956295,48.376444464806674],[-107.27923543379744,48.37648756018102],[-107.27929552184293,48.37648188557167],[-107.27931620922803,48.376494840239125],[-107.27933787730225,48.376530143620506],[-107.27935841082679,48.376538731779384],[-107.27936548614795,48.37654751708906],[-107.2794184990194,48.37653305708398],[-107.27939648502598,48.37649326006079],[-107.27942217722544,48.37646600757965],[-107.27943450756443,48.3764434060588],[-107.27942075431801,48.376434711447814]]]}]}"
0000000000000000201d,1296,0,0,0,"{""type"":""GeometryCollection"",""geometries"":[{""type"":""LineString"",""coordinates"":[[-107.27939416355349,48.37643974090111],[-107.27938766489329,48.37644433590806]]},{""type"":""Polygon"",""coordinates"":[[[-107.27940026560181,48.37642619479922],[-107.27939417099795,48.376439758188184],[-107.27942075431801,48.376434711447814],[-107.27940026560181,48.37642619479922]]]},{""type"":""Polygon"",""coordinates"":[[[-107.27918354246607,48.37637695931736],[-107.27920358892665,48.37637652856966],[-107.2792034925941,48.3763720747846],[-107.27918354246607,48.37637695931736]]]},{""type"":""Polygon"",""coordinates"":[[[-107.2790810160302,48.376481697890355],[-107.27908013183242,48.37646380298125],[-107.2790655840872,48.37643735637461],[-107.27905826544145,48.37642406159411],[-107.27879414375664,48.37651416783649],[-107.27885109072534,48.376588944346004],[-107.27910288247871,48.37652143931383],[-107.2790810160302,48.376481697890355]]]},{""type"":""Polygon"",""coordinates"":[[[-107.27924658493637,48.37643817199869],[-107.27926181844616,48.37647807549338],[-107.279380956295,48.376444464806674],[-107.27934523397188,48.37639604470301],[-107.27934945677703,48.376337926992385],[-107.27938301296605,48.376341681358646],[-107.27935515398688,48.37631548768726],[-107.27929580336651,48.37633900149299],[-107.27933310229943,48.376423084174014],[-107.27930627553349,48.376423621425886],[-107.27929286215323,48.37642389004895],[-107.27926593905849,48.376419973500504],[-107.27925999831523,48.37643790338206],[-107.27924658493637,48.37643817199869]],[[-107.2792671183702,48.37644676016456],[-107.27928008960664,48.376437544097634],[-107.27925999831523,48.37643790338206],[-107.2792671183702,48.37644676016456]]]},{""type"":""Polygon"",""coordinates"":[[[-107.27924658493637,48.37643817199869],[-107.27924618757774,48.37642929603347],[-107.27918492039106,48.37640818394293],[-107.27920403105706,48.37638547600746],[-107.27917706324445,48.37638148795438],[-107.27913072853651,48.37639585712336],[-107.27913136931421,48.376409242546174],[-107.27914596188934,48.376435760608715],[-107.27916095182306,48.3764711546533],[-107.2791798638639,48.376444008710614],[-107.27918693911296,48.37645279401965],[-107.27920860701254,48.376488097406764],[-107.2792286535386,48.37648766665127],[-107.27926181844616,48.37647807549338],[-107.27923435084617,48.3764652272878],[-107.27922698056857,48.37644755020494],[-107.27924658493637,48.37643817199869]]]}]}"
0000000000000000201e,1297,0,0,0,"{""type"":""MultiPolygon"",""coordinates"":[[[[-107.27934817505829,48.37631115619299],[-107.27929555989893,48.37633449203789],[-107.27929580336651,48.37633900149299],[-107.27935515398688,48.37631548768726],[-107.27934817505829,48.37631115619299]]],[[[-107.27917248736068,48.37627886675697],[-107.27917936390773,48.37628321406951],[-107.27921198414604,48.37626469135857],[-107.27921188781137,48.37626023758291],[-107.27917248736068,48.37627886675697]]],[[[-107.27930439698417,48.37623160232517],[-107.27927133464044,48.37624117764057],[-107.27927905071957,48.37626334829332],[-107.27927295611248,48.37627691163324],[-107.279280428732,48.376294572848764],[-107.27932670576844,48.37628029092576],[-107.27930439698417,48.37623160232517]]],[[[-107.27904431369264,48.37641092894666],[-107.27902274233718,48.37638007935378],[-107.27899453792624,48.37634939189936],[-107.27899424296949,48.376340500139406],[-107.27873695364055,48.376434881925015],[-107.27877163707322,48.37646104089289],[-107.27877291836175,48.37648781178614],[-107.27879414375664,48.37651416783649],[-107.27905826544145,48.37642406159411],[-107.27904431369264,48.37641092894666]]],[[[-107.27918825918876,48.37633217135737],[-107.27914821787115,48.37633741514111],[-107.27912772933111,48.37632889844551],[-107.27916069541165,48.376314869381666],[-107.27914020687783,48.37630635269217],[-107.27914610286227,48.37628835138084],[-107.2791393226464,48.37628845784331],[-107.27911293814218,48.37629794245992],[-107.27911377757924,48.376315765831656],[-107.27911495678353,48.37634255244795],[-107.27913072853651,48.37639585712336],[-107.27917706324445,48.37638148795438],[-107.27918354246607,48.37637695931736],[-107.2792034925941,48.3763720747846],[-107.27918825918876,48.37633217135737]]]]}"
0000000000000000204c,1298,0,0,0,"{""type"":""MultiPolygon"",""coordinates"":[[[[-107.27909441072899,48.37618218883087],[-107.27906822496412,48.376196111377745],[-107.279122615141,48.376212876159705],[-107.27909441072899,48.37618218883087]]],[[[-107.27897257539739,48.376305196793396],[-107.27891676276519,48.376257135851],[-107.27865362263925,48.37636959005529],[-107.27867504647212,48.37640038406048],[-107.27873032054964,48.376435044033386],[-107.27873695364055,48.376434881925015],[-107.27899424296949,48.376340500139406],[-107.27899380089015,48.37633155270691],[-107.27899316016152,48.37631816730145],[-107.27897257539739,48.376305196793396]]],[[[-107.27910974029511,48.3762265459377],[-107.27907687663742,48.37624055915175],[-107.2790493130101,48.37622325717005],[-107.27906144477078,48.376196217833964],[-107.2790088745502,48.376219624948405],[-107.27911259837472,48.376288979228804],[-107.27911293814218,48.37629794245992],[-107.2791393226464,48.37628845784331],[-107.27913902765344,48.37627956609487],[-107.27914501995934,48.376266018568835],[-107.27917248736068,48.37627886675697],[-107.27921188781137,48.37626023758291],[-107.27920397310308,48.37623362895858],[-107.27925698548104,48.376219169140214],[-107.27927133464044,48.37624117764057],[-107.27930439698417,48.37623160232517],[-107.27929732173484,48.37622281706123],[-107.2793095556896,48.37619576189058],[-107.27924838513556,48.3761791036938],[-107.27922284020127,48.376206411651765],[-107.2791832411381,48.37622060284461],[-107.27915096071449,48.37624808875188],[-107.27911701415078,48.37623976918445],[-107.27910974029511,48.3762265459377]],[[-107.27917110943997,48.37624764220685],[-107.27917838332584,48.37626086545343],[-107.27919139928301,48.37625172091292],[-107.27917110943997,48.37624764220685]],[[-107.27910394664984,48.37624453141895],[-107.27911765492654,48.37625315456821],[-107.27911701415078,48.37623976918445],[-107.27910394664984,48.37624453141895]]]]}"
00000000000000002025,1299,0,0,0,"{""type"":""MultiPolygon"",""coordinates"":[[[[-107.27883986607073,48.37618724427963],[-107.27883254756438,48.37617394954079],[-107.27859009490814,48.37629935811313],[-107.27861810022024,48.376325607692976],[-107.2786461055788,48.3763518572764],[-107.27865362263925,48.37636959005529],[-107.27891676276519,48.376257135851],[-107.27883986607073,48.37618724427963]]],[[[-107.27908801507994,48.37603939618957],[-107.2789700578008,48.37609979271929],[-107.27897123690859,48.37612657923129],[-107.27898602790233,48.37615753514412],[-107.27900179939611,48.37621083966228],[-107.2790088745502,48.376219624948405],[-107.27906144477078,48.376196217833964],[-107.27906822496412,48.376196111377745],[-107.27909441072899,48.37618218883087],[-107.27909421206643,48.376177750868635],[-107.27910664478763,48.37615513370401],[-107.27908531693491,48.376128793710095],[-107.27910300482743,48.37607478998477],[-107.27910870211394,48.376052350803064],[-107.27908801507994,48.37603939618957]]]]}"
0000000000000000204d,1300,0,0,0,"{""type"":""MultiPolygon"",""coordinates"":[[[[-107.27897457605152,48.37605056704591],[-107.27896868004476,48.37606856826698],[-107.27896921842836,48.37608196941688],[-107.2789700578008,48.37609979271929],[-107.27908801507994,48.37603939618957],[-107.2790866372198,48.37600817177697],[-107.27897457605152,48.37605056704591]]],[[[-107.27882453688473,48.37614288715282],[-107.27879706980613,48.37613003888985],[-107.27878965504281,48.376112290396314],[-107.27850578441033,48.37621171765222],[-107.27850598300094,48.37621615562031],[-107.27858989630784,48.376294920138534],[-107.27859009490814,48.37629935811313],[-107.27883254756438,48.37617394954079],[-107.27882453688473,48.37614288715282]],[[-107.27877815774946,48.376157184597744],[-107.27876582721373,48.37617978591805],[-107.27879864603874,48.37616570134679],[-107.27877815774946,48.376157184597744]]]]}"
0000000000000000204e,1301,0,0,0,"{""type"":""MultiPolygon"",""coordinates"":[[[[-107.27876056702789,48.37606370823483],[-107.27875983009777,48.376045869133485],[-107.27847458267577,48.37611407166689],[-107.2784891745803,48.37614058969931],[-107.27850578441033,48.37621171765222],[-107.27878965504281,48.376112290396314],[-107.27876056702789,48.37606370823483]]],[[[-107.27907224349472,48.375986091859296],[-107.2790651683595,48.37597730661584],[-107.27897211548361,48.37599700991892],[-107.27898597074527,48.376005688724135],[-107.27897457605152,48.37605056704591],[-107.2790866372198,48.37600817177697],[-107.27908639377627,48.37600366234873],[-107.27907224349472,48.375986091859296]]]]}"
0000000000000000203a,1302,0,0,0,"{""type"":""GeometryCollection"",""geometries"":[{""type"":""LineString"",""coordinates"":[[-107.27905843692265,48.375977445879386],[-107.27906513481742,48.3759773131281]]},{""type"":""Polygon"",""coordinates"":[[[-107.27904384063532,48.37595096669732],[-107.27893703494257,48.37596197535603],[-107.27896459830146,48.37597927729194],[-107.27896504037817,48.375988224665534],[-107.27897211548361,48.37599700991892],[-107.27905843298707,48.37597748455085],[-107.27904384063532,48.37595096669732]]]},{""type"":""Polygon"",""coordinates"":[[[-107.27869129049202,48.37601153362325],[-107.27868357485154,48.37598936301692],[-107.2784367480944,48.37601658793093],[-107.2784446621545,48.37604319652655],[-107.27847458267577,48.37611407166689],[-107.27875983009777,48.376045869133485],[-107.27876488691312,48.37601004464813],[-107.27869129049202,48.37601153362325]]]}]}"
00000000000000002021,1303,0,0,0,"{""type"":""MultiPolygon"",""coordinates"":[[[[-107.27866760532004,48.37593162070954],[-107.27865321193651,48.375909540752154],[-107.27837911769414,48.37592835513362],[-107.27842825107805,48.37597650673211],[-107.2784367480944,48.37601658793093],[-107.27868357485154,48.37598936301692],[-107.27866760532004,48.37593162070954]]],[[[-107.27902924830485,48.37592444885421],[-107.27903440718708,48.37588860863638],[-107.2789472505388,48.375890310706005],[-107.27894808990565,48.375908133944684],[-107.27892190433255,48.37592205637527],[-107.27892268612587,48.37593996691234],[-107.27893703494257,48.37596197535603],[-107.27904384063532,48.37595096669732],[-107.27902924830485,48.37592444885421]]]]}"
0000000000000000202f,1304,0,0,0,"{""type"":""MultiPolygon"",""coordinates"":[[[[-107.27863861996198,48.37588302286133],[-107.27863778074604,48.37586519962451],[-107.27864131909126,48.37579362574053],[-107.27832281334405,48.3758669645164],[-107.27832301191476,48.37587140245667],[-107.27837911769414,48.37592835513362],[-107.27865321193651,48.375909540752154],[-107.27863861996198,48.37588302286133]]],[[[-107.27896650245243,48.37572019537474],[-107.27894739207612,48.37574290297228],[-107.27898291452881,48.375786884731305],[-107.27895746608252,48.375818646152574],[-107.27896562396381,48.3758497640121],[-107.27894685324551,48.37588143482911],[-107.2789472505388,48.375890310706005],[-107.27903440718708,48.37588860863638],[-107.27903946371569,48.37585278424953],[-107.27903690671806,48.37579477358835],[-107.27906107357008,48.3757362416426],[-107.27906053514494,48.375722840581176],[-107.27905945227606,48.375700508004236],[-107.27906598893567,48.37569589214917],[-107.27896650245243,48.37572019537474]]]]}"
0000000000000000202b,1305,0,0,0,"{""type"":""MultiPolygon"",""coordinates"":[[[[-107.27861605805012,48.37567805097435],[-107.27828645282258,48.37580515919846],[-107.27832904916173,48.37585792656182],[-107.27832281334405,48.3758669645164],[-107.27864131909126,48.37579362574053],[-107.278639102382,48.37574457825969],[-107.27861605805012,48.37567805097435]]],[[[-107.27902569218081,48.375544852779996],[-107.27900014763065,48.375572160344156],[-107.27898747165746,48.3755902678493],[-107.27897450070847,48.37559948372298],[-107.27897514144446,48.37561286894794],[-107.27897671788051,48.37564853105086],[-107.27897887749205,48.37569766571069],[-107.27896650245243,48.37572019537474],[-107.27906598893567,48.37569589214917],[-107.27908470190751,48.37566430871072],[-107.27909747420274,48.37565065489239],[-107.2791172252535,48.37564133253703],[-107.27902569218081,48.375544852779996]]]]}"
0000000000000000202a,1306,0,0,0,"{""type"":""Polygon"",""coordinates"":[[[-107.2786085411169,48.375660318419314],[-107.27858171510955,48.37566085544204],[-107.27856049034168,48.37563449975073],[-107.27853956046548,48.37561703570862],[-107.278545456558,48.375599034664155],[-107.2782294121698,48.37572592965455],[-107.27827957653138,48.37580081185453],[-107.27828645282258,48.37580515919846],[-107.27861605805012,48.37567805097435],[-107.2786085411169,48.375660318419314]]]}"
0000000000000000202d,1307,0,0,0,"{""type"":""GeometryCollection"",""geometries"":[{""type"":""LineString"",""coordinates"":[[-107.27845998238618,48.375636476877126],[-107.27845328453331,48.37563660959248]]},{""type"":""Polygon"",""coordinates"":[[[-107.27851513899883,48.37551928440574],[-107.27850148268485,48.375515043512515],[-107.27819163006595,48.3756328287519],[-107.2782294121698,48.37572592965455],[-107.2784532888245,48.37563663193158],[-107.27844557340164,48.37561446145652],[-107.27848601089926,48.37561809389832],[-107.27846002409238,48.37563645404275],[-107.278545456558,48.375599034664155],[-107.27854452111961,48.37557675779941],[-107.27854363716257,48.37555886318301],[-107.27854270172381,48.37553658633504],[-107.27851513899883,48.37551928440574]]]}]}"
00000000000000002052,1308,0,0,0,"{""type"":""Polygon"",""coordinates"":[[[-107.27815286150661,48.37551306890556],[-107.27816087148217,48.37554413100039],[-107.27816171047311,48.37556195413973],[-107.27819163006595,48.3756328287519],[-107.27850148268485,48.375515043512515],[-107.27815286150661,48.37551306890556]]]}"
00000000000000002029,1309,0,0,0,"{""type"":""Polygon"",""coordinates"":[[[-107.27861904093493,48.375445772458576],[-107.27861850266554,48.37543237146376],[-107.27861825927674,48.37542786208163],[-107.27855129702496,48.37542918880837],[-107.27850496362473,48.37544355738587],[-107.27851085969556,48.375425556402654],[-107.27813536883406,48.375424047220655],[-107.27812947260598,48.37544204818431],[-107.27815286150661,48.37551306890556],[-107.27850148268485,48.375515043512515],[-107.27847436196883,48.37550668887512],[-107.27848742918938,48.37550192679924],[-107.27851385786158,48.375492513991546],[-107.27850600138275,48.37546581838974],[-107.27853198805194,48.375447458295135],[-107.27857890449425,48.37544656217898],[-107.27863363275243,48.37547229013886],[-107.27863329308965,48.37546332704221],[-107.27861904093493,48.375445772458576]]]}"
0000000000000000202e,1310,0,0,0,"{""type"":""MultiPolygon"",""coordinates"":[[[[-107.27817157229089,48.37533402339067],[-107.27815418458185,48.37539244830765],[-107.27814106650409,48.37540160836047],[-107.27813536883406,48.375424047220655],[-107.27851085969556,48.375425556402654],[-107.27850894406942,48.375380931346044],[-107.27850712470068,48.37534076002786],[-107.27850692610384,48.375336322132796],[-107.27817157229089,48.37533402339067]]],[[[-107.27861584396082,48.37537437703902],[-107.27859457452472,48.37534795001419],[-107.27857526561012,48.37536621948033],[-107.27856269190892,48.375384311055036],[-107.27855006063638,48.37540248992067],[-107.27855129702496,48.37542918880837],[-107.27861825927674,48.37542786208163],[-107.2786174200586,48.37541003899687],[-107.27864994328571,48.3753870630939],[-107.27861584396082,48.37537437703902]]]]}"
00000000000000002027,1311,0,0,0,"{""type"":""Polygon"",""coordinates"":[[[-107.27822084879759,48.37523476819061],[-107.27818832560328,48.37525774388191],[-107.27817157229089,48.37533402339067],[-107.27850692610384,48.375336322132796],[-107.27851969840425,48.37532266847513],[-107.27852539584431,48.37530022964067],[-107.27822084879759,48.37523476819061]]]}"
00000000000000002028,1312,0,0,0,"{""type"":""Polygon"",""coordinates"":[[[-107.27828367881962,48.3751397698634],[-107.27822084879759,48.37523476819061],[-107.27852539584431,48.37530022964067],[-107.27853109327646,48.37527779081552],[-107.27828367881962,48.3751397698634]]]}"
00000000000000002017,1313,0,0,0,"{""type"":""Polygon"",""coordinates"":[[[-107.27836085663,48.37506677985062],[-107.27834798205377,48.37508044922588],[-107.27832833362969,48.375089755511986],[-107.27828343547068,48.37513526050419],[-107.27828367881962,48.3751397698634],[-107.27853109327646,48.37527779081552],[-107.27854312870127,48.37524629833278],[-107.2785690704192,48.37522786682837],[-107.27859451863071,48.375196105867865],[-107.27836085663,48.37506677985062]]]}"
00000000000000002026,1314,0,0,0,"{""type"":""Polygon"",""coordinates"":[[[-107.27844466700051,48.37499362780544],[-107.278418482066,48.37500754984385],[-107.27836085663,48.37506677985062],[-107.27859451863071,48.375196105867865],[-107.27861323160987,48.37516452281711],[-107.27866462135992,48.375114330396244],[-107.27844466700051,48.37499362780544]]]}"
00000000000000001fff,1315,0,0,0,"{""type"":""Polygon"",""coordinates"":[[[-107.27853569900964,48.374929316585316],[-107.2784899620479,48.374956998592495],[-107.27845124833647,48.37498908353547],[-107.27844466700051,48.37499362780544],[-107.27866462135992,48.375114330396244],[-107.2786710555911,48.375109730427226],[-107.27868471180581,48.375113971266636],[-107.27871723473721,48.37509099547598],[-107.27876936125809,48.37505864183775],[-107.27853569900964,48.374929316585316]]]}"
00000000000000002015,1316,0,0,0,"{""type"":""Polygon"",""coordinates"":[[[-107.27861975225242,48.374860673923145],[-107.27854213321314,48.374924716641594],[-107.27853569900964,48.374929316585316],[-107.27876936125809,48.37505864183775],[-107.27877584025245,48.37505411334633],[-107.27881627732594,48.375057745621746],[-107.27883558599748,48.375039476219065],[-107.27885503573593,48.37502573197179],[-107.2788680064821,48.37501651621855],[-107.27888755854052,48.37500275616475],[-107.27861975225242,48.374860673923145]]]}"
00000000000000002018,1317,0,0,0,"{""type"":""Polygon"",""coordinates"":[[[-107.27873102791801,48.37480036994638],[-107.27871805723869,48.374809585642076],[-107.27865183294782,48.374828751085765],[-107.27861975225242,48.374860673923145],[-107.27888755854052,48.37500275616475],[-107.27890706580891,48.374988924631545],[-107.2789454267958,48.37494803526808],[-107.27895196331909,48.37494341948938],[-107.27873102791801,48.37480036994638]]]}"
00000000000000002016,1318,0,0,0,"{""type"":""Polygon"",""coordinates"":[[[-107.27884858363801,48.37473109960446],[-107.27878987635376,48.37476799734674],[-107.2787635505426,48.374777394283],[-107.2787504775381,48.374786625784914],[-107.27873102791801,48.37480036994638],[-107.27895196331909,48.37494341948938],[-107.27898478099942,48.37492933521021],[-107.27884858363801,48.37473109960446]]]}"
00000000000000002010,1319,0,0,0,"{""type"":""Polygon"",""coordinates"":[[[-107.27897445067337,48.37469731276375],[-107.27894158842811,48.37471132549379],[-107.27888793760665,48.374712399668304],[-107.27884858363801,48.37473109960446],[-107.27898478099942,48.37492933521021],[-107.27905690127899,48.37489216866642],[-107.27908956501905,48.37487371799177],[-107.27897445067337,48.37469731276375]]]}"
0000000000000000201a,1320,0,0,0,"{""type"":""Polygon"",""coordinates"":[[[-107.27909284538256,48.37464586508299],[-107.27902706341885,48.37467397787244],[-107.27897445067337,48.37469731276375],[-107.27908956501905,48.37487371799177],[-107.27920084054419,48.37481341345987],[-107.27909284538256,48.37464586508299]]]}"
00000000000000002009,1321,0,0,0,"{""type"":""Polygon"",""coordinates"":[[[-107.27921173363846,48.37460774660687],[-107.27915818515055,48.374608805123685],[-107.27914521458754,48.374618020840956],[-107.27912566278604,48.374631780841355],[-107.27909284538256,48.37464586508299],[-107.27920084054419,48.37481341345987],[-107.27922039243683,48.37479965339499],[-107.27931963302446,48.37477084106507],[-107.27921173363846,48.37460774660687]]]}"
00000000000000002005,1322,0,0,0,"{""type"":""Polygon"",""coordinates"":[[[-107.27932369393908,48.37456089869015],[-107.2792712800693,48.37458867151814],[-107.2792251463492,48.374607478021254],[-107.27921173363846,48.37460774660687],[-107.27931963302446,48.37477084106507],[-107.2793328471082,48.37476613461845],[-107.27945949659428,48.37475025723769],[-107.27932369393908,48.37456089869015]]]}"
00000000000000002004,1323,0,0,0,"{""type"":""Polygon"",""coordinates"":[[[-107.2794696061291,48.37452668057998],[-107.27945643691116,48.374531458500456],[-107.27940298476935,48.374536970782934],[-107.27934329725753,48.37455152082268],[-107.27932369393908,48.37456089869015],[-107.27945949659428,48.37475025723769],[-107.27947934351289,48.37474538862568],[-107.27955230301187,48.374726044680976],[-107.27955898063414,48.37472595400596],[-107.2794696061291,48.37452668057998]]]}"
0000000000000000200a,1324,0,0,0,"{""type"":""Polygon"",""coordinates"":[[[-107.279616543977,48.37451488161133],[-107.27949583539781,48.374512829870405],[-107.2794696061291,48.37452668057998],[-107.27955898063414,48.37472595400596],[-107.27962594232906,48.37472462660878],[-107.27966618077028,48.37472382066332],[-107.279616543977,48.37451488161133]]]}"
0000000000000000200b,1325,0,0,0,"{""type"":""Polygon"",""coordinates"":[[[-107.27968370407693,48.374517992008315],[-107.279616543977,48.37451488161133],[-107.27966618077028,48.37472382066332],[-107.27971948618301,48.37471825253394],[-107.2797905062346,48.37450698290766],[-107.27968370407693,48.374517992008315]]]}"
00000000000000002011,1326,0,0,0,"{""type"":""Polygon"",""coordinates"":[[[-107.27993190191965,48.374521988340895],[-107.27989790477174,48.374509287143496],[-107.27988503075618,48.37452295656746],[-107.27980367544947,48.37450220494369],[-107.2797905062346,48.37450698290766],[-107.27971948618301,48.37471825253394],[-107.27979966205116,48.374712218516834],[-107.27982604541205,48.3747027340228],[-107.27984633464754,48.37470681248781],[-107.27993868186972,48.37452188183278],[-107.27993190191965,48.374521988340895]]]}"
0000000000000000200e,1327,0,0,0,"{""type"":""MultiPolygon"",""coordinates"":[[[[-107.28006390755105,48.3744747087775],[-107.2800714251197,48.37449244080822],[-107.28008537673993,48.37450557283726],[-107.28011018234734,48.37446042702158],[-107.28006390755105,48.3744747087775]]],[[[-107.28011396107811,48.374393364335994],[-107.28010128595332,48.374411471566134],[-107.28006149003288,48.37442122478333],[-107.28010236950406,48.37443380357404],[-107.28011632112013,48.374446935584245],[-107.28014657943045,48.374374842012294],[-107.28011396107811,48.374393364335994]]],[[[-107.28006003225433,48.37453731793844],[-107.28003227026228,48.37451557896199],[-107.27993868186972,48.37452188183278],[-107.27984633464754,48.37470681248781],[-107.27986682265889,48.374715328784504],[-107.2799210128046,48.37472765484378],[-107.27997500423874,48.37473554303625],[-107.28007334272264,48.37453706503984],[-107.28006003225433,48.37453731793844]]]]}"
00000000000000002008,1328,0,0,0,"{""type"":""MultiPolygon"",""coordinates"":[[[[-107.28011495996357,48.37456748242185],[-107.28009407432552,48.37455009055963],[-107.28008076384958,48.374550343461344],[-107.2800803214798,48.374541396341655],[-107.28007334272264,48.37453706503984],[-107.27997500423874,48.37473554303625],[-107.27998188067379,48.374739890168364],[-107.28005655908434,48.374760732425514],[-107.2800632943053,48.374760554428455],[-107.28022314155457,48.37458769633796],[-107.28019597580558,48.374579270860025],[-107.2801887982122,48.374570501741765],[-107.28014158681296,48.374562507169166],[-107.28013451157712,48.37455372224156],[-107.28016777127176,48.374548584789586],[-107.28016737366244,48.37453970914914],[-107.28012045757804,48.37454060601637],[-107.28011495996357,48.37456748242185]]],[[[-107.28009407432552,48.37455009055963],[-107.28012045757804,48.37454060601637],[-107.28013293394615,48.374518060920316],[-107.28018014528341,48.37452605549206],[-107.28020672733109,48.374521008747735],[-107.28022112143435,48.37454308787912],[-107.28020879221724,48.37456568866681],[-107.28022903672579,48.37456969556115],[-107.28024892839646,48.37456489828548],[-107.28024858832308,48.37455593535749],[-107.28025522118263,48.374555773155926],[-107.28036407728918,48.37444198367496],[-107.2803572008317,48.374437636595054],[-107.28037061364354,48.374437367847875],[-107.28039615670737,48.374410060538466],[-107.28037591222846,48.374406053690585],[-107.28035488521692,48.37438413684876],[-107.28031410793533,48.374371542373254],[-107.28038042824718,48.374356829571646],[-107.2803933985837,48.37434761373858],[-107.28044738985739,48.374355501613515],[-107.28051134955014,48.374287217607176],[-107.28039535526185,48.37424038079858],[-107.28036990882164,48.37427214162158],[-107.2802917985003,48.374322855761584],[-107.28029961148083,48.37434947913484],[-107.28029357511905,48.37436295474971],[-107.28030732798554,48.37437164890755],[-107.28027480613969,48.374394624898684],[-107.28024744168466,48.37438176165665],[-107.28026719199094,48.37437243930574],[-107.28025333680266,48.37436376094924],[-107.28025259909224,48.37434592244796],[-107.28022577357017,48.374346459904],[-107.28022651126746,48.37436429840599],[-107.2801927128552,48.37435603515646],[-107.28014657943045,48.374374842012294],[-107.28011632112013,48.374446935584245],[-107.28012339633247,48.37445572049618],[-107.28011018234734,48.37446042702158],[-107.28008537673993,48.37450557283726],[-107.28009235549388,48.37450990413572],[-107.2800803214798,48.374541396341655],[-107.28009373428989,48.37454112763263],[-107.28009407432552,48.37455009055963]],[[-107.28035602063335,48.37441085097633],[-107.28036977354063,48.374419545132],[-107.28037591222846,48.374406053690585],[-107.28035602063335,48.37441085097633]],[[-107.28015429583428,48.374397011810395],[-107.28014226191095,48.374428503955095],[-107.28018853665797,48.37441422217509],[-107.28020096816195,48.374391605647936],[-107.28015429583428,48.374397011810395]],[[-107.28021398331204,48.37438246131005],[-107.28020057054233,48.374382730034014],[-107.28020096816195,48.374391605647936],[-107.28021438093492,48.374391336923786],[-107.28022169976305,48.374404631104696],[-107.2802277937097,48.37439106819771],[-107.28024110414914,48.3743908152773],[-107.28023992403416,48.37436402967857],[-107.28022651126746,48.37436429840599],[-107.28021398331204,48.37438246131005]]]]}"
00000000000000002019,1329,0,0,0,"{""type"":""GeometryCollection"",""geometries"":[{""type"":""LineString"",""coordinates"":[[-107.28039620903215,48.37441008906979],[-107.28037711281293,48.37443279871567],[-107.28037061449243,48.37443739377426]]},{""type"":""Polygon"",""coordinates"":[[[-107.28029801882376,48.374612976172294],[-107.28022314155457,48.37458769633796],[-107.2800632943053,48.374760554428455],[-107.28007041433496,48.374769410873434],[-107.28009753537032,48.37477776493682],[-107.28015192462196,48.374794528713736],[-107.28017909050024,48.37480295423486],[-107.28031379200446,48.37466627888803],[-107.2802991989709,48.374639761894585],[-107.280292367274,48.37463548627252],[-107.28029801882376,48.374612976172294]],[[-107.28026554153081,48.374636023748195],[-107.28027944851641,48.37464908430258],[-107.280292367274,48.37463548627252],[-107.28026554153081,48.374636023748195]],[[-107.28025822264627,48.374622729514336],[-107.28024525219246,48.37463194537969],[-107.28026554153081,48.374636023748195],[-107.28025822264627,48.374622729514336]]]},{""type"":""Polygon"",""coordinates"":[[[-107.28051832834845,48.374291548855844],[-107.28051134955014,48.374287217607176],[-107.28044738985739,48.374355501613515],[-107.28050104104781,48.37435442656635],[-107.28052860449867,48.374371727529685],[-107.28050222135516,48.37438121215217],[-107.28046262423744,48.37439540333695],[-107.28047623589222,48.37439957238167],[-107.28051681448412,48.37440772898376],[-107.2805236461847,48.37441200457152],[-107.28054393549873,48.37441608286504],[-107.28055754718233,48.37442025189913],[-107.28061521419262,48.37436109285255],[-107.28051832834845,48.374291548855844]]]},{""type"":""Polygon"",""coordinates"":[[[-107.28047899415276,48.374462019236574],[-107.28045241210465,48.37446706605064],[-107.28037709244163,48.37443283930627],[-107.28037105608611,48.37444631494693],[-107.28036407728918,48.37444198367496],[-107.28025522118263,48.374555773155926],[-107.28026843520587,48.37455106660119],[-107.28028774318504,48.374532797097984],[-107.28029461964555,48.37453714419053],[-107.28028872450868,48.37455514495951],[-107.28032282431637,48.374567830213685],[-107.28039056882079,48.37458441233225],[-107.2804933884424,48.37448409829803],[-107.28047899415276,48.374462019236574]],[[-107.28030699359309,48.37451461488314],[-107.28036791906403,48.37452676262756],[-107.28033991319543,48.374500514457395],[-107.28030699359309,48.37451461488314]],[[-107.2803531272,48.37449580789638],[-107.28033927193526,48.374487129534124],[-107.28033991319543,48.374500514457395],[-107.2803531272,48.37449580789638]]]}]}"
00000000000000001ffe,1330,0,0,0,"{""type"":""MultiPolygon"",""coordinates"":[[[[-107.28054464103387,48.37458130951813],[-107.2804933884424,48.37448409829803],[-107.28039076765236,48.374588850154865],[-107.28038571265033,48.37462467372475],[-107.28043356559998,48.374646053138605],[-107.28047414442723,48.374654209790464],[-107.28048097616212,48.37465848540015],[-107.28055805392438,48.37458104074207],[-107.28054464103387,48.37458130951813]],[[-107.28041125585047,48.374597366311924],[-107.28041169830098,48.37460631343744],[-107.28042466872786,48.374597097554734],[-107.28041125585047,48.374597366311924]]],[[[-107.2806495577118,48.37437828722435],[-107.28061521419262,48.37436109285255],[-107.28055754718233,48.37442025189913],[-107.28059792699302,48.37442397065995],[-107.28061173755324,48.37443257749502],[-107.28065275878332,48.374449681138316],[-107.2806667106851,48.37446281306531],[-107.28067354242384,48.37446708864585],[-107.28073774573308,48.37440331363],[-107.2806495577118,48.37437828722435]]],[[[-107.28042217306047,48.3746909304328],[-107.2804080223727,48.374673360582996],[-107.28037485899965,48.374682951772805],[-107.28031443325172,48.374679663856796],[-107.28031379200446,48.37466627888803],[-107.28017909050024,48.37480295423486],[-107.2802876705115,48.37483204383468],[-107.28030152587672,48.37484072225798],[-107.28044266132693,48.374699446597745],[-107.28042217306047,48.3746909304328]]]]}"
0000000000000000202c,1331,0,0,0,"{""type"":""MultiPolygon"",""coordinates"":[[[[-107.2808534011604,48.37444118723124],[-107.28073774573308,48.37440331363],[-107.28067354242384,48.37446708864585],[-107.2806803224177,48.37446698208442],[-107.28068086146607,48.37448038280526],[-107.2806817017197,48.37449820553494],[-107.28068234310567,48.37451159045552],[-107.28070297271174,48.374524631637215],[-107.28073211465158,48.37457759390356],[-107.28086705771807,48.37444542769869],[-107.2808534011604,48.37444118723124]]],[[[-107.28047066743595,48.37472569482981],[-107.28044290494675,48.37470395590776],[-107.28030152587672,48.37484072225798],[-107.28032275189666,48.37486707714064],[-107.28038401805188,48.374888187921755],[-107.28041108762619,48.37489215973115],[-107.28068082967238,48.37462777105467],[-107.28067385078326,48.37462343979278],[-107.28061985894125,48.37461555201982],[-107.28060526565541,48.37458903510447],[-107.28055805392438,48.37458104074207],[-107.28048097616212,48.37465848540015],[-107.28053605176137,48.374688705362054],[-107.2805437684774,48.374710875251495],[-107.2805378734088,48.37472887609269],[-107.28047066743595,48.37472569482981]],[[-107.28054494880105,48.37473766101549],[-107.28055138286365,48.374733060957375],[-107.2805378734088,48.37472887609269],[-107.28054494880105,48.37473766101549]]]]}"
00000000000000002012,1332,0,0,0,"{""type"":""MultiPolygon"",""coordinates"":[[[[-107.28086705771807,48.37444542769869],[-107.28073211465158,48.37457759390356],[-107.28073963261133,48.374595325906334],[-107.28075348806928,48.374604004223585],[-107.28078812733989,48.374630090071875],[-107.28082118837177,48.374620514557336],[-107.28083426109957,48.37461128280955],[-107.28087399981368,48.37460161651484],[-107.28086024664792,48.37459292240818],[-107.2808596051981,48.37457953746997],[-107.2808586683088,48.37455726109056],[-107.28087753356156,48.37453004436157],[-107.2809174710905,48.37452481588031],[-107.28095137242481,48.37453306307793],[-107.28097726132475,48.37451024905209],[-107.28086705771807,48.37444542769869]],[[-107.28088367212185,48.37451655286298],[-107.28089664246593,48.3745073369342],[-107.2808765966595,48.374507768003326],[-107.28088367212185,48.37451655286298]],[[-107.28086887974575,48.37448559823009],[-107.28086274118738,48.37449908971985],[-107.2808765966595,48.374507768003326],[-107.28086887974575,48.37448559823009]],[[-107.28085016861893,48.37451718127082],[-107.2808572440745,48.374525966134144],[-107.28087025920843,48.37451682168473],[-107.28085016861893,48.37451718127082]]],[[[-107.28077084022785,48.37469296822543],[-107.28075668931936,48.37467539843189],[-107.28073659866808,48.37467575799686],[-107.28070151689286,48.374640724977574],[-107.28068770622549,48.3746321181245],[-107.28068082967238,48.37462777105467],[-107.28041108762619,48.37489215973115],[-107.28045810079972,48.374895716357045],[-107.28051333075967,48.3749303028311],[-107.28052708390794,48.374938997042875],[-107.28066841812979,48.37480215863229],[-107.28061422717863,48.374789832997614],[-107.28061368816172,48.3747764321978],[-107.28059987748095,48.37476782531054],[-107.2805861243638,48.37475913113632],[-107.28058528416393,48.3747413083172],[-107.28061126986118,48.37472294793458],[-107.2806380957656,48.37472241035745],[-107.28065150872051,48.37472214156602],[-107.28066492167723,48.37472187277266],[-107.28069164525769,48.374721350988395],[-107.28073188414953,48.37472054458537],[-107.2807455925263,48.37472916725341],[-107.28078445206972,48.37469713724504],[-107.28077084022785,48.37469296822543]]]]}"
00000000000000001ffd,1333,0,0,0,"{""type"":""MultiPolygon"",""coordinates"":[[[[-107.28081933512073,48.37472773243474],[-107.28079800636183,48.37470139354909],[-107.28078445206972,48.37469713724504],[-107.2807455925263,48.37472916725341],[-107.28082759113195,48.37476330310257],[-107.28086802901578,48.37476693447438],[-107.28088727939706,48.37474875206414],[-107.280893373215,48.37473518903065],[-107.28081933512073,48.37472773243474]]],[[[-107.28075631175028,48.37481829370488],[-107.2806887077014,48.37480623691858],[-107.28066841812979,48.37480215863229],[-107.28052708390794,48.374938997042875],[-107.28054797004988,48.374956388925106],[-107.28058191633043,48.37496470779404],[-107.28060903777364,48.37497306173336],[-107.28062309216999,48.374986177983445],[-107.28063660173797,48.37499036285348],[-107.28078451713777,48.37484897973621],[-107.28075631175028,48.37481829370488]]],[[[-107.28103238921281,48.37454485077948],[-107.28097726132475,48.37451024905209],[-107.28095137242481,48.37453306307793],[-107.2809786408791,48.3745414725173],[-107.28098729484314,48.37458591868173],[-107.28096164957371,48.37461324204342],[-107.28094338101172,48.37465377230597],[-107.28095713423076,48.374662466409305],[-107.28095757681477,48.37467141353985],[-107.28097118869827,48.37467558253027],[-107.2810867791222,48.37456161393745],[-107.28103238921281,48.37454485077948]]]]}"
00000000000000002022,1334,0,0,0,"{""type"":""MultiPolygon"",""coordinates"":[[[[-107.28086802901578,48.37476693447438],[-107.28088158335477,48.374771190771035],[-107.28088727939706,48.37474875206414],[-107.28086802901578,48.37476693447438]]],[[[-107.2810867791222,48.37456161393745],[-107.28097118869827,48.37467558253027],[-107.28098480058684,48.374679751518954],[-107.28099855383094,48.37468844561997],[-107.28101196682475,48.37468817677741],[-107.2810936557425,48.37456596097114],[-107.2810867791222,48.37456161393745]]],[[[-107.28078495967691,48.3748579269],[-107.28078451713777,48.37484897973621],[-107.28063660173797,48.37499036285348],[-107.2807053864893,48.375029205617004],[-107.28075957786724,48.37504153124482],[-107.28076645450732,48.37504587834055],[-107.28087973022471,48.37487840894959],[-107.28078495967691,48.3748579269]]]]}"
00000000000000002024,1335,0,0,0,"{""type"":""MultiPolygon"",""coordinates"":[[[[-107.28096242264823,48.374930311964604],[-107.2809339215506,48.374890734445565],[-107.28087973022471,48.37487840894959],[-107.28076645450732,48.37504587834055],[-107.28079426230529,48.37506768877365],[-107.28084197492558,48.37508454298757],[-107.28085592713936,48.37509767503556],[-107.28088299705693,48.37510164671894],[-107.28098251348591,48.37492995234597],[-107.28096242264823,48.374930311964604]]],[[[-107.28117541092931,48.37459558711435],[-107.28116199794582,48.374595855978995],[-107.28113443384946,48.37457855514092],[-107.2810936557425,48.37456596097114],[-107.28101196682475,48.37468817677741],[-107.28102537982036,48.374687907932945],[-107.28104685014404,48.3747187718726],[-107.28109902021286,48.37468648870586],[-107.28115728393855,48.37464064250829],[-107.28118208864473,48.37459549632442],[-107.28117541092931,48.37459558711435]]]]}"
0000000000000000201c,1336,0,0,0,"{""type"":""MultiPolygon"",""coordinates"":[[[[-107.28121643284915,48.374612690551885],[-107.28118208864473,48.37459549632442],[-107.28115728393855,48.37464064250829],[-107.28117777251481,48.37464915850062],[-107.28119280896381,48.374684622475954],[-107.28121211676269,48.37466635274584],[-107.28122690953825,48.37469730742074],[-107.28121511997377,48.37473330916896],[-107.28122195186404,48.37473758472838],[-107.28122927119087,48.37475087890628],[-107.2812358075589,48.37474626299326],[-107.28131076080624,48.37462422495947],[-107.28121643284915,48.374612690551885]]],[[[-107.28107428159609,48.374883477508696],[-107.2810550759741,48.374901731480996],[-107.28100933964576,48.37492941465667],[-107.28098251348591,48.37492995234597],[-107.28088299705693,48.37510164671894],[-107.28095069840003,48.37511815708921],[-107.28097162971571,48.37513562040633],[-107.28099191956773,48.37513969864701],[-107.28097202751276,48.37514449613792],[-107.28096593363564,48.37515805928203],[-107.28099329910357,48.375170922481146],[-107.28111158417393,48.37496755711151],[-107.28109035735709,48.37494120237359],[-107.28110922271273,48.37491398540049],[-107.28113619026249,48.37491797280832],[-107.28116119413207,48.37487726423166],[-107.28107428159609,48.374883477508696]]]]}"
00000000000000001f47,1337,0,0,0,"{""type"":""MultiPolygon"",""coordinates"":[[[[-107.28118782137781,48.37487228865017],[-107.28116119413207,48.37487726423166],[-107.28113619026249,48.37491797280832],[-107.28117642955748,48.37491716620599],[-107.28118974032013,48.37491691314352],[-107.28120315342387,48.37491664427034],[-107.28122953698886,48.3749071593495],[-107.28125680585691,48.374915568758475],[-107.28126270066282,48.37489756781681],[-107.28118782137781,48.37487228865017]]],[[[-107.28122684430281,48.37499655489306],[-107.28119294239039,48.37498830773556],[-107.28111202679203,48.374976504291695],[-107.28111158417393,48.37496755711151],[-107.28099329910357,48.375170922481146],[-107.28102076693827,48.37518376986617],[-107.28104061423467,48.37517890088259],[-107.28105540699929,48.37520985588179],[-107.28112355135917,48.37523531337759],[-107.28114147983003,48.37518581960838],[-107.28122684430281,48.37499655489306]],[[-107.28112806663754,48.37518608847656],[-107.28112850925687,48.37519503569332],[-107.28114147983003,48.37518581960838],[-107.28112806663754,48.37518608847656]],[[-107.28106012126719,48.37516506887267],[-107.28108728788904,48.37517349417681],[-107.28111367163905,48.37516400923738],[-107.28106615756249,48.375151593008574],[-107.28106012126719,48.37516506887267]]],[[[-107.2812970746639,48.374767373120434],[-107.28132379845637,48.374766851154575],[-107.28133583167426,48.37473535867994],[-107.28137836519976,48.37463628125833],[-107.28137168746287,48.37463637206251],[-107.28131076080624,48.37462422495947],[-107.2812358075589,48.37474626299326],[-107.28125545569874,48.374736956179945],[-107.2812695103439,48.374750072271105],[-107.28128282105963,48.374749819197724],[-107.28128321893787,48.37475869486173],[-107.28129663199756,48.374758425977426],[-107.2812970746639,48.374767373120434]],[[-107.28132232201216,48.3747311739306],[-107.28132261756137,48.37474006539997],[-107.28133583167426,48.37473535867994],[-107.28132232201216,48.3747311739306]],[[-107.2813098461167,48.3747537192592],[-107.28129599039048,48.374745041004566],[-107.28129663199756,48.374758425977426],[-107.2813098461167,48.3747537192592]]]]}"
00000000000000002003,1338,0,0,0,"{""type"":""MultiPolygon"",""coordinates"":[[[[-107.28114815764941,48.37518572881717],[-107.28112355135917,48.37523531337759],[-107.28115789607591,48.375252507819354],[-107.28117612002424,48.37521190557812],[-107.28122323641367,48.375215446019986],[-107.28121551915928,48.37519327598891],[-107.28114815764941,48.37518572881717]]],[[[-107.28133555864837,48.37487823825112],[-107.28128308708384,48.37490609963196],[-107.28126270066282,48.37489756781681],[-107.28125680585691,48.374915568758475],[-107.28131109419043,48.374932347695605],[-107.281376876574,48.374904233196006],[-107.28139028969973,48.37490396429622],[-107.28140252187934,48.37487690957346],[-107.28133555864837,48.37487823825112]]],[[[-107.28114815764941,48.37518572881717],[-107.28116746574686,48.37516745891673],[-107.28119483135266,48.375180322057226],[-107.28122853450782,48.37518413137108],[-107.28123580912406,48.37519735417965],[-107.28128312446813,48.37520533246027],[-107.28135507524478,48.37501633646163],[-107.28134156547854,48.37501215169557],[-107.28124713416602,48.375000633068936],[-107.28122684430281,48.37499655489306],[-107.28114815764941,48.37518572881717]]],[[[-107.28137836519976,48.37463628125833],[-107.28133583167426,48.37473535867994],[-107.28132379845637,48.374766851154575],[-107.28133721152477,48.37476658226434],[-107.2813368711875,48.374757619313],[-107.28135018191549,48.37475736622995],[-107.28135632038229,48.374743874646015],[-107.28138314651352,48.37474333685497],[-107.28138230592289,48.374725514058014],[-107.28140868935375,48.374716029125395],[-107.28138112498314,48.37469872832603],[-107.2814418528716,48.37470643756923],[-107.28141640667022,48.374738198940925],[-107.28145624796842,48.37472851656726],[-107.2814801670377,48.37466547598491],[-107.28137836519976,48.37463628125833]]]]}"
00000000000000001f45,1339,0,0,0,"{""type"":""MultiPolygon"",""coordinates"":[[[[-107.28150045680864,48.37466955408432],[-107.2814801670377,48.37466547598491],[-107.28145624796842,48.37472851656726],[-107.28147609505417,48.37472364754066],[-107.28148950812856,48.37472337862925],[-107.28151633428278,48.37472284080066],[-107.28154345604727,48.374731194430254],[-107.28159091245847,48.37474369761471],[-107.28161473470607,48.37467620335233],[-107.28150045680864,48.37466955408432]]],[[[-107.28143565086752,48.37501917670556],[-107.28135507524478,48.37501633646163],[-107.28128312446813,48.37520533246027],[-107.28132346073876,48.37520897946116],[-107.28134483503567,48.37523538994021],[-107.28135171182271,48.37523973700615],[-107.2813865512404,48.375270260793855],[-107.28139976555033,48.37526555401324],[-107.28148320988366,48.37503166419491],[-107.28143565086752,48.37501917670556]]],[[[-107.2815539783116,48.37481588290917],[-107.28153324572033,48.37480285766441],[-107.28151943467566,48.37479425091424],[-107.28149271080797,48.37479477293667],[-107.28146018886929,48.37481774951364],[-107.28144063730974,48.37483151003038],[-107.28142830855428,48.37485411108509],[-107.2814289502079,48.374867496083276],[-107.28142948952213,48.37488089689387],[-107.28140252187934,48.37487690957346],[-107.28139028969973,48.37490396429622],[-107.2814306704897,48.37490768271609],[-107.28146948515541,48.37487558084805],[-107.28148131935123,48.374839650454156],[-107.2815004281934,48.37481694277645],[-107.28156105403897,48.37482466776302],[-107.28156085506647,48.374820229926755],[-107.2815539783116,48.37481588290917]]]]}"
00000000000000001f2d,1340,0,0,0,"{""type"":""GeometryCollection"",""geometries"":[{""type"":""LineString"",""coordinates"":[[-107.28156775789597,48.37482453583508],[-107.28156106016405,48.374824668729715],[-107.2815608606918,48.37482020649965]]},{""type"":""Polygon"",""coordinates"":[[[-107.28161124247059,48.37504700756378],[-107.28148984291424,48.37503150190235],[-107.28148320988366,48.37503166419491],[-107.28139976555033,48.37526555401324],[-107.28140644340264,48.37526546320311],[-107.28144624049372,48.375255709244875],[-107.28148603758125,48.375245955272035],[-107.2815398320647,48.375249404738746],[-107.28161787551281,48.37504684526204],[-107.28161124247059,48.37504700756378]]]},{""type"":""Polygon"",""coordinates"":[[[-107.28165511537387,48.374679921665106],[-107.28161473470607,48.37467620335233],[-107.28159091245847,48.37474369761471],[-107.2815978915471,48.37474802881472],[-107.28161204301065,48.37476559849428],[-107.28162589886672,48.3747742767034],[-107.28162643825537,48.37478767748757],[-107.28166859715233,48.37483149507754],[-107.28164948836888,48.37485420279339],[-107.2816018327921,48.37483726177923],[-107.28158154289729,48.374833183691536],[-107.28158886239761,48.374846477861496],[-107.28161726773311,48.37488160148089],[-107.2816188915823,48.37491733446239],[-107.28163220240756,48.37491708133706],[-107.2816456155742,48.37491681240053],[-107.28165902874268,48.3749165434621],[-107.28167219814159,48.374911765200714],[-107.28176295953735,48.374691170877846],[-107.28165511537387,48.374679921665106]]]}]}"
00000000000000001f28,1341,0,0,0,"{""type"":""MultiPolygon"",""coordinates"":[[[[-107.28170577104385,48.37506297949198],[-107.28169181840906,48.37504984758659],[-107.28167132938574,48.37504133165114],[-107.28161787551281,48.37504684526204],[-107.2815398320647,48.375249404738746],[-107.28161387192786,48.37525686080776],[-107.28167479990698,48.375269007829296],[-107.28175288757392,48.37506651966075],[-107.28170577104385,48.37506297949198]]],[[[-107.28176979152515,48.374695446392465],[-107.28176295953735,48.374691170877846],[-107.28167219814159,48.374911765200714],[-107.28168541232492,48.37490705841568],[-107.28171257909494,48.374915483498555],[-107.28175281863282,48.374914676648785],[-107.28175335806493,48.37492807746642],[-107.28171415824974,48.3749511450211],[-107.28172757144037,48.37495087607237],[-107.28178038344092,48.37493197740055],[-107.28180701082715,48.37492700163884],[-107.2818313723529,48.37487290789806],[-107.28182385373738,48.37485517590497],[-107.28183706790287,48.37485046910453],[-107.28188549500098,48.374733390353995],[-107.28176979152515,48.374695446392465]],[[-107.28179402313195,48.374788757293494],[-107.28174917268025,48.37483433505116],[-107.28174961545697,48.37484328220203],[-107.2817439198612,48.3748657209885],[-107.28170353894427,48.37486200270639],[-107.28169130694923,48.374889057455206],[-107.28175193307965,48.37489678232461],[-107.28175762867778,48.37487434352453],[-107.2817970273999,48.37485571382537],[-107.28182861181499,48.374810460658374],[-107.28179402313195,48.374788757293494]]]]}"
00000000000000001f43,1342,0,0,0,"{""type"":""MultiPolygon"",""coordinates"":[[[[-107.2818313723529,48.37487290789806],[-107.28180701082715,48.37492700163884],[-107.28184027124935,48.37492186355367],[-107.2818313723529,48.37487290789806]]],[[[-107.28199481676434,48.3747803165129],[-107.28193310594284,48.374750259713316],[-107.28188549500098,48.374733390353995],[-107.28183706790287,48.37485046910453],[-107.28190329293608,48.37483130143949],[-107.28193793365429,48.374857386947895],[-107.28196529954424,48.37487024978701],[-107.28200803090566,48.37477560969619],[-107.28199481676434,48.3747803165129]]],[[[-107.28183989774934,48.37506475938842],[-107.28180000413762,48.37507005980579],[-107.28175288757392,48.37506651966075],[-107.28167479990698,48.375269007829296],[-107.28168147777968,48.37526891699953],[-107.28170240968737,48.37528638019188],[-107.28177031133596,48.375307327884386],[-107.28179758077552,48.375315737188565],[-107.28188721337528,48.37507273734465],[-107.28183989774934,48.37506475938842]]]]}"
00000000000000001f23,1343,0,0,0,"{""type"":""MultiPolygon"",""coordinates"":[[[[-107.28197584787803,48.37510671004081],[-107.28192116056594,48.37508105573566],[-107.28188721337528,48.37507273734465],[-107.28179758077552,48.375315737188565],[-107.28181787100134,48.375319815259175],[-107.28189126947372,48.37531388600665],[-107.28188209932787,48.37540781094282],[-107.28188961806096,48.375425543112186],[-107.28202256657698,48.37510137435942],[-107.28197584787803,48.37510671004081]]],[[[-107.28214195799572,48.374772951346394],[-107.28200803090566,48.37477560969619],[-107.28196549856567,48.37487468762535],[-107.28198643046987,48.3748921506268],[-107.28198009313607,48.37490120444369],[-107.28201517683898,48.3749362371186],[-107.28200883950153,48.374945290944964],[-107.28201601773394,48.37495405997275],[-107.28197760126008,48.37499503780129],[-107.28199239490326,48.37502599252725],[-107.28203985206979,48.37503849554003],[-107.28205851795319,48.375006840492794],[-107.2820450080052,48.37500265583096],[-107.28205070346749,48.374980216972396],[-107.28207624618717,48.374952908947115],[-107.28208803512068,48.37491690696096],[-107.28209481529956,48.374916800294166],[-107.28214869336523,48.374772773199375],[-107.28214195799572,48.374772951346394]]]]}"
00000000000000001f25,1344,0,0,0,"{""type"":""GeometryCollection"",""geometries"":[{""type"":""LineString"",""coordinates"":[[-107.28193496441011,48.3755407716517],[-107.28193516392012,48.375545233880054]]},{""type"":""Polygon"",""coordinates"":[[[-107.28211283917045,48.374871760319564],[-107.28209481529956,48.374916800294166],[-107.28212035795083,48.37488949229138],[-107.28211283917045,48.374871760319564]]]},{""type"":""Polygon"",""coordinates"":[[[-107.28208803512068,48.37491690696096],[-107.28207624618717,48.374952908947115],[-107.28209555389407,48.37493463894991],[-107.28208803512068,48.37491690696096]]]},{""type"":""Polygon"",""coordinates"":[[[-107.28216421274976,48.37512088584297],[-107.28208359141061,48.375117974750225],[-107.28203573605045,48.37509659602976],[-107.28202256657698,48.37510137435942],[-107.28188961806096,48.375425543112186],[-107.28193498150279,48.37554075635545],[-107.28216441179367,48.3751253237012],[-107.28216421274976,48.37512088584297]],[[-107.28196183545417,48.37539282772304],[-107.28194134612598,48.3753843117981],[-107.2819356505173,48.37540675082399],[-107.28196183545417,48.37539282772304]]]},{""type"":""Polygon"",""coordinates"":[[[-107.28222422922046,48.37496336646456],[-107.28225675109944,48.3749403895678],[-107.28226972145967,48.37493117338004],[-107.28233759663252,48.374800349382525],[-107.28232393955675,48.374796109108935],[-107.28214869336523,48.374772773199375],[-107.28211283917045,48.374871760319564],[-107.28216069433944,48.37489313891632],[-107.28216133626175,48.3749065239126],[-107.28216211967619,48.37492443404102],[-107.28215706620593,48.37496025789075],[-107.28222422922046,48.37496336646456]]]},{""type"":""Polygon"",""coordinates"":[[[-107.28221789191396,48.37497242030854],[-107.28217849308867,48.37499105022361],[-107.28215928771282,48.375009304447154],[-107.28211949076434,48.375019058651944],[-107.28205851795319,48.375006840492794],[-107.28203985206979,48.37503849554003],[-107.28206034126025,48.37504701139222],[-107.28205528766857,48.37508283532205],[-107.28212205274114,48.37507706826073],[-107.2821559552898,48.37508531508811],[-107.2821368465543,48.37510802300776],[-107.28215713678277,48.37511210099078],[-107.28216421274976,48.37512088584297],[-107.28217664360373,48.37509826877695],[-107.28217644455813,48.37509383092104],[-107.28218307764799,48.37509366857895],[-107.2822508567017,48.37495839057454],[-107.28222422922046,48.37496336646456],[-107.28221789191396,48.37497242030854]],[[-107.28215982729203,48.37502270528258],[-107.28217279769322,48.37501348909262],[-107.28215928771282,48.375009304447154],[-107.28215982729203,48.37502270528258]]]}]}"
00000000000000001f27,1345,0,0,0,"{""type"":""GeometryCollection"",""geometries"":[{""type"":""LineString"",""coordinates"":[[-107.28217682506195,48.375102751476085],[-107.2821766255339,48.37509828924815]]},{""type"":""Polygon"",""coordinates"":[[[-107.28248789827161,48.37486430651496],[-107.28246923274958,48.374895961551786],[-107.28246987478535,48.37490934654383],[-107.28250131154068,48.37486403745668],[-107.28248789827161,48.37486430651496]]]},{""type"":""Polygon"",""coordinates"":[[[-107.28221246638151,48.37515114022473],[-107.28217148776515,48.37513410855491],[-107.28216441179367,48.3751253237012],[-107.28193518051586,48.37554519424989],[-107.28199841443816,48.37561100070592],[-107.28229372988407,48.375167436265976],[-107.28221246638151,48.37515114022473]]]},{""type"":""Polygon"",""coordinates"":[[[-107.28233759663252,48.374800349382525],[-107.28226972145967,48.37493117338004],[-107.28234807601856,48.37488496635867],[-107.28236064820926,48.37486687449651],[-107.28238703178154,48.374857389266595],[-107.28238673597566,48.374848497787426],[-107.28239970628789,48.37483928159922],[-107.2824126765953,48.37483006541098],[-107.28233759663252,48.374800349382525]]]},{""type"":""Polygon"",""coordinates"":[[[-107.28236351199367,48.37492930595394],[-107.28225748977245,48.374958228228216],[-107.2822508567017,48.37495839057454],[-107.28218307764799,48.37509366857895],[-107.28218985786611,48.375093561904094],[-107.28217688743668,48.37510277811091],[-107.28216421274976,48.37512088584297],[-107.28221172773623,48.37513330149872],[-107.28225210922498,48.37513701957174],[-107.28229996487487,48.375158398193335],[-107.28246353753207,48.37491840039349],[-107.28236351199367,48.37492930595394]],[[-107.28224158526949,48.37505233070195],[-107.28222291947738,48.37508398580945],[-107.28227612982901,48.37507396251865],[-107.28224158526949,48.37505233070195]]]}]}"
00000000000000001f2b,1346,0,0,0,"{""type"":""MultiPolygon"",""coordinates"":[[[[-107.28239553489412,48.37519663023346],[-107.28242236164866,48.37519609213199],[-107.28261741541603,48.37491085627746],[-107.28259038971544,48.37490695658849],[-107.28250798939979,48.37486394657053],[-107.28250131154068,48.37486403745668],[-107.28246987478535,48.37490934654383],[-107.28247021539826,48.37491830950969],[-107.28246353753207,48.37491840039349],[-107.28229996487487,48.375158398193335],[-107.28238761777042,48.37517002246341],[-107.28239553489412,48.37519663023346]],[[-107.28248153622911,48.375020749517056],[-107.28246910554964,48.3750433665852],[-107.2824895949391,48.3750518823416],[-107.28250202561229,48.37502926526736],[-107.28248153622911,48.375020749517056]]],[[[-107.28232753027535,48.37517569885225],[-107.28229372988407,48.375167436265976],[-107.28199841443816,48.37561100070592],[-107.28201246976158,48.37562411688631],[-107.2819935596768,48.37565126291928],[-107.28203389681659,48.37565490963049],[-107.28208907271744,48.37568958289151],[-107.28223378398067,48.37547680042979],[-107.28220695707631,48.375477338485254],[-107.2822061736556,48.375459428171595],[-107.28224631165348,48.37545863689677],[-107.28241626819297,48.3752096553705],[-107.28239553489412,48.37519663023346],[-107.28232753027535,48.37517569885225]]]]}"
00000000000000001f2c,1347,0,0,0,"{""type"":""Polygon"",""coordinates"":[[[-107.28255118011974,48.3752293444622],[-107.2827521275644,48.37492610715427],[-107.28261741541603,48.37491085627746],[-107.28242236164866,48.37519609213199],[-107.28244265202014,48.37520017005785],[-107.28242314518313,48.375214002352536],[-107.28241626819297,48.3752096553705],[-107.28224655549293,48.37546314626087],[-107.28224719743555,48.37547653139917],[-107.28223378398067,48.37547680042979],[-107.28208907271744,48.37568958289151],[-107.28217147389861,48.37573259391281],[-107.28219884055508,48.375745456877176],[-107.28220517801633,48.37573640289925],[-107.28235612406066,48.37551458194448],[-107.28255118011974,48.3752293444622]],[[-107.28259561752841,48.375022959751156],[-107.28256191386478,48.37501915094111],[-107.28256923382612,48.3750324450711],[-107.28259561752841,48.375022959751156]],[[-107.28255655930292,48.375050552826856],[-107.2825362689733,48.375046474935424],[-107.28254358892775,48.37505976907435],[-107.28255655930292,48.375050552826856]],[[-107.28255118011974,48.3752293444622],[-107.28249050795901,48.37522154860257],[-107.28251831742526,48.37524335856642],[-107.28255118011974,48.3752293444622]],[[-107.28235612406066,48.37551458194448],[-107.28234256906718,48.37551032581302],[-107.28234310870239,48.37552372677194],[-107.28235612406066,48.37551458194448]],[[-107.28223930631253,48.37560169648824],[-107.28225271981346,48.37560142745506],[-107.28223901055495,48.37559280488325],[-107.28223930631253,48.37560169648824]],[[-107.28223930631253,48.37560169648824],[-107.28221945867678,48.37560656576657],[-107.28223331506248,48.3756152440116],[-107.28223930631253,48.37560169648824]],[[-107.28232103941185,48.37547954903795],[-107.28228733546943,48.375475740106054],[-107.28226822656075,48.37549844822254],[-107.28225585314456,48.375520978184746],[-107.28232242007,48.375510773023606],[-107.28231490108075,48.375493040866246],[-107.28232103941185,48.37547954903795]]]}"
00000000000000001f34,1348,0,0,0,"{""type"":""Polygon"",""coordinates"":[[[-107.28263991858621,48.3752633007942],[-107.28264753448308,48.375285486525605],[-107.28268817303469,48.375293554997235],[-107.2829905722477,48.37501070605812],[-107.28294247208504,48.37498481853445],[-107.28278583123534,48.374929915890796],[-107.2827521275644,48.37492610715427],[-107.28255118011974,48.3752293444622],[-107.28220517801633,48.37573640289925],[-107.28266886528732,48.37531182523753],[-107.2826345192406,48.375294631350286],[-107.28259967829138,48.37526410803984],[-107.28263991858621,48.3752633007942]],[[-107.28263991858621,48.3752633007942],[-107.28265308813026,48.37525852236366],[-107.28264590964486,48.37524975333978],[-107.28263991858621,48.3752633007942]],[[-107.28268864013037,48.37515511229482],[-107.28262167548374,48.37515644191138],[-107.28262241432883,48.37517428063693],[-107.28268948134935,48.37517293520805],[-107.28268864013037,48.37515511229482]],[[-107.28259967829138,48.37526410803984],[-107.28261834394672,48.3752324527557],[-107.28258444098971,48.37522420607901],[-107.28257166964507,48.37523786022737],[-107.28253900603163,48.375256312208265],[-107.28259967829138,48.37526410803984]]]}"
00000000000000001f33,1349,0,0,0,"{""type"":""MultiPolygon"",""coordinates"":[[[[-107.28306643754264,48.375058331811175],[-107.2829905722477,48.37501070605812],[-107.28268817303469,48.375293554997235],[-107.28268851369515,48.37530251802571],[-107.28272241678434,48.37531076467445],[-107.28274250820493,48.37531040467058],[-107.28275631990122,48.3753190113118],[-107.28278348753028,48.37532743613528],[-107.28279729924832,48.37533604277282],[-107.28281105342212,48.37534473669793],[-107.28305662813464,48.37513887128978],[-107.28305504767634,48.375103209696746],[-107.28307415604232,48.375080501605936],[-107.28306643754264,48.375058331811175]]],[[[-107.28277135832907,48.375354475435614],[-107.28273067486745,48.37534633551529],[-107.28266886528732,48.37531182523753],[-107.28220517801633,48.37573640289925],[-107.28219884055508,48.375745456877176],[-107.2822873804826,48.375774975938015],[-107.28240391012162,48.375683280178485],[-107.28241692553372,48.37567413531406],[-107.28241004846502,48.37566978829605],[-107.28241574387356,48.3756473491364],[-107.28240094961298,48.37561639413047],[-107.28244880601785,48.37563777285106],[-107.28242969708,48.375660481069396],[-107.28278506771015,48.37536309788983],[-107.28277135832907,48.375354475435614]]]]}"
00000000000000001f36,1350,0,0,0,"{""type"":""MultiPolygon"",""coordinates"":[[[[-107.28305662813464,48.37513887128978],[-107.28281105342212,48.37534473669793],[-107.2828114964536,48.37535368392311],[-107.28285203284652,48.37536176814188],[-107.28287964360449,48.375379140171724],[-107.28291394514332,48.37539626251382],[-107.2829981946719,48.37533205336514],[-107.28300196855417,48.37526498959246],[-107.2830281532961,48.37525106624297],[-107.2830661710464,48.37520121208734],[-107.28305662813464,48.37513887128978]]],[[[-107.2822873804826,48.375774975938015],[-107.28234167112262,48.37579175450504],[-107.28242932554797,48.375803378836395],[-107.28287532964083,48.37543280315808],[-107.28286201845448,48.37543305646718],[-107.2828397045478,48.37538436959087],[-107.2827989242303,48.375371776010276],[-107.28278506771015,48.37536309788983],[-107.28242969708,48.375660481069396],[-107.28241692553372,48.37567413531406],[-107.28240391012162,48.375683280178485],[-107.2822873804826,48.375774975938015]],[[-107.28260066391547,48.37558561937226],[-107.28261545836597,48.37561657432476],[-107.28263490784684,48.37560282917032],[-107.28260066391547,48.37558561937226]],[[-107.28241103104999,48.37569213658057],[-107.28245082879117,48.37568238211182],[-107.28240391012162,48.375683280178485],[-107.28241103104999,48.37569213658057]]]]}"
00000000000000001f31,1351,0,0,0,"{""type"":""Polygon"",""coordinates"":[[[-107.28302030965507,48.375376302276116],[-107.28299962070723,48.37536334871738],[-107.2829981946719,48.37533205336514],[-107.2829141890661,48.375400771868826],[-107.28292146445416,48.37541399458397],[-107.28296322784605,48.37544893628705],[-107.28287532964083,48.37543280315808],[-107.28242932554797,48.375803378836395],[-107.2824766425368,48.375811356578446],[-107.28259072625595,48.37581356678981],[-107.28306247144982,48.37542011966501],[-107.28302030965507,48.375376302276116]],[[-107.28266725873786,48.37572718728005],[-107.28264701279775,48.37572318084861],[-107.28264053387153,48.375727709656076],[-107.2826141496478,48.37573719512695],[-107.28263483856735,48.375750148860234],[-107.28266725873786,48.37572718728005]],[[-107.28262598324638,48.375701264026546],[-107.28260569254492,48.37569718610941],[-107.28259955425374,48.37571067800995],[-107.28257980327382,48.37572000109127],[-107.28261350757532,48.37572380992894],[-107.28262598324638,48.375701264026546]]]}"
00000000000000001f2f,1352,0,0,0,"{""type"":""Polygon"",""coordinates"":[[[-107.28306934860163,48.37542446661387],[-107.28306247144982,48.37542011966501],[-107.28259072625595,48.37581356678981],[-107.28265793595766,48.37581674654058],[-107.28268078953357,48.375878834899396],[-107.2826811877368,48.37588771073735],[-107.28313971904012,48.37549896965257],[-107.28311913230134,48.375486000282],[-107.28313224438367,48.37548130905233],[-107.28315907155375,48.37548077073182],[-107.28319788612113,48.37544866782316],[-107.28306934860163,48.37542446661387]]]}"
00000000000000001f30,1353,0,0,0,"{""type"":""MultiPolygon"",""coordinates"":[[[[-107.28320187597623,48.3755379732757],[-107.28316025376743,48.3755075568026],[-107.28313971904012,48.37549896965257],[-107.2826811877368,48.37588771073735],[-107.28271082180173,48.375949692453105],[-107.28273912694814,48.37598483222403],[-107.28324285596261,48.375555004600486],[-107.28324909086288,48.37554596640285],[-107.28320187597623,48.3755379732757]]],[[[-107.28324909086288,48.37554596640285],[-107.2832558264508,48.37554578817014],[-107.28332047237858,48.37549095739515],[-107.28332022840586,48.3754864480348],[-107.28329953922675,48.375473494519724],[-107.28327197286775,48.37545619406723],[-107.28319788612113,48.37544866782316],[-107.28315907155375,48.37548077073182],[-107.2832467263079,48.375492394241554],[-107.2832546441685,48.37551900208307],[-107.28324909086288,48.37554596640285]]]]}"
00000000000000001f39,1354,0,0,0,"{""type"":""MultiPolygon"",""coordinates"":[[[[-107.28331990516153,48.37562941672786],[-107.28323770098405,48.3755908447209],[-107.28324285596261,48.375555004600486],[-107.28273912694814,48.37598483222403],[-107.2828165737425,48.376068121238006],[-107.28332678239948,48.37563376367319],[-107.28331990516153,48.37562941672786]]],[[[-107.28338921807831,48.375529726979465],[-107.2833754060645,48.37552112040322],[-107.28336154926839,48.37551244234857],[-107.28334096239423,48.375499473025684],[-107.28332047237858,48.37549095739515],[-107.2832558264508,48.37554578817014],[-107.28330230222043,48.375535942431576],[-107.28335134187671,48.37558410675168],[-107.28336559706786,48.375601660602086],[-107.28341702856342,48.37555153678352],[-107.28341682936984,48.3755470988962],[-107.28338921807831,48.375529726979465]]]]}"
00000000000000001f35,1355,0,0,0,"{""type"":""MultiPolygon"",""coordinates"":[[[[-107.28343805869147,48.375573453356324],[-107.28341702856342,48.37555153678352],[-107.28336559706786,48.375601660602086],[-107.28337311666391,48.375619392698006],[-107.28344918313402,48.375671456539884],[-107.28351372681031,48.375616641314835],[-107.28343805869147,48.375573453356324]]],[[[-107.28339532916978,48.37566809545271],[-107.283381375469,48.37565496367056],[-107.28336776260147,48.37565079496986],[-107.2833538089206,48.37563766318746],[-107.28332678239948,48.37563376367319],[-107.2828165737425,48.376068121238006],[-107.28282379721021,48.37607696185749],[-107.28291991042887,48.37612859505286],[-107.2834363094708,48.37568512672861],[-107.28339532916978,48.37566809545271]]]]}"
00000000000000001f3b,1356,0,0,0,"{""type"":""Polygon"",""coordinates"":[[[-107.28359667088857,48.37567305196257],[-107.28357583979151,48.375655573283304],[-107.28355534958584,48.37564705768272],[-107.28352070642651,48.37562097243276],[-107.28351372681031,48.375616641314835],[-107.28344918313402,48.375671456539884],[-107.28346293767666,48.375680150417054],[-107.28344308988817,48.375685019959114],[-107.2834363094708,48.37568512672861],[-107.28291991042887,48.37612859505286],[-107.28294752177331,48.37614596729823],[-107.28303591682283,48.37617543016655],[-107.28361048304068,48.37568165852804],[-107.28361028382442,48.37567722063086],[-107.28359667088857,48.37567305196257]]]}"
00000000000000001ef3,1357,0,0,0,"{""type"":""Polygon"",""coordinates"":[[[-107.28365289013199,48.37572998525517],[-107.28365224767717,48.3757166000756],[-107.28363849304856,48.375707906221756],[-107.28361048304068,48.37568165852804],[-107.28303591682283,48.37617543016655],[-107.28311747959026,48.37620061743792],[-107.28316479758733,48.37620859487505],[-107.28369431397773,48.375755963716635],[-107.28365289013199,48.37572998525517]]]}"
00000000000000001f38,1358,0,0,0,"{""type"":""Polygon"",""coordinates"":[[[-107.2837699381692,48.37579908012158],[-107.28369431397773,48.375755963716635],[-107.28316479758733,48.37620859487505],[-107.2833131284921,48.37622801396178],[-107.2837975499435,48.37581645200448],[-107.2837699381692,48.37579908012158]]]}"
00000000000000001f3d,1359,0,0,0,"{""type"":""Polygon"",""coordinates"":[[[-107.28388594574606,48.37584591388981],[-107.2837975499435,48.37581645200448],[-107.2833131284921,48.37622801396178],[-107.28332654237246,48.376227744765956],[-107.28350685642172,48.37621078458546],[-107.28392663052082,48.37585405336411],[-107.28388594574606,48.37584591388981]],[[-107.28385946448628,48.3758509460046],[-107.28382595871669,48.375851575523],[-107.28383347860968,48.37586930765849],[-107.28385946448628,48.3758509460046]]]}"
00000000000000001f0c,1360,0,0,0,"{""type"":""Polygon"",""coordinates"":[[[-107.2840101163401,48.37592386490348],[-107.28399616223933,48.375910733157724],[-107.28400141352347,48.37587934652097],[-107.28396696893687,48.375857699245536],[-107.28392663052082,48.37585405336411],[-107.28350685642172,48.37621078458546],[-107.28354011840699,48.37620564574867],[-107.28370548980863,48.37615767442051],[-107.2837644417811,48.376125282108525],[-107.28377127439887,48.376129557579915],[-107.28399714578858,48.37593308150258],[-107.2840101163401,48.37592386490348]],[[-107.28399714578858,48.37593308150258],[-107.2839835902113,48.375928825583955],[-107.28398393117972,48.37593778870684],[-107.28399714578858,48.37593308150258]]]}"
00000000000000001f09,1361,0,0,0,"{""type"":""Polygon"",""coordinates"":[[[-107.28413147844398,48.375939295977126],[-107.28407129186509,48.375940519863775],[-107.2840239735317,48.37593254292156],[-107.2840101163401,48.37592386490348],[-107.28377127439887,48.376129557579915],[-107.2837782541555,48.37613388871725],[-107.2838334334242,48.37616856120298],[-107.28383501458453,48.376204223478084],[-107.28384876946131,48.37621291737844],[-107.28415874958517,48.37594770466791],[-107.28413147844398,48.375939295977126]]]}"
00000000000000001f0a,1362,0,0,0,"{""type"":""MultiPolygon"",""coordinates"":[[[[-107.2838159827102,48.37637877875551],[-107.28379475262876,48.37635242400001],[-107.28381008866644,48.3763967803346],[-107.28384216821294,48.376364854874055],[-107.2838159827102,48.37637877875551]]],[[[-107.2842544671882,48.37599046048748],[-107.28423353312147,48.37597299767505],[-107.28421294550367,48.375960028445746],[-107.28415874958517,48.37594770466791],[-107.28384876946131,48.37621291737844],[-107.28386926010043,48.37622143299587],[-107.28388331658704,48.376234549023344],[-107.28391722122309,48.376242795355566],[-107.28397131499165,48.37625513514518],[-107.2842678811162,48.37599019116026],[-107.2842544671882,48.37599046048748]]]]}"
00000000000000001f3f,1363,0,0,0,"{""type"":""MultiPolygon"",""coordinates"":[[[[-107.28433529183695,48.37599780762503],[-107.28430178576512,48.3759984373187],[-107.2842678811162,48.37599019116026],[-107.28397131499165,48.37625513514518],[-107.28397805075934,48.376254956854915],[-107.28398537154183,48.3762682511644],[-107.28401200026335,48.37626327463321],[-107.28408678419143,48.376288567894335],[-107.28410747425197,48.37630152141565],[-107.28436949280135,48.37601494541407],[-107.28433529183695,48.37599780762503]]],[[[-107.28399822053251,48.37640644317036],[-107.28397911176926,48.37642915201974],[-107.28395828001543,48.37641167319212],[-107.28393125269346,48.37640777381151],[-107.28392491540018,48.37641682801302],[-107.28390432773067,48.37640385861095],[-107.28391749771716,48.3763990798937],[-107.28390344115677,48.37638596383262],[-107.2838699796801,48.3763866648638],[-107.28390775393522,48.37633229987071],[-107.28384216821294,48.376364854874055],[-107.28381008866644,48.3763967803346],[-107.28381073116589,48.37641016568276],[-107.28384130645914,48.37649442469815],[-107.28388366998738,48.37654268055036],[-107.28400509803654,48.37641079012375],[-107.28399822053251,48.37640644317036]],[[-107.28387888162645,48.37643562164344],[-107.28388595835695,48.37644440656759],[-107.28389892911187,48.376435189889946],[-107.28387888162645,48.37643562164344]]]]}"
00000000000000001f0b,1364,0,0,0,"{""type"":""MultiPolygon"",""coordinates"":[[[[-107.28445150076924,48.37604907875724],[-107.28441051915432,48.37603204783123],[-107.28436949280135,48.37601494541407],[-107.28410747425197,48.37630152141565],[-107.28414182242861,48.37631871504725],[-107.28416879222016,48.37632270165237],[-107.28418280410077,48.37633574617796],[-107.2842235865421,48.376348339345206],[-107.28448560490098,48.37606176278026],[-107.28445150076924,48.37604907875724]]],[[[-107.2841339818536,48.376443953601644],[-107.28413378257885,48.37643951564358],[-107.28406087583909,48.3764587765186],[-107.28406701385039,48.3764452843425],[-107.2840596930036,48.37643198999672],[-107.28403276797144,48.376428074832106],[-107.28403900290266,48.37641903643444],[-107.28400509803654,48.37641079012375],[-107.28388366998738,48.37654268055036],[-107.28389762424554,48.37655581246412],[-107.28393355370206,48.37660866879372],[-107.28396779965529,48.37662587839586],[-107.28411467385062,48.37646222453313],[-107.2841339818536,48.376443953601644]],[[-107.28410111805503,48.37645796859436],[-107.284101459044,48.37646693180526],[-107.28411467385062,48.37646222453313],[-107.28410111805503,48.37645796859436]]]]}"
00000000000000001f08,1365,0,0,0,"{""type"":""MultiPolygon"",""coordinates"":[[[[-107.28460107464116,48.376095194776575],[-107.28451985084192,48.37607897200946],[-107.28448560490098,48.37606176278026],[-107.2842235865421,48.376348339345206],[-107.28423714233145,48.3763525952581],[-107.28425803180289,48.376369986710806],[-107.2843461782355,48.376390628184794],[-107.28460795220802,48.376099541659855],[-107.28460107464116,48.376095194776575]]],[[[-107.28420179182719,48.376460446125556],[-107.284141058666,48.37645273850632],[-107.2841339818536,48.376443953601644],[-107.28396779965529,48.37662587839586],[-107.28407114100239,48.37668635148745],[-107.2842563295442,48.376481733189976],[-107.2842425744163,48.37647303931046],[-107.28423505420085,48.37645530701435],[-107.28420866938,48.37646479306755],[-107.28420179182719,48.376460446125556]],[[-107.28418857701946,48.376465153409555],[-107.2842023321237,48.376473847296104],[-107.28420866938,48.37646479306755],[-107.28418857701946,48.376465153409555]]]]}"
00000000000000001f56,1366,0,0,0,"{""type"":""MultiPolygon"",""coordinates"":[[[[-107.28460795220802,48.376099541659855],[-107.2843461782355,48.376390628184794],[-107.28435968927843,48.37639481260434],[-107.28446194494774,48.37643295226085],[-107.28463466115124,48.3762464110564],[-107.28458046442975,48.37623408747051],[-107.28454557552791,48.376203492929804],[-107.28456586715185,48.37620757045273],[-107.28459323570121,48.37622043280191],[-107.28465376954702,48.376223702163834],[-107.28472386582175,48.37614192086017],[-107.28460795220802,48.376099541659855]]],[[[-107.28430320535412,48.37648076267814],[-107.28428905162137,48.3764631928871],[-107.284275637519,48.37646346222408],[-107.28426974365046,48.376481463855505],[-107.2842563295442,48.376481733189976],[-107.28407114100239,48.37668635148745],[-107.28409850956568,48.37669921409267],[-107.28418695272846,48.37672874760274],[-107.28438521418614,48.3765148963542],[-107.28436536585714,48.37651976617666],[-107.28433809419921,48.37651135746738],[-107.28429063321111,48.3764988553409],[-107.28430320535412,48.37648076267814]],[[-107.28427746318127,48.37650363411932],[-107.28428434075622,48.376507981058865],[-107.28429063321111,48.3764988553409],[-107.28427746318127,48.37650363411932]]]]}"
00000000000000001f05,1367,0,0,0,"{""type"":""MultiPolygon"",""coordinates"":[[[[-107.28447287293065,48.37652651886996],[-107.28447247429969,48.37651764294392],[-107.2844250131875,48.37650514088547],[-107.28438521418614,48.3765148963542],[-107.28418695272846,48.37672874760274],[-107.28424134907338,48.37674550949898],[-107.28430217974265,48.376757670879144],[-107.28431603733901,48.37676634898058],[-107.28453320785859,48.37652535035303],[-107.28449930260142,48.37651710421015],[-107.28449316470324,48.37653059642916],[-107.28447287293065,48.37652651886996]],[[-107.28450024164337,48.37653938131842],[-107.28451345648479,48.37653467398417],[-107.28449316470324,48.37653059642916],[-107.28450024164337,48.37653938131842]]],[[[-107.28483933632488,48.376175352601166],[-107.28480543119602,48.37616710661716],[-107.28477128194574,48.376154351213074],[-107.28472386582175,48.37614192086017],[-107.28465376954702,48.376223702163834],[-107.28466064714635,48.376228049053005],[-107.28464827456473,48.37625057961039],[-107.28463466115124,48.3762464110564],[-107.28446194494774,48.37643295226085],[-107.28446872557645,48.37643284541214],[-107.28448268009525,48.3764459772073],[-107.2845033704673,48.37645893067373],[-107.28452410565251,48.37647195561662],[-107.28453781609466,48.37648057797466],[-107.28453825953652,48.3764895253721],[-107.28456528716352,48.376493424580254],[-107.28484641331515,48.376184137405126],[-107.28483933632488,48.376175352601166]]]]}"
00000000000000001f06,1368,0,0,0,"{""type"":""Polygon"",""coordinates"":[[[-107.28495514838374,48.376217747376],[-107.2849342137067,48.37620028465721],[-107.28487358266416,48.37619256173091],[-107.28484641331515,48.376184137405126],[-107.28456528716352,48.376493424580254],[-107.28457879830036,48.37649760897469],[-107.28456582759279,48.37650682575368],[-107.28457334800196,48.376524558036145],[-107.28453320785859,48.37652535035303],[-107.28431603733901,48.37676634898058],[-107.28441927767504,48.3768268376362],[-107.28496876187162,48.37622191588048],[-107.28495514838374,48.376217747376]],[[-107.2846352649147,48.37655905193457],[-107.28461497307919,48.37655497440478],[-107.28462205006183,48.37656375928802],[-107.2846352649147,48.37655905193457]]]}"
00000000000000001f49,1369,0,0,0,"{""type"":""MultiPolygon"",""coordinates"":[[[[-107.28477884528077,48.376623185564185],[-107.28479225951249,48.3766229161529],[-107.28480468972528,48.37660029812599],[-107.28477884528077,48.376623185564185]]],[[[-107.28477884528077,48.376623185564185],[-107.28476508990141,48.37661449174277],[-107.28477746257225,48.37659196101429],[-107.28478419845783,48.37659178266342],[-107.28480468972528,48.37660029812599],[-107.28505666486946,48.37623804721215],[-107.2850295924309,48.3762340766836],[-107.28496876187162,48.37622191588048],[-107.28441927767504,48.3768268376362],[-107.2844466465637,48.376839700167935],[-107.28460310121102,48.37689016374549],[-107.28460988193366,48.37689005688352],[-107.28466676473515,48.376812981936325],[-107.28464637040598,48.37680892021073],[-107.28468424669023,48.3767545386767],[-107.28469800208683,48.376763232532085],[-107.28478602467312,48.37663195463168],[-107.28477884528077,48.376623185564185]],[[-107.28481062818935,48.37658236790493],[-107.2847769220672,48.376578559822576],[-107.28478419845783,48.37659178266342],[-107.28481062818935,48.37658236790493]],[[-107.2847099533644,48.376579891032506],[-107.28471747386574,48.376597623325665],[-107.28475697132166,48.376583445546814],[-107.2847099533644,48.376579891032506]]]]}"
00000000000000001f3e,1370,0,0,0,"{""type"":""GeometryCollection"",""geometries"":[{""type"":""LineString"",""coordinates"":[[-107.28478618682345,48.37663638521025],[-107.28478598908715,48.376631968347425]]},{""type"":""Polygon"",""coordinates"":[[[-107.2847811507943,48.37682408122362],[-107.28473545762765,48.37685183869076],[-107.28466676473515,48.376812981936325],[-107.28460988193366,48.37689005688352],[-107.2846773915878,48.3769021269945],[-107.28469734250183,48.37689724125331],[-107.28474436085035,48.37690079578502],[-107.28474401971042,48.37689183250729],[-107.28474337687709,48.376878447052896],[-107.28477020551722,48.376877908231286],[-107.2848142142783,48.37681450387922],[-107.2847811507943,48.37682408122362]]]},{""type"":""Polygon"",""coordinates"":[[[-107.2851443238341,48.37624966904957],[-107.28505666486946,48.37623804721215],[-107.28479225951249,48.3766229161529],[-107.2848125514439,48.376626993648024],[-107.28478618682345,48.37663638521025],[-107.28478612167936,48.376636408415756],[-107.28469800208683,48.376763232532085],[-107.28470507913033,48.37677201744198],[-107.28475081699504,48.37674433151179],[-107.28478388040251,48.37673475419408],[-107.28480952557491,48.376707428727606],[-107.28482328100371,48.376716122556566],[-107.28479793753137,48.3767478701978],[-107.28482441959316,48.37674283771944],[-107.28483075679421,48.376733783405584],[-107.28486446308146,48.37673759147597],[-107.28487089729009,48.3767329909524],[-107.28487703511777,48.376719498659824],[-107.2848300169151,48.376715944201415],[-107.28491460934117,48.37666069497587],[-107.28515990588235,48.37629853445564],[-107.2851530281741,48.376294187599214],[-107.28516644233974,48.376293918139034],[-107.28517287644996,48.37628931763602],[-107.2851443238341,48.37624966904957]],[[-107.28485848845514,48.37660374571511],[-107.28484527358125,48.37660845310373],[-107.28485888717898,48.37661262165153],[-107.28485848845514,48.37660374571511]],[[-107.28485299352404,48.37663062336368],[-107.28488625620355,48.37662548400295],[-107.2849008538962,48.376652001169425],[-107.28491976305084,48.37662485407845],[-107.28490516535027,48.37659833692855],[-107.28485888717898,48.37661262165153],[-107.28485299352404,48.37663062336368]]]}]}"
00000000000000001f21,1371,0,0,0,"{""type"":""GeometryCollection"",""geometries"":[{""type"":""LineString"",""coordinates"":[[-107.28487705798149,48.37671948256447],[-107.28487095934102,48.37673300231051]]},{""type"":""Polygon"",""coordinates"":[[[-107.28517287644996,48.37628931763602],[-107.28516644233974,48.376293918139034],[-107.28517307585237,48.37629375557621],[-107.28517287644996,48.37628931763602]]]},{""type"":""Polygon"",""coordinates"":[[[-107.2851927101171,48.37643184047192],[-107.2852068644097,48.37644941010535],[-107.28521963562193,48.376435755299866],[-107.2851927101171,48.37643184047192]]]},{""type"":""Polygon"",""coordinates"":[[[-107.2848142142783,48.37681450387922],[-107.28477020551722,48.376877908231286],[-107.28479713116975,48.37688182320661],[-107.28480346840277,48.37687276887014],[-107.28478965537548,48.37686416230602],[-107.28481569935462,48.376845712744974],[-107.28482742922765,48.37680979647476],[-107.2848142142783,48.37681450387922]]]},{""type"":""Polygon"",""coordinates"":[[[-107.28517307585237,48.37629375557621],[-107.28516673879692,48.37630280983419],[-107.28515990588235,48.37629853445564],[-107.28491460934117,48.37666069497587],[-107.28492782423574,48.376655987572576],[-107.28500742274053,48.37663647610668],[-107.28504820615613,48.376649068970366],[-107.28506196165716,48.37665776275383],[-107.28506869757467,48.37665758438198],[-107.28519463385024,48.37647646606923],[-107.2851811225588,48.37647228176696],[-107.28513949684097,48.37644186570694],[-107.28514474734601,48.37641047871476],[-107.28514420670197,48.37639707757426],[-107.28514356371163,48.37638369225075],[-107.28514302306742,48.37637029111697],[-107.28514173708649,48.376343520486735],[-107.28518930096376,48.376356006329075],[-107.28517406010988,48.376316104051625],[-107.28524854942367,48.37633250468553],[-107.28528899142462,48.37633613419968],[-107.28530156315712,48.37631804147196],[-107.28529478248898,48.3763181483802],[-107.28521346021999,48.3762974724129],[-107.28517307585237,48.37629375557621]]]}]}"
00000000000000001f1f,1372,0,0,0,"{""type"":""MultiPolygon"",""coordinates"":[[[[-107.28525536798075,48.37648417300156],[-107.28519463385024,48.37647646606923],[-107.28506869757467,48.37665758438198],[-107.28514318742464,48.376673985189015],[-107.28516392309454,48.37668701003412],[-107.2851846139871,48.37669996339927],[-107.28532307702407,48.37650068052467],[-107.28525536798075,48.37648417300156]]],[[[-107.28539610038399,48.37633400993184],[-107.28530156315712,48.37631804147196],[-107.28528899142462,48.37633613419968],[-107.28530250269644,48.37634031847661],[-107.2853297747439,48.37634872687539],[-107.28539748363538,48.37636523430799],[-107.28541134151972,48.376373912180334],[-107.28542391322436,48.376355819424475],[-107.28539610038399,48.37633400993184]]],[[[-107.28534758278836,48.37644664003342],[-107.28533372490337,48.37643796214007],[-107.28530734005366,48.376447448492534],[-107.28521963562193,48.376435755299866],[-107.2852068644097,48.37644941010535],[-107.28522081931004,48.376462541787745],[-107.28534198587008,48.37647353343551],[-107.28536089469034,48.376446386357095],[-107.28534758278836,48.37644664003342]]]]}"
00000000000000001f58,1373,0,0,0,"{""type"":""MultiPolygon"",""coordinates"":[[[[-107.28552543086616,48.37637611878876],[-107.28549202112262,48.37638120268106],[-107.28542391322436,48.376355819424475],[-107.28541134151972,48.376373912180334],[-107.28542505226955,48.37638253438814],[-107.28546563630877,48.37639068906597],[-107.28552661478162,48.37640290523714],[-107.28553324833878,48.376402742648004],[-107.28555255591397,48.37638447146277],[-107.28552543086616,48.37637611878876]]],[[[-107.2854949349282,48.37644370716379],[-107.28544781434323,48.37644016884092],[-107.28544127787274,48.37644478518967],[-107.285394356748,48.37644568479132],[-107.28536089469034,48.376446386357095],[-107.28534198587008,48.37647353343551],[-107.28536218082847,48.37647315703206],[-107.28532985772769,48.37650057361318],[-107.28532307702407,48.37650068052467],[-107.2851846139871,48.37669996339927],[-107.28531339918104,48.376733141194826],[-107.2854454277257,48.376538458563154],[-107.2854446875402,48.376520619436825],[-107.28545810182932,48.37652034993167],[-107.28550844629214,48.376447891417875],[-107.2854949349282,48.37644370716379]]]]}"
00000000000000001f20,1374,0,0,0,"{""type"":""GeometryCollection"",""geometries"":[{""type"":""LineString"",""coordinates"":[[-107.28550867129341,48.376452340056446],[-107.28550847225327,48.37644789544739]]},{""type"":""LineString"",""coordinates"":[[-107.28544568927587,48.37654293325394],[-107.28544548945212,48.37653847103728]]},{""type"":""Polygon"",""coordinates"":[[[-107.2855465470008,48.3765498820406],[-107.2854456719563,48.37654296800055],[-107.28531339918104,48.376733141194826],[-107.28537447512811,48.37674981132217],[-107.28543575060193,48.376770919392115],[-107.28556788118621,48.37657622064805],[-107.2855465470008,48.3765498820406]]]},{""type"":""Polygon"",""coordinates"":[[[-107.28566782949932,48.37641346434777],[-107.28561363157316,48.376401141336416],[-107.28557284797293,48.3763885487759],[-107.28555255591397,48.37638447146277],[-107.28553324833878,48.376402742648004],[-107.28558744619204,48.3764150657069],[-107.28561461609709,48.376423489845585],[-107.28562803037515,48.376423220317484],[-107.28564184357215,48.376431826685625],[-107.28566213568645,48.37643590398213],[-107.2856812437813,48.37641319481219],[-107.28566782949932,48.37641346434777]]]},{""type"":""Polygon"",""coordinates"":[[[-107.28560481127731,48.37650403153033],[-107.2855906567154,48.376486461944346],[-107.28556348677837,48.37647803778973],[-107.28553744323128,48.37649648741523],[-107.28550437995973,48.376506064945914],[-107.28552918205637,48.376460916126554],[-107.28550867129341,48.376452340056446],[-107.28550864573434,48.37645232936954],[-107.28545810182932,48.37652034993167],[-107.28560565388854,48.376521854833705],[-107.28561168910946,48.376508378368406],[-107.28560481127731,48.37650403153033]]]}]}"
00000000000000001f57,1375,0,0,0,"{""type"":""MultiPolygon"",""coordinates"":[[[[-107.28561168910946,48.376508378368406],[-107.28560565388854,48.376521854833705],[-107.28561906820094,48.37652158530547],[-107.28561168910946,48.376508378368406]]],[[[-107.2856812437813,48.37641319481219],[-107.28566213568645,48.37643590398213],[-107.28575667374295,48.3764518721016],[-107.2857493969493,48.3764386493793],[-107.28575548966046,48.37642508563567],[-107.2856812437813,48.37641319481219]]],[[[-107.28566360346136,48.376618975449844],[-107.28560886443569,48.37659325121294],[-107.28556788118621,48.37657622064805],[-107.28543575060193,48.376770919392115],[-107.28550376215848,48.37679184902438],[-107.28556443952127,48.37679964307946],[-107.28568369622083,48.37661861478832],[-107.28566360346136,48.376618975449844]]]]}"
00000000000000001f1b,1376,0,0,0,"{""type"":""Polygon"",""coordinates"":[[[-107.28568369622083,48.37661861478832],[-107.28556443952127,48.37679964307946],[-107.28559166723721,48.37680797998644],[-107.28561883742309,48.376816404178896],[-107.28565294307536,48.376829087931704],[-107.28568664984101,48.37683289570842],[-107.28581892166062,48.37664272166883],[-107.28568369622083,48.37661861478832]]]}"
00000000000000001f99,1377,0,0,0,"{""type"":""Polygon"",""coordinates"":[[[-107.28588039700576,48.37666826737101],[-107.2858526283382,48.37664652937626],[-107.28581892166062,48.37664272166883],[-107.28568664984101,48.37683289570842],[-107.28572723453836,48.37684105032797],[-107.2858422655883,48.37686553374473],[-107.28591400138806,48.37667209087194],[-107.28588039700576,48.37666826737101]]]}"
00000000000000001f1c,1378,0,0,0,"{""type"":""Polygon"",""coordinates"":[[[-107.28591400138806,48.37667209087194],[-107.2858422655883,48.37686553374473],[-107.28588304990996,48.376878126285284],[-107.285977389905,48.37688965629745],[-107.28603556877559,48.37669195758042],[-107.28591400138806,48.37667209087194]]]}"
00000000000000001f19,1379,0,0,0,"{""type"":""Polygon"",""coordinates"":[[[-107.28615030328223,48.37670754880074],[-107.28603556877559,48.37669195758042],[-107.285977389905,48.37688965629745],[-107.28599100390139,48.376893824696765],[-107.28611271411157,48.37691821664895],[-107.28617039619385,48.376707188033016],[-107.28615030328223,48.37670754880074]]]}"
00000000000000001f77,1380,0,0,0,"{""type"":""Polygon"",""coordinates"":[[[-107.28625132167511,48.376718987350586],[-107.28622395169587,48.37670612538954],[-107.2861904443109,48.37670675578332],[-107.28617039619385,48.376707188033016],[-107.28611271411157,48.37691821664895],[-107.28613978748406,48.37692218689968],[-107.28624729816201,48.3769289375677],[-107.28629799923736,48.37671357785897],[-107.28625132167511,48.376718987350586]]]}"
00000000000000001f16,1381,0,0,0,"{""type"":""Polygon"",""coordinates"":[[[-107.28639931975492,48.37672943840418],[-107.28637249075965,48.37672997768805],[-107.28631814973285,48.37671312976682],[-107.28629799923736,48.37671357785897],[-107.28624729816201,48.3769289375677],[-107.28626095704264,48.37693317740763],[-107.28631535587036,48.37694993813134],[-107.28634208266011,48.37694941467269],[-107.28635549723204,48.37694914503294],[-107.28641578925392,48.37694790379901],[-107.28639931975492,48.37672943840418]]]}"
00000000000000001f5a,1382,0,0,0,"{""type"":""Polygon"",""coordinates"":[[[-107.2865328162135,48.37671782608463],[-107.2865191049213,48.37670920399437],[-107.28646584601326,48.3767191585595],[-107.28639931975492,48.37672943840418],[-107.28641578925392,48.37694790379901],[-107.28653675978563,48.37695445596207],[-107.28655017438702,48.37695418629437],[-107.2865328162135,48.37671782608463]]]}"
00000000000000001f17,1383,0,0,0,"{""type"":""Polygon"",""coordinates"":[[[-107.28666720071202,48.37672410840533],[-107.28665398575721,48.37672881605531],[-107.28654667466168,48.37672650383635],[-107.2865328162135,48.37671782608463],[-107.28655017438702,48.37695418629437],[-107.28655685291389,48.3769540951064],[-107.28658397891445,48.3769624475557],[-107.28663763736922,48.376961368845926],[-107.28667114514374,48.37696073828335],[-107.286691193504,48.37696030592098],[-107.28666720071202,48.37672410840533]]]}"
00000000000000001f5b,1384,0,0,0,"{""type"":""Polygon"",""coordinates"":[[[-107.28680079981365,48.37671247989184],[-107.28676689303016,48.37670423455867],[-107.28675347848856,48.37670450425384],[-107.28673343025368,48.37670493662395],[-107.28672709338845,48.37671399104983],[-107.28666720071202,48.37672410840533],[-107.286691193504,48.37696030592098],[-107.28670460812944,48.3769600362311],[-107.28673747236084,48.376946020205175],[-107.28682473594341,48.376948764593465],[-107.28680079981365,48.37671247989184]]]}"
00000000000000001f13,1385,0,0,0,"{""type"":""Polygon"",""coordinates"":[[[-107.28693409706722,48.37669642904292],[-107.28684138513006,48.37672063400681],[-107.28680079981365,48.37671247989184],[-107.28682473594341,48.376948764593465],[-107.28683147203756,48.37694858609263],[-107.28687161361728,48.37694779277315],[-107.28695932137583,48.37695948448625],[-107.28693409706722,48.37669642904292]]]}"
00000000000000001f14,1386,0,0,0,"{""type"":""Polygon"",""coordinates"":[[[-107.28706828252612,48.376698272820526],[-107.28704798979923,48.37669419581639],[-107.28704616109255,48.37665402390739],[-107.28703244962477,48.376645401905144],[-107.2870056205106,48.37664594136792],[-107.28696661936334,48.376673449794865],[-107.28694023427806,48.376682936643476],[-107.28694087792358,48.37669632201349],[-107.28693409706722,48.37669642904292],[-107.28695932137583,48.37695948448625],[-107.28697293565611,48.376963652744756],[-107.28709346302261,48.37696125673516],[-107.28706828252612,48.376698272820526]]]}"
00000000000000001f0f,1387,0,0,0,"{""type"":""Polygon"",""coordinates"":[[[-107.28720920427408,48.37669993787943],[-107.28716935975648,48.376709623077716],[-107.28706828252612,48.376698272820526],[-107.28709346302261,48.37696125673516],[-107.28715989273407,48.37694652254569],[-107.28722077145989,48.376958753519375],[-107.28722760488243,48.37696302879148],[-107.28720920427408,48.37669993787943]]]}"
00000000000000001f11,1388,0,0,0,"{""type"":""Polygon"",""coordinates"":[[[-107.28734344268395,48.376706163564414],[-107.28726983819702,48.37670765933276],[-107.28723568668447,48.37669490473237],[-107.28720920427408,48.37669993787943],[-107.28722760488243,48.37696302879148],[-107.28726175662646,48.37697578345303],[-107.28729521983449,48.37697508118929],[-107.28733536164016,48.37697428767001],[-107.28736886967464,48.37697365685744],[-107.28734344268395,48.376706163564414]]]}"
00000000000000001f7a,1389,0,0,0,"{""type"":""Polygon"",""coordinates"":[[[-107.28747664315301,48.376685658173315],[-107.28743670127567,48.37669088970251],[-107.28741031615971,48.37670037668407],[-107.28739690152814,48.37670064647129],[-107.28734344268395,48.376706163564414],[-107.28736886967464,48.37697365685744],[-107.2873890205389,48.37697320852922],[-107.28750301200347,48.376975428517895],[-107.28747664315301,48.376685658173315]]]}"
00000000000000001f7c,1390,0,0,0,"{""type"":""Polygon"",""coordinates"":[[[-107.28756272149643,48.37666161534389],[-107.28754267311366,48.376662047886214],[-107.28747644347266,48.37668122021234],[-107.28747664315301,48.376685658173315],[-107.28750301200347,48.376975428517895],[-107.28755681313986,48.37697887455981],[-107.28759745679652,48.37698694108237],[-107.28765670636729,48.37696343764796],[-107.2877040286867,48.376971412854765],[-107.2877033847658,48.376958027427776],[-107.28756272149643,48.37666161534389]]]}"
00000000000000001f10,1391,0,0,0,"{""type"":""Polygon"",""coordinates"":[[[-107.28770255575732,48.37664094692045],[-107.28768250735618,48.37664137949225],[-107.28760919977883,48.376651767252795],[-107.28756272149643,48.37666161534389],[-107.2877033847658,48.376958027427776],[-107.28771006337624,48.37695793615753],[-107.2877173411103,48.37697115883632],[-107.28773763421025,48.37697523571086],[-107.28780386444923,48.376956063083846],[-107.28783692838614,48.37694648466438],[-107.28770255575732,48.37664094692045]]]}"
00000000000000001eb9,1392,0,0,0,"{""type"":""Polygon"",""coordinates"":[[[-107.28786292756322,48.376628864555954],[-107.28785624900115,48.37662895583503],[-107.28776952669325,48.37663961356712],[-107.28774947827868,48.37664004615321],[-107.28773606362083,48.37664031598815],[-107.28770255575732,48.37664094692045],[-107.28783692838614,48.37694648466438],[-107.28784366455086,48.376946306090815],[-107.28788994353938,48.37693201982049],[-107.28790380258916,48.37694069739613],[-107.28786292756322,48.376628864555954]]]}"
00000000000000001f0e,1393,0,0,0,"{""type"":""Polygon"",""coordinates"":[[[-107.28800340603664,48.376621581038194],[-107.28794286899372,48.37661831384272],[-107.28786292756322,48.376628864555954],[-107.28790380258916,48.37694069739613],[-107.28791063613922,48.376944972614986],[-107.28792365146609,48.37693582679055],[-107.28795003677511,48.376926339621285],[-107.28797676401092,48.37692581569697],[-107.28800319411788,48.37691639999203],[-107.288036560137,48.37691124367143],[-107.28800340603664,48.376621581038194]]]}"
00000000000000001ed2,1394,0,0,0,"{""type"":""Polygon"",""coordinates"":[[[-107.2881373483103,48.3766189138564],[-107.28808423616174,48.376628924971044],[-107.28800340603664,48.376621581038194],[-107.288036560137,48.37691124367143],[-107.28816985941181,48.37689519099748],[-107.2881373483103,48.3766189138564]]]}"
00000000000000001ecf,1395,0,0,0,"{""type"":""Polygon"",""coordinates"":[[[-107.28827153534559,48.376620755911404],[-107.28823822708281,48.37662582498658],[-107.28818402644973,48.376613503444304],[-107.2881373483103,48.3766189138564],[-107.28816985941181,48.37689519099748],[-107.28817639582634,48.37689057442558],[-107.28820332286793,48.37689448841233],[-107.28821609357315,48.376880833107535],[-107.28824980160968,48.37688463995677],[-107.28830306133837,48.37687468435135],[-107.28827153534559,48.376620755911404]]]}"
00000000000000001ed0,1396,0,0,0,"{""type"":""Polygon"",""coordinates"":[[[-107.28840503360463,48.37660914096932],[-107.28827153534559,48.376620755911404],[-107.28830306133837,48.37687468435135],[-107.28838280378248,48.37685969523182],[-107.288429926715,48.37686323208401],[-107.28843656055625,48.37686306928587],[-107.28840503360463,48.37660914096932]]]}"
00000000000000001f7d,1397,0,0,0,"{""type"":""Polygon"",""coordinates"":[[[-107.28853917621332,48.376610911164356],[-107.28848586414361,48.376616484552194],[-107.28845824817651,48.37659911386193],[-107.28843186308956,48.376608601106874],[-107.28841176974778,48.37660896235762],[-107.28840503360463,48.37660914096932],[-107.28843656055625,48.37686306928587],[-107.28848957570689,48.37684860413389],[-107.28850986900042,48.3768526808311],[-107.28852328384511,48.37685241088234],[-107.28855001118993,48.37685188679657],[-107.28856996242598,48.37684700024792],[-107.28853917621332,48.376610911164356]]]}"
00000000000000001ecb,1398,0,0,0,"{""type"":""Polygon"",""coordinates"":[[[-107.28867257727302,48.376594842080515],[-107.28861228438763,48.37659608474388],[-107.28855239116258,48.37660620326571],[-107.28853917621332,48.376610911164356],[-107.28856996242598,48.37684700024792],[-107.28859639249863,48.376837584394636],[-107.2886969254794,48.37684000141435],[-107.28870370648997,48.37683989425635],[-107.28867257727302,48.376594842080515]]]}"
00000000000000001ecd,1399,0,0,0,"{""type"":""Polygon"",""coordinates"":[[[-107.28881245719187,48.376574243522654],[-107.28879904240691,48.376574513508835],[-107.28869287049206,48.37659891872156],[-107.28867257727302,48.376594842080515],[-107.28870370648997,48.37683989425635],[-107.28877681519296,48.376825067633625],[-107.28883057218839,48.376828441459466],[-107.28881245719187,48.376574243522654]]]}"
00000000000000001ecc,1400,0,0,0,"{""type"":""Polygon"",""coordinates"":[[[-107.28894680016231,48.37658045107975],[-107.2889065557489,48.37658126109055],[-107.28887942879432,48.376572909380684],[-107.28881245719187,48.376574243522654],[-107.28883057218839,48.376828441459466],[-107.28885062093354,48.376828008637936],[-107.2888768063481,48.376814083269686],[-107.28890388077421,48.376818052707314],[-107.28893714456257,48.37681291189839],[-107.28896377448555,48.3768079339139],[-107.28894680016231,48.37658045107975]]]}"
00000000000000001ebf,1401,0,0,0,"{""type"":""Polygon"",""coordinates"":[[[-107.289067328801,48.37657805257974],[-107.28901377187127,48.3765791168413],[-107.28899372322643,48.376579549692295],[-107.28897362978029,48.37657991106297],[-107.28894680016231,48.37658045107975],[-107.28896377448555,48.3768079339139],[-107.28903673607607,48.37679305144284],[-107.28909039567846,48.37679197133798],[-107.289086880178,48.376564290065275],[-107.289067328801,48.37657805257974]]]}"
00000000000000001ec8,1402,0,0,0,"{""type"":""Polygon"",""coordinates"":[[[-107.28921310086321,48.376539451537724],[-107.28915998848517,48.376549463237765],[-107.289086880178,48.376564290065275],[-107.28909039567846,48.37679197133798],[-107.28919731038012,48.37678540471182],[-107.28925957940464,48.37652960266448],[-107.28921310086321,48.376539451537724]]]}"
00000000000000001f97,1403,0,0,0,"{""type"":""Polygon"",""coordinates"":[[[-107.28934704455561,48.376536782638155],[-107.28925957940464,48.37652960266448],[-107.28919731038012,48.37678540471182],[-107.28923735524504,48.376780156607275],[-107.2892776975644,48.37678380022398],[-107.28936462114537,48.37677757902648],[-107.28934704455561,48.376536782638155]]]}"
00000000000000001f5c,1404,0,0,0,"{""type"":""Polygon"",""coordinates"":[[[-107.28945386120446,48.376525762013955],[-107.28937342962426,48.376527295155206],[-107.2893738742556,48.376536242507996],[-107.28934704455561,48.376536782638155],[-107.28936462114537,48.37677757902648],[-107.28943782756492,48.376767205690626],[-107.28945812113315,48.37677128217442],[-107.28947807240675,48.37676639544368],[-107.28949162973927,48.376770650609664],[-107.28951158101555,48.37676576387195],[-107.28945386120446,48.376525762013955]]]}"
00000000000000001eca,1405,0,0,0,"{""type"":""Polygon"",""coordinates"":[[[-107.28958701817024,48.37650518225864],[-107.28951330998623,48.37650669559214],[-107.28945386120446,48.376525762013955],[-107.28951158101555,48.37676576387195],[-107.28955845978874,48.37676479071657],[-107.28960612560415,48.37678172813796],[-107.28964606823884,48.376776495679046],[-107.28958701817024,48.37650518225864]]]}"
00000000000000001ec5,1406,0,0,0,"{""type"":""Polygon"",""coordinates"":[[[-107.28971917540879,48.37646241266622],[-107.28969962418635,48.3764761752791],[-107.28967997535267,48.37648548413999],[-107.28964651174444,48.37648618723776],[-107.28962052658142,48.37650455065703],[-107.28958701817024,48.37650518225864],[-107.28964606823884,48.376776495679046],[-107.2897788263761,48.37674703962345],[-107.28971917540879,48.37646241266622]]]}"
00000000000000001ec4,1407,0,0,0,"{""type"":""Polygon"",""coordinates"":[[[-107.289862629899,48.37652201293488],[-107.28983604484681,48.37652706261564],[-107.28977570652306,48.37652823454777],[-107.28975491545089,48.37651082852432],[-107.28983520016372,48.37650923940018],[-107.28985515132688,48.376504352617985],[-107.28984664083636,48.37646427240427],[-107.28981317718839,48.37646497556079],[-107.28976625386156,48.376465877353056],[-107.28972546689847,48.37645328662473],[-107.28971917540879,48.37646241266622],[-107.2897788263761,48.37674703962345],[-107.28980545638731,48.37674206140966],[-107.28983912025082,48.376745796199664],[-107.28991242921116,48.37673540668482],[-107.289862629899,48.37652201293488]]]}"
00000000000000001ec1,1408,0,0,0,"{""type"":""MultiPolygon"",""coordinates"":[[[[-107.28985331951175,48.37646418098429],[-107.28984664083636,48.37646427240427],[-107.28985515132688,48.376504352617985],[-107.28990162998498,48.37649450343777],[-107.28990019807235,48.3764632076731],[-107.28985331951175,48.37646418098429]]],[[[-107.28998929579072,48.37650612073849],[-107.28998255955564,48.376506299462754],[-107.289862629899,48.37652201293488],[-107.28991242921116,48.37673540668482],[-107.28993905923555,48.37673042843475],[-107.28995237188823,48.37673017410207],[-107.29002568087792,48.37671978450313],[-107.29005251090322,48.37671924417343],[-107.28998929579072,48.37650612073849]]]]}"
00000000000000001ec2,1409,0,0,0,"{""type"":""Polygon"",""coordinates"":[[[-107.29011358717996,48.37643665569116],[-107.29010037226185,48.37644136378872],[-107.29010091472496,48.376454764866324],[-107.29010155953796,48.37646815012827],[-107.2901027468138,48.376494936481265],[-107.29008977668234,48.37650415399068],[-107.28998929579072,48.37650612073849],[-107.29005251090322,48.37671924417343],[-107.29005918963938,48.37671915273717],[-107.29017917766325,48.37670335164599],[-107.29011358717996,48.37643665569116]]]}"
00000000000000001e9e,1410,0,0,0,"{""type"":""Polygon"",""coordinates"":[[[-107.2902393633306,48.37640286854429],[-107.29019902089551,48.37639922536023],[-107.29017946978239,48.376412988051634],[-107.29013932737584,48.37641378276571],[-107.29011982105325,48.376427616924396],[-107.29011358717996,48.37643665569116],[-107.29017917766325,48.37670335164599],[-107.29025892063855,48.37668836100451],[-107.29028575070731,48.376687820608915],[-107.29031247843254,48.376687296024976],[-107.2902393633306,48.37640286854429]]]}"
00000000000000001e9d,1411,0,0,0,"{""type"":""Polygon"",""coordinates"":[[[-107.29037310794921,48.37639576027471],[-107.29034028907911,48.37640984886023],[-107.29030678049753,48.37641048071598],[-107.29028673167068,48.37641091383995],[-107.2902393633306,48.37640286854429],[-107.29031247843254,48.376687296024976],[-107.29040543644632,48.37666759711627],[-107.2904454367408,48.37666227703853],[-107.29037310794921,48.37639576027471]]]}"
00000000000000001ea1,1412,0,0,0,"{""type"":""Polygon"",""coordinates"":[[[-107.29049903124294,48.37636202847005],[-107.2904391376596,48.376372148132354],[-107.29037310794921,48.37639576027471],[-107.2904454367408,48.37666227703853],[-107.29049879455405,48.37665677401054],[-107.29055245478924,48.37665569307609],[-107.2905859636801,48.37665506112393],[-107.29049903124294,48.37636202847005]]]}"
00000000000000001e97,1413,0,0,0,"{""type"":""Polygon"",""coordinates"":[[[-107.29066341954407,48.37629169657943],[-107.29065723060084,48.376300806830116],[-107.2906311434352,48.37631918626956],[-107.29061169478359,48.37633293320585],[-107.29055258870108,48.37636096337174],[-107.290505665138,48.37636186552925],[-107.29049903124294,48.37636202847005],[-107.2905859636801,48.37665506112393],[-107.29069937092697,48.376643804629694],[-107.29066341954407,48.37629169657943]]]}"
00000000000000001ebd,1414,0,0,0,"{""type"":""Polygon"",""coordinates"":[[[-107.29080305539775,48.376266585836134],[-107.29078300654392,48.37626701906314],[-107.29075662161385,48.37627650688322],[-107.29072989405938,48.37627703158231],[-107.29068297051441,48.376277933824504],[-107.29066341954407,48.37629169657943],[-107.29069937092697,48.376643804629694],[-107.29083291692554,48.37663225771103],[-107.29080305539775,48.376266585836134]]]}"
00000000000000001ebc,1415,0,0,0,"{""type"":""MultiPolygon"",""coordinates"":[[[[-107.29093829060682,48.37629068510657],[-107.29087166070771,48.376300983817],[-107.29085685779486,48.37627002995289],[-107.29083656402567,48.376265953807874],[-107.29080983645616,48.37626647852947],[-107.29080305539775,48.376266585836134],[-107.29083291692554,48.37663225771103],[-107.29096666314507,48.37662514854426],[-107.29093829060682,48.37629068510657]]],[[[-107.29091843361931,48.37614816442556],[-107.29089912766894,48.376166436566535],[-107.29089997288224,48.37618425964459],[-107.29084695822554,48.376198725933406],[-107.29082121842609,48.37622159894607],[-107.29080820366258,48.376230745026085],[-107.29080919137857,48.37625309332962],[-107.29086176110616,48.376229679758474],[-107.29088819081522,48.37622026339318],[-107.29088937867985,48.376247049596984],[-107.29088977887824,48.37625592541157],[-107.29091739649193,48.37627329524957],[-107.29093744537757,48.37627286199366],[-107.2909318485507,48.37614789414198],[-107.29091843361931,48.37614816442556]]]]}"
00000000000000001eba,1416,0,0,0,"{""type"":""Polygon"",""coordinates"":[[[-107.29108590000443,48.376444114645714],[-107.29099219931946,48.37644597513446],[-107.29105753920724,48.376408905830836],[-107.29100991723105,48.37639204074707],[-107.29103426901403,48.37633794343436],[-107.29108050282372,48.37632358432542],[-107.2910715906724,48.37627462857478],[-107.29105559958026,48.3762168885647],[-107.29104124155607,48.37619488205899],[-107.2909945628824,48.37620029382986],[-107.29098683880508,48.37617812434712],[-107.29100708776784,48.37618212897915],[-107.29102683874,48.37617280408536],[-107.29101183559742,48.37613741242514],[-107.29099292990391,48.37616456037867],[-107.2909318485507,48.37614789414198],[-107.29093744537757,48.37627286199366],[-107.29094422644688,48.37627275467724],[-107.29097179930467,48.37629005302911],[-107.29093829060682,48.37629068510657],[-107.29096666314507,48.37662514854426],[-107.29110046705283,48.37661795189344],[-107.29108590000443,48.376444114645714]]]}"
00000000000000001fe0,1417,0,0,0,"{""type"":""MultiPolygon"",""coordinates"":[[[[-107.2910715906724,48.37627462857478],[-107.29108050282372,48.37632358432542],[-107.29109371771806,48.376318876104094],[-107.29110039645684,48.3763187845961],[-107.2910715906724,48.37627462857478]]],[[[-107.29117262409677,48.376433453914906],[-107.29115273039399,48.37643825367127],[-107.29108590000443,48.376444114645714],[-107.29110046705283,48.37661795189344],[-107.29113397610453,48.37661731974658],[-107.29124109250837,48.37661518876454],[-107.29128113780855,48.37660993981413],[-107.29117262409677,48.376433453914906]]]]}"
00000000000000001fe1,1418,0,0,0,"{""type"":""MultiPolygon"",""coordinates"":[[[[-107.29105559958026,48.3762168885647],[-107.2910715906724,48.37627462857478],[-107.29110039645684,48.3763187845961],[-107.29117430563691,48.376321707940335],[-107.29105559958026,48.3762168885647]]],[[[-107.29125097869421,48.37638723833205],[-107.29121885804689,48.37641909471013],[-107.29117916026877,48.37642883718491],[-107.29117262409677,48.376433453914906],[-107.29128113780855,48.37660993981413],[-107.29132103595293,48.376604635192976],[-107.29139394510727,48.376585368696475],[-107.29143419058458,48.37658455761704],[-107.29144750339601,48.376584303073926],[-107.29146765491342,48.37658385387726],[-107.29125097869421,48.37638723833205]]]]}"
00000000000000001e8b,1419,0,0,0,"{""type"":""MultiPolygon"",""coordinates"":[[[[-107.29137032143153,48.37635805063416],[-107.29136388763337,48.376362651550075],[-107.29133037873035,48.37636328377031],[-107.29127008452818,48.376364528129045],[-107.29125097869421,48.37638723833205],[-107.29146765491342,48.37658385387726],[-107.29159936785963,48.37653213428374],[-107.29137032143153,48.37635805063416]]],[[[-107.29103737515203,48.37611010150584],[-107.2910179266806,48.37612384846585],[-107.29101183559742,48.37613741242514],[-107.29102683874,48.37617280408536],[-107.29103331733037,48.376168274683245],[-107.29106034736267,48.376172171980315],[-107.29106603819564,48.37614973221278],[-107.2910863319796,48.376153808300074],[-107.2910745052717,48.376189740572244],[-107.29104124155607,48.37619488205899],[-107.29105559958026,48.3762168885647],[-107.29117430563691,48.376321707940335],[-107.2911877206675,48.37632143761766],[-107.29115242341527,48.37628196981298],[-107.29119751388724,48.37624089593358],[-107.2911970688033,48.376231948650265],[-107.29103737515203,48.37611010150584]]]]}"
00000000000000001e99,1420,0,0,0,"{""type"":""MultiPolygon"",""coordinates"":[[[[-107.29115919534533,48.376134470695064],[-107.29112633191797,48.37614848799924],[-107.29112484139644,48.37611727977734],[-107.29106989584014,48.37608712116278],[-107.29105058996669,48.37610539331131],[-107.29103737515203,48.37611010150584],[-107.2911970688033,48.376231948650265],[-107.29119642358258,48.376218563465315],[-107.29125557417457,48.376190604460284],[-107.29115919534533,48.376134470695064]]],[[[-107.2916956397899,48.37643642165125],[-107.29141377848767,48.37628124308275],[-107.29142214817381,48.37631679776896],[-107.29141601236111,48.37633029032647],[-107.29137032143153,48.37635805063416],[-107.29159936785963,48.37653213428374],[-107.29163228917548,48.37651802941284],[-107.29169886228387,48.376507817409426],[-107.29173826219102,48.37648918303396],[-107.29174489619488,48.37648902000447],[-107.2916956397899,48.37643642165125]]]]}"
00000000000000001e85,1421,0,0,0,"{""type"":""MultiPolygon"",""coordinates"":[[[[-107.29126146505084,48.37617260257461],[-107.29122711098199,48.376155411684195],[-107.29118558018585,48.376124982792],[-107.29115919534533,48.376134470695064],[-107.29125557417457,48.376190604460284],[-107.29126878902335,48.37618589622779],[-107.29126146505084,48.37617260257461]]],[[[-107.29155919712828,48.37608628398039],[-107.29152207649898,48.37615403667974],[-107.29148431040983,48.37620840427647],[-107.29147174087032,48.37622649772008],[-107.29144531113317,48.376235914247665],[-107.29143308436069,48.37626297080099],[-107.29141377848767,48.37628124308275],[-107.2916956397899,48.37643642165125],[-107.29155919712828,48.37608628398039]]],[[[-107.29113953761379,48.375996388384046],[-107.2910814775751,48.37604667959771],[-107.29108256781478,48.37606901199692],[-107.29106989584014,48.37608712116278],[-107.29112484139644,48.37611727977734],[-107.2911240984209,48.37609944090649],[-107.29114889490675,48.37605429112363],[-107.29116166462539,48.37604063566765],[-107.2911744343359,48.376026980213666],[-107.29113953761379,48.375996388384046]]]]}"
00000000000000001ea0,1422,0,0,0,"{""type"":""Polygon"",""coordinates"":[[[-107.29161017779347,48.37602720822027],[-107.29159740818135,48.3760408637297],[-107.29158443837585,48.376050081354066],[-107.29155919712828,48.37608628398039],[-107.2916956397899,48.37643642165125],[-107.29174489619488,48.37648902000447],[-107.29177761726291,48.376470477175026],[-107.2918623076354,48.37641520637963],[-107.29161017779347,48.37602720822027]]]}"
00000000000000001f9b,1423,0,0,0,"{""type"":""GeometryCollection"",""geometries"":[{""type"":""LineString"",""coordinates"":[[-107.29161023457597,48.376027220333185],[-107.2916100342171,48.37602275813537]]},{""type"":""Polygon"",""coordinates"":[[[-107.29167942944929,48.37607499058431],[-107.29165161118935,48.37605318315438],[-107.29164517746268,48.376057784061],[-107.29164473226625,48.376048836813354],[-107.29161017779347,48.37602720822027],[-107.2916532448203,48.37608891650319],[-107.29167942944929,48.37607499058431]]]},{""type"":""Polygon"",""coordinates"":[[[-107.2916532448203,48.37608891650319],[-107.2918623076354,48.37641520637963],[-107.2919209108813,48.37637831537584],[-107.29194046170763,48.37636455234639],[-107.29199916719254,48.37632764551181],[-107.29200540071619,48.37631860665009],[-107.29173482107446,48.37611409607809],[-107.29172160624282,48.376118804367884],[-107.2916532448203,48.37608891650319]]]}]}"
00000000000000001fee,1424,0,0,0,"{""type"":""MultiPolygon"",""coordinates"":[[[[-107.29162952827807,48.37600900746507],[-107.29161007995475,48.37602275451509],[-107.29164473226625,48.376048836813354],[-107.29165002236925,48.376017521303396],[-107.29162952827807,48.37600900746507]]],[[[-107.29175957218571,48.37606887466561],[-107.29176754179393,48.376095553391316],[-107.29173482107446,48.37611409607809],[-107.29200540071619,48.37631860665009],[-107.29203084207305,48.376286841656224],[-107.29204970248449,48.376259621974164],[-107.29208137726147,48.376218818156616],[-107.29208791334594,48.376214201385636],[-107.29175957218571,48.37606887466561]]],[[[-107.29171170492683,48.37604750068404],[-107.29169853493163,48.376052280438046],[-107.29167136206917,48.37604385815302],[-107.29166482599535,48.376048474880655],[-107.29165161118935,48.37605318315438],[-107.29167942944929,48.37607499058431],[-107.29170635732676,48.3760789035085],[-107.29171224799055,48.376060901638304],[-107.29175937197924,48.376064436778236],[-107.29171170492683,48.37604750068404]]]]}"
00000000000000002bf3,1425,0,0,0,"{""type"":""MultiPolygon"",""coordinates"":[[[[-107.29162928327588,48.37600449810813],[-107.29162952827807,48.37600900746507],[-107.29165002236925,48.376017521303396],[-107.29164977736457,48.37601301194586],[-107.29162928327588,48.37600449810813]]],[[[-107.2917575380363,48.37602426556628],[-107.29171170492683,48.37604750068404],[-107.29175937197924,48.376064436778236],[-107.29175957218571,48.37606887466561],[-107.29208791334594,48.376214201385636],[-107.29210736170324,48.376200454188684],[-107.292138047845,48.37613730217004],[-107.29215126269182,48.37613259382095],[-107.29217076853138,48.37611875933875],[-107.29217056827517,48.376114321449336],[-107.2917575380363,48.37602426556628]]]]}"
00000000000000002bf4,1426,0,0,0,"{""type"":""Polygon"",""coordinates"":[[[-107.29181529947898,48.375965082399794],[-107.29179574885919,48.37597884529541],[-107.29179673718976,48.37600119346761],[-107.2917575380363,48.37602426556628],[-107.29217056827517,48.376114321449336],[-107.29220199774835,48.37606900834987],[-107.29222743879943,48.37603724346044],[-107.29223980773713,48.376014712110006],[-107.29181529947898,48.375965082399794]]]}"
00000000000000001e78,1427,0,0,0,"{""type"":""GeometryCollection"",""geometries"":[{""type"":""LineString"",""coordinates"":[[-107.2914018866768,48.37586612326998],[-107.29140858449931,48.3758659898003]]},{""type"":""Polygon"",""coordinates"":[[[-107.29223539526024,48.375916531049505],[-107.29188568310181,48.3758921881068],[-107.29187271338212,48.375901405742184],[-107.29185994387737,48.37591506125157],[-107.29186088743792,48.37593733792164],[-107.29184836294645,48.37595550279023],[-107.2918215329647,48.375956043612426],[-107.29181529947898,48.375965082399794],[-107.29223980773713,48.376014712110006],[-107.29224515490259,48.37598330930468],[-107.29223539526024,48.375916531049505]]]}]}"
00000000000000001e7f,1428,0,0,0,"{""type"":""MultiPolygon"",""coordinates"":[[[[-107.29140593020917,48.37580797654488],[-107.29140187303048,48.37586614939187],[-107.29140860924853,48.37586597057071],[-107.2914480084595,48.37584733655623],[-107.29147290226476,48.37580664060335],[-107.29140593020917,48.37580797654488]]],[[[-107.2922309827802,48.3758183501697],[-107.2918486534874,48.375812534024384],[-107.29184231768471,48.375821588609014],[-107.29187721510954,48.375852180065344],[-107.29189889785309,48.3758874798165],[-107.29188568310181,48.3758921881068],[-107.29223539526024,48.375916531049505],[-107.29223505226668,48.375907568010895],[-107.29223965144968,48.37586279601189],[-107.2922309827802,48.3758183501697]]]]}"
00000000000000001d1d,1429,0,0,0,"{""type"":""MultiPolygon"",""coordinates"":[[[[-107.29141067748488,48.37576326029904],[-107.29140593020917,48.37580797654488],[-107.29147290226476,48.37580664060335],[-107.29149760036238,48.375757037309306],[-107.29141067748488,48.37576326029904]]],[[[-107.29188537280129,48.37573590593587],[-107.29187893914595,48.375740506828954],[-107.29186122273481,48.375794440679364],[-107.2918486534874,48.375812534024384],[-107.2922309827802,48.3758183501697],[-107.2922295936455,48.37578712636154],[-107.29223335135866,48.37572006206451],[-107.29223310627974,48.3757155527355],[-107.29188537280129,48.37573590593587]]]]}"
00000000000000001e7b,1430,0,0,0,"{""type"":""MultiPolygon"",""coordinates"":[[[[-107.29220210900598,48.375622422468744],[-107.29195511481399,48.37564515739672],[-107.29195565797615,48.37565855824598],[-107.29193011918156,48.37568586915872],[-107.29193046210375,48.37569483216295],[-107.2919114592698,48.37571752637474],[-107.29188537280129,48.37573590593587],[-107.29223310627974,48.3757155527355],[-107.29220210900598,48.375622422468744]]],[[[-107.29155620262627,48.37572014700825],[-107.29152947524692,48.37572067191978],[-107.29152130570375,48.37568955549839],[-107.29140785580543,48.375700741232706],[-107.29140176492375,48.37571430510394],[-107.29141023234237,48.37575431309837],[-107.29141067748488,48.37576326029904],[-107.29149760036238,48.375757037309306],[-107.2914973553751,48.37575252797298],[-107.29154363330167,48.37573824029011],[-107.2915704630467,48.3757376995537],[-107.29155620262627,48.37572014700825]]]]}"
00000000000000001e7d,1431,0,0,0,"{""type"":""MultiPolygon"",""coordinates"":[[[[-107.29140978135874,48.37559350613728],[-107.2913969095185,48.37560717732607],[-107.2914062672042,48.3756650796079],[-107.29140785580543,48.375700741232706],[-107.29152130570375,48.37568955549839],[-107.29151120464515,48.37561381450588],[-107.29153684592256,48.37558648791772],[-107.29140978135874,48.37559350613728]]],[[[-107.29195104597724,48.37555593996636],[-107.29195169148868,48.37556932497251],[-107.29195372590722,48.37561393368022],[-107.29195511481399,48.37564515739672],[-107.29220210900598,48.375622422468744],[-107.29219413911339,48.37559574402306],[-107.29219908569088,48.37555546578296],[-107.29219834217344,48.37553762712215],[-107.29195104597724,48.37555593996636]]]]}"
00000000000000001e9a,1432,0,0,0,"{""type"":""MultiPolygon"",""coordinates"":[[[[-107.29146560638935,48.37549416866316],[-107.29146645189799,48.37551199150399],[-107.2914537802748,48.37553010052234],[-107.29143512014751,48.37556175755885],[-107.29140978135874,48.37559350613728],[-107.29153684592256,48.37558648791772],[-107.2915558488311,48.375563793833905],[-107.29156584110963,48.37548769112544],[-107.29146560638935,48.37549416866316]]],[[[-107.29218823966615,48.375461886453394],[-107.29218759406554,48.37544850147807],[-107.29192004960089,48.37546280986473],[-107.29192732893772,48.37547603181324],[-107.29195554751561,48.37550671460963],[-107.29195084574391,48.37555150212276],[-107.29195104597724,48.37555593996636],[-107.29219834217344,48.37553762712215],[-107.29219081763345,48.37551989586948],[-107.29219695305294,48.375506403477566],[-107.29218823966615,48.375461886453394]]]]}"
00000000000000001e84,1433,0,0,0,"{""type"":""MultiPolygon"",""coordinates"":[[[[-107.29217001189582,48.3753551012064],[-107.2919028686113,48.37537828515842],[-107.29192004960089,48.37546280986473],[-107.29218759406554,48.37544850147807],[-107.29219308386837,48.37542162413631],[-107.29217001189582,48.3753551012064]]],[[[-107.29162969256953,48.37541494487919],[-107.29165686496403,48.37542336708851],[-107.2917059198915,48.37547152665618],[-107.29171859140422,48.37545341762727],[-107.29171770095975,48.375435523338325],[-107.29171740289651,48.37542663184878],[-107.29169626366625,48.37540473313986],[-107.29170255460194,48.375395607164045],[-107.29162241337262,48.37540172291974],[-107.29162969256953,48.37541494487919]]],[[[-107.29156915472281,48.37541168006221],[-107.29156895453501,48.37540724222867],[-107.29146228641339,48.375418320590796],[-107.29145753928402,48.37546303654615],[-107.29146560638935,48.37549416866316],[-107.29156584110963,48.37548769112544],[-107.2915711886836,48.37545628865771],[-107.29159717265756,48.37543792510225],[-107.29161018704264,48.375428779061],[-107.2916231566124,48.375419561546565],[-107.29162969256953,48.37541494487919],[-107.29156915472281,48.37541168006221]]]]}"
00000000000000001e9b,1434,0,0,0,"{""type"":""MultiPolygon"",""coordinates"":[[[[-107.2921549629107,48.37531963882095],[-107.29215377407652,48.375292853123355],[-107.29215312848527,48.375279468189994],[-107.29215258524208,48.3752660674392],[-107.2921523849822,48.37526162962083],[-107.29187227292614,48.37529403098946],[-107.2919028686113,48.37537828515842],[-107.29217001189582,48.3753551012064],[-107.2921549629107,48.37531963882095]]],[[[-107.2917123463092,48.37531506686458],[-107.29145906426218,48.375346926275085],[-107.29145926443701,48.375351364104155],[-107.29144629487577,48.375360581584474],[-107.29146139609415,48.37540042630808],[-107.29146228641339,48.375418320590796],[-107.29156895453501,48.37540724222867],[-107.2915816260701,48.37538913323909],[-107.29162216836775,48.37539721361423],[-107.29162241337262,48.37540172291974],[-107.29170255460194,48.375395607164045],[-107.29171536875455,48.37538202328578],[-107.2916613668438,48.375374141859325],[-107.29167369097432,48.375351539388916],[-107.29172813808837,48.37536836793649],[-107.2917123463092,48.37531506686458]]]]}"
00000000000000001e7a,1435,0,0,0,"{""type"":""MultiPolygon"",""coordinates"":[[[[-107.29212223403947,48.375186322826366],[-107.29211470959619,48.375168591682126],[-107.29184855618648,48.375214123201886],[-107.29185668115922,48.37524516783909],[-107.29187128452428,48.375271683116296],[-107.29187227292614,48.37529403098946],[-107.2921523849822,48.37526162962083],[-107.29215119614747,48.37523484395236],[-107.29212223403947,48.375186322826366]]],[[[-107.29169550873793,48.37523950527133],[-107.29160230872756,48.37525469553036],[-107.2915899846016,48.37527729795045],[-107.29159191624932,48.37532192225239],[-107.29157132471157,48.37530895485725],[-107.29153642812258,48.375278363580385],[-107.29153578275819,48.375264978640786],[-107.29146945697747,48.37527969952988],[-107.2914704451326,48.375302047416795],[-107.29145906426218,48.375346926275085],[-107.2917123463092,48.37531506686458],[-107.29169550873793,48.37523950527133]]]]}"
00000000000000001e88,1436,0,0,0,"{""type"":""MultiPolygon"",""coordinates"":[[[[-107.2916122029203,48.37517413963032],[-107.29164620909633,48.375186836612926],[-107.2916521444096,48.37516890652449],[-107.29165189939964,48.37516439723887],[-107.2916122029203,48.37517413963032]]],[[[-107.29177821945837,48.37513954024989],[-107.291758268874,48.37514442729152],[-107.29175871410996,48.37515337438585],[-107.29176698166783,48.37518894410461],[-107.29178648703503,48.37517510995727],[-107.29177821945837,48.37513954024989]]],[[[-107.29163997572857,48.3751958752555],[-107.29162734909978,48.37521405565753],[-107.29161433479722,48.37522320166217],[-107.29160210853465,48.375250257710086],[-107.29160230872756,48.37525469553036],[-107.29169550873793,48.37523950527133],[-107.29169516586627,48.375230542341534],[-107.29163997572857,48.3751958752555]]],[[[-107.29151464376015,48.37524307995244],[-107.29151914577503,48.37519385489296],[-107.29145925370868,48.37520397493079],[-107.29145969887028,48.37521292203839],[-107.291468166298,48.3752529296512],[-107.29146945697747,48.37527969952988],[-107.29153578275819,48.375264978640786],[-107.29153513739378,48.37525159370453],[-107.29151464376015,48.37524307995244]]],[[[-107.29210763048162,48.375159807634645],[-107.2920860457483,48.37512896203772],[-107.29210559584332,48.37511519931576],[-107.29209099232284,48.37508868415593],[-107.29208366816493,48.37507539084373],[-107.29179806769437,48.375134669024966],[-107.29179871315783,48.37514805392758],[-107.2918411342403,48.375196376202744],[-107.29184855618648,48.375214123201886],[-107.29211470959619,48.375168591682126],[-107.29210763048162,48.375159807634645]]]]}"
00000000000000001e9c,1437,0,0,0,"{""type"":""MultiPolygon"",""coordinates"":[[[[-107.292068664174,48.37504000009856],[-107.2920328235122,48.37498713288899],[-107.29170104461221,48.37506515199913],[-107.29170169004135,48.375078536885816],[-107.29175752556007,48.37512658875969],[-107.291758268874,48.37514442729152],[-107.29177821945837,48.37513954024989],[-107.29177781902807,48.37513066463075],[-107.29179786747676,48.37513023121572],[-107.29179806769437,48.375134669024966],[-107.29208366816493,48.37507539084373],[-107.292068664174,48.37504000009856]]],[[[-107.29163590760204,48.37510665854571],[-107.29160833505362,48.375089360760526],[-107.29160145630598,48.37508501449054],[-107.29143564035232,48.37512405133004],[-107.2914361833354,48.37513745205578],[-107.29143069309373,48.375164329222144],[-107.29145925370868,48.37520397493079],[-107.29151914577503,48.37519385489296],[-107.29151860276274,48.375180454154254],[-107.29149018472374,48.37514533358702],[-107.29152245939402,48.375117844250155],[-107.2915918071372,48.37517007954031],[-107.2916122029203,48.37517413963032],[-107.29165189939964,48.37516439723887],[-107.2916509559387,48.37514212088721],[-107.2916634801838,48.37512395632776],[-107.29163590760204,48.37510665854571]]]]}"
00000000000000001e81,1438,0,0,0,"{""type"":""MultiPolygon"",""coordinates"":[[[[-107.29201876329726,48.37497401845499],[-107.29201842034215,48.37496505557311],[-107.29197515340456,48.37489891095734],[-107.29157818550166,48.375014054003486],[-107.2915791289228,48.37503633030337],[-107.2916059581693,48.3750357895768],[-107.29165178997617,48.375012554983435],[-107.29167936250477,48.37502985273174],[-107.29169396564538,48.37505636793447],[-107.29170094675314,48.375060698374945],[-107.29170104461221,48.37506515199913],[-107.2920328235122,48.37498713288899],[-107.29201876329726,48.37497401845499]]],[[[-107.29156754809475,48.375076771138964],[-107.29155314524681,48.375054693708066],[-107.29153265170905,48.375046179988814],[-107.29153834204355,48.37502374067991],[-107.29126694531774,48.37510065683464],[-107.29128100519273,48.37511377141839],[-107.29129397467861,48.37510455400498],[-107.29132743762017,48.37510385036871],[-107.29135995728751,48.37508087038714],[-107.2914345946749,48.375101790809765],[-107.29143499502197,48.375110666427645],[-107.2914354401788,48.375119613519814],[-107.29143564035232,48.37512405133004],[-107.29160145630598,48.37508501449054],[-107.29156754809475,48.375076771138964]]]]}"
00000000000000001e80,1439,0,0,0,"{""type"":""GeometryCollection"",""geometries"":[{""type"":""LineString"",""coordinates"":[[-107.29126026543987,48.37510076045281],[-107.29126696316267,48.37510062699294]]},{""type"":""Polygon"",""coordinates"":[[[-107.29193267930606,48.37484620687633],[-107.29191807602335,48.374819691818],[-107.29190377088091,48.37480206815199],[-107.29165415980275,48.37491426834656],[-107.29166198200622,48.374940890857154],[-107.29158892070954,48.374955790557266],[-107.29158857785963,48.374946827674236],[-107.29155561318875,48.374960860605036],[-107.29156249190599,48.374965206868964],[-107.29152299584632,48.37497938697884],[-107.29135223312475,48.37505870140145],[-107.29134614235603,48.37507226510294],[-107.2913322826234,48.375063588345135],[-107.29126694531774,48.37510065683464],[-107.29153834204355,48.37502374067991],[-107.29153769667343,48.3750103558044],[-107.29153650827999,48.374983570243394],[-107.2915770949234,48.37499172206043],[-107.29157818550166,48.375014054003486],[-107.29197515340456,48.37489891095734],[-107.29193267930606,48.37484620687633]]]}]}"
00000000000000001e83,1440,0,0,0,"{""type"":""GeometryCollection"",""geometries"":[{""type"":""LineString"",""coordinates"":[[-107.29135632401628,48.37500059012769],[-107.29136296501945,48.375000457792424]]},{""type"":""Polygon"",""coordinates"":[[[-107.29188253393096,48.37477571613691],[-107.29179303565621,48.37472393067142],[-107.29157807631714,48.37486221217015],[-107.29165331418629,48.37489644570994],[-107.29165415980275,48.37491426834656],[-107.29190377088091,48.37480206815199],[-107.29188253393096,48.37477571613691]]]},{""type"":""Polygon"",""coordinates"":[[[-107.2914683941333,48.37495819209432],[-107.29142825275592,48.37495898729899],[-107.29136296868059,48.37500043792286],[-107.29136296501945,48.375000457792424],[-107.29135223312475,48.37505870140145],[-107.29152299584632,48.37497938697884],[-107.29151547177139,48.37496165584719],[-107.2914683941333,48.37495819209432]]]},{""type"":""Polygon"",""coordinates"":[[[-107.29129783165827,48.37504194419021],[-107.29129119794482,48.375042107177066],[-107.29123249438356,48.37507901264047],[-107.29123269453262,48.37508345044837],[-107.29126006663428,48.375096310537664],[-107.29126026678658,48.37510074834687],[-107.2913322826234,48.375063588345135],[-107.29129783165827,48.37504194419021]]]},{""type"":""Polygon"",""coordinates"":[[[-107.29151547177139,48.37496165584719],[-107.29155561318875,48.374960860605036],[-107.29158857785963,48.374946827674236],[-107.29158813266291,48.37493788061279],[-107.29157431769326,48.37492927538545],[-107.29154595728862,48.37489406770523],[-107.29151289482836,48.3749036469945],[-107.29150635896181,48.37490826360734],[-107.29150710215933,48.37492610207101],[-107.29150774751983,48.37493948692582],[-107.29150819269675,48.374948433988415],[-107.29151547177139,48.37496165584719]]]}]}"
00000000000000001e91,1441,0,0,0,"{""type"":""MultiPolygon"",""coordinates"":[[[[-107.29150615877818,48.37490382581549],[-107.29150635896181,48.37490826360734],[-107.29151289482836,48.3749036469945],[-107.29150615877818,48.37490382581549]]],[[[-107.29137974191681,48.37492422869707],[-107.29133207665033,48.37490729273154],[-107.2912800070248,48.37494403513563],[-107.2913076240277,48.37496140444953],[-107.29130139064446,48.37497044303231],[-107.29135633497005,48.37500060091399],[-107.29142825275592,48.37495898729899],[-107.29137974191681,48.37492422869707]]],[[[-107.29128367399043,48.37502437600334],[-107.29124952106287,48.37501162326785],[-107.29121507022286,48.374989979101194],[-107.29115027590278,48.37504044816274],[-107.29119804350148,48.375057368441404],[-107.29123249438356,48.37507901264047],[-107.29129119794482,48.375042107177066],[-107.29128367399043,48.37502437600334]]],[[[-107.2917303667309,48.3746716044127],[-107.29170254939267,48.374649797548244],[-107.29150763859249,48.37478764529827],[-107.29152837697882,48.37480066824043],[-107.29154208953958,48.3748092892752],[-107.29155594926473,48.37481796596154],[-107.29157119761473,48.37485786591537],[-107.29157807631714,48.37486221217015],[-107.29179303565621,48.37472393067142],[-107.2917303667309,48.3746716044127]]]]}"
00000000000000001e89,1442,0,0,0,"{""type"":""MultiPolygon"",""coordinates"":[[[[-107.29129084498011,48.374885755969345],[-107.29125792517159,48.374899860253215],[-107.29127337333013,48.37494419812047],[-107.2912800070248,48.37494403513563],[-107.29133207665033,48.37490729273154],[-107.29132529580285,48.37490740006697],[-107.29133123119142,48.37488947009044],[-107.29129084498011,48.374885755969345]]],[[[-107.29120833417784,48.374990157901465],[-107.29118076204092,48.374972860020975],[-107.29118645255015,48.37495042075934],[-107.29111206074867,48.37493400945595],[-107.2910342521931,48.37499362428005],[-107.29106182423119,48.3750109222118],[-107.29115027590278,48.37504044816274],[-107.29121507022286,48.374989979101194],[-107.29120833417784,48.374990157901465]]],[[[-107.2916815129161,48.37462788332477],[-107.29164126946024,48.37462869442676],[-107.29160112836655,48.37462948969152],[-107.29159949470649,48.37459375732082],[-107.29141739802762,48.374718021048395],[-107.29144476999295,48.37473088100038],[-107.29146620668591,48.374761670880964],[-107.2914942240722,48.3747879156449],[-107.29150763859249,48.37478764529827],[-107.29170254939267,48.374649797548244],[-107.2916815129161,48.37462788332477]]]]}"
00000000000000001e98,1443,0,0,0,"{""type"":""MultiPolygon"",""coordinates"":[[[[-107.29109211033774,48.37493889633604],[-107.29108543184827,48.37493898783478],[-107.2910342521931,48.37499362428005],[-107.29111206074867,48.37493400945595],[-107.29109211033774,48.37493889633604]]],[[[-107.29154370503096,48.37454577728123],[-107.29150410708968,48.374559973079904],[-107.291464509135,48.374574168866374],[-107.29144367307141,48.3745566923788],[-107.29132830132319,48.374675110720595],[-107.29134191594422,48.37467927817294],[-107.29141739802762,48.374718021048395],[-107.29159949470649,48.37459375732082],[-107.29159864910827,48.37457593479043],[-107.29154370503096,48.37454577728123]]]]}"
00000000000000001ebb,1444,0,0,0,"{""type"":""MultiPolygon"",""coordinates"":[[[[-107.29095020115874,48.37491488926787],[-107.2909171387447,48.374924468354756],[-107.2910342521931,48.37499362428005],[-107.29108543184827,48.37493898783478],[-107.29095020115874,48.37491488926787]]],[[[-107.29143679444802,48.374552346137314],[-107.29138882706816,48.37453098836634],[-107.29134729774599,48.374500560433866],[-107.29119886383344,48.37462855765955],[-107.29124672877724,48.37464993138633],[-107.29132830132319,48.374675110720595],[-107.29144367307141,48.3745566923788],[-107.29143679444802,48.374552346137314]]]]}"
00000000000000001ebe,1445,0,0,0,"{""type"":""Polygon"",""coordinates"":[[[-107.29133323804727,48.3744874460062],[-107.29126453732539,48.37444859588946],[-107.2910947650532,48.37455025658056],[-107.29112278191668,48.37457650136195],[-107.29113778470551,48.37461189197755],[-107.29119212785535,48.37462873645578],[-107.29119886383344,48.37462855765955],[-107.29134729774599,48.374500560433866],[-107.29133323804727,48.3744874460062]]]}"
00000000000000001ec3,1446,0,0,0,"{""type"":""Polygon"",""coordinates"":[[[-107.29125755641027,48.374444265462145],[-107.29122216282934,48.374400345464565],[-107.29119468889608,48.374387501338795],[-107.2911876102018,48.37437871734161],[-107.29099784780863,48.37448072369904],[-107.29100492646002,48.374489507728114],[-107.29103957679168,48.374515589544586],[-107.2910738269165,48.37453279583314],[-107.2910947650532,48.37455025658056],[-107.29126453732539,48.37444859588946],[-107.29125755641027,48.374444265462145]]]}"
00000000000000001ec6,1447,0,0,0,"{""type"":""Polygon"",""coordinates"":[[[-107.29117405326477,48.374374462595746],[-107.29113950070631,48.37435283446423],[-107.2911389578145,48.374339433931745],[-107.29111761947478,48.374313097771484],[-107.2909203337371,48.37439737285607],[-107.29092721223364,48.374401719125125],[-107.29096898584426,48.374436656426404],[-107.29099784780863,48.37448072369904],[-107.2911876102018,48.37437871734161],[-107.29117405326477,48.374374462595746]]]}"
00000000000000001eb3,1448,0,0,0,"{""type"":""Polygon"",""coordinates"":[[[-107.29109658365104,48.37429118354186],[-107.29108178114296,48.37426023086908],[-107.29108089098138,48.3742423369676],[-107.29086904824506,48.37430016834026],[-107.29085662180525,48.374322786079865],[-107.29087088131465,48.374340338292114],[-107.29087117919025,48.374349229607844],[-107.29089919568871,48.374375474364705],[-107.2909203337371,48.37439737285607],[-107.29111761947478,48.374313097771484],[-107.29109658365104,48.37429118354186]]]}"
00000000000000001ec0,1449,0,0,0,"{""type"":""Polygon"",""coordinates"":[[[-107.29105213139236,48.37419825409697],[-107.29105158852914,48.374184853602124],[-107.29081751811282,48.37419845475892],[-107.29082568680207,48.37422957039141],[-107.29086904824506,48.37430016834026],[-107.29108089098138,48.3742423369676],[-107.29108059305304,48.37423344567168],[-107.29105213139236,48.37419825409697]]]}"
00000000000000001e93,1450,0,0,0,"{""type"":""MultiPolygon"",""coordinates"":[[[[-107.29067328154453,48.37412094868447],[-107.29064645322572,48.37412148911787],[-107.29068219290565,48.374169902514296],[-107.29076945410164,48.374172643238566],[-107.29067328154453,48.37412094868447]]],[[[-107.29077331168533,48.37411003452408],[-107.290780635112,48.374123327713946],[-107.29079519236689,48.374149771157796],[-107.29078306839666,48.37417681073907],[-107.2908102394652,48.37418523302575],[-107.29081751811282,48.37419845475892],[-107.29105158852914,48.374184853602124],[-107.29106771659067,48.374095260942795],[-107.2911542879591,48.374084545187046],[-107.29077331168533,48.37411003452408]]],[[[-107.29058057479807,48.37414515595435],[-107.29054033233577,48.3741459665628],[-107.29053280894075,48.37412823561419],[-107.29025236664158,48.374151668499934],[-107.29050059236604,48.374155636803586],[-107.29054152003222,48.374172751732914],[-107.29056834835836,48.37417221132809],[-107.29059517669174,48.3741716709156],[-107.29059428676737,48.37415377703331],[-107.29058057479807,48.37414515595435]]]]}"
00000000000000001e90,1451,0,0,0,"{""type"":""MultiPolygon"",""coordinates"":[[[[-107.29049930235524,48.374128867459426],[-107.29053280894075,48.37412823561419],[-107.29053260887035,48.37412379788237],[-107.29050543799234,48.37411537552207],[-107.29049930235524,48.374128867459426]]],[[[-107.29049930235524,48.374128867459426],[-107.2904855904311,48.3741202463698],[-107.29050543799234,48.37411537552207],[-107.29050499305153,48.37410642858867],[-107.29056434025327,48.374082908932635],[-107.290624972917,48.374090627922136],[-107.29064645322572,48.37412148911787],[-107.29067328154453,48.37412094868447],[-107.29067169357383,48.374085288088374],[-107.29075861190069,48.37407906607823],[-107.29077331168533,48.37411003452408],[-107.2911542879591,48.374084545187046],[-107.29118091624562,48.374079566884475],[-107.29113037331638,48.374000201260074],[-107.2910494477317,48.37398840665511],[-107.29023756502053,48.374120715755666],[-107.29024563081668,48.37415184722434],[-107.29025236664158,48.374151668499934],[-107.29049930235524,48.374128867459426]],[[-107.29049791462161,48.37409764458029],[-107.29048474536583,48.374102423974406],[-107.29050499305153,48.37410642858867],[-107.29049791462161,48.37409764458029]],[[-107.29045208386961,48.374120878197864],[-107.29046509787581,48.37411173254725],[-107.29045143888139,48.37410749353208],[-107.29045208386961,48.374120878197864]],[[-107.2904443604682,48.374098709519146],[-107.29043119121297,48.37410348890601],[-107.29045143888139,48.37410749353208],[-107.2904443604682,48.374098709519146]]]]}"
00000000000000001ece,1452,0,0,0,"{""type"":""Polygon"",""coordinates"":[[[-107.29102915512001,48.373984330695876],[-107.29101415264516,48.37394894047201],[-107.29099202683673,48.37390469486007],[-107.29073920095375,48.37394549814868],[-107.29074647953206,48.37395871982952],[-107.29072618703796,48.373954643805604],[-107.29071920631452,48.37395031337444],[-107.29067253061856,48.37395572468557],[-107.29066728502777,48.37398711040975],[-107.29060125969544,48.37401072154149],[-107.2905812121059,48.374011154676026],[-107.29056111971386,48.37401151633447],[-107.29054770560913,48.3740117865345],[-107.29046692323563,48.374004516431185],[-107.29045361149012,48.374004770799154],[-107.29041990498699,48.374000964889596],[-107.29031333967318,48.374016495096726],[-107.29021385272294,48.37404080921091],[-107.2902211310867,48.374054030960615],[-107.29023756502053,48.374120715755666],[-107.2910494477317,48.37398840665511],[-107.29102915512001,48.373984330695876]]]}"
00000000000000001e8e,1453,0,0,0,"{""type"":""MultiPolygon"",""coordinates"":[[[[-107.29041292431492,48.37399663443112],[-107.29037932018177,48.3739928126888],[-107.29031333967318,48.374016495096726],[-107.29041990498699,48.374000964889596],[-107.29041292431492,48.37399663443112]]],[[[-107.29067039990984,48.37390666376975],[-107.29067629055513,48.37388866269706],[-107.29064990738293,48.37389815002001],[-107.2906786661694,48.373942232783165],[-107.29067253061856,48.37395572468557],[-107.29071920631452,48.37395031337444],[-107.29067039990984,48.37390666376975]]],[[[-107.29098494828675,48.37389591092386],[-107.29098420531429,48.373878072795186],[-107.29095693202814,48.37386966642204],[-107.2909214945924,48.373825675291656],[-107.29092064930579,48.37380785300419],[-107.29069613800642,48.3738837918339],[-107.29070999707986,48.37389246850812],[-107.29073920095375,48.37394549814868],[-107.29099202683673,48.37390469486007],[-107.29098494828675,48.37389591092386]]]]}"
00000000000000001e92,1454,0,0,0,"{""type"":""MultiPolygon"",""coordinates"":[[[[-107.29032546385794,48.37398945565058],[-107.29028487912844,48.373981303409735],[-107.29023840359073,48.37399115223187],[-107.29019237291723,48.374009947952445],[-107.29019281778235,48.374018894873025],[-107.29021385272294,48.37404080921091],[-107.29031333967318,48.374016495096726],[-107.29037932018177,48.3739928126888],[-107.29032546385794,48.37398945565058]]],[[[-107.29089659278827,48.37371898445265],[-107.29088253358714,48.373705870138735],[-107.29060654685382,48.37382755248154],[-107.29063506063757,48.37386712602064],[-107.29064966249003,48.373893640836364],[-107.29064990738293,48.37389815002001],[-107.29067629055513,48.37388866269706],[-107.2906826261816,48.37387960852207],[-107.29069613800642,48.3738837918339],[-107.29092064930579,48.37380785300419],[-107.29089659278827,48.37371898445265]]]]}"
00000000000000001e8d,1455,0,0,0,"{""type"":""MultiPolygon"",""coordinates"":[[[[-107.29019192805211,48.37400100103337],[-107.29019237291723,48.374009947952445],[-107.29023840359073,48.37399115223187],[-107.29019192805211,48.37400100103337]]],[[[-107.29085456236952,48.37367969716592],[-107.29082620370815,48.37364449005443],[-107.29078501869829,48.37362302500961],[-107.29058912459541,48.373738520870766],[-107.29060288123384,48.373747213357674],[-107.29060382410518,48.37376948915167],[-107.29060426907462,48.37377843602733],[-107.29060471404406,48.37378738290449],[-107.29060610188445,48.37381860559765],[-107.29060654685382,48.37382755248154],[-107.29088253358714,48.373705870138735],[-107.29085456236952,48.37367969716592]]]]}"
00000000000000001e95,1456,0,0,0,"{""type"":""Polygon"",""coordinates"":[[[-107.29075675792164,48.37359227141648],[-107.2907024615088,48.37357549844182],[-107.29067489074635,48.37355820084042],[-107.29047953956815,48.373687096704664],[-107.29050691019903,48.37369995670888],[-107.2905340807833,48.37370837901057],[-107.29055477323277,48.37372133045637],[-107.29058912459541,48.373738520870766],[-107.29078501869829,48.37362302500961],[-107.29075675792164,48.37359227141648]]]}"
00000000000000001ead,1457,0,0,0,"{""type"":""Polygon"",""coordinates"":[[[-107.29057926263165,48.373519907074524],[-107.29053847815942,48.37350731732387],[-107.29052472162911,48.37349862486411],[-107.29051798590399,48.37349880360289],[-107.2904044486236,48.37365738789398],[-107.29047953956815,48.373687096704664],[-107.29067489074635,48.37355820084042],[-107.29057926263165,48.373519907074524]]]}"
00000000000000001ea8,1458,0,0,0,"{""type"":""Polygon"",""coordinates"":[[[-107.29051090757112,48.37349001969313],[-107.29046947817737,48.373464045414735],[-107.29042889391404,48.373455893303245],[-107.29039509019898,48.37344763391707],[-107.2902886310075,48.37361500186271],[-107.29030922092387,48.37362796916171],[-107.29037039988457,48.37364461930802],[-107.2904044486236,48.37365738789398],[-107.29051798590399,48.37349880360289],[-107.29051090757112,48.37349001969313]]]}"
00000000000000001ea3,1459,0,0,0,"{""type"":""GeometryCollection"",""geometries"":[{""type"":""LineString"",""coordinates"":[[-107.29028839341294,48.373610556162085],[-107.29028859333107,48.373615011495964]]},{""type"":""Polygon"",""coordinates"":[[[-107.29036118416983,48.373439390337765],[-107.29034777030076,48.37343966050103],[-107.29032767826865,48.373440022097654],[-107.2902930296386,48.37341394050764],[-107.29027263524696,48.37340988023647],[-107.29016662063819,48.37358619478316],[-107.29017335635457,48.373586016068934],[-107.29028839341294,48.373610556162085],[-107.29028843096332,48.373610564172445],[-107.29039509019898,48.37344763391707],[-107.29036118416983,48.373439390337765]]]}]}"
00000000000000001ea4,1460,0,0,0,"{""type"":""Polygon"",""coordinates"":[[[-107.29019106706883,48.37338470049312],[-107.29011786701736,48.373395073583104],[-107.29005134632425,48.3735572088501],[-107.29012563639803,48.37356916714756],[-107.29016662063819,48.37358619478316],[-107.29027263524696,48.37340988023647],[-107.29019106706883,48.37338470049312]]]}"
00000000000000001eab,1461,0,0,0,"{""type"":""Polygon"",""coordinates"":[[[-107.29009128420864,48.3734001229814],[-107.29002976346312,48.37337451008257],[-107.2900029358679,48.37337505031043],[-107.2899824439274,48.373366536488405],[-107.28993018145529,48.37354622369786],[-107.28997042300588,48.37354541337713],[-107.29005134632425,48.3735572088501],[-107.29011786701736,48.373395073583104],[-107.29009128420864,48.3734001229814]]]}"
00000000000000001eac,1462,0,0,0,"{""type"":""Polygon"",""coordinates"":[[[-107.28994864055902,48.37335827695024],[-107.28984098791467,48.373351475089656],[-107.2898130755343,48.37332521466589],[-107.28979926181117,48.37331660941213],[-107.28983604446687,48.373539135898554],[-107.28986321458204,48.37354755837639],[-107.28993018145529,48.37354622369786],[-107.2899824439274,48.373366536488405],[-107.28994864055902,48.37335827695024]]]}"
00000000000000001ea9,1463,0,0,0,"{""type"":""Polygon"",""coordinates"":[[[-107.28979926181117,48.37331660941213],[-107.2897775828225,48.37328131079453],[-107.28975749099823,48.373281672265605],[-107.28975887813742,48.37331289469256],[-107.28975986531289,48.37333524179734],[-107.28972185589525,48.37338509664418],[-107.28967562603711,48.373399454207885],[-107.28966221227984,48.373399724272424],[-107.28972928097077,48.373550227590115],[-107.28981579730737,48.37353513117264],[-107.28983604446687,48.373539135898554],[-107.28979926181117,48.37331660941213]]]}"
00000000000000001e96,1464,0,0,0,"{""type"":""Polygon"",""coordinates"":[[[-107.28966221227984,48.373399724272424],[-107.28957515401133,48.37340142018345],[-107.28957594111228,48.37341932965217],[-107.28957634102969,48.37342820500855],[-107.28954951352429,48.3734287451081],[-107.28957604270387,48.37357116757018],[-107.28967617278892,48.373560238907665],[-107.28972928097077,48.373550227590115],[-107.28966221227984,48.373399724272424]]]}"
00000000000000001eaa,1465,0,0,0,"{""type"":""Polygon"",""coordinates"":[[[-107.28954951352429,48.3734287451081],[-107.28951605272498,48.373429448048924],[-107.28948254713349,48.37343007950621],[-107.28942943920615,48.373440090658384],[-107.28942265876529,48.373440197846314],[-107.28943577363265,48.373582890421936],[-107.28954253696281,48.373571799053835],[-107.28957604270387,48.37357116757018],[-107.28954951352429,48.3734287451081]]]}"
00000000000000001e94,1466,0,0,0,"{""type"":""Polygon"",""coordinates"":[[[-107.28942265876529,48.373440197846314],[-107.28941602546911,48.37344036068826],[-107.28939593363586,48.37344072208505],[-107.28936158354362,48.373423531308],[-107.28930763115761,48.3734157202006],[-107.2892751152997,48.37358608323799],[-107.28939563461043,48.37358368469742],[-107.28942246218438,48.373583144637514],[-107.28943577363265,48.373582890421936],[-107.28942265876529,48.373440197846314]]]}"
00000000000000001eb1,1467,0,0,0,"{""type"":""Polygon"",""coordinates"":[[[-107.28930095307092,48.37341581156251],[-107.28927412565271,48.37341635158285],[-107.28924740058255,48.37341687577855],[-107.28921972871433,48.37339959359685],[-107.2891727119982,48.37339604144655],[-107.28914073777138,48.373579804756794],[-107.28916102953254,48.373583881105375],[-107.2892751152997,48.37358608323799],[-107.28930763115761,48.3734157202006],[-107.28930095307092,48.37341581156251]]]}"
00000000000000001eb5,1468,0,0,0,"{""type"":""Polygon"",""coordinates"":[[[-107.28915242033372,48.37339196511235],[-107.289091487856,48.373379823373085],[-107.28907238287643,48.37340253184983],[-107.28902556613957,48.37340341730419],[-107.28901937443669,48.37356438072277],[-107.28909321873863,48.37356739299114],[-107.28914073777138,48.373579804756794],[-107.2891727119982,48.37339604144655],[-107.28915242033372,48.37339196511235]]]}"
00000000000000001eaf,1469,0,0,0,"{""type"":""Polygon"",""coordinates"":[[[-107.28899210554827,48.37340412005698],[-107.28897869188636,48.37340439002374],[-107.28896527822623,48.37340465998856],[-107.28893177285313,48.37340529124799],[-107.28889153189722,48.37340610111661],[-107.28888499741227,48.37355810187377],[-107.28890508919996,48.37355774058414],[-107.28901937443669,48.37356438072277],[-107.28902556613957,48.37340341730419],[-107.28899210554827,48.37340412005698]]]}"
00000000000000001eb2,1470,0,0,0,"{""type"":""Polygon"",""coordinates"":[[[-107.28877081394722,48.37340406130517],[-107.28874388917103,48.37340014767626],[-107.28877155663018,48.37356928381786],[-107.28883807823094,48.37355900305863],[-107.28888499741227,48.37355810187377],[-107.28889153189722,48.37340610111661],[-107.28877081394722,48.37340406130517]]]}"
00000000000000001eae,1471,0,0,0,"{""type"":""Polygon"",""coordinates"":[[[-107.28874388917103,48.37340014767626],[-107.2886694011691,48.37338375062023],[-107.28862228247321,48.37338021400891],[-107.28862465530112,48.373581168256464],[-107.28868484094387,48.373579941596304],[-107.28877155663018,48.37356928381786],[-107.28874388917103,48.37340014767626]]]}"
00000000000000001ed1,1472,0,0,0,"{""type"":""Polygon"",""coordinates"":[[[-107.28855511699314,48.37337711006106],[-107.28840440742403,48.373603368626085],[-107.28839198009963,48.37362598577378],[-107.28840207431644,48.373701724443094],[-107.28838296887548,48.373724432931624],[-107.28839306307901,48.373800171742104],[-107.28838895705478,48.37385827090058],[-107.28840197117198,48.37384912557158],[-107.28841459839475,48.37383094604376],[-107.28843973772553,48.37379476158043],[-107.2884572125605,48.37373632112393],[-107.28848265395264,48.373704558607116],[-107.2884525126294,48.37362925261738],[-107.2885107702412,48.37358340302645],[-107.28859782795514,48.37358170808787],[-107.28862465530112,48.373581168256464],[-107.28862228247321,48.37338021400891],[-107.28855511699314,48.37337711006106]]]}"
00000000000000001f18,1473,0,0,0,"{""type"":""Polygon"",""coordinates"":[[[-107.28852839215494,48.37337763405054],[-107.28846622932093,48.37333863560251],[-107.28829259858817,48.37350289708419],[-107.28835407234833,48.373528439739744],[-107.28841603546798,48.37356300070062],[-107.28840440742403,48.373603368626085],[-107.28855511699314,48.37337711006106],[-107.28852839215494,48.37337763405054]]]}"
00000000000000001f15,1474,0,0,0,"{""type"":""Polygon"",""coordinates"":[[[-107.28841772481779,48.37330387640153],[-107.28836966485433,48.37327806401164],[-107.28818282041772,48.373447032670875],[-107.28821781371275,48.37347760844133],[-107.28829259858817,48.37350289708419],[-107.28846622932093,48.37333863560251],[-107.28841772481779,48.37330387640153]]]}"
00000000000000001f12,1475,0,0,0,"{""type"":""Polygon"",""coordinates"":[[[-107.28832180478864,48.37325668927847],[-107.28830804920383,48.37324799651834],[-107.28828082258485,48.3732396609098],[-107.28826028670359,48.37323107524842],[-107.28809254763205,48.37337733525918],[-107.28809966998311,48.37338619082059],[-107.28814065217607,48.37340321931358],[-107.288141296328,48.37341660383923],[-107.28818282041772,48.373447032670875],[-107.28836966485433,48.37327806401164],[-107.28832180478864,48.37325668927847]]]}"
00000000000000001f02,1476,0,0,0,"{""type"":""Polygon"",""coordinates"":[[[-107.28825345372667,48.37322680033773],[-107.28822608489533,48.373213939760284],[-107.28816436722138,48.37318388801881],[-107.28797589262025,48.37331712431531],[-107.28799009243215,48.37333476396636],[-107.28807205656432,48.37336882100734],[-107.28809254763205,48.37337733525918],[-107.28826028670359,48.37323107524842],[-107.28825345372667,48.37322680033773]]]}"
00000000000000001eb6,1477,0,0,0,"{""type"":""Polygon"",""coordinates"":[[[-107.2881165074992,48.37316251321246],[-107.2881026496873,48.373153836251106],[-107.28806166779279,48.37313680781401],[-107.28804083485848,48.37311933098068],[-107.28787343784639,48.37327455293541],[-107.28794812438376,48.37329538828154],[-107.28797589262025,48.37331712431531],[-107.28816436722138,48.37318388801881],[-107.2881165074992,48.37316251321246]]]}"
00000000000000001eb7,1478,0,0,0,"{""type"":""Polygon"",""coordinates"":[[[-107.28803385480414,48.37311500040537],[-107.28800648619429,48.37310213978675],[-107.28800594442478,48.373088739522544],[-107.28799213148095,48.373080134027475],[-107.2879782737461,48.37307145705964],[-107.28794382775332,48.37304981238535],[-107.28793719462979,48.37304997511965],[-107.28778361062159,48.3732138022376],[-107.28784488347554,48.37323490743797],[-107.28786656013669,48.37327020651978],[-107.28787343784639,48.37327455293541],[-107.28804083485848,48.37311933098068],[-107.28803385480414,48.37311500040537]]]}"
00000000000000001f1d,1479,0,0,0,"{""type"":""Polygon"",""coordinates"":[[[-107.28783489560112,48.37301177007241],[-107.28782791560577,48.37300743948939],[-107.28766740125369,48.37316253787224],[-107.28774946182965,48.37320104858671],[-107.28778361062159,48.3732138022376],[-107.28793719462979,48.37304997511965],[-107.28783489560112,48.37301177007241]]]}"
00000000000000001ed4,1480,0,0,0,"{""type"":""Polygon"",""coordinates"":[[[-107.28771848696452,48.37295606830258],[-107.28770482911321,48.372951828959984],[-107.28755188886768,48.373129039872204],[-107.28756564411835,48.37313773272964],[-107.28763993051015,48.37314969294773],[-107.28766740125369,48.37316253787224],[-107.28782791560577,48.37300743948939],[-107.28771848696452,48.37295606830258]]]}"
00000000000000001eff,1481,0,0,0,"{""type"":""Polygon"",""coordinates"":[[[-107.28761717453436,48.372940210065636],[-107.28756951543643,48.37292327270814],[-107.28743602223311,48.37308673789469],[-107.2874902171352,48.3730990591889],[-107.28755188886768,48.373129039872204],[-107.28770482911321,48.372951828959984],[-107.28761717453436,48.372940210065636]]]}"
00000000000000001f01,1482,0,0,0,"{""type"":""Polygon"",""coordinates"":[[[-107.28752155435633,48.372901913500144],[-107.28750072192214,48.37288443661408],[-107.28746681812986,48.37287619204408],[-107.28743964975916,48.37286776895065],[-107.28732729079992,48.37305313261238],[-107.28743602223311,48.37308673789469],[-107.28756951543643,48.37292327270814],[-107.28756931571873,48.372918835061526],[-107.28752155435633,48.372901913500144]]]}"
00000000000000001f04,1483,0,0,0,"{""type"":""Polygon"",""coordinates"":[[[-107.28741915925954,48.3728592546266],[-107.28739233277896,48.37285979409226],[-107.28734501584384,48.37285181921062],[-107.28731121451179,48.372843558772956],[-107.28720474707606,48.37301092161461],[-107.28727269675419,48.37303193591585],[-107.28729338696131,48.373044887956276],[-107.28732729079992,48.37305313261238],[-107.28743964975916,48.37286776895065],[-107.28741915925954,48.3728592546266]]]}"
00000000000000001efa,1484,0,0,0,"{""type"":""Polygon"",""coordinates"":[[[-107.28730447913131,48.37284373727559],[-107.28722965223683,48.372818376634136],[-107.28720950366807,48.37281882483581],[-107.28716258625752,48.37281972514534],[-107.28708982239297,48.37299089483868],[-107.2871708433485,48.37300267691899],[-107.28720474707606,48.37301092161461],[-107.28731121451179,48.372843558772956],[-107.28730447913131,48.37284373727559]]]}"
00000000000000001f00,1485,0,0,0,"{""type"":""Polygon"",""coordinates"":[[[-107.28714254003991,48.37282015751815],[-107.28703336588053,48.372777605289315],[-107.28696832247883,48.372970943304445],[-107.28702875052352,48.37297422687341],[-107.28705602109021,48.372982634288974],[-107.28708982239297,48.37299089483868],[-107.28716258625752,48.37281972514534],[-107.28714254003991,48.37282015751815]]]}"
00000000000000001ef6,1486,0,0,0,"{""type"":""Polygon"",""coordinates"":[[[-107.28692586607059,48.372770855750765],[-107.2868852849287,48.37276270216981],[-107.28684716457613,48.37295995420966],[-107.28686725560352,48.37295959336938],[-107.28696832247883,48.372970943304445],[-107.28703336588053,48.372777605289315],[-107.28692586607059,48.372770855750765]]]}"
00000000000000001ef5,1487,0,0,0,"{""type"":""Polygon"",""coordinates"":[[[-107.28687187179831,48.37276297182578],[-107.28682475499853,48.37275943432631],[-107.28683163241793,48.37276378078222],[-107.2868661794245,48.37278540995837],[-107.28684009413209,48.37280378710933],[-107.28679223634589,48.372782411746876],[-107.28673205320453,48.37278363714009],[-107.28672600690818,48.37294896495844],[-107.28681326110838,48.37295170938919],[-107.28684716457613,48.37295995420966],[-107.2868852849287,48.37276270216981],[-107.28687187179831,48.37276297182578]]]}"
00000000000000001efb,1488,0,0,0,"{""type"":""Polygon"",""coordinates"":[[[-107.28671185996424,48.37278401376176],[-107.28667805907156,48.37277575310079],[-107.28661143756068,48.37278604796626],[-107.28659802446069,48.37278631758336],[-107.28659188031368,48.3729471919486],[-107.28672600690818,48.37294896495844],[-107.28673205320453,48.37278363714009],[-107.28671185996424,48.37278401376176]]]}"
00000000000000001ef9,1489,0,0,0,"{""type"":""Polygon"",""coordinates"":[[[-107.28658471369968,48.37278657138469],[-107.28655788750875,48.37278711060935],[-107.28645702129876,48.37278019789482],[-107.28646458651717,48.37294969377195],[-107.2865183811364,48.37295314030007],[-107.28658510016894,48.37294729892784],[-107.28659188031368,48.3729471919486],[-107.28659802446069,48.37278631758336],[-107.28658471369968,48.37278657138469]]]}"
00000000000000001ef0,1490,0,0,0,"{""type"":""Polygon"",""coordinates"":[[[-107.2864369304564,48.37278055864343],[-107.28639001347898,48.37278145856416],[-107.28631577404346,48.37276956888024],[-107.28633065988929,48.37295235804253],[-107.28634387344324,48.37294765080599],[-107.28646458651717,48.37294969377195],[-107.28645702129876,48.37278019789482],[-107.2864369304564,48.37278055864343]]]}"
00000000000000001eb8,1491,0,0,0,"{""type"":""Polygon"",""coordinates"":[[[-107.28631577404346,48.37276956888024],[-107.28630889672299,48.37276522238443],[-107.28627573445391,48.37277481523902],[-107.28623678224135,48.37280239273984],[-107.28620975658488,48.37279849422172],[-107.28616357101039,48.37296461497621],[-107.28619064156224,48.37296858498967],[-107.28633065988929,48.37295235804253],[-107.28631577404346,48.37276956888024]]]}"
00000000000000001f07,1492,0,0,0,"{""type"":""Polygon"",""coordinates"":[[[-107.28617595597999,48.37279023337462],[-107.28615522175849,48.37277720966321],[-107.28612799661003,48.372768873481164],[-107.28610736476433,48.372755833950286],[-107.2859823286962,48.3729593032278],[-107.28599598609155,48.37296354282732],[-107.28611635719237,48.37295662364074],[-107.28616357101039,48.37296461497621],[-107.28620975658488,48.37279849422172],[-107.28617595597999,48.37279023337462]]]}"
00000000000000001f37,1493,0,0,0,"{""type"":""Polygon"",""coordinates"":[[[-107.28609330833517,48.372742719102526],[-107.28603183892416,48.37271717526722],[-107.286018528268,48.37271742898714],[-107.28583875785465,48.37289517556235],[-107.28586612490759,48.37290803678779],[-107.28591506898971,48.372951743913596],[-107.2859823286962,48.3729593032278],[-107.28610736476433,48.372755833950286],[-107.28609330833517,48.372742719102526]]]}"
00000000000000001f32,1494,0,0,0,"{""type"":""Polygon"",""coordinates"":[[[-107.28593730981058,48.3727012083104],[-107.28590282131843,48.37267949152429],[-107.28571557508666,48.37283957826187],[-107.28577704425771,48.3728651223642],[-107.28583875785465,48.37289517556235],[-107.286018528268,48.37271742898714],[-107.28593730981058,48.3727012083104]]]}"
00000000000000001f29,1495,0,0,0,"{""type"":""Polygon"",""coordinates"":[[[-107.28589598888743,48.37267521647639],[-107.28587525488895,48.37266219272702],[-107.28581334209974,48.37262770204434],[-107.28560482115716,48.37276136439472],[-107.28565386176197,48.37280952500908],[-107.28567459570868,48.372822548843516],[-107.28571557508666,48.37283957826187],[-107.28590282131843,48.37267949152429],[-107.28589598888743,48.37267521647639]]]}"
00000000000000001f22,1496,0,0,0,"{""type"":""Polygon"",""coordinates"":[[[-107.2857851324742,48.372597018875],[-107.2857709790988,48.37257945057315],[-107.28575722473687,48.37257075752738],[-107.28574336804735,48.37256208029373],[-107.28552029521829,48.37266929867249],[-107.28555587783758,48.3727176572477],[-107.28560482115716,48.37276136439472],[-107.28581334209974,48.37262770204434],[-107.2857851324742,48.372597018875]]]}"
00000000000000001f24,1497,0,0,0,"{""type"":""Polygon"",""coordinates"":[[[-107.28566794560183,48.37252340562552],[-107.28565334855736,48.372496890612766],[-107.28545621440531,48.3725856762789],[-107.2854566581232,48.372594623011395],[-107.28547081130529,48.372612191369434],[-107.28548540822655,48.372638706470404],[-107.28551341806929,48.372664952123614],[-107.28552029521829,48.37266929867249],[-107.28574336804735,48.37256208029373],[-107.28566794560183,48.37252340562552]]]}"
00000000000000001eef,1498,0,0,0,"{""type"":""Polygon"",""coordinates"":[[[-107.28563909296281,48.372479338134276],[-107.2856449854214,48.372461337806065],[-107.28560262288651,48.37241308639946],[-107.28539881154867,48.372501962888336],[-107.28541296466342,48.372519531226054],[-107.28542776096366,48.37255048391833],[-107.2854418169876,48.3725635988264],[-107.28545621440531,48.3725856762789],[-107.28565334855736,48.372496890612766],[-107.28563909296281,48.372479338134276]]]}"
00000000000000001f26,1499,0,0,0,"{""type"":""Polygon"",""coordinates"":[[[-107.28558842489463,48.37239544665456],[-107.2855594753179,48.37234692581819],[-107.28532745538054,48.37240511888603],[-107.28536961796685,48.3724489328005],[-107.28538465844868,48.37248439455394],[-107.28539881154867,48.372501962888336],[-107.28560262288651,48.37241308639946],[-107.28558842489463,48.37239544665456]]]}"
00000000000000001eeb,1500,0,0,0,"{""type"":""Polygon"",""coordinates"":[[[-107.28555239874116,48.372338141688594],[-107.285535530803,48.37226251139857],[-107.28552202090756,48.372258327439596],[-107.28524387076088,48.37233532882168],[-107.28532745538054,48.37240511888603],[-107.2855594753179,48.37234692581819],[-107.28555239874116,48.372338141688594]]]}"
00000000000000001eee,1501,0,0,0,"{""type"":""Polygon"",""coordinates"":[[[-107.2855081644185,48.37224965021781],[-107.28548747566055,48.37223669794956],[-107.28546560287306,48.37219696133372],[-107.2854512055753,48.37217488404058],[-107.28518666828028,48.372256053276786],[-107.28522155458234,48.372286645385195],[-107.28524268688118,48.37230854441277],[-107.28524367132245,48.3723308912121],[-107.28524387076088,48.37233532882168],[-107.28552202090756,48.372258327439596],[-107.2855081644185,48.37224965021781]]]}"
00000000000000001f2a,1502,0,0,0,"{""type"":""Polygon"",""coordinates"":[[[-107.2854372520143,48.37216175341389],[-107.28543680829566,48.37215280675399],[-107.28540058317502,48.37209106439082],[-107.28509665101338,48.372190863392326],[-107.28512401708863,48.37220372468393],[-107.28518666828028,48.372256053276786],[-107.2854512055753,48.37217488404058],[-107.2854372520143,48.37216175341389]]]}"
00000000000000001ee8,1503,0,0,0,"{""type"":""Polygon"",""coordinates"":[[[-107.28537920660771,48.37206465642916],[-107.28536460996327,48.37203814159061],[-107.28535045703921,48.372020573399595],[-107.28534981388651,48.372007189180486],[-107.28499965485175,48.37212134275897],[-107.28503419952631,48.372142972392034],[-107.28504795345988,48.37215166548236],[-107.28504835229154,48.372160540674],[-107.28509665101338,48.372190863392326],[-107.28540058317502,48.37209106439082],[-107.28537920660771,48.37206465642916]]]}"
00000000000000002002,1504,0,0,0,"{""type"":""Polygon"",""coordinates"":[[[-107.28532200410963,48.37198538136784],[-107.28530785123002,48.37196781318683],[-107.28529414205123,48.37195919163652],[-107.28527276565133,48.371932783712275],[-107.28491597467149,48.37204709934353],[-107.28497882459061,48.37210386552713],[-107.28499965485175,48.37212134275897],[-107.28534981388651,48.372007189180486],[-107.2853496144329,48.37200275159883],[-107.28532200410963,48.37198538136784]]]}"
00000000000000002000,1505,0,0,0,"{""type"":""Polygon"",""coordinates"":[[[-107.28526548979002,48.37191956205063],[-107.2852105584436,48.37188940210141],[-107.28520991533976,48.37187601791306],[-107.28520937456949,48.37186261791603],[-107.2852089309031,48.37185367130397],[-107.28486520680231,48.37196322391041],[-107.28487960358827,48.37198530121663],[-107.28489484277539,48.37202520034134],[-107.28491597467149,48.37204709934353],[-107.28527276565133,48.371932783712275],[-107.28526548979002,48.37191956205063]]]}"
00000000000000002001,1506,0,0,0,"{""type"":""Polygon"",""coordinates"":[[[-107.28519413503959,48.371822718971586],[-107.28517998229479,48.37180515082193],[-107.28516494225147,48.37176968947727],[-107.28481434211591,48.371874895191056],[-107.28481458629567,48.37187940423685],[-107.28483601450128,48.37191019416405],[-107.28486520680231,48.37196322391041],[-107.2852089309031,48.37185367130397],[-107.28519413503959,48.371822718971586]]]}"
00000000000000001ee5,1507,0,0,0,"{""type"":""Polygon"",""coordinates"":[[[-107.28512233704546,48.3717169294153],[-107.28512075437301,48.371681270201655],[-107.2848101931965,48.371781229961414],[-107.28481929538648,48.37183461997284],[-107.28481434211591,48.371874895191056],[-107.28516494225147,48.37176968947727],[-107.28512233704546,48.3717169294153]]]}"
00000000000000002007,1508,0,0,0,"{""type"":""Polygon"",""coordinates"":[[[-107.28485653672293,48.37161947954084],[-107.28485182772913,48.37166426362345],[-107.28480876543233,48.37174993678288],[-107.2848101931965,48.371781229961414],[-107.28512075437301,48.371681270201655],[-107.28511996941214,48.37166336122623],[-107.28485653672293,48.37161947954084]]]}"
00000000000000001ee7,1509,0,0,0,"{""type"":""Polygon"",""coordinates"":[[[-107.28489925748794,48.371524844204835],[-107.28489970108235,48.371533790764964],[-107.28488658514746,48.371542951021],[-107.28487405991828,48.37156111350197],[-107.28486148988742,48.37157920451615],[-107.28485653672293,48.37161947954084],[-107.28511996941214,48.37166336122623],[-107.28511912690915,48.37164553954026],[-107.28514338475885,48.37158699509688],[-107.28489925748794,48.371524844204835]]]}"
00000000000000001ee6,1510,0,0,0,"{""type"":""Polygon"",""coordinates"":[[[-107.2849486554461,48.371430117984886],[-107.28491752064075,48.37148431570665],[-107.28489925748794,48.371524844204835],[-107.28514338475885,48.37158699509688],[-107.28514318532748,48.371582557549225],[-107.28515615412778,48.37157334159205],[-107.28516828039356,48.37154630398315],[-107.28520757808572,48.37152322079422],[-107.2849486554461,48.371430117984886]]]}"
00000000000000001ee3,1511,0,0,0,"{""type"":""Polygon"",""coordinates"":[[[-107.28503858670985,48.371343474673345],[-107.28503898555039,48.371352349730216],[-107.28495508866229,48.37142551793887],[-107.2849486554461,48.371430117984886],[-107.28520757808572,48.37152322079422],[-107.28524672862096,48.371500081940674],[-107.28528548022398,48.37146806800696],[-107.28503858670985,48.371343474673345]]]}"
00000000000000001eea,1512,0,0,0,"{""type"":""Polygon"",""coordinates"":[[[-107.28512891648641,48.371265706468876],[-107.28507615442459,48.371284677021386],[-107.285051014707,48.37132085891074],[-107.28503858670985,48.371343474673345],[-107.28528548022398,48.37146806800696],[-107.28529824951535,48.371454414515675],[-107.2853357199338,48.37139116330151],[-107.28512891648641,48.371265706468876]]]}"
00000000000000001edd,1513,0,0,0,"{""type"":""Polygon"",""coordinates"":[[[-107.28524042248699,48.37120990836254],[-107.28520770544162,48.37122844703468],[-107.28518127964747,48.37123786085699],[-107.28512891648641,48.371265706468876],[-107.2853357199338,48.37139116330151],[-107.28538848217235,48.37137219256412],[-107.28542743303692,48.37134461618126],[-107.28544064597911,48.371339909226386],[-107.28524042248699,48.37120990836254]]]}"
00000000000000001ede,1514,0,0,0,"{""type"":""Polygon"",""coordinates"":[[[-107.28538538555325,48.371153408818756],[-107.28537865061548,48.37115358716954],[-107.28533282309485,48.37117681698084],[-107.28526006853401,48.37120060140108],[-107.28524042248699,48.37120990836254],[-107.28544064597911,48.371339909226386],[-107.28548024000531,48.37132571688262],[-107.28551309904216,48.37131170288837],[-107.28538538555325,48.371153408818756]]]}"
00000000000000001ee2,1515,0,0,0,"{""type"":""Polygon"",""coordinates"":[[[-107.28552435384935,48.37111492478819],[-107.28544486963419,48.371134418546106],[-107.2854247799011,48.371134779043885],[-107.28538538555325,48.371153408818756],[-107.28551309904216,48.37131170288837],[-107.28552606770235,48.371302486931654],[-107.2855788746163,48.371283587595144],[-107.2856052556685,48.37127410218333],[-107.28552435384935,48.37111492478819]]]}"
00000000000000001ee1,1516,0,0,0,"{""type"":""Polygon"",""coordinates"":[[[-107.28565659229074,48.37107214982969],[-107.28564971539211,48.371067803414455],[-107.28563659970946,48.37107696368636],[-107.28562363114536,48.37108617961656],[-107.28557716048641,48.37109602552615],[-107.28553756670871,48.37111021784237],[-107.28552435384935,48.37111492478819],[-107.2856052556685,48.37127410218333],[-107.28563168150652,48.37126468823692],[-107.28569210577065,48.371267972637],[-107.28573189923723,48.37125821772762],[-107.28565659229074,48.37107214982969]]]}"
00000000000000001eec,1517,0,0,0,"{""type"":""Polygon"",""coordinates"":[[[-107.28578908252076,48.371038194065136],[-107.2857693790412,48.37104758838646],[-107.28571741527158,48.3710843092148],[-107.28567728053908,48.37108510179146],[-107.28565659229074,48.37107214982969],[-107.28573189923723,48.37125821772762],[-107.28583177554945,48.371242784797616],[-107.28585186542816,48.371242424210344],[-107.28578908252076,48.371038194065136]]]}"
00000000000000001ee9,1518,0,0,0,"{""type"":""Polygon"",""coordinates"":[[[-107.28592141796251,48.37099987211613],[-107.28584876599274,48.37102364108399],[-107.28586271937667,48.37103677137505],[-107.28590359984281,48.37104934687441],[-107.28583762519104,48.37107302475355],[-107.28581035662924,48.371064617242666],[-107.28580872845477,48.37102888702437],[-107.28578908252076,48.371038194065136],[-107.28585186542816,48.371242424210344],[-107.28588492390769,48.371232847627276],[-107.28591838143855,48.37123214606241],[-107.28597826480113,48.371222030451904],[-107.28592141796251,48.37099987211613]]]}"
00000000000000001eed,1519,0,0,0,"{""type"":""Polygon"",""coordinates"":[[[-107.28607142028716,48.3710549283381],[-107.28606488486648,48.37105954423628],[-107.28595768807355,48.37106168448429],[-107.28593665815087,48.371039770312585],[-107.28596263996668,48.371021409856574],[-107.28602133849255,48.37098451054878],[-107.28598763681828,48.37098070317813],[-107.28592141796251,48.37099987211613],[-107.28597826480113,48.371222030451904],[-107.28609803154718,48.37120179912418],[-107.28611144400216,48.37120152960122],[-107.28607142028716,48.3710549283381]]]}"
00000000000000001ef1,1520,0,0,0,"{""type"":""Polygon"",""coordinates"":[[[-107.28619717571502,48.3710211504169],[-107.28617079482687,48.37103063594202],[-107.28611724756367,48.37103169823392],[-107.28607142028716,48.3710549283381],[-107.28611144400216,48.37120152960122],[-107.28613826891753,48.371200990549546],[-107.28625150028572,48.3711853749511],[-107.28619717571502,48.3710211504169]]]}"
00000000000000001ed9,1521,0,0,0,"{""type"":""Polygon"",""coordinates"":[[[-107.2863374309867,48.37100943320485],[-107.28633079834037,48.37100959580996],[-107.28633723140588,48.371004995711544],[-107.2863273861768,48.370933769497356],[-107.28627522323418,48.370966053048484],[-107.28629645297472,48.37099240460174],[-107.28619717571502,48.3710211504169],[-107.28625150028572,48.3711853749511],[-107.28627144819058,48.3711804894834],[-107.28632499575646,48.371179427094944],[-107.28636513086667,48.37117863423683],[-107.2863374309867,48.37100943320485]]]}"
00000000000000001ef2,1522,0,0,0,"{""type"":""MultiPolygon"",""coordinates"":[[[[-107.28646516192778,48.37101587827044],[-107.28645858174126,48.37102042272126],[-107.2863977581184,48.37100826383607],[-107.2863374309867,48.37100943320485],[-107.28636513086667,48.37117863423683],[-107.28640536832562,48.371177825548465],[-107.28651879944809,48.37116664714374],[-107.28646516192778,48.37101587827044]]],[[[-107.28643393944604,48.37091824491312],[-107.28637361243788,48.37091941429952],[-107.28634688999144,48.370919937597634],[-107.2863273861768,48.370933769497356],[-107.28633723140588,48.371004995711544],[-107.28635633609252,48.37098228880737],[-107.28635559529779,48.37096445156284],[-107.28644937984276,48.370962580440455],[-107.28643393944604,48.37091824491312]]]]}"
00000000000000001ef8,1523,0,0,0,"{""type"":""MultiPolygon"",""coordinates"":[[[[-107.28653361571138,48.370898373879776],[-107.28648724233156,48.370912673491915],[-107.28643393944604,48.37091824491312],[-107.28644937984276,48.370962580440455],[-107.28648283732889,48.370961878683794],[-107.28650129833478,48.37092578784258],[-107.28654702811829,48.37089810429879],[-107.28654682851115,48.370893666815846],[-107.28653361571138,48.370898373879776]]],[[[-107.28659111702413,48.37098653734742],[-107.28657780691104,48.370986791122796],[-107.28655098202603,48.37098733029421],[-107.28650451126008,48.37099717663666],[-107.28646516192778,48.37101587827044],[-107.28651879944809,48.37116664714374],[-107.28658531562944,48.371156368544504],[-107.28661881813285,48.37115573820244],[-107.28666539146315,48.371145875956216],[-107.28659111702413,48.37098653734742]]]]}"
00000000000000001ef7,1524,0,0,0,"{""type"":""MultiPolygon"",""coordinates"":[[[[-107.28654682851115,48.370893666815846],[-107.28654702811829,48.37089810429879],[-107.28655999651576,48.37088888828073],[-107.28654682851115,48.370893666815846]]],[[[-107.28670360714338,48.370953084051735],[-107.28667074845238,48.370967098349965],[-107.28664436758613,48.3709765839949],[-107.28661794191996,48.370985998164535],[-107.28659111702413,48.37098653734742],[-107.28666539146315,48.371145875956216],[-107.2866916701224,48.371136406085554],[-107.28676398073583,48.37110367413835],[-107.28679683955195,48.371089659769154],[-107.28670360714338,48.370953084051735]]]]}"
00000000000000001ef4,1525,0,0,0,"{""type"":""Polygon"",""coordinates"":[[[-107.28679531878716,48.370906536045716],[-107.28677591738199,48.370920352217624],[-107.28674953654621,48.37092983788234],[-107.28672998799453,48.3709435983951],[-107.28670360714338,48.370953084051735],[-107.28679683955195,48.371089659769154],[-107.28682322050736,48.37108017405997],[-107.28685672302649,48.37107954363549],[-107.28694180227038,48.37103315801401],[-107.28679531878716,48.370906536045716]]]}"
00000000000000001efe,1526,0,0,0,"{""type"":""Polygon"",""coordinates"":[[[-107.28688677811716,48.37085116869696],[-107.28688024277713,48.370855784630905],[-107.28686113837283,48.37087849157817],[-107.28682827975268,48.370892505908856],[-107.28679531878716,48.370906536045716],[-107.28694180227038,48.37103315801401],[-107.28696155049694,48.37102383492588],[-107.28707335226026,48.370976925765],[-107.28688677811716,48.37085116869696]]]}"
00000000000000001efd,1527,0,0,0,"{""type"":""Polygon"",""coordinates"":[[[-107.28697081370656,48.370782524431355],[-107.28695284978573,48.37083194349283],[-107.28692003600426,48.370846029311096],[-107.28688677811716,48.37085116869696],[-107.28707335226026,48.370976925765],[-107.28709977793812,48.370967511471456],[-107.28713229480539,48.370944534774495],[-107.28715169616837,48.37093071852544],[-107.28717767765232,48.370912357786935],[-107.28697081370656,48.370782524431355]]]}"
00000000000000001efc,1528,0,0,0,"{""type"":""Polygon"",""coordinates"":[[[-107.28708959416156,48.3707399459577],[-107.28708251736947,48.37073116221107],[-107.2870412945066,48.37070962509002],[-107.28699600920747,48.370746255166786],[-107.28697081370656,48.370782524431355],[-107.28717767765232,48.370912357786935],[-107.28720376144945,48.37089398123438],[-107.28727522794851,48.37084342769275],[-107.28708959416156,48.3707399459577]]]}"
00000000000000001f03,1529,0,0,0,"{""type"":""Polygon"",""coordinates"":[[[-107.2871391413668,48.370649586139876],[-107.2871328505529,48.370658711001376],[-107.28710504010543,48.37063690427343],[-107.28709860714868,48.37064150438872],[-107.28706059841252,48.370691355646215],[-107.2870412945066,48.37070962509002],[-107.28708251736947,48.37073116221107],[-107.28706846113654,48.37071804799913],[-107.28708088792844,48.37069543226998],[-107.28710761042079,48.37069490876881],[-107.28708959416156,48.3707399459577],[-107.28727522794851,48.37084342769275],[-107.28732061061099,48.37081125070341],[-107.2873588189541,48.37076583670117],[-107.2871391413668,48.370649586139876]]]}"
00000000000000001ea7,1530,0,0,0,"{""type"":""Polygon"",""coordinates"":[[[-107.28722342071707,48.370585450854065],[-107.28718378261374,48.37059957223155],[-107.2871391413668,48.370649586139876],[-107.2873588189541,48.37076583670117],[-107.28737178721748,48.37075662059985],[-107.28739034975058,48.37072051393329],[-107.28740841048871,48.37067554818156],[-107.28722342071707,48.370585450854065]]]}"
00000000000000001eb4,1531,0,0,0,"{""type"":""Polygon"",""coordinates"":[[[-107.28727370868232,48.370512928310426],[-107.28725475175963,48.370535690836064],[-107.28725529331085,48.37054909046817],[-107.28723658862022,48.37058067225644],[-107.28722342071707,48.370585450854065],[-107.28740841048871,48.37067554818156],[-107.28740796626596,48.370666601793026],[-107.28746612207395,48.37061630222651],[-107.28747913506571,48.37060715760723],[-107.28749843879157,48.37058888811517],[-107.28727370868232,48.370512928310426]]]}"
00000000000000001eb0,1532,0,0,0,"{""type"":""Polygon"",""coordinates"":[[[-107.28732438809082,48.37044497040877],[-107.28727370868232,48.370512928310426],[-107.28749843879157,48.37058888811517],[-107.2875046719916,48.370579850526646],[-107.28751764017005,48.37057063443994],[-107.28754327938219,48.370543311554904],[-107.28760177682499,48.37050197420201],[-107.28732438809082,48.37044497040877]]]}"
00000000000000001db8,1533,0,0,0,"{""type"":""Polygon"",""coordinates"":[[[-107.28741471299298,48.37036720149057],[-107.28740882171392,48.37038520119014],[-107.28737536442166,48.370385903256654],[-107.28732438809082,48.37044497040877],[-107.28760177682499,48.37050197420201],[-107.2876147449641,48.37049275811667],[-107.28764726125252,48.370469781464806],[-107.2876732422883,48.37045142076249],[-107.2876727979975,48.37044247441452],[-107.28741471299298,48.37036720149057]]]}"
00000000000000001e5a,1534,0,0,0,"{""type"":""Polygon"",""coordinates"":[[[-107.2876829950981,48.370370816725995],[-107.28763018936633,48.37038971686499],[-107.28762944793125,48.37037187984484],[-107.28764889369086,48.37035813512255],[-107.28745722695659,48.37026812999445],[-107.2874579683105,48.370285966983275],[-107.28742654032766,48.37033127357769],[-107.28741471299298,48.37036720149057],[-107.2876727979975,48.37044247441452],[-107.28769685177464,48.370379493323576],[-107.2876829950981,48.370370816725995]]]}"
00000000000000001ea2,1535,0,0,0,"{""type"":""MultiPolygon"",""coordinates"":[[[[-107.2876829950981,48.370370816725995],[-107.28769685177464,48.370379493323576],[-107.2877028403521,48.370365946858115],[-107.2876829950981,48.370370816725995]]],[[[-107.28748726950562,48.370191602750864],[-107.28748093404694,48.37020065608449],[-107.28745722695659,48.37026812999445],[-107.28764889369086,48.37035813512255],[-107.28765542889715,48.370353519182835],[-107.28768096554963,48.370326212192275],[-107.28772001685701,48.37029861965521],[-107.28773214108833,48.37027158242107],[-107.28748726950562,48.370191602750864]]]]}"
00000000000000001dbd,1536,0,0,0,"{""type"":""Polygon"",""coordinates"":[[[-107.28762569347087,48.37013971691552],[-107.28761312494954,48.37015780776884],[-107.2875796677906,48.37015850990012],[-107.28757828236375,48.37012728924612],[-107.2875713029263,48.370122958864684],[-107.28751270871098,48.37015984265855],[-107.28748726950562,48.370191602750864],[-107.28773214108833,48.37027158242107],[-107.28775693614186,48.37022643848578],[-107.28780242015095,48.3701942458522],[-107.28762569347087,48.37013971691552]]]}"
00000000000000001dbf,1537,0,0,0,"{""type"":""MultiPolygon"",""coordinates"":[[[[-107.2875713029263,48.370122958864684],[-107.28757828236375,48.37012728924612],[-107.28758451546076,48.370118251733295],[-107.2875713029263,48.370122958864684]]],[[[-107.28770230778835,48.3700533272967],[-107.28765756538529,48.37010335671754],[-107.28762569347087,48.37013971691552],[-107.28780242015095,48.3701942458522],[-107.28783493611044,48.37017126927387],[-107.2878413689411,48.370166669153086],[-107.28770230778835,48.3700533272967]]]]}"
00000000000000001dc0,1538,0,0,0,"{""type"":""Polygon"",""coordinates"":[[[-107.28777337274211,48.369993899429524],[-107.28774061237917,48.370012367035436],[-107.28770230778835,48.3700533272967],[-107.2878413689411,48.370166669153086],[-107.28788774153588,48.3701523691076],[-107.28792604611453,48.37011140869662],[-107.28794485241473,48.370079811256176],[-107.28777337274211,48.369993899429524]]]}"
00000000000000001db5,1539,0,0,0,"{""type"":""Polygon"",""coordinates"":[[[-107.28784365116556,48.36991656324965],[-107.2878113352155,48.36994397711178],[-107.28779975292663,48.36998441366685],[-107.28777337274211,48.369993899429524],[-107.28794485241473,48.370079811256176],[-107.28796920274692,48.37002572116271],[-107.28801522825776,48.370006928042685],[-107.28784365116556,48.36991656324965]]]}"
00000000000000001dbb,1540,0,0,0,"{""type"":""Polygon"",""coordinates"":[[[-107.2879615849556,48.36985616343187],[-107.28791650101043,48.369897230708155],[-107.28786295439599,48.369898293933666],[-107.28784365116556,48.36991656324965],[-107.28801522825776,48.370006928042685],[-107.28810094875776,48.36997392606399],[-107.28812727140617,48.36996452749731],[-107.2879615849556,48.36985616343187]]]}"
00000000000000001db9,1541,0,0,0,"{""type"":""Polygon"",""coordinates"":[[[-107.28805922913702,48.369791687196035],[-107.28804012581844,48.369814393896775],[-107.28800706840377,48.3698239709393],[-107.28798068832967,48.36983345672753],[-107.2879615849556,48.36985616343187],[-107.28812727140617,48.36996452749731],[-107.288147018999,48.36995520436857],[-107.28818003175277,48.369945555783154],[-107.28823308148816,48.36993116437628],[-107.28805922913702,48.369791687196035]]]}"
00000000000000001dbe,1542,0,0,0,"{""type"":""Polygon"",""coordinates"":[[[-107.28813638390618,48.369718697241986],[-107.28805922913702,48.369791687196035],[-107.28823308148816,48.36993116437628],[-107.28828618391165,48.36992115468373],[-107.2883719042231,48.36988815252127],[-107.28813638390618,48.369718697241986]]]}"
00000000000000001ed5,1543,0,0,0,"{""type"":""Polygon"",""coordinates"":[[[-107.28827585005853,48.36968906930546],[-107.28823487166892,48.369672041960314],[-107.28821536885212,48.36968587389401],[-107.28815548713102,48.36969599056527],[-107.28813638390618,48.369718697241986],[-107.2883719042231,48.36988815252127],[-107.28840496173669,48.36987857533919],[-107.28843134186015,48.36986908942524],[-107.28853793843793,48.36985363432364],[-107.28857753099959,48.36983944113676],[-107.28827585005853,48.36968906930546]]]}"
00000000000000001ea6,1544,0,0,0,"{""type"":""GeometryCollection"",""geometries"":[{""type"":""LineString"",""coordinates"":[[-107.2882620647935,48.36968046636731],[-107.28827582791992,48.369689104805566]]},{""type"":""Polygon"",""coordinates"":[[[-107.28829861378341,48.36959932185615],[-107.28827911101756,48.369613153782616],[-107.28824783943088,48.369662825942626],[-107.28823487166892,48.369672041960314],[-107.28826203819514,48.36968046437067],[-107.2882620647935,48.36968046636731],[-107.28830915200584,48.369684001036944],[-107.28827585005853,48.36968906930546],[-107.28858416359219,48.36983927838153],[-107.28866948397959,48.369797401247105],[-107.28872248879854,48.369782938145846],[-107.28874866898036,48.36976901478551],[-107.28829861378341,48.36959932185615]],[[-107.28846944959834,48.36967184851563],[-107.28842911538155,48.36966820484045],[-107.28843673442596,48.369690387704516],[-107.28846944959834,48.36967184851563]]]}]}"
00000000000000001ea5,1545,0,0,0,"{""type"":""Polygon"",""coordinates"":[[[-107.28832222150969,48.36952739545824],[-107.28832276347556,48.3695407948203],[-107.28831138168032,48.369585668478614],[-107.28829861378341,48.36959932185615],[-107.28874866898036,48.36976901478551],[-107.28884685455866,48.36971793727349],[-107.28893880719384,48.36967589723073],[-107.2889708777531,48.369643974311586],[-107.2889835479325,48.36962586765687],[-107.28898998060147,48.36962126751036],[-107.28832222150969,48.36952739545824]],[[-107.28894331106187,48.36962667738618],[-107.28890960921093,48.36962287114168],[-107.28891673119318,48.3696317260281],[-107.28894331106187,48.36962667738618]],[[-107.28876326557973,48.36964815389917],[-107.2887497557567,48.369643970597316],[-107.28875683289388,48.36965275403325],[-107.28876326557973,48.36964815389917]]]}"
00000000000000001db7,1546,0,0,0,"{""type"":""Polygon"",""coordinates"":[[[-107.28858134777732,48.369477549514244],[-107.28856902450607,48.3695001490756],[-107.28854789089094,48.369478251966726],[-107.28854744637243,48.36946930579193],[-107.28834498499477,48.36943764827629],[-107.28834518483102,48.36944208562845],[-107.28833454490818,48.369504795913755],[-107.28832222150969,48.36952739545824],[-107.28898998060147,48.36962126751036],[-107.28904728902208,48.36955314714512],[-107.28858134777732,48.369477549514244]]]}"
00000000000000001db2,1547,0,0,0,"{""type"":""Polygon"",""coordinates"":[[[-107.28883482829781,48.36945021118362],[-107.28842159663303,48.369351259290035],[-107.28841501685903,48.369355803722414],[-107.28835761051398,48.36941947030378],[-107.28834498499477,48.36943764827629],[-107.28854744637243,48.36946930579193],[-107.2885644210606,48.369397542272644],[-107.28859787787991,48.36939683981718],[-107.2885988644817,48.36941918530654],[-107.28860005095058,48.36944596815642],[-107.28858134777732,48.369477549514244],[-107.28904728902208,48.36955314714512],[-107.28906659171095,48.36953487772568],[-107.28883482829781,48.36945021118362]]]}"
00000000000000001db0,1548,0,0,0,"{""type"":""Polygon"",""coordinates"":[[[-107.28846406214488,48.369252117863105],[-107.28845752718847,48.369256733756096],[-107.28843208922305,48.36928849352887],[-107.28842159663303,48.369351259290035],[-107.28883482829781,48.36945021118362],[-107.28846406214488,48.369252117863105]]]}"
00000000000000001db1,1549,0,0,0,"{""type"":""Polygon"",""coordinates"":[[[-107.2885482922282,48.36918791174394],[-107.28853552453671,48.369201565045834],[-107.28852255697767,48.36921078101742],[-107.28850944228853,48.36921994133701],[-107.28849647471989,48.3692291573085],[-107.28848350714644,48.369238373279956],[-107.28846406214488,48.369252117863105],[-107.28883482829781,48.36945021118362],[-107.28906659171095,48.36953487772568],[-107.28907935940978,48.36952122426764],[-107.28907519917912,48.36942756364547],[-107.2885482922282,48.36918791174394]]]}"
00000000000000001da8,1550,0,0,0,"{""type"":""Polygon"",""coordinates"":[[[-107.28906723268445,48.36940088795492],[-107.28861109119774,48.36909291823112],[-107.28861149093981,48.36910179287552],[-107.28851815347629,48.369112612091016],[-107.28858703978631,48.369155897970465],[-107.2885482922282,48.36918791174394],[-107.28907519917912,48.36942756364547],[-107.28906723268445,48.36940088795492]]]}"
00000000000000001ec7,1551,0,0,0,"{""type"":""Polygon"",""coordinates"":[[[-107.28903506129792,48.36928098461175],[-107.28900670786969,48.369245779736325],[-107.28898255595382,48.36915693395165],[-107.28894746785637,48.369121907729955],[-107.2889061471689,48.36909591892966],[-107.28890574735493,48.36908704428928],[-107.28861678183083,48.36907048159382],[-107.28861084652982,48.369088409443094],[-107.28906723268445,48.36940088795492],[-107.28906683283546,48.36939201326531],[-107.28907109174327,48.36933828487636],[-107.28903506129792,48.36928098461175]]]}"
00000000000000001e8c,1552,0,0,0,"{""type"":""Polygon"",""coordinates"":[[[-107.28862182804092,48.36903466154711],[-107.28862222778645,48.36904353618168],[-107.28862321441565,48.36906588152194],[-107.28861678183083,48.36907048159382],[-107.28890574735493,48.36908704428928],[-107.28890530274339,48.36907809818417],[-107.28890317403011,48.36902904166826],[-107.2888993116662,48.368944272323915],[-107.28862182804092,48.36903466154711]]]}"
00000000000000001daa,1553,0,0,0,"{""type"":""Polygon"",""coordinates"":[[[-107.28890570095925,48.368787760219114],[-107.28889961072709,48.36880132215622],[-107.28888070822208,48.368828465877215],[-107.28886892752996,48.36886446437508],[-107.28882740730259,48.368834038358166],[-107.2885722443796,48.36897310666453],[-107.2885795212171,48.36898632732013],[-107.28862168569943,48.3690301369494],[-107.28862182804092,48.36903466154711],[-107.2888993116662,48.368944272323915],[-107.28889758276499,48.36890409053959],[-107.28890990564588,48.36888149119877],[-107.28892247322,48.36886340063314],[-107.2889212864895,48.368836618086654],[-107.28894509244903,48.36876912990069],[-107.28890570095925,48.368787760219114]]]}"
00000000000000001da9,1554,0,0,0,"{""type"":""MultiPolygon"",""coordinates"":[[[[-107.28891826849838,48.36876966968673],[-107.28890570095925,48.368787760219114],[-107.28894509244903,48.36876912990069],[-107.28894489253506,48.36876469260779],[-107.28891826849838,48.36876966968673]]],[[[-107.28878574003535,48.3688035566874],[-107.28875743203749,48.368768423503624],[-107.28848821319527,48.368894377889504],[-107.28850202487196,48.36890298266958],[-107.2885296355156,48.36892035097427],[-107.28856447822143,48.36895086845788],[-107.2885722443796,48.36897310666453],[-107.28882740730259,48.368834038358166],[-107.28878574003535,48.3688035566874]]]]}"
00000000000000001da7,1555,0,0,0,"{""type"":""Polygon"",""coordinates"":[[[-107.28871526759683,48.368724614148014],[-107.28869433413952,48.36870715467205],[-107.28841096194945,48.36881554206325],[-107.28842457371869,48.368819709542976],[-107.28847445905814,48.368885685827955],[-107.28848821319527,48.368894377889504],[-107.28875743203749,48.368768423503624],[-107.28871526759683,48.368724614148014]]]}"
00000000000000001da6,1556,0,0,0,"{""type"":""Polygon"",""coordinates"":[[[-107.28865291185063,48.36868118176138],[-107.28860481245823,48.36865530012597],[-107.28858378157045,48.36863338754746],[-107.288327775732,48.36875463400269],[-107.28832851755615,48.368772470466304],[-107.28837701644045,48.36880722689956],[-107.28841096194945,48.36881554206325],[-107.28869433413952,48.36870715467205],[-107.28865291185063,48.36868118176138]]]}"
00000000000000001dac,1557,0,0,0,"{""type"":""Polygon"",""coordinates"":[[[-107.28854195975485,48.36859854005728],[-107.28848678372594,48.36856387511651],[-107.28823097817738,48.368689558433424],[-107.28824537643524,48.368711633842054],[-107.28830654518592,48.368728284025025],[-107.28832757589312,48.3687501967078],[-107.288327775732,48.36875463400269],[-107.28858378157045,48.36863338754746],[-107.28854195975485,48.36859854005728]]]}"
00000000000000001da3,1558,0,0,0,"{""type"":""Polygon"",""coordinates"":[[[-107.28847970685513,48.3685550918334],[-107.2884448197942,48.368524503068805],[-107.2882699291692,48.36851014255374],[-107.2882241011931,48.36868521239888],[-107.28823097817738,48.368689558433424],[-107.28848678372594,48.36856387511651],[-107.28847970685513,48.3685550918334]]]}"
00000000000000001da2,1559,0,0,0,"{""type"":""Polygon"",""coordinates"":[[[-107.28823582898336,48.368497461570364],[-107.28820188386344,48.3684891463846],[-107.28815427449187,48.368472282072325],[-107.28813418562348,48.368472643096524],[-107.28810824628128,48.368642914461546],[-107.28811498095352,48.36864273593462],[-107.2881421466867,48.368651158236304],[-107.28819653574544,48.36866791553893],[-107.2882241011931,48.36868521239888],[-107.2882699291692,48.36851014255374],[-107.28823582898336,48.368497461570364]]]}"
00000000000000001db4,1560,0,0,0,"{""type"":""Polygon"",""coordinates"":[[[-107.28812745098084,48.368472821623484],[-107.2880132401575,48.36846609335107],[-107.2880063057228,48.36846183459679],[-107.28797354644918,48.36862767257717],[-107.28798022357756,48.36862758133998],[-107.28800744676028,48.368635916399455],[-107.28810824628128,48.368642914461546],[-107.28813418562348,48.368472643096524],[-107.28812745098084,48.368472821623484]]]}"
00000000000000001dc1,1561,0,0,0,"{""type"":""Polygon"",""coordinates"":[[[-107.28799942882148,48.36845748856265],[-107.28790564908184,48.36845936098783],[-107.28787160673514,48.3684465925999],[-107.28783898917746,48.368616955066194],[-107.28785972220378,48.36862997742809],[-107.2879467228769,48.368628212081006],[-107.28797354644918,48.36862767257717],[-107.2880063057228,48.36846183459679],[-107.28799942882148,48.36845748856265]]]}"
00000000000000001db6,1562,0,0,0,"{""type"":""Polygon"",""coordinates"":[[[-107.28786462753663,48.36844226237029],[-107.28782449475466,48.368443055754874],[-107.28777055074889,48.36843524430214],[-107.28773031568873,48.36843605345964],[-107.28771195314313,48.36862396675671],[-107.28783215707615,48.36861268047344],[-107.28783898917746,48.368616955066194],[-107.28787160673514,48.3684465925999],[-107.28786462753663,48.36844226237029]]]}"
00000000000000001db3,1563,0,0,0,"{""type"":""Polygon"",""coordinates"":[[[-107.28757804039124,48.36862663219746],[-107.28765860824421,48.368629467081135],[-107.28771195314313,48.36862396675671],[-107.28773031568873,48.36843605345964],[-107.28758992627476,48.36844324738136],[-107.28759046799617,48.36845664648116],[-107.28759111204327,48.36847002977096],[-107.28757804039124,48.36862663219746]],[[-107.28759111204327,48.36847002977096],[-107.28761892143363,48.36849183549841],[-107.28763822391312,48.36847356673501],[-107.28759111204327,48.36847002977096]]]}"
00000000000000001dba,1564,0,0,0,"{""type"":""MultiPolygon"",""coordinates"":[[[[-107.28755013556896,48.36845300247481],[-107.28759046799617,48.36845664648116],[-107.28758992627476,48.36844324738136],[-107.28754969128285,48.36844405646161],[-107.28755013556896,48.36845300247481]]],[[[-107.28755013556896,48.36845300247481],[-107.28753672390529,48.36845327216459],[-107.28753627962249,48.368444326151206],[-107.28754969128285,48.36844405646161],[-107.28754285926665,48.36843978186001],[-107.28746912393699,48.368441221483636],[-107.2874558146147,48.36844147534845],[-107.28744412781964,48.36862929744717],[-107.2874775835488,48.368628595419466],[-107.28757804039124,48.36862663219746],[-107.28759046799617,48.36845664648116],[-107.28756428869379,48.368470569160834],[-107.28755013556896,48.36845300247481]],[[-107.28750346805417,48.36845841148151],[-107.28753063333299,48.368466833938434],[-107.28753672390529,48.36845327216459],[-107.28750346805417,48.36845841148151]]]]}"
00000000000000001daf,1565,0,0,0,"{""type"":""Polygon"",""coordinates"":[[[-107.2873281357029,48.36843510319357],[-107.2873034360213,48.36863206950842],[-107.28732352479854,48.368631708659095],[-107.28744412781964,48.36862929744717],[-107.2874558146147,48.36844147534845],[-107.2873281357029,48.36843510319357]]]}"
00000000000000001dc2,1566,0,0,0,"{""type"":""Polygon"",""coordinates"":[[[-107.28730131245338,48.368435642507144],[-107.28727983853143,48.368404783694125],[-107.28723178596309,48.36837897292044],[-107.28714785024431,48.36859943811915],[-107.28720935944969,48.36862505086044],[-107.28726290385214,48.36862398808055],[-107.2873034360213,48.36863206950842],[-107.2873281357029,48.36843510319357],[-107.28730131245338,48.368435642507144]]]}"
00000000000000001dbc,1567,0,0,0,"{""type"":""Polygon"",""coordinates"":[[[-107.28721105343324,48.36836595047184],[-107.28701008035891,48.36851733389896],[-107.28703101253342,48.368534793712115],[-107.28710009465551,48.36858251757334],[-107.2871273621346,48.36859092435417],[-107.28714785024431,48.36859943811915],[-107.28723178596309,48.36837897292044],[-107.28721105343324,48.36836595047184]]]}"
00000000000000001dc8,1568,0,0,0,"{""type"":""Polygon"",""coordinates"":[[[-107.2871834889905,48.36834865339947],[-107.2871695358472,48.36833552395634],[-107.2869321904216,48.368425114020305],[-107.28692006645699,48.36845215020999],[-107.28688101698692,48.36847974141945],[-107.28692165107165,48.36848780718423],[-107.28693466331833,48.3684786630228],[-107.28697563925665,48.368495690603154],[-107.28700280428251,48.36850411322158],[-107.28701008035891,48.36851733389896],[-107.28721105343324,48.36836595047184],[-107.2871834889905,48.36834865339947]]]}"
00000000000000001dc3,1569,0,0,0,"{""type"":""Polygon"",""coordinates"":[[[-107.28714172696775,48.36831371814987],[-107.28712103931684,48.36830076716172],[-107.2871003068923,48.36828774470566],[-107.28708689535237,48.3682880143287],[-107.28707254290016,48.368266010362404],[-107.28686192367948,48.368350607798206],[-107.28693199075045,48.36842067674571],[-107.2869321904216,48.368425114020305],[-107.2871695358472,48.36833552395634],[-107.28714172696775,48.36831371814987]]]}"
00000000000000001da0,1570,0,0,0,"{""type"":""MultiPolygon"",""coordinates"":[[[[-107.28742341471738,48.36801785616767],[-107.2873367130822,48.3680285112636],[-107.28721834100078,48.36807996213765],[-107.28729187569763,48.368074085495564],[-107.28734561907409,48.368077459943166],[-107.28745142338275,48.36804409901045],[-107.28742341471738,48.36801785616767]],[[-107.28738422369588,48.368040922821194],[-107.28738476535084,48.36805432182267],[-107.28739777738744,48.36804517767825],[-107.28738422369588,48.368040922821194]],[[-107.28731726858412,48.36804225528992],[-107.28732458951708,48.36805554729298],[-107.28735764523435,48.36804597084602],[-107.28731726858412,48.36804225528992]]],[[[-107.2870581456737,48.36824393493652],[-107.28698960572979,48.36820961037785],[-107.28698188556173,48.368187443797616],[-107.2866469579154,48.36834141882583],[-107.2867139130927,48.36834008681496],[-107.28684034794507,48.368319764735766],[-107.28686192367948,48.368350607798206],[-107.28707254290016,48.368266010362404],[-107.2870581456737,48.36824393493652]]]]}"
00000000000000001da1,1571,0,0,0,"{""type"":""MultiPolygon"",""coordinates"":[[[[-107.28697422293472,48.36816518994714],[-107.28697263825052,48.36812953319141],[-107.28695804146759,48.36810302055609],[-107.28697060941764,48.368084930500444],[-107.28658955719341,48.368257712758684],[-107.28659098665615,48.36828900381721],[-107.28659163033888,48.368302387080846],[-107.28664022340097,48.36834159724487],[-107.2866469579154,48.36834141882583],[-107.28698188556173,48.368187443797616],[-107.28697422293472,48.36816518994714]]],[[[-107.2873233016026,48.36802878091679],[-107.28730999244915,48.36802903475515],[-107.28728980167737,48.368029411402084],[-107.287256346556,48.36803011334111],[-107.28722284665339,48.368030743802514],[-107.28717598009473,48.368031715349815],[-107.28708938091869,48.36804235440921],[-107.28706255802149,48.36804289364324],[-107.28697734390853,48.36808475205971],[-107.28700495280049,48.36810212058014],[-107.28707799843403,48.36808722667717],[-107.28713174168202,48.368090601248475],[-107.28721834100078,48.36807996213765],[-107.2873367130822,48.3680285112636],[-107.2873233016026,48.36802878091679]],[[-107.28703048802699,48.36807481495217],[-107.28703776404704,48.36808803552237],[-107.28705073133953,48.368078819952046],[-107.28703048802699,48.36807481495217]]]]}"
00000000000000001d96,1572,0,0,0,"{""type"":""Polygon"",""coordinates"":[[[-107.2870229675355,48.368057085674906],[-107.28695581297416,48.36805398064272],[-107.28694300056428,48.36806756197476],[-107.28687540192531,48.36805551092972],[-107.2868013708911,48.36804805969715],[-107.28676083968266,48.36803997812177],[-107.28654150565436,48.368231901685],[-107.28658955719341,48.368257712758684],[-107.28697060941764,48.368084930500444],[-107.28697734390853,48.36808475205971],[-107.28706255802149,48.36804289364324],[-107.2870229675355,48.368057085674906]],[[-107.28694364438087,48.36808094517703],[-107.28692329877866,48.36807695596607],[-107.28693057475218,48.36809017654608],[-107.28694364438087,48.36808094517703]]]}"
00000000000000001d99,1573,0,0,0,"{""type"":""Polygon"",""coordinates"":[[[-107.28672689585851,48.368031662453554],[-107.28668636471741,48.368023580847535],[-107.28659803445238,48.36799850711796],[-107.28653690771625,48.36812929708726],[-107.28655051874728,48.36813346479745],[-107.28659857017698,48.36815927582173],[-107.28658560280726,48.36816849134691],[-107.28655922400759,48.36817797641799],[-107.28654645625254,48.36819162919849],[-107.2865072648737,48.36821469557868],[-107.28654150565436,48.368231901685],[-107.28676083968266,48.36803997812177],[-107.28672689585851,48.368031662453554]]]}"
00000000000000001d98,1574,0,0,0,"{""type"":""Polygon"",""coordinates"":[[[-107.28655062689393,48.36798607935098],[-107.28645640576414,48.36797900433228],[-107.28641522488707,48.368104908999875],[-107.28647604386592,48.368117067329344],[-107.28653690771625,48.36812929708726],[-107.28659803445238,48.36799850711796],[-107.28655062689393,48.36798607935098]]]}"
00000000000000001d9c,1575,0,0,0,"{""type"":""Polygon"",""coordinates"":[[[-107.2864428971364,48.367974820806886],[-107.28638851091493,48.36795806265785],[-107.28634095647386,48.36794557913683],[-107.28627379577595,48.368089843156284],[-107.2862940836346,48.36809391978916],[-107.28640844564141,48.368105015934155],[-107.28641522488707,48.368104908999875],[-107.28645640576414,48.36797900433228],[-107.2864428971364,48.367974820806886]]]}"
00000000000000001d9e,1576,0,0,0,"{""type"":""Polygon"",""coordinates"":[[[-107.28631403658355,48.36794166510421],[-107.28628687232094,48.36793324236066],[-107.28620546417457,48.367912585879886],[-107.28614547642742,48.368070086179166],[-107.28615221085774,48.36806990779784],[-107.28621282993026,48.3680776290442],[-107.28627379577595,48.368089843156284],[-107.28634095647386,48.36794557913683],[-107.28631403658355,48.36794166510421]]]}"
00000000000000001d93,1577,0,0,0,"{""type"":""Polygon"",""coordinates"":[[[-107.28619191084647,48.36790833085606],[-107.28615093624617,48.3678913030953],[-107.2860571597765,48.36789317361394],[-107.28604374852762,48.36789344308203],[-107.28603878965049,48.36808108486907],[-107.28606511082506,48.36807168723835],[-107.28614547642742,48.368070086179166],[-107.28620546417457,48.367912585879886],[-107.28619191084647,48.36790833085606]]]}"
00000000000000001d91,1578,0,0,0,"{""type"":""Polygon"",""coordinates"":[[[-107.28603033728054,48.367893712548195],[-107.28594373920633,48.36790435051978],[-107.28587678536323,48.36790568194936],[-107.28594535438391,48.36809191707562],[-107.28601250817383,48.368095022835654],[-107.28603878965049,48.36808108486907],[-107.28604374852762,48.36789344308203],[-107.28603033728054,48.367893712548195]]]}"
00000000000000001d94,1579,1,0,0,"{""type"":""Polygon"",""coordinates"":[[[-107.28587678536323,48.36790568194936],[-107.28587000619311,48.36790578884333],[-107.28577142575546,48.36794798698796],[-107.28573891135478,48.367970961870085],[-107.2857258991775,48.367980105780745],[-107.28587250875137,48.36811124736132],[-107.28588513461631,48.3680930701573],[-107.28591863409927,48.3680924401721],[-107.28594535438391,48.36809191707562],[-107.28587678536323,48.36790568194936]]]}"
00000000000000001d8e,1580,0,0,0,"{""type"":""Polygon"",""coordinates"":[[[-107.2857258991775,48.367980105780745],[-107.28570619739935,48.36798949950692],[-107.28568610931632,48.36798985999623],[-107.28562879957833,48.368057976392244],[-107.28581510181317,48.36817491095212],[-107.28586657250676,48.36812917474231],[-107.28587250875137,48.36811124736132],[-107.2857258991775,48.367980105780745]]]}"
00000000000000001d90,1581,0,0,0,"{""type"":""Polygon"",""coordinates"":[[[-107.28562879957833,48.368057976392244],[-107.28562236702423,48.368062576175916],[-107.28559672884771,48.36808989725042],[-107.28558416041804,48.36810798714023],[-107.2855522891223,48.36814434527353],[-107.2857571485318,48.368229644403755],[-107.28578912210506,48.368193270334174],[-107.28580852213423,48.36817945510333],[-107.28581510181317,48.36817491095212],[-107.28562879957833,48.368057976392244]]]}"
00000000000000001d9d,1582,0,0,0,"{""type"":""Polygon"",""coordinates"":[[[-107.2855522891223,48.36814434527353],[-107.2854945799611,48.36820358726988],[-107.28548225573601,48.368226185919326],[-107.28569276251596,48.36828897768915],[-107.28572592059216,48.368279385949364],[-107.28574458010358,48.36824773436196],[-107.2857571485318,48.368229644403755],[-107.2855522891223,48.36814434527353]]]}"
00000000000000001d8f,1583,0,0,0,"{""type"":""Polygon"",""coordinates"":[[[-107.28548225573601,48.368226185919326],[-107.28545765962214,48.36827576485713],[-107.28542568576246,48.36831213887999],[-107.28561560830025,48.36836196370921],[-107.28564060334438,48.36832125919814],[-107.28567311809964,48.36829828418926],[-107.28569276251596,48.36828897768915],[-107.28548225573601,48.368226185919326]]]}"
00000000000000001d95,1584,0,0,0,"{""type"":""Polygon"",""coordinates"":[[[-107.28542568576246,48.36831213887999],[-107.28538930610264,48.3683977157116],[-107.28557259680633,48.36844770321712],[-107.28559081271152,48.368407105526245],[-107.28561560830025,48.36836196370921],[-107.28542568576246,48.36831213887999]]]}"
00000000000000001d8b,1585,0,0,0,"{""type"":""Polygon"",""coordinates"":[[[-107.28538930610264,48.3683977157116],[-107.28538361386732,48.36842015191513],[-107.2853123955642,48.36847521040625],[-107.28552963750006,48.36853782448389],[-107.28554834207964,48.36850624424124],[-107.28557259680633,48.36844770321712],[-107.28538930610264,48.3683977157116]]]}"
00000000000000001dc6,1586,0,0,0,"{""type"":""Polygon"",""coordinates"":[[[-107.2853123955642,48.36847521040625],[-107.28529369085128,48.368506790587965],[-107.28527601549037,48.36856078746734],[-107.28547964683693,48.36861923381832],[-107.2854861818268,48.3686146181822],[-107.28551751265744,48.368564860576065],[-107.28552963750006,48.36853782448389],[-107.2853123955642,48.36847521040625]]]}"
00000000000000001dc5,1587,0,0,0,"{""type"":""Polygon"",""coordinates"":[[[-107.28527601549037,48.36856078746734],[-107.28527739902155,48.36859200728485],[-107.28524488388838,48.36861498229607],[-107.2852124710498,48.36863794149608],[-107.28541634683651,48.3687008968351],[-107.28542837463237,48.36866940756954],[-107.28544134231038,48.36866019210606],[-107.28546098693512,48.36865088558485],[-107.28547964683693,48.36861923381832],[-107.28527601549037,48.36856078746734]]]}"
00000000000000001dc4,1588,0,0,0,"{""type"":""Polygon"",""coordinates"":[[[-107.2852124710498,48.36863794149608],[-107.28521256818543,48.36864239460856],[-107.28516247970977,48.36871935083565],[-107.28535294425848,48.36878257575277],[-107.28535269999354,48.368778066972496],[-107.28536537108924,48.368759961065784],[-107.28539155079143,48.368746038899374],[-107.28540387526452,48.36872344003482],[-107.28541634683651,48.3687008968351],[-107.2852124710498,48.36863794149608]]]}"
00000000000000001dcb,1589,0,0,0,"{""type"":""Polygon"",""coordinates"":[[[-107.28516247970977,48.36871935083565],[-107.28515589989526,48.36872389499203],[-107.28512382829209,48.36875581611339],[-107.28511170312095,48.368782852273284],[-107.28509903192825,48.3688009581568],[-107.28529627594239,48.368864076434065],[-107.28531513554773,48.368836861884326],[-107.28533384044216,48.36880528149822],[-107.28535294425848,48.36878257575277],[-107.28516247970977,48.36871935083565]]]}"
00000000000000001dc7,1590,0,0,0,"{""type"":""Polygon"",""coordinates"":[[[-107.28509903192825,48.3688009581568],[-107.28509294056006,48.3688145198848],[-107.28511387153902,48.368831980243186],[-107.28506191082819,48.36886869911303],[-107.28504904014599,48.36888236769758],[-107.28523960739466,48.36894557721245],[-107.28525217626981,48.36892748707207],[-107.28526480267038,48.36890930965755],[-107.28528984322084,48.36886867626929],[-107.28529627594239,48.368864076434065],[-107.28509903192825,48.3688009581568]],[[-107.28511545436471,48.36886763754668],[-107.28509516648738,48.36886356060628],[-107.28510268602017,48.36888129032701],[-107.28511545436471,48.36886763754668]]]}"
00000000000000001dca,1591,0,0,0,"{""type"":""Polygon"",""coordinates"":[[[-107.28504904014599,48.36888236769758],[-107.28502394706608,48.3689186193701],[-107.28501107635613,48.368932287963084],[-107.28499806374339,48.368941431951185],[-107.28497188386281,48.36895535406597],[-107.28516265062994,48.36902300115233],[-107.28520095576108,48.368982042681495],[-107.28523960739466,48.36894557721245],[-107.28504904014599,48.36888236769758]]]}"
00000000000000001dcd,1592,0,0,0,"{""type"":""Polygon"",""coordinates"":[[[-107.28497188386281,48.36895535406597],[-107.28494085385705,48.36900953340523],[-107.2849288703606,48.369041094291376],[-107.28510598159436,48.36910450210735],[-107.28511127523778,48.36907319094732],[-107.28514977991107,48.36903666979089],[-107.28516265062994,48.36902300115233],[-107.28497188386281,48.36895535406597]]]}"
00000000000000001dc9,1593,0,0,0,"{""type"":""Polygon"",""coordinates"":[[[-107.2849288703606,48.369041094291376],[-107.28492293352743,48.369059021941816],[-107.28489041786403,48.36908199704788],[-107.28484517846505,48.369118696432686],[-107.28506266636532,48.36918582109458],[-107.28508177050982,48.36916311523259],[-107.28509989016696,48.369118063914534],[-107.28510598159436,48.36910450210735],[-107.2849288703606,48.369041094291376]]]}"
00000000000000001dce,1594,0,0,0,"{""type"":""Polygon"",""coordinates"":[[[-107.28484517846505,48.369118696432686],[-107.2848323651758,48.36913227777697],[-107.28483399249691,48.36916800676191],[-107.28483517620909,48.36919478960186],[-107.28480899612632,48.36920871174359],[-107.28501940848686,48.36926705291176],[-107.28506266636532,48.36918582109458],[-107.28484517846505,48.369118696432686]]]}"
00000000000000001dd2,1595,0,0,0,"{""type"":""Polygon"",""coordinates"":[[[-107.28480899612632,48.36920871174359],[-107.28478301543478,48.36922707123475],[-107.28475757538735,48.36925883006997],[-107.28474460741369,48.3692680455522],[-107.2847318388324,48.36928169839183],[-107.28495620364352,48.36935316984037],[-107.2849746648594,48.369317080376476],[-107.28500663996805,48.36928070578606],[-107.28501940848686,48.36926705291176],[-107.28480899612632,48.36920871174359]]]}"
00000000000000001ed7,1596,0,0,0,"{""type"":""Polygon"",""coordinates"":[[[-107.2847318388324,48.36928169839183],[-107.28470639871338,48.36931345724786],[-107.28465359477492,48.369332355330954],[-107.28464716193257,48.36933695516665],[-107.28488676509586,48.369448324105086],[-107.28489933428924,48.36943023383213],[-107.28492507090134,48.36940736540023],[-107.28495620364352,48.36935316984037],[-107.2847318388324,48.36928169839183]]]}"
00000000000000001ed8,1597,0,0,0,"{""type"":""Polygon"",""coordinates"":[[[-107.28464716193257,48.36933695516665],[-107.284641469093,48.36935939173697],[-107.28458193053308,48.36937846808167],[-107.28457569705583,48.36938750528394],[-107.28466338422453,48.36939919795562],[-107.2846247317541,48.369435663524506],[-107.28480960734142,48.36952131115559],[-107.2848225754033,48.36951209561856],[-107.28486092611348,48.36947120835618],[-107.28487409356447,48.36946643019361],[-107.28488676509586,48.369448324105086],[-107.28464716193257,48.36933695516665]]]}"
00000000000000001eda,1598,0,0,0,"{""type"":""Polygon"",""coordinates"":[[[-107.2846247317541,48.369435663524506],[-107.28461829889099,48.36944026336772],[-107.28457375406602,48.36949472819886],[-107.28454757373811,48.36950865035393],[-107.28470542659099,48.36959039947022],[-107.28473749920005,48.36955847796308],[-107.28477099960025,48.36955784833736],[-107.2847834270135,48.36953523338186],[-107.28480960734142,48.36952131115559],[-107.2846247317541,48.369435663524506]]]}"
00000000000000001edb,1599,0,0,0,"{""type"":""Polygon"",""coordinates"":[[[-107.28454757373811,48.36950865035393],[-107.28447570972187,48.36955032580699],[-107.28444972870521,48.36956868533398],[-107.28462846769328,48.36966782397322],[-107.28467944559146,48.369608759072676],[-107.28470562598282,48.36959483685393],[-107.28470542659099,48.36959039947022],[-107.28454757373811,48.36950865035393]]]}"
00000000000000001e33,1600,0,0,0,"{""type"":""Polygon"",""coordinates"":[[[-107.28444972870521,48.36956868533398],[-107.28438489549929,48.36961907308285],[-107.28437257019169,48.36964167221769],[-107.28453062225692,48.36972785922516],[-107.28453037809975,48.36972335036009],[-107.28457644798772,48.36970463047327],[-107.2845893190927,48.3696909617304],[-107.28462846769328,48.36966782397322],[-107.28444972870521,48.36956868533398]]]}"
00000000000000001edc,1601,0,0,0,"{""type"":""Polygon"",""coordinates"":[[[-107.28437257019169,48.36964167221769],[-107.2843603418918,48.36966872456286],[-107.28432748435998,48.369682737692834],[-107.28428135696245,48.36970154473154],[-107.28427512337046,48.36971058197201],[-107.28444668405619,48.369800953202294],[-107.28447944466014,48.36978248678636],[-107.2844917699729,48.369759887577985],[-107.2845044417519,48.36974178143387],[-107.28451740992823,48.369732565897],[-107.28453062225692,48.36972785922516],[-107.28437257019169,48.36964167221769]]]}"
00000000000000001edf,1602,0,0,0,"{""type"":""Polygon"",""coordinates"":[[[-107.28427512337046,48.36971058197201],[-107.28425561991529,48.36972441312832],[-107.28422963872259,48.36974277266024],[-107.28418410922913,48.36977489187827],[-107.28435557278067,48.369860810164525],[-107.28436834166814,48.369847157218764],[-107.28444668405619,48.369800953202294],[-107.28427512337046,48.36971058197201]]]}"
00000000000000001ed6,1603,0,0,0,"{""type"":""Polygon"",""coordinates"":[[[-107.28418410922913,48.36977489187827],[-107.28417757395277,48.3697795075336],[-107.28413219150607,48.36981168241038],[-107.28411922326,48.36982089791072],[-107.28409279854904,48.369830311157685],[-107.28425846645854,48.369938682310035],[-107.28426480242496,48.36992962922048],[-107.28432330034805,48.369888294326934],[-107.28435557278067,48.369860810164525],[-107.28418410922913,48.36977489187827]]]}"
00000000000000001e32,1604,0,0,0,"{""type"":""Polygon"",""coordinates"":[[[-107.28409279854904,48.369830311157685],[-107.28407983029189,48.369839526656214],[-107.28405438936778,48.3698712856925],[-107.2840282087161,48.369885207812665],[-107.28401543973727,48.36989886072529],[-107.28416126282195,48.3700121012474],[-107.28416769581543,48.370007501382126],[-107.284187244231,48.369993741635696],[-107.28420674784876,48.36997991041924],[-107.28425846645854,48.369938682310035],[-107.28409279854904,48.369830311157685]]]}"
00000000000000001e35,1605,0,0,0,"{""type"":""Polygon"",""coordinates"":[[[-107.28401543973727,48.36989886072529],[-107.28400256842309,48.36991252944994],[-107.28393076094262,48.369954117556844],[-107.28392422561934,48.36995873321166],[-107.28407069121423,48.370085357757375],[-107.2841161763701,48.37005316692457],[-107.2841413157517,48.37001698614887],[-107.28416126282195,48.3700121012474],[-107.28401543973727,48.36989886072529]],[[-107.28406812567769,48.370027353723124],[-107.28405446984193,48.37002311404368],[-107.284061789658,48.37003640681766],[-107.28406812567769,48.370027353723124]]]}"
00000000000000001ffc,1606,0,0,0,"{""type"":""Polygon"",""coordinates"":[[[-107.28392422561934,48.36995873321166],[-107.28389824418248,48.3699770927409],[-107.28385889581264,48.36999579292526],[-107.28384632603759,48.37001388326886],[-107.28383291433451,48.37001415245066],[-107.28381950263325,48.37001442163054],[-107.28395898916264,48.37013671581385],[-107.2840374346798,48.37009049604961],[-107.28406435518362,48.370094410862215],[-107.28407069121423,48.370085357757375],[-107.28392422561934,48.36995873321166]]]}"
00000000000000001ffb,1607,0,0,0,"{""type"":""Polygon"",""coordinates"":[[[-107.28381950263325,48.37001442163054],[-107.28379941385536,48.37001478175679],[-107.28376080499004,48.37005131889953],[-107.28371487638657,48.370074563237175],[-107.28386827528585,48.37020544759814],[-107.28389425690041,48.37018708799383],[-107.28395275543048,48.370145753110755],[-107.28395898916264,48.37013671581385],[-107.28381950263325,48.37001442163054]]]}"
00000000000000001e36,1608,0,0,0,"{""type"":""Polygon"",""coordinates"":[[[-107.28371487638657,48.370074563237175],[-107.28368226252148,48.370093085163745],[-107.2836229221442,48.37011659863687],[-107.28369609413164,48.370253607192225],[-107.28370950590202,48.370253338026615],[-107.28378908988665,48.3702338302811],[-107.28384199204186,48.37021938557155],[-107.28386827528585,48.37020544759814],[-107.28371487638657,48.370074563237175]]]}"
00000000000000001ee0,1609,0,0,0,"{""type"":""Polygon"",""coordinates"":[[[-107.2836229221442,48.37011659863687],[-107.28359674127377,48.370130520709125],[-107.28356977614793,48.37012653428834],[-107.28354319677263,48.37013158147893],[-107.28352290874625,48.37012750411371],[-107.28348985154032,48.37013707965343],[-107.28355668680494,48.370283141483725],[-107.28357009856623,48.370282872337654],[-107.2835968197662,48.370282349849454],[-107.28362320000491,48.370272865180496],[-107.28369609413164,48.370253607192225],[-107.2836229221442,48.37011659863687]]]}"
0000000000000000200d,1610,0,0,0,"{""type"":""Polygon"",""coordinates"":[[[-107.28348985154032,48.37013707965343],[-107.28346990446187,48.37014196442721],[-107.28340270431272,48.37013878534057],[-107.28337622728266,48.37014381667626],[-107.28338961427923,48.37029539256671],[-107.28349680593782,48.37029325534396],[-107.28355668680494,48.370283141483725],[-107.28348985154032,48.37013707965343]]]}"
00000000000000001e39,1611,0,0,0,"{""type"":""Polygon"",""coordinates"":[[[-107.28337622728266,48.37014381667626],[-107.28336281559928,48.3701440857926],[-107.28332204044366,48.37013149354117],[-107.28326814977164,48.37012806105678],[-107.28322081939764,48.370267460281916],[-107.28324778448213,48.37027144681221],[-107.28330182977786,48.370279245289666],[-107.2833419626265,48.370278453764726],[-107.28336952544089,48.37029575260653],[-107.28338961427923,48.37029539256671],[-107.28337622728266,48.37014381667626]]]}"
00000000000000001e38,1612,0,0,0,"{""type"":""Polygon"",""coordinates"":[[[-107.28322707861912,48.370106578088226],[-107.28320001133386,48.37010260737046],[-107.28318605962308,48.37008947688057],[-107.28317244878473,48.37008530853602],[-107.2831596795362,48.37009896139305],[-107.28316635658379,48.37009887048984],[-107.28315987873621,48.370103398827155],[-107.28316012272087,48.37010790773223],[-107.28308508233704,48.37022995229219],[-107.28319379678425,48.37026356102405],[-107.28322081939764,48.370267460281916],[-107.28326814977164,48.37012806105678],[-107.28322707861912,48.370106578088226]]]}"
00000000000000001e59,1613,0,0,0,"{""type"":""Polygon"",""coordinates"":[[[-107.28313127544908,48.37006384134926],[-107.28311752298167,48.370055148288024],[-107.28309025658618,48.37004674011106],[-107.28307674811526,48.37004255594619],[-107.28295528364613,48.37017451618843],[-107.28300313396888,48.37019589260466],[-107.28302382022281,48.3702088449752],[-107.28308508233704,48.37022995229219],[-107.28315987873621,48.370103398827155],[-107.2831596795362,48.37009896139305],[-107.28317244878473,48.37008530853602],[-107.28313127544908,48.37006384134926]],[[-107.2830859891143,48.370100469166005],[-107.28307243584115,48.37009621352616],[-107.28307975523708,48.370109506403814],[-107.2830859891143,48.370100469166005]]]}"
00000000000000001e3a,1614,0,0,0,"{""type"":""Polygon"",""coordinates"":[[[-107.28302172018135,48.37001241147171],[-107.28300123321249,48.37000389657248],[-107.28284484231169,48.370105193310934],[-107.28287918397962,48.370122385560116],[-107.28289357866393,48.370144462454576],[-107.28290738861863,48.37015306828413],[-107.28292114103859,48.370161761392616],[-107.28295528364613,48.37017451618843],[-107.28307674811526,48.37004255594619],[-107.28302172018135,48.37001241147171]]]}"
00000000000000001e4f,1615,0,0,0,"{""type"":""Polygon"",""coordinates"":[[[-107.28297406924189,48.36999547255919],[-107.28295313916837,48.36997801133062],[-107.28290508999913,48.36995219754551],[-107.28273499170355,48.37004487237836],[-107.28275547857227,48.37005338734345],[-107.28276923089884,48.370062080459775],[-107.28284484231169,48.370105193310934],[-107.28300123321249,48.37000389657248],[-107.28297406924189,48.36999547255919]]]}"
00000000000000001e4e,1616,0,0,0,"{""type"":""Polygon"",""coordinates"":[[[-107.28289133765801,48.36994350446692],[-107.28286195094658,48.36988603859219],[-107.28265731242207,48.36995708352433],[-107.28267858301794,48.369983506948095],[-107.28267918044453,48.36999681923008],[-107.28273499170355,48.37004487237836],[-107.28290508999913,48.36995219754551],[-107.28289133765801,48.36994350446692]]]}"
00000000000000001e41,1617,0,0,0,"{""type"":""Polygon"",""coordinates"":[[[-107.28285463168228,48.36987274575034],[-107.28282667123753,48.36984657205073],[-107.28281207754151,48.36982005785328],[-107.28279777985666,48.36980243429628],[-107.28261333260242,48.36987310329449],[-107.28265023715863,48.36994829954164],[-107.28265731242207,48.36995708352433],[-107.28286195094658,48.36988603859219],[-107.28285463168228,48.36987274575034]]]}"
00000000000000001e40,1618,0,0,0,"{""type"":""GeometryCollection"",""geometries"":[{""type"":""LineString"",""coordinates"":[[-107.28264631732576,48.369711673628856],[-107.28264611779444,48.36970721139817]]},{""type"":""Polygon"",""coordinates"":[[[-107.28277635486606,48.36977164505083],[-107.28273493833656,48.3697456689248],[-107.28268085499107,48.36973332968209],[-107.28264631469226,48.369711700070184],[-107.28254499643387,48.36984321181435],[-107.28257845152832,48.36984251149221],[-107.28260645650103,48.36986875673909],[-107.28261333260242,48.36987310329449],[-107.28279777985666,48.36980243429628],[-107.28277635486606,48.36977164505083]]]}]}"
00000000000000001e3f,1619,0,0,0,"{""type"":""Polygon"",""coordinates"":[[[-107.28247074512834,48.369683873329876],[-107.2824574360657,48.36968412650181],[-107.28245121860277,48.36984507891738],[-107.28254499643387,48.36984321181435],[-107.28264607076909,48.369707191195765],[-107.28247074512834,48.369683873329876]]]}"
00000000000000001e42,1620,0,0,0,"{""type"":""Polygon"",""coordinates"":[[[-107.28243061329478,48.369684664456464],[-107.28238374701695,48.3696856336898],[-107.28228491762428,48.36972332091845],[-107.2823643169095,48.369851292499476],[-107.2824043073291,48.369845976698436],[-107.28243780715898,48.36984534789706],[-107.28245121860277,48.36984507891738],[-107.2824574360657,48.36968412650181],[-107.28243061329478,48.369684664456464]]]}"
00000000000000001e4c,1621,0,0,0,"{""type"":""Polygon"",""coordinates"":[[[-107.28228491762428,48.36972332091845],[-107.28221236561075,48.36975153970476],[-107.28215357110807,48.36978398259189],[-107.28227889849498,48.36988871088126],[-107.28231760477036,48.36985662765521],[-107.2823643169095,48.369851292499476],[-107.28228491762428,48.36972332091845]]]}"
00000000000000001e3d,1622,0,0,0,"{""type"":""Polygon"",""coordinates"":[[[-107.28215357110807,48.36978398259189],[-107.28210150542385,48.36982071639213],[-107.28205528112053,48.36983506918964],[-107.28204206880228,48.369839775530394],[-107.28218788244713,48.369953019160334],[-107.28227889849498,48.36988871088126],[-107.28215357110807,48.36978398259189]]]}"
00000000000000001e52,1623,0,0,0,"{""type"":""GeometryCollection"",""geometries"":[{""type"":""LineString"",""coordinates"":[[-107.28212411772815,48.37002573994698],[-107.28212431721606,48.37003020217903]]},{""type"":""Polygon"",""coordinates"":[[[-107.28204206880228,48.369839775530394],[-107.28202222434419,48.369844644161134],[-107.28198337084692,48.36987667160083],[-107.281944420569,48.36990424581349],[-107.28212413201244,48.37002573590479],[-107.28214239672621,48.36998520903436],[-107.28218788244713,48.369953019160334],[-107.28204206880228,48.369839775530394]]]}]}"
00000000000000001e3e,1624,0,0,0,"{""type"":""Polygon"",""coordinates"":[[[-107.281944420569,48.36990424581349],[-107.28192467280938,48.369913567663026],[-107.28189893482424,48.36993643554343],[-107.28188592151764,48.36994557930002],[-107.28186028021219,48.36997290042236],[-107.28185364806252,48.369973062702755],[-107.28205428882377,48.370112014606875],[-107.28205384591125,48.370103068255],[-107.2821054691142,48.37005738793107],[-107.28210458326257,48.37003949524831],[-107.28212433108682,48.37003017333814],[-107.281944420569,48.36990424581349]]]}"
00000000000000001e54,1625,0,0,0,"{""type"":""Polygon"",""coordinates"":[[[-107.28205448788903,48.370116452047775],[-107.28205428882377,48.370112014606875],[-107.28185364806252,48.369973062702755],[-107.28180128622616,48.37000090580727],[-107.28179579073712,48.37002777996604],[-107.28174922007081,48.370037639578115],[-107.28203131207285,48.37019732434588],[-107.28203106822895,48.370192815426805],[-107.28210391694654,48.37017348721968],[-107.28205448788903,48.370116452047775]]]}"
00000000000000001e53,1626,0,0,0,"{""type"":""Polygon"",""coordinates"":[[[-107.28174922007081,48.370037639578115],[-107.28172303910209,48.37005156112183],[-107.28168591174698,48.37011930252217],[-107.28165928789701,48.37012427771192],[-107.2820259134269,48.37022865187248],[-107.28201863925729,48.37021543034492],[-107.28203131207285,48.37019732434588],[-107.28174922007081,48.370037639578115]]]}"
00000000000000001e55,1627,0,0,0,"{""type"":""Polygon"",""coordinates"":[[[-107.2820259134269,48.37022865187248],[-107.28165928789701,48.37012427771192],[-107.28162623089882,48.37013385260478],[-107.28159213407017,48.370121168792714],[-107.28156497076245,48.37011274434581],[-107.28156570923966,48.37013058140091],[-107.28155614292525,48.37021562222171],[-107.28155668239128,48.37022902185825],[-107.28204684297728,48.37024611339833],[-107.2820259134269,48.37022865187248]]]}"
00000000000000001e3b,1628,0,0,0,"{""type"":""Polygon"",""coordinates"":[[[-107.28155668239128,48.37022902185825],[-107.2815575679684,48.370246914616644],[-107.28193491598545,48.37044040832276],[-107.28194788469112,48.37043119299839],[-107.28196085339201,48.370421977673985],[-107.28197268531278,48.37038605027925],[-107.28199940613457,48.37038552824376],[-107.28205102980205,48.37033984769519],[-107.28200961352138,48.37031387097333],[-107.28204802459511,48.37027289686748],[-107.2820470420407,48.37025055085048],[-107.28204684297728,48.37024611339833],[-107.28155668239128,48.37022902185825]]]}"
0000000000000000200c,1629,0,0,0,"{""type"":""Polygon"",""coordinates"":[[[-107.2815575679684,48.370246914616644],[-107.28155894823033,48.37027813555827],[-107.28154553675641,48.3702784044164],[-107.2816264164677,48.3704375832224],[-107.28165987177455,48.37043688320682],[-107.28168629683499,48.37042747051281],[-107.28178007538118,48.37042560411763],[-107.28183297741664,48.370411160465],[-107.28187439359381,48.37043713731302],[-107.281848950944,48.370468896165335],[-107.28179698643117,48.37050561449409],[-107.2817647124123,48.370533098170064],[-107.28171824343315,48.37054294206904],[-107.281700119478,48.370587994062895],[-107.28171530950559,48.37062782128459],[-107.2817218898511,48.37062327718798],[-107.28174129188015,48.370609462097555],[-107.28181300470354,48.370563421775564],[-107.28191516792629,48.37044973027172],[-107.28193491598545,48.37044040832276],[-107.2815575679684,48.370246914616644]]]}"
00000000000000001e3c,1630,0,0,0,"{""type"":""MultiPolygon"",""coordinates"":[[[[-107.28154553675641,48.3702784044164],[-107.28146601102739,48.37029782302328],[-107.28144586505339,48.37029826992976],[-107.28146642116481,48.370458615088694],[-107.28149992121507,48.37045798660142],[-107.28160632792941,48.37043794288702],[-107.2816264164677,48.3704375832224],[-107.28154553675641,48.3702784044164]]],[[[-107.281700119478,48.370587994062895],[-107.28156852587037,48.37064414704518],[-107.28148860134421,48.37065469084634],[-107.28149062328572,48.3706992959783],[-107.28151071194105,48.370698936333135],[-107.28157688449015,48.37067969910883],[-107.28164933603378,48.37065149607147],[-107.28171530950559,48.37062782128459],[-107.281700119478,48.370587994062895]]]]}"
00000000000000001e58,1631,0,0,0,"{""type"":""MultiPolygon"",""coordinates"":[[[[-107.28144586505339,48.37029826992976],[-107.2813454102083,48.370300226752896],[-107.28131858730694,48.37030076440671],[-107.28131909913037,48.37046154069058],[-107.28132583365735,48.370461362636995],[-107.28138605436197,48.37046021233724],[-107.28146642116481,48.370458615088694],[-107.28144586505339,48.37029826992976]]],[[[-107.2814553448896,48.37065982829794],[-107.2813306270038,48.37072032774663],[-107.28132399475697,48.37072048999522],[-107.28132493207046,48.37074276475593],[-107.28133834368124,48.370742495922784],[-107.2814437561893,48.370700264792454],[-107.28149062328572,48.3706992959783],[-107.28148860134421,48.37065469084634],[-107.2814553448896,48.37065982829794]]]]}"
00000000000000002006,1632,0,0,0,"{""type"":""MultiPolygon"",""coordinates"":[[[[-107.28128395892723,48.37072573397752],[-107.28123021591703,48.370722355963146],[-107.28120349507013,48.37072287778871],[-107.28117667190287,48.37072341541393],[-107.28117741017219,48.37074125268166],[-107.28132493207046,48.37074276475593],[-107.28132399475697,48.37072048999522],[-107.28128395892723,48.37072573397752]]],[[[-107.28127845529487,48.370301555065865],[-107.28125089409299,48.37028425558164],[-107.28122362852403,48.370275846818004],[-107.28115129095292,48.37045595068005],[-107.28119815759511,48.370454982024484],[-107.2812316575466,48.37045435363326],[-107.28125877613955,48.37046270675462],[-107.2812721876395,48.370462437934926],[-107.28129901064482,48.3704619002898],[-107.28131909913037,48.37046154069058],[-107.28131858730694,48.37030076440671],[-107.28127845529487,48.370301555065865]]]]}"
00000000000000001e5b,1633,0,0,0,"{""type"":""Polygon"",""coordinates"":[[[-107.28120314223865,48.37026733147606],[-107.2811839392755,48.370285583825925],[-107.28112975428478,48.370273259375196],[-107.28117578007603,48.37025446943621],[-107.28114841794026,48.37024160739099],[-107.28100160773577,48.37040530860926],[-107.2811378794725,48.37045621948235],[-107.28115129095292,48.37045595068005],[-107.28122362852403,48.370275846818004],[-107.28120314223865,48.37026733147606]]]}"
00000000000000001ee4,1634,0,0,0,"{""type"":""Polygon"",""coordinates"":[[[-107.28108008341809,48.37021171462084],[-107.28086425242013,48.37033206730208],[-107.28090536613988,48.37035362289944],[-107.2809330294492,48.37037090670397],[-107.28094678117981,48.37037960014798],[-107.28096746633815,48.37039255303351],[-107.28100160773577,48.37040530860926],[-107.28114841794026,48.37024160739099],[-107.28108008341809,48.37021171462084]],[[-107.28110926804372,48.37026474401253],[-107.28109585663852,48.37026501280609],[-107.28109625453341,48.370273887723684],[-107.28110926804372,48.37026474401253]]]}"
0000000000000000200f,1635,0,0,0,"{""type"":""Polygon"",""coordinates"":[[[-107.28104594213498,48.3701989591164],[-107.28103095200764,48.37016356953517],[-107.28079914957985,48.37022618627243],[-107.28082813480715,48.37027477831527],[-107.28082951444264,48.37030599929958],[-107.28086425242013,48.37033206730208],[-107.28108008341809,48.37021171462084],[-107.28104594213498,48.3701989591164]]]}"
00000000000000001e6e,1636,0,0,0,"{""type"":""Polygon"",""coordinates"":[[[-107.28102195814121,48.37011016488013],[-107.28062022701597,48.370122601635735],[-107.28064744737738,48.37013093908528],[-107.28066119891417,48.37013963253591],[-107.2806818837819,48.37015258543196],[-107.28073037304613,48.37018734686765],[-107.28079914957985,48.37022618627243],[-107.28103095200764,48.37016356953517],[-107.28102407616244,48.37015922283638],[-107.28102903291783,48.37011894902171],[-107.28102195814121,48.37011016488013]]]}"
00000000000000001e6c,1637,0,0,0,"{""type"":""Polygon"",""coordinates"":[[[-107.28100608275733,48.37005688264032],[-107.28098387658024,48.37000818429981],[-107.2808040394815,48.370034083256044],[-107.28083297981357,48.370082603653415],[-107.28078631273475,48.370088009552695],[-107.28073846500277,48.37006663201037],[-107.28071080205629,48.37004934823932],[-107.28070392629289,48.37004500152485],[-107.2805040012745,48.37007125939121],[-107.28053843748852,48.37009290576988],[-107.28056590144801,48.370105752159226],[-107.2805930642218,48.3701141769009],[-107.2806135501471,48.37012269235754],[-107.28102195814121,48.37011016488013],[-107.28100608275733,48.37005688264032]]]}"
00000000000000001e68,1638,0,0,0,"{""type"":""MultiPolygon"",""coordinates"":[[[[-107.28069017477233,48.37003630809536],[-107.28066251188437,48.37001902431876],[-107.28056799748546,48.37000305251669],[-107.28056112175776,48.36999870579488],[-107.2804491758369,48.37004555077884],[-107.2805040012745,48.37007125939121],[-107.28070392629289,48.37004500152485],[-107.28069017477233,48.37003630809536]]],[[[-107.28097271433535,48.36991011959468],[-107.28077323224511,48.3699453242831],[-107.28078718267828,48.36995845512011],[-107.28078806788365,48.36997634780418],[-107.28078836338236,48.36998523848334],[-107.280788805985,48.36999418482912],[-107.28078954408619,48.37001202186002],[-107.2808040394815,48.370034083256044],[-107.28098387658024,48.37000818429981],[-107.28097635918745,48.369990453827725],[-107.2809952664914,48.36996331094811],[-107.28099482383756,48.36995436460977],[-107.28099408563429,48.369936527602334],[-107.28097271433535,48.36991011959468]]]]}"
00000000000000001e70,1639,0,0,0,"{""type"":""Polygon"",""coordinates"":[[[-107.2809516891066,48.36988820468683],[-107.28088914709625,48.36984032856994],[-107.28088162978243,48.369822598144275],[-107.28084783501114,48.36981433573689],[-107.28083402596879,48.36980572964297],[-107.28071069050057,48.36989744799203],[-107.28077323224511,48.3699453242831],[-107.28097271433535,48.36991011959468],[-107.2809516891066,48.36988820468683]]]}"
00000000000000001e73,1640,0,0,0,"{""type"":""MultiPolygon"",""coordinates"":[[[[-107.28054726798355,48.36999002815699],[-107.28054692776529,48.369981066003014],[-107.28049298745884,48.36997325014627],[-107.28043546919282,48.370036928782255],[-107.2804491758369,48.37004555077884],[-107.28056112175776,48.36999870579488],[-107.28054726798355,48.36999002815699]]],[[[-107.28079236796663,48.36977524371633],[-107.28073744598666,48.36974508218673],[-107.2807106236602,48.369745619650715],[-107.28060836371066,48.36985485514296],[-107.2806630867627,48.36988057938045],[-107.28071069050057,48.36989744799203],[-107.28083402596879,48.36980572964297],[-107.28079236796663,48.36977524371633]]]]}"
00000000000000001e69,1641,0,0,0,"{""type"":""MultiPolygon"",""coordinates"":[[[[-107.28046592138577,48.36996927863772],[-107.28043752078695,48.3699341577949],[-107.28039445283191,48.37001982633873],[-107.28043546919282,48.370036928782255],[-107.28049298745884,48.36997325014627],[-107.28046592138577,48.36996927863772]]],[[[-107.28068390366539,48.369746141300666],[-107.28064367020008,48.369746947470794],[-107.28056212509391,48.36972176070215],[-107.2805554930794,48.36972192288877],[-107.28049955356927,48.3698212593825],[-107.28052647244716,48.36982517520749],[-107.28056734738375,48.36983775283079],[-107.28058065623448,48.36983749992524],[-107.28060836371066,48.36985485514296],[-107.2807106236602,48.369745619650715],[-107.28068390366539,48.369746141300666]]]]}"
00000000000000001e71,1642,0,0,0,"{""type"":""MultiPolygon"",""coordinates"":[[[[-107.28042292915842,48.3699076431387],[-107.28038215658658,48.369895049630394],[-107.28036864888179,48.3698908650774],[-107.2803468492541,48.37000295752772],[-107.28039445283191,48.37001982633873],[-107.28043752078695,48.3699341577949],[-107.28042292915842,48.3699076431387]]],[[[-107.28044118710966,48.36971520108453],[-107.28041396715251,48.36970686363136],[-107.28040729037339,48.36970695433586],[-107.28038509329025,48.36981017155219],[-107.28041854759124,48.369809472002444],[-107.28049955356927,48.3698212593825],[-107.2805554930794,48.36972192288877],[-107.28044118710966,48.36971520108453]]]]}"
00000000000000001e74,1643,0,0,0,"{""type"":""Polygon"",""coordinates"":[[[-107.28038724726977,48.36970738519562],[-107.28037383616903,48.36970765387789],[-107.28031940912618,48.36969082017772],[-107.2802788804964,48.36968273555422],[-107.28020296212921,48.36993433114831],[-107.28022364662432,48.36994728410254],[-107.28031186849303,48.36997238056752],[-107.2803468492541,48.37000295752772],[-107.28036864888179,48.3698908650774],[-107.28031402272926,48.36986959389323],[-107.28024662685544,48.369861975107746],[-107.28025910129885,48.36983943202296],[-107.28029825087899,48.36981629594038],[-107.28030472881576,48.36981176781809],[-107.28033838194807,48.36981550572163],[-107.28038509329025,48.36981017155219],[-107.28040729037339,48.36970695433586],[-107.28038724726977,48.36970738519562]]]}"
00000000000000002013,1644,0,0,0,"{""type"":""Polygon"",""coordinates"":[[[-107.28021816175097,48.369675026071114],[-107.28021104252697,48.36966617046309],[-107.28002821893375,48.36977256388054],[-107.28004216892887,48.369785694794224],[-107.28009699347054,48.36981140353612],[-107.28017579968942,48.36992590631634],[-107.28020296212921,48.36993433114831],[-107.2802788804964,48.36968273555422],[-107.28021816175097,48.369675026071114]]]}"
00000000000000001e6d,1645,0,0,0,"{""type"":""Polygon"",""coordinates"":[[[-107.28018844008818,48.36960859744246],[-107.28018759994538,48.36959077634057],[-107.27996965537564,48.36966206793564],[-107.27996395993377,48.36968450443166],[-107.28002821893375,48.36977256388054],[-107.28021104252697,48.36966617046309],[-107.28018844008818,48.36960859744246]]]}"
00000000000000002014,1646,0,0,0,"{""type"":""Polygon"",""coordinates"":[[[-107.27995849594765,48.36956400367821],[-107.27996557029788,48.36957278781885],[-107.27998080264302,48.36961268608996],[-107.27996965537564,48.36966206793564],[-107.28018759994538,48.36959077634057],[-107.28019177482345,48.369532594620814],[-107.28019113351938,48.36951921094516],[-107.28020370437281,48.3695011212202],[-107.27995849594765,48.36956400367821]]]}"
0000000000000000201b,1647,0,0,0,"{""type"":""Polygon"",""coordinates"":[[[-107.27996659000172,48.36944329024466],[-107.2799484201712,48.369488269535026],[-107.27994336596817,48.36952408963345],[-107.27995849594765,48.36956400367821],[-107.28020370437281,48.3695011212202],[-107.27996659000172,48.36944329024466]]]}"
00000000000000001e62,1648,0,0,0,"{""type"":""Polygon"",""coordinates"":[[[-107.27998269482295,48.369353635399456],[-107.27997680063734,48.369371634374694],[-107.27998505509947,48.36940720157989],[-107.27996659000172,48.36944329024466],[-107.28020370437281,48.3695011212202],[-107.28021004095693,48.369492068456644],[-107.28023504131627,48.36945136435368],[-107.28024707312468,48.369419875191525],[-107.27998269482295,48.369353635399456]]]}"
00000000000000001e6a,1649,0,0,0,"{""type"":""Polygon"",""coordinates"":[[[-107.28004600421556,48.369271974723496],[-107.28004011007356,48.369289973673915],[-107.27998269482295,48.369353635399456],[-107.28024707312468,48.369419875191525],[-107.28027054709342,48.3693478950106],[-107.28028346380744,48.3693342983859],[-107.28004600421556,48.369271974723496]]]}"
00000000000000001e64,1650,0,0,0,"{""type"":""Polygon"",""coordinates"":[[[-107.28012262771749,48.369185592321166],[-107.28012282655386,48.36919002969474],[-107.28005803608525,48.369240485689446],[-107.28004600421556,48.369271974723496],[-107.28028346380744,48.3693342983859],[-107.28030875937614,48.3693024849584],[-107.28034191778964,48.369292894885234],[-107.28036947759989,48.36931019434361],[-107.28038288855603,48.3693099256676],[-107.28038204831002,48.3692921046699],[-107.28038882733551,48.36929199816394],[-107.28038838482226,48.36928305193193],[-107.28012262771749,48.369185592321166]]]}"
00000000000000001e5f,1651,0,0,0,"{""type"":""Polygon"",""coordinates"":[[[-107.28037123371773,48.36919853420782],[-107.28034990815831,48.36917219787381],[-107.28018637904171,48.36911287802813],[-107.28013499962694,48.36916306534948],[-107.28012262771749,48.369185592321166],[-107.28038838482226,48.36928305193193],[-107.28037123371773,48.36919853420782]]]}"
00000000000000001e60,1652,0,1,0,"{""type"":""MultiPolygon"",""coordinates"":[[[[-107.28027715068735,48.3690440638461],[-107.28019894973875,48.36909478844568],[-107.28018637904171,48.36911287802813],[-107.28034990815831,48.36917219787381],[-107.28034454512184,48.36905168252974],[-107.28027715068735,48.3690440638461]]],[[[-107.28032419313293,48.36889577857851],[-107.280284358461,48.36890545925551],[-107.28024412607948,48.36890626521819],[-107.28017761693428,48.36891653881669],[-107.2801646486126,48.36892575363055],[-107.280099615058,48.36897170056338],[-107.28011990131614,48.3689757786076],[-107.28019948119868,48.36895627440603],[-107.28027394974902,48.368972677156556],[-107.28034178655783,48.36898924201714],[-107.28033898321576,48.368926730107155],[-107.28033878435122,48.368922292756665],[-107.28032419313293,48.36889577857851]]]]}"
00000000000000001e66,1653,0,0,0,"{""type"":""Polygon"",""coordinates"":[[[-107.28052171447867,48.36896779773802],[-107.28040691657148,48.36894774806531],[-107.2803517526535,48.36891307792039],[-107.28033878435122,48.368922292756665],[-107.28034178655783,48.36898924201714],[-107.28036890364483,48.36899759519813],[-107.2804770697515,48.36901780710865],[-107.28047825026752,48.36904459000772],[-107.28040516064979,48.36905940767131],[-107.28034454512184,48.36905168252974],[-107.28034990815831,48.36917219787381],[-107.28037123371773,48.36919853420782],[-107.28055901100554,48.36905186837739],[-107.28055679120062,48.36900282722252],[-107.28052171447867,48.36896779773802]]]}"
00000000000000001e63,1654,0,0,0,"{""type"":""Polygon"",""coordinates"":[[[-107.2805608330289,48.36909203484998],[-107.28056043524809,48.369083160124084],[-107.28055999268992,48.36907421392906],[-107.28055945356374,48.36906081456867],[-107.28055901100554,48.36905186837739],[-107.28037123371773,48.36919853420782],[-107.28038838482226,48.36928305193193],[-107.28038882733551,48.36929199816394],[-107.28040887021457,48.3692915673129],[-107.280434851854,48.36927320895799],[-107.28046167375987,48.3692726715864],[-107.28047498239256,48.369272418703694],[-107.28052248863199,48.369284834053914],[-107.28054223608476,48.36927551261023],[-107.2806009634247,48.36909124454938],[-107.2805608330289,48.36909203484998]]]}"
00000000000000001e6b,1655,0,0,0,"{""type"":""Polygon"",""coordinates"":[[[-107.2807018120117,48.36909816337745],[-107.28068196808047,48.36910303165035],[-107.28068092877736,48.36908077336636],[-107.28064119615931,48.36909043842556],[-107.28062105101743,48.36909088512795],[-107.2806009634247,48.36909124454938],[-107.28054223608476,48.36927551261023],[-107.28055534584136,48.36927082233758],[-107.28056875680967,48.36927055363554],[-107.28058216777976,48.369270284931574],[-107.28059557875166,48.3692700162257],[-107.28062907741665,48.369269388091084],[-107.28071509116066,48.36924528377006],[-107.2807018120117,48.36909816337745]]]}"
00000000000000001e72,1656,0,0,0,"{""type"":""Polygon"",""coordinates"":[[[-107.28082201024854,48.36908688590591],[-107.28078177744077,48.369087692107215],[-107.2807018120117,48.36909816337745],[-107.28071509116066,48.36924528377006],[-107.28072187020177,48.3692451772403],[-107.280869385391,48.36924669014139],[-107.28082201024854,48.36908688590591]]]}"
00000000000000001e5e,1657,0,0,0,"{""type"":""Polygon"",""coordinates"":[[[-107.28094785857556,48.36905310053294],[-107.28094132326841,48.369057715906465],[-107.28091494402759,48.36906719959775],[-107.28085546405042,48.36908618622622],[-107.28082201024854,48.36908688590591],[-107.280869385391,48.36924669014139],[-107.28092960382833,48.369245540211324],[-107.28096276225811,48.36923594993378],[-107.28100289298091,48.36923515945494],[-107.28094785857556,48.36905310053294]]]}"
00000000000000001e6f,1658,0,0,0,"{""type"":""Polygon"",""coordinates"":[[[-107.28108082623652,48.36902817045045],[-107.28106083520848,48.36903298313131],[-107.2810626577865,48.3690731495661],[-107.28102168664833,48.36905611915861],[-107.28104059338224,48.3690289767604],[-107.28098744981,48.369038910719716],[-107.28094785857556,48.36905310053294],[-107.28100289298091,48.36923515945494],[-107.28104975800414,48.36923419093495],[-107.28107658005646,48.369233653388434],[-107.28113645823028,48.36922354130546],[-107.28108082623652,48.36902817045045]]]}"
00000000000000001e56,1659,0,0,0,"{""type"":""Polygon"",""coordinates"":[[[-107.28122952223566,48.36905646568279],[-107.28114935764029,48.3690624999666],[-107.28110185113663,48.36905008498472],[-107.28118123256982,48.369026142574974],[-107.28118776785861,48.36902152718834],[-107.28113372608395,48.36901372761688],[-107.28108082623652,48.36902817045045],[-107.28113645823028,48.36922354130546],[-107.28120301315799,48.36921333842925],[-107.28126972229491,48.369207501407296],[-107.28122952223566,48.36905646568279]]]}"
00000000000000001e57,1660,0,0,0,"{""type"":""Polygon"",""coordinates"":[[[-107.2813632285467,48.36904937189943],[-107.28135655181784,48.36904946266749],[-107.28122952223566,48.36905646568279],[-107.28126972229491,48.369207501407296],[-107.28131638843371,48.36920209538644],[-107.28139625779531,48.36918717039516],[-107.2813632285467,48.36904937189943]]]}"
00000000000000001e51,1661,0,0,0,"{""type"":""Polygon"",""coordinates"":[[[-107.28149659453938,48.36903331594228],[-107.28143651753855,48.36903899085466],[-107.2813632285467,48.36904937189943],[-107.28139625779531,48.36918717039516],[-107.28146950230142,48.36917671782065],[-107.28152284523802,48.36917122092482],[-107.28149659453938,48.36903331594228]]]}"
00000000000000001e4d,1662,0,0,0,"{""type"":""Polygon"",""coordinates"":[[[-107.28159680231158,48.36902685026798],[-107.28149659453938,48.36903331594228],[-107.28152284523802,48.36917122092482],[-107.2816432435846,48.36916437974697],[-107.28164292881752,48.36900804477842],[-107.28159680231158,48.36902685026798]]]}"
00000000000000001e49,1663,1,0,0,"{""type"":""Polygon"",""coordinates"":[[[-107.28173670372551,48.36900617856749],[-107.28168959484195,48.36900263859948],[-107.28164292881752,48.36900804477842],[-107.2816432435846,48.36916437974697],[-107.2817234087622,48.36915834502492],[-107.2817702740453,48.369157376148394],[-107.28178984749262,48.36899624419503],[-107.28173670372551,48.36900617856749]]]}"
00000000000000001e50,1664,0,0,0,"{""type"":""Polygon"",""coordinates"":[[[-107.28178984749262,48.36899624419503],[-107.2817702740453,48.369157376148394],[-107.28178368514507,48.369157107274056],[-107.28189754847097,48.369154881210974],[-107.28191095958793,48.369154612318454],[-107.28191653698404,48.368980278462956],[-107.28178984749262,48.36899624419503]]]}"
00000000000000001e44,1665,0,0,0,"{""type"":""Polygon"",""coordinates"":[[[-107.28203727576204,48.3689823987903],[-107.28199120682929,48.36900111718205],[-107.28192984571724,48.368980025377624],[-107.28191653698404,48.368980278462956],[-107.28191095958793,48.369154612318454],[-107.28204486620932,48.369151954903046],[-107.28204390774691,48.36898223650443],[-107.28203727576204,48.3689823987903]]]}"
00000000000000001e31,1666,0,0,0,"{""type"":""Polygon"",""coordinates"":[[[-107.28214421821869,48.36897575444846],[-107.28208414097794,48.36898142976563],[-107.28207072989913,48.368981698680486],[-107.28204390774691,48.36898223650443],[-107.28204486620932,48.369151954903046],[-107.28215868505347,48.369149657053306],[-107.2821988161915,48.36914886606584],[-107.28220559532267,48.36914875942933],[-107.28214421821869,48.36897575444846]]]}"
00000000000000001e46,1667,0,0,0,"{""type"":""Polygon"",""coordinates"":[[[-107.28226431522327,48.368964490978975],[-107.28224447122523,48.36896935956397],[-107.28220463612189,48.3689790410612],[-107.28214421821869,48.36897575444846],[-107.28220559532267,48.36914875942933],[-107.28229185314676,48.36912916257398],[-107.28233832046115,48.36911931870099],[-107.28226431522327,48.368964490978975]]]}"
00000000000000001e37,1668,0,0,0,"{""type"":""Polygon"",""coordinates"":[[[-107.2823637846285,48.36894018785324],[-107.28229767264496,48.36895933763744],[-107.28226431522327,48.368964490978975],[-107.28233832046115,48.36911931870099],[-107.28235836365904,48.36911888743672],[-107.28242502128919,48.36910866791677],[-107.28243877316031,48.369117360937814],[-107.2824655955226,48.36911682299697],[-107.28251201808287,48.36910690757193],[-107.2823637846285,48.36894018785324]]]}"
00000000000000001e2f,1669,0,0,0,"{""type"":""Polygon"",""coordinates"":[[[-107.28248963320004,48.368906400548205],[-107.28244316612002,48.36891624444907],[-107.28243039715335,48.368929896902564],[-107.2824033758205,48.36892599748787],[-107.2823637846285,48.36894018785324],[-107.28251201808287,48.36910690757193],[-107.28261836395761,48.36908695060649],[-107.28263766816463,48.369068682599675],[-107.28248963320004,48.368906400548205]]]}"
00000000000000001e30,1670,0,0,0,"{""type"":""Polygon"",""coordinates"":[[[-107.28256841723753,48.36886914505164],[-107.28254951139326,48.36889628764645],[-107.28248963320004,48.368906400548205],[-107.28263766816463,48.369068682599675],[-107.28265068106508,48.36905953890204],[-107.28269690444735,48.36904518605037],[-107.28273629661905,48.36902655816957],[-107.28276901194458,48.369008021148225],[-107.28278836084736,48.36898982460974],[-107.28256841723753,48.36886914505164]]]}"
00000000000000001e34,1671,0,0,0,"{""type"":""Polygon"",""coordinates"":[[[-107.28260604246654,48.3688102638184],[-107.28259317125395,48.36882393207251],[-107.28256841723753,48.36886914505164],[-107.28278836084736,48.36898982460974],[-107.28280152808429,48.36898504677972],[-107.28284523248092,48.36891276244623],[-107.2828646333743,48.368898947601224],[-107.28287750455466,48.36888527929233],[-107.28260604246654,48.3688102638184]]]}"
00000000000000001e2c,1672,0,0,0,"{""type"":""Polygon"",""coordinates"":[[[-107.28265048595628,48.36875581638189],[-107.28265092903291,48.368764762500696],[-107.28260604246654,48.3688102638184],[-107.28287750455466,48.36888527929233],[-107.28289621104503,48.368853699311536],[-107.28291166658951,48.36875066170501],[-107.28265048595628,48.36875581638189]]]}"
00000000000000001dcc,1673,0,0,0,"{""type"":""Polygon"",""coordinates"":[[[-107.28288055830924,48.36865301523382],[-107.28263332938698,48.368671300036226],[-107.28265499761346,48.36870659748464],[-107.28265048595628,48.36875581638189],[-107.28291166658951,48.36875066170501],[-107.28291088263074,48.36873275367091],[-107.28290865963469,48.36868371294495],[-107.28288055830924,48.36865301523382]]]}"
00000000000000001e2e,1674,0,0,0,"{""type"":""Polygon"",""coordinates"":[[[-107.28285918586421,48.36862660831071],[-107.28286414035308,48.36858633561706],[-107.28284227276356,48.36854660099409],[-107.28283529452511,48.36854227036679],[-107.2825704451897,48.36861446423976],[-107.28257068910996,48.368618973021995],[-107.2825907320861,48.36861854171893],[-107.28263332938698,48.368671300036226],[-107.28288055830924,48.36865301523382],[-107.28288031435069,48.36864850645046],[-107.28285918586421,48.36862660831071]]]}"
00000000000000001e2d,1675,0,0,0,"{""type"":""Polygon"",""coordinates"":[[[-107.2828203604396,48.36850679492588],[-107.28279279929296,48.368489496465],[-107.2827578168624,48.36845892130574],[-107.28254012178533,48.368534725849],[-107.28254773664655,48.36855690881402],[-107.2825623297067,48.3685834224393],[-107.2825629719016,48.36859680584154],[-107.2825704451897,48.36861446423976],[-107.28283529452511,48.36854227036679],[-107.2828203604396,48.36850679492588]]]}"
00000000000000001e2b,1676,0,0,0,"{""type"":""Polygon"",""coordinates"":[[[-107.28275054265485,48.36844570027358],[-107.28275020187185,48.36843673840142],[-107.28273634779376,48.36842806134113],[-107.28272219772941,48.368410493880624],[-107.28270804767985,48.36839292642345],[-107.28270052956677,48.36837519664187],[-107.28247615280276,48.36845556068274],[-107.28249054663797,48.368477636968585],[-107.28253294447315,48.368525957893084],[-107.28254012178533,48.368534725849],[-107.2827578168624,48.36845892130574],[-107.28275054265485,48.36844570027358]]]}"
00000000000000001e4b,1677,0,0,0,"{""type"":""Polygon"",""coordinates"":[[[-107.28267841835813,48.3683309533735],[-107.28264977212817,48.36829132555285],[-107.2824123312243,48.368376451244856],[-107.28241965005404,48.36838974375817],[-107.28243379992055,48.36840731126139],[-107.28246136073257,48.368424609807036],[-107.28247615280276,48.36845556068274],[-107.28270052956677,48.36837519664187],[-107.28267841835813,48.3683309533735]]]}"
00000000000000001e45,1678,0,0,0,"{""type"":""Polygon"",""coordinates"":[[[-107.28259272929053,48.36821210982202],[-107.28234173096027,48.368297448515634],[-107.28234885063262,48.368306303727],[-107.28236265973689,48.368314909359576],[-107.28239022042968,48.36833220789864],[-107.2824054554212,48.36837210478958],[-107.2824123312243,48.368376451244856],[-107.28264977212817,48.36829132555285],[-107.28264294107541,48.368287050590766],[-107.28264809485434,48.36825121544354],[-107.28259272929053,48.36821210982202]]]}"
00000000000000001e47,1679,0,0,0,"{""type"":""Polygon"",""coordinates"":[[[-107.28255794648076,48.368185972014125],[-107.28254241539973,48.368137184934746],[-107.28252876064371,48.36813294516153],[-107.28228458664655,48.36821824837896],[-107.28231966508537,48.36825327668383],[-107.28234173096027,48.368297448515634],[-107.28259272929053,48.36821210982202],[-107.28255794648076,48.368185972014125]]]}"
00000000000000001e2a,1680,0,0,0,"{""type"":""Polygon"",""coordinates"":[[[-107.28251505385997,48.36812432377449],[-107.28247889005213,48.36806696634888],[-107.28245830755219,48.36805399853765],[-107.28222072118844,48.368139067674825],[-107.28224896851764,48.36816982097172],[-107.28226376029595,48.36820077173953],[-107.28228458664655,48.36821824837896],[-107.28252876064371,48.36813294516153],[-107.28251505385997,48.36812432377449]]]}"
00000000000000001e5d,1681,0,0,0,"{""type"":""Polygon"",""coordinates"":[[[-107.28244327171748,48.36801853915634],[-107.28242986093643,48.36801880810889],[-107.2823941404043,48.36797039674639],[-107.2821635774192,48.36805986768779],[-107.28222072118844,48.368139067674825],[-107.28245830755219,48.36805399853765],[-107.28243757796912,48.36804097506406],[-107.2824570232179,48.36802723200636],[-107.28246999096415,48.36801801705313],[-107.28244327171748,48.36801853915634]]]}"
00000000000000001e5c,1682,0,0,0,"{""type"":""Polygon"",""coordinates"":[[[-107.28236559712796,48.367930753285584],[-107.28234511155961,48.36792223854358],[-107.2823171081809,48.367895994138756],[-107.28209971254324,48.36798068712384],[-107.28210678730566,48.36798947083543],[-107.28212098162163,48.36800710972952],[-107.28213557413162,48.36803362316],[-107.2821635774192,48.36805986768779],[-107.2823941404043,48.36797039674639],[-107.28236559712796,48.367930753285584]]]}"
00000000000000001e48,1683,0,0,0,"{""type"":""Polygon"",""coordinates"":[[[-107.28229617965236,48.36787853341586],[-107.2822743131486,48.3678387991639],[-107.28227313126132,48.367812016927665],[-107.28204232545957,48.36789697856201],[-107.28208438128618,48.36793633739843],[-107.28209971254324,48.36798068712384],[-107.2823171081809,48.367895994138756],[-107.28229617965236,48.36787853341586]]]}"
00000000000000001e4a,1684,0,0,0,"{""type"":""Polygon"",""coordinates"":[[[-107.28224394616308,48.36775899034197],[-107.28222312007661,48.36774151383764],[-107.28199147367023,48.36780865476104],[-107.28198622264753,48.36784003652915],[-107.28204232545957,48.36789697856201],[-107.28227313126132,48.367812016927665],[-107.28224394616308,48.36775899034197]]]}"
00000000000000001dfb,1685,0,0,0,"{""type"":""Polygon"",""coordinates"":[[[-107.28214662851103,48.36768051037476],[-107.28214623032429,48.36767163590078],[-107.28192745537416,48.36772510865972],[-107.28194140564102,48.367738238786366],[-107.28199147367023,48.36780865476104],[-107.28222312007661,48.36774151383764],[-107.28214662851103,48.36768051037476]]]}"
00000000000000001df6,1686,0,0,0,"{""type"":""Polygon"",""coordinates"":[[[-107.28211724462862,48.36762304664085],[-107.28210289613419,48.36760104210674],[-107.2820888435123,48.36758792784533],[-107.28187026818516,48.36764583761107],[-107.28187714375873,48.36765018405122],[-107.28187778572006,48.367663567229584],[-107.28189965161866,48.367703301456444],[-107.28192745537416,48.36772510865972],[-107.28214623032429,48.36767163590078],[-107.28214484943067,48.367640416510575],[-107.28211724462862,48.36762304664085]]]}"
00000000000000001e07,1687,0,0,0,"{""type"":""Polygon"",""coordinates"":[[[-107.28207445027121,48.367565851852845],[-107.2820464474114,48.367539607531526],[-107.28203229807797,48.36752204024381],[-107.28203155929562,48.36750420407313],[-107.281812882206,48.36756212941027],[-107.28181995680829,48.36757091307805],[-107.2818203996958,48.367579859006554],[-107.2818484023527,48.367606103418694],[-107.28187026818516,48.36764583761107],[-107.2820888435123,48.36758792784533],[-107.28208870196518,48.367583403340674],[-107.28207445027121,48.367565851852845]]]}"
00000000000000001e43,1688,0,0,0,"{""type"":""Polygon"",""coordinates"":[[[-107.28198080473634,48.36742033392867],[-107.28176890699255,48.36747815245133],[-107.2817760838859,48.36748692030252],[-107.2817770215934,48.36750919369732],[-107.28177756120165,48.36752259264852],[-107.281812882206,48.36756212941027],[-107.28203155929562,48.36750420407313],[-107.28203111635517,48.367495258159636],[-107.28198080473634,48.36742033392867]]]}"
00000000000000001e04,1689,0,0,0,"{""type"":""Polygon"",""coordinates"":[[[-107.28197353103415,48.36740711308257],[-107.28194474486241,48.36736296121199],[-107.28194400611817,48.36734512509291],[-107.2819368291957,48.36733635727833],[-107.28172493198016,48.367394175599536],[-107.2817340289911,48.367447561639516],[-107.28176890699255,48.36747815245133],[-107.28198080473634,48.36742033392867],[-107.28197353103415,48.36740711308257]]]}"
00000000000000001e03,1690,0,0,0,"{""type"":""Polygon"",""coordinates"":[[[-107.28192975459552,48.36732757365776],[-107.28191353793135,48.36726533268443],[-107.2819133388635,48.367260895480705],[-107.28168704924931,48.3672966377079],[-107.28171589252852,48.36734070233739],[-107.28170999949018,48.36735870070996],[-107.28172493198016,48.367394175599536],[-107.2819368291957,48.36733635727833],[-107.28192975459552,48.36732757365776]]]}"
00000000000000001df7,1691,0,0,0,"{""type"":""Polygon"",""coordinates"":[[[-107.28189231419942,48.36723898185374],[-107.28187084665906,48.367208122363515],[-107.28186946597855,48.3671769032355],[-107.28163639821719,48.3672127518711],[-107.28164327367044,48.36721709829571],[-107.28166538286267,48.36726134092855],[-107.28168704924931,48.3672966377079],[-107.2819133388635,48.367260895480705],[-107.28189231419942,48.36723898185374]]]}"
00000000000000001e19,1692,0,0,0,"{""type"":""Polygon"",""coordinates"":[[[-107.28183899807826,48.36709711104804],[-107.28183212260788,48.367092764647666],[-107.28161241384839,48.3671239627672],[-107.28162750041318,48.36716380324946],[-107.28162249306209,48.36719969328878],[-107.28163639821719,48.3672127518711],[-107.28186946597855,48.3671769032355],[-107.28186902307378,48.36716795737532],[-107.28183899807826,48.36709711104804]]]}"
00000000000000001e18,1693,0,0,0,"{""type"":""Polygon"",""coordinates"":[[[-107.28181713254988,48.367057377250006],[-107.28182268490295,48.36703041733122],[-107.28181496843855,48.36700825073266],[-107.28160124994822,48.3670259034844],[-107.2816014489797,48.36703034067012],[-107.28156893436876,48.367053313751164],[-107.28160509557668,48.36711067049401],[-107.28161241384839,48.3671239627672],[-107.28183212260788,48.367092764647666],[-107.28181713254988,48.367057377250006]]]}"
00000000000000001e22,1694,0,0,0,"{""type"":""Polygon"",""coordinates"":[[[-107.28179147852521,48.366932789359275],[-107.2817908365812,48.36691940636344],[-107.28157068609526,48.36694165843365],[-107.28157132795785,48.3669550414386],[-107.28151125431633,48.36696071609124],[-107.28151852774519,48.3669739368685],[-107.28158611867919,48.36698599163194],[-107.28160124994822,48.3670259034844],[-107.28181496843855,48.36700825073266],[-107.28179147852521,48.366932789359275]]]}"
00000000000000001e25,1695,0,0,0,"{""type"":""Polygon"",""coordinates"":[[[-107.28177323966777,48.36682594690872],[-107.28155333357903,48.36685270752287],[-107.28157677813418,48.36692809738853],[-107.28157068609526,48.36694165843365],[-107.2817908365812,48.36691940636344],[-107.28178989884378,48.36689713321604],[-107.28178871727266,48.36687035143912],[-107.28177323966777,48.36682594690872]]]}"
00000000000000001e26,1696,0,0,0,"{""type"":""Polygon"",""coordinates"":[[[-107.28175790919192,48.36678159807249],[-107.28175751108743,48.366772723744525],[-107.28174979470535,48.36675055724584],[-107.28175588665239,48.36673699624033],[-107.28152272517609,48.36676839125788],[-107.28152316800079,48.366777337054614],[-107.28154537352127,48.36682603233481],[-107.28155333357903,48.36685270752287],[-107.28177323966777,48.36682594690872],[-107.28175790919192,48.36678159807249]]]}"
00000000000000001e20,1697,0,0,0,"{""type"":""Polygon"",""coordinates"":[[[-107.28173828987312,48.366643537095754],[-107.28150537282245,48.366679440623564],[-107.28152050389993,48.36671935226398],[-107.28152272517609,48.36676839125788],[-107.28175588665239,48.36673699624033],[-107.2817543069948,48.36670134022693],[-107.28173828987312,48.366643537095754]]]}"
00000000000000001e27,1698,0,0,0,"{""type"":""Polygon"",""coordinates"":[[[-107.28172767083275,48.366554408670865],[-107.28172019832996,48.366536750869855],[-107.28146184210819,48.36660441064055],[-107.281469654974,48.36663103006624],[-107.28149122411659,48.36666187352386],[-107.28150537282245,48.366679440623564],[-107.28173828987312,48.366643537095754],[-107.28173067583954,48.36662135484211],[-107.2817353296323,48.36657666236387],[-107.28172767083275,48.366554408670865]]]}"
00000000000000001e28,1699,0,0,0,"{""type"":""Polygon"",""coordinates"":[[[-107.28166301328633,48.36645748141133],[-107.28144424615576,48.36651095165372],[-107.28144518369614,48.366533224648045],[-107.28146630995046,48.36655512229497],[-107.28146095648452,48.36658651910542],[-107.28146184210819,48.36660441064055],[-107.28172019832996,48.366536750869855],[-107.28166301328633,48.36645748141133]]]}"
00000000000000001e1f,1700,0,0,0,"{""type"":""Polygon"",""coordinates"":[[[-107.28164724020803,48.366404187123536],[-107.28163284768725,48.36638211153706],[-107.28139349438382,48.366427082691786],[-107.28140081245282,48.36644037481571],[-107.28142267713832,48.36648010826974],[-107.28144424615576,48.36651095165372],[-107.28166301328633,48.36645748141133],[-107.2816628142434,48.36645304427372],[-107.28164724020803,48.366404187123536]]]}"
00000000000000001e0f,1701,0,0,0,"{""type"":""Polygon"",""coordinates"":[[[-107.28157546405687,48.36629840512014],[-107.28134942471593,48.36633865433757],[-107.28135679466578,48.366356327913614],[-107.28137109027722,48.36637395059787],[-107.28139349438382,48.366427082691786],[-107.28163284768725,48.36638211153706],[-107.28157546405687,48.36629840512014]]]}"
00000000000000001e1e,1702,0,0,0,"{""type"":""Polygon"",""coordinates"":[[[-107.28153168972935,48.36621886711544],[-107.28152461544289,48.366210083641306],[-107.2812988724075,48.366259222707946],[-107.28129931518366,48.366268168421456],[-107.28131346363745,48.366285735426004],[-107.28132805488868,48.366312248154514],[-107.2813422481517,48.36632988663512],[-107.28134942471593,48.36633865433757],[-107.28157546405687,48.36629840512014],[-107.28153168972935,48.36621886711544]]]}"
00000000000000001e1d,1703,0,0,0,"{""type"":""Polygon"",""coordinates"":[[[-107.28151002405197,48.36618357099702],[-107.28148869892681,48.366157236394706],[-107.28148064231091,48.36612610862849],[-107.28124148990553,48.366175516256064],[-107.28129813394648,48.366241386946164],[-107.2812988724075,48.366259222707946],[-107.28152461544289,48.366210083641306],[-107.28151002405197,48.36618357099702]]]}"
00000000000000001e23,1704,0,0,0,"{""type"":""Polygon"",""coordinates"":[[[-107.28146565294256,48.366090721800504],[-107.28138936540411,48.3660341566012],[-107.28120483551487,48.366104833206286],[-107.2812202673535,48.366149165785984],[-107.28124148990553,48.366175516256064],[-107.28148064231091,48.36612610862849],[-107.28146565294256,48.366090721800504]]]}"
00000000000000001e17,1705,0,0,0,"{""type"":""Polygon"",""coordinates"":[[[-107.28128571893062,48.365964730346384],[-107.28127864476403,48.36595594689299],[-107.28114215743356,48.3660524361382],[-107.28119751758587,48.36609154114759],[-107.28120483551487,48.366104833206286],[-107.28138936540411,48.3660341566012],[-107.28128571893062,48.365964730346384]]]}"
00000000000000001e16,1706,0,0,0,"{""type"":""Polygon"",""coordinates"":[[[-107.28127072983007,48.36592934358838],[-107.28124238845254,48.36589413833158],[-107.28103777331847,48.36596517390086],[-107.28105904038138,48.36599159579324],[-107.28114215743356,48.3660524361382],[-107.28127864476403,48.36595594689299],[-107.28127072983007,48.36592934358838]]]}"
00000000000000001e0d,1707,0,0,0,"{""type"":""Polygon"",""coordinates"":[[[-107.28121364914952,48.365850058908606],[-107.28119885915564,48.3658191092993],[-107.28119841639842,48.36581016366024],[-107.2809408042182,48.365895656607066],[-107.28098157297782,48.3659082490299],[-107.28103777331847,48.36596517390086],[-107.28124238845254,48.36589413833158],[-107.28121364914952,48.365850058908606]]]}"
00000000000000001e0a,1708,0,0,0,"{""type"":""Polygon"",""coordinates"":[[[-107.28116977389048,48.36577053717877],[-107.28114187549058,48.365744277618305],[-107.2811341596799,48.36572211148354],[-107.2811077828909,48.365731594571976],[-107.28112826673532,48.36574010927136],[-107.28111579433357,48.36576265068311],[-107.28108803743359,48.36574091546137],[-107.28087085404843,48.36583003899333],[-107.28089158156457,48.365843062316856],[-107.28089222319907,48.36585644505622],[-107.28085317479707,48.365884032445436],[-107.28088039226975,48.36589236923911],[-107.28092051933375,48.365891578936996],[-107.2809408042182,48.365895656607066],[-107.28119841639842,48.36581016366024],[-107.28119757565953,48.365792343852554],[-107.2811772907442,48.36578826624537],[-107.28116977389048,48.36577053717877]],[[-107.2811772907442,48.36578826624537],[-107.2811640799375,48.36579297206973],[-107.28117125635457,48.365801739700856],[-107.2811772907442,48.36578826624537]]]}"
00000000000000001e13,1709,0,0,0,"{""type"":""GeometryCollection"",""geometries"":[{""type"":""LineString"",""coordinates"":[[-107.28078792151643,48.36577363955576],[-107.28079461806512,48.36577350672458]]},{""type"":""Polygon"",""coordinates"":[[[-107.28107998124426,48.36570978789398],[-107.28110066404398,48.365722739675604],[-107.2811077828909,48.365731594571976],[-107.2811341596799,48.36572211148354],[-107.28112684184336,48.365708819512605],[-107.28109864223617,48.36567813869738],[-107.28108429514207,48.36565613477888],[-107.28106612876698,48.36570111099639],[-107.28107998124426,48.36570978789398]]]},{""type"":""Polygon"",""coordinates"":[[[-107.28106612876698,48.36570111099639],[-107.2810321385734,48.36568841212587],[-107.28101788818257,48.36567086107252],[-107.28100413805622,48.36566216836618],[-107.28079461319166,48.36577354501644],[-107.28082183055493,48.36578188181218],[-107.28083597854567,48.365799448738436],[-107.28087085404843,48.36583003899333],[-107.28108803743359,48.36574091546137],[-107.2810738445281,48.36572327712913],[-107.28106612876698,48.36570111099639]]]}]}"
00000000000000001e15,1710,0,0,0,"{""type"":""MultiPolygon"",""coordinates"":[[[[-107.28099975426954,48.36556400513363],[-107.28097155490508,48.36553332435835],[-107.28093924050032,48.365560733615816],[-107.28095329184193,48.36557384757886],[-107.28100702725207,48.36557722561436],[-107.28099975426954,48.36556400513363]]],[[[-107.28099028562501,48.36565349146425],[-107.28097658029021,48.36564487022223],[-107.2809759386205,48.36563148753747],[-107.28093398916275,48.36559211401056],[-107.28093354646778,48.36558316840681],[-107.2809260297824,48.365565439385094],[-107.28070595757717,48.36573950511404],[-107.28071990654776,48.36575263496157],[-107.2807808631162,48.3657648522601],[-107.28078793709398,48.365773635723414],[-107.28100413805622,48.36566216836618],[-107.28099028562501,48.36565349146425]]]]}"
00000000000000001e0c,1711,0,0,0,"{""type"":""Polygon"",""coordinates"":[[[-107.28095672047743,48.365502303421444],[-107.28092960555432,48.36549395089936],[-107.28091575321078,48.36548527401185],[-107.28088903623208,48.36548579560069],[-107.28087562658912,48.36548606429476],[-107.28079571374404,48.365496606203166],[-107.28064406404397,48.36570501509398],[-107.28069888363095,48.36573072164953],[-107.28070595757717,48.36573950511404],[-107.2809260297824,48.365565439385094],[-107.2809252914832,48.36554760384859],[-107.28093924050032,48.365560733615816],[-107.28097155490508,48.36553332435835],[-107.28095672047743,48.365502303421444]]]}"
00000000000000001e14,1712,0,0,0,"{""type"":""MultiPolygon"",""coordinates"":[[[[-107.28079571374404,48.365496606203166],[-107.2807823041104,48.36549687488403],[-107.28076177577864,48.365488288676715],[-107.28077027429897,48.36552836174443],[-107.28079571374404,48.365496606203166]]],[[[-107.28077027429897,48.36552836174443],[-107.28072950611114,48.365515769307244],[-107.28071565383765,48.365507092385585],[-107.28066801074854,48.36549015356289],[-107.28067434646655,48.365481101472064],[-107.28066736918927,48.36547677091213],[-107.28052102125568,48.36564940187804],[-107.28058227297812,48.36567050924772],[-107.28059602294395,48.36567920201986],[-107.28064406404397,48.36570501509398],[-107.28077027429897,48.36552836174443]]]]}"
00000000000000001e29,1713,0,0,0,"{""type"":""Polygon"",""coordinates"":[[[-107.28065342033909,48.36546364112189],[-107.28064550597726,48.3654370379971],[-107.28059810673817,48.365424607680644],[-107.28059098810465,48.365415752792124],[-107.28058469715869,48.36542487633219],[-107.2805994864158,48.365455825825684],[-107.28056579229481,48.365452016757594],[-107.28055891735606,48.365447670386835],[-107.2803974341206,48.36558485874387],[-107.28041791756246,48.36559337358142],[-107.28051404397857,48.365645071293294],[-107.28052102125568,48.36564940187804],[-107.28066736918927,48.36547677091213],[-107.28065342033909,48.36546364112189]]]}"
00000000000000001e01,1714,0,0,0,"{""type"":""Polygon"",""coordinates"":[[[-107.28056774536674,48.36534480180266],[-107.2805673027587,48.36533585623653],[-107.28029972983727,48.36549750569665],[-107.28032041207423,48.36551045760886],[-107.28037051832537,48.365580943116186],[-107.2803974341206,48.36558485874387],[-107.28055891735606,48.365447670386835],[-107.28050336025238,48.36540412837646],[-107.28050934998669,48.36539058359468],[-107.28057074836825,48.365411746541234],[-107.28058469715869,48.36542487633219],[-107.28059098810465,48.365415752792124],[-107.28056774536674,48.36534480180266]]]}"
00000000000000001dfa,1715,0,0,0,"{""type"":""Polygon"",""coordinates"":[[[-107.28050378679673,48.365265639798814],[-107.28020949758137,48.36542781025107],[-107.28023783734218,48.365463015545316],[-107.28029972983727,48.36549750569665],[-107.2805673027587,48.36533585623653],[-107.28056686015066,48.36532691067192],[-107.28050378679673,48.365265639798814]]]}"
00000000000000001e02,1716,0,0,0,"{""type"":""Polygon"",""coordinates"":[[[-107.28048983810156,48.365252510032946],[-107.28042225144864,48.36524045478218],[-107.28037697018183,48.36527707787886],[-107.28034169797006,48.36523761364869],[-107.28012594171636,48.36535802414467],[-107.28014028799194,48.36538002810388],[-107.28018149808021,48.3654015663543],[-107.28020222497139,48.36541458973761],[-107.28020949758137,48.36542781025107],[-107.28050378679673,48.365265639798814],[-107.28048983810156,48.365252510032946]]]}"
00000000000000001e61,1717,0,0,0,"{""type"":""Polygon"",""coordinates"":[[[-107.2803344253326,48.36522439319313],[-107.28029449812573,48.365229620258205],[-107.2802597204047,48.365203482952566],[-107.28025244780852,48.365190262498224],[-107.28006104764239,48.365256589292066],[-107.28011115296286,48.36532707462236],[-107.2801117943205,48.36534045724435],[-107.28012594171636,48.36535802414467],[-107.28034169797006,48.36523761364869],[-107.2803344253326,48.36522439319313]]]}"
00000000000000001df3,1718,0,0,0,"{""type"":""Polygon"",""coordinates"":[[[-107.28022252996338,48.36511940236865],[-107.28021565514874,48.36511505599733],[-107.27995720836573,48.3651827254244],[-107.28001909996578,48.3652172155977],[-107.28006104764239,48.365256589292066],[-107.28025244780852,48.365190262498224],[-107.28022252996338,48.36511940236865]]]}"
00000000000000001df5,1719,0,0,0,"{""type"":""Polygon"",""coordinates"":[[[-107.280180678741,48.36508448168363],[-107.28017949827583,48.36505770076997],[-107.28015881635666,48.36504474892944],[-107.28013819199482,48.36503170981759],[-107.28013799312775,48.365027272791096],[-107.27990067128489,48.36511683933111],[-107.27992179554387,48.36513873678602],[-107.27995720836573,48.3651827254244],[-107.28021565514874,48.36511505599733],[-107.280180678741,48.36508448168363]]]}"
00000000000000001e65,1720,0,0,0,"{""type"":""Polygon"",""coordinates"":[[[-107.2801163296916,48.36499197709104],[-107.28012138267023,48.36495616006095],[-107.27986967055833,48.36502365109564],[-107.2798635783955,48.365037211551],[-107.2798856392242,48.36508138140859],[-107.27985263181921,48.36509102612892],[-107.27988652411139,48.36509927247151],[-107.27990067128489,48.36511683933111],[-107.28013799312775,48.365027272791096],[-107.28013735175428,48.36501389024835],[-107.2801163296916,48.36499197709104]]]}"
00000000000000001e67,1721,0,0,0,"{""type"":""Polygon"",""coordinates"":[[[-107.27985767722218,48.36490330718729],[-107.2798675536857,48.36497459781253],[-107.27986967055833,48.36502365109564],[-107.28012138267023,48.36495616006095],[-107.28011975973993,48.364920433708996],[-107.27985767722218,48.36490330718729]]]}"
00000000000000001df2,1722,0,0,0,"{""type"":""Polygon"",""coordinates"":[[[-107.27990069423439,48.364817575800295],[-107.27990093784544,48.364822084275865],[-107.27988792625919,48.3648312268408],[-107.2798563946765,48.364876542158584],[-107.27985767722218,48.36490330718729],[-107.28011975973993,48.364920433708996],[-107.28011922068153,48.364907035388875],[-107.28011764252261,48.364871380535156],[-107.28012245183314,48.36483105511136],[-107.27990069423439,48.364817575800295]]]}"
00000000000000001def,1723,0,0,0,"{""type"":""Polygon"",""coordinates"":[[[-107.27992956397543,48.36471427780812],[-107.27991016497138,48.36472809092792],[-107.27990069423439,48.364817575800295],[-107.28012245183314,48.36483105511136],[-107.2801276070785,48.36479522238629],[-107.28014671065655,48.36477251939041],[-107.27992956397543,48.36471427780812]]]}"
00000000000000001df8,1724,0,0,0,"{""type"":""Polygon"",""coordinates"":[[[-107.27998633572842,48.364632770805855],[-107.27997346553352,48.36464643761181],[-107.2799614354939,48.36467792387419],[-107.27994891120355,48.36469608334991],[-107.27993634213036,48.36471417136528],[-107.28014671065655,48.36477251939041],[-107.28017150848225,48.36472738200036],[-107.28019115109278,48.36471807729416],[-107.28021718687965,48.36469963339061],[-107.28021698800066,48.36469519639223],[-107.27998633572842,48.364632770805855]]]}"
00000000000000001de9,1725,0,0,0,"{""type"":""Polygon"",""coordinates"":[[[-107.28005621526572,48.364546574155966],[-107.28004987962353,48.36455562604536],[-107.2800239014484,48.36457398258316],[-107.27999890475259,48.36461468281282],[-107.27998633572842,48.364632770805855],[-107.28021698800066,48.36469519639223],[-107.28023545006864,48.364659110971694],[-107.28024747990466,48.364627624691295],[-107.28005621526572,48.364546574155966]]]}"
00000000000000001deb,1726,0,0,0,"{""type"":""Polygon"",""coordinates"":[[[-107.28013292442435,48.36446465246496],[-107.28012624861006,48.36446474311657],[-107.28008141072483,48.36451031094924],[-107.28005621526572,48.364546574155966],[-107.28024747990466,48.364627624691295],[-107.2802659419089,48.36459153931228],[-107.28030479014252,48.364559515876635],[-107.28013292442435,48.36446465246496]]]}"
00000000000000001dea,1727,0,0,0,"{""type"":""Polygon"",""coordinates"":[[[-107.28026391132938,48.364395038884034],[-107.2802446091319,48.36441330476094],[-107.28016519332515,48.36443717259632],[-107.2801456922042,48.36445100149078],[-107.28013292442435,48.36446465246496],[-107.28031142121456,48.36455935374691],[-107.28031775681211,48.364550301840765],[-107.28034373490908,48.36453194523369],[-107.28036377520162,48.364531514496115],[-107.28026391132938,48.364395038884034]]]}"
00000000000000001de6,1728,0,0,0,"{""type"":""Polygon"",""coordinates"":[[[-107.28040304988731,48.3643610048335],[-107.28038974302989,48.36436125763794],[-107.28034995810792,48.36437100885667],[-107.28031017318243,48.36438076006082],[-107.28027034348149,48.36439043978578],[-107.28026391132938,48.364395038884034],[-107.28036377520162,48.364531514496115],[-107.2803969292308,48.364521925373694],[-107.28042310619558,48.36450800573725],[-107.28046936821468,48.364493726802934],[-107.28040304988731,48.3643610048335]]]}"
00000000000000001dee,1729,0,0,0,"{""type"":""Polygon"",""coordinates"":[[[-107.2805358585854,48.36433155391044],[-107.28049563106647,48.364332359785976],[-107.28040304988731,48.3643610048335],[-107.28046936821468,48.364493726802934],[-107.28049574406685,48.36448424413378],[-107.28055561421422,48.36447413351735],[-107.28058199005524,48.36446465082828],[-107.28059539928657,48.36446438219078],[-107.2805358585854,48.36433155391044]]]}"
00000000000000001de5,1730,0,0,0,"{""type"":""Polygon"",""coordinates"":[[[-107.28068255819369,48.36431531960079],[-107.280662473178,48.36431567893755],[-107.28062951824099,48.36432970507576],[-107.28056935276193,48.36433092596862],[-107.2805358585854,48.36433155391044],[-107.28059539928657,48.36446438219078],[-107.28060880851972,48.36446411355136],[-107.28064230284212,48.36446348557885],[-107.28065571208161,48.364463216932734],[-107.28070217301317,48.364453374874465],[-107.28068255819369,48.36431531960079]]]}"
00000000000000001de0,1731,0,0,0,"{""type"":""Polygon"",""coordinates"":[[[-107.28075559361342,48.364300431820126],[-107.28068255819369,48.36431531960079],[-107.28070217301317,48.364453374874465],[-107.28070880409378,48.36445321271742],[-107.28073562258601,48.36445267540452],[-107.28082231128519,48.36444202730614],[-107.28082894237212,48.36444186514069],[-107.28082297998901,48.36430804969434],[-107.28075559361342,48.364300431820126]]]}"
00000000000000001de2,1732,0,0,0,"{""type"":""Polygon"",""coordinates"":[[[-107.28089665711876,48.3643065441571],[-107.28084302026171,48.36430761885914],[-107.28082297998901,48.36430804969434],[-107.28082894237212,48.36444186514069],[-107.28086970949632,48.364454457308845],[-107.28095050553829,48.364461806427],[-107.28096360092132,48.36430521654115],[-107.28089665711876,48.3643065441571]]]}"
00000000000000001de1,1733,0,0,0,"{""type"":""Polygon"",""coordinates"":[[[-107.28106487980989,48.36432108007119],[-107.28105062985703,48.364303529461985],[-107.28097701014913,48.36430494785128],[-107.28096360092132,48.36430521654115],[-107.28095050553829,48.364461806427],[-107.28103773381054,48.36446455632026],[-107.28105801797028,48.36446863387475],[-107.28111207908934,48.36432907296135],[-107.28106487980989,48.36432108007119]]]}"
00000000000000001df9,1734,0,0,0,"{""type"":""Polygon"",""coordinates"":[[[-107.28114601623201,48.36433739020398],[-107.28111885725961,48.36432896643548],[-107.28111207908934,48.36432907296135],[-107.28105801797028,48.36446863387475],[-107.28116637132878,48.36449328056587],[-107.2812537275835,48.36434865438303],[-107.28114601623201,48.36433739020398]]]}"
00000000000000001df4,1735,0,0,0,"{""type"":""Polygon"",""coordinates"":[[[-107.28136881438787,48.36437312278915],[-107.28130790424059,48.364360977604925],[-107.28128074516577,48.36435255388103],[-107.2812537275835,48.36434865438303],[-107.28116637132878,48.36449328056587],[-107.28126087282371,48.36450925045526],[-107.28129500922813,48.364522004645124],[-107.28138909860982,48.364377200265174],[-107.28136881438787,48.36437312278915]]]}"
00000000000000001dd8,1736,0,0,0,"{""type"":""Polygon"",""coordinates"":[[[-107.28148444106075,48.36441098923249],[-107.28147063365502,48.36440238406118],[-107.28138909860982,48.364377200265174],[-107.28129500922813,48.364522004645124],[-107.28133597582367,48.364539033602185],[-107.28139668726176,48.364546741821336],[-107.28141043715368,48.36455543429548],[-107.28151847522993,48.364423759122836],[-107.28151827619051,48.3644193221542],[-107.28148444106075,48.36441098923249]]]}"
00000000000000001e08,1737,0,0,0,"{""type"":""Polygon"",""coordinates"":[[[-107.28159333466253,48.364449033579454],[-107.28155924288181,48.36443635098083],[-107.28152535017712,48.36442810534119],[-107.28151847522993,48.364423759122836],[-107.28141043715368,48.36455543429548],[-107.28142424458952,48.364564039499406],[-107.28146535284402,48.36458559266263],[-107.28150622293654,48.36459816877276],[-107.28151972907524,48.36460235278997],[-107.2816407783228,48.3644615346504],[-107.28159333466253,48.364449033579454]]]}"
00000000000000001ddc,1738,0,0,0,"{""type"":""Polygon"",""coordinates"":[[[-107.28174270065861,48.364490779858066],[-107.2816407783228,48.3644615346504],[-107.28151972907524,48.36460235278997],[-107.28158142324612,48.36463240455426],[-107.28162219116993,48.364644996427984],[-107.28163579966647,48.36464916462587],[-107.28176338320648,48.364503731207144],[-107.28174270065861,48.364490779858066]]]}"
00000000000000001ddd,1739,0,0,0,"{""type"":""Polygon"",""coordinates"":[[[-107.28185243615694,48.36454664331941],[-107.28183150968248,48.364529183540796],[-107.28176338320648,48.364503731207144],[-107.28163579966647,48.36464916462587],[-107.28169022094372,48.364665996134136],[-107.28174469428087,48.364687208945725],[-107.28187345942601,48.364568555883224],[-107.28187291971582,48.364555157677955],[-107.28185243615694,48.36454664331941]]]}"
00000000000000001dde,1740,0,0,0,"{""type"":""Polygon"",""coordinates"":[[[-107.28196904717521,48.36460685290072],[-107.28194168848637,48.36459399235706],[-107.28187345942601,48.364568555883224],[-107.28174469428087,48.364687208945725],[-107.28176522264057,48.36469579481327],[-107.28180683184337,48.36472620605015],[-107.28184779912307,48.36474323483696],[-107.28198299640431,48.36461998227925],[-107.28196904717521,48.36460685290072]]]}"
00000000000000001e0b,1741,0,0,0,"{""type"":""Polygon"",""coordinates"":[[[-107.28203815687777,48.364654648782036],[-107.28201733252804,48.36463717320727],[-107.28198987147546,48.36462432847725],[-107.28198299640431,48.36461998227925],[-107.28184779912307,48.36474323483696],[-107.2818546741894,48.3647475810548],[-107.28189544245248,48.36476017283123],[-107.28195733652531,48.36479466142009],[-107.28209926733996,48.364671230526085],[-107.28203815687777,48.364654648782036]]]}"
00000000000000001dda,1742,0,0,0,"{""type"":""Polygon"",""coordinates"":[[[-107.28218886121638,48.36472754067468],[-107.28218832139402,48.364714142434046],[-107.28214735383347,48.364697113808816],[-107.2821335012957,48.36468843723153],[-107.28211281843711,48.36467548592508],[-107.28209926733996,48.364671230526085],[-107.28195733652531,48.36479466142009],[-107.28197782026326,48.36480317579137],[-107.2820268447255,48.364851331473716],[-107.28205390775884,48.36485530223834],[-107.28219583865751,48.364731871059085],[-107.28218886121638,48.36472754067468]]]}"
00000000000000001ddb,1743,0,0,0,"{""type"":""Polygon"",""coordinates"":[[[-107.28219583865751,48.364731871059085],[-107.28205390775884,48.36485530223834],[-107.2820741476922,48.364859308130036],[-107.28208789795485,48.36486800054885],[-107.28210130754617,48.36486773169008],[-107.28210248943185,48.364894512448615],[-107.28215686677497,48.364911272284466],[-107.28231225209655,48.36478764339835],[-107.28219583865751,48.364731871059085]]]}"
00000000000000001e09,1744,0,0,0,"{""type"":""Polygon"",""coordinates"":[[[-107.28240813728478,48.36483482990261],[-107.28239443168707,48.364826209001926],[-107.28238057900833,48.3648175324428],[-107.282366726338,48.36480885588287],[-107.28232595764929,48.36479626430567],[-107.28231225209655,48.36478764339835],[-107.28215686677497,48.364911272284466],[-107.28217695243337,48.36491091261507],[-107.28226640545464,48.364962698645144],[-107.28242179083368,48.36483906946114],[-107.28240813728478,48.36483482990261]]]}"
00000000000000001dd9,1745,0,0,0,"{""type"":""Polygon"",""coordinates"":[[[-107.28250372681259,48.364873126534604],[-107.28246295794683,48.3648605350048],[-107.28244207565861,48.3648431467353],[-107.28242179083368,48.36483906946114],[-107.28226640545464,48.364962698645144],[-107.28236931326731,48.365014287198974],[-107.28252499472049,48.36489954753964],[-107.28250372681259,48.364873126534604]]]}"
00000000000000001e0e,1746,0,0,0,"{""type"":""Polygon"",""coordinates"":[[[-107.28255339459126,48.364934664466],[-107.28252499472049,48.36489954753964],[-107.28236931326731,48.365014287198974],[-107.28237618848159,48.36501863339787],[-107.28239053634056,48.36504063684085],[-107.28245203335848,48.365066251224924],[-107.2824658413739,48.365074856347],[-107.28262216525758,48.364973498886734],[-107.28255339459126,48.364934664466]]]}"
00000000000000001dd3,1747,0,0,0,"{""type"":""Polygon"",""coordinates"":[[[-107.28262216525758,48.364973498886734],[-107.2824658413739,48.365074856347],[-107.2825625115162,48.36513994975066],[-107.28269265842923,48.36505251240983],[-107.28268578314777,48.36504816623252],[-107.28269147611648,48.36502573158996],[-107.28269073693816,48.365007896269965],[-107.28262216525758,48.364973498886734]]]}"
00000000000000001e11,1748,0,0,0,"{""type"":""Polygon"",""coordinates"":[[[-107.28278804990174,48.3650863718688],[-107.28274683743582,48.365064834923785],[-107.28269265842923,48.36505251240983],[-107.2825625115162,48.36513994975066],[-107.28256271067781,48.36514438677406],[-107.28263094175257,48.365169822982395],[-107.28265908523014,48.365200590290904],[-107.28280219890173,48.3651039382507],[-107.28278804990174,48.3650863718688]]]}"
00000000000000001dd7,1749,0,0,0,"{""type"":""Polygon"",""coordinates"":[[[-107.28284434991168,48.36514774756387],[-107.28280219890173,48.3651039382507],[-107.28265908523014,48.365200590290904],[-107.28266606284596,48.3652049206752],[-107.28268748547137,48.365235707366665],[-107.28271548741314,48.365261950389744],[-107.2827296812045,48.36527958830437],[-107.2829119390082,48.36515980102832],[-107.28284434991168,48.36514774756387]]]}"
00000000000000001e12,1750,0,0,0,"{""type"":""Polygon"",""coordinates"":[[[-107.282954334244,48.3652081188242],[-107.2829119390082,48.36515980102832],[-107.2827296812045,48.36527958830437],[-107.28275808158766,48.36531470540774],[-107.28277183227301,48.36532339779229],[-107.28278564050136,48.36533200290455],[-107.2827993912034,48.36534069528755],[-107.2828132442274,48.36534937186275],[-107.28281987561517,48.365349209549535],[-107.28296932501054,48.36524350479839],[-107.282954334244,48.3652081188242]]]}"
00000000000000001dd6,1751,0,0,0,"{""type"":""Polygon"",""coordinates"":[[[-107.28303037993112,48.3652601733546],[-107.2829760011695,48.36524341393921],[-107.28281987561517,48.365349209549535],[-107.28288058967291,48.36535691688204],[-107.28289434042037,48.36536560925437],[-107.28290819348992,48.36537428581879],[-107.2829223426615,48.36539185227357],[-107.28293619575109,48.36540052883771],[-107.28309870879872,48.365290062103966],[-107.28303037993112,48.3652601733546]]]}"
00000000000000001e10,1752,0,0,0,"{""type"":""Polygon"",""coordinates"":[[[-107.28314808223105,48.36534271028136],[-107.28313383061959,48.365325159686584],[-107.28311256192119,48.36529873862527],[-107.28309870879872,48.365290062103966],[-107.28293619575109,48.36540052883771],[-107.28294990175579,48.36540914974375],[-107.2829713695644,48.365440007944265],[-107.28303915853787,48.36545649841577],[-107.28318865291683,48.36535086456992],[-107.28314808223105,48.36534271028136]]]}"
00000000000000001e1b,1753,0,0,0,"{""type"":""Polygon"",""coordinates"":[[[-107.28325718143637,48.36538519028722],[-107.28322942287991,48.36536345587993],[-107.28318865291683,48.36535086456992],[-107.28303915853787,48.36545649841577],[-107.28305281247627,48.365460737924245],[-107.28312188110627,48.36550846223365],[-107.28314260976389,48.365521484964134],[-107.28329815073972,48.36540221861507],[-107.28325718143637,48.36538519028722]]]}"
00000000000000001e21,1754,0,0,0,"{""type"":""Polygon"",""coordinates"":[[[-107.28339428378338,48.36545391309251],[-107.28336628101898,48.36542767019352],[-107.28333916487892,48.36541931839382],[-107.28329815073972,48.36540221861507],[-107.28314260976389,48.365521484964134],[-107.28318357910646,48.365538513383385],[-107.28322434926517,48.36555110473494],[-107.28325868725592,48.36556829547253],[-107.28340115927234,48.36545825924698],[-107.28339428378338,48.36545391309251]]]}"
00000000000000001e1a,1755,0,0,0,"{""type"":""Polygon"",""coordinates"":[[[-107.28346359715292,48.365506145646194],[-107.28343549733111,48.36547544988972],[-107.28340115927234,48.36545825924698],[-107.28325868725592,48.36556829547253],[-107.28336145208274,48.365619827789146],[-107.28336842990892,48.36562415815118],[-107.28349130384045,48.36552349864219],[-107.28346359715292,48.365506145646194]]]}"
00000000000000001e1c,1756,0,0,0,"{""type"":""Polygon"",""coordinates"":[[[-107.28357314090873,48.36555757096293],[-107.2835523150171,48.36554009546371],[-107.28353890497617,48.36554036453975],[-107.28349130384045,48.36552349864219],[-107.28336842990892,48.36562415815118],[-107.28338925571441,48.365641633719996],[-107.28340310907247,48.3656503102507],[-107.2834035075934,48.36565918437435],[-107.28341725864813,48.36566787671339],[-107.28346554725461,48.36569819681361],[-107.28359362578912,48.365566085082754],[-107.28357314090873,48.36555757096293]]]}"
00000000000000001e00,1757,0,0,0,"{""type"":""Polygon"",""coordinates"":[[[-107.28366937732504,48.365609249481146],[-107.2836346403728,48.36558318477673],[-107.28359362578912,48.365566085082754],[-107.28346554725461,48.36569819681361],[-107.28354748695985,48.36573225345186],[-107.28358805833093,48.365740407614055],[-107.2837097045667,48.36561289505299],[-107.28366937732504,48.365609249481146]]]}"
00000000000000001e24,1758,0,0,0,"{""type"":""Polygon"",""coordinates"":[[[-107.28379718251063,48.36562015088077],[-107.2837097045667,48.36561289505299],[-107.28358805833093,48.365740407614055],[-107.28362882902526,48.365752998828135],[-107.2836834084939,48.36577419506876],[-107.28373739015602,48.36578208007056],[-107.28380381401524,48.36561998849587],[-107.28379718251063,48.36562015088077]]]}"
00000000000000001e06,1759,0,0,0,"{""type"":""Polygon"",""coordinates"":[[[-107.28388579895609,48.365654116248564],[-107.28385230240225,48.36565474542215],[-107.28383835187,48.36564161609299],[-107.28380381401524,48.36561998849587],[-107.28373739015602,48.36578208007056],[-107.28382526714957,48.36579821002784],[-107.28386677782281,48.365828636714376],[-107.28390067317869,48.365836881677765],[-107.28388579895609,48.365654116248564]]]}"
00000000000000001e05,1760,0,0,0,"{""type"":""Polygon"",""coordinates"":[[[-107.28394587168623,48.36564844027394],[-107.28388579895609,48.365654116248564],[-107.28390067317869,48.365836881677765],[-107.28393461334447,48.36584519809435],[-107.2840350140798,48.365843167500586],[-107.28402687301656,48.365660223878486],[-107.28394587168623,48.36564844027394]]]}"
00000000000000001d9f,1761,0,0,0,"{""type"":""Polygon"",""coordinates"":[[[-107.28411386318302,48.36565846236563],[-107.28409402083187,48.36566333098871],[-107.2840404825082,48.36566439179006],[-107.28402687301656,48.365660223878486],[-107.2840350140798,48.365843167500586],[-107.28410216223139,48.365846274607264],[-107.28416837121533,48.36582710902657],[-107.28419479297398,48.365817696540795],[-107.284234380818,48.36580350633755],[-107.28424056887994,48.3657943983169],[-107.28411386318302,48.36565846236563]]]}"
00000000000000001d9b,1762,0,0,0,"{""type"":""GeometryCollection"",""geometries"":[{""type"":""LineString"",""coordinates"":[[-107.28433708549674,48.36570318442118],[-107.28434378201963,48.36570305138354]]},{""type"":""Polygon"",""coordinates"":[[[-107.28417848973287,48.36560364167584],[-107.28415938728429,48.36562634579864],[-107.28414701866402,48.36564887170985],[-107.28411386318302,48.36565846236563],[-107.28424056887994,48.3657943983169],[-107.28425303982975,48.36577185652302],[-107.28431148594407,48.36573045357549],[-107.28433706535864,48.36570322135775],[-107.28417848973287,48.36560364167584]]]}]}"
00000000000000001d8d,1763,0,0,0,"{""type"":""Polygon"",""coordinates"":[[[-107.28422966120506,48.365549018713864],[-107.28422312672942,48.36555363398597],[-107.28417824559504,48.365599133158334],[-107.28434379923137,48.36570304312517],[-107.2843884362206,48.365653035265424],[-107.28440086226158,48.365630422051304],[-107.28443273186451,48.365594066058016],[-107.28422966120506,48.365549018713864]]]}"
00000000000000001d7d,1764,0,0,0,"{""type"":""Polygon"",""coordinates"":[[[-107.28426603960138,48.36546344692813],[-107.28425970450981,48.365472499236866],[-107.28424713663314,48.365490588049255],[-107.28423417001959,48.36549980277647],[-107.28422966120506,48.365549018713864],[-107.28443273186451,48.365594066058016],[-107.28447138005109,48.365557603303714],[-107.2844898393709,48.36552151655151],[-107.2844962715114,48.36551691707348],[-107.28426603960138,48.36546344692813]]]}"
00000000000000001dfe,1765,0,0,0,"{""type"":""Polygon"",""coordinates"":[[[-107.2843024178243,48.36537787527046],[-107.2842853412826,48.365445179896604],[-107.28426603960138,48.36546344692813],[-107.2844962715114,48.36551691707348],[-107.28452779968029,48.36547159977533],[-107.28453918379826,48.36542672997064],[-107.2843024178243,48.36537787527046]]]}"
00000000000000001d92,1766,0,0,0,"{""type"":""Polygon"",""coordinates"":[[[-107.28435260469567,48.3653009086079],[-107.28430806520639,48.365355368949956],[-107.2843024178243,48.36537787527046],[-107.28453918379826,48.36542672997064],[-107.28454571823362,48.36542211468906],[-107.28455591864154,48.36535046399919],[-107.28456888516563,48.365341249256666],[-107.28456848635639,48.3653323751981],[-107.28435260469567,48.3653009086079]]]}"
00000000000000001d79,1767,0,0,0,"{""type"":""Polygon"",""coordinates"":[[[-107.28435508746111,48.365207092486074],[-107.28436378954945,48.365251601941345],[-107.28435893973752,48.36529185632345],[-107.28435260469567,48.3653009086079],[-107.28456848635639,48.3653323751981],[-107.28458071277878,48.36530532507539],[-107.28459249558375,48.365269329454044],[-107.28459818756806,48.36524689463039],[-107.28435508746111,48.365207092486074]]]}"
00000000000000001dd4,1768,0,0,0,"{""type"":""Polygon"",""coordinates"":[[[-107.28437815750823,48.365121774600155],[-107.28437418958931,48.365184388511146],[-107.2843548880816,48.36520265546671],[-107.28435508746111,48.365207092486074],[-107.28459818756806,48.36524689463039],[-107.2846161059022,48.36519740974524],[-107.2846291171459,48.36518826648601],[-107.28462748980637,48.36515254016642],[-107.28437815750823,48.365121774600155]]]}"
00000000000000001d89,1769,0,0,0,"{""type"":""Polygon"",""coordinates"":[[[-107.28439424951156,48.365032126611545],[-107.28438276309285,48.36507701187506],[-107.28437815750823,48.365121774600155],[-107.28462748980637,48.36515254016642],[-107.28461997111289,48.36513481162787],[-107.28463862948088,48.365103162152],[-107.28463724632527,48.36507194435981],[-107.28463680271251,48.365062998883744],[-107.28439424951156,48.365032126611545]]]}"
00000000000000001d70,1770,0,0,0,"{""type"":""Polygon"",""coordinates"":[[[-107.28441721701489,48.36494682481086],[-107.28441088205072,48.364955877038554],[-107.28439424951156,48.365032126611545],[-107.28463680271251,48.365062998883744],[-107.28464927318508,48.36504045735997],[-107.2846622395832,48.365031242661644],[-107.28467308263703,48.3649729749516],[-107.28441721701489,48.36494682481086]]]}"
00000000000000001d74,1771,0,0,0,"{""type"":""Polygon"",""coordinates"":[[[-107.28443330881151,48.36485717711531],[-107.28442781621257,48.36488404875728],[-107.28441721701489,48.36494682481086],[-107.28467308263703,48.3649729749516],[-107.2846901582437,48.364905670876745],[-107.28470248153175,48.36488307376085],[-107.28443330881151,48.36485717711531]]]}"
00000000000000001d82,1772,0,0,0,"{""type"":""Polygon"",""coordinates"":[[[-107.28446256622324,48.36476275193003],[-107.28443964375249,48.3648481249035],[-107.28443330881151,48.36485717711531],[-107.28470248153175,48.36488307376085],[-107.28470901585595,48.36487845851807],[-107.28471234007836,48.364802462552596],[-107.28446256622324,48.36476275193003]]]}"
00000000000000001d68,1773,0,0,0,"{""type"":""Polygon"",""coordinates"":[[[-107.28451215368172,48.36467247517892],[-107.28451235308404,48.364676912153236],[-107.28448735998204,48.364717613537806],[-107.28447459308069,48.364731265134814],[-107.28446256622324,48.36476275193003],[-107.28471234007836,48.364802462552596],[-107.28471684808433,48.364753247302644],[-107.28473555094752,48.36472166950461],[-107.28451215368172,48.36467247517892]]]}"
00000000000000001ddf,1774,0,0,0,"{""type"":""Polygon"",""coordinates"":[[[-107.28455486534173,48.364577852563066],[-107.28454927057273,48.36460473987615],[-107.28452447696169,48.36464987818497],[-107.28451215368172,48.36467247517892],[-107.28473555094752,48.36472166950461],[-107.28474831778627,48.36470801787697],[-107.28477984494687,48.3646627012097],[-107.28479281118976,48.364653486563036],[-107.2847926117531,48.36464904959212],[-107.28455486534173,48.364577852563066]]]}"
00000000000000001d86,1775,0,0,0,"{""type"":""GeometryCollection"",""geometries"":[{""type"":""LineString"",""coordinates"":[[-107.28455482965114,48.36457784332755],[-107.28456152602548,48.36457771027954]]},{""type"":""Polygon"",""coordinates"":[[[-107.28463844404324,48.364500273371874],[-107.28461944472838,48.36452296128642],[-107.28458747395736,48.36455933239041],[-107.2845614967122,48.36457769013247],[-107.2847926117531,48.36464904959212],[-107.28479176922335,48.36463123024963],[-107.28483744638888,48.36460347952519],[-107.28486308223492,48.364576160499894],[-107.28463844404324,48.364500273371874]]]}]}"
00000000000000001d88,1776,0,0,0,"{""type"":""Polygon"",""coordinates"":[[[-107.28473533514162,48.36441797223807],[-107.28471544863217,48.364422769398],[-107.28463844404324,48.364500273371874],[-107.28486308223492,48.364576160499894],[-107.28488252516257,48.364562417903926],[-107.28491459289185,48.364530499473304],[-107.28473533514162,48.36441797223807]]]}"
00000000000000001d8a,1777,0,0,0,"{""type"":""Polygon"",""coordinates"":[[[-107.28484637593593,48.36435323694952],[-107.28478101204172,48.36439022165827],[-107.28473533514162,48.36441797223807],[-107.28491459289185,48.364530499473304],[-107.28492766138396,48.364521269023896],[-107.28499282602075,48.36447984716349],[-107.28484637593593,48.36435323694952]]]}"
00000000000000001d87,1778,0,0,0,"{""type"":""Polygon"",""coordinates"":[[[-107.28496415012717,48.36428832335208],[-107.28491159781929,48.364311728011046],[-107.28484637593593,48.36435323694952],[-107.28499282602075,48.36447984716349],[-107.28499925794107,48.36447524774729],[-107.28501266780363,48.36447497847738],[-107.28503805922068,48.36444315106111],[-107.28506428052164,48.36442930165456],[-107.28507769037678,48.364429032376],[-107.28496415012717,48.36428832335208]]]}"
00000000000000001dd0,1779,0,0,0,"{""type"":""Polygon"",""coordinates"":[[[-107.28507573128708,48.36423698604392],[-107.28505588962904,48.36424185471814],[-107.28502991271861,48.36426021246893],[-107.28499012707223,48.36426996560849],[-107.28497716099369,48.36427918021129],[-107.28496415012717,48.36428832335208],[-107.28507769037678,48.364429032376],[-107.28515706256452,48.3644050889932],[-107.2851830395576,48.364386731156024],[-107.28518947145061,48.36438213173584],[-107.28507573128708,48.36423698604392]]]}"
00000000000000001dcf,1780,0,0,0,"{""type"":""Polygon"",""coordinates"":[[[-107.28518741458159,48.364185632851004],[-107.28514802795486,48.364204259903566],[-107.28512165213215,48.36421374379898],[-107.28508226546998,48.36423237083532],[-107.28507573128708,48.36423698604392],[-107.28518947145061,48.36438213173584],[-107.28522218211037,48.3643635956134],[-107.28526864406487,48.36435375133993],[-107.2853082303519,48.36433956112369],[-107.28518741458159,48.364185632851004]]]}"
00000000000000001dd1,1781,0,0,0,"{""type"":""Polygon"",""coordinates"":[[[-107.28530651430759,48.36415202353833],[-107.28528667267545,48.36415689225177],[-107.28521413184008,48.36418511007286],[-107.28518741458159,48.364185632851004],[-107.2853082303519,48.36433956112369],[-107.28532144070596,48.36433485486954],[-107.28540061323098,48.36430647439235],[-107.28543366529766,48.36429689937344],[-107.28530651430759,48.36415202353833]]]}"
00000000000000001dd5,1782,0,0,0,"{""type"":""Polygon"",""coordinates"":[[[-107.28542507294823,48.36410501606201],[-107.2854118626769,48.36410972230802],[-107.28538613023544,48.36413258849107],[-107.28530651430759,48.36415202353833],[-107.28543366529766,48.36429689937344],[-107.28549299603725,48.364273387594594],[-107.28555262349064,48.364258765467774],[-107.28542507294823,48.36410501606201]]]}"
00000000000000001d81,1783,0,0,0,"{""type"":""GeometryCollection"",""geometries"":[{""type"":""LineString"",""coordinates"":[[-107.28534632679818,48.36384305703007],[-107.28535322279922,48.3638473861643],[-107.28535342252596,48.363851848391135]]},{""type"":""Polygon"",""coordinates"":[[[-107.28525469603375,48.363742179572235],[-107.28517552477417,48.363770559596524],[-107.28527087318983,48.36380434427135],[-107.2852846243251,48.36381303603854],[-107.28532579332897,48.363834499894544],[-107.28534632288417,48.3638430848294],[-107.28525469603375,48.363742179572235]]]},{""type"":""Polygon"",""coordinates"":[[[-107.28555822568727,48.36408451938643],[-107.28555154955157,48.36408461042242],[-107.28554437203994,48.3640758434287],[-107.28552453042823,48.36408071218377],[-107.28551151969195,48.36408985536129],[-107.28545832435434,48.364099877996786],[-107.28542507294823,48.36410501606201],[-107.28555262349064,48.364258765467774],[-107.28558567553027,48.364249190405836],[-107.28568513347905,48.364224886283736],[-107.28555822568727,48.36408451938643]]]}]}"
00000000000000001d71,1784,0,0,0,"{""type"":""MultiPolygon"",""coordinates"":[[[[-107.28540199747803,48.36373924882896],[-107.28533505155004,48.36374057957645],[-107.2852875032801,48.36372809636586],[-107.28525469603375,48.363742179572235],[-107.28535339798256,48.36385186761142],[-107.28539382656461,48.363855496571716],[-107.28542098746449,48.36386391900834],[-107.28546151330872,48.36387200065135],[-107.28551004681134,48.363906827053746],[-107.28556398249897,48.36391463932219],[-107.28540199747803,48.36373924882896]]],[[[-107.28559930598709,48.36395417195224],[-107.2856154838385,48.36401633682307],[-107.28557643897256,48.36404392508893],[-107.28556347303976,48.36405313972804],[-107.28555704122755,48.36405773914282],[-107.28555744029524,48.36406661297843],[-107.28559781169335,48.36407032912974],[-107.28555822568727,48.36408451938643],[-107.28568513347905,48.364224886283736],[-107.28569854334833,48.364224616919216],[-107.28577771567335,48.364196236195156],[-107.28580389194502,48.364182315195755],[-107.28559930598709,48.36395417195224]]]]}"
00000000000000001d72,1785,0,0,0,"{""type"":""Polygon"",""coordinates"":[[[-107.28577461299541,48.3639774820763],[-107.28574091772909,48.36397367495735],[-107.28571978926007,48.36395177936718],[-107.28569188746224,48.36392552211015],[-107.28567709359781,48.36389457440615],[-107.28562202577868,48.36386436331298],[-107.28557933040032,48.363807158395176],[-107.28557848746293,48.363789339351506],[-107.2855442513835,48.36377213421746],[-107.28549650336457,48.36375521421591],[-107.28548275216727,48.36374652249003],[-107.28546226738428,48.36373800906117],[-107.28540199747803,48.36373924882896],[-107.28556398249897,48.36391463932219],[-107.28557085814144,48.36391898519198],[-107.28559841825948,48.36393628139852],[-107.28559930598709,48.36395417195224],[-107.28580389194502,48.364182315195755],[-107.28582353407197,48.36417300944581],[-107.28587633048991,48.36415411274033],[-107.28590226236133,48.36413568334244],[-107.28592245071262,48.364135307075884],[-107.28577461299541,48.3639774820763]]]}"
00000000000000001d80,1786,0,0,0,"{""type"":""Polygon"",""coordinates"":[[[-107.28586635150131,48.36393101296506],[-107.2858467095101,48.36394031867805],[-107.28577461299541,48.3639774820763],[-107.28592245071262,48.364135307075884],[-107.28596920940599,48.36413435216165],[-107.28602126494484,48.364097620443324],[-107.28604724152932,48.36407926248885],[-107.28606708318708,48.36407439362482],[-107.28586635150131,48.36393101296506]]]}"
00000000000000001d6e,1787,0,0,0,"{""type"":""Polygon"",""coordinates"":[[[-107.28597091363466,48.363870804979115],[-107.28592523769888,48.363898555829486],[-107.28590613693281,48.363921259530244],[-107.2858797612899,48.363930743578784],[-107.28586635150131,48.36393101296506],[-107.28606708318708,48.36407439362482],[-107.28609345894297,48.364064909496435],[-107.28608539832496,48.36403378344014],[-107.28613775056245,48.3640059413629],[-107.28614432943257,48.36400139756557],[-107.28597091363466,48.363870804979115]]]}"
00000000000000001d69,1788,0,0,0,"{""type"":""Polygon"",""coordinates"":[[[-107.28594326248822,48.363701698396966],[-107.28593712761507,48.3637151873875],[-107.28593949712192,48.36376874751953],[-107.2859401406542,48.363782129656016],[-107.28594088145734,48.36379996449948],[-107.28598263714825,48.36383489747201],[-107.28598328069509,48.363848279624456],[-107.28598402151738,48.36386611448925],[-107.28597091363466,48.363870804979115],[-107.28614432943257,48.36400139756557],[-107.28618391538079,48.36398720709107],[-107.28619014753554,48.36397817073388],[-107.28624249967271,48.36395032863118],[-107.28594326248822,48.363701698396966]]]}"
00000000000000001d57,1789,0,0,0,"{""type"":""Polygon"",""coordinates"":[[[-107.2861870998239,48.363759330317855],[-107.28616695640633,48.363759778094256],[-107.28612682942092,48.3637605705533],[-107.2860992242312,48.36374320310194],[-107.28608541527848,48.36373459874074],[-107.28607166386023,48.36372590710812],[-107.28607082067961,48.36370808810209],[-107.28607037669664,48.36369914287101],[-107.28607626714225,48.36368114553299],[-107.28607597025412,48.36367225595713],[-107.28595074332168,48.36357199744023],[-107.28591769186315,48.36358157249129],[-107.2859466811484,48.36363015682856],[-107.28594786591256,48.36365693684472],[-107.28594915298768,48.36368370106451],[-107.28594326248822,48.363701698396966],[-107.28624249967271,48.36395032863118],[-107.28626867572247,48.36393640757506],[-107.28633998627292,48.36388133750998],[-107.2861870998239,48.363759330317855]]]}"
00000000000000001d56,1790,0,0,0,"{""type"":""MultiPolygon"",""coordinates"":[[[[-107.28598345312251,48.363553461362315],[-107.28598389708596,48.36356240656984],[-107.28595074332168,48.36357199744023],[-107.28607597025412,48.36367225595713],[-107.28610150251662,48.363644952921184],[-107.28609398322696,48.3636272250147],[-107.28610007325072,48.363613664577564],[-107.28598345312251,48.363553461362315]]],[[[-107.28625815291588,48.36369991089079],[-107.2861870998239,48.363759330317855],[-107.28633998627292,48.36388133750998],[-107.28635299684663,48.363872194260196],[-107.28637263878375,48.36386288845699],[-107.28639193896684,48.36384462158912],[-107.28641831456572,48.363835137416466],[-107.28644429087144,48.36381677945217],[-107.28645725662399,48.363807564739666],[-107.28625815291588,48.36369991089079]]]]}"
00000000000000001d64,1791,0,0,0,"{""type"":""MultiPolygon"",""coordinates"":[[[[-107.28634910479465,48.36363553533473],[-107.28627745303771,48.36368164410334],[-107.28625815291588,48.36369991089079],[-107.28645725662399,48.363807564739666],[-107.28647700083377,48.363798243117],[-107.28654800898524,48.36373875197568],[-107.28634910479465,48.36363553533473]]],[[[-107.2861029950879,48.363528796706944],[-107.28608860014185,48.36350672304062],[-107.2860880588603,48.363493325165905],[-107.28601952887679,48.363459002723204],[-107.2860068600841,48.363477106856585],[-107.28600730405428,48.363486052051016],[-107.2859820687385,48.363522244528646],[-107.2859829118806,48.36354006347426],[-107.28598345312251,48.363553461362315],[-107.28610007325072,48.363613664577564],[-107.28610576406213,48.363591230391506],[-107.28612367965988,48.363541746832425],[-107.2861029950879,48.363528796706944]]]]}"
00000000000000001d4b,1792,0,0,0,"{""type"":""MultiPolygon"",""coordinates"":[[[[-107.28608935181514,48.3633727324251],[-107.28600009284968,48.363325388493145],[-107.28600053682013,48.36333433366212],[-107.28599063686397,48.363414871235335],[-107.28601952887679,48.363459002723204],[-107.2860880588603,48.363493325165905],[-107.2861055752075,48.3634349679761],[-107.28608935181514,48.3633727324251]]],[[[-107.28643287873273,48.3635623929384],[-107.28638032756737,48.363585798052654],[-107.28635553648682,48.36363093590643],[-107.28634910479465,48.36363553533473],[-107.28654800898524,48.36373875197568],[-107.28657388784362,48.36371594131771],[-107.28658685354486,48.36370672660646],[-107.28663212973636,48.36367010179213],[-107.28643287873273,48.3635623929384]]]]}"
00000000000000001d67,1793,0,0,0,"{""type"":""MultiPolygon"",""coordinates"":[[[[-107.28607881923004,48.36328806288737],[-107.2860780783444,48.36327022821845],[-107.2860772351485,48.36325240936528],[-107.28599846406259,48.36328966348263],[-107.28599944928632,48.36331200647257],[-107.28600009284968,48.363325388493145],[-107.28608935181514,48.3633727324251],[-107.28608098937862,48.363337185725534],[-107.28608653806263,48.363310227535834],[-107.28607881923004,48.36328806288737]]],[[[-107.28652367525432,48.363493651990076],[-107.28651046518642,48.363498358327945],[-107.28648513287114,48.363530098258316],[-107.28645262280648,48.36355307136709],[-107.28643287873273,48.3635623929384],[-107.28663212973636,48.36367010179213],[-107.28663880587501,48.363670010681695],[-107.28666562548435,48.36366947169353],[-107.28673074306106,48.36362797791435],[-107.28673683289541,48.363614417441454],[-107.28652367525432,48.363493651990076]]]]}"
00000000000000001d65,1794,0,0,0,"{""type"":""Polygon"",""coordinates"":[[[-107.28662051655986,48.36341127917757],[-107.28658780697799,48.363429815417305],[-107.28654960649575,48.363475222661954],[-107.28652367525432,48.363493651990076],[-107.28673683289541,48.363614417441454],[-107.28674272304379,48.36359642009874],[-107.28674232368087,48.36358754635385],[-107.28676840204552,48.363569172583034],[-107.2867807238254,48.36354657580575],[-107.28662051655986,48.36341127917757]]]}"
00000000000000001d66,1795,0,0,0,"{""type"":""Polygon"",""coordinates"":[[[-107.28671838797062,48.36335132085128],[-107.28662051655986,48.36341127917757],[-107.2867807238254,48.36354657580575],[-107.28680635798497,48.363519256846786],[-107.28683208949377,48.36349639057034],[-107.28687835104537,48.36348210883387],[-107.28671838797062,48.36335132085128]]]}"
00000000000000001d4a,1796,0,0,0,"{""type"":""Polygon"",""coordinates"":[[[-107.28682982376102,48.36329545837259],[-107.28675752907635,48.36332818516961],[-107.28671838797062,48.36335132085128],[-107.28687835104537,48.36348210883387],[-107.28691813616554,48.36347235507016],[-107.28697706615051,48.36343996905469],[-107.28699023141905,48.363435191198356],[-107.28682982376102,48.36329545837259]]]}"
00000000000000001d51,1797,0,0,0,"{""type"":""Polygon"",""coordinates"":[[[-107.28694837963351,48.36324844984296],[-107.28692888023865,48.363262279761486],[-107.28685624375846,48.36328604564702],[-107.28682982376102,48.36329545837259],[-107.28699023141905,48.363435191198356],[-107.28700344147332,48.36343048480047],[-107.28702897313227,48.36340318165731],[-107.28707533690077,48.363388884042514],[-107.28709493375891,48.363379506723824],[-107.28694837963351,48.36324844984296]]]}"
00000000000000001d61,1798,0,0,0,"{""type"":""Polygon"",""coordinates"":[[[-107.28709291105243,48.36318308330655],[-107.28706683304529,48.363201457023216],[-107.28697435538969,48.363230091951486],[-107.28694837963351,48.36324844984296],[-107.28709493375891,48.363379506723824],[-107.28715416070509,48.36335601017281],[-107.28716757046831,48.36335574061038],[-107.28709291105243,48.36318308330655]]]}"
00000000000000001d60,1799,0,0,0,"{""type"":""Polygon"",""coordinates"":[[[-107.2872529788257,48.363166498224004],[-107.28719236675303,48.36315877816792],[-107.28709266653826,48.36317857501083],[-107.28709291105243,48.36318308330655],[-107.28716757046831,48.36335574061038],[-107.28726682692992,48.36332699845503],[-107.2872529788257,48.363166498224004]]]}"
00000000000000001d55,1800,0,0,0,"{""type"":""Polygon"",""coordinates"":[[[-107.28737386116931,48.363172977280236],[-107.2872529788257,48.363166498224004],[-107.28726682692992,48.36332699845503],[-107.28728677059573,48.36332211360449],[-107.2873270973538,48.36332575751417],[-107.28734050713061,48.363325487927426],[-107.28735391690924,48.36332521833876],[-107.28739384418206,48.363319988525966],[-107.28739394700075,48.36317261652784],[-107.28737386116931,48.363172977280236]]]}"
00000000000000001d54,1801,0,0,0,"{""type"":""Polygon"",""coordinates"":[[[-107.28739394700075,48.36317261652784],[-107.28739384418206,48.363319988525966],[-107.28752086156564,48.36331297842662],[-107.28753397406176,48.36315646318363],[-107.28739394700075,48.36317261652784]]]}"
00000000000000001d50,1802,0,0,0,"{""type"":""Polygon"",""coordinates"":[[[-107.28754738380664,48.36315619356968],[-107.28753397406176,48.36315646318363],[-107.28752086156564,48.36331297842662],[-107.28756089118708,48.36330773273328],[-107.28762174840423,48.3633199608685],[-107.28764856803916,48.36331942160891],[-107.28768845476417,48.363162295616995],[-107.28754738380664,48.36315619356968]]]}"
00000000000000001d48,1803,0,0,0,"{""type"":""Polygon"",""coordinates"":[[[-107.28780250659905,48.363164499926754],[-107.28768845476417,48.363162295616995],[-107.28764856803916,48.36331942160891],[-107.28776925167115,48.363321463313575],[-107.28783041002899,48.36319075615454],[-107.2878302677344,48.36318623205068],[-107.28780250659905,48.363164499926754]]]}"
00000000000000001d52,1804,0,0,0,"{""type"":""Polygon"",""coordinates"":[[[-107.28793243839516,48.363224446531376],[-107.28783041002899,48.36319075615454],[-107.28776925167115,48.363321463313575],[-107.2877962711607,48.36332536085626],[-107.28781120925419,48.36336083197265],[-107.28783169491234,48.363369344818345],[-107.28800087367071,48.36325431473755],[-107.28793243839516,48.363224446531376]]]}"
00000000000000001d4e,1805,0,0,0,"{""type"":""Polygon"",""coordinates"":[[[-107.28804872107268,48.363275685939826],[-107.28800087367071,48.36325431473755],[-107.28783169491234,48.363369344818345],[-107.2878865205802,48.363395045992654],[-107.28791432673877,48.36341684963972],[-107.28811215131567,48.363345910159275],[-107.28804872107268,48.363275685939826]]]}"
00000000000000001d4d,1806,0,0,0,"{""type"":""Polygon"",""coordinates"":[[[-107.28814055720242,48.36338102425784],[-107.28812640540755,48.363363459300864],[-107.28811215131567,48.363345910159275],[-107.28791432673877,48.36341684963972],[-107.28793501230155,48.363429799322994],[-107.28794960844614,48.363456309500855],[-107.28798429073771,48.3634824588038],[-107.28798449057118,48.36348689566088],[-107.28819691191265,48.36344246606041],[-107.28814055720242,48.36338102425784]]]}"
00000000000000001d63,1807,0,0,0,"{""type"":""Polygon"",""coordinates"":[[[-107.28821353896137,48.363513574953174],[-107.28821215266485,48.363482358223514],[-107.28821096622922,48.363455578365404],[-107.28819691191265,48.36344246606041],[-107.28798449057118,48.36348689566088],[-107.28796637728706,48.36353194260024],[-107.28798171529932,48.36357628755001],[-107.28823481160693,48.363539993900154],[-107.28821353896137,48.363513574953174]]]}"
00000000000000001d42,1808,0,0,0,"{""type"":""Polygon"",""coordinates"":[[[-107.28798171529932,48.36357628755001],[-107.28798987993075,48.36360739732481],[-107.28799180800767,48.36365201201882],[-107.28823308101678,48.36365164167434],[-107.28823288115417,48.363647204804806],[-107.28821100887623,48.36360747520544],[-107.28823481160693,48.363539993900154],[-107.28798171529932,48.36357628755001]]]}"
00000000000000001d53,1809,0,0,0,"{""type"":""MultiPolygon"",""coordinates"":[[[[-107.28785405336195,48.36371727351824],[-107.28780694735049,48.36371373682721],[-107.28781422301465,48.36372695626561],[-107.28786132904727,48.363730492953415],[-107.28785405336195,48.36371727351824]]],[[[-107.28799180800767,48.36365201201882],[-107.28798720694556,48.36369677360493],[-107.28799428285268,48.3637055561479],[-107.28798225893281,48.36373704270289],[-107.28822407452937,48.36375007027255],[-107.2882237771207,48.36374118070502],[-107.28823308101678,48.36365164167434],[-107.28799180800767,48.36365201201882]]]]}"
00000000000000001d58,1810,0,0,0,"{""type"":""Polygon"",""coordinates"":[[[-107.28784870557682,48.363748668868105],[-107.28786177347044,48.36373943817033],[-107.28786132904727,48.363730492953415],[-107.28781422301465,48.36372695626561],[-107.28781486723732,48.36374033836153],[-107.28780382948791,48.36379416806428],[-107.2878174841026,48.36379840674638],[-107.28783658403454,48.363775702739225],[-107.287850491179,48.363788759532824],[-107.287844401641,48.36380232011316],[-107.28792540375416,48.363814100003644],[-107.28820863633298,48.36385309862373],[-107.28820176019111,48.36384875296069],[-107.28820116061883,48.36383544230337],[-107.28822634984719,48.3637991776035],[-107.28822407452937,48.36375007027255],[-107.28798225893281,48.36373704270289],[-107.28797592482391,48.36374609493834],[-107.28798364501988,48.36376825959041],[-107.2879235732813,48.36377393786355],[-107.28792926314024,48.36375150352619],[-107.28790962131507,48.36376080962525],[-107.2878967532391,48.363774477214825],[-107.28786295963745,48.363766218182235],[-107.28784870557682,48.363748668868105]],[[-107.28792540375416,48.363814100003644],[-107.28793836935161,48.36380488509571],[-107.28791808323768,48.363800809093846],[-107.28792540375416,48.363814100003644]],[[-107.28791080751633,48.36378758964643],[-107.2878771114001,48.36378378331161],[-107.28788443189586,48.363797074220805],[-107.28791080751633,48.36378758964643]],[[-107.28786295963745,48.363766218182235],[-107.28784974944192,48.363770924731504],[-107.28786350156444,48.3637796160992],[-107.28786295963745,48.363766218182235]]]}"
00000000000000001d59,1811,0,0,0,"{""type"":""GeometryCollection"",""geometries"":[{""type"":""LineString"",""coordinates"":[[-107.28787811486623,48.36380610693817],[-107.28785782614773,48.36380204443638],[-107.28784443363311,48.36380231091259],[-107.28783773737574,48.36380244415011]]},{""type"":""Polygon"",""coordinates"":[[[-107.2878109053534,48.36380295063786],[-107.2878174841026,48.36379840674638],[-107.28780382948791,48.36379416806428],[-107.28779749533687,48.36380322029874],[-107.2878109053534,48.36380295063786]]]},{""type"":""Polygon"",""coordinates"":[[[-107.2878109053534,48.36380295063786],[-107.28780481580074,48.36381651121967],[-107.28779749533687,48.36380322029874],[-107.2877845297254,48.36381243518775],[-107.28779912586043,48.3638389455791],[-107.28778734634257,48.36387494054386],[-107.2882197161096,48.3639511666506],[-107.28821872954714,48.36392882344933],[-107.28821714340756,48.36389316958587],[-107.28821551247694,48.36385744428656],[-107.28820863633298,48.36385309862373],[-107.28792540375416,48.363814100003644],[-107.28787809775822,48.363806126460744],[-107.28787220804239,48.36382412393292],[-107.2878796835709,48.36384178027983],[-107.28783366602867,48.363860570958714],[-107.28781887004551,48.36382962367588],[-107.28783772539187,48.36380241131035],[-107.2878109053534,48.36380295063786]]]}]}"
00000000000000001d6f,1812,0,0,0,"{""type"":""Polygon"",""coordinates"":[[[-107.28782940683195,48.36391429377705],[-107.28781599677247,48.363914563442165],[-107.28782401419213,48.363945617783266],[-107.28783786867852,48.36395429336987],[-107.28786028255304,48.36400742129545],[-107.28786726096976,48.36401175118481],[-107.28813485424904,48.36400198369366],[-107.2881545985145,48.363992661690894],[-107.28816830604129,48.364001281586276],[-107.2882219466157,48.36400020270766],[-107.28821501292285,48.363995944306566],[-107.2882197161096,48.3639511666506],[-107.28778734634257,48.36387494054386],[-107.2878155523628,48.3639056181953],[-107.28782896241897,48.363905348530366],[-107.28782940683195,48.36391429377705]],[[-107.28782896241897,48.363905348530366],[-107.28784880414106,48.36390047931273],[-107.28783505198237,48.363891787924146],[-107.28782896241897,48.363905348530366]]]}"
00000000000000001d6b,1813,0,0,0,"{""type"":""MultiPolygon"",""coordinates"":[[[[-107.2882219466157,48.36400020270766],[-107.28816830604129,48.364001281586276],[-107.28820309135509,48.364027415247435],[-107.28823688539228,48.36403567418987],[-107.2882219466157,48.36400020270766]]],[[[-107.28812842258102,48.364006583272456],[-107.28813485424904,48.36400198369366],[-107.28786726096976,48.36401175118481],[-107.28790966383866,48.36406006555985],[-107.2879181257964,48.36410006525224],[-107.28791223603604,48.36411806282728],[-107.28815791298705,48.364068493757344],[-107.28812842258102,48.364006583272456]]]]}"
00000000000000001d6d,1814,0,0,0,"{""type"":""MultiPolygon"",""coordinates"":[[[[-107.28818819494747,48.36414384214181],[-107.28816587799673,48.364095166891495],[-107.28815791298705,48.364068493757344],[-107.28791223603604,48.36411806282728],[-107.28791297779345,48.36413589774381],[-107.28794197069362,48.36418448189301],[-107.28796310111491,48.36420637704074],[-107.28819507113784,48.36414818782864],[-107.28818819494747,48.36414384214181]]],[[[-107.28826726506924,48.36411547521935],[-107.28826627848343,48.364093131950256],[-107.28822510615962,48.36407166933395],[-107.28821822997668,48.36406732365533],[-107.28821179830086,48.36407192324554],[-107.28821298471108,48.364098703414086],[-107.28821457083507,48.36413435741555],[-107.28821491302585,48.364143318509015],[-107.28828111978696,48.36412415076387],[-107.28826726506924,48.36411547521935]]]]}"
00000000000000001d7f,1815,0,0,0,"{""type"":""Polygon"",""coordinates"":[[[-107.28833668906552,48.364167686922805],[-107.28828111978696,48.36412415076387],[-107.28821491302585,48.364143318509015],[-107.28822872294205,48.36415192260579],[-107.28822283330115,48.364169920214366],[-107.2882019025394,48.364152462055195],[-107.28819507113784,48.36414818782864],[-107.28796310111491,48.36420637704074],[-107.28796330094079,48.36421081395834],[-107.28799991193962,48.36428157883175],[-107.2880139664431,48.364294691367334],[-107.28834440956982,48.36418985171348],[-107.28833668906552,48.364167686922805]]]}"
00000000000000001d84,1816,0,0,0,"{""type"":""Polygon"",""coordinates"":[[[-107.28834440956982,48.36418985171348],[-107.2880139664431,48.364294691367334],[-107.28804217300525,48.36432536918022],[-107.28807126376202,48.3643784061982],[-107.28807824228508,48.364382736099685],[-107.28838819987395,48.364269383180634],[-107.28834440956982,48.36418985171348]],[[-107.28827983364685,48.36424474506221],[-107.2882659788875,48.364236069498936],[-107.28827414387139,48.36426717962592],[-107.28827983364685,48.36424474506221]]]}"
00000000000000001d6a,1817,0,0,0,"{""type"":""Polygon"",""coordinates"":[[[-107.28838819987395,48.364269383180634],[-107.28807824228508,48.364382736099685],[-107.28811995679008,48.36441759697372],[-107.28811406704814,48.36443559466795],[-107.28814860804066,48.36445722015566],[-107.28835964886935,48.364381571982165],[-107.28833164177685,48.364355331168],[-107.28833045529026,48.36432855087386],[-107.28839764907526,48.36433172632981],[-107.2883970046499,48.364318344094386],[-107.28839646253918,48.3643049460496],[-107.28839547588085,48.3642826027042],[-107.28838819987395,48.364269383180634]]]}"
00000000000000001d6c,1818,0,0,0,"{""type"":""Polygon"",""coordinates"":[[[-107.28838864265738,48.36443015619815],[-107.28838799823725,48.3644167739378],[-107.28838725625586,48.3643989389366],[-107.28835964886935,48.364381571982165],[-107.28814860804066,48.36445722015566],[-107.28816236051675,48.364465911583565],[-107.2881630048529,48.3644792938599],[-107.28818358879883,48.36449225954273],[-107.28820476436739,48.36451422621537],[-107.28821248483239,48.36453639116179],[-107.28842352614774,48.36446074272328],[-107.28838864265738,48.36443015619815]]]}"
00000000000000001dff,1819,0,0,0,"{""type"":""Polygon"",""coordinates"":[[[-107.28849230662384,48.36449957234894],[-107.28844421254996,48.364473692529415],[-107.28842352614774,48.36446074272328],[-107.28821248483239,48.36453639116179],[-107.28821936109547,48.364540736877075],[-107.28826107596095,48.364575597784096],[-107.28828265136022,48.36460643836887],[-107.2883102140519,48.364623733955604],[-107.28849938282384,48.364508354979634],[-107.28849230662384,48.36449957234894]]]}"
00000000000000001dfc,1820,0,0,0,"{""type"":""MultiPolygon"",""coordinates"":[[[[-107.2883102140519,48.364623733955604],[-107.28831709034905,48.36462807967016],[-107.28833639042931,48.36460981215201],[-107.2883102140519,48.364623733955604]]],[[[-107.28833639042931,48.36460981215201],[-107.28839883679377,48.36465769436698],[-107.28842644440283,48.36467506139452],[-107.28856999465633,48.36458734727404],[-107.28858251588677,48.364569186789566],[-107.28856182935465,48.364556236993295],[-107.28849938282384,48.364508354979634],[-107.28833639042931,48.36460981215201]]]]}"
00000000000000001d83,1821,0,0,0,"{""type"":""Polygon"",""coordinates"":[[[-107.28865268345777,48.36463923374314],[-107.28865154153966,48.364612524776405],[-107.2886034471312,48.36458664499017],[-107.28856999465633,48.36458734727404],[-107.28842644440283,48.36467506139452],[-107.28847449390928,48.3647008698544],[-107.28849596728335,48.36473172626936],[-107.28849681162413,48.364749545567044],[-107.28867341487836,48.3646522549981],[-107.28865268345777,48.36463923374314]]]}"
00000000000000001dfd,1822,0,0,0,"{""type"":""Polygon"",""coordinates"":[[[-107.28870869873072,48.36469171544118],[-107.28869488844141,48.36468311133567],[-107.28871463306928,48.36467378908948],[-107.28867341487836,48.3646522549981],[-107.28849681162413,48.364749545567044],[-107.28849701151125,48.36475398252722],[-107.28858073203618,48.364828284238214],[-107.28858093193298,48.36483272120452],[-107.28874338291553,48.364717865028545],[-107.28870869873072,48.36469171544118]]]}"
00000000000000001d9a,1823,0,0,0,"{""type"":""Polygon"",""coordinates"":[[[-107.28884457269261,48.36473373596065],[-107.28875025931286,48.364722210717225],[-107.28874338291553,48.364717865028545],[-107.28858093193298,48.36483272120452],[-107.2886082951124,48.36484557980174],[-107.28862215021749,48.364854255406144],[-107.28869073183081,48.364888648179125],[-107.28871121869878,48.36489716105079],[-107.28885155142854,48.364738065829464],[-107.28884457269261,48.36473373596065]],[[-107.28880563033088,48.364761310091865],[-107.28878534341376,48.364757234220264],[-107.28879241974909,48.36476601686842],[-107.28880563033088,48.364761310091865]]]}"
00000000000000001d8c,1824,0,0,0,"{""type"":""Polygon"",""coordinates"":[[[-107.28871121869878,48.36489716105079],[-107.28876678981243,48.36494069754617],[-107.28886763788546,48.36494760727974],[-107.2889267649343,48.364772295618074],[-107.28892028837116,48.36477682385841],[-107.28883363818325,48.36478755094858],[-107.28883928297496,48.36476504467689],[-107.28889326738425,48.364772926563546],[-107.2889187015926,48.36474116945525],[-107.28887094903993,48.36472425093757],[-107.28885155142854,48.364738065829464],[-107.28871121869878,48.36489716105079]],[[-107.28885155142854,48.364738065829464],[-107.28885862778155,48.364746848469146],[-107.28887179356451,48.364742070224786],[-107.28885155142854,48.364738065829464]]]}"
00000000000000001da4,1825,0,0,0,"{""type"":""Polygon"",""coordinates"":[[[-107.28902107867984,48.36478382068983],[-107.28899455985845,48.364788781531054],[-107.28893993072784,48.36476751736184],[-107.2889267649343,48.364772295618074],[-107.28886763788546,48.36494760727974],[-107.28890123320254,48.364951429125405],[-107.28892889892899,48.36496870881499],[-107.2890157368289,48.364962577299934],[-107.28904255804942,48.36496203759446],[-107.28902107867984,48.36478382068983]]]}"
00000000000000001d97,1826,0,0,0,"{""type"":""Polygon"",""coordinates"":[[[-107.28910089730378,48.36476881922358],[-107.28909436322716,48.3647734347492],[-107.28902107867984,48.36478382068983],[-107.28904255804942,48.36496203759446],[-107.28904918980031,48.36496187484337],[-107.28922921267275,48.36494040025654],[-107.28910089730378,48.36476881922358]]]}"
00000000000000001d7e,1827,0,0,0,"{""type"":""Polygon"",""coordinates"":[[[-107.28921312410814,48.36473085894859],[-107.28914657361702,48.36474106640094],[-107.28910089730378,48.36476881922358],[-107.28922921267275,48.36494040025654],[-107.28925583395953,48.364935423518844],[-107.28932762943641,48.36489383565454],[-107.28935400592009,48.36488435046693],[-107.28921312410814,48.36473085894859]],[[-107.28916720306161,48.36475410337932],[-107.28915365006361,48.36474984901702],[-107.28915399247516,48.36475881020507],[-107.28916720306161,48.36475410337932]]]}"
00000000000000001da5,1828,0,0,0,"{""type"":""Polygon"",""coordinates"":[[[-107.28931139782703,48.364679770336714],[-107.28925182153593,48.36469877625977],[-107.28923296640683,48.364725989355094],[-107.28921312410814,48.36473085894859],[-107.28935400592009,48.36488435046693],[-107.28947182470971,48.3648195021634],[-107.28931139782703,48.364679770336714]]]}"
00000000000000001d7c,1829,0,0,0,"{""type"":""Polygon"",""coordinates"":[[[-107.28941610309225,48.36462408195817],[-107.28936276324559,48.364629582687535],[-107.28932480837595,48.36467950044664],[-107.28931139782703,48.364679770336714],[-107.28947182470971,48.3648195021634],[-107.28949775633198,48.364801071571456],[-107.28953080930224,48.364791495031575],[-107.28956311972176,48.364764083382134],[-107.28956965377239,48.36475946782612],[-107.28941610309225,48.36462408195817]]]}"
00000000000000001dab,1830,0,0,0,"{""type"":""Polygon"",""coordinates"":[[[-107.28952125297731,48.364577338868685],[-107.28949483191917,48.364586752581985],[-107.28947553217355,48.36460502031638],[-107.28944292418127,48.36462354214771],[-107.28942273480853,48.364623919183195],[-107.28941610309225,48.36462408195817],[-107.28956965377239,48.36475946782612],[-107.289576085505,48.36475486808422],[-107.28958905128346,48.36474565278626],[-107.2896154724627,48.36473623901591],[-107.28962814049653,48.36471813399818],[-107.28968756976475,48.36469907218689],[-107.28952125297731,48.364577338868685]]]}"
00000000000000001d7a,1831,0,0,0,"{""type"":""GeometryCollection"",""geometries"":[{""type"":""LineString"",""coordinates"":[[-107.28961927459534,48.364521743365515],[-107.28961907568568,48.364517307787146]]},{""type"":""Polygon"",""coordinates"":[[[-107.28955396323217,48.36455880121415],[-107.28952125297731,48.364577338868685],[-107.28968756976475,48.36469907218689],[-107.28970073554484,48.36469429383333],[-107.28977832174827,48.36463025523041],[-107.28961928136052,48.36452174170679],[-107.28961927459534,48.364521743365515],[-107.28953970783753,48.36454125192359],[-107.28956039492826,48.36455420149155],[-107.28955396323217,48.36455880121415]],[[-107.28956039492826,48.36455420149155],[-107.28957360544739,48.36454949462971],[-107.28956652890167,48.36454071208011],[-107.28956039492826,48.36455420149155]]]}]}"
00000000000000001d7b,1832,0,0,0,"{""type"":""Polygon"",""coordinates"":[[[-107.28970983289724,48.364448488125475],[-107.28963130443303,48.36449025450471],[-107.28961908133508,48.3645173047718],[-107.28977832174827,48.36463025523041],[-107.28979128745895,48.36462103992843],[-107.28986981617481,48.364579273309566],[-107.28987615011832,48.364570220811906],[-107.28970983289724,48.364448488125475]]]}"
00000000000000001dae,1833,0,0,0,"{""type"":""Polygon"",""coordinates"":[[[-107.28980092677736,48.36438863260818],[-107.28977519557267,48.3644115000548],[-107.28972259850828,48.36443483593816],[-107.28970983289724,48.364448488125475],[-107.28987615011832,48.364570220811906],[-107.28988262659504,48.364565692526895],[-107.28998743364545,48.364509987844166],[-107.28980092677736,48.36438863260818]]]}"
00000000000000001d78,1834,0,0,0,"{""type"":""Polygon"",""coordinates"":[[[-107.28989865671323,48.36432414572464],[-107.28987183571166,48.36432468565704],[-107.28980092677736,48.36438863260818],[-107.28998743364545,48.364509987844166],[-107.29003998601402,48.364486580320836],[-107.29007120595514,48.3644368411169],[-107.28989865671323,48.36432414572464]]]}"
00000000000000001d76,1835,0,0,0,"{""type"":""Polygon"",""coordinates"":[[[-107.290003360723,48.36426845710978],[-107.28996357417265,48.364278212332806],[-107.28991894377211,48.364328221324485],[-107.28989865671323,48.36432414572464],[-107.29007120595514,48.3644368411169],[-107.2901173265711,48.36441803332948],[-107.29015102432655,48.364421838882535],[-107.29019664241409,48.364394173033446],[-107.290003360723,48.36426845710978]]]}"
00000000000000001d3f,1836,0,0,0,"{""type"":""Polygon"",""coordinates"":[[[-107.29008050073632,48.36419547353445],[-107.29006140145796,48.3642181781499],[-107.29002889166692,48.3642411527583],[-107.290003360723,48.36426845710978],[-107.29019664241409,48.364394173033446],[-107.29022203078692,48.364362344373006],[-107.29024167287155,48.364353037689646],[-107.29026101705678,48.36433484135607],[-107.29027398260645,48.364325626044156],[-107.29028031643018,48.364316573565986],[-107.29008050073632,48.36419547353445]]]}"
00000000000000001d73,1837,0,0,0,"{""type"":""Polygon"",""coordinates"":[[[-107.29017149595128,48.36413116525802],[-107.29015195176498,48.36414492460054],[-107.29008030065248,48.36419103662909],[-107.29008050073632,48.36419547353445],[-107.29028031643018,48.364316573565986],[-107.29030604739638,48.364293706030914],[-107.29033855716548,48.364270731306654],[-107.29035152268307,48.36426151599618],[-107.29036453299206,48.364252372144755],[-107.29037106690461,48.364247756582074],[-107.29017149595128,48.36413116525802]]]}"
00000000000000001d26,1838,0,0,0,"{""type"":""Polygon"",""coordinates"":[[[-107.2902356252173,48.36406732554932],[-107.29022929143463,48.36407637798114],[-107.29020390328684,48.36410820646697],[-107.29018446143392,48.36412194999511],[-107.29017149595128,48.36413116525802],[-107.29037106690461,48.364247756582074],[-107.29040313157151,48.364215836586204],[-107.29044167256835,48.364179388312614],[-107.29046097180289,48.36416112054309],[-107.2902356252173,48.36406732554932]]]}"
00000000000000001d28,1839,0,0,0,"{""type"":""Polygon"",""coordinates"":[[[-107.29029890905373,48.363985666869624],[-107.29024799035346,48.36404479961156],[-107.2902356252173,48.36406732554932],[-107.29046097180289,48.36416112054309],[-107.29046730556198,48.36415206808219],[-107.29050590396987,48.364115532555495],[-107.29052455793759,48.364083882654015],[-107.29029890905373,48.363985666869624]]]}"
00000000000000001d24,1840,1,0,1,"{""type"":""Polygon"",""coordinates"":[[[-107.29039663753245,48.36392118000434],[-107.29037080456298,48.36394406321058],[-107.29029881125697,48.36398121416824],[-107.29029890905373,48.363985666869624],[-107.29052455793759,48.364083882654015],[-107.29053123443046,48.36408379126349],[-107.29055666716758,48.36405203416975],[-107.29057532106505,48.36402038429792],[-107.29060169695217,48.36401089893848],[-107.29039663753245,48.36392118000434]]]}"
00000000000000001d34,1841,0,0,0,"{""type"":""Polygon"",""coordinates"":[[[-107.29048045276444,48.363848105234766],[-107.29045427713359,48.3638620274044],[-107.29039663753245,48.36392118000434],[-107.29060169695217,48.36401089893848],[-107.29060823080687,48.364006283382054],[-107.29064033992094,48.36397443491917],[-107.2906597368241,48.36396061988218],[-107.29067903587325,48.36394235214855],[-107.29048045276444,48.363848105234766]]]}"
00000000000000001d37,1842,0,0,0,"{""type"":""Polygon"",""coordinates"":[[[-107.29057055659904,48.36376590664101],[-107.29054428320842,48.36377537612884],[-107.29051905081809,48.36381156992021],[-107.2904999519366,48.363834274449154],[-107.29048045276444,48.363848105234766],[-107.29067903587325,48.36394235214855],[-107.29069837970334,48.363924155876205],[-107.29075008570449,48.36388292927888],[-107.29057055659904,48.36376590664101]]]}"
00000000000000001d3c,1843,0,0,0,"{""type"":""Polygon"",""coordinates"":[[[-107.29067516087699,48.36370576524868],[-107.29061014254398,48.36375171440602],[-107.29057045876725,48.36376145395916],[-107.29057055659904,48.36376590664101],[-107.29075008570449,48.36388292927888],[-107.29075661952736,48.36387831372426],[-107.29078848347571,48.363841956962354],[-107.29080822756829,48.363832634446766],[-107.29081421391506,48.36381908950827],[-107.29083440314757,48.363818712189705],[-107.29067516087699,48.36370576524868]]]}"
00000000000000001d36,1844,0,0,0,"{""type"":""Polygon"",""coordinates"":[[[-107.29080668355662,48.36364953631428],[-107.2907273116903,48.363673484015564],[-107.29068812614771,48.36369654999677],[-107.29067516087699,48.36370576524868],[-107.29083440314757,48.363818712189705],[-107.29087433201457,48.36381348084194],[-107.2908999645326,48.36378616069579],[-107.29091980646447,48.36378129084965],[-107.29080668355662,48.36364953631428]]]}"
00000000000000001d38,1845,0,0,0,"{""type"":""Polygon"",""coordinates"":[[[-107.29091826187641,48.36359819291002],[-107.29081311501791,48.363644936592294],[-107.29080668355662,48.36364953631428],[-107.29091980646447,48.36378129084965],[-107.29093955051908,48.36377196831866],[-107.29102589721003,48.3637568185101],[-107.29100486680493,48.36373490846356],[-107.29102441062886,48.36372114906267],[-107.29091826187641,48.36359819291002]]]}"
00000000000000001d2d,1846,0,0,0,"{""type"":""Polygon"",""coordinates"":[[[-107.29102266529168,48.36353361449963],[-107.29099689034008,48.36355641042192],[-107.29095764746111,48.36357956373088],[-107.29091826187641,48.36359819291002],[-107.29102441062886,48.36372114906267],[-107.29104380732983,48.363707334018954],[-107.29107062821699,48.36370679376862],[-107.29108403866327,48.36370652364057],[-107.29111644536543,48.363683564740825],[-107.2911366345889,48.363683187359946],[-107.29102266529168,48.36353361449963]]]}"
00000000000000001d2f,1847,0,0,0,"{""type"":""Polygon"",""coordinates"":[[[-107.29116918674139,48.36351276861368],[-107.2911560213701,48.363517547052076],[-107.29102266529168,48.36353361449963],[-107.2911366345889,48.363683187359946],[-107.29121634950847,48.36366820029722],[-107.2912561356136,48.3636584446785],[-107.29116918674139,48.36351276861368]]]}"
00000000000000001d29,1848,0,0,0,"{""type"":""Polygon"",""coordinates"":[[[-107.29130189738765,48.36348331898843],[-107.29122208051712,48.363498321876364],[-107.29116918674139,48.36351276861368],[-107.2912561356136,48.3636584446785],[-107.29127597750735,48.363653574771455],[-107.2913423842841,48.36363884195171],[-107.29137523614519,48.36362482815678],[-107.29130189738765,48.36348331898843]]]}"
00000000000000001d2a,1849,0,0,0,"{""type"":""Polygon"",""coordinates"":[[[-107.2914533057926,48.363422290990464],[-107.29140639817352,48.36342319296452],[-107.29138635614613,48.36342362603995],[-107.29136770312441,48.36345527569248],[-107.2913280726656,48.36346939669582],[-107.29131510754665,48.363478611990935],[-107.29130189738765,48.36348331898843],[-107.29137523614519,48.36362482815678],[-107.29138844635791,48.36362012113533],[-107.29142145365422,48.36361047272196],[-107.29146900708706,48.363622952738964],[-107.29139735763567,48.36366906525561],[-107.29149088365386,48.36366268149955],[-107.2914533057926,48.363422290990464]]]}"
00000000000000001d2e,1850,0,0,0,"{""type"":""Polygon"",""coordinates"":[[[-107.29159309329376,48.363401623226686],[-107.29153989700431,48.36341164912327],[-107.29151317851212,48.3634121736838],[-107.2914533057926,48.363422290990464],[-107.29149088365386,48.36366268149955],[-107.29152438112382,48.363662049663795],[-107.29158994211605,48.36362949780483],[-107.29153531155879,48.36360823560989],[-107.29152155807365,48.36359954483019],[-107.29154837901838,48.363599004446144],[-107.29157509765534,48.36359847987032],[-107.29160236395964,48.36360688462495],[-107.29160924071807,48.36361123000927],[-107.29159309329376,48.363401623226686]]]}"
00000000000000001d3e,1851,0,0,0,"{""type"":""Polygon"",""coordinates"":[[[-107.29172902782543,48.363443551299646],[-107.29168196455667,48.36344008803572],[-107.29170735133819,48.363408259593214],[-107.29172699284531,48.36339895278758],[-107.29172669458002,48.36339006331121],[-107.29162634548788,48.3633964830751],[-107.29159309329376,48.363401623226686],[-107.29160924071807,48.36361123000927],[-107.29162952796929,48.363615305188596],[-107.29165709255882,48.3636325994455],[-107.2916972217571,48.36363180462297],[-107.2917106322652,48.3636315344063],[-107.2917440849862,48.36363083103551],[-107.29172902782543,48.363443551299646]]]}"
00000000000000001d3b,1852,0,0,0,"{""type"":""MultiPolygon"",""coordinates"":[[[[-107.29172669458002,48.36339006331121],[-107.29172699284531,48.36339895278758],[-107.29176657845152,48.36338476018256],[-107.29172669458002,48.36339006331121]]],[[[-107.29185585063797,48.36343209847565],[-107.29182279865955,48.363441675545715],[-107.29179597775087,48.363442216003854],[-107.29176915684941,48.363442756454305],[-107.29172902782543,48.363443551299646],[-107.2917440849862,48.36363083103551],[-107.29179777185362,48.36362982158806],[-107.2918379011087,48.36362902670539],[-107.29187813269523,48.36362821598933],[-107.29186886048225,48.36342295457471],[-107.29185585063797,48.36343209847565]]]]}"
00000000000000001d40,1853,0,0,0,"{""type"":""Polygon"",""coordinates"":[[[-107.29196055133616,48.36337640874475],[-107.29196144220855,48.36339429897186],[-107.29186886048225,48.36342295457471],[-107.29187813269523,48.36362821598933],[-107.29188496471149,48.363632489896744],[-107.29193122709471,48.363618205670235],[-107.29195804816926,48.36361766516837],[-107.2919847669357,48.363617140475185],[-107.29201158802468,48.363616599958014],[-107.29200157127796,48.363393504029055],[-107.29196055133616,48.36337640874475]],[[-107.29191616895663,48.36343092603286],[-107.29188910292069,48.36342695822796],[-107.29188999375663,48.36344484847363],[-107.29191616895663,48.36343092603286]]]}"
00000000000000001d27,1854,0,0,0,"{""type"":""Polygon"",""coordinates"":[[[-107.29200157127796,48.363393504029055],[-107.29201158802468,48.363616599958014],[-107.29201821974057,48.36361643700703],[-107.29205845139022,48.36361562621406],[-107.29214504346838,48.363604983741006],[-107.29213770719993,48.36343986832285],[-107.29205789002025,48.36345487190061],[-107.29202933632749,48.363415234934045],[-107.29209653154903,48.3634184077128],[-107.29210949656408,48.36340919232531],[-107.29212246157434,48.363399976937785],[-107.29213527103973,48.363386396179656],[-107.29200157127796,48.363393504029055]]]}"
00000000000000001d77,1855,0,0,0,"{""type"":""Polygon"",""coordinates"":[[[-107.29223795457773,48.363433463821046],[-107.29221113355715,48.3634340043978],[-107.29215091735975,48.36343516121426],[-107.29213770719993,48.36343986832285],[-107.29214504346838,48.363604983741006],[-107.29218487447098,48.36359529920416],[-107.2922384144227,48.36359423386543],[-107.29228527787228,48.36359326000913],[-107.29231843235596,48.36358366693126],[-107.29223795457773,48.363433463821046]]]}"
00000000000000001d25,1856,0,0,0,"{""type"":""Polygon"",""coordinates"":[[[-107.29230861407973,48.36336500804467],[-107.29229663818367,48.36339656631335],[-107.29225799679041,48.363433030563236],[-107.29223795457773,48.363433463821046],[-107.29231843235596,48.36358366693126],[-107.29236489509904,48.363573819351004],[-107.29244267683951,48.36351421690299],[-107.29230861407973,48.36336500804467]]]}"
00000000000000001d23,1857,0,0,0,"{""type"":""Polygon"",""coordinates"":[[[-107.29244919101419,48.36336224506529],[-107.29242934917508,48.363367115186556],[-107.29239748670818,48.36340347213092],[-107.2923576558779,48.36341315671665],[-107.292381496805,48.36334574625479],[-107.29230861407973,48.36336500804467],[-107.29244267683951,48.36351421690299],[-107.29244910818991,48.36350961708601],[-107.29247592933284,48.36350907643897],[-107.29254901278696,48.3634942512956],[-107.29256840912208,48.36348043601226],[-107.29258795256257,48.36346667636881],[-107.29244919101419,48.36336224506529]]]}"
00000000000000001dad,1858,0,0,0,"{""type"":""Polygon"",""coordinates"":[[[-107.29254058311008,48.36330680928718],[-107.29250881884114,48.3633476188629],[-107.29244919101419,48.36336224506529],[-107.29258795256257,48.36346667636881],[-107.2926270926943,48.36344353827108],[-107.29267914445971,48.36340680351835],[-107.29269210940978,48.3633975880559],[-107.29254058311008,48.36330680928718]]]}"
00000000000000001e8f,1859,0,0,0,"{""type"":""Polygon"",""coordinates"":[[[-107.2925969851441,48.36322080510153],[-107.29255719927893,48.363230561189155],[-107.2925308238929,48.36324004693369],[-107.2925316702489,48.36325786564587],[-107.29253211582711,48.363266810732526],[-107.29254038272045,48.3633023724687],[-107.29269210940978,48.3633975880559],[-107.29273758265586,48.363365397485246],[-107.29278953194323,48.36332867854777],[-107.2925969851441,48.36322080510153]]]}"
00000000000000001d21,1860,0,0,0,"{""type"":""Polygon"",""coordinates"":[[[-107.29271578628357,48.363178297784735],[-107.29268327815296,48.363201272800545],[-107.29266843273226,48.363170255308574],[-107.2926561138791,48.3631928526069],[-107.29262993891832,48.363206775180934],[-107.2926170721182,48.363220443228094],[-107.2925969851441,48.36322080510153],[-107.29278953194323,48.36332867854777],[-107.29279606555603,48.363324062907814],[-107.29280903046292,48.363314847445025],[-107.29283480463796,48.363292051159725],[-107.29286622106386,48.3632467490749],[-107.29271578628357,48.363178297784735]]]}"
00000000000000001e82,1861,0,0,0,"{""type"":""Polygon"",""coordinates"":[[[-107.29292530501515,48.363218724944176],[-107.29295073571188,48.363186967784245],[-107.29296285398162,48.363159933649825],[-107.29296898666777,48.363146444406865],[-107.29273913602827,48.36310187103573],[-107.2927326024545,48.36310648665155],[-107.29271554107088,48.36317378952144],[-107.29271578628357,48.363178297784735],[-107.29286622106386,48.3632467490749],[-107.29287275465721,48.363242133437325],[-107.29288551909323,48.3632284811688],[-107.29298616749018,48.36323094952832],[-107.29292530501515,48.363218724944176]]]}"
00000000000000001d20,1862,0,0,0,"{""type"":""Polygon"",""coordinates"":[[[-107.29280241425346,48.3630202123295],[-107.29280285990131,48.36302915737323],[-107.29277668507464,48.36304307994105],[-107.29278495219705,48.36307864150103],[-107.29275857691438,48.363088127278395],[-107.29273913602827,48.36310187103573],[-107.29296898666777,48.363146444406865],[-107.29299233593,48.36307001765427],[-107.29280241425346,48.3630202123295]]]}"
00000000000000001e87,1863,0,0,0,"{""type"":""Polygon"",""coordinates"":[[[-107.29281185433032,48.36293072998377],[-107.29281205475557,48.36293516676984],[-107.2928325424761,48.362943678429126],[-107.2928462962416,48.3629523689071],[-107.29281957771083,48.36295289382731],[-107.29280681336513,48.362966546014164],[-107.29280775797375,48.362988817236406],[-107.29280241425346,48.3630202123295],[-107.29299233593,48.36307001765427],[-107.29299846858925,48.36305652843289],[-107.29301098767581,48.36303836794762],[-107.2930224638756,48.36299348362982],[-107.29303482727862,48.36297095783148],[-107.29281185433032,48.36293072998377]]]}"
00000000000000001e79,1864,0,0,0,"{""type"":""Polygon"",""coordinates"":[[[-107.29286845567735,48.36284916305301],[-107.29286890134365,48.36285810806725],[-107.29283728486934,48.36289897302955],[-107.29281185433032,48.36293072998377],[-107.29303482727862,48.36297095783148],[-107.29304071465086,48.36295296039058],[-107.2930590228981,48.36291234990659],[-107.29307771930922,48.36288077173997],[-107.29286845567735,48.36284916305301]]]}"
00000000000000001e7c,1865,0,0,0,"{""type"":""Polygon"",""coordinates"":[[[-107.2928712190931,48.36275977254367],[-107.29286513125722,48.36277333313704],[-107.29286587547566,48.36279116750271],[-107.29286632114204,48.36280011250721],[-107.29286731059388,48.36282245511409],[-107.29286845567735,48.36284916305301],[-107.29307771930922,48.36288077173997],[-107.29309592516586,48.36284017712314],[-107.29310720072561,48.36279085619383],[-107.2928712190931,48.36275977254367]]]}"
00000000000000001e76,1866,0,0,0,"{""type"":""Polygon"",""coordinates"":[[[-107.29291445451285,48.36267854768264],[-107.29293004427707,48.36272739919095],[-107.29291060362009,48.362741142884104],[-107.2928911054397,48.36275497384991],[-107.2928776950815,48.362755244223074],[-107.2928712190931,48.36275977254367],[-107.29310720072561,48.36279085619383],[-107.29310630927407,48.36277296619468],[-107.29310536447532,48.362750695070446],[-107.29313099517255,48.3627233749204],[-107.29313643671864,48.36269643257396],[-107.29291445451285,48.36267854768264]]]}"
00000000000000001d1e,1867,0,0,0,"{""type"":""Polygon"",""coordinates"":[[[-107.29291711545115,48.36258917327939],[-107.29291142854248,48.36261160734776],[-107.29291231990229,48.362629497296865],[-107.29291350982786,48.36265627659311],[-107.29291445451285,48.36267854768264],[-107.29313643671864,48.36269643257396],[-107.29314073296366,48.36264278240077],[-107.29315908573524,48.36260224359663],[-107.29291711545115,48.36258917327939]]]}"
00000000000000001e77,1868,0,0,0,"{""type"":""Polygon"",""coordinates"":[[[-107.29316130032446,48.36250392437704],[-107.2931466999146,48.36247741557292],[-107.29289380236959,48.36251815822884],[-107.29290177098507,48.36254483010277],[-107.292942991354,48.36256636147349],[-107.29292364891766,48.362584557698554],[-107.29291711545115,48.36258917327939],[-107.29315908573524,48.36260224359663],[-107.29317095837374,48.36257070153219],[-107.29316130032446,48.36250392437704]]]}"
00000000000000001cd6,1869,0,0,0,"{""type"":""Polygon"",""coordinates"":[[[-107.29311769962472,48.36242883473826],[-107.29311630907351,48.36239761882291],[-107.29285633490133,48.36242957938055],[-107.29287805708296,48.36246494161221],[-107.29289380236959,48.36251815822884],[-107.2931466999146,48.36247741557292],[-107.29311769962472,48.36242883473826]]]}"
00000000000000001cf4,1870,0,0,0,"{""type"":""Polygon"",""coordinates"":[[[-107.29310260019668,48.36238899992705],[-107.29308799987507,48.36236249116898],[-107.2930664204413,48.36233165306442],[-107.29307230766699,48.3623136558413],[-107.29286557412125,48.36233566129617],[-107.29287448735948,48.362384604049694],[-107.29284925767287,48.36242079743947],[-107.29285633490133,48.36242957938055],[-107.29311630907351,48.36239761882291],[-107.29310260019668,48.36238899992705]]]}"
00000000000000001cca,1871,0,0,0,"{""type"":""Polygon"",""coordinates"":[[[-107.29306200364292,48.3622334973573],[-107.29285468197224,48.362242033831734],[-107.29286557412125,48.36233566129617],[-107.29307230766699,48.3623136558413],[-107.29307012801463,48.36226453434605],[-107.29306200364292,48.3622334973573]]]}"
00000000000000001cc6,1872,0,0,0,"{""type"":""Polygon"",""coordinates"":[[[-107.29305468112179,48.36222020728398],[-107.29303740221529,48.36213125124141],[-107.29279093833887,48.3621673935622],[-107.29281167087443,48.36218041329199],[-107.29285448153703,48.36223759710374],[-107.29285468197224,48.362242033831734],[-107.29306200364292,48.3622334973573],[-107.29305468112179,48.36222020728398]]]}"
00000000000000001cd1,1873,0,0,0,"{""type"":""Polygon"",""coordinates"":[[[-107.29298607881876,48.36203399859794],[-107.29274095262238,48.36209697536041],[-107.29275605151484,48.36213681002365],[-107.29279093833887,48.3621673935622],[-107.29303740221529,48.36213125124141],[-107.29303651078123,48.36211336146267],[-107.29303556600121,48.362091090613035],[-107.29298607881876,48.36203399859794]]]}"
00000000000000001cc9,1874,0,0,0,"{""type"":""Polygon"",""coordinates"":[[[-107.29290922782282,48.361964049962225],[-107.29290838124763,48.36194623169168],[-107.29288789401957,48.36193772019545],[-107.29271130718354,48.36203501313567],[-107.2927265531321,48.362074903397016],[-107.29274070740021,48.36209246718895],[-107.29274095262238,48.36209697536041],[-107.29298607881876,48.36203399859794],[-107.29298587836611,48.36202956188798],[-107.29290922782282,48.361964049962225]]]}"
00000000000000001cc7,1875,0,0,0,"{""type"":""Polygon"",""coordinates"":[[[-107.29276393672082,48.361864237476624],[-107.29264821028829,48.36197375461707],[-107.29265518927745,48.361978083978926],[-107.2926891845771,48.36199077772447],[-107.29271130718354,48.36203501313567],[-107.29288789401957,48.36193772019545],[-107.29276393672082,48.361864237476624]]]}"
00000000000000001ccf,1876,0,0,0,"{""type"":""Polygon"",""coordinates"":[[[-107.29284931764123,48.36167499611105],[-107.29281745706027,48.36171135199203],[-107.29279182699725,48.36173867152336],[-107.29276670006784,48.36177484862474],[-107.2927536334232,48.36178407961742],[-107.29272765994142,48.36180243851502],[-107.2926686806466,48.36183044590331],[-107.29262092800089,48.361813530175716],[-107.2925461756084,48.36194007019816],[-107.29255978602568,48.36194423658874],[-107.29258694936368,48.361952656635985],[-107.2926078820754,48.36197011306974],[-107.29264821028829,48.36197375461707],[-107.29276393672082,48.361864237476624],[-107.29275706004152,48.36185989231542],[-107.29274181411957,48.361820002219226],[-107.29276788992242,48.36180162749497],[-107.29281904782337,48.361747004202044],[-107.29284546691957,48.36173759012635],[-107.29284502124474,48.361728645300374],[-107.2928445755699,48.3617197004759],[-107.2928698047128,48.36168350757748],[-107.29284931764123,48.36167499611105]]]}"
00000000000000001cd2,1877,0,0,0,"{""type"":""Polygon"",""coordinates"":[[[-107.29257327773392,48.36179659861173],[-107.29251296165685,48.361797771374185],[-107.29248584326666,48.361789422781456],[-107.29243083354983,48.36190664016556],[-107.29245107536515,48.36191064360227],[-107.29248556084119,48.36193235372675],[-107.2925461756084,48.36194007019816],[-107.29262092800089,48.361813530175716],[-107.29257327773392,48.36179659861173]]]}"
00000000000000001cd0,1878,0,0,0,"{""type"":""Polygon"",""coordinates"":[[[-107.2924516031027,48.36177222085778],[-107.29237015430567,48.361751500427516],[-107.29229564658145,48.36188254827604],[-107.2923364200769,48.36189513481316],[-107.292349584872,48.36189035637318],[-107.29243083354983,48.36190664016556],[-107.29248584326666,48.361789422781456],[-107.2924516031027,48.36177222085778]]]}"
00000000000000001cf5,1879,0,0,0,"{""type"":""Polygon"",""coordinates"":[[[-107.29234986780384,48.36174742552813],[-107.29226243371203,48.36174024949169],[-107.29224872539093,48.36173163056629],[-107.29215344058876,48.36184958702066],[-107.29216011679608,48.36184949552803],[-107.29226848344729,48.36187412815237],[-107.29229564658145,48.36188254827604],[-107.29237015430567,48.361751500427516],[-107.29234986780384,48.36174742552813]]]}"
00000000000000001cf3,1880,0,0,0,"{""type"":""Polygon"",""coordinates"":[[[-107.29215257964977,48.3616799488802],[-107.29214580116353,48.36168005618702],[-107.29202418677943,48.361807569205],[-107.29206516032178,48.36182459254431],[-107.29213295375706,48.36184107536887],[-107.29215344058876,48.36184958702066],[-107.29224872539093,48.36173163056629],[-107.29215257964977,48.3616799488802]]]}"
00000000000000001cf0,1881,1,0,0,"{""type"":""Polygon"",""coordinates"":[[[-107.29212531442492,48.361671544558334],[-107.29205697778639,48.36164166445422],[-107.29202303648046,48.361633351591244],[-107.29192136523156,48.361755978686766],[-107.29194185192152,48.36176449037365],[-107.29198287014069,48.36178158519235],[-107.29202418677943,48.361807569205],[-107.29214580116353,48.36168005618702],[-107.29212531442492,48.361671544558334]]]}"
00000000000000001cd4,1882,0,0,0,"{""type"":""Polygon"",""coordinates"":[[[-107.2920027949559,48.361629348077834],[-107.29197518669382,48.36161198308713],[-107.2919279827641,48.36160399605802],[-107.29190071771231,48.361595591680015],[-107.29179924662414,48.361722655253075],[-107.29180592278315,48.36172256378652],[-107.29188702326366,48.361738792375455],[-107.29192136523156,48.361755978686766],[-107.29202303648046,48.361633351591244],[-107.2920027949559,48.361629348077834]]]}"
00000000000000001cf1,1883,0,0,0,"{""type"":""Polygon"",""coordinates"":[[[-107.29186672332877,48.36158289772649],[-107.2917986855642,48.36156190664237],[-107.29177799873794,48.36154895827687],[-107.29168973701168,48.36167131474002],[-107.29170977815465,48.361670881637984],[-107.291723633354,48.361679556275874],[-107.29176450417633,48.36169659552821],[-107.29177835940588,48.36170527016162],[-107.29179216984672,48.361713873339255],[-107.29179924662414,48.361722655253075],[-107.29190071771231,48.361595591680015],[-107.29186672332877,48.36158289772649]]]}"
00000000000000001ced,1884,0,0,0,"{""type"":""Polygon"",""coordinates"":[[[-107.2917366826541,48.36152297427044],[-107.29166241444523,48.36151101936694],[-107.29156741891522,48.361633554360594],[-107.29160819156833,48.36164614116922],[-107.29163555448226,48.3616589981421],[-107.29168973701168,48.36167131474002],[-107.29177799873794,48.36154895827687],[-107.2917366826541,48.36152297427044]]]}"
00000000000000001cee,1885,0,0,0,"{""type"":""Polygon"",""coordinates"":[[[-107.29164212830965,48.36150694432725],[-107.29156681402634,48.36147273453809],[-107.29155973736381,48.36146395264543],[-107.29144421056596,48.36157790420862],[-107.2914509889826,48.36157779695327],[-107.29152620095596,48.361612022715796],[-107.29155376407357,48.36162931638932],[-107.29156741891522,48.361633554360594],[-107.29166241444523,48.36151101936694],[-107.29164212830965,48.36150694432725]]]}"
00000000000000001ceb,1886,0,0,0,"{""type"":""Polygon"",""coordinates"":[[[-107.29152549826686,48.361446750469824],[-107.29143677463776,48.36141281076752],[-107.2913417340901,48.36153527386284],[-107.29136226519421,48.36154385710272],[-107.29142352393664,48.36156495575793],[-107.29144421056596,48.36157790420862],[-107.29155973736381,48.36146395264543],[-107.29152549826686,48.361446750469824]]]}"
00000000000000001cdd,1887,0,0,0,"{""type"":""Polygon"",""coordinates"":[[[-107.29140965708687,48.361404461910155],[-107.29132875821685,48.36139266965083],[-107.29130149363293,48.3613842651243],[-107.29128120768634,48.361380190013335],[-107.291233472447,48.361510624466945],[-107.29126716812588,48.36151442947358],[-107.29132149284494,48.3615312702062],[-107.2913417340901,48.36153527386284],[-107.29143677463776,48.36141281076752],[-107.29140965708687,48.361404461910155]]]}"
00000000000000001ce8,1888,0,0,0,"{""type"":""MultiPolygon"",""coordinates"":[[[[-107.29110818853472,48.361557815294695],[-107.29110413475689,48.36161597248909],[-107.29115628232213,48.36158369237183],[-107.29110818853472,48.361557815294695]]],[[[-107.29118056631944,48.36137771977571],[-107.29113346119414,48.3613741848481],[-107.291119666151,48.361512932415685],[-107.29115311674921,48.36151222933239],[-107.291233472447,48.361510624466945],[-107.29128120768634,48.361380190013335],[-107.29118056631944,48.36137771977571]]]]}"
00000000000000001cde,1889,0,0,0,"{""type"":""Polygon"",""coordinates"":[[[-107.29107304881013,48.361370904177356],[-107.29096587437768,48.361373049054805],[-107.2909594433471,48.36137764857993],[-107.2910974586675,48.361616063904954],[-107.29110413475689,48.36161597248909],[-107.29110818853472,48.361557815294695],[-107.29105306312087,48.361523227715345],[-107.291052720193,48.3615142670914],[-107.2910994781142,48.36151330974755],[-107.291119666151,48.361512932415685],[-107.29113346119414,48.3613741848481],[-107.29107304881013,48.361370904177356]]]}"
00000000000000001ce0,1890,0,0,0,"{""type"":""MultiPolygon"",""coordinates"":[[[[-107.29106118553628,48.3615542645097],[-107.29105648623074,48.361599040191656],[-107.29104995285384,48.361603655557886],[-107.29109117030951,48.36162518741636],[-107.29109770368835,48.361620572045396],[-107.2910974586675,48.361616063904954],[-107.29106118553628,48.3615542645097]]],[[[-107.2909594433471,48.36137764857993],[-107.2908616244979,48.36143768026219],[-107.29083480531352,48.361438220388024],[-107.29080818632785,48.3614431971781],[-107.29097385130099,48.361551539771796],[-107.29100047039273,48.36154656292302],[-107.29101486840705,48.36156863496355],[-107.29106098531477,48.36154982782983],[-107.2909594433471,48.36137764857993]]]]}"
00000000000000001cdb,1891,0,0,0,"{""type"":""MultiPolygon"",""coordinates"":[[[[-107.29104995285384,48.361603655557886],[-107.29101690264093,48.36161323197732],[-107.29099760501474,48.361631498944064],[-107.29102482481832,48.36163983214014],[-107.29104491059896,48.36163947063632],[-107.29107128474897,48.36162998561594],[-107.29108469444327,48.3616297155174],[-107.29109117030951,48.36162518741636],[-107.29104995285384,48.361603655557886]]],[[[-107.29080818632785,48.3614431971781],[-107.29076840273828,48.36145295214193],[-107.29074262928003,48.36147574706786],[-107.29070992206233,48.361494283977194],[-107.2906910695664,48.361521495654976],[-107.29090898427422,48.36159754280754],[-107.29092056001883,48.3615571124082],[-107.29097385130099,48.361551539771796],[-107.29080818632785,48.3614431971781]]]]}"
00000000000000001cda,1892,0,0,0,"{""type"":""GeometryCollection"",""geometries"":[{""type"":""LineString"",""coordinates"":[[-107.29101809917879,48.361640005865894],[-107.29102479513787,48.3616398724477]]},{""type"":""Polygon"",""coordinates"":[[[-107.29099760501474,48.361631498944064],[-107.29098459575536,48.36164064240475],[-107.29093872373137,48.36166395768187],[-107.29095985534316,48.36168585110458],[-107.29098558409437,48.36166298457291],[-107.29099854856689,48.361653769652705],[-107.29100512675107,48.36164922574064],[-107.2910180912164,48.36164001082037],[-107.29099760501474,48.361631498944064]]]},{""type"":""Polygon"",""coordinates"":[[[-107.2906910695664,48.361521495654976],[-107.29067261739311,48.361557580707554],[-107.2906551085279,48.36161593648343],[-107.29085896853982,48.36167887238039],[-107.29087123454977,48.36165189489993],[-107.29088375383645,48.36163373516555],[-107.29089642021553,48.36161563107694],[-107.29090898427422,48.36159754280754],[-107.2906910695664,48.361521495654976]]]}]}"
00000000000000001cd8,1893,0,0,0,"{""type"":""Polygon"",""coordinates"":[[[-107.29085515933991,48.36174153785896],[-107.29086134545283,48.36173243015588],[-107.29085308051806,48.361696869273636],[-107.29085896853982,48.36167887238039],[-107.2906551085279,48.36161593648343],[-107.29064902026296,48.361629496656114],[-107.29061008195494,48.36165706980907],[-107.29059741546031,48.361675173876954],[-107.29058485126313,48.361693262135496],[-107.2905852963824,48.361702206980084],[-107.29088979852699,48.36176761377318],[-107.29089622963379,48.361763014217104],[-107.29090236264707,48.36174952545148],[-107.29085515933991,48.36174153785896]]]}"
00000000000000001cea,1894,0,0,0,"{""type"":""Polygon"",""coordinates"":[[[-107.2905852963824,48.361702206980084],[-107.29057262986149,48.36172031106071],[-107.2905401673435,48.3617433561577],[-107.29056817490455,48.3617695950298],[-107.29056288721931,48.36180090204744],[-107.29081226457008,48.36183172109922],[-107.29081201958591,48.36182721293923],[-107.29086436774735,48.3617993695437],[-107.29087683400047,48.36177682869976],[-107.29088979852699,48.36176761377318],[-107.2905852963824,48.361702206980084]]]}"
00000000000000001cd9,1895,0,0,0,"{""type"":""Polygon"",""coordinates"":[[[-107.29080088879259,48.361876588407625],[-107.29081226457008,48.36183172109922],[-107.29056288721931,48.36180090204744],[-107.2905707515424,48.36182758961995],[-107.290547056169,48.36189505339256],[-107.29082290631933,48.361920840043354],[-107.29082879440045,48.36190284307479],[-107.29080088879259,48.361876588407625]]]}"
00000000000000001cf2,1896,0,0,0,"{""type"":""Polygon"",""coordinates"":[[[-107.29082290631933,48.361920840043354],[-107.290547056169,48.36189505339256],[-107.2905357779224,48.36194437326018],[-107.29051638213096,48.36195818772112],[-107.29052420164393,48.36198480392061],[-107.29077986856528,48.36200649959095],[-107.29079104423565,48.36195719545834],[-107.29081118765325,48.36195674672785],[-107.29081721842111,48.36194327373141],[-107.2908371616451,48.361938388282134],[-107.29082290631933,48.361920840043354]]]}"
00000000000000001cd7,1897,0,0,0,"{""type"":""Polygon"",""coordinates"":[[[-107.29078031372852,48.36201544448611],[-107.29077986856528,48.36200649959095],[-107.29052420164393,48.36198480392061],[-107.29053172316874,48.36200253087718],[-107.29053474482946,48.362069470630836],[-107.29052821133676,48.36207408600529],[-107.29078387888165,48.36209578168552],[-107.29077516882161,48.36205127565038],[-107.29080787655005,48.362032738512056],[-107.29078031372852,48.36201544448611]]]}"
00000000000000001cd5,1898,0,0,0,"{""type"":""Polygon"",""coordinates"":[[[-107.29052821133676,48.36207408600529],[-107.2904967492196,48.36211931489508],[-107.29048412729905,48.36213749056695],[-107.29047176302834,48.362160015706685],[-107.29077443454702,48.36218526253744],[-107.2907852674495,48.362126997507985],[-107.29078387888165,48.36209578168552],[-107.29052821133676,48.36207408600529]]]}"
00000000000000001ccc,1899,0,0,0,"{""type"":""GeometryCollection"",""geometries"":[{""type"":""LineString"",""coordinates"":[[-107.29047176062745,48.36216003720647],[-107.29046506459761,48.36216017059356]]},{""type"":""Polygon"",""coordinates"":[[[-107.29047176302834,48.362160015706685],[-107.29051941167162,48.3621769484694],[-107.2905145114342,48.36221728792965],[-107.2905230785396,48.36225727012288],[-107.29074494887551,48.362275176453565],[-107.29075073919498,48.362252726812706],[-107.29077691360366,48.362238805013845],[-107.29076899154214,48.36221220452856],[-107.29077443454702,48.36218526253744],[-107.29047176302834,48.362160015706685]]]}]}"
00000000000000001cc8,1900,0,0,0,"{""type"":""Polygon"",""coordinates"":[[[-107.2905230785396,48.36225727012288],[-107.29049764717124,48.36228902610316],[-107.2904724607028,48.362325290300404],[-107.29048661363227,48.36234285454081],[-107.29074228287016,48.36236455039825],[-107.29073476117152,48.362346823342094],[-107.29074494887551,48.362275176453565],[-107.2905230785396,48.36225727012288]]]}"
00000000000000001ccb,1901,0,0,0,"{""type"":""Polygon"",""coordinates"":[[[-107.29048661363227,48.36234285454081],[-107.29050121166657,48.3623693637423],[-107.29047053709111,48.362432498631996],[-107.29072620688612,48.36245419455459],[-107.29072461821039,48.36241854178374],[-107.29074228287016,48.36236455039825],[-107.29048661363227,48.36234285454081]]]}"
00000000000000001d41,1902,0,0,0,"{""type"":""Polygon"",""coordinates"":[[[-107.29047053709111,48.362432498631996],[-107.29044575077238,48.362477636442975],[-107.29048598051516,48.362476826373985],[-107.29048652343408,48.36249022392675],[-107.29044738396662,48.36251336072174],[-107.29044758410677,48.36251779748521],[-107.29071700720651,48.36254818423207],[-107.29072620688612,48.36245419455459],[-107.29047053709111,48.362432498631996]]]}"
00000000000000001d1f,1903,0,0,0,"{""type"":""Polygon"",""coordinates"":[[[-107.29044758410677,48.36251779748521],[-107.2904478290416,48.3625223057058],[-107.29043699547074,48.36258057114653],[-107.29043818357923,48.36260735049486],[-107.29068064462454,48.36263375337606],[-107.29068534462337,48.362588976825194],[-107.29071785269282,48.36256600275086],[-107.29071700720651,48.36254818423207],[-107.29044758410677,48.36251779748521]]]}"
00000000000000001d2b,1904,0,0,0,"{""type"":""Polygon"",""coordinates"":[[[-107.29043818357923,48.36260735049486],[-107.2904383837176,48.36261178726622],[-107.29042864036529,48.36269237960602],[-107.2904154305143,48.36269708640438],[-107.29066476848429,48.362727834763106],[-107.29067110192744,48.36271878254033],[-107.29068064462454,48.36263375337606],[-107.29043818357923,48.36260735049486]]]}"
00000000000000001d2c,1905,0,0,0,"{""type"":""Polygon"",""coordinates"":[[[-107.2904154305143,48.36269708640438],[-107.2903823793681,48.3627066628258],[-107.29036342368164,48.36273389089517],[-107.2903642689899,48.3627517094837],[-107.29035160198141,48.362769813904215],[-107.29035184690282,48.362774322146734],[-107.29061524048008,48.36281818247877],[-107.29062157394948,48.362809130243235],[-107.29064547012429,48.362746102059944],[-107.29066476848429,48.362727834763106],[-107.2904154305143,48.36269708640438]]]}"
00000000000000001d22,1906,0,0,0,"{""type"":""Polygon"",""coordinates"":[[[-107.29035184690282,48.362774322146734],[-107.29035204702954,48.362778758932464],[-107.29031953866601,48.362801732982255],[-107.29029895436153,48.36278876817744],[-107.29028554435905,48.36278903818002],[-107.290266846207,48.362820615793126],[-107.29053973746323,48.36292688905468],[-107.29055859085837,48.36289967666588],[-107.29059065414674,48.3628677574501],[-107.29061524048008,48.36281818247877],[-107.29035184690282,48.362774322146734]]]}"
00000000000000001d35,1907,0,0,0,"{""type"":""Polygon"",""coordinates"":[[[-107.2902363134552,48.362888275229345],[-107.2904501339181,48.363022412499504],[-107.29048907381271,48.362994838664434],[-107.29052707044704,48.36294499355806],[-107.29053973746323,48.36292688905468],[-107.290266846207,48.362820615793126],[-107.2902412141435,48.36284793526374],[-107.29025625714743,48.3628833898021],[-107.2902363134552,48.362888275229345]],[[-107.29025625714743,48.3628833898021],[-107.29026333363498,48.362892172029184],[-107.29026976498382,48.3628875724118],[-107.29025625714743,48.3628833898021]]]}"
00000000000000001d33,1908,0,0,0,"{""type"":""GeometryCollection"",""geometries"":[{""type"":""LineString"",""coordinates"":[[-107.29026392759313,48.362905566187514],[-107.2902363424923,48.362888250841834],[-107.29022964636593,48.36288838421669]]},{""type"":""Polygon"",""coordinates"":[[[-107.29026387646283,48.36290556968996],[-107.29021078363816,48.362915578914006],[-107.2901646201729,48.362934314709115],[-107.29017867531856,48.36294742658024],[-107.29018515147659,48.36294289842085],[-107.29022473648881,48.36292870658751],[-107.29020563799973,48.36295141067176],[-107.29018579658677,48.36295628028143],[-107.29029179332184,48.363079180242806],[-107.29031173712428,48.36307429478374],[-107.29035112216452,48.363055666050165],[-107.29042420382785,48.36304084269429],[-107.2904501339181,48.363022412499504],[-107.29026387646283,48.36290556968996]]]}]}"
00000000000000001d39,1909,0,0,0,"{""type"":""Polygon"",""coordinates"":[[[-107.29015873159805,48.362952311997965],[-107.29017867531856,48.36294742658024],[-107.2901646201729,48.362934314709115],[-107.29010563873898,48.36296232117359],[-107.290078818665,48.36296286112644],[-107.29006560872125,48.36296756790298],[-107.29014686261775,48.363135677805374],[-107.29017323783651,48.36312619273798],[-107.29024557663969,48.363093534970204],[-107.29029179332184,48.363079180242806],[-107.29018579658677,48.36295628028143],[-107.29015274522806,48.36296585667585],[-107.29015873159805,48.362952311997965]],[[-107.29015274522806,48.36296585667585],[-107.29013280149972,48.36297074209009],[-107.29014661174693,48.36297934571349],[-107.29015274522806,48.36296585667585]]]}"
00000000000000001d3d,1910,0,0,0,"{""type"":""Polygon"",""coordinates"":[[[-107.29006560872125,48.36296756790298],[-107.29003943371072,48.36298148971378],[-107.29000598217864,48.36298219245246],[-107.28998020731194,48.36300498786397],[-107.2899531871661,48.3630010909754],[-107.29000727766007,48.36316078011925],[-107.29010060108696,48.3631499610219],[-107.29014686261775,48.363135677805374],[-107.29006560872125,48.36296756790298]]]}"
00000000000000001d31,1911,0,0,0,"{""type"":""Polygon"",""coordinates"":[[[-107.2899531871661,48.3630010909754],[-107.28993310088045,48.363001452273075],[-107.28990672576273,48.36301093724978],[-107.28987228664148,48.36298929717842],[-107.28987837541186,48.362975736695994],[-107.28984447902106,48.36296749430995],[-107.28985234292556,48.3629941825363],[-107.28982592302259,48.36300359603161],[-107.28985333984576,48.3631638808084],[-107.28995393967587,48.36316628097845],[-107.29000727766007,48.36316078011925],[-107.2899531871661,48.3630010909754]]]}"
00000000000000001d3a,1912,0,0,0,"{""type"":""Polygon"",""coordinates"":[[[-107.28982592302259,48.36300359603161],[-107.28979287165997,48.363013172310865],[-107.28978010660765,48.36302682412904],[-107.2897062250537,48.36302389974189],[-107.2896925788956,48.36316701692625],[-107.28972627532528,48.36317082257249],[-107.28982647490362,48.363164349236826],[-107.28985333984576,48.3631638808084],[-107.28982592302259,48.36300359603161]]]}"
00000000000000001d32,1913,0,0,0,"{""type"":""Polygon"",""coordinates"":[[[-107.28963096876141,48.36298960017796],[-107.2895772311317,48.36298622718485],[-107.28955783816507,48.36315186567898],[-107.28962523088806,48.3631594770557],[-107.28966600362452,48.36317206504681],[-107.2896858451092,48.363167195522934],[-107.2896925788956,48.36316701692625],[-107.2897062250537,48.36302389974189],[-107.28963096876141,48.36298960017796]]]}"
00000000000000001d85,1914,0,0,0,"{""type"":""Polygon"",""coordinates"":[[[-107.2895636211309,48.36298206027978],[-107.2895027625013,48.36296983348768],[-107.28952230612342,48.36295607459498],[-107.28950845133218,48.36294739942149],[-107.28948247630943,48.36296575788192],[-107.28946951118725,48.362974972840995],[-107.2894688663409,48.36296159096422],[-107.28940890043056,48.363119078112014],[-107.28943606293365,48.363127499256755],[-107.28949004548163,48.36313538061309],[-107.28955783816507,48.36315186567898],[-107.2895772311317,48.36298622718485],[-107.2895636211309,48.36298206027978]]]}"
00000000000000001d30,1915,0,0,0,"{""type"":""Polygon"",""coordinates"":[[[-107.28944105910143,48.3629397879807],[-107.28944224646285,48.362966567540866],[-107.28942893882929,48.362966821610016],[-107.28940127411276,48.36294954268806],[-107.28937455655964,48.36295006662562],[-107.28934753669893,48.36294616956356],[-107.28927381794648,48.363094965554666],[-107.289300980361,48.363103386736036],[-107.28938841418322,48.36311056565746],[-107.28940890043056,48.363119078112014],[-107.2894688663409,48.36296159096422],[-107.28946832380615,48.36294819327744],[-107.28944105910143,48.3629397879807]]]}"
00000000000000001d44,1916,0,0,0,"{""type"":""Polygon"",""coordinates"":[[[-107.28926619225096,48.36292543018097],[-107.28925203989755,48.36290786555413],[-107.28923863000057,48.362908135408546],[-107.2891318021333,48.3630665945485],[-107.28919227330537,48.36306978924067],[-107.28920602570486,48.363078480294824],[-107.28927381794648,48.363094965554666],[-107.28934753669893,48.36294616956356],[-107.28926619225096,48.36292543018097]]]}"
00000000000000001d4f,1917,0,0,0,"{""type"":""Polygon"",""coordinates"":[[[-107.2892252201054,48.36290840526106],[-107.28917757183405,48.36289147161471],[-107.2891505520953,48.36288757449846],[-107.28914452064542,48.36290104764641],[-107.28913724453133,48.362887828525075],[-107.28912358988968,48.36288359010362],[-107.28897653201828,48.36304285851182],[-107.28898371044028,48.3630516250561],[-107.2891318021333,48.3630665945485],[-107.28923863000057,48.362908135408546],[-107.2892252201054,48.36290840526106]]]}"
00000000000000001d45,1918,0,0,0,"{""type"":""Polygon"",""coordinates"":[[[-107.28903531225203,48.362858592292085],[-107.28901428394268,48.362836682126236],[-107.28886663888318,48.36298248106639],[-107.28891453170183,48.363003923170915],[-107.2889621350612,48.363020785528256],[-107.28897653201828,48.36304285851182],[-107.28912358988968,48.36288359010362],[-107.28903531225203,48.362858592292085]]]}"
00000000000000001d4c,1919,0,0,0,"{""type"":""Polygon"",""coordinates"":[[[-107.28899988702447,48.36281460923278],[-107.28897974352428,48.36281505759292],[-107.28895827057762,48.36278420238529],[-107.2889513944758,48.36277985686207],[-107.28876237793435,48.36289975681035],[-107.28881794638927,48.36294329171134],[-107.28883941926416,48.36297414704428],[-107.28886663888318,48.36298248106639],[-107.28901428394268,48.362836682126236],[-107.28899988702447,48.36281460923278]]]}"
00000000000000001d43,1920,0,0,0,"{""type"":""Polygon"",""coordinates"":[[[-107.28886886401325,48.36273233771181],[-107.2888546096642,48.36271478889476],[-107.28867866083064,48.36282545786044],[-107.28871334337346,48.36285160658425],[-107.2887340291042,48.362864555953884],[-107.28874862576862,48.362891065715935],[-107.28876237793435,48.36289975681035],[-107.2889513944758,48.36277985686207],[-107.28886886401325,48.36273233771181]]]}"
00000000000000001d47,1921,0,0,0,"{""type"":""Polygon"",""coordinates"":[[[-107.28884753365051,48.36270600658117],[-107.2887650035709,48.36265848739787],[-107.28858821049117,48.36275133744562],[-107.28860903849154,48.36276881088533],[-107.28863016874304,48.362790705308875],[-107.28867866083064,48.36282545786044],[-107.2888546096642,48.36271478889476],[-107.28884753365051,48.36270600658117]]]}"
00000000000000001d49,1922,0,0,0,"{""type"":""Polygon"",""coordinates"":[[[-107.28875802521796,48.362654157682066],[-107.28873679730967,48.36262781074935],[-107.28870943560301,48.36261495268667],[-107.28868142935909,48.36258871282306],[-107.28849796049043,48.362681653824936],[-107.28853971862682,48.36271658489111],[-107.28856084879453,48.36273847931056],[-107.28858821049117,48.36275133744562],[-107.2887650035709,48.36265848739787],[-107.28875802521796,48.362654157682066]]]}"
00000000000000001d46,1923,0,0,0,"{""type"":""Polygon"",""coordinates"":[[[-107.2886467918681,48.36256263566791],[-107.28858484568899,48.36252808156013],[-107.28841438698147,48.36261187896974],[-107.28842853870793,48.362629443638234],[-107.28844239296909,48.36263811892908],[-107.28849796049043,48.362681653824936],[-107.28868142935909,48.36258871282306],[-107.2886467918681,48.36256263566791]]]}"
00000000000000001d1c,1924,0,0,0,"{""type"":""Polygon"",""coordinates"":[[[-107.288578014494,48.362523807485886],[-107.28855589760099,48.36247957057256],[-107.28854214566083,48.36247087951142],[-107.2885143843807,48.36244914788864],[-107.2883178487679,48.36255131885307],[-107.28833145828709,48.36255548591308],[-107.28834521017497,48.36256417701949],[-107.28837297138287,48.36258590873991],[-107.28840043516001,48.362598751085365],[-107.28841438698147,48.36261187896974],[-107.28858484568899,48.36252808156013],[-107.288578014494,48.362523807485886]]]}"
00000000000000001d5c,1925,0,0,0,"{""type"":""Polygon"",""coordinates"":[[[-107.2885003302541,48.362436035870914],[-107.28847272414588,48.36241866955642],[-107.28847198206427,48.36240083522732],[-107.28844377631121,48.36237015862828],[-107.28824744097165,48.36247676605807],[-107.28827500215625,48.36249406100174],[-107.28829004284366,48.36252951567107],[-107.2883178487679,48.36255131885307],[-107.2885143843807,48.36244914788864],[-107.2885003302541,48.362436035870914]]]}"
00000000000000001d5d,1926,0,0,0,"{""type"":""Polygon"",""coordinates"":[[[-107.28840117430745,48.362317409244575],[-107.28840038746837,48.362299503490455],[-107.28839998768372,48.36229062997917],[-107.28816332652049,48.36239359365832],[-107.28817738046078,48.362406705719614],[-107.28817812239816,48.36242454005661],[-107.28824744097165,48.36247676605807],[-107.28844377631121,48.36237015862828],[-107.28840117430745,48.362317409244575]]]}"
00000000000000001d5e,1927,0,0,0,"{""type"":""Polygon"",""coordinates"":[[[-107.28835843006941,48.36226013586825],[-107.2883367581765,48.36222484406912],[-107.28808604356882,48.36231469539966],[-107.28809989758714,48.362323370694774],[-107.28812092488285,48.36234528087528],[-107.28816332652049,48.36239359365832],[-107.28839998768372,48.36229062997917],[-107.28839974300192,48.36228612176656],[-107.28835843006941,48.36226013586825]]]}"
00000000000000001d5f,1928,0,0,0,"{""type"":""Polygon"",""coordinates"":[[[-107.28832958009887,48.362216077603826],[-107.28828742301393,48.3621722732613],[-107.28826615100245,48.36214585498815],[-107.28801558407132,48.362235761632704],[-107.28803701094976,48.36226654530805],[-107.28808604356882,48.36231469539966],[-107.2883367581765,48.36222484406912],[-107.28832958009887,48.362216077603826]]]}"
00000000000000001d15,1929,0,0,0,"{""type"":""Polygon"",""coordinates"":[[[-107.28823032783741,48.36209299870787],[-107.28820232243763,48.36206675894035],[-107.2879451776528,48.362161209022936],[-107.287994010134,48.36220492232327],[-107.28801558407132,48.362235761632704],[-107.28826615100245,48.36214585498815],[-107.28823032783741,48.36209299870787]]]}"
00000000000000001d1a,1930,0,0,0,"{""type"":""Polygon"",""coordinates"":[[[-107.28818846846922,48.36205808370053],[-107.28814536998009,48.361992008484215],[-107.28813849417294,48.36198766295999],[-107.28788134997717,48.36208211271662],[-107.28789550119112,48.36209967730193],[-107.28788916738772,48.362108729245705],[-107.2879451776528,48.362161209022936],[-107.28820232243763,48.36206675894035],[-107.28818846846922,48.36205808370053]]]}"
00000000000000001d12,1931,0,0,0,"{""type"":""Polygon"",""coordinates"":[[[-107.28811712008715,48.36196126055104],[-107.28811617830576,48.36193898964069],[-107.28807451911233,48.36190851140133],[-107.28781094419335,48.36200756020745],[-107.287818264375,48.36202085068653],[-107.28787402975796,48.362068822228025],[-107.28788134997717,48.36208211271662],[-107.28813849417294,48.36198766295999],[-107.28811712008715,48.36196126055104]]]}"
00000000000000001d19,1932,0,0,0,"{""type"":""Polygon"",""coordinates"":[[[-107.28801841138704,48.361851579414186],[-107.28800426017811,48.36183401492866],[-107.2879899618885,48.36181639480068],[-107.28774765905568,48.36194186148006],[-107.28774785887094,48.36194629820978],[-107.28779654845476,48.36198548744737],[-107.28781094419335,48.36200756020745],[-107.28807451911233,48.36190851140133],[-107.28801841138704,48.361851579414186]]]}"
00000000000000001d5a,1933,0,0,0,"{""type"":""Polygon"",""coordinates"":[[[-107.28798313092987,48.36181212073525],[-107.28795577028629,48.361799262627905],[-107.28796210401754,48.361790210734156],[-107.28791475574208,48.36178216599153],[-107.28788675087583,48.36175592627162],[-107.28767735618973,48.36186729324272],[-107.2876911075858,48.36187598434292],[-107.28772554363249,48.36189762482163],[-107.28774741445284,48.36193735329329],[-107.28774765905568,48.36194186148006],[-107.2879899618885,48.36181639480068],[-107.28798313092987,48.36181212073525]]]}"
00000000000000001d1b,1934,0,0,0,"{""type"":""Polygon"",""coordinates"":[[[-107.28787967532696,48.36174714403305],[-107.28783098589717,48.36170795500902],[-107.28779021617359,48.36169536650896],[-107.28758037740437,48.36179778824081],[-107.28758077699617,48.36180666167829],[-107.28760838198703,48.361824028077805],[-107.28762208855427,48.361832647724526],[-107.28764969359524,48.36185001411938],[-107.28767735618973,48.36186729324272],[-107.28788675087583,48.36175592627162],[-107.28787967532696,48.36174714403305]]]}"
00000000000000001d11,1935,0,0,0,"{""type"":""Polygon"",""coordinates"":[[[-107.28774237100234,48.3616739957554],[-107.28772129957122,48.361652014294584],[-107.28769373939961,48.361634719439806],[-107.28769353958877,48.36163028273582],[-107.28749700808035,48.36173245034697],[-107.28750408350605,48.361741232614406],[-107.28753862156198,48.36176285730208],[-107.28757993302557,48.361788843347476],[-107.28758037740437,48.36179778824081],[-107.28779021617359,48.36169536650896],[-107.28774237100234,48.3616739957554]]]}"
00000000000000001de3,1936,0,0,0,"{""type"":""Polygon"",""coordinates"":[[[-107.28765801519707,48.361586315927305],[-107.28765049534957,48.361568588841806],[-107.28741191138042,48.36162693609898],[-107.28741200885048,48.36163138861481],[-107.28741245319,48.36164033348346],[-107.28742660396114,48.36165789800337],[-107.28744797723878,48.36168430043603],[-107.28749700808035,48.36173245034697],[-107.28769353958877,48.36163028273582],[-107.28765801519707,48.361586315927305]]]}"
00000000000000001d75,1937,0,0,0,"{""type"":""Polygon"",""coordinates"":[[[-107.2876349585684,48.361519808789055],[-107.28737950553227,48.361502541287045],[-107.2873741578857,48.3615339353018],[-107.28741191138042,48.36162693609898],[-107.28765049534957,48.361568588841806],[-107.2876349585684,48.361519808789055]]]}"
00000000000000001d10,1938,0,0,0,"{""type"":""Polygon"",""coordinates"":[[[-107.28741488685469,48.361394632928196],[-107.28738282337106,48.36142655020668],[-107.28737950553227,48.361502541287045],[-107.2876349585684,48.361519808789055],[-107.28762743874407,48.36150208172331],[-107.28769255188968,48.36146058909289],[-107.28741488685469,48.361394632928196]]]}"
00000000000000001d0c,1939,0,0,0,"{""type"":""Polygon"",""coordinates"":[[[-107.28754457094247,48.3612982508199],[-107.28746629353614,48.36134452093347],[-107.28741488685469,48.361394632928196],[-107.28769255188968,48.36146058909289],[-107.287699085413,48.36145597396361],[-107.28773114876549,48.36142405656529],[-107.28754457094247,48.3612982508199]]]}"
00000000000000001d0f,1940,0,0,0,"{""type"":""Polygon"",""coordinates"":[[[-107.28764080542946,48.36120257055396],[-107.28760775595866,48.36121214571],[-107.28759553298639,48.36123919405208],[-107.28758256831524,48.36124840844649],[-107.28755758042269,48.361289107878086],[-107.28754457094247,48.3612982508199],[-107.28773114876549,48.36142405656529],[-107.28775004754107,48.361396916936854],[-107.28780991547798,48.361386802443235],[-107.28764080542946,48.36120257055396]]]}"
00000000000000001d08,1941,0,0,0,"{""type"":""Polygon"",""coordinates"":[[[-107.28781491864159,48.361199097207994],[-107.28780828765053,48.36119925984317],[-107.28779487857727,48.361199529466596],[-107.28769359760788,48.36118367401123],[-107.28764080542946,48.36120257055396],[-107.28780991547798,48.361386802443235],[-107.28782985812377,48.361381917683744],[-107.28786899681711,48.36135878246585],[-107.28790229107659,48.36135371532549],[-107.28781491864159,48.361199097207994]]]}"
00000000000000001d14,1942,0,0,0,"{""type"":""Polygon"",""coordinates"":[[[-107.28792639213194,48.36114330735062],[-107.28788680922807,48.36115749770816],[-107.28784109251264,48.36118517649775],[-107.28782159442004,48.36119900602877],[-107.28781491864159,48.361199097207994],[-107.28790229107659,48.36135371532549],[-107.28791570022095,48.36135344568449],[-107.28794816305464,48.36133040163477],[-107.28799462181492,48.361320556684866],[-107.28802104040176,48.36131114402379],[-107.28792639213194,48.36114330735062]]]}"
00000000000000001d17,1943,0,0,0,"{""type"":""Polygon"",""coordinates"":[[[-107.28805231380926,48.36111397079592],[-107.2879851708977,48.361110866592256],[-107.28795944157457,48.36113373209809],[-107.28792639213194,48.36114330735062],[-107.28802104040176,48.36131114402379],[-107.28806804121332,48.36131469633498],[-107.28813988716804,48.36127302509523],[-107.28814666528919,48.36127291808104],[-107.28805231380926,48.36111397079592]]]}"
00000000000000001d13,1944,0,0,0,"{""type"":""Polygon"",""coordinates"":[[[-107.28819931171803,48.3611021469373],[-107.28812623487335,48.36111696793964],[-107.28805231380926,48.36111397079592],[-107.28814666528919,48.36127291808104],[-107.28818600367448,48.36125421945574],[-107.28825888093742,48.36123496169406],[-107.28819931171803,48.3611021469373]]]}"
00000000000000001d18,1945,0,0,0,"{""type"":""Polygon"",""coordinates"":[[[-107.28831944676655,48.36109079079258],[-107.28830603765998,48.361091060487624],[-107.28829079750881,48.361051170114855],[-107.28827684628031,48.36103804258212],[-107.28826388175547,48.36104725702995],[-107.28826546810024,48.36108290898279],[-107.28822612991068,48.36110160757553],[-107.28821272081346,48.36110187725737],[-107.28819931171803,48.3611021469373],[-107.28825888093742,48.36123496169406],[-107.28827872123412,48.361230092667874],[-107.28830628157667,48.36124738721917],[-107.28836560731841,48.36122387513946],[-107.28841206604753,48.361214030008234],[-107.28831944676655,48.36109079079258]]]}"
00000000000000001cfd,1946,0,0,0,"{""type"":""MultiPolygon"",""coordinates"":[[[[-107.28828352206295,48.36103795137099],[-107.28827684628031,48.36103804258212],[-107.28829079750881,48.361051170114855],[-107.28828352206295,48.36103795137099]]],[[[-107.28842438637618,48.36103961561501],[-107.28841137707784,48.36104875862674],[-107.28838520335609,48.36106267945287],[-107.28837213652766,48.361071909731024],[-107.28834542062064,48.36107243332227],[-107.28831944676655,48.36109079079258],[-107.28841206604753,48.361214030008234],[-107.28844511560837,48.36120445457295],[-107.28848469859662,48.3611902639708],[-107.28854422416569,48.36117118846935],[-107.28842438637618,48.36103961561501]]]]}"
00000000000000001d16,1947,0,0,0,"{""type"":""Polygon"",""coordinates"":[[[-107.28854313475017,48.360997043943286],[-107.28852339216823,48.36100636545902],[-107.2884898981678,48.36100699612931],[-107.28847693367676,48.36101621059965],[-107.28842438637618,48.36103961561501],[-107.28854422416569,48.36117118846935],[-107.28855065528435,48.36116658912145],[-107.2886361546609,48.36112915602038],[-107.28865579500186,48.361119850270164],[-107.28854313475017,48.360997043943286]]]}"
00000000000000001cef,1948,0,0,0,"{""type"":""Polygon"",""coordinates"":[[[-107.28863462014473,48.36094606690415],[-107.28862165569159,48.36095528138251],[-107.28854313475017,48.360997043943286],[-107.28865579500186,48.361119850270164],[-107.28868216867829,48.36111036601001],[-107.28876113451616,48.36107754800058],[-107.28878023249969,48.36105484501485],[-107.28863462014473,48.36094606690415]]]}"
00000000000000001cec,1949,0,0,0,"{""type"":""Polygon"",""coordinates"":[[[-107.28867172678696,48.36087833500702],[-107.28864555321381,48.36089225585575],[-107.28864644251868,48.360910145319075],[-107.28864718472941,48.360927979144485],[-107.28863462014473,48.36094606690415],[-107.28878023249969,48.36105484501485],[-107.2887865659422,48.361045793200574],[-107.28881917069644,48.36102727291788],[-107.28884500196119,48.36100439142481],[-107.28889714926635,48.360972112910694],[-107.28867172678696,48.36087833500702]]]}"
00000000000000001d05,1950,0,0,0,"{""type"":""Polygon"",""coordinates"":[[[-107.28879640816525,48.360817838133094],[-107.28877087927893,48.36084514035046],[-107.28869126935517,48.36086457685023],[-107.28867172678696,48.36087833500702],[-107.28889714926635,48.360972112910694],[-107.28892826924059,48.36091792496753],[-107.28894756703382,48.360899658656805],[-107.28879640816525,48.360817838133094]]]}"
00000000000000001d03,1951,0,0,0,"{""type"":""Polygon"",""coordinates"":[[[-107.28890709306118,48.36074414235383],[-107.28890055973469,48.3607487574986],[-107.28887295449027,48.36073139182723],[-107.2888408923722,48.360763309160184],[-107.2888352036506,48.36078574226431],[-107.28880294151018,48.360813222988966],[-107.28879640816525,48.360817838133094],[-107.28894756703382,48.360899658656805],[-107.28896053143221,48.36089044414548],[-107.28898724738214,48.36088992038391],[-107.28902019903678,48.36087589236873],[-107.28903390581978,48.36088451165519],[-107.28890709306118,48.36074414235383]]]}"
00000000000000001cff,1952,0,0,0,"{""type"":""Polygon"",""coordinates"":[[[-107.28903979203444,48.36071469767877],[-107.28900688531881,48.3607287971096],[-107.28897992471649,48.36072481279528],[-107.28895998232885,48.360729697726626],[-107.28892628845608,48.36072589192129],[-107.28890709306118,48.36074414235383],[-107.28903390581978,48.36088451165519],[-107.28905419074684,48.36088858722848],[-107.28914701000545,48.36086444397169],[-107.2891667524886,48.36085512235519],[-107.28903979203444,48.36071469767877]]]}"
00000000000000001d06,1953,0,0,0,"{""type"":""Polygon"",""coordinates"":[[[-107.28914428559688,48.36065457742258],[-107.28908506308666,48.360678073896125],[-107.28903979203444,48.36071469767877],[-107.2891667524886,48.36085512235519],[-107.28919975701314,48.36084547527591],[-107.28926575792423,48.36082187155855],[-107.28928539807433,48.36081256573817],[-107.28914428559688,48.36065457742258]]]}"
00000000000000001ce9,1954,0,0,0,"{""type"":""Polygon"",""coordinates"":[[[-107.28923567218412,48.36059914774472],[-107.28919040130897,48.36063577153956],[-107.28914428559688,48.36065457742258],[-107.28928539807433,48.36081256573817],[-107.28937045172404,48.36076618755303],[-107.28940315844414,48.36074765136557],[-107.28923567218412,48.36059914774472]]]}"
00000000000000001ce7,1955,0,0,0,"{""type"":""Polygon"",""coordinates"":[[[-107.28931968046,48.360530515324676],[-107.28929979566361,48.360535313039705],[-107.28929370721313,48.36054887285614],[-107.28928638661901,48.36053558286718],[-107.28926654661272,48.36054045203056],[-107.28926807645192,48.36057619086915],[-107.28924863643988,48.36058993325013],[-107.28923567218412,48.36059914774472],[-107.28940315844414,48.36074765136557],[-107.28943600765678,48.360733639061216],[-107.28944961682524,48.36073780582958],[-107.28949543030502,48.360714578962195],[-107.2895212611097,48.36069169743333],[-107.28931968046,48.360530515324676]]]}"
00000000000000001ce6,1956,0,0,0,"{""type"":""Polygon"",""coordinates"":[[[-107.28940547601053,48.360501971039554],[-107.28940003246723,48.36052891211543],[-107.2893464985568,48.36052997565845],[-107.28931968046,48.360530515324676],[-107.2895212611097,48.36069169743333],[-107.289547234417,48.3606733397896],[-107.2895927052184,48.36064115241518],[-107.28962541179175,48.360622616199315],[-107.28961749088309,48.36059601639691],[-107.28963658824658,48.360573313461956],[-107.28940547601053,48.360501971039554]]]}"
00000000000000001cdc,1957,0,0,0,"{""type"":""Polygon"",""coordinates"":[[[-107.28937628307972,48.360448954093684],[-107.28938380372419,48.360466680651314],[-107.28941136439032,48.36048397462962],[-107.28940547601053,48.360501971039554],[-107.28963658824658,48.360573313461956],[-107.28965524068404,48.36054166587244],[-107.28966349914303,48.3604254095603],[-107.28937628307972,48.360448954093684]]]}"
00000000000000001ce3,1958,0,0,0,"{""type"":""Polygon"",""coordinates"":[[[-107.2896253973757,48.360323451452246],[-107.28959071601793,48.36029730426852],[-107.28936727728583,48.36039556025872],[-107.28936846470037,48.36042233853946],[-107.28937628307972,48.360448954093684],[-107.28966349914303,48.3604254095603],[-107.28966854236823,48.36038959534604],[-107.2896253973757,48.360323451452246]]]}"
00000000000000001ce2,1959,0,0,0,"{""type"":""Polygon"",""coordinates"":[[[-107.28952149601248,48.360249533743065],[-107.2895207533544,48.360231700162885],[-107.28949962366997,48.36020980697255],[-107.28933011906211,48.36031587225622],[-107.28933723962015,48.360324725600925],[-107.28936480015167,48.360342019549904],[-107.28936588984777,48.360364345401756],[-107.28936683244949,48.36038661562073],[-107.28936727728583,48.36039556025872],[-107.28959071601793,48.36029730426852],[-107.28952149601248,48.360249533743065]]]}"
00000000000000001ce1,1960,0,0,0,"{""type"":""Polygon"",""coordinates"":[[[-107.28946498733727,48.36018373124747],[-107.28938364861413,48.36016299289463],[-107.2893695948272,48.36014988155814],[-107.28922735305194,48.36026435148224],[-107.28929568283773,48.3602942329996],[-107.28933011906211,48.36031587225622],[-107.28949962366997,48.36020980697255],[-107.28946498733727,48.36018373124747]]]}"
00000000000000001ce4,1961,0,0,0,"{""type"":""Polygon"",""coordinates"":[[[-107.28935584337923,48.36014119098107],[-107.28932150499752,48.360124004183064],[-107.28926049597933,48.36010741265652],[-107.2892264600195,48.360094646588024],[-107.28912532990233,48.360230664219976],[-107.28915877863749,48.36022996189503],[-107.28918638375458,48.360247327324025],[-107.28920009038436,48.360255946488955],[-107.28922735305194,48.36026435148224],[-107.2893695948272,48.36014988155814],[-107.28935584337923,48.36014119098107]]]}"
00000000000000001ce5,1962,0,0,0,"{""type"":""Polygon"",""coordinates"":[[[-107.28921285113837,48.360090479831086],[-107.28913838865058,48.36007408658702],[-107.28909108644065,48.360066114105],[-107.28900332016107,48.360201790293345],[-107.2890512097079,48.36022323129343],[-107.28912532990233,48.360230664219976],[-107.2892264600195,48.360094646588024],[-107.28921285113837,48.360090479831086]]]}"
00000000000000001d02,1963,0,0,0,"{""type"":""Polygon"",""coordinates"":[[[-107.28907060195212,48.36005760202597],[-107.28902335732757,48.36004954224518],[-107.28900321532679,48.36004999054895],[-107.28895577078627,48.360037494170136],[-107.28888165783063,48.3601774084375],[-107.28892202686397,48.36018112298104],[-107.28898308040756,48.36019778620659],[-107.28900332016107,48.360201790293345],[-107.28909108644065,48.360066114105],[-107.28907060195212,48.36005760202597]]]}"
00000000000000001cfe,1964,0,0,0,"{""type"":""Polygon"",""coordinates"":[[[-107.28892841075476,48.36002463675257],[-107.28882757588683,48.36001772738657],[-107.28881416709669,48.36001799713905],[-107.28875336029739,48.36015765732308],[-107.28876053816079,48.36016642342341],[-107.28888165783063,48.3601774084375],[-107.28895577078627,48.360037494170136],[-107.28892841075476,48.36002463675257]]]}"
00000000000000001d00,1965,0,0,0,"{""type"":""MultiPolygon"",""coordinates"":[[[[-107.28883128171988,48.359651450453185],[-107.28882440618543,48.35964710516206],[-107.28876424481854,48.35980014544919],[-107.28881713267445,48.35978570119239],[-107.2888305413809,48.35978543144277],[-107.28884182072865,48.35973611374629],[-107.28888258920188,48.35974870136889],[-107.28889446374782,48.35971716147412],[-107.28887977030429,48.359686200944076],[-107.2888986226776,48.359658990562295],[-107.28883128171988,48.359651450453185]]],[[[-107.28880753624787,48.36001815983597],[-107.28875978966131,48.36000124261172],[-107.28873307441691,48.36000176628343],[-107.28871288771576,48.36000214306937],[-107.28871823395544,48.359970749918574],[-107.2886851279812,48.359980412463855],[-107.28861907681488,48.36015144990076],[-107.2886256100431,48.36014683482939],[-107.28865316990108,48.36016412894179],[-107.28865296996324,48.36015969236549],[-107.28865218293915,48.360141787343395],[-107.28871892476776,48.36013601790644],[-107.28875336029739,48.36015765732308],[-107.28881416709669,48.36001799713905],[-107.28880753624787,48.36001815983597]]]]}"
00000000000000001d04,1966,0,0,0,"{""type"":""MultiPolygon"",""coordinates"":[[[[-107.2886721191075,48.35998955531831],[-107.28862511958752,48.35998600335819],[-107.28858513806158,48.35999132053827],[-107.288544569492,48.35998316929445],[-107.2884842065535,48.36013177383908],[-107.28855253494253,48.36016165584589],[-107.28861907681488,48.36015144990076],[-107.2886851279812,48.359980412463855],[-107.2886721191075,48.35998955531831]]],[[[-107.28870190141795,48.35960490570432],[-107.28859335468749,48.35987499399012],[-107.28862640304011,48.359865418763825],[-107.28862575844259,48.35985203765623],[-107.28862541608406,48.35984307729032],[-107.28862477148645,48.35982969618833],[-107.28867617484099,48.35977958510298],[-107.28867573016677,48.359770640561116],[-107.28868121881183,48.359743771355866],[-107.28873015197385,48.359787466528104],[-107.28875751170987,48.35980032395236],[-107.28876424481854,48.35980014544919],[-107.28882440618543,48.35964710516206],[-107.28870190141795,48.35960490570432]],[[-107.28874405658148,48.359648707802535],[-107.28875113205392,48.35965748963343],[-107.28876409600706,48.35964827537477],[-107.28874405658148,48.359648707802535]]]]}"
00000000000000001d01,1967,0,0,0,"{""type"":""Polygon"",""coordinates"":[[[-107.28863387135154,48.35958391296395],[-107.28861378720106,48.359584273908574],[-107.28833627016347,48.36012132768618],[-107.28841073172475,48.360137721589815],[-107.2884842065535,48.36013177383908],[-107.288544569492,48.35998316929445],[-107.28852428522069,48.35997909366625],[-107.28849093455304,48.35998424812894],[-107.28845694404538,48.35997155325501],[-107.28845575728165,48.35994477517313],[-107.28848168545997,48.35992634662908],[-107.28850122751966,48.35991258876971],[-107.2885324445102,48.35986285441096],[-107.2885722259498,48.35985310071847],[-107.2885799459823,48.359875263707046],[-107.28859335468749,48.35987499399012],[-107.28870190141795,48.35960490570432],[-107.28863387135154,48.35958391296395]]]}"
00000000000000001d09,1968,0,0,0,"{""type"":""Polygon"",""coordinates"":[[[-107.28850909666441,48.35963995577148],[-107.28848371095366,48.35967178109049],[-107.28845912487284,48.35972135258194],[-107.28844616086059,48.35973056681358],[-107.28843349436953,48.359748669941396],[-107.28839489979565,48.35978520154371],[-107.28839618882351,48.359811963736014],[-107.28839307341485,48.35989238903904],[-107.2883467587682,48.35990675769568],[-107.2883478030666,48.359929011937645],[-107.28830148837861,48.3599433805834],[-107.28829461289615,48.35993903522923],[-107.28822618712982,48.36005651599683],[-107.28826725293584,48.36007799291289],[-107.28830931026903,48.360117343211215],[-107.28833627016347,48.36012132768618],[-107.28861378720106,48.359584273908574],[-107.2885937478419,48.35958470630279],[-107.28852893610923,48.35963508686101],[-107.28850909666441,48.35963995577148]],[[-107.28852893610923,48.35963508686101],[-107.28853605629868,48.35964394016127],[-107.2885490202691,48.35963472593353],[-107.28852893610923,48.35963508686101]]]}"
00000000000000001cf8,1969,0,0,0,"{""type"":""Polygon"",""coordinates"":[[[-107.28826705347166,48.3599217410761],[-107.28818591694449,48.359905438309795],[-107.2881720637374,48.35989676340029],[-107.28809754906668,48.360027803606904],[-107.28822618712982,48.36005651599683],[-107.28829461289615,48.35993903522923],[-107.28826705347166,48.3599217410761]]]}"
00000000000000001cf7,1970,0,0,0,"{""type"":""Polygon"",""coordinates"":[[[-107.28814494897914,48.359888413788546],[-107.28811768715262,48.3598800085262],[-107.28809052764858,48.35987158744618],[-107.28806331064905,48.35986325362453],[-107.28804975967273,48.35985899944589],[-107.28797524476106,48.35999003947087],[-107.28798855111965,48.35998978564953],[-107.28805633640025,48.3600062709888],[-107.2880702871661,48.36001939831099],[-107.28809754906668,48.360027803606904],[-107.2881720637374,48.35989676340029],[-107.28814494897914,48.359888413788546]]]}"
00000000000000001cfa,1971,0,0,0,"{""type"":""Polygon"",""coordinates"":[[[-107.28800899174261,48.35984641143014],[-107.28792136730455,48.35983479490659],[-107.28784660747657,48.35996132676112],[-107.28794778309896,48.3599771975792],[-107.28797524476106,48.35999003947087],[-107.28804975967273,48.35985899944589],[-107.28800899174261,48.35984641143014]]]}"
00000000000000001cf9,1972,0,0,0,"{""type"":""Polygon"",""coordinates"":[[[-107.2878740662966,48.35982682183087],[-107.28779273066472,48.359806082192065],[-107.28771841500958,48.35994155846451],[-107.28772504576906,48.359941395845254],[-107.28779910653022,48.35994891706916],[-107.28783299900674,48.35995715980878],[-107.28784660747657,48.35996132676112],[-107.28792136730455,48.35983479490659],[-107.2878740662966,48.35982682183087]]]}"
00000000000000001d0a,1973,0,0,0,"{""type"":""Polygon"",""coordinates"":[[[-107.28773167909095,48.35978941828287],[-107.28769115609566,48.35978133814426],[-107.28767062761277,48.35977275433766],[-107.28757617007089,48.35990867843152],[-107.28763054612409,48.35992543363452],[-107.28771841500958,48.35994155846451],[-107.28779273066472,48.359806082192065],[-107.28773167909095,48.35978941828287]]]}"
00000000000000001cfb,1974,0,0,0,"{""type"":""Polygon"",""coordinates"":[[[-107.28766389458579,48.35977293276204],[-107.28763040200667,48.35977356308215],[-107.28760358494495,48.35977410223556],[-107.28754203652095,48.35974411275624],[-107.28745386738585,48.3598709136753],[-107.28746049811431,48.35987075107529],[-107.28753540246349,48.35989609019492],[-107.28757617007089,48.35990867843152],[-107.28767062761277,48.35977275433766],[-107.28766389458579,48.35977293276204]]]}"
00000000000000001d0b,1975,0,0,0,"{""type"":""Polygon"",""coordinates"":[[[-107.28750082472986,48.3597225799924],[-107.2874261653473,48.359701748917146],[-107.28733112076952,48.359824204214284],[-107.28734472905974,48.359828371231856],[-107.28737253227513,48.35985017365046],[-107.28745386738585,48.3598709136753],[-107.28754203652095,48.35974411275624],[-107.28750082472986,48.3597225799924]]]}"
00000000000000001cfc,1976,0,0,0,"{""type"":""Polygon"",""coordinates"":[[[-107.28741929007622,48.359697403514694],[-107.28732390280888,48.3596635519709],[-107.2873102945827,48.35965938496165],[-107.28720837462389,48.35977749462553],[-107.28723573336218,48.35979035250593],[-107.28733112076952,48.359824204214284],[-107.2874261653473,48.359701748917146],[-107.28741929007622,48.359697403514694]]]}"
00000000000000001d0d,1977,0,0,0,"{""type"":""Polygon"",""coordinates"":[[[-107.28729678866246,48.35965520214088],[-107.28726952745133,48.35964679665911],[-107.28724236856142,48.359638375360696],[-107.28722821857838,48.359620811459585],[-107.28721436584227,48.35961213644644],[-107.2872072908621,48.3596033544974],[-107.2870920072099,48.359721804885396],[-107.28715379946871,48.35975630266317],[-107.28719476638771,48.35977332759127],[-107.28720837462389,48.35977749462553],[-107.2873102945827,48.35965938496165],[-107.28729678866246,48.35965520214088]]]}"
00000000000000001d0e,1978,0,0,0,"{""type"":""Polygon"",""coordinates"":[[[-107.2871934381402,48.35959467948372],[-107.28714559621464,48.359573309193564],[-107.28711749618381,48.35954261793725],[-107.2869690622813,48.35967065851268],[-107.28705079590986,48.35970027192513],[-107.2870920072099,48.359721804885396],[-107.2872072908621,48.3596033544974],[-107.2871934381402,48.35959467948372]]]}"
00000000000000001cb2,1979,0,0,0,"{""type"":""Polygon"",""coordinates"":[[[-107.2870478830816,48.35948597308799],[-107.28704120766736,48.359486064201306],[-107.28691088584355,48.35956906112943],[-107.28691152981595,48.35958244219328],[-107.28693888822413,48.35959530011948],[-107.28696218710411,48.35966631307768],[-107.2869690622813,48.35967065851268],[-107.28711749618381,48.35954261793725],[-107.28711729642869,48.3595381814049],[-107.2870478830816,48.35948597308799]]]}"
00000000000000001cb7,1980,0,0,0,"{""type"":""Polygon"",""coordinates"":[[[-107.28701988066453,48.35945973418448],[-107.28697812801492,48.359424804454505],[-107.28695744509523,48.35941185547184],[-107.28681391488493,48.35949955815441],[-107.28681411460336,48.359503994685106],[-107.28683439804637,48.35950807065894],[-107.28685596940403,48.35953890873278],[-107.28690336672523,48.35955133463832],[-107.28691088584355,48.35956906112943],[-107.28704120766736,48.359486064201306],[-107.28701988066453,48.35945973418448]]]}"
00000000000000001cb6,1981,0,0,0,"{""type"":""Polygon"",""coordinates"":[[[-107.28694325058426,48.359394220142505],[-107.28690208456594,48.35937275869273],[-107.28689496494121,48.35936390530216],[-107.28686087383007,48.359351225777814],[-107.28671091290182,48.359443527282195],[-107.28678631212736,48.3594821922279],[-107.28681391488493,48.35949955815441],[-107.28695744509523,48.35941185547184],[-107.28694325058426,48.359394220142505]]]}"
00000000000000001cb5,1982,0,0,0,"{""type"":""Polygon"",""coordinates"":[[[-107.28682644082943,48.359329585946554],[-107.28679789710782,48.3592899502426],[-107.28677716958032,48.359276929795065],[-107.28662735108207,48.35937375481812],[-107.28665456697632,48.35938208899788],[-107.28667667966825,48.35942632388298],[-107.28671091290182,48.359443527282195],[-107.28686087383007,48.359351225777814],[-107.28682644082943,48.359329585946554]]]}"
00000000000000001cb8,1983,0,0,0,"{""type"":""Polygon"",""coordinates"":[[[-107.28669523761106,48.35924287984078],[-107.2866739685749,48.35921646259261],[-107.2865178167441,48.35932233871282],[-107.28652474929311,48.35932659689175],[-107.28654547669974,48.35933961740892],[-107.28657946527363,48.35935231285735],[-107.28660672590955,48.35936071850297],[-107.28662047602248,48.35936940937992],[-107.28662735108207,48.35937375481812],[-107.28677716958032,48.359276929795065],[-107.28669523761106,48.35924287984078]]]}"
00000000000000001cb3,1984,0,0,0,"{""type"":""Polygon"",""coordinates"":[[[-107.28666689383101,48.35920768066303],[-107.28664576702246,48.35918578719322],[-107.2865442935594,48.359165494439694],[-107.2864216910139,48.3592706531239],[-107.28642862353543,48.35927491130633],[-107.28644237354966,48.35928360219727],[-107.28649719166192,48.35930930238445],[-107.28651094171462,48.359317993270224],[-107.2865178167441,48.35932233871282],[-107.2866739685749,48.35921646259261],[-107.28666689383101,48.35920768066303]]]}"
00000000000000001cb9,1985,0,0,0,"{""type"":""Polygon"",""coordinates"":[[[-107.28650392692693,48.35916177890731],[-107.28648933342376,48.35913527058009],[-107.28644816814787,48.35911380902138],[-107.28644104871073,48.35910495563548],[-107.28631869067264,48.35921462203046],[-107.28638721372613,48.359248941700876],[-107.28640794101219,48.3592619622318],[-107.2864216910139,48.3592706531239],[-107.2865442935594,48.359165494439694],[-107.28650392692693,48.35916177890731]]]}"
00000000000000001d07,1986,0,0,0,"{""type"":""GeometryCollection"",""geometries"":[{""type"":""LineString"",""coordinates"":[[-107.28636464569556,48.359043963307656],[-107.2863644466815,48.35903951821867]]},{""type"":""Polygon"",""coordinates"":[[[-107.28643397405884,48.35909617370481],[-107.28640661632961,48.35908331573815],[-107.28636466526255,48.35904394946191],[-107.28636464569556,48.359043963307656],[-107.28619574947682,48.35916347506079],[-107.28623651524249,48.35917606373924],[-107.2862772810539,48.3591886524022],[-107.28630503808976,48.35921038344863],[-107.28631869067264,48.35921462203046],[-107.28644104871073,48.35910495563548],[-107.28643397405884,48.35909617370481]]]}]}"
00000000000000001cb1,1987,0,0,0,"{""type"":""Polygon"",""coordinates"":[[[-107.28632285644458,48.35900910694857],[-107.28630866246986,48.358991471645254],[-107.28628798016389,48.358978522608304],[-107.28613124279597,48.35907092939828],[-107.2861941202686,48.359127752855365],[-107.28618907418188,48.359163566111334],[-107.28619574947682,48.35916347506079],[-107.28636446559568,48.3590395129673],[-107.28632285644458,48.35900910694857]]]}"
00000000000000001cbd,1988,0,0,0,"{""type"":""Polygon"",""coordinates"":[[[-107.28626725309572,48.358965502115275],[-107.28623871038914,48.35892586649043],[-107.28622476092701,48.35891273913883],[-107.28596189203428,48.35902969723385],[-107.28599029232247,48.35906480926477],[-107.28605658659399,48.35905009743324],[-107.28609606972456,48.35903145614912],[-107.28612441266561,48.359066655400035],[-107.28613124279597,48.35907092939828],[-107.28628798016389,48.358978522608304],[-107.28626725309572,48.358965502115275]]]}"
00000000000000001cba,1989,0,0,0,"{""type"":""Polygon"",""coordinates"":[[[-107.28616855895405,48.35885582487785],[-107.28616148442954,48.35884704296497],[-107.28594374416656,48.35892285590215],[-107.28595715215259,48.35892258657609],[-107.28599222760646,48.35895760750501],[-107.28600573293768,48.35896179046927],[-107.28599252455265,48.35896649629292],[-107.28601369549095,48.358988461287154],[-107.28594749866494,48.35900762537069],[-107.28596189203428,48.35902969723385],[-107.28622476092701,48.35891273913883],[-107.28616855895405,48.35885582487785]],[[-107.28604660063623,48.358974363381726],[-107.28603319261872,48.35897463272132],[-107.28603353435498,48.35898359296614],[-107.28604660063623,48.358974363381726]]]}"
00000000000000001cb4,1990,0,0,0,"{""type"":""Polygon"",""coordinates"":[[[-107.28615342443186,48.358815919947375],[-107.28610538497999,48.35879011292328],[-107.28608465811645,48.358777092431744],[-107.285840302018,48.35885788018794],[-107.28583376888935,48.35886249495576],[-107.28584920493054,48.35890682065907],[-107.28588323740158,48.35891958772741],[-107.28594374416656,48.35892285590215],[-107.28616148442954,48.35884704296497],[-107.28615342443186,48.358815919947375]],[[-107.28596324126825,48.358909027368206],[-107.28592816589428,48.35887400645863],[-107.28587419234883,48.35886612350393],[-107.28591614248485,48.358905489886446],[-107.28596324126825,48.358909027368206]]]}"
00000000000000001cbb,1991,0,0,0,"{""type"":""Polygon"",""coordinates"":[[[-107.28605744295263,48.358768758166725],[-107.28598907613993,48.358738803552086],[-107.28596814975005,48.358721346575514],[-107.28590047155848,48.35870484423162],[-107.285840302018,48.35885788018794],[-107.28608465811645,48.358777092431744],[-107.28605744295263,48.358768758166725]]]}"
00000000000000001cbc,1992,0,0,0,"{""type"":""Polygon"",""coordinates"":[[[-107.28588686404828,48.35870067707767],[-107.28585926256524,48.358683311113026],[-107.28578460749947,48.3586624790595],[-107.28570504285669,48.35882932748254],[-107.28575342353345,48.358864094964446],[-107.28580715259781,48.358867470051685],[-107.28582669446932,48.35885371301447],[-107.28583376888935,48.35886249495576],[-107.285840302018,48.35885788018794],[-107.28590047155848,48.35870484423162],[-107.28588686404828,48.35870067707767]]]}"
00000000000000001cb0,1993,0,0,0,"{""type"":""Polygon"",""coordinates"":[[[-107.28577773272627,48.358658133611776],[-107.28573632431647,48.35863216399111],[-107.28572261958068,48.358623544546916],[-107.28570876777705,48.358614869455536],[-107.2856953599377,48.35861513874167],[-107.28556869668799,48.35877844929444],[-107.28558240141804,48.358787068785794],[-107.28560921719097,48.35878653023905],[-107.28563603297113,48.35878599168466],[-107.28569163494022,48.358829596771194],[-107.28570504285669,48.35882932748254],[-107.28578460749947,48.3586624790595],[-107.28577773272627,48.358658133611776]]]}"
00000000000000001cbe,1994,0,0,0,"{""type"":""MultiPolygon"",""coordinates"":[[[[-107.28558014014939,48.35858615420852],[-107.28557306585533,48.35857737229093],[-107.28556693191156,48.35859085993674],[-107.28558014014939,48.35858615420852]]],[[[-107.28558014014939,48.35858615420852],[-107.28557390892897,48.35859518958783],[-107.28556693191156,48.35859085993674],[-107.28545872288383,48.35871808804514],[-107.2854725746265,48.35872676319093],[-107.28548627930171,48.35873538268901],[-107.28550013106108,48.35874405783322],[-107.28551388053181,48.35875274878418],[-107.28555484488997,48.35876977415548],[-107.28556869668799,48.35877844929444],[-107.2856953599377,48.35861513874167],[-107.28562797912544,48.3586075249567],[-107.28558014014939,48.35858615420852]]]]}"
00000000000000001cc0,1995,0,0,0,"{""type"":""Polygon"",""coordinates"":[[[-107.28556619113786,48.35857302683362],[-107.28553230125264,48.358564783443065],[-107.28550474491773,48.35854748886568],[-107.28547288274622,48.35858384021732],[-107.28542534078623,48.35857135812338],[-107.2853427626109,48.35867127002718],[-107.28543116649927,48.358700793398135],[-107.28545872288383,48.35871808804514],[-107.28557306585533,48.35857737229093],[-107.28556619113786,48.35857302683362]]]}"
00000000000000001cc4,1996,0,0,0,"{""type"":""Polygon"",""coordinates"":[[[-107.28539145098694,48.35856311468123],[-107.28532921958463,48.35851967205564],[-107.28523912332992,48.35860185744824],[-107.28525960529666,48.35861037017523],[-107.28529502111525,48.35865435138029],[-107.2853427626109,48.35867127002718],[-107.28542534078623,48.35857135812338],[-107.28539145098694,48.35856311468123]]]}"
00000000000000001d62,1997,0,0,0,"{""type"":""Polygon"",""coordinates"":[[[-107.28532258924616,48.35851983449459],[-107.28528805615765,48.35849821020116],[-107.28526678882879,48.35847179296763],[-107.28525293725502,48.35846311782944],[-107.28513548454293,48.35853244483546],[-107.28514967762159,48.35855008018279],[-107.28520478977951,48.35858466955356],[-107.28523912332992,48.35860185744824],[-107.28532921958463,48.35851967205564],[-107.28532258924616,48.35851983449459]]]}"
00000000000000001d5b,1998,0,0,0,"{""type"":""Polygon"",""coordinates"":[[[-107.28520489934249,48.358437310487105],[-107.2851907510443,48.35841974663936],[-107.2851768022875,48.358406619242494],[-107.28504529871745,48.35846283445413],[-107.28509367797817,48.35849760206485],[-107.28512821087814,48.358519226432655],[-107.28513548454293,48.35853244483546],[-107.28525293725502,48.35846311782944],[-107.28520489934249,48.358437310487105]]]}"
00000000000000001caf,1999,0,0,0,"{""type"":""Polygon"",""coordinates"":[[[-107.2851627512464,48.35839350765358],[-107.28514148408875,48.358367090439906],[-107.28509953568627,48.35832772407323],[-107.28496812960985,48.35838839134249],[-107.28497535075464,48.35839722892647],[-107.2849965729924,48.358423574741224],[-107.28504529871745,48.35846283445413],[-107.2851768022875,48.358406619242494],[-107.2851627512464,48.35839350765358]]]}"
00000000000000001cc2,2000,0,0,0,"{""type"":""Polygon"",""coordinates"":[[[-107.28506446195777,48.35829270318891],[-107.28505021150086,48.35827515517157],[-107.2850025730805,48.358258220678586],[-107.28487171329756,48.35832781626219],[-107.28495418097702,48.35837526391789],[-107.28496812960985,48.35838839134249],[-107.28509953568627,48.35832772407323],[-107.28506446195777,48.35829270318891]]]}"
00000000000000001cc1,2001,0,0,0,"{""type"":""Polygon"",""coordinates"":[[[-107.28496843953403,48.35824546923276],[-107.28495330668609,48.358205564528134],[-107.28492575104819,48.3581882698837],[-107.28478158109726,48.3582625866599],[-107.28480206267544,48.358271099440024],[-107.28487171329756,48.35832781626219],[-107.2850025730805,48.358258220678586],[-107.28496843953403,48.35824546923276]]]}"
00000000000000001cc3,2002,0,0,0,"{""type"":""Polygon"",""coordinates"":[[[-107.28484259580533,48.358127370170656],[-107.28483532233318,48.35811415184133],[-107.28470475966238,48.35819263566746],[-107.28474735052654,48.35824538288736],[-107.28476109953296,48.358254073876424],[-107.28478158109726,48.3582625866599],[-107.28492575104819,48.3581882698837],[-107.28484259580533,48.358127370170656]]]}"
00000000000000001de4,2003,0,0,0,"{""type"":""Polygon"",""coordinates"":[[[-107.28479906498175,48.35805235374582],[-107.28460705823053,48.35810529904751],[-107.28462892313544,48.3581450255503],[-107.28465652329014,48.35816239172647],[-107.28470475966238,48.35819263566746],[-107.28483532233318,48.35811415184133],[-107.28479906498175,48.35805235374582]]]}"
00000000000000001c59,2004,0,0,0,"{""type"":""Polygon"",""coordinates"":[[[-107.28478991938874,48.35799890605287],[-107.28458871525805,48.35799402278744],[-107.2845889147159,48.35799845920395],[-107.28460929377205,48.358006987794994],[-107.28460681399517,48.358100791168134],[-107.28460705823053,48.35810529904751],[-107.28479906498175,48.35805235374582],[-107.28479862123915,48.358043409452485],[-107.28478991938874,48.35799890605287]]]}"
00000000000000001caa,2005,0,0,0,"{""type"":""Polygon"",""coordinates"":[[[-107.28461163156905,48.3579086609186],[-107.28461227472862,48.35792204160132],[-107.28460069446531,48.35796246859607],[-107.28456047213339,48.3579632759451],[-107.28458871525805,48.35799402278744],[-107.28478991938874,48.35799890605287],[-107.28476667072432,48.35792796610698],[-107.28479219919122,48.35790066645921],[-107.28461163156905,48.3579086609186]]]}"
00000000000000001cac,2006,0,0,0,"{""type"":""Polygon"",""coordinates"":[[[-107.28478251269387,48.35783382244962],[-107.28475654053891,48.357852177797746],[-107.28474120859377,48.357807836944595],[-107.28473369096389,48.35779011083217],[-107.28458170838984,48.357837811966654],[-107.28461163156905,48.3579086609186],[-107.28479219919122,48.35790066645921],[-107.28479205722581,48.35789614279181],[-107.28478251269387,48.35783382244962]]]}"
00000000000000001cad,2007,0,0,0,"{""type"":""Polygon"",""coordinates"":[[[-107.28472641759309,48.35777689257573],[-107.28472478974965,48.357741171240775],[-107.28468927329851,48.35769720634381],[-107.28451156322222,48.35776777041651],[-107.28457399138762,48.35781564942793],[-107.28458170838984,48.357837811966654],[-107.28473369096389,48.35779011083217],[-107.28472641759309,48.35777689257573]]]}"
00000000000000001ca7,2008,0,0,0,"{""type"":""Polygon"",""coordinates"":[[[-107.28468219943329,48.35768842449635],[-107.28460754795073,48.357667591826726],[-107.28458563852716,48.357627794215254],[-107.28444137358537,48.35769765744592],[-107.28445532172708,48.35771078479038],[-107.28449717136026,48.35774569882086],[-107.28449771218736,48.35775909527046],[-107.28451156322222,48.35776777041651],[-107.28468927329851,48.35769720634381],[-107.28468219943329,48.35768842449635]],[[-107.28466923579037,48.35769763785744],[-107.28464895404323,48.35769356152219],[-107.28465622736688,48.35770677976501],[-107.28466923579037,48.35769763785744]]]}"
00000000000000001ca8,2009,0,0,0,"{""type"":""Polygon"",""coordinates"":[[[-107.28454275197082,48.35756615894338],[-107.2845425525156,48.357561722562714],[-107.28435728095931,48.35761448862417],[-107.28435762230578,48.35762344865602],[-107.28441317560461,48.357666982175594],[-107.28444137358537,48.35769765744592],[-107.28458563852716,48.357627794215254],[-107.28454275197082,48.35756615894338]]]}"
00000000000000001de7,2010,0,0,0,"{""type"":""Polygon"",""coordinates"":[[[-107.284521383522,48.35753975778349],[-107.28450016217484,48.35751341227841],[-107.28449951904844,48.357500031696766],[-107.28431939754148,48.35751696969159],[-107.28432647126377,48.357525751541104],[-107.28435545403664,48.35757433100026],[-107.28435643845515,48.357596671630255],[-107.28435728095931,48.35761448862417],[-107.2845425525156,48.357561722562714],[-107.284521383522,48.35753975778349]]]}"
00000000000000001cae,2011,0,0,0,"{""type"":""Polygon"",""coordinates"":[[[-107.28447097975801,48.357460396550884],[-107.2844697958172,48.357433619610774],[-107.28446207895067,48.35741145722781],[-107.28430867006301,48.35742787278175],[-107.28431123713563,48.35748586305475],[-107.28431939754148,48.35751696969159],[-107.28449951904844,48.357500031696766],[-107.28449931959804,48.357495595321396],[-107.28447097975801,48.357460396550884]]]}"
00000000000000001ca9,2012,0,0,0,"{""type"":""Polygon"",""coordinates"":[[[-107.28445402071883,48.35738033486183],[-107.28443804621652,48.35732261380133],[-107.28429131256,48.357338938375975],[-107.28430792987014,48.3574100400436],[-107.28430867006301,48.35742787278175],[-107.28446207895067,48.35741145722781],[-107.28445402071883,48.35738033486183]]]}"
00000000000000001ca5,2013,0,0,0,"{""type"":""Polygon"",""coordinates"":[[[-107.28430052520753,48.357244958176956],[-107.2843021078877,48.35728060774302],[-107.28429086893314,48.35732999419717],[-107.28429131256,48.357338938375975],[-107.28443804621652,48.35732261380133],[-107.28443695944603,48.357300289094496],[-107.28444092505131,48.35723768450604],[-107.28430052520753,48.357244958176956]]]}"
00000000000000001c5a,2014,0,0,0,"{""type"":""Polygon"",""coordinates"":[[[-107.28428965587825,48.35715133811226],[-107.28429889775248,48.35720923718173],[-107.28429954081084,48.357222617693374],[-107.28429988214926,48.35723157765969],[-107.28430028100513,48.357240450368785],[-107.28430052520753,48.357244958176956],[-107.28444092505131,48.35723768450604],[-107.28444454411992,48.357170587996],[-107.28444360440702,48.35714831900026],[-107.28428965587825,48.35715133811226]]]}"
00000000000000001c79,2015,0,0,0,"{""type"":""Polygon"",""coordinates"":[[[-107.2844596908263,48.35705868456003],[-107.28419878778061,48.3570682766715],[-107.28422678569275,48.357094515333046],[-107.28429371882042,48.35709318584798],[-107.28430865108751,48.357128653506464],[-107.28428965587825,48.35715133811226],[-107.28444360440702,48.35714831900026],[-107.28444336018629,48.3571438112011],[-107.28445656786745,48.357139105769264],[-107.28447428188574,48.35708519222385],[-107.2844596908263,48.35705868456003]]]}"
00000000000000001ca2,2016,0,0,0,"{""type"":""Polygon"",""coordinates"":[[[-107.2844825094417,48.356968872097404],[-107.28447597659967,48.35697348660197],[-107.28446910237246,48.35696914118461],[-107.28427493341235,48.35697296749362],[-107.28427517761315,48.356977475279244],[-107.28427547417529,48.35698636375172],[-107.28427591780277,48.35699530787288],[-107.28419656216514,48.357019246778144],[-107.28419171417468,48.35705949488507],[-107.28419878778061,48.3570682766715],[-107.2844596908263,48.35705868456003],[-107.28445203153854,48.35703643507224],[-107.28445118897258,48.35701861827409],[-107.28445079007686,48.35700974560359],[-107.28447681917895,48.35699130338446],[-107.28448982735173,48.35698216163035],[-107.28450279074508,48.356972948423554],[-107.2844825094417,48.356968872097404]]]}"
00000000000000001c7d,2017,0,0,0,"{""type"":""MultiPolygon"",""coordinates"":[[[[-107.28450194815257,48.35695513164777],[-107.2844825094417,48.356968872097404],[-107.28450279074508,48.356972948423554],[-107.28450848098981,48.35695051714315],[-107.28450194815257,48.35695513164777]]],[[[-107.28444208879228,48.356965243021875],[-107.28445966078677,48.35690680607275],[-107.28444516695417,48.356884750623706],[-107.28425757609743,48.356884033836636],[-107.28427493341235,48.35697296749362],[-107.28446910237246,48.35696914118461],[-107.28444208879228,48.356965243021875]]]]}"
00000000000000001c89,2018,0,0,0,"{""type"":""Polygon"",""coordinates"":[[[-107.28425338162167,48.35679032350116],[-107.28425476485594,48.35682153644383],[-107.2842565917143,48.35686169350367],[-107.28425757609743,48.356884033836636],[-107.28444516695417,48.356884750623706],[-107.2844312190981,48.356871623474134],[-107.2844432427322,48.35684014142866],[-107.28446803022521,48.35679500991325],[-107.28425338162167,48.35679032350116]]]}"
00000000000000001c9c,2019,0,0,0,"{""type"":""Polygon"",""coordinates"":[[[-107.28427600102347,48.35669607522484],[-107.2842696676502,48.356705126000904],[-107.28425318219632,48.356785887183754],[-107.28425338162167,48.35679032350116],[-107.28446803022521,48.35679500991325],[-107.28447798246314,48.35671886317182],[-107.28427600102347,48.35669607522484]]]}"
00000000000000001c8a,2020,0,0,0,"{""type"":""Polygon"",""coordinates"":[[[-107.28431212434707,48.35660601016298],[-107.28430054435357,48.35664643611576],[-107.28428832126674,48.35667348172159],[-107.2842887649014,48.35668242578996],[-107.28427600102347,48.35669607522484],[-107.28447798246314,48.35671886317182],[-107.28447778300996,48.356714426861544],[-107.28448946515259,48.356673985033716],[-107.28448837832941,48.35665166060068],[-107.28449406851273,48.356629229458015],[-107.28431212434707,48.35660601016298]]]}"
00000000000000001c85,2021,0,0,0,"{""type"":""Polygon"",""coordinates"":[[[-107.28433488537497,48.35651628575812],[-107.28431825825898,48.356592523100716],[-107.28431212434707,48.35660601016298],[-107.28449406851273,48.356629229458015],[-107.28449897360336,48.35658889441378],[-107.28449714646085,48.35654873757145],[-107.28433488537497,48.35651628575812]]]}"
00000000000000001c9b,2022,0,0,0,"{""type"":""Polygon"",""coordinates"":[[[-107.28435063024294,48.35641769257453],[-107.28434632335752,48.3564713363541],[-107.28433488537497,48.35651628575812],[-107.28449714646085,48.35654873757145],[-107.28449660560668,48.356535341426984],[-107.28450936937344,48.356521692006815],[-107.2845225768264,48.35651698662666],[-107.28454123016873,48.356485342416995],[-107.28455409619633,48.356471677198805],[-107.28435063024294,48.35641769257453]]]}"
00000000000000001c7c,2023,0,0,0,"{""type"":""Polygon"",""coordinates"":[[[-107.28446797913041,48.35634391736435],[-107.28439545421692,48.35637213002539],[-107.28436948307983,48.356390484739336],[-107.28435651989096,48.35639969782219],[-107.28435063024294,48.35641769257453],[-107.28455409619633,48.356471677198805],[-107.28457353461681,48.35645793687033],[-107.28462725940676,48.35646131257308],[-107.28462651902969,48.35644348016571],[-107.28462577865243,48.35642564776431],[-107.2846255344048,48.356421140027464],[-107.28446797913041,48.35634391736435]]]}"
00000000000000001c93,2024,0,0,0,"{""type"":""Polygon"",""coordinates"":[[[-107.28457899445324,48.356279192842],[-107.28450058010019,48.356325400277576],[-107.28448761694935,48.356334613365895],[-107.28446797913041,48.35634391736435],[-107.2846255344048,48.356421140027464],[-107.28467060243648,48.356380085084844],[-107.28457899445324,48.356279192842]]]}"
00000000000000001c96,2025,0,0,0,"{""type"":""Polygon"",""coordinates"":[[[-107.2846833348589,48.356214559201405],[-107.28466992803422,48.35621482830661],[-107.28460492068953,48.356260766661386],[-107.28457899445324,48.356279192842],[-107.28467060243648,48.356380085084844],[-107.28467713515643,48.35637547062156],[-107.28478201675689,48.356324232835306],[-107.2846833348589,48.356214559201405]]]}"
00000000000000001c95,2026,0,0,0,"{""type"":""Polygon"",""coordinates"":[[[-107.28480874122702,48.356171905497945],[-107.28476238705743,48.356186199839],[-107.28471004622423,48.35621403679097],[-107.2846833348589,48.356214559201405],[-107.28478201675689,48.356324232835306],[-107.28478849194548,48.35631970562716],[-107.28482075136834,48.356292228637415],[-107.28483415824245,48.35629195950951],[-107.28488714246387,48.356277502711116],[-107.28480874122702,48.356171905497945]]]}"
00000000000000001c73,2027,0,0,0,"{""type"":""Polygon"",""coordinates"":[[[-107.2849408796495,48.356129073468736],[-107.28488843664181,48.356156926291064],[-107.2848549483202,48.35615755549322],[-107.28484154149182,48.35615782462218],[-107.28482857843925,48.356167037725],[-107.28480874122702,48.356171905497945],[-107.28488714246387,48.356277502711116],[-107.28491351242846,48.35626802044147],[-107.28499998507874,48.356252934360924],[-107.2849408796495,48.356129073468736]]]}"
00000000000000001c9a,2028,0,0,0,"{""type"":""Polygon"",""coordinates"":[[[-107.28506678208036,48.356099744075244],[-107.2850601521936,48.35609990647725],[-107.28500736772004,48.35611879957456],[-107.28496714721742,48.356119607019465],[-107.2849408796495,48.356129073468736],[-107.28499998507874,48.356252934360924],[-107.28501982235254,48.356248066539536],[-107.28505276974956,48.35623404121509],[-107.28506617663555,48.35623377205483],[-107.28512579073028,48.356219152738184],[-107.28506678208036,48.356099744075244]]]}"
00000000000000001ca0,2029,0,0,0,"{""type"":""Polygon"",""coordinates"":[[[-107.28518575779758,48.356061688633446],[-107.28513930647183,48.35607153106508],[-107.28512629870731,48.35608067274045],[-107.2850999288727,48.356090155031836],[-107.28507355903209,48.35609963731783],[-107.28506678208036,48.356099744075244],[-107.28512579073028,48.356219152738184],[-107.28514562799683,48.3562142848941],[-107.28521226338269,48.35620406648042],[-107.28525193791388,48.35619433075569],[-107.28518575779758,48.356061688633446]]]}"
00000000000000001c9f,2030,0,0,0,"{""type"":""Polygon"",""coordinates"":[[[-107.28531883622173,48.35604112468204],[-107.28526466767659,48.35602880544002],[-107.28520559498321,48.35605682079342],[-107.28518575779758,48.356061688633446],[-107.28525193791388,48.35619433075569],[-107.28527212179715,48.356193954795074],[-107.28530556552431,48.35619325399136],[-107.28537798782733,48.35616505655279],[-107.28538472003758,48.35616487832136],[-107.28531883622173,48.35604112468204]]]}"
00000000000000001ca4,2031,0,0,0,"{""type"":""Polygon"",""coordinates"":[[[-107.2854446860676,48.356007414241816],[-107.285431478784,48.35601211969939],[-107.2854051089883,48.356021602061325],[-107.28539170213098,48.356021871267075],[-107.28535919884051,48.35604484059624],[-107.28531883622173,48.35604112468204],[-107.28538472003758,48.35616487832136],[-107.28549102996477,48.356144923936704],[-107.28551739985461,48.356135441526845],[-107.2854446860676,48.356007414241816]]]}"
00000000000000001ca3,2032,0,0,0,"{""type"":""Polygon"",""coordinates"":[[[-107.28557093504075,48.35598257614548],[-107.28556415807435,48.355982682938105],[-107.28553778829529,48.35599216533079],[-107.2854446860676,48.356007414241816],[-107.28551739985461,48.356135441526845],[-107.28553748147299,48.35613508131685],[-107.28555751831907,48.356134649651636],[-107.28557092524075,48.356134380420535],[-107.28559733990232,48.35612496944165],[-107.28561747904538,48.356124521957156],[-107.2856505236316,48.35611494852393],[-107.28557093504075,48.35598257614548]]]}"
00000000000000001c7a,2033,0,0,0,"{""type"":""Polygon"",""coordinates"":[[[-107.28569674003025,48.35594879396356],[-107.2856307484566,48.35597239283372],[-107.28557093504075,48.35598257614548],[-107.2856505236316,48.35611494852393],[-107.28573001971881,48.356095532375654],[-107.28577657351384,48.356085673842635],[-107.28569674003025,48.35594879396356]]]}"
00000000000000001cbf,2034,0,0,0,"{""type"":""Polygon"",""coordinates"":[[[-107.28582288669608,48.355923971370714],[-107.28580280513113,48.35592433163755],[-107.28578306529273,48.35593365163305],[-107.28569674003025,48.35594879396356],[-107.28577657351384,48.356085673842635],[-107.2857899804489,48.35608540458088],[-107.28584939486976,48.35606634860812],[-107.28590925330916,48.356056236551424],[-107.28582288669608,48.355923971370714]]]}"
00000000000000001cab,2035,0,0,0,"{""type"":""Polygon"",""coordinates"":[[[-107.28592821076022,48.35588167672437],[-107.28587562616939,48.35590500644976],[-107.28582961889367,48.35592379310923],[-107.28582288669608,48.355923971370714],[-107.28590925330916,48.356056236551424],[-107.28593606719744,48.35605569798887],[-107.28598914864475,48.35604569270359],[-107.28600923031534,48.356045332394295],[-107.28606196998167,48.35602636732297],[-107.28592821076022,48.35588167672437]]]}"
00000000000000001c76,2036,0,0,0,"{""type"":""Polygon"",""coordinates"":[[[-107.28601280942276,48.35582636217349],[-107.28600682323277,48.355839904776566],[-107.28599317193486,48.355835666386426],[-107.28598040876497,48.35584931581271],[-107.28596724630596,48.355854092779104],[-107.28594117359148,48.35587246352818],[-107.28592821076022,48.35588167672437],[-107.28606196998167,48.35602636732297],[-107.28608858423758,48.35602139247346],[-107.28612742023235,48.35598937214668],[-107.28618040426859,48.35597491472206],[-107.28619292299624,48.35595675754841],[-107.28601280942276,48.35582636217349]]]}"
00000000000000001c74,2037,0,0,0,"{""type"":""Polygon"",""coordinates"":[[[-107.28604437159989,48.355781124344595],[-107.28604501532831,48.35579450446877],[-107.28601280942276,48.35582636217349],[-107.28619292299624,48.35595675754841],[-107.28625772927744,48.35590638218319],[-107.28630353685192,48.355883159093956],[-107.28630789835765,48.355829428634976],[-107.28604437159989,48.355781124344595]]]}"
00000000000000001cf6,2038,0,0,0,"{""type"":""Polygon"",""coordinates"":[[[-107.28628578789866,48.35578519659578],[-107.2862715375115,48.35576764958399],[-107.28625738942844,48.355750086768246],[-107.2862613068307,48.35568741256386],[-107.28626110715322,48.355682976348895],[-107.28605570512218,48.35573619121969],[-107.286043186432,48.355754348299314],[-107.28604437159989,48.355781124344595],[-107.28630789835765,48.355829428634976],[-107.28630705485105,48.35581161228076],[-107.28628578789866,48.35578519659578]]]}"
00000000000000001c6e,2039,0,0,0,"{""type"":""Polygon"",""coordinates"":[[[-107.28622464913768,48.355616745427874],[-107.2861829989381,48.35558626975826],[-107.28601900308892,48.355665452479386],[-107.2860537788472,48.35569158307105],[-107.28605451994407,48.3557094151974],[-107.28605540810696,48.35572730297285],[-107.28605570512218,48.35573619121969],[-107.28626110715322,48.355682976348895],[-107.28622464913768,48.355616745427874]]]}"
00000000000000001c77,2040,0,0,0,"{""type"":""Polygon"",""coordinates"":[[[-107.2861273479589,48.355538286959806],[-107.28611305297751,48.355520668551385],[-107.28606566134727,48.35550824305219],[-107.2859428716079,48.35560895737885],[-107.28595637574622,48.355613140117285],[-107.28597022659757,48.35562181470818],[-107.28599090696908,48.35563476304643],[-107.28601900308892,48.355665452479386],[-107.2861829989381,48.35558626975826],[-107.2861273479589,48.355538286959806]]]}"
00000000000000001c75,2041,0,0,0,"{""type"":""Polygon"",""coordinates"":[[[-107.28602509926844,48.355500091266435],[-107.28594960685108,48.35546144419062],[-107.28594273260043,48.35545709900264],[-107.28582721637413,48.35557103069478],[-107.28583384621942,48.35557086824252],[-107.28587485228445,48.355587963988164],[-107.28590166582389,48.35558742544879],[-107.2859153695798,48.355596044400926],[-107.2859428716079,48.35560895737885],[-107.28606566134727,48.35550824305219],[-107.28602509926844,48.355500091266435]]]}"
00000000000000001c7b,2042,0,0,0,"{""type"":""Polygon"",""coordinates"":[[[-107.28590860085129,48.35544434851583],[-107.2858948971504,48.3554357295859],[-107.28584072892971,48.355423410800434],[-107.28583321104855,48.35540568557402],[-107.28581980435345,48.35540595483228],[-107.28571833841656,48.35553299708856],[-107.28575890032471,48.35554114901318],[-107.28582721637413,48.35557103069478],[-107.28594273260043,48.35545709900264],[-107.28590860085129,48.35544434851583]]]}"
00000000000000001c70,2043,0,0,0,"{""type"":""Polygon"",""coordinates"":[[[-107.28572571810949,48.35539886413512],[-107.2856982611476,48.35538602258851],[-107.28567110610814,48.35537760142215],[-107.28560346958818,48.355512973689],[-107.28565719372853,48.35551634877252],[-107.28569132535944,48.35552909936885],[-107.28571833841656,48.35553299708856],[-107.28581980435345,48.35540595483228],[-107.28572571810949,48.35539886413512]]]}"
00000000000000001c6c,2044,0,0,0,"{""type"":""Polygon"",""coordinates"":[[[-107.28565769944622,48.35537787065681],[-107.28555589616226,48.35534861837239],[-107.28554882241428,48.35533983697303],[-107.28547525186418,48.355493132106545],[-107.28552902066332,48.355496578713584],[-107.28554287130814,48.35550525335231],[-107.28560346958818,48.355512973689],[-107.28567110610814,48.35537760142215],[-107.28565769944622,48.35537787065681]]]}"
00000000000000001c6f,2045,0,0,0,"{""type"":""Polygon"",""coordinates"":[[[-107.28552126830687,48.355322543391146],[-107.28542688077663,48.35531103201606],[-107.28533367258386,48.355473630992165],[-107.28534054671944,48.355477976227974],[-107.28543493455149,48.355489487716284],[-107.28547525186418,48.355493132106545],[-107.28554882241428,48.35533983697303],[-107.28552126830687,48.355322543391146]]]}"
00000000000000001c71,2046,0,0,0,"{""type"":""Polygon"",""coordinates"":[[[-107.2854134741735,48.355311301214826],[-107.28537291274327,48.35530314916748],[-107.28529203432775,48.35529135265933],[-107.28521742050815,48.35542239502838],[-107.28523780351797,48.35542645528977],[-107.2852653574785,48.3554437489904],[-107.28533367258386,48.355473630992165],[-107.28542688077663,48.35531103201606],[-107.2854134741735,48.355311301214826]]]}"
00000000000000001c6d,2047,0,0,0,"{""type"":""Polygon"",""coordinates"":[[[-107.28523820847549,48.3552879931773],[-107.28523742299049,48.35527008972599],[-107.28521674324554,48.35525714129838],[-107.28515708593619,48.35527168891778],[-107.28509533728827,48.35538906614251],[-107.28512249203112,48.35539748748089],[-107.2851497043071,48.35540582155631],[-107.28521742050815,48.35542239502838],[-107.28529203432775,48.35529135265933],[-107.28523820847549,48.3552879931773]]]}"
00000000000000001c72,2048,0,0,0,"{""type"":""Polygon"",""coordinates"":[[[-107.28514392370437,48.35527646571383],[-107.2850410344689,48.355224889090046],[-107.28497285540469,48.35534686472522],[-107.28499373458052,48.35536424942406],[-107.28501381566879,48.35536388934216],[-107.28503385198682,48.35536345780576],[-107.28509533728827,48.35538906614251],[-107.28515708593619,48.35527168891778],[-107.28514392370437,48.35527646571383]]]}"
00000000000000001c86,2049,0,0,0,"{""type"":""Polygon"",""coordinates"":[[[-107.28499339983033,48.355207955466554],[-107.28493215924924,48.3551868547709],[-107.28484948638088,48.35528677551472],[-107.28487016592857,48.355299724033564],[-107.28489860712082,48.35533490547639],[-107.28491750381319,48.35530776956038],[-107.28493145138587,48.35532089626107],[-107.28494525696343,48.355329499514546],[-107.28497285540469,48.35534686472522],[-107.2850410344689,48.355224889090046],[-107.28499339983033,48.355207955466554]]]}"
00000000000000001c87,2050,0,0,0,"{""type"":""Polygon"",""coordinates"":[[[-107.28491855324384,48.35518268771696],[-107.28486424429872,48.355165844972824],[-107.2848230848746,48.35514438416924],[-107.28473353794043,48.355239959478084],[-107.2847808308749,48.35524793361745],[-107.2848286648591,48.35526930355055],[-107.28484281188102,48.35528686644498],[-107.28484948638088,48.35528677551472],[-107.28493215924924,48.3551868547709],[-107.28491855324384,48.35518268771696]]]}"
00000000000000001c8b,2051,0,0,0,"{""type"":""Polygon"",""coordinates"":[[[-107.28479573096669,48.35513152660122],[-107.28478232451816,48.35513179570709],[-107.28475506785719,48.35512339011065],[-107.28470767789186,48.35511096399224],[-107.28469382770875,48.35510228928565],[-107.2846113541097,48.35520664585443],[-107.28462520429726,48.3552153205898],[-107.28473353794043,48.355239959478084],[-107.2848230848746,48.35514438416924],[-107.28479573096669,48.35513152660122]]]}"
00000000000000001c88,2052,0,0,0,"{""type"":""Polygon"",""coordinates"":[[[-107.28465979946334,48.35508952260408],[-107.28462591322322,48.355081279340695],[-107.28459128661001,48.35505520412377],[-107.28457076205449,48.35504662031721],[-107.28448951718588,48.35517782391327],[-107.28450312307638,48.355181991030484],[-107.2845907322738,48.35519361004204],[-107.2846113541097,48.35520664585443],[-107.28469382770875,48.35510228928565],[-107.28465979946334,48.35508952260408]]]}"
00000000000000001c82,2053,0,0,0,"{""type"":""Polygon"",""coordinates"":[[[-107.28455028228579,48.35503810795732],[-107.2845360332452,48.35502056090021],[-107.2845147683683,48.3549941451631],[-107.2844610457663,48.35499076943499],[-107.2843674363912,48.35514449419425],[-107.28438093995146,48.35514867713225],[-107.28442847674077,48.35516115907175],[-107.28448951718588,48.35517782391327],[-107.28457076205449,48.35504662031721],[-107.28455028228579,48.35503810795732]]]}"
00000000000000001c81,2054,0,0,0,"{""type"":""Polygon"",""coordinates"":[[[-107.28441395284837,48.35498723132862],[-107.28436666051242,48.35497925703257],[-107.2843135811415,48.35498926116864],[-107.28423892062432,48.355120230633084],[-107.28431302579746,48.35512766693946],[-107.2843674363912,48.35514449419425],[-107.2844610457663,48.35499076943499],[-107.28441395284837,48.35498723132862]]]}"
00000000000000001c84,2055,0,0,0,"{""type"":""GeometryCollection"",""geometries"":[{""type"":""LineString"",""coordinates"":[[-107.28431373030737,48.35499369576305],[-107.28431353112575,48.35498924229693]]},{""type"":""Polygon"",""coordinates"":[[[-107.28422646879503,48.35499096623353],[-107.28418496886997,48.35496054561989],[-107.28412277481982,48.35506897777927],[-107.28413638057492,48.355073144943326],[-107.28415012824574,48.35508183553598],[-107.2841907461321,48.355089900837314],[-107.28415922779314,48.355135208944226],[-107.28417930857874,48.35513484904593],[-107.28420523404019,48.35511642338874],[-107.28422541711143,48.35511604767616],[-107.28423892062432,48.355120230633084],[-107.28431378058663,48.35499369733575],[-107.28431373030737,48.35499369576305],[-107.28422646879503,48.35499096623353]]]}]}"
00000000000000001c90,2056,0,0,0,"{""type"":""Polygon"",""coordinates"":[[[-107.28410202163687,48.35490408489977],[-107.28408168406168,48.354900095870576],[-107.28400049579434,48.35503121146043],[-107.2840141986265,48.35503983061706],[-107.28404101124059,48.35503929262585],[-107.28406816517763,48.355047714227275],[-107.28411590099088,48.35506463248194],[-107.28412277481982,48.35506897777927],[-107.28418496886997,48.35496054561989],[-107.28410202163687,48.35490408489977]]]}"
00000000000000001c8d,2057,0,0,0,"{""type"":""Polygon"",""coordinates"":[[[-107.283967321226,48.354888927143925],[-107.28394684181663,48.354880414671534],[-107.28388440322985,48.35498433890385],[-107.28390468327022,48.35498841523635],[-107.28400049579434,48.35503121146043],[-107.28408168406168,48.354900095870576],[-107.283967321226,48.354888927143925]]]}"
00000000000000001c57,2058,0,0,0,"{""type"":""Polygon"",""coordinates"":[[[-107.28387239623717,48.354864018522655],[-107.28378552874538,48.35487023077553],[-107.28375741896824,48.35499134226212],[-107.28378383271298,48.35498193200696],[-107.28386416796958,48.35498033401748],[-107.28388440322985,48.35498433890385],[-107.28394684181663,48.354880414671534],[-107.28387239623717,48.354864018522655]]]}"
00000000000000001c56,2059,0,0,0,"{""type"":""Polygon"",""coordinates"":[[[-107.28369198696517,48.35487653379487],[-107.28365142715595,48.35486838104639],[-107.28365004434237,48.35483716922912],[-107.28364920211037,48.35481935315125],[-107.28360864239107,48.35481120039119],[-107.28362387484235,48.35485108702811],[-107.28362407420445,48.35485552318725],[-107.28365734439303,48.35500225954535],[-107.28367075063491,48.35500199060231],[-107.28368460038607,48.35501066545097],[-107.28375741896824,48.35499134226212],[-107.28378552874538,48.35487023077553],[-107.28369198696517,48.35487653379487]]]}"
00000000000000001c55,2060,0,0,0,"{""type"":""MultiPolygon"",""coordinates"":[[[[-107.28360864239107,48.35481120039119],[-107.2835749563853,48.35480739293333],[-107.28362387484235,48.35485108702811],[-107.28360864239107,48.35481120039119]]],[[[-107.28362407420445,48.35485552318725],[-107.28358483970487,48.354878669491605],[-107.28356594256911,48.35490580493814],[-107.2834986152182,48.3548982614206],[-107.28349194088543,48.35489835225215],[-107.28354475058597,48.355031333247965],[-107.28355148246136,48.35503115515723],[-107.28361059837381,48.355003212850015],[-107.28365734439303,48.35500225954535],[-107.28362407420445,48.35485552318725]]]]}"
00000000000000001c5b,2061,0,0,0,"{""type"":""Polygon"",""coordinates"":[[[-107.28349194088543,48.35489835225215],[-107.28345849896884,48.354899052361766],[-107.28343831618042,48.35489942790458],[-107.28341239072222,48.3549178532797],[-107.2833592669777,48.35492778541659],[-107.28335253513458,48.35492796349269],[-107.28341796591441,48.35504277233296],[-107.28343092869218,48.35503355962188],[-107.28344433491323,48.35503329071079],[-107.28347114736074,48.355032752882884],[-107.28354475058597,48.355031333247965],[-107.28349194088543,48.35489835225215]]]}"
00000000000000001c8c,2062,0,0,0,"{""type"":""Polygon"",""coordinates"":[[[-107.28335253513458,48.35492796349269],[-107.28331315869454,48.35494658629798],[-107.28326670926684,48.35495642757026],[-107.28325374650092,48.354965640245545],[-107.28323356372017,48.35496601574563],[-107.28328504744003,48.3550676978575],[-107.28329162475347,48.355063155057316],[-107.28335177690882,48.35506193301059],[-107.28339199557448,48.355061126304356],[-107.28341796591441,48.35504277233296],[-107.28335253513458,48.35492796349269]]]}"
00000000000000001c8e,2063,0,0,0,"{""type"":""Polygon"",""coordinates"":[[[-107.28323356372017,48.35496601574563],[-107.28318671567155,48.35496698464064],[-107.28313359192842,48.354976916661904],[-107.28311355622138,48.354977347783496],[-107.28313856824914,48.35508852734894],[-107.28316513657565,48.355083481975235],[-107.28319862332468,48.3550828534145],[-107.28324547152579,48.3550818845077],[-107.28328504744003,48.3550676978575],[-107.28323356372017,48.35496601574563]]]}"
00000000000000001c94,2064,0,0,0,"{""type"":""Polygon"",""coordinates"":[[[-107.28311355622138,48.354977347783496],[-107.28308674391555,48.35497788550748],[-107.28298666992703,48.35498880207465],[-107.28300525126348,48.35510458013961],[-107.28313856824914,48.35508852734894],[-107.28311355622138,48.354977347783496]]]}"
00000000000000001c8f,2065,0,0,0,"{""type"":""Polygon"",""coordinates"":[[[-107.28298666992703,48.35498880207465],[-107.28291974153007,48.354990130476935],[-107.28288669827549,48.35499970273519],[-107.28287264956805,48.354986591591064],[-107.28285281317821,48.35499145883151],[-107.28285325648133,48.35500040263242],[-107.28286526003183,48.35512072353635],[-107.28296513500047,48.35510537087821],[-107.28299194736405,48.35510483318541],[-107.28300525126348,48.35510458013961],[-107.28298666992703,48.35498880207465]]]}"
00000000000000001c97,2066,0,0,0,"{""type"":""MultiPolygon"",""coordinates"":[[[[-107.28285325648133,48.35500040263242],[-107.28285281317821,48.35499145883151],[-107.28283273275403,48.35499181844249],[-107.28285325648133,48.35500040263242]]],[[[-107.28285325648133,48.35500040263242],[-107.2828266434967,48.35500537645832],[-107.28283273275403,48.35499181844249],[-107.28276570217625,48.3549931625382],[-107.2827665887396,48.35501105014397],[-107.28276698725278,48.355019922498165],[-107.28273933323284,48.3550026439656],[-107.28271929759528,48.355003075003424],[-107.28273194321653,48.35513677595324],[-107.2827654298596,48.3551361475455],[-107.28286526003183,48.35512072353635],[-107.28285325648133,48.35500040263242]],[[-107.28281343663579,48.35501008145684],[-107.28282698450852,48.35501433606511],[-107.2828266434967,48.35500537645832],[-107.28281343663579,48.35501008145684]]]]}"
00000000000000001c92,2067,0,0,0,"{""type"":""Polygon"",""coordinates"":[[[-107.28271929759528,48.355003075003424],[-107.28267918156385,48.35500386561528],[-107.28265899888555,48.35500424099237],[-107.2826188828785,48.35500503157845],[-107.28258539640616,48.35500565992924],[-107.28259121274833,48.35513508694776],[-107.28273194321653,48.35513677595324],[-107.28271929759528,48.355003075003424]]]}"
00000000000000001c98,2068,0,0,0,"{""type"":""Polygon"",""coordinates"":[[[-107.28253854862858,48.355006628502124],[-107.28252558576817,48.35501584109027],[-107.28251173646487,48.35500716606238],[-107.28245114172921,48.3549994437596],[-107.2824503802287,48.35513341353321],[-107.28259121274833,48.35513508694776],[-107.28258539640616,48.35500565992924],[-107.28253854862858,48.355006628502124]]]}"
00000000000000001c99,2069,0,0,0,"{""type"":""Polygon"",""coordinates"":[[[-107.28238377050518,48.35499182797398],[-107.28231674024617,48.354993171748454],[-107.28231642143336,48.35513608534699],[-107.28243697411256,48.35513368230348],[-107.2824503802287,48.35513341353321],[-107.28245114172921,48.3549994437596],[-107.28238377050518,48.35499182797398]]]}"
00000000000000001c91,2070,0,0,0,"{""type"":""Polygon"",""coordinates"":[[[-107.28218941701904,48.35499121337783],[-107.28217603248795,48.355143355350876],[-107.28225626981691,48.355137306733674],[-107.28230979191018,48.3551362475471],[-107.28231642143336,48.35513608534699],[-107.28231674024617,48.354993171748454],[-107.28218941701904,48.35499121337783]]]}"
00000000000000001c9d,2071,0,0,0,"{""type"":""Polygon"",""coordinates"":[[[-107.28208870144061,48.35498874900752],[-107.28207593771272,48.35500239771227],[-107.28205565827868,48.35499832097741],[-107.28203530289122,48.355141665508995],[-107.28212251046028,48.35514441446144],[-107.28217603248795,48.355143355350876],[-107.28218941701904,48.35499121337783],[-107.28208870144061,48.35498874900752]]]}"
00000000000000001c9e,2072,1,0,0,"{""type"":""Polygon"",""coordinates"":[[[-107.28199506395991,48.354990598377775],[-107.28199422254214,48.35497278221344],[-107.28195410685196,48.354973572513515],[-107.2819467903788,48.354960283252304],[-107.28192685180248,48.35496516609903],[-107.28190114550495,48.355139900538255],[-107.28203530289122,48.355141665508995],[-107.28205565827868,48.35499832097741],[-107.28199506395991,48.354990598377775]]]}"
00000000000000001ca1,2073,0,0,0,"{""type"":""Polygon"",""coordinates"":[[[-107.28190681635701,48.35496559696228],[-107.28184651822826,48.35496676242586],[-107.2818473595739,48.354984578591306],[-107.28184770034588,48.354993538204155],[-107.28179333740171,48.35497678094873],[-107.28176664758195,48.35512917573688],[-107.28178045187252,48.35513777944664],[-107.28190114550495,48.355139900538255],[-107.28192685180248,48.35496516609903],[-107.28190681635701,48.35496559696228]]]}"
00000000000000001ca6,2074,0,0,0,"{""type"":""Polygon"",""coordinates"":[[[-107.28174614930575,48.35496878951292],[-107.2817260691306,48.354969148886184],[-107.28168486840028,48.35494761527869],[-107.28162311180111,48.355064989759384],[-107.28164359024504,48.35507350278095],[-107.28176664758195,48.35512917573688],[-107.28179333740171,48.35497678094873],[-107.28174614930575,48.35496878951292]]]}"
00000000000000001cc5,2075,0,0,0,"{""type"":""Polygon"",""coordinates"":[[[-107.2816300626901,48.35492191413714],[-107.28162299025131,48.354913132486],[-107.2814926812816,48.35499611461495],[-107.28149955459071,48.3550004601075],[-107.28154095429124,48.35502643000343],[-107.28156810689589,48.35503485234301],[-107.28159565774833,48.3550521470474],[-107.28162311180111,48.355064989759384],[-107.28168486840028,48.35494761527869],[-107.2816300626901,48.35492191413714]]]}"
00000000000000001de8,2076,0,0,0,"{""type"":""Polygon"",""coordinates"":[[[-107.2815952403595,48.35489140165971],[-107.2815733362343,48.35485160530185],[-107.28138886411244,48.35492226596024],[-107.28144386860481,48.35495240342595],[-107.28145859792566,48.35498343401766],[-107.2814926812816,48.35499611461495],[-107.28162299025131,48.354913132486],[-107.2815952403595,48.35489140165971]]]}"
00000000000000001dec,2077,0,0,0,"{""type"":""Polygon"",""coordinates"":[[[-107.28154598464755,48.354838746820676],[-107.28153193667865,48.35482563550147],[-107.2815297720006,48.35477652027137],[-107.28132462300309,48.35483423151145],[-107.28135948972235,48.35486481551521],[-107.28136067148642,48.354891591257186],[-107.28138886411244,48.35492226596024],[-107.2815733362343,48.35485160530185],[-107.28154598464755,48.354838746820676]]]}"
00000000000000001c67,2078,0,0,0,"{""type"":""Polygon"",""coordinates"":[[[-107.28151478604903,48.35474114090345],[-107.28148580974303,48.354692563008165],[-107.28127398710843,48.35475036472302],[-107.28127443002634,48.35475930850047],[-107.28128877371482,48.35478130797601],[-107.28130296310616,48.354798942742725],[-107.28130360511037,48.354812322695544],[-107.28132462300309,48.35483423151145],[-107.2815297720006,48.35477652027137],[-107.28153590636296,48.35476303383862],[-107.28151478604903,48.35474114090345]]]}"
00000000000000001c58,2079,0,0,0,"{""type"":""Polygon"",""coordinates"":[[[-107.28147166503639,48.35467499975689],[-107.28145747557959,48.35465736505779],[-107.28145707738031,48.35464849275062],[-107.28144170610604,48.354604082449626],[-107.28122335145174,48.354666498033936],[-107.28123022465162,48.35467084352162],[-107.28124436920456,48.35468840681095],[-107.28125959867661,48.354728293806154],[-107.2812737880318,48.35474592856053],[-107.28127398710843,48.35475036472302],[-107.28148580974303,48.354692563008165],[-107.28147166503639,48.35467499975689]]]}"
00000000000000001c68,2080,0,0,0,"{""type"":""Polygon"",""coordinates"":[[[-107.28141095090649,48.35451542065234],[-107.281172716033,48.35458263144424],[-107.28116638253537,48.35459168165974],[-107.28120144792406,48.35462670174425],[-107.28121563720853,48.35464433647537],[-107.28122335145174,48.354666498033936],[-107.28144170610604,48.354604082449626],[-107.28141095090649,48.35451542065234]]]}"
00000000000000001c66,2081,0,0,0,"{""type"":""Polygon"",""coordinates"":[[[-107.28139389745762,48.35443537845266],[-107.28114839184468,48.35448937132331],[-107.28115532251736,48.35449362955068],[-107.28112905078206,48.35450756238057],[-107.28117227313787,48.35457368769541],[-107.281172716033,48.35458263144424],[-107.28141095090649,48.35451542065234],[-107.28141050795188,48.35450647691741],[-107.28140976908955,48.354488645101476],[-107.28139389745762,48.35443537845266]]]}"
00000000000000001c53,2082,0,0,0,"{""type"":""Polygon"",""coordinates"":[[[-107.2813712549696,48.35437775059797],[-107.28110384648902,48.35439194719911],[-107.28111941629928,48.354440793527935],[-107.28114839184468,48.35448937132331],[-107.28139389745762,48.35443537845266],[-107.2813712549696,48.35437775059797]]]}"
00000000000000001c4f,2083,0,0,0,"{""type"":""Polygon"",""coordinates"":[[[-107.28134723168024,48.35428891122025],[-107.28108649795796,48.35430301705709],[-107.28109421206295,48.354325178487485],[-107.28108841825483,48.354347624293524],[-107.28110384648902,48.35439194719911],[-107.2813712549696,48.35437775059797],[-107.28137101111408,48.354373243016255],[-107.28137532160255,48.35431960139221],[-107.28134723168024,48.35428891122025]]]}"
00000000000000001c63,2084,0,0,0,"{""type"":""GeometryCollection"",""geometries"":[{""type"":""LineString"",""coordinates"":[[-107.28131641467493,48.354200169703326],[-107.28132980473386,48.354199904026224]]},{""type"":""Polygon"",""coordinates"":[[[-107.28133646706489,48.354199747735336],[-107.2813301784348,48.35420886934458],[-107.28131643215845,48.354200178455656],[-107.28106910472793,48.35421401560804],[-107.28106954760233,48.354222959297466],[-107.28109096311962,48.35425374017809],[-107.28108605508044,48.35429407335439],[-107.28108649795796,48.35430301705709],[-107.28134723168024,48.35428891122025],[-107.28132468614743,48.35423573542985],[-107.28135011654054,48.354203986702935],[-107.28133646706489,48.354199747735336]]]}]}"
00000000000000001c65,2085,0,0,0,"{""type"":""Polygon"",""coordinates"":[[[-107.28133208062044,48.35410160570709],[-107.28107199019239,48.354129091203205],[-107.28107243306857,48.354138034878304],[-107.28106910472793,48.35421401560804],[-107.28132983777749,48.35419990985902],[-107.28133646706489,48.354199747735336],[-107.2813424022785,48.3541818253475],[-107.28134141958675,48.35415948607541],[-107.28134097664469,48.354150542399616],[-107.28133208062044,48.35410160570709]]]}"
00000000000000001c50,2086,0,0,0,"{""type"":""Polygon"",""coordinates"":[[[-107.28131675444045,48.35405726728429],[-107.28132146309618,48.354012498182065],[-107.28104119151654,48.35404035859527],[-107.28107199019239,48.354129091203205],[-107.28133208062044,48.35410160570709],[-107.28131675444045,48.35405726728429]]]}"
00000000000000001c60,2087,0,0,0,"{""type"":""Polygon"",""coordinates"":[[[-107.28129837799523,48.353945927117984],[-107.28130406932162,48.35392349727493],[-107.28097715183844,48.35395676140936],[-107.28099100017953,48.35396543651166],[-107.28102502478164,48.35397820431513],[-107.28104119151654,48.35404035859527],[-107.28132146309618,48.354012498182065],[-107.28132057721807,48.353994610881024],[-107.28132003747217,48.35398121533311],[-107.28129837799523,48.353945927117984]]]}"
00000000000000001c62,2088,0,0,0,"{""type"":""Polygon"",""coordinates"":[[[-107.28126030757869,48.35384397730394],[-107.28124645917552,48.35383530226181],[-107.2812396308808,48.353831028290074],[-107.2808999508336,48.35387794037837],[-107.28090820434527,48.35391349718527],[-107.28094272920595,48.353935121399346],[-107.28097715183844,48.35395676140936],[-107.28130406932162,48.35392349727493],[-107.28130362638571,48.35391455363844],[-107.28126030757869,48.35384397730394]]]}"
00000000000000001c5f,2089,0,0,0,"{""type"":""Polygon"",""coordinates"":[[[-107.28121163823694,48.35380479023273],[-107.28110778027816,48.3537308713757],[-107.28089223692685,48.3538557791135],[-107.2808999508336,48.35387794037837],[-107.2812396308808,48.353831028290074],[-107.28121163823694,48.35380479023273]]]}"
00000000000000001c61,2090,0,0,0,"{""type"":""Polygon"",""coordinates"":[[[-107.28107355677484,48.353713667579484],[-107.28105189772175,48.35367837947537],[-107.2810314202855,48.353669866525216],[-107.28105694718725,48.35364257009208],[-107.28105007419902,48.353638224670554],[-107.28084833481776,48.35377173569266],[-107.28086370503792,48.35381614542109],[-107.28089105546309,48.35382900387897],[-107.28089223692685,48.3538557791135],[-107.28110778027816,48.3537308713757],[-107.28107355677484,48.353713667579484]]]}"
00000000000000001c64,2091,0,0,0,"{""type"":""Polygon"",""coordinates"":[[[-107.28100258699533,48.35362581274471],[-107.28099066450433,48.35365727668751],[-107.28094946591649,48.35363574324092],[-107.28093566246929,48.3536271396331],[-107.28091494130992,48.353614119144396],[-107.28077069173403,48.353683971210145],[-107.28077820650907,48.35370169633816],[-107.28084833481776,48.35377173569266],[-107.28105007419902,48.353638224670554],[-107.28100258699533,48.35362581274471]]]}"
00000000000000001c4e,2092,0,0,0,"{""type"":""Polygon"",""coordinates"":[[[-107.2809080683541,48.35360977371422],[-107.28089392437198,48.35359221071667],[-107.28087978040462,48.353574647722475],[-107.28086455175124,48.35353476151048],[-107.28070645437523,48.35359593830024],[-107.28072168285021,48.353635824587634],[-107.28076361977212,48.353675189687834],[-107.28077069173403,48.353683971210145],[-107.28091494130992,48.353614119144396],[-107.2809080683541,48.35360977371422]]]}"
00000000000000001c52,2093,0,0,0,"{""type"":""Polygon"",""coordinates"":[[[-107.28082143339066,48.35346862150335],[-107.28066205272418,48.35350303886166],[-107.28069088542033,48.35354709265782],[-107.28069142494512,48.35356048810567],[-107.2806923105249,48.353578375274246],[-107.28070645437523,48.35359593830024],[-107.28086455175124,48.35353476151048],[-107.28082143339066,48.35346862150335]]]}"
00000000000000001ded,2094,0,0,0,"{""type"":""Polygon"",""coordinates"":[[[-107.28080684669033,48.35344211497467],[-107.28080502342307,48.3534019603369],[-107.2808045806032,48.35339301678277],[-107.28060454734457,48.35341482829674],[-107.28060499011495,48.35342377185671],[-107.28062644950477,48.35345462385144],[-107.28066205272418,48.35350303886166],[-107.28082143339066,48.35346862150335],[-107.28080684669033,48.35344211497467]]]}"
00000000000000001c4d,2095,0,0,0,"{""type"":""Polygon"",""coordinates"":[[[-107.28078999394181,48.35336651028819],[-107.28076691021369,48.35329993986926],[-107.28075983831681,48.35329115840835],[-107.28056785977085,48.353344090192095],[-107.28056810353273,48.35334859769109],[-107.28058922235734,48.353370490299525],[-107.28060360983956,48.353392560778055],[-107.28060454734457,48.35341482829674],[-107.2808045806032,48.35339301678277],[-107.28080424006203,48.35338405742968],[-107.28078999394181,48.35336651028819]]]}"
00000000000000001c48,2096,0,0,0,"{""type"":""Polygon"",""coordinates"":[[[-107.2807454955116,48.353269159447095],[-107.28074451315341,48.35324682054333],[-107.28073591383453,48.35320677247506],[-107.28051702870563,48.35325578921293],[-107.28051747145653,48.35326473274707],[-107.28054575874282,48.35329985865784],[-107.28056785977085,48.353344090192095],[-107.28075983831681,48.35329115840835],[-107.2807454955116,48.353269159447095]]]}"
00000000000000001c4c,2097,0,0,0,"{""type"":""Polygon"",""coordinates"":[[[-107.28072830241625,48.353184595670704],[-107.28068710459762,48.35316306228329],[-107.28067187630745,48.35312317633987],[-107.28047307068314,48.35317183377679],[-107.28051584749215,48.353229014269154],[-107.28051702870563,48.35325578921293],[-107.28073591383453,48.35320677247506],[-107.28072830241625,48.353184595670704]]]}"
00000000000000001c4b,2098,0,0,0,"{""type"":""Polygon"",""coordinates"":[[[-107.28065719311344,48.353092218126534],[-107.28062802026268,48.35303920539111],[-107.28044900550742,48.35308292466401],[-107.28045632102112,48.353096213595045],[-107.28045814392294,48.353136368018134],[-107.28047282693201,48.35316732629225],[-107.28047307068314,48.35317183377679],[-107.28067187630745,48.35312317633987],[-107.28065719311344,48.353092218126534]]]}"
00000000000000001df0,2099,0,0,0,"{""type"":""Polygon"",""coordinates"":[[[-107.28062074944393,48.35302598793851],[-107.28059840472247,48.352977249211065],[-107.2804109384262,48.352980976081284],[-107.2804259673636,48.353016425946386],[-107.28044900550742,48.35308292466401],[-107.28062802026268,48.35303920539111],[-107.28062074944393,48.35302598793851]]]}"
00000000000000001df1,2100,0,0,0,"{""type"":""Polygon"",""coordinates"":[[[-107.28042683203574,48.352886913162294],[-107.28042158318986,48.352918286000005],[-107.2804032249849,48.35295881513866],[-107.2804109384262,48.352980976081284],[-107.28059840472247,48.352977249211065],[-107.2805977629413,48.35296386970898],[-107.2806015346306,48.35289683423625],[-107.28042683203574,48.352886913162294]]]}"
00000000000000001c4a,2101,0,0,0,"{""type"":""Polygon"",""coordinates"":[[[-107.2804630607714,48.352796840110344],[-107.28044420798705,48.35282404534175],[-107.28042683203574,48.352886913162294],[-107.2806015346306,48.35289683423625],[-107.28060486351592,48.3528208553884],[-107.28061129349665,48.35281625732168],[-107.2804630607714,48.352796840110344]]]}"
00000000000000001c46,2102,0,0,0,"{""type"":""Polygon"",""coordinates"":[[[-107.2804923590892,48.35270250905885],[-107.28048706557632,48.35273381033997],[-107.28046939403961,48.35278779025206],[-107.2804630607714,48.352796840110344],[-107.28061129349665,48.35281625732168],[-107.28063628041407,48.35277556619533],[-107.28065523534644,48.35274834515418],[-107.28066166531104,48.352743747090756],[-107.2804923590892,48.35270250905885]]]}"
00000000000000001c40,2103,0,0,0,"{""type"":""Polygon"",""coordinates"":[[[-107.28054208912445,48.35261661962993],[-107.28050958778667,48.35263958580056],[-107.2804923590892,48.35270250905885],[-107.28066166531104,48.352743747090756],[-107.28069376866742,48.35271190883059],[-107.28072568570741,48.35267547588944],[-107.28054208912445,48.35261661962993]]]}"
00000000000000001c42,2104,0,0,0,"{""type"":""Polygon"",""coordinates"":[[[-107.28059795312062,48.35251724451992],[-107.2805794985846,48.35255332159393],[-107.28055509605235,48.35260747919093],[-107.28054208912445,48.35261661962993],[-107.28072568570741,48.35267547588944],[-107.28077030830025,48.35262548230443],[-107.28077010927022,48.35262104631676],[-107.28059795312062,48.35251724451992]]]}"
00000000000000001c45,2105,0,0,0,"{""type"":""Polygon"",""coordinates"":[[[-107.28070134698416,48.35243035288131],[-107.28065588376468,48.352462530894854],[-107.28062981251827,48.352480898995694],[-107.28061685040626,48.35249011087043],[-107.28059795312062,48.35251724451992],[-107.28077010927022,48.35262104631676],[-107.28084851670951,48.35257484531455],[-107.28070134698416,48.35243035288131]]]}"
00000000000000001c41,2106,0,0,0,"{""type"":""Polygon"",""coordinates"":[[[-107.28086813532624,48.35241367676585],[-107.28083445278065,48.35240986843112],[-107.28070134698416,48.35243035288131],[-107.28084851670951,48.35257484531455],[-107.28086167787076,48.35257006937631],[-107.28091445678501,48.35255117995595],[-107.28092766270025,48.35254647545964],[-107.28086813532624,48.35241367676585]]]}"
00000000000000001c3d,2107,0,0,0,"{""type"":""Polygon"",""coordinates"":[[[-107.28099530623619,48.35241111384751],[-107.28094168655122,48.35241218792934],[-107.2809082477815,48.35241288703908],[-107.28086813532624,48.35241367676585],[-107.28092766270025,48.35254647545964],[-107.28099360273112,48.35252281006047],[-107.2810203103884,48.35252228880576],[-107.28102878979675,48.35241048615519],[-107.28099530623619,48.35241111384751]]]}"
00000000000000001c51,2108,0,0,0,"{""type"":""Polygon"",""coordinates"":[[[-107.28110675376044,48.352355341762824],[-107.28103541874276,48.35241032406639],[-107.28102878979675,48.35241048615519],[-107.2810203103884,48.35252228880576],[-107.28120154476258,48.35252759486309],[-107.28110675376044,48.352355341762824]]]}"
00000000000000001c49,2109,0,0,0,"{""type"":""Polygon"",""coordinates"":[[[-107.28122547204359,48.352312786835896],[-107.2811907044762,48.35228665594759],[-107.28116453666742,48.352300572367376],[-107.2811183350017,48.352314919420834],[-107.28113901083891,48.35232786811391],[-107.28110675376044,48.352355341762824],[-107.28120154476258,48.35252759486309],[-107.28129517522777,48.35252574652936],[-107.28134172332652,48.352515890949896],[-107.28122547204359,48.352312786835896]]]}"
00000000000000001c54,2110,0,0,0,"{""type"":""Polygon"",""coordinates"":[[[-107.28127963151441,48.35232510772486],[-107.28122547204359,48.352312786835896],[-107.28134172332652,48.352515890949896],[-107.2813615582241,48.35251102428545],[-107.28137496323805,48.35251075570637],[-107.2814138941092,48.352483191218305],[-107.28144070413363,48.35248265404405],[-107.28146667293879,48.352464301527625],[-107.28149185799882,48.352428046440075],[-107.28151728689842,48.3523962987846],[-107.28127972833245,48.352329559485796],[-107.28127963151441,48.35232510772486]],[[-107.28127972833245,48.352329559485796],[-107.28124628951785,48.35233025871321],[-107.28127349757052,48.352338593513174],[-107.28127972833245,48.352329559485796]]]}"
00000000000000001c2f,2111,0,0,0,"{""type"":""Polygon"",""coordinates"":[[[-107.28129313326909,48.35232929092101],[-107.28127972833245,48.352329559485796],[-107.28151728689842,48.3523962987846],[-107.281567798412,48.35232831190698],[-107.28153946571962,48.352293115506285],[-107.28121534984322,48.35223700594227],[-107.28122909540043,48.35224569654346],[-107.28121613343886,48.35225490845452],[-107.28121711612124,48.35227724692909],[-107.2811907044762,48.35228665594759],[-107.28122547204359,48.352312786835896],[-107.28127963151441,48.35232510772486],[-107.28127938765812,48.3523206003167],[-107.28129279259146,48.35232033175209],[-107.28129313326909,48.35232929092101]],[[-107.28129279259146,48.35232033175209],[-107.2813059984292,48.352315627226155],[-107.28129882424993,48.35230686176802],[-107.28129279259146,48.35232033175209]]]}"
00000000000000001c30,2112,0,0,0,"{""type"":""Polygon"",""coordinates"":[[[-107.28122535097279,48.35216093739868],[-107.2812010070384,48.35221500748454],[-107.28121534984322,48.35223700594227],[-107.28153946571962,48.352293115506285],[-107.28153926659364,48.352288679550334],[-107.28153744244733,48.35224852581858],[-107.28153552145034,48.352203920367344],[-107.28154180965387,48.35219479909895],[-107.28122535097279,48.35216093739868]]]}"
00000000000000001c3f,2113,0,0,0,"{""type"":""Polygon"",""coordinates"":[[[-107.28132241003144,48.35208309549907],[-107.28131583318685,48.35208763789836],[-107.2813033142526,48.35210579312263],[-107.28128441754907,48.35213292669652],[-107.28125097891038,48.35213362591851],[-107.28122416919254,48.35213416302853],[-107.28122535097279,48.35216093739868],[-107.28154180965387,48.35219479909895],[-107.28156006410849,48.352154286162566],[-107.28157797777146,48.35210481412478],[-107.28132241003144,48.35208309549907]]]}"
00000000000000001c3b,2114,0,0,0,"{""type"":""Polygon"",""coordinates"":[[[-107.28136698656036,48.35203303077845],[-107.28135446766518,48.352051185989765],[-107.28132849914708,48.352069538326205],[-107.28132241003144,48.35208309549907],[-107.28157797777146,48.35210481412478],[-107.2815777338768,48.352100306737],[-107.28159781246497,48.35209994745432],[-107.28162462226418,48.35209941023834],[-107.281624179226,48.35209046691231],[-107.28162344018799,48.35207263591154],[-107.28143134551836,48.35197371918077],[-107.28139305731843,48.35201466264449],[-107.2813799931852,48.352023890335666],[-107.28137356339207,48.35202848838064],[-107.28136698656036,48.35203303077845]],[[-107.28137356339207,48.35202848838064],[-107.28138083438101,48.35204170552435],[-107.2813871673423,48.35203265574171],[-107.28137356339207,48.35202848838064]]]}"
00000000000000001c39,2115,0,0,0,"{""type"":""Polygon"",""coordinates"":[[[-107.28154907969373,48.35190882586803],[-107.28150950737383,48.35192301087064],[-107.28149654556236,48.35193222275989],[-107.28143134551836,48.35197371918077],[-107.28162344018799,48.35207263591154],[-107.28162299714977,48.35206369259001],[-107.28164940864784,48.35205428349582],[-107.2816825065782,48.35204462501585],[-107.28168873721224,48.35203559101508],[-107.28154907969373,48.35190882586803]]]}"
00000000000000001c3a,2116,0,0,0,"{""type"":""Polygon"",""coordinates"":[[[-107.28167437335844,48.35186172838413],[-107.28166779657319,48.35186627078712],[-107.28164142997568,48.35187575129704],[-107.28160131779036,48.35187654131504],[-107.28158182397424,48.35189036705478],[-107.28155585562357,48.351908719392966],[-107.28154907969373,48.35190882586803],[-107.28168873721224,48.35203559101508],[-107.28172757057614,48.35200357492975],[-107.28178034872312,48.35198468525425],[-107.28167437335844,48.35186172838413]]]}"
00000000000000001c38,2117,0,0,0,"{""type"":""Polygon"",""coordinates"":[[[-107.28178577420705,48.351805884688645],[-107.28175950453061,48.351819816935404],[-107.28172017621073,48.351838509363155],[-107.2816942079274,48.35185686171915],[-107.28167437335844,48.35186172838413],[-107.28178034872312,48.35198468525425],[-107.28183288291926,48.351961288182544],[-107.28187309757034,48.351960482260694],[-107.28189926506691,48.35194656574476],[-107.28178577420705,48.351805884688645]]]}"
00000000000000001c34,2118,0,0,0,"{""type"":""Polygon"",""coordinates"":[[[-107.28191843562223,48.351776455738765],[-107.2818454248874,48.3517913402769],[-107.2818186152485,48.35179187754731],[-107.28178577420705,48.351805884688645],[-107.28189926506691,48.35194656574476],[-107.2819581320403,48.35191411882935],[-107.28200413411312,48.35189533556974],[-107.28191843562223,48.351776455738765]]]}"
00000000000000001c35,2119,0,0,0,"{""type"":""Polygon"",""coordinates"":[[[-107.28205035776378,48.351729195745534],[-107.28201785764732,48.351752162012524],[-107.28196488064312,48.351766615817574],[-107.28191843562223,48.351776455738765],[-107.28200413411312,48.35189533556974],[-107.28201080779812,48.35189524486307],[-107.28203717442406,48.35188576424761],[-107.2820573552696,48.351885389069565],[-107.28209039557728,48.35187581773101],[-107.28211042938968,48.35187538689587],[-107.28205035776378,48.351729195745534]]]}"
00000000000000001c37,2120,0,0,0,"{""type"":""Polygon"",""coordinates"":[[[-107.28219073355223,48.35172192672488],[-107.28216456624712,48.351735843256606],[-107.28216294058315,48.35170012587524],[-107.28207652507349,48.35171527924653],[-107.28205035776378,48.351729195745534],[-107.28211042938968,48.35187538689587],[-107.2822104941693,48.35186447211287],[-107.28223023185019,48.35185515361807],[-107.28219073355223,48.35172192672488]]]}"
00000000000000001c5c,2121,0,0,0,"{""type"":""Polygon"",""coordinates"":[[[-107.28232339493746,48.35169249726312],[-107.28229658523438,48.35169303466751],[-107.2822503842045,48.35170738208541],[-107.2822041383983,48.35172165803838],[-107.28219073355223,48.35172192672488],[-107.28223023185019,48.35185515361807],[-107.28226956015502,48.35183646097611],[-107.28231644855283,48.351835564144054],[-107.28235622005181,48.351825814746434],[-107.2823628937496,48.35182572401511],[-107.28232339493746,48.35169249726312]]]}"
00000000000000001c33,2122,0,0,0,"{""type"":""Polygon"",""coordinates"":[[[-107.28244255447993,48.3516588846563],[-107.28241594400438,48.35166385799275],[-107.28237661590107,48.35168255062891],[-107.28234347346407,48.35169213782895],[-107.28232339493746,48.35169249726312],[-107.2823628937496,48.35182572401511],[-107.28238292759252,48.35182529312279],[-107.28239633250331,48.35182502440732],[-107.2824231423303,48.35182448697062],[-107.28249555563218,48.3517962942457],[-107.28244255447993,48.3516588846563]]]}"
00000000000000001c5e,2123,0,0,0,"{""type"":""Polygon"",""coordinates"":[[[-107.28256932640684,48.351647447908114],[-107.28254949187414,48.351652314733656],[-107.28248899948254,48.35164904450398],[-107.28244255447993,48.3516588846563],[-107.28249555563218,48.3517962942457],[-107.28250228684551,48.35179611625607],[-107.28257588288147,48.351794697631696],[-107.2826427082713,48.35178891799074],[-107.28256932640684,48.351647447908114]]]}"
00000000000000001c32,2124,1,0,1,"{""type"":""Polygon"",""coordinates"":[[[-107.2827016467445,48.35160905893001],[-107.2826624157131,48.35163220335867],[-107.28260246882775,48.35163786063863],[-107.28256932640684,48.351647447908114],[-107.2826427082713,48.35178891799074],[-107.28267594782278,48.351783782376465],[-107.28274920292655,48.351773404554145],[-107.28276923682286,48.35177297358037],[-107.2827016467445,48.35160905893001]]]}"
00000000000000001c31,2125,0,0,0,"{""type"":""Polygon"",""coordinates"":[[[-107.28282703651587,48.35156641192213],[-107.28280042604551,48.35157138535627],[-107.28278103486295,48.351585195448976],[-107.28273424355207,48.35159054419438],[-107.2827016467445,48.35160905893001],[-107.28276923682286,48.35177297358037],[-107.28278264176956,48.351772704810365],[-107.28288859611303,48.35174379626152],[-107.28282703651587,48.35156641192213]]]}"
00000000000000001c2b,2126,0,0,0,"{""type"":""Polygon"",""coordinates"":[[[-107.28296859583244,48.35158591580435],[-107.28294222939194,48.35159539661728],[-107.28290123023932,48.35157830072697],[-107.28292730034072,48.351559932350305],[-107.28296053974977,48.35155479666328],[-107.28295326814786,48.3515415797755],[-107.28282703651587,48.35156641192213],[-107.28288859611303,48.35174379626152],[-107.28296185125069,48.35173341828405],[-107.28300152047808,48.351723684440145],[-107.28302170144224,48.351723309057704],[-107.28296859583244,48.35158591580435]],[[-107.28289534098658,48.35159629375084],[-107.28288193608772,48.35159656253445],[-107.28288237944157,48.35160550576372],[-107.28289534098658,48.35159629375084]]]}"
00000000000000001c3e,2127,0,0,0,"{""type"":""Polygon"",""coordinates"":[[[-107.28300816786478,48.35157173029798],[-107.28296859583244,48.35158591580435],[-107.28302170144224,48.351723309057704],[-107.28303510640683,48.351723040252274],[-107.28312755346089,48.35169441607572],[-107.28314768967009,48.35169396922038],[-107.28309364445724,48.3515343094483],[-107.28304022416368,48.351539820566636],[-107.28297919117043,48.35152315575427],[-107.28295969776777,48.35153698167127],[-107.28295326814786,48.3515415797755],[-107.28296053974977,48.35155479666328],[-107.28298715023399,48.35154982318599],[-107.28301405706507,48.35155373727684],[-107.28300816786478,48.35157173029798]],[[-107.28301405706507,48.35155373727684],[-107.2830274619672,48.35155346847491],[-107.2830137159533,48.35154477825554],[-107.28301405706507,48.35155373727684]]]}"
00000000000000001c2e,2128,0,0,0,"{""type"":""Polygon"",""coordinates"":[[[-107.28321987617416,48.351509476964274],[-107.28319306634891,48.35151001462003],[-107.28312688388155,48.35152917370581],[-107.28309364445724,48.3515343094483],[-107.28314768967009,48.35169396922038],[-107.28321421360354,48.351683769094464],[-107.28326105751209,48.35168280035072],[-107.28328766813863,48.351677826774655],[-107.28321987617416,48.351509476964274]]]}"
00000000000000001c2c,2129,0,0,0,"{""type"":""Polygon"",""coordinates"":[[[-107.28333280005009,48.35148936485451],[-107.28329975996013,48.35149893654525],[-107.28321987617416,48.351509476964274],[-107.28328766813863,48.351677826774655],[-107.28332090773847,48.35167269094677],[-107.28333980311244,48.351645557240694],[-107.28342646328346,48.35163491007707],[-107.28333280005009,48.35148936485451]]]}"
00000000000000001c3c,2130,0,0,0,"{""type"":""Polygon"",""coordinates"":[[[-107.28345131648581,48.35144237205717],[-107.28344464277885,48.35144246286367],[-107.28341120400006,48.35144316283185],[-107.28337890385774,48.35147056529782],[-107.28333280005009,48.35148936485451],[-107.28342646328346,48.35163491007707],[-107.2834462978853,48.35163004307035],[-107.2834666782591,48.351634103485026],[-107.28353261685382,48.35161043678557],[-107.28355912519586,48.35160547894408],[-107.28345131648581,48.35144237205717]]]}"
00000000000000001c2d,2131,0,0,0,"{""type"":""Polygon"",""coordinates"":[[[-107.28358427936739,48.35141736108327],[-107.2835509376637,48.351422512776004],[-107.28349835957684,48.351445839082125],[-107.28345131648581,48.35144237205717],[-107.28355912519586,48.35160547894408],[-107.28357253019412,48.35160521006342],[-107.28361210228304,48.351591024301776],[-107.28365207313482,48.35158571029958],[-107.28367848436244,48.35157630073904],[-107.28358427936739,48.35141736108327]]]}"
00000000000000001c29,2132,0,0,0,"{""type"":""Polygon"",""coordinates"":[[[-107.28368874769592,48.35135725789292],[-107.28365035945515,48.35139821752817],[-107.28358427936739,48.35141736108327],[-107.28367848436244,48.35157630073904],[-107.28369164520682,48.35157152451081],[-107.28370529437355,48.351575762942474],[-107.2837314614307,48.35156184603933],[-107.28377810603764,48.3515564411598],[-107.28380427307434,48.3515425242424],[-107.28368874769592,48.35135725789292]]]}"
00000000000000001c2a,2133,0,0,0,"{""type"":""Polygon"",""coordinates"":[[[-107.28383585553556,48.35134980842689],[-107.28382269477018,48.351354584652974],[-107.28377614753295,48.3513644411974],[-107.28371006747946,48.35138358482598],[-107.28369508012314,48.35134820808806],[-107.28368874769592,48.35135725789292],[-107.28380427307434,48.3515425242424],[-107.28387045571569,48.35152336468088],[-107.28393713433067,48.35151752851976],[-107.28383585553556,48.35134980842689]]]}"
00000000000000001c5d,2134,0,0,0,"{""type"":""Polygon"",""coordinates"":[[[-107.28396198488349,48.351324990859446],[-107.28391524335542,48.35132594413261],[-107.28387576868379,48.35134458160923],[-107.28386246601198,48.35134483472655],[-107.28383585553556,48.35134980842689],[-107.28393713433067,48.35151752851976],[-107.28395033992584,48.35151282370751],[-107.28399011136449,48.35150307369428],[-107.28402992756759,48.35149339511211],[-107.28406292296468,48.35148375172379],[-107.28396198488349,48.351324990859446]]]}"
00000000000000001c83,2135,0,0,0,"{""type"":""Polygon"",""coordinates"":[[[-107.28407407129323,48.35128259559835],[-107.28396198488349,48.351324990859446],[-107.28406292296468,48.35148375172379],[-107.28414251058334,48.35146432304635],[-107.28420216134248,48.35144977726298],[-107.28407407129323,48.35128259559835]]]}"
00000000000000001c26,2136,0,0,0,"{""type"":""Polygon"",""coordinates"":[[[-107.28420673236037,48.35125316378749],[-107.28416716061035,48.351267349695405],[-107.28415375564994,48.35126761865635],[-107.2841404529665,48.35126787181208],[-107.28410696933146,48.35126850057702],[-107.28407407129323,48.35128259559835],[-107.28420216134248,48.35144977726298],[-107.28432161753967,48.35142505002141],[-107.28432839358224,48.35142494334896],[-107.28420673236037,48.35125316378749]]]}"
00000000000000001c27,2137,0,0,0,"{""type"":""Polygon"",""coordinates"":[[[-107.28432544753021,48.351210605990715],[-107.28431248627838,48.351219818122345],[-107.2842601527575,48.35124765204772],[-107.28421993786348,48.351248458963894],[-107.28420673236037,48.35125316378749],[-107.28432839358224,48.35142494334896],[-107.28438780007937,48.35140589014842],[-107.28442811242394,48.35140953482441],[-107.28445438157271,48.35139560196888],[-107.28432544753021,48.351210605990715]]]}"
00000000000000001c80,2138,0,0,0,"{""type"":""Polygon"",""coordinates"":[[[-107.28443708987746,48.35115926726608],[-107.28441132214544,48.35118205594345],[-107.28437778098505,48.35118277205082],[-107.28432544753021,48.351210605990715],[-107.28445438157271,48.35139560196888],[-107.2844807479236,48.35138612077889],[-107.28453362259775,48.35137168149529],[-107.28455296093215,48.35135349089336],[-107.28456612171013,48.35134871456703],[-107.28443708987746,48.35115926726608]]]}"
00000000000000001c28,2139,0,0,0,"{""type"":""Polygon"",""coordinates"":[[[-107.28456287750868,48.351125490068384],[-107.28451663214956,48.35113976696688],[-107.28444362162367,48.35115465329577],[-107.28443708987746,48.35115926726608],[-107.28456612171013,48.35134871456703],[-107.28457245398357,48.351339664709705],[-107.28465238298725,48.35132919463361],[-107.28468443822818,48.351297284525955],[-107.28456287750868,48.351125490068384]]]}"
00000000000000001c7e,2140,0,0,0,"{""type"":""Polygon"",""coordinates"":[[[-107.28466155839003,48.3510833633105],[-107.28464869445865,48.3510970271072],[-107.28460224961783,48.35110686819723],[-107.28456287750868,48.351125490068384],[-107.28468443822818,48.351297284525955],[-107.28471006394514,48.351269972622624],[-107.28474963572974,48.35125578648956],[-107.28482264658479,48.35124089989156],[-107.28466155839003,48.3510833633105]]]}"
00000000000000001c7f,2141,0,0,0,"{""type"":""GeometryCollection"",""geometries"":[{""type"":""LineString"",""coordinates"":[[-107.28475952512393,48.351027790682366],[-107.28475932553887,48.35102332844372]]},{""type"":""Polygon"",""coordinates"":[[[-107.28475955103178,48.35102778609503],[-107.28466798783532,48.351078765135966],[-107.28466155839003,48.3510833633105],[-107.28482264658479,48.35124089989156],[-107.28488764438531,48.35119496596204],[-107.2849202405106,48.35117645064618],[-107.28475955103178,48.35102778609503]]]}]}"
00000000000000001c25,2142,0,0,0,"{""type"":""Polygon"",""coordinates"":[[[-107.28485714440008,48.35096333718585],[-107.28477898636193,48.35101404720804],[-107.28475935150496,48.351023350261336],[-107.2849202405106,48.35117645064618],[-107.28493330395843,48.35116722263797],[-107.28499295444327,48.35115267645184],[-107.28502480978632,48.35111633050488],[-107.28485714440008,48.35096333718585]]]}"
00000000000000001c23,2143,0,0,0,"{""type"":""Polygon"",""coordinates"":[[[-107.28496146874659,48.35089871010264],[-107.28490913581193,48.35092654419873],[-107.28489627199656,48.35094020798538],[-107.28488311136297,48.35094498431662],[-107.28487034980945,48.35095863230085],[-107.28485714440008,48.35096333718585],[-107.28502480978632,48.35111633050488],[-107.28503777092531,48.351107118297946],[-107.28506413708585,48.35109763700408],[-107.2850768986487,48.35108398895824],[-107.28512957840657,48.351060646157975],[-107.28496146874659,48.35089871010264]]]}"
00000000000000001c24,2144,0,0,0,"{""type"":""GeometryCollection"",""geometries"":[{""type"":""LineString"",""coordinates"":[[-107.2850266180963,48.35085723323845],[-107.28502641848912,48.35085277100049]]},{""type"":""Polygon"",""coordinates"":[[[-107.28502656311873,48.35085722801475],[-107.28500039669397,48.350871145070336],[-107.28498110352793,48.35088940703175],[-107.28496146874659,48.35089871010264],[-107.28512957840657,48.351060646157975],[-107.28516914998418,48.351046459913185],[-107.28518779968024,48.35101481892135],[-107.28523325936126,48.350982639728464],[-107.28502656311873,48.35085722801475]]]}]}"
00000000000000001c6b,2145,0,0,0,"{""type"":""Polygon"",""coordinates"":[[[-107.28511738482675,48.350788418362626],[-107.2851047654516,48.35080658939678],[-107.28509131575497,48.350806787041165],[-107.28507835473411,48.35081599920036],[-107.28505198878051,48.35082548044272],[-107.28502646583284,48.35085277639256],[-107.28523325936126,48.350982639728464],[-107.28526595751724,48.35096410857101],[-107.28529801210192,48.35093219849413],[-107.28531710560898,48.35090950063471],[-107.28511738482675,48.350788418362626]]]}"
00000000000000001c06,2146,0,0,0,"{""type"":""Polygon"",""coordinates"":[[[-107.2852092887693,48.35074639805842],[-107.28519612820143,48.350751174413475],[-107.28515675652571,48.35076979639257],[-107.28511738482675,48.350788418362626],[-107.28531710560898,48.35090950063471],[-107.28532333539131,48.35090046661249],[-107.28535603345848,48.35088193545523],[-107.28541405468836,48.350831672431944],[-107.2852092887693,48.35074639805842]]]}"
00000000000000001c21,2147,0,0,0,"{""type"":""Polygon"",""coordinates"":[[[-107.28530549661765,48.35065073976226],[-107.28526815300623,48.350713949916134],[-107.2852418844338,48.350727882801145],[-107.28522249410575,48.350741693146055],[-107.2852092887693,48.35074639805842],[-107.28541405468836,48.350831672431944],[-107.28547880702908,48.35078123122896],[-107.28549221200159,48.35078096208532],[-107.28530549661765,48.35065073976226]]]}"
00000000000000001c09,2148,0,0,0,"{""type"":""Polygon"",""coordinates"":[[[-107.28539052687944,48.350604374540886],[-107.28537776557043,48.350618022499],[-107.28530549661765,48.35065073976226],[-107.28549221200159,48.35078096208532],[-107.2855451882659,48.350766506622],[-107.28555794959378,48.350752858603116],[-107.28557768654974,48.350743539633704],[-107.28558411588392,48.35073894143004],[-107.2855504773591,48.35073520633097],[-107.28555636531895,48.350717213468194],[-107.28559697946716,48.35072527760885],[-107.28560311180814,48.35071179199386],[-107.28539052687944,48.350604374540886]]]}"
00000000000000001c13,2149,0,0,0,"{""type"":""Polygon"",""coordinates"":[[[-107.28570045932535,48.35064283540616],[-107.2857002596813,48.350638399609466],[-107.28546804007384,48.350540285628654],[-107.28545592242169,48.3505673123971],[-107.28540348778854,48.350595162379044],[-107.28539052687944,48.350604374540886],[-107.28560311180814,48.35071179199386],[-107.28561567346873,48.35069370818041],[-107.28565544430722,48.35068395764315],[-107.28568932724954,48.35069219994635],[-107.28570842046189,48.35066950211897],[-107.28571410869613,48.35064707347338],[-107.28570045932535,48.35064283540616]],[[-107.28568705437328,48.350643104577635],[-107.2856735520567,48.35063892214558],[-107.2856738938349,48.350647880988106],[-107.28568705437328,48.350643104577635]],[[-107.28567483453526,48.35067014722839],[-107.28566133221238,48.350665964792654],[-107.28566167398715,48.350674923639865],[-107.28567483453526,48.35067014722839]]]}"
00000000000000001c1e,2150,0,0,0,"{""type"":""Polygon"",""coordinates"":[[[-107.28571738185666,48.350571026493306],[-107.28573726085217,48.35056623056408],[-107.28559224173077,48.35047086254784],[-107.28547338667919,48.35050889822661],[-107.28546804007384,48.350540285628654],[-107.2857002596813,48.350638399609466],[-107.28571227984573,48.350606921178304],[-107.2857386456634,48.350597439797134],[-107.28569833347589,48.350593795722546],[-107.28571738185666,48.350571026493306]],[[-107.28569833347589,48.350593795722546],[-107.28567835219448,48.35059860745121],[-107.28569200154362,48.35060284551861],[-107.28569833347589,48.350593795722546]]]}"
00000000000000001c1c,2151,0,0,0,"{""type"":""Polygon"",""coordinates"":[[[-107.28564829116269,48.35037592464211],[-107.28563671509403,48.35041634592667],[-107.28558888618221,48.350394978214844],[-107.28556860803495,48.35039090254143],[-107.28556914942098,48.35040429712061],[-107.28558962720771,48.35041280857283],[-107.28560446153719,48.350443820009616],[-107.2855987732874,48.35046624856347],[-107.28559224173077,48.35047086254784],[-107.28573726085217,48.35056623056408],[-107.28577703157251,48.35055648000285],[-107.2857427046275,48.350539294729565],[-107.28579513912084,48.35051144459529],[-107.28580928517006,48.3505290058028],[-107.28583545127267,48.350515088624554],[-107.28583525161132,48.35051065283921],[-107.28564829116269,48.35037592464211]]]}"
00000000000000001c1f,2152,0,0,0,"{""type"":""Polygon"",""coordinates"":[[[-107.28573213548613,48.35030278606848],[-107.28567980356682,48.35033062024698],[-107.28566728684044,48.350348775384624],[-107.28565462305814,48.35036687488842],[-107.28564829116269,48.35037592464211],[-107.28583525161132,48.35051065283921],[-107.28584801277607,48.35049700485152],[-107.28590064685844,48.35047359046549],[-107.28591256453784,48.35044212791698],[-107.28592576977628,48.35043742293733],[-107.28573213548613,48.35030278606848]]]}"
00000000000000001c17,2153,0,0,0,"{""type"":""Polygon"",""coordinates"":[[[-107.2858298284595,48.350238321312105],[-107.28581033622436,48.35025214744411],[-107.28577739437891,48.35026617131196],[-107.28574554032141,48.35030251689541],[-107.28573213548613,48.35030278606848],[-107.28592576977628,48.35043742293733],[-107.28596574006684,48.35043210810214],[-107.28595792580161,48.35040549717222],[-107.28597840376679,48.35041400853725],[-107.2859925498992,48.35043156968352],[-107.28599942328907,48.35043591447966],[-107.28600595481807,48.35043130047134],[-107.28604611208321,48.35043058007156],[-107.28604566793622,48.35042163707437],[-107.28603192114561,48.35041294749118],[-107.28605145820869,48.35039919271417],[-107.2858298284595,48.350238321312105]]]}"
00000000000000001c18,2154,0,0,0,"{""type"":""Polygon"",""coordinates"":[[[-107.28598177941481,48.35019062581276],[-107.2858298284595,48.350238321312105],[-107.28605145820869,48.35039919271417],[-107.28607084821513,48.350385382298995],[-107.28605710142732,48.350376692725256],[-107.28608351186035,48.35036728273752],[-107.28611576516221,48.350339808539744],[-107.28612243886255,48.350339717549794],[-107.28598177941481,48.35019062581276]]]}"
00000000000000001c1b,2155,0,0,0,"{""type"":""Polygon"",""coordinates"":[[[-107.2861282868028,48.3501698657667],[-107.28606235061204,48.35019353354594],[-107.28604281366673,48.35020728826905],[-107.28598845307863,48.350190534833295],[-107.28598177941481,48.35019062581276],[-107.28612243886255,48.350339717549794],[-107.28614880449896,48.35033023610828],[-107.28624179524651,48.35031053692511],[-107.2861282868028,48.3501698657667]]]}"
00000000000000001bfa,2156,0,0,0,"{""type"":""Polygon"",""coordinates"":[[[-107.286253627615,48.350127144103936],[-107.28624699871551,48.350127306544564],[-107.28616785745375,48.350155679371504],[-107.2861282868028,48.3501698657667],[-107.28624179524651,48.35031053692511],[-107.28630773167012,48.35028686896483],[-107.28632127880182,48.35029112272188],[-107.28636060509868,48.350272429005656],[-107.286253627615,48.350127144103936]]]}"
00000000000000001c1a,2157,0,0,0,"{""type"":""Polygon"",""coordinates"":[[[-107.28636551077892,48.350080311466186],[-107.28633355499363,48.350116672909124],[-107.286253627615,48.350127144103936],[-107.28636060509868,48.350272429005656],[-107.28637346832787,48.35025876520923],[-107.28644672235899,48.35024838489269],[-107.28646635673182,48.35023908164232],[-107.28647956190659,48.350234376606124],[-107.28636551077892,48.350080311466186]]]}"
00000000000000001c1d,2158,0,0,0,"{""type"":""Polygon"",""coordinates"":[[[-107.28647680248984,48.35002448018043],[-107.28644376339736,48.350034052663496],[-107.28639103253248,48.350053015587],[-107.28636551077892,48.350080311466186],[-107.28647956190659,48.350234376606124],[-107.28649949828868,48.3502294933043],[-107.28656523483542,48.350201389450625],[-107.2865785374784,48.350201135965314],[-107.2865916003868,48.3501919079144],[-107.28660490303011,48.35019165442549],[-107.28647680248984,48.35002448018043]]]}"
00000000000000001c0f,2159,0,0,0,"{""type"":""Polygon"",""coordinates"":[[[-107.28659541649697,48.349977469112254],[-107.2865488703242,48.34998732671781],[-107.28655638777545,48.35000505009544],[-107.28647680248984,48.35002448018043],[-107.28660490303011,48.35019165442549],[-107.28667074177807,48.350163534715875],[-107.28671011268322,48.35014491234807],[-107.286716741618,48.35014474987454],[-107.28659541649697,48.349977469112254]]]}"
00000000000000001c12,2160,0,0,0,"{""type"":""Polygon"",""coordinates"":[[[-107.28672100129675,48.34993925418357],[-107.28670813826861,48.349952917939405],[-107.28659541649697,48.349977469112254],[-107.286716741618,48.35014474987454],[-107.28675709865257,48.35014846493171],[-107.286789551271,48.3501254263804],[-107.28680888827306,48.35010723578407],[-107.28683569810964,48.350106697133405],[-107.28672100129675,48.34993925418357]]]}"
00000000000000001c10,2161,0,0,0,"{""type"":""Polygon"",""coordinates"":[[[-107.28685341469954,48.349905312368215],[-107.28679401031896,48.34992436650233],[-107.28675443988725,48.34993855308819],[-107.28672763019546,48.349939091710816],[-107.28672100129675,48.34993925418357],[-107.28683569810964,48.350106697133405],[-107.28686240567961,48.35010617428088],[-107.28696222495628,48.350090747749114],[-107.28685341469954,48.349905312368215]]]}"
00000000000000001c20,2162,0,0,0,"{""type"":""Polygon"",""coordinates"":[[[-107.28697291235224,48.349880654074255],[-107.28696623867347,48.34988074512194],[-107.28693942896338,48.34988128380354],[-107.28685341469954,48.349905312368215],[-107.28696222495628,48.350090747749114],[-107.28698216130289,48.350085864361226],[-107.28704042461038,48.35004010835284],[-107.2870872683353,48.350039137778474],[-107.28697291235224,48.349880654074255]]]}"
00000000000000001c0d,2163,0,0,0,"{""type"":""MultiPolygon"",""coordinates"":[[[[-107.28709914118632,48.34985581733878],[-107.28707253127304,48.34986079178203],[-107.28700605363551,48.34987106563303],[-107.28697291235224,48.349880654074255],[-107.2870872683353,48.350039137778474],[-107.28710734698446,48.35003877735696],[-107.28725544094495,48.350053660234536],[-107.28709914118632,48.34985581733878]]],[[[-107.28704923638041,48.34978979182466],[-107.28704260748611,48.34978995431903],[-107.28696386648458,48.349827199048654],[-107.286964310865,48.349836141935825],[-107.2869648527757,48.349849536354256],[-107.28705794024584,48.34983428810814],[-107.28707787645985,48.34982940472728],[-107.28704923638041,48.34978979182466]]]]}"
00000000000000001c0a,2164,0,0,0,"{""type"":""GeometryCollection"",""geometries"":[{""type"":""LineString"",""coordinates"":[[-107.28718367887913,48.34964866398074],[-107.28719077286037,48.34965745527453]]},{""type"":""Polygon"",""coordinates"":[[[-107.28715257015996,48.34955104095203],[-107.28712616028585,48.349560451075135],[-107.28711374191491,48.34958305762493],[-107.2871149281299,48.34960983052716],[-107.28718368031151,48.34964865097999],[-107.28715257015996,48.34955104095203]]]},{""type"":""Polygon"",""coordinates"":[[[-107.28721340449385,48.3497150524934],[-107.28720044410271,48.34972426473395],[-107.28718748370677,48.349733476974464],[-107.28716151812665,48.3497518300137],[-107.28708153354187,48.34976238906569],[-107.28704923638041,48.34978979182466],[-107.28707787645985,48.34982940472728],[-107.28713772514868,48.34981929333703],[-107.28722492558244,48.349822037565424],[-107.2872194381778,48.349848901650184],[-107.28711887759368,48.34984649822374],[-107.28709914118632,48.34985581733878],[-107.28725544094495,48.350053660234536],[-107.28726206990126,48.35005349772312],[-107.28732825057052,48.35003433636597],[-107.28721340449385,48.3497150524934]]]}]}"
00000000000000001c6a,2165,0,0,0,"{""type"":""Polygon"",""coordinates"":[[[-107.28736455928076,48.34979693112913],[-107.28733720746953,48.349784075522614],[-107.28733676299676,48.349775132648254],[-107.28733631852396,48.3497661897754],[-107.28734265000743,48.34975714002458],[-107.28724921592705,48.349616111289215],[-107.28720885919556,48.349612396468174],[-107.28720767291168,48.34958562356757],[-107.28722023357712,48.34956753995212],[-107.28719125130587,48.34951896864861],[-107.28717240395403,48.349546173387196],[-107.28715257015996,48.34955104095203],[-107.28719075362869,48.349657431331345],[-107.28719762711647,48.34966177597611],[-107.28722468135122,48.34966574437565],[-107.28723947230867,48.349696683647714],[-107.28721340449385,48.3497150524934],[-107.28732825057052,48.35003433636597],[-107.28740106017825,48.35001501244972],[-107.28745468006144,48.35001393480699],[-107.28749439298504,48.35000427089197],[-107.28736455928076,48.34979693112913]],[[-107.28736485671239,48.34980581837144],[-107.28734482290876,48.349806250285056],[-107.28735189630297,48.34981503064859],[-107.28736485671239,48.34980581837144]]]}"
00000000000000001c22,2166,0,0,0,"{""type"":""GeometryCollection"",""geometries"":[{""type"":""LineString"",""coordinates"":[[-107.28736452672007,48.349796917294405],[-107.2873860086339,48.349827753369226]]},{""type"":""Polygon"",""coordinates"":[[[-107.28723858367188,48.34952701229854],[-107.28719125130587,48.34951896864861],[-107.28722023357712,48.34956753995212],[-107.28724565698616,48.349535792625865],[-107.28723858367188,48.34952701229854]]]},{""type"":""Polygon"",""coordinates"":[[[-107.28749153008593,48.34978992402895],[-107.28746516479647,48.34979940573385],[-107.28738602411782,48.349827779374536],[-107.28749439298504,48.35000427089197],[-107.28752773431064,48.34999911797779],[-107.28757393381998,48.349984768521544],[-107.28764624601591,48.34995212144206],[-107.28749153008593,48.34978992402895]]]},{""type"":""Polygon"",""coordinates"":[[[-107.28734576454728,48.3496767300837],[-107.28730402149901,48.349641806668615],[-107.28728923049428,48.34961086743956],[-107.2872559470773,48.34961593297548],[-107.28724921592705,48.349616111289215],[-107.28734265000743,48.34975714002458],[-107.28735377968052,48.34970777622081],[-107.28734576454728,48.3496767300837]]]}]}"
00000000000000001c69,2167,0,0,0,"{""type"":""Polygon"",""coordinates"":[[[-107.28759663619653,48.349743197172145],[-107.2875770997404,48.34975695207842],[-107.28753090052334,48.34977130146738],[-107.28749153008593,48.34978992402895],[-107.28764624601591,48.34995212144206],[-107.28769897682758,48.349933157867035],[-107.28769833237546,48.349919779245134],[-107.28769768792331,48.349906400626594],[-107.28776332621541,48.349873844610784],[-107.28759663619653,48.349743197172145]]]}"
00000000000000001cdf,2168,0,0,0,"{""type"":""Polygon"",""coordinates"":[[[-107.28765431162124,48.349683975298426],[-107.28765451150977,48.34968841100534],[-107.28759663619653,48.349743197172145],[-107.28776332621541,48.349873844610784],[-107.28781585701361,48.3498504452821],[-107.2878282176619,48.34982792578191],[-107.28784063579366,48.34980531904185],[-107.28783944905378,48.349778546063575],[-107.28784489125634,48.34975161054839],[-107.28765431162124,48.349683975298426]]]}"
00000000000000001bd1,2169,0,0,0,"{""type"":""Polygon"",""coordinates"":[[[-107.2876578252531,48.34961243687612],[-107.28765431162124,48.349683975298426],[-107.28784489125634,48.34975161054839],[-107.28785710943697,48.34972456813029],[-107.28787664583191,48.34971081317699],[-107.28788916153802,48.349692657995],[-107.28790162436289,48.3496701227478],[-107.2879004375725,48.349643349839546],[-107.2878999929594,48.349634406994994],[-107.2876578252531,48.34961243687612]]]}"
00000000000000001c03,2170,1,0,1,"{""type"":""GeometryCollection"",""geometries"":[{""type"":""LineString"",""coordinates"":[[-107.28724542833722,48.34953131422511],[-107.28724562812884,48.34953577645719]]},{""type"":""Polygon"",""coordinates"":[[[-107.28723858367188,48.34952701229854],[-107.28724541237253,48.34953128548822],[-107.28724521253271,48.349526849792305],[-107.28723858367188,48.34952701229854]]]},{""type"":""Polygon"",""coordinates"":[[[-107.28766089430178,48.34953195572063],[-107.28765554964208,48.34956334261907],[-107.28765738069927,48.34960349403415],[-107.2876578252531,48.34961243687612],[-107.2878999929594,48.349634406994994],[-107.28791092198607,48.349580607561926],[-107.28791017980161,48.34956277752996],[-107.28792279771164,48.349544606589085],[-107.28792239786723,48.349535735202394],[-107.28766089430178,48.34953195572063]]]}]}"
00000000000000001bda,2171,0,0,0,"{""type"":""GeometryCollection"",""geometries"":[{""type"":""LineString"",""coordinates"":[[-107.28723853415592,48.349526985166484],[-107.2872452285456,48.34952685199301]]},{""type"":""Polygon"",""coordinates"":[[[-107.28790661939725,48.34948245900867],[-107.28789158314639,48.34944701285216],[-107.2878838651131,48.349424854097514],[-107.28765100307378,48.34946068693951],[-107.2876655945014,48.34948719032719],[-107.28766089430178,48.34953195572063],[-107.28792239786723,48.349535735202394],[-107.28792175332514,48.349522356684155],[-107.28792121105592,48.34950896236253],[-107.28790661939725,48.34948245900867]]]}]}"
00000000000000001c08,2172,0,0,0,"{""type"":""MultiPolygon"",""coordinates"":[[[[-107.2878604262271,48.34934933203283],[-107.28784617700416,48.34933178734588],[-107.28762706266022,48.34937630919729],[-107.28764135653438,48.34939392537551],[-107.28762182028231,48.34940768019546],[-107.28765100307378,48.34946068693951],[-107.2878838651131,48.349424854097514],[-107.28787654692331,48.34941156671619],[-107.28788094927963,48.349357914256444],[-107.2878604262271,48.34934933203283]]],[[[-107.28720208365984,48.349460717893685],[-107.2872018838248,48.349456282203434],[-107.28715544043904,48.34946612418731],[-107.28718299174149,48.34948341546968],[-107.2872039142235,48.3495008692525],[-107.28719125130587,48.34951896864861],[-107.28723858367188,48.34952701229854],[-107.28724521253271,48.349526849792305],[-107.28724338192511,48.349486698415795],[-107.28720208365984,48.349460717893685]]]]}"
00000000000000001bd0,2173,0,0,0,"{""type"":""MultiPolygon"",""coordinates"":[[[[-107.28778909998414,48.349252531182756],[-107.2877889000762,48.34924809551293],[-107.28757665980572,48.34929696173676],[-107.28759105123247,48.34931902938043],[-107.28762706266022,48.34937630919729],[-107.28784617700416,48.34933178734588],[-107.28778909998414,48.349252531182756]]],[[[-107.28718793708742,48.349443157256886],[-107.28717364348411,48.349425540988065],[-107.28713234536337,48.34939956046217],[-107.28707872655276,48.3494006378854],[-107.28705889284684,48.34940550541535],[-107.2870405874395,48.34944610438564],[-107.2871347178359,48.34945310609397],[-107.28714846472108,48.349461795360334],[-107.28715544043904,48.34946612418731],[-107.2872018838248,48.349456282203434],[-107.28718793708742,48.349443157256886]]]]}"
00000000000000001c01,2174,0,0,0,"{""type"":""MultiPolygon"",""coordinates"":[[[[-107.28705869302885,48.34940106972897],[-107.28705889284684,48.34940550541535],[-107.28707872655276,48.3494006378854],[-107.28705869302885,48.34940106972897]]],[[[-107.28775828579326,48.34916380924833],[-107.2877510124752,48.34915059336074],[-107.287532886003,48.34921745183809],[-107.28754812165927,48.349257333581356],[-107.2875764151496,48.34929245462126],[-107.28757665980572,48.34929696173676],[-107.2877889000762,48.34924809551293],[-107.2877937999658,48.34920776602354],[-107.28775828579326,48.34916380924833]]]]}"
00000000000000001bfe,2175,0,0,0,"{""type"":""Polygon"",""coordinates"":[[[-107.2877441389688,48.349146248797744],[-107.28772242940911,48.34911089392918],[-107.28768780456618,48.34908482270689],[-107.28767395533121,48.349076149387535],[-107.28766708185263,48.349071804824405],[-107.28746294745154,48.34915185927243],[-107.28746379170117,48.34916967336933],[-107.28747753861559,48.3491783625416],[-107.28749841637342,48.34919574471822],[-107.28753234386961,48.34920405758754],[-107.287532886003,48.34921745183809],[-107.2877510124752,48.34915059336074],[-107.2877441389688,48.349146248797744]]]}"
00000000000000001bfb,2176,0,0,0,"{""type"":""Polygon"",""coordinates"":[[[-107.28761762118326,48.34901472332997],[-107.28758986998503,48.348992996675165],[-107.28757646536185,48.34899326609353],[-107.28740596932192,48.349077054579794],[-107.28741294502221,48.34908138335726],[-107.28746270280868,48.34914735216859],[-107.28746294745154,48.34915185927243],[-107.28766708185263,48.349071804824405],[-107.28761762118326,48.34901472332997]]]}"
00000000000000001c05,2177,0,0,0,"{""type"":""Polygon"",""coordinates"":[[[-107.28753590924255,48.34898511579177],[-107.28753506495273,48.348967301758286],[-107.28753452281292,48.348953907570845],[-107.28752013154812,48.34893184006597],[-107.28744603533107,48.34892440687085],[-107.28733732000629,48.34903821888182],[-107.28740596932192,48.349077054579794],[-107.28757646536185,48.34899326609353],[-107.28753590924255,48.34898511579177]]]}"
00000000000000001c00,2178,0,0,0,"{""type"":""Polygon"",""coordinates"":[[[-107.28741136617579,48.34889826418815],[-107.28739088835593,48.34888975336715],[-107.28739677515934,48.34887176104466],[-107.28733005454345,48.34887752780556],[-107.28722781285096,48.348986812875495],[-107.28724804603036,48.34899081665557],[-107.2872617927993,48.348999505833206],[-107.28728904643346,48.34900790982868],[-107.28730299307456,48.3490210346557],[-107.28733732000629,48.34903821888182],[-107.28744603533107,48.34892440687085],[-107.28741136617579,48.34889826418815]]]}"
00000000000000001c0e,2179,0,0,0,"{""type"":""Polygon"",""coordinates"":[[[-107.28732332352229,48.34887770611873],[-107.28724735688438,48.348825583202185],[-107.28720832966351,48.34885316381533],[-107.28720150108671,48.34884889067431],[-107.28710519897268,48.348944563233765],[-107.28714659885921,48.348970527756364],[-107.28722781285096,48.348986812875495],[-107.28733005454345,48.34887752780556],[-107.28732332352229,48.34887770611873]]]}"
00000000000000001c07,2180,0,0,0,"{""type"":""Polygon"",""coordinates"":[[[-107.28716683226318,48.34882274793207],[-107.28713295009955,48.34881450641953],[-107.2871053545276,48.34879714388686],[-107.28709175021791,48.348792977597675],[-107.2869892637679,48.348897755159456],[-107.28706370161002,48.348914147252785],[-107.28710519897268,48.348944563233765],[-107.28720150108671,48.34884889067431],[-107.28716683226318,48.34882274793207]]]}"
00000000000000001c0b,2181,0,0,0,"{""type"":""Polygon"",""coordinates"":[[[-107.28706484370699,48.34878906484344],[-107.28706419946549,48.348775686499465],[-107.28700336616498,48.348763460744266],[-107.2869824442041,48.34874600714634],[-107.28686635344425,48.34884661817379],[-107.28687322672882,48.34885096278075],[-107.28694826375622,48.34888066188388],[-107.2869892637679,48.348897755159456],[-107.28709175021791,48.348792977597675],[-107.28706484370699,48.34878906484344]]]}"
00000000000000001c11,2182,0,0,0,"{""type"":""Polygon"",""coordinates"":[[[-107.28692022511768,48.348702573247444],[-107.28688589883296,48.34868538896427],[-107.2867629348894,48.348781655148905],[-107.2867698081427,48.348785999758746],[-107.28681808074235,48.34881630897107],[-107.28684563133282,48.348833600157135],[-107.28686635344425,48.34884661817379],[-107.2869824442041,48.34874600714634],[-107.28692022511768,48.348702573247444]]]}"
00000000000000001c14,2183,0,0,0,"{""type"":""Polygon"",""coordinates"":[[[-107.28682446647322,48.348659856230505],[-107.28678296976472,48.34862944027438],[-107.2866597613497,48.34872119915198],[-107.28668711197444,48.34873405472474],[-107.28670091593546,48.348742656702704],[-107.28672153564528,48.34875569053685],[-107.2867629348894,48.348781655148905],[-107.28688589883296,48.34868538896427],[-107.28682446647322,48.348659856230505]]]}"
00000000000000001bf9,2184,0,0,0,"{""type"":""GeometryCollection"",""geometries"":[{""type"":""LineString"",""coordinates"":[[-107.28665953640864,48.348716719836766],[-107.28665973614343,48.348721182071316]]},{""type"":""Polygon"",""coordinates"":[[[-107.286776096536,48.34862509567764],[-107.28669394252826,48.34858654490191],[-107.28667989407522,48.34857343588708],[-107.28655001231692,48.34866528554418],[-107.28656420299963,48.34868291747565],[-107.28661811774771,48.34869072745039],[-107.28665951680401,48.34871669208009],[-107.28678296976472,48.34862944027438],[-107.286776096536,48.34862509567764]]]}]}"
00000000000000001bf6,2185,0,0,0,"{""type"":""Polygon"",""coordinates"":[[[-107.28665927448426,48.348560402085624],[-107.28657667653903,48.348512908577455],[-107.28646647313361,48.348595526488026],[-107.28648027696134,48.348604128478684],[-107.28650861344137,48.348639320887784],[-107.28654313912709,48.34866094092685],[-107.28655001231692,48.34866528554418],[-107.28667989407522,48.34857343588708],[-107.28665927448426,48.348560402085624]]]}"
00000000000000001c16,2186,0,0,0,"{""type"":""Polygon"",""coordinates"":[[[-107.28652177601138,48.34848276184657],[-107.28650011300573,48.34844747853762],[-107.2864933373501,48.34844758534743],[-107.28634985184982,48.348535268146776],[-107.28640445498687,48.34855652796638],[-107.2864322495956,48.348578326260395],[-107.28646647313361,48.348595526488026],[-107.28657667653903,48.348512908577455],[-107.28652177601138,48.34848276184657]]]}"
00000000000000001bf2,2187,0,0,0,"{""type"":""Polygon"",""coordinates"":[[[-107.28645258279089,48.34843499903001],[-107.2864449681576,48.34841282474761],[-107.28642469078376,48.348408749386984],[-107.28640332515157,48.34838235311435],[-107.28624623587993,48.348465869274904],[-107.28630226896314,48.34851840856304],[-107.28634985184982,48.348535268146776],[-107.2864933373501,48.34844758534743],[-107.28645258279089,48.34843499903001]]]}"
00000000000000001bef,2188,0,0,0,"{""type"":""Polygon"",""coordinates"":[[[-107.28639649680974,48.34837807994796],[-107.28632063067512,48.34833040811594],[-107.28631335811826,48.34831719230713],[-107.2861562690924,48.34840070821215],[-107.28623960727845,48.3484660317024],[-107.28624623587993,48.348465869274904],[-107.28640332515157,48.34838235311435],[-107.28639649680974,48.34837807994796]]]}"
00000000000000001c36,2189,0,0,0,"{""type"":""Polygon"",""coordinates"":[[[-107.28628536406448,48.34829095848072],[-107.28627023253762,48.34825106140956],[-107.2862629152453,48.3482377741756],[-107.28607194546733,48.348313048028736],[-107.28612095789198,48.34836118701952],[-107.28614252295891,48.34839201895799],[-107.2861562690924,48.34840070821215],[-107.28631335811826,48.34831719230713],[-107.2863129138785,48.34830824966856],[-107.28628536406448,48.34829095848072]]]}"
00000000000000001c19,2190,0,0,0,"{""type"":""Polygon"",""coordinates"":[[[-107.28624105294051,48.3481980553697],[-107.2862471398094,48.34818449893149],[-107.2860387655504,48.34817078251566],[-107.28602719079147,48.34821120213973],[-107.28605691163493,48.34827760230251],[-107.28607194546733,48.348313048028736],[-107.2862629152453,48.3482377741756],[-107.28624105294051,48.3481980553697]]]}"
00000000000000001bf0,2191,0,0,0,"{""type"":""Polygon"",""coordinates"":[[[-107.2860333797315,48.34805031557748],[-107.28603422331076,48.348068129335296],[-107.28603565326848,48.34809940853013],[-107.28605765746275,48.34814365014777],[-107.2860387655504,48.34817078251566],[-107.2862471398094,48.34818449893149],[-107.28625302694535,48.348166506909],[-107.28626514316088,48.348139481295306],[-107.28627756135796,48.348116875472606],[-107.2860333797315,48.34805031557748]]]}"
00000000000000001bf1,2192,0,0,0,"{""type"":""Polygon"",""coordinates"":[[[-107.2861431823929,48.34795882790131],[-107.28609738509036,48.34798204719758],[-107.28607131833337,48.348000415114996],[-107.286045398594,48.34801883866798],[-107.28603283812213,48.34803692159885],[-107.2860333797315,48.34805031557748],[-107.28627756135796,48.348116875472606],[-107.2862773616262,48.3481124398898],[-107.28632894869084,48.34806677707025],[-107.2863419085514,48.34805756524752],[-107.2861431823929,48.34795882790131]]]}"
00000000000000001bed,2193,0,0,0,"{""type"":""Polygon"",""coordinates"":[[[-107.2862538283156,48.34788515395962],[-107.28624116570086,48.347903252673525],[-107.28618883743543,48.347931085782],[-107.2861431823929,48.34795882790131],[-107.2863419085514,48.34805756524752],[-107.28638696443821,48.34801651625645],[-107.28641965967245,48.347997985812974],[-107.28641941515231,48.34799347880105],[-107.2862538283156,48.34788515395962]]]}"
00000000000000001bf4,2194,0,0,0,"{""type"":""Polygon"",""coordinates"":[[[-107.28632361787258,48.34779890956356],[-107.28631694461535,48.3477990005519],[-107.2863177308429,48.347816901463425],[-107.28629809780921,48.347826204226195],[-107.28627880673999,48.34784446535046],[-107.2862795481777,48.34786229483842],[-107.2862538283156,48.34788515395962],[-107.28641941515231,48.34799347880105],[-107.2864387510378,48.34797528903601],[-107.28645685633512,48.34793025574442],[-107.286489648971,48.34791617667904],[-107.28632361787258,48.34779890956356]]]}"
00000000000000001bf5,2195,0,0,0,"{""type"":""Polygon"",""coordinates"":[[[-107.28642130342347,48.34773444742607],[-107.28637658992713,48.34778445455836],[-107.28632361787258,48.34779890956356],[-107.286489648971,48.34791617667904],[-107.28654227919684,48.34789276317446],[-107.28656151272364,48.347874589226095],[-107.28658120327256,48.34786519915637],[-107.28658753451496,48.347856149784576],[-107.28644885295603,48.34775173840131],[-107.28642130342347,48.34773444742607]],[[-107.28644885295603,48.34775173840131],[-107.28641595820432,48.34776583320992],[-107.28644316574294,48.34777416584466],[-107.28644885295603,48.34775173840131]]]}"
00000000000000001beb,2196,0,0,0,"{""type"":""Polygon"",""coordinates"":[[[-107.28658753451496,48.347856149784576],[-107.28659420780193,48.347856058776586],[-107.28662037185119,48.34784214213544],[-107.28664639360592,48.34782370269015],[-107.28668610398026,48.3478140395714],[-107.2865868478166,48.34769091978641],[-107.28657388811885,48.3477001315746],[-107.28652778917017,48.34771893120946],[-107.28643406339637,48.34772080010251],[-107.28642130342347,48.34773444742607],[-107.28644885295603,48.34775173840131],[-107.28658753451496,48.347856149784576]],[[-107.28644885295603,48.34775173840131],[-107.28646225696971,48.34775146916197],[-107.28644840867568,48.34774279585938],[-107.28644885295603,48.34775173840131]]]}"
00000000000000001bf3,2197,0,0,0,"{""type"":""Polygon"",""coordinates"":[[[-107.2867183114635,48.34763471484923],[-107.28670490745571,48.34763498412353],[-107.2866521353353,48.347653874807456],[-107.2865868478166,48.34769091978641],[-107.28668610398026,48.3478140395714],[-107.28673883156866,48.34779507736659],[-107.28676588427585,48.34779904579486],[-107.28680520777358,48.34778035284275],[-107.2867183114635,48.34763471484923]]]}"
00000000000000001bea,2198,0,0,0,"{""type"":""Polygon"",""coordinates"":[[[-107.28685041908216,48.3475918878429],[-107.2867771701547,48.34760226781981],[-107.2867447199005,48.347625305215054],[-107.2867183114635,48.34763471484923],[-107.28680520777358,48.34778035284275],[-107.2868513515747,48.34776162449028],[-107.28692435627671,48.34774673742853],[-107.28685041908216,48.3475918878429]]]}"
00000000000000001bf8,2199,0,0,0,"{""type"":""Polygon"",""coordinates"":[[[-107.2869769820294,48.34757601085142],[-107.28695017398466,48.34757654947048],[-107.28692346821394,48.347577072276934],[-107.28685041908216,48.3475918878429],[-107.28692435627671,48.34774673742853],[-107.28696402184582,48.347737002770586],[-107.28699107460324,48.347740971129866],[-107.28701723853372,48.347727054413745],[-107.28705013324137,48.34771295941067],[-107.2869769820294,48.34757601085142]]]}"
00000000000000001bf7,2200,0,0,0,"{""type"":""Polygon"",""coordinates"":[[[-107.28710340270526,48.34755561092018],[-107.28708322313604,48.347555987095035],[-107.28706363504305,48.34756536140319],[-107.28703069570084,48.347579384929425],[-107.2869769820294,48.34757601085142],[-107.28705013324137,48.34771295941067],[-107.28708950139628,48.3476943378144],[-107.28718302790912,48.34768803272546],[-107.28710340270526,48.34755561092018]]]}"
00000000000000001be8,2201,0,0,0,"{""type"":""Polygon"",""coordinates"":[[[-107.28727819270986,48.34756997045863],[-107.28725138458397,48.347570509163724],[-107.28719747092568,48.34756269968103],[-107.28710340270526,48.34755561092018],[-107.28718302790912,48.34768803272546],[-107.28719643200401,48.34768776338198],[-107.28723011335205,48.34769156917942],[-107.28729678698606,48.3476857312335],[-107.28727819270986,48.34756997045863]]]}"
00000000000000001be6,2202,0,0,0,"{""type"":""Polygon"",""coordinates"":[[[-107.28735188634583,48.347568532602196],[-107.28727819270986,48.34756997045863],[-107.28729678698606,48.3476857312335],[-107.28730346029329,48.34768564017602],[-107.28735707674856,48.3476845627218],[-107.28737048086691,48.34768429335347],[-107.28738388498704,48.34768402398321],[-107.28740391765074,48.34768359210758],[-107.28742419496515,48.34768766720755],[-107.28741880447477,48.34756720155882],[-107.28735188634583,48.347568532602196]]]}"
00000000000000001be7,2203,0,0,0,"{""type"":""Polygon"",""coordinates"":[[[-107.28745224116999,48.347566500299905],[-107.28741880447477,48.34756720155882],[-107.28742419496515,48.34768766720755],[-107.28745134548502,48.347696086776914],[-107.28755160313825,48.34768960300784],[-107.28755877199136,48.3475510544207],[-107.28745224116999,48.347566500299905]]]}"
00000000000000001bc9,2204,0,0,0,"{""type"":""Polygon"",""coordinates"":[[[-107.28767198887797,48.347535358661354],[-107.2876451806653,48.34753589747816],[-107.28755877199136,48.3475510544207],[-107.28755160313825,48.34768960300784],[-107.28758508476369,48.34768897313585],[-107.28768544016198,48.34768694057086],[-107.28769206629502,48.34753499816584],[-107.28767198887797,48.347535358661354]]]}"
00000000000000001bfc,2205,0,0,0,"{""type"":""Polygon"",""coordinates"":[[[-107.28775275589568,48.34754270046338],[-107.28772550305771,48.34753429681056],[-107.28769879709786,48.34753481983687],[-107.28769206629502,48.34753499816584],[-107.28768544016198,48.34768694057086],[-107.28769904423554,48.347691106695414],[-107.28777842491711,48.34766724103075],[-107.28781873509294,48.34767088408341],[-107.28782610288354,48.34753677107645],[-107.28775275589568,48.34754270046338]]]}"
00000000000000001c02,2206,0,0,0,"{""type"":""Polygon"",""coordinates"":[[[-107.28792027421895,48.347543843299775],[-107.28788614803723,48.34753109526913],[-107.28782610288354,48.34753677107645],[-107.28781873509294,48.34767088408341],[-107.28787922509501,48.34767415077428],[-107.2879400575285,48.34768637574678],[-107.2879598903715,48.34768150821403],[-107.28796024195232,48.34753852798868],[-107.28792027421895,48.347543843299775]]]}"
00000000000000001bfd,2207,0,0,0,"{""type"":""Polygon"",""coordinates"":[[[-107.28806652835583,48.34751857458427],[-107.28803349138602,48.3475281471095],[-107.28796024195232,48.34753852798868],[-107.2879598903715,48.34768150821403],[-107.28798669877892,48.347680969303006],[-107.28802013577753,48.34768026783728],[-107.28806034841568,48.347679459442055],[-107.28809383021296,48.347678829388585],[-107.28809343436505,48.347522486977354],[-107.28806652835583,48.34751857458427]]]}"
00000000000000001bce,2208,0,0,0,"{""type"":""Polygon"",""coordinates"":[[[-107.28821465910356,48.34753352691973],[-107.28818107512708,48.347534172817646],[-107.28816777321558,48.34753442649355],[-107.28814763820354,48.347534874335544],[-107.28809343436505,48.347522486977354],[-107.28809383021296,48.347678829388585],[-107.28812053638853,48.34767830624559],[-107.28820823504222,48.347689904840465],[-107.28822831265771,48.34768954422683],[-107.28822796102138,48.34753327323717],[-107.28821465910356,48.34753352691973]]]}"
00000000000000001bcf,2209,0,0,0,"{""type"":""Polygon"",""coordinates"":[[[-107.28832208807147,48.34754027361561],[-107.28822796102138,48.34753327323717],[-107.28822831265771,48.34768954422683],[-107.28827495401984,48.34768413763999],[-107.28833578686775,48.34769636235375],[-107.28836215064099,48.34768688082299],[-107.28836264317208,48.34754842339016],[-107.28832208807147,48.34754027361561]]]}"
00000000000000001bcd,2210,0,0,0,"{""type"":""Polygon"",""coordinates"":[[[-107.28838292073587,48.34755249827114],[-107.28836264317208,48.34754842339016],[-107.28836215064099,48.34768688082299],[-107.28836868152911,48.34768226690859],[-107.28846928251829,48.34768474047849],[-107.2884960910727,48.34768420142158],[-107.28850325647196,48.34754565286562],[-107.28838292073587,48.34755249827114]]]}"
00000000000000001be0,2211,0,0,0,"{""type"":""Polygon"",""coordinates"":[[[-107.28861746151792,48.34755229227235],[-107.28859031048285,48.347543873068304],[-107.28854346916972,48.34754484426873],[-107.28850325647196,48.34754565286562],[-107.2884960910727,48.34768420142158],[-107.28858284311896,48.347678001890216],[-107.2886366028187,48.34768144648342],[-107.28863086576732,48.34755202272554],[-107.28861746151792,48.34755229227235]]]}"
00000000000000001bcc,2212,0,0,0,"{""type"":""Polygon"",""coordinates"":[[[-107.28875783039925,48.34754501440413],[-107.28863086576732,48.34755202272554],[-107.2886366028187,48.34768144648342],[-107.28875733934173,48.347683471792756],[-107.28877074365847,48.34768320222407],[-107.28877143470521,48.347549180359856],[-107.28875783039925,48.34754501440413]]]}"
00000000000000001be1,2213,0,0,0,"{""type"":""Polygon"",""coordinates"":[[[-107.28892535063835,48.347546155439765],[-107.2888977993351,48.34752886528624],[-107.28884587216768,48.34756557066695],[-107.28883206778964,48.3475569691979],[-107.28877143470521,48.347549180359856],[-107.28877074365847,48.34768320222407],[-107.28878404570858,48.34768294846045],[-107.28881169929944,48.34770022288911],[-107.28882687859885,48.34774019050934],[-107.28895290197488,48.34756344559013],[-107.28892535063835,48.347546155439765]]]}"
00000000000000001bcb,2214,0,0,0,"{""type"":""Polygon"",""coordinates"":[[[-107.28909371629015,48.34756510969947],[-107.28904622970651,48.347552703148466],[-107.2889797105788,48.347562906398274],[-107.28895290197488,48.34756344559013],[-107.28882687859885,48.34774019050934],[-107.28883370729548,48.347744463442815],[-107.2889418274509,48.34776465893035],[-107.28912695349283,48.34755997232082],[-107.28909371629015,48.34756510969947]]]}"
00000000000000001bff,2215,0,0,0,"{""type"":""Polygon"",""coordinates"":[[[-107.28912695349283,48.34755997232082],[-107.2889418274509,48.34776465893035],[-107.28894860315928,48.34776455194792],[-107.28902868231145,48.34775844316604],[-107.28911063905623,48.347792555733044],[-107.28911751259271,48.34779690008705],[-107.28916696638437,48.34755472793428],[-107.28912695349283,48.34755997232082]]]}"
00000000000000001c04,2216,0,0,0,"{""type"":""Polygon"",""coordinates"":[[[-107.28925698435229,48.34761995641794],[-107.28925055579039,48.34762455457836],[-107.28924323728869,48.34761126775841],[-107.2891888770012,48.34759451694255],[-107.2891943178229,48.347567582491045],[-107.28925436373228,48.34756190580629],[-107.28924664504457,48.34753974796239],[-107.28916696638437,48.34755472793428],[-107.28911751259271,48.34779690008705],[-107.28915806850178,48.34780504954467],[-107.28920535540587,48.347813020546106],[-107.28927890398576,48.34781152552421],[-107.28925698435229,48.34761995641794]]]}"
00000000000000001be2,2217,0,0,0,"{""type"":""MultiPolygon"",""coordinates"":[[[[-107.28934531580158,48.34749761948897],[-107.28937964312288,48.34751480248384],[-107.28937682218431,48.347452316483725],[-107.28934531580158,48.34749761948897]]],[[[-107.28929393168212,48.34754771888726],[-107.28926004937875,48.347539478325714],[-107.28924664504457,48.34753974796239],[-107.28925436373228,48.34756190580629],[-107.28928117242069,48.34756136652818],[-107.2893008052117,48.34755206320835],[-107.28929393168212,48.34754771888726]]],[[[-107.2893008052117,48.34755206320835],[-107.28931564235738,48.347583072334295],[-107.28930461381339,48.34763688564614],[-107.28929066662349,48.34762376146484],[-107.28927038871697,48.34761968677866],[-107.28925698435229,48.34761995641794],[-107.28927890398576,48.34781152552421],[-107.2892923084229,48.347811255879044],[-107.28930571286182,48.34781098623197],[-107.28934572608203,48.34780574173792],[-107.28935967336172,48.34781886595382],[-107.28941343380122,48.347822310102764],[-107.28937974096807,48.347519253808315],[-107.28933329951073,48.347529096437775],[-107.2893207403715,48.34754717959825],[-107.2893008052117,48.34755206320835]]]]}"
00000000000000001bdf,2218,0,0,0,"{""type"":""Polygon"",""coordinates"":[[[-107.2894466059927,48.34736607066653],[-107.28939502203626,48.34741173447991],[-107.28937682218431,48.347452316483725],[-107.28937964312288,48.34751480248384],[-107.28937974096807,48.347519253808315],[-107.28941343380122,48.347822310102764],[-107.28946725177465,48.34782566697505],[-107.2895681524544,48.34783702625096],[-107.28957472808632,48.347832483680335],[-107.2894466059927,48.34736607066653]]]}"
00000000000000001be4,2219,0,0,0,"{""type"":""Polygon"",""coordinates"":[[[-107.28955071678513,48.3472970078104],[-107.28949185921303,48.34732945632428],[-107.2894466059927,48.34736607066653],[-107.28957472808632,48.347832483680335],[-107.28966093839756,48.34781288925925],[-107.28969417595701,48.34780775165146],[-107.2897082256842,48.347820860004695],[-107.28955071678513,48.3472970078104]]]}"
00000000000000001bd9,2220,0,1,0,"{""type"":""Polygon"",""coordinates"":[[[-107.28967550542636,48.34724089049912],[-107.28963573764695,48.34725064199195],[-107.28955071678513,48.3472970078104],[-107.2897082256842,48.347820860004695],[-107.28974878201532,48.34782900920597],[-107.28978266486929,48.34783724962605],[-107.28984914009195,48.34782697430789],[-107.28967550542636,48.34724089049912]]]}"
00000000000000001bdb,2221,0,0,0,"{""type"":""Polygon"",""coordinates"":[[[-107.28984352728042,48.34740282262197],[-107.28979753096324,48.347421607903236],[-107.2897707222294,48.347422147325126],[-107.28974153702545,48.347369143315916],[-107.28976755777774,48.347350703214666],[-107.28979213257631,48.34730114319006],[-107.28973772737119,48.34728432134879],[-107.28972279200761,48.34724886116963],[-107.28976195931443,48.34722580316733],[-107.28976828988033,48.34721675371182],[-107.28967550542636,48.34724089049912],[-107.28984914009195,48.34782697430789],[-107.28990878641082,48.347812426088616],[-107.28994920017769,48.34781605241566],[-107.28997556410042,48.34780657041711],[-107.2898783979738,48.34743339916526],[-107.289871724527,48.34743349040467],[-107.28984352728042,48.34740282262197]],[[-107.289871724527,48.34743349040467],[-107.28984536088304,48.3474429723012],[-107.28986648435875,48.34746486032432],[-107.289871724527,48.34743349040467]]]}"
00000000000000001bdd,2222,0,0,0,"{""type"":""Polygon"",""coordinates"":[[[-107.29008206529309,48.347192621323885],[-107.29006732936018,48.347313534],[-107.29003523584143,48.34734537191346],[-107.29000502083477,48.34741743092589],[-107.28998573102666,48.347435692622156],[-107.28999345020392,48.347457850350956],[-107.28998790766934,48.34748480058633],[-107.28992183336437,48.347503946945494],[-107.28990540692446,48.34743729521954],[-107.2898783979738,48.34743339916526],[-107.28997556410042,48.34780657041711],[-107.28998896863466,48.347806300672325],[-107.29003585577328,48.347805400173534],[-107.29005593384211,48.34780503916575],[-107.29009566982317,48.34719678705885],[-107.29008206529309,48.347192621323885]]]}"
00000000000000001bde,2223,0,0,0,"{""type"":""Polygon"",""coordinates"":[[[-107.29009566982317,48.34719678705885],[-107.29005593384211,48.34780503916575],[-107.29011598058358,48.34779936189613],[-107.29015629218009,48.34780300394116],[-107.29016969673869,48.34780273417057],[-107.29018977483469,48.347802373134144],[-107.2901965058613,48.34780219462364],[-107.2902144878732,48.34745792591262],[-107.29020667059888,48.34743131689128],[-107.29018554685959,48.347409428963424],[-107.2902174528585,48.347372996778745],[-107.29022273750843,48.347341698338525],[-107.29023029684024,48.34721202168355],[-107.29009566982317,48.34719678705885]]]}"
00000000000000001bdc,2224,0,0,0,"{""type"":""MultiPolygon"",""coordinates"":[[[[-107.29023029684024,48.34721202168355],[-107.29022273750843,48.347341698338525],[-107.29022862280179,48.34732370640409],[-107.29024123902838,48.34730553596576],[-107.29025057485069,48.34721609613332],[-107.29023029684024,48.34721202168355]]],[[[-107.29025000450123,48.3475018803091],[-107.29022932590368,48.3474889348202],[-107.2902144878732,48.34745792591262],[-107.2901965058613,48.34780219462364],[-107.29032990180869,48.34779058588378],[-107.29034397852081,48.34750451456725],[-107.29025000450123,48.3475018803091]]]]}"
00000000000000001bd7,2225,0,0,0,"{""type"":""Polygon"",""coordinates"":[[[-107.29045121009487,48.347506823295845],[-107.29034397852081,48.34750451456725],[-107.29032990180869,48.34779058588378],[-107.29043643549804,48.34777513667636],[-107.2904636451638,48.347783468120184],[-107.29047821933054,48.347510719187255],[-107.29045121009487,48.347506823295845]]]}"
00000000000000001bd5,2226,0,0,0,"{""type"":""Polygon"",""coordinates"":[[[-107.29060498581971,48.34749927286728],[-107.29058549587094,48.34751309919852],[-107.29047821933054,48.347510719187255],[-107.2904636451638,48.347783468120184],[-107.29049752840558,48.3477917082713],[-107.2905178068159,48.34779578269891],[-107.29055771811812,48.34779055350165],[-107.29059813221676,48.34779417954586],[-107.29061839033209,48.34749900303681],[-107.29060498581971,48.34749927286728]]]}"
00000000000000001bd4,2227,0,0,0,"{""type"":""Polygon"",""coordinates"":[[[-107.29073175240924,48.34748782637999],[-107.29069144083721,48.34748418459732],[-107.29061839033209,48.34749900303681],[-107.29059813221676,48.34779417954586],[-107.29061796535704,48.34778931144707],[-107.29067880073231,48.347801534637526],[-107.2907329626113,48.3478138490934],[-107.29075386533405,48.347532050440854],[-107.29073338670733,48.34752354057108],[-107.29075321971146,48.34751867247258],[-107.29075737248228,48.3474605149616],[-107.29073175240924,48.34748782637999]]]}"
00000000000000001bd3,2228,0,0,0,"{""type"":""MultiPolygon"",""coordinates"":[[[[-107.29078121778952,48.34754490451464],[-107.29075386533405,48.347532050440854],[-107.2907329626113,48.3478138490934],[-107.29076684604154,48.34782208914948],[-107.29084034261675,48.34781621299423],[-107.29090209967845,48.347551449816955],[-107.29078121778952,48.34754490451464]]],[[[-107.29078472488986,48.34747336901832],[-107.29077057671893,48.3474558096051],[-107.29076370292151,48.34745146540381],[-107.29075737248228,48.3474605149616],[-107.29075321971146,48.34751867247258],[-107.29077295470083,48.34750935305213],[-107.2908123223928,48.34749073001355],[-107.29078472488986,48.34747336901832]]]]}"
00000000000000001bd8,2229,0,0,0,"{""type"":""Polygon"",""coordinates"":[[[-107.29099667548188,48.347567389954655],[-107.29092223528367,48.347551001382584],[-107.29090209967845,48.347551449816955],[-107.29084034261675,48.34781621299423],[-107.29094723259738,48.34780956283013],[-107.29097458537335,48.34782241690776],[-107.29103678699542,48.34756659609582],[-107.29099667548188,48.347567389954655]]]}"
00000000000000001be3,2230,0,0,0,"{""type"":""Polygon"",""coordinates"":[[[-107.29113719051053,48.34756463128257],[-107.29111711234086,48.34756499251722],[-107.29108387467275,48.347570130596566],[-107.29105019159344,48.34756632620259],[-107.29103678699542,48.34756659609582],[-107.29097458537335,48.34782241690776],[-107.291022216779,48.34783934529962],[-107.29104902617014,48.34783880550765],[-107.29110234238247,48.34783330617575],[-107.29112272328851,48.3478373646636],[-107.29115732617278,48.347564182797385],[-107.29115712584313,48.34755974728594],[-107.29113719051053,48.34756463128257]]]}"
00000000000000001c0c,2231,0,0,0,"{""type"":""Polygon"",""coordinates"":[[[-107.29115732617278,48.347564182797385],[-107.29112272328851,48.3478373646636],[-107.29118331413645,48.347845080558464],[-107.2913166133195,48.34782901906309],[-107.29135598133249,48.347810395681776],[-107.29139595039341,48.34780507888131],[-107.29115732617278,48.347564182797385]]]}"
00000000000000001bd6,2232,0,0,0,"{""type"":""Polygon"",""coordinates"":[[[-107.29128290423067,48.34752596381004],[-107.29118373473725,48.34755477195244],[-107.29115712584313,48.34755974728594],[-107.29115732617278,48.347564182797385],[-107.29139595039341,48.34780507888131],[-107.29146920220144,48.34779469527078],[-107.29152172975235,48.347771294912434],[-107.29128290423067,48.34752596381004]]]}"
00000000000000001bd2,2233,0,0,0,"{""type"":""Polygon"",""coordinates"":[[[-107.29137340925026,48.347452733215825],[-107.29133339579914,48.347457978525334],[-107.2913140082566,48.34747178918046],[-107.29130060365536,48.34747205911009],[-107.29127379445828,48.34747259896362],[-107.29126810991572,48.347495026507175],[-107.29128794295212,48.34749015830009],[-107.29132815677556,48.3474893485101],[-107.2913291458239,48.34751168471998],[-107.29128290423067,48.34752596381004],[-107.29152172975235,48.347771294912434],[-107.29154136258782,48.34776199109699],[-107.2915687157171,48.34777484498503],[-107.291608729586,48.34776959953571],[-107.29162945391127,48.347782616208804],[-107.29168252512554,48.347772609592944],[-107.29137340925026,48.347452733215825]],[[-107.29163434947961,48.347742287743465],[-107.29160002005318,48.347725105534046],[-107.29161505993811,48.3477605498715],[-107.29163434947961,48.347742287743465]]]}"
00000000000000001bca,2234,0,0,0,"{""type"":""Polygon"",""coordinates"":[[[-107.2914466603406,48.347442349709404],[-107.29137340925026,48.347452733215825],[-107.29168252512554,48.347772609592944],[-107.29168925625139,48.34777243097546],[-107.29172936828144,48.347771636811345],[-107.29174247452369,48.34776247995479],[-107.29176166176025,48.34774423361163],[-107.29193408384191,48.34770504080299],[-107.2914466603406,48.347442349709404]],[[-107.2917769364924,48.34763671361069],[-107.29174305262192,48.347628473950664],[-107.291757548919,48.347650524402475],[-107.2917769364924,48.34763671361069]]]}"
00000000000000001c78,2235,0,0,0,"{""type"":""Polygon"",""coordinates"":[[[-107.29144547085205,48.34741557803381],[-107.2914466603406,48.347442349709404],[-107.29193408384191,48.34770504080299],[-107.29201836072035,48.34764084320936],[-107.29205130006366,48.3476268179571],[-107.29212979029155,48.34758506379396],[-107.29222168516246,48.347543039541755],[-107.29224760326116,48.347524614529036],[-107.29225413391805,48.34752000037049],[-107.29144547085205,48.34741557803381]]]}"
00000000000000001bc7,2236,0,0,0,"{""type"":""Polygon"",""coordinates"":[[[-107.29147489477036,48.34732561798412],[-107.29145560542229,48.34734387993229],[-107.29145649645582,48.34736176477455],[-107.29144522570444,48.34741107109992],[-107.29144547085205,48.34741557803381],[-107.29225413391805,48.34752000037049],[-107.29226070935768,48.347515457647994],[-107.29225808394217,48.34745740735386],[-107.29231773030729,48.34744285773903],[-107.29231748505153,48.34743835080779],[-107.29147489477036,48.34732561798412]]]}"
00000000000000001bc8,2237,0,0,0,"{""type"":""Polygon"",""coordinates"":[[[-107.29235971043762,48.34733481396031],[-107.29235916649071,48.34732142025671],[-107.29151841376893,48.34724883744675],[-107.29151406183844,48.347302559240426],[-107.29147489477036,48.34732561798412],[-107.29231748505153,48.34743835080779],[-107.29234759816129,48.34736183983397],[-107.29233987739028,48.34733968237469],[-107.29235971043762,48.34733481396031]],[[-107.29233987739028,48.34733968237469],[-107.29233280283484,48.34733090281608],[-107.2923195986127,48.34733560837585],[-107.29233987739028,48.34733968237469]]]}"
00000000000000001bb0,2238,0,0,0,"{""type"":""Polygon"",""coordinates"":[[[-107.29235351435433,48.34719644921897],[-107.29152151863701,48.347168431404775],[-107.29151841376893,48.34724883744675],[-107.29235916649071,48.34732142025671],[-107.29235872075145,48.34731247785144],[-107.29236182384751,48.347232071731106],[-107.29235351435433,48.34719644921897]]]}"
00000000000000001baf,2239,0,0,0,"{""type"":""Polygon"",""coordinates"":[[[-107.29152413315512,48.34707901167401],[-107.29152502422914,48.34709689642562],[-107.2915259686302,48.34711916102945],[-107.29152151863701,48.347168431404775],[-107.29235351435433,48.34719644921897],[-107.29235212371141,48.347165242223134],[-107.29237635214045,48.3471067236024],[-107.29152413315512,48.34707901167401]]]}"
00000000000000001bbc,2240,0,0,0,"{""type"":""Polygon"",""coordinates"":[[[-107.29152689468862,48.346989647720314],[-107.29152413315512,48.34707901167401],[-107.29237635214045,48.3471067236024],[-107.29238199121603,48.347084224738786],[-107.29238529467555,48.347008254424196],[-107.29152689468862,48.346989647720314]]]}"
00000000000000001bbb,2241,0,0,0,"{""type"":""Polygon"",""coordinates"":[[[-107.29236767330175,48.34691483246586],[-107.29152955391858,48.34690029972717],[-107.29152995467766,48.34690917063642],[-107.29153049832954,48.34692256424846],[-107.29152689468862,48.346989647720314],[-107.29238529467555,48.347008254424196],[-107.2923897883074,48.346959055621426],[-107.29236767330175,48.34691483246586]]]}"
00000000000000001bbd,2242,0,0,0,"{""type"":""Polygon"",""coordinates"":[[[-107.29233695022994,48.34682610036835],[-107.29233674975157,48.34682166492465],[-107.29153216833227,48.346810880449276],[-107.29152856472588,48.34687796377956],[-107.29152955391858,48.34690029972717],[-107.29236767330175,48.34691483246586],[-107.29233695022994,48.34682610036835]]]}"
00000000000000001bb6,2243,0,0,0,"{""type"":""Polygon"",""coordinates"":[[[-107.29133372584182,48.346716576261215],[-107.29132818436386,48.34674352617179],[-107.29138843039041,48.3467422836893],[-107.29143670675721,48.346772589322086],[-107.29153097875431,48.34678410909462],[-107.29153216833227,48.346810880449276],[-107.29233674975157,48.34682166492465],[-107.2923798209347,48.34673594246819],[-107.29133372584182,48.346716576261215]]]}"
00000000000000001bc1,2244,0,0,0,"{""type"":""Polygon"",""coordinates"":[[[-107.29237131100129,48.346695884855535],[-107.2915570781899,48.34661834312836],[-107.29154431979393,48.34663199080956],[-107.2915332946323,48.34668580332989],[-107.2914927831084,48.34667772649156],[-107.29145014626467,48.346624922314824],[-107.29142259365058,48.34660763321775],[-107.29134182462322,48.34660029468037],[-107.29133025562234,48.346640713604565],[-107.29133189055379,48.34667642720105],[-107.29133372584182,48.346716576261215],[-107.2923798209347,48.34673594246819],[-107.2923916876715,48.346704410046556],[-107.2923915894539,48.34669995880273],[-107.29237131100129,48.346695884855535]]]}"
00000000000000001be5,2245,0,0,0,"{""type"":""GeometryCollection"",""geometries"":[{""type"":""LineString"",""coordinates"":[[-107.29235788402073,48.34669617651046],[-107.29236457801575,48.34669604304488],[-107.2923712720107,48.34669590957891],[-107.29237796600562,48.34669577611257],[-107.29239155421625,48.34669997139693]]},{""type"":""Polygon"",""coordinates"":[[[-107.29160603506304,48.346514629593486],[-107.29159471152336,48.34655955533753],[-107.29157572115275,48.346586703699565],[-107.29155687780505,48.34661390769798],[-107.2915570781899,48.34661834312836],[-107.29235790653081,48.34669615492542],[-107.29160603506304,48.346514629593486]]]},{""type"":""Polygon"",""coordinates"":[[[-107.29141640096833,48.346469270220084],[-107.29137000512151,48.34647918505389],[-107.2913792578225,48.34653707156307],[-107.29135403945794,48.346573253503394],[-107.29134182462322,48.34660029468037],[-107.29142259365058,48.34660763321775],[-107.29142307435245,48.34646917887664],[-107.29141640096833,48.346469270220084]]]}]}"
00000000000000001bc0,2246,0,0,0,"{""type"":""MultiPolygon"",""coordinates"":[[[[-107.29141640096833,48.346469270220084],[-107.29142307435245,48.34646917887664],[-107.29142287398291,48.34646474345801],[-107.29141640096833,48.346469270220084]]],[[[-107.29238431450345,48.34668674391897],[-107.29237798449482,48.346695793442606],[-107.2923915894539,48.34669995880273],[-107.29238178703349,48.346633145776785],[-107.29238148833123,48.34662425911192],[-107.29230640201114,48.34659449419018],[-107.29227880397364,48.34657713392993],[-107.29165578054793,48.346428816576285],[-107.29164376634687,48.34646029312898],[-107.29161784892018,48.34647871759336],[-107.29160603506304,48.346514629593486],[-107.2923645800234,48.34669606351344],[-107.29236403606038,48.34668266997101],[-107.29238431450345,48.34668674391897]],[[-107.29230878232201,48.34664803667371],[-107.29231595902438,48.346656800314065],[-107.29234246517849,48.3466518405665],[-107.29230878232201,48.34664803667371]],[[-107.2923080379022,48.34663020771471],[-107.29231511233333,48.346638987162706],[-107.29232144234176,48.346629937652885],[-107.2923080379022,48.34663020771471]],[[-107.29232946168518,48.34666098149118],[-107.2923232787234,48.34667008663136],[-107.2923367813908,48.34667426780832],[-107.29232946168518,48.34666098149118]],[[-107.2923565158596,48.34666494822367],[-107.2923367813908,48.34667426780832],[-107.29233722713282,48.3466832101064],[-107.29236403606038,48.34668266997101],[-107.2923565158596,48.34666494822367]]]]}"
00000000000000001bc3,2247,0,0,0,"{""type"":""GeometryCollection"",""geometries"":[{""type"":""LineString"",""coordinates"":[[-107.29227196558267,48.34657284561119],[-107.29227884437648,48.34657716470284]]},{""type"":""Polygon"",""coordinates"":[[[-107.29223566660248,48.346511008170765],[-107.29224060601818,48.34647075209638],[-107.29166496975606,48.34633485552242],[-107.29166517015598,48.346339290928945],[-107.29166680543233,48.34637500430874],[-107.29165578054793,48.346428816576285],[-107.29227197481946,48.3465728613466],[-107.29227196558267,48.34657284561119],[-107.29223566660248,48.346511008170765]]]}]}"
00000000000000001bc6,2248,0,0,0,"{""type"":""Polygon"",""coordinates"":[[[-107.2922297160631,48.34637715239684],[-107.29170136812321,48.346249225499584],[-107.2917019118528,48.34626261894262],[-107.29167653830592,48.34629443680163],[-107.29166418086042,48.34631695522078],[-107.29166496975606,48.34633485552242],[-107.29224060601818,48.34647075209638],[-107.29224016029723,48.34646180983301],[-107.2922297160631,48.34637715239684]]]}"
00000000000000001bb8,2249,0,0,0,"{""type"":""Polygon"",""coordinates"":[[[-107.29174423925822,48.34615906884926],[-107.29171882103432,48.346190815220304],[-107.29170136812321,48.346249225499584],[-107.2922297160631,48.34637715239684],[-107.29222080541314,48.34632822422879],[-107.292253297812,48.346305257047],[-107.29226605592328,48.34629160936265],[-107.29174423925822,48.34615906884926]]]}"
00000000000000001bb5,2250,0,0,0,"{""type"":""Polygon"",""coordinates"":[[[-107.29177370602223,48.3460691823152],[-107.2917618924665,48.346105094050536],[-107.29175046700551,48.34615003526818],[-107.29174423925822,48.34615906884926],[-107.29226605592328,48.34629160936265],[-107.29227234108954,48.34628248848221],[-107.29229003849343,48.346228584910534],[-107.2923159555929,48.346210160359725],[-107.29177370602223,48.3460691823152]]]}"
00000000000000001bb9,2251,0,0,0,"{""type"":""Polygon"",""coordinates"":[[[-107.29220366227874,48.34609635012111],[-107.29219718937202,48.34610087690172],[-107.29219011506757,48.34609209753059],[-107.29182275968176,48.34596992095928],[-107.29181064763445,48.345996946066435],[-107.29178458354254,48.346015314781056],[-107.29177326041096,48.34606024011435],[-107.29177370602223,48.3460691823152],[-107.2923159555929,48.346210160359725],[-107.2923222855173,48.346201110924895],[-107.29234824737227,48.34618275780985],[-107.29237420920812,48.34616440469459],[-107.29238716772745,48.34615519241979],[-107.29220366227874,48.34609635012111]],[[-107.29216474193295,48.346123915406125],[-107.29215109245594,48.34611967861796],[-107.29215816675266,48.34612845799672],[-107.29216474193295,48.346123915406125]]]}"
00000000000000001bba,2252,0,0,0,"{""type"":""Polygon"",""coordinates"":[[[-107.29185776702045,48.34585308523989],[-107.29184500898434,48.34586673275566],[-107.29182864401841,48.34595192941479],[-107.29182275968176,48.34596992095928],[-107.29219011506757,48.34609209753059],[-107.29220366227874,48.34609635012111],[-107.29238716772745,48.34615519241979],[-107.29240037151561,48.346150486966096],[-107.29242534354721,48.34610979824739],[-107.29185776702045,48.34585308523989]],[[-107.29194145865999,48.34592735838827],[-107.29192805452864,48.3459276283857],[-107.29192850017968,48.34593657056255],[-107.29194145865999,48.34592735838827]],[[-107.29192731027378,48.34590979966086],[-107.29191390615081,48.345910069656014],[-107.29191430701711,48.34591894039592],[-107.29192731027378,48.34590979966086]]]}"
00000000000000001bbe,2253,0,0,0,"{""type"":""Polygon"",""coordinates"":[[[-107.29235875851711,48.345968157186846],[-107.29233239585805,48.34597763947975],[-107.292284863674,48.34596516348607],[-107.2923039515254,48.34594246649977],[-107.2918732853595,48.345750075874626],[-107.29186675501701,48.3457546898459],[-107.29187481860693,48.34578580465919],[-107.29187052504848,48.34583943772612],[-107.29185776702045,48.34585308523989],[-107.29242534354721,48.34610979824739],[-107.2924250000428,48.34610084023641],[-107.29243696875514,48.34606929238245],[-107.29243438771141,48.346011315114744],[-107.29243394193695,48.34600237293082],[-107.29235875851711,48.345968157186846]]]}"
00000000000000001bbf,2254,0,0,0,"{""type"":""GeometryCollection"",""geometries"":[{""type"":""LineString"",""coordinates"":[[-107.29235871862812,48.34596816754913],[-107.29236541252783,48.345968034085],[-107.29237920075659,48.34597669159328]]},{""type"":""Polygon"",""coordinates"":[[[-107.2923774005793,48.34593651801183],[-107.29239134876723,48.34594964130377],[-107.2924188034447,48.345962478720075],[-107.29237923706543,48.345976666463535],[-107.29243394193695,48.34600237293082],[-107.29243156138784,48.34594883110592],[-107.2923774005793,48.34593651801183]]]},{""type"":""Polygon"",""coordinates"":[[[-107.2919093799189,48.34566002720254],[-107.29191022643738,48.34567784003422],[-107.29188539727062,48.34572305088838],[-107.2918732853595,48.345750075874626],[-107.2923039515254,48.34594246649977],[-107.29231028139952,48.34593341711252],[-107.2923427734046,48.34591045008082],[-107.2923752205972,48.345887411614946],[-107.29238797852153,48.345873764026294],[-107.2919093799189,48.34566002720254]]]}]}"
00000000000000001bc2,2255,0,0,0,"{""type"":""Polygon"",""coordinates"":[[[-107.29192489798781,48.34555701820945],[-107.2919074457616,48.34561542781325],[-107.29190798958103,48.34562882109334],[-107.2919086356653,48.34564219856717],[-107.2919093799189,48.34566002720254],[-107.29238797852153,48.345873764026294],[-107.29239465186821,48.34587367261734],[-107.29242669802076,48.345841763427885],[-107.2924521155697,48.3458100170949],[-107.29246507394815,48.34580080487449],[-107.29192489798781,48.34555701820945]]]}"
00000000000000001bc5,2256,0,0,0,"{""type"":""Polygon"",""coordinates"":[[[-107.2920429494782,48.34550107843723],[-107.29203682009316,48.34551456306812],[-107.292011304352,48.34554185796704],[-107.29197786787402,48.345542560780224],[-107.29199596607627,48.345497528683204],[-107.291988446264,48.34547980729181],[-107.29194037116278,48.34545393798255],[-107.29194071455845,48.345462895889135],[-107.29193098263335,48.345543462140235],[-107.29193142828998,48.34555240425238],[-107.29192489798781,48.34555701820945],[-107.29246507394815,48.34580080487449],[-107.29250365030855,48.34576428169332],[-107.29254889993734,48.34572766710428],[-107.2920429494782,48.34550107843723]],[[-107.29218348394294,48.34564562512082],[-107.29216987941305,48.345641459802856],[-107.29217715410311,48.34565467444992],[-107.29218348394294,48.34564562512082]]]}"
00000000000000001ccd,2257,0,0,0,"{""type"":""MultiPolygon"",""coordinates"":[[[[-107.29195119479336,48.34539569136197],[-107.29193878034873,48.345418296667],[-107.29194037116278,48.34545393798255],[-107.291988446264,48.34547980729181],[-107.2919878001472,48.34546642986017],[-107.29201746612824,48.34538097977708],[-107.2919764652245,48.345363889798904],[-107.29197082629713,48.34538638790777],[-107.29195119479336,48.34539569136197]],[[-107.2919973889539,48.34538134115561],[-107.29198358412158,48.34537274050383],[-107.29198423023867,48.34538611791195],[-107.2919973889539,48.34538134115561]],[[-107.29197790041508,48.345395167183376],[-107.29198423023867,48.34538611791195],[-107.29197082629713,48.34538638790777],[-107.29197790041508,48.345395167183376]]],[[[-107.29212010192049,48.34542803284182],[-107.2921001676748,48.34543291681508],[-107.29207380541983,48.34544239893142],[-107.29207519590882,48.34547360492508],[-107.2920429494782,48.34550107843723],[-107.29254889993734,48.34572766710428],[-107.29255522972697,48.34571861773956],[-107.2925820380182,48.34571807756925],[-107.29260721008058,48.34568182449303],[-107.29262609711819,48.34565469222616],[-107.29212010192049,48.34542803284182]],[[-107.29224737550382,48.345577371831205],[-107.29225444974071,48.34558615111494],[-107.29226098003139,48.34558153713324],[-107.29224737550382,48.345577371831205]]]]}"
00000000000000001bb7,2258,0,0,0,"{""type"":""MultiPolygon"",""coordinates"":[[[[-107.29198827829116,48.3453279785497],[-107.2919764652245,48.345363889798904],[-107.29201746612824,48.34538097977708],[-107.2920171227125,48.34537202188506],[-107.29203008097207,48.34536280980215],[-107.29204164875952,48.34532239179491],[-107.29198827829116,48.3453279785497]]],[[[-107.2922315244795,48.34537225580512],[-107.29217909871646,48.345400106541206],[-107.29215333787965,48.34542289465415],[-107.29212010192049,48.34542803284182],[-107.29262609711819,48.34565469222616],[-107.29263227983175,48.345645587246494],[-107.29271002084765,48.345586005678314],[-107.2922315244795,48.34537225580512]]]]}"
00000000000000001bb2,2259,0,0,0,"{""type"":""Polygon"",""coordinates"":[[[-107.29234957529437,48.345316315867485],[-107.29234977578463,48.34532075118542],[-107.292284494156,48.345357798262356],[-107.29225768621001,48.345358338337235],[-107.2922315244795,48.34537225580512],[-107.29271002084765,48.345586005678314],[-107.29275537240665,48.34554937531271],[-107.29280789657533,48.34552597532413],[-107.29281432456081,48.34552137712163],[-107.29234957529437,48.345316315867485]]]}"
00000000000000001bb3,2260,0,0,0,"{""type"":""MultiPolygon"",""coordinates"":[[[[-107.29252218685211,48.3452815593852],[-107.29251555838519,48.34528172223251],[-107.2925157588959,48.345286157546695],[-107.29252218685211,48.3452815593852]]],[[[-107.2925157588959,48.345286157546695],[-107.29248895093613,48.345286697685715],[-107.29248810412405,48.34526888499747],[-107.29244022916707,48.34524745136113],[-107.29242727099336,48.34525666347722],[-107.29242084303681,48.34526126163022],[-107.29241451331336,48.34527031090665],[-107.2924074390785,48.345261531686745],[-107.29239423561806,48.34526623705452],[-107.29237494769944,48.34528449844443],[-107.29236198950505,48.34529371055864],[-107.29234957529437,48.345316315867485],[-107.29281432456081,48.34552137712163],[-107.29283361249269,48.3455031155619],[-107.29287277726925,48.345480057112006],[-107.29289152097707,48.345448402332494],[-107.29257713623508,48.345311772204354],[-107.29251813962448,48.34533969869831],[-107.2925157588959,48.345286157546695]],[[-107.29247574746475,48.34529140306717],[-107.29248939673326,48.345295639748564],[-107.29248895093613,48.345286697685715],[-107.29247574746475,48.34529140306717]],[[-107.2924917774223,48.3453491809114],[-107.29250552496008,48.345357868724875],[-107.2925051814243,48.345348910841544],[-107.2924917774223,48.3453491809114]],[[-107.29246313280439,48.34530957307159],[-107.29243717162824,48.345327925899376],[-107.29246422488951,48.34533189252534],[-107.29246313280439,48.34530957307159]],[[-107.29250473562396,48.345339968769885],[-107.2925051814243,48.345348910841544],[-107.29251848316358,48.34534865657997],[-107.29251813962448,48.34533969869831],[-107.29250473562396,48.345339968769885]],[[-107.29247065285692,48.34532729436306],[-107.29246422488951,48.34533189252534],[-107.29247817291638,48.34534501565965],[-107.29250977272167,48.34530416470755],[-107.29248939673326,48.345295639748564],[-107.29247065285692,48.34532729436306]]]]}"
00000000000000001cce,2261,0,0,0,"{""type"":""MultiPolygon"",""coordinates"":[[[[-107.29262747968819,48.34523926664312],[-107.29259686993669,48.34530245282836],[-107.29257713623508,48.345311772204354],[-107.29289152097707,48.345448402332494],[-107.29289794894376,48.345443804131584],[-107.29291090713866,48.3454345919191],[-107.29293612353464,48.34539841039414],[-107.29294908170856,48.34538919818488],[-107.29296129510145,48.34536215745545],[-107.292961094537,48.34535772213723],[-107.29262747968819,48.34523926664312]]],[[[-107.29249388979159,48.34524644253851],[-107.29249997420524,48.345232886518254],[-107.29244655888161,48.345238402087126],[-107.29244022916707,48.34524745136113],[-107.29248810412405,48.34526888499747],[-107.29248776059117,48.34525992712898],[-107.29251446626695,48.345259402801226],[-107.29251555838519,48.34528172223251],[-107.29252218685211,48.3452815593852],[-107.29252886010178,48.345281467970395],[-107.29253440045451,48.3452545187594],[-107.29249388979159,48.34524644253851]]]]}"
00000000000000001bc4,2262,0,0,0,"{""type"":""Polygon"",""coordinates"":[[[-107.29265803585271,48.34517170084403],[-107.29265833464616,48.34518058726319],[-107.2926380569171,48.345176513470236],[-107.29263197255587,48.34519006948354],[-107.29261234118223,48.34519937303521],[-107.29265932459099,48.34520292246778],[-107.29262747968819,48.34523926664312],[-107.292961094537,48.34535772213723],[-107.29298666719025,48.345330339851465],[-107.29301208402343,48.34529859369354],[-107.29302464100664,48.34528051086921],[-107.29302419507769,48.34527156881472],[-107.29303032412216,48.34525808419104],[-107.29265803585271,48.34517170084403]]]}"
00000000000000001bb1,2263,0,0,0,"{""type"":""Polygon"",""coordinates"":[[[-107.29269412811664,48.34508165291389],[-107.29269477450067,48.3450950302373],[-107.29266262692971,48.3451269548573],[-107.29265803585271,48.34517170084403],[-107.29303032412216,48.34525808419104],[-107.2930493664844,48.34523531594342],[-107.29305311398616,48.345168290328225],[-107.29269412811664,48.34508165291389]],[[-107.29272964667689,48.3451256043825],[-107.29268236052556,48.34511763549879],[-107.29269715550832,48.345148571185135],[-107.29272964667689,48.3451256043825]]]}"
00000000000000001bac,2264,0,0,0,"{""type"":""Polygon"",""coordinates"":[[[-107.29305311398616,48.345168290328225],[-107.29305875227864,48.345145792264134],[-107.29309831777901,48.345131604484635],[-107.29312353380868,48.34509542312575],[-107.29314302200036,48.3450815969523],[-107.29273759729259,48.345004803756616],[-107.29274645105548,48.345053817887965],[-107.29269412811664,48.34508165291389],[-107.29274161477116,48.34509405708432],[-107.29305311398616,48.345168290328225]],[[-107.29274161477116,48.34509405708432],[-107.29275461763396,48.34508491638897],[-107.29273433992375,48.345080842623176],[-107.29274161477116,48.34509405708432]]]}"
00000000000000001ed3,2265,0,0,0,"{""type"":""Polygon"",""coordinates"":[[[-107.29276137758873,48.34493734547029],[-107.2927550927702,48.3449464661434],[-107.29273719621325,48.344995933177906],[-107.29273759729259,48.345004803756616],[-107.29314302200036,48.3450815969523],[-107.29317506702252,48.34504968801678],[-107.29320656768836,48.34500438598435],[-107.29323208247982,48.34497709106776],[-107.29276137758873,48.34493734547029]]]}"
00000000000000001bad,2266,0,0,0,"{""type"":""Polygon"",""coordinates"":[[[-107.29277135283425,48.34486128681316],[-107.29277981823765,48.3449012715709],[-107.29276137758873,48.34493734547029],[-107.29323208247982,48.34497709106776],[-107.29326402901748,48.34494073107617],[-107.29328998973318,48.34492237817017],[-107.29331516068284,48.34488612547868],[-107.29334112134705,48.344867772579],[-107.29277135283425,48.34486128681316]]]}"
00000000000000001bab,2267,0,0,0,"{""type"":""Polygon"",""coordinates"":[[[-107.29336391020122,48.344777979326594],[-107.29336370958376,48.344773544059244],[-107.29279414291675,48.344771493675694],[-107.29278213020987,48.3448029693527],[-107.29279104149603,48.34485189605041],[-107.29277135283425,48.34486128681316],[-107.29334112134705,48.344867772579],[-107.29335427989577,48.3448629956876],[-107.2933726216912,48.34482247065513],[-107.29336391020122,48.344777979326594]]]}"
00000000000000001b90,2268,0,0,0,"{""type"":""Polygon"",""coordinates"":[[[-107.29334886926924,48.34474253727557],[-107.29335336108893,48.34469334056801],[-107.29334628665403,48.344684561517475],[-107.29319880320783,48.34468299508652],[-107.29318842768375,48.344750182977066],[-107.29316107562184,48.34473733025347],[-107.29318703620609,48.34471897744876],[-107.29317264205825,48.34469691261931],[-107.29315400124024,48.344728551180175],[-107.293145290044,48.34468405990288],[-107.29281015744718,48.34468180792937],[-107.292810603331,48.34469074988691],[-107.2928109469519,48.34469970765622],[-107.29280506328804,48.3447176988205],[-107.2928125386591,48.344735348453455],[-107.29280645443869,48.344748904361886],[-107.29279414291675,48.344771493675694],[-107.29336370958376,48.344773544059244],[-107.29336306294748,48.34476016682753],[-107.29334886926924,48.34474253727557]]]}"
00000000000000001bb4,2269,0,0,0,"{""type"":""MultiPolygon"",""coordinates"":[[[[-107.29283294729079,48.344592015091564],[-107.29283319262728,48.34459652177842],[-107.29283373680926,48.344609914787675],[-107.29282760783803,48.344623399232745],[-107.29281015744718,48.34468180792937],[-107.293145290044,48.34468405990288],[-107.29314389860004,48.344652854411855],[-107.29316134851219,48.34459444569854],[-107.29283294729079,48.344592015091564]]],[[[-107.2933316917829,48.34465806147105],[-107.29332991164509,48.34461782681844],[-107.29331556220602,48.34459583348589],[-107.2932081883806,48.34459347233745],[-107.29320210430649,48.344607028231074],[-107.29316941315153,48.34462555969828],[-107.29318346356048,48.3446386667424],[-107.29320275088659,48.3446204054268],[-107.29319880320783,48.34468299508652],[-107.29334628665403,48.344684561517475],[-107.2933316917829,48.34465806147105]]]]}"
00000000000000001baa,2270,0,0,0,"{""type"":""MultiPolygon"",""coordinates"":[[[[-107.2931711797018,48.34451386502485],[-107.2931776074801,48.34450926689074],[-107.29318413751987,48.34450465294603],[-107.29316406057109,48.344505014556674],[-107.2931711797018,48.34451386502485]]],[[[-107.29330784117963,48.344573677262325],[-107.293291163402,48.34450252325873],[-107.2932242466465,48.34450385828026],[-107.2932081883806,48.34459347233745],[-107.29331556220602,48.34459583348589],[-107.29330784117963,48.344573677262325]]],[[[-107.2931711797018,48.34451386502485],[-107.29315777590747,48.344514135178095],[-107.29316406057109,48.344505014556674],[-107.29280216681929,48.3445033742552],[-107.29281107810252,48.344552300675694],[-107.29283274673669,48.344587579837],[-107.29283294729079,48.344592015091564],[-107.29316134851219,48.34459444569854],[-107.29316767797398,48.34458539649446],[-107.2931666876959,48.34456306156271],[-107.29315243672806,48.34454551928448],[-107.29317845464973,48.34452707930959],[-107.2931711797018,48.34451386502485]]]]}"
00000000000000001b7f,2271,0,0,0,"{""type"":""Polygon"",""coordinates"":[[[-107.29279147599743,48.344414213355],[-107.29279172132982,48.34441872002701],[-107.29281294398845,48.3444450571887],[-107.2928003872562,48.344463139695144],[-107.29280216681929,48.3445033742552],[-107.29318413751987,48.34450465294603],[-107.29320277818638,48.34447301451627],[-107.29322404604416,48.34449942303507],[-107.2932242466465,48.34450385828026],[-107.293291163402,48.34450252325873],[-107.2932830986658,48.344471409343605],[-107.29329575749615,48.34445331096474],[-107.29329486548382,48.34443542714165],[-107.29329391990584,48.34441316370769],[-107.29279147599743,48.344414213355]]]}"
00000000000000001b8b,2272,0,0,0,"{""type"":""Polygon"",""coordinates"":[[[-107.29327265202495,48.34438675524775],[-107.2932630934967,48.344324451914815],[-107.29278058465661,48.344320617369654],[-107.29279715905264,48.34439178705719],[-107.29279147599743,48.344414213355],[-107.29329391990584,48.34441316370769],[-107.29330000391359,48.344399607859316],[-107.29327265202495,48.34438675524775]]]}"
00000000000000001b8a,2273,0,0,0,"{""type"":""Polygon"",""coordinates"":[[[-107.29277681230668,48.3442358720024],[-107.2927783465266,48.34427159973138],[-107.2927801835574,48.344311746905674],[-107.29278058465661,48.344320617369654],[-107.2932630934967,48.344324451914815],[-107.29326295036743,48.34431992944287],[-107.29326135819653,48.344284288943044],[-107.29325992185056,48.34425301225988],[-107.29325897628729,48.344230748901516],[-107.29277681230668,48.3442358720024]]]}"
00000000000000001ba3,2274,0,0,0,"{""type"":""Polygon"",""coordinates"":[[[-107.29324249930585,48.344164030559845],[-107.29324130836015,48.3441372605924],[-107.29276606408017,48.34414679878701],[-107.29277299517248,48.34415105533865],[-107.29276711160702,48.344169046312636],[-107.29277497527492,48.3441957248853],[-107.29276949279887,48.344222586322466],[-107.29277681230668,48.3442358720024],[-107.29325897628729,48.344230748901516],[-107.29324249930585,48.344164030559845]],[[-107.29323053195176,48.344195577350376],[-107.29319685087457,48.34419177389933],[-107.29321164608115,48.34422270896261],[-107.29323053195176,48.344195577350376]]]}"
00000000000000001ba8,2275,0,0,0,"{""type"":""Polygon"",""coordinates"":[[[-107.29323086183518,48.344052607020565],[-107.29323066122893,48.3440481718131],[-107.29276877693601,48.34405736838835],[-107.29276996753798,48.34408413833018],[-107.29275142510788,48.344120227471635],[-107.29276606408017,48.34414679878701],[-107.29324130836015,48.3441372605924],[-107.29324090714624,48.3441283901638],[-107.29323086183518,48.344052607020565]]]}"
00000000000000001b93,2276,0,0,0,"{""type"":""Polygon"",""coordinates"":[[[-107.29275802873738,48.34396829547012],[-107.2927653034178,48.34398150965747],[-107.29276051219378,48.34402181946815],[-107.29276877693601,48.34405736838835],[-107.29323066122893,48.3440481718131],[-107.29323426102664,48.34398109208221],[-107.29323331546921,48.3439588288372],[-107.29275802873738,48.34396829547012]]]}"
00000000000000001ba1,2277,0,0,0,"{""type"":""Polygon"",""coordinates"":[[[-107.29322262358268,48.34386966892427],[-107.29276054100485,48.343874430177216],[-107.29276074155509,48.3438788653726],[-107.2927430909948,48.34393283803001],[-107.29275802873738,48.34396829547012],[-107.29323331546921,48.3439588288372],[-107.29323286947209,48.34394988700747],[-107.2932325257361,48.34394092936879],[-107.29322262358268,48.34386966892427]]]}"
00000000000000001ba2,2278,0,0,0,"{""type"":""Polygon"",""coordinates"":[[[-107.29278312970574,48.34378020354093],[-107.29278357559443,48.34378914534698],[-107.29276054100485,48.343874430177216],[-107.29322262358268,48.34386966892427],[-107.29322163324576,48.343847334294956],[-107.2932410632408,48.34383359568517],[-107.29324071950099,48.34382463806618],[-107.29324595618394,48.343793270196414],[-107.29278312970574,48.34378020354093]]]}"
00000000000000001b95,2279,0,0,0,"{""type"":""Polygon"",""coordinates"":[[[-107.29275883497034,48.34368687875294],[-107.29278094901035,48.34373109916089],[-107.29277605560246,48.343771424590635],[-107.29278312970574,48.34378020354093],[-107.29324595618394,48.343793270196414],[-107.29325633116493,48.34372608352149],[-107.29327541733636,48.34370338733967],[-107.29275883497034,48.34368687875294]]]}"
00000000000000001ba0,2280,0,0,0,"{""type"":""Polygon"",""coordinates"":[[[-107.29278162406673,48.343597087624914],[-107.29275156033972,48.343673664637],[-107.29275883497034,48.34368687875294],[-107.29327541733636,48.34370338733967],[-107.29330058734705,48.34366713550616],[-107.29329919572034,48.3436359306183],[-107.29329820532827,48.34361359608927],[-107.29278162406673,48.343597087624914]]]}"
00000000000000001b9a,2281,0,0,0,"{""type"":""Polygon"",""coordinates"":[[[-107.2927976826079,48.34350747530982],[-107.29279867269699,48.34352980980716],[-107.29278567042286,48.34353895022645],[-107.29278611631526,48.343547891991875],[-107.29278162406673,48.343597087624914],[-107.29329820532827,48.34361359608927],[-107.293297460336,48.343595768168925],[-107.29332099319338,48.34352380498819],[-107.2927976826079,48.34350747530982]]]}"
00000000000000001b9d,2282,0,0,0,"{""type"":""Polygon"",""coordinates"":[[[-107.29330565371599,48.34347947762478],[-107.2933043604353,48.343452723814714],[-107.29280662221835,48.343409012825475],[-107.2927976826079,48.34350747530982],[-107.29332099319338,48.34352380498819],[-107.29332742077976,48.34351920693446],[-107.29330565371599,48.34347947762478]]]}"
00000000000000001b9f,2283,0,0,0,"{""type"":""Polygon"",""coordinates"":[[[-107.29283598558578,48.34331467978124],[-107.2928320376699,48.34337726789627],[-107.29280662221835,48.343409012825475],[-107.2933043604353,48.343452723814714],[-107.29330401667406,48.34344376626061],[-107.29330143401201,48.34338579191735],[-107.29330761617123,48.34337668729643],[-107.29283598558578,48.34331467978124]]]}"
00000000000000001b9e,2284,0,0,0,"{""type"":""Polygon"",""coordinates"":[[[-107.29286564766501,48.34322923299001],[-107.2928526455106,48.34323837336371],[-107.29283924222308,48.34323864345321],[-107.29283598558578,48.34331467978124],[-107.29330761617123,48.34337668729643],[-107.29332660375732,48.3433495403001],[-107.29335068076185,48.34329097012048],[-107.29286564766501,48.34322923299001]]]}"
00000000000000001b97,2285,0,0,0,"{""type"":""Polygon"",""coordinates"":[[[-107.29327291833147,48.34319878260408],[-107.29326753476408,48.34323009450128],[-107.29325926960101,48.343194546187256],[-107.29290149178172,48.34313468177653],[-107.29289091590395,48.34319743253658],[-107.29286564766501,48.34322923299001],[-107.29335068076185,48.34329097012048],[-107.29335721056277,48.343286356275684],[-107.293407795191,48.343218359739275],[-107.29327291833147,48.34319878260408]]]}"
00000000000000001b98,2286,0,0,0,"{""type"":""Polygon"",""coordinates"":[[[-107.29327291833147,48.34319878260408],[-107.293407795191,48.343218359739275],[-107.29342035122875,48.34320027759401],[-107.29341163985778,48.343155787622926],[-107.29343844653714,48.34315524728056],[-107.29344487404886,48.34315064925273],[-107.29339081854009,48.343138321489775],[-107.29338408813764,48.343138500192566],[-107.2933838427242,48.34313399363252],[-107.29335693770672,48.34313008301823],[-107.29333013106869,48.343130623336556],[-107.29333666084041,48.3431260095078],[-107.29330965358886,48.343122114690466],[-107.29326301614756,48.34312752315825],[-107.29326222637636,48.343109623970655],[-107.29295108655354,48.343044351366565],[-107.29294480213673,48.34305347171747],[-107.29292527027572,48.343067225865795],[-107.29290618433173,48.34308992170098],[-107.29290149178172,48.34313468177653],[-107.29325926960101,48.343194546187256],[-107.29325239605981,48.34319020250531],[-107.2932721285574,48.34318088339267],[-107.29327291833147,48.34319878260408]],[[-107.29329076838633,48.343149245754056],[-107.29327049153197,48.34314517222788],[-107.2932781548464,48.34316741510569],[-107.29329076838633,48.343149245754056]],[[-107.2932721285574,48.34318088339267],[-107.29329220481169,48.343180521786046],[-107.29327835546451,48.343171850239365],[-107.2932721285574,48.34318088339267]]]}"
00000000000000001b9b,2287,0,0,0,"{""type"":""GeometryCollection"",""geometries"":[{""type"":""LineString"",""coordinates"":[[-107.29335690656579,48.34313008136329],[-107.29337029361245,48.3431298143301],[-107.2933838809415,48.343134009513264]]},{""type"":""Polygon"",""coordinates"":[[[-107.29342715225539,48.34305278337798],[-107.29343398102434,48.34305705560639],[-107.2934405555591,48.343052513207],[-107.29342715225539,48.34305278337798]]]},{""type"":""Polygon"",""coordinates"":[[[-107.2934285440202,48.34308398791855],[-107.29341089479668,48.34313795985858],[-107.29339081854009,48.343138321489775],[-107.29344487404886,48.34315064925273],[-107.29347661805504,48.34310985535828],[-107.29348130993527,48.34306509529251],[-107.2934285440202,48.34308398791855]]]},{""type"":""Polygon"",""coordinates"":[[[-107.29340727667606,48.343057580134364],[-107.29342027870626,48.34304843971981],[-107.29332556747791,48.34302798076347],[-107.29333318603103,48.34305015215778],[-107.29329930531068,48.34304191367671],[-107.29329896154427,48.34303295619187],[-107.29329856030112,48.34302408594832],[-107.2929671443395,48.342954739973045],[-107.29295108655354,48.343044351366565],[-107.29326222637636,48.343109623970655],[-107.29326691850387,48.34306486390928],[-107.29330114299151,48.343082059896894],[-107.29330965358886,48.343122114690466],[-107.29333666084041,48.3431260095078],[-107.29334897145773,48.34310342084585],[-107.293381259907,48.34307601963281],[-107.29339421716455,48.34306680778876],[-107.29340074692091,48.343062193961565],[-107.29340727667606,48.343057580134364]],[[-107.29339347210934,48.343048980053915],[-107.2933737396891,48.34305829916644],[-107.29340074692091,48.343062193961565],[-107.29339347210934,48.343048980053915]]]}]}"
00000000000000001b96,2288,0,0,0,"{""type"":""MultiPolygon"",""coordinates"":[[[[-107.29300333552683,48.34286467995264],[-107.29299844255947,48.34290500472601],[-107.29297302756808,48.342936749405844],[-107.2929671443395,48.342954739973045],[-107.29329856030112,48.34302408594832],[-107.29330913545812,48.34296133536607],[-107.29334845314838,48.34294264158267],[-107.29300333552683,48.34286467995264]]],[[[-107.2933552282947,48.34294253431345],[-107.29333713303234,48.34298756443006],[-107.29333757906737,48.342996506096654],[-107.29332536685307,48.34302354564206],[-107.29332556747791,48.34302798076347],[-107.29342027870626,48.34304843971981],[-107.29342715225539,48.34305278337798],[-107.2934405555591,48.343052513207],[-107.29345351280169,48.34304330135941],[-107.29350015020701,48.34303789280863],[-107.29352022643255,48.343037531156064],[-107.29354519510252,48.34299684461145],[-107.29354460584086,48.34298338059028],[-107.29349732176759,48.34297541237571],[-107.2933552282947,48.34294253431345]],[[-107.29346364165743,48.34297160908088],[-107.29348510965647,48.3430024519281],[-107.29349732176759,48.34297541237571],[-107.29346364165743,48.34297160908088]],[[-107.29345800405073,48.342994106232226],[-107.29342432394259,48.34299030292222],[-107.2934245245797,48.34299473804033],[-107.29340479219069,48.34300405714893],[-107.29343258925356,48.34302585108185],[-107.29347215243249,48.34301166377242],[-107.29345800405073,48.342994106232226]]]]}"
00000000000000001ba4,2289,0,0,0,"{""type"":""Polygon"",""coordinates"":[[[-107.2933552282947,48.34294253431345],[-107.29354460584086,48.34298338059028],[-107.29353753163,48.34297460183023],[-107.29354375845112,48.34296556869691],[-107.29353668424348,48.342956789939656],[-107.29355562668162,48.34292957169219],[-107.29354845021776,48.3429208087521],[-107.29355477928507,48.342911759817106],[-107.29354725899505,48.34289403942084],[-107.29357406552347,48.34289349904712],[-107.29345907766499,48.34286896683103],[-107.29345319465429,48.34288695739955],[-107.29342717802304,48.34290539684781],[-107.29339369864314,48.34290602864181],[-107.29343207054804,48.34286507206352],[-107.29340492028537,48.342856654941734],[-107.29339839056802,48.3428612687504],[-107.29336614711032,48.342888741282685],[-107.29337791319922,48.34285276015912],[-107.29301272024001,48.342775160293016],[-107.29299442414761,48.34281575510392],[-107.29302197534261,48.342833042554496],[-107.29300976300732,48.3428600819798],[-107.29300333552683,48.34286467995264],[-107.29334845314838,48.34294264158267],[-107.29335502766565,48.34293809919934],[-107.2933552282947,48.34294253431345]],[[-107.29350225901958,48.34293515896558],[-107.29352208975808,48.3429302907727],[-107.29350834266756,48.3429216034896],[-107.29350225901958,48.34293515896558]],[[-107.29335502766565,48.34293809919934],[-107.29337485839258,48.34293323103688],[-107.29336111135804,48.34292454373082],[-107.29335502766565,48.34293809919934]],[[-107.29350225901958,48.34293515896558],[-107.29349572929242,48.342939772787915],[-107.29348317338203,48.342957854851285],[-107.29350365085445,48.3429663634343],[-107.29350225901958,48.34293515896558]]]}"
00000000000000001b77,2290,0,0,0,"{""type"":""MultiPolygon"",""coordinates"":[[[[-107.29340492028537,48.342856654941734],[-107.29343207054804,48.34286507206352],[-107.29344448327568,48.34284246769358],[-107.29340492028537,48.342856654941734]]],[[[-107.29356654522543,48.342875778658644],[-107.29353899358009,48.34285849136176],[-107.29356436340467,48.34282667515944],[-107.29355609798012,48.34279112714708],[-107.29304238141187,48.34268971433652],[-107.2930426267855,48.342694220860814],[-107.29303135999692,48.342743522947764],[-107.29301207369355,48.342761783559],[-107.29301272024001,48.342775160293016],[-107.29337791319922,48.34285276015912],[-107.29340213677365,48.34279424614436],[-107.29342924220862,48.34280259182898],[-107.29344210097615,48.34278892911704],[-107.29348928251694,48.34279691314813],[-107.29347044237998,48.34282411550327],[-107.29345723979694,48.34282882077936],[-107.29345907766499,48.34286896683103],[-107.29357406552347,48.34289349904712],[-107.29356654522543,48.342875778658644]]]]}"
00000000000000001ba7,2291,0,0,0,"{""type"":""GeometryCollection"",""geometries"":[{""type"":""LineString"",""coordinates"":[[-107.2934774415469,48.34268105565873],[-107.29349772222814,48.342685117308]]},{""type"":""Polygon"",""coordinates"":[[[-107.29349772030994,48.34268513088002],[-107.29348476320612,48.34269434266807],[-107.29347744363449,48.34268105742853],[-107.29307871524382,48.34260417707463],[-107.29306735019965,48.342649028179025],[-107.29304238141187,48.34268971433652],[-107.29355609798012,48.34279112714708],[-107.29355589732559,48.34278669204665],[-107.29362914024183,48.34277630799406],[-107.29363522382006,48.34276275255228],[-107.29365505447605,48.34275788434983],[-107.29365974606229,48.34271312457885],[-107.29349772030994,48.34268513088002]],[[-107.29360648092658,48.34271869607013],[-107.29359283227828,48.34271445973684],[-107.29359337678119,48.34272785226002],[-107.29360648092658,48.34271869607013]]]}]}"
00000000000000001b91,2292,0,0,0,"{""type"":""Polygon"",""coordinates"":[[[-107.2936352486429,48.342615366849294],[-107.2936354940906,48.3426198733639],[-107.29362862057611,48.34261552975508],[-107.29314201086173,48.34252246335267],[-107.29309840263917,48.342594786679285],[-107.29307871524382,48.34260417707463],[-107.29365974606229,48.34271312457885],[-107.29365790796346,48.342672978654434],[-107.2936691291849,48.3426236051504],[-107.2936352486429,48.342615366849294]],[[-107.29364256827334,48.34262865205892],[-107.29362891964752,48.34262441573737],[-107.29362956642343,48.342637792426885],[-107.29364256827334,48.34262865205892]]]}"
00000000000000001ba6,2293,0,0,0,"{""type"":""MultiPolygon"",""coordinates"":[[[[-107.2936352486429,48.342615366849294],[-107.2936691291849,48.3426236051504],[-107.29367461070963,48.34259674449309],[-107.29366729107022,48.3425834592941],[-107.29369290606402,48.34255614973846],[-107.29366001621848,48.34257024552653],[-107.29364810729213,48.34260170416086],[-107.29364157763544,48.34260631796241],[-107.2936352486429,48.342615366849294]]],[[[-107.29364157763544,48.34260631796241],[-107.29362031032808,48.34257991046149],[-107.29363800372167,48.342526010493266],[-107.2931648429048,48.34243274557385],[-107.2931608957757,48.3424953326452],[-107.29314201086173,48.34252246335267],[-107.29362862057611,48.34261552975508],[-107.2936217470637,48.34261118614609],[-107.29364157763544,48.34260631796241]]]]}"
00000000000000001ba5,2294,0,0,0,"{""type"":""Polygon"",""coordinates"":[[[-107.29365783424821,48.34252114231518],[-107.2936913133742,48.342520510440146],[-107.293656098397,48.34248098072544],[-107.29370228903151,48.34246663057478],[-107.29370797117483,48.34244420506695],[-107.29317398163691,48.342338720146245],[-107.2931648429048,48.34243274557385],[-107.29363800372167,48.342526010493266],[-107.2936377582731,48.342521503986646],[-107.29365096074649,48.3425167987157],[-107.29365783424821,48.34252114231518]],[[-107.29368848455682,48.34245803062989],[-107.29367493823676,48.34245377851683],[-107.29367528210436,48.34246273590026],[-107.29368848455682,48.34245803062989]],[[-107.29365096074649,48.3425167987157],[-107.2936641632184,48.342512093443396],[-107.2936505146283,48.34250785713327],[-107.29365096074649,48.3425167987157]]]}"
00000000000000001ba9,2295,0,0,0,"{""type"":""Polygon"",""coordinates"":[[[-107.29370797117483,48.34244420506695],[-107.29372606572926,48.34239917535823],[-107.29374038538566,48.342269403550866],[-107.29317303605684,48.3423164575883],[-107.29317398163691,48.342338720146245],[-107.29361326099223,48.34242374659998],[-107.29370797117483,48.34244420506695]],[[-107.29361326099223,48.34242374659998],[-107.29363254693612,48.34240548599319],[-107.29360554008109,48.34240159130172],[-107.29361326099223,48.34242374659998]]]}"
00000000000000001b8d,2296,0,0,0,"{""type"":""Polygon"",""coordinates"":[[[-107.29318904807016,48.34222677597996],[-107.29319701406665,48.342253437732786],[-107.29319731303929,48.34226232365845],[-107.29319775904918,48.34227126520447],[-107.29317303605684,48.3423164575883],[-107.29374038538566,48.342269403550866],[-107.29375031267249,48.34219327725732],[-107.2937497681,48.34217988487134],[-107.29318904807016,48.34222677597996]]]}"
00000000000000001b8f,2297,0,0,0,"{""type"":""Polygon"",""coordinates"":[[[-107.293191558689,48.34213291378932],[-107.293179146124,48.342155517821055],[-107.2931803371074,48.34218228679145],[-107.29318142973382,48.342204604911785],[-107.29318904807016,48.34222677597996],[-107.2937497681,48.34217988487134],[-107.29376622488157,48.34209914494298],[-107.29376557804483,48.34208576839133],[-107.293191558689,48.34213291378932]]]}"
00000000000000001b8e,2298,0,0,0,"{""type"":""Polygon"",""coordinates"":[[[-107.2937431194773,48.34203259228163],[-107.29374934608103,48.342023559300415],[-107.2931938686552,48.342034616725634],[-107.29318145613031,48.3420572207149],[-107.293191558689,48.34213291378932],[-107.29376557804483,48.34208576839133],[-107.2937431194773,48.34203259228163]]]}"
00000000000000001b94,2299,0,0,0,"{""type"":""Polygon"",""coordinates"":[[[-107.29362085915648,48.34199484697652],[-107.29362100235006,48.34199936924872],[-107.29360725554366,48.34199068212454],[-107.29323509389822,48.34190875643814],[-107.29322571013205,48.34199827463795],[-107.29320009535492,48.34202558377723],[-107.2931938686552,48.342034616725634],[-107.29374934608103,48.342023559300415],[-107.29374924765379,48.342019108454785],[-107.29362085915648,48.34199484697652]]]}"
00000000000000001b88,2300,0,0,0,"{""type"":""Polygon"",""coordinates"":[[[-107.29362085915648,48.34199484697652],[-107.29374924765379,48.342019108454785],[-107.29375533104378,48.34200555320307],[-107.2937546842092,48.34199217667481],[-107.29375403737463,48.3419788001499],[-107.29375274753295,48.341947580460285],[-107.2936235118141,48.34190550747719],[-107.2936232663637,48.341901001023125],[-107.29326475373409,48.341823311838034],[-107.29324591404726,48.341850513640054],[-107.29323509389822,48.34190875643814],[-107.29360725554366,48.34199068212454],[-107.29362708577422,48.341985814009284],[-107.29362085915648,48.34199484697652]],[[-107.29362708577422,48.341985814009284],[-107.29365369099598,48.341980838605984],[-107.29363341464502,48.34197676523308],[-107.29362708577422,48.341985814009284]]]}"
00000000000000001b7e,2301,0,0,0,"{""type"":""Polygon"",""coordinates"":[[[-107.29330781623203,48.341737597236474],[-107.29329016769817,48.34179156777129],[-107.29326475373409,48.341823311838034],[-107.2936232663637,48.341901001023125],[-107.29362840389301,48.341865183451915],[-107.29365436222633,48.3418468315685],[-107.29365337155369,48.34182449780111],[-107.29365945493298,48.34181094260532],[-107.29330781623203,48.341737597236474]]]}"
00000000000000001b7c,2302,0,0,0,"{""type"":""Polygon"",""coordinates"":[[[-107.29339652360686,48.34162414075526],[-107.29340394136254,48.341641876557325],[-107.2933784291935,48.34166916974249],[-107.29334554016428,48.34168326516725],[-107.29332611139282,48.341697003212005],[-107.29330781623203,48.341737597236474],[-107.29365945493298,48.34181094260532],[-107.29369174204214,48.34178354198744],[-107.29369154136417,48.341779106971856],[-107.29339652360686,48.34162414075526]]]}"
00000000000000001b84,2303,0,0,0,"{""type"":""Polygon"",""coordinates"":[[[-107.29343853755965,48.34151618002274],[-107.29339897603555,48.34153036687767],[-107.29338033723128,48.34156200354883],[-107.2934010145635,48.341574946950125],[-107.29339547561041,48.34160189431231],[-107.29339652360686,48.34162414075526],[-107.29369154136417,48.341779106971856],[-107.2937171557311,48.341751797838455],[-107.29374242234402,48.34171999808522],[-107.29375582521018,48.34171972788812],[-107.2937690273903,48.34171502267928],[-107.29343853755965,48.34151618002274]]]}"
00000000000000001b86,2304,0,0,0,"{""type"":""GeometryCollection"",""geometries"":[{""type"":""LineString"",""coordinates"":[[-107.29343855478288,48.34151614958939],[-107.29344524809457,48.34151601607153]]},{""type"":""Polygon"",""coordinates"":[[[-107.29343332667507,48.341400164198866],[-107.29344767516191,48.341422156217284],[-107.29344243917824,48.34145352268268],[-107.29345030301599,48.341480199834415],[-107.29344526767095,48.34151600132897],[-107.2937690273903,48.34171502267928],[-107.29379558765544,48.341709975838825],[-107.2938290660973,48.341709343942775],[-107.29390111546887,48.34167219123882],[-107.29394894286642,48.34169355135027],[-107.29343332667507,48.341400164198866]]]}]}"
00000000000000001b8c,2305,0,0,0,"{""type"":""Polygon"",""coordinates"":[[[-107.29410106173843,48.34165028650431],[-107.29404082226635,48.34165153040249],[-107.29400071588125,48.341652325297034],[-107.2939794487102,48.34162591834557],[-107.29393924012378,48.3416267290231],[-107.29391233595771,48.34162281865349],[-107.29395046054672,48.34157735647719],[-107.29398309128182,48.341558913118135],[-107.29343089949008,48.3413465556485],[-107.29341893342564,48.34137810075959],[-107.29343332667507,48.341400164198866],[-107.29394894286642,48.34169355135027],[-107.29399677034323,48.34171491144448],[-107.29402402236587,48.34172331242049],[-107.2941110103037,48.34172161527253],[-107.29412984946279,48.34169441338016],[-107.29414250691326,48.34167631586913],[-107.29410106173843,48.34165028650431]]]}"
00000000000000001b80,2306,0,0,0,"{""type"":""Polygon"",""coordinates"":[[[-107.29361041133403,48.34131621520432],[-107.29359003693833,48.34130769107717],[-107.29358390885888,48.34132117471113],[-107.29355023019106,48.34131737152832],[-107.29352342481012,48.34131791185028],[-107.29350220303945,48.34129157637064],[-107.29344291031357,48.341315081982444],[-107.29343089949008,48.3413465556485],[-107.29398309128182,48.341558913118135],[-107.2940025773475,48.341545087743036],[-107.29402853536378,48.341526735876954],[-107.29404159422857,48.3415175084198],[-107.2940397556352,48.34147736341724],[-107.29361041133403,48.34131621520432]]]}"
00000000000000001bae,2307,0,0,0,"{""type"":""Polygon"",""coordinates"":[[[-107.29361041133403,48.34131621520432],[-107.2940397556352,48.34147736341724],[-107.29403955491276,48.34147292842904],[-107.29406492338046,48.34144111295738],[-107.29408849793747,48.34136922400758],[-107.29410145448212,48.34136001238169],[-107.29412726907744,48.34133713834296],[-107.29361041133403,48.34131621520432]]]}"
00000000000000001abd,2308,0,0,0,"{""type"":""Polygon"",""coordinates"":[[[-107.29412185523343,48.341216688036845],[-107.29412140898292,48.341207746678435],[-107.2935820707578,48.34128102983547],[-107.29358939015083,48.341294314722035],[-107.29359003693833,48.34130769107717],[-107.29361041133403,48.34131621520432],[-107.29412726907744,48.34133713834296],[-107.29413349548022,48.34132810545999],[-107.29415104418071,48.34126968449346],[-107.29412185523343,48.341216688036845]]]}"
00000000000000001b83,2309,0,0,0,"{""type"":""Polygon"",""coordinates"":[[[-107.29409147467491,48.341136923193396],[-107.29408395435624,48.34111920343089],[-107.29351821361938,48.341201896471055],[-107.29351213032078,48.34121545150073],[-107.29352009643561,48.341242112717055],[-107.2935749968182,48.34127225135213],[-107.2935820707578,48.34128102983547],[-107.29412140898292,48.341207746678435],[-107.29412106498643,48.34119878951111],[-107.29411902555151,48.341154209792066],[-107.29409147467491,48.341136923193396]]]}"
00000000000000001b7a,2310,0,0,0,"{""type"":""Polygon"",""coordinates"":[[[-107.29414999895508,48.34094813776055],[-107.2941495526942,48.34093919644765],[-107.2934975364138,48.34118895318253],[-107.29351781229768,48.34119302653564],[-107.29351821361938,48.341201896471055],[-107.29408395435624,48.34111920343089],[-107.29407643404448,48.34110148367352],[-107.29404809302248,48.341066298595415],[-107.29407968752533,48.34102545054586],[-107.29415282871007,48.34101061576059],[-107.29417898703721,48.34099669899654],[-107.29414999895508,48.34094813776055]]]}"
00000000000000001b82,2311,0,0,0,"{""type"":""Polygon"",""coordinates"":[[[-107.29414761545988,48.34089460113773],[-107.29413237410286,48.340854726851646],[-107.29411862749491,48.34084603998247],[-107.29335455749113,48.341138193343504],[-107.29336227804558,48.34116034814496],[-107.29341034964504,48.3411862147445],[-107.29345678401941,48.341176371497255],[-107.29348403537315,48.34118477255838],[-107.2934975364138,48.34118895318253],[-107.2941495526942,48.34093919644765],[-107.29414915121517,48.34093032656265],[-107.29414836094666,48.34091242813401],[-107.29416136209585,48.34090328800997],[-107.29414761545988,48.34089460113773]]]}"
00000000000000001b7d,2312,0,1,0,"{""type"":""Polygon"",""coordinates"":[[[-107.2940776742413,48.34082902371075],[-107.2940496773844,48.3408027959083],[-107.2939890505717,48.34079501119187],[-107.2939823205534,48.340795189918964],[-107.2933499935101,48.341035554624604],[-107.29334366477424,48.341044603218656],[-107.2932513856127,48.34107775306361],[-107.29325233128543,48.341100015100196],[-107.2933004026756,48.34112588173073],[-107.29334728300644,48.341124979901835],[-107.29335455749113,48.341138193343504],[-107.29411862749491,48.34084603998247],[-107.2940776742413,48.34082902371075]]]}"
00000000000000001b7b,2313,0,0,0,"{""type"":""GeometryCollection"",""geometries"":[{""type"":""LineString"",""coordinates"":[[-107.29345107655028,48.340899562230135],[-107.2934642354647,48.340894842757386]]},{""type"":""Polygon"",""coordinates"":[[[-107.29394221512037,48.340795984752155],[-107.29388860489782,48.340797065583075],[-107.29387227459253,48.34073040727968],[-107.29346421047099,48.34089480684884],[-107.2934642354647,48.340894842757386],[-107.29348567744682,48.34092564851815],[-107.2935061986274,48.34093422822962],[-107.29351337474203,48.340942990854586],[-107.29345951911444,48.340939565075],[-107.29346683839884,48.34095284988842],[-107.29338064275066,48.34097244482654],[-107.29336843137943,48.34099948332757],[-107.2933499935101,48.341035554624604],[-107.2939823205534,48.340795189918964],[-107.29394221512037,48.340795984752155]],[[-107.29385482810271,48.3407888117943],[-107.29384118007535,48.34078457563419],[-107.2938484995026,48.34079786037621],[-107.29385482810271,48.3407888117943]],[[-107.29382842442058,48.34079822205316],[-107.29381482117783,48.34079405731484],[-107.29382209581408,48.34080727063509],[-107.29382842442058,48.34079822205316]],[[-107.29380893874853,48.340812047188905],[-107.29378846227434,48.340803538990116],[-107.29379648221772,48.340834579292185],[-107.29380893874853,48.340812047188905]]]}]}"
00000000000000001b76,2314,0,0,0,"{""type"":""Polygon"",""coordinates"":[[[-107.29385525265783,48.3406503014409],[-107.29385386040862,48.340619098345925],[-107.29384654100767,48.34060581364827],[-107.2933941725958,48.34082477813315],[-107.2934081195659,48.34083790004786],[-107.29342839523198,48.3408419733985],[-107.29340856564578,48.34084684135177],[-107.29344438085265,48.340899674815155],[-107.29345105337961,48.340899583362166],[-107.29387227459253,48.34073040727968],[-107.29385525265783,48.3406503014409]]]}"
00000000000000001b72,2315,0,0,0,"{""type"":""Polygon"",""coordinates"":[[[-107.29383966780108,48.340601470211155],[-107.29382541773701,48.34058392931573],[-107.29379044966886,48.34054890739056],[-107.29381541616318,48.34050822273367],[-107.2933105855383,48.34075496395515],[-107.2933941725958,48.34082477813315],[-107.29384654100767,48.34060581364827],[-107.29383966780108,48.340601470211155]]]}"
00000000000000001b74,2316,0,0,0,"{""type"":""Polygon"",""coordinates"":[[[-107.29377278109786,48.3404554256637],[-107.29375155952161,48.34042909066107],[-107.29324672996147,48.340675831153085],[-107.29330306571642,48.34073724424613],[-107.29330351177174,48.34074618553423],[-107.2933105855383,48.34075496395515],[-107.29381541616318,48.34050822273367],[-107.29384701030207,48.340467375198266],[-107.29377278109786,48.3404554256637]]]}"
00000000000000001b71,2317,0,0,0,"{""type"":""Polygon"",""coordinates"":[[[-107.29372291641506,48.34038948682033],[-107.29367450150522,48.340354663720255],[-107.29316971770822,48.34060147486378],[-107.2932250627354,48.34064055464269],[-107.29324672996147,48.340675831153085],[-107.29375155952161,48.34042909066107],[-107.29372291641506,48.34038948682033]]]}"
00000000000000001b87,2318,0,0,0,"{""type"":""Polygon"",""coordinates"":[[[-107.29309943572146,48.34052693994649],[-107.29311392681628,48.340553453818764],[-107.29316284463337,48.34059713137526],[-107.29316971770822,48.34060147486378],[-107.29367450150522,48.340354663720255],[-107.29362602923769,48.34031992785111],[-107.29361044481631,48.34027109687633],[-107.29343370922771,48.340364001121195],[-107.29309943572146,48.34052693994649]],[[-107.29347431755058,48.3403720605119],[-107.29346091521202,48.340372330649515],[-107.2934613613108,48.340381271874456],[-107.29347431755058,48.3403720605119]],[[-107.29343370922771,48.340364001121195],[-107.29343411054035,48.34037287091899],[-107.29344711155937,48.34036373098758],[-107.29343370922771,48.340364001121195]]]}"
00000000000000001b85,2319,0,0,0,"{""type"":""Polygon"",""coordinates"":[[[-107.29360197898315,48.34023111568158],[-107.29358778666446,48.34021348763083],[-107.2930153057638,48.340443733907286],[-107.29302217878356,48.34044807739524],[-107.29306466538733,48.340500819209865],[-107.29309225980796,48.340518177354035],[-107.29309943572146,48.34052693994649],[-107.2934270367984,48.34036409256959],[-107.29343370922771,48.340364001121195],[-107.29361044481631,48.34027109687633],[-107.29360197898315,48.34023111568158]]]}"
00000000000000001b70,2320,0,0,0,"{""type"":""Polygon"",""coordinates"":[[[-107.29355128018238,48.34014720740212],[-107.2935505349649,48.34012938065076],[-107.29338596633033,48.34019517499617],[-107.29338651081385,48.340208566886965],[-107.29338740297901,48.34022644928484],[-107.29332024845759,48.34022327775855],[-107.29330684619474,48.34022354787199],[-107.29295149627207,48.34036467276499],[-107.29298058037192,48.340417684603246],[-107.2930083752736,48.340439477654414],[-107.2930153057638,48.340443733907286],[-107.29358778666446,48.34021348763083],[-107.29355128018238,48.34014720740212]]]}"
00000000000000001b89,2321,0,0,0,"{""type"":""MultiPolygon"",""coordinates"":[[[[-107.29336998100172,48.34013747432636],[-107.29337062773125,48.340150850393634],[-107.29337097156004,48.340159807391494],[-107.29338596633033,48.34019517499617],[-107.2935505349649,48.34012938065076],[-107.2935486968271,48.340089236674544],[-107.29336998100172,48.34013747432636]]],[[[-107.29326634039383,48.34021547261698],[-107.29325249209181,48.34020680152326],[-107.2932385454151,48.340193679734156],[-107.29325085492265,48.34017109235767],[-107.29315823424947,48.34019528450444],[-107.29315843487342,48.34019971939048],[-107.29314537641477,48.34020894648879],[-107.29314503264209,48.340199989480446],[-107.29289362334849,48.340272001319526],[-107.29289505957075,48.340303275671516],[-107.29292325550578,48.34033393850109],[-107.29293700147369,48.3403426254739],[-107.29295149627207,48.34036467276499],[-107.29330684619474,48.34022354787199],[-107.2932934439337,48.340223817983514],[-107.29327316864361,48.3402197446422],[-107.29326634039383,48.34021547261698]],[[-107.29326001180387,48.34022452106238],[-107.29327375786421,48.340233207966804],[-107.29327316864361,48.3402197446422],[-107.29326001180387,48.34022452106238]]]]}"
00000000000000001b99,2322,0,0,0,"{""type"":""MultiPolygon"",""coordinates"":[[[[-107.29354182376761,48.34008489325456],[-107.29338861897249,48.34010583852531],[-107.29336899044321,48.34011514127062],[-107.29336943652268,48.340124082453265],[-107.29336998100172,48.34013747432636],[-107.2935486968271,48.340089236674544],[-107.29354182376761,48.34008489325456]]],[[[-107.29320203971443,48.34012739937761],[-107.29318230891678,48.34013671789801],[-107.2931827549501,48.34014565908633],[-107.29318374539339,48.34016799215973],[-107.29315679779607,48.34016401022571],[-107.29315823424947,48.34019528450444],[-107.29325085492265,48.34017109235767],[-107.29326860474363,48.34011710768902],[-107.29320203971443,48.34012739937761]]],[[[-107.29311629215913,48.34015593491234],[-107.29311584614231,48.340146993721575],[-107.29311540012547,48.34013805253232],[-107.29283555405831,48.340170428604004],[-107.29283589775562,48.3401793856104],[-107.29287893194615,48.34024105265579],[-107.29287923087489,48.3402499382475],[-107.29289362334849,48.340272001319526],[-107.29314503264209,48.340199989480446],[-107.29314458661875,48.340191048282584],[-107.29314384160126,48.3401732215083],[-107.29311629215913,48.34015593491234]]]]}"
00000000000000001b6f,2323,0,0,0,"{""type"":""MultiPolygon"",""coordinates"":[[[[-107.29320203971443,48.34012739937761],[-107.29326860474363,48.34011710768902],[-107.29327428661591,48.34009468320388],[-107.29320203971443,48.34012739937761]]],[[[-107.29346535629121,48.340023929864024],[-107.29341239420391,48.340038386416275],[-107.29339494751696,48.340096790092794],[-107.29338861897249,48.34010583852531],[-107.29354182376761,48.34008489325456],[-107.29346535629121,48.340023929864024]],[[-107.29341324160693,48.34005619733065],[-107.29342056072932,48.34006948193114],[-107.29343351685651,48.34006027063092],[-107.29341324160693,48.34005619733065]]],[[[-107.29309808112282,48.34004906184511],[-107.29277150013188,48.34008686142008],[-107.29282011396758,48.340126119723585],[-107.29283555405831,48.340170428604004],[-107.29311540012547,48.34013805253232],[-107.29311519950635,48.34013361765119],[-107.29312009167838,48.3400932949922],[-107.29309808112282,48.34004906184511]]]]}"
00000000000000001b9c,2324,0,0,0,"{""type"":""Polygon"",""coordinates"":[[[-107.29275363385183,48.339988945374024],[-107.2927606089919,48.33999327303836],[-107.29278894767248,48.34002845784603],[-107.29278979477071,48.34004626877031],[-107.29276442664639,48.34007808306258],[-107.29277150013188,48.34008686142008],[-107.29309808112282,48.34004906184511],[-107.2930967878601,48.340022309756456],[-107.29309525308341,48.33998658489957],[-107.29312100949595,48.339963798974146],[-107.29275363385183,48.339988945374024]]]}"
00000000000000001b5c,2325,0,0,0,"{""type"":""Polygon"",""coordinates"":[[[-107.29314399522075,48.33987844900299],[-107.29269581074554,48.339891879381554],[-107.29270481971669,48.339945252263725],[-107.29274601613439,48.33996677518806],[-107.29275363385183,48.339988945374024],[-107.29312100949595,48.339963798974146],[-107.29312076409653,48.33995929268195],[-107.29313297519438,48.33993225474791],[-107.29315369631236,48.33994526925679],[-107.29314399522075,48.33987844900299]]]}"
00000000000000001b48,2326,0,0,0,"{""type"":""MultiPolygon"",""coordinates"":[[[[-107.29315337811396,48.339788934399536],[-107.29313334850546,48.33978936733218],[-107.29314042205927,48.339798145613166],[-107.29316045167398,48.33979771267881],[-107.29315337811396,48.339788934399536]]],[[[-107.29310120621913,48.33982128878208],[-107.29311317187336,48.339789744643916],[-107.29267161611166,48.339803012009206],[-107.29266757059085,48.339861145300084],[-107.29268804605492,48.33986965361267],[-107.29269581074554,48.339891879381554],[-107.29314399522075,48.33987844900299],[-107.29314314794476,48.339860638142525],[-107.29314235813995,48.339842740053676],[-107.29310120621913,48.33982128878208]]]]}"
00000000000000001b92,2327,0,0,0,"{""type"":""Polygon"",""coordinates"":[[[-107.29313833895021,48.33975349559344],[-107.29313052038043,48.3397268906948],[-107.29269998581961,48.33968635259463],[-107.29270093120614,48.33970861406176],[-107.29272100545676,48.339708252648876],[-107.2927476088677,48.33970327775534],[-107.29272175028127,48.33972607927553],[-107.29268144597243,48.33972243867462],[-107.29263535730678,48.33974123816057],[-107.29267062596932,48.3397806790761],[-107.29267161611166,48.339803012009206],[-107.29311317187336,48.339789744643916],[-107.29311950040376,48.33978069628365],[-107.29313334850546,48.33978936733218],[-107.29315337811396,48.339788934399536],[-107.29313833895021,48.33975349559344]],[[-107.2931251822843,48.339758271948895],[-107.2931051079202,48.339758633449456],[-107.29311218145997,48.33976741172779],[-107.2931251822843,48.339758271948895]]]}"
00000000000000001b6c,2328,0,0,0,"{""type"":""Polygon"",""coordinates"":[[[-107.29312300081745,48.3397091713075],[-107.29310915274773,48.33970050026972],[-107.29308793217568,48.339674165468715],[-107.29310009839979,48.33964705626091],[-107.2928031794255,48.33959941461537],[-107.292797096237,48.33961296918875],[-107.29278967912721,48.33959523399973],[-107.29274902731795,48.33958710297923],[-107.29270443238904,48.33963708917827],[-107.29269998581961,48.33968635259463],[-107.29313052038043,48.3397268906948],[-107.29312300081745,48.3397091713075]]]}"
00000000000000001b6b,2329,0,0,0,"{""type"":""Polygon"",""coordinates"":[[[-107.29283936683609,48.339509360431244],[-107.29283283772116,48.339513973895976],[-107.29280732691785,48.3395412658034],[-107.29280851773808,48.33956803346737],[-107.2927955617303,48.33957724459508],[-107.29276208558285,48.33957787604754],[-107.29274902731795,48.33958710297923],[-107.29278967912721,48.33959523399973],[-107.2928031794255,48.33959941461537],[-107.29310009839979,48.33964705626091],[-107.29310642690456,48.339638007926425],[-107.29311799123363,48.339597594225225],[-107.29313054596591,48.33957951338128],[-107.29313642842284,48.33956152396478],[-107.29283936683609,48.339509360431244]]]}"
00000000000000001b64,2330,0,0,0,"{""type"":""Polygon"",""coordinates"":[[[-107.29288929969591,48.33942799322937],[-107.29288317179025,48.339441476337896],[-107.29288406372746,48.33945935848841],[-107.29287140670786,48.33947745506872],[-107.29285800477858,48.3394777251073],[-107.29283936683609,48.339509360431244],[-107.29313642842284,48.33956152396478],[-107.293154178005,48.339507539941806],[-107.29315921314287,48.339471739819146],[-107.29288929969591,48.33942799322937]]]}"
00000000000000001b73,2331,0,0,0,"{""type"":""Polygon"",""coordinates"":[[[-107.29293300611754,48.33935565859608],[-107.29288929969591,48.33942799322937],[-107.29315921314287,48.339471739819146],[-107.29316216897169,48.33938682357084],[-107.29318767949704,48.33935953165546],[-107.29293300611754,48.33935565859608]]]}"
00000000000000001b75,2332,0,0,0,"{""type"":""GeometryCollection"",""geometries"":[{""type"":""LineString"",""coordinates"":[[-107.29293295161271,48.339355653898075],[-107.29293964464395,48.33935552041407]]},{""type"":""Polygon"",""coordinates"":[[[-107.29318668902287,48.33933719892224],[-107.29318406139598,48.33927915762984],[-107.29318366012917,48.339270288012145],[-107.29280822757104,48.33926432321502],[-107.29293963355246,48.33935549576426],[-107.29318767949704,48.33935953165546],[-107.29321349287484,48.339336658753076],[-107.29318668902287,48.33933719892224]]]}]}"
00000000000000001b66,2333,0,0,0,"{""type"":""Polygon"",""coordinates"":[[[-107.29276410594116,48.33917587395237],[-107.2927514937676,48.33919404184355],[-107.29275193970699,48.33920298287782],[-107.29275288514272,48.33922524414094],[-107.29280822757104,48.33926432321502],[-107.29318366012917,48.339270288012145],[-107.29318167917933,48.339225622629925],[-107.29319368930962,48.339194150267154],[-107.29319304262634,48.339180774438034],[-107.29276410594116,48.33917587395237]]]}"
00000000000000001b65,2334,0,0,0,"{""type"":""Polygon"",""coordinates"":[[[-107.2928806461447,48.3390842875667],[-107.2928807444952,48.33908873816966],[-107.29281686604394,48.339156983226104],[-107.2927702338282,48.33916239091923],[-107.29276410594116,48.33917587395237],[-107.29319304262634,48.339180774438034],[-107.2931927972134,48.339176268212675],[-107.29319575287346,48.3390913524392],[-107.2928806461447,48.3390842875667]]]}"
00000000000000001b49,2335,0,0,0,"{""type"":""Polygon"",""coordinates"":[[[-107.29317507695461,48.33907840956205],[-107.29316113070027,48.33906528802929],[-107.2931639393721,48.33898031681719],[-107.29315666531468,48.338967103886134],[-107.29287811733332,48.33903069712816],[-107.29287941047423,48.33905744872424],[-107.2928806461447,48.3390842875667],[-107.29319575287346,48.3390913524392],[-107.29319555223734,48.33908691764592],[-107.29317507695461,48.33907840956205]]]}"
00000000000000001b61,2336,0,0,0,"{""type"":""Polygon"",""coordinates"":[[[-107.29314207243821,48.33894060660752],[-107.29312747958302,48.338914109339335],[-107.29311373403607,48.33890542261633],[-107.29309988625054,48.338896751701014],[-107.29309934184278,48.33888336013687],[-107.29283444168594,48.33895118927648],[-107.29284883370148,48.33897325182826],[-107.29287717181411,48.33900843594978],[-107.29287801898256,48.33902624653003],[-107.29287811733332,48.33903069712816],[-107.29315666531468,48.338967103886134],[-107.29314207243821,48.33894060660752]]]}"
00000000000000001b5d,2337,0,0,0,"{""type"":""Polygon"",""coordinates"":[[[-107.29307747504018,48.33884364998153],[-107.29305621014838,48.338817244161845],[-107.29302866171548,48.33879995795572],[-107.29302134296893,48.338786673632825],[-107.29278498211208,48.33889412126808],[-107.29282736836942,48.33894241110669],[-107.29283444168594,48.33895118927648],[-107.29309934184278,48.33888336013687],[-107.29309869518808,48.338869984384516],[-107.29307747504018,48.33884364998153]]]}"
00000000000000001b68,2338,0,0,0,"{""type"":""Polygon"",""coordinates"":[[[-107.29301436799048,48.33878234608146],[-107.29297222695112,48.33873856266405],[-107.292971883198,48.33872960590212],[-107.29294433489109,48.33871231969709],[-107.29271440125356,48.3388151693958],[-107.29273487618666,48.33882367754461],[-107.29274912497208,48.338841218053894],[-107.292777016921,48.33886746114391],[-107.29277790882064,48.338885343103435],[-107.29278498211208,48.33889412126808],[-107.29302134296893,48.338786673632825],[-107.29301436799048,48.33878234608146]]]}"
00000000000000001b5f,2339,0,0,0,"{""type"":""Polygon"",""coordinates"":[[[-107.2929236145387,48.338699305425244],[-107.29290289420516,48.33868629115164],[-107.29288854701907,48.338664300149674],[-107.29284735182135,48.33864277778241],[-107.2928334058816,48.33862965630154],[-107.29263878530013,48.33877201718849],[-107.29264585852886,48.338780795346274],[-107.2926323137842,48.33877654334013],[-107.29259329955869,48.33880412060308],[-107.29262109300223,48.33882591314232],[-107.29264625967149,48.33878966488775],[-107.29271440125356,48.3388151693958],[-107.29294433489109,48.33871231969709],[-107.2929236145387,48.338699305425244]]]}"
00000000000000001b69,2340,0,0,0,"{""type"":""Polygon"",""coordinates"":[[[-107.29278493694183,48.33859492104989],[-107.29273666869945,48.338564620545235],[-107.29254853252512,48.33870229626119],[-107.29255530683815,48.33870218907805],[-107.29259660011463,48.33872816217456],[-107.29259329955869,48.33880412060308],[-107.2926323137842,48.33877654334013],[-107.29261871157439,48.338772378564535],[-107.29260431979812,48.3387503160555],[-107.29262459407774,48.3387543894511],[-107.29263878530013,48.33877201718849],[-107.2928334058816,48.33862965630154],[-107.29283295991488,48.338620715364684],[-107.29278493694183,48.33859492104989]]]}"
00000000000000001b63,2341,0,0,0,"{""type"":""Polygon"",""coordinates"":[[[-107.29270220328276,48.33854291952981],[-107.29266778269415,48.33852128993354],[-107.29263366105553,48.33850854563485],[-107.29245857026682,48.338637152937594],[-107.29248043615766,48.338676863102776],[-107.29252731298116,48.33867596180437],[-107.29254853252512,48.33870229626119],[-107.29273666869945,48.338564620545235],[-107.29270220328276,48.33854291952981]]]}"
00000000000000001b6a,2342,0,0,0,"{""type"":""GeometryCollection"",""geometries"":[{""type"":""LineString"",""coordinates"":[[-107.29245838287983,48.338632658247256],[-107.29245858305002,48.33863712047158]]},{""type"":""Polygon"",""coordinates"":[[[-107.29261343168008,48.338504543680756],[-107.29259152092153,48.338464762252826],[-107.2925436989972,48.338443402623135],[-107.29233587798473,48.33859046711754],[-107.29236995470521,48.33860314012095],[-107.29243775193466,48.338619688005416],[-107.29245832494186,48.33863264675418],[-107.29263366105553,48.33850854563485],[-107.29261343168008,48.338504543680756]],[[-107.2923821657002,48.3385761029741],[-107.29236213691064,48.33857653571537],[-107.29236921001966,48.3385853138643],[-107.2923821657002,48.3385761029741]]]}]}"
00000000000000001b67,2343,0,0,0,"{""type"":""Polygon"",""coordinates"":[[[-107.29248895980972,48.33841762818057],[-107.292474167141,48.338386696316384],[-107.29246011923304,48.33837359064505],[-107.29225220022214,48.338516204200666],[-107.29232736906677,48.33855041560631],[-107.29232801544421,48.33856379129054],[-107.29232920595354,48.33859055847655],[-107.29233587798473,48.33859046711754],[-107.2925436989972,48.338443402623135],[-107.29248895980972,48.33841762818057]]]}"
00000000000000001b3e,2344,0,0,0,"{""type"":""Polygon"",""coordinates"":[[[-107.29243845406332,48.33833831543153],[-107.29216011242305,48.3384063404335],[-107.29216035771232,48.33841084659942],[-107.29218311472088,48.3384684385083],[-107.29221807888857,48.33850345974788],[-107.29225220022214,48.338516204200666],[-107.29246011923304,48.33837359064505],[-107.29245324668126,48.33836924727438],[-107.29245957504824,48.3383601992033],[-107.29243845406332,48.33833831543153]]]}"
00000000000000001b37,2345,0,0,0,"{""type"":""Polygon"",""coordinates"":[[[-107.29240967108447,48.338294190711935],[-107.29210140170883,48.33829139509011],[-107.29209507329323,48.33830044312714],[-107.29211579295568,48.33831345749759],[-107.29214576588686,48.33838434941987],[-107.29216011242305,48.3384063404335],[-107.29243845406332,48.33833831543153],[-107.29240967108447,48.338294190711935]]]}"
00000000000000001b5a,2346,0,0,0,"{""type"":""MultiPolygon"",""coordinates"":[[[[-107.29206904826262,48.33816696927246],[-107.29206949404734,48.338175910141224],[-107.29207211999798,48.33823395030304],[-107.2920850755778,48.338224739516306],[-107.29211646829926,48.33817945960288],[-107.29206904826262,48.33816696927246]]],[[[-107.29211646829926,48.33817945960288],[-107.29211341222695,48.33825992340518],[-107.29210140170883,48.33829139509011],[-107.29240967108447,48.338294190711935],[-107.2923957254857,48.33828106924485],[-107.29241500940519,48.33826281035544],[-107.29242089188777,48.33824482142728],[-107.29239408905089,48.33824536133851],[-107.29238746185253,48.33824552412329],[-107.29239354488745,48.338231969928124],[-107.29211646829926,48.33817945960288]]]]}"
00000000000000001b51,2347,0,0,0,"{""type"":""Polygon"",""coordinates"":[[[-107.29215265536074,48.33808940808965],[-107.2921461264783,48.3380940213787],[-107.29213925403569,48.338089678005616],[-107.2920920793737,48.338081693843584],[-107.29206646708482,48.33810900060744],[-107.29206721163641,48.338126826710244],[-107.29206810320593,48.3381447084358],[-107.29206904826262,48.33816696927246],[-107.29239354488745,48.338231969928124],[-107.29241242768583,48.33820484160901],[-107.29246474044807,48.33817701059146],[-107.29246350504684,48.33815017219452],[-107.29215265536074,48.33808940808965]],[[-107.29215339995503,48.33810723418415],[-107.29213990035304,48.3381030535768],[-107.29213337146737,48.338107666866236],[-107.29212041593644,48.338116877637994],[-107.29212116051417,48.33813470374236],[-107.292095004142,48.33814861914804],[-107.29212912507286,48.338161363569746],[-107.29215592777376,48.33816082373674],[-107.29214816370866,48.33813859863152],[-107.29215339995503,48.33810723418415]]]}"
00000000000000001b5b,2348,0,0,0,"{""type"":""GeometryCollection"",""geometries"":[{""type"":""LineString"",""coordinates"":[[-107.29215006004519,48.338031400336824],[-107.29215675290673,48.3380312669011]]},{""type"":""Polygon"",""coordinates"":[[[-107.29215265536074,48.33808940808965],[-107.29217965853555,48.33809330296714],[-107.2921524548447,48.33808497337467],[-107.29215265536074,48.33808940808965]]]},{""type"":""Polygon"",""coordinates"":[[[-107.29217965853555,48.33809330296714],[-107.29246350504684,48.33815017219452],[-107.29247452516687,48.3380963683262],[-107.29246606091951,48.33805638862536],[-107.29247169800756,48.33803389363298],[-107.29219023319062,48.33803055833551],[-107.29217965853555,48.33809330296714]]]},{""type"":""Polygon"",""coordinates"":[[[-107.2921524548447,48.33808497337467],[-107.29214479303705,48.33806273249339],[-107.29214394620183,48.33804492222076],[-107.29215002926877,48.33803136809131],[-107.29210299771228,48.33802790588246],[-107.29210339873312,48.33803677530378],[-107.29210404503833,48.3380501508622],[-107.2920920793737,48.338081693843584],[-107.29213925403569,48.338089678005616],[-107.2921524548447,48.33808497337467]],[[-107.2921111627525,48.338059000371246],[-107.29211823569636,48.33806777845746],[-107.29214479303705,48.33806273249339],[-107.2921111627525,48.338059000371246]]]}]}"
00000000000000001b5e,2349,0,0,0,"{""type"":""Polygon"",""coordinates"":[[[-107.29215680343026,48.338031260941456],[-107.29216302953874,48.338022228754866],[-107.29219551415343,48.337999265374584],[-107.29219023319062,48.33803055833551],[-107.29247169800756,48.33803389363298],[-107.29247129689702,48.33802502421596],[-107.29246363487984,48.33800278339048],[-107.29246887084703,48.337971419013066],[-107.29248775345407,48.33794429081686],[-107.29217948670795,48.337941495397295],[-107.29216618767619,48.33794174950792],[-107.29209898081598,48.33793866436478],[-107.29209938183706,48.337947533771214],[-107.29208642636257,48.337956744509235],[-107.2920871709284,48.337974570560505],[-107.29208761672,48.33798351139668],[-107.29210299771228,48.33802790588246],[-107.29215002926877,48.33803136809131],[-107.29215680343026,48.338031260941456]],[[-107.29219427894327,48.33797242705901],[-107.29217405000043,48.33796842504175],[-107.29218186756054,48.33799502916451],[-107.29219427894327,48.33797242705901]],[[-107.29215002926877,48.33803136809131],[-107.29213489349976,48.33799147974229],[-107.29211585494338,48.33801424461294],[-107.29215002926877,48.33803136809131]]]}"
00000000000000001b56,2350,0,0,0,"{""type"":""Polygon"",""coordinates"":[[[-107.29210836514895,48.33784915309047],[-107.29210921197196,48.33786696329817],[-107.29211020183764,48.33788929544079],[-107.29211084814824,48.33790267096195],[-107.29209819146949,48.33792076690228],[-107.29209898081598,48.33793866436478],[-107.29216618767619,48.33794174950792],[-107.29215901249461,48.33793298725296],[-107.29219268746313,48.33793679077528],[-107.29217948670795,48.337941495397295],[-107.29248775345407,48.33794429081686],[-107.29249428229063,48.33793967751875],[-107.29249353752489,48.33792185148739],[-107.2924971368929,48.337854779517784],[-107.29210836514895,48.33784915309047]]]}"
00000000000000001b55,2351,0,0,0,"{""type"":""Polygon"",""coordinates"":[[[-107.29247882989786,48.33774346040367],[-107.29210573910593,48.33779111335177],[-107.2921063854168,48.33780448884827],[-107.29210712999684,48.33782231484802],[-107.29210802159376,48.337840196470154],[-107.29210836514895,48.33784915309047],[-107.2924971368929,48.337854779517784],[-107.29250009370554,48.337769865845665],[-107.29247882989786,48.33774346040367]]]}"
00000000000000001b52,2352,0,0,0,"{""type"":""Polygon"",""coordinates"":[[[-107.29247111044769,48.33772130692598],[-107.29245607268439,48.33768586935481],[-107.29243460840706,48.33765502926503],[-107.29214845452215,48.337696449258615],[-107.29214192571365,48.33770106251143],[-107.29214172519622,48.33769662782883],[-107.29208189442257,48.33770673957798],[-107.29210355886048,48.337742014471694],[-107.29210564083662,48.3377866628545],[-107.29210573910593,48.33779111335177],[-107.29247882989786,48.33774346040367],[-107.29247111044769,48.33772130692598]]]}"
00000000000000001b4f,2353,0,0,0,"{""type"":""Polygon"",""coordinates"":[[[-107.29215488108659,48.33769185181278],[-107.29214845452215,48.337696449258615],[-107.29243460840706,48.33765502926503],[-107.2924275354321,48.33764625127101],[-107.2923788229596,48.33760701031447],[-107.29235681463882,48.337562779007946],[-107.29232946815843,48.33754992764212],[-107.29207457626734,48.33769345544095],[-107.29208189442257,48.33770673957798],[-107.29214172519622,48.33769662782883],[-107.29213460753294,48.337687778381024],[-107.29215488108659,48.33769185181278]],[[-107.29213460753294,48.337687778381024],[-107.29213430874252,48.33767889321138],[-107.29212120635579,48.337688048288705],[-107.29213460753294,48.337687778381024]]]}"
00000000000000001b4b,2354,0,0,0,"{""type"":""Polygon"",""coordinates"":[[[-107.29222541683566,48.33747160852641],[-107.29203209434203,48.33764071585279],[-107.29205256834301,48.337649223982815],[-107.29207457626734,48.33769345544095],[-107.29232946815843,48.33754992764212],[-107.29222541683566,48.33747160852641]]]}"
00000000000000001b54,2355,0,0,0,"{""type"":""Polygon"",""coordinates"":[[[-107.29220474232272,48.33745866579885],[-107.29215752362677,48.33745061032206],[-107.29213660387202,48.33743316150024],[-107.29206885389036,48.337416685132474],[-107.29197685370964,48.33760608791677],[-107.29203209434203,48.33764071585279],[-107.29222541683566,48.33747160852641],[-107.29220474232272,48.33745866579885]]]}"
00000000000000001b53,2356,0,0,0,"{""type"":""Polygon"",""coordinates"":[[[-107.2920622268629,48.337416847887965],[-107.29203508118293,48.33740843112479],[-107.29199433396667,48.33739584958198],[-107.2919928983784,48.33736457690946],[-107.29195229427008,48.33735651724138],[-107.29186049427884,48.33755035437878],[-107.2919011433065,48.33755848553445],[-107.29193556231938,48.337580115053875],[-107.29196315383419,48.337597472643104],[-107.29197685370964,48.33760608791677],[-107.29206885389036,48.337416685132474],[-107.2920622268629,48.337416847887965]],[[-107.29198028664223,48.337382744069785],[-107.29196001331252,48.33737867061918],[-107.29196708609562,48.33738744860834],[-107.29198028664223,48.337382744069785]]]}"
00000000000000001b50,2357,0,0,0,"{""type"":""Polygon"",""coordinates"":[[[-107.29192534918442,48.33735253510874],[-107.2919095676481,48.33729927184536],[-107.29185541965303,48.337286960133596],[-107.2918485474064,48.33728261680066],[-107.29172594355688,48.337535195427684],[-107.29177287201901,48.33753867361715],[-107.29181352097528,48.33754680480992],[-107.29186049427884,48.33755035437878],[-107.29195229427008,48.33735651724138],[-107.29192534918442,48.33735253510874]]]}"
00000000000000001b58,2358,0,0,0,"{""type"":""Polygon"",""coordinates"":[[[-107.291834500195,48.33726951129216],[-107.29180715426011,48.337256659834686],[-107.29172586102722,48.33723593124062],[-107.29156706925978,48.33757855980033],[-107.29157369628183,48.337578397078644],[-107.29160781633159,48.337591141571224],[-107.29168549513491,48.33753149886863],[-107.29172594355688,48.337535195427684],[-107.2918485474064,48.33728261680066],[-107.291834500195,48.33726951129216]]]}"
00000000000000001b34,2359,0,0,0,"{""type"":""Polygon"",""coordinates"":[[[-107.2917122596032,48.33723176643738],[-107.29167759587175,48.33720563089967],[-107.29161657604139,48.33718897572652],[-107.29160970385796,48.3371846323829],[-107.29155487933423,48.33730631591279],[-107.2915686237241,48.33731500262704],[-107.29154835056869,48.33731092909034],[-107.2914626769525,48.33749128318775],[-107.29148982238833,48.33749970013195],[-107.29147019524343,48.33750900199859],[-107.29145733806125,48.337522663050734],[-107.29145091149176,48.33752726043542],[-107.29142594540394,48.337567942188166],[-107.29144172623587,48.33762120581783],[-107.29146907218858,48.33763405746694],[-107.2914635328343,48.33766100273205],[-107.29149033498418,48.33766046310377],[-107.29153597528976,48.337632724186115],[-107.29152652267707,48.33757041268885],[-107.29156706925978,48.33757855980033],[-107.29172586102722,48.33723593124062],[-107.2917122596032,48.33723176643738]]]}"
00000000000000001b35,2360,0,0,0,"{""type"":""MultiPolygon"",""coordinates"":[[[[-107.29141822669843,48.3375457886801],[-107.29142594540394,48.337567942188166],[-107.29145091149176,48.33752726043542],[-107.29141822669843,48.3375457886801]]],[[[-107.29148124760029,48.33730782770366],[-107.2914534562238,48.33728603540412],[-107.2914263109585,48.33727761847913],[-107.29133410815403,48.33746258554166],[-107.2913614539255,48.33747543718766],[-107.29144883030084,48.337482612236215],[-107.29145594771197,48.33749146170708],[-107.2914626769525,48.33749128318775],[-107.29154835056869,48.33731092909034],[-107.29148124760029,48.33730782770366]]],[[[-107.29159372242204,48.33712693458386],[-107.29157987584674,48.33711826370864],[-107.29156613152064,48.33710957702651],[-107.29153858542436,48.337092290888776],[-107.29152518454724,48.337092560702686],[-107.29151831239818,48.337088217359515],[-107.29150590104823,48.33711081900121],[-107.2915125279823,48.337110656287415],[-107.29152004624278,48.33712837496834],[-107.29149369012588,48.3371378552902],[-107.29145715949086,48.337218948427],[-107.29146423208891,48.3372277264315],[-107.29149844995061,48.33724492134274],[-107.29151284040067,48.33726698342676],[-107.29153375963126,48.33728443234316],[-107.2915274313142,48.33729348016903],[-107.29155487933423,48.33730631591279],[-107.29160970385796,48.3371846323829],[-107.29159565680175,48.33717152685969],[-107.29156178235401,48.33716328851717],[-107.2915815115452,48.33715397089104],[-107.29159446677146,48.337144760366385],[-107.29160742199294,48.337135549841705],[-107.29159372242204,48.33712693458386]]]]}"
00000000000000001b57,2361,0,0,0,"{""type"":""MultiPolygon"",""coordinates"":[[[[-107.29151099458977,48.33707493332521],[-107.29147736549106,48.33707120102047],[-107.2914851823683,48.33709780476854],[-107.29150590104823,48.33711081900121],[-107.29151831239818,48.337088217359515],[-107.29151099458977,48.33707493332521]]],[[[-107.29148028923863,48.33713812509834],[-107.29146753444208,48.337151770246884],[-107.2913937601227,48.337148760087366],[-107.29142961340283,48.33720166222227],[-107.29145008689652,48.337210170423326],[-107.29145715949086,48.337218948427],[-107.29149369012588,48.3371378552902],[-107.29148028923863,48.33713812509834]]],[[[-107.29141958175934,48.337277796994144],[-107.29139886304242,48.33726478270293],[-107.29133848947127,48.337261502700706],[-107.29129774296334,48.337248920879254],[-107.2912119663011,48.33742929036925],[-107.29127328871398,48.337450364736654],[-107.29132050675287,48.33745842066464],[-107.29133410815403,48.33746258554166],[-107.2914263109585,48.33727761847913],[-107.29141958175934,48.337277796994144]]]]}"
00000000000000001b33,2362,0,0,0,"{""type"":""Polygon"",""coordinates"":[[[-107.29127049556574,48.33724051971925],[-107.29122999431472,48.337232443943236],[-107.29120927573166,48.33721942961884],[-107.29106890994773,48.33737407972402],[-107.29108972668016,48.33739154458444],[-107.29111697408936,48.33739994581926],[-107.29115772061455,48.337412527752655],[-107.2911984671854,48.33742510967058],[-107.2912119663011,48.33742929036925],[-107.29129774296334,48.337248920879254],[-107.29127049556574,48.33724051971925]]]}"
00000000000000001b59,2363,0,0,0,"{""type"":""Polygon"",""coordinates"":[[[-107.2911884590035,48.337201964840716],[-107.2911341114227,48.33718521807939],[-107.2911131925242,48.3371677691001],[-107.29094577980428,48.33731845230559],[-107.29097989917013,48.33733119697622],[-107.2909940441063,48.337348753100066],[-107.2910621807561,48.33737425821414],[-107.29106890994773,48.33737407972402],[-107.29120927573166,48.33721942961884],[-107.2911884590035,48.337201964840716]]]}"
00000000000000001b36,2364,0,0,0,"{""type"":""Polygon"",""coordinates"":[[[-107.29100370886786,48.33711637826586],[-107.29082986960633,48.33727165845538],[-107.2908574152797,48.33728894486531],[-107.29087115939359,48.33729763168349],[-107.29091843441338,48.33730560056956],[-107.29094577980428,48.33731845230559],[-107.2911131925242,48.3371677691001],[-107.29100370886786,48.33711637826586]]]}"
00000000000000001b47,2365,0,0,0,"{""type"":""Polygon"",""coordinates"":[[[-107.29096884562935,48.33708580786946],[-107.29092122757102,48.33706888253333],[-107.2909072831454,48.33705576112269],[-107.2909005092529,48.33705586817566],[-107.29072681294663,48.337215669877814],[-107.29076800444336,48.337237192670734],[-107.2908026224404,48.337263257153225],[-107.29082986960633,48.33727165845538],[-107.29100370886786,48.33711637826586],[-107.29096884562935,48.33708580786946]]]}"
00000000000000001b46,2366,0,0,0,"{""type"":""Polygon"",""coordinates"":[[[-107.29086020881245,48.33705222689546],[-107.29087197457046,48.33701625003385],[-107.29083830105795,48.33701244607755],[-107.29085956294483,48.33703885156847],[-107.29081921777521,48.337035138848215],[-107.29081149956205,48.3370129855008],[-107.29079800069823,48.33700880477218],[-107.29078489843035,48.33701795954894],[-107.29061045817603,48.33715993511683],[-107.29065160472379,48.33718138651833],[-107.29072681294663,48.337215669877814],[-107.2909005092529,48.33705586817566],[-107.29086020881245,48.33705222689546]]]}"
00000000000000001b6d,2367,0,0,0,"{""type"":""Polygon"",""coordinates"":[[[-107.29079800069823,48.33700880477218],[-107.29076408210348,48.337000494734845],[-107.2907568094102,48.33698728207923],[-107.29079690936562,48.336986488771316],[-107.29078959189049,48.336973204699014],[-107.29074102985749,48.336934018939324],[-107.29072718368019,48.33692534796258],[-107.29072110041281,48.33693890172525],[-107.29070780194694,48.33693915561488],[-107.29050073075969,48.33710403761868],[-107.29054879387097,48.337129903892965],[-107.29060334108897,48.33715108563026],[-107.29061045817603,48.33715993511683],[-107.29078489843035,48.33701795954894],[-107.29079800069823,48.33700880477218]],[[-107.29078489843035,48.33701795954894],[-107.29077139957177,48.337013778816065],[-107.29077174281214,48.33702273531001],[-107.29078489843035,48.33701795954894]],[[-107.2907568094102,48.33698728207923],[-107.29074973707513,48.33697850405565],[-107.29073653670245,48.33698320838498],[-107.2907568094102,48.33698728207923]]]}"
00000000000000001b6e,2368,0,0,0,"{""type"":""Polygon"",""coordinates"":[[[-107.29067388346849,48.33693084555362],[-107.29067976640341,48.33691285717099],[-107.29066596502662,48.336904257611],[-107.29065222112835,48.336895570822236],[-107.29062541976987,48.336896110188896],[-107.29059861841861,48.33689664954791],[-107.29040410611825,48.33703898531285],[-107.2904251225249,48.3370608848615],[-107.29050073075969,48.33710403761868],[-107.29070780194694,48.33693915561488],[-107.29067388346849,48.33693084555362]]]}"
00000000000000001be9,2369,0,0,0,"{""type"":""Polygon"",""coordinates"":[[[-107.29057854614508,48.336897010448176],[-107.29055762778566,48.33687956142879],[-107.2905508006298,48.33687528945108],[-107.29029135577706,48.33691617951427],[-107.29034832540282,48.336990965619485],[-107.29036954204561,48.337017299797],[-107.29039723419544,48.337034641888145],[-107.29040410611825,48.33703898531285],[-107.29059861841861,48.33689664954791],[-107.29057854614508,48.336897010448176]]]}"
00000000000000001b2d,2370,0,0,0,"{""type"":""Polygon"",""coordinates"":[[[-107.29053641103366,48.33685322736377],[-107.29052770410634,48.336808742325495],[-107.29052008836459,48.33678657323818],[-107.29026084449136,48.336831897752596],[-107.29027741172372,48.336903058040434],[-107.29029135577706,48.33691617951427],[-107.2905508006298,48.33687528945108],[-107.29053725711397,48.33687103727073],[-107.29055688393501,48.336861735714436],[-107.29053641103366,48.33685322736377]]]}"
00000000000000001b2e,2371,0,0,0,"{""type"":""Polygon"",""coordinates"":[[[-107.29049021814156,48.33672013323466],[-107.29049634620229,48.33670665096448],[-107.2904890289041,48.33669336693468],[-107.29020367502055,48.33675267719411],[-107.29023121984991,48.33676996363633],[-107.29025332698292,48.336814179052816],[-107.29026084449136,48.336831897752596],[-107.29052008836459,48.33678657323818],[-107.29049021814156,48.33672013323466]]]}"
00000000000000001b3a,2372,0,0,0,"{""type"":""Polygon"",""coordinates"":[[[-107.29045342284435,48.33664497092601],[-107.29042488905199,48.33660535293486],[-107.29018023616172,48.33667717367616],[-107.29018122488742,48.336699505368095],[-107.29018261418419,48.33673070629238],[-107.29019700347331,48.33675276838965],[-107.29020367502055,48.33675267719411],[-107.2904890289041,48.33669336693468],[-107.29048882858093,48.33668893232771],[-107.29045342284435,48.33664497092601]]]}"
00000000000000001b45,2373,0,0,0,"{""type"":""Polygon"",""coordinates"":[[[-107.29040985392749,48.33656991571993],[-107.29038839238936,48.33653907575053],[-107.2903806745431,48.33651692256577],[-107.29012306711866,48.33659795328928],[-107.29013819997233,48.33663784098425],[-107.29017939025096,48.33665936382665],[-107.29018023616172,48.33667717367616],[-107.29042488905199,48.33660535293486],[-107.29040985392749,48.33656991571993]]]}"
00000000000000001b40,2374,0,0,0,"{""type"":""Polygon"",""coordinates"":[[[-107.29028988989444,48.336433811191554],[-107.29028904392356,48.33641600142601],[-107.2900806880194,48.3365496642043],[-107.29012286683937,48.33659351868838],[-107.29012306711866,48.33659795328928],[-107.2903806745431,48.33651692256577],[-107.2903738027152,48.3365125791796],[-107.29034437835531,48.33645508005839],[-107.29031629021517,48.33642440276216],[-107.29029676169246,48.33643815457805],[-107.29028988989444,48.336433811191554]],[[-107.29029676169246,48.33643815457805],[-107.29030407886525,48.336451438561944],[-107.29031703396112,48.33644222833449],[-107.29029676169246,48.33643815457805]]]}"
00000000000000001b43,2375,0,0,0,"{""type"":""Polygon"",""coordinates"":[[[-107.29026842855173,48.33640297126931],[-107.29023370963819,48.33637692278676],[-107.29023944981708,48.33635441280946],[-107.29021897732873,48.33634590446182],[-107.2902453775818,48.33633649606917],[-107.29024468715832,48.33632304949025],[-107.29024448686235,48.33631861491295],[-107.28997120878657,48.3364982726785],[-107.28998480949122,48.33650243768902],[-107.29006674419762,48.33653654278443],[-107.2900806880194,48.3365496642043],[-107.29028904392356,48.33641600142601],[-107.29026842855173,48.33640297126931]]]}"
00000000000000001b3c,2376,0,0,0,"{""type"":""Polygon"",""coordinates"":[[[-107.29020354193273,48.33630159822707],[-107.29018895249646,48.336275101740334],[-107.29017442055137,48.336248518037394],[-107.29017401997548,48.33623964889489],[-107.29016694794842,48.33623087094397],[-107.28986865917125,48.33645113726014],[-107.28992314715958,48.33647240638476],[-107.28997120878657,48.3364982726785],[-107.29024448686235,48.33631861491295],[-107.29020354193273,48.33630159822707]]]}"
00000000000000001b44,2377,0,0,0,"{""type"":""Polygon"",""coordinates"":[[[-107.29012684039282,48.336084224631485],[-107.2897922077269,48.3363901747039],[-107.28981366855382,48.336421014738185],[-107.28984818680135,48.33644262881502],[-107.28986865917125,48.33645113726014],[-107.29016694794842,48.33623087094397],[-107.29015275913797,48.33621324362235],[-107.29011868612591,48.336200570307895],[-107.29009653470955,48.336156283935914],[-107.29012239144046,48.33613348469917],[-107.29014320687237,48.33615094939035],[-107.29016269048915,48.33613712626124],[-107.29012684039282,48.336084224631485]]]}"
00000000000000001b41,2378,0,0,0,"{""type"":""Polygon"",""coordinates"":[[[-107.29009949640019,48.3360713729251],[-107.2900715068369,48.336045146124064],[-107.2900776348845,48.33603166405198],[-107.29003644537073,48.33601014140055],[-107.28988846218598,48.33614708351527],[-107.28988890746038,48.33615602406761],[-107.28987590766052,48.336165162763834],[-107.28990305131799,48.336173579991595],[-107.28987669596565,48.33618305968035],[-107.28986369615438,48.336192198379855],[-107.28984411444908,48.33620157109108],[-107.28984366918628,48.336192630530576],[-107.2896826849265,48.336338711550376],[-107.28970993084197,48.33634711305581],[-107.2897241194168,48.33636474049315],[-107.28978533603484,48.336385831282556],[-107.2897922077269,48.3363901747039],[-107.29012664010953,48.336079790073526],[-107.29009949640019,48.3360713729251]],[[-107.290012668231,48.33607758761553],[-107.28999926793757,48.33607785719666],[-107.29000633988633,48.33608663513666],[-107.290012668231,48.33607758761553]],[[-107.2898980139966,48.3362093777796],[-107.28988441341886,48.336205212776534],[-107.28989148535257,48.33621399074637],[-107.2898980139966,48.3362093777796]]]}"
00000000000000001b2f,2379,0,0,0,"{""type"":""MultiPolygon"",""coordinates"":[[[[-107.29002957369717,48.33600579802722],[-107.28985938622252,48.336094074790054],[-107.28988727336633,48.33612031748559],[-107.28988831940234,48.33614256172453],[-107.29003644537073,48.33601014140055],[-107.29002957369717,48.33600579802722]]],[[[-107.2898224086855,48.336166225199726],[-107.2897875476905,48.336135654863845],[-107.28956474668543,48.33624734104514],[-107.28957167578174,48.33625159724635],[-107.28957909058434,48.33626933162764],[-107.28960000794139,48.33628678068533],[-107.28961419642654,48.33630440812119],[-107.28964139751504,48.33631273821948],[-107.2896826849265,48.336338711550376],[-107.28984366918628,48.336192630530576],[-107.2898224086855,48.336166225199726]]]]}"
00000000000000001b2c,2380,0,0,0,"{""type"":""MultiPolygon"",""coordinates"":[[[[-107.28978057380661,48.33613132726564],[-107.28971742543851,48.33606564508346],[-107.2894876105067,48.336168465722444],[-107.28956474668543,48.33624734104514],[-107.2897875476905,48.336135654863845],[-107.28978057380661,48.33613132726564]]],[[[-107.29001597315698,48.33600163305776],[-107.29001518477833,48.33598373620527],[-107.29000113894541,48.33597063071379],[-107.28998739562775,48.33596194396766],[-107.2899735948487,48.33595334444679],[-107.28983564594725,48.33601415334565],[-107.28984271783384,48.33602293128875],[-107.28987050689669,48.33604472359543],[-107.2898711524203,48.336058098687836],[-107.28989182485243,48.33607104162951],[-107.28985938622252,48.336094074790054],[-107.29002957369717,48.33600579802722],[-107.29001597315698,48.33600163305776]]]]}"
00000000000000001b2b,2381,0,0,0,"{""type"":""MultiPolygon"",""coordinates"":[[[[-107.28993675664329,48.33587811155461],[-107.28991628454483,48.33586960320877],[-107.2897454074274,48.33594443303831],[-107.28977972495237,48.33596161240834],[-107.28982125717202,48.335992091487554],[-107.28983564594725,48.33601415334565],[-107.2899735948487,48.33595334444679],[-107.289971617599,48.33590868168936],[-107.28993675664329,48.33587811155461]]],[[[-107.28964038713053,48.335991220512064],[-107.28941057266447,48.336094040811126],[-107.28941091558559,48.33610299716317],[-107.28943138757623,48.336111505656746],[-107.2894876105067,48.336168465722444],[-107.28971742543851,48.33606564508346],[-107.2897171804387,48.33606113910261],[-107.289696708344,48.33605263068062],[-107.28968231966103,48.336030568783414],[-107.28966140237813,48.33601311982581],[-107.28968765960312,48.33599918987258],[-107.28966654210463,48.33597730637433],[-107.28964701373472,48.33599105793871],[-107.28964038713053,48.335991220512064]],[[-107.28964770394325,48.336004504443466],[-107.28966065893991,48.335995294384404],[-107.28964701373472,48.33599105793871],[-107.28964770394325,48.336004504443466]]]]}"
00000000000000001bec,2382,0,0,0,"{""type"":""MultiPolygon"",""coordinates"":[[[[-107.28990921266053,48.33586082529633],[-107.28989536718036,48.335852154356964],[-107.28972320343668,48.33589576785054],[-107.28974466394614,48.33592660762166],[-107.2897454074274,48.33594443303831],[-107.28991628454483,48.33586960320877],[-107.28990921266053,48.33586082529633]]],[[[-107.28966654210463,48.33597730637433],[-107.2896455268709,48.33595540707609],[-107.28965031936961,48.3359151034991],[-107.28931908931291,48.33599764121365],[-107.28933288985516,48.336006240841705],[-107.28939553883514,48.33605860374526],[-107.28941057266447,48.336094040811126],[-107.28964038713053,48.335991220512064],[-107.28966654210463,48.33597730637433]],[[-107.28963964370193,48.33597339507759],[-107.28961314150486,48.33598281903576],[-107.28964038713053,48.335991220512064],[-107.28963964370193,48.33597339507759]]]]}"
00000000000000001b2a,2383,0,0,0,"{""type"":""MultiPolygon"",""coordinates"":[[[[-107.28955345503371,48.33584554569444],[-107.2895802553277,48.335845006664435],[-107.2895800551093,48.33584057212363],[-107.28955345503371,48.33584554569444]]],[[[-107.28988849556148,48.335847810985065],[-107.2898750953688,48.33584808054516],[-107.28986095163704,48.33583052472131],[-107.28984710618614,48.335821853779194],[-107.28983197393691,48.335781966634876],[-107.28965961034608,48.33582114540888],[-107.28968725210402,48.33584288207512],[-107.28970184096244,48.33586937843741],[-107.28971613160891,48.33588698991814],[-107.28972320343668,48.33589576785054],[-107.28989536718036,48.335852154356964],[-107.28988849556148,48.335847810985065]]],[[[-107.28962243260618,48.33588886082637],[-107.28960131521758,48.335866977356396],[-107.2895690321547,48.335894373450365],[-107.2895481150216,48.33587692450897],[-107.28956764334224,48.33586317299545],[-107.28954682846205,48.335845708260074],[-107.2892683094652,48.33590928657161],[-107.28926885253429,48.33592267744276],[-107.28927004090811,48.335949443391954],[-107.28931221778038,48.33599329778648],[-107.28931908931291,48.33599764121365],[-107.28965031936961,48.3359151034991],[-107.28962970462877,48.33590207331205],[-107.28962243260618,48.33588886082637]],[[-107.28960977585254,48.335906955755796],[-107.28962362124108,48.335915626747564],[-107.28962970462877,48.33590207331205],[-107.28960977585254,48.335906955755796]]]]}"
00000000000000001b27,2384,0,0,0,"{""type"":""MultiPolygon"",""coordinates"":[[[[-107.28981713997835,48.335750964384104],[-107.28979449070843,48.3356933589135],[-107.28960892768058,48.335737241595524],[-107.28961604421532,48.33574609093455],[-107.2896301877646,48.33576364677121],[-107.28964522176672,48.335799083599504],[-107.28965961034608,48.33582114540888],[-107.28983197393691,48.335781966634876],[-107.28983132842225,48.3357685916114],[-107.28981713997835,48.335750964384104]]],[[[-107.28955814962075,48.335800791862454],[-107.28954988927396,48.335765248070736],[-107.28953080619691,48.335787940048284],[-107.28953842112031,48.33581010881859],[-107.28951903982639,48.33582391593048],[-107.28947829628872,48.33581133360216],[-107.28948333389788,48.33577553609671],[-107.28947621740038,48.335766686742005],[-107.28919774387317,48.33583033615882],[-107.28919873202675,48.33585266751988],[-107.28921253247215,48.33586126714423],[-107.28922637769071,48.335869938190115],[-107.28926766416022,48.33589591150702],[-107.2892683094652,48.33590928657161],[-107.28954682846205,48.335845708260074],[-107.28955345503371,48.33584554569444],[-107.2895800551093,48.33584057212363],[-107.28955814962075,48.335800791862454]]]]}"
00000000000000001c15,2385,0,0,0,"{""type"":""MultiPolygon"",""coordinates"":[[[[-107.28977945657127,48.335657922182435],[-107.28958617655711,48.33567965188447],[-107.28959349329604,48.33569293574406],[-107.28960892768058,48.335737241595524],[-107.28979449070843,48.3356933589135],[-107.28977945657127,48.335657922182435]]],[[[-107.28945401391152,48.33571802164191],[-107.28943289674866,48.33569613819948],[-107.28943265178201,48.33569163224837],[-107.28916614570817,48.335723740167644],[-107.2891870624938,48.33574118915075],[-107.28916921235695,48.33579071834377],[-107.28919675571943,48.33580800480715],[-107.2891972008281,48.335816945309915],[-107.28919774387317,48.33583033615882],[-107.28947621740038,48.335766686742005],[-107.28945401391152,48.33571802164191]]]]}"
00000000000000001c43,2386,0,0,0,"{""type"":""MultiPolygon"",""coordinates"":[[[[-107.28977139625309,48.335626813032235],[-107.28977045250659,48.33560455320268],[-107.28976214719549,48.33556893814373],[-107.28955546762292,48.33559093727273],[-107.28955690120367,48.3356222089899],[-107.28958617655711,48.33567965188447],[-107.28977945657127,48.335657922182435],[-107.28977139625309,48.335626813032235]]],[[[-107.28941687472182,48.33563837012507],[-107.2894220145812,48.3356025569356],[-107.28912870915602,48.33563520365711],[-107.28914918077064,48.33564371214553],[-107.28915101433462,48.33568385296745],[-107.28915220263197,48.335710618799865],[-107.28916614570817,48.335723740167644],[-107.28943265178201,48.33569163224837],[-107.28941687472182,48.33563837012507]]]]}"
00000000000000001b24,2387,0,0,0,"{""type"":""MultiPolygon"",""coordinates"":[[[[-107.28973909762666,48.33550246382883],[-107.28973133561,48.33548023958697],[-107.28954483011682,48.33550186214992],[-107.28954611669249,48.335533078196654],[-107.28955546762292,48.33559093727273],[-107.28976214719549,48.33556893814373],[-107.28973909762666,48.33550246382883]]],[[[-107.28941133264581,48.33551341034828],[-107.28911802795865,48.33554605696376],[-107.28910561609104,48.33556865765331],[-107.28912064944465,48.33560409445022],[-107.28912183772306,48.33563086024338],[-107.28912870915602,48.33563520365711],[-107.2894220145812,48.3356025569356],[-107.28942058111531,48.33557128522504],[-107.28941133264581,48.33551341034828]]]]}"
00000000000000001bee,2388,0,0,0,"{""type"":""MultiPolygon"",""coordinates"":[[[[-107.28972327535976,48.33544913053493],[-107.28956227921061,48.335443464155595],[-107.28956302261696,48.335461289413665],[-107.28954339654067,48.33547059050319],[-107.28955081120975,48.33548832462968],[-107.28954483011682,48.33550186214992],[-107.28973133561,48.33548023958697],[-107.28973093513137,48.33547137056824],[-107.28971066357866,48.335467296744355],[-107.28973059212197,48.335462414325924],[-107.28972327535976,48.33544913053493]]],[[[-107.28910170842798,48.33547940415549],[-107.28911782779444,48.33554162244554],[-107.28911802795865,48.33554605696376],[-107.28941133264581,48.33551341034828],[-107.28941093224553,48.33550454132069],[-107.28940994394968,48.33548221011157],[-107.28940949878444,48.33547326966749],[-107.28942215543786,48.335455174914514],[-107.28942151006743,48.33544179996681],[-107.28911282974757,48.335430053602465],[-107.28911401802755,48.33545681930809],[-107.28912153468845,48.335474537666386],[-107.28910170842798,48.33547940415549]],[[-107.28912860626022,48.33548331558099],[-107.28914160587982,48.335474177107585],[-107.28912153468845,48.335474537666386],[-107.28912860626022,48.33548331558099]]]]}"
00000000000000001b04,2389,0,0,0,"{""type"":""MultiPolygon"",""coordinates"":[[[[-107.28970913185633,48.335431574814606],[-107.28971392416327,48.33539127163617],[-107.28957938526975,48.335376109994534],[-107.28956628349682,48.33538526431159],[-107.28956227921061,48.335443464155595],[-107.28972327535976,48.33544913053493],[-107.28970913185633,48.335431574814606]]],[[[-107.28941102834105,48.33535708814955],[-107.28910803186108,48.33532291949285],[-107.28910946507057,48.33535419106854],[-107.28911085351572,48.33538539124087],[-107.28911262958319,48.335425619093904],[-107.28911282974757,48.335430053602465],[-107.28942151006743,48.33544179996681],[-107.28941102834105,48.33535708814955]]]]}"
00000000000000001b0a,2390,0,0,0,"{""type"":""MultiPolygon"",""coordinates"":[[[[-107.28915133781443,48.33524172317783],[-107.28917235228015,48.335263622309824],[-107.28910803186108,48.33532291949285],[-107.28941102834105,48.33535708814955],[-107.28940276820374,48.33532154463636],[-107.2894221492343,48.33530773768499],[-107.28942708880656,48.33526749022624],[-107.28915133781443,48.33524172317783]]],[[[-107.28962907197823,48.33529024492163],[-107.28962318894094,48.33530823269384],[-107.28960914353884,48.335295127300554],[-107.28959618879907,48.33530433722494],[-107.2895767630325,48.335318072788375],[-107.28958482312962,48.33534918177993],[-107.28957849485325,48.335358229147275],[-107.28958581153728,48.33537151292858],[-107.28957938526975,48.335376109994534],[-107.28971392416327,48.33539127163617],[-107.28971708671438,48.33531079633797],[-107.2897164412327,48.33529742143136],[-107.28962907197823,48.33529024492163]]]]}"
00000000000000001afb,2391,0,0,0,"{""type"":""MultiPolygon"",""coordinates"":[[[[-107.28923469613052,48.33515966298885],[-107.28923632963762,48.33519536895204],[-107.28919613005087,48.33519617731883],[-107.2891697306811,48.335205585199105],[-107.28914303320006,48.335206108290635],[-107.28913017637936,48.335219768430825],[-107.28915133781443,48.33524172317783],[-107.28942708880656,48.33526749022624],[-107.28944354958779,48.33518676142627],[-107.28944987785401,48.33517771409725],[-107.28923469613052,48.33515966298885]]],[[[-107.28968488645714,48.335190898134734],[-107.28968508669278,48.335195332620714],[-107.2896594755295,48.335222637232874],[-107.28968019216903,48.33523565145221],[-107.28964770950238,48.33525861273982],[-107.28962907197823,48.33529024492163],[-107.2897164412327,48.33529742143136],[-107.28971624099394,48.335292986937006],[-107.2897148072606,48.33526171541963],[-107.2897136185312,48.33523494983099],[-107.28972528648684,48.33519452404411],[-107.28968488645714,48.335190898134734]]]]}"
00000000000000001af6,2392,0,0,0,"{""type"":""MultiPolygon"",""coordinates"":[[[[-107.28945926691594,48.33508820760738],[-107.28915004633879,48.33506307071234],[-107.28915103449017,48.33508540175184],[-107.28919211987983,48.33510694025946],[-107.28921279142321,48.33511988313833],[-107.2892335077494,48.33513289743679],[-107.28923469613052,48.33515966298885],[-107.28944987785401,48.33517771409725],[-107.28946871563694,48.335150516499226],[-107.28945926691594,48.33508820760738]]],[[[-107.28979504378509,48.335108298511294],[-107.28977497265224,48.33510865920263],[-107.28976834619709,48.33510882177834],[-107.28974797259184,48.33510476378893],[-107.28973546318764,48.33512291407695],[-107.28972206327894,48.33512318360483],[-107.28970950909329,48.33514126247505],[-107.28969610918162,48.33514153199948],[-107.28968488645714,48.335190898134734],[-107.28972528648684,48.33519452404411],[-107.28974471216122,48.33518078848489],[-107.28980201749184,48.33511262602972],[-107.28979504378509,48.335108298511294]]]]}"
00000000000000001af5,2393,0,0,0,"{""type"":""MultiPolygon"",""coordinates"":[[[[-107.28977497265224,48.33510865920263],[-107.28979504378509,48.335108298511294],[-107.28978130084576,48.33509961186691],[-107.28977497265224,48.33510865920263]]],[[[-107.28978130084576,48.33509961186691],[-107.28976725543447,48.335086506548365],[-107.28974797259184,48.33510476378893],[-107.28976834619709,48.33510882177834],[-107.28976137249755,48.3351044942576],[-107.28978130084576,48.33509961186691]]],[[[-107.28914208461997,48.33503641211871],[-107.28915004633879,48.33506307071234],[-107.28945926691594,48.33508820760738],[-107.28945783339339,48.3350569362012],[-107.28946079617783,48.334972026937145],[-107.28914208461997,48.33503641211871]]]]}"
00000000000000001b08,2394,0,0,0,"{""type"":""Polygon"",""coordinates"":[[[-107.2891425692286,48.33489798779567],[-107.28914341467886,48.334915797076285],[-107.28914395772445,48.33492918769864],[-107.289132636491,48.334974103313385],[-107.28913362463486,48.33499643431591],[-107.28913426990825,48.335009809156034],[-107.28914208461997,48.33503641211871],[-107.28946079617783,48.334972026937145],[-107.289465490653,48.334927273847434],[-107.28947137367703,48.33490928621403],[-107.2891425692286,48.33489798779567]]]}"
00000000000000001b07,2395,0,0,0,"{""type"":""Polygon"",""coordinates"":[[[-107.28943770272245,48.334905481852694],[-107.28944828022743,48.334842741210466],[-107.28945396303097,48.33482031915075],[-107.28915868745064,48.33480830345959],[-107.28915334736764,48.33483968164211],[-107.28914083785817,48.334857831764936],[-107.2891425692286,48.33489798779567],[-107.28947137367703,48.33490928621403],[-107.28943770272245,48.334905481852694]]]}"
00000000000000001b03,2396,0,0,0,"{""type"":""Polygon"",""coordinates"":[[[-107.28919991397849,48.33468246196477],[-107.28916100554216,48.334710019818985],[-107.28915868745064,48.33480830345959],[-107.28945396303097,48.33482031915075],[-107.2894643402595,48.33475314415827],[-107.28919991397849,48.33468246196477]]]}"
00000000000000001b00,2397,0,0,0,"{""type"":""Polygon"",""coordinates"":[[[-107.28927017361505,48.3346050907249],[-107.28923847947031,48.334645948000805],[-107.28919991397849,48.33468246196477],[-107.2894643402595,48.33475314415827],[-107.28946335190447,48.33473081326664],[-107.2895085884322,48.33469420803297],[-107.28952827154728,48.33468481987356],[-107.28953449746811,48.33467578843022],[-107.28927017361505,48.3346050907249]]]}"
00000000000000001b01,2398,0,0,0,"{""type"":""Polygon"",""coordinates"":[[[-107.28940628318243,48.33450414443787],[-107.28938680036772,48.33451796696892],[-107.28936672964197,48.334518327560666],[-107.28930749305101,48.33454189876065],[-107.28927017361505,48.3346050907249],[-107.28953449746811,48.33467578843022],[-107.28954690877937,48.33465318807872],[-107.28957939090358,48.334630227100284],[-107.28940628318243,48.33450414443787]]]}"
00000000000000001b02,2399,0,0,0,"{""type"":""Polygon"",""coordinates"":[[[-107.2895108006735,48.33444403956146],[-107.28947733033279,48.33444466966147],[-107.28946274212653,48.33441817395821],[-107.28942808327109,48.3343920388677],[-107.28943430915291,48.334383007481556],[-107.28942743787756,48.33437866418792],[-107.28935796493374,48.33432203102051],[-107.28938036783016,48.334375129304895],[-107.28937472984636,48.33439762259149],[-107.2894647188577,48.33446283548781],[-107.28943213888334,48.334481346121116],[-107.28940628318243,48.33450414443787],[-107.28957939090358,48.334630227100284],[-107.28959867352242,48.33461197006209],[-107.28967050899045,48.334570391398195],[-107.2895108006735,48.33444403956146]]]}"
00000000000000001af0,2400,0,0,0,"{""type"":""GeometryCollection"",""geometries"":[{""type"":""LineString"",""coordinates"":[[-107.28941348522669,48.33436556876927],[-107.28942746964303,48.33437868894218]]},{""type"":""Polygon"",""coordinates"":[[[-107.2893989069998,48.33433904750606],[-107.2893776926105,48.33431271438294],[-107.2893508934827,48.334313253311365],[-107.28935796493374,48.33432203102051],[-107.28941349512482,48.33436554318166],[-107.2893989069998,48.33433904750606]]]},{""type"":""Polygon"",""coordinates"":[[[-107.28963574434982,48.33439237142057],[-107.28962258971742,48.334397146763585],[-107.2896091900873,48.334397416265],[-107.2895961909195,48.33440655460522],[-107.28955678023345,48.33442525942324],[-107.2895108006735,48.33444403956146],[-107.28967050899045,48.334570391398195],[-107.28970319124744,48.33455186484863],[-107.28974937119573,48.3345375190074],[-107.2897686537146,48.334519261969454],[-107.28963574434982,48.33439237142057]]]}]}"
00000000000000001aea,2401,0,0,0,"{""type"":""Polygon"",""coordinates"":[[[-107.28975400406084,48.33434095296403],[-107.28970125129582,48.33435984011244],[-107.28963574434982,48.33439237142057],[-107.2897686537146,48.334519261969454],[-107.28982847835032,48.33450915242218],[-107.2898686774607,48.33450834381333],[-107.28989503157965,48.334498864456485],[-107.28975400406084,48.33434095296403]]]}"
00000000000000001af2,2402,0,0,0,"{""type"":""Polygon"",""coordinates"":[[[-107.2898460651253,48.33430337671625],[-107.28981971115218,48.334312856021135],[-107.28977328646637,48.33432269599549],[-107.28975400406084,48.33434095296403],[-107.28989503157965,48.334498864456485],[-107.28997393838999,48.334466063349744],[-107.29002570262263,48.33442484526099],[-107.2898460651253,48.33430337671625]]]}"
00000000000000001afe,2403,0,0,0,"{""type"":""Polygon"",""coordinates"":[[[-107.28985021566874,48.33424523374319],[-107.28984433294181,48.3342632211677],[-107.28985946475503,48.3343031071823],[-107.2898460651253,48.33430337671625],[-107.29002570262263,48.33442484526099],[-107.29003865698839,48.334415635440465],[-107.29005161134934,48.3344064256199],[-107.29006461047089,48.33439728721925],[-107.29011049191288,48.33437405661485],[-107.29015558482506,48.33433292970658],[-107.2901553397607,48.33432842387527],[-107.28985021566874,48.33424523374319]]]}"
00000000000000001ae1,2404,0,0,0,"{""type"":""Polygon"",""coordinates"":[[[-107.28990010038666,48.334163804811695],[-107.28989381716146,48.334172923410655],[-107.28987592403179,48.334222379810015],[-107.28985664171189,48.334240636762544],[-107.28985021566874,48.33424523374319],[-107.2901553397607,48.33432842387527],[-107.29017812642145,48.33423864921897],[-107.29017792611923,48.334234214815446],[-107.28990010038666,48.334163804811695]]]}"
00000000000000001ae4,2405,0,0,0,"{""type"":""Polygon"",""coordinates"":[[[-107.28995581425953,48.334060009842716],[-107.28994295806197,48.334073669781546],[-107.28991745010484,48.33410095805872],[-107.28990578279974,48.33414138302134],[-107.28990010038666,48.334163804811695],[-107.29017792611923,48.334234214815446],[-107.29019047979,48.334216136205356],[-107.29020832779386,48.33416660834279],[-107.28995581425953,48.334060009842716]]]}"
00000000000000001ae2,2406,0,0,0,"{""type"":""Polygon"",""coordinates"":[[[-107.29007946530594,48.33398159238841],[-107.29007283903138,48.333981754977096],[-107.28996856821786,48.33404636570915],[-107.28995581425953,48.334060009842716],[-107.29020832779386,48.33416660834279],[-107.29021411227238,48.334144170733666],[-107.29027304567875,48.33411618057762],[-107.29007946530594,48.33398159238841]]]}"
00000000000000001ae6,2407,0,0,0,"{""type"":""Polygon"",""coordinates"":[[[-107.29031174662849,48.333932288905615],[-107.29025152212189,48.333933529868595],[-107.29020509781212,48.33394336997189],[-107.29013874575018,48.33395809240321],[-107.29008623857695,48.33398148541527],[-107.29007946530594,48.33398159238841],[-107.29027304567875,48.33411618057762],[-107.2903184176763,48.33393219771961],[-107.29031174662849,48.333932288905615]]]}"
00000000000000001ae5,2408,0,0,0,"{""type"":""GeometryCollection"",""geometries"":[{""type"":""LineString"",""coordinates"":[[-107.2902730987612,48.33411620433879],[-107.29027289958726,48.3341117593735]]},{""type"":""Polygon"",""coordinates"":[[[-107.29047377147185,48.333960355947916],[-107.29034521680309,48.33393165852521],[-107.2903184176763,48.33393219771961],[-107.29027284536411,48.334111746184824],[-107.29027289958726,48.3341117593735],[-107.29030671632442,48.33411998459758],[-107.29032076167988,48.33413308960056],[-107.29032743276449,48.334132998412656],[-107.29050155968072,48.33398214724873],[-107.29047377147185,48.333960355947916]]]}]}"
00000000000000001ae9,2409,0,0,0,"{""type"":""Polygon"",""coordinates"":[[[-107.29057790610909,48.33404312235541],[-107.29053577389233,48.33399934154625],[-107.29050155968072,48.33398214724873],[-107.29032743276449,48.334132998412656],[-107.29033430417148,48.33413734161852],[-107.29034834954693,48.33415044662123],[-107.29037549202793,48.33415886342654],[-107.29038963552838,48.334176418628815],[-107.29060613994558,48.33407385385014],[-107.29060589482377,48.33406934804337],[-107.29057790610909,48.33404312235541]]]}"
00000000000000001aeb,2410,0,0,0,"{""type"":""Polygon"",""coordinates"":[[[-107.29064293360102,48.33414901250907],[-107.29060613994558,48.33407385385014],[-107.29038963552838,48.334176418628815],[-107.29040348061537,48.33418508923376],[-107.29043769492158,48.334202283629416],[-107.29045925759289,48.334233106457035],[-107.29067072209142,48.33417080383113],[-107.29064293360102,48.33414901250907]]]}"
00000000000000001adc,2411,0,0,0,"{""type"":""Polygon"",""coordinates"":[[[-107.29072081757518,48.33424124273458],[-107.29068476764971,48.334183908788255],[-107.29067072209142,48.33417080383113],[-107.29045925759289,48.334233106457035],[-107.29048071807046,48.33426394510061],[-107.29050945073917,48.334307995776136],[-107.29072823271882,48.33425897634831],[-107.29072081757518,48.33424124273458]]]}"
00000000000000001ae8,2412,0,0,0,"{""type"":""Polygon"",""coordinates"":[[[-107.29074371299946,48.33430335221394],[-107.29072823271882,48.33425897634831],[-107.29050945073917,48.334307995776136],[-107.2905519264534,48.3343607328909],[-107.29055281737396,48.33437861338105],[-107.2905533609486,48.3343920038468],[-107.29077891687112,48.33434287720183],[-107.29074371299946,48.33430335221394]]]}"
00000000000000001adf,2413,0,0,0,"{""type"":""Polygon"",""coordinates"":[[[-107.29077561397493,48.334418829365895],[-107.29078010642039,48.33436964230763],[-107.29077891687112,48.33434287720183],[-107.2905533609486,48.3343920038468],[-107.29054713525976,48.3344010353021],[-107.290582338927,48.33444056043978],[-107.29061032791702,48.33446678631543],[-107.2906107733903,48.33447572657698],[-107.2908029572489,48.334431680498845],[-107.29077561397493,48.334418829365895]]]}"
00000000000000001afd,2414,0,0,0,"{""type"":""Polygon"",""coordinates"":[[[-107.29086017008198,48.334510968699576],[-107.29081655743943,48.334435845242844],[-107.2908029572489,48.334431680498845],[-107.2906107733903,48.33447572657698],[-107.29062536262096,48.334502222108604],[-107.2906402951197,48.33453767372653],[-107.29064148455896,48.33456443893484],[-107.29086699689006,48.334515240474246],[-107.29086017008198,48.334510968699576]]]}"
00000000000000001aec,2415,0,0,0,"{""type"":""Polygon"",""coordinates"":[[[-107.2908808422804,48.334523911057936],[-107.29086699689006,48.334515240474246],[-107.29064148455896,48.33456443893484],[-107.29063535697472,48.334577920659264],[-107.29065692004376,48.334608743650115],[-107.29067872417244,48.33464853855145],[-107.29086458518722,48.33460907344527],[-107.29085686729873,48.33458692110358],[-107.2908430218957,48.334578250506475],[-107.29084183230903,48.33455148529745],[-107.29086788796158,48.334533121009585],[-107.29086887718405,48.334555451781775],[-107.29087006679043,48.33458221699197],[-107.29090428183773,48.334599411331034],[-107.29090962048913,48.33456803322924],[-107.29090897455457,48.33455465852889],[-107.29090843085312,48.334541268027415],[-107.2908808422804,48.334523911057936]]]}"
00000000000000001af3,2416,0,0,0,"{""type"":""Polygon"",""coordinates"":[[[-107.29090023503362,48.33465753889409],[-107.2908860462837,48.334639912200586],[-107.29087224561843,48.334631313019635],[-107.29086458518722,48.33460907344527],[-107.29067872417244,48.33464853855145],[-107.29068624158721,48.33466625649897],[-107.29068807690523,48.33470639650946],[-107.29070266627737,48.33473289214068],[-107.29070280917374,48.33473741380752],[-107.29091516788785,48.3346929905638],[-107.29092777894651,48.334674824479016],[-107.29090023503362,48.33465753889409]]]}"
00000000000000001aff,2417,0,0,0,"{""type"":""Polygon"",""coordinates"":[[[-107.29093159303775,48.33475962618821],[-107.29093094709887,48.33474625143993],[-107.29089574266729,48.334706726222194],[-107.29091516788785,48.3346929905638],[-107.29070280917374,48.33473741380752],[-107.29071779929717,48.33477277834169],[-107.29074677778983,48.33482133521963],[-107.29094598224837,48.334781687357825],[-107.29093159303775,48.33475962618821]]]}"
00000000000000001af7,2418,0,0,0,"{""type"":""Polygon"",""coordinates"":[[[-107.29094598224837,48.334781687357825],[-107.29074677778983,48.33482133521963],[-107.29074702292472,48.3348258410894],[-107.29074331908684,48.334892925035675],[-107.29076443692213,48.334914807842615],[-107.29098995157548,48.334865608710466],[-107.29098865965895,48.33483885916576],[-107.29094598224837,48.334781687357825]]]}"
00000000000000001af8,2419,0,0,0,"{""type"":""Polygon"",""coordinates"":[[[-107.29099009450617,48.334870130387294],[-107.29098995157548,48.334865608710466],[-107.29076443692213,48.334914807842615],[-107.29078545255177,48.334936706457675],[-107.29080834841007,48.334998816722695],[-107.29102733528958,48.33495423032242],[-107.29099009450617,48.334870130387294]]]}"
00000000000000001b05,2420,0,0,0,"{""type"":""Polygon"",""coordinates"":[[[-107.29103688903153,48.33501652302767],[-107.2910360426576,48.334998713753414],[-107.29103450961007,48.334962992193084],[-107.29102733528958,48.33495423032242],[-107.29080834841007,48.334998816722695],[-107.29082313835637,48.335029746942524],[-107.29082388239082,48.33504757203627],[-107.29084558880545,48.33508291694155],[-107.29106482141067,48.335042836258275],[-107.29103688903153,48.33501652302767]]]}"
00000000000000001b06,2421,0,0,0,"{""type"":""Polygon"",""coordinates"":[[[-107.29109281130239,48.33506906226745],[-107.29106482141067,48.335042836258275],[-107.29084558880545,48.33508291694155],[-107.29086725049517,48.33511819044386],[-107.29087640320377,48.33517161440713],[-107.29110216476238,48.33512692062414],[-107.29109281130239,48.33506906226745]]]}"
00000000000000001b09,2422,0,0,0,"{""type"":""Polygon"",""coordinates"":[[[-107.29111067183723,48.33516696971321],[-107.29110216476238,48.33512692062414],[-107.29087640320377,48.33517161440713],[-107.2908846648692,48.33520715765469],[-107.29092738734637,48.33526440136024],[-107.29113920563151,48.33520658642941],[-107.29113896045017,48.335202080529555],[-107.29111067183723,48.33516696971321]]]}"
00000000000000001b29,2423,0,0,0,"{""type"":""Polygon"",""coordinates"":[[[-107.29116892928818,48.33527296871421],[-107.29115399597299,48.33523751670909],[-107.29113974940267,48.33521997709528],[-107.29113920563151,48.33520658642941],[-107.29092738734637,48.33526440136024],[-107.29094929437893,48.335304180868945],[-107.29097663838664,48.33531703214776],[-107.29099122820685,48.33534352802795],[-107.29118307365924,48.33529052414529],[-107.29116892928818,48.33527296871421]]]}"
00000000000000001b26,2424,0,0,0,"{""type"":""Polygon"",""coordinates"":[[[-107.29121150945028,48.335325690632956],[-107.29119019061932,48.33529937328263],[-107.29118307365924,48.33529052414529],[-107.29099122820685,48.33534352802795],[-107.29099850074063,48.3353567402616],[-107.2910213971966,48.33541885095114],[-107.29102846935804,48.33542762870177],[-107.2912538893205,48.335373978088526],[-107.29121150945028,48.335325690632956]]]}"
00000000000000001b28,2425,0,0,0,"{""type"":""Polygon"",""coordinates"":[[[-107.29127614022413,48.3354227138115],[-107.2912538893205,48.335373978088526],[-107.29102846935804,48.33542762870177],[-107.29107050566874,48.335466960106274],[-107.2910854389601,48.33550241227788],[-107.2910925111556,48.33551119003671],[-107.29129780259197,48.33545798742486],[-107.29127614022413,48.3354227138115]]]}"
00000000000000001b25,2426,0,0,0,"{""type"":""Polygon"",""coordinates"":[[[-107.29131338220003,48.33550681447916],[-107.2913125931704,48.33548891782031],[-107.29129800302208,48.335462421924824],[-107.29129780259197,48.33545798742486],[-107.2910925111556,48.33551119003671],[-107.2911000289349,48.335528908229975],[-107.29111506451437,48.33556434463189],[-107.29113588035177,48.33558180891086],[-107.29112975270743,48.335595290926186],[-107.29132861844536,48.33554668533391],[-107.29132722810955,48.335515485147],[-107.29131338220003,48.33550681447916]]]}"
00000000000000001b20,2427,0,0,0,"{""type"":""Polygon"",""coordinates"":[[[-107.29137134215541,48.33560392917616],[-107.29132896184515,48.33555564157481],[-107.29132861844536,48.33554668533391],[-107.29112975270743,48.335595290926186],[-107.2911318336347,48.335639937555],[-107.29114741304737,48.33568876480817],[-107.29138568720377,48.33562591919382],[-107.29139181477882,48.33561243715615],[-107.29137134215541,48.33560392917616]]]}"
00000000000000001b21,2428,0,0,0,"{""type"":""Polygon"",""coordinates"":[[[-107.29143592910181,48.33570088130984],[-107.29138657850199,48.335643800091944],[-107.29138568720377,48.33562591919382],[-107.29114741304737,48.33568876480817],[-107.29116808602585,48.335701707371534],[-107.29121758324376,48.33575884438952],[-107.2912244103349,48.33576311623183],[-107.2914431036776,48.335709643266505],[-107.29143592910181,48.33570088130984]]]}"
00000000000000001b3b,2429,0,0,0,"{""type"":""Polygon"",""coordinates"":[[[-107.29147851019817,48.33575360351068],[-107.29147796631472,48.33574021271523],[-107.2914431036776,48.335709643266505],[-107.2912244103349,48.33576311623183],[-107.29123207117951,48.33578535624953],[-107.29128805236194,48.33583780887189],[-107.2913089706981,48.33585525739115],[-107.29150610008892,48.33577096067638],[-107.29147851019817,48.33575360351068]]]}"
00000000000000001b3d,2430,0,0,0,"{""type"":""Polygon"",""coordinates"":[[[-107.29155500941435,48.33581463534051],[-107.29152024483811,48.33578851621259],[-107.29150610008892,48.33577096067638],[-107.2913089706981,48.33585525739115],[-107.29134393149263,48.3358902773141],[-107.29136464945994,48.3359032912999],[-107.29138611172918,48.33593413066411],[-107.29158265286121,48.33583637141594],[-107.29155500941435,48.33581463534051]]]}"
00000000000000001b23,2431,0,0,0,"{""type"":""Polygon"",""coordinates"":[[[-107.29162547960887,48.33589359963093],[-107.29160337093913,48.33584938533427],[-107.29158962704328,48.33584069885178],[-107.29158265286121,48.33583637141594],[-107.29138611172918,48.33593413066411],[-107.29140035869445,48.335951670466855],[-107.29144876492687,48.33598649205088],[-107.29146311015802,48.33600848221049],[-107.29165306971082,48.33591095679474],[-107.29162547960887,48.33589359963093]]]}"
00000000000000001b3f,2432,0,0,0,"{""type"":""Polygon"",""coordinates"":[[[-107.29171567866459,48.335963246550115],[-107.29170153373408,48.335945690989604],[-107.29168724180988,48.33592807981715],[-107.29165306971082,48.33591095679474],[-107.29146311015802,48.33600848221049],[-107.29150529071133,48.336052335597586],[-107.29153283605987,48.3360696214259],[-107.29154015371667,48.336082905211356],[-107.29173006885995,48.335985308076516],[-107.29171567866459,48.335963246550115]]]}"
00000000000000001b42,2433,0,0,0,"{""type"":""Polygon"",""coordinates"":[[[-107.29178594909114,48.33603777637923],[-107.29175741385328,48.33599815927267],[-107.29173006885995,48.335985308076516],[-107.29154015371667,48.336082905211356],[-107.29158273539298,48.33613562772992],[-107.2916034536272,48.336148641717486],[-107.29162412710933,48.33616158428184],[-107.29181353941765,48.3360551335383],[-107.29178594909114,48.33603777637923]]]}"
00000000000000001b32,2434,0,0,0,"{""type"":""Polygon"",""coordinates"":[[[-107.29186907639003,48.336098645525865],[-107.29184098675233,48.33606796891892],[-107.29181353941765,48.3360551335383],[-107.29162412710933,48.33616158428184],[-107.29168568925624,48.336191630072804],[-107.29171368056303,48.336217856431595],[-107.29172708115046,48.336217586603176],[-107.29174072698972,48.33622182275542],[-107.2919029948461,48.33610695503577],[-107.29186907639003,48.336098645525865]]]}"
00000000000000001b38,2435,0,0,0,"{""type"":""Polygon"",""coordinates"":[[[-107.2919029948461,48.33610695503577],[-107.29174072698972,48.33622182275542],[-107.29183616318666,48.33626010663235],[-107.29191078291436,48.33628092611624],[-107.29197074229815,48.33612343117897],[-107.2919029948461,48.33610695503577]]]}"
00000000000000001b30,2436,0,0,0,"{""type"":""Polygon"",""coordinates"":[[[-107.29203838762228,48.336139923083],[-107.29197074229815,48.33612343117897],[-107.29191078291436,48.33628092611624],[-107.29195820046986,48.336293416144855],[-107.29198544755853,48.336301816968096],[-107.29204567702091,48.33630057473726],[-107.29209866162718,48.33613875224974],[-107.29203838762228,48.336139923083]]]}"
00000000000000001b31,2437,0,0,0,"{""type"":""Polygon"",""coordinates"":[[[-107.29217876256368,48.336132714181474],[-107.29211868904272,48.33613831961808],[-107.29209866162718,48.33613875224974],[-107.29204567702091,48.33630057473726],[-107.29207914995209,48.336299943654815],[-107.29221968132168,48.33629709779882],[-107.29217876256368,48.336132714181474]]]}"
00000000000000001b4d,2438,0,0,0,"{""type"":""Polygon"",""coordinates"":[[[-107.2922988201264,48.336121360353616],[-107.2922722194048,48.33612633471978],[-107.29222539070692,48.33612730718661],[-107.29217876256368,48.336132714181474],[-107.29221968132168,48.33629709779882],[-107.29226665330724,48.33630064711915],[-107.29235308269806,48.33628556117901],[-107.29236648340073,48.336285291258136],[-107.2922988201264,48.336121360353616]]]}"
00000000000000001b1e,2439,0,0,0,"{""type"":""Polygon"",""coordinates"":[[[-107.29243187729686,48.33610086735221],[-107.29241205039665,48.33610573459795],[-107.29234490410667,48.33610256242697],[-107.2922988201264,48.336121360353616],[-107.29236648340073,48.336285291258136],[-107.29241331236821,48.33628431871281],[-107.29247314093966,48.336274207083484],[-107.29249286960672,48.336264889439214],[-107.29243187729686,48.33610086735221]]]}"
00000000000000001b1c,2440,0,0,0,"{""type"":""Polygon"",""coordinates"":[[[-107.29257829040169,48.33608003280409],[-107.29251203585956,48.33609474177869],[-107.29243187729686,48.33610086735221],[-107.29249286960672,48.336264889439214],[-107.29251922511882,48.33625540901417],[-107.29257272575185,48.33625434503276],[-107.29261292792489,48.33625353517148],[-107.29257829040169,48.33608003280409]]]}"
00000000000000001b18,2441,0,0,0,"{""type"":""Polygon"",""coordinates"":[[[-107.2927253949255,48.33607264451018],[-107.29266516540073,48.33607388716337],[-107.29261166497594,48.33607495118737],[-107.29257829040169,48.33608003280409],[-107.29261292792489,48.33625353517148],[-107.2927398585674,48.33624652393891],[-107.2927253949255,48.33607264451018]]]}"
00000000000000001b1a,2442,0,0,0,"{""type"":""Polygon"",""coordinates"":[[[-107.2927253949255,48.33607264451018],[-107.2927398585674,48.33624652393891],[-107.29279315870599,48.33624102527434],[-107.29283948823075,48.336226733041016],[-107.29285308959524,48.33623089760751],[-107.29287304401927,48.33607864684403],[-107.2927253949255,48.33607264451018]]]}"
00000000000000001b19,2443,0,0,0,"{""type"":""Polygon"",""coordinates"":[[[-107.2929131438906,48.33607785266855],[-107.29287304401927,48.33607864684403],[-107.29285308959524,48.33623089760751],[-107.2929136632727,48.336238611163964],[-107.29295465538806,48.336255698034435],[-107.29297488367644,48.33625969977508],[-107.29302069340342,48.33608464894428],[-107.2929131438906,48.33607785266855]]]}"
00000000000000001b17,2444,0,0,0,"{""type"":""Polygon"",""coordinates"":[[[-107.29314861452916,48.33609996856038],[-107.29302732025891,48.33608448613112],[-107.29302069340342,48.33608464894428],[-107.29297488367644,48.33625969977508],[-107.2930420307741,48.33626287149468],[-107.29309637906239,48.336279616868495],[-107.29316864214559,48.336099535705074],[-107.29314861452916,48.33609996856038]]]}"
00000000000000001b4c,2445,0,0,0,"{""type"":""Polygon"",""coordinates"":[[[-107.29321028109719,48.33612999747683],[-107.29318911585234,48.33610804335389],[-107.29321591736834,48.33610750327606],[-107.29323598977787,48.33610714182672],[-107.29322837228975,48.336084973290745],[-107.29316864214559,48.336099535705074],[-107.29309637906239,48.336279616868495],[-107.29321090016295,48.33629520646337],[-107.29322454642461,48.33629944240032],[-107.29329088258991,48.33613727790732],[-107.29321028109719,48.33612999747683]]]}"
00000000000000001b4a,2446,0,0,0,"{""type"":""Polygon"",""coordinates"":[[[-107.29337860578478,48.336148941202204],[-107.29335214807898,48.33615843765057],[-107.29330452881666,48.33614151382123],[-107.29329088258991,48.33613727790732],[-107.29322454642461,48.33629944240032],[-107.29335974237624,48.336327974044885],[-107.29339949882892,48.33631822329965],[-107.29337860578478,48.336148941202204]]]}"
00000000000000001b39,2447,0,0,0,"{""type"":""Polygon"",""coordinates"":[[[-107.29341816136075,48.33613475594134],[-107.2934116329124,48.336139369135864],[-107.29337860578478,48.336148941202204],[-107.29339949882892,48.33631822329965],[-107.29340627276785,48.3363181160708],[-107.29353181241798,48.3362799031949],[-107.29355861415561,48.33627936301413],[-107.29357864195569,48.33627893006722],[-107.29359164142251,48.336269790858914],[-107.29341816136075,48.33613475594134]]]}"
00000000000000001b4e,2448,0,0,0,"{""type"":""Polygon"",""coordinates"":[[[-107.29352965270648,48.33608343824088],[-107.29341816136075,48.33613475594134],[-107.29359164142251,48.336269790858914],[-107.29359816988617,48.336265177640456],[-107.29362407924901,48.33624675638256],[-107.29364360715438,48.33623300395551],[-107.29366309027306,48.336219180107875],[-107.29368227042593,48.33620093751855],[-107.29352965270648,48.33608343824088]]]}"
00000000000000001b60,2449,0,0,0,"{""type"":""Polygon"",""coordinates"":[[[-107.29358729901115,48.336024228744805],[-107.293555463486,48.336060566720974],[-107.29355645430131,48.336082898066316],[-107.29352965270648,48.33608343824088],[-107.29368227042593,48.33620093751855],[-107.29370812602042,48.3361781373265],[-107.29372053596342,48.33615553583226],[-107.2937791731604,48.3361186574975],[-107.29379212777054,48.33610944687141],[-107.29358729901115,48.336024228744805]]]}"
00000000000000001b15,2450,0,0,0,"{""type"":""Polygon"",""coordinates"":[[[-107.29365769901182,48.33595137417474],[-107.29364469967128,48.335960513334086],[-107.29360658131368,48.3360059704318],[-107.29358729901115,48.336024228744805],[-107.29379212777054,48.33610944687141],[-107.29379855395402,48.33610484946244],[-107.29385051935279,48.33606806256962],[-107.29386228219403,48.33603208608139],[-107.29365769901182,48.33595137417474]]]}"
00000000000000001b14,2451,0,0,0,"{""type"":""GeometryCollection"",""geometries"":[{""type"":""LineString"",""coordinates"":[[-107.29390555570755,48.3359508601087],[-107.29391224828856,48.3359507265751]]},{""type"":""Polygon"",""coordinates"":[[[-107.2937141085512,48.33586532755524],[-107.29369038201634,48.33593284576891],[-107.29365769901182,48.33595137417474],[-107.29386228219403,48.33603208608139],[-107.2938797256685,48.33597368686345],[-107.2939055810259,48.335950886721676],[-107.2937141085512,48.33586532755524]]]}]}"
00000000000000001ac2,2452,0,0,0,"{""type"":""Polygon"",""coordinates"":[[[-107.29373778128299,48.33579343052025],[-107.29373125291553,48.33579804370484],[-107.2937202354878,48.33585184532459],[-107.2937141085512,48.33586532755524],[-107.29391220791886,48.335950723846956],[-107.2939252646915,48.33594149742568],[-107.29393717070273,48.33591004276866],[-107.29396199014545,48.33586483996806],[-107.2939682155222,48.335855808050866],[-107.29373778128299,48.33579343052025]]]}"
00000000000000001b0c,2453,0,0,0,"{""type"":""Polygon"",""coordinates"":[[[-107.29379477991895,48.33572084629189],[-107.29376961643827,48.335757092675514],[-107.29373778128299,48.33579343052025],[-107.2939682155222,48.335855808050866],[-107.29399896097928,48.33579268854403],[-107.29401146915177,48.335774537503625],[-107.29401804227668,48.335769995722174],[-107.29379477991895,48.33572084629189]]]}"
00000000000000001b0e,2454,0,0,0,"{""type"":""Polygon"",""coordinates"":[[[-107.29384445975084,48.335634978657005],[-107.29383150532385,48.335644189203364],[-107.29381929637158,48.335671224992566],[-107.29380674339615,48.335689304553725],[-107.29379477991895,48.33572084629189],[-107.29401804227668,48.335769995722174],[-107.29404176816749,48.33570247765061],[-107.29406105016061,48.33568421936467],[-107.29384445975084,48.335634978657005]]]}"
00000000000000001b13,2455,0,0,0,"{""type"":""Polygon"",""coordinates"":[[[-107.29391411310209,48.33554429925571],[-107.29389478637215,48.33556248604368],[-107.29388262226621,48.335589593217115],[-107.29385711493035,48.335616883302194],[-107.29384445975084,48.335634978657005],[-107.29406105016061,48.33568421936467],[-107.29408581184528,48.33563910395924],[-107.29409876624396,48.335629893380194],[-107.29411804817988,48.33561163510918],[-107.29391411310209,48.33554429925571]]]}"
00000000000000001b0f,2456,0,0,0,"{""type"":""Polygon"",""coordinates"":[[[-107.29399014741983,48.335448951185306],[-107.29397151258318,48.33548058425448],[-107.29395855822723,48.33548979478944],[-107.29394560386645,48.335499005324365],[-107.2939203958876,48.335535180169884],[-107.29391411310209,48.33554429925571],[-107.29411804817988,48.33561163510918],[-107.29414365763238,48.335584329152255],[-107.29417569311347,48.33555242581998],[-107.29399014741983,48.335448951185306]]]}"
00000000000000001b0d,2457,0,0,0,"{""type"":""Polygon"",""coordinates"":[[[-107.29408734697208,48.335375556844276],[-107.29407439266747,48.33538476737536],[-107.29404898410179,48.335416507690205],[-107.29403014855947,48.33544370626542],[-107.29401007633966,48.335444067871364],[-107.29399667570807,48.33544433801539],[-107.29399014741983,48.335448951185306],[-107.29417569311347,48.33555242581998],[-107.29421450239985,48.33552041521532],[-107.29426013925794,48.335492676206954],[-107.29425993846755,48.33548824171979],[-107.29408734697208,48.335375556844276]]]}"
00000000000000001b12,2458,0,0,0,"{""type"":""GeometryCollection"",""geometries"":[{""type"":""LineString"",""coordinates"":[[-107.29418557253803,48.33532446840987],[-107.29418537224038,48.335320006188354]]},{""type"":""Polygon"",""coordinates"":[[[-107.29418553745758,48.33532449352366],[-107.29408734697208,48.335375556844276],[-107.29425993846755,48.33548824171979],[-107.29427313836034,48.335483537050756],[-107.29432584836323,48.335464575522806],[-107.29436455524723,48.33543258072308],[-107.29418553745758,48.33532449352366]]]}]}"
00000000000000001ad7,2459,0,0,0,"{""type"":""Polygon"",""coordinates"":[[[-107.29430341104899,48.33526404091201],[-107.29429698504819,48.33526863827745],[-107.2942507013431,48.335283002348625],[-107.29420481919537,48.33530623534509],[-107.29418539413646,48.33531997182286],[-107.29436455524723,48.33543258072308],[-107.294383836997,48.33541432247117],[-107.29445562779996,48.33537266818049],[-107.29445528363091,48.335363712001104],[-107.29430341104899,48.33526404091201]]]}"
00000000000000001b10,2460,0,0,0,"{""type"":""Polygon"",""coordinates"":[[[-107.29436693623899,48.33518684394167],[-107.29432956509244,48.33525012571871],[-107.29430341104899,48.33526404091201],[-107.29445528363091,48.335363712001104],[-107.2944674920822,48.335336676300074],[-107.29450719018482,48.3353270125282],[-107.29455282672025,48.335299273489824],[-107.29436693623899,48.33518684394167]]]}"
00000000000000001ac7,2461,0,0,0,"{""type"":""Polygon"",""coordinates"":[[[-107.29446467970719,48.33512684020102],[-107.29443309118042,48.335167683696966],[-107.29436693623899,48.33518684394167],[-107.29455282672025,48.335299273489824],[-107.29455935495119,48.335294660296114],[-107.2946123103097,48.33528020457126],[-107.29463662470292,48.33522614904202],[-107.29446467970719,48.33512684020102]]]}"
00000000000000001ac8,2462,0,0,0,"{""type"":""Polygon"",""coordinates"":[[[-107.29455565280685,48.33506247767106],[-107.29451001658143,48.335090216579424],[-107.29448321543421,48.33509075699857],[-107.29447100709153,48.33511779257384],[-107.29446467970719,48.33512684020102],[-107.29463662470292,48.33522614904202],[-107.29464335375464,48.33522597031233],[-107.29471399646046,48.33515762201109],[-107.2947273970901,48.33515735176851],[-107.29455565280685,48.33506247767106]]]}"
00000000000000001ac6,2463,0,0,0,"{""type"":""MultiPolygon"",""coordinates"":[[[[-107.29465319498556,48.33499803944588],[-107.29462071381992,48.33502100227413],[-107.29455565280685,48.33506247767106],[-107.2947273970901,48.33515735176851],[-107.29473402389807,48.33515718884168],[-107.2948053137202,48.33510221534063],[-107.29483908603953,48.33511046802658],[-107.29465319498556,48.33499803944588]]],[[[-107.29483908603953,48.33511046802658],[-107.29486687895357,48.33513225841657],[-107.29492197359922,48.33516682744525],[-107.29497068720214,48.33520606528372],[-107.29498443218687,48.33521475115129],[-107.2950119796411,48.33523203565653],[-107.29503922759281,48.335240435424225],[-107.29508017582312,48.335257449626084],[-107.29511419411895,48.33527020811441],[-107.29483908603953,48.33511046802658]]]]}"
00000000000000001b78,2464,0,0,0,"{""type"":""Polygon"",""coordinates"":[[[-107.29510175993241,48.33514090710992],[-107.29508835925559,48.33514117740583],[-107.29504009209661,48.335110879998005],[-107.29488985697705,48.33504691597408],[-107.29490893748877,48.335024223313354],[-107.29475083915699,48.334933585397145],[-107.29467914795713,48.334979689790174],[-107.29465319498556,48.33499803944588],[-107.29511419411895,48.33527020811441],[-107.29517521482882,48.335286860443155],[-107.29523787501601,48.33533921854452],[-107.29530224752189,48.33527983014813],[-107.29531500073924,48.33526618501073],[-107.29510175993241,48.33514090710992]]]}"
00000000000000001abb,2465,0,0,0,"{""type"":""MultiPolygon"",""coordinates"":[[[[-107.29523893977758,48.33521409735132],[-107.2951906723261,48.33518379998503],[-107.2951218322213,48.335140545276204],[-107.29510175993241,48.33514090710992],[-107.29531500073924,48.33526618501073],[-107.29534040846433,48.33523444447209],[-107.29535336258105,48.33522523380109],[-107.29523893977758,48.33521409735132]]],[[[-107.29484146366242,48.3348647328069],[-107.29482850962751,48.33487394334437],[-107.2948025567659,48.33489229300115],[-107.29478307457171,48.33490611671159],[-107.29475059352576,48.33492907954105],[-107.29475083915699,48.334933585397145],[-107.29490893748877,48.335024223313354],[-107.29492134640846,48.33500162218023],[-107.29494137380553,48.33500118896988],[-107.2949748465925,48.335000556897675],[-107.29502048258956,48.33497281782105],[-107.29484146366242,48.3348647328069]]]]}"
00000000000000001b11,2466,0,0,0,"{""type"":""Polygon"",""coordinates"":[[[-107.294898905751,48.33480108953857],[-107.29486119146961,48.33485541494501],[-107.29484146366242,48.3348647328069],[-107.29502048258956,48.33497281782105],[-107.2950527627166,48.33494542044447],[-107.29511040561515,48.334886211387605],[-107.2951168315023,48.33488161400369],[-107.294898905751,48.33480108953857]]]}"
00000000000000001b79,2467,0,0,0,"{""type"":""Polygon"",""coordinates"":[[[-107.29491580185105,48.33472930105093],[-107.29490967549437,48.33474278305858],[-107.29491046631108,48.33476067939152],[-107.29491156023892,48.33478299434608],[-107.294898905751,48.33480108953857],[-107.2951168315023,48.33488161400369],[-107.29515604143043,48.334858472310835],[-107.29517916207729,48.33477765190896],[-107.29491580185105,48.33472930105093]]]}"
00000000000000001b81,2468,0,0,0,"{""type"":""Polygon"",""coordinates"":[[[-107.29516990410626,48.33471977869115],[-107.29500741743266,48.33468277930548],[-107.29499999982737,48.33466504594318],[-107.29491341670844,48.334675770746614],[-107.29492800977336,48.33470226562723],[-107.29491580185105,48.33472930105093],[-107.29517916207729,48.33477765190896],[-107.29518569017753,48.33477303872125],[-107.29516990410626,48.33471977869115]]]}"
00000000000000001abe,2469,0,0,0,"{""type"":""Polygon"",""coordinates"":[[[-107.29498944729667,48.33458042353675],[-107.29487636659482,48.33459610742597],[-107.29490425782677,48.33462234782255],[-107.29490589692055,48.33465805318688],[-107.29491341670844,48.334675770746614],[-107.29499999982737,48.33466504594318],[-107.29498944729667,48.33458042353675]]]}"
00000000000000001ac5,2470,0,0,0,"{""type"":""Polygon"",""coordinates"":[[[-107.29497899703141,48.33449578545418],[-107.29483428058442,48.334556707037805],[-107.29485520075339,48.33457415431824],[-107.29487636659482,48.33459610742597],[-107.29498944729667,48.33458042353675],[-107.29497899703141,48.33449578545418]]]}"
00000000000000001ac0,2471,0,0,0,"{""type"":""Polygon"",""coordinates"":[[[-107.29496666196516,48.3343709365013],[-107.2949530607036,48.33436677237703],[-107.29479931626506,48.3345216893523],[-107.29482686309514,48.33453897370124],[-107.29483428058442,48.334556707037805],[-107.29497899703141,48.33449578545418],[-107.29496666196516,48.3343709365013]]]}"
00000000000000001aba,2472,0,0,0,"{""type"":""Polygon"",""coordinates"":[[[-107.29493911514376,48.33435365224684],[-107.2948780961913,48.33433700001573],[-107.29485717612845,48.33431955281539],[-107.29483003116304,48.33431113731382],[-107.29470343166966,48.33447446950019],[-107.29479931626506,48.3345216893523],[-107.2949530607036,48.33436677237703],[-107.29493911514376,48.33435365224684]]]}"
00000000000000001ac4,2473,0,0,0,"{""type"":""Polygon"",""coordinates"":[[[-107.29482330226455,48.334311316049636],[-107.29479615732288,48.33430290053919],[-107.29476901240153,48.33429448502189],[-107.29474181004194,48.33428615672361],[-107.29470106399913,48.33427357703739],[-107.2946941917235,48.33426923415477],[-107.29460136356884,48.33444081872394],[-107.29465551007507,48.33445312826723],[-107.29470343166966,48.33447446950019],[-107.29483003116304,48.33431113731382],[-107.29482330226455,48.334311316049636]]]}"
00000000000000001ab2,2474,0,0,0,"{""type"":""Polygon"",""coordinates"":[[[-107.29466031800199,48.33426099733573],[-107.294612699795,48.33424407473168],[-107.29456562670569,48.33424054247518],[-107.29447932624271,48.334407513729914],[-107.29451340081476,48.334420185031156],[-107.29460136356884,48.33444081872394],[-107.2946941917235,48.33426923415477],[-107.29466031800199,48.33426099733573]]]}"
00000000000000001ac3,2475,0,0,0,"{""type"":""Polygon"",""coordinates"":[[[-107.29453858054848,48.334236577087474],[-107.2945252825136,48.33423683148165],[-107.29447093561242,48.33422008752401],[-107.29443039067445,48.33421194211061],[-107.29442341622713,48.334207615020205],[-107.29435783426861,48.334387598999754],[-107.29442538078412,48.33439963848707],[-107.29447932624271,48.334407513729914],[-107.29456562670569,48.33424054247518],[-107.29453858054848,48.334236577087474]]]}"
00000000000000001ac1,2476,0,0,0,"{""type"":""Polygon"",""coordinates"":[[[-107.29436264367705,48.3341954682823],[-107.29430869861685,48.334187592995235],[-107.29427502600011,48.334183790422976],[-107.29424311623119,48.33436757683955],[-107.2942635895146,48.33437608399312],[-107.29434433539677,48.33438341897593],[-107.29435783426861,48.334387598999754],[-107.29442341622713,48.334207615020205],[-107.29436264367705,48.3341954682823]]]}"
00000000000000001ab5,2477,0,0,0,"{""type"":""Polygon"",""coordinates"":[[[-107.29422088023314,48.334171480708854],[-107.29413425403105,48.334182133250195],[-107.29412137927524,48.334343156001104],[-107.29416158003336,48.3343423455568],[-107.29423599845718,48.33435872810403],[-107.29424311623119,48.33436757683955],[-107.29427502600011,48.334183790422976],[-107.29422088023314,48.334171480708854]]]}"
00000000000000001ac9,2478,0,0,0,"{""type"":""Polygon"",""coordinates"":[[[-107.29404100127472,48.33419294858568],[-107.29398042989739,48.334185235978296],[-107.29400098156792,48.334345555615215],[-107.29400765295507,48.33434546416373],[-107.29403445342807,48.33434492390192],[-107.29407455191624,48.33434412930267],[-107.29412137927524,48.334343156001104],[-107.29413425403105,48.334182133250195],[-107.29404100127472,48.33419294858568]]]}"
00000000000000001ab7,2479,0,0,0,"{""type"":""Polygon"",""coordinates"":[[[-107.29398042989739,48.334185235978296],[-107.29396702972542,48.33418550610015],[-107.29392682922034,48.33418631645424],[-107.29388648543743,48.33418260518588],[-107.29384737826358,48.334205730245856],[-107.2938679741058,48.334366121406205],[-107.29392102648625,48.33435611655444],[-107.29397418110396,48.33434609586747],[-107.29398758133503,48.3343458257423],[-107.29400098156792,48.334345555615215],[-107.29398042989739,48.334185235978296]]]}"
00000000000000001abf,2480,0,0,0,"{""type"":""Polygon"",""coordinates"":[[[-107.29384737826358,48.334205730245856],[-107.29383397810307,48.33420600034897],[-107.29381380436143,48.334206377694954],[-107.29378710628555,48.334206902082215],[-107.29370027956257,48.33421311985069],[-107.29375499350594,48.334386254076534],[-107.29376162010843,48.334386091224346],[-107.29385457388436,48.33436639151455],[-107.2938679741058,48.334366121406205],[-107.29384737826358,48.334205730245856]]]}"
00000000000000001acd,2481,0,0,0,"{""type"":""Polygon"",""coordinates"":[[[-107.29370027956257,48.33421311985069],[-107.2936737247815,48.33421816581465],[-107.29359501925778,48.33425540417993],[-107.29356821897427,48.33425594431344],[-107.29352812079676,48.33425673869217],[-107.29367523921111,48.334401249216604],[-107.29375499350594,48.334386254076534],[-107.29370027956257,48.33421311985069]]]}"
00000000000000001ab8,2482,0,0,0,"{""type"":""Polygon"",""coordinates"":[[[-107.29352812079676,48.33425673869217],[-107.29351506461882,48.33426596475217],[-107.29347615798535,48.33429352409239],[-107.29342340499804,48.33431241327332],[-107.29357072374515,48.33446135852358],[-107.29360295916364,48.334433890477754],[-107.29362248604946,48.334420138549525],[-107.29364196815047,48.33440631520309],[-107.29367523921111,48.334401249216604],[-107.29352812079676,48.33425673869217]]]}"
00000000000000001ab9,2483,0,0,0,"{""type"":""Polygon"",""coordinates"":[[[-107.29342340499804,48.33431241327332],[-107.2933704512969,48.33432686803784],[-107.2933462793519,48.33438544397711],[-107.29333298143193,48.33438569820406],[-107.29345903680827,48.3345082401679],[-107.29354436951404,48.334470838884855],[-107.29356449856797,48.334470390173195],[-107.29357072374515,48.33446135852358],[-107.29342340499804,48.33431241327332]]]}"
00000000000000001b1f,2484,0,0,0,"{""type"":""Polygon"",""coordinates"":[[[-107.29333298143193,48.33438569820406],[-107.29327938083235,48.33438677832091],[-107.29320660101033,48.334406100260715],[-107.29333449409698,48.33456878223277],[-107.29336020155658,48.33454592725117],[-107.29345903680827,48.3345082401679],[-107.29333298143193,48.33438569820406]]]}"
00000000000000001ad3,2485,0,0,0,"{""type"":""Polygon"",""coordinates"":[[[-107.29320660101033,48.334406100260715],[-107.29315364721516,48.334420554933594],[-107.2931011394953,48.334443949810606],[-107.29308773935452,48.334444219810344],[-107.29320158487275,48.334593797416844],[-107.29321453897182,48.334584587145606],[-107.2933345925461,48.33457323245502],[-107.29333449409698,48.33456878223277],[-107.29320660101033,48.334406100260715]]]}"
00000000000000001b16,2486,0,0,0,"{""type"":""Polygon"",""coordinates"":[[[-107.29308773935452,48.334444219810344],[-107.29305545895723,48.3344716162754],[-107.29302233116235,48.33448120368619],[-107.29296927888822,48.33449120806254],[-107.29308267782464,48.334631845691824],[-107.2931095230153,48.334631377105175],[-107.29320158487275,48.334593797416844],[-107.29308773935452,48.334444219810344]]]}"
00000000000000001ad4,2487,0,0,0,"{""type"":""Polygon"",""coordinates"":[[[-107.29296927888822,48.33449120806254],[-107.29295587874908,48.33449147804408],[-107.29290979684885,48.334510275641705],[-107.29287632523929,48.334510906958805],[-107.29285629854368,48.33451133971691],[-107.29293691665445,48.334666055000596],[-107.2929898707663,48.33465160037243],[-107.29304302551569,48.33464158014164],[-107.29308292325058,48.3346363515322],[-107.29296927888822,48.33449120806254]]]}"
00000000000000001b0b,2488,0,0,0,"{""type"":""Polygon"",""coordinates"":[[[-107.29285629854368,48.33451133971691],[-107.29283622707987,48.33451170105211],[-107.29279681648775,48.33453040723378],[-107.29274450920144,48.33455823638556],[-107.29280386423947,48.334686548028095],[-107.29290369029798,48.33467119217716],[-107.29293691665445,48.334666055000596],[-107.29285629854368,48.33451133971691]]]}"
00000000000000001b1b,2489,0,0,0,"{""type"":""Polygon"",""coordinates"":[[[-107.29274450920144,48.33455823638556],[-107.29260418424332,48.33456551718699],[-107.2926710572479,48.3347115467271],[-107.29268425682224,48.33470684235312],[-107.29280386423947,48.334686548028095],[-107.29274450920144,48.33455823638556]]]}"
00000000000000001ad6,2490,0,0,0,"{""type"":""Polygon"",""coordinates"":[[[-107.29260418424332,48.33456551718699],[-107.29252388581942,48.33456712093431],[-107.29249715790948,48.334719474449585],[-107.29264480123098,48.33472547712783],[-107.2926710572479,48.3347115467271],[-107.29260418424332,48.33456551718699]]]}"
00000000000000001b22,2491,0,0,0,"{""type"":""Polygon"",""coordinates"":[[[-107.29247038765094,48.33456818479229],[-107.29238984399475,48.33456528258644],[-107.29236291501176,48.334713201639815],[-107.2924035613337,48.334721332217875],[-107.29249715790948,48.334719474449585],[-107.29252388581942,48.33456712093431],[-107.29247038765094,48.33456818479229]]]}"
00000000000000001b1d,2492,0,0,0,"{""type"":""Polygon"",""coordinates"":[[[-107.29228229972658,48.33455848566572],[-107.29226889966057,48.334558755549935],[-107.29222184525865,48.334702656951094],[-107.29227554403468,48.33470602765917],[-107.29236291501176,48.334713201639815],[-107.29238984399475,48.33456528258644],[-107.29228229972658,48.33455848566572]]]}"
00000000000000001aee,2493,0,0,0,"{""type"":""Polygon"",""coordinates"":[[[-107.29222227349501,48.334564162356344],[-107.29216105672931,48.33454307384563],[-107.2921543854392,48.33454316516677],[-107.29207321283529,48.33467432280335],[-107.2921201826926,48.33467787214096],[-107.29216790121241,48.33469478036121],[-107.29222184525865,48.334702656951094],[-107.29226889966057,48.334558755549935],[-107.29222227349501,48.334564162356344]]]}"
00000000000000001af9,2494,0,0,0,"{""type"":""Polygon"",""coordinates"":[[[-107.29212051299545,48.33453492737747],[-107.2920933693251,48.33452651103579],[-107.29206616821153,48.334518181912024],[-107.29205242459744,48.33450949570599],[-107.29202542404273,48.3345056009887],[-107.2919446522243,48.334645627286264],[-107.29195152403304,48.334649970408144],[-107.29203246849497,48.33466174185044],[-107.29205961222883,48.334670158229095],[-107.29207321283529,48.33467432280335],[-107.2921543854392,48.33454316516677],[-107.29212051299545,48.33453492737747]]]}"
00000000000000001afa,2495,0,0,0,"{""type"":""Polygon"",""coordinates"":[[[-107.29198508096027,48.33450188888189],[-107.2919299470046,48.334467247043804],[-107.29191654702163,48.33446751687631],[-107.29180922021708,48.33461258847332],[-107.29182276327296,48.3346168403055],[-107.29191033402422,48.33462844913164],[-107.2919446522243,48.334645627286264],[-107.29202542404273,48.3345056009887],[-107.29198508096027,48.33450188888189]]]}"
00000000000000001afc,2496,0,0,0,"{""type"":""Polygon"",""coordinates"":[[[-107.29190981829895,48.33446769540415],[-107.29185587484267,48.334459818658914],[-107.29180138741025,48.33443855142096],[-107.29168609668447,48.334556964723646],[-107.29172021414477,48.33456970851812],[-107.29180204571105,48.33460382672294],[-107.29180922021708,48.33461258847332],[-107.29191654702163,48.33446751687631],[-107.29190981829895,48.33446769540415]]]}"
00000000000000001af1,2497,0,0,0,"{""type"":""Polygon"",""coordinates"":[[[-107.29171969921865,48.33440895494687],[-107.29169833559715,48.33438256674435],[-107.29156999239365,48.334505739614954],[-107.2916244348785,48.33452693559623],[-107.29165202402947,48.334544292338514],[-107.29167926971267,48.33455269300797],[-107.29168609668447,48.334556964723646],[-107.29180138741025,48.33443855142096],[-107.29171969921865,48.33440895494687]]]}"
00000000000000001ada,2498,0,0,0,"{""type"":""Polygon"",""coordinates"":[[[-107.2916432022509,48.33434792480398],[-107.2916292583813,48.334334804155176],[-107.29145907975014,48.33442308075425],[-107.29147282310466,48.33443176703764],[-107.29148741307665,48.33445826239768],[-107.29151495730474,48.334475547741526],[-107.29154254633517,48.33449290450154],[-107.29156999239365,48.334505739614954],[-107.29169833559715,48.33438256674435],[-107.29169823734414,48.334378116531404],[-107.2916432022509,48.33434792480398]]]}"
00000000000000001af4,2499,0,0,0,"{""type"":""Polygon"",""coordinates"":[[[-107.29161486880106,48.334312743282595],[-107.29158732460881,48.334295458019405],[-107.29155978044984,48.33427817275308],[-107.291545934882,48.33426950231178],[-107.29136888487922,48.33435343550462],[-107.29145907975014,48.33442308075425],[-107.2916292583813,48.334334804155176],[-107.29161486880106,48.334312743282595]]]}"
00000000000000001aef,2500,0,0,0,"{""type"":""Polygon"",""coordinates"":[[[-107.29151834600428,48.33425214562177],[-107.29151804730652,48.33424326102168],[-107.29151760160724,48.33423432080915],[-107.29150345737642,48.33421676577233],[-107.29148906792965,48.334194704926496],[-107.291278244784,48.334274850029004],[-107.291326260624,48.33430064318299],[-107.29135503935913,48.33434476502234],[-107.29136888487922,48.33435343550462],[-107.291545934882,48.33426950231178],[-107.29151834600428,48.33425214562177]]]}"
00000000000000001add,2501,0,0,0,"{""type"":""Polygon"",""coordinates"":[[[-107.29146008863137,48.33414614886489],[-107.29119927124593,48.334155839442936],[-107.29123572301197,48.33422204193409],[-107.29122984087057,48.334240029420734],[-107.29123018426648,48.33424898544208],[-107.291278244784,48.334274850029004],[-107.29148906792965,48.334194704926496],[-107.29148882269894,48.3341901991145],[-107.29146008863137,48.33414614886489]]]}"
00000000000000001ae0,2502,0,0,0,"{""type"":""Polygon"",""coordinates"":[[[-107.29121518393127,48.334061721758914],[-107.29119902605096,48.3341513336326],[-107.29119927124593,48.334155839442936],[-107.29146008863137,48.33414614886489],[-107.29144569924038,48.334124088040426],[-107.2914560727702,48.33405691380589],[-107.29121518393127,48.334061721758914]]]}"
00000000000000001ae3,2503,0,0,0,"{""type"":""Polygon"",""coordinates"":[[[-107.29126367576676,48.33394909319515],[-107.29125714761958,48.33395370604611],[-107.29125779369393,48.33396708058947],[-107.2912583375364,48.33398047094084],[-107.2912258564535,48.33400343218],[-107.29121518393127,48.334061721758914],[-107.2914560727702,48.33405691380589],[-107.29146719063039,48.334007564387804],[-107.2914800464598,48.33399390427133],[-107.29126367576676,48.33394909319515]]]}"
00000000000000001adb,2504,0,0,0,"{""type"":""Polygon"",""coordinates"":[[[-107.29134015662046,48.33386269020988],[-107.29132067446767,48.33387651294959],[-107.2912955106997,48.33391275743576],[-107.29126955783336,48.33393110580672],[-107.29126367576676,48.33394909319515],[-107.2914800464598,48.33399390427133],[-107.29153180917564,48.33395268577547],[-107.29153769113061,48.33393469837223],[-107.29134015662046,48.33386269020988]]]}"
00000000000000001ade,2505,0,0,0,"{""type"":""Polygon"",""coordinates"":[[[-107.29138321151518,48.333776989488314],[-107.29136413031654,48.33379968093415],[-107.29135335585497,48.33385798610244],[-107.29134015662046,48.33386269020988],[-107.29153769113061,48.33393469837223],[-107.29154391655722,48.33392566693858],[-107.29156339870298,48.333911844141],[-107.29158128972814,48.333862387769486],[-107.29159424372165,48.33385317784604],[-107.29138321151518,48.333776989488314]]]}"
00000000000000001ad2,2506,0,0,0,"{""type"":""Polygon"",""coordinates"":[[[-107.29143333821328,48.33370006633036],[-107.29140229269312,48.3337542980489],[-107.29138321151518,48.333776989488314],[-107.29159424372165,48.33385317784604],[-107.29160077183245,48.333848564981814],[-107.29161767306768,48.33377677822963],[-107.29164382623064,48.33376286417881],[-107.29164362574677,48.33375842982263],[-107.29143333821328,48.33370006633036]]]}"
00000000000000001ad1,2507,0,0,0,"{""type"":""Polygon"",""coordinates"":[[[-107.29144999441445,48.333623774038955],[-107.29145044010491,48.333632714149424],[-107.29143901969738,48.33367764466838],[-107.2914398663035,48.33369545349088],[-107.29143333821328,48.33370006633036],[-107.29164362574677,48.33375842982263],[-107.29166660918109,48.33367309021815],[-107.29167269150946,48.33365953725152],[-107.29144999441445,48.333623774038955]]]}"
00000000000000001acc,2508,0,0,0,"{""type"":""Polygon"",""coordinates"":[[[-107.29150669359775,48.33354230966453],[-107.2915007669435,48.33356022551335],[-107.29146180301773,48.33358787089073],[-107.29146299310021,48.33361463559463],[-107.29144999441445,48.333623774038955],[-107.29167269150946,48.33365953725152],[-107.2916788186018,48.33364605570619],[-107.29169092577324,48.333619037011864],[-107.2917092174589,48.33357844957764],[-107.29170901696578,48.3335740152372],[-107.29150669359775,48.33354230966453]]]}"
00000000000000001ad0,2509,0,0,0,"{""type"":""Polygon"",""coordinates"":[[[-107.29157610114866,48.33344712979111],[-107.29152498540088,48.333501722320946],[-107.29151297641687,48.3335331910785],[-107.29150669359775,48.33354230966453],[-107.29170901696578,48.3335740152372],[-107.29173951793645,48.333506393388625],[-107.29157610114866,48.33344712979111]]]}"
00000000000000001acf,2510,0,0,0,"{""type"":""Polygon"",""coordinates"":[[[-107.29165258038678,48.333360727413506],[-107.29163285331184,48.33337004433615],[-107.29160180833983,48.33342427576877],[-107.29157610114866,48.33344712979111],[-107.29173951793645,48.333506393388625],[-107.29176567088828,48.33349247938073],[-107.29177808067962,48.333469879282354],[-107.29180398832695,48.33345145952678],[-107.29181698691208,48.33344232106671],[-107.29165258038678,48.333360727413506]]]}"
00000000000000001aa9,2511,0,0,0,"{""type"":""Polygon"",""coordinates"":[[[-107.29172970557437,48.33328769948789],[-107.2916834247476,48.33330206171445],[-107.29165139015437,48.33333396284352],[-107.29165237989905,48.33335629309095],[-107.29165258038678,48.333360727413506],[-107.29181698691208,48.33344232106671],[-107.29184289453069,48.33342390131092],[-107.29186894912951,48.3334055371676],[-107.29188190292203,48.33339632728957],[-107.29190785526153,48.33337797895104],[-107.29172970557437,48.33328769948789]]]}"
00000000000000001aa7,2512,0,0,0,"{""type"":""Polygon"",""coordinates"":[[[-107.29183332679929,48.33320971350279],[-107.29172970557437,48.33328769948789],[-107.29190785526153,48.33337797895104],[-107.29193346399971,48.33335067474797],[-107.29194641776498,48.33334146487143],[-107.29197889804138,48.33331850369487],[-107.29183332679929,48.33320971350279]]]}"
00000000000000001a7f,2513,0,0,0,"{""type"":""Polygon"",""coordinates"":[[[-107.29197171042614,48.333157845248],[-107.2919517829488,48.33316272789269],[-107.29189161610996,48.33316388263814],[-107.29183332679929,48.33320971350279],[-107.29197889804138,48.33331850369487],[-107.29198542603146,48.33331389085395],[-107.2920117793515,48.333304411149605],[-107.29207095649174,48.33328092610384],[-107.29197171042614,48.333157845248]]]}"
00000000000000001aaa,2514,0,0,0,"{""type"":""Polygon"",""coordinates"":[[[-107.29213110969597,48.33312787442015],[-107.29202486266725,48.33314782592548],[-107.29197171042614,48.333157845248],[-107.29207095649174,48.33328092610384],[-107.29209088404491,48.333276043421655],[-107.29215145229111,48.333283757167834],[-107.29213110969597,48.33312787442015]]]}"
00000000000000001acb,2515,0,0,0,"{""type"":""Polygon"",""coordinates"":[[[-107.29226480227125,48.33312075739853],[-107.29219845100862,48.33313548100433],[-107.29218450726795,48.33312236073191],[-107.29213110969597,48.33312787442015],[-107.29215145229111,48.333283757167834],[-107.29215822558486,48.33328365004945],[-107.29219199470732,48.33329190346473],[-107.29224559310532,48.33329082403256],[-107.29228568969212,48.333290030243845],[-107.29226480227125,48.33312075739853]]]}"
00000000000000001ad5,2516,0,0,0,"{""type"":""Polygon"",""coordinates"":[[[-107.292398147414,48.33310915027858],[-107.29233777980421,48.33310587100933],[-107.29226480227125,48.33312075739853],[-107.29228568969212,48.333290030243845],[-107.29233276017345,48.333293563620394],[-107.29239203953475,48.33327006257634],[-107.29240499322219,48.3332608526539],[-107.29241839283797,48.3332605827687],[-107.292398147414,48.33310915027858]]]}"
00000000000000001aa8,2517,0,0,0,"{""type"":""Polygon"",""coordinates"":[[[-107.29251819532837,48.33309779706656],[-107.29247181628583,48.33310770951486],[-107.292398147414,48.33310915027858],[-107.29241839283797,48.3332605827687],[-107.29243179245557,48.33326031288159],[-107.29250456974519,48.333240992009145],[-107.29253804007516,48.33324036086908],[-107.29257858270432,48.333248506990785],[-107.29251819532837,48.33309779706656]]]}"
00000000000000001ace,2518,0,0,0,"{""type"":""Polygon"",""coordinates"":[[[-107.29263749835114,48.33306861930622],[-107.2926240987737,48.33306888922004],[-107.29251819532837,48.33309779706656],[-107.29257858270432,48.333248506990785],[-107.29260558258248,48.33325240147772],[-107.29271158490303,48.333227943550355],[-107.2927183582272,48.333227836391835],[-107.29263749835114,48.33306861930622]]]}"
00000000000000001ab6,2519,0,0,0,"{""type"":""Polygon"",""coordinates"":[[[-107.292756944507,48.33304396292756],[-107.29266429751144,48.333068079472845],[-107.29263749835114,48.33306861930622],[-107.2927183582272,48.333227836391835],[-107.29273763917658,48.33320957924737],[-107.29277739209317,48.333199829420806],[-107.29280334410139,48.33318148091658],[-107.29284354303763,48.333180671087646],[-107.292756944507,48.33304396292756]]]}"
00000000000000001ab4,2520,0,0,0,"{""type"":""Polygon"",""coordinates"":[[[-107.29286260248186,48.33301054914464],[-107.29284920289348,48.333010819089836],[-107.29282329579338,48.333029238960776],[-107.2927700986978,48.33303918728809],[-107.292756944507,48.33304396292756],[-107.29284354303763,48.333180671087646],[-107.29287024010674,48.33318014699823],[-107.29291043907001,48.333179337140635],[-107.29297614393454,48.33315123870918],[-107.29298909751681,48.33314202873123],[-107.29299582607419,48.33314185013644],[-107.29286260248186,48.33301054914464]]]}"
00000000000000001aa6,2521,0,0,0,"{""type"":""Polygon"",""coordinates"":[[[-107.29297418630846,48.332959219543945],[-107.29288940166406,48.33301000924852],[-107.29286260248186,48.33301054914464],[-107.29299582607419,48.33314185013644],[-107.29307507372619,48.333118003209044],[-107.29311428205995,48.33309486315715],[-107.29297418630846,48.332959219543945]]]}"
00000000000000001ab3,2522,0,0,0,"{""type"":""Polygon"",""coordinates"":[[[-107.2930652532168,48.332899311248255],[-107.29303301904281,48.33292677828965],[-107.29297418630846,48.332959219543945],[-107.29311428205995,48.33309486315715],[-107.29318566716644,48.333044343164104],[-107.29321147575335,48.33302147309892],[-107.2930652532168,48.332899311248255]]]}"
00000000000000001ab1,2523,0,0,0,"{""type"":""Polygon"",""coordinates"":[[[-107.29312334060884,48.33284904566276],[-107.2930652532168,48.332899311248255],[-107.29321147575335,48.33302147309892],[-107.29326966170684,48.332975657395366],[-107.29328207058512,48.33295305734547],[-107.29331455015372,48.33293009590299],[-107.29312334060884,48.33284904566276]]]}"
00000000000000001ab0,2524,0,0,0,"{""type"":""Polygon"",""coordinates"":[[[-107.29319373449388,48.332776195936546],[-107.29314850227625,48.332812801475974],[-107.29314262123003,48.33283078857538],[-107.29312334060884,48.33284904566276],[-107.29331455015372,48.33293009590299],[-107.29333417470038,48.33292079452617],[-107.29333383076812,48.33291183874958],[-107.29339136958377,48.3328526488412],[-107.29319373449388,48.332776195936546]]]}"
00000000000000001aae,2525,0,0,0,"{""type"":""Polygon"",""coordinates"":[[[-107.2932509292956,48.33270805052253],[-107.2932511299823,48.33271248478265],[-107.2932324962827,48.33274411605228],[-107.29320634400969,48.33275803024647],[-107.29319373449388,48.332776195936546],[-107.29339136958377,48.3328526488412],[-107.29343387464665,48.33275355894623],[-107.2932509292956,48.33270805052253]]]}"
00000000000000001aa3,2526,0,0,0,"{""type"":""Polygon"",""coordinates"":[[[-107.29330070756556,48.33262217232217],[-107.29327653691591,48.33268074633372],[-107.2932509292956,48.33270805052253],[-107.29343387464665,48.33275355894623],[-107.29343975555473,48.332735571858635],[-107.2934975969139,48.3326808005428],[-107.29350402247556,48.33267620346563],[-107.29330070756556,48.33262217232217]]]}"
00000000000000001a9f,2527,0,0,0,"{""type"":""Polygon"",""coordinates"":[[[-107.29334375714019,48.33253647285577],[-107.2933309022898,48.3325501328225],[-107.29331914045345,48.33258610686519],[-107.29330070756556,48.33262217232217],[-107.29350402247556,48.33267620346563],[-107.29352231197733,48.33263561646106],[-107.29353496609562,48.332617522195946],[-107.29354707175374,48.332590503828584],[-107.29334375714019,48.33253647285577]]]}"
00000000000000001aa2,2528,0,0,0,"{""type"":""Polygon"",""coordinates"":[[[-107.29338700722136,48.332455207751124],[-107.29335650975321,48.33252282869742],[-107.29334375714019,48.33253647285577],[-107.29354707175374,48.332590503828584],[-107.29355848940784,48.332545574047245],[-107.29357148747478,48.332536435518584],[-107.2935834498075,48.332504895725535],[-107.29338700722136,48.332455207751124]]]}"
00000000000000001a99,2529,0,0,0,"{""type"":""GeometryCollection"",""geometries"":[{""type"":""LineString"",""coordinates"":[[-107.29361982205498,48.33241931540897],[-107.29362649299208,48.33241918232185]]},{""type"":""Polygon"",""coordinates"":[[[-107.29344355432725,48.332373688543086],[-107.29344400052368,48.33238262842134],[-107.29339343274687,48.33245061070177],[-107.29338700722136,48.332455207751124],[-107.2935834498075,48.332504895725535],[-107.29359585835125,48.332482295843626],[-107.29360885639063,48.33247315732149],[-107.29361982205498,48.33241931540897],[-107.29361982768793,48.33241928775091],[-107.29344355432725,48.332373688543086]]]}]}"
00000000000000001a9b,2530,0,0,0,"{""type"":""Polygon"",""coordinates"":[[[-107.29350553950962,48.33226077680644],[-107.29349881107666,48.33226095543081],[-107.29346633218346,48.332283916629585],[-107.29344355432725,48.332373688543086],[-107.29362649870102,48.33241919633869],[-107.29365873216946,48.3323917293782],[-107.2936850848742,48.33238224939485],[-107.29369783735137,48.33236860523419],[-107.29353312854256,48.33227813227207],[-107.29351320140837,48.33228301515117],[-107.29350553950962,48.33226077680644]],[[-107.29351320140837,48.33228301515117],[-107.29349980199083,48.33228328517907],[-107.29350687441227,48.332292062223225],[-107.29351320140837,48.33228301515117]]]}"
00000000000000001aa0,2531,0,0,0,"{""type"":""GeometryCollection"",""geometries"":[{""type"":""LineString"",""coordinates"":[[-107.29349882700618,48.33226094530278],[-107.2935055191062,48.3322608118004]]},{""type"":""Polygon"",""coordinates"":[[[-107.29362354635322,48.33220485020273],[-107.29355903493263,48.33225971248784],[-107.29354588101434,48.33226448815843],[-107.29353312854256,48.33227813227207],[-107.29369783735137,48.33236860523419],[-107.29374806057147,48.33229166724353],[-107.29362354635322,48.33220485020273]]]}]}"
00000000000000001a9a,2532,0,0,0,"{""type"":""Polygon"",""coordinates"":[[[-107.29379494985459,48.33214340905425],[-107.29376148006861,48.33214404060537],[-107.29362354635322,48.33220485020273],[-107.29374806057147,48.33229166724353],[-107.29378132973187,48.33228660146991],[-107.29382162664349,48.332290241288156],[-107.29379494985459,48.33214340905425]]]}"
00000000000000001a96,2533,0,0,0,"{""type"":""Polygon"",""coordinates"":[[[-107.29392176926609,48.332131947108216],[-107.29386204545314,48.33214650871086],[-107.29379494985459,48.33214340905425],[-107.29382162664349,48.332290241288156],[-107.29396219016635,48.332287464833186],[-107.29392176926609,48.332131947108216]]]}"
00000000000000001aaf,2534,0,0,0,"{""type"":""Polygon"",""coordinates"":[[[-107.29398114529053,48.33211289565804],[-107.29392176926609,48.332131947108216],[-107.29396219016635,48.332287464833186],[-107.29399581616074,48.33229119601132],[-107.29402874126622,48.332277174487814],[-107.29408144652918,48.33225821435713],[-107.29413375017337,48.33223038577323],[-107.29398114529053,48.33211289565804]]]}"
00000000000000001aca,2535,0,0,0,"{""type"":""Polygon"",""coordinates"":[[[-107.29403953004018,48.332071514523996],[-107.29402677775337,48.33208515864896],[-107.29398114529053,48.33211289565804],[-107.29413375017337,48.33223038577323],[-107.29416642964637,48.332211858591116],[-107.29419826110188,48.33217552314493],[-107.29421699607244,48.33214387624327],[-107.2942231221075,48.332130394946674],[-107.29403953004018,48.332071514523996]]]}"
00000000000000001aad,2536,0,0,0,"{""type"":""Polygon"",""coordinates"":[[[-107.29406937889426,48.331990519968315],[-107.2940770985954,48.3320126709246],[-107.29405781869954,48.3320309279003],[-107.29403953004018,48.332071514523996],[-107.2942231221075,48.332130394946674],[-107.29422954752894,48.33212579787211],[-107.29426038747506,48.33206713281987],[-107.2942930667788,48.33204860565586],[-107.2942928211875,48.332044100041976],[-107.29406937889426,48.331990519968315]]]}"
00000000000000001a97,2537,0,0,0,"{""type"":""Polygon"",""coordinates"":[[[-107.29410032113229,48.331931839308126],[-107.29406937889426,48.331990519968315],[-107.2942928211875,48.332044100041976],[-107.29432859468906,48.331945190015354],[-107.29432800490157,48.33193172880903],[-107.29410032113229,48.331931839308126]]]}"
00000000000000001a1d,2538,0,0,0,"{""type"":""Polygon"",""coordinates"":[[[-107.29410292466929,48.331842445389285],[-107.29411044357447,48.33186016209633],[-107.29411242618016,48.33190482123333],[-107.29411287254699,48.33191376102534],[-107.29410032113229,48.331931839308126],[-107.29432800490157,48.33193172880903],[-107.29432596457866,48.33188715688213],[-107.29432422730646,48.331847003367635],[-107.29432398171008,48.33184249777104],[-107.29410292466929,48.331842445389285]]]}"
00000000000000001a1f,2539,0,0,0,"{""type"":""Polygon"",""coordinates"":[[[-107.29430839866232,48.331793674655884],[-107.29429380707035,48.331767181092665],[-107.29429281565164,48.33174485158208],[-107.29427867049888,48.33172729779888],[-107.29406711567607,48.33178962100847],[-107.29408126071617,48.33180717484625],[-107.29410292466929,48.331842445389285],[-107.29432398171008,48.33184249777104],[-107.2943232358719,48.331824673824244],[-107.29430839866232,48.331793674655884]]]}"
00000000000000001a8b,2540,0,0,0,"{""type"":""Polygon"",""coordinates"":[[[-107.29421502653267,48.331652612961065],[-107.29402962362262,48.331701021813835],[-107.29406533391021,48.331749396141525],[-107.2940602439531,48.3317852782693],[-107.29406711567607,48.33178962100847],[-107.29427867049888,48.33172729779888],[-107.29421502653267,48.331652612961065]]]}"
00000000000000001a5e,2541,0,0,0,"{""type"":""Polygon"",""coordinates"":[[[-107.29419370670128,48.33162629811992],[-107.29419336253824,48.33161734257025],[-107.29419217036686,48.33159057895823],[-107.29417050642984,48.331555308601956],[-107.29397305283275,48.331635113730215],[-107.29397329838679,48.33163961931121],[-107.29402230557481,48.33168773932221],[-107.29402962362262,48.331701021813835],[-107.29421502653267,48.331652612961065],[-107.29419370670128,48.33162629811992]]]}"
00000000000000001a8c,2542,0,0,0,"{""type"":""Polygon"",""coordinates"":[[[-107.29416318834349,48.331542026158424],[-107.29405999451205,48.33148152565614],[-107.29405326618186,48.331481704314115],[-107.2939035741423,48.33157848691672],[-107.29394530789925,48.33161339584724],[-107.29396557881121,48.33161746849878],[-107.29397305283275,48.331635113730215],[-107.29417050642984,48.331555308601956],[-107.29416318834349,48.331542026158424]]]}"
00000000000000001a88,2543,0,0,0,"{""type"":""Polygon"",""coordinates"":[[[-107.29403867491318,48.33145521085935],[-107.2940174128024,48.331428808849374],[-107.29393667364569,48.33142147382878],[-107.2939231759289,48.33141729394961],[-107.293828371212,48.33154420954278],[-107.29388285695727,48.33156547451669],[-107.2939035741423,48.33157848691672],[-107.29405326618186,48.331481704314115],[-107.29403867491318,48.33145521085935]]]}"
00000000000000001a87,2544,0,0,0,"{""type"":""Polygon"",""coordinates"":[[[-107.29390957599055,48.331413129875315],[-107.29383516375292,48.33139674782571],[-107.29378077683562,48.33137993283723],[-107.29373981407974,48.33151027359244],[-107.29374644016646,48.33151011076318],[-107.29382144212248,48.33153995402504],[-107.293828371212,48.33154420954278],[-107.2939231759289,48.33141729394961],[-107.29390957599055,48.331413129875315]]]}"
00000000000000001a8e,2545,0,0,0,"{""type"":""Polygon"",""coordinates"":[[[-107.29368708519794,48.331381807363975],[-107.2936402617977,48.33138278029932],[-107.29362019186114,48.33138314173832],[-107.29363914833297,48.331507821147575],[-107.29365932056774,48.331507443895624],[-107.293692744971,48.33150674098892],[-107.29373981407974,48.33151027359244],[-107.29378077683562,48.33137993283723],[-107.29368708519794,48.331381807363975]]]}"
00000000000000001a84,2546,0,0,0,"{""type"":""Polygon"",""coordinates"":[[[-107.29362019186114,48.33138314173832],[-107.29354598078154,48.33137119360954],[-107.29347987777359,48.33139042310846],[-107.2935119873877,48.33151032698528],[-107.29357858163428,48.33150010855759],[-107.29363914833297,48.331507821147575],[-107.29362019186114,48.33138314173832]]]}"
00000000000000001a63,2547,0,0,0,"{""type"":""Polygon"",""coordinates"":[[[-107.29347987777359,48.33139042310846],[-107.29337377819824,48.33141489671842],[-107.29334708225875,48.331415420901735],[-107.2933405099267,48.33141996224536],[-107.29341330742378,48.331548067396994],[-107.29349858824985,48.33151059700201],[-107.2935119873877,48.33151032698528],[-107.29347987777359,48.33139042310846]]]}"
00000000000000001a91,2548,0,0,0,"{""type"":""Polygon"",""coordinates"":[[[-107.2933405099267,48.33141996224536],[-107.29329433352231,48.331434308881896],[-107.29321523275829,48.33146267651876],[-107.29320870518085,48.33146728927222],[-107.2933211512078,48.3315856607428],[-107.29338018227611,48.331557654337075],[-107.29340653435621,48.33154817459462],[-107.29341330742378,48.331548067396994],[-107.2933405099267,48.33141996224536]]]}"
00000000000000001a82,2549,0,0,0,"{""type"":""MultiPolygon"",""coordinates"":[[[[-107.2930756641605,48.33148778115477],[-107.29306893589816,48.331487959742105],[-107.29307590960401,48.33149228672838],[-107.2930756641605,48.33148778115477]]],[[[-107.29307590960401,48.33149228672838],[-107.29319562800768,48.33162386955412],[-107.29322222559044,48.33161889543295],[-107.29324833224537,48.33160491013935],[-107.29328832896127,48.33159966601949],[-107.2933211512078,48.3315856607428],[-107.29320870518085,48.33146728927222],[-107.29317622695801,48.33149025001325],[-107.29310987836463,48.331504973729444],[-107.29307590960401,48.33149228672838]]]]}"
00000000000000001aa5,2550,0,0,0,"{""type"":""Polygon"",""coordinates"":[[[-107.29306893589816,48.331487959742105],[-107.29304911146691,48.33149282663462],[-107.29295003916596,48.33152600536965],[-107.29307717690325,48.33167085521041],[-107.293109999218,48.33165684998537],[-107.29315652356382,48.331646993151196],[-107.29319562800768,48.33162386955412],[-107.29306893589816,48.331487959742105]]]}"
00000000000000001aa4,2551,0,0,0,"{""type"":""Polygon"",""coordinates"":[[[-107.29295003916596,48.33152600536965],[-107.29294361378905,48.331530602305676],[-107.29289230155236,48.33158075932254],[-107.29287914789553,48.331585534834254],[-107.29286629330595,48.331599194487964],[-107.29295886885001,48.33172236216543],[-107.2930049471444,48.33170356562096],[-107.29303797015797,48.33169399458733],[-107.29307717690325,48.33167085521041],[-107.29295003916596,48.33152600536965]]]}"
00000000000000001a90,2552,0,0,0,"{""type"":""Polygon"",""coordinates"":[[[-107.29286629330595,48.331599194487964],[-107.29285354093459,48.33161283833817],[-107.29277419442221,48.33163670012807],[-107.2927605947089,48.33163253586825],[-107.29274739626626,48.33163723995211],[-107.2928337913608,48.33176951039196],[-107.29287354271358,48.33175976082925],[-107.29288683962609,48.33175950670399],[-107.29289993969279,48.33175035260141],[-107.29295886885001,48.33172236216543],[-107.29286629330595,48.331599194487964]]]}"
00000000000000001a98,2553,0,0,0,"{""type"":""MultiPolygon"",""coordinates"":[[[[-107.29264055132957,48.331643888955384],[-107.29261415443935,48.33165329709085],[-107.29262137347207,48.3316621297157],[-107.2926480693839,48.331661605732315],[-107.29264055132957,48.331643888955384]]],[[[-107.2926480693839,48.331661605732315],[-107.29264847062497,48.3316704740843],[-107.29262147186301,48.33166657969696],[-107.29270786644523,48.331798850336],[-107.29274109014442,48.33179371357196],[-107.2928337913608,48.33176951039196],[-107.29274739626626,48.33163723995211],[-107.29272737115176,48.331637672619884],[-107.29266799609793,48.33165672310036],[-107.2926480693839,48.331661605732315]],[[-107.29265558744513,48.331679322514375],[-107.29266854050948,48.33167011284767],[-107.29264847062497,48.3316704740843],[-107.29265558744513,48.331679322514375]]]]}"
00000000000000001a9d,2554,0,0,0,"{""type"":""Polygon"",""coordinates"":[[[-107.29262147186301,48.33166657969696],[-107.29261480105755,48.331666671032835],[-107.29262137347207,48.3316621297157],[-107.29261415443935,48.33165329709085],[-107.29254770735814,48.331663570485006],[-107.2925148275728,48.33167766274026],[-107.29254877142277,48.33183770542469],[-107.29256217054414,48.331837435539185],[-107.29262787293781,48.33180933811748],[-107.29270786644523,48.331798850336],[-107.29262147186301,48.33166657969696]]]}"
00000000000000001a9e,2555,0,0,0,"{""type"":""Polygon"",""coordinates"":[[[-107.2925148275728,48.33167766274026],[-107.29247527697405,48.33169184631444],[-107.29242786469054,48.331679357487836],[-107.2923735966356,48.33181441837064],[-107.29240746681049,48.3318226557069],[-107.2924212096318,48.33183134144347],[-107.29254877142277,48.33183770542469],[-107.2925148275728,48.33167766274026]]]}"
00000000000000001aa1,2556,0,0,0,"{""type"":""Polygon"",""coordinates"":[[[-107.29240759426126,48.331675284494885],[-107.29235424346176,48.33168086952143],[-107.29232002974172,48.33166367660852],[-107.29221844749412,48.331790698435164],[-107.29223871792168,48.33179477147691],[-107.2923735966356,48.33181441837064],[-107.29242786469054,48.331679357487836],[-107.29240759426126,48.331675284494885]]]}"
00000000000000001a93,2557,0,0,0,"{""type"":""Polygon"",""coordinates"":[[[-107.2922925404271,48.33165077094169],[-107.29225179912642,48.33163819071989],[-107.29222425629887,48.331620906473866],[-107.29220378540235,48.33161239926592],[-107.29210887772645,48.331734863755905],[-107.29213621998632,48.331747713886635],[-107.29217621652002,48.331742470220306],[-107.29217043362466,48.33176490689424],[-107.29217770610343,48.33177811815113],[-107.29221844749412,48.331790698435164],[-107.29232002974172,48.33166367660852],[-107.2922925404271,48.33165077094169]]]}"
00000000000000001a9c,2558,0,0,0,"{""type"":""Polygon"",""coordinates"":[[[-107.29219038641321,48.331612669096934],[-107.29218272551692,48.33159043090163],[-107.29210831512479,48.33157404741313],[-107.29209471560927,48.33156988305894],[-107.291986208283,48.33168818296788],[-107.29199328012845,48.331696960039835],[-107.29205409106106,48.33170917928303],[-107.29210887772645,48.331734863755905],[-107.29220378540235,48.33161239926592],[-107.29219038641321,48.331612669096934]]]}"
00000000000000001a94,2559,0,0,0,"{""type"":""Polygon"",""coordinates"":[[[-107.2920466573945,48.33154402013743],[-107.29202574076103,48.33152657314984],[-107.2920053722305,48.33151805010657],[-107.29186289296703,48.33162812810458],[-107.29188380953833,48.33164557516251],[-107.29193835059135,48.33166675411438],[-107.29195233848012,48.3316799454945],[-107.29197923475435,48.33168385588208],[-107.291986208283,48.33168818296788],[-107.29209471560927,48.33156988305894],[-107.2920466573945,48.33154402013743]]]}"
00000000000000001a95,2560,0,0,0,"{""type"":""Polygon"",""coordinates"":[[[-107.29189644624373,48.331480055114845],[-107.29188937446486,48.331471278069856],[-107.29175990581606,48.331572059049854],[-107.29180089194132,48.33158914506536],[-107.29181463444704,48.33159783085856],[-107.29184915043213,48.331619442314064],[-107.29186289296703,48.33162812810458],[-107.2920053722305,48.33151805010657],[-107.29189644624373,48.331480055114845]]]}"
00000000000000001a79,2561,0,0,0,"{""type"":""Polygon"",""coordinates"":[[[-107.2918549160282,48.33144957946724],[-107.29182060070674,48.33143240223979],[-107.2917993854767,48.33140607111176],[-107.29166338929348,48.33151146449814],[-107.29167050577415,48.331520312983336],[-107.29171851873002,48.33154610467864],[-107.29175327985612,48.33157222173909],[-107.29175990581606,48.331572059049854],[-107.29188937446486,48.331471278069856],[-107.2918549160282,48.33144957946724]]]}"
00000000000000001a71,2562,0,0,0,"{""type"":""Polygon"",""coordinates"":[[[-107.29179231374071,48.33139729407076],[-107.29174425610957,48.33137143106712],[-107.29170262397699,48.331340971212335],[-107.29158605516722,48.33142816365646],[-107.29160632518875,48.33143223681415],[-107.29160751546802,48.33145900042652],[-107.2916492458759,48.33149391036086],[-107.29166338929348,48.33151146449814],[-107.2917993854767,48.33140607111176],[-107.29179231374071,48.33139729407076]]]}"
00000000000000001ad9,2563,0,0,0,"{""type"":""Polygon"",""coordinates"":[[[-107.29167528228437,48.33132812104209],[-107.2916270243832,48.331297823857064],[-107.29161308155678,48.331284703931864],[-107.29159948227446,48.33128053952432],[-107.29147658639171,48.33137677852884],[-107.29148345754402,48.33138112143391],[-107.2914972573138,48.331389720024305],[-107.2915653841737,48.33141522217256],[-107.29158605516722,48.33142816365646],[-107.29170262397699,48.331340971212335],[-107.29167528228437,48.33132812104209]]]}"
00000000000000001a6c,2564,0,0,0,"{""type"":""Polygon"",""coordinates"":[[[-107.29152452922895,48.33125076598341],[-107.29148987085443,48.33122463318082],[-107.29136707328,48.33132532190004],[-107.29138081552648,48.33133400771879],[-107.29143495459734,48.33134631854642],[-107.29146971524149,48.33137243562358],[-107.29147658639171,48.33137677852884],[-107.29159948227446,48.33128053952432],[-107.29152452922895,48.33125076598341]]]}"
00000000000000001a72,2565,0,0,0,"{""type"":""Polygon"",""coordinates"":[[[-107.29147627162592,48.33122046875917],[-107.29144280349843,48.33122109944955],[-107.29139434557085,48.33118636805484],[-107.29136047656895,48.33117813043024],[-107.29126447645535,48.33127827951436],[-107.291291719612,48.33128667984193],[-107.29136707328,48.33132532190004],[-107.29148987085443,48.33122463318082],[-107.29147627162592,48.33122046875917]]]}"
00000000000000001a6b,2566,0,0,0,"{""type"":""Polygon"",""coordinates"":[[[-107.29133996153584,48.33116955167811],[-107.29132626412726,48.33116093729356],[-107.29128527888966,48.33114385119064],[-107.29125729147671,48.33111762711009],[-107.29115500893774,48.33122689413325],[-107.291182207235,48.33123522307096],[-107.29119614982545,48.331248343052465],[-107.29124420663084,48.33127420629134],[-107.29126447645535,48.33127827951436],[-107.29136047656895,48.33117813043024],[-107.29133996153584,48.33116955167811]]]}"
00000000000000001ad8,2567,0,0,0,"{""type"":""Polygon"",""coordinates"":[[[-107.29125021995954,48.33110885007124],[-107.29120968051026,48.331100703636096],[-107.29118921035216,48.331092196276465],[-107.29112854426042,48.33108449793399],[-107.29103274446432,48.33118908075714],[-107.29106705890678,48.331206258209676],[-107.29115500893774,48.33122689413325],[-107.29125729147671,48.33111762711009],[-107.29125021995954,48.33110885007124]]]}"
00000000000000001a78,2568,0,0,0,"{""type"":""Polygon"",""coordinates"":[[[-107.29112167322812,48.331080155024715],[-107.29104681955916,48.33105483112994],[-107.29102556048475,48.331028428579664],[-107.29101260749,48.331037637911976],[-107.29091705280305,48.331146726085684],[-107.29093766582191,48.33115975487529],[-107.29101207391564,48.33117613920109],[-107.29103274446432,48.33118908075714],[-107.29112854426042,48.33108449793399],[-107.29112167322812,48.331080155024715]]]}"
00000000000000001a7d,2569,0,0,0,"{""type"":""MultiPolygon"",""coordinates"":[[[[-107.29101260749,48.331037637911976],[-107.29102556048475,48.331028428579664],[-107.29101848905546,48.331019651536245],[-107.29099821945177,48.33101557827553],[-107.29101260749,48.331037637911976]]],[[[-107.29101260749,48.331037637911976],[-107.29097186785536,48.331025057250216],[-107.29099821945177,48.33101557827553],[-107.29099134845663,48.33101123536162],[-107.29093755365223,48.33100787981614],[-107.29092316568033,48.33098582017911],[-107.29080694059387,48.33108196657653],[-107.29081366862383,48.331081788154854],[-107.29086899655661,48.33112086273099],[-107.29088960953413,48.33113389152561],[-107.29091032475407,48.33114690451531],[-107.29091705280305,48.331146726085684],[-107.29101260749,48.331037637911976]]]]}"
00000000000000001a77,2570,0,0,0,"{""type"":""Polygon"",""coordinates"":[[[-107.29090235234733,48.3309683572996],[-107.29082709842052,48.330934165023955],[-107.29082042787574,48.33093425622739],[-107.29069035872865,48.33102173233394],[-107.29073816947779,48.33104309018924],[-107.29075344843208,48.33108302925655],[-107.29078000046007,48.331077984466916],[-107.29080694059387,48.33108196657653],[-107.29092316568033,48.33098582017911],[-107.29090235234733,48.3309683572996]]]}"
00000000000000001a7e,2571,0,0,0,"{""type"":""Polygon"",""coordinates"":[[[-107.29079995798345,48.3309257488047],[-107.2907512562029,48.33088651170973],[-107.29071728968478,48.33087382396544],[-107.29058089342574,48.330970346490425],[-107.29062870399045,48.33099170438424],[-107.29068373294142,48.33102189494334],[-107.29069035872865,48.33102173233394],[-107.29082042787574,48.33093425622739],[-107.29079995798345,48.3309257488047]]]}"
00000000000000001a76,2572,0,0,0,"{""type"":""Polygon"",""coordinates"":[[[-107.29070364602104,48.330869588038624],[-107.29062053254032,48.33080872351731],[-107.29047815652883,48.33091878216468],[-107.29048522777104,48.33092755923597],[-107.290546436691,48.33094864757975],[-107.29056735198687,48.33096609473371],[-107.29058089342574,48.330970346490425],[-107.29071728968478,48.33087382396544],[-107.29070364602104,48.330869588038624]]]}"
00000000000000001a74,2573,0,0,0,"{""type"":""Polygon"",""coordinates"":[[[-107.29051106801704,48.33075733778029],[-107.29035549395513,48.33087209983675],[-107.29042282952764,48.330879707488336],[-107.29047815652883,48.33091878216468],[-107.29062053254032,48.33080872351731],[-107.29051106801704,48.33075733778029]]]}"
00000000000000001ae7,2574,0,0,0,"{""type"":""Polygon"",""coordinates"":[[[-107.29050399679497,48.33074856073849],[-107.2904832820192,48.330735547747416],[-107.29044219986743,48.33071401147996],[-107.29043448283822,48.3306918607048],[-107.2902839446741,48.330770828360116],[-107.29029754342874,48.33077499292733],[-107.29032468349332,48.330783409274105],[-107.2903201913897,48.33083259298594],[-107.29034209549613,48.33087236939282],[-107.29035549395513,48.33087209983675],[-107.29051106801704,48.33075733778029],[-107.29050399679497,48.33074856073849]]]}"
00000000000000001aed,2575,0,0,0,"{""type"":""Polygon"",""coordinates"":[[[-107.29020473640612,48.33064731901597],[-107.29018684581112,48.330696772130686],[-107.290221301979,48.33071847108192],[-107.29024340623465,48.33076268154343],[-107.2902839446741,48.330770828360116],[-107.29043448283822,48.3306918607048],[-107.29043373886628,48.33067403706618],[-107.29043962059859,48.33065605084463],[-107.29020473640612,48.33064731901597]]]}"
00000000000000001a73,2576,0,0,0,"{""type"":""Polygon"",""coordinates"":[[[-107.29028590365432,48.330516173023966],[-107.29026628034318,48.33052547332632],[-107.29021041789781,48.33062489871338],[-107.29020473640612,48.33064731901597],[-107.29043962059859,48.33065605084463],[-107.29045172730596,48.33062903383715],[-107.29028590365432,48.330516173023966]]]}"
00000000000000001a75,2577,0,0,0,"{""type"":""Polygon"",""coordinates"":[[[-107.29041720548442,48.330455532893],[-107.29037132917324,48.33047876180231],[-107.29035204912459,48.330497017511654],[-107.29030562918113,48.33050685691704],[-107.29028590365432,48.330516173023966],[-107.29045172730596,48.33062903383715],[-107.29045760902137,48.33061104763014],[-107.2905036858616,48.33059225271492],[-107.29053003712154,48.330582773954326],[-107.29053656467029,48.3305781614603],[-107.29041720548442,48.330455532893]]]}"
000000000000000019ab,2578,0,0,0,"{""type"":""Polygon"",""coordinates"":[[[-107.29054856045722,48.33039927112697],[-107.29047578945816,48.330418589326044],[-107.29041720548442,48.330455532893],[-107.29053656467029,48.3305781614603],[-107.2905563883755,48.33057329518834],[-107.29058278438627,48.33056388783159],[-107.2906351435567,48.33053597487063],[-107.29054856045722,48.33039927112697]]]}"
00000000000000001a7b,2579,0,0,0,"{""type"":""Polygon"",""coordinates"":[[[-107.29069543904072,48.33038745329773],[-107.29068876860379,48.330387544488346],[-107.29064249164195,48.33040190533237],[-107.29054856045722,48.33039927112697],[-107.29063494317336,48.33053154077882],[-107.29075478045489,48.330515756489675],[-107.29069543904072,48.33038745329773]]]}"
00000000000000001a56,2580,0,0,0,"{""type"":""Polygon"",""coordinates"":[[[-107.29084247341697,48.33037999790632],[-107.29080939439012,48.33038965512932],[-107.29078245475016,48.330385673059716],[-107.29076252890599,48.330390555161856],[-107.29069543904072,48.33038745329773],[-107.29075478045489,48.330515756489675],[-107.29076817884348,48.330515486879655],[-107.29079453005698,48.33050600806137],[-107.2908480214088,48.33050494539054],[-107.29087461779373,48.33049997205429],[-107.29084247341697,48.33037999790632]]]}"
00000000000000001a7c,2581,0,0,0,"{""type"":""Polygon"",""coordinates"":[[[-107.29095360363505,48.330319733833875],[-107.29090841834227,48.330356407987345],[-107.29084247341697,48.33037999790632],[-107.29087461779373,48.33049997205429],[-107.29090121417933,48.33049499871112],[-107.29100686415018,48.33046158877324],[-107.29095360363505,48.330319733833875]]]}"
00000000000000001a55,2582,0,0,0,"{""type"":""Polygon"",""coordinates"":[[[-107.29106123208342,48.33033098193145],[-107.2910204931612,48.33031840143943],[-107.29095360363505,48.330319733833875],[-107.29100686415018,48.33046158877324],[-107.2910810705259,48.330473538778165],[-107.2911210653473,48.330468295720124],[-107.29111462511213,48.33032546924294],[-107.29106123208342,48.33033098193145]]]}"
00000000000000001a52,2583,0,0,0,"{""type"":""Polygon"",""coordinates"":[[[-107.29126224853364,48.33033147405419],[-107.29120811106976,48.33031916332341],[-107.29111462511213,48.33032546924294],[-107.2911210653473,48.330468295720124],[-107.29115448791622,48.330467593756694],[-107.29123502150973,48.3304704970296],[-107.29126931992539,48.33034025096703],[-107.29126224853364,48.33033147405419]]]}"
00000000000000001a4e,2584,0,0,0,"{""type"":""Polygon"",""coordinates"":[[[-107.29130397729779,48.33036638344002],[-107.29126931992539,48.33034025096703],[-107.29123502150973,48.3304704970296],[-107.2912548452186,48.33046563062329],[-107.29126888980693,48.33047873460669],[-107.29134962400671,48.33048607186481],[-107.29141180688495,48.33038206521316],[-107.29130397729779,48.33036638344002]]]}"
00000000000000001a7a,2585,0,0,0,"{""type"":""Polygon"",""coordinates"":[[[-107.29151390245306,48.33041578866211],[-107.29149298677532,48.330398341904434],[-107.29143884900057,48.330386031296065],[-107.29141180688495,48.33038206521316],[-107.29134962400671,48.33048607186481],[-107.29137651918482,48.33048998236113],[-107.29147164174222,48.33051937887498],[-107.29153417190896,48.330419861771816],[-107.29151390245306,48.33041578866211]]]}"
00000000000000001a68,2586,0,0,0,"{""type"":""Polygon"",""coordinates"":[[[-107.29165520000016,48.33043083947509],[-107.29158178235402,48.33043678488156],[-107.29154766864657,48.33042404193304],[-107.29153417190896,48.330419861771816],[-107.29147164174222,48.33051937887498],[-107.29149330196047,48.33055464924704],[-107.29159341459436,48.330548180239056],[-107.29166894204852,48.330439525111544],[-107.29165520000016,48.33043083947509]]]}"
00000000000000001a66,2587,0,0,0,"{""type"":""Polygon"",""coordinates"":[[[-107.29174419650025,48.33047371639645],[-107.29172328063079,48.33045626967476],[-107.29169638533638,48.330452359280955],[-107.29166894204852,48.330439525111544],[-107.29159341459436,48.330548180239056],[-107.29160018734765,48.33054807317922],[-107.29170945360522,48.33059502332458],[-107.2917851366847,48.33049073068169],[-107.29174419650025,48.33047371639645]]]}"
00000000000000001a6a,2588,0,0,0,"{""type"":""Polygon"",""coordinates"":[[[-107.29184669013931,48.330520773386574],[-107.29183274746478,48.33050765368112],[-107.2917851366847,48.33049073068169],[-107.29170945360522,48.33059502332458],[-107.29173036953645,48.33061247009322],[-107.29177753460372,48.33062045355499],[-107.2918053216826,48.33064224313899],[-107.29190794487963,48.330541932088835],[-107.29184669013931,48.330520773386574]]]}"
00000000000000001a5f,2589,0,0,0,"{""type"":""Polygon"",""coordinates"":[[[-107.29198463585497,48.33060739191035],[-107.29194878696549,48.33055449642945],[-107.29190794487963,48.330541932088835],[-107.2918053216826,48.33064224313899],[-107.29181259382298,48.3306554541532],[-107.29184745258881,48.330686020661275],[-107.29189506367169,48.3307029436843],[-107.29190203701147,48.330707270701176],[-107.29200490557126,48.33061146492883],[-107.29198463585497,48.33060739191035]]]}"
00000000000000001a70,2590,0,0,0,"{""type"":""Polygon"",""coordinates"":[[[-107.29211293756002,48.33063158003305],[-107.29208573920045,48.330623251454945],[-107.29202513053022,48.33061546652918],[-107.29200490557126,48.33061146492883],[-107.29190203701147,48.330707270701176],[-107.29194257650444,48.330715416782795],[-107.29199103467127,48.330750147587345],[-107.29204477237396,48.330753589736105],[-107.292126581514,48.33063581573341],[-107.29211293756002,48.33063158003305]]]}"
00000000000000001a6e,2591,0,0,0,"{""type"":""Polygon"",""coordinates"":[[[-107.29222768515606,48.33065167512958],[-107.292126581514,48.33063581573341],[-107.29204477237396,48.330753589736105],[-107.29213875969849,48.33076060092431],[-107.29219289866084,48.330772911194856],[-107.29224152972569,48.33066034490818],[-107.29222768515606,48.33065167512958]]]}"
00000000000000001a61,2592,0,0,0,"{""type"":""Polygon"",""coordinates"":[[[-107.29238323082348,48.33068426285033],[-107.29226175478951,48.33066434645974],[-107.29224152972569,48.33066034490818],[-107.29219289866084,48.330772911194856],[-107.29224021126142,48.33078095004938],[-107.29228703320766,48.33077997784425],[-107.29230750370277,48.33078848491149],[-107.29239010203138,48.33068860563259],[-107.29238323082348,48.33068426285033]]]}"
00000000000000001a62,2593,0,0,0,"{""type"":""Polygon"",""coordinates"":[[[-107.29247202885796,48.33072270514906],[-107.29243815962298,48.330714467982105],[-107.29242431495824,48.33070579822544],[-107.29239010203138,48.33068860563259],[-107.29230750370277,48.33078848491149],[-107.29234848950186,48.33080557044991],[-107.29237682154312,48.3308407494708],[-107.29251375972402,48.330757614212956],[-107.29247202885796,48.33072270514906]]]}"
00000000000000001a6d,2594,0,0,0,"{""type"":""Polygon"",""coordinates"":[[[-107.29257596130904,48.33080103028801],[-107.29257561752968,48.33079207486179],[-107.2925749709087,48.33077870113954],[-107.29251375972402,48.330757614212956],[-107.29237682154312,48.3308407494708],[-107.29237702213628,48.330845183579434],[-107.29243279831773,48.33089319666194],[-107.2924469867972,48.33091082189223],[-107.29261734861257,48.33082698392073],[-107.29257596130904,48.33080103028801]]]}"
00000000000000001a6f,2595,0,0,0,"{""type"":""Polygon"",""coordinates"":[[[-107.29263228222723,48.33086243275108],[-107.29261779462561,48.33083592354748],[-107.29261734861257,48.33082698392073],[-107.2924469867972,48.33091082189223],[-107.29249010937505,48.33097692854518],[-107.29249130032242,48.33100369190053],[-107.2924979709997,48.33100360057761],[-107.2926483085341,48.330920194993766],[-107.29263228222723,48.33086243275108]]]}"
00000000000000001a8f,2596,0,0,0,"{""type"":""Polygon"",""coordinates"":[[[-107.29270289423256,48.33094144463987],[-107.2926551798341,48.330924537774],[-107.2926483085341,48.330920194993766],[-107.2924979709997,48.33100360057761],[-107.29251864231853,48.33101654175245],[-107.29253268773914,48.33102964566575],[-107.29254622972192,48.331033897136734],[-107.29257397300636,48.3310556152289],[-107.29264195766577,48.33107659508265],[-107.29274383578735,48.33095845863147],[-107.29270289423256,48.33094144463987]]]}"
00000000000000001a92,2597,0,0,0,"{""type"":""Polygon"",""coordinates"":[[[-107.29281759907389,48.33096146768384],[-107.29276430658551,48.330966965622245],[-107.29274383578735,48.33095845863147],[-107.29264195766577,48.33107659508265],[-107.29268294407593,48.33109368055547],[-107.29285059821713,48.331099250216546],[-107.29285702351872,48.33109465332594],[-107.29281759907389,48.33096146768384]]]}"
00000000000000001a8a,2598,0,0,0,"{""type"":""Polygon"",""coordinates"":[[[-107.29292329571395,48.33092812671117],[-107.29286402023081,48.330951626949854],[-107.29281759907389,48.33096146768384],[-107.29285702351872,48.33109465332594],[-107.29292949747678,48.33106644897057],[-107.29299584520672,48.33105172552226],[-107.29300227049188,48.33104712862645],[-107.29292329571395,48.33092812671117]]]}"
00000000000000001a8d,2599,0,0,0,"{""type"":""Polygon"",""coordinates"":[[[-107.29303507364915,48.330881233324426],[-107.2929952784629,48.33089091135541],[-107.29295597413737,48.33090960042107],[-107.29292329571395,48.33092812671117],[-107.29300227049188,48.33104712862645],[-107.29304147651915,48.331023989563754],[-107.29307469959103,48.33101885277509],[-107.29309333237516,48.330987222585364],[-107.29310673126619,48.33098695263407],[-107.29303507364915,48.330881233324426]]]}"
00000000000000001a5b,2600,0,0,0,"{""type"":""Polygon"",""coordinates"":[[[-107.29317439442902,48.33085162357444],[-107.29314779741436,48.33085659759621],[-107.29311412833826,48.33085279476548],[-107.29306805114355,48.33087159103373],[-107.29303507364915,48.330881233324426],[-107.29310673126619,48.33098695263407],[-107.29316719825881,48.33099021555596],[-107.29321382023454,48.33098480876055],[-107.29323409056497,48.33098888153302],[-107.29324061805085,48.33098426882164],[-107.29317439442902,48.33085162357444]]]}"
00000000000000001a60,2601,0,0,0,"{""type"":""Polygon"",""coordinates"":[[[-107.29330718774881,48.33082662634051],[-107.29317439442902,48.33085162357444],[-107.29324061805085,48.33098426882164],[-107.2933272360905,48.33097361793341],[-107.29336090537666,48.33097742069276],[-107.29338072955362,48.33097255378953],[-107.29330718774881,48.33082662634051]]]}"
00000000000000001a5d,2602,0,0,0,"{""type"":""Polygon"",""coordinates"":[[[-107.2934055664976,48.330780002597905],[-107.29337901426752,48.33078504809003],[-107.29335973487787,48.33080330449138],[-107.29332711406288,48.33082174365866],[-107.29330718774881,48.33082662634051],[-107.29338072955362,48.33097255378953],[-107.29340732669074,48.33096757968932],[-107.29349957981329,48.330934436654495],[-107.29351944874938,48.3309296411404],[-107.2934055664976,48.330780002597905]]]}"
00000000000000001a5c,2603,0,0,0,"{""type"":""Polygon"",""coordinates"":[[[-107.29350394510098,48.33073337879911],[-107.29349751990036,48.33073797569919],[-107.2934773928892,48.33073842431354],[-107.29345732333648,48.330738785704405],[-107.29342549279488,48.330775119900345],[-107.2934055664976,48.330780002597905],[-107.29351944874938,48.3309296411404],[-107.29361190253228,48.330900932130554],[-107.29364462560774,48.330882477032134],[-107.29350394510098,48.33073337879911]]]}"
00000000000000001a58,2604,0,0,0,"{""type"":""Polygon"",""coordinates"":[[[-107.29355550107934,48.330687727802115],[-107.29350394510098,48.33073337879911],[-107.29364462560774,48.330882477032134],[-107.29366998613226,48.330850668199396],[-107.29373568667438,48.33082257058836],[-107.29376104710038,48.33079076176993],[-107.29355550107934,48.330687727802115]]]}"
00000000000000001a89,2605,0,0,0,"{""type"":""Polygon"",""coordinates"":[[[-107.29366767975071,48.330649702082106],[-107.29364167236471,48.33066813711287],[-107.2936209558072,48.330655124863185],[-107.29358140627366,48.330669308593],[-107.29355550107934,48.330687727802115],[-107.29376104710038,48.33079076176993],[-107.29379900332641,48.33074094654367],[-107.29379776663708,48.33071411194827],[-107.29379657471824,48.33068734877949],[-107.29366767975071,48.330649702082106]]]}"
00000000000000001a5a,2606,0,0,0,"{""type"":""Polygon"",""coordinates"":[[[-107.2936971263188,48.33055984166992],[-107.29368437453118,48.33057348534895],[-107.2936847185857,48.33058244072741],[-107.29367291309508,48.33061834204111],[-107.29367356012267,48.33063171570532],[-107.29367414969636,48.33064517659202],[-107.29366767975071,48.330649702082106],[-107.29379657471824,48.33068734877949],[-107.29382218054599,48.33066004552811],[-107.29384006699904,48.330610591875676],[-107.29384659438232,48.33060597915855],[-107.2936971263188,48.33055984166992]]]}"
00000000000000001a86,2607,0,0,0,"{""type"":""Polygon"",""coordinates"":[[[-107.29376717064818,48.33047803943635],[-107.29376064328494,48.330482652136475],[-107.2937224865643,48.33052803302338],[-107.29370987809834,48.330546197992895],[-107.2936971263188,48.33055984166992],[-107.29384659438232,48.33060597915855],[-107.29392360863272,48.33053296928146],[-107.29376717064818,48.33047803943635]]]}"
00000000000000001a65,2608,0,0,0,"{""type"":""Polygon"",""coordinates"":[[[-107.29386411082595,48.330400147053844],[-107.29385782902932,48.330409265230536],[-107.29381170763284,48.33042799027155],[-107.29383222340958,48.33043656835739],[-107.29377927531077,48.33045102215186],[-107.29376717064818,48.33047803943635],[-107.29392360863272,48.33053296928146],[-107.29394941507189,48.330510100152416],[-107.29397481990499,48.3304783628864],[-107.29400117121317,48.33046888319281],[-107.29386411082595,48.330400147053844]]]}"
00000000000000001a59,2609,0,0,0,"{""type"":""Polygon"",""coordinates"":[[[-107.2940395284416,48.33042793631822],[-107.29405979875116,48.33043200887436],[-107.29407295200501,48.330427233314815],[-107.29408550284514,48.33040915556164],[-107.29395456813155,48.330326938807026],[-107.29393593629187,48.330358568747116],[-107.29388298828668,48.330373022575166],[-107.29386411082595,48.330400147053844],[-107.29400117121317,48.33046888319281],[-107.29404072054975,48.33045469934864],[-107.29402687535432,48.330446029878715],[-107.2940395284416,48.33042793631822]],[[-107.29402687535432,48.330446029878715],[-107.29400685061348,48.33044646279401],[-107.29402059357736,48.33045514807341],[-107.29402687535432,48.330446029878715]]]}"
00000000000000001a2f,2610,0,0,0,"{""type"":""Polygon"",""coordinates"":[[[-107.29403188464879,48.330258347490386],[-107.29396652928479,48.3302954003065],[-107.29395456813155,48.330326938807026],[-107.29408550284514,48.33040915556164],[-107.29411066194389,48.330372912850734],[-107.29415045676431,48.33036323446128],[-107.29416928928322,48.33033603853707],[-107.29403188464879,48.330258347490386]]]}"
00000000000000001a2a,2611,0,0,0,"{""type"":""Polygon"",""coordinates"":[[[-107.29411591635177,48.330189736185055],[-107.29409718247368,48.33022138187647],[-107.29403188464879,48.330258347490386],[-107.29416928928322,48.33033603853707],[-107.2941885681822,48.33031778214612],[-107.29422124586584,48.330299255657025],[-107.29424052472945,48.33028099926916],[-107.29426667507532,48.33026708549038],[-107.29411591635177,48.330189736185055]]]}"
00000000000000001a2d,2612,0,0,0,"{""type"":""Polygon"",""coordinates"":[[[-107.29420632808787,48.33011645659893],[-107.29420010385859,48.33012548752789],[-107.29412155085906,48.33016724448801],[-107.29411591635177,48.330189736185055],[-107.29426667507532,48.33026708549038],[-107.2942732023718,48.33026247277626],[-107.2943068714719,48.33026627515797],[-107.29429248120002,48.330244216391506],[-107.29427116200162,48.330217902248386],[-107.29430424124523,48.33020824385916],[-107.29433039153172,48.33019433008357],[-107.29420632808787,48.33011645659893]]]}"
00000000000000001a2b,2613,0,0,0,"{""type"":""Polygon"",""coordinates"":[[[-107.29431038386866,48.33004741236976],[-107.29429738681124,48.330056550545095],[-107.29428398808778,48.33005682065345],[-107.29426396350306,48.330057253615216],[-107.29420632808787,48.33011645659893],[-107.29433039153172,48.33019433008357],[-107.29434358947452,48.33018962592255],[-107.29436994058416,48.33018014618431],[-107.29443534039595,48.33014316459432],[-107.29431038386866,48.33004741236976]]]}"
00000000000000001a85,2614,0,0,0,"{""type"":""Polygon"",""coordinates"":[[[-107.2944152875294,48.32999617564282],[-107.29440896113671,48.33000522236996],[-107.29436274164068,48.33001949768387],[-107.29431038386866,48.33004741236976],[-107.29443534039595,48.33014316459432],[-107.2944940658709,48.330110740097446],[-107.29454666934038,48.3300873307226],[-107.2944152875294,48.32999617564282]]]}"
00000000000000001a28,2615,0,0,0,"{""type"":""Polygon"",""coordinates"":[[[-107.2944856291344,48.32992325765648],[-107.29446625191179,48.32993706413487],[-107.29442704736839,48.32996020326845],[-107.2944152875294,48.32999617564282],[-107.29454666934038,48.3300873307226],[-107.29462358298406,48.330009871211594],[-107.2944856291344,48.32992325765648]]]}"
00000000000000001a26,2616,0,0,0,"{""type"":""Polygon"",""coordinates"":[[[-107.29460397586138,48.32987182213009],[-107.29457050783986,48.32987245389135],[-107.2945581007906,48.32989505275219],[-107.29450515334061,48.329909506783075],[-107.2944856291344,48.32992325765648],[-107.29462358298406,48.330009871211594],[-107.29466921254645,48.32998213506772],[-107.29472858512922,48.32996308401301],[-107.29460397586138,48.32987182213009]]]}"
00000000000000001a22,2617,0,0,0,"{""type"":""Polygon"",""coordinates"":[[[-107.29470111435565,48.32979836386539],[-107.29468118848068,48.329803246727124],[-107.2946037302187,48.32986731670273],[-107.29472858512922,48.32996308401301],[-107.29474178299485,48.32995837981971],[-107.29476180762707,48.329957946757965],[-107.29484015909989,48.32991175543632],[-107.29470111435565,48.32979836386539]]]}"
00000000000000001a80,2618,0,0,0,"{""type"":""Polygon"",""coordinates"":[[[-107.29481303215552,48.32975599072056],[-107.2947804572806,48.3297745013999],[-107.29472750996288,48.32978895551721],[-107.29470111435565,48.32979836386539],[-107.29484015909989,48.32991175543632],[-107.29491173757091,48.3298656713896],[-107.29495128629414,48.32985148734702],[-107.29481303215552,48.32975599072056]]]}"
00000000000000001a23,2619,0,0,0,"{""type"":""Polygon"",""coordinates"":[[[-107.29490399088465,48.32969163472436],[-107.29489746372839,48.32969624742827],[-107.29486478669797,48.32971477392072],[-107.29483928428593,48.32974206112745],[-107.29481303215552,48.32975599072056],[-107.29495128629414,48.32985148734702],[-107.29496423843557,48.329842277710746],[-107.2949912368403,48.32984617131519],[-107.29501684148606,48.32981886820725],[-107.29505574261171,48.329791310701445],[-107.29490399088465,48.32969163472436]]]}"
00000000000000001a19,2620,0,0,0,"{""type"":""Polygon"",""coordinates"":[[[-107.29498797562853,48.32962295203179],[-107.29498144848957,48.32962756473501],[-107.29495549959384,48.329645912522544],[-107.29492949322905,48.32966434752805],[-107.29490399088465,48.32969163472436],[-107.29505574261171,48.329791310701445],[-107.29508179381865,48.32977294702719],[-107.2951344954746,48.32975398730306],[-107.29514684474687,48.32973147565443],[-107.2951533718969,48.329726862930684],[-107.29498797562853,48.32962295203179]]]}"
00000000000000001a1e,2621,0,0,0,"{""type"":""Polygon"",""coordinates"":[[[-107.29508614983014,48.32957189372645],[-107.29507315302997,48.329581031918494],[-107.29503374807379,48.32959973714063],[-107.29498797562853,48.32962295203179],[-107.2951533718969,48.329726862930684],[-107.29517952175466,48.32971294906079],[-107.29521175207552,48.32968548305677],[-107.29523790189765,48.329671569182715],[-107.29525055426247,48.32965347574456],[-107.29508614983014,48.32957189372645]]]}"
00000000000000001a83,2622,0,0,0,"{""type"":""Polygon"",""coordinates"":[[[-107.29514309110934,48.329499246096695],[-107.29513745729994,48.32952173755342],[-107.29508614983014,48.32957189372645],[-107.29525055426247,48.32965347574456],[-107.295269184839,48.32962184600093],[-107.295294342501,48.32958560355308],[-107.29530630239073,48.32955406535744],[-107.29514309110934,48.329499246096695]]]}"
00000000000000001a17,2623,0,0,0,"{""type"":""Polygon"",""coordinates"":[[[-107.29521347558548,48.32942639971778],[-107.29521372130641,48.32943090510425],[-107.29514842525312,48.32946787088264],[-107.29514309110934,48.329499246096695],[-107.29530630239073,48.32955406535744],[-107.29531198088854,48.32953164529007],[-107.29533145997415,48.329517822948056],[-107.2953509838222,48.32950407201667],[-107.29536393579203,48.329494862391016],[-107.29538301291207,48.329472172090945],[-107.29521347558548,48.32942639971778]]]}"
00000000000000001a1b,2624,0,0,0,"{""type"":""Polygon"",""coordinates"":[[[-107.29527011675445,48.32934486847701],[-107.29527056343842,48.32935380782528],[-107.2952378867775,48.32937233431596],[-107.29522493484046,48.32938154390257],[-107.29522568119057,48.32939936701055],[-107.29521347558548,48.32942639971778],[-107.29538301291207,48.329472172090945],[-107.2953959648666,48.32946296246689],[-107.29542844061643,48.32944000191346],[-107.29544149477628,48.32943077648178],[-107.29546087156291,48.32941696994919],[-107.29548746790125,48.329411995438875],[-107.29527011675445,48.32934486847701]]]}"
00000000000000001a15,2625,0,0,0,"{""type"":""Polygon"",""coordinates"":[[[-107.29534583469324,48.32924064714284],[-107.29531315814792,48.32925917361677],[-107.29527011675445,48.32934486847701],[-107.29548746790125,48.329411995438875],[-107.29552701615681,48.32939781129217],[-107.29534583469324,48.32924064714284]]]}"
00000000000000001a1a,2626,0,0,0,"{""type"":""Polygon"",""coordinates"":[[[-107.2954156729125,48.32915441191474],[-107.29535236174044,48.32923603445076],[-107.29534583469324,48.32924064714284],[-107.29552701615681,48.32939781129217],[-107.29555217346496,48.32936156893846],[-107.2955846490795,48.32933860837944],[-107.29559730119396,48.32932051501525],[-107.2954156729125,48.32915441191474]]]}"
00000000000000001a81,2627,0,0,0,"{""type"":""Polygon"",""coordinates"":[[[-107.29544834934637,48.32913588544526],[-107.29542862474469,48.32914520234442],[-107.2954156729125,48.32915441191474],[-107.29559730119396,48.32932051501525],[-107.29561633334669,48.32929775333784],[-107.29564880888482,48.32927479278662],[-107.29566135873036,48.32925671524456],[-107.29568671684227,48.329224906913105],[-107.29569892208568,48.32919787425734],[-107.29544834934637,48.32913588544526]]]}"
00000000000000001cd3,2628,0,0,0,"{""type"":""Polygon"",""coordinates"":[[[-107.29546618824055,48.32908636156803],[-107.29546150214851,48.32913110982346],[-107.29544834934637,48.32913588544526],[-107.29569892208568,48.32919787425734],[-107.29569872107696,48.329193440303555],[-107.29571735109339,48.329161810760844],[-107.29570968813823,48.32913957392387],[-107.2957344430908,48.329094463815586],[-107.29573389749704,48.32908107476413],[-107.29546618824055,48.32908636156803]]]}"
00000000000000001abc,2629,0,0,0,"{""type"":""Polygon"",""coordinates"":[[[-107.29571642715254,48.328992047553676],[-107.29572230632081,48.328974061642676],[-107.29571547953852,48.32896979065739],[-107.29546335508032,48.32902389769722],[-107.29546454829283,48.329050659975344],[-107.29546618824055,48.32908636156803],[-107.29573389749704,48.32908107476413],[-107.29571642715254,48.328992047553676]]]}"
00000000000000001a14,2630,0,0,0,"{""type"":""Polygon"",""coordinates"":[[[-107.29568769010572,48.32894800294932],[-107.29566523431835,48.32889484035013],[-107.2956307170155,48.328873231406234],[-107.29544682368778,48.328952820481206],[-107.29546076767319,48.32896593924532],[-107.29546260860313,48.329006074720155],[-107.29546335508032,48.32902389769722],[-107.29571547953852,48.32896979065739],[-107.29568769010572,48.32894800294932]]]}"
00000000000000001a21,2631,0,0,0,"{""type"":""Polygon"",""coordinates"":[[[-107.29566370747422,48.32871177624941],[-107.29561031476251,48.32871729129074],[-107.29536444844148,48.32890978540574],[-107.29539199181222,48.328927067856604],[-107.29544682368778,48.328952820481206],[-107.2956307170155,48.328873231406234],[-107.29554779602306,48.32881680757075],[-107.295533852044,48.3288036888559],[-107.29558655230733,48.328784729264676],[-107.29559801088129,48.32873987396351],[-107.2956709809926,48.32872498645702],[-107.29566370747422,48.32871177624941]]]}"
00000000000000001a0c,2632,0,0,0,"{""type"":""Polygon"",""coordinates"":[[[-107.29557684742609,48.32871792337148],[-107.2955454094559,48.32876328326901],[-107.29550561613921,48.32877296190695],[-107.29545048469669,48.3287383257568],[-107.29541606995762,48.32871670098345],[-107.29536277956923,48.32872220007789],[-107.2952959185875,48.328875419321044],[-107.29535050452412,48.32889666663977],[-107.29536444844148,48.32890978540574],[-107.29561031476251,48.32871729129074],[-107.29557684742609,48.32871792337148]]]}"
00000000000000001a0f,2633,0,0,0,"{""type"":""Polygon"",""coordinates"":[[[-107.29531670511511,48.32874099660203],[-107.29525648586024,48.32874224044784],[-107.29521549957627,48.328725156825215],[-107.29517409842465,48.3288465522103],[-107.29524123401022,48.32884972224288],[-107.2952959185875,48.328875419321044],[-107.29536277956923,48.32872220007789],[-107.29531670511511,48.32874099660203]]]}"
00000000000000001a10,2634,0,0,0,"{""type"":""Polygon"",""coordinates"":[[[-107.29520887388598,48.3287253197372],[-107.29517540668506,48.328725951674755],[-107.29514198426743,48.32872665501017],[-107.29510742284472,48.32870497452032],[-107.29501920056607,48.32882734331575],[-107.29507354040129,48.32884408544466],[-107.29517409842465,48.3288465522103],[-107.29521549957627,48.328725156825215],[-107.29520887388598,48.3287253197372]]]}"
00000000000000001a27,2635,0,0,0,"{""type"":""Polygon"",""coordinates"":[[[-107.29504586737633,48.32867493498146],[-107.295005270536,48.32866687773586],[-107.29499152781011,48.32865819288333],[-107.29498465645031,48.32865385045678],[-107.29489772552702,48.32880743092832],[-107.29491157048824,48.32881610001156],[-107.29493238553371,48.32883356127232],[-107.29501920056607,48.32882734331575],[-107.29510742284472,48.32870497452032],[-107.29504586737633,48.32867493498146]]]}"
00000000000000001a25,2636,0,0,0,"{""type"":""Polygon"",""coordinates"":[[[-107.2949307188167,48.328645976151236],[-107.29486985245582,48.3286338465978],[-107.29485620848446,48.32862961144693],[-107.29477525896259,48.32876519014296],[-107.29477550463301,48.328769695475806],[-107.29480230129013,48.328769155153196],[-107.29489772552702,48.32880743092832],[-107.29498465645031,48.32865385045678],[-107.2949307188167,48.328645976151236]]]}"
00000000000000001a1c,2637,0,0,0,"{""type"":""Polygon"",""coordinates"":[[[-107.2947958462496,48.32862633386201],[-107.29473483660873,48.32860968309708],[-107.29465871716766,48.328705034869124],[-107.29469278683476,48.328717704872496],[-107.29470742257226,48.328744268281824],[-107.29474118919414,48.32875252016009],[-107.29477525896259,48.32876519014296],[-107.29485620848446,48.32862961144693],[-107.2947958462496,48.32862633386201]]]}"
00000000000000001a24,2638,0,0,0,"{""type"":""GeometryCollection"",""geometries"":[{""type"":""LineString"",""coordinates"":[[-107.2946060734432,48.328576549372386],[-107.2946058731563,48.328572087146924]]},{""type"":""Polygon"",""coordinates"":[[[-107.29464030272355,48.32859375125414],[-107.29460608977227,48.328576560133875],[-107.29454277850694,48.32865818125176],[-107.29454356931546,48.328676075540535],[-107.29458406363737,48.328684148796505],[-107.29461130670862,48.32869254777517],[-107.29463844758078,48.328700962553285],[-107.29465871716766,48.328705034869124],[-107.29473483660873,48.32860968309708],[-107.29464030272355,48.32859375125414]]]}]}"
00000000000000001a18,2639,0,0,0,"{""type"":""Polygon"",""coordinates"":[[[-107.29457850248131,48.32855920614019],[-107.29448407117303,48.32854325834333],[-107.29440137970077,48.328643150969],[-107.29451558026676,48.32864985366757],[-107.29454277850694,48.32865818125176],[-107.29460584412175,48.32857205481646],[-107.29457850248131,48.32855920614019]]]}"
00000000000000001a48,2640,0,0,0,"{""type"":""Polygon"",""coordinates"":[[[-107.29444896541219,48.328508188745246],[-107.29439462671269,48.32849144634003],[-107.29437415647618,48.3284829400784],[-107.29428548665206,48.32859636848434],[-107.29429942992577,48.32860948734711],[-107.29431327458597,48.32861815649193],[-107.29431367627416,48.328627024318095],[-107.29434101778986,48.32863987308928],[-107.29440137970077,48.328643150969],[-107.29448387030762,48.32853882443794],[-107.29444896541219,48.328508188745246]]]}"
00000000000000001a03,2641,0,0,0,"{""type"":""Polygon"",""coordinates"":[[[-107.29429243174168,48.328453277487334],[-107.29424506668154,48.32844086166568],[-107.29417686687879,48.32856279618762],[-107.2942254691227,48.32860204556942],[-107.29428548665206,48.32859636848434],[-107.29437415647618,48.3284829400784],[-107.29429243174168,48.328453277487334]],[[-107.29423742937543,48.328570508081],[-107.29424450141222,48.32857928446784],[-107.29425082755469,48.32857023800046],[-107.29423742937543,48.328570508081]],[[-107.29423742937543,48.328570508081],[-107.29423011173833,48.328557226376674],[-107.29420376182868,48.32856670575683],[-107.29423742937543,48.328570508081]]]}"
00000000000000001a07,2642,0,0,0,"{""type"":""Polygon"",""coordinates"":[[[-107.29421095281207,48.328428120145226],[-107.2941770845767,48.32841988392137],[-107.2941095490096,48.32840784533557],[-107.2940555950952,48.328547316680215],[-107.29408293638714,48.32856016551127],[-107.29416302229077,48.32855412703034],[-107.29417686687879,48.32856279618762],[-107.29424506668154,48.32844086166568],[-107.29421095281207,48.328428120145226]]]}"
00000000000000001a05,2643,0,0,0,"{""type"":""Polygon"",""coordinates"":[[[-107.29410267786379,48.32840350286096],[-107.29408196222057,48.328390491241635],[-107.2939540656197,48.32837517446685],[-107.29396081680186,48.328526878840854],[-107.2939807866783,48.328522067675316],[-107.29400832871141,48.328539350430766],[-107.2940555950952,48.328547316680215],[-107.2941095490096,48.32840784533557],[-107.29410267786379,48.32840350286096]]]}"
00000000000000001a04,2644,0,0,0,"{""type"":""Polygon"",""coordinates"":[[[-107.29393379644556,48.32837110201714],[-107.29385450158519,48.32839503448012],[-107.29381420884476,48.32839139483651],[-107.29382758500233,48.32854293646901],[-107.29393446692478,48.3285363581409],[-107.29396081680186,48.328526878840854],[-107.2939540656197,48.32837517446685],[-107.29393379644556,48.32837110201714]]]}"
00000000000000001a08,2645,0,0,0,"{""type"":""Polygon"",""coordinates"":[[[-107.29381420884476,48.32839139483651],[-107.29378064022343,48.32839204206934],[-107.29372147114995,48.328415525804715],[-107.29364884654082,48.32843936672482],[-107.29376114301532,48.32855320997235],[-107.29377409479429,48.32854400073055],[-107.29381443244544,48.32854771180809],[-107.29382758500233,48.32854293646901],[-107.29381420884476,48.32839139483651]]]}"
00000000000000001a01,2646,0,0,0,"{""type"":""Polygon"",""coordinates"":[[[-107.29364884654082,48.32843936672482],[-107.29357603382229,48.32845861507258],[-107.29353040598822,48.328486349858785],[-107.29363498317446,48.328578043765056],[-107.29364797974401,48.32856890594577],[-107.29366068600729,48.32855519139469],[-107.29367432963414,48.32855942671816],[-107.29374067303576,48.328544703559345],[-107.29375461601482,48.32855782249591],[-107.29376114301532,48.32855320997235],[-107.29364884654082,48.32843936672482]]]}"
00000000000000001a30,2647,0,0,0,"{""type"":""Polygon"",""coordinates"":[[[-107.29353040598822,48.328486349858785],[-107.29351745420554,48.328495559057835],[-107.2934979306457,48.328509309348505],[-107.29347178154151,48.32852322242664],[-107.29351231975154,48.32853136754387],[-107.29348716166918,48.328567608817224],[-107.29346121326141,48.32858595582306],[-107.29360493626862,48.32865459900036],[-107.29362845616278,48.32858265628247],[-107.29363498317446,48.328578043765056],[-107.29353040598822,48.328486349858785]]]}"
00000000000000001a11,2648,0,0,0,"{""type"":""Polygon"",""coordinates"":[[[-107.29346121326141,48.32858595582306],[-107.2934088574698,48.32861386921491],[-107.29337702893383,48.328650201892096],[-107.29350088416363,48.32872364056388],[-107.2935075545031,48.32872354918335],[-107.29353356045516,48.328705114899364],[-107.29354655708272,48.328695977070495],[-107.29357246078735,48.32867755859145],[-107.29360493626862,48.32865459900036],[-107.29346121326141,48.32858595582306]]]}"
00000000000000001a29,2649,0,0,0,"{""type"":""MultiPolygon"",""coordinates"":[[[[-107.29329748810382,48.32866962870022],[-107.29331676629468,48.32865137307425],[-107.29328354531934,48.32865650966478],[-107.29325774006729,48.32867937778774],[-107.29326481181342,48.32868815427205],[-107.293271584348,48.32868804710368],[-107.29329748810382,48.32866962870022]]],[[[-107.293271584348,48.32868804710368],[-107.29337636183949,48.3287841755815],[-107.29342890594239,48.32876085466697],[-107.29346776160166,48.328733226959436],[-107.29350088416363,48.32872364056388],[-107.29337702893383,48.328650201892096],[-107.29333115531024,48.32867343135798],[-107.29330525155859,48.32869184977173],[-107.293271584348,48.32868804710368]]]]}"
00000000000000001a2c,2650,0,0,0,"{""type"":""Polygon"",""coordinates"":[[[-107.293271584348,48.32868804710368],[-107.29326481181342,48.32868815427205],[-107.29325774006729,48.32867937778774],[-107.29323826113134,48.32869319948757],[-107.29318551641411,48.32871208633923],[-107.2931723190393,48.32871679019606],[-107.2932312671522,48.32883621974752],[-107.29331080832416,48.328816792924705],[-107.29335011030209,48.328798104508905],[-107.29337636183949,48.3287841755815],[-107.293271584348,48.32868804710368]]]}"
00000000000000001a2e,2651,0,0,0,"{""type"":""Polygon"",""coordinates"":[[[-107.2931723190393,48.32871679019606],[-107.2931591664302,48.32872156546236],[-107.29312470915144,48.32869986840776],[-107.29306588351604,48.32873230695983],[-107.29305925797361,48.328732469719846],[-107.29307865815605,48.32886608237717],[-107.29309205627777,48.32886581245819],[-107.29311207997071,48.328865379773006],[-107.29312547809693,48.32886510984927],[-107.2931387740061,48.328864855728405],[-107.29319137569014,48.32884144768933],[-107.2932312671522,48.32883621974752],[-107.2931723190393,48.32871679019606]]]}"
00000000000000001a20,2652,0,0,0,"{""type"":""Polygon"",""coordinates"":[[[-107.29305925797361,48.328732469719846],[-107.29299944153738,48.328742579972754],[-107.2929659176549,48.32874329833685],[-107.29293245123537,48.328743929473454],[-107.29292582570014,48.328744092224134],[-107.29292657094591,48.3287619151643],[-107.29299998613581,48.32875596897972],[-107.29299455200395,48.32878289395498],[-107.29293408871837,48.32877963096588],[-107.29295185093572,48.32887754219739],[-107.29296524904359,48.328877272296396],[-107.29297864715326,48.3288770023935],[-107.29299204526474,48.32887673248867],[-107.29300544337804,48.32887646258194],[-107.29304519158552,48.328866713558334],[-107.29306526003613,48.328866352294234],[-107.29307865815605,48.32886608237717],[-107.29305925797361,48.328732469719846]]]}"
00000000000000001a12,2653,0,0,0,"{""type"":""MultiPolygon"",""coordinates"":[[[[-107.29288484155047,48.328727007552494],[-107.29289310452357,48.32876254628751],[-107.29292657094591,48.3287619151643],[-107.29292582570014,48.328744092224134],[-107.29288484155047,48.328727007552494]]],[[[-107.29293408871837,48.32877963096588],[-107.29292741840999,48.3287797223059],[-107.29286740128117,48.328785398551986],[-107.29284583873176,48.328754579418856],[-107.29283254290354,48.328754833496596],[-107.29280006712976,48.32877779287728],[-107.29281130185674,48.32888031663006],[-107.29285836711504,48.32888384958856],[-107.29295185093572,48.32887754219739],[-107.29293408871837,48.32877963096588]]]]}"
00000000000000001a69,2654,0,0,0,"{""type"":""Polygon"",""coordinates"":[[[-107.29280006712976,48.32877779287728],[-107.29272032557948,48.3287927853204],[-107.29273885884642,48.32875670681397],[-107.29271206278395,48.32875724654583],[-107.29267152486916,48.32874910104884],[-107.2926641274347,48.32888325358543],[-107.29271099195829,48.32888235267518],[-107.2927578117377,48.32888138033026],[-107.29281130185674,48.32888031663006],[-107.29280006712976,48.32877779287728]],[[-107.29271325398757,48.32878400877484],[-107.29267958697696,48.328780205887675],[-107.2926867033237,48.328789053846556],[-107.29271325398757,48.32878400877484]]]}"
00000000000000001a67,2655,0,0,0,"{""type"":""Polygon"",""coordinates"":[[[-107.29261086124812,48.328741403918904],[-107.29257076944634,48.328742197654115],[-107.29254377281414,48.32873830340537],[-107.29252218707828,48.32885483135887],[-107.29258907507126,48.32885349794791],[-107.29265750189317,48.32888341631819],[-107.2926641274347,48.32888325358543],[-107.29267152486916,48.32874910104884],[-107.29261086124812,48.328741403918904]],[[-107.29264551870557,48.3287675351201],[-107.2926252497605,48.32876346235845],[-107.29263232132125,48.328772238907895],[-107.29264551870557,48.3287675351201]]]}"
00000000000000001a64,2656,0,0,0,"{""type"":""Polygon"",""coordinates"":[[[-107.29252305790217,48.32872529134946],[-107.2924963641417,48.32872581521463],[-107.29243570071286,48.32871811797258],[-107.29237402286289,48.32883543951997],[-107.29239449237123,48.32884394628261],[-107.29244877200527,48.32886077718642],[-107.29252218707828,48.32885483135887],[-107.29254377281414,48.32873830340537],[-107.29252305790217,48.32872529134946]],[[-107.29254377281414,48.32873830340537],[-107.29253057544265,48.32874300717628],[-107.29253744634305,48.328747349797275],[-107.29254377281414,48.32873830340537]]]}"
00000000000000001a50,2657,0,0,0,"{""type"":""Polygon"",""coordinates"":[[[-107.29242903045133,48.328718209276694],[-107.29235541510688,48.32871972107782],[-107.2923146768712,48.328707141498334],[-107.29223163742206,48.32879807757933],[-107.29228577367581,48.32881038741191],[-107.29229961762542,48.328819056897686],[-107.29234015536554,48.328827202566735],[-107.2923672951318,48.32883561803579],[-107.29237402286289,48.32883543951997],[-107.29243570071286,48.32871811797258],[-107.29242903045133,48.328718209276694]]]}"
00000000000000001a51,2658,0,0,0,"{""type"":""Polygon"",""coordinates"":[[[-107.29228076475852,48.32869883312898],[-107.29225302335588,48.32867711586695],[-107.29223928169155,48.32866843059215],[-107.29222523722815,48.32865532719353],[-107.29211485761184,48.32873341365176],[-107.29219045326697,48.32877655864241],[-107.29221803885902,48.328793913435824],[-107.29223163742206,48.32879807757933],[-107.2923146768712,48.328707141498334],[-107.29228076475852,48.32869883312898]]]}"
00000000000000001a54,2659,0,0,0,"{""type"":""Polygon"",""coordinates"":[[[-107.29219058032542,48.328629195881796],[-107.29216991044035,48.32861625518098],[-107.29213525363157,48.32859012386611],[-107.29202487414453,48.32866821012193],[-107.29205310600301,48.32869893813588],[-107.29211485761184,48.32873341365176],[-107.29222523722815,48.32865532719353],[-107.29219058032542,48.328629195881796]]]}"
00000000000000001a4c,2660,0,0,0,"{""type"":""Polygon"",""coordinates"":[[[-107.29212151204293,48.32858143858676],[-107.29203894391374,48.32853396684827],[-107.29192119432022,48.32859439267713],[-107.29196880289106,48.328611315061686],[-107.29202487414453,48.32866821012193],[-107.29213525363157,48.32859012386611],[-107.29212151204293,48.32858143858676]]]}"
00000000000000001a49,2661,0,0,0,"{""type"":""Polygon"",""coordinates"":[[[-107.29201847473156,48.32852546005118],[-107.29200388619078,48.328498967691026],[-107.29195508706367,48.328455283256794],[-107.29192913842557,48.32847362981592],[-107.2918514802525,48.32853326203608],[-107.2918515785806,48.32853771175791],[-107.29190755114729,48.3285901570904],[-107.29192119432022,48.32859439267713],[-107.29203894391374,48.32853396684827],[-107.29201847473156,48.32852546005118]]]}"
00000000000000001a4b,2662,0,0,0,"{""type"":""MultiPolygon"",""coordinates"":[[[[-107.29195508706367,48.328455283256794],[-107.29194756989018,48.32843756747149],[-107.29191291347762,48.328411436154184],[-107.2918849272874,48.32838521357288],[-107.29185210797783,48.32839921744162],[-107.29190703283014,48.32842942167924],[-107.29192913842557,48.32847362981592],[-107.29195508706367,48.328455283256794]]],[[[-107.29192913842557,48.32847362981592],[-107.29187401293153,48.32843899165765],[-107.2918532985651,48.32842597951672],[-107.29183262898113,48.328413038785165],[-107.29174819848801,48.32847277791497],[-107.29181672164533,48.32850714643976],[-107.2918514802525,48.32853326203608],[-107.29192913842557,48.32847362981592]]]]}"
00000000000000001a53,2663,0,0,0,"{""type"":""Polygon"",""coordinates"":[[[-107.29180464287155,48.32838681617766],[-107.29176356180808,48.32836528139881],[-107.29175559892289,48.328338626408424],[-107.29164481886443,48.32840784402817],[-107.29165179175196,48.328412170887944],[-107.29167246123082,48.328425111660856],[-107.2917269400387,48.32844637678598],[-107.29174819848801,48.32847277791497],[-107.29183262898113,48.328413038785165],[-107.29180464287155,48.32838681617766]]]}"
00000000000000001a4d,2664,0,0,0,"{""type"":""Polygon"",""coordinates"":[[[-107.2917341400012,48.32830779144586],[-107.29169340269563,48.32829521167681],[-107.29167926032824,48.328277658578976],[-107.29156749054577,48.32832454788582],[-107.29159676507112,48.32838198230733],[-107.29164481886443,48.32840784402817],[-107.29175559892289,48.328338626408424],[-107.2917341400012,48.32830779144586]]]}"
00000000000000001a43,2665,0,0,0,"{""type"":""Polygon"",""coordinates"":[[[-107.29164296809762,48.32821582604142],[-107.29162225398198,48.32820281389894],[-107.2914836890865,48.32825024243351],[-107.29151844710846,48.328276358039],[-107.29155285770153,48.328297984134515],[-107.29156749054577,48.32832454788582],[-107.29167926032824,48.328277658578976],[-107.29164296809762,48.32821582604142]]]}"
00000000000000001a45,2666,0,0,0,"{""type"":""Polygon"",""coordinates"":[[[-107.2915379532979,48.32811519120265],[-107.29141462291214,48.32820248491719],[-107.29144907810338,48.32822418243509],[-107.2914836890865,48.32825024243351],[-107.29162225398198,48.32820281389894],[-107.29162185294298,48.32819394611581],[-107.2915379532979,48.32811519120265]]]}"
00000000000000001a41,2667,0,0,0,"{""type"":""Polygon"",""coordinates"":[[[-107.29131618083521,48.32809730892282],[-107.2913236976023,48.328115024654466],[-107.29139340967642,48.3281761552482],[-107.2914077970857,48.32819821366356],[-107.29141462291214,48.32820248491719],[-107.2915379532979,48.32811519120265],[-107.29153108270032,48.32811084855413],[-107.29153557256006,48.32806166735986],[-107.29131618083521,48.32809730892282]]]}"
0000000000000000197f,2668,0,0,0,"{""type"":""Polygon"",""coordinates"":[[[-107.29135680247256,48.32795802254523],[-107.2913436054127,48.32796272607616],[-107.29133164333574,48.32799426289007],[-107.29131988172118,48.32803023360064],[-107.2913072286289,48.328048325987254],[-107.29131618083521,48.32809730892282],[-107.29153557256006,48.32806166735986],[-107.29153478321068,48.32804377321611],[-107.29135680247256,48.32795802254523]]]}"
00000000000000001a44,2669,0,0,0,"{""type"":""Polygon"",""coordinates"":[[[-107.29147425132734,48.32788871464432],[-107.29142902473092,48.32792531586768],[-107.29135680247256,48.32795802254523],[-107.29153478321068,48.32804377321611],[-107.2915338381137,48.328021516611734],[-107.29157293881049,48.3279983953465],[-107.29158534651204,48.32797579766068],[-107.29159197181676,48.32797563501063],[-107.29147425132734,48.32788871464432]]]}"
00000000000000001a42,2670,0,0,0,"{""type"":""Polygon"",""coordinates"":[[[-107.29160584204372,48.327836959662434],[-107.29155334399199,48.32786035055258],[-107.2915399464523,48.32786062023711],[-107.29151355239549,48.32787002732906],[-107.29150015485794,48.32787029700804],[-107.29147425132734,48.32788871464432],[-107.29159197181676,48.32797563501063],[-107.29159854358161,48.32797109409513],[-107.2916112948474,48.32795745137386],[-107.29167763644276,48.32794272985214],[-107.29169078873922,48.32793795486653],[-107.29160584204372,48.327836959662434]]]}"
00000000000000001a3f,2671,0,0,0,"{""type"":""Polygon"",""coordinates"":[[[-107.2917378784141,48.32779414367928],[-107.29162532075132,48.32782313852195],[-107.29160584204372,48.327836959662434],[-107.29169078873922,48.32793795486653],[-107.2917435321986,48.32791906914232],[-107.29177719799043,48.32792287232681],[-107.29181017264253,48.32791323107633],[-107.2917378784141,48.32779414367928]]]}"
00000000000000001a46,2672,0,0,0,"{""type"":""Polygon"",""coordinates"":[[[-107.29187076164293,48.32776913437698],[-107.29183784068688,48.3277831538672],[-107.29176467350338,48.32779360425357],[-107.2917378784141,48.32779414367928],[-107.29181017264253,48.32791323107633],[-107.29189603768856,48.327884759629065],[-107.29192238700844,48.32787528101838],[-107.29187076164293,48.32776913437698]]]}"
00000000000000001a3e,2673,0,0,0,"{""type"":""Polygon"",""coordinates"":[[[-107.29200334210361,48.32773970685395],[-107.29193665709782,48.32774547361957],[-107.29187076164293,48.32776913437698],[-107.29192238700844,48.32787528101838],[-107.29195540639597,48.32786571113774],[-107.29200168026375,48.32785135042471],[-107.29203534611813,48.32785515351231],[-107.29204854315236,48.32785044989652],[-107.29200334210361,48.32773970685395]]]}"
00000000000000001a4a,2674,0,0,0,"{""type"":""Polygon"",""coordinates"":[[[-107.29213676965263,48.327728085970165],[-107.29210354978994,48.32773322203528],[-107.29200334210361,48.32773970685395],[-107.29204854315236,48.32785044989652],[-107.29208156253101,48.327840879977224],[-107.29217445394984,48.3278211133529],[-107.29213676965263,48.327728085970165]]]}"
00000000000000001a4f,2675,0,0,0,"{""type"":""Polygon"",""coordinates"":[[[-107.29224952786035,48.32770352442828],[-107.29223613027858,48.327703794210166],[-107.29217656120687,48.327718408962454],[-107.29213676965263,48.327728085970165],[-107.29217445394984,48.3278211133529],[-107.29218112403164,48.327821022072534],[-107.29223491510459,48.327824376815265],[-107.29228153270863,48.327818970904936],[-107.29232067780312,48.32779592084283],[-107.29224952786035,48.32770352442828]]]}"
00000000000000001a3b,2676,0,0,0,"{""type"":""Polygon"",""coordinates"":[[[-107.29232742923847,48.32764839812348],[-107.29231443288053,48.327657535600565],[-107.2922885296784,48.32767595337437],[-107.29227557807015,48.327685162261226],[-107.29224952786035,48.32770352442828],[-107.29232067780312,48.32779592084283],[-107.29237283194789,48.327763574648024],[-107.2924117315804,48.327736019315765],[-107.2924583491382,48.32773061332979],[-107.29232742923847,48.32764839812348]]]}"
00000000000000001a38,2677,0,0,0,"{""type"":""Polygon"",""coordinates"":[[[-107.29242525489762,48.32758838966627],[-107.29240005202799,48.32762455860305],[-107.29236717597578,48.327638649642815],[-107.29234048304244,48.327639173433],[-107.29232742923847,48.32764839812348],[-107.2924583491382,48.32773061332979],[-107.29246487604954,48.32772600096831],[-107.29249082401702,48.327707654539466],[-107.29252394552863,48.327698068692236],[-107.29256259963852,48.32766600808362],[-107.29242525489762,48.32758838966627]]]}"
00000000000000001a37,2678,0,0,0,"{""type"":""Polygon"",""coordinates"":[[[-107.2925769696499,48.32753618535505],[-107.29257676900966,48.32753175152394],[-107.29240943050303,48.32753506480453],[-107.29244388607803,48.32755676168358],[-107.29242525489762,48.32758838966627],[-107.29256259963852,48.32766600808362],[-107.2925691265323,48.32766139572111],[-107.29258503151102,48.32756728949855],[-107.2925769696499,48.32753618535505]]]}"
00000000000000001a3a,2679,0,0,0,"{""type"":""Polygon"",""coordinates"":[[[-107.29238439822143,48.3274239457212],[-107.2923778713629,48.32742855804967],[-107.29238732466139,48.32749085756492],[-107.2923885156798,48.32751761916526],[-107.29240943050303,48.32753506480453],[-107.29257676900966,48.32753175152394],[-107.29257632296458,48.32752281245328],[-107.29257369524736,48.327464784037424],[-107.29260028969203,48.32745981055699],[-107.29238439822143,48.3274239457212]]]}"
00000000000000001a3d,2680,0,0,0,"{""type"":""Polygon"",""coordinates"":[[[-107.29253229346608,48.32728695190752],[-107.29243940323362,48.32730671864919],[-107.29241399997147,48.32733845357647],[-107.29239655992988,48.32739684295992],[-107.29238439822143,48.3274239457212],[-107.29260028969203,48.32745981055699],[-107.29262688413736,48.327454837069645],[-107.29263350942117,48.32745467434991],[-107.29253229346608,48.32728695190752]]]}"
000000000000000019f6,2681,0,0,0,"{""type"":""Polygon"",""coordinates"":[[[-107.29261850099533,48.32726743501405],[-107.29253229346608,48.32728695190752],[-107.29263350942117,48.32745467434991],[-107.2926666307161,48.32744508850459],[-107.29270672115484,48.32744429478331],[-107.29273364062098,48.327296396091256],[-107.29261850099533,48.32726743501405]]]}"
00000000000000001a39,2682,0,0,0,"{""type"":""Polygon"",""coordinates"":[[[-107.29281650681416,48.32735274958738],[-107.29276750699232,48.3273046326972],[-107.29273364062098,48.327296396091256],[-107.29270672115484,48.32744429478331],[-107.29276718210438,48.327447557892775],[-107.2928079193602,48.327460137007236],[-107.29287044087867,48.32736062497884],[-107.29281650681416,48.32735274958738]]]}"
000000000000000019fa,2683,0,0,0,"{""type"":""Polygon"",""coordinates"":[[[-107.29299309890047,48.32740730112878],[-107.29291097744192,48.32736877021346],[-107.29287044087867,48.32736062497884],[-107.2928079193602,48.327460137007236],[-107.29288939400882,48.3274852951898],[-107.2930135679379,48.327415807543005],[-107.29299309890047,48.32740730112878]]]}"
00000000000000001a33,2684,0,0,0,"{""type"":""Polygon"",""coordinates"":[[[-107.29306849307278,48.327446010550815],[-107.29303383629255,48.327419880134464],[-107.2930135679379,48.327415807543005],[-107.29288939400882,48.3274852951898],[-107.29291697924481,48.3275026493701],[-107.29291194669669,48.32753844135917],[-107.29291901814422,48.32754721768819],[-107.29291348201052,48.32757415784547],[-107.29292144572224,48.32760081233572],[-107.29291511953895,48.32760985855167],[-107.29292318172342,48.327640962701686],[-107.29293702551209,48.32764963190902],[-107.29308263603944,48.3274635631544],[-107.29306849307278,48.327446010550815]]]}"
00000000000000001a31,2685,1,0,0,"{""type"":""Polygon"",""coordinates"":[[[-107.29309039916902,48.32748578374751],[-107.29308263603944,48.3274635631544],[-107.29293702551209,48.32764963190902],[-107.29296456613359,48.327666914715905],[-107.29299150471907,48.3276708959968],[-107.29302438079264,48.3276568047343],[-107.29316653907415,48.32754231566749],[-107.29309039916902,48.32748578374751]]]}"
00000000000000001a34,2686,0,0,0,"{""type"":""Polygon"",""coordinates"":[[[-107.2932559784465,48.32759412801829],[-107.29324213455354,48.32758545886862],[-107.29322087513135,48.32755905853544],[-107.29318745445694,48.32755976113128],[-107.29316653907415,48.32754231566749],[-107.29302438079264,48.3276568047343],[-107.29327669319393,48.327607139643554],[-107.2932559784465,48.32759412801829]]]}"
00000000000000001a09,2687,0,0,0,"{""type"":""Polygon"",""coordinates"":[[[-107.2932901893995,48.32761131935238],[-107.29328351927578,48.32761141071044],[-107.29327669319393,48.327607139643554],[-107.29302438079264,48.3276568047343],[-107.29299150471907,48.3276708959968],[-107.29301870146108,48.327679223897114],[-107.29308722537479,48.32771359098363],[-107.293128208639,48.32773067526577],[-107.29315584795785,48.32775240768961],[-107.29326272690932,48.327745830281934],[-107.29330227319477,48.32773164754542],[-107.2932901893995,48.32761131935238]]]}"
00000000000000001a32,2688,0,0,0,"{""type"":""Polygon"",""coordinates"":[[[-107.29338352708034,48.32760049071775],[-107.29337679950292,48.32760066929622],[-107.29336340179836,48.327600939237904],[-107.2932901893995,48.32761131935238],[-107.29330227319477,48.32773164754542],[-107.29343396567744,48.327679874419275],[-107.29338352708034,48.32760049071775]]]}"
00000000000000001a00,2689,0,0,0,"{""type"":""Polygon"",""coordinates"":[[[-107.29350216543604,48.32755794245051],[-107.2934956386099,48.327562554865715],[-107.2934228724694,48.32758187414324],[-107.29338352708034,48.32760049071775],[-107.29343396567744,48.327679874419275],[-107.2934867088935,48.327660987835905],[-107.29355902892662,48.32763272939828],[-107.29350216543604,48.32755794245051]]]}"
00000000000000001a35,2690,0,0,0,"{""type"":""Polygon"",""coordinates"":[[[-107.29360716043035,48.32751115881618],[-107.29358733812823,48.32751602540181],[-107.2935349391828,48.327543866850746],[-107.29350859004552,48.32755334584],[-107.29350216543604,48.32755794245051],[-107.29355902892662,48.32763272939828],[-107.29358552510705,48.32762330598386],[-107.29360554823253,48.32762287322033],[-107.29367104203935,48.32759034367965],[-107.29367756886168,48.32758573125021],[-107.29360716043035,48.32751115881618]]]}"
00000000000000001a06,2691,0,0,0,"{""type"":""Polygon"",""coordinates"":[[[-107.29372604407689,48.32747311557956],[-107.29367982792247,48.32748738980047],[-107.29365347882124,48.32749686881847],[-107.29360716043035,48.32751115881618],[-107.29367756886168,48.32758573125021],[-107.29378375596299,48.327565708979385],[-107.2938032789469,48.327551958889245],[-107.29372604407689,48.32747311557956]]]}"
000000000000000019fe,2692,0,0,0,"{""type"":""GeometryCollection"",""geometries"":[{""type"":""LineString"",""coordinates"":[[-107.29380307049239,48.32754747764176],[-107.29380327070206,48.327551939870546]]},{""type"":""Polygon"",""coordinates"":[[[-107.29379781881921,48.32743146840688],[-107.29378506824715,48.32744511126581],[-107.29373257087428,48.327468503157185],[-107.29372604407689,48.32747311557956],[-107.29380303338999,48.32754745365422],[-107.29385597723586,48.32753300074369],[-107.29390971160073,48.32753644172574],[-107.29385783421719,48.327425791767965],[-107.2938179441012,48.32743101979715],[-107.29379781881921,48.32743146840688]],[[-107.2938386590901,48.3274440312552],[-107.29383900323101,48.32745298610391],[-107.29385195458995,48.32744377705281],[-107.2938386590901,48.3274440312552]],[[-107.2938386590901,48.3274440312552],[-107.2938179441012,48.32743101979715],[-107.29380553766654,48.32745361750764],[-107.2938386590901,48.3274440312552]]]}]}"
000000000000000019ff,2693,0,0,0,"{""type"":""Polygon"",""coordinates"":[[[-107.29394977887196,48.327383767309094],[-107.29394300652652,48.32738387451784],[-107.29392383144688,48.32740211400648],[-107.29389782655497,48.327420547917505],[-107.29385783421719,48.327425791767965],[-107.29390971160073,48.32753644172574],[-107.29391643920383,48.32753626310951],[-107.29396873585874,48.32750843726357],[-107.2940218804969,48.32749841809341],[-107.2940616721426,48.32748874034439],[-107.29394977887196,48.327383767309094]]]}"
00000000000000001a02,2694,0,0,0,"{""type"":""Polygon"",""coordinates"":[[[-107.29405477331022,48.327336983352915],[-107.29404162119253,48.32734175860366],[-107.29400292332207,48.327373748177685],[-107.29394977887196,48.327383767309094],[-107.2940616721426,48.32748874034439],[-107.29407506990567,48.32748847030441],[-107.29411461595416,48.32747428730815],[-107.29416632265979,48.32743300132231],[-107.29417279197965,48.32742847608826],[-107.29405477331022,48.327336983352915]]]}"
000000000000000019f3,2695,0,0,0,"{""type"":""Polygon"",""coordinates"":[[[-107.2941389986564,48.327272809780176],[-107.29409258187914,48.327282650338354],[-107.2940808228748,48.3273186208393],[-107.29405477331022,48.327336983352915],[-107.29417279197965,48.32742847608826],[-107.29427704058367,48.32736386939688],[-107.2941389986564,48.327272809780176]]]}"
00000000000000001a0d,2696,0,0,0,"{""type"":""Polygon"",""coordinates"":[[[-107.29421655366065,48.32720872763873],[-107.29419703093359,48.32722247771758],[-107.29419737516578,48.327231432525366],[-107.29419826806017,48.327249310534775],[-107.29414572622765,48.32727263114958],[-107.2941389986564,48.327272809780176],[-107.29427704058367,48.32736386939688],[-107.29428376818116,48.327363690755654],[-107.29432331410398,48.32734950770996],[-107.29434881492433,48.327322221908304],[-107.29437441792771,48.327294920309136],[-107.29421655366065,48.32720872763873]]]}"
00000000000000001a0b,2697,0,0,0,"{""type"":""Polygon"",""coordinates"":[[[-107.29439555038726,48.32716945653857],[-107.29424793383099,48.3271634567247],[-107.29424245611241,48.32719030952595],[-107.29421655366065,48.32720872763873],[-107.29437441792771,48.327294920309136],[-107.29438682403169,48.327272322601],[-107.29440644540729,48.3272630220751],[-107.29439555038726,48.32716945653857]]]}"
000000000000000019ec,2698,0,0,0,"{""type"":""MultiPolygon"",""coordinates"":[[[[-107.29452515520816,48.32707304323061],[-107.29453332103083,48.32710413108974],[-107.29455393404986,48.32711715811301],[-107.29456534824905,48.32707223292381],[-107.29452515520816,48.32707304323061]]],[[[-107.29425750866105,48.32707839742],[-107.2942593483816,48.327118531523816],[-107.29424793383099,48.3271634567247],[-107.29439555038726,48.32716945653857],[-107.29441817827468,48.32707517235356],[-107.29425750866105,48.32707839742]]]]}"
000000000000000019ef,2699,0,0,0,"{""type"":""MultiPolygon"",""coordinates"":[[[[-107.29453986254762,48.32695217659093],[-107.29452004046797,48.3269570433122],[-107.2945102206237,48.32703759724516],[-107.29452515520816,48.32707304323061],[-107.29456534824905,48.32707223292381],[-107.29456415561368,48.32704547161563],[-107.29458223987741,48.32700045504056],[-107.2945869264505,48.326955708608885],[-107.29453986254762,48.32695217659093]]],[[[-107.29441609274049,48.32703053310236],[-107.29438222562551,48.32702229713889],[-107.29438711329904,48.326981984468034],[-107.29423431019943,48.32700741394267],[-107.2942504368696,48.32706962127561],[-107.29425750866105,48.32707839742],[-107.29441817827468,48.32707517235356],[-107.29441773177123,48.327066233379824],[-107.29443616048958,48.32703017158214],[-107.29441609274049,48.32703053310236]]]]}"
000000000000000019ee,2700,0,0,0,"{""type"":""MultiPolygon"",""coordinates"":[[[[-107.29452621926242,48.32694794150974],[-107.29452004046797,48.3269570433122],[-107.29453986254762,48.32695217659093],[-107.29452621926242,48.32694794150974]]],[[[-107.29425609015085,48.326895323590165],[-107.29424996518483,48.326908803534636],[-107.29423735831423,48.3269269672966],[-107.29423899717548,48.32696266751189],[-107.29422600126891,48.326971805118276],[-107.29423431019943,48.32700741394267],[-107.29438711329904,48.326981984468034],[-107.29438571992641,48.32695078942664],[-107.29441819357831,48.32692783035264],[-107.29425609015085,48.326895323590165]]]]}"
000000000000000019ed,2701,0,0,0,"{""type"":""Polygon"",""coordinates"":[[[-107.29431915281418,48.32680920027329],[-107.29429275941985,48.326818607925965],[-107.2942617238768,48.32687283329816],[-107.29425609015085,48.326895323590165],[-107.29441819357831,48.32692783035264],[-107.29446989929744,48.32688654465274],[-107.29449768621988,48.32690833193201],[-107.2945261205954,48.32694349193228],[-107.29452621926242,48.32694794150974],[-107.29453986254762,48.32695217659093],[-107.2945869264505,48.326955708608885],[-107.29459769310388,48.32689741084313],[-107.29431915281418,48.32680920027329]]]}"
000000000000000019ea,2702,0,0,0,"{""type"":""GeometryCollection"",""geometries"":[{""type"":""LineString"",""coordinates"":[[-107.29431913053563,48.32680918543093],[-107.29432582191856,48.32680905189201]]},{""type"":""Polygon"",""coordinates"":[[[-107.29456851256501,48.32684442862709],[-107.29456064984515,48.32681775887798],[-107.2943891883315,48.32672740357935],[-107.2943031247267,48.32675144281995],[-107.29433743804088,48.32676861769962],[-107.29432577809987,48.32680903743878],[-107.29459769310388,48.32689741084313],[-107.29456851256501,48.32684442862709]]]}]}"
00000000000000001a0e,2703,0,0,0,"{""type"":""Polygon"",""coordinates"":[[[-107.29441957620944,48.32665980566685],[-107.29441369697705,48.32667779071696],[-107.29440234022958,48.32672262834178],[-107.2943891883315,48.32672740357935],[-107.29456064984515,48.32681775887798],[-107.29453690208634,48.32673785272407],[-107.29456883027989,48.3267015052286],[-107.2945890540056,48.32670550602627],[-107.29460892072238,48.32670071072452],[-107.29461544732857,48.326696098314024],[-107.29441957620944,48.32665980566685]]]}"
00000000000000001a0a,2704,0,0,0,"{""type"":""Polygon"",""coordinates"":[[[-107.29442252516502,48.32657491000661],[-107.29436958261056,48.32658936293619],[-107.2943567302751,48.326603021448804],[-107.29443198204014,48.326637208229734],[-107.29441957620944,48.32665980566685],[-107.29461544732857,48.326696098314024],[-107.29465355414803,48.32665064906549],[-107.29466501280649,48.32660579567373],[-107.29442252516502,48.32657491000661]]]}"
000000000000000019e8,2705,0,0,0,"{""type"":""Polygon"",""coordinates"":[[[-107.29461921375753,48.326481596837915],[-107.29455735941879,48.326447140210284],[-107.29442252516502,48.32657491000661],[-107.29466501280649,48.32660579567373],[-107.2946629269381,48.32656115683043],[-107.29461921375753,48.326481596837915]]]}"
000000000000000019d5,2706,0,0,0,"{""type"":""Polygon"",""coordinates"":[[[-107.2945366445326,48.32643412914855],[-107.29441587025504,48.32642766082894],[-107.2943753336888,48.326419516373555],[-107.29435506541914,48.32641544413956],[-107.29436958261056,48.32658936293619],[-107.29442252516502,48.32657491000661],[-107.29455735941879,48.326447140210284],[-107.2945366445326,48.32643412914855]]]}"
000000000000000019e9,2707,0,0,0,"{""type"":""Polygon"",""coordinates"":[[[-107.29435506541914,48.32641544413956],[-107.29428100667245,48.32640801840866],[-107.29418144783469,48.32642787789424],[-107.29426813869433,48.32656901746967],[-107.29428133529976,48.32656431367183],[-107.29430180448104,48.32657281967306],[-107.29432272016233,48.32659026456402],[-107.2943567302751,48.326603021448804],[-107.29436958261056,48.32658936293619],[-107.29435506541914,48.32641544413956]]]}"
000000000000000019e7,2708,0,0,0,"{""type"":""Polygon"",""coordinates"":[[[-107.29418144783469,48.32642787789424],[-107.29411521036457,48.326442584872055],[-107.29409588888655,48.326460768455],[-107.29406246889403,48.32646147132343],[-107.29404941571191,48.32647069602779],[-107.2941561734878,48.32661147439826],[-107.29422883925221,48.32658770541328],[-107.29426813869433,48.32656901746967],[-107.29418144783469,48.32642787789424]],[[-107.29418971188288,48.3264634149538],[-107.2941559476208,48.326455163177144],[-107.29416356435654,48.326477327644895],[-107.29418971188288,48.3264634149538]],[[-107.29414349696513,48.32647768909533],[-107.29412989872142,48.326473525396054],[-107.29413721598037,48.32648680659712],[-107.29414349696513,48.32647768909533]]]}"
000000000000000019f0,2709,0,0,0,"{""type"":""Polygon"",""coordinates"":[[[-107.29404941571191,48.32647069602779],[-107.29403013896679,48.32648895101542],[-107.29401714321685,48.32649808850817],[-107.29399766562702,48.32651190976082],[-107.293952142649,48.32653962786002],[-107.29393894605934,48.326544331610066],[-107.29403699312816,48.32664063417815],[-107.2940436183641,48.32664047136487],[-107.29409068156755,48.32664400362296],[-107.29414287824369,48.326611728632294],[-107.2941561734878,48.32661147439826],[-107.29404941571191,48.32647069602779]]]}"
000000000000000019f5,2710,0,0,0,"{""type"":""Polygon"",""coordinates"":[[[-107.29393894605934,48.326544331610066],[-107.29386652600213,48.32657260550447],[-107.29383873987646,48.326550818160015],[-107.2938127930531,48.326569164524734],[-107.29393254573452,48.32670080592434],[-107.29399072055645,48.32665499551164],[-107.29403699312816,48.32664063417815],[-107.29393894605934,48.326544331610066]]]}"
000000000000000019eb,2711,1,0,0,"{""type"":""Polygon"",""coordinates"":[[[-107.2938127930531,48.326569164524734],[-107.29375985062912,48.32658361711343],[-107.29374012739646,48.32659293318401],[-107.2937804452294,48.326743985337146],[-107.29382666044198,48.32672971129129],[-107.29392597432526,48.326705346882],[-107.29393254573452,48.32670080592434],[-107.2938127930531,48.326569164524734]]]}"
000000000000000019f4,2712,0,0,0,"{""type"":""Polygon"",""coordinates"":[[[-107.29374012739646,48.32659293318401],[-107.29369375635461,48.32660284480684],[-107.29365421129324,48.32661702737238],[-107.2936340417221,48.32661740452104],[-107.2936263048037,48.326742596904154],[-107.2936329747957,48.32674250552713],[-107.29367292155264,48.326737190450345],[-107.293754195247,48.326757913801096],[-107.2937804452294,48.326743985337146],[-107.29374012739646,48.32659293318401]]]}"
000000000000000019f1,2713,0,0,0,"{""type"":""Polygon"",""coordinates"":[[[-107.29358035363536,48.32661403481379],[-107.29350027237449,48.32662007247097],[-107.29349287908192,48.32675421959492],[-107.29351290171802,48.32675378687018],[-107.29357261654239,48.32673922718907],[-107.2936263048037,48.326742596904154],[-107.2936340417221,48.32661740452104],[-107.29358035363536,48.32661403481379]]]}"
00000000000000001a36,2714,0,0,0,"{""type"":""Polygon"",""coordinates"":[[[-107.29346685244862,48.326620775132625],[-107.29335908405197,48.32660947473268],[-107.29336598015736,48.3267612297668],[-107.29337957830181,48.32676539359926],[-107.29349287908192,48.32675421959492],[-107.29350027237449,48.32662007247097],[-107.29346685244862,48.326620775132625]]]}"
000000000000000019f2,2715,0,0,0,"{""type"":""Polygon"",""coordinates"":[[[-107.29334558818094,48.32660529510381],[-107.2932253151228,48.32661214228877],[-107.29322469304009,48.32674618224398],[-107.29325138558033,48.326745658226876],[-107.29332554246226,48.326757534374885],[-107.29336598015736,48.3267612297668],[-107.29335908405197,48.32660947473268],[-107.29334558818094,48.32660529510381]]]}"
000000000000000019fb,2716,0,0,0,"{""type"":""Polygon"",""coordinates"":[[[-107.29317869869993,48.3266175485044],[-107.29313098918725,48.326600643125666],[-107.29310464075961,48.32661012181798],[-107.2930780711236,48.326762508018824],[-107.29309809367653,48.32676207538258],[-107.29312424150352,48.32674816289935],[-107.29315790690482,48.32675196552617],[-107.29322469304009,48.32674618224398],[-107.2932253151228,48.32661214228877],[-107.29317869869993,48.3266175485044]]]}"
000000000000000019f7,2717,0,0,0,"{""type"":""Polygon"",""coordinates"":[[[-107.29308501970421,48.326619421955684],[-107.29303795715438,48.32661588919],[-107.2930050820435,48.32662998015689],[-107.29297794350109,48.32662156518604],[-107.29291008837933,48.326752449356825],[-107.29292368640048,48.32675661325624],[-107.29295092722265,48.32676501245827],[-107.29299853454829,48.3267819337819],[-107.29304495041033,48.326772093868186],[-107.2930710982492,48.32675818139649],[-107.2930780711236,48.326762508018824],[-107.29310464075961,48.32661012181798],[-107.29308501970421,48.326619421955684]]]}"
000000000000000019f8,2718,0,0,0,"{""type"":""Polygon"",""coordinates"":[[[-107.29297107288335,48.326617222763],[-107.29294472444958,48.326626701414554],[-107.29291085857515,48.326618464963516],[-107.29288994387167,48.326601019731136],[-107.29286260472911,48.3265881709795],[-107.29277413756978,48.32670602765855],[-107.29291008837933,48.326752449356825],[-107.29297794350109,48.32662156518604],[-107.29297107288335,48.326617222763]]]}"
000000000000000019f9,2719,0,0,0,"{""type"":""Polygon"",""coordinates"":[[[-107.292821422239,48.32656665316519],[-107.2927599720124,48.326541062748284],[-107.29264441113331,48.32665057556563],[-107.2926516830043,48.32666378553147],[-107.29268633871682,48.32668991574116],[-107.29274689688316,48.32669762841227],[-107.29277413756978,48.32670602765855],[-107.29286260472911,48.3265881709795],[-107.292821422239,48.32656665316519]]]}"
000000000000000019d9,2720,0,0,0,"{""type"":""Polygon"",""coordinates"":[[[-107.29267815570452,48.32650695014479],[-107.29267730830219,48.326489143760554],[-107.29267706287878,48.326484638609315],[-107.29254646760535,48.32655872098169],[-107.2925610560013,48.32658521229642],[-107.29259536769811,48.32660238778561],[-107.29263022394933,48.3266329517437],[-107.29264441113331,48.32665057556563],[-107.2927599720124,48.326541062748284],[-107.29267815570452,48.32650695014479]]]}"
000000000000000019d8,2721,0,0,0,"{""type"":""Polygon"",""coordinates"":[[[-107.29263513551892,48.32644529857594],[-107.29262094840925,48.3264276748188],[-107.29261367658933,48.326414464907984],[-107.29246256847412,48.326479969284954],[-107.2924632151381,48.32649334192575],[-107.29247695613621,48.32650202683012],[-107.29249766986082,48.326515038382034],[-107.29253207987232,48.3265366634252],[-107.29254646760535,48.32655872098169],[-107.29267706287878,48.326484638609315],[-107.29263513551892,48.32644529857594]]]}"
000000000000000019e5,2722,0,0,0,"{""type"":""Polygon"",""coordinates"":[[[-107.2925788205448,48.32638390106427],[-107.29256463349124,48.32636627731773],[-107.29255049121579,48.32634872498259],[-107.29255024580732,48.326344219842554],[-107.29239853610652,48.32639642281319],[-107.29240605321978,48.32641413788468],[-107.29244743575053,48.326440089570504],[-107.29246256847412,48.326479969284954],[-107.29261367658933,48.326414464907984],[-107.2925788205448,48.32638390106427]]]}"
00000000000000001a3c,2723,0,0,0,"{""type"":""Polygon"",""coordinates"":[[[-107.29254034626031,48.32627298283131],[-107.29234024090951,48.32629037066284],[-107.2923485477713,48.326325979246384],[-107.29234973881019,48.32635274026039],[-107.29239146501432,48.326387646626806],[-107.29239853610652,48.32639642281319],[-107.29255024580732,48.326344219842554],[-107.29254959910845,48.32633084724075],[-107.29254034626031,48.32627298283131]]]}"
000000000000000019df,2724,0,0,0,"{""type"":""Polygon"",""coordinates"":[[[-107.29253208396655,48.32623744571269],[-107.29250997856255,48.3261932395691],[-107.29230235667083,48.326192912285585],[-107.29229588748854,48.32619743728504],[-107.29231660094892,48.32621044880815],[-107.292316944736,48.326219403463504],[-107.29234024090951,48.32629037066284],[-107.29254034626031,48.32627298283131],[-107.29253208396655,48.32623744571269]]]}"
000000000000000019d6,2725,0,0,0,"{""type"":""Polygon"",""coordinates"":[[[-107.29232454249556,48.32608969139345],[-107.29232478787753,48.32609419651317],[-107.29232597890872,48.32612095741101],[-107.29232696932026,48.326143284605934],[-107.29231496393038,48.32617474901844],[-107.29230235667083,48.326192912285585],[-107.29250997856255,48.3261932395691],[-107.2925031081095,48.32618889714338],[-107.29251531401306,48.32616186641883],[-107.29252682844084,48.32612139174976],[-107.29254002484606,48.326116688235786],[-107.29232454249556,48.32608969139345]]]}"
000000000000000019d7,2726,0,0,0,"{""type"":""Polygon"",""coordinates"":[[[-107.2923817267758,48.32602155533169],[-107.29236190539902,48.32602642150469],[-107.29236170477456,48.32602198779863],[-107.29234163801486,48.32602234885359],[-107.2923153884513,48.32603627672476],[-107.29232454249556,48.32608969139345],[-107.29254002484606,48.326116688235786],[-107.29255307805035,48.32610746379736],[-107.2925626560621,48.3260224062703],[-107.29256200935237,48.326009033749784],[-107.2923817267758,48.32602155533169]]]}"
000000000000000019e1,2727,0,0,0,"{""type"":""MultiPolygon"",""coordinates"":[[[[-107.29234163801486,48.32602234885359],[-107.29236170477456,48.32602198779863],[-107.29235463375616,48.326013211669476],[-107.29234163801486,48.32602234885359]]],[[[-107.29235463375616,48.326013211669476],[-107.29238829813133,48.326017014539424],[-107.2923817267758,48.32602155533169],[-107.29256200935237,48.326009033749784],[-107.29256027364367,48.32596888460218],[-107.29250385727194,48.325907503379206],[-107.29232501170956,48.32595129073064],[-107.29235463375616,48.326013211669476]]]]}"
000000000000000019e0,2728,0,0,0,"{""type"":""Polygon"",""coordinates"":[[[-107.29248967042463,48.32588987977429],[-107.29247249937083,48.32580543358743],[-107.2922684527321,48.32588538847013],[-107.29227562591204,48.325894148782986],[-107.29231735154086,48.32592905489511],[-107.29232501170956,48.32595129073064],[-107.29250385727194,48.325907503379206],[-107.29248967042463,48.32588987977429]]]}"
000000000000000019e4,2729,0,0,0,"{""type"":""Polygon"",""coordinates"":[[[-107.29246528516214,48.32579213660555],[-107.29242202074225,48.32572598065251],[-107.29220452403752,48.32580182696355],[-107.29224600409786,48.32583222795255],[-107.2922684527321,48.32588538847013],[-107.29247249937083,48.32580543358743],[-107.29246528516214,48.32579213660555]]]}"
000000000000000019e3,2730,0,0,0,"{""type"":""Polygon"",""coordinates"":[[[-107.29231147696358,48.32564782516094],[-107.29213476929336,48.32574062822763],[-107.29216289709042,48.32577137036699],[-107.29220452403752,48.32580182696355],[-107.29242202074225,48.32572598065251],[-107.29231147696358,48.32564782516094]]]}"
000000000000000019db,2731,0,0,0,"{""type"":""Polygon"",""coordinates"":[[[-107.29230450443406,48.32564349856493],[-107.29229076379983,48.3256348137669],[-107.29226322510905,48.32561753137844],[-107.29223598546646,48.32560913213278],[-107.29221537457585,48.32559610492772],[-107.29203119507945,48.32567126426286],[-107.29211390034911,48.32572325449648],[-107.29213476929336,48.32574062822763],[-107.29231147696358,48.32564782516094],[-107.29230450443406,48.32564349856493]]]}"
000000000000000019de,2732,0,0,0,"{""type"":""Polygon"",""coordinates"":[[[-107.2921794719236,48.3255433016341],[-107.29213107722222,48.325508486963145],[-107.29198150743404,48.32560970457004],[-107.29201052682765,48.32565832420624],[-107.29203119507945,48.32567126426286],[-107.29221537457585,48.32559610492772],[-107.2921794719236,48.3255433016341]]]}"
000000000000000019dc,2733,0,0,0,"{""type"":""Polygon"",""coordinates"":[[[-107.29205459606428,48.32544746696072],[-107.2920473246479,48.32543425724035],[-107.29189177667392,48.32554900963478],[-107.29198150743404,48.32560970457004],[-107.29213107722222,48.325508486963145],[-107.29205459606428,48.32544746696072]]]}"
000000000000000019e2,2734,0,0,0,"{""type"":""Polygon"",""coordinates"":[[[-107.29201127929579,48.32537693317024],[-107.29199046807233,48.325359472314894],[-107.29178795837323,48.32547514055618],[-107.29189177667392,48.32554900963478],[-107.2920473246479,48.32543425724035],[-107.29201127929579,48.32537693317024]]]}"
00000000000000001a40,2735,0,0,0,"{""type"":""Polygon"",""coordinates"":[[[-107.29197029954257,48.32535984907894],[-107.29187488993101,48.32532157250737],[-107.29187464460033,48.325317067450655],[-107.29171746044432,48.3253961200143],[-107.29173980964552,48.32544483078384],[-107.29178795837323,48.32547514055618],[-107.29199046807233,48.325359472314894],[-107.29197029954257,48.32535984907894]]]}"
000000000000000019ba,2736,0,0,0,"{""type"":""Polygon"",""coordinates"":[[[-107.29185886648708,48.3252638161446],[-107.29182465879386,48.325246624977225],[-107.29181758807357,48.32523784892898],[-107.29180394612244,48.32523361356394],[-107.29162095905745,48.32533553207361],[-107.29171038973298,48.325387343933244],[-107.29171746044432,48.3253961200143],[-107.29187464460033,48.325317067450655],[-107.29185886648708,48.3252638161446]],[[-107.29183271965704,48.325277727869754],[-107.29184043684725,48.3252998762732],[-107.29185298647235,48.32528180058559],[-107.29183271965704,48.325277727869754]],[[-107.29183271965704,48.325277727869754],[-107.29182564892905,48.325268951817144],[-107.29180572580626,48.32527383359686],[-107.29183271965704,48.325277727869754]]]}"
000000000000000019e6,2737,0,0,0,"{""type"":""Polygon"",""coordinates"":[[[-107.29178327823017,48.32522067355583],[-107.29172795692725,48.32518160367362],[-107.29170744489667,48.32517302589123],[-107.29153098457553,48.32527033202018],[-107.29157216436494,48.32529184993148],[-107.29160039342585,48.32532257619817],[-107.29162095905745,48.32533553207361],[-107.29180394612244,48.32523361356394],[-107.29178327823017,48.32522067355583]]]}"
000000000000000019bb,2738,0,0,0,"{""type"":""Polygon"",""coordinates"":[[[-107.29167348271721,48.32516033973822],[-107.29168558648952,48.32513332544191],[-107.29159819389834,48.325126080144024],[-107.29159092273254,48.32511287046261],[-107.29146780362039,48.325204592685424],[-107.29147467370277,48.32520893511417],[-107.29148851608127,48.32521760416943],[-107.29150225626066,48.32522628902558],[-107.29152411447163,48.325265989590996],[-107.29153098457553,48.32527033202018],[-107.29170744489667,48.32517302589123],[-107.29167348271721,48.32516033973822]]]}"
000000000000000019d0,2739,0,0,0,"{""type"":""Polygon"",""coordinates"":[[[-107.2915761925693,48.32508185886054],[-107.29156194913669,48.325064322579024],[-107.29156115968958,48.32504642944671],[-107.29153297561945,48.32501577472904],[-107.29138449939673,48.32513930142422],[-107.29139854222922,48.32515240412063],[-107.29143294999773,48.325174029060086],[-107.29144713593777,48.325191652606755],[-107.29146780362039,48.325204592685424],[-107.29159092273254,48.32511287046261],[-107.2915761925693,48.32508185886054]]]}"
000000000000000019cd,2740,0,0,0,"{""type"":""GeometryCollection"",""geometries"":[{""type"":""LineString"",""coordinates"":[[-107.29128074176474,48.32506542750081],[-107.2912874329338,48.32506529414222]]},{""type"":""Polygon"",""coordinates"":[[[-107.29149832260568,48.32498964485769],[-107.29146585002249,48.32501260208068],[-107.29145190941036,48.3249994836267],[-107.2914514636095,48.32499054497036],[-107.29128745548272,48.325065325298546],[-107.29130955859632,48.325109530843676],[-107.29137782985465,48.325139392630994],[-107.29138449939673,48.32513930142422],[-107.29153297561945,48.32501577472904],[-107.29149832260568,48.32498964485769]]]}]}"
000000000000000019d2,2741,0,0,0,"{""type"":""Polygon"",""coordinates"":[[[-107.29138200210963,48.32493392297346],[-107.29132100221712,48.32491727094995],[-107.29117874984347,48.325031767229056],[-107.29121281376042,48.32504443773688],[-107.29128078596092,48.32506541649794],[-107.2914514636095,48.32499054497036],[-107.2914509194946,48.32497715689053],[-107.29138200210963,48.32493392297346]]]}"
000000000000000019cf,2742,0,0,0,"{""type"":""Polygon"",""coordinates"":[[[-107.29130736051215,48.32491303553369],[-107.291285359701,48.32486881434769],[-107.29125105063076,48.3248516388841],[-107.2912376542221,48.32485190848253],[-107.29106238535734,48.32497597348726],[-107.29108309746327,48.324988985011714],[-107.29111716127353,48.32500165554596],[-107.29114429768526,48.325010070840044],[-107.29117874984347,48.325031767229056],[-107.29132100221712,48.32491727094995],[-107.29130736051215,48.32491303553369]]]}"
000000000000000019ca,2743,0,0,0,"{""type"":""Polygon"",""coordinates"":[[[-107.29121106190264,48.32485688128796],[-107.29119178529068,48.3248751351486],[-107.29111565512012,48.32481860425277],[-107.2909782935292,48.32489278902317],[-107.29099193513944,48.324897024486944],[-107.29100563025759,48.32490563796249],[-107.29102634229385,48.32491864948372],[-107.291034058881,48.324940797817646],[-107.29103460284385,48.32495418589453],[-107.29106238535734,48.32497597348726],[-107.2912376542221,48.32485190848253],[-107.29121106190264,48.32485688128796]]]}"
000000000000000019ce,2744,0,0,0,"{""type"":""Polygon"",""coordinates"":[[[-107.29110181302538,48.32480993520166],[-107.2911073945019,48.32478306794129],[-107.29110674830257,48.32476969570977],[-107.29105815564463,48.32473044733633],[-107.29089484825802,48.32482297684957],[-107.29094932107444,48.32484424112687],[-107.29094443037496,48.324884552078615],[-107.2909782935292,48.32489278902317],[-107.29111565512012,48.32481860425277],[-107.29110181302538,48.32480993520166]]]}"
000000000000000019c8,2745,0,0,0,"{""type"":""Polygon"",""coordinates"":[[[-107.29103724321581,48.32471300226247],[-107.29101578684873,48.324682169177294],[-107.29098133515176,48.32466047286082],[-107.29082449702531,48.324748477342695],[-107.29084560977148,48.32477035608677],[-107.29085934954728,48.32477904097204],[-107.29086024086335,48.32479691822783],[-107.29087438155761,48.32481447033953],[-107.29089484825802,48.32482297684957],[-107.29105815564463,48.32473044733633],[-107.29103724321581,48.32471300226247]]]}"
000000000000000019c7,2746,0,0,0,"{""type"":""Polygon"",""coordinates"":[[[-107.29093333151592,48.32463468390056],[-107.2909258155018,48.32461696927891],[-107.29090510368142,48.32460395780435],[-107.29070718966112,48.32467042820311],[-107.29077624827687,48.32471818324709],[-107.29081762714841,48.32474413489986],[-107.29082449702531,48.324748477342695],[-107.29098133515176,48.32466047286082],[-107.29093333151592,48.32463468390056]]]}"
000000000000000019cc,2747,0,0,0,"{""type"":""Polygon"",""coordinates"":[[[-107.29089116349314,48.324590839359075],[-107.29087657719761,48.324564348731265],[-107.2908414796311,48.32452928023177],[-107.29081414327328,48.32451643132731],[-107.29063847467029,48.324631627550424],[-107.29070031982042,48.324666085757336],[-107.29070718966112,48.32467042820311],[-107.29090510368142,48.32460395780435],[-107.29089116349314,48.324590839359075]]]}"
000000000000000019c9,2748,0,0,0,"{""type"":""Polygon"",""coordinates"":[[[-107.29073890196993,48.32448224281123],[-107.29073811291032,48.32446434985823],[-107.29072441804732,48.32445573640958],[-107.29055438488984,48.324548443202175],[-107.29058192151905,48.324565725785185],[-107.29062473503097,48.3246229426542],[-107.29063847467029,48.324631627550424],[-107.29081414327328,48.32451643132731],[-107.29073890196993,48.32448224281123]]]}"
00000000000000001980,2749,0,0,0,"{""type"":""Polygon"",""coordinates"":[[[-107.29066939822283,48.32442554937038],[-107.29066089293616,48.3243855082856],[-107.29045709979118,48.3244699619665],[-107.29045808911607,48.3244922885149],[-107.29049259760882,48.32451389775987],[-107.29055438488984,48.324548443202175],[-107.29072441804732,48.32445573640958],[-107.29066939822283,48.32442554937038]]]}"
000000000000000019d3,2750,0,0,0,"{""type"":""Polygon"",""coordinates"":[[[-107.29076883526642,48.32425383874711],[-107.2907494606395,48.32426764293804],[-107.29072286882585,48.324272615540856],[-107.29071614203968,48.3242727939018],[-107.29061046557834,48.3243061277621],[-107.2905981610786,48.324328707936694],[-107.29058431935542,48.32432003888148],[-107.2905841189355,48.32431560530885],[-107.29039960275631,48.324381805172166],[-107.29041398817702,48.324403862212606],[-107.290428574016,48.324430352842256],[-107.29045655602926,48.324456574003186],[-107.29045709979118,48.3244699619665],[-107.29066089293616,48.3243855082856],[-107.29065362229775,48.32437229870389],[-107.29070009193846,48.32436237325513],[-107.29071936839449,48.324344119673164],[-107.29074575982034,48.32433471348991],[-107.29076513448541,48.32432090928134],[-107.29084412093816,48.324288098508944],[-107.29090837414003,48.32422874163051],[-107.29090738453007,48.32420641520467],[-107.29076883526642,48.32425383874711]]]}"
00000000000000001a47,2751,0,0,0,"{""type"":""GeometryCollection"",""geometries"":[{""type"":""LineString"",""coordinates"":[[-107.29077537333609,48.32424924716039],[-107.29076888219319,48.324253842728325]]},{""type"":""Polygon"",""coordinates"":[[[-107.29067635453761,48.32428246957482],[-107.29071614203968,48.3242727939018],[-107.29070260292919,48.32426854264063],[-107.29067635453761,48.32428246957482]]]},{""type"":""Polygon"",""coordinates"":[[[-107.29090006905541,48.324193134282055],[-107.29078712210548,48.324213258758846],[-107.29077536160919,48.32424922681643],[-107.29090738453007,48.32420641520467],[-107.29090006905541,48.324193134282055]]]},{""type"":""Polygon"",""coordinates"":[[[-107.29067635453761,48.32428246957482],[-107.29064239388399,48.32426978323113],[-107.290623117449,48.32428803677159],[-107.29061046557834,48.3243061277621],[-107.29067635453761,48.32428246957482]]]},{""type"":""Polygon"",""coordinates"":[[[-107.2905701790083,48.32430248688153],[-107.29055599391955,48.324284863478546],[-107.29054160843054,48.324262806510475],[-107.29053433786382,48.324249596948405],[-107.29036158291898,48.324279828564684],[-107.29037725614391,48.324333094999204],[-107.2903993576032,48.32437730018683],[-107.29039960275631,48.324381805172166],[-107.2905841189355,48.32431560530885],[-107.2905701790083,48.32430248688153]]]}]}"
000000000000000019be,2752,0,0,0,"{""type"":""GeometryCollection"",""geometries"":[{""type"":""LineString"",""coordinates"":[[-107.29052760400846,48.32424971776377],[-107.29053429507434,48.32424958445067]]},{""type"":""Polygon"",""coordinates"":[[[-107.29050611074508,48.324218870939376],[-107.29047081355942,48.3241793689506],[-107.29046364524069,48.32416614360261],[-107.29031758064214,48.32419585192305],[-107.29033923641356,48.3242311184736],[-107.29035342134723,48.324248741894706],[-107.29036158291898,48.324279828564684],[-107.2905275663388,48.324249703889286],[-107.29050611074508,48.324218870939376]]]},{""type"":""Polygon"",""coordinates"":[[[-107.2909054053096,48.324161762381095],[-107.29087722258339,48.324131107947096],[-107.29085839195821,48.324158300004484],[-107.29082493042966,48.324158930228606],[-107.29080520845591,48.32416824523991],[-107.29078712210548,48.324213258758846],[-107.29090006905541,48.324193134282055],[-107.29089932466562,48.32417531283595],[-107.2909125203207,48.32417060973669],[-107.2909054053096,48.324161762381095]]]}]}"
000000000000000019c6,2753,0,0,0,"{""type"":""Polygon"",""coordinates"":[[[-107.29043990849337,48.32408624014225],[-107.29043279364646,48.324077392761524],[-107.29029394643896,48.32411593257333],[-107.29030808654997,48.32413348455835],[-107.29030907579543,48.32415581096897],[-107.29031006504074,48.32417813738897],[-107.29031758064214,48.32419585192305],[-107.29046364524069,48.32416614360261],[-107.29043990849337,48.32408624014225]]]}"
00000000000000001981,2754,0,0,0,"{""type"":""Polygon"",""coordinates"":[[[-107.29038424765255,48.32403821591607],[-107.29038236725536,48.32399801255385],[-107.29023640560264,48.324027704838045],[-107.29029394643896,48.32411593257333],[-107.29043279364646,48.324077392761524],[-107.29038424765255,48.32403821591607]]]}"
000000000000000019c3,2755,0,0,0,"{""type"":""Polygon"",""coordinates"":[[[-107.29036659191112,48.32394476225376],[-107.29033826700007,48.32390958702161],[-107.29019264904053,48.32394823347223],[-107.29020768004801,48.3239836624158],[-107.2902218200607,48.32400121437232],[-107.29022216336877,48.32401016867523],[-107.29023640560264,48.324027704838045],[-107.29038236725536,48.32399801255385],[-107.29038770387132,48.32396664078762],[-107.29036659191112,48.32394476225376]]]}"
000000000000000019c1,2756,0,0,0,"{""type"":""Polygon"",""coordinates"":[[[-107.29033119697041,48.32390081106717],[-107.29029545477601,48.32385237076005],[-107.2902944655282,48.32383004447677],[-107.29028764066805,48.32382577347032],[-107.29014242381412,48.32387328684879],[-107.29014929340968,48.32387762927591],[-107.29018479024695,48.32392156471834],[-107.29019264904053,48.32394823347223],[-107.29033826700007,48.32390958702161],[-107.29033119697041,48.32390081106717]]]}"
000000000000000019c2,2757,0,0,0,"{""type"":""Polygon"",""coordinates"":[[[-107.29027848998565,48.3237723607969],[-107.2902527448979,48.32379513873754],[-107.29022401947027,48.32375109650963],[-107.29006466308458,48.32378105780231],[-107.29007880293977,48.32379860971698],[-107.29010692708404,48.3238293514279],[-107.29014242381412,48.32387328684879],[-107.29028764066805,48.32382577347032],[-107.29026692963153,48.323812762031956],[-107.2903064713979,48.32379858169223],[-107.29027848998565,48.3237723607969]]]}"
0000000000000000197d,2758,0,0,0,"{""type"":""Polygon"",""coordinates"":[[[-107.29006628451877,48.32366935129584],[-107.29006020372442,48.323682901575886],[-107.29005714768867,48.32376334338145],[-107.29006466308458,48.32378105780231],[-107.29022401947027,48.32375109650963],[-107.29021670436876,48.32373781563927],[-107.29024838723555,48.323696966706876],[-107.29024719762775,48.323670206967336],[-107.29006628451877,48.32366935129584]]]}"
00000000000000001931,2759,0,0,0,"{""type"":""Polygon"",""coordinates"":[[[-107.29007512275467,48.32356647655206],[-107.29009732158073,48.32361513050776],[-107.29006628451877,48.32366935129584],[-107.29024719762775,48.323670206967336],[-107.290246752106,48.32366126852183],[-107.29025855755543,48.32362537232738],[-107.29026389418271,48.32359400078765],[-107.29007512275467,48.32356647655206]]]}"
00000000000000001935,2760,0,0,0,"{""type"":""Polygon"",""coordinates"":[[[-107.29026389418271,48.32359400078765],[-107.29027595340793,48.32356691605401],[-107.29029522952818,48.323548662838796],[-107.29030832675038,48.32353951057513],[-107.29030788121196,48.32353057215231],[-107.29031331596936,48.323503649972906],[-107.29010497019416,48.32348549621811],[-107.29009864432736,48.323494541540384],[-107.29008001403001,48.32352616662941],[-107.29006736226903,48.323544257286336],[-107.29007512275467,48.32356647655206],[-107.29010878384865,48.323570280128905],[-107.29026389418271,48.32359400078765]],[[-107.29010878384865,48.323570280128905],[-107.29011421874716,48.32354335793706],[-107.29008732903756,48.32353944745967],[-107.29010878384865,48.323570280128905]]]}"
00000000000000001934,2761,0,0,0,"{""type"":""Polygon"",""coordinates"":[[[-107.29030352336025,48.32343240061752],[-107.29030307782165,48.323423462212695],[-107.29030233370085,48.32340564101315],[-107.2901282912787,48.32340912781242],[-107.29013067034143,48.323462647048935],[-107.29010497019416,48.32348549621811],[-107.29031331596936,48.323503649972906],[-107.29031964180072,48.32349460463583],[-107.29031919625895,48.3234856662207],[-107.29031820698371,48.32346334009237],[-107.29030352336025,48.32343240061752]]]}"
00000000000000001946,2762,0,0,0,"{""type"":""Polygon"",""coordinates"":[[[-107.29029950884254,48.32334318345345],[-107.29027192852507,48.32332582975464],[-107.29024394747003,48.32329960907337],[-107.29008612582821,48.32336528386314],[-107.29012695882317,48.323377847512795],[-107.2901282912787,48.32340912781242],[-107.29030233370085,48.32340564101315],[-107.29030188816219,48.32339670261281],[-107.2903277885727,48.32337828692774],[-107.29029950884254,48.32334318345345]]]}"
00000000000000001944,2763,0,0,0,"{""type"":""Polygon"",""coordinates"":[[[-107.29022976292198,48.323281985940966],[-107.29016248590919,48.32327445029637],[-107.29017424651315,48.323238482970595],[-107.29017400138129,48.323233978081035],[-107.29000189747049,48.3232775802095],[-107.2899958167359,48.32329113038409],[-107.29003101028077,48.32333064772327],[-107.2900655173504,48.32335225668553],[-107.29007945669858,48.32336537496627],[-107.29024394747003,48.32329960907337],[-107.29022976292198,48.323281985940966]]]}"
00000000000000001947,2764,0,0,0,"{""type"":""Polygon"",""coordinates"":[[[-107.29000825456221,48.32312120307648],[-107.29000257457544,48.32314362016508],[-107.29001162256992,48.32319704804475],[-107.29000030731348,48.32324195370163],[-107.29000105129157,48.323259774852254],[-107.29000189747049,48.3232775802095],[-107.29017400138129,48.323233978081035],[-107.29020667300881,48.32321545557892],[-107.29021324393919,48.32321091518587],[-107.29000825456221,48.32312120307648]]]}"
0000000000000000193f,2765,0,0,0,"{""type"":""MultiPolygon"",""coordinates"":[[[[-107.28987818283856,48.32275752633057],[-107.28985193550541,48.32277145261683],[-107.28986597674748,48.32278455499395],[-107.28989899124609,48.32277498686027],[-107.28995681851912,48.32272022829205],[-107.28987818283856,48.32275752633057]]],[[[-107.2901994906662,48.32305482738832],[-107.29019296451898,48.323059439171296],[-107.29016661880961,48.32306891635763],[-107.29009386268271,48.32308823122723],[-107.29007458676905,48.323106484238714],[-107.29000825456221,48.32312120307648],[-107.29021324393919,48.32321091518587],[-107.29025135026379,48.32316547067534],[-107.2901994906662,48.32305482738832]]]]}"
0000000000000000192e,2766,0,0,0,"{""type"":""MultiPolygon"",""coordinates"":[[[[-107.29016179123951,48.32266253792629],[-107.29016876282873,48.322666864459045],[-107.29033192872532,48.322721686275244],[-107.29033073901518,48.32269492703027],[-107.29016179123951,48.32266253792629]]],[[[-107.29033215496396,48.32302538944668],[-107.29023903159151,48.323040647299834],[-107.2901994906662,48.32305482738832],[-107.29025135026379,48.32316547067534],[-107.29025787642797,48.32316085887876],[-107.29032495293181,48.323163960965566],[-107.29036503774245,48.32316316842795],[-107.29035884400447,48.323024866358566],[-107.29033215496396,48.32302538944668]]]]}"
0000000000000000192d,2767,0,0,0,"{""type"":""MultiPolygon"",""coordinates"":[[[[-107.29034423271736,48.32269910683019],[-107.29033073901518,48.32269492703027],[-107.29033192872532,48.322721686275244],[-107.29033879815829,48.32272602859887],[-107.29054738554703,48.32274868652352],[-107.2905541120444,48.32274850818684],[-107.29055346600845,48.32273513645922],[-107.29034423271736,48.32269910683019]]],[[[-107.29037901091763,48.32302448999033],[-107.2903658156957,48.323029192903924],[-107.29035884400447,48.323024866358566],[-107.29036503774245,48.32316316842795],[-107.29037180905716,48.323163061506044],[-107.29043300548666,48.32318414715942],[-107.29046547661936,48.323161191111865],[-107.29048574184442,48.32316526399429],[-107.29050653935225,48.3230308564742],[-107.29037901091763,48.32302448999033]]]]}"
00000000000000001927,2768,0,0,0,"{""type"":""MultiPolygon"",""coordinates"":[[[[-107.29055346600845,48.32273513645922],[-107.2905541120444,48.32274850818684],[-107.29060739162578,48.32274301265118],[-107.29055346600845,48.32273513645922]]],[[[-107.29065651265583,48.323090380984375],[-107.2906350574953,48.323059548724665],[-107.29054682452025,48.3230344973299],[-107.29050653935225,48.3230308564742],[-107.29048574184442,48.32316526399429],[-107.2905872685324,48.323190061821784],[-107.29066318177743,48.32309028984185],[-107.29065651265583,48.323090380984375]]]]}"
00000000000000001928,2769,0,0,0,"{""type"":""Polygon"",""coordinates"":[[[-107.29077361474475,48.323163994512996],[-107.29075987556108,48.3231553098643],[-107.29073114978661,48.3231112683269],[-107.29066318177743,48.32309028984185],[-107.2905872685324,48.323190061821784],[-107.29065479099025,48.32320210203426],[-107.29066250707224,48.3232242496957],[-107.2907804843397,48.32316833683706],[-107.29077361474475,48.323163994512996]]]}"
0000000000000000192c,2770,0,0,0,"{""type"":""Polygon"",""coordinates"":[[[-107.29080792193216,48.32318116964958],[-107.29078745613803,48.32317266336078],[-107.2907804843397,48.32316833683706],[-107.29066250707224,48.3232242496957],[-107.29067788181597,48.32326863224875],[-107.29071228725527,48.32329025673911],[-107.29071253245358,48.32329476163038],[-107.29084495276464,48.323260817928244],[-107.29084964271179,48.3232160747408],[-107.29080792193216,48.32318116964958]]]}"
00000000000000001936,2771,1,0,0,"{""type"":""Polygon"",""coordinates"":[[[-107.29088034798382,48.32330476838936],[-107.29085281199919,48.32328748628547],[-107.29084495276464,48.323260817928244],[-107.29071253245358,48.32329476163038],[-107.29071327677796,48.32331258278441],[-107.29074190441274,48.32335217519981],[-107.2907629589354,48.32337414061235],[-107.2908888534002,48.32334480863741],[-107.29088034798382,48.32330476838936]]]}"
00000000000000001945,2772,0,0,0,"{""type"":""Polygon"",""coordinates"":[[[-107.29089582525059,48.3233491351663],[-107.2908888534002,48.32334480863741],[-107.2907629589354,48.32337414061235],[-107.2907450734738,48.3234235869366],[-107.29076553938101,48.323432093271734],[-107.2907608940389,48.323476908045905],[-107.29077428988266,48.32347663853524],[-107.2907809143261,48.323476475976726],[-107.29092588456686,48.323424457121575],[-107.29092469445023,48.3233976975405],[-107.29092296037575,48.32335755029396],[-107.29089582525059,48.3233491351663]]]}"
0000000000000000194a,2773,0,0,0,"{""type"":""Polygon"",""coordinates"":[[[-107.29098243701493,48.32349035728741],[-107.2909551012935,48.32347750865803],[-107.29092677595017,48.32344233391954],[-107.29092588456686,48.323424457121575],[-107.2907809143261,48.323476475976726],[-107.29082110187086,48.32347566743041],[-107.29081522179361,48.323493651204565],[-107.29082253711888,48.32350693196268],[-107.29081641182586,48.32352041083744],[-107.29082372715592,48.32353369160202],[-107.29081794531895,48.323556124704176],[-107.29082491719272,48.32356045125482],[-107.2909964790787,48.32350345965566],[-107.29098243701493,48.32349035728741]]]}"
00000000000000001949,2774,0,0,0,"{""type"":""Polygon"",""coordinates"":[[[-107.2910261952138,48.32356982756752],[-107.2910033487755,48.32350780198893],[-107.2909964790787,48.32350345965566],[-107.29082491719272,48.32356045125482],[-107.29084552621943,48.32357347830662],[-107.29090638041123,48.32358560956344],[-107.2909347058242,48.32362078440099],[-107.29105377628511,48.32358718111031],[-107.2910261952138,48.32356982756752]]]}"
000000000000000019bf,2775,0,0,0,"{""type"":""Polygon"",""coordinates"":[[[-107.29105377628511,48.32358718111031],[-107.2909347058242,48.32362078440099],[-107.29095616158169,48.32365161690415],[-107.29097850877947,48.3237003263032],[-107.2909787092516,48.323704759822384],[-107.2910912537911,48.32367576831585],[-107.29105377628511,48.32358718111031]]]}"
000000000000000019c0,2776,0,0,0,"{""type"":""Polygon"",""coordinates"":[[[-107.2911277417086,48.32374202942529],[-107.29110005826934,48.323724691658065],[-107.29109951425492,48.32371130389247],[-107.2910983240229,48.32368454417208],[-107.2910912537911,48.32367576831585],[-107.2909787092516,48.323704759822384],[-107.29097885227765,48.32370928054789],[-107.29100095430637,48.32375348506396],[-107.29100876897762,48.323780082245214],[-107.2910092146851,48.32378902070245],[-107.29112868671261,48.323764284244625],[-107.29114830624808,48.32375498504443],[-107.2911277417086,48.32374202942529]]]}"
000000000000000019c5,2777,0,0,0,"{""type"":""Polygon"",""coordinates"":[[[-107.29114426274239,48.32381310068119],[-107.2911224057259,48.32377340108403],[-107.29112868671261,48.323764284244625],[-107.2910092146851,48.32378902070245],[-107.29100378032724,48.32381594305562],[-107.29101204071671,48.32385147873534],[-107.29100616064122,48.32386946264828],[-107.29104713793598,48.32388654673423],[-107.29115919257255,48.32384854516061],[-107.29114426274239,48.32381310068119]]]}"
000000000000000019c4,2778,0,0,0,"{""type"":""Polygon"",""coordinates"":[[[-107.29124110269635,48.323882641763646],[-107.29117382364436,48.32387510679385],[-107.29115919257255,48.32384854516061],[-107.29104713793598,48.32388654673423],[-107.29104733841517,48.323890980268615],[-107.29105574189325,48.32393103673743],[-107.29104279155905,48.32394024477717],[-107.29101684611908,48.32395858945088],[-107.29096435377653,48.32398197816823],[-107.29095194736757,48.32400457404365],[-107.29093929572164,48.3240226649753],[-107.29092719195206,48.32404967861314],[-107.2909079157214,48.32406793212999],[-107.29090237903067,48.32409487042256],[-107.29088310276738,48.32411312395078],[-107.29087722258339,48.324131107947096],[-107.2909054053096,48.324161762381095],[-107.29096357760494,48.324115956053184],[-107.29096871332311,48.32408015064497],[-107.29100780972205,48.32405703143263],[-107.29106563826514,48.32400227084414],[-107.2910858058619,48.32400189430329],[-107.29112510263948,48.3239832086218],[-107.29113177195538,48.3239831174403],[-107.29125494452157,48.32389131065032],[-107.29124110269635,48.323882641763646]]]}"
000000000000000019bd,2779,0,0,0,"{""type"":""MultiPolygon"",""coordinates"":[[[[-107.2909054053096,48.324161762381095],[-107.2909125203207,48.32417060973669],[-107.29095814314454,48.32414287857193],[-107.29096357760494,48.324115956053184],[-107.2909054053096,48.324161762381095]]],[[[-107.29132301304215,48.32391673831308],[-107.29128208022037,48.3238997257478],[-107.29125494452157,48.32389131065032],[-107.29113177195538,48.3239831174403],[-107.29117858476069,48.323982146131314],[-107.29124734435472,48.32402101733323],[-107.29130834273266,48.32403766916116],[-107.29133640912472,48.323916468715744],[-107.29132301304215,48.32391673831308]]]]}"
000000000000000019d1,2780,0,0,0,"{""type"":""Polygon"",""coordinates"":[[[-107.29142943321469,48.323901225274504],[-107.29139666279588,48.323915299107334],[-107.29133640912472,48.323916468715744],[-107.29130834273266,48.32403766916116],[-107.29131506951761,48.32403749075957],[-107.29137467705951,48.32402294911822],[-107.2914616784447,48.32402116884132],[-107.29150176466611,48.32402037578085],[-107.29142943321469,48.323901225274504]]]}"
000000000000000019b8,2781,0,0,0,"{""type"":""Polygon"",""coordinates"":[[[-107.29148671698731,48.32383307681784],[-107.29148083711453,48.32385106074845],[-107.29146778465072,48.323860284630925],[-107.29146897514661,48.3238870444285],[-107.29142943321469,48.323901225274504],[-107.29150176466611,48.32402037578085],[-107.29156177331251,48.324014701111544],[-107.29160719523091,48.323982536189355],[-107.29163358642626,48.32397312983203],[-107.29164673726302,48.32396835524595],[-107.29148671698731,48.32383307681784]]]}"
000000000000000019b7,2782,0,0,0,"{""type"":""GeometryCollection"",""geometries"":[{""type"":""LineString"",""coordinates"":[[-107.29164659358045,48.323963910274294],[-107.29164679357686,48.32396837251258]]},{""type"":""Polygon"",""coordinates"":[[[-107.29155729442887,48.32376467459352],[-107.29150480239767,48.32378806351294],[-107.29148671698731,48.32383307681784],[-107.29164663891552,48.32396390590681],[-107.29169345195149,48.32396293434144],[-107.29171875081519,48.32393121747655],[-107.29175774854566,48.32390364869791],[-107.29155729442887,48.32376467459352]]]}]}"
000000000000000019b1,2783,0,0,0,"{""type"":""Polygon"",""coordinates"":[[[-107.29168204483494,48.32370865300602],[-107.29166252369404,48.323722401624465],[-107.29163662330305,48.32374081778809],[-107.29155709388677,48.32376024107231],[-107.29155729442887,48.32376467459352],[-107.29175774854566,48.32390364869791],[-107.29178389436119,48.32388973737844],[-107.29181612047712,48.32386227562806],[-107.29184236846095,48.323848348502885],[-107.29168204483494,48.32370865300602]]]}"
000000000000000019b2,2784,0,0,0,"{""type"":""Polygon"",""coordinates"":[[[-107.29186765031365,48.32366476195921],[-107.29181525681486,48.323692600315454],[-107.29176785504131,48.32368011277544],[-107.29170152120653,48.32369483298246],[-107.29168204483494,48.32370865300602],[-107.29184236846095,48.323848348502885],[-107.29187483985497,48.323825391685524],[-107.29188813377898,48.323825137812136],[-107.29188747035327,48.32365989613825],[-107.29186765031365,48.32366476195921]]]}"
000000000000000019b3,2785,0,0,0,"{""type"":""Polygon"",""coordinates"":[[[-107.29207555606702,48.32367397337385],[-107.2920157483104,48.32368408183242],[-107.2920016072724,48.323666530270636],[-107.29198841178098,48.323671233470726],[-107.29194095243996,48.32365883323068],[-107.29190773632193,48.32366396874006],[-107.2919008664231,48.32365962646383],[-107.29188747035327,48.32365989613825],[-107.29188813377898,48.323825137812136],[-107.29194779857185,48.32381050867156],[-107.29196153844198,48.32381919324],[-107.29211085516589,48.323713474348956],[-107.29211040918669,48.32370453591642],[-107.29207555606702,48.32367397337385]]]}"
000000000000000019b4,2786,0,0,0,"{""type"":""GeometryCollection"",""geometries"":[{""type"":""LineString"",""coordinates"":[[-107.29210436319063,48.323718074343574],[-107.2921108541445,48.323713478702786]]},{""type"":""Polygon"",""coordinates"":[[[-107.29214649813294,48.323761929580456],[-107.29210432899302,48.32371808631957],[-107.29196153844198,48.32381919324],[-107.29200934174891,48.323840547758536],[-107.29195076935464,48.32387748739671],[-107.29195096994384,48.32388192092568],[-107.29217033728128,48.3238462813573],[-107.29217023886925,48.323841832030546],[-107.29216880248065,48.32381056735038],[-107.29219514881213,48.32380108946697],[-107.29221466991592,48.323787340720884],[-107.29216761146776,48.32378380761307],[-107.29215376932622,48.32377513888345],[-107.29219351178068,48.32376539129338],[-107.29221955903817,48.32374703057643],[-107.29214649813294,48.323761929580456]]]}]}"
000000000000000019b6,2787,0,0,0,"{""type"":""Polygon"",""coordinates"":[[[-107.29217152829351,48.323873041126035],[-107.29217033728128,48.3238462813573],[-107.29195096994384,48.32388192092568],[-107.29193288492722,48.32392693438405],[-107.2919338751751,48.32394926066578],[-107.2918564277941,48.32401332109697],[-107.29184367808737,48.32402696279922],[-107.29185074861465,48.324035738650565],[-107.29219343149506,48.3239128119278],[-107.29221270728117,48.32389455821754],[-107.29217152829351,48.323873041126035]]]}"
000000000000000019b5,2788,0,0,0,"{""type"":""Polygon"",""coordinates"":[[[-107.29221652578532,48.32397934257405],[-107.29216807547289,48.32394461610645],[-107.29219343149506,48.3239128119278],[-107.29185074861465,48.324035738650565],[-107.29191338443636,48.324088088460655],[-107.29200107395579,48.324104216278464],[-107.2920610829964,48.32409854127833],[-107.29207517057745,48.32411171502494],[-107.29222339580056,48.32398368485089],[-107.29221652578532,48.32397934257405]]]}"
000000000000000019cb,2789,0,0,0,"{""type"":""Polygon"",""coordinates"":[[[-107.29227871627451,48.324022753588466],[-107.29225750430557,48.323996426147964],[-107.29222339580056,48.32398368485089],[-107.29207517057745,48.32411171502494],[-107.29208179522479,48.324111552369615],[-107.29210250747202,48.32412456345915],[-107.2921359246639,48.3241238613744],[-107.29215599035147,48.324123500402486],[-107.29218950976619,48.324122782496666],[-107.29225717879417,48.32413934246453],[-107.29232557445823,48.324021853109286],[-107.29227871627451,48.324022753588466]]]}"
000000000000000019bc,2790,0,0,0,"{""type"":""Polygon"",""coordinates"":[[[-107.29241924613157,48.32401998067568],[-107.29240605050146,48.32402468396792],[-107.29235844716679,48.32400776312707],[-107.29233917135657,48.324026016906046],[-107.29232557445823,48.324021853109286],[-107.29225717879417,48.32413934246453],[-107.29226390566411,48.32413916399401],[-107.29246424459176,48.32412628227694],[-107.29241924613157,48.32401998067568]]]}"
000000000000000019dd,2791,0,0,0,"{""type"":""Polygon"",""coordinates"":[[[-107.29250485656405,48.323987006061856],[-107.29249833035992,48.32399161808376],[-107.29244559262673,48.3240105026821],[-107.29241924613157,48.32401998067568],[-107.29246424459176,48.32412628227694],[-107.29247764091208,48.32412601251338],[-107.292516937736,48.32410732621777],[-107.29254328429916,48.32409784818011],[-107.29255627929759,48.32408871131831],[-107.29261574403664,48.32406964813305],[-107.29262869425597,48.32406043986177],[-107.29250485656405,48.323987006061856]]]}"
000000000000000019da,2792,0,0,0,"{""type"":""Polygon"",""coordinates"":[[[-107.2925690092686,48.32392319912861],[-107.29254948814241,48.323936947982396],[-107.29253653796108,48.32394615622065],[-107.29250485656405,48.323987006061856],[-107.29262869425597,48.32406043986177],[-107.29266749117608,48.324028437112275],[-107.29263338234632,48.32401569596132],[-107.29264633254361,48.32400648769756],[-107.29267835776422,48.32397459206979],[-107.2926915533814,48.32396988874489],[-107.2925690092686,48.32392319912861]]]}"
000000000000000019b0,2793,0,0,0,"{""type"":""Polygon"",""coordinates"":[[[-107.29266593213693,48.323845317995776],[-107.29263405026178,48.32388173427144],[-107.29258195943797,48.323913990890254],[-107.2925690092686,48.32392319912861],[-107.2926915533814,48.32396988874489],[-107.29274394714706,48.32394204975877],[-107.29276277666045,48.3239148574706],[-107.29266593213693,48.323845317995776]]]}"
000000000000000019af,2794,0,0,0,"{""type"":""Polygon"",""coordinates"":[[[-107.29275657398607,48.323776553826846],[-107.29271787959426,48.323808540649985],[-107.29269108711681,48.323809080234895],[-107.29266593213693,48.323845317995776],[-107.29276277666045,48.3239148574706],[-107.29276930283648,48.323910245438086],[-107.29280839870813,48.32388712558024],[-107.29280799732115,48.323878258530684],[-107.29283335292459,48.32384645423344],[-107.29283987908408,48.323841842202505],[-107.29275657398607,48.323776553826846]]]}"
000000000000000019ad,2795,0,0,0,"{""type"":""Polygon"",""coordinates"":[[[-107.2928610132033,48.32371638687597],[-107.29280145052287,48.3237310007576],[-107.2927890003167,48.32375352533465],[-107.29275657398607,48.323776553826846],[-107.29283987908408,48.323841842202505],[-107.29289207193024,48.323809569689566],[-107.29293902865483,48.32381311823475],[-107.2929585048899,48.323799297932666],[-107.2928610132033,48.32371638687597]]]}"
000000000000000019ac,2796,0,0,0,"{""type"":""Polygon"",""coordinates"":[[[-107.29297974080137,48.32367382688817],[-107.29297321468077,48.32367843891305],[-107.29291415195111,48.32370636918248],[-107.29286778480011,48.32371627976987],[-107.2928610132033,48.32371638687597],[-107.2929585048899,48.323799297932666],[-107.29297778039934,48.323781044114895],[-107.29306294408246,48.323739130737145],[-107.29297974080137,48.32367382688817]]]}"
000000000000000019ae,2797,0,0,0,"{""type"":""Polygon"",""coordinates"":[[[-107.2930841796103,48.3236136598213],[-107.29303855798561,48.32364139168923],[-107.29297974080137,48.32367382688817],[-107.29306294408246,48.323739130737145],[-107.2930826657465,48.32372981534541],[-107.29309561579012,48.32372060707449],[-107.29318201582953,48.32370552470125],[-107.29318854194446,48.32370091265999],[-107.2930841796103,48.3236136598213]]]}"
00000000000000001930,2798,0,0,0,"{""type"":""Polygon"",""coordinates"":[[[-107.29316869589006,48.32355837459878],[-107.2931358236079,48.32357246472832],[-107.2930908490004,48.32361356850256],[-107.2930841796103,48.3236136598213],[-107.29318854194446,48.32370091265999],[-107.29322076734708,48.32367345055405],[-107.29324592180706,48.32363721277822],[-107.29329213295959,48.32362293992653],[-107.29316869589006,48.32355837459878]]]}"
00000000000000001908,2799,0,0,0,"{""type"":""Polygon"",""coordinates"":[[[-107.29326630889628,48.32349393671289],[-107.29325978282438,48.323498548740396],[-107.2932472343798,48.323516623975515],[-107.29322123226797,48.32353505628576],[-107.29316869589006,48.32355837459878],[-107.29329213295959,48.32362293992653],[-107.29330532845962,48.323618236551425],[-107.29331728733061,48.32358670216871],[-107.2933365626195,48.323568448357555],[-107.29335603865505,48.32355462804353],[-107.29336236396934,48.32354558251056],[-107.29326630889628,48.32349393671289]]]}"
00000000000000001919,2800,0,0,0,"{""type"":""Polygon"",""coordinates"":[[[-107.2932961503602,48.32341295564957],[-107.29328513787553,48.32346674456509],[-107.29326630889628,48.32349393671289],[-107.29336236396934,48.32354558251056],[-107.29336848851668,48.32353210348601],[-107.29338099216274,48.323513956826844],[-107.29339319646665,48.323486927391336],[-107.29343253728327,48.32346831236916],[-107.29344568796658,48.32346353758606],[-107.2932961503602,48.32341295564957]]]}"
00000000000000001909,2801,0,0,0,"{""type"":""Polygon"",""coordinates"":[[[-107.29346811402334,48.32336482674516],[-107.29331279629073,48.323336678053835],[-107.29331986716632,48.323345453674264],[-107.2932955033298,48.32339958379848],[-107.2932961503602,48.32341295564957],[-107.29344568796658,48.32346353758606],[-107.29344558939661,48.32345908829665],[-107.29344415189514,48.32342782388886],[-107.2934754304932,48.323378107240046],[-107.29346811402334,48.32336482674516]]]}"
0000000000000000190a,2802,0,0,0,"{""type"":""Polygon"",""coordinates"":[[[-107.2933677915572,48.32321945970935],[-107.29334184713483,48.32323780473643],[-107.2933158452521,48.323256236969804],[-107.29329885530771,48.3233235602908],[-107.29331279629073,48.323336678053835],[-107.29346811402334,48.32336482674516],[-107.2934674669288,48.323351454908966],[-107.29348639792349,48.32332424699626],[-107.29352628346662,48.323319019624506],[-107.29352593933817,48.32331006547064],[-107.2933677915572,48.32321945970935]]]}"
0000000000000000190d,2803,0,0,0,"{""type"":""Polygon"",""coordinates"":[[[-107.2935456779736,48.323153418476224],[-107.29351854160578,48.32314500415321],[-107.29342586224266,48.323169203514304],[-107.2933677915572,48.32321945970935],[-107.29352593933817,48.32331006547064],[-107.29367494900413,48.32319992760321],[-107.29366080708124,48.32318237646796],[-107.29359956185868,48.323161221570395],[-107.29354662447392,48.3231756729874],[-107.2935456779736,48.323153418476224]],[[-107.29354662447392,48.3231756729874],[-107.29352615743089,48.32316716731458],[-107.29352027855126,48.32318515111955],[-107.29354099115095,48.323198161663285],[-107.29354662447392,48.3231756729874]]]}"
0000000000000000191a,2804,0,0,0,"{""type"":""Polygon"",""coordinates"":[[[-107.2936916222153,48.323271053164184],[-107.29369665305401,48.32323526405042],[-107.29367494900413,48.32319992760321],[-107.29352593933817,48.32331006547064],[-107.29352628346662,48.323319019624506],[-107.2935462056693,48.32331413769083],[-107.29357498057921,48.323358249847175],[-107.29358912250645,48.32337580105303],[-107.29372657555402,48.32330606412293],[-107.2936916222153,48.323271053164184]]]}"
0000000000000000191c,2805,0,0,0,"{""type"":""Polygon"",""coordinates"":[[[-107.2937472883367,48.323319074647124],[-107.29373379352177,48.3233148953047],[-107.29372657555402,48.32330606412293],[-107.29358912250645,48.32337580105303],[-107.29361003604006,48.32339324510458],[-107.29360375556134,48.32340236202969],[-107.29362476771094,48.32342425537155],[-107.29366594773623,48.323445771632166],[-107.29367974558598,48.32345436867462],[-107.29376036509163,48.323461719057896],[-107.2937472883367,48.323319074647124]]]}"
000000000000000019b9,2806,0,0,0,"{""type"":""Polygon"",""coordinates"":[[[-107.29383453583927,48.32332179710742],[-107.29381461360632,48.32332667910236],[-107.2937472883367,48.323319074647124],[-107.29376036509163,48.323461719057896],[-107.29380055388889,48.32346090923367],[-107.29385250030143,48.323424131566796],[-107.2938859622431,48.323423500286395],[-107.29391265257661,48.32342297617427],[-107.2939386992248,48.323404615124936],[-107.29383453583927,48.32332179710742]]]}"
0000000000000000191b,2807,0,0,0,"{""type"":""Polygon"",""coordinates"":[[[-107.29391885016568,48.32326207808936],[-107.29389389729552,48.323302749236895],[-107.29387442148533,48.323316569588755],[-107.2938477312393,48.32331709368698],[-107.29383453583927,48.32332179710742],[-107.2939386992248,48.323404615124936],[-107.29399672505818,48.32335428700865],[-107.29402143227588,48.32330911092207],[-107.29391885016568,48.32326207808936]]]}"
000000000000000019d4,2808,0,0,0,"{""type"":""Polygon"",""coordinates"":[[[-107.29396881318907,48.32318064866547],[-107.29394953829632,48.32319890246028],[-107.29393778087238,48.323234870140745],[-107.29392517532528,48.32325303257302],[-107.29391885016568,48.32326207808936],[-107.29402143227588,48.32330911092207],[-107.29404593858624,48.323259501402546],[-107.29405903532138,48.32325034868969],[-107.29410584865005,48.32324937595441],[-107.29411207157095,48.323240346232595],[-107.29396881318907,48.32318064866547]]]}"
00000000000000001906,2809,0,0,0,"{""type"":""Polygon"",""coordinates"":[[[-107.2940122948076,48.32310390279013],[-107.2939945118335,48.32315779863182],[-107.29396881318907,48.32318064866547],[-107.29411207157095,48.323240346232595],[-107.29412427533148,48.32321331685711],[-107.29413623345005,48.323181782631735],[-107.2941754304553,48.323158646757754],[-107.29418165334663,48.32314961704758],[-107.2940122948076,48.32310390279013]]]}"
00000000000000001907,2810,0,0,0,"{""type"":""Polygon"",""coordinates"":[[[-107.29415681773771,48.32304294114531],[-107.2941495010223,48.323029660792294],[-107.2940231591994,48.32305005858767],[-107.29402459721584,48.323081322751555],[-107.2940120491987,48.32309939793387],[-107.2940122948076,48.32310390279013],[-107.29418165334663,48.32314961704758],[-107.29418698678188,48.32311824565168],[-107.29418624075535,48.32310042463289],[-107.2941848026011,48.32306916046369],[-107.29415681773771,48.32304294114531]]]}"
00000000000000001904,2811,0,0,0,"{""type"":""Polygon"",""coordinates"":[[[-107.29414188479194,48.32300749774794],[-107.29412117194256,48.32299448738677],[-107.29412541156115,48.322940806079124],[-107.29400584160769,48.32296109661702],[-107.29400050806636,48.32299246791282],[-107.2940221676403,48.323027732738375],[-107.2940231591994,48.32305005858767],[-107.2941495010223,48.323029660792294],[-107.29414188479194,48.32300749774794]]]}"
00000000000000001903,2812,0,0,0,"{""type"":""Polygon"",""coordinates"":[[[-107.29410201430066,48.32286539460867],[-107.29409469763779,48.322852114294484],[-107.29398837711443,48.322872079191306],[-107.29400400191042,48.32292096564612],[-107.29400584160769,48.32296109661702],[-107.29412541156115,48.322940806079124],[-107.29412955250142,48.3228826755878],[-107.29410201430066,48.32286539460867]]]}"
00000000000000001905,2813,0,0,0,"{""type"":""Polygon"",""coordinates"":[[[-107.29407303806275,48.322816849601814],[-107.29407767941312,48.3227720353252],[-107.29407040753927,48.32275882643434],[-107.29394446839973,48.3227880908504],[-107.29397976947644,48.322827590430386],[-107.29398837711443,48.322872079191306],[-107.29409469763779,48.322852114294484],[-107.29407303806275,48.322816849601814]]]}"
000000000000000018fe,2814,0,0,0,"{""type"":""Polygon"",""coordinates"":[[[-107.29406309090736,48.32274554614359],[-107.29404850242281,48.32271905697243],[-107.29403391395954,48.322692567811714],[-107.29402649870647,48.32267483831286],[-107.29399990752427,48.32267981165773],[-107.29399382809865,48.322693361899795],[-107.29398675711906,48.32268458643926],[-107.29389383316172,48.322704281193644],[-107.29390767560422,48.32271294949028],[-107.29394352164269,48.32276583651193],[-107.29394446839973,48.3227880908504],[-107.29407040753927,48.32275882643434],[-107.29406309090736,48.32274554614359]]]}"
000000000000000018fd,2815,0,0,0,"{""type"":""Polygon"",""coordinates"":[[[-107.29401942771965,48.32266606285797],[-107.2939911976902,48.32263533886203],[-107.2940173423769,48.32262142729525],[-107.29401580569728,48.32258571418839],[-107.29383652889601,48.322620563002424],[-107.2938442470645,48.322642710113065],[-107.2938450377001,48.32266060238744],[-107.29389383316172,48.322704281193644],[-107.29398675711906,48.32268458643926],[-107.29398606505758,48.322671143380404],[-107.29400633120144,48.32267521545933],[-107.29399990752427,48.32267981165773],[-107.29402649870647,48.32267483831286],[-107.29401942771965,48.32266606285797]]]}"
00000000000000001900,2816,0,0,0,"{""type"":""Polygon"",""coordinates"":[[[-107.29400873472865,48.32257693874696],[-107.29396666235907,48.32253754653784],[-107.29394076333367,48.322555962877544],[-107.29388519651721,48.32251239138679],[-107.29378021633343,48.32255917055083],[-107.29382149423594,48.32258513562773],[-107.29383652889601,48.322620563002424],[-107.29401580569728,48.32258571418839],[-107.29400873472865,48.32257693874696]]]}"
000000000000000018ff,2817,0,0,0,"{""type"":""Polygon"",""coordinates"":[[[-107.2938646310396,48.322499436680154],[-107.2938432713667,48.32247305476397],[-107.29380100211071,48.32242476414762],[-107.29378736063278,48.322420529276336],[-107.29371857032596,48.32252914914142],[-107.29378021633343,48.32255917055083],[-107.29388519651721,48.32251239138679],[-107.2938646310396,48.322499436680154]]]}"
000000000000000018fa,2818,0,0,0,"{""type"":""Polygon"",""coordinates"":[[[-107.2937534979948,48.32241229369189],[-107.29361341861262,48.32242400656728],[-107.29361440994256,48.322446332173044],[-107.29365124657762,48.3225215446944],[-107.29369805878338,48.322520572199636],[-107.29371857032596,48.32252914914142],[-107.29378736063278,48.322420529276336],[-107.2937534979948,48.32241229369189]]]}"
0000000000000000190f,2819,0,0,0,"{""type"":""Polygon"",""coordinates"":[[[-107.29360919505037,48.32233035805197],[-107.29361865012595,48.322392651427],[-107.29361341861262,48.32242400656728],[-107.2937534979948,48.32241229369189],[-107.29373183903984,48.32237702919834],[-107.29375086794379,48.322354270945276],[-107.29379130112146,48.322357965966646],[-107.29379010885646,48.32233120701244],[-107.29360919505037,48.32233035805197]]]}"
000000000000000018f6,2820,0,0,0,"{""type"":""Polygon"",""coordinates"":[[[-107.29377289064776,48.32224669536942],[-107.29376577504993,48.32223784856074],[-107.29359850310695,48.322241234431594],[-107.29360646662082,48.32226788619646],[-107.2936274781993,48.322289779084954],[-107.29360885088624,48.32232140406585],[-107.29360919505037,48.32233035805197],[-107.29379010885646,48.32233120701244],[-107.29378214518556,48.322304555235036],[-107.2937870323303,48.32226424618534],[-107.29377289064776,48.32224669536942]]]}"
000000000000000018fc,2821,0,0,0,"{""type"":""Polygon"",""coordinates"":[[[-107.29376175189049,48.32214863376546],[-107.29353433034898,48.32215317472144],[-107.2935750625874,48.32216575238518],[-107.29359850310695,48.322241234431594],[-107.29376577504993,48.32223784856074],[-107.29375098616843,48.322206926206675],[-107.29375666392724,48.322184509348],[-107.29375631972471,48.32217555538794],[-107.29376882271012,48.32215740915813],[-107.29376175189049,48.32214863376546]]]}"
000000000000000018f8,2822,0,0,0,"{""type"":""Polygon"",""coordinates"":[[[-107.29371131870765,48.32206925835752],[-107.29366327012004,48.32204340062144],[-107.29353433034898,48.32215317472144],[-107.29376175189049,48.32214863376546],[-107.29371131870765,48.32206925835752]]]}"
000000000000000018f7,2823,0,0,0,"{""type"":""Polygon"",""coordinates"":[[[-107.29364245944436,48.32202594120493],[-107.29356054884605,48.321991847852246],[-107.29348734756445,48.32200222673998],[-107.29353433034898,48.32215317472144],[-107.29366327012004,48.32204340062144],[-107.29364245944436,48.32202594120493]]]}"
00000000000000001910,2824,0,0,0,"{""type"":""Polygon"",""coordinates"":[[[-107.29348734756445,48.32200222673998],[-107.29337420477577,48.322017919937736],[-107.29334153469163,48.32203644306064],[-107.29341342448289,48.32214664967357],[-107.29350753883699,48.32215371449276],[-107.29353433034898,48.32215317472144],[-107.29348734756445,48.32200222673998]]]}"
000000000000000018fb,2825,1,0,1,"{""type"":""Polygon"",""coordinates"":[[[-107.29334153469163,48.32203644306064],[-107.2932763952212,48.32207792266548],[-107.2932299852979,48.32208776167163],[-107.29328753263415,48.32217598422936],[-107.29332060439083,48.32216632782934],[-107.29336028785028,48.322156667295665],[-107.29339340435818,48.322147082276416],[-107.29341342448289,48.32214664967357],[-107.29334153469163,48.32203644306064]]]}"
000000000000000018f9,2826,0,0,0,"{""type"":""Polygon"",""coordinates"":[[[-107.2932299852979,48.32208776167163],[-107.29319701582311,48.322097402221736],[-107.29311748945047,48.32211682612004],[-107.29310454000948,48.3221260341008],[-107.29316139525196,48.32220081385217],[-107.29319426626564,48.3221867241096],[-107.29325451831167,48.322185553415245],[-107.29328753263415,48.32217598422936],[-107.2932299852979,48.32208776167163]]]}"
0000000000000000190e,2827,0,0,0,"{""type"":""Polygon"",""coordinates"":[[[-107.29310454000948,48.3221260341008],[-107.29305214900688,48.322153872262504],[-107.29301240816662,48.32216361987135],[-107.29299313358835,48.32218187311705],[-107.29298646446286,48.32218196441986],[-107.29306348653755,48.32225636739551],[-107.29307643603158,48.32224715939636],[-107.29312230133034,48.3222239330708],[-107.29316139525196,48.32220081385217],[-107.29310454000948,48.3221260341008]]]}"
00000000000000001901,2828,0,0,0,"{""type"":""Polygon"",""coordinates"":[[[-107.29298646446286,48.32218196441986],[-107.2929276497106,48.32221439863478],[-107.2928749145614,48.32223328277193],[-107.29286838870705,48.32223789465796],[-107.29298574103743,48.32231600898454],[-107.29299933750463,48.32232017256518],[-107.29301806741016,48.32228853189101],[-107.29303101692095,48.32227932389199],[-107.29304396642696,48.322270115892934],[-107.29305696068857,48.322260979296225],[-107.29306348653755,48.32225636739551],[-107.29298646446286,48.32218196441986]]]}"
00000000000000001911,2829,0,0,0,"{""type"":""Polygon"",""coordinates"":[[[-107.29286838870705,48.32223789465796],[-107.29284283365526,48.3222652645805],[-107.29281644366958,48.32227467093714],[-107.29276415459806,48.32230249322442],[-107.29289490251139,48.32238033797906],[-107.29290730736169,48.32235774258264],[-107.29293997780377,48.32233921948637],[-107.2929592524864,48.322320966194646],[-107.29297907188833,48.32231610028765],[-107.29298574103743,48.32231600898454],[-107.29286838870705,48.32223789465796]]]}"
00000000000000001902,2830,0,0,0,"{""type"":""Polygon"",""coordinates"":[[[-107.29276415459806,48.32230249322442],[-107.29272495828813,48.32232562813233],[-107.29269925985432,48.32234847746333],[-107.29277846375213,48.32247196558532],[-107.29285794602174,48.322452470418504],[-107.29288922424459,48.32240275488227],[-107.29289490251139,48.32238033797906],[-107.29276415459806,48.32230249322442]]]}"
0000000000000000191d,2831,0,0,0,"{""type"":""Polygon"",""coordinates"":[[[-107.29269925985432,48.32234847746333],[-107.29268631028317,48.32235768543114],[-107.29265339434505,48.32237170364667],[-107.29261290805778,48.32236363033183],[-107.29258401234799,48.32246686382721],[-107.29265775868905,48.322469872951324],[-107.29269774525112,48.32246463023561],[-107.29272532684924,48.32248198292437],[-107.29277846375213,48.32247196558532],[-107.29269925985432,48.32234847746333]]]}"
00000000000000001913,2832,0,0,0,"{""type"":""Polygon"",""coordinates"":[[[-107.29258587121886,48.32235966504395],[-107.29253752451996,48.32232492398308],[-107.29251735752469,48.32232530080156],[-107.29242207612984,48.32243887669995],[-107.29252380503254,48.3224681055109],[-107.29258401234799,48.32246686382721],[-107.29261290805778,48.32236363033183],[-107.29258587121886,48.32235966504395]]]}"
00000000000000001912,2833,0,0,0,"{""type"":""Polygon"",""coordinates"":[[[-107.29249066837698,48.322325824485155],[-107.29246313182816,48.322308543175396],[-107.2924358944308,48.322300144452285],[-107.29239461843076,48.322274178871005],[-107.29238750326601,48.322265331944685],[-107.29236794882289,48.32242656819248],[-107.2923820896797,48.32244411929555],[-107.29240843501367,48.322434641622564],[-107.29242207612984,48.32243887669995],[-107.29251735752469,48.32232530080156],[-107.29249066837698,48.322325824485155]]]}"
00000000000000001916,2834,0,0,0,"{""type"":""Polygon"",""coordinates"":[[[-107.29230559445942,48.32223123732302],[-107.29223613572653,48.32217461881242],[-107.29216772137504,48.32214470360099],[-107.29207765412465,48.32207505865092],[-107.29202328228938,48.32205824523314],[-107.29200914178693,48.32204069419569],[-107.29199485434273,48.322023087560005],[-107.29198798471099,48.32201874541725],[-107.2920325339031,48.32211610513628],[-107.29207549107998,48.32217783929974],[-107.29210322785806,48.32219955407559],[-107.29213753532319,48.32221672841872],[-107.29215879104974,48.3222431264325],[-107.2921926525821,48.32225136258088],[-107.29222665733458,48.32226411931442],[-107.29226240150152,48.32231255740577],[-107.29229048238,48.32234322617732],[-107.29229191894329,48.322374489988256],[-107.2922785232827,48.3223747597003],[-107.29236794882289,48.32242656819248],[-107.29238750326601,48.322265331944685],[-107.29230559445942,48.32223123732302]]]}"
00000000000000001915,2835,0,0,0,"{""type"":""Polygon"",""coordinates"":[[[-107.29236794882289,48.32242656819248],[-107.2922785232827,48.3223747597003],[-107.29219746172157,48.322358469918534],[-107.29216414452618,48.322363621163866],[-107.2921752788712,48.32246168346151],[-107.29220182483971,48.32245663925054],[-107.29222886159154,48.32246060465595],[-107.29224215507584,48.32246035075125],[-107.29227567301601,48.322459632875216],[-107.29230913352585,48.322459002191785],[-107.29232915359003,48.32245856981389],[-107.29237556376019,48.32244873116804],[-107.2923820896797,48.32244411929555],[-107.29236794882289,48.32242656819248]]]}"
00000000000000001917,2836,0,0,0,"{""type"":""GeometryCollection"",""geometries"":[{""type"":""LineString"",""coordinates"":[[-107.29206860808398,48.32217347309075],[-107.29207549889232,48.3221778019306]]},{""type"":""Polygon"",""coordinates"":[[[-107.2920325339031,48.32211610513628],[-107.29202809096336,48.32216535220196],[-107.29206862140586,48.3221734971512],[-107.2920325339031,48.32211610513628]]]},{""type"":""Polygon"",""coordinates"":[[[-107.29216414452618,48.322363621163866],[-107.29208431891165,48.322374161702825],[-107.29205021196519,48.322361420693575],[-107.29203671793339,48.32235724116819],[-107.29203475528874,48.32246445577708],[-107.29207568728354,48.322481467583316],[-107.2921752788712,48.32246168346151],[-107.29216414452618,48.322363621163866]]]}]}"
00000000000000001933,2837,0,0,0,"{""type"":""MultiPolygon"",""coordinates"":[[[[-107.29198798471099,48.32201874541725],[-107.29194062962506,48.32200632970936],[-107.29191304896534,48.321988976926804],[-107.2918926816917,48.32198492023268],[-107.2918971462457,48.32208307310705],[-107.29198592363869,48.32212151015986],[-107.29202809096336,48.32216535220196],[-107.2920325339031,48.32211610513628],[-107.29198798471099,48.32201874541725]]],[[[-107.29201635042024,48.32235318447825],[-107.29195634425153,48.32235885919132],[-107.29189599436059,48.32235557985829],[-107.2918999107238,48.32244481099662],[-107.2919131057615,48.3224401079287],[-107.29200089366142,48.32245621954243],[-107.29200174083974,48.32247402458757],[-107.29201513649694,48.32247375491369],[-107.2920280861812,48.322464547013375],[-107.29203475528874,48.32246445577708],[-107.29203671793339,48.32235724116819],[-107.29201635042024,48.32235318447825]]]]}"
00000000000000001932,2838,0,0,0,"{""type"":""MultiPolygon"",""coordinates"":[[[[-107.29181582138538,48.32236163116312],[-107.29176214066567,48.322358260522826],[-107.29176690376458,48.32246529672662],[-107.2918999107238,48.32244481099662],[-107.29189599436059,48.32235557985829],[-107.29181582138538,48.32236163116312]]],[[[-107.29188581208632,48.32198057808509],[-107.29183138695598,48.32195938681259],[-107.29178889369419,48.32205845558547],[-107.29186308444906,48.322070403493925],[-107.2918971462457,48.32208307310705],[-107.2918926816917,48.32198492023268],[-107.29188581208632,48.32198057808509]]]]}"
00000000000000001918,2839,0,0,0,"{""type"":""Polygon"",""coordinates"":[[[-107.2916879494609,48.32234631248312],[-107.29166081464678,48.32233789772374],[-107.29161856578912,48.32244147196341],[-107.29161881110487,48.32244597677745],[-107.29167269241708,48.32245378091375],[-107.29171257646213,48.32244855441857],[-107.2917602794336,48.32246545934717],[-107.29176690376458,48.32246529672662],[-107.29176214066567,48.322358260522826],[-107.2916879494609,48.32234631248312]]]}"
00000000000000001922,2840,0,0,0,"{""type"":""MultiPolygon"",""coordinates"":[[[[-107.29129018057061,48.322586464822884],[-107.29132364084448,48.32258583448717],[-107.2913504320491,48.322585295328324],[-107.29139061886956,48.322584486575686],[-107.29144517183813,48.32245833267083],[-107.29145693102745,48.32242236577609],[-107.29129018057061,48.322586464822884]]],[[[-107.29162675279555,48.322325227967454],[-107.29157302750147,48.322321785815966],[-107.29161410203986,48.3223433183939],[-107.29156769219612,48.32235315664411],[-107.29155310602304,48.32232666723097],[-107.2914632564494,48.322413320558084],[-107.2915514895101,48.32243837081626],[-107.29161856578912,48.32244147196341],[-107.29166081464678,48.32233789772374],[-107.29162675279555,48.322325227967454]]]]}"
00000000000000001926,2841,0,0,0,"{""type"":""MultiPolygon"",""coordinates"":[[[[-107.29178343920181,48.32193797729574],[-107.29172571698267,48.321992720284484],[-107.29173313084415,48.322010449768676],[-107.29176056824234,48.322023282034536],[-107.29178889369419,48.32205845558547],[-107.29183138695598,48.32195938681259],[-107.29178343920181,48.32193797729574]]],[[[-107.2915316502798,48.322295835629234],[-107.29149091952246,48.32228325703078],[-107.29144994351492,48.322266173616725],[-107.29127711362968,48.322443822175806],[-107.2912682791936,48.32254669476123],[-107.29127658445944,48.32258230097047],[-107.29129018057061,48.322586464822884],[-107.29145693102745,48.32242236577609],[-107.2914632564494,48.322413320558084],[-107.29155310602304,48.32232666723097],[-107.2915316502798,48.322295835629234]]]]}"
0000000000000000190c,2842,0,0,0,"{""type"":""MultiPolygon"",""coordinates"":[[[[-107.2914362491367,48.32225756061343],[-107.29137238189114,48.32217838184254],[-107.29132294506338,48.322121330501396],[-107.29131542921633,48.32210361674349],[-107.29130880498138,48.322103779329375],[-107.29126925416948,48.32241715428226],[-107.29127711362968,48.322443822175806],[-107.29144994351492,48.322266173616725],[-107.2914362491367,48.32225756061343]]],[[[-107.2913772812476,48.32183887984899],[-107.29135681590162,48.32183037388489],[-107.29134416524585,48.32184846410484],[-107.29134441053102,48.32185296887012],[-107.29139176491273,48.32186538485394],[-107.29141900144828,48.321873783826234],[-107.29139384708859,48.321910019919045],[-107.29136780104457,48.321928379746865],[-107.29133438610464,48.32192908147835],[-107.291313248824,48.322054532331116],[-107.29131468456247,48.322085796007784],[-107.29132743364845,48.32207215488961],[-107.29137448942329,48.32207568836298],[-107.2913737983166,48.322062245415104],[-107.29131967252546,48.32204993636581],[-107.29135258818049,48.32203591869929],[-107.29134492924402,48.32201368439263],[-107.29141748303292,48.321989935637696],[-107.2914391837993,48.32202527187378],[-107.29145940398736,48.322029273067976],[-107.29144506330942,48.32200728857256],[-107.29147185413011,48.32200674939545],[-107.29152553414491,48.32201012019352],[-107.2915382831545,48.32199647906872],[-107.29153773894065,48.32198309174591],[-107.29149132957633,48.32199292988041],[-107.29146310288861,48.321962205445956],[-107.29152290760531,48.32195209773592],[-107.29157060977494,48.32196900262116],[-107.29159774428028,48.32197741735545],[-107.29164554492151,48.32199877138273],[-107.29172571698267,48.321992720284484],[-107.29178343920181,48.32193797729574],[-107.29172189935828,48.32190793905464],[-107.29154513641451,48.321848956705175],[-107.29143728626917,48.32183320558221],[-107.29138415073008,48.3218432220245],[-107.2913772812476,48.32183887984899]],[[-107.29157998733264,48.32187951844675],[-107.29156614608326,48.32187084992039],[-107.2915600660969,48.321884399816426],[-107.29157998733264,48.32187951844675]],[[-107.29137075539042,48.32184349159913],[-107.29137782540585,48.32185226713779],[-107.29138415073008,48.3218432220245],[-107.29137075539042,48.32184349159913]],[[-107.29154024705849,48.32188926538194],[-107.29151440160966,48.32191205860772],[-107.29154925254446,48.32194262039629],[-107.2915694191238,48.3219422437943],[-107.29159067417476,48.32196864181459],[-107.2916502336297,48.32195402924987],[-107.29161503888093,48.321914513557786],[-107.29158073212209,48.32189733910779],[-107.2915600660969,48.321884399816426],[-107.29154024705849,48.32188926538194]]]]}"
00000000000000001921,2843,0,0,0,"{""type"":""MultiPolygon"",""coordinates"":[[[[-107.2913377415831,48.3218530600534],[-107.29134441053102,48.32185296887012],[-107.29134416524585,48.32184846410484],[-107.2913377415831,48.3218530600534]]],[[[-107.29133438610464,48.32192908147835],[-107.29130092642006,48.32192971179508],[-107.29127458149989,48.32193918906382],[-107.29123439542884,48.32193999773909],[-107.29120686011788,48.32192271616331],[-107.2911931211961,48.32191403177272],[-107.29116796664789,48.3219502678386],[-107.29115497231136,48.32195940412829],[-107.2911423662907,48.32197756577164],[-107.29112897093677,48.32197783531361],[-107.2910825616821,48.32198767324689],[-107.29097312071096,48.32193629596375],[-107.29092323929,48.3218703065122],[-107.29088727006697,48.32196476303569],[-107.29088771576775,48.321973701188426],[-107.29088183603112,48.3219916844499],[-107.29126925416948,48.32241715428226],[-107.29130880498138,48.322103779329375],[-107.29129516428057,48.32209954411008],[-107.29128077894734,48.32207748815546],[-107.29131468456247,48.322085796007784],[-107.291313248824,48.322054532331116],[-107.29133438610464,48.32192908147835]],[[-107.29129965289543,48.322050368519],[-107.29130672292284,48.32205914409674],[-107.291313248824,48.322054532331116],[-107.29129965289543,48.322050368519]]]]}"
00000000000000001920,2844,0,0,0,"{""type"":""Polygon"",""coordinates"":[[[-107.29126925416948,48.32241715428226],[-107.29088183603112,48.3219916844499],[-107.29087082097769,48.32204547171562],[-107.29086954601853,48.32216612873297],[-107.2908774625655,48.32219270933901],[-107.29089164716031,48.32221033201346],[-107.2912682791936,48.32254669476123],[-107.29127711362968,48.322443822175806],[-107.29126925416948,48.32241715428226]],[[-107.29121003763002,48.32244072078305],[-107.29119664209901,48.3224409903413],[-107.29120371215885,48.32244976599029],[-107.29121003763002,48.32244072078305]]]}"
00000000000000001914,2845,0,0,0,"{""type"":""Polygon"",""coordinates"":[[[-107.2912682791936,48.32254669476123],[-107.29089164716031,48.32221033201346],[-107.29099776393629,48.322636999057785],[-107.29105678030729,48.32260899916512],[-107.2911036360949,48.32260809936661],[-107.29118356382587,48.322597543797876],[-107.29121643523297,48.32258345461692],[-107.29127658445944,48.32258230097047],[-107.2912682791936,48.32254669476123]]]}"
00000000000000001929,2846,0,0,0,"{""type"":""Polygon"",""coordinates"":[[[-107.29089164716031,48.32221033201346],[-107.2908774625655,48.32219270933901],[-107.29068079328927,48.32273706925466],[-107.29076076580081,48.322726585415666],[-107.29093252415089,48.322674028359984],[-107.29099776393629,48.322636999057785],[-107.29089164716031,48.32221033201346]],[[-107.29084275800122,48.32261326415516],[-107.29082916199847,48.32260910023456],[-107.2908295629214,48.322617967092455],[-107.29084275800122,48.32261326415516]]]}"
0000000000000000192a,2847,0,0,0,"{""type"":""Polygon"",""coordinates"":[[[-107.29086954601853,48.32216612873297],[-107.29034423271736,48.32269910683019],[-107.29055346600845,48.32273513645922],[-107.29060739162578,48.32274301265118],[-107.29068079328927,48.32273706925466],[-107.2908774625655,48.32219270933901],[-107.29086954601853,48.32216612873297]],[[-107.2906427737805,48.32263509590515],[-107.29062250878623,48.32263102309061],[-107.29062962345161,48.322639870221174],[-107.2906427737805,48.32263509590515]],[[-107.29062863395649,48.32261754445684],[-107.29060836897632,48.32261347164031],[-107.29061543887943,48.32262224736505],[-107.29062863395649,48.32261754445684]]]}"
0000000000000000192b,2848,0,1,0,"{""type"":""Polygon"",""coordinates"":[[[-107.29015516698465,48.32266270043485],[-107.29016179123951,48.32266253792629],[-107.29033073901518,48.32269492703027],[-107.29034423271736,48.32269910683019],[-107.29086954601853,48.32216612873297],[-107.29087082097769,48.32204547171562],[-107.29015516698465,48.32266270043485]]]}"
00000000000000001925,2849,0,0,0,"{""type"":""Polygon"",""coordinates"":[[[-107.2900940598309,48.322494197476054],[-107.29008872332385,48.32252556835427],[-107.2901002526788,48.322632498204435],[-107.29015516698465,48.32266270043485],[-107.29087082097769,48.32204547171562],[-107.29088183603112,48.3219916844499],[-107.29088771576775,48.321973701188426],[-107.2900940598309,48.322494197476054]]]}"
0000000000000000193e,2850,0,0,0,"{""type"":""Polygon"",""coordinates"":[[[-107.29013773264933,48.32227448674018],[-107.2901254287273,48.32229706597664],[-107.29008347491201,48.322409522180195],[-107.2900940598309,48.322494197476054],[-107.29088771576775,48.321973701188426],[-107.29088727006697,48.32196476303569],[-107.29013773264933,48.32227448674018]]]}"
00000000000000001924,2851,0,0,0,"{""type"":""Polygon"",""coordinates"":[[[-107.29085981978105,48.321800066049164],[-107.29083915422372,48.32178712661452],[-107.29016757864453,48.32219350839156],[-107.29013773264933,48.32227448674018],[-107.29088727006697,48.32196476303569],[-107.29092323929,48.3218703065122],[-107.29085981978105,48.321800066049164]]]}"
0000000000000000193c,2852,0,0,0,"{""type"":""Polygon"",""coordinates"":[[[-107.29043724910514,48.32163434529629],[-107.29038308004516,48.32162196437785],[-107.29037645596111,48.32162212689414],[-107.29016703493774,48.3221801209985],[-107.29016757864453,48.32219350839156],[-107.29083915422372,48.32178712661452],[-107.29071474098839,48.32170023464882],[-107.29049765416397,48.32163753835668],[-107.29044506303342,48.32166094148195],[-107.29043724910514,48.32163434529629]],[[-107.29044506303342,48.32166094148195],[-107.29041229466563,48.3216750143339],[-107.29038594996676,48.321684491307934],[-107.29038624859773,48.32169337381504],[-107.29038669417882,48.321702311927496],[-107.2903942094434,48.32172002563909],[-107.29041348447852,48.32170177306182],[-107.29043962877076,48.32168786272303],[-107.29044506303342,48.32166094148195]]]}"
00000000000000001937,2853,0,0,0,"{""type"":""Polygon"",""coordinates"":[[[-107.29034259607624,48.32161389016135],[-107.29016070354473,48.32159070910935],[-107.28996062784627,48.32160808970175],[-107.28980182467753,48.3216514363672],[-107.29016703493774,48.3221801209985],[-107.29037645596111,48.32162212689414],[-107.29034259607624,48.32161389016135]]]}"
0000000000000000192f,2854,0,0,0,"{""type"":""Polygon"",""coordinates"":[[[-107.28980182467753,48.3216514363672],[-107.28979505368034,48.321651543237856],[-107.28966417638553,48.32171673202232],[-107.28965760571145,48.3217212722437],[-107.2901254287273,48.32229706597664],[-107.29013773264933,48.32227448674018],[-107.29016757864453,48.32219350839156],[-107.29016703493774,48.3221801209985],[-107.28980182467753,48.3216514363672]]]}"
00000000000000001939,2855,0,0,0,"{""type"":""Polygon"",""coordinates"":[[[-107.28965760571145,48.3217212722437],[-107.28959107586215,48.321731556980396],[-107.28951179665842,48.32175548247395],[-107.28968821742909,48.32195737932497],[-107.28970892716097,48.32197039046704],[-107.28970260152171,48.321979435499664],[-107.2900555968715,48.322383286076246],[-107.29008347491201,48.322409522180195],[-107.2901254287273,48.32229706597664],[-107.28965760571145,48.3217212722437]]]}"
0000000000000000193d,2856,0,0,0,"{""type"":""Polygon"",""coordinates"":[[[-107.28970260152171,48.321979435499664],[-107.28969597742092,48.32197959797056],[-107.28965544877738,48.32197145200444],[-107.28967506736625,48.321962153442726],[-107.28967492448592,48.32195763286016],[-107.28968821742909,48.32195737932497],[-107.28951179665842,48.32175548247395],[-107.289439243664,48.321779229664784],[-107.28928221717219,48.321862793183165],[-107.28923744276663,48.32190832721124],[-107.2900555968715,48.322383286076246],[-107.28970260152171,48.321979435499664]],[[-107.2896639525989,48.32201149139708],[-107.28967625662588,48.321988912338355],[-107.28964348794494,48.322002985022834],[-107.2896639525989,48.32201149139708]],[[-107.28966425104927,48.32202037396564],[-107.28968421694043,48.32201556438288],[-107.2896639525989,48.32201149139708],[-107.28966425104927,48.32202037396564]],[[-107.28962940233164,48.321989811392356],[-107.28960918277402,48.32198580979997],[-107.28961625225794,48.32199458550524],[-107.28962940233164,48.321989811392356]],[[-107.28962570018513,48.322056879060845],[-107.289579090895,48.32206228288599],[-107.28962046560835,48.32208823386325],[-107.28962570018513,48.322056879060845]],[[-107.28962570018513,48.322056879060845],[-107.2896322709244,48.32205233881134],[-107.28966425104927,48.32202037396564],[-107.28963103694788,48.322025508478475],[-107.28960404631974,48.322021613743544],[-107.28959129686443,48.32203525462939],[-107.2895718210992,48.322049073778345],[-107.28961853256709,48.32204365416009],[-107.28962570018513,48.322056879060845]]]}"
00000000000000001923,2857,0,0,0,"{""type"":""Polygon"",""coordinates"":[[[-107.29008347491201,48.322409522180195],[-107.2900555968715,48.322383286076246],[-107.28923744276663,48.32190832721124],[-107.28918624034567,48.3219629220558],[-107.28915347168177,48.32197699456583],[-107.29008872332385,48.32252556835427],[-107.2900940598309,48.322494197476054],[-107.29008347491201,48.322409522180195]],[[-107.28951340643272,48.322090372618256],[-107.28949318686007,48.322086370994285],[-107.28950025632415,48.32209514672519],[-107.28951340643272,48.322090372618256]],[[-107.28950243427205,48.32214423127816],[-107.28948216992269,48.32214015824434],[-107.28948923939222,48.322148933984806],[-107.28950243427205,48.32214423127816]]]}"
00000000000000001938,2858,0,0,0,"{""type"":""Polygon"",""coordinates"":[[[-107.289130693377,48.32206674806794],[-107.28918417160058,48.3220656868248],[-107.28917156485099,48.32208384826432],[-107.28917972503598,48.32211493380388],[-107.29008033116254,48.322637379343526],[-107.29009352623432,48.32263267650761],[-107.2901002526788,48.322632498204435],[-107.29008872332385,48.32252556835427],[-107.28915347168177,48.32197699456583],[-107.289101280499,48.322009263893],[-107.2890754789141,48.32203212794072],[-107.28912273350174,48.32204009594075],[-107.2890765696755,48.32205443770087],[-107.28913024810919,48.322057809880434],[-107.289130693377,48.32206674806794]],[[-107.28937061966217,48.322191472496144],[-107.28935040008312,48.32218747083465],[-107.28935801292857,48.322209634002704],[-107.28937061966217,48.322191472496144]],[[-107.28918417160058,48.3220656868248],[-107.28919736644353,48.32206098416835],[-107.28918352605454,48.32205231524732],[-107.28918417160058,48.3220656868248]],[[-107.28913024810919,48.322057809880434],[-107.28914986676273,48.32204851140922],[-107.28916346212394,48.322052675539815],[-107.28918318297053,48.32204336126481],[-107.289135928334,48.32203539329527],[-107.28913024810919,48.322057809880434]]]}"
00000000000000001942,2859,0,0,0,"{""type"":""Polygon"",""coordinates"":[[[-107.28917972503598,48.32211493380388],[-107.2891806689105,48.322137187989824],[-107.2891279789205,48.32215614143668],[-107.28911631594914,48.322196557113614],[-107.28925377687065,48.32227422877546],[-107.28926618339204,48.32225163385198],[-107.28930552309708,48.32223302098055],[-107.28931140354436,48.32221503771588],[-107.28934506306254,48.32221884150356],[-107.28929430556848,48.322282374956046],[-107.2892744865154,48.322287240090944],[-107.28997589388827,48.32269754200101],[-107.28998241997843,48.32269293026561],[-107.29008033116254,48.322637379343526],[-107.28917972503598,48.32211493380388]]]}"
00000000000000001941,2860,0,0,0,"{""type"":""Polygon"",""coordinates"":[[[-107.2892744865154,48.322287240090944],[-107.2892478963869,48.32229221205754],[-107.28925377687065,48.32227422877546],[-107.28911631594914,48.322196557113614],[-107.2891100923604,48.322205586351444],[-107.2890393153467,48.32226955134511],[-107.28987818283856,48.32275752633057],[-107.28995681851912,48.32272022829205],[-107.28997589388827,48.32269754200101],[-107.2892744865154,48.322287240090944]]]}"
00000000000000001940,2861,0,0,0,"{""type"":""Polygon"",""coordinates"":[[[-107.2890393153467,48.32226955134511],[-107.28900031861956,48.322297118147404],[-107.28898029934612,48.32229754981024],[-107.2889215815581,48.32233443088327],[-107.28888881254805,48.322348503410154],[-107.28883508911274,48.3223450596789],[-107.28972243112665,48.32272043357474],[-107.28981021658427,48.32273654733717],[-107.28985193550541,48.32277145261683],[-107.28987818283856,48.32275752633057],[-107.28961689429755,48.322606418985345],[-107.2890393153467,48.32226955134511]],[[-107.28961689429755,48.322606418985345],[-107.28958303399233,48.32259818184298],[-107.28959054894356,48.32261589592392],[-107.28961689429755,48.322606418985345]]]}"
0000000000000000194b,2862,0,0,0,"{""type"":""Polygon"",""coordinates"":[[[-107.28883508911274,48.3223450596789],[-107.28881496765077,48.32234550710519],[-107.28872150399657,48.32235180918544],[-107.28886722199587,48.322465016660324],[-107.28939274451953,48.32268681007793],[-107.28944044549704,48.32270371628476],[-107.28947390521886,48.3227030866059],[-107.2894868552528,48.32269387899954],[-107.28952704139753,48.32269307104193],[-107.28956712535945,48.32269227886578],[-107.28956875987616,48.322727976427224],[-107.28958946994076,48.32274098777522],[-107.2896222393027,48.32272691489652],[-107.28964828630458,48.322708555241874],[-107.28967507712238,48.32270801655878],[-107.28968877097878,48.32271662989935],[-107.28972243112665,48.32272043357474],[-107.28948368857462,48.3226224681411],[-107.28883508911274,48.3223450596789]],[[-107.28948368857462,48.3226224681411],[-107.28946342397587,48.32261839507301],[-107.28947049351896,48.322627170891934],[-107.28948368857462,48.3226224681411]],[[-107.28949906153181,48.32266685042567],[-107.28947879690416,48.32266277735815],[-107.28948586645949,48.322671553182964],[-107.28949906153181,48.32266685042567]]]}"
0000000000000000194e,2863,0,0,0,"{""type"":""Polygon"",""coordinates"":[[[-107.28886722199587,48.322465016660324],[-107.28888116043362,48.32247813491905],[-107.28927674591314,48.32278737240531],[-107.28933556242298,48.32275494003141],[-107.2893674900332,48.322718597002286],[-107.28939274451953,48.32268681007793],[-107.28886722199587,48.322465016660324]]]}"
0000000000000000194d,2864,0,0,0,"{""type"":""Polygon"",""coordinates"":[[[-107.28888116043362,48.32247813491905],[-107.28914048216777,48.32288386164001],[-107.28914690613685,48.3228792657415],[-107.2892252438518,48.322833085496605],[-107.28924407455874,48.32280589443509],[-107.28927674591314,48.32278737240531],[-107.28888116043362,48.32247813491905]]]}"
0000000000000000194f,2865,0,0,0,"{""type"":""Polygon"",""coordinates"":[[[-107.28888116043362,48.32247813491905],[-107.28886722199587,48.322465016660324],[-107.28872150399657,48.32235180918544],[-107.28865483068255,48.32235757279259],[-107.28902951754273,48.322948635279594],[-107.28905566287675,48.32293472496474],[-107.28914048216777,48.32288386164001],[-107.28888116043362,48.32247813491905]]]}"
0000000000000000194c,2866,0,0,0,"{""type"":""Polygon"",""coordinates"":[[[-107.28865483068255,48.32235757279259],[-107.28864810438937,48.32235775098981],[-107.28885711342056,48.322987817395216],[-107.28892344498959,48.32297309940537],[-107.28898290734227,48.32295403892922],[-107.28900959594931,48.322953516227635],[-107.28902951754273,48.322948635279594],[-107.28865483068255,48.32235757279259]]]}"
00000000000000001948,2867,0,0,0,"{""type"":""Polygon"",""coordinates"":[[[-107.28864810438937,48.32235775098981],[-107.288634709252,48.32235802018043],[-107.2885753501348,48.32237706440357],[-107.28869632824977,48.32298651155025],[-107.2887431833402,48.32298561291428],[-107.2888240988416,48.32299738521121],[-107.28885711342056,48.322987817395216],[-107.28864810438937,48.32235775098981]]]}"
00000000000000001943,2868,0,0,0,"{""type"":""Polygon"",""coordinates"":[[[-107.2885753501348,48.32237706440357],[-107.28846947966672,48.32240596114004],[-107.28844248923711,48.32240206604585],[-107.2885554074973,48.32298041178],[-107.28856880284847,48.32298014259187],[-107.28869632824977,48.32298651155025],[-107.2885753501348,48.32237706440357]]]}"
00000000000000001950,2869,0,0,0,"{""type"":""Polygon"",""coordinates"":[[[-107.28835792842803,48.32245727449736],[-107.28833192610058,48.32247570512242],[-107.28831853096544,48.3224759742695],[-107.28842141356706,48.32297856708334],[-107.28846762324551,48.32296429676648],[-107.2885554074973,48.32298041178],[-107.28844248923711,48.32240206604585],[-107.28831457862256,48.322386671305644],[-107.28830869772193,48.32240465457885],[-107.28830948564747,48.32242254688728],[-107.28832974975445,48.32242662019623],[-107.28834368790578,48.322439738530726],[-107.2883772044473,48.32243902205054],[-107.28835792842803,48.32245727449736]],[[-107.2883772044473,48.32243902205054],[-107.2883904973799,48.32243876869289],[-107.28838342820848,48.32242999281617],[-107.2883772044473,48.32243902205054]]]}"
0000000000000000197c,2870,0,0,0,"{""type"":""MultiPolygon"",""coordinates"":[[[[-107.28829589038018,48.322418382604475],[-107.28830948564747,48.32242254688728],[-107.28830869772193,48.32240465457885],[-107.28829589038018,48.322418382604475]]],[[[-107.28831853096544,48.3224759742695],[-107.28829184289812,48.32247649676073],[-107.28826505264045,48.32247703504154],[-107.28823826239002,48.3224775733147],[-107.28813792993694,48.32247953237276],[-107.28806388533235,48.322472102041026],[-107.28805039230956,48.32246792192145],[-107.28832734818701,48.32297156847068],[-107.28835433897785,48.32297546362978],[-107.28838834159525,48.3229882219498],[-107.28842141356706,48.32297856708334],[-107.28831853096544,48.3224759742695]]]]}"
0000000000000000197b,2871,0,0,0,"{""type"":""Polygon"",""coordinates"":[[[-107.28805039230956,48.32246792192145],[-107.28793636269607,48.322465732234676],[-107.28789702264585,48.32248434463568],[-107.28819414249331,48.32298761594792],[-107.28827342409588,48.32296369092635],[-107.28832734818701,48.32297156847068],[-107.28805039230956,48.32246792192145]]]}"
0000000000000000197e,2872,0,0,0,"{""type"":""Polygon"",""coordinates"":[[[-107.28789702264585,48.32248434463568],[-107.2878447324409,48.32251216438384],[-107.28777133309048,48.32251810552975],[-107.28808278950987,48.323043363073275],[-107.28817427840356,48.32299240952177],[-107.28819414249331,48.32298761594792],[-107.28789702264585,48.32248434463568]]]}"
00000000000000001982,2873,0,0,0,"{""type"":""Polygon"",""coordinates"":[[[-107.28777133309048,48.32251810552975],[-107.2876447984335,48.322534061118596],[-107.28763140337482,48.32253433016824],[-107.28795669770058,48.32306825765271],[-107.28796332187542,48.323068095296534],[-107.2880359794241,48.32304433278772],[-107.28807626325572,48.32304797471419],[-107.28808278950987,48.323043363073275],[-107.28777133309048,48.32251810552975]]]}"
00000000000000001983,2874,0,0,0,"{""type"":""Polygon"",""coordinates"":[[[-107.28763140337482,48.32253433016824],[-107.28751213777164,48.322563494985076],[-107.28750200771479,48.322635159163134],[-107.28750295054704,48.32265741360977],[-107.28784395643801,48.323092811585845],[-107.28787030207637,48.323083335034],[-107.28795669770058,48.32306825765271],[-107.28763140337482,48.32253433016824]]]}"
000000000000000019fd,2875,0,0,0,"{""type"":""Polygon"",""coordinates"":[[[-107.28750295054704,48.32265741360977],[-107.28748826933675,48.32277834128592],[-107.2874899018117,48.32281403899226],[-107.28751234106528,48.32286719784075],[-107.28772543175022,48.32313979817861],[-107.28774515324734,48.32313048399182],[-107.2877905753812,48.323098321403634],[-107.28781039474512,48.32309345649278],[-107.28783065904335,48.32309752995355],[-107.28784395643801,48.323092811585845],[-107.28750295054704,48.32265741360977]]]}"
000000000000000019fc,2876,0,0,0,"{""type"":""Polygon"",""coordinates"":[[[-107.28751234106528,48.32286719784075],[-107.28752831464074,48.323224152553415],[-107.28764170108035,48.32321297081582],[-107.28768667846093,48.32317186983208],[-107.28769933090108,48.32315377959817],[-107.28772543175022,48.32313979817861],[-107.28751234106528,48.32286719784075]]]}"
00000000000000001984,2877,0,0,0,"{""type"":""Polygon"",""coordinates"":[[[-107.2874899018117,48.32281403899226],[-107.28733228384739,48.32318341331088],[-107.2873392102312,48.32318766869635],[-107.28737365712351,48.32320936583952],[-107.2874549140788,48.323230093567865],[-107.28752831464074,48.323224152553415],[-107.28751234106528,48.32286719784075],[-107.2874899018117,48.32281403899226]]]}"
0000000000000000198d,2878,0,0,0,"{""type"":""Polygon"",""coordinates"":[[[-107.28717476264151,48.323106097363144],[-107.28724351344826,48.32314497101266],[-107.28733228384739,48.32318341331088],[-107.2874899018117,48.32281403899226],[-107.28748826933675,48.32277834128592],[-107.28717476264151,48.323106097363144]]]}"
0000000000000000198b,2879,0,0,0,"{""type"":""Polygon"",""coordinates"":[[[-107.28706498615517,48.32304576019664],[-107.28717476264151,48.323106097363144],[-107.28748826933675,48.32277834128592],[-107.28750295054704,48.32265741360977],[-107.28750200771479,48.322635159163134],[-107.28706498615517,48.32304576019664]]]}"
0000000000000000198e,2880,0,0,0,"{""type"":""Polygon"",""coordinates"":[[[-107.28693583122732,48.32300369112392],[-107.28699015427152,48.32302043641592],[-107.28704432214536,48.32303281960326],[-107.28706498615517,48.32304576019664],[-107.28750200771479,48.322635159163134],[-107.28751213777164,48.322563494985076],[-107.2875057137758,48.32256809074765],[-107.28745070118114,48.32253790275385],[-107.28737345316691,48.32260639133334],[-107.28693583122732,48.32300369112392]],[[-107.28737345316691,48.32260639133334],[-107.28738032200748,48.32261073387409],[-107.28742782085745,48.32262320766112],[-107.28741378091246,48.32261010493454],[-107.28737345316691,48.32260639133334]]]}"
0000000000000000198c,2881,0,0,0,"{""type"":""Polygon"",""coordinates"":[[[-107.28741649959083,48.3225207107438],[-107.287341668196,48.32249538747461],[-107.28683292450025,48.322947696384794],[-107.28687385224961,48.32296471066952],[-107.28692916238904,48.32300378200037],[-107.28693583122732,48.32300369112392],[-107.28737345316691,48.32260639133334],[-107.28745070118114,48.32253790275385],[-107.28741649959083,48.3225207107438]],[[-107.28735941325537,48.322593288602114],[-107.28733252533898,48.32258937737812],[-107.28733959420568,48.322598153366215],[-107.28735941325537,48.322593288602114]]]}"
0000000000000000198f,2882,0,0,0,"{""type"":""Polygon"",""coordinates"":[[[-107.28728720294329,48.3224741218997],[-107.28723199076664,48.32243950038973],[-107.28671692085547,48.322900853251],[-107.28674449812354,48.322918207908906],[-107.28675829312314,48.32292680593226],[-107.2867858704413,48.32294416058549],[-107.2868259535095,48.322943369571945],[-107.28683292450025,48.322947696384794],[-107.287341668196,48.32249538747461],[-107.28728720294329,48.3224741218997]]]}"
0000000000000000198a,2883,0,0,0,"{""type"":""Polygon"",""coordinates"":[[[-107.28712888471708,48.322379073115926],[-107.2866202965767,48.32283574196325],[-107.28664797147829,48.32285754589701],[-107.28666181116513,48.322866215332446],[-107.28667565086035,48.32287488476709],[-107.28671005209308,48.322896510637136],[-107.28671692085547,48.322900853251],[-107.28723199076664,48.32243950038973],[-107.28723189293834,48.32243505116087],[-107.28712888471708,48.322379073115926]]]}"
000000000000000019a8,2884,0,0,0,"{""type"":""Polygon"",""coordinates"":[[[-107.28712177120705,48.32237022574026],[-107.28701298421586,48.32233221502079],[-107.28649801220111,48.322798015034664],[-107.28651185180902,48.32280668448399],[-107.28652598910101,48.32282423666481],[-107.2866202965767,48.32283574196325],[-107.28712888471708,48.322379073115926],[-107.28712177120705,48.32237022574026]]]}"
000000000000000019a2,2885,0,0,0,"{""type"":""Polygon"",""coordinates"":[[[-107.28699252060443,48.32232370800411],[-107.28697848098359,48.322310605279526],[-107.28691279599745,48.322338693378235],[-107.2868471109578,48.322366781448224],[-107.28671020161163,48.32244989478067],[-107.28640143353583,48.32273297503721],[-107.28647047995248,48.32278073174483],[-107.28649801220111,48.322798015034664],[-107.28701298421586,48.32233221502079],[-107.28699252060443,48.32232370800411]]]}"
00000000000000001aac,2886,0,0,0,"{""type"":""Polygon"",""coordinates"":[[[-107.28623012301004,48.32264706002103],[-107.2862303229117,48.32265149347674],[-107.28627836308726,48.322677355439154],[-107.2863266032666,48.32270765084772],[-107.28639446266664,48.32272864820745],[-107.28640143353583,48.32273297503721],[-107.28671020161163,48.32244989478067],[-107.28623012301004,48.32264706002103]]]}"
000000000000000019a9,2887,0,0,0,"{""type"":""Polygon"",""coordinates"":[[[-107.28604581849999,48.32257028053294],[-107.28605945797175,48.3225745165662],[-107.28608036580047,48.32259196213834],[-107.28609405823438,48.32260057600852],[-107.28612143492259,48.322613497311245],[-107.28619567771294,48.32262536265692],[-107.28623012301004,48.32264706002103],[-107.28671020161163,48.32244989478067],[-107.2868471109578,48.322366781448224],[-107.28604581849999,48.32257028053294]]]}"
000000000000000019a4,2888,0,0,0,"{""type"":""Polygon"",""coordinates"":[[[-107.28588682071731,48.32245732123446],[-107.2859146945671,48.32248355869081],[-107.28593584685746,48.32250550911984],[-107.28597024705547,48.322527135130755],[-107.28600489192398,48.322553265991964],[-107.28604581849999,48.32257028053294],[-107.2868471109578,48.322366781448224],[-107.28691279599745,48.322338693378235],[-107.28588682071731,48.32245732123446]]]}"
00000000000000001997,2889,0,0,0,"{""type"":""Polygon"",""coordinates"":[[[-107.28697136753277,48.322301757902615],[-107.28696879301663,48.32224380622337],[-107.28582923789324,48.322369180421454],[-107.28584381906545,48.32239567085147],[-107.28585840025892,48.32242216129193],[-107.28588682071731,48.32245732123446],[-107.28691279599745,48.322338693378235],[-107.28697848098359,48.322310605279526],[-107.28697136753277,48.322301757902615]]]}"
000000000000000019a6,2890,0,0,0,"{""type"":""Polygon"",""coordinates"":[[[-107.28694556769925,48.322172755582585],[-107.28581125262225,48.32226677448065],[-107.28581387003885,48.322324797668905],[-107.28582923789324,48.322369180421454],[-107.28696879301663,48.32224380622337],[-107.28696865047263,48.32223928560432],[-107.28694556769925,48.322172755582585]],[[-107.28687454400233,48.32223221416834],[-107.28684093039692,48.32222848089016],[-107.28684819902838,48.32224169027853],[-107.28687454400233,48.32223221416834]],[[-107.28694067352046,48.32221306439295],[-107.28692040999366,48.32220899079267],[-107.28692065472781,48.322213495613745],[-107.28688087018081,48.322223169265236],[-107.28692159722068,48.322235749898155],[-107.28694067352046,48.32221306439295]]]}"
00000000000000001985,2891,0,0,0,"{""type"":""Polygon"",""coordinates"":[[[-107.28693829903624,48.3221595462195],[-107.28692816643108,48.32208380913109],[-107.28582716981691,48.322172678616084],[-107.28581496156309,48.32219970652219],[-107.28581125262225,48.32226677448065],[-107.28694556769925,48.322172755582585],[-107.28693829903624,48.3221595462195]]]}"
00000000000000001996,2892,0,0,0,"{""type"":""Polygon"",""coordinates"":[[[-107.28691694881373,48.321981297362555],[-107.28690879074716,48.321950211655285],[-107.28589112590727,48.32210444482521],[-107.285878473251,48.322122534469365],[-107.28584600191537,48.32214548852317],[-107.28582716981691,48.322172678616084],[-107.28692816643108,48.32208380913109],[-107.28691694881373,48.321981297362555]]]}"
00000000000000001993,2893,0,0,0,"{""type"":""Polygon"",""coordinates"":[[[-107.28685684657958,48.321835119578445],[-107.28600712698646,48.322003887814965],[-107.28590852683195,48.32204599088664],[-107.28589112590727,48.32210444482521],[-107.28690879074716,48.321950211655285],[-107.28685684657958,48.321835119578445]]]}"
00000000000000001992,2894,0,0,0,"{""type"":""Polygon"",""coordinates"":[[[-107.28681142438681,48.32171988124556],[-107.28674074729709,48.32163642873815],[-107.28659524218108,48.32152765283481],[-107.28658861837678,48.32152781508256],[-107.28600712698646,48.322003887814965],[-107.28685684657958,48.321835119578445],[-107.28681142438681,48.32171988124556]]]}"
00000000000000001994,2895,0,0,0,"{""type"":""Polygon"",""coordinates"":[[[-107.28638464184833,48.32146042280088],[-107.28634367139061,48.3214433373328],[-107.28594490657203,48.32196040260849],[-107.28594589322174,48.32198272821715],[-107.28592039268327,48.322010009041016],[-107.28590852683195,48.32204599088664],[-107.28600712698646,48.322003887814965],[-107.28658861837678,48.32152781508256],[-107.28638464184833,48.32146042280088]]]}"
00000000000000001990,2896,0,0,0,"{""type"":""Polygon"",""coordinates"":[[[-107.28620765530091,48.32139692583861],[-107.28611325429297,48.32138097119584],[-107.28585006008194,48.32193550936173],[-107.28586369927582,48.32193974537925],[-107.2858907859992,48.321948090392006],[-107.28594490657203,48.32196040260849],[-107.28634367139061,48.3214433373328],[-107.28620765530091,48.32139692583861]]]}"
00000000000000001991,2897,0,0,0,"{""type"":""Polygon"",""coordinates"":[[[-107.2860795970686,48.32137716627773],[-107.28597229934523,48.32137479614877],[-107.28571587424652,48.321929227328624],[-107.28572926881446,48.32192895856156],[-107.28585006008194,48.32193550936173],[-107.28611325429297,48.32138097119584],[-107.2860795970686,48.32137716627773]]]}"
00000000000000001999,2898,0,0,0,"{""type"":""Polygon"",""coordinates"":[[[-107.28590522967474,48.32137169095432],[-107.28585056783456,48.32134599158263],[-107.2858435973162,48.32134166481691],[-107.28556908070644,48.32194110605106],[-107.28571587424652,48.321929227328624],[-107.28597229934523,48.32137479614877],[-107.28590522967474,48.32137169095432]]]}"
00000000000000001998,2899,0,0,0,"{""type"":""Polygon"",""coordinates"":[[[-107.28572117715552,48.32129941724779],[-107.28574752139295,48.321289941633296],[-107.28573412705347,48.32129021039387],[-107.28570744057231,48.32129073211533],[-107.28544744586101,48.32191674988351],[-107.28548772706479,48.32192039288471],[-107.28554229160903,48.321941643537784],[-107.28556908070644,48.32194110605106],[-107.2858435973162,48.32134166481691],[-107.28572117715552,48.32129941724779]]]}"
0000000000000000199a,2900,0,0,0,"{""type"":""Polygon"",""coordinates"":[[[-107.2854802837112,48.32130422299289],[-107.2853421199392,48.32195903026287],[-107.28535551446485,48.321958761548835],[-107.28538675489585,48.32190897733506],[-107.28544744586101,48.32191674988351],[-107.28570744057231,48.32129073211533],[-107.2854802837112,48.32130422299289]]]}"
00000000000000001986,2901,0,0,0,"{""type"":""Polygon"",""coordinates"":[[[-107.28539977553946,48.32130131475328],[-107.28533957469614,48.321302551743564],[-107.28521327507389,48.321921377135425],[-107.28522701168409,48.32193006244091],[-107.2852744630824,48.32194246579545],[-107.2853220568804,48.3219593897304],[-107.2853421199392,48.32195903026287],[-107.2854802837112,48.32130422299289],[-107.28539977553946,48.32130131475328]]]}"
00000000000000001987,2902,0,0,0,"{""type"":""Polygon"",""coordinates"":[[[-107.28526583726907,48.32129953684228],[-107.28525906666523,48.32129964338256],[-107.28506896176255,48.32183935714836],[-107.28508294279673,48.321852547264115],[-107.28510340528658,48.32186105464057],[-107.28517254972206,48.32190879580993],[-107.28521327507389,48.321921377135425],[-107.28533957469614,48.321302551743564],[-107.28526583726907,48.32129953684228]]]}"
000000000000000019a5,2903,0,0,0,"{""type"":""Polygon"",""coordinates"":[[[-107.28513852287335,48.3212975965962],[-107.28511835802426,48.32129797179989],[-107.28495889286242,48.32177460117597],[-107.2850059443186,48.32177813785824],[-107.28504711366729,48.321799657417145],[-107.28506124970143,48.32181720951287],[-107.28506203604985,48.321835101690155],[-107.28506896176255,48.32183935714836],[-107.28525906666523,48.32129964338256],[-107.28513852287335,48.3212975965962]]]}"
00000000000000001988,2904,0,0,0,"{""type"":""Polygon"",""coordinates"":[[[-107.28505128920142,48.3212948659923],[-107.28479747612099,48.32175991694944],[-107.28480424677541,48.32175981043948],[-107.28483137755372,48.32176822714612],[-107.28495889286242,48.32177460117597],[-107.28511835802426,48.32129797179989],[-107.28505128920142,48.3212948659923]]]}"
000000000000000019a3,2905,0,0,0,"{""type"":""Polygon"",""coordinates"":[[[-107.28499761467344,48.32129149148316],[-107.28495056383454,48.32128795481354],[-107.28493050122285,48.32128831418343],[-107.28466863326031,48.32172226318178],[-107.28470307629512,48.321743960782115],[-107.28475032728208,48.32175193098079],[-107.28479747612099,48.32175991694944],[-107.28505128920142,48.3212948659923],[-107.28499761467344,48.32129149148316]]]}"
00000000000000001989,2906,0,0,0,"{""type"":""Polygon"",""coordinates"":[[[-107.28491710699996,48.32128858282714],[-107.28491058091359,48.321293194096526],[-107.28450583220567,48.321676386162885],[-107.28457270155465,48.32167505898463],[-107.28460027630979,48.32169241392152],[-107.28465459502887,48.32170916023065],[-107.28466863326031,48.32172226318178],[-107.28493050122285,48.32128831418343],[-107.28491710699996,48.32128858282714]]]}"
00000000000000001aab,2907,0,0,0,"{""type"":""Polygon"",""coordinates"":[[[-107.28468708482409,48.32138694345337],[-107.28433694975763,48.32164405832096],[-107.2843574117964,48.321652565834356],[-107.28438464445496,48.32166096686545],[-107.28437876205903,48.321678949690465],[-107.284479288036,48.32168142812776],[-107.28450583220567,48.321676386162885],[-107.28491058091359,48.321293194096526],[-107.28468708482409,48.32138694345337]]]}"
000000000000000019a1,2908,0,0,0,"{""type"":""Polygon"",""coordinates"":[[[-107.2842660358975,48.32155609913791],[-107.28423934964064,48.32155662044848],[-107.28417163736832,48.321540142476714],[-107.28409137435014,48.321541737888275],[-107.28411968979495,48.32157691363505],[-107.2842078640141,48.32160189919431],[-107.28428268892011,48.32162722464318],[-107.28432983725713,48.32163521083531],[-107.28433694975763,48.32164405832096],[-107.28468708482409,48.32138694345337],[-107.2842758741757,48.321475554091016],[-107.28428274222124,48.32147989678101],[-107.28435969333347,48.32155423500957],[-107.28437451737982,48.32158523007796],[-107.2842660358975,48.32155609913791]],[[-107.28437451737982,48.32158523007796],[-107.28437496148496,48.32159416823749],[-107.28438811131778,48.32158939488408],[-107.28437451737982,48.32158523007796]]]}"
00000000000000001b62,2909,0,0,0,"{""type"":""Polygon"",""coordinates"":[[[-107.28484228179111,48.3212632580414],[-107.28479567529662,48.32126865939436],[-107.2842185993507,48.32139183135313],[-107.28423273472711,48.32140938345276],[-107.2842758741757,48.321475554091016],[-107.28468708482409,48.32138694345337],[-107.28491058091359,48.321293194096526],[-107.28491710699996,48.32128858282714],[-107.28484228179111,48.3212632580414]]]}"
00000000000000001c44,2910,0,0,0,"{""type"":""Polygon"",""coordinates"":[[[-107.28413236577687,48.32125956168757],[-107.28414724223194,48.32129493436687],[-107.28416240784937,48.32133488323474],[-107.28417624604134,48.32134355281778],[-107.28419744904737,48.32136988095554],[-107.2842185993507,48.32139183135313],[-107.28479567529662,48.32126865939436],[-107.28413236577687,48.32125956168757]]]}"
0000000000000000199f,2911,0,0,0,"{""type"":""Polygon"",""coordinates"":[[[-107.28482181973611,48.32125475069399],[-107.2846316901968,48.321196024277754],[-107.28413420372156,48.32115229349429],[-107.28411635686379,48.32120180807878],[-107.28411828323907,48.32124638735544],[-107.28413236577687,48.32125956168757],[-107.28479567529662,48.32126865939436],[-107.28484228179111,48.3212632580414],[-107.28482181973611,48.32125475069399]]]}"
0000000000000000199e,2912,0,0,0,"{""type"":""Polygon"",""coordinates"":[[[-107.28425415980924,48.32098917873177],[-107.28421462149967,48.32100335574357],[-107.28423606878043,48.321034188443974],[-107.2842054270616,48.32109727147919],[-107.2841730009964,48.32112029591687],[-107.28413420372156,48.32115229349429],[-107.2846316901968,48.321196024277754],[-107.28425415980924,48.32098917873177]]]}"
00000000000000001979,2913,0,0,0,"{""type"":""GeometryCollection"",""geometries"":[{""type"":""LineString"",""coordinates"":[[-107.2848149485068,48.321250437073076],[-107.28482183858922,48.32125476636007]]},{""type"":""LineString"",""coordinates"":[[-107.28426084231846,48.32098900865674],[-107.28425415164966,48.32098914159826]]},{""type"":""Polygon"",""coordinates"":[[[-107.28435682286519,48.32088880720564],[-107.28434989745521,48.320884551764514],[-107.28431120271404,48.32091653347044],[-107.28431238808012,48.32094329200469],[-107.28428604415267,48.32095276715602],[-107.2842608855456,48.320989000860884],[-107.2846316901968,48.321196024277754],[-107.28481495162522,48.32125040806259],[-107.28435682286519,48.32088880720564]]]}]}"
0000000000000000196f,2914,0,0,0,"{""type"":""Polygon"",""coordinates"":[[[-107.28459098499759,48.32088418235053],[-107.28457759096904,48.32088445093994],[-107.28452445902369,48.32089446331846],[-107.2844378707631,48.3209051034985],[-107.28440401507355,48.320896864677565],[-107.28435682286519,48.32088880720564],[-107.28481495162522,48.32125040806259],[-107.28459098499759,48.32088418235053]]]}"
000000000000000019aa,2915,0,0,0,"{""type"":""Polygon"",""coordinates"":[[[-107.28471568137047,48.32082810167476],[-107.28469566379671,48.320828532389804],[-107.28466363755719,48.32086042349476],[-107.28461777306012,48.32088364516599],[-107.28459098499759,48.32088418235053],[-107.28481495162522,48.32125040806259],[-107.28482181973611,48.32125475069399],[-107.28484228179111,48.3212632580414],[-107.28491710699996,48.32128858282714],[-107.28493050122285,48.32128831418343],[-107.28495056383454,48.32128795481354],[-107.28471568137047,48.32082810167476]]]}"
00000000000000001976,2916,0,0,0,"{""type"":""Polygon"",""coordinates"":[[[-107.2848744778597,48.320784764257134],[-107.28486805405652,48.32078935968469],[-107.2848290577118,48.32081692401651],[-107.28480226963752,48.320817461259594],[-107.28474913771754,48.32082747374911],[-107.28471568137047,48.32082810167476],[-107.28495056383454,48.32128795481354],[-107.28499761467344,48.32129149148316],[-107.2848744778597,48.320784764257134]]]}"
000000000000000019a7,2917,0,0,0,"{""type"":""Polygon"",""coordinates"":[[[-107.2849998178834,48.320742054638956],[-107.28498686811449,48.32075126129569],[-107.28496052430258,48.320760736594806],[-107.2849341804847,48.32077021188854],[-107.2848744778597,48.320784764257134],[-107.28499761467344,48.32129149148316],[-107.28505128920142,48.3212948659923],[-107.28511835802426,48.32129797179989],[-107.28513852287335,48.3212975965962],[-107.2849998178834,48.320742054638956]]]}"
00000000000000001975,2918,0,0,0,"{""type"":""Polygon"",""coordinates"":[[[-107.28513182608278,48.32069925416109],[-107.28510469590191,48.320690837693405],[-107.28506475832536,48.32069614837086],[-107.28502576214629,48.32072371272999],[-107.2849998178834,48.320742054638956],[-107.28513852287335,48.3212975965962],[-107.28525906666523,48.32129964338256],[-107.28526583726907,48.32129953684228],[-107.28513182608278,48.32069925416109]]]}"
00000000000000001971,2919,0,0,0,"{""type"":""Polygon"",""coordinates"":[[[-107.2852649226357,48.320678762823334],[-107.2852162420357,48.320639529948],[-107.28517527351623,48.32062244419639],[-107.28516939166781,48.32064042670457],[-107.28514541990616,48.32070341879354],[-107.28513182608278,48.32069925416109],[-107.28526583726907,48.32129953684228],[-107.28533957469614,48.321302551743564],[-107.28539977553946,48.32130131475328],[-107.2852649226357,48.320678762823334]]]}"
00000000000000001974,2920,0,0,0,"{""type"":""Polygon"",""coordinates"":[[[-107.28532709504817,48.32072217609995],[-107.28532689524312,48.32071774280083],[-107.28531390077713,48.320726878091904],[-107.28528755697067,48.320736353476214],[-107.28527841429653,48.32068294322792],[-107.2852649226357,48.320678762823334],[-107.28539977553946,48.32130131475328],[-107.2854802837112,48.32130422299289],[-107.28570744057231,48.32129073211533],[-107.28573412705347,48.32129021039387],[-107.28532709504817,48.32072217609995]]]}"
00000000000000001995,2921,0,0,0,"{""type"":""Polygon"",""coordinates"":[[[-107.28532709504817,48.32072217609995],[-107.28573412705347,48.32129021039387],[-107.28574752139295,48.321289941633296],[-107.2858333694493,48.32126147958126],[-107.28595752481174,48.321192009658525],[-107.28604105237335,48.32111440802401],[-107.28608627257998,48.321077814187525],[-107.28532709504817,48.32072217609995]],[[-107.28593321327773,48.32109865065993],[-107.28591299542659,48.32109464831349],[-107.28592016128016,48.3211078732993],[-107.28593321327773,48.32109865065993]]]}"
0000000000000000199b,2922,0,0,0,"{""type"":""Polygon"",""coordinates"":[[[-107.28535299448886,48.320703762707154],[-107.28532689524312,48.32071774280083],[-107.28532709504817,48.32072217609995],[-107.28608627257998,48.321077814187525],[-107.28609907991014,48.32106408680296],[-107.28618285164198,48.32099098996579],[-107.28623197936153,48.320891763171495],[-107.28624275539474,48.32083347275411],[-107.28535299448886,48.320703762707154]]]}"
0000000000000000199c,2923,0,0,0,"{""type"":""MultiPolygon"",""coordinates"":[[[[-107.28527036011488,48.32065184230458],[-107.28525642413314,48.32063872391048],[-107.2852162420357,48.320639529948],[-107.2852649226357,48.320678762823334],[-107.28527841429653,48.32068294322792],[-107.28527036011488,48.32065184230458]]],[[[-107.28544407861153,48.32064394754275],[-107.28544570920069,48.32067964389825],[-107.2853661887522,48.32069906071207],[-107.28535299448886,48.320703762707154],[-107.28624275539474,48.32083347275411],[-107.28624908140924,48.320824428134785],[-107.28628525909386,48.32073440845312],[-107.28628872209534,48.320662837748706],[-107.28544407861153,48.32064394754275]]]]}"
00000000000000001970,2924,0,0,0,"{""type"":""MultiPolygon"",""coordinates"":[[[[-107.28524085776994,48.32058990918967],[-107.28521406974289,48.32059044654408],[-107.28518728172307,48.320590983890845],[-107.28517527351623,48.32062244419639],[-107.2852162420357,48.320639529948],[-107.28525642413314,48.32063872391048],[-107.28525622433608,48.320634290617974],[-107.28524085776994,48.32058990918967]]],[[[-107.28626208096082,48.32051603462808],[-107.28626163637817,48.320507096670674],[-107.28544091962232,48.32057253911018],[-107.2854415638224,48.32058591037467],[-107.28544329204185,48.320626055775136],[-107.28544407861153,48.32064394754275],[-107.28628872209534,48.320662837748706],[-107.28629287432423,48.32060470980055],[-107.28626208096082,48.32051603462808]]]]}"
00000000000000001963,2925,0,0,0,"{""type"":""MultiPolygon"",""coordinates"":[[[[-107.28518683740549,48.32058204590915],[-107.28518728172307,48.320590983890845],[-107.28521406974289,48.32059044654408],[-107.28518683740549,48.32058204590915]]],[[[-107.2862426633142,48.32038236948438],[-107.28622047199076,48.32033371740682],[-107.28542436662096,48.320501399478566],[-107.28543850246159,48.320518951094996],[-107.28544091962232,48.32057253911018],[-107.28626163637817,48.320507096670674],[-107.2862426633142,48.32038236948438]]]]}"
0000000000000000196d,2926,0,0,0,"{""type"":""Polygon"",""coordinates"":[[[-107.28621231479099,48.32030263258196],[-107.28615568037019,48.32023228411298],[-107.28614109961585,48.32020579479784],[-107.28538102571311,48.320430797335604],[-107.28538122552673,48.320435230610464],[-107.2853954060582,48.320452853616665],[-107.28542436662096,48.320501399478566],[-107.28622047199076,48.32033371740682],[-107.28621231479099,48.32030263258196]]]}"
00000000000000001977,2927,0,0,0,"{""type"":""Polygon"",""coordinates"":[[[-107.28611965070546,48.32017496304459],[-107.28607966864377,48.320180202682614],[-107.28530991077079,48.320338407695765],[-107.28534598373264,48.32039580068466],[-107.28538082589945,48.32042636406111],[-107.28538102571311,48.320430797335604],[-107.28614109961585,48.32020579479784],[-107.28611965070546,48.32017496304459]]]}"
00000000000000001978,2928,0,0,0,"{""type"":""Polygon"",""coordinates"":[[[-107.28529152783629,48.32022713900383],[-107.28529217198827,48.32024051018364],[-107.28529315829887,48.3202628350852],[-107.28529434441333,48.32028959325928],[-107.28529553052755,48.32031635144682],[-107.28530991077079,48.320338407695765],[-107.28607966864377,48.320180202682614],[-107.28529152783629,48.32022713900383]]]}"
00000000000000001972,2929,0,0,0,"{""type"":""Polygon"",""coordinates"":[[[-107.28610502525959,48.320148402348025],[-107.28611144887907,48.32014380689785],[-107.28524013342708,48.32012543653015],[-107.28524720122503,48.320134212292466],[-107.28528935541021,48.32017805598582],[-107.28529034172126,48.32020038086118],[-107.28529152783629,48.32022713900383],[-107.28607966864377,48.320180202682614],[-107.28611965070546,48.32017496304459],[-107.28610502525959,48.320148402348025]]]}"
0000000000000000196e,2930,0,0,0,"{""type"":""Polygon"",""coordinates"":[[[-107.28520233289908,48.32002789879357],[-107.28520944540806,48.32003674594687],[-107.28524013342708,48.32012543653015],[-107.28611144887907,48.32014380689785],[-107.2861219271261,48.320076635041175],[-107.28612148257227,48.320067697156276],[-107.28520233289908,48.32002789879357]]]}"
00000000000000001968,2931,0,0,0,"{""type"":""GeometryCollection"",""geometries"":[{""type"":""LineString"",""coordinates"":[[-107.28483562192389,48.31991462499606],[-107.28484231244941,48.3199144920229]]},{""type"":""Polygon"",""coordinates"":[[[-107.28519146243974,48.319934344325205],[-107.28517415945966,48.31999724483529],[-107.28520233289908,48.32002789879357],[-107.28612148257227,48.320067697156276],[-107.28611792237851,48.31998742308711],[-107.28519146243974,48.319934344325205]]]}]}"
0000000000000000196c,2932,0,0,0,"{""type"":""MultiPolygon"",""coordinates"":[[[[-107.28480464416481,48.31982143499833],[-107.28480182258289,48.319906375684575],[-107.28483557544207,48.319914630020605],[-107.28484234576213,48.31991452352014],[-107.28496625233868,48.31984055211591],[-107.28497920176882,48.3198313456283],[-107.28480464416481,48.31982143499833]]],[[[-107.28521424743057,48.31984459518835],[-107.28520910749752,48.31988039754277],[-107.28519734413187,48.31991636205851],[-107.28519146243974,48.319934344325205],[-107.28611792237851,48.31998742308711],[-107.2861166909055,48.31996059368797],[-107.28614732889189,48.31989751148687],[-107.28521424743057,48.31984459518835]]]]}"
00000000000000001965,2933,0,0,0,"{""type"":""Polygon"",""coordinates"":[[[-107.28480761263917,48.31973655005957],[-107.28480464416481,48.31982143499833],[-107.28497920176882,48.3198313456283],[-107.28503825878329,48.31980342241772],[-107.28505120819206,48.319794215927374],[-107.28507127002055,48.319793856562235],[-107.28509054543244,48.319775605704805],[-107.28511679092591,48.319761681550844],[-107.2851775310544,48.31977383165995],[-107.2852450415891,48.319785875202655],[-107.28522042650296,48.319835495194994],[-107.28521424743057,48.31984459518835],[-107.28614732889189,48.31989751148687],[-107.28615341008731,48.319883962409264],[-107.28615657545397,48.31980351062359],[-107.28480761263917,48.31973655005957]]]}"
0000000000000000195b,2934,0,0,0,"{""type"":""Polygon"",""coordinates"":[[[-107.28589063768106,48.31969714046883],[-107.2848103365927,48.31964716064154],[-107.28480761263917,48.31973655005957],[-107.28615657545397,48.31980351062359],[-107.28616048299486,48.31974087900592],[-107.28589063768106,48.31969714046883]]]}"
00000000000000001969,2935,0,0,0,"{""type"":""Polygon"",""coordinates"":[[[-107.28515140099069,48.31948848754722],[-107.28509283355861,48.31952541985445],[-107.28505265273846,48.31952622577428],[-107.28493295417437,48.319546447642914],[-107.28484137554729,48.31959294560614],[-107.28482798195004,48.319593214212986],[-107.28480915080645,48.319620402776586],[-107.2848103365927,48.31964716064154],[-107.28589063768106,48.31969714046883],[-107.28515140099069,48.31948848754722]]]}"
0000000000000000195f,2936,0,0,0,"{""type"":""Polygon"",""coordinates"":[[[-107.28593388263911,48.319615898470886],[-107.28530292433625,48.31943194180629],[-107.28522296233847,48.31944242018606],[-107.28515140099069,48.31948848754722],[-107.28589063768106,48.31969714046883],[-107.28616048299486,48.31974087900592],[-107.28616028308164,48.31973644579313],[-107.28616616432673,48.319718463545414],[-107.28593388263911,48.319615898470886]]]}"
00000000000000001966,2937,0,0,0,"{""type"":""Polygon"",""coordinates"":[[[-107.28549982075832,48.31934316536034],[-107.2854331547885,48.31934892621939],[-107.28534691174819,48.319368520398946],[-107.28532946699767,48.31942689986548],[-107.28530292433625,48.31943194180629],[-107.28593388263911,48.319615898470886],[-107.28549982075832,48.31934316536034]]]}"
0000000000000000195e,2938,0,0,0,"{""type"":""Polygon"",""coordinates"":[[[-107.28563148171942,48.319291411895655],[-107.28562535574873,48.31930488938768],[-107.28554662491092,48.319342197099445],[-107.28551321436053,48.31934289666097],[-107.28549982075832,48.31934316536034],[-107.28593388263911,48.319615898470886],[-107.28616616432673,48.319718463545414],[-107.28617249013654,48.31970941912605],[-107.28563148171942,48.319291411895655]]]}"
0000000000000000195a,2939,0,0,0,"{""type"":""Polygon"",""coordinates"":[[[-107.28609025632765,48.31951897318051],[-107.28606193976331,48.319483799404814],[-107.28572894070608,48.319226931410874],[-107.28564378657471,48.31926883448784],[-107.28563148171942,48.319291411895655],[-107.28617249013654,48.31970941912605],[-107.28619917561032,48.319708897316474],[-107.28609025632765,48.31951897318051]]]}"
0000000000000000195d,2940,0,0,0,"{""type"":""Polygon"",""coordinates"":[[[-107.28588521513225,48.31912555824657],[-107.28584602109675,48.31914868890763],[-107.28580668460069,48.31916729920115],[-107.28576185380967,48.31921291646892],[-107.28572894070608,48.319226931410874],[-107.28606193976331,48.319483799404814],[-107.28588521513225,48.31912555824657]]]}"
00000000000000001960,2941,0,0,0,"{""type"":""GeometryCollection"",""geometries"":[{""type"":""LineString"",""coordinates"":[[-107.28607541062819,48.31903692857956],[-107.28607521115225,48.31903246632005]]},{""type"":""Polygon"",""coordinates"":[[[-107.28603624777453,48.319060002652435],[-107.28596350091728,48.31907931270263],[-107.28588521513225,48.31912555824657],[-107.28606193976331,48.319483799404814],[-107.28609025632765,48.31951897318051],[-107.28607538422914,48.319036959151134],[-107.28603624777453,48.319060002652435]]]}]}"
0000000000000000195c,2942,0,0,0,"{""type"":""GeometryCollection"",""geometries"":[{""type"":""Point"",""coordinates"":[-107.28622680384957,48.31882847151073]},{""type"":""Polygon"",""coordinates"":[[[-107.28622019300903,48.31898043187702],[-107.2860946589317,48.319018708370145],[-107.28607524176752,48.319032438801386],[-107.28609025632765,48.31951897318051],[-107.28619917561032,48.319708897316474],[-107.28621256944406,48.319708628511876],[-107.2862268610726,48.318980341076305],[-107.28622019300903,48.31898043187702]]]}]}"
00000000000000001967,2943,0,0,0,"{""type"":""MultiPolygon"",""coordinates"":[[[[-107.28624569522044,48.31880129624163],[-107.28622686527916,48.31882848464751],[-107.28637473205603,48.318843379113176],[-107.28641589974603,48.31886489693944],[-107.28642731919396,48.318819979557794],[-107.28624569522044,48.31880129624163]]],[[[-107.28624025464686,48.318980072278116],[-107.2862268610726,48.318980341076305],[-107.28621256944406,48.319708628511876],[-107.28625275095611,48.31970782208661],[-107.28627953863982,48.319707284460215],[-107.28640675647836,48.318958880345654],[-107.28624025464686,48.318980072278116]]]]}"
0000000000000000196b,2944,0,0,0,"{""type"":""Polygon"",""coordinates"":[[[-107.28652852925411,48.318835898059746],[-107.28652195897216,48.31884043781065],[-107.28644085524726,48.318824231063125],[-107.28642731919396,48.318819979557794],[-107.28641589974603,48.31886489693944],[-107.28646373556504,48.318886323938116],[-107.28651217134848,48.31892105034584],[-107.2864131798611,48.318954284984144],[-107.28640675647836,48.318958880345654],[-107.28627953863982,48.319707284460215],[-107.28635302915387,48.319705793938034],[-107.28640032355587,48.3197138344558],[-107.28641391736416,48.31971799883193],[-107.28654562661262,48.318920421844574],[-107.28652852925411,48.318835898059746]]]}"
00000000000000001973,2945,0,0,0,"{""type"":""Polygon"",""coordinates"":[[[-107.28655289458837,48.318933630449834],[-107.28654562661262,48.318920421844574],[-107.28641391736416,48.31971799883193],[-107.28657542663065,48.319737128916344],[-107.28670926349672,48.3197344560367],[-107.28655289458837,48.318933630449834]]]}"
0000000000000000196a,2946,0,0,0,"{""type"":""Polygon"",""coordinates"":[[[-107.28655289458837,48.318933630449834],[-107.28670926349672,48.3197344560367],[-107.28671598917732,48.319734277999544],[-107.28685564974178,48.3197137098354],[-107.28686751382239,48.31967772949648],[-107.28688678867067,48.31965947833284],[-107.28687883094386,48.31963282717232],[-107.2868841693055,48.31960145813265],[-107.28690724816926,48.319520591431925],[-107.28691377381848,48.31951598019179],[-107.28655289458837,48.318933630449834]]]}"
00000000000000001964,2947,0,0,0,"{""type"":""Polygon"",""coordinates"":[[[-107.28662836069033,48.318824932039],[-107.28659416303823,48.31880774083729],[-107.28652852925411,48.318835898059746],[-107.28654562661262,48.318920421844574],[-107.28655289458837,48.318933630449834],[-107.28691377381848,48.31951598019179],[-107.28692676766782,48.31950684490808],[-107.28693892943345,48.31947974687228],[-107.28695864891633,48.319470433539315],[-107.28697792362125,48.31945218243221],[-107.2870038665114,48.31943384046899],[-107.28662836069033,48.318824932039]]]}"
00000000000000001957,2948,0,0,0,"{""type"":""Polygon"",""coordinates"":[[[-107.28674415191045,48.31886733886589],[-107.28671756468918,48.318872309738616],[-107.28662836069033,48.318824932039],[-107.2870038665114,48.31943384046899],[-107.28704992887408,48.31941505152777],[-107.28707409688279,48.31935649376232],[-107.28709860742813,48.31930688959664],[-107.28674415191045,48.31886733886589]]]}"
00000000000000001958,2949,0,0,0,"{""type"":""Polygon"",""coordinates"":[[[-107.28687734111193,48.31885129506096],[-107.28683014962134,48.31884323909586],[-107.28680414969375,48.318861667993474],[-107.28674415191045,48.31886733886589],[-107.28709840739779,48.31930245642497],[-107.28712366490588,48.31926620741538],[-107.2871625118654,48.31923858741192],[-107.2871892994681,48.31923804953865],[-107.28719596764763,48.31923795866729],[-107.28687734111193,48.31885129506096]]]}"
00000000000000001956,2950,0,0,0,"{""type"":""Polygon"",""coordinates"":[[[-107.28700311965726,48.318817522205485],[-107.2869443092297,48.3188499505949],[-107.28690412835363,48.31885075728027],[-107.28687734111193,48.31885129506096],[-107.28719596764763,48.31923795866729],[-107.2872156869878,48.31922864532755],[-107.2872955028004,48.31921810970594],[-107.28732174769584,48.31920418511084],[-107.28700311965726,48.318817522205485]]]}"
0000000000000000193b,2951,0,0,0,"{""type"":""GeometryCollection"",""geometries"":[{""type"":""LineString"",""coordinates"":[[-107.2871016463139,48.318775340355494],[-107.28710144675033,48.318770878098995]]},{""type"":""Polygon"",""coordinates"":[[[-107.28710166607854,48.318775349394784],[-107.28708901514297,48.318793438021736],[-107.2870487364251,48.318789795843195],[-107.28700311965726,48.318817522205485],[-107.28732174769584,48.31920418511084],[-107.28733494144663,48.31919948299103],[-107.28741441457271,48.31917999375957],[-107.28743383161401,48.31916626302265],[-107.28744698060942,48.31916148948984],[-107.28710166607854,48.318775349394784]]]}]}"
0000000000000000193a,2952,0,0,0,"{""type"":""Polygon"",""coordinates"":[[[-107.28711387218809,48.318748323120786],[-107.28710142130171,48.31877084486663],[-107.28744698060942,48.31916148948984],[-107.28745330608858,48.319152445089316],[-107.28747935084414,48.31913408731424],[-107.28750569355523,48.319124611642366],[-107.2875776532905,48.31908740918974],[-107.28711387218809,48.318748323120786]]]}"
00000000000000001955,2953,0,0,0,"{""type"":""Polygon"",""coordinates"":[[[-107.28725294192677,48.31871429688266],[-107.28721993143803,48.318723863274506],[-107.2871802932703,48.31873805663818],[-107.28715340817702,48.31873414557619],[-107.28711387218809,48.318748323120786],[-107.2875776532905,48.31908740918974],[-107.28761032140662,48.31906888910444],[-107.28763038338955,48.3190685292059],[-107.28768894918497,48.31903159571068],[-107.28725294192677,48.31871429688266]]]}"
00000000000000001954,2954,0,0,0,"{""type"":""MultiPolygon"",""coordinates"":[[[[-107.28734343221103,48.31864102437428],[-107.28730463910962,48.3186730216336],[-107.28733873936616,48.31868576361293],[-107.2873918689956,48.31867575015282],[-107.28734343221103,48.31864102437428]],[[-107.28733102621766,48.31866361750125],[-107.28733829449557,48.31867682597561],[-107.28734461989882,48.31866778166663],[-107.28733102621766,48.31866361750125]]],[[[-107.28742651209767,48.31870187865282],[-107.28741267356693,48.318693209977425],[-107.28740016970069,48.31871135421966],[-107.28737926294254,48.31869391018123],[-107.28729930129248,48.318704390134855],[-107.28727261623068,48.3187049122297],[-107.28725294192677,48.31871429688266],[-107.28768894918497,48.31903159571068],[-107.28774133643259,48.31900376220408],[-107.28780068985444,48.31898471984922],[-107.28742651209767,48.31870187865282]]]]}"
00000000000000001952,2955,0,0,0,"{""type"":""MultiPolygon"",""coordinates"":[[[[-107.28741899896049,48.31868416566101],[-107.28741267356693,48.318693209977425],[-107.28742651209767,48.31870187865282],[-107.28743881587499,48.31867930129288],[-107.28741899896049,48.31868416566101]]],[[[-107.28742651209767,48.31870187865282],[-107.28780048973647,48.3189802867081],[-107.28783903810574,48.318943784521494],[-107.28788489971201,48.31892056223331],[-107.28740570247314,48.31853702806618],[-107.28739962192114,48.31855057686338],[-107.28736107375653,48.31858707859841],[-107.28736932967519,48.31862261120903],[-107.2873497576064,48.31863198007126],[-107.28734343221103,48.31864102437428],[-107.2873918689956,48.31867575015282],[-107.28743154755279,48.318666092826646],[-107.28743881587499,48.31867930129288],[-107.28745220951247,48.31867903232564],[-107.28744632902254,48.318697014281256],[-107.28742651209767,48.31870187865282]],[[-107.28748552225379,48.31867388318429],[-107.28745799210392,48.31865660146518],[-107.28745220951247,48.31867903232564],[-107.28748552225379,48.31867388318429]]]]}"
00000000000000001953,2956,0,0,0,"{""type"":""Polygon"",""coordinates"":[[[-107.28751017326834,48.31847694459643],[-107.28749677969572,48.318477213569096],[-107.2874767180615,48.3184775734269],[-107.28746376939726,48.31848677999723],[-107.28745037582766,48.318487048963384],[-107.28743738241414,48.31849618413158],[-107.2874179083065,48.31851000188176],[-107.28740570247314,48.31853702806618],[-107.28788489971201,48.31892056223331],[-107.28795023552888,48.31888352197593],[-107.28798932668779,48.31886040638483],[-107.28751017326834,48.31847694459643]]]}"
0000000000000000191f,2957,0,0,0,"{""type"":""Polygon"",""coordinates"":[[[-107.2875889019304,48.31843963593808],[-107.28758302154759,48.318457617818346],[-107.2875638454837,48.31848031758182],[-107.28751689877666,48.31847676651179],[-107.28751017326834,48.31847694459643],[-107.28798932668779,48.31886040638483],[-107.28800880090394,48.31884658842496],[-107.28808026169806,48.3187960706375],[-107.28808658699612,48.31878702626206],[-107.2875889019304,48.31843963593808]]]}"
0000000000000000189b,2958,0,0,0,"{""type"":""Polygon"",""coordinates"":[[[-107.28762156944174,48.318421116090015],[-107.28760817587347,48.31842138507781],[-107.28759478230702,48.31842165406369],[-107.2875889019304,48.31843963593808],[-107.28808658699612,48.31878702626206],[-107.28813842656034,48.31875027083224],[-107.28822377916369,48.31871279911224],[-107.28762156944174,48.318421116090015]]]}"
0000000000000000190b,2959,0,0,0,"{""type"":""Polygon"",""coordinates"":[[[-107.28769856285564,48.31834812846201],[-107.28768645943943,48.31837513879888],[-107.28767340864962,48.318384361173216],[-107.28767380886285,48.318393227357525],[-107.28764825439794,48.31842059390371],[-107.28762156944174,48.318421116090015],[-107.28822377916369,48.31871279911224],[-107.28825016633836,48.318703394718696],[-107.28830798802178,48.31864864147907],[-107.28769856285564,48.31834812846201]]]}"
000000000000000018ee,2960,0,0,0,"{""type"":""Polygon"",""coordinates"":[[[-107.2877619218716,48.3182664407329],[-107.28774897331598,48.318275647302336],[-107.28773044250926,48.31831171767141],[-107.28771076843935,48.318321102342765],[-107.2877178367162,48.31832987761326],[-107.28769822007786,48.318339175090436],[-107.28769856285564,48.31834812846201],[-107.28830798802178,48.31864864147907],[-107.28831426850634,48.318639525715334],[-107.28836744312791,48.31862958311824],[-107.28839922044632,48.318593187712494],[-107.28841231598551,48.318584036603184],[-107.2877619218716,48.3182664407329]]]}"
000000000000000018f0,2961,0,0,0,"{""type"":""GeometryCollection"",""geometries"":[{""type"":""LineString"",""coordinates"":[[-107.28776190553809,48.3182664516222],[-107.28776858855511,48.31826631862707]]},{""type"":""Polygon"",""coordinates"":[[[-107.28779221312652,48.31819440677133],[-107.2878067946847,48.31822089481303],[-107.287794389076,48.318243487811486],[-107.28776800225872,48.318252891989395],[-107.28776858855511,48.31826631862707],[-107.2877685899175,48.31826634982685],[-107.28841231598551,48.318584036603184],[-107.28842526458773,48.318574829889734],[-107.28845086356436,48.31854753446327],[-107.28847656052534,48.31852468793995],[-107.28811869223748,48.31830848345211],[-107.28811261194342,48.31832203222962],[-107.28807915666215,48.31832266126993],[-107.28807796842065,48.31829590417445],[-107.28806457483287,48.31829617322573],[-107.28805093634946,48.31829193779303],[-107.28807065513601,48.318282624457616],[-107.28783664082154,48.31813992336059],[-107.28783076060488,48.3181579051504],[-107.28781084175546,48.318162785340405],[-107.28780536177128,48.31818963328567],[-107.28779221312652,48.31819440677133]],[[-107.28808667011414,48.31834037408164],[-107.28807307635348,48.318336210048926],[-107.2880734766646,48.31834507622104],[-107.28808667011414,48.31834037408164]],[[-107.28780536177128,48.31818963328567],[-107.2878124747997,48.31819847992707],[-107.28782542331984,48.31818927336335],[-107.28780536177128,48.31818963328567]]]}]}"
000000000000000018ef,2962,0,0,0,"{""type"":""MultiPolygon"",""coordinates"":[[[[-107.28820918061402,48.31823521073612],[-107.28813089755644,48.31828145730636],[-107.28811869223748,48.31830848345211],[-107.28847656052534,48.31852468793995],[-107.2885409070825,48.31846532350831],[-107.28854713004966,48.31845629495849],[-107.28820918061402,48.31823521073612]]],[[[-107.28811443745042,48.318214770204214],[-107.28810050084851,48.31820165283991],[-107.28808775251045,48.31821529251758],[-107.28807391389307,48.31820662401899],[-107.28806052033814,48.31820689306843],[-107.288039715561,48.318189433549115],[-107.28801925366636,48.318180927370626],[-107.28799834674625,48.31816348364513],[-107.28797907305815,48.31818173448864],[-107.28792396796848,48.318147100252624],[-107.28790914145037,48.31811610779954],[-107.28787553103801,48.318112375091474],[-107.28785625734504,48.318130625892906],[-107.28783639594978,48.31813541889057],[-107.28783664082154,48.31813992336059],[-107.28807065513601,48.318282624457616],[-107.28809017375866,48.31826887803979],[-107.28810267721248,48.318250733869256],[-107.28814102441837,48.31820979901283],[-107.28811443745042,48.318214770204214]]]]}"
000000000000000018ea,2963,0,0,0,"{""type"":""Polygon"",""coordinates"":[[[-107.28827920671074,48.31815343192697],[-107.28827342467224,48.318175862610474],[-107.28822212910676,48.31822600411325],[-107.28820918061402,48.31823521073612],[-107.28854713004966,48.31845629495849],[-107.28855311221477,48.318438297233904],[-107.28860559646918,48.318414912478175],[-107.28862422470398,48.31838329076831],[-107.28827920671074,48.31815343192697]]]}"
000000000000000018ec,2964,0,0,0,"{""type"":""Polygon"",""coordinates"":[[[-107.28838985414332,48.3180842481054],[-107.28836415748655,48.318107094408475],[-107.28832462211925,48.31812127226832],[-107.28829857829854,48.318139629899],[-107.28828542966333,48.31814440344744],[-107.28827920671074,48.31815343192697],[-107.28862422470398,48.31838329076831],[-107.28863054982718,48.31837424643173],[-107.28869608465645,48.31834163916163],[-107.2887086326726,48.318323566291525],[-107.28838985414332,48.3180842481054]]]}"
000000000000000018e6,2965,0,0,0,"{""type"":""Polygon"",""coordinates"":[[[-107.2884803416659,48.31801097546482],[-107.28841565295966,48.31806138601021],[-107.28840270454863,48.31807059262857],[-107.28838985414332,48.3180842481054],[-107.28870838769373,48.31831906181089],[-107.2887273182274,48.318291857423525],[-107.28879344092636,48.318272707965406],[-107.28879966381251,48.318263679434],[-107.2884803416659,48.31801097546482]]]}"
000000000000000018e7,2966,0,0,0,"{""type"":""Polygon"",""coordinates"":[[[-107.28858501062489,48.31795532452435],[-107.28857868557567,48.317964368784764],[-107.28850495182795,48.31796135646555],[-107.28849319202271,48.31799731999594],[-107.2884803416659,48.31801097546482],[-107.28879966381251,48.318263679434],[-107.2888063893725,48.31826350125848],[-107.28883930155095,48.31824948553973],[-107.28885833004138,48.31822673003349],[-107.2888842716272,48.31820838801849],[-107.28889722003983,48.31819918131131],[-107.28858501062489,48.31795532452435]]]}"
000000000000000018e8,2967,0,0,0,"{""type"":""Polygon"",""coordinates"":[[[-107.28873495151115,48.3178629936085],[-107.28871602123246,48.317890197771376],[-107.28863008265044,48.31791421155971],[-107.28858501062489,48.31795532452435],[-107.28889722003983,48.31819918131131],[-107.28891016844769,48.318189974604095],[-107.28897574763994,48.318157438665146],[-107.28873495151115,48.3178629936085]]]}"
000000000000000018eb,2968,0,0,0,"{""type"":""Polygon"",""coordinates"":[[[-107.28886062534318,48.317829234809224],[-107.28884797538666,48.31784732332097],[-107.28880201722329,48.31786609672291],[-107.28878743490668,48.31783960902834],[-107.28876697285487,48.3178311030691],[-107.28874117432855,48.31785396515222],[-107.28873495151115,48.3178629936085],[-107.28897574763994,48.318157438665146],[-107.28898894103865,48.31815273641973],[-107.28901483779575,48.318134322998006],[-107.28906089849234,48.318115533594266],[-107.2890872405143,48.318106057687785],[-107.28886062534318,48.317829234809224]]]}"
000000000000000018df,2969,0,0,0,"{""type"":""Polygon"",""coordinates"":[[[-107.28895798004437,48.31776030415065],[-107.28886650506,48.317811253080265],[-107.28886062534318,48.317829234809224],[-107.2890872405143,48.318106057687785],[-107.28915944288926,48.318073359281115],[-107.28920594884539,48.318063507343766],[-107.28895798004437,48.31776030415065]]]}"
000000000000000018e4,2970,0,0,0,"{""type"":""Polygon"",""coordinates"":[[[-107.2890478205807,48.31767366098125],[-107.2890348723804,48.317682867612305],[-107.28902147887844,48.317683136791715],[-107.28896450525602,48.31775569293503],[-107.28895798004437,48.31776030415065],[-107.28920594884539,48.318063507343766],[-107.2892126169585,48.318063416336116],[-107.2893176864478,48.318016630649474],[-107.2890478205807,48.31767366098125]]]}"
000000000000000018f4,2971,0,0,0,"{""type"":""Polygon"",""coordinates"":[[[-107.28912412443458,48.31758276685867],[-107.28910509642141,48.317605522129725],[-107.28912610193603,48.31762741423591],[-107.28912709068649,48.31764973793859],[-107.28907416227702,48.3176641851654],[-107.2890478205807,48.31767366098125],[-107.2893176864478,48.318016630649474],[-107.2893701700441,48.31799324567827],[-107.28944316077546,48.317978437920594],[-107.28912412443458,48.31758276685867]]]}"
000000000000000018f3,2972,0,0,0,"{""type"":""Polygon"",""coordinates"":[[[-107.28935645579337,48.317685391569526],[-107.28916247018473,48.31754183214594],[-107.28915639035526,48.31755538078228],[-107.28912412443458,48.31758276685867],[-107.28944316077546,48.317978437920594],[-107.28952263198107,48.317958947441596],[-107.28955465302032,48.317927056589795],[-107.28935645579337,48.317685391569526]]]}"
0000000000000000191e,2973,0,0,0,"{""type"":""GeometryCollection"",""geometries"":[{""type"":""LineString"",""coordinates"":[[-107.28955449943555,48.31792259449587],[-107.28955469920712,48.31792705674538]]},{""type"":""Polygon"",""coordinates"":[[[-107.28935645579337,48.317685391569526],[-107.28955455486741,48.31792260774925],[-107.28963392380491,48.317903132997635],[-107.28970677154507,48.31788380483145],[-107.28973355889048,48.31788326626899],[-107.28974655184122,48.31787413090732],[-107.28976602522935,48.31786031286868],[-107.28935645579337,48.317685391569526]]]}]}"
00000000000000001951,2974,0,0,0,"{""type"":""Polygon"",""coordinates"":[[[-107.28937898476622,48.31759114110549],[-107.28916202485141,48.31753289472116],[-107.28916247018473,48.31754183214594],[-107.28935645579337,48.317685391569526],[-107.28976602522935,48.31786031286868],[-107.28981188520638,48.31783709017533],[-107.28983125637787,48.31782328793102],[-107.2898637226354,48.31780033452566],[-107.28937898476622,48.31759114110549]]]}"
000000000000000018e0,2975,0,0,0,"{""type"":""Polygon"",""coordinates"":[[[-107.28937898476622,48.31759114110549],[-107.2898637226354,48.31780033452566],[-107.2898831959638,48.31778651648396],[-107.28998806418053,48.31773529730424],[-107.2900454372167,48.317671606656035],[-107.2900520071041,48.317667066774014],[-107.28937898476622,48.31759114110549]]]}"
000000000000000018e1,2976,0,0,0,"{""type"":""Polygon"",""coordinates"":[[[-107.28921356367688,48.31748725782253],[-107.2891742292396,48.31750586886088],[-107.28916202485141,48.31753289472116],[-107.28937898476622,48.31759114110549],[-107.2900520071041,48.317667066774014],[-107.29007148032821,48.31765324873143],[-107.2900966322968,48.317617015947526],[-107.29012257317156,48.31759867382661],[-107.29014160077277,48.3175759183674],[-107.28921356367688,48.31748725782253]]]}"
000000000000000018e3,2977,0,0,0,"{""type"":""Polygon"",""coordinates"":[[[-107.28923936176996,48.3174643957813],[-107.28922671208723,48.31748248421178],[-107.28921356367688,48.31748725782253],[-107.29014160077277,48.3175759183674],[-107.29014812588863,48.317571307089814],[-107.29017372332193,48.31754401175883],[-107.2901860253488,48.31752143458334],[-107.29023820950901,48.317489167569605],[-107.29025061366885,48.317466574613015],[-107.29026311605708,48.317448430462235],[-107.29026257220887,48.31743504426845],[-107.29026237178076,48.3174306112696],[-107.28923936176996,48.3174643957813]]]}"
000000000000000018dc,2978,0,0,0,"{""type"":""Polygon"",""coordinates"":[[[-107.29034706170228,48.31722791688482],[-107.2892922899197,48.31744994852437],[-107.28923911672022,48.31745989137663],[-107.28923936176996,48.3174643957813],[-107.29026237178076,48.3174306112696],[-107.29026158275553,48.317412720685475],[-107.2903248786966,48.31733112004167],[-107.29038996570068,48.317289574940816],[-107.29034706170228,48.31722791688482]],[[-107.29006636195696,48.317389881514146],[-107.2900393297244,48.31738591576393],[-107.29004708928235,48.31740813248118],[-107.29006636195696,48.317389881514146]],[[-107.28998610291382,48.31739148162489],[-107.289972464241,48.31738724654188],[-107.28997977821743,48.31740052587265],[-107.28998610291382,48.31739148162489]]]}"
000000000000000018da,2979,0,0,0,"{""type"":""Polygon"",""coordinates"":[[[-107.29029436175385,48.3170994825701],[-107.2902447901439,48.31703791575723],[-107.2892847759281,48.317432236117405],[-107.2892922899197,48.31744994852437],[-107.29034706170228,48.31722791688482],[-107.29034686126246,48.3172234839037],[-107.29029436175385,48.3170994825701]]]}"
000000000000000018dd,2980,0,0,0,"{""type"":""Polygon"",""coordinates"":[[[-107.29020909853165,48.3169895529212],[-107.29003034017597,48.31688585439616],[-107.29002351656075,48.31688158389736],[-107.28928443274745,48.31742328291602],[-107.2892847759281,48.317432236117405],[-107.2902447901439,48.31703791575723],[-107.29020909853165,48.3169895529212]]]}"
000000000000000018e2,2981,0,0,0,"{""type"":""GeometryCollection"",""geometries"":[{""type"":""LineString"",""coordinates"":[[-107.28999573228651,48.3168597760501],[-107.29000242238851,48.31685964278306]]},{""type"":""Polygon"",""coordinates"":[[[-107.2900095346924,48.316868395755364],[-107.28999574054734,48.31685979915717],[-107.2898150614997,48.316863375221295],[-107.28926643824718,48.31732088738516],[-107.28925457716265,48.31735686634877],[-107.28927691876434,48.31740557051711],[-107.28928443274745,48.31742328291602],[-107.29002351656075,48.31688158389736],[-107.2900095346924,48.316868395755364]]]}]}"
000000000000000018d7,2982,0,0,0,"{""type"":""Polygon"",""coordinates"":[[[-107.28966062572988,48.31685302636886],[-107.28964060925912,48.31685345805401],[-107.28924759784968,48.31720068870687],[-107.28925436799406,48.317200581905375],[-107.28926993936756,48.31724939273582],[-107.28927048285598,48.31726277889758],[-107.28927878535987,48.31729838180987],[-107.28926643824718,48.31732088738516],[-107.2898150614997,48.316863375221295],[-107.28966062572988,48.31685302636886]]]}"
000000000000000018de,2983,0,0,0,"{""type"":""Polygon"",""coordinates"":[[[-107.28942563041754,48.31683985968794],[-107.28915241433627,48.31716684763492],[-107.28920045140617,48.31719270554638],[-107.28924759784968,48.31720068870687],[-107.28964060925912,48.31685345805401],[-107.28942563041754,48.31683985968794]]]}"
000000000000000018d6,2984,0,0,0,"{""type"":""Polygon"",""coordinates"":[[[-107.28937848429251,48.316831876660956],[-107.28927786341922,48.31682941918728],[-107.28904274688708,48.31711096796674],[-107.28908371524227,48.317128050944476],[-107.28911835885566,48.31715417806049],[-107.28915241433627,48.31716684763492],[-107.28942563041754,48.31683985968794],[-107.28937848429251,48.316831876660956]]]}"
000000000000000018e5,2985,0,0,0,"{""type"":""Polygon"",""coordinates"":[[[-107.28925760198632,48.31682534643944],[-107.28921732419826,48.316821705281406],[-107.28917102012825,48.31683598990824],[-107.28887387231447,48.31707865067693],[-107.28894059362989,48.317072800535826],[-107.28899529824788,48.317098567530856],[-107.28903602151989,48.31711114615006],[-107.28904274688708,48.31711096796674],[-107.28927786341922,48.31682941918728],[-107.28925760198632,48.31682534643944]]]}"
000000000000000018e9,2986,0,0,0,"{""type"":""Polygon"",""coordinates"":[[[-107.28907094699217,48.316842453723076],[-107.28833382014125,48.31712955388606],[-107.2883617376107,48.317155859429185],[-107.28838807889983,48.31714638390412],[-107.28840834021265,48.317150456863],[-107.28841442018297,48.31713690837366],[-107.28842173343502,48.31715018777886],[-107.28848094112145,48.31712662556673],[-107.28856090004618,48.317116145009834],[-107.28858758432844,48.31711562259251],[-107.28861392559656,48.31710614701323],[-107.28870723305592,48.31709532582669],[-107.28876070386333,48.31709426510653],[-107.28878042196065,48.317084951852806],[-107.28882060172053,48.31708414443781],[-107.28887387231447,48.31707865067693],[-107.28917102012825,48.31683598990824],[-107.28907094699217,48.316842453723076]]]}"
000000000000000018ed,2987,0,0,0,"{""type"":""Polygon"",""coordinates"":[[[-107.28827424615945,48.316697540375365],[-107.28822492929909,48.31679232714746],[-107.28821772317156,48.316930882362435],[-107.28827021434861,48.31705488464864],[-107.28833382014125,48.31712955388606],[-107.28907094699217,48.316842453723076],[-107.28827424615945,48.316697540375365]],[[-107.28857196307308,48.31691488965243],[-107.2886052170284,48.316909827521066],[-107.28857808769149,48.3169014126129],[-107.28857196307308,48.31691488965243]],[[-107.28856444956755,48.31689717735514],[-107.28854443330458,48.31689760880698],[-107.28855150160769,48.31690638378043],[-107.28856444956755,48.31689717735514]],[[-107.28857196307308,48.31691488965243],[-107.28851211033586,48.31692508152212],[-107.28849936257718,48.31693872091207],[-107.28856010157743,48.31695086826585],[-107.28857438514142,48.31696847383044],[-107.2886000808688,48.316945627984175],[-107.28857917417652,48.31692818478478],[-107.28857196307308,48.31691488965243]]]}"
000000000000000018d4,2988,0,0,0,"{""type"":""Polygon"",""coordinates"":[[[-107.28920348562906,48.31681303717163],[-107.28834678325704,48.31652194700631],[-107.28829742207823,48.31661666209422],[-107.28828645073612,48.31667051504792],[-107.28827424615945,48.316697540375365],[-107.28907094699217,48.316842453723076],[-107.28917102012825,48.31683598990824],[-107.28921732419826,48.316821705281406],[-107.28920348562906,48.31681303717163]]]}"
000000000000000018d0,2989,0,0,0,"{""type"":""Polygon"",""coordinates"":[[[-107.2887557693623,48.31638424908973],[-107.28869577461568,48.31638992083961],[-107.28858285341799,48.31641003911814],[-107.2884438897202,48.31644851432398],[-107.28839096320837,48.316462960799704],[-107.28835286311914,48.31650839868385],[-107.28834678325704,48.31652194700631],[-107.28920348562906,48.31681303717163],[-107.2887557693623,48.31638424908973]]]}"
000000000000000018d3,2990,0,0,0,"{""type"":""Polygon"",""coordinates"":[[[-107.28905643377618,48.31636933131949],[-107.28898240029136,48.316361902267865],[-107.28894232342681,48.31636269392581],[-107.2888155638712,48.31637414438441],[-107.2887557693623,48.31638424908973],[-107.28920348562906,48.31681303717163],[-107.28921732419826,48.316821705281406],[-107.28925760198632,48.31682534643944],[-107.28905643377618,48.31636933131949]]]}"
000000000000000018c9,2991,0,0,0,"{""type"":""Polygon"",""coordinates"":[[[-107.28923231668716,48.31641050995526],[-107.28917098966147,48.316384905803496],[-107.28915062632092,48.31638084885613],[-107.28909008793416,48.31637313491404],[-107.28905643377618,48.31636933131949],[-107.28925760198632,48.31682534643944],[-107.28927786341922,48.31682941918728],[-107.28937848429251,48.316831876660956],[-107.28923231668716,48.31641050995526]]]}"
000000000000000018d8,2992,0,0,0,"{""type"":""Polygon"",""coordinates"":[[[-107.28930713910867,48.31643582908039],[-107.28927956435948,48.31641847721071],[-107.28923231668716,48.31641050995526],[-107.28937848429251,48.316831876660956],[-107.28942563041754,48.31683985968794],[-107.28964060925912,48.31685345805401],[-107.28966062572988,48.31685302636886],[-107.28930713910867,48.31643582908039]]]}"
000000000000000018cd,2993,0,0,0,"{""type"":""Polygon"",""coordinates"":[[[-107.28998461238844,48.31676174678536],[-107.28992243746076,48.31671833982162],[-107.289802200572,48.31672518053156],[-107.28978737262152,48.31669418923392],[-107.28974447049838,48.31663253155207],[-107.2897297448168,48.31660152450076],[-107.28930713910867,48.31643582908039],[-107.28966062572988,48.31685302636886],[-107.2898150614997,48.316863375221295],[-107.2900023637531,48.316859636703946],[-107.29004135404473,48.31683207247823],[-107.29008676708395,48.31679991284624],[-107.28998461238844,48.31676174678536]]]}"
000000000000000018d5,2994,0,0,0,"{""type"":""Polygon"",""coordinates"":[[[-107.28970601300603,48.316521632105236],[-107.28967605890429,48.31645076808791],[-107.2893264114343,48.316417578604586],[-107.28927956435948,48.31641847721071],[-107.28930713910867,48.31643582908039],[-107.2897297448168,48.31660152450076],[-107.28972954444777,48.31659709156882],[-107.28972790943754,48.316561398140195],[-107.28970601300603,48.316521632105236]],[[-107.28968031796299,48.31654447804767],[-107.28966672441919,48.31654031437567],[-107.28966712514276,48.31654918023108],[-107.28968031796299,48.31654447804767]]]}"
000000000000000018db,2995,0,0,0,"{""type"":""Polygon"",""coordinates"":[[[-107.28966344360812,48.31631707874417],[-107.2893264114343,48.316417578604586],[-107.28967605890429,48.31645076808791],[-107.28969434199502,48.31641019435973],[-107.28969315248753,48.316383438279246],[-107.28966344360812,48.31631707874417]]]}"
000000000000000018cb,2996,0,0,0,"{""type"":""Polygon"",""coordinates"":[[[-107.28962573062341,48.31622399870436],[-107.28917098966147,48.316384905803496],[-107.28923231668716,48.31641050995526],[-107.28927956435948,48.31641847721071],[-107.2893264114343,48.316417578604586],[-107.28966344360812,48.31631707874417],[-107.28962573062341,48.31622399870436]]]}"
000000000000000018c7,2997,0,0,0,"{""type"":""Polygon"",""coordinates"":[[[-107.28958381839078,48.316184664549496],[-107.28952871359185,48.3161500325281],[-107.28954699663171,48.316109459058886],[-107.289586529849,48.31609528128724],[-107.28957946135448,48.316086506528734],[-107.28956606835234,48.316086775763324],[-107.28915062632092,48.31638084885613],[-107.28917098966147,48.316384905803496],[-107.28962573062341,48.31622399870436],[-107.28962498662247,48.316206179910374],[-107.28958381839078,48.316184664549496]]]}"
000000000000000018c8,2998,0,0,0,"{""type"":""Polygon"",""coordinates"":[[[-107.2895058285825,48.31608794369912],[-107.28947197414037,48.31607970737917],[-107.28944484493235,48.31607129284397],[-107.28940387736239,48.31605421034005],[-107.28939028406532,48.31605004666109],[-107.28909008793416,48.31637313491404],[-107.28915062632092,48.31638084885613],[-107.28956606835234,48.316086775763324],[-107.2895058285825,48.31608794369912]]]}"
000000000000000018cf,2999,0,0,0,"{""type"":""Polygon"",""coordinates"":[[[-107.28936295459322,48.316037199218854],[-107.2893353800777,48.316019847489436],[-107.2893330015566,48.31596633571358],[-107.2893058725023,48.315957921153185],[-107.28929272465066,48.315962694623664],[-107.28898240029136,48.316361902267865],[-107.28905643377618,48.31636933131949],[-107.28909008793416,48.31637313491404],[-107.28939028406532,48.31605004666109],[-107.28936295459322,48.316037199218854]]]}"
000000000000000018c5,3000,0,0,0,"{""type"":""Polygon"",""coordinates"":[[[-107.28921321316425,48.31598211267103],[-107.28909865843296,48.31596653832618],[-107.28894232342681,48.31636269392581],[-107.28898240029136,48.316361902267865],[-107.28929272465066,48.315962694623664],[-107.28921321316425,48.31598211267103]]]}"
000000000000000018d1,3001,0,0,0,"{""type"":""MultiPolygon"",""coordinates"":[[[[-107.28907639836106,48.315618589796024],[-107.28906419467661,48.315645614666224],[-107.28917058905203,48.31563010719736],[-107.28907639836106,48.315618589796024]]],[[[-107.28903801857899,48.31595884018902],[-107.28901034626331,48.31593703970811],[-107.28896952207901,48.31592447711933],[-107.2888155638712,48.31637414438441],[-107.28894232342681,48.31636269392581],[-107.28909865843296,48.31596653832618],[-107.28903801857899,48.31595884018902]]]]}"
000000000000000018b3,3002,0,0,0,"{""type"":""MultiPolygon"",""coordinates"":[[[[-107.28883411903445,48.31589137248166],[-107.28869577461568,48.31638992083961],[-107.2887557693623,48.31638424908973],[-107.2888155638712,48.31637414438441],[-107.28896952207901,48.31592447711933],[-107.28883411903445,48.31589137248166]]],[[[-107.28898176251332,48.315598135200126],[-107.2889144557091,48.315590527996235],[-107.28890284007394,48.315631009984834],[-107.28891643309393,48.31563517370696],[-107.28892962556223,48.31563047171645],[-107.2889569544675,48.31564331919799],[-107.2889768720347,48.31563843903423],[-107.28899713273901,48.31564251176879],[-107.28903666540853,48.3156283343619],[-107.2890574695741,48.315645792839405],[-107.28906419467661,48.315645614666224],[-107.28907639836106,48.315618589796024],[-107.28898176251332,48.315598135200126]]]]}"
000000000000000018b4,3003,0,0,0,"{""type"":""MultiPolygon"",""coordinates"":[[[[-107.28882052594531,48.31588720872958],[-107.28879299669781,48.31586992827634],[-107.28877249093915,48.31586135121106],[-107.28869169300054,48.315849564265996],[-107.28858285341799,48.31641003911814],[-107.28869577461568,48.31638992083961],[-107.28883411903445,48.31589137248166],[-107.28882052594531,48.31588720872958]]],[[[-107.2888065703122,48.31557486240375],[-107.28874109806868,48.31560738072996],[-107.28873047083698,48.31567018559443],[-107.28877020378026,48.31566044114774],[-107.28881058225448,48.315664066656254],[-107.28888944733252,48.31563127911617],[-107.28890284007394,48.315631009984834],[-107.2889144557091,48.315590527996235],[-107.2888065703122,48.31557486240375]]]]}"
000000000000000018d2,3004,0,0,0,"{""type"":""MultiPolygon"",""coordinates"":[[[[-107.2886814476583,48.315622005257026],[-107.28860099338497,48.31561917117455],[-107.28859062359999,48.315686321713414],[-107.28860401631889,48.31568605262404],[-107.28873047083698,48.31567018559443],[-107.28874109806868,48.31560738072996],[-107.2886814476583,48.315622005257026]]],[[[-107.28866470717674,48.31584566959794],[-107.28861711763444,48.315828749157625],[-107.28856982644747,48.315820710237375],[-107.28856300329446,48.315816439708726],[-107.2884438897202,48.31644851432398],[-107.28858285341799,48.31641003911814],[-107.28869169300054,48.315849564265996],[-107.28866470717674,48.31584566959794]]]]}"
000000000000000018ce,3005,0,0,0,"{""type"":""GeometryCollection"",""geometries"":[{""type"":""LineString"",""coordinates"":[[-107.28848417690375,48.315701859406026],[-107.28848437656642,48.31570632166061]]},{""type"":""Polygon"",""coordinates"":[[[-107.28858760069068,48.315619440262545],[-107.28853150975843,48.31556248513038],[-107.28848412732744,48.31570184434414],[-107.28854357758489,48.31568278705402],[-107.28859062359999,48.315686321713414],[-107.28860099338497,48.31561917117455],[-107.28858760069068,48.315619440262545]]]},{""type"":""Polygon"",""coordinates"":[[[-107.28850864405368,48.31579962596262],[-107.28846648899521,48.315755787315965],[-107.28828510489365,48.31634000459808],[-107.28829217302241,48.316348779502945],[-107.28832735826464,48.316388292515235],[-107.28832824855029,48.316406166998675],[-107.28832899191221,48.31642398588596],[-107.28832953507415,48.316437371853404],[-107.28832998021689,48.316446309102616],[-107.28840405794296,48.316453810078734],[-107.28839096320837,48.316462960799704],[-107.2884438897202,48.31644851432398],[-107.28856300329446,48.315816439708726],[-107.28850864405368,48.31579962596262]]]}]}"
000000000000000018b8,3006,0,0,0,"{""type"":""Polygon"",""coordinates"":[[[-107.28852484214408,48.31556257607381],[-107.28850438141374,48.3155540703896],[-107.28813757808473,48.31618668250448],[-107.28814430322099,48.316186504393016],[-107.28821358683952,48.316238758468586],[-107.28822955676785,48.31629643445849],[-107.28825713061894,48.316313786612476],[-107.28827086646686,48.31632247058576],[-107.28828510489365,48.31634000459808],[-107.28846648899521,48.315755787315965],[-107.2884523528285,48.315738237726336],[-107.28848437229384,48.31570634860383],[-107.28853150975843,48.31556248513038],[-107.28852484214408,48.31556257607381]]]}"
000000000000000018b7,3007,0,0,0,"{""type"":""Polygon"",""coordinates"":[[[-107.28849078853112,48.315549906612056],[-107.28842684789684,48.315618133326815],[-107.28837491096557,48.3156549024188],[-107.28831457463487,48.31565162090614],[-107.28831471740205,48.315656140957245],[-107.28804620050964,48.316090229366324],[-107.28806003837813,48.31609889754267],[-107.28806043871688,48.31610776334088],[-107.2881021483715,48.316142665262014],[-107.28813757808473,48.31618668250448],[-107.28850438141374,48.3155540703896],[-107.28849078853112,48.315549906612056]]]}"
000000000000000018b6,3008,0,0,0,"{""type"":""Polygon"",""coordinates"":[[[-107.28825690083882,48.31571089098797],[-107.28821712319056,48.31572056383436],[-107.28818317183851,48.31570787842917],[-107.28792206029675,48.31600784667317],[-107.28804620050964,48.316090229366324],[-107.28831471740205,48.315656140957245],[-107.28825690083882,48.31571089098797]]]}"
000000000000000018d9,3009,0,0,0,"{""type"":""Polygon"",""coordinates"":[[[-107.2881354807627,48.315690973572366],[-107.28807351111655,48.315651999018186],[-107.28781892437688,48.315947355678176],[-107.28784605263728,48.315955770676936],[-107.28792206029675,48.31600784667317],[-107.28818317183851,48.31570787842917],[-107.2881354807627,48.315690973572366]]]}"
000000000000000018f1,3010,0,0,0,"{""type"":""Polygon"",""coordinates"":[[[-107.288066843519,48.315652089929564],[-107.28801915262706,48.31563518502809],[-107.28797136381928,48.31561383145345],[-107.2876770438231,48.31591893169513],[-107.28781892437688,48.315947355678176],[-107.28807351111655,48.315651999018186],[-107.288066843519,48.315652089929564]]]}"
000000000000000018f2,3011,0,0,0,"{""type"":""Polygon"",""coordinates"":[[[-107.28788893412364,48.31556635101546],[-107.28752805115396,48.31588166121686],[-107.28752839392827,48.31589061417509],[-107.28757583979964,48.31590301512377],[-107.28764314588581,48.31591062332846],[-107.2876770438231,48.31591893169513],[-107.28797136381928,48.31561383145345],[-107.28788893412364,48.31556635101546]]]}"
000000000000000018f5,3012,0,0,0,"{""type"":""Polygon"",""coordinates"":[[[-107.28777927460024,48.31551047138705],[-107.2874379090691,48.315812035225136],[-107.2874915774067,48.315815408180065],[-107.28750650071113,48.315850848059306],[-107.28752805115396,48.31588166121686],[-107.28788893412364,48.31556635101546],[-107.28777927460024,48.31551047138705]]]}"
000000000000000018b5,3013,0,0,0,"{""type"":""GeometryCollection"",""geometries"":[{""type"":""LineString"",""coordinates"":[[-107.28769676464198,48.31546295661501],[-107.28769656504969,48.31545849435777]]},{""type"":""Polygon"",""coordinates"":[[[-107.28775876949739,48.315501894146784],[-107.28769669862454,48.31546293525816],[-107.28732148034709,48.315756261462404],[-107.28736309069404,48.31578671483881],[-107.28739704152501,48.31579940056586],[-107.28741087904042,48.31580806879723],[-107.2874379090691,48.315812035225136],[-107.28777927460024,48.31551047138705],[-107.28775876949739,48.315501894146784]]]}]}"
000000000000000018c1,3014,0,0,0,"{""type"":""Polygon"",""coordinates"":[[[-107.28764891038547,48.31544158157791],[-107.28760720208753,48.315406679886074],[-107.28759988947257,48.31539340083841],[-107.28722487166475,48.31569115913936],[-107.28723840682561,48.31569541030465],[-107.28732148034709,48.315756261462404],[-107.28769660067246,48.315458486616926],[-107.28764891038547,48.31544158157791]]]}"
000000000000000018bf,3015,0,0,0,"{""type"":""Polygon"",""coordinates"":[[[-107.2875788863437,48.31537150925837],[-107.28756504891541,48.31536284112021],[-107.2874902312215,48.315337521029676],[-107.28710893349181,48.31564439374519],[-107.28718439614154,48.315683084279044],[-107.28722487166475,48.31569115913936],[-107.28759988947257,48.31539340083841],[-107.2875788863437,48.31537150925837]]]}"
00000000000000001959,3016,0,0,0,"{""type"":""Polygon"",""coordinates"":[[[-107.28748360846232,48.315337683293734],[-107.28748282074142,48.31531979335835],[-107.28745539084488,48.31530696129927],[-107.2869646359206,48.31556238589286],[-107.28697847318573,48.31557105415419],[-107.28703945325536,48.315587706509],[-107.28703989809196,48.31559664362905],[-107.28704064084855,48.31561446227019],[-107.28710893349181,48.31564439374519],[-107.2874902312215,48.315337521029676],[-107.28748360846232,48.315337683293734]]]}"
000000000000000018bd,3017,0,0,0,"{""type"":""Polygon"",""coordinates"":[[[-107.28744165566384,48.31529827735843],[-107.2873866980651,48.3152681645931],[-107.28737296292405,48.31525948064777],[-107.28735937044416,48.31525531672302],[-107.28686782868922,48.315492850556566],[-107.28688196377578,48.315510400325685],[-107.28692312849489,48.315531916660404],[-107.2869646359206,48.31556238589286],[-107.28745539084488,48.31530696129927],[-107.28744165566384,48.31529827735843]]]}"
000000000000000018bc,3018,0,0,0,"{""type"":""Polygon"",""coordinates"":[[[-107.28729186572141,48.31524327554533],[-107.2872769428422,48.31520783602719],[-107.28724304577851,48.315199527608385],[-107.28684331685254,48.31539506895994],[-107.28683931379646,48.31545324678043],[-107.28686782868922,48.315492850556566],[-107.28735937044416,48.31525531672302],[-107.28729186572141,48.31524327554533]]]}"
00000000000000001899,3019,0,0,0,"{""type"":""Polygon"",""coordinates"":[[[-107.28719580113966,48.31519155945722],[-107.28718043350698,48.315147182911225],[-107.28717356599624,48.31514284093226],[-107.28677220547124,48.31530268906619],[-107.28679271001546,48.31531126649905],[-107.2868148020581,48.3153554652469],[-107.2868431168263,48.31539063611393],[-107.28684331685254,48.31539506895994],[-107.28724304577851,48.315199527608385],[-107.28719580113966,48.31519155945722]]]}"
00000000000000001962,3020,0,0,0,"{""type"":""Polygon"",""coordinates"":[[[-107.28713926892445,48.31512566683908],[-107.28711174150345,48.31510838610543],[-107.28711119875818,48.31509500045532],[-107.28709681886713,48.31507294664311],[-107.28665568230339,48.31524246631818],[-107.28668345421082,48.315264251465095],[-107.28671088357457,48.315277083747766],[-107.2867314859141,48.3152901098213],[-107.28677220547124,48.31530268906619],[-107.28717356599624,48.31514284093226],[-107.28713926892445,48.31512566683908]]]}"
00000000000000001961,3021,0,0,0,"{""type"":""Polygon"",""coordinates"":[[[-107.28704147466719,48.31503380957194],[-107.28702709484868,48.31501175577286],[-107.28701330249821,48.3150031590013],[-107.28655887675662,48.3151729310465],[-107.28655932148042,48.31518186810188],[-107.28660147280902,48.31522570720647],[-107.28664885961551,48.31523819568826],[-107.28665568230339,48.31524246631818],[-107.28709681886713,48.31507294664311],[-107.28709637400986,48.31506400961193],[-107.28704147466719,48.31503380957194]]]}"
000000000000000018bb,3022,0,0,0,"{""type"":""Polygon"",""coordinates"":[[[-107.28699892271096,48.314981105209924],[-107.2869630957129,48.314928222861305],[-107.28652774329682,48.315075312128286],[-107.28655670223323,48.31512385277811],[-107.28656475688459,48.31515495034681],[-107.28655887675662,48.3151729310465],[-107.28701330249821,48.3150031590013],[-107.28699892271096,48.314981105209924]]]}"
000000000000000018b2,3023,0,0,0,"{""type"":""Polygon"",""coordinates"":[[[-107.28694086105475,48.31487950451162],[-107.28694021619168,48.31486613470968],[-107.28650249009856,48.31495971274614],[-107.28653001694597,48.314976993620554],[-107.28649833972803,48.31501783448219],[-107.28652774329682,48.315075312128286],[-107.2869630957129,48.314928222861305],[-107.28694086105475,48.31487950451162]]]}"
00000000000000001890,3024,0,0,0,"{""type"":""Polygon"",""coordinates"":[[[-107.28693032882272,48.31479491219395],[-107.28692267395978,48.31477268046076],[-107.2864121083139,48.31488558267087],[-107.28641917561089,48.314894357494445],[-107.28650249009856,48.31495971274614],[-107.28694021619168,48.31486613470968],[-107.28693967350385,48.31485274911819],[-107.28693032882272,48.31479491219395]]]}"
000000000000000018b1,3025,0,0,0,"{""type"":""Polygon"",""coordinates"":[[[-107.28690764946248,48.314737256977885],[-107.28685353827373,48.314724946739034],[-107.28628046583995,48.31478548767671],[-107.28633596365682,48.31482898644951],[-107.28637020235196,48.314846247945816],[-107.2864121083139,48.31488558267087],[-107.28692267395978,48.31477268046076],[-107.28690764946248,48.314737256977885]]]}"
0000000000000000188d,3026,0,0,0,"{""type"":""Polygon"",""coordinates"":[[[-107.28681237447364,48.314703430677945],[-107.28607564016076,48.31454838421903],[-107.28608359652506,48.31457503293085],[-107.28610361101282,48.314574602055565],[-107.28613311133161,48.31463652794715],[-107.28620269002582,48.31469319912625],[-107.28624493805373,48.31474148659822],[-107.28626642915904,48.31477238663189],[-107.28628046583995,48.31478548767671],[-107.28685353827373,48.314724946739034],[-107.28681237447364,48.314703430677945]]]}"
000000000000000018aa,3027,0,0,0,"{""type"":""Polygon"",""coordinates"":[[[-107.28630255636526,48.31423123934869],[-107.28627617256487,48.314240642330375],[-107.28613237004397,48.314319486537855],[-107.28601673771902,48.314428981219336],[-107.2860393705958,48.314486564959715],[-107.28606071885595,48.314512944935515],[-107.28607564016076,48.31454838421903],[-107.28681237447364,48.314703430677945],[-107.28630255636526,48.31423123934869]]]}"
000000000000000018b0,3028,0,0,0,"{""type"":""Polygon"",""coordinates"":[[[-107.28648371364324,48.31424098460875],[-107.28639565480397,48.314215988471524],[-107.28636862634511,48.3142120218297],[-107.28630255636526,48.31423123934869],[-107.28681237447364,48.314703430677945],[-107.28685353827373,48.314724946739034],[-107.28690764946248,48.314737256977885],[-107.28690730682229,48.31472830420835],[-107.28690309936968,48.31463466855003],[-107.28648371364324,48.31424098460875]]]}"
000000000000000018ba,3029,0,0,0,"{""type"":""Polygon"",""coordinates"":[[[-107.28667331767952,48.31428638631853],[-107.28655126044346,48.31425309758985],[-107.28648371364324,48.31424098460875],[-107.28690309936968,48.31463466855003],[-107.28690265455441,48.31462573159059],[-107.28697549489362,48.31460640687504],[-107.28700751402461,48.31457451893249],[-107.2870140387361,48.314569908138466],[-107.28667331767952,48.31428638631853]]]}"
000000000000000018be,3030,0,0,0,"{""type"":""Polygon"",""coordinates"":[[[-107.2868700877844,48.31434501091953],[-107.28670019940556,48.31429029727291],[-107.28667331767952,48.31428638631853],[-107.2870140387361,48.314569908138466],[-107.28705985001437,48.31454661690171],[-107.28711203062706,48.314514353482316],[-107.28712453296956,48.31449621074916],[-107.2868700877844,48.31434501091953]]]}"
000000000000000018c0,3031,0,0,0,"{""type"":""Polygon"",""coordinates"":[[[-107.2868700877844,48.31434501091953],[-107.28712453296956,48.31449621074916],[-107.28715625395374,48.31445544150181],[-107.28718901571384,48.314441371839465],[-107.28724095131221,48.31440460426213],[-107.2872799396889,48.314377042479144],[-107.28729941149186,48.31436322588999],[-107.2868700877844,48.31434501091953]]]}"
000000000000000018c6,3032,0,0,0,"{""type"":""Polygon"",""coordinates"":[[[-107.28670019940556,48.31429029727291],[-107.2868700877844,48.31434501091953],[-107.28729941149186,48.31436322588999],[-107.28730583397434,48.314358630889025],[-107.28737214924325,48.3143439167728],[-107.28737160638535,48.31433053131959],[-107.28738415330464,48.31431246001443],[-107.28742432946305,48.31431165331681],[-107.28746381583227,48.31429740555697],[-107.2876305428271,48.3142807180145],[-107.28771746045197,48.3142790293095],[-107.28772136388818,48.314216404243105],[-107.28670019940556,48.31429029727291]]]}"
000000000000000018ad,3033,0,0,0,"{""type"":""MultiPolygon"",""coordinates"":[[[[-107.28717670599679,48.31416472533728],[-107.28717626110831,48.31415578846001],[-107.28655126044346,48.31425309758985],[-107.28667331767952,48.31428638631853],[-107.28670019940556,48.31429029727291],[-107.28720739597576,48.31425340544303],[-107.28717670599679,48.31416472533728]]],[[[-107.28720739597576,48.31425340544303],[-107.28772136388818,48.314216404243105],[-107.28773213474692,48.31415812111131],[-107.28767258917077,48.3141727287521],[-107.28764576035418,48.3141731952249],[-107.2875801351537,48.31420135049254],[-107.28752044263474,48.31421590245038],[-107.28747221116163,48.31418561226074],[-107.28743213729327,48.3141864031803],[-107.28740535327421,48.3141869409793],[-107.28735297313904,48.3142147715996],[-107.28731324203737,48.31422451514834],[-107.2872939704036,48.314242764449546],[-107.28720739597576,48.31425340544303]]]]}"
000000000000000018ab,3034,0,0,0,"{""type"":""Polygon"",""coordinates"":[[[-107.28716153876279,48.31412478237573],[-107.28715970605911,48.31408465776857],[-107.28715916327329,48.31407127237765],[-107.28714532646114,48.31406260437553],[-107.28639565480397,48.314215988471524],[-107.28648371364324,48.31424098460875],[-107.28655126044346,48.31425309758985],[-107.28717626110831,48.31415578846001],[-107.28716153876279,48.31412478237573]]]}"
000000000000000018ac,3035,0,0,0,"{""type"":""Polygon"",""coordinates"":[[[-107.28708128365423,48.313979001613234],[-107.28634500582766,48.31413211617334],[-107.28632508932701,48.314136995626065],[-107.28638157352299,48.31420281618523],[-107.28636862634511,48.3142120218297],[-107.28639565480397,48.314215988471524],[-107.28714532646114,48.31406260437553],[-107.28708128365423,48.313979001613234]]]}"
0000000000000000189e,3036,0,0,0,"{""type"":""Polygon"",""coordinates"":[[[-107.28704634704492,48.313943993957146],[-107.28704545732639,48.313926120275674],[-107.28701027601521,48.31388660852512],[-107.28634500582766,48.31413211617334],[-107.28708128365423,48.313979001613234],[-107.28704634704492,48.313943993957146]]]}"
000000000000000018a9,3037,0,0,0,"{""type"":""Polygon"",""coordinates"":[[[-107.28696041318348,48.313820626539794],[-107.28693264202073,48.31379884204594],[-107.28630404314703,48.31411503284704],[-107.28632508932701,48.314136995626065],[-107.28634500582766,48.31413211617334],[-107.28701027601521,48.31388660852512],[-107.28696041318348,48.313820626539794]]]}"
000000000000000018a1,3038,0,0,0,"{""type"":""Polygon"",""coordinates"":[[[-107.28690477302523,48.31377260904906],[-107.28690432819856,48.31376367223493],[-107.28687581439387,48.313724069730846],[-107.28685511061119,48.31371105984612],[-107.2863020114176,48.314070475468526],[-107.28628946421671,48.314088546557194],[-107.28628293955862,48.31409315725889],[-107.28630404314703,48.31411503284704],[-107.28693264202073,48.31379884204594],[-107.28690477302523,48.31377260904906]]]}"
0000000000000000189f,3039,0,0,0,"{""type"":""MultiPolygon"",""coordinates"":[[[[-107.28682758439088,48.31369377946067],[-107.28674610391545,48.31366855028536],[-107.28671847563706,48.31365128567187],[-107.2863020114176,48.314070475468526],[-107.28685511061119,48.31371105984612],[-107.28682758439088,48.31369377946067]]],[[[-107.28699598673508,48.31341794420283],[-107.28698422755738,48.31345390445778],[-107.28691203441846,48.31348659815317],[-107.28686597972077,48.313505384737944],[-107.28673774709323,48.31363303669378],[-107.28676418789998,48.313623546517135],[-107.28679052652906,48.31361407212737],[-107.28683005682981,48.313599896229775],[-107.28690061779908,48.31353151101277],[-107.28693372566975,48.31352192999434],[-107.28696006423056,48.31351245557794],[-107.28699286986135,48.31349845764818],[-107.28702494536468,48.31346648320521],[-107.28703793693242,48.31345734900421],[-107.28705054106312,48.313439190858794],[-107.28706308774798,48.31342111990466],[-107.28707529171938,48.31339409641277],[-107.28708823851785,48.313384890824395],[-107.28709411805187,48.31336691071244],[-107.28699598673508,48.31341794420283]]]]}"
000000000000000018a3,3040,0,0,0,"{""type"":""Polygon"",""coordinates"":[[[-107.2868329166093,48.3135150371236],[-107.28678118220927,48.31355623652777],[-107.28675504365114,48.313570143597474],[-107.28672163787957,48.31357084338206],[-107.28667524047316,48.313580677330094],[-107.2865823434862,48.313600360956535],[-107.28631910893772,48.31400314917647],[-107.28628946421671,48.314088546557194],[-107.2863020114176,48.314070475468526],[-107.28671847563706,48.31365128567187],[-107.28669767413484,48.313633827275666],[-107.28673774709323,48.31363303669378],[-107.28686597972077,48.313505384737944],[-107.2868329166093,48.3135150371236]],[[-107.28669060695944,48.313625052677665],[-107.28667034810707,48.31362097956437],[-107.2866774152754,48.31362975416337],[-107.28669060695944,48.313625052677665]]]}"
000000000000000018a2,3041,0,0,0,"{""type"":""Polygon"",""coordinates"":[[[-107.28651419782209,48.31357495002857],[-107.286459946099,48.31355811990501],[-107.28644615447247,48.31354952326887],[-107.28643251810769,48.31354528793102],[-107.28631910893772,48.31400314917647],[-107.2865823434862,48.313600360956535],[-107.28652116710545,48.31357927614465],[-107.28651419782209,48.31357495002857]],[[-107.28652116710545,48.31357927614465],[-107.28650797544171,48.31358397760253],[-107.28652170966843,48.313592661420884],[-107.28652116710545,48.31357927614465]]]}"
000000000000000018a6,3042,0,0,0,"{""type"":""Polygon"",""coordinates"":[[[-107.28641902865476,48.31354110819396],[-107.28638493360727,48.31352836698968],[-107.28636427494733,48.31351542843165],[-107.28632331290032,48.31349834529578],[-107.28630937880857,48.31348522877224],[-107.28629796153731,48.31353014157559],[-107.28637860904222,48.313537410339535],[-107.2863659068293,48.31355111995076],[-107.28635251519987,48.31355138868969],[-107.28633912357225,48.31355165742673],[-107.28632573194645,48.31355192616186],[-107.28631234032244,48.31355219489507],[-107.28629816151005,48.31353457426887],[-107.2861741778255,48.31405515086889],[-107.28618080026439,48.314054988707134],[-107.28628293955862,48.31409315725889],[-107.28628946421671,48.314088546557194],[-107.28631910893772,48.31400314917647],[-107.28643251810769,48.31354528793102],[-107.28641902865476,48.31354110819396]]]}"
000000000000000018a4,3043,0,0,0,"{""type"":""Polygon"",""coordinates"":[[[-107.28630251175383,48.31348088685524],[-107.2862536381833,48.31343722695603],[-107.28621233382988,48.31341119123959],[-107.28619187529152,48.3134026853517],[-107.28603403750682,48.31406686559961],[-107.2861741778255,48.31405515086889],[-107.28629816151005,48.31353457426887],[-107.28629129444894,48.313530232347205],[-107.28629796153731,48.31353014157559],[-107.28630937880857,48.31348522877224],[-107.28630251175383,48.31348088685524]]]}"
000000000000000018ae,3044,0,0,0,"{""type"":""Polygon"",""coordinates"":[[[-107.28617151455464,48.313398627934575],[-107.28612590461563,48.31342635089445],[-107.2857570238657,48.31400983567597],[-107.2857638909064,48.31401417767554],[-107.2858055951849,48.31404907935487],[-107.28596718085352,48.314068193283006],[-107.28603403750682,48.31406686559961],[-107.28619187529152,48.3134026853517],[-107.28617151455464,48.313398627934575]]]}"
00000000000000001889,3045,0,0,0,"{""type"":""Polygon"",""coordinates"":[[[-107.28607318294395,48.31344522783448],[-107.28556604258813,48.31378140255537],[-107.28559509683505,48.313834390887045],[-107.28562286682349,48.31385617581191],[-107.28565019233459,48.313869023891144],[-107.28566467291331,48.31389106166661],[-107.28569278535832,48.3139217992357],[-107.28572218672228,48.31397927599863],[-107.28574264535014,48.3139877820766],[-107.2857570238657,48.31400983567597],[-107.28612590461563,48.31342635089445],[-107.28607318294395,48.31344522783448]]]}"
0000000000000000188f,3046,0,0,0,"{""type"":""Polygon"",""coordinates"":[[[-107.28530904831686,48.31357656362974],[-107.28532332868807,48.31359416864063],[-107.28541237093812,48.31364148766066],[-107.28542674909158,48.31366354117492],[-107.28546104343548,48.313680715476025],[-107.28555121979677,48.31375041219009],[-107.28556604258813,48.31378140255537],[-107.28607318294395,48.31344522783448],[-107.28530904831686,48.31357656362974]]]}"
00000000000000001868,3047,0,0,0,"{""type"":""Polygon"",""coordinates"":[[[-107.28606251035255,48.3133561177849],[-107.286002766608,48.313366291444346],[-107.2860232250407,48.313374797369384],[-107.28598403747051,48.313397925419785],[-107.28594332056093,48.31338534622464],[-107.28596951648566,48.3133713522402],[-107.28520538392198,48.31350268697596],[-107.28528152338369,48.3135592828124],[-107.28530218143986,48.313572221629265],[-107.28530904831686,48.31357656362974],[-107.28607318294395,48.31344522783448],[-107.28612590461563,48.31342635089445],[-107.28617151455464,48.313398627934575],[-107.28606251035255,48.3133561177849]]]}"
00000000000000001870,3048,0,0,0,"{""type"":""Polygon"",""coordinates"":[[[-107.28603454037196,48.31332990051554],[-107.28603335342102,48.31330314587598],[-107.2860250548292,48.31326754526089],[-107.285952119703,48.31328242022779],[-107.28593892816016,48.31328712157819],[-107.28593872822944,48.31328268890375],[-107.28512143170482,48.31342396275942],[-107.28512864525466,48.31343279305751],[-107.28517785912008,48.313485406149624],[-107.28520538392198,48.31350268697596],[-107.28596951648566,48.3133713522402],[-107.28597598358768,48.313366828811205],[-107.28598893048998,48.31335762337308],[-107.286002766608,48.313366291444346],[-107.28606251035255,48.3133561177849],[-107.28606231040726,48.313351685105324],[-107.28603454037196,48.31332990051554]],[[-107.28596224965023,48.31335814494442],[-107.28593502205351,48.313349745544556],[-107.28594253354053,48.31336745691618],[-107.28596224965023,48.31335814494442]],[[-107.28594722666388,48.31332272221607],[-107.28593383517645,48.31332299089189],[-107.28593427977032,48.31333192764231],[-107.28594722666388,48.31332272221607]]]}"
0000000000000000186c,3049,0,0,0,"{""type"":""Polygon"",""coordinates"":[[[-107.28594970118378,48.31322883961073],[-107.2859302298097,48.31324265562046],[-107.2859296874557,48.31322927042378],[-107.28519200018455,48.31320373858436],[-107.28514105200887,48.313262826157434],[-107.28508422332627,48.31333989376793],[-107.28512143170482,48.31342396275942],[-107.28593872822944,48.31328268890375],[-107.28593107426362,48.313260457701524],[-107.28596506657618,48.31327321480824],[-107.285952119703,48.31328242022779],[-107.2860250548292,48.31326754526089],[-107.28602495705802,48.31326309679717],[-107.28603691690286,48.31323156943972],[-107.28594970118378,48.31322883961073]]]}"
00000000000000001867,3050,0,0,0,"{""type"":""Polygon"",""coordinates"":[[[-107.2859805326024,48.313170198282855],[-107.28596091876778,48.313179494431495],[-107.28595365196666,48.3131662871819],[-107.2853461727348,48.313057750483516],[-107.2852751666797,48.31311719724262],[-107.28519200018455,48.31320373858436],[-107.2859296874557,48.31322927042378],[-107.28592924286167,48.31322033369061],[-107.28595627043016,48.3132243004046],[-107.28594970118378,48.31322883961073],[-107.28603691690286,48.31323156943972],[-107.28604803221307,48.31318224004175],[-107.2859805326024,48.313170198282855]],[[-107.28599481326235,48.31318780305196],[-107.28598117714625,48.31318356767257],[-107.28598171952017,48.31319695285695],[-107.28599481326235,48.31318780305196]]]}"
000000000000000018a5,3051,0,0,0,"{""type"":""Polygon"",""coordinates"":[[[-107.28598705710203,48.313165587685816],[-107.2859805326024,48.313170198282855],[-107.28604803221307,48.31318224004175],[-107.28605391214059,48.31316426005206],[-107.28609354407145,48.31315006879988],[-107.28609191243427,48.31311437753935],[-107.2860175459641,48.313097993915626],[-107.28598532780232,48.31312544795806],[-107.28595222040082,48.31313502856626],[-107.28595775792584,48.31310809609246],[-107.2859498018692,48.31308144809815],[-107.28563830197123,48.313002812120956],[-107.28541065411143,48.31300291428679],[-107.28535891972491,48.313044112527606],[-107.2853461727348,48.313057750483516],[-107.28595365196666,48.3131662871819],[-107.28595286493498,48.31314839794758],[-107.28598705710203,48.313165587685816]],[[-107.28595286493498,48.31314839794758],[-107.28594569590514,48.31313963915818],[-107.28593274907993,48.31314884455076],[-107.28595286493498,48.31314839794758]]]}"
00000000000000001864,3052,0,0,0,"{""type"":""MultiPolygon"",""coordinates"":[[[[-107.28592618283268,48.31300154400152],[-107.28592499594747,48.31297478952431],[-107.28591081757249,48.312957169021345],[-107.28590375075741,48.31294839446807],[-107.28563830197123,48.313002812120956],[-107.2859498018692,48.31308144809815],[-107.28592618283268,48.31300154400152]]],[[[-107.28613514790038,48.31303314575472],[-107.28606315550033,48.313070271188735],[-107.28603029281824,48.313084355863744],[-107.2860175459641,48.313097993915626],[-107.28609191243427,48.31311437753935],[-107.28609146779891,48.3131054408273],[-107.28613124218695,48.31309576941973],[-107.28614429114147,48.31308654821921],[-107.28617042939139,48.31307264145009],[-107.28618258901612,48.313045546845146],[-107.28613514790038,48.31303314575472]]]]}"
00000000000000001865,3053,0,0,0,"{""type"":""Polygon"",""coordinates"":[[[-107.28589307861313,48.31285928522161],[-107.28589263402336,48.312850348550405],[-107.28542958325487,48.312975713305946],[-107.28541051167942,48.312998394448584],[-107.28541065411143,48.31300291428679],[-107.28563830197123,48.313002812120956],[-107.28590375075741,48.31294839446807],[-107.28589307861313,48.31285928522161]]]}"
0000000000000000185f,3054,0,0,0,"{""type"":""Polygon"",""coordinates"":[[[-107.28587074441549,48.31281058424565],[-107.28582177463784,48.31276247621594],[-107.28581490780243,48.31275813431758],[-107.28546081481522,48.31292593770752],[-107.28542958325487,48.312975713305946],[-107.28589263402336,48.312850348550405],[-107.28589223416712,48.31284148327443],[-107.28587074441549,48.31281058424565]]]}"
0000000000000000186e,3055,0,0,0,"{""type"":""Polygon"",""coordinates"":[[[-107.2858075963989,48.312744855764706],[-107.28571702173122,48.312666295323595],[-107.28547158836896,48.31286765617643],[-107.28546081481522,48.31292593770752],[-107.28581490780243,48.31275813431758],[-107.2858075963989,48.312744855764706]]]}"
00000000000000001859,3056,0,0,0,"{""type"":""MultiPolygon"",""coordinates"":[[[[-107.28560965550022,48.31236026400454],[-107.28559779343419,48.31239623918278],[-107.28562314432497,48.312364443778286],[-107.28560965550022,48.31236026400454]]],[[[-107.28570995502552,48.31265752080134],[-107.28562882088582,48.31264124349741],[-107.28555391369996,48.31261147457641],[-107.28554052252545,48.312611743185876],[-107.28547094400606,48.31285428685819],[-107.28547158836896,48.31286765617643],[-107.28571702173122,48.312666295323595],[-107.28570995502552,48.31265752080134]]]]}"
0000000000000000185e,3057,0,0,0,"{""type"":""Polygon"",""coordinates"":[[[-107.28558242879892,48.312351864639794],[-107.28555846442504,48.312414846820154],[-107.28546724677581,48.31247029106746],[-107.28545504222535,48.312497313899875],[-107.28544209558963,48.312506519110244],[-107.28542944652952,48.312524605337295],[-107.28540355322758,48.3125430157612],[-107.28539179308025,48.31257897525365],[-107.28541299286853,48.31260529886287],[-107.28538033047494,48.312623815803406],[-107.28534060147435,48.31263355819131],[-107.28547094400606,48.31285428685819],[-107.28554052252545,48.312611743185876],[-107.28548681540076,48.312608297800054],[-107.28548562882142,48.31258154350768],[-107.28548498444775,48.31256817426179],[-107.28548453995454,48.31255923763522],[-107.28548379786808,48.31254141998962],[-107.28548889107626,48.31250555122174],[-107.28557916677802,48.31242785670317],[-107.28559779343419,48.31239623918278],[-107.28560965550022,48.31236026400454],[-107.28558242879892,48.312351864639794]]]}"
00000000000000001869,3058,0,0,0,"{""type"":""Polygon"",""coordinates"":[[[-107.28534060147435,48.31263355819131],[-107.28531381917178,48.31263409534795],[-107.28521494744331,48.312667308583556],[-107.28541051167942,48.312998394448584],[-107.28542958325487,48.312975713305946],[-107.28546081481522,48.31292593770752],[-107.28547158836896,48.31286765617643],[-107.28547094400606,48.31285428685819],[-107.28534060147435,48.31263355819131]]]}"
00000000000000001866,3059,0,0,0,"{""type"":""Polygon"",""coordinates"":[[[-107.28521494744331,48.312667308583556],[-107.28519523169503,48.31267662027171],[-107.28512239576357,48.31269594282386],[-107.28509551581351,48.31269203150031],[-107.28506220908051,48.312697179081084],[-107.28535891972491,48.313044112527606],[-107.28541065411143,48.31300291428679],[-107.28541051167942,48.312998394448584],[-107.28521494744331,48.312667308583556]]]}"
0000000000000000186d,3060,0,0,0,"{""type"":""Polygon"",""coordinates"":[[[-107.28506220908051,48.312697179081084],[-107.28503552897885,48.31269770036985],[-107.28495068791692,48.31274847834691],[-107.2852751666797,48.31311719724262],[-107.2853461727348,48.313057750483516],[-107.28535891972491,48.313044112527606],[-107.28506220908051,48.312697179081084]]]}"
0000000000000000185b,3061,0,0,0,"{""type"":""Polygon"",""coordinates"":[[[-107.28495068791692,48.31274847834691],[-107.2849116030161,48.312771589884484],[-107.2848769103224,48.31274555037873],[-107.2848493415684,48.31272819829066],[-107.28479662102549,48.31274707425344],[-107.28519200018455,48.31320373858436],[-107.2852751666797,48.31311719724262],[-107.28495068791692,48.31274847834691]]]}"
0000000000000000186b,3062,0,0,0,"{""type"":""GeometryCollection"",""geometries"":[{""type"":""LineString"",""coordinates"":[[-107.2846229220734,48.31275502331546],[-107.28462981096983,48.31275935263822]]},{""type"":""Polygon"",""coordinates"":[[[-107.28479662102549,48.31274707425344],[-107.28470421614774,48.31277576374068],[-107.28462985210282,48.31275937908568],[-107.28514105200887,48.313262826157434],[-107.28519200018455,48.31320373858436],[-107.28479662102549,48.31274707425344]]]}]}"
00000000000000001871,3063,0,0,0,"{""type"":""Polygon"",""coordinates"":[[[-107.28462298549857,48.31275503709653],[-107.28457570112789,48.31274699650249],[-107.28452648931744,48.312694383781015],[-107.28447292509391,48.31269545762448],[-107.28446768859878,48.312726806671876],[-107.2844275154183,48.3127276120335],[-107.28439999175468,48.31271033120753],[-107.28506396516515,48.31333582032021],[-107.28508388111103,48.31333094121658],[-107.28508422332627,48.31333989376793],[-107.28514105200887,48.313262826157434],[-107.28462298549857,48.31275503709653]]]}"
00000000000000001884,3064,0,0,0,"{""type"":""Polygon"",""coordinates"":[[[-107.28439999175468,48.31271033120753],[-107.28438595674083,48.31269723035738],[-107.28433185081258,48.31268491903752],[-107.28431787327985,48.31267173099894],[-107.28424311047152,48.31264648079895],[-107.28419647041791,48.31265180930802],[-107.28472218500981,48.313177366952274],[-107.28472880719093,48.31317720489983],[-107.28475603402629,48.313185604633595],[-107.28482343017721,48.31319766307911],[-107.28484453210754,48.313219538661215],[-107.28487165686501,48.31322795415665],[-107.28489255904675,48.31324539706251],[-107.28495397740443,48.313270986917026],[-107.28496791073421,48.31328410360357],[-107.28498174643077,48.31329277182058],[-107.2849954799662,48.31330145582706],[-107.28500927094761,48.31331005264769],[-107.2850311596621,48.31334981754518],[-107.28506396516515,48.31333582032021],[-107.28439999175468,48.31271033120753]]]}"
0000000000000000188a,3065,0,0,0,"{""type"":""Polygon"",""coordinates"":[[[-107.28419647041791,48.31265180930802],[-107.28417037704511,48.31266578682056],[-107.28453476495886,48.31318103857391],[-107.28461352695429,48.313143807755466],[-107.28464737587582,48.31315204547227],[-107.28468829129,48.3131690578648],[-107.28472218500981,48.313177366952274],[-107.28419647041791,48.31265180930802]]]}"
00000000000000001888,3066,0,0,0,"{""type"":""Polygon"",""coordinates"":[[[-107.28417037704511,48.31266578682056],[-107.28413094547938,48.31268440976693],[-107.28405158995933,48.31270387771996],[-107.2840730329795,48.312734705749804],[-107.28441666476012,48.31323257116136],[-107.2844232869299,48.313232409130094],[-107.28443603419454,48.31321877124484],[-107.28444908337002,48.31320955024762],[-107.28450180456646,48.313190674294695],[-107.28453476495886,48.31318103857391],[-107.28417037704511,48.31266578682056]]]}"
0000000000000000188c,3067,0,0,0,"{""type"":""Polygon"",""coordinates"":[[[-107.28417331918648,48.313031966583495],[-107.28424263625178,48.31323597375159],[-107.28427598801538,48.31323089779024],[-107.28436305509057,48.31323357357755],[-107.28438963781386,48.313228603997835],[-107.28441666476012,48.31323257116136],[-107.2840730329795,48.312734705749804],[-107.28416620817694,48.313023120481596],[-107.28417287502144,48.313023029864524],[-107.28417994130349,48.31303180457095],[-107.28417331918648,48.313031966583495]],[[-107.2842067235716,48.31303126772727],[-107.2842330616671,48.31302179415782],[-107.28421240451623,48.31300885522216],[-107.2842067235716,48.31303126772727]],[[-107.28417994130349,48.31303180457095],[-107.28418765147686,48.313053948664],[-107.2842067235716,48.31303126772727],[-107.28417994130349,48.31303180457095]]]}"
000000000000000018c3,3068,0,0,0,"{""type"":""Polygon"",""coordinates"":[[[-107.28417331918648,48.313031966583495],[-107.28415968361037,48.3130277309443],[-107.28416620817694,48.313023120481596],[-107.2840730329795,48.312734705749804],[-107.28405158995933,48.31270387771996],[-107.28394564749611,48.31273277923703],[-107.28403970983253,48.3130390675522],[-107.28415992805601,48.31303223500153],[-107.28416131335945,48.31306342222729],[-107.28404796157896,48.3130745968443],[-107.28410274589588,48.31325218942022],[-107.28412310585865,48.31325624728424],[-107.2842096758406,48.31324560938259],[-107.28424263625178,48.31323597375159],[-107.28417331918648,48.313031966583495]]]}"
000000000000000018af,3069,0,0,0,"{""type"":""MultiPolygon"",""coordinates"":[[[[-107.28394564749611,48.31273277923703],[-107.28391916737395,48.31273773284762],[-107.2838386217938,48.312734910444505],[-107.28381203952027,48.312739879814174],[-107.28390674441054,48.31305953772397],[-107.28392680234826,48.31305917874197],[-107.28396020667081,48.313058479972696],[-107.28402651841824,48.3130437686152],[-107.28403970983253,48.3130390675522],[-107.28394564749611,48.31273277923703]]],[[[-107.28404796157896,48.3130745968443],[-107.28404133946346,48.31307475884784],[-107.28396143683963,48.313085305948036],[-107.28393460987304,48.313085771328026],[-107.28391459664827,48.31308620170734],[-107.28397002406047,48.3132771638616],[-107.28398341525251,48.31327689546725],[-107.28405614985464,48.31325758933532],[-107.28408945686458,48.313252442042035],[-107.28410274589588,48.31325218942022],[-107.28404796157896,48.3130745968443]]]]}"
0000000000000000188e,3070,0,0,0,"{""type"":""MultiPolygon"",""coordinates"":[[[[-107.28381203952027,48.312739879814174],[-107.28365861836157,48.31275184316135],[-107.28377347720095,48.3130755908389],[-107.28390674441054,48.31305953772397],[-107.28381203952027,48.312739879814174]]],[[[-107.28391459664827,48.31308620170734],[-107.28390120553493,48.31308647008915],[-107.28388747249731,48.313077785948764],[-107.28387526676653,48.313104808919384],[-107.28378221746915,48.313120128318545],[-107.28384372470722,48.313297543453615],[-107.28388325448579,48.313283368866266],[-107.28397002406047,48.3132771638616],[-107.28391459664827,48.31308620170734]]]]}"
0000000000000000188b,3071,0,0,0,"{""type"":""MultiPolygon"",""coordinates"":[[[[-107.28378221746915,48.313120128318545],[-107.28371511973131,48.313116950260095],[-107.28369520402697,48.313121829054204],[-107.2836891234623,48.313135376236225],[-107.28365587409182,48.313140436190245],[-107.28371031447934,48.31330907670073],[-107.2837236034774,48.31330882413194],[-107.28384372470722,48.313297543453615],[-107.28378221746915,48.313120128318545]]],[[[-107.28365861836157,48.31275184316135],[-107.28365199633082,48.312752005134925],[-107.28352624054985,48.31278576917166],[-107.2836330464676,48.31307842055366],[-107.28366590917591,48.31306433669962],[-107.28369975745909,48.31307257475417],[-107.2837273255618,48.313089927301114],[-107.28374027259368,48.313080722210735],[-107.28377347720095,48.3130755908389],[-107.28365861836157,48.31275184316135]]]]}"
000000000000000018a8,3072,0,0,0,"{""type"":""GeometryCollection"",""geometries"":[{""type"":""LineString"",""coordinates"":[[-107.28351520543572,48.31313878083213],[-107.28351520614852,48.31313879679892]]},{""type"":""LineString"",""coordinates"":[[-107.28351500693714,48.31313433452684],[-107.283515204408,48.31313875781168]]},{""type"":""Polygon"",""coordinates"":[[[-107.28359351693,48.31309259497728],[-107.2836330464676,48.31307842055366],[-107.28352624054985,48.31278576917166],[-107.2834733203925,48.31280021178145],[-107.28339327652715,48.31280623849969],[-107.28343891797064,48.31293042792483],[-107.2834658995874,48.31293432395366],[-107.28343931722884,48.31293929324101],[-107.2835079331962,48.31312555421631],[-107.28352819072296,48.31312962799211],[-107.283515204408,48.31313875781168],[-107.28351519892269,48.313138761668036],[-107.28351520543572,48.31313878083213],[-107.28358455673046,48.31334284121771],[-107.28363085557298,48.31332856035486],[-107.28367666563501,48.31330527130636],[-107.28371031447934,48.31330907670073],[-107.28365587409182,48.313140436190245],[-107.2836159451861,48.313145745291216],[-107.28354256728822,48.31315168161615],[-107.28361540367837,48.31313236008443],[-107.28359470209912,48.31311934958611],[-107.28358086700075,48.313110681182465],[-107.28356747592595,48.313110949516904],[-107.28354015230083,48.31309810098078],[-107.28358620644843,48.31307931614837],[-107.28359351693,48.31309259497728]],[[-107.28358620644843,48.31307931614837],[-107.28360601995162,48.31307445317029],[-107.28359253140742,48.313070273050336],[-107.28358620644843,48.31307931614837]],[[-107.28356594892908,48.31307524238847],[-107.28351890930948,48.31307170528016],[-107.28352621976025,48.31308498411307],[-107.28356594892908,48.31307524238847]]]}]}"
00000000000000001891,3073,0,0,0,"{""type"":""Polygon"",""coordinates"":[[[-107.28337215397293,48.31308357769823],[-107.28338850119566,48.31315027523352],[-107.283441821105,48.3131446979132],[-107.28341582475865,48.31316312382697],[-107.28339601122401,48.31316798677473],[-107.28344412526525,48.3133456706891],[-107.28356474308231,48.313347704219616],[-107.28358455673046,48.31334284121771],[-107.28351499928574,48.31313432899348],[-107.2835079331962,48.31312555421631],[-107.28343931722884,48.31293929324101],[-107.28343225119553,48.31293051848907],[-107.28343891797064,48.31293042792483],[-107.28339327652715,48.31280623849969],[-107.28332652147085,48.31281201264521],[-107.28330062751762,48.312830422618404],[-107.28330072496358,48.31283487105691],[-107.283371954353,48.31307914502755],[-107.28340461744139,48.313060628593554],[-107.28343169659698,48.31306897309719],[-107.28343989497701,48.31310012541238],[-107.28337215397293,48.31308357769823]],[[-107.28348841677324,48.313139298317004],[-107.28345481291493,48.31313556424595],[-107.28346207861982,48.31314877170472],[-107.28348841677324,48.313139298317004]],[[-107.28343989497701,48.31310012541238],[-107.2834207203691,48.31312282202352],[-107.28344117749313,48.3131313284926],[-107.28346035209783,48.31310863187384],[-107.28343989497701,48.31310012541238]]]}"
000000000000000018b9,3074,0,0,0,"{""type"":""MultiPolygon"",""coordinates"":[[[[-107.28339601122401,48.31316798677473],[-107.2833428461892,48.3131779253556],[-107.2833436319394,48.31319581465372],[-107.28328404440293,48.31321034784412],[-107.28327045372755,48.3132061834557],[-107.2833051759949,48.313384135877676],[-107.28343735624652,48.313345777044894],[-107.28344412526525,48.3133456706891],[-107.28339601122401,48.31316798677473]]],[[[-107.28337215397293,48.31308357769823],[-107.2833653850073,48.31308368404709],[-107.283371954353,48.31307914502755],[-107.28330072496358,48.31283487105691],[-107.28329430255498,48.31283946565648],[-107.28322428059356,48.3129212325497],[-107.2832325761972,48.31295683325038],[-107.28323919823546,48.312956671304924],[-107.28325401846607,48.312987661628874],[-107.28328060082985,48.312982692388154],[-107.28328786643432,48.31299589982464],[-107.28330125742784,48.312995631531834],[-107.28330248711401,48.31302245749612],[-107.28327570510905,48.31302299408095],[-107.28329680567471,48.3130448699657],[-107.2832908224497,48.3130628655632],[-107.28325030763575,48.31305471791169],[-107.28326023214636,48.313126010061254],[-107.28326043175238,48.31313044273642],[-107.2832612174635,48.31314833202022],[-107.28328854094232,48.31316118065153],[-107.28330237594498,48.313169849107936],[-107.2833282701519,48.31315143901022],[-107.28336171907387,48.31315081184658],[-107.28338850119566,48.31315027523352],[-107.28337215397293,48.31308357769823]],[[-107.28333045410437,48.313048675484985],[-107.28332467050684,48.31307110375541],[-107.2833317812572,48.313079949934156],[-107.28335091114803,48.31305718196346],[-107.28333045410437,48.313048675484985]]]]}"
000000000000000018c2,3075,0,0,0,"{""type"":""GeometryCollection"",""geometries"":[{""type"":""LineString"",""coordinates"":[[-107.28326040200383,48.31313045922745],[-107.28326119876083,48.31314830831882]]},{""type"":""Polygon"",""coordinates"":[[[-107.28322428059356,48.3129212325497],[-107.28321133356786,48.31293043754276],[-107.28319240329341,48.312957638091994],[-107.28321266062457,48.31296171192642],[-107.2832325761972,48.31295683325038],[-107.28322428059356,48.3129212325497]]]},{""type"":""Polygon"",""coordinates"":[[[-107.28327045372755,48.3132061834557],[-107.2832638316425,48.31320634540526],[-107.28325044057813,48.313206613695726],[-107.28323704951556,48.31320688198428],[-107.28319707593646,48.3132121195208],[-107.28315636143302,48.31319953912745],[-107.2831496946298,48.31319962967324],[-107.28315199717385,48.31340060270492],[-107.28323179782629,48.31339007199874],[-107.2832786380619,48.31338917656611],[-107.2833051759949,48.313384135877676],[-107.28327045372755,48.3132061834557]]]},{""type"":""Polygon"",""coordinates"":[[[-107.28326023214636,48.313126010061254],[-107.28325030763575,48.31305471791169],[-107.28321665923896,48.31305091236308],[-107.28320391176352,48.313064550048786],[-107.28319738713961,48.313069160451185],[-107.28318463965289,48.31308279813931],[-107.28316398307702,48.313069858948765],[-107.28318369910754,48.31306054760142],[-107.28316255390004,48.31303860028776],[-107.28314862157167,48.313025483374595],[-107.28314274045627,48.3130434631696],[-107.2831451548639,48.31309704377456],[-107.28316536752652,48.313101046232624],[-107.283205882333,48.313109193927254],[-107.28322678328291,48.31312663718777],[-107.28323953077685,48.31311299948262],[-107.28326023214636,48.313126010061254]],[[-107.28323246477764,48.313104224686434],[-107.2832192733558,48.31310892564455],[-107.28323953077685,48.31311299948262],[-107.28323246477764,48.313104224686434]]]}]}"
0000000000000000197a,3076,0,0,0,"{""type"":""MultiPolygon"",""coordinates"":[[[[-107.28311738761823,48.31307525837524],[-107.28310453794357,48.31308891184297],[-107.2831451548639,48.31309704377456],[-107.28314274045627,48.3130434631696],[-107.28311738761823,48.31307525837524]]],[[[-107.28314297038636,48.31319980740245],[-107.2831161882985,48.31320034394671],[-107.28306149680999,48.313174575161796],[-107.2829689787131,48.313350655375885],[-107.28306434018671,48.31338893338908],[-107.28313183704851,48.31340097731621],[-107.28315199717385,48.31340060270492],[-107.2831496946298,48.31319962967324],[-107.28314297038636,48.31319980740245]]]]}"
0000000000000000189a,3077,0,0,0,"{""type"":""MultiPolygon"",""coordinates"":[[[[-107.28309767157744,48.313084569711826],[-107.28309787116397,48.31308900238438],[-107.28310453794357,48.31308891184297],[-107.28311738761823,48.31307525837524],[-107.28309767157744,48.313084569711826]]],[[[-107.2830138139236,48.31315766836103],[-107.28300665058075,48.31314444507316],[-107.28281793637815,48.313268750543],[-107.282824802722,48.31327309270975],[-107.2827995516924,48.31330487219013],[-107.2827808205302,48.3133365055558],[-107.28276722994273,48.31333234108408],[-107.28271647862465,48.313395860282306],[-107.28271732150313,48.313413662482866],[-107.28272537236994,48.31344475946845],[-107.28270570083762,48.31345414219109],[-107.2826414160847,48.31351340982192],[-107.28257534819991,48.31353262447182],[-107.28253714466913,48.3135780733638],[-107.28255073528307,48.313582237886656],[-107.28258947993014,48.31355017431009],[-107.28264220148121,48.31353129924769],[-107.28268845571613,48.313516947389],[-107.28273366751439,48.31348036057466],[-107.28277265623814,48.31345280109156],[-107.28281095681729,48.31341180071047],[-107.28284930205024,48.31337087174364],[-107.28287445571243,48.313334643727565],[-107.28295514377666,48.31334198684029],[-107.2829689787131,48.313350655375885],[-107.28306149680999,48.313174575161796],[-107.2830138139236,48.31315766836103]]]]}"
00000000000000001898,3078,0,0,0,"{""type"":""MultiPolygon"",""coordinates"":[[[[-107.28297823998436,48.3131092901896],[-107.2829436065438,48.31308316259063],[-107.28272094738595,48.31319478089565],[-107.28272821277974,48.313207988432524],[-107.28279041358213,48.313251469057874],[-107.28281793637815,48.313268750543],[-107.28300665058075,48.31314444507316],[-107.28300640627883,48.313139940999854],[-107.28297823998436,48.3131092901896]]],[[[-107.28312752113801,48.31300360746193],[-107.28312693507914,48.31299015088835],[-107.28299598572717,48.31305533499132],[-107.28301654003079,48.31306829000513],[-107.2830309161901,48.31309034369058],[-107.28304312241484,48.31306332082207],[-107.28308309578472,48.31305808336958],[-107.28309767157744,48.313084569711826],[-107.28311738761823,48.31307525837524],[-107.28314274045627,48.3130434631696],[-107.28314862157167,48.313025483374595],[-107.28314842197852,48.31302105070762],[-107.28312752113801,48.31300360746193]]]]}"
0000000000000000199d,3079,0,0,0,"{""type"":""MultiPolygon"",""coordinates"":[[[[-107.28319240329341,48.312957638091994],[-107.28321133356786,48.31293043754276],[-107.2831650800197,48.31294478947737],[-107.28316552393814,48.312953726194095],[-107.28319240329341,48.312957638091994]]],[[[-107.28311235929093,48.312963664597504],[-107.28315964284477,48.312971705965296],[-107.28316552393814,48.312953726194095],[-107.28314526662706,48.312949652349836],[-107.28311235929093,48.312963664597504]]],[[[-107.28287433984337,48.31303090738921],[-107.28263646224127,48.313102669541976],[-107.28265671946345,48.31310674350751],[-107.28270494310839,48.313137035698034],[-107.28270558644971,48.313150405131864],[-107.28272094738595,48.31319478089565],[-107.2829436065438,48.31308316259063],[-107.28287433984337,48.31303090738921]]],[[[-107.2830331009375,48.31298758027011],[-107.28300750377684,48.3130148713512],[-107.2829736559597,48.313006633049866],[-107.2829734563877,48.313002200383565],[-107.28295364298084,48.31300706322214],[-107.28297444153361,48.313024522297795],[-107.28298195131048,48.313042233835844],[-107.28299598572717,48.31305533499132],[-107.28312693507914,48.31299015088835],[-107.28311235929093,48.312963664597504],[-107.2830331009375,48.31298758027011]]]]}"
000000000000000019a0,3080,0,0,0,"{""type"":""MultiPolygon"",""coordinates"":[[[[-107.28308242214766,48.3128928028399],[-107.28303592435753,48.31290265064763],[-107.28303636824478,48.312911587358656],[-107.28303102840394,48.31294295227314],[-107.28308242214766,48.3128928028399]]],[[[-107.28329430255498,48.31283946565648],[-107.28310900441436,48.312887833658],[-107.28315006029737,48.31290936650447],[-107.2831650800197,48.31294478947737],[-107.28321133356786,48.31293043754276],[-107.28322428059356,48.3129212325497],[-107.28323060558432,48.3129121895016],[-107.28329430255498,48.31283946565648]],[[-107.28320362407887,48.31290829340548],[-107.28320436504127,48.31292611122022],[-107.28323060558432,48.3129121895016],[-107.28320362407887,48.31290829340548]]],[[[-107.2830046904125,48.31295242549635],[-107.28296496147962,48.31296216696034],[-107.28293946647491,48.31298944222258],[-107.28295364298084,48.31300706322214],[-107.2829734563877,48.313002200383565],[-107.28296614619293,48.3129889215228],[-107.28301872481008,48.31296552662685],[-107.2830046904125,48.31295242549635]]],[[[-107.28285793622788,48.31296429707304],[-107.28285042653252,48.31294658554921],[-107.28257895888626,48.31301445455314],[-107.28257974426631,48.31303234381184],[-107.28255914550813,48.31301931731073],[-107.2824995010344,48.31303393713673],[-107.28254041436034,48.31305095045914],[-107.28256131481261,48.31306839385795],[-107.28263646224127,48.313102669541976],[-107.28287433984337,48.31303090738921],[-107.28287206794748,48.312981846682284],[-107.28285793622788,48.31296429707304]]],[[[-107.28303102840394,48.31294295227314],[-107.28302440638258,48.3129431142038],[-107.28303853820005,48.31296066377909],[-107.28301872481008,48.31296552662685],[-107.2830331009375,48.31298758027011],[-107.28313849770235,48.3129497586814],[-107.28313064610877,48.31292309468674],[-107.28311018923651,48.31291458817849],[-107.28310287899573,48.31290130935118],[-107.28308320777819,48.31291069204718],[-107.2830907175986,48.31292840353766],[-107.2830785114565,48.3129554263415],[-107.28303102840394,48.31294295227314]]]]}"
00000000000000001886,3081,0,0,0,"{""type"":""MultiPolygon"",""coordinates"":[[[[-107.2828433159573,48.312937739352606],[-107.28281460876542,48.31289370344454],[-107.28281426709923,48.312884750946374],[-107.28254763897827,48.312912405318535],[-107.28256241377785,48.312943324345596],[-107.28257698907787,48.31296981072212],[-107.28257821823179,48.31299663669614],[-107.28257895888626,48.31301445455314],[-107.28285042653252,48.31294658554921],[-107.2828433159573,48.312937739352606]]],[[[-107.28303399870829,48.31285807832959],[-107.28303464217598,48.31287144768781],[-107.28302885845741,48.31289387586869],[-107.28303592435753,48.31290265064763],[-107.28308242214766,48.3128928028399],[-107.283095169585,48.31287916521536],[-107.28310900441436,48.312887833658],[-107.28329430255498,48.31283946565648],[-107.28330072496358,48.31283487105691],[-107.28330062751762,48.312830422618404],[-107.28303399870829,48.31285807832959]],[[-107.28305489940817,48.312875521551405],[-107.28306804601395,48.31287074924351],[-107.28305445551591,48.31286658484665],[-107.28305489940817,48.312875521551405]]],[[[-107.28255217709258,48.313014990930824],[-107.28253844460171,48.31300630659541],[-107.28251778843965,48.31299336727407],[-107.28249022134098,48.31297601438611],[-107.28241541598167,48.31295069116836],[-107.28236783617656,48.312933768307694],[-107.28236091253828,48.31292951331527],[-107.28231427283295,48.3129348409301],[-107.2823211390216,48.3129391831095],[-107.2823349735718,48.312947851680455],[-107.28236936200875,48.31296947538961],[-107.2824038973897,48.31299115470236],[-107.28243102069462,48.31299957088755],[-107.2824995010344,48.31303393713673],[-107.28255914550813,48.31301931731073],[-107.28255217709258,48.313014990930824]]]]}"
00000000000000001878,3082,0,0,0,"{""type"":""MultiPolygon"",""coordinates"":[[[[-107.2823126448862,48.312899149656474],[-107.28223067698544,48.312860603041685],[-107.28221708671177,48.31285643852148],[-107.28215705636889,48.312862034184654],[-107.28217785428815,48.31287949340117],[-107.2822938163277,48.31292633423683],[-107.28231427283295,48.3129348409301],[-107.28236091253828,48.31292951331527],[-107.2823126448862,48.312899149656474]]],[[[-107.28279969161855,48.31285826465284],[-107.28280458779007,48.31281796309782],[-107.28279663431715,48.31279131492242],[-107.28251691777766,48.312823654224815],[-107.28251711729536,48.312828086878554],[-107.282518102168,48.31285040873124],[-107.28253281947761,48.31288141491101],[-107.28254763897827,48.312912405318535],[-107.28281426709923,48.312884750946374],[-107.28279969161855,48.31285826465284]]],[[[-107.28303845074909,48.31280884007371],[-107.2830459605288,48.31282655153477],[-107.28302668851002,48.312844799509534],[-107.28303399870829,48.31285807832959],[-107.28330062751762,48.312830422618404],[-107.28332652147085,48.31281201264521],[-107.28331313054014,48.31281228093903],[-107.2833032506712,48.31274106061304],[-107.28302995578757,48.31276880680327],[-107.28303766513766,48.312790950899874],[-107.28305130033107,48.312795186689144],[-107.28303845074909,48.31280884007371]],[[-107.28310560480891,48.312811931431476],[-107.28311859652803,48.31280279786918],[-107.28310520563015,48.31280306613314],[-107.28310560480891,48.312811931431476]],[[-107.28305816663817,48.31279952880144],[-107.28307229842922,48.312817078325004],[-107.28310520563015,48.31280306613314],[-107.28307032800275,48.31277243468563],[-107.28305130033107,48.312795186689144],[-107.28305816663817,48.31279952880144]]]]}"
00000000000000001894,3083,0,0,0,"{""type"":""GeometryCollection"",""geometries"":[{""type"":""LineString"",""coordinates"":[[-107.28319246113563,48.31265838832896],[-107.28317908196641,48.3126586540533]]},{""type"":""Polygon"",""coordinates"":[[[-107.28288592859839,48.312691300637006],[-107.28287273733572,48.312696001506964],[-107.28293272305216,48.31269033401644],[-107.28293924761829,48.312685723666355],[-107.28288592859839,48.312691300637006]]]},{""type"":""Polygon"",""coordinates"":[[[-107.28276591250645,48.31270256412606],[-107.2824860945465,48.31273491905342],[-107.28251691777766,48.312823654224815],[-107.28279663431715,48.31279131492242],[-107.28279629265377,48.31278236244137],[-107.28276591250645,48.31270256412606]]]},{""type"":""Polygon"",""coordinates"":[[[-107.28214900610533,48.31283093747721],[-107.2821227655335,48.312844858879835],[-107.28215008805905,48.3128577077857],[-107.28215705636889,48.312862034184654],[-107.28221708671177,48.31285643852148],[-107.28214900610533,48.31283093747721]]]},{""type"":""Polygon"",""coordinates"":[[[-107.28329278469998,48.312656383894584],[-107.28327232789431,48.31264787746188],[-107.28319252883445,48.31265840801423],[-107.28317943501055,48.312667557348185],[-107.28317913797827,48.31265867628671],[-107.28307917923523,48.31266958134768],[-107.2830331256209,48.31268836577865],[-107.28303920629054,48.312674818749464],[-107.28297922054448,48.31268048630557],[-107.282967258736,48.31271201300509],[-107.28299458171794,48.3127248616271],[-107.28300895774866,48.312746915176525],[-107.28302961406669,48.31275985432829],[-107.28302995578757,48.31276880680327],[-107.2833032506712,48.31274106061304],[-107.28329278469998,48.312656383894584]],[[-107.28316648807514,48.312676762288966],[-107.28317355398258,48.312685537021736],[-107.28319326979879,48.3126762257452],[-107.28316648807514,48.312676762288966]],[[-107.28314212079239,48.3127308790602],[-107.28314251998114,48.312739744346075],[-107.2831555116694,48.31273061079199],[-107.28314212079239,48.3127308790602]]]}]}"
00000000000000001895,3084,0,0,0,"{""type"":""GeometryCollection"",""geometries"":[{""type"":""LineString"",""coordinates"":[[-107.2828817529033,48.312597565479024],[-107.2828884424813,48.312597432634476]]},{""type"":""Polygon"",""coordinates"":[[[-107.28295496540608,48.312587212604384],[-107.28300220364547,48.31259518261263],[-107.28300156018425,48.31258181332353],[-107.28295496540608,48.312587212604384]]]},{""type"":""Polygon"",""coordinates"":[[[-107.28274961135595,48.31263593840785],[-107.282748524168,48.31261363243901],[-107.2824690086044,48.312650404095216],[-107.28246999345383,48.312672725874336],[-107.28247117781609,48.31269948030605],[-107.2824860945465,48.31273491905342],[-107.28276591250645,48.31270256412606],[-107.28276571295764,48.312698131484105],[-107.28277080867487,48.31266226269094],[-107.28274961135595,48.31263593840785]]]},{""type"":""Polygon"",""coordinates"":[[[-107.28303169653786,48.31265710733777],[-107.28301143943017,48.312653033482874],[-107.28299869206016,48.31266667103655],[-107.2829315383508,48.312663579603615],[-107.28288592859839,48.312691300637006],[-107.28293924761829,48.312685723666355],[-107.28294557261238,48.31267668067703],[-107.28297877666832,48.31267154963286],[-107.28297922054448,48.31268048630557],[-107.28303920629054,48.312674818749464],[-107.28303900670828,48.312670386111236],[-107.28303169653786,48.31265710733777]]]},{""type"":""Polygon"",""coordinates"":[[[-107.28318176136611,48.3125693145676],[-107.28320948359473,48.312591028353395],[-107.28322267482561,48.312586327447285],[-107.28323626526861,48.31259049179977],[-107.28324891511384,48.31257240581916],[-107.28318784196759,48.31255576756108],[-107.28303486633307,48.312576666483174],[-107.28302874095554,48.31259014209168],[-107.28303605111392,48.31260342084894],[-107.28302997045775,48.312616967859384],[-107.28304434647998,48.31263902135896],[-107.28309879287909,48.312660285881435],[-107.28307917923523,48.31266958134768],[-107.28317913797827,48.31265867628671],[-107.28327232789431,48.31264787746188],[-107.28322474761815,48.312630955134],[-107.2832109128335,48.31262228674881],[-107.28318358978265,48.312609438214885],[-107.28318260449406,48.312587116480806],[-107.28317573819959,48.312582774394436],[-107.28318176136611,48.3125693145676]],[[-107.28315582283786,48.31258765301898],[-107.28316965758907,48.312596321407305],[-107.28317573819959,48.312582774394436],[-107.28315582283786,48.31258765301898]],[[-107.2831513710036,48.31263689107009],[-107.2831586364966,48.31265009843322],[-107.28317825012714,48.31264080295449],[-107.2831513710036,48.31263689107009]]]}]}"
00000000000000001892,3085,0,0,0,"{""type"":""GeometryCollection"",""geometries"":[{""type"":""LineString"",""coordinates"":[[-107.28318119043885,48.31255588890073],[-107.28318788001008,48.31255575603885]]},{""type"":""LineString"",""coordinates"":[[-107.28293108723825,48.31250279495079],[-107.28294446636905,48.31250252925593]]},{""type"":""Polygon"",""coordinates"":[[[-107.2827329638174,48.31256482453071],[-107.28273217834891,48.31254693543291],[-107.28273143760589,48.312529117736126],[-107.28273119333448,48.312524613713514],[-107.28245137680985,48.31255696839498],[-107.2824690086044,48.312650404095216],[-107.282748524168,48.31261363243901],[-107.2827329638174,48.31256482453071]]]},{""type"":""Polygon"",""coordinates"":[[[-107.28314614289985,48.31252086559425],[-107.28309831858788,48.31249943921881],[-107.28312425706179,48.31248110081477],[-107.28301090807514,48.31249227401484],[-107.28300567047698,48.31252362289062],[-107.28298442827891,48.31249722733711],[-107.28297280825971,48.312537706363045],[-107.28298738378967,48.31256419246927],[-107.28296026049843,48.31255577650978],[-107.28294622627067,48.31254267546748],[-107.28289983112901,48.31255250734444],[-107.28290551267696,48.31253009510328],[-107.28293861918522,48.312520515676766],[-107.2829311095126,48.31250280430662],[-107.28286435527873,48.312508578077164],[-107.28285160793062,48.31252221557369],[-107.28285911756163,48.31253992695758],[-107.28285323642609,48.31255790657105],[-107.2828870263322,48.31256623203984],[-107.28286761229573,48.312579960076434],[-107.28288178861979,48.31259758095539],[-107.28288841056946,48.31259741903745],[-107.28289453598981,48.312583943434966],[-107.28291445132587,48.31257906486559],[-107.28292033244017,48.31256108524174],[-107.28292784211568,48.31257879663209],[-107.28295496540608,48.312587212604384],[-107.28300156018425,48.31258181332353],[-107.2830070995441,48.312554881253774],[-107.2830346220243,48.31257216245824],[-107.28303486633307,48.312576666483174],[-107.28318117527789,48.31255585810509],[-107.28316027465382,48.31253841501377],[-107.28317934686069,48.312515734498234],[-107.28314614289985,48.31252086559425]]]}]}"
00000000000000001896,3086,0,0,0,"{""type"":""MultiPolygon"",""coordinates"":[[[[-107.28316364373721,48.31246240696234],[-107.28316344413837,48.31245797434253],[-107.28312327180498,48.3124587791332],[-107.28313033766261,48.3124675538344],[-107.28316364373721,48.31246240696234]]],[[[-107.282728380396,48.31246216841599],[-107.28272818085009,48.312457735793934],[-107.28245356296429,48.31245420598367],[-107.28246141394774,48.31248086981381],[-107.2824494071254,48.312512324942624],[-107.28231648982396,48.312532864019516],[-107.28235700345357,48.312541012014826],[-107.28245009511005,48.312525765618176],[-107.28245137680985,48.31255696839498],[-107.28273119333448,48.312524613713514],[-107.28273653331432,48.312493249059116],[-107.282728380396,48.31246216841599]]],[[[-107.28313033766261,48.3124675538344],[-107.28308320165367,48.3124595681188],[-107.28308962400274,48.31245497356769],[-107.28282191592454,48.31245585831783],[-107.2828151471135,48.31245596462274],[-107.28282245715658,48.31246924336565],[-107.28289015168185,48.31248571992566],[-107.28286435527873,48.312508578077164],[-107.28294450027722,48.31250253607182],[-107.282957646744,48.312497763816054],[-107.28295724759688,48.31248889856874],[-107.28301090807514,48.31249227401484],[-107.28312425706179,48.31248110081477],[-107.28313033766261,48.3124675538344]],[[-107.28294973791867,48.312471187210726],[-107.28293699060407,48.31248482470813],[-107.28295724759688,48.31248889856874],[-107.28294973791867,48.312471187210726]]]]}"
00000000000000001893,3087,0,0,0,"{""type"":""MultiPolygon"",""coordinates"":[[[[-107.28272542535021,48.31239520339267],[-107.28272404124247,48.31236401650812],[-107.28242950888838,48.312365365123156],[-107.28243004997861,48.31237875015399],[-107.28245356296429,48.31245420598367],[-107.28272818085009,48.312457735793934],[-107.28273416418267,48.31243974043371],[-107.28272542535021,48.31239520339267]]],[[[-107.28322081543371,48.312394294139196],[-107.28320015919533,48.31238135511555],[-107.2831879533388,48.31240837764783],[-107.28315494907163,48.31241794135018],[-107.28316201493244,48.31242671604224],[-107.28315573475119,48.31243583039573],[-107.28312090210277,48.31240527056651],[-107.28310889578204,48.31243672572027],[-107.2830821142555,48.3124372622331],[-107.28306675304609,48.31239288716667],[-107.28304595475186,48.31237542831201],[-107.2830521775013,48.31236640115827],[-107.28275082261436,48.31236348009979],[-107.28275156337172,48.31238129774051],[-107.28277913025975,48.31239865036458],[-107.28278639555226,48.31241185770172],[-107.2828200431711,48.312415663374985],[-107.28278718105119,48.31242974675283],[-107.28279489018594,48.312451890733044],[-107.2828151471135,48.31245596462274],[-107.28283421941035,48.31243328420864],[-107.28284845310426,48.3124508178632],[-107.28282191592454,48.31245585831783],[-107.28308962400274,48.31245497356769],[-107.28311596163145,48.31244550041911],[-107.28312327180498,48.3124587791332],[-107.28316344413837,48.31245797434253],[-107.28315613394732,48.31244469563213],[-107.28320252901592,48.31243486365319],[-107.28323617685406,48.31243866917681],[-107.28322081543371,48.312394294139196]],[[-107.28303389095045,48.312406970622256],[-107.28303497832005,48.3124292764965],[-107.28304748128011,48.31241113499026],[-107.28303389095045,48.312406970622256]]]]}"
00000000000000001879,3088,0,0,0,"{""type"":""Polygon"",""coordinates"":[[[-107.28301818809133,48.31235364316507],[-107.28298335567969,48.312323083327236],[-107.28296789247322,48.312278724123814],[-107.28241187726266,48.312271929912676],[-107.28241252051338,48.31228529913308],[-107.28242866612278,48.31234756326847],[-107.28242950888838,48.312365365123156],[-107.28272404124247,48.31236401650812],[-107.28272359742496,48.312355079886],[-107.28272893737164,48.31232371533295],[-107.28275507533976,48.3123098096999],[-107.28274959330727,48.31233665445155],[-107.28275710285263,48.312354365783726],[-107.28275082261436,48.31236348009979],[-107.2830521775013,48.31236640115827],[-107.28301818809133,48.31235364316507]],[[-107.28297737247591,48.3123410786602],[-107.28296388435497,48.312336898498955],[-107.28296422606634,48.31234585090313],[-107.28297737247591,48.3123410786602]]]}"
00000000000000001857,3089,0,0,0,"{""type"":""Polygon"",""coordinates"":[[[-107.28296062712263,48.31226551683497],[-107.28290618144224,48.31224425237398],[-107.28293133418846,48.31220802513442],[-107.28292362499627,48.312185881268235],[-107.282407982674,48.31218271491614],[-107.28241035134857,48.312236223302314],[-107.28241153568545,48.3122629775156],[-107.28241187726266,48.312271929912676],[-107.28296789247322,48.312278724123814],[-107.28296062712263,48.31226551683497]],[[-107.28289091793191,48.31220432582035],[-107.28287090540402,48.31220475595744],[-107.28287797113994,48.31221353063835],[-107.28289091793191,48.31220432582035]],[[-107.2828655655963,48.312236120444624],[-107.28284530876932,48.31223204657987],[-107.28285326220293,48.31225869447172],[-107.2828655655963,48.312236120444624]],[[-107.28273220509237,48.3122477233709],[-107.28269855766592,48.31224391767401],[-107.28270562335403,48.312252692375274],[-107.28273220509237,48.3122477233709]]]}"
00000000000000001881,3090,0,0,0,"{""type"":""Polygon"",""coordinates"":[[[-107.28291617282257,48.31216808282493],[-107.28288148282044,48.31214204282615],[-107.28284783541739,48.312138237188535],[-107.28285293092748,48.31210236877427],[-107.28277248992357,48.312099529662405],[-107.28277293375638,48.31210846624095],[-107.28273904216036,48.3121001565791],[-107.28243734410702,48.3120927462704],[-107.28241342017405,48.31215579886223],[-107.282407982674,48.31218271491614],[-107.28292362499627,48.312185881268235],[-107.28291617282257,48.31216808282493]],[[-107.28274219681197,48.312171553826374],[-107.28272218433327,48.31217198393098],[-107.28272925001687,48.31218075861874],[-107.28274219681197,48.312171553826374]]]}"
00000000000000001882,3091,0,0,0,"{""type"":""GeometryCollection"",""geometries"":[{""type"":""LineString"",""coordinates"":[[-107.28278347380984,48.31204570465198],[-107.28277658516406,48.312041375214086]]},{""type"":""Polygon"",""coordinates"":[[[-107.28277248992357,48.312099529662405],[-107.28285293092748,48.31210236877427],[-107.28284443626696,48.31206233601213],[-107.28285762729564,48.31205763520805],[-107.28278346655736,48.312045681836985],[-107.28281755769116,48.31205842406302],[-107.28277086148204,48.31206383897024],[-107.28277248992357,48.312099529662405]]]},{""type"":""Polygon"",""coordinates"":[[[-107.28277086148204,48.31206383897024],[-107.28275648585372,48.3120417856585],[-107.28275638846588,48.31203733728437],[-107.28245252161867,48.31198085143557],[-107.28248187095161,48.31203825588113],[-107.28245661586053,48.31207449867889],[-107.28243704724521,48.3120838652984],[-107.28243734410702,48.3120927462704],[-107.28273904216036,48.3121001565791],[-107.28273217603595,48.312095814496516],[-107.28275080433029,48.312064197684236],[-107.28277086148204,48.31206383897024]]]}]}"
00000000000000001885,3092,0,0,0,"{""type"":""Polygon"",""coordinates"":[[[-107.28277660043378,48.312041339762004],[-107.28285762729564,48.31205763520805],[-107.2828643513116,48.3120574575084],[-107.28287537253006,48.312003681112934],[-107.28286707742105,48.31196808100753],[-107.2824616709589,48.31188688059291],[-107.28246187047633,48.31189131316861],[-107.28246231423546,48.31190024971543],[-107.28243637606124,48.31191858773265],[-107.2824371614024,48.31193647662452],[-107.28243745826671,48.31194535757182],[-107.28245252161867,48.31198085143557],[-107.28275638846588,48.31203733728437],[-107.28276953475839,48.312032565100544],[-107.28277660043378,48.312041339762004]],[[-107.28276953475839,48.312032565100544],[-107.28280940475572,48.31202734368158],[-107.28280199739551,48.312009616674565],[-107.28282082515454,48.31198243248394],[-107.28277378737054,48.311978895037],[-107.28276953475839,48.312032565100544]]]}"
00000000000000001856,3093,0,0,0,"{""type"":""Polygon"",""coordinates"":[[[-107.2827776982903,48.311916272693026],[-107.28278382360548,48.311902797273035],[-107.28282355134337,48.31189305610849],[-107.28282898850328,48.31186614018643],[-107.282471121912,48.31179732669818],[-107.2824713214312,48.31180175926635],[-107.28247995770386,48.31184631163008],[-107.2824616709589,48.31188688059291],[-107.28286707742105,48.31196808100753],[-107.28287231500155,48.31193673246756],[-107.28288986057211,48.311878345922125],[-107.28285601383578,48.311870107728176],[-107.28283061701262,48.31190183074309],[-107.28280447935376,48.31191573628207],[-107.28279143049673,48.311924956823276],[-107.2827776982903,48.311916272693026]],[[-107.28279143049673,48.311924956823276],[-107.28279874044438,48.31193823543769],[-107.28281178930565,48.311929014893074],[-107.28279143049673,48.311924956823276]],[[-107.28252556645005,48.31181859125583],[-107.28250530996027,48.31181451734285],[-107.28251301881265,48.31183666109643],[-107.28252556645005,48.31181859125583]]]}"
00000000000000001863,3094,0,0,0,"{""type"":""Polygon"",""coordinates"":[[[-107.28285078653404,48.31175408389048],[-107.28285142995615,48.31176745297328],[-107.28283739605327,48.31175435210123],[-107.28248856578331,48.311738956154436],[-107.28246969326831,48.31176606876204],[-107.282471121912,48.31179732669818],[-107.28282898850328,48.31186614018643],[-107.28284119435342,48.31183911797573],[-107.28286243608724,48.31186551324572],[-107.28285601383578,48.311870107728176],[-107.28288986057211,48.311878345922125],[-107.28289628282333,48.3118737514367],[-107.28289974964461,48.31180219269047],[-107.28291121457362,48.31175735307125],[-107.28285078653404,48.31175408389048]],[[-107.28286090970863,48.31182980692743],[-107.28284065310035,48.3118257330873],[-107.2828477187638,48.31183450770967],[-107.28286090970863,48.31182980692743]]]}"
0000000000000000187c,3095,0,0,0,"{""type"":""Polygon"",""coordinates"":[[[-107.28285078653404,48.31175408389048],[-107.28291121457362,48.31175735307125],[-107.28291685121913,48.311734869775485],[-107.28290835652697,48.31169483729671],[-107.28291414004929,48.311672409634234],[-107.28291349660228,48.3116590405764],[-107.28250488260194,48.31165374457581],[-107.28251273351653,48.31168040800177],[-107.28249366152568,48.31170308802291],[-107.28249444690107,48.31172097684087],[-107.28248856578331,48.311738956154436],[-107.28283739605327,48.31175435210123],[-107.28283725392782,48.311749832357656],[-107.28285044484123,48.311745131585134],[-107.28285078653404,48.31175408389048]],[[-107.28289585379555,48.311712978534466],[-107.28284881630385,48.311709441134795],[-107.28286971628236,48.31172688403808],[-107.28289585379555,48.311712978534466]],[[-107.28285044484123,48.311745131585134],[-107.28288364802866,48.31174000068585],[-107.28286319189341,48.311731494295735],[-107.28285044484123,48.311745131585134]]]}"
0000000000000000187a,3096,0,0,0,"{""type"":""Polygon"",""coordinates"":[[[-107.28292294639849,48.311569487050605],[-107.28292308853607,48.311574006778415],[-107.2828508989135,48.31160669617608],[-107.28285579472747,48.311566395576904],[-107.28247406008764,48.31156501133633],[-107.28247548874474,48.31159626915377],[-107.28250291278826,48.31160910188678],[-107.28250488260194,48.31165374457581],[-107.28291349660228,48.3116590405764],[-107.28290618664896,48.31164576204064],[-107.28294962508926,48.3115689663954],[-107.28292294639849,48.311569487050605]]]}"
0000000000000000187b,3097,0,0,0,"{""type"":""MultiPolygon"",""coordinates"":[[[[-107.28283762085766,48.31145957707872],[-107.2828304131324,48.31144628279816],[-107.28283629404606,48.311428303567894],[-107.28282932585628,48.311423977331934],[-107.28247376320816,48.3115561304531],[-107.28247396272936,48.31156056300108],[-107.28247406008764,48.31156501133633],[-107.28285579472747,48.311566395576904],[-107.28286034882782,48.31151714274169],[-107.28287962013633,48.3114988952743],[-107.28283762085766,48.31145957707872]]],[[[-107.28292167409109,48.311390913552465],[-107.28286895566951,48.3114097879285],[-107.28286929737209,48.311418740177004],[-107.282890396788,48.31144061551962],[-107.28292131778045,48.31153379672154],[-107.28291523730546,48.31154734344739],[-107.28292294639849,48.311569487050605],[-107.28294962508926,48.3115689663954],[-107.2829423598596,48.311555759278534],[-107.2829484403282,48.31154221254898],[-107.28293940432486,48.31148879541666],[-107.28294267137329,48.31141280465873],[-107.28292167409109,48.311390913552465]]]]}"
00000000000000001873,3098,0,0,0,"{""type"":""MultiPolygon"",""coordinates"":[[[[-107.28277977735814,48.31136241265808],[-107.28276574363018,48.311349311871005],[-107.28275912191224,48.31134947377083],[-107.28275181207627,48.31133619529773],[-107.2827384217606,48.3113364634884],[-107.28242475645003,48.311507950237704],[-107.28244501274897,48.311512024149],[-107.28247376320816,48.3115561304531],[-107.28282932585628,48.311423977331934],[-107.28282191857568,48.311406250525756],[-107.28280126308258,48.311393311638085],[-107.28279330981246,48.31136666417184],[-107.28277977735814,48.31136241265808]]],[[[-107.28276574363018,48.311349311871005],[-107.28279252428037,48.311348775479594],[-107.28279330981246,48.31136666417184],[-107.28283392467817,48.3113747960235],[-107.28282804377466,48.31139277523526],[-107.28286164577567,48.31139650945015],[-107.28286895566951,48.3114097879285],[-107.28292167409109,48.311390913552465],[-107.28289390821897,48.31136912875331],[-107.28279153918675,48.311326454266215],[-107.28279702096721,48.311299610029],[-107.2827578925573,48.31132264863591],[-107.28277814886897,48.311326722462425],[-107.28276574363018,48.311349311871005]]]]}"
0000000000000000187e,3099,0,0,0,"{""type"":""MultiPolygon"",""coordinates"":[[[[-107.28256762036875,48.31125949514644],[-107.28256011109744,48.31124178415751],[-107.28240439799742,48.311503892109016],[-107.28242475645003,48.311507950237704],[-107.2827384217606,48.3113364634884],[-107.28270457559672,48.311328225310604],[-107.2826774533293,48.311319809441116],[-107.28265022891989,48.31131140935176],[-107.28260931732876,48.311294396589176],[-107.28260853188492,48.31127650791751],[-107.28260126685078,48.31126330084261],[-107.28256762036875,48.31125949514644]]],[[[-107.28260126685078,48.31126330084261],[-107.28266189345193,48.3112710026979],[-107.28268116467515,48.31125275535704],[-107.28270182002561,48.311265694239914],[-107.28272167718129,48.31126090303073],[-107.28274430268993,48.31131848430053],[-107.2827578925573,48.31132264863591],[-107.28279702096721,48.311299610029],[-107.28280231588826,48.311268174709326],[-107.28279549461996,48.311263904089216],[-107.28278166047838,48.311255235848954],[-107.28275507945632,48.31126020475603],[-107.28274094838221,48.3112426556819],[-107.28280799721263,48.31124576302139],[-107.28282118793979,48.311241062302216],[-107.28279386610996,48.31122821396053],[-107.28277707670931,48.31115258227578],[-107.28278315714586,48.31113903566031],[-107.28277609161823,48.311130261144626],[-107.28278177292711,48.311107849516816],[-107.28276196057402,48.311112712115744],[-107.2827673976024,48.31108579659586],[-107.28279417806256,48.31108526021144],[-107.28278612744047,48.311054164606446],[-107.28279176400333,48.311031681617706],[-107.28278425464126,48.31101397072453],[-107.28280396953873,48.311004659844144],[-107.2827961184825,48.31097799678472],[-107.28282912139183,48.31096843349926],[-107.2827472539375,48.31093433692981],[-107.28256663540968,48.31123717396486],[-107.28263269908521,48.31121796025783],[-107.28262029382118,48.311240549602026],[-107.28260734736185,48.311249754208134],[-107.28260126685078,48.31126330084261]],[[-107.28272274544425,48.31098393211808],[-107.28272981093077,48.31099270661457],[-107.28274280200526,48.310983573432196],[-107.28272274544425,48.31098393211808]],[[-107.28274168916765,48.31126047294608],[-107.28272795721031,48.31125178891102],[-107.28272167718129,48.31126090303073],[-107.28274168916765,48.31126047294608]]]]}"
0000000000000000187d,3100,0,0,0,"{""type"":""Polygon"",""coordinates"":[[[-107.28256663540968,48.31123717396486],[-107.2827472539375,48.31093433692981],[-107.28274058757104,48.31093442743228],[-107.28257240121964,48.310915470557205],[-107.28254517715301,48.31090707049333],[-107.2824115941026,48.31121344464761],[-107.28244524046887,48.31121725039805],[-107.28241890376948,48.311226723120214],[-107.28241179361859,48.311217877167266],[-107.28231512318672,48.31145206797534],[-107.2823361200002,48.311473959251245],[-107.28234975453867,48.31147819505169],[-107.2823775199981,48.3114999800633],[-107.28240439799742,48.311503892109016],[-107.28256011109744,48.31124178415751],[-107.28255986683972,48.31123728024324],[-107.28256663540968,48.31123717396486]],[[-107.28255986683972,48.31123728024324],[-107.28255280136612,48.31122850569352],[-107.28254637921683,48.3112331000976],[-107.28255986683972,48.31123728024324]],[[-107.2825115483333,48.311202540694524],[-107.28246426747533,48.31119449920718],[-107.28248530900522,48.31121646173794],[-107.2825115483333,48.311202540694524]]]}"
0000000000000000187f,3101,0,0,0,"{""type"":""Polygon"",""coordinates"":[[[-107.28243672965668,48.31087794247968],[-107.28242378331403,48.31088714699526],[-107.28238504161112,48.31091920882326],[-107.28219284063199,48.31141427107541],[-107.28227298275922,48.311408229827514],[-107.28231512318672,48.31145206797534],[-107.28241179361859,48.311217877167266],[-107.2824115941026,48.31121344464761],[-107.28254517715301,48.31090707049333],[-107.28243672965668,48.31087794247968]]]}"
00000000000000001880,3102,0,0,0,"{""type"":""Polygon"",""coordinates"":[[[-107.28229402585599,48.31097908093623],[-107.28221669684743,48.31104756572483],[-107.28216619263367,48.311115585733084],[-107.28206482415034,48.31139450881745],[-107.28209160463415,48.31139397262518],[-107.28211240175592,48.311411431393665],[-107.28219284063199,48.31141427107541],[-107.28238504161112,48.31091920882326],[-107.28229402585599,48.31097908093623]],[[-107.28227048451244,48.31120283169555],[-107.28223683824251,48.31119902588249],[-107.28222409125215,48.31121266295053],[-107.28225121320396,48.31122107893904],[-107.28227048451244,48.31120283169555]]]}"
00000000000000001883,3103,0,0,0,"{""type"":""Polygon"",""coordinates"":[[[-107.28190064683474,48.311317377293925],[-107.28196304261441,48.31136528955578],[-107.28203760001239,48.31138610853579],[-107.28206482415034,48.31139450881745],[-107.28216619263367,48.311115585733084],[-107.28190064683474,48.311317377293925]]]}"
00000000000000001897,3104,0,0,0,"{""type"":""Polygon"",""coordinates"":[[[-107.28216619263367,48.311115585733084],[-107.28221669684743,48.31104756572483],[-107.28206579525126,48.31111755287511],[-107.28206623892298,48.311126489295816],[-107.28203283701197,48.31112718732002],[-107.28180950193965,48.3112253587444],[-107.28181725495305,48.31124757371626],[-107.28186645973103,48.311300186570996],[-107.28189378100791,48.31131303520786],[-107.28190064683474,48.311317377293925],[-107.28212720635621,48.311143143695695],[-107.28216619263367,48.311115585733084]],[[-107.28212720635621,48.311143143695695],[-107.28211361671876,48.31113897927935],[-107.28211406040197,48.311147915703145],[-107.28212720635621,48.311143143695695]],[[-107.28211263203342,48.31111665813682],[-107.28209914457054,48.31111247793382],[-107.28210008452511,48.311134727681456],[-107.28211263203342,48.31111665813682]]]}"
00000000000000001877,3105,0,0,0,"{""type"":""MultiPolygon"",""coordinates"":[[[[-107.28204272738965,48.31105103522023],[-107.2820646111198,48.31109079922918],[-107.28205853047943,48.31110434579203],[-107.28206579525126,48.31111755287511],[-107.28221669684743,48.31104756572483],[-107.28229402585599,48.31097908093623],[-107.28204272738965,48.31105103522023]]],[[[-107.28201944687395,48.311127455404915],[-107.28202562483898,48.31111835713779],[-107.28197730726355,48.311083617374535],[-107.28197666414904,48.311070248450164],[-107.2817583731479,48.311128175000825],[-107.28176597922888,48.31115033432972],[-107.28179492786887,48.311198873089936],[-107.28180950193965,48.3112253587444],[-107.28203283701197,48.31112718732002],[-107.28201944687395,48.311127455404915]]]]}"
00000000000000001787,3106,0,0,0,"{""type"":""MultiPolygon"",""coordinates"":[[[[-107.28199930642346,48.31097599538178],[-107.28199318106455,48.31098947051777],[-107.28203512113424,48.3110288759591],[-107.28204272738965,48.31105103522023],[-107.28229402585599,48.31097908093623],[-107.28238504161112,48.31091920882326],[-107.28242378331403,48.31088714699526],[-107.28199930642346,48.31097599538178]]],[[[-107.28196901321367,48.31104801778127],[-107.28194693016881,48.31100382127435],[-107.2819463892248,48.31099043658349],[-107.28169435069874,48.311044572749275],[-107.28170848104752,48.31106212193032],[-107.28174335556008,48.311092752965116],[-107.2817583731479,48.311128175000825],[-107.28197666414904,48.311070248450164],[-107.28196901321367,48.31104801778127]]]]}"
000000000000000028e9,3107,0,0,0,"{""type"":""MultiPolygon"",""coordinates"":[[[[-107.28242990852532,48.31087367186151],[-107.282016506234,48.310913121932934],[-107.28203033995969,48.31092179023809],[-107.2820106250843,48.31093110094464],[-107.28201857766203,48.31095774827476],[-107.28199930642346,48.31097599538178],[-107.28242378331403,48.31088714699526],[-107.28243672965668,48.31087794247968],[-107.28242990852532,48.31087367186151]]],[[[-107.2819311272869,48.31095051077979],[-107.28192974378783,48.31091932471644],[-107.28166965620565,48.31094236509326],[-107.28166495874738,48.310987097689974],[-107.2816872855299,48.31103579816002],[-107.28169435069874,48.311044572749275],[-107.2819463892248,48.31099043658349],[-107.28195202622985,48.31096795365979],[-107.2819311272869,48.31095051077979]]]]}"
00000000000000001845,3108,0,0,0,"{""type"":""GeometryCollection"",""geometries"":[{""type"":""LineString"",""coordinates"":[[-107.28209913096708,48.31081321390708],[-107.2821058064483,48.31081308138698]]},{""type"":""Polygon"",""coordinates"":[[[-107.28192110832975,48.31087477305996],[-107.28189368518156,48.31086194031555],[-107.28189250116563,48.310835186793284],[-107.28163893855084,48.31085361691983],[-107.28164787522647,48.31090258530473],[-107.28166931478953,48.31093341291349],[-107.28166965620565,48.31094236509326],[-107.28192974378783,48.31091932471644],[-107.28192110832975,48.31087477305996]]]},{""type"":""Polygon"",""coordinates"":[[[-107.28240822393704,48.31083834059578],[-107.28238698314638,48.31081194571178],[-107.28234073242812,48.31082629660548],[-107.28234607232284,48.31079493297757],[-107.28216577905175,48.310807445279536],[-107.28217294649403,48.31081620400674],[-107.28213257687806,48.31081257581497],[-107.2821057968029,48.31081311200243],[-107.28211276474482,48.31081743824741],[-107.28209967150833,48.31082658710227],[-107.28209913096708,48.31081321390708],[-107.28209913050433,48.310813202458455],[-107.28195900760626,48.31082491008868],[-107.28195925179189,48.31082941397135],[-107.28195312645083,48.31084288906716],[-107.28198721592203,48.31085563134151],[-107.28200964045467,48.31090877988697],[-107.282016506234,48.310913121932934],[-107.28242990852532,48.31087367186151],[-107.28243401922356,48.310815483313675],[-107.28240822393704,48.31083834059578]],[[-107.28212842099944,48.310870692965196],[-107.2821288646897,48.31087962934362],[-107.28214181106013,48.31087042486836],[-107.28212842099944,48.310870692965196]]]}]}"
00000000000000001876,3109,0,0,0,"{""type"":""MultiPolygon"",""coordinates"":[[[[-107.28186844923364,48.31074634844529],[-107.2816282772357,48.31076451043873],[-107.28163024603795,48.310809152461594],[-107.28163142986251,48.31083590597883],[-107.28163893855084,48.31085361691983],[-107.28189250116563,48.310835186793284],[-107.28188509449832,48.310817460095805],[-107.28189053204407,48.31079054476201],[-107.28186844923364,48.31074634844529]]],[[[-107.28238200138577,48.31070042799579],[-107.28197512546053,48.31073526757142],[-107.28198297582185,48.31076193059374],[-107.28197689522344,48.3107754770665],[-107.28198514452552,48.310811005084],[-107.28195900760626,48.31082491008868],[-107.28213257687806,48.31081257581497],[-107.282105552599,48.31080860812198],[-107.2820908810824,48.310777674452325],[-107.28211044898715,48.31076830815164],[-107.28211677375003,48.31075926554911],[-107.2821238390083,48.310768040058846],[-107.28214453850627,48.31078105035107],[-107.28216577905175,48.310807445279536],[-107.28234607232284,48.31079493297757],[-107.28235783427841,48.31075897501969],[-107.28235739053034,48.3107500386641],[-107.28238980734717,48.31072701956637],[-107.28238200138577,48.31070042799579]],[[-107.2820026906039,48.31075261992489],[-107.28200323157391,48.31076600455484],[-107.28201628007513,48.31075678433085],[-107.2820026906039,48.31075261992489]]]]}"
000000000000000017e0,3110,0,0,0,"{""type"":""MultiPolygon"",""coordinates"":[[[[-107.28237173723542,48.31062018684081],[-107.28235137927753,48.31061612875615],[-107.28231797772592,48.31061682686368],[-107.28200443370706,48.310640924657285],[-107.28197295676448,48.31068619315071],[-107.28197512546053,48.31073526757142],[-107.28238200138577,48.31070042799579],[-107.28237173723542,48.31062018684081]],[[-107.28219939745779,48.31065934629204],[-107.28217187694915,48.3106420654205],[-107.28217261747443,48.31065988249425],[-107.28219939745779,48.31065934629204]],[[-107.28218753325076,48.310695319951655],[-107.2821881764501,48.31070868877812],[-107.28220116747288,48.31069955571913],[-107.28218753325076,48.310695319951655]],[[-107.28215270326102,48.31066476070516],[-107.2821665369529,48.31067342895105],[-107.28217261747443,48.31065988249425],[-107.28215270326102,48.31066476070516]],[[-107.28205220979866,48.310662279523534],[-107.28203946297128,48.310675916425154],[-107.28201302452561,48.31068540471512],[-107.28202019189905,48.31069416343534],[-107.28201411132535,48.31070770989257],[-107.28204809856106,48.310720467900886],[-107.28206594129063,48.31067096357061],[-107.28205220979866,48.310662279523534]]],[[[-107.28186005804798,48.31070630079866],[-107.28185156471683,48.310666268967],[-107.2818576453305,48.31065272252963],[-107.28162423746919,48.31067524229111],[-107.28162022773678,48.3107334148953],[-107.2816282772357,48.31076451043873],[-107.28186844923364,48.31074634844529],[-107.28186005804798,48.31070630079866]]]]}"
00000000000000001844,3111,0,0,0,"{""type"":""MultiPolygon"",""coordinates"":[[[[-107.28187488986933,48.31058992088146],[-107.2816197015875,48.310572661096195],[-107.28162795048978,48.31060818901884],[-107.28162423746919,48.31067524229111],[-107.2818576453305,48.31065272252963],[-107.28188313904143,48.3106254487869],[-107.28187488986933,48.31058992088146]]],[[[-107.28212983490526,48.31060267610726],[-107.28212395386764,48.310620655018006],[-107.28211654710296,48.31060292841241],[-107.28202247590997,48.31059585287889],[-107.28201619588464,48.310604966839854],[-107.28198309123776,48.31061454555591],[-107.28200418951472,48.310636420790885],[-107.28200443370706,48.310640924657285],[-107.28231797772592,48.31061682686368],[-107.28212983490526,48.31060267610726]]]]}"
00000000000000001843,3112,0,0,0,"{""type"":""MultiPolygon"",""coordinates"":[[[[-107.28218201104018,48.31057041787392],[-107.28205375324455,48.310546151983836],[-107.282054937391,48.310572905355244],[-107.28202247590997,48.31059585287889],[-107.28211654710296,48.31060292841241],[-107.28211634761865,48.310598495942656],[-107.28212983490526,48.31060267610726],[-107.28231797772592,48.31061682686368],[-107.28235137927753,48.31061612875615],[-107.28218201104018,48.31057041787392]],[[-107.28219614153882,48.31058796682279],[-107.28220345101093,48.310601245160385],[-107.28224317721619,48.31059150451335],[-107.28219614153882,48.31058796682279]],[[-107.28211546023705,48.31058062328181],[-107.28211590392785,48.31058955961148],[-107.2821290943992,48.310584859051886],[-107.28211546023705,48.31058062328181]]],[[[-107.28194649182109,48.31054377692256],[-107.28190632208181,48.3105445811096],[-107.28189851653372,48.31051798958057],[-107.28164876630115,48.31047381470902],[-107.28164308451638,48.31049622601441],[-107.28161748863643,48.31052351541292],[-107.28161793220563,48.31053245173837],[-107.28161847303954,48.310545836318475],[-107.2816197015875,48.310572661096195],[-107.28187488986933,48.31058992088146],[-107.28187454839744,48.310580968763226],[-107.28190088460089,48.31057149631803],[-107.28195434213299,48.31057043985237],[-107.28195988173782,48.3105435088564],[-107.28194649182109,48.31054377692256]]]]}"
00000000000000001840,3113,0,0,0,"{""type"":""MultiPolygon"",""coordinates"":[[[[-107.28206615849953,48.31052356300828],[-107.28205311009138,48.3105327831962],[-107.28205375324455,48.310546151983836],[-107.28218201104018,48.31057041787392],[-107.28206615849953,48.31052356300828]]],[[[-107.28170461047927,48.310374432448725],[-107.28167999916526,48.31042404265069],[-107.28166063086617,48.31043784125686],[-107.28164876630115,48.31047381470902],[-107.28189851653372,48.31051798958057],[-107.28189782871549,48.31050454940479],[-107.28192288350755,48.31046387538667],[-107.28170461047927,48.310374432448725]]]]}"
0000000000000000183b,3114,0,0,0,"{""type"":""MultiPolygon"",""coordinates"":[[[[-107.2817816942947,48.310301445126896],[-107.28176928899406,48.31032403397242],[-107.28170416688675,48.310365496150844],[-107.28170461047927,48.310374432448725],[-107.28192288350755,48.31046387538667],[-107.28194195501133,48.310441196020236],[-107.28198637794793,48.31038672338478],[-107.2817816942947,48.310301445126896]]],[[[-107.28211843186016,48.31049575310699],[-107.28210666981369,48.310531710859706],[-107.28208552678342,48.31050976429847],[-107.28206615849953,48.31052356300828],[-107.28218201104018,48.31057041787392],[-107.28235137927753,48.31061612875615],[-107.28237173723542,48.31062018684081],[-107.28237153772018,48.310615754370914],[-107.2823908086505,48.310597507320786],[-107.2824037548882,48.31058830286248],[-107.2824167011211,48.31057909840415],[-107.28233453838104,48.31053612097955],[-107.28231437998964,48.310536495355166],[-107.2823207046719,48.3105274527807],[-107.28223839535703,48.31048441970168],[-107.28221794017902,48.310475913350956],[-107.28219812822233,48.31048077576571],[-107.28219081877187,48.31046749745729],[-107.28212940864934,48.310441906977914],[-107.28213834597751,48.31049087492115],[-107.28211843186016,48.31049575310699]],[[-107.28231502323871,48.31054986413955],[-107.28232351709977,48.310589895829075],[-107.28235533523426,48.31055357942034],[-107.28231502323871,48.31054986413955]],[[-107.28213868751543,48.31049982702158],[-107.28215183323206,48.310495055075],[-107.28213834597751,48.31049087492115],[-107.28213868751543,48.31049982702158]],[[-107.28226007957052,48.31051975077987],[-107.28223315760916,48.31051576735437],[-107.28222663341576,48.31052037745875],[-107.28217351734739,48.310530386182286],[-107.28222741869368,48.31053826588312],[-107.28224120764803,48.31054686270536],[-107.28228162175971,48.31055056223171],[-107.28226007957052,48.31051975077987]]]]}"
0000000000000000183c,3115,0,0,0,"{""type"":""GeometryCollection"",""geometries"":[{""type"":""LineString"",""coordinates"":[[-107.28222446316758,48.31047129226984],[-107.28221777386436,48.31047142507142]]},{""type"":""Polygon"",""coordinates"":[[[-107.28222446436449,48.31047130325123],[-107.28221794017902,48.310475913350956],[-107.28223839535703,48.31048441970168],[-107.28222446436449,48.31047130325123]]]},{""type"":""Polygon"",""coordinates"":[[[-107.28189217889758,48.3102277599201],[-107.28187943219977,48.31024139668568],[-107.28178801902322,48.31029240262634],[-107.2817816942947,48.310301445126896],[-107.28198637794793,48.31038672338478],[-107.2820119288356,48.310359362572605],[-107.28205145526279,48.31034518960781],[-107.28189217889758,48.3102277599201]]]},{""type"":""Polygon"",""coordinates"":[[[-107.28212768341898,48.310401769135424],[-107.28208825424761,48.310420390389076],[-107.28212920916235,48.310437474521684],[-107.28212940864934,48.310441906977914],[-107.28219081877187,48.31046749745729],[-107.28219061927757,48.31046306499923],[-107.28221779811886,48.31047139371358],[-107.28216251315393,48.31043232824618],[-107.28212768341898,48.310401769135424]],[[-107.28214892375918,48.31042816388438],[-107.28214932273809,48.310437028795455],[-107.28216251315393,48.31043232824618],[-107.28214892375918,48.31042816388438]]]}]}"
0000000000000000181d,3116,0,0,0,"{""type"":""GeometryCollection"",""geometries"":[{""type"":""LineString"",""coordinates"":[[-107.28227442308238,48.3103899270728],[-107.28228128244801,48.310394238311936]]},{""type"":""Polygon"",""coordinates"":[[[-107.28198289614302,48.31015900842473],[-107.2819704909935,48.31018159723184],[-107.2819179738906,48.31020490304672],[-107.28189217889758,48.3102277599201],[-107.28205145526279,48.31034518960781],[-107.28207116981065,48.31033587900388],[-107.28208411598357,48.310326674635625],[-107.28211025252243,48.310312769736946],[-107.28214943736018,48.31028964467893],[-107.28198289614302,48.31015900842473]]]},{""type"":""Polygon"",""coordinates"":[[[-107.28245494600738,48.31053372360336],[-107.28242772227404,48.31052532355811],[-107.2824068232246,48.31050788092964],[-107.28238167143599,48.31054410684827],[-107.28236087456914,48.31052664841664],[-107.28234782619018,48.310535868644386],[-107.28233453838104,48.31053612097955],[-107.2824167011211,48.31057909840415],[-107.28243621626439,48.310565355215914],[-107.28246863288778,48.31054233617653],[-107.28245494600738,48.31053372360336]]]},{""type"":""Polygon"",""coordinates"":[[[-107.28231176708117,48.31047848482737],[-107.28232515702615,48.31047821670991],[-107.28226953030168,48.31043019921514],[-107.28227442308238,48.3103899270728],[-107.28227442642863,48.31038989953013],[-107.28222576298364,48.310350672300714],[-107.28220595109478,48.31035553470391],[-107.28217363191185,48.3103830018082],[-107.28212768341898,48.310401769135424],[-107.28223839535703,48.31048441970168],[-107.2823207046719,48.3105274527807],[-107.28233330930526,48.31050929624281],[-107.28231265456185,48.310496357449544],[-107.28231176708117,48.31047848482737]],[[-107.28229946411936,48.310501058025785],[-107.28230632988428,48.310505400018066],[-107.28231265456185,48.310496357449544],[-107.28229946411936,48.310501058025785]],[[-107.28216142625429,48.31041002318857],[-107.28216859362811,48.3104187818523],[-107.28218840554823,48.31041391945024],[-107.28216142625429,48.31041002318857]]]}]}"
0000000000000000183f,3117,0,0,0,"{""type"":""MultiPolygon"",""coordinates"":[[[[-107.28245494600738,48.31053372360336],[-107.28246863288778,48.31054233617653],[-107.28247520179583,48.31053779744653],[-107.28245494600738,48.31053372360336]]],[[[-107.2823048158306,48.310322326187496],[-107.28228520345685,48.31033162105039],[-107.28227225730294,48.31034082544612],[-107.28222576298364,48.310350672300714],[-107.28228129216947,48.31039424151573],[-107.28230130359451,48.310393811544074],[-107.28231429448766,48.31038467852721],[-107.28234147333858,48.31039300719403],[-107.28236098838845,48.31037926407159],[-107.2823048158306,48.310322326187496]],[[-107.2822920691897,48.31033596303065],[-107.28229913443292,48.31034473745797],[-107.28230545908036,48.31033569491803],[-107.2822920691897,48.31033596303065]]],[[[-107.28210068948778,48.3100986014224],[-107.28208729971188,48.31009886950238],[-107.28203502693549,48.31012667916415],[-107.2819957449447,48.310145355882106],[-107.28198289614302,48.31015900842473],[-107.28214943736018,48.31028964467893],[-107.28216218401555,48.31027600786623],[-107.28222784684047,48.31024792995173],[-107.28224123669018,48.31024766184954],[-107.28210068948778,48.3100986014224]]]]}"
00000000000000001829,3118,0,0,0,"{""type"":""MultiPolygon"",""coordinates"":[[[[-107.28240476754746,48.310311422592136],[-107.28239834556075,48.310316016902895],[-107.28233792024481,48.31031274741916],[-107.28231153949261,48.310322148541324],[-107.2823048158306,48.310322326187496],[-107.28236098838845,48.31037926407159],[-107.28237373503032,48.31036562720815],[-107.28241998516059,48.31035127643791],[-107.28241954139202,48.31034234015169],[-107.28240476754746,48.310311422592136]]],[[[-107.282232759819,48.31005579872791],[-107.2822061797614,48.31006076734647],[-107.28217984392197,48.310070239775065],[-107.28215346335486,48.310079640806215],[-107.28212702534505,48.31008912901],[-107.28210068948778,48.3100986014224],[-107.28224123669018,48.31024766184954],[-107.28226781688986,48.310242693200195],[-107.28230700161981,48.310219568111144],[-107.28233353708737,48.31021452805433],[-107.282232759819,48.31005579872791]]]]}"
00000000000000001825,3119,0,0,0,"{""type"":""MultiPolygon"",""coordinates"":[[[[-107.28243708657484,48.31028395545105],[-107.28240476754746,48.310311422592136],[-107.28241954139202,48.31034234015169],[-107.28243228800663,48.31032870329065],[-107.28245768384308,48.31029698134541],[-107.28243708657484,48.31028395545105]]],[[[-107.28235153761098,48.31001771221159],[-107.28231176729363,48.31002738139084],[-107.28224590537421,48.31005102681243],[-107.282232759819,48.31005579872791],[-107.28233353708737,48.31021452805433],[-107.28242617902482,48.3101903462383],[-107.2824590838024,48.31017633502198],[-107.28235153761098,48.31001771221159]]]]}"
00000000000000001837,3120,0,0,0,"{""type"":""Polygon"",""coordinates"":[[[-107.28248370509966,48.30997935744496],[-107.28243078926427,48.309993798608005],[-107.28235153761098,48.31001771221159],[-107.2824590838024,48.31017633502198],[-107.28251135658189,48.31014852510341],[-107.28255794809695,48.31014312636828],[-107.28256467174418,48.31014294870537],[-107.28248370509966,48.30997935744496]]]}"
00000000000000001828,3121,0,0,0,"{""type"":""Polygon"",""coordinates"":[[[-107.28260876250714,48.30993215679815],[-107.28258895081287,48.30993701923709],[-107.28254966906876,48.30995569610862],[-107.28248370509966,48.30997935744496],[-107.28256467174418,48.31014294870537],[-107.28257133795567,48.31014285822038],[-107.28261106372437,48.31013311751633],[-107.28265078948957,48.310123376797726],[-107.28268389375945,48.310113797949704],[-107.28269031569373,48.31010920363869],[-107.28260876250714,48.30993215679815]]]}"
00000000000000001838,3122,0,0,0,"{""type"":""Polygon"",""coordinates"":[[[-107.28272724303375,48.309885189312254],[-107.28270066302036,48.309890158050564],[-107.28260876250714,48.30993215679815],[-107.28269031569373,48.31010920363869],[-107.28279605038469,48.310075872718514],[-107.28281606174657,48.310075442643814],[-107.28272724303375,48.309885189312254]]]}"
00000000000000001820,3123,0,0,0,"{""type"":""Polygon"",""coordinates"":[[[-107.28286039538906,48.30986915472117],[-107.28285372920604,48.30986924522503],[-107.28279354856129,48.309870479842154],[-107.28274715687044,48.30988031106338],[-107.28272724303375,48.309885189312254],[-107.28281606174657,48.310075442643814],[-107.28289595710993,48.31006489727778],[-107.28294887314286,48.31005045583417],[-107.28286039538906,48.30986915472117]]]}"
0000000000000000182f,3124,0,0,0,"{""type"":""Polygon"",""coordinates"":[[[-107.28298653988077,48.30984425847859],[-107.28286039538906,48.30986915472117],[-107.28294887314286,48.31005045583417],[-107.2830284667741,48.31003549373094],[-107.28306221453872,48.31003928341328],[-107.28308182672578,48.310029988447646],[-107.28298653988077,48.30984425847859]]]}"
00000000000000001836,3125,0,0,0,"{""type"":""Polygon"",""coordinates"":[[[-107.2831330821849,48.309827955313565],[-107.28300635155998,48.30983939596654],[-107.28298653988077,48.30984425847859],[-107.28308182672578,48.310029988447646],[-107.28318765875336,48.31000110535039],[-107.2831330821849,48.309827955313565]]]}"
0000000000000000181f,3126,0,0,0,"{""type"":""Polygon"",""coordinates"":[[[-107.28326015473344,48.309825466468915],[-107.28321331901226,48.309826361718024],[-107.28316652803717,48.309827328334954],[-107.2831330821849,48.309827955313565],[-107.28318765875336,48.31000110535039],[-107.28320080430561,48.30999633330923],[-107.2832677538084,48.309994992101466],[-107.28330076826127,48.30983359792122],[-107.28326015473344,48.309825466468915]]]}"
00000000000000001831,3127,0,0,0,"{""type"":""Polygon"",""coordinates"":[[[-107.2834478524186,48.309830678643905],[-107.28335462480304,48.309841405497146],[-107.28330076826127,48.30983359792122],[-107.2832677538084,48.309994992101466],[-107.28330174132243,48.31000774948804],[-107.28337477094753,48.309992861856955],[-107.28339482711155,48.3099925030517],[-107.2834545760715,48.30983050091961],[-107.2834478524186,48.309830678643905]]]}"
00000000000000001814,3128,0,0,0,"{""type"":""Polygon"",""coordinates"":[[[-107.28356968885339,48.309859536679625],[-107.28351554300217,48.30984715404487],[-107.28346796594455,48.30983023264795],[-107.2834545760715,48.30983050091961],[-107.28339482711155,48.3099925030517],[-107.28342867250161,48.3100007407988],[-107.28345623826078,48.31001809247964],[-107.28349674996738,48.3100262396574],[-107.2835970102293,48.30987238448115],[-107.28356968885339,48.309859536679625]]]}"
0000000000000000181b,3129,0,0,0,"{""type"":""Polygon"",""coordinates"":[[[-107.28369899061379,48.30990603361501],[-107.28365131114357,48.309889128084166],[-107.2836107994798,48.30988098099154],[-107.2835970102293,48.30987238448115],[-107.28349674996738,48.3100262396574],[-107.28350347365924,48.310026061928035],[-107.28352491477516,48.31005688857466],[-107.2837481975077,48.30995864412366],[-107.28369899061379,48.30990603361501]]]}"
00000000000000001817,3130,0,0,0,"{""type"":""Polygon"",""coordinates"":[[[-107.28383771679091,48.31001496927032],[-107.28377610543218,48.309984947691014],[-107.28376869783786,48.30996722144598],[-107.2837481975077,48.30995864412366],[-107.28352491477516,48.31005688857466],[-107.28353929033561,48.31007894094917],[-107.28356685623478,48.310096292620266],[-107.28357412150491,48.31010949932604],[-107.28386568227867,48.31004118565732],[-107.28386523815098,48.31003224943905],[-107.28383771679091,48.31001496927032]]]}"
00000000000000001824,3131,0,0,0,"{""type"":""Polygon"",""coordinates"":[[[-107.28357412150491,48.31010949932604],[-107.28359743648514,48.31018051918339],[-107.28383074298056,48.310158010605186],[-107.2838419617687,48.31010866849501],[-107.28386058817716,48.31007705269795],[-107.28386568227867,48.31004118565732],[-107.28357412150491,48.31010949932604]]]}"
0000000000000000182c,3132,0,0,0,"{""type"":""Polygon"",""coordinates"":[[[-107.2838310849382,48.31016696263286],[-107.28383074298056,48.310158010605186],[-107.28359743648514,48.31018051918339],[-107.28359817771994,48.310198336073356],[-107.28358666142763,48.31023879759461],[-107.28384219589738,48.310265003983325],[-107.28383958053246,48.31020699385585],[-107.28385154069062,48.31017546857608],[-107.2838310849382,48.31016696263286]]]}"
0000000000000000182d,3133,0,0,0,"{""type"":""Polygon"",""coordinates"":[[[-107.28358666142763,48.31023879759461],[-107.28358013735613,48.31024340776377],[-107.28357642788517,48.31031046056104],[-107.28381995784241,48.31036812098435],[-107.28383848688276,48.310332056806395],[-107.28384219589738,48.310265003983325],[-107.28358666142763,48.31023879759461]]]}"
00000000000000001839,3134,0,0,0,"{""type"":""Polygon"",""coordinates"":[[[-107.28357642788517,48.31031046056104],[-107.28356476463894,48.31035086656275],[-107.28355270670345,48.31037794368641],[-107.2835469238078,48.310400370824965],[-107.2837769665423,48.31045385149896],[-107.2837896153653,48.310435766200435],[-107.28380725625144,48.31038182942367],[-107.28381995784241,48.31036812098435],[-107.28357642788517,48.31031046056104]]]}"
00000000000000001835,3135,0,0,0,"{""type"":""Polygon"",""coordinates"":[[[-107.2835469238078,48.310400370824965],[-107.28354059936264,48.31040941345252],[-107.28350230271629,48.3104504117078],[-107.28347592181524,48.31045981317786],[-107.28346351724849,48.31048240229088],[-107.28372690931617,48.31053080779604],[-107.28372646522885,48.310521871493755],[-107.28375260177584,48.31050796609695],[-107.28375769607747,48.31047209876601],[-107.2837769665423,48.31045385149896],[-107.2835469238078,48.310400370824965]]]}"
00000000000000001832,3136,0,0,0,"{""type"":""MultiPolygon"",""coordinates"":[[[[-107.28375738807969,48.31061505076797],[-107.28375714366976,48.31061054691374],[-107.28374375347363,48.31061081523785],[-107.28375738807969,48.31061505076797]]],[[[-107.28374375347363,48.31061081523785],[-107.28372690931617,48.31053080779604],[-107.28346351724849,48.31048240229088],[-107.28341148849941,48.310514716758576],[-107.28341222963361,48.310532533764615],[-107.2834130154929,48.31055042216866],[-107.28342783514313,48.31058141107692],[-107.28374375347363,48.31061081523785]]]]}"
00000000000000001842,3137,0,0,0,"{""type"":""Polygon"",""coordinates"":[[[-107.28342783514313,48.31058141107692],[-107.28342857628337,48.31059922810505],[-107.28343000580577,48.310630485318114],[-107.28344458112723,48.31065697040943],[-107.28343360598917,48.310710816864905],[-107.28371272215337,48.31066502056152],[-107.28371252247534,48.310660588094805],[-107.28375269310983,48.31065978312805],[-107.28375738807969,48.31061505076797],[-107.28374375347363,48.31061081523785],[-107.28342783514313,48.31058141107692]],[[-107.28374375347363,48.31061081523785],[-107.28373060768591,48.31061558741447],[-107.28374484133666,48.31063312033742],[-107.28374375347363,48.31061081523785]]]}"
00000000000000001875,3138,0,0,0,"{""type"":""GeometryCollection"",""geometries"":[{""type"":""Point"",""coordinates"":[-107.28375269521028,48.31065978764021]},{""type"":""Polygon"",""coordinates"":[[[-107.28371316623549,48.310673956888095],[-107.28371272215337,48.31066502056152],[-107.28343360598917,48.310710816864905],[-107.28342140094504,48.31073783855654],[-107.2834571205696,48.31078627003959],[-107.28347811798747,48.310808160776226],[-107.28349955946125,48.310838987873275],[-107.2837609889866,48.31069538226082],[-107.28371316623549,48.310673956888095]]]}]}"
00000000000000001874,3139,0,0,0,"{""type"":""Polygon"",""coordinates"":[[[-107.2837609889866,48.31069538226082],[-107.28349955946125,48.310838987873275],[-107.28350642551678,48.31084332980004],[-107.2835271258575,48.310856339791435],[-107.28354802587361,48.31087378226609],[-107.28359535991046,48.310886200042525],[-107.28361606032524,48.31089921002338],[-107.28362989466616,48.31090787808033],[-107.28366982113621,48.31090256925894],[-107.28371057833378,48.310915220334664],[-107.28377477858636,48.31070397887199],[-107.2837609889866,48.31069538226082]]]}"
0000000000000000186f,3140,0,0,0,"{""type"":""MultiPolygon"",""coordinates"":[[[[-107.28398701821936,48.310958868997616],[-107.28398755991216,48.31097225365003],[-107.28399428381026,48.31097207587793],[-107.28398701821936,48.310958868997616]]],[[[-107.28382235702539,48.31072090036025],[-107.28377477858636,48.31070397887199],[-107.28371057833378,48.310915220334664],[-107.28377816899823,48.31093171161805],[-107.28391122872084,48.31091122685518],[-107.28393712111095,48.31089281742208],[-107.28382235702539,48.31072090036025]]]]}"
00000000000000001834,3141,0,0,0,"{""type"":""Polygon"",""coordinates"":[[[-107.28411232369041,48.310916169309685],[-107.28410555506692,48.31091627569768],[-107.28407670500476,48.31086772219448],[-107.28404992433765,48.31086825893947],[-107.2840087674947,48.310846743062605],[-107.28406267078537,48.31085462173133],[-107.28393372969703,48.310665084873754],[-107.28392720556303,48.310669695105084],[-107.28382215733441,48.310716467889435],[-107.28393712111095,48.31089281742208],[-107.28395728004438,48.3108924426897],[-107.28397067037264,48.31089217433106],[-107.2839899410178,48.31087392687242],[-107.28403751987882,48.310890848297554],[-107.28398558823484,48.31092761161135],[-107.2839865740736,48.31094993262601],[-107.28398701821936,48.310958868997616],[-107.28399428381026,48.31097207587793],[-107.28400095027357,48.31097198528593],[-107.28401434063676,48.31097171691992],[-107.28404152080026,48.310980045164506],[-107.28403326932012,48.3109445172658],[-107.28412101942862,48.31096063355109],[-107.28412220507475,48.31098738706771],[-107.28413593748017,48.31099607084889],[-107.28416227407565,48.31098659769978],[-107.28411232369041,48.310916169309685]]]}"
00000000000000001862,3142,0,0,0,"{""type"":""MultiPolygon"",""coordinates"":[[[[-107.28410358324118,48.31087163371222],[-107.28407670500476,48.31086772219448],[-107.28410555506692,48.31091627569768],[-107.28411860340833,48.31090705516611],[-107.28413159431004,48.31089792181504],[-107.28412354247219,48.31086682646261],[-107.28410358324118,48.31087163371222]]],[[[-107.28411480201392,48.31082229090775],[-107.28406222661968,48.3108456853781],[-107.28407463104898,48.31082309603676],[-107.2841275484295,48.31080865370362],[-107.28413975308423,48.31078163189611],[-107.28417285812367,48.310772052396786],[-107.28404643005281,48.31064054230665],[-107.28400017934116,48.310654893952815],[-107.28397379826919,48.310664295600105],[-107.28396040802286,48.310664563955946],[-107.28393372969703,48.310665084873754],[-107.28406267078537,48.31085462173133],[-107.2841230982917,48.31085789010798],[-107.28411480201392,48.31082229090775]]],[[[-107.28412354247219,48.31086682646261],[-107.28417087699651,48.31087924394149],[-107.28415891677881,48.310910769680184],[-107.28411232369041,48.310916169309685],[-107.28416227407565,48.31098659769978],[-107.28416879825728,48.310981987423794],[-107.28420323148933,48.311003681066886],[-107.28423075381735,48.31102096142798],[-107.28424458843902,48.31102962940916],[-107.2842583209064,48.31103831317818],[-107.284372852436,48.3110538924378],[-107.28443500822632,48.31109729885041],[-107.28446811358839,48.311087719184236],[-107.2842854078939,48.310894823274744],[-107.28419844394072,48.31089659566626],[-107.28425744139781,48.31086860661423],[-107.28422206697078,48.310824663470854],[-107.28420215248127,48.310829542128744],[-107.28422260875278,48.31083804808587],[-107.28421040412432,48.31086506993192],[-107.28417655749763,48.31085683235758],[-107.28418916161236,48.31083867547677],[-107.28418189595759,48.31082546864598],[-107.28418777617603,48.31080748956072],[-107.28413485878512,48.310821931927],[-107.28414923505518,48.31084398450983],[-107.2841230982917,48.31085789010798],[-107.28412354247219,48.31086682646261]],[[-107.28424829693611,48.31096257570305],[-107.28423564806604,48.310980661242496],[-107.2842822860102,48.31097533293551],[-107.28424829693611,48.31096257570305]]]]}"
0000000000000000185a,3143,0,0,0,"{""type"":""MultiPolygon"",""coordinates"":[[[[-107.28415083411399,48.31058040058406],[-107.28414421243737,48.31058056257595],[-107.28413126638304,48.31058976726282],[-107.28405962058225,48.31063584147599],[-107.28404643005281,48.31064054230665],[-107.28417285812367,48.310772052396786],[-107.28417928010246,48.31076745792817],[-107.28423239716304,48.3107574480258],[-107.28429139438492,48.31072945903218],[-107.28415083411399,48.31058040058406]]],[[[-107.28444599035895,48.310891618070364],[-107.28442508970261,48.31087417580145],[-107.28438491854924,48.31087498106578],[-107.28441115746585,48.31086105960342],[-107.28438299110636,48.31083041052139],[-107.28434974367008,48.31083547044698],[-107.28434267769923,48.31082669610789],[-107.2843088310274,48.31081845858724],[-107.28428891653346,48.31082333726267],[-107.28425502516929,48.31081502833077],[-107.28422206697078,48.310824663470854],[-107.28425744139781,48.31086860661423],[-107.28429010230857,48.310850090704804],[-107.28429618223463,48.31083654408365],[-107.28432354949521,48.31084946327745],[-107.28429859852189,48.31089012238628],[-107.2842854078939,48.310894823274744],[-107.28446811358839,48.311087719184236],[-107.2844813042911,48.311083018251715],[-107.28454638192457,48.311041482232156],[-107.28456565249543,48.311023234608626],[-107.28446036688638,48.310913670629034],[-107.28444677671523,48.310909506574255],[-107.28444000806867,48.31090961298638],[-107.28444599035895,48.310891618070364]],[[-107.28433007364269,48.31084485300327],[-107.28437785256074,48.31086620672319],[-107.28434974367008,48.31083547044698],[-107.28433007364269,48.31084485300327]],[[-107.28424272299013,48.31083760190119],[-107.28424983365886,48.31084644764218],[-107.28425601117696,48.31083734929108],[-107.28424272299013,48.31083760190119]],[[-107.28441248565629,48.31089233272361],[-107.28439993903295,48.310910402469894],[-107.28442824779435,48.31094557125851],[-107.28442706192187,48.310918817772475],[-107.28444000806867,48.31090961298638],[-107.28441248565629,48.31089233272361]]]]}"
00000000000000001807,3144,0,0,0,"{""type"":""MultiPolygon"",""coordinates"":[[[[-107.28442508970261,48.31087417580145],[-107.28444599035895,48.310891618070364],[-107.2844453463339,48.31087824923393],[-107.28442508970261,48.31087417580145]]],[[[-107.28426931687883,48.31053343056637],[-107.28423641179035,48.310547442504806],[-107.28415083411399,48.31058040058406],[-107.28429139438492,48.31072945903218],[-107.28431743344956,48.310711105168245],[-107.28436338235558,48.3106923366739],[-107.28438937664986,48.31067391141268],[-107.28439604308792,48.31067382079441],[-107.28426931687883,48.31053343056637]]],[[[-107.2844453463339,48.31087824923393],[-107.28450577416987,48.31088151736298],[-107.28451461275309,48.310930501192516],[-107.28446036688638,48.310913670629034],[-107.28456565249543,48.311023234608626],[-107.2845979139418,48.310995853557216],[-107.28469120285733,48.31098503798524],[-107.28457894839481,48.310871148174805],[-107.28455967791427,48.310889395746464],[-107.28455315377022,48.31089400604002],[-107.28454594538181,48.31088071204651],[-107.28451916457203,48.310881248926066],[-107.28450532989568,48.310872581010024],[-107.28447780745853,48.310855300778634],[-107.2845718823458,48.31086237384866],[-107.28454357345836,48.31082720516064],[-107.28453048046259,48.31083635434238],[-107.28442390382943,48.31084742235134],[-107.2843961369847,48.310825638233894],[-107.28438299110636,48.31083041052139],[-107.28441115746585,48.31086105960342],[-107.28444494680258,48.31086938427277],[-107.2844453463339,48.31087824923393]],[[-107.28453986552108,48.31089425869308],[-107.28455359805588,48.31090294239606],[-107.28455315377022,48.31089400604002],[-107.28453986552108,48.31089425869308]]]]}"
00000000000000001803,3145,0,0,0,"{""type"":""MultiPolygon"",""coordinates"":[[[[-107.28438078644112,48.310482063013154],[-107.28426931687883,48.31053343056637],[-107.28439604308792,48.31067382079441],[-107.28449565536403,48.31065396277836],[-107.2845086014046,48.31064475803162],[-107.28452179194501,48.31064005713686],[-107.28438078644112,48.310482063013154]]],[[[-107.2845629415261,48.31081340587796],[-107.28458330033345,48.31081746348747],[-107.2845633858152,48.310822342220305],[-107.28455706146356,48.31083138498424],[-107.28454999542805,48.3108226106627],[-107.28454332895215,48.310822701292864],[-107.28454357345836,48.31082720516064],[-107.2845718823458,48.31086237384866],[-107.28458547253325,48.31086653788164],[-107.28457894839481,48.310871148174805],[-107.28469120285733,48.31098503798524],[-107.28471121511106,48.31098460748577],[-107.28478364786116,48.310956420986045],[-107.28476902654236,48.310929864588964],[-107.28476240476034,48.310930026627204],[-107.28474313429703,48.31094827425545],[-107.28470958470916,48.3109489176252],[-107.28464698432953,48.31089657516311],[-107.28467346776256,48.3108871574958],[-107.28466506874001,48.31085157412724],[-107.2846847834885,48.31084226289312],[-107.28460963681468,48.31080799025047],[-107.28463557371113,48.310789652062226],[-107.28460780671641,48.310767868033466],[-107.28459461612717,48.31077256895259],[-107.28454683708402,48.31075121538129],[-107.2845548892993,48.310782310621015],[-107.28456161320267,48.31078213280969],[-107.2845629415261,48.31081340587796]],[[-107.28461847553763,48.310856973999115],[-107.28462554160042,48.310865748320595],[-107.28463858986923,48.310856527729],[-107.28461847553763,48.310856973999115]],[[-107.28458167004769,48.31078177373406],[-107.28456783538175,48.310773105842976],[-107.28456161320267,48.31078213280969],[-107.28458167004769,48.31078177373406]]]]}"
0000000000000000182b,3146,0,0,0,"{""type"":""Polygon"",""coordinates"":[[[-107.28453993679629,48.31044760063255],[-107.28445381746427,48.3104671743934],[-107.28441364673996,48.3104679796527],[-107.28438078644112,48.310482063013154],[-107.28452179194501,48.31064005713686],[-107.28456087453824,48.31061694674363],[-107.28458686873506,48.310598521457585],[-107.28460692548609,48.3105981623803],[-107.28453993679629,48.31044760063255]]]}"
0000000000000000180d,3147,0,0,0,"{""type"":""MultiPolygon"",""coordinates"":[[[[-107.28480193197892,48.31091585235839],[-107.28476902654236,48.310929864588964],[-107.28478364786116,48.310956420986045],[-107.28480998445228,48.31094694766656],[-107.28481665096967,48.310946857016624],[-107.28481542008319,48.31092003215018],[-107.28480193197892,48.31091585235839]]],[[[-107.28467887539526,48.31040913605477],[-107.28465871656996,48.310409510932416],[-107.28463870463804,48.310409941408125],[-107.28454660320449,48.31044751000498],[-107.28453993679629,48.31044760063255],[-107.28460692548609,48.3105981623803],[-107.28464709643386,48.31059735703255],[-107.284680498791,48.31059665809503],[-107.28472713641442,48.31059132961871],[-107.28467887539526,48.31040913605477]]]]}"
00000000000000001819,3148,0,0,0,"{""type"":""Polygon"",""coordinates"":[[[-107.28474636867671,48.310421178262864],[-107.28469893206343,48.31040877696166],[-107.28467887539526,48.31040913605477],[-107.28472713641442,48.31059132961871],[-107.28475367253996,48.31058628884144],[-107.28478045320308,48.31058575190321],[-107.28479384353736,48.31058548343124],[-107.28481390032557,48.31058512430989],[-107.28483391238917,48.31058469379292],[-107.28484088082074,48.31058901980901],[-107.28484024298825,48.310423818590245],[-107.28474636867671,48.310421178262864]]]}"
0000000000000000180c,3149,0,0,0,"{""type"":""Polygon"",""coordinates"":[[[-107.28497804829293,48.31036297724063],[-107.2849185097008,48.31037758195397],[-107.28485220251878,48.31039229307312],[-107.28483999844286,48.31041931475842],[-107.28484088082074,48.31058901980901],[-107.2848745277875,48.31059282464866],[-107.28488747376592,48.31058361986303],[-107.28490130848968,48.310592287675696],[-107.28493475566106,48.310591660038966],[-107.28504489755863,48.31036165052543],[-107.28497804829293,48.31036297724063]],[[-107.28500112186784,48.310429493184216],[-107.28494073911521,48.31042629677663],[-107.28494756064937,48.310430567170336],[-107.28498817595887,48.31043869795669],[-107.28500112186784,48.310429493184216]]]}"
0000000000000000182a,3150,0,0,0,"{""type"":""MultiPolygon"",""coordinates"":[[[[-107.28481542008319,48.31092003215018],[-107.28481665096967,48.310946857016624],[-107.28485069787425,48.310959526853125],[-107.28484931187788,48.31092834088987],[-107.28481542008319,48.31092003215018]]],[[[-107.28504489755863,48.31036165052543],[-107.28493475566106,48.310591660038966],[-107.28495476775375,48.31059122949604],[-107.28504928697907,48.31060723836651],[-107.28506954367712,48.31061131164522],[-107.28518556468393,48.310363322924175],[-107.28504489755863,48.31036165052543]]]]}"
0000000000000000182e,3151,0,0,0,"{""type"":""Polygon"",""coordinates"":[[[-107.28529159840495,48.310338869713156],[-107.2852387262088,48.310353383939066],[-107.28518556468393,48.310363322924175],[-107.28506954367712,48.31061131164522],[-107.28511658116373,48.310614847884565],[-107.28513026909557,48.31062346006499],[-107.28519776324545,48.31063550198252],[-107.28527168399542,48.31049111671082],[-107.28515053092576,48.310475700745314],[-107.28519623494415,48.3104524281106],[-107.28528388784478,48.31046409493992],[-107.28533888029426,48.31034690965328],[-107.28529159840495,48.310338869713156]]]}"
00000000000000001850,3152,0,0,0,"{""type"":""MultiPolygon"",""coordinates"":[[[[-107.28536630115896,48.31051157346871],[-107.28535261317495,48.31050296134136],[-107.28533922279118,48.31050322989206],[-107.28528521680352,48.31049536779486],[-107.28527168399542,48.31049111671082],[-107.28519776324545,48.31063550198252],[-107.28520462959435,48.310639843763845],[-107.28526570195324,48.310656480159736],[-107.28529336729858,48.310678279729274],[-107.28531372627887,48.310682337169276],[-107.28539366889035,48.31052449226668],[-107.28536630115896,48.31051157346871]]],[[[-107.28544066560629,48.31037612468239],[-107.28540558733243,48.31034106307006],[-107.28535953671117,48.310359847717045],[-107.28534574662055,48.310351251401514],[-107.28533888029426,48.31034690965328],[-107.28528388784478,48.31046409493992],[-107.28529742064659,48.31046834602022],[-107.28531753491114,48.310467899612924],[-107.28534421348694,48.31046737830641],[-107.28537894945426,48.31049348795466],[-107.28540607256609,48.310501902909124],[-107.28543695938106,48.31044317763669],[-107.28541630287597,48.31043023957152],[-107.28544896322234,48.310411723435195],[-107.28545558495935,48.31041156135235],[-107.28546126466561,48.31038914990993],[-107.28544066560629,48.31037612468239]]]]}"
00000000000000001809,3153,0,0,0,"{""type"":""MultiPolygon"",""coordinates"":[[[[-107.28546126466561,48.31038914990993],[-107.28545558495935,48.31041156135235],[-107.28548236569546,48.310411024218375],[-107.28549555616961,48.31040632321226],[-107.28546126466561,48.31038914990993]]],[[[-107.28550252106893,48.31056248152189],[-107.28547529570103,48.31055408237721],[-107.28539366889035,48.31052449226668],[-107.28531372627887,48.310682337169276],[-107.28534751599925,48.310690661483434],[-107.28537469666632,48.310698989293996],[-107.28541521038773,48.31070713571604],[-107.28553661285916,48.31057522241064],[-107.28550252106893,48.31056248152189]]],[[[-107.28551230670577,48.31048188181985],[-107.28544382574299,48.310447519384866],[-107.28543695938106,48.31044317763669],[-107.28540607256609,48.310501902909124],[-107.28545331001438,48.310509871419356],[-107.28547332217249,48.31050944076741],[-107.28548715709749,48.3105181084785],[-107.28551428028398,48.31052652340442],[-107.28554150565293,48.31053492253368],[-107.28556862888007,48.310543337445885],[-107.28557515290574,48.3105387271168],[-107.28556784196299,48.3105254490887],[-107.28559397835919,48.31051154319381],[-107.28551230670577,48.31048188181985]]]]}"
00000000000000001830,3154,0,0,0,"{""type"":""MultiPolygon"",""coordinates"":[[[[-107.28556862888007,48.310543337445885],[-107.28557525064892,48.31054317535359],[-107.28557515290574,48.3105387271168],[-107.28556862888007,48.310543337445885]]],[[[-107.28563785244016,48.31059551682675],[-107.28560444974573,48.31059621610569],[-107.28553661285916,48.31057522241064],[-107.28541521038773,48.31070713571604],[-107.2854424358325,48.310715534900005],[-107.28550360631345,48.31073661941188],[-107.28553092956179,48.310749466828014],[-107.28566527783946,48.310608348380896],[-107.28563785244016,48.31059551682675]]]]}"
00000000000000001808,3155,0,0,0,"{""type"":""Polygon"",""coordinates"":[[[-107.2857536165513,48.31063791896728],[-107.28573978148124,48.310629251278705],[-107.28566527783946,48.310608348380896],[-107.28553092956179,48.310749466828014],[-107.28556580844668,48.31078009618395],[-107.28563404555571,48.310809954866635],[-107.28578093989314,48.31065076628607],[-107.2857536165513,48.31063791896728]]]}"
00000000000000001872,3156,0,0,0,"{""type"":""MultiPolygon"",""coordinates"":[[[[-107.28587171022167,48.31073375625634],[-107.28584398688882,48.31071204402588],[-107.28580139679197,48.31065927186246],[-107.28578093989314,48.31065076628607],[-107.28563404555571,48.310809954866635],[-107.28568231516995,48.31084031561288],[-107.28569610556025,48.31084891195166],[-107.28590560248588,48.310742064582335],[-107.28587171022167,48.31073375625634]]],[[[-107.28604874586867,48.31064985763801],[-107.28594661619118,48.31061169106712],[-107.28594053680082,48.31062523772181],[-107.28595426978455,48.31063392116919],[-107.28596840268153,48.31065146952333],[-107.2859827802789,48.310673521727345],[-107.28593030735074,48.31069690135649],[-107.28597082144267,48.3107050475345],[-107.28597102139504,48.310709479993264],[-107.28606247890278,48.310658541072684],[-107.28604874586867,48.31064985763801]]]]}"
0000000000000000184f,3157,0,0,0,"{""type"":""Polygon"",""coordinates"":[[[-107.28621130469492,48.310691291138966],[-107.28619791412116,48.31069155981513],[-107.28616440897916,48.31069227508784],[-107.28608970465584,48.3106669400577],[-107.28607631410814,48.310667208716126],[-107.28606247890278,48.310658541072684],[-107.28597102139504,48.310709479993264],[-107.28599824713584,48.31071787901258],[-107.2859997766496,48.310753584454154],[-107.2859595071687,48.31074994213588],[-107.28594631655857,48.31075464323955],[-107.2859327260521,48.31075047941596],[-107.28590614488688,48.310755449151344],[-107.28590560248588,48.310742064582335],[-107.28569610556025,48.31084891195166],[-107.28570983852677,48.310857595470985],[-107.28572367366485,48.3108662631994],[-107.28571754942585,48.31087973851663],[-107.2857783206562,48.310891957952],[-107.28577910766619,48.31090984642852],[-107.28625868553323,48.31070377889872],[-107.28621130469492,48.310691291138966]]]}"
00000000000000001833,3158,0,0,0,"{""type"":""Polygon"",""coordinates"":[[[-107.28653459208297,48.310734035262065],[-107.28642687972743,48.31072272904553],[-107.28635962883097,48.31071519185723],[-107.28629233327966,48.31070758323022],[-107.28625868553323,48.31070377889872],[-107.28577910766619,48.31090984642852],[-107.28580653337852,48.31092267801031],[-107.28582209783659,48.31097148380796],[-107.28582264020183,48.310984868436144],[-107.28654892540125,48.31075601601345],[-107.28653459208297,48.310734035262065]]]}"
00000000000000001804,3159,0,0,0,"{""type"":""Polygon"",""coordinates"":[[[-107.28656330347056,48.310778068162],[-107.28654892540125,48.31075601601345],[-107.28582264020183,48.310984868436144],[-107.28582288486578,48.31098937231042],[-107.28583667536206,48.31099796865044],[-107.28585085303746,48.31101558853231],[-107.28586498599603,48.311033137026165],[-107.28587916370104,48.31105075691476],[-107.28589309674867,48.31106387292615],[-107.28609755999167,48.310992805214944],[-107.28610398191097,48.31098821060008],[-107.28610422660981,48.31099271447303],[-107.28611095066006,48.310992536548845],[-107.28613076324805,48.31098767326427],[-107.28612369669074,48.310978899045914],[-107.28613728732853,48.310983062857055],[-107.28661231699368,48.31082624543258],[-107.28656330347056,48.310778068162]]]}"
00000000000000001861,3160,0,0,0,"{""type"":""MultiPolygon"",""coordinates"":[[[[-107.28617858906831,48.31100909748214],[-107.28620023350665,48.311044356502876],[-107.28662649510252,48.31084386513202],[-107.28661231699368,48.31082624543258],[-107.28613728732853,48.310983062857055],[-107.28613076324805,48.31098767326427],[-107.28611095066006,48.310992536548845],[-107.28611104846364,48.31099698482155],[-107.28617858906831,48.31100909748214]]],[[[-107.28611104846364,48.31099698482155],[-107.28610422660981,48.31099271447303],[-107.28589309674867,48.31106387292615],[-107.28590713197178,48.31107697314804],[-107.28592130971808,48.311094593043904],[-107.28596301122008,48.31112949280742],[-107.28597072233173,48.31115163594069],[-107.28615438194296,48.31106757429044],[-107.28614756006873,48.311063303939854],[-107.28611924905788,48.31102813563699],[-107.28611104846364,48.31099698482155]]]]}"
00000000000000001860,3161,0,0,0,"{""type"":""GeometryCollection"",""geometries"":[{""type"":""LineString"",""coordinates"":[[-107.28620025999587,48.311044362328275],[-107.28620694935539,48.31104422929389]]},{""type"":""Polygon"",""coordinates"":[[[-107.28666839737373,48.3108831968758],[-107.28662649510252,48.31084386513202],[-107.28620700230552,48.3110442499626],[-107.28630335212985,48.31110484409215],[-107.28658523837525,48.310969735594604],[-107.28669616629446,48.31090498030739],[-107.28666839737373,48.3108831968758]]]},{""type"":""Polygon"",""coordinates"":[[[-107.28617508393944,48.31108058372416],[-107.28615438194296,48.31106757429044],[-107.28597072233173,48.31115163594069],[-107.28597758891942,48.31115597770289],[-107.28605402789158,48.31121698720391],[-107.28605412568609,48.31122143549569],[-107.28624435447658,48.3111328345301],[-107.28617508393944,48.31108058372416]]]}]}"
00000000000000001852,3162,0,0,0,"{""type"":""GeometryCollection"",""geometries"":[{""type"":""LineString"",""coordinates"":[[-107.28630339254329,48.31110483848159],[-107.28631008191023,48.31110470544107]]},{""type"":""Polygon"",""coordinates"":[[[-107.28631012094725,48.31110473754402],[-107.28636398174463,48.31111254351166],[-107.28637781722516,48.311121211178786],[-107.28638468388637,48.311125552907534],[-107.28639664259843,48.311094026802465],[-107.2864105759239,48.311107142742436],[-107.28658523837525,48.310969735594604],[-107.28631012094725,48.31110473754402]]]},{""type"":""Polygon"",""coordinates"":[[[-107.28628027922151,48.31118569769038],[-107.28625152326188,48.31114159297258],[-107.28624435447658,48.3111328345301],[-107.28605412568609,48.31122143549569],[-107.2860825389079,48.311256588153846],[-107.28615853365731,48.31130866126695],[-107.28630083445529,48.311198651522],[-107.28628027922151,48.31118569769038]]]}]}"
00000000000000001855,3163,0,0,0,"{""type"":""MultiPolygon"",""coordinates"":[[[[-107.28630083445529,48.311198651522],[-107.28615853365731,48.31130866126695],[-107.28625512870771,48.311373759638215],[-107.28639733180634,48.31125930131798],[-107.28639708707271,48.311254797424056],[-107.28630083445529,48.311198651522]]],[[[-107.28675269178711,48.310970868122396],[-107.28675170425552,48.31094854717027],[-107.28669616629446,48.31090498030739],[-107.28658523837525,48.310969735594604],[-107.2864105759239,48.311107142742436],[-107.28641754475342,48.31111146867659],[-107.28643083334569,48.31111121575406],[-107.28647910440652,48.311141576235435],[-107.28652021939007,48.31116301970924],[-107.28670782788473,48.31101640710995],[-107.28670762784483,48.31101197462934],[-107.28671435194092,48.31101179666169],[-107.2867660825406,48.31097059936293],[-107.28675269178711,48.310970868122396]]]]}"
0000000000000000185d,3164,0,0,0,"{""type"":""MultiPolygon"",""coordinates"":[[[[-107.28641146519023,48.31127684980117],[-107.28639733180634,48.31125930131798],[-107.28625512870771,48.311373759638215],[-107.28626876425315,48.311377994848904],[-107.28637840809067,48.31143387225303],[-107.28649314006401,48.31130651077289],[-107.28649239744838,48.31128869356862],[-107.28641146519023,48.31127684980117]]],[[[-107.28680625481181,48.31096979307306],[-107.28677947329585,48.31097033060155],[-107.2867660825406,48.31097059936293],[-107.28671435194092,48.31101179666169],[-107.2867212186483,48.31101613835626],[-107.2867080279246,48.31102083959096],[-107.28652021939007,48.31116301970924],[-107.28654092164892,48.31117602908084],[-107.28655485507555,48.311189145017565],[-107.28658874815592,48.31119745315308],[-107.28659557013752,48.3112017234804],[-107.28672319366922,48.31106078032837],[-107.28672265097553,48.31104739569447],[-107.28672951769067,48.31105173739116],[-107.28677433689062,48.31100612697153],[-107.28680625481181,48.31096979307306]],[[-107.28674735531268,48.311002232012314],[-107.28675452423477,48.311010990392255],[-107.28677433689062,48.31100612697153],[-107.28674735531268,48.311002232012314]]]]}"
00000000000000001853,3165,0,0,0,"{""type"":""MultiPolygon"",""coordinates"":[[[[-107.28655475756896,48.311336531200524],[-107.28649314006401,48.31130651077289],[-107.28637840809067,48.31143387225303],[-107.28638523007271,48.31143814261428],[-107.28641299912131,48.31145992635205],[-107.2864940296197,48.311476218460385],[-107.28650762053144,48.31148038225117],[-107.28660886365522,48.31134884095196],[-107.28655475756896,48.311336531200524]]],[[[-107.28682191866022,48.31102304698594],[-107.28682073103433,48.3109962935349],[-107.28680699759,48.31098761016383],[-107.28681998824969,48.3109784764415],[-107.28680625481181,48.31096979307306],[-107.28677433689062,48.31100612697153],[-107.28672951769067,48.31105173739116],[-107.2867362417955,48.31105155942162],[-107.28672363848587,48.31106971668896],[-107.28672319366922,48.31106078032837],[-107.28659557013752,48.3112017234804],[-107.28664349890165,48.31122313174217],[-107.28669760490942,48.31123544141932],[-107.28672285210914,48.31120366224937],[-107.28670990608903,48.31121286739084],[-107.28665580010188,48.31120055772531],[-107.2866953277301,48.311186382594855],[-107.28670185181896,48.31118177213185],[-107.28673550020517,48.311185576326146],[-107.2868620910121,48.311022240669885],[-107.28682191866022,48.31102304698594]],[[-107.28681549677194,48.311027641651016],[-107.28681583944721,48.31103659379642],[-107.28682903017886,48.31103189254533],[-107.28681549677194,48.311027641651016]],[[-107.28677487960417,48.31101951159424],[-107.28678308081912,48.311050662350496],[-107.2867885151619,48.311023746702595],[-107.28677487960417,48.31101951159424]],[[-107.28674898770777,48.31103792182358],[-107.28674943253107,48.311046858180035],[-107.28676257853132,48.311042085546184],[-107.28674898770777,48.31103792182358]]]]}"
00000000000000001854,3166,0,0,0,"{""type"":""MultiPolygon"",""coordinates"":[[[[-107.28670348510293,48.31136929661444],[-107.2866627697775,48.31135671816436],[-107.28661573040048,48.31135318268066],[-107.28660886365522,48.31134884095196],[-107.28650762053144,48.31148038225117],[-107.28661652263737,48.311518442187605],[-107.28663001143066,48.311522621754555],[-107.28673713365791,48.3113731008173],[-107.28670348510293,48.31136929661444]]],[[[-107.2869442109877,48.31106083746717],[-107.28691678443732,48.311048006198064],[-107.28694277847102,48.31102958012916],[-107.28695572439838,48.31102037499042],[-107.28686875769046,48.31102214987334],[-107.2868620910121,48.311022240669885],[-107.28673550020517,48.311185576326146],[-107.28674212216985,48.31118541414648],[-107.28672285210914,48.31120366224937],[-107.28669760490942,48.31123544141932],[-107.28675151094164,48.31124331856739],[-107.28676302461466,48.311202855968105],[-107.28683743305537,48.31121930989151],[-107.28685003638363,48.31120115255765],[-107.2869442109877,48.31106083746717]],[[-107.28683644548063,48.31119698883696],[-107.28683709037766,48.31121035771547],[-107.28685003638363,48.31120115255765],[-107.28683644548063,48.31119698883696]]]]}"
0000000000000000185c,3167,0,0,0,"{""type"":""MultiPolygon"",""coordinates"":[[[[-107.28676470293293,48.31139045190784],[-107.28674390255576,48.31137299423602],[-107.28673713365791,48.3113731008173],[-107.28663001143066,48.311522621754555],[-107.28671114452005,48.31153889789683],[-107.286772317895,48.3115599818542],[-107.28685191519882,48.311393180990024],[-107.28676470293293,48.31139045190784]]],[[[-107.28695769970616,48.311065016954],[-107.2869442109877,48.31106083746717],[-107.28685003638363,48.31120115255765],[-107.28683743305537,48.31121930989151],[-107.2868441571982,48.3112191319129],[-107.28687009394473,48.31120079298323],[-107.28692321250436,48.31119078147334],[-107.28692242494101,48.31117289292563],[-107.28694836163685,48.31115455399208],[-107.28694791676607,48.31114561761963],[-107.2869609649012,48.311136396667415],[-107.28698102245095,48.31113603707057],[-107.28699322554878,48.311109014773514],[-107.28699298074037,48.311104510895746],[-107.28701180578248,48.31107732641582],[-107.28695769970616,48.311065016954]]]]}"
00000000000000001858,3168,0,0,0,"{""type"":""MultiPolygon"",""coordinates"":[[[[-107.2869727762536,48.31139971410948],[-107.28685191519882,48.311393180990024],[-107.286772317895,48.3115599818542],[-107.28677898466361,48.31155989106069],[-107.28683309127732,48.3115722007242],[-107.28690711310678,48.31157963105784],[-107.28697964307807,48.311404055814315],[-107.2869727762536,48.31139971410948]]],[[[-107.28703883225599,48.31108129269299],[-107.28701180578248,48.31107732641582],[-107.28699298074037,48.311104510895746],[-107.28700661638634,48.3111087459777],[-107.28700004759244,48.31111328506343],[-107.28699322554878,48.311109014773514],[-107.28698102245095,48.31113603707057],[-107.28698764442383,48.311135874873926],[-107.28700780414391,48.31113549947972],[-107.28702662919633,48.311108314980764],[-107.28704668674494,48.31110795537042],[-107.28704654409471,48.311103435701376],[-107.28703883225599,48.31108129269299]]]]}"
0000000000000000186a,3169,0,0,0,"{""type"":""Polygon"",""coordinates"":[[[-107.28706779857396,48.31142903444123],[-107.2870478834946,48.31143391375952],[-107.28700716782762,48.31142133544877],[-107.28697964307807,48.311404055814315],[-107.28690711310678,48.31157963105784],[-107.28696768658867,48.311587417315444],[-107.28699531362237,48.31160468121818],[-107.28708850371336,48.31159387890125],[-107.28706779857396,48.31142903444123]]]}"
0000000000000000189d,3170,0,0,0,"{""type"":""Polygon"",""coordinates"":[[[-107.28717417915223,48.311413530763645],[-107.28713400624315,48.311414337230275],[-107.28709393551605,48.31141512788787],[-107.2870809894553,48.311424333117024],[-107.28706779857396,48.31142903444123],[-107.28708850371336,48.31159387890125],[-107.2871018947397,48.31159361008491],[-107.28719512961767,48.31158287905693],[-107.28723530273555,48.31158207255688],[-107.28724844894111,48.311577299803254],[-107.28717417915223,48.311413530763645]]]}"
0000000000000000189c,3171,0,0,0,"{""type"":""Polygon"",""coordinates"":[[[-107.28728046182599,48.31139357867024],[-107.28726781383736,48.31141166473331],[-107.28718737003004,48.31140882942629],[-107.28717417915223,48.311413530763645],[-107.28724844894111,48.311577299803254],[-107.28738650332761,48.31152095748126],[-107.28728046182599,48.31139357867024]]]}"
000000000000000018a0,3172,0,0,0,"{""type"":""GeometryCollection"",""geometries"":[{""type"":""LineString"",""coordinates"":[[-107.2870533993626,48.31110778457835],[-107.2870467099987,48.31110791766209],[-107.28704651049358,48.31110345539942]]},{""type"":""Polygon"",""coordinates"":[[[-107.28735828482681,48.31133840276942],[-107.287286785816,48.3113845356405],[-107.28728046182599,48.31139357867024],[-107.28738650332761,48.31152095748126],[-107.28740601824265,48.311507213045566],[-107.28747178537766,48.31147911504934],[-107.28749767745431,48.31146070446773],[-107.28751086835607,48.31145600308116],[-107.28735828482681,48.31133840276942]]]}]}"
000000000000000018cc,3173,0,0,0,"{""type"":""MultiPolygon"",""coordinates"":[[[[-107.28703883225599,48.31108129269299],[-107.28704654409471,48.311103435701376],[-107.28705341088221,48.31110777737767],[-107.2870793475024,48.31108943843315],[-107.28703883225599,48.31108129269299]]],[[[-107.28743605443006,48.31127884996676],[-107.2873909457568,48.311319885641524],[-107.28735828482681,48.31133840276942],[-107.28751086835607,48.31145600308116],[-107.28755667553291,48.311432713076506],[-107.28756942140556,48.311419075272774],[-107.28761502837999,48.31139135275012],[-107.28761493039839,48.311386904450444],[-107.28743605443006,48.31127884996676]]]]}"
000000000000000018c4,3174,0,0,0,"{""type"":""Polygon"",""coordinates"":[[[-107.28750028599057,48.311219510444154],[-107.28747434935919,48.31123784954751],[-107.28744900039955,48.31126964471729],[-107.28743605443006,48.31127884996676],[-107.28761493039839,48.311386904450444],[-107.28765989212341,48.3113458130215],[-107.2876796070538,48.31133650108152],[-107.28771182288229,48.31130904745447],[-107.28771834694193,48.31130443691253],[-107.28750028599057,48.311219510444154]]]}"
000000000000000018a7,3175,0,0,0,"{""type"":""Polygon"",""coordinates"":[[[-107.28756372950309,48.311142282425],[-107.28750681004422,48.31121489992449],[-107.28750028599057,48.311219510444154],[-107.28771834694193,48.31130443691253],[-107.28774428357318,48.31128609772031],[-107.28776212018836,48.311236591960174],[-107.28776810115868,48.31121859676001],[-107.28756372950309,48.311142282425]]]}"
0000000000000000184b,3176,0,0,0,"{""type"":""Polygon"",""coordinates"":[[[-107.28759367097707,48.311061306215166],[-107.28759401384244,48.31107025835865],[-107.28758181111587,48.31109728070288],[-107.28756363152527,48.311137834146024],[-107.28756372950309,48.311142282425],[-107.28776810115868,48.31121859676001],[-107.28777432286441,48.31120956952345],[-107.28777353488402,48.31119168098697],[-107.28778652552234,48.311182547099385],[-107.28781207439434,48.3111551843858],[-107.28783114395021,48.31113250360451],[-107.28759367097707,48.311061306215166]]]}"
0000000000000000184c,3177,0,0,0,"{""type"":""Polygon"",""coordinates"":[[[-107.28766398094213,48.31098841999572],[-107.28765735894866,48.310988582239055],[-107.28760488563039,48.31101196293146],[-107.28759367097707,48.311061306215166],[-107.28783114395021,48.31113250360451],[-107.28785041366358,48.31111425531256],[-107.28784987055789,48.311100870682004],[-107.2878484372661,48.3110696133536],[-107.28785377289131,48.311038249384275],[-107.28766398094213,48.31098841999572]]]}"
00000000000000001847,3178,0,0,0,"{""type"":""Polygon"",""coordinates"":[[[-107.2877273705217,48.310906815352695],[-107.28772757068634,48.310911247819256],[-107.28769076272228,48.31098788221375],[-107.28766398094213,48.31098841999572],[-107.28785377289131,48.311038249384275],[-107.28786573051582,48.31100672317571],[-107.28788514290261,48.31099299457745],[-107.28790461270725,48.31097917879631],[-107.28792388231297,48.31096093054501],[-107.2877273705217,48.310906815352695]]]}"
00000000000000001848,3179,0,0,0,"{""type"":""Polygon"",""coordinates"":[[[-107.2877835458949,48.310816381145045],[-107.28774466384898,48.310843925387346],[-107.2877273705217,48.310906815352695],[-107.28792388231297,48.31096093054501],[-107.28795634262293,48.31093798089923],[-107.28799587003745,48.31092380530913],[-107.28802166355429,48.31090094653479],[-107.2877835458949,48.310816381145045]]]}"
00000000000000001849,3180,0,0,0,"{""type"":""Polygon"",""coordinates"":[[[-107.2878468902273,48.310734705310416],[-107.2877835458949,48.310816381145045],[-107.28802166355429,48.31090094653479],[-107.28805367863696,48.31086906057011],[-107.28807902694072,48.31083726549715],[-107.28809207484309,48.31082804445073],[-107.2878468902273,48.310734705310416]]]}"
0000000000000000184d,3181,0,0,0,"{""type"":""Polygon"",""coordinates"":[[[-107.28789674134194,48.310653314276976],[-107.28789763156227,48.310671186836814],[-107.28787139307533,48.310685109190814],[-107.28785296907317,48.310721158520984],[-107.2878468902273,48.310734705310416],[-107.28809207484309,48.31082804445073],[-107.2881180110407,48.31080970533305],[-107.28814869458809,48.31074654647482],[-107.28789674134194,48.310653314276976]]]}"
000000000000000017ed,3182,0,0,0,"{""type"":""Polygon"",""coordinates"":[[[-107.28787430702641,48.31060016760965],[-107.28789639839594,48.310644362206894],[-107.28789674134194,48.310653314276976],[-107.28814869458809,48.31074654647482],[-107.28815477334665,48.31073299966547],[-107.28816578696073,48.31067922419672],[-107.28818386768178,48.31063422277615],[-107.28818342250081,48.3106252865048],[-107.28787430702641,48.31060016760965]]]}"
000000000000000018ca,3183,0,0,0,"{""type"":""Polygon"",""coordinates"":[[[-107.28817314515113,48.31054504641824],[-107.2881719565135,48.3105182932503],[-107.28790533364506,48.31054596112716],[-107.2878672399841,48.31059139359586],[-107.28787430702641,48.31060016760965],[-107.28818342250081,48.3106252865048],[-107.28817314515113,48.31054504641824]]]}"
000000000000000017f2,3184,0,0,0,"{""type"":""Polygon"",""coordinates"":[[[-107.2881211064923,48.31042999532221],[-107.28812090627648,48.31042556289791],[-107.28790192377397,48.31047006267665],[-107.28791610257997,48.31048768204994],[-107.28791793633854,48.310527803899426],[-107.28790533364506,48.31054596112716],[-107.2881719565135,48.3105182932503],[-107.28817131111258,48.31050492456769],[-107.2881211064923,48.31042999532221]]]}"
000000000000000017f4,3185,0,0,0,"{""type"":""Polygon"",""coordinates"":[[[-107.28808572633358,48.31038605410983],[-107.2880711022974,48.31035949856938],[-107.28805044431158,48.31034656112856],[-107.28804313231262,48.31033328336366],[-107.2878663437429,48.31042168891719],[-107.28790192377397,48.31047006267665],[-107.28812090627648,48.31042556289791],[-107.28808572633358,48.31038605410983]]]}"
000000000000000017f3,3186,0,0,0,"{""type"":""Polygon"",""coordinates"":[[[-107.28800044038633,48.31027606444284],[-107.28796614688068,48.31025889212755],[-107.28778283477617,48.310351907865986],[-107.28779721364427,48.310373959641844],[-107.28785903181277,48.31040841111774],[-107.2878663437429,48.31042168891719],[-107.28804313231262,48.31033328336366],[-107.28800044038633,48.31027606444284]]]}"
000000000000000017ef,3187,0,0,0,"{""type"":""Polygon"",""coordinates"":[[[-107.28794548900798,48.3102459546858],[-107.28794470091633,48.31022806647801],[-107.28794391282455,48.31021017827624],[-107.2879159430709,48.31018396310132],[-107.28790887608459,48.31017518915791],[-107.28771237391977,48.31027290593009],[-107.28773989845054,48.310290184992226],[-107.28778283477617,48.310351907865986],[-107.28796614688068,48.31025889212755],[-107.28794548900798,48.3102459546858]]]}"
00000000000000001851,3188,0,0,0,"{""type"":""Polygon"",""coordinates"":[[[-107.28788763041202,48.31014879594355],[-107.28784627015523,48.3101228496838],[-107.2878055552478,48.31011027200258],[-107.28759650814966,48.310226058332134],[-107.28762383240182,48.31023890500406],[-107.28767793792473,48.31025121391332],[-107.28771237391977,48.31027290593009],[-107.28790887608459,48.31017518915791],[-107.28788763041202,48.31014879594355]]]}"
000000000000000017ee,3189,0,0,0,"{""type"":""Polygon"",""coordinates"":[[[-107.28779191974434,48.31010603711003],[-107.28777126205203,48.31009309966347],[-107.28774349272616,48.310071316885825],[-107.28772289250719,48.31005829225501],[-107.28770905687587,48.31004962495884],[-107.2875000547972,48.310165482328365],[-107.287520855087,48.31018293944186],[-107.28756201487964,48.31020445347036],[-107.28758267250886,48.310217390990644],[-107.28759650814966,48.310226058332134],[-107.2878055552478,48.31011027200258],[-107.28779191974434,48.31010603711003]]]}"
0000000000000000184a,3190,0,0,0,"{""type"":""Polygon"",""coordinates"":[[[-107.28768108747057,48.31002340978595],[-107.28761892730573,48.30998000646203],[-107.28740988083548,48.3100957920856],[-107.28744427170167,48.310117412755666],[-107.28747248580348,48.310148131841835],[-107.2875000547972,48.310165482328365],[-107.28770905687587,48.31004962495884],[-107.28768108747057,48.31002340978595]]]}"
000000000000000017f0,3191,0,0,0,"{""type"":""Polygon"",""coordinates"":[[[-107.28755652243886,48.30993209935371],[-107.28758819395186,48.30989126219712],[-107.28756813694606,48.30989162189853],[-107.28733289765918,48.31002140061739],[-107.28733996443849,48.31003017458302],[-107.28737504503175,48.310065235224975],[-107.28740988083548,48.3100957920856],[-107.28761892730573,48.30998000646203],[-107.28755652243886,48.30993209935371]]]}"
0000000000000000184e,3192,0,0,0,"{""type"":""Polygon"",""coordinates"":[[[-107.28752796551946,48.30989242846921],[-107.28750044142821,48.30987514946459],[-107.28747311751111,48.30986230283704],[-107.2874519703846,48.30984035783743],[-107.28724924832929,48.30994709999994],[-107.28732558602744,48.31000812286983],[-107.28733289765918,48.31002140061739],[-107.28756813694606,48.30989162189853],[-107.28752796551946,48.30989242846921]]]}"
000000000000000017ea,3193,0,0,0,"{""type"":""Polygon"",""coordinates"":[[[-107.28743052517608,48.3098095322968],[-107.28739568959172,48.30977897560276],[-107.28737498756492,48.30976596675161],[-107.28717226589038,48.309872708592536],[-107.28718599909038,48.30988139173535],[-107.28722859103374,48.30993416246531],[-107.28724924832929,48.30994709999994],[-107.2874519703846,48.30984035783743],[-107.28743052517608,48.3098095322968]]]}"
000000000000000017e1,3194,0,0,0,"{""type"":""Polygon"",""coordinates"":[[[-107.28735443245219,48.3097530134961],[-107.28735398746377,48.30974407736427],[-107.28729845007982,48.309700511822754],[-107.28729138336831,48.309691737906796],[-107.28708268111468,48.30981647408903],[-107.2870965164219,48.309825141445586],[-107.28717226589038,48.309872708592536],[-107.28737498756492,48.30976596675161],[-107.28735443245219,48.3097530134961]]]}"
000000000000000017e7,3195,0,0,0,"{""type"":""Polygon"",""coordinates"":[[[-107.28727048133008,48.30967429668597],[-107.28720199881127,48.30963993606618],[-107.28718119902331,48.309622479049374],[-107.28700002066384,48.30976449394886],[-107.28702072247198,48.309777502886014],[-107.28708268111468,48.30981647408903],[-107.28729138336831,48.309691737906796],[-107.28727048133008,48.30967429668597]]]}"
000000000000000017e3,3196,0,0,0,"{""type"":""Polygon"",""coordinates"":[[[-107.28712566211628,48.3095789134956],[-107.28709177015342,48.309570605774304],[-107.28708470352862,48.30956183186242],[-107.28691661764366,48.30969469712088],[-107.28697195425443,48.309733830523534],[-107.28699315411899,48.30976015237239],[-107.28700002066384,48.30976449394886],[-107.28718119902331,48.309622479049374],[-107.28712566211628,48.3095789134956]]]}"
000000000000000017e4,3197,0,0,0,"{""type"":""Polygon"",""coordinates"":[[[-107.28707808183049,48.30956199405398],[-107.28706424662217,48.3095533267352],[-107.28705041142224,48.309544659415636],[-107.2870093550133,48.30952312961308],[-107.28697506300446,48.309505957149455],[-107.28679437447163,48.30965697885328],[-107.28687501418402,48.309664246868174],[-107.28691661764366,48.30969469712088],[-107.28708470352862,48.30956183186242],[-107.28707808183049,48.30956199405398]]]}"
000000000000000017e8,3198,0,0,0,"{""type"":""Polygon"",""coordinates"":[[[-107.28690015968326,48.30947619093698],[-107.2868460559902,48.309463881722856],[-107.28668537934547,48.30961447217407],[-107.28674634957544,48.309631123097496],[-107.28678098418894,48.30965724759811],[-107.28679437447163,48.30965697885328],[-107.28697506300446,48.309505957149455],[-107.28697486292167,48.309501524796495],[-107.28690015968326,48.30947619093698]]]}"
00000000000000001805,3199,0,0,0,"{""type"":""Polygon"",""coordinates"":[[[-107.28683242097178,48.30945964673335],[-107.28680489771773,48.30944236764899],[-107.2867491616768,48.30939436965683],[-107.2865830062614,48.30957180323948],[-107.28662396439978,48.309588885101164],[-107.2866378973306,48.309602000646564],[-107.28668537934547,48.30961447217407],[-107.2868460559902,48.309463881722856],[-107.28683242097178,48.30945964673335]]]}"
00000000000000001806,3200,0,0,0,"{""type"":""Polygon"",""coordinates"":[[[-107.28673542881425,48.30938568652263],[-107.28669481345968,48.309377556637315],[-107.28665430030082,48.30936941094454],[-107.28661403194951,48.309365768966906],[-107.28648635721858,48.30950679449841],[-107.28653458167163,48.309537082693474],[-107.28654915936305,48.3095635667085],[-107.2865830062614,48.30957180323948],[-107.2867491616768,48.30939436965683],[-107.28673542881425,48.30938568652263]]]}"
000000000000000017ec,3201,0,0,0,"{""type"":""Polygon"",""coordinates"":[[[-107.28659357536158,48.309357263762784],[-107.28657287402085,48.309344254824644],[-107.28652519241027,48.30932735095326],[-107.28651778337532,48.3093096251762],[-107.28651101487067,48.30930973172744],[-107.28637049686996,48.30945994595992],[-107.2864517230556,48.30948066995414],[-107.28648635721858,48.30950679449841],[-107.28661403194951,48.309365768966906],[-107.28659357536158,48.309357263762784]]]}"
0000000000000000180a,3202,0,0,0,"{""type"":""Polygon"",""coordinates"":[[[-107.28648349196875,48.30929245259084],[-107.28645592436874,48.30927510206238],[-107.28640182137698,48.309262792626875],[-107.28624114467979,48.30941338176632],[-107.28628838138582,48.309421349721475],[-107.28630221624736,48.30943001713925],[-107.28632281531588,48.30944304194984],[-107.28637049686996,48.30945994595992],[-107.28651101487067,48.30930973172744],[-107.28648349196875,48.30929245259084]]]}"
0000000000000000180b,3203,0,0,0,"{""type"":""Polygon"",""coordinates"":[[[-107.28629218355175,48.309206917380635],[-107.2861187614602,48.309371143249905],[-107.28613921783844,48.30937964856269],[-107.28621426661799,48.309409470949596],[-107.28624114467979,48.30941338176632],[-107.28640182137698,48.309262792626875],[-107.28629218355175,48.309206917380635]]]}"
00000000000000001800,3204,0,0,0,"{""type"":""Polygon"",""coordinates"":[[[-107.28600205786228,48.30930649359568],[-107.28600250252418,48.30931542966843],[-107.28604321515876,48.30932800798323],[-107.28609751788541,48.309344749985954],[-107.28606431612944,48.30934988172839],[-107.28607118242365,48.30935422334409],[-107.28609830509579,48.30936263793378],[-107.2861187614602,48.309371143249905],[-107.28629218355175,48.309206917380635],[-107.28625779458692,48.309185296620505],[-107.28622879524119,48.30913668980784],[-107.28620364717749,48.309172915697566],[-107.28618319087886,48.30916441042958],[-107.2860343745723,48.30927902582276],[-107.28600205786228,48.30930649359568]],[[-107.28609588603558,48.30930906128733],[-107.28606223963574,48.30930525695303],[-107.28606955060016,48.309318534637974],[-107.28609588603558,48.30930906128733]],[[-107.2860343745723,48.30927902582276],[-107.28604198330264,48.30930118397454],[-107.28605463089102,48.30928309880153],[-107.2860343745723,48.30927902582276]]]}"
000000000000000017ff,3205,0,0,0,"{""type"":""Polygon"",""coordinates"":[[[-107.28618319087886,48.30916441042958],[-107.28615586831643,48.30915156356491],[-107.2861147110881,48.30913004929535],[-107.28609326765915,48.30909922382328],[-107.28592493766054,48.30922758245094],[-107.28594618101332,48.309253975700464],[-107.28598733819668,48.30927549009356],[-107.28600205786228,48.30930649359568],[-107.2860343745723,48.30927902582276],[-107.28618319087886,48.30916441042958]],[[-107.2860343745723,48.30927902582276],[-107.28602686366052,48.30926131580669],[-107.28601401610356,48.30927496862969],[-107.2860343745723,48.30927902582276]]]}"
00000000000000001802,3206,0,0,0,"{""type"":""Polygon"",""coordinates"":[[[-107.28608640140477,48.309094882229004],[-107.28607256674373,48.30908621482974],[-107.28605166587363,48.30906877351292],[-107.2860040872766,48.30905185365903],[-107.285983631133,48.309043348364014],[-107.28582241212393,48.30918055200358],[-107.28584331289046,48.30919799340962],[-107.28591090306045,48.30921448267191],[-107.28592493766054,48.30922758245094],[-107.28609326765915,48.30909922382328],[-107.28608640140477,48.309094882229004]]]}"
000000000000000017f8,3207,0,0,0,"{""type"":""Polygon"",""coordinates"":[[[-107.28594944256919,48.30902615986699],[-107.28589390868997,48.308982594013415],[-107.28588027409596,48.30897835891637],[-107.2857451905342,48.309101656671714],[-107.28576609120587,48.30911909807105],[-107.28576663359217,48.3091324822323],[-107.28576732286635,48.30914592199629],[-107.2857676205846,48.30915480244515],[-107.28582241212393,48.30918055200358],[-107.285983631133,48.309043348364014],[-107.28594944256919,48.30902615986699]]]}"
000000000000000017f9,3208,0,0,0,"{""type"":""Polygon"",""coordinates"":[[[-107.28583249583194,48.30895700668595],[-107.28577063848884,48.30892248331785],[-107.28562967570497,48.309063759341704],[-107.28570369135122,48.30907119040849],[-107.2857451905342,48.309101656671714],[-107.28588027409596,48.30897835891637],[-107.28583249583194,48.30895700668595]]]}"
000000000000000017f7,3209,0,0,0,"{""type"":""Polygon"",""coordinates"":[[[-107.28572286041486,48.30890113105055],[-107.28564143660557,48.308875974300264],[-107.28550166046806,48.309044002506354],[-107.2855355062771,48.309052239353456],[-107.28562967570497,48.309063759341704],[-107.28577063848884,48.30892248331785],[-107.28572286041486,48.30890113105055]]]}"
000000000000000017f6,3210,0,0,0,"{""type"":""Polygon"",""coordinates"":[[[-107.28561441228338,48.308872007740085],[-107.28556598996762,48.308837287105575],[-107.28553866803581,48.30882444012848],[-107.28553200184821,48.30882453081653],[-107.28537917811497,48.30900177905399],[-107.28543347967829,48.30901852135876],[-107.28545398028598,48.309027098162595],[-107.28550166046806,48.309044002506354],[-107.28564143660557,48.308875974300264],[-107.28561441228338,48.308872007740085]]]}"
00000000000000001801,3211,0,0,0,"{""type"":""Polygon"",""coordinates"":[[[-107.28543022048926,48.3087953166373],[-107.28541648834421,48.30878663339427],[-107.28528214679751,48.308927746483455],[-107.28535042493948,48.30895767580907],[-107.28535185618946,48.308988931983826],[-107.28536589042776,48.30900203179808],[-107.28537917811497,48.30900177905399],[-107.28553200184821,48.30882453081653],[-107.28543022048926,48.3087953166373]]]}"
0000000000000000181a,3212,0,0,0,"{""type"":""Polygon"",""coordinates"":[[[-107.28540962227481,48.30878229177249],[-107.2853621423991,48.30876981975556],[-107.28532785244161,48.30875264689545],[-107.28532755482335,48.30874376650993],[-107.28514563572,48.308867959114004],[-107.28524143519107,48.30891516791482],[-107.28528214679751,48.308927746483455],[-107.28541648834421,48.30878663339427],[-107.28540962227481,48.30878229177249]]]}"
00000000000000001815,3213,0,0,0,"{""type"":""Polygon"",""coordinates"":[[[-107.28530641003981,48.30872182144071],[-107.28527148023244,48.308686816430885],[-107.28525097988845,48.30867823963635],[-107.28504188186668,48.308794104298144],[-107.28507715819995,48.30883359737434],[-107.28514563572,48.308867959114004],[-107.28532755482335,48.30874376650993],[-107.28530641003981,48.30872182144071]]]}"
000000000000000017fc,3214,0,0,0,"{""type"":""Polygon"",""coordinates"":[[[-107.2852166901051,48.30866106676175],[-107.28521629035558,48.30865220217934],[-107.28516891296562,48.30863971430033],[-107.28515433677805,48.30861323049834],[-107.28493897261993,48.30873805004344],[-107.28502795002134,48.30878098869323],[-107.28504188186668,48.308794104298144],[-107.28525097988845,48.30867823963635],[-107.2852166901051,48.30866106676175]]]}"
000000000000000017fb,3215,0,0,0,"{""type"":""Polygon"",""coordinates"":[[[-107.28512598392379,48.30857799206314],[-107.28507079442342,48.308543377789384],[-107.28504371760131,48.308535034399405],[-107.28487069550846,48.308708120523015],[-107.28489761725311,48.308712103079316],[-107.28491145132827,48.30872077060158],[-107.28493897261993,48.30873805004344],[-107.28515433677805,48.30861323049834],[-107.28512598392379,48.30857799206314]]]}"
000000000000000017fd,3216,0,0,0,"{""type"":""Polygon"",""coordinates"":[[[-107.28498250646702,48.30851387897674],[-107.28492860577626,48.30850600110537],[-107.28488769506187,48.308488990189254],[-107.28481520872683,48.308664625635366],[-107.2848425300761,48.30867747279434],[-107.28483709495865,48.308704387163004],[-107.28487069550846,48.308708120523015],[-107.28504371760131,48.308535034399405],[-107.28498250646702,48.30851387897674]]]}"
00000000000000001811,3217,0,0,0,"{""type"":""MultiPolygon"",""coordinates"":[[[[-107.28475953634654,48.30846917689228],[-107.28473928089717,48.3084651036808],[-107.28471308697276,48.30862645897859],[-107.28472647658931,48.308626190544096],[-107.28477380885347,48.308638607259454],[-107.28481520872683,48.308664625635366],[-107.28488769506187,48.308488990189254],[-107.28486047149197,48.30848059115259],[-107.28480657094802,48.30847271321396],[-107.28477252626864,48.30846004389852],[-107.28475953634654,48.30846917689228]]],[[[-107.28477252626864,48.30846004389852],[-107.28478512924138,48.308441887787694],[-107.28480582907264,48.30845489692834],[-107.28481857443033,48.30844126026708],[-107.28479046666646,48.30841052549432],[-107.28476324320377,48.308402126439795],[-107.28474975599886,48.308397946816],[-107.28474496057197,48.30844269310273],[-107.28475168406379,48.30844251529636],[-107.28475899431454,48.30845579288349],[-107.28477252626864,48.30846004389852]]]]}"
000000000000000017fe,3218,0,0,0,"{""type"":""Polygon"",""coordinates"":[[[-107.28466295256209,48.30840408029101],[-107.28467080476807,48.30843074187683],[-107.28460410162378,48.30843658764087],[-107.2845984218742,48.308458998209936],[-107.28466546724435,48.308462104177984],[-107.28461966358624,48.30848539141251],[-107.28459940817514,48.30848131816933],[-107.28457884874152,48.30862019145778],[-107.28461901753265,48.30861938620642],[-107.28465241809639,48.30861868735017],[-107.28467953949793,48.30862710225613],[-107.28471308697276,48.30862645897859],[-107.28473928089717,48.3084651036808],[-107.28473265955795,48.308465265698246],[-107.28471131559311,48.308438888321284],[-107.28474496057197,48.30844269310273],[-107.28474975599886,48.308397946816],[-107.28470835647974,48.30837192853351],[-107.28467471158174,48.308368123742284],[-107.28466078006754,48.308355008180904],[-107.28466645976108,48.30833259765344],[-107.28461799476923,48.30829780545331],[-107.28461374570435,48.308351471789635],[-107.2846481770853,48.308373164245964],[-107.28467614228036,48.308399379594185],[-107.28466295256209,48.30840408029101]],[[-107.284689874005,48.30840806289039],[-107.28469693968367,48.30841683681186],[-107.28471665307546,48.30840752603234],[-107.284689874005,48.30840806289039]],[[-107.284689874005,48.30840806289039],[-107.2846895318096,48.30839911116821],[-107.28467614228036,48.308399379594185],[-107.28467648447248,48.30840833131654],[-107.284689874005,48.30840806289039]]]}"
00000000000000001810,3219,0,0,0,"{""type"":""MultiPolygon"",""coordinates"":[[[[-107.2845708563131,48.30844164736109],[-107.28454496588888,48.3084600560657],[-107.28458503233624,48.30845926662374],[-107.2845984218742,48.308458998209936],[-107.28460410162378,48.30843658764087],[-107.2845708563131,48.30844164736109]]],[[[-107.28448474172968,48.30846122029012],[-107.28445123921153,48.3084619348688],[-107.284465510263,48.30863136529558],[-107.28451862430035,48.30862135571411],[-107.28455206955645,48.30862072828246],[-107.28457884874152,48.30862019145778],[-107.28459940817514,48.30848131816933],[-107.28448474172968,48.30846122029012]]],[[[-107.28452239806202,48.30825502876516],[-107.28450836450855,48.30824192899455],[-107.28448222970711,48.30825583395953],[-107.28444858502108,48.308252029092046],[-107.28444151944802,48.30824325517685],[-107.28444314973586,48.3082789432271],[-107.28444427830166,48.30830578255667],[-107.28444512216012,48.30832358301161],[-107.2845458119428,48.308330493936225],[-107.28455356640343,48.308352707439965],[-107.28460015640115,48.30834730793539],[-107.28461374570435,48.308351471789635],[-107.28461799476923,48.30829780545331],[-107.2846177949648,48.308293373189194],[-107.28452239806202,48.30825502876516]],[[-107.28450391551448,48.308291163008576],[-107.28451162521499,48.308313305111625],[-107.284524370585,48.30829966852545],[-107.28450391551448,48.308291163008576]]]]}"
00000000000000001816,3220,0,0,0,"{""type"":""GeometryCollection"",""geometries"":[{""type"":""LineString"",""coordinates"":[[-107.28444430582985,48.30830574039572],[-107.28444510286486,48.30832358948742]]},{""type"":""Polygon"",""coordinates"":[[[-107.28445123921153,48.3084619348688],[-107.28434408293279,48.30845954671396],[-107.28430415121034,48.308616682409564],[-107.28440498847966,48.30862364910581],[-107.28445212068162,48.30863163369283],[-107.284465510263,48.30863136529558],[-107.28445123921153,48.3084619348688]]]},{""type"":""Polygon"",""coordinates"":[[[-107.28442758809472,48.3082301396084],[-107.28440713310509,48.308221634080006],[-107.28440100901304,48.30823510863872],[-107.2844142962889,48.308234856042176],[-107.28440135114033,48.30824406033603],[-107.28439571604787,48.3082665422021],[-107.28444314973586,48.3082789432271],[-107.28444151944802,48.30824325517685],[-107.28442758809472,48.3082301396084]]]}]}"
00000000000000001818,3221,0,0,0,"{""type"":""MultiPolygon"",""coordinates"":[[[[-107.28426354618739,48.308456724670386],[-107.28421577035446,48.308435371783936],[-107.28416902981738,48.30858807848788],[-107.28420267467096,48.3085918834731],[-107.28422337424199,48.30860489278259],[-107.28429752987421,48.30861684439741],[-107.28430415121034,48.308616682409564],[-107.28434408293279,48.30845954671396],[-107.28426354618739,48.308456724670386]]],[[[-107.28439571604787,48.3082665422021],[-107.28440135114033,48.30824406033603],[-107.2843817399847,48.30825335523239],[-107.28436736438434,48.308231303742815],[-107.28440100901304,48.30823510863872],[-107.28440713310509,48.308221634080006],[-107.28437971020348,48.30820880267989],[-107.28433821369525,48.30817833627109],[-107.2842978010106,48.308174637738915],[-107.28426820306494,48.308260096463854],[-107.28428139272215,48.30825539583551],[-107.28430229192962,48.308272837312565],[-107.28434932600105,48.30827637385848],[-107.28436859505145,48.30825812726286],[-107.28439571604787,48.3082665422021]],[[-107.28434769580495,48.30824068580605],[-107.28434137192039,48.308249728104464],[-107.28435476134803,48.30824945972847],[-107.28434769580495,48.30824068580605]],[[-107.28432818226406,48.30825442874052],[-107.28433529252843,48.30826327405528],[-107.28434137192039,48.308249728104464],[-107.28432818226406,48.30825442874052]],[[-107.28436815077745,48.30824919135058],[-107.28435476134803,48.30824945972847],[-107.28435520561874,48.30825839564094],[-107.28436859505145,48.30825812726286],[-107.28436815077745,48.30824919135058]]]]}"
00000000000000001813,3222,0,0,0,"{""type"":""MultiPolygon"",""coordinates"":[[[[-107.28412896725789,48.30844150477215],[-107.2841155777929,48.30844177311858],[-107.28408850154544,48.30843342946075],[-107.28402718537113,48.30855965213692],[-107.28409481695843,48.30857621395177],[-107.28416902981738,48.30858807848788],[-107.28421577035446,48.308435371783936],[-107.2841950708763,48.30842236251197],[-107.28416108411238,48.30840960580318],[-107.28410732654959,48.308406246917805],[-107.284094581045,48.30841988347944],[-107.28415500463466,48.30842315178552],[-107.28417600143398,48.3084450414115],[-107.28412896725789,48.30844150477215]],[[-107.28418311168188,48.30845388676969],[-107.28418939090872,48.308444773056394],[-107.28417600143398,48.3084450414115],[-107.28418311168188,48.30845388676969]]],[[[-107.28427734610959,48.308166132189534],[-107.28426361462822,48.30815744886774],[-107.28424271550729,48.30814000741796],[-107.28422389072894,48.30816718984546],[-107.28421736708073,48.30817179986738],[-107.2842112876676,48.308185345791024],[-107.28423140046203,48.30818489966758],[-107.28422566313526,48.30820739728823],[-107.28426657294743,48.30822440841897],[-107.28422729321365,48.30824308532335],[-107.28426147964018,48.30826027423405],[-107.28426820306494,48.308260096463854],[-107.2842978010106,48.308174637738915],[-107.28428431400806,48.30817045806254],[-107.28427734610959,48.308166132189534]],[[-107.28427779036234,48.30817506808879],[-107.28424577594473,48.3082069511612],[-107.28427897624086,48.30820182019471],[-107.28428431400806,48.30817045806254],[-107.28427779036234,48.30817506808879]]]]}"
00000000000000001812,3223,0,0,0,"{""type"":""GeometryCollection"",""geometries"":[{""type"":""LineString"",""coordinates"":[[-107.28397984237301,48.30839985313563],[-107.28397356958342,48.30840888495714]]},{""type"":""Polygon"",""coordinates"":[[[-107.28421094558595,48.30817639410178],[-107.28420442193533,48.30818100412368],[-107.2842112876676,48.308185345791024],[-107.28421736708073,48.30817179986738],[-107.28421094558595,48.30817639410178]]]},{""type"":""Polygon"",""coordinates"":[[[-107.28397353429428,48.30840891447285],[-107.28396686829382,48.308409005046826],[-107.28389828667359,48.30852202130246],[-107.2839051524056,48.30852636301957],[-107.28397995141802,48.30855168312939],[-107.28402718537113,48.30855965213692],[-107.28408850154544,48.30843342946075],[-107.28407511208914,48.30843369780128],[-107.28405505662334,48.30843405672032],[-107.28400757835274,48.308421584074985],[-107.28402056833312,48.30841245118961],[-107.284094581045,48.30841988347944],[-107.28410732654959,48.308406246917805],[-107.28402655027192,48.30839445715451],[-107.28400659241203,48.308399264125484],[-107.28397961382304,48.30839536850432],[-107.28397981354917,48.30839980078024],[-107.28397984237301,48.30839985313563],[-107.28398712345412,48.30841307842419],[-107.28397353429428,48.30840891447285]],[[-107.2839941889122,48.30842185240377],[-107.28400051289049,48.30841281009653],[-107.28398712345412,48.30841307842419],[-107.2839941889122,48.30842185240377]]]}]}"
0000000000000000181e,3224,0,0,0,"{""type"":""Polygon"",""coordinates"":[[[-107.2838985932836,48.30837907496761],[-107.28385091550606,48.30836216997887],[-107.28376350850857,48.30850236857608],[-107.28389828667359,48.30852202130246],[-107.28396686829382,48.308409005046826],[-107.28397353429428,48.30840891447285],[-107.28397961382304,48.30839536850432],[-107.2838985932836,48.30837907496761]]]}"
000000000000000017c4,3225,0,0,0,"{""type"":""Polygon"",""coordinates"":[[[-107.28383046071038,48.30835366430163],[-107.28381064977005,48.308358526828904],[-107.28375022654718,48.3083552583009],[-107.28373565169295,48.30832877439167],[-107.28372898572401,48.30832886494821],[-107.2836473562753,48.30845110089195],[-107.28366781103868,48.3084596066246],[-107.28371508936922,48.308467647169714],[-107.28376350850857,48.30850236857608],[-107.28385091550606,48.30836216997887],[-107.28383046071038,48.30835366430163]]]}"
000000000000000017c3,3226,0,0,0,"{""type"":""Polygon"",""coordinates"":[[[-107.28367488662718,48.3083165540975],[-107.28364039880645,48.3082949484662],[-107.28360661223687,48.308286623847145],[-107.28352518227449,48.30841329187378],[-107.28356633606256,48.30843480704964],[-107.2836473562753,48.30845110089195],[-107.28372898572401,48.30832886494821],[-107.28367488662718,48.3083165540975]]]}"
00000000000000001822,3227,0,0,0,"{""type"":""Polygon"",""coordinates"":[[[-107.28349797040005,48.30825306606692],[-107.28339598814378,48.30836678008555],[-107.28347054168671,48.30838759687614],[-107.28352518227449,48.30841329187378],[-107.28360661223687,48.308286623847145],[-107.28349797040005,48.30825306606692]]]}"
000000000000000017c2,3228,0,0,0,"{""type"":""MultiPolygon"",""coordinates"":[[[[-107.28339565293152,48.30821046594215],[-107.2833883433187,48.30819718829644],[-107.28336951806071,48.308224370597934],[-107.28339565293152,48.30821046594215]]],[[[-107.28336951806071,48.308224370597934],[-107.28326718912787,48.30833359654576],[-107.28339598814378,48.30836678008555],[-107.28349797040005,48.30825306606692],[-107.28349110479407,48.30824872433986],[-107.28336951806071,48.308224370597934]]]]}"
00000000000000001821,3229,0,0,0,"{""type"":""Polygon"",""coordinates"":[[[-107.28336013519694,48.3081664689875],[-107.28330573953808,48.30814527764821],[-107.28334086591963,48.308184715355125],[-107.28331477578602,48.30819869137786],[-107.28328034584717,48.308176998478324],[-107.28325312335008,48.30816859900829],[-107.28315820605371,48.30829108661827],[-107.28319935933261,48.30831260191476],[-107.28326718912787,48.30833359654576],[-107.2833883433187,48.30819718829644],[-107.28336013519694,48.3081664689875]]]}"
00000000000000001823,3230,0,0,0,"{""type"":""Polygon"",""coordinates"":[[[-107.28320534899008,48.30814724569783],[-107.28318465024934,48.30813423626002],[-107.28315733035902,48.30812138872395],[-107.28304783876835,48.30821739215817],[-107.28306241298462,48.308243876132394],[-107.28315820605371,48.30829108661827],[-107.28325312335008,48.30816859900829],[-107.28320534899008,48.30814724569783]]]}"
00000000000000001827,3231,0,0,0,"{""type"":""Polygon"",""coordinates"":[[[-107.28310278812663,48.30810014167748],[-107.28307403897303,48.30805603839789],[-107.28293821301432,48.3081615138779],[-107.28295886690435,48.30817445198962],[-107.28299957591535,48.30818703141596],[-107.28304072892043,48.308208546745206],[-107.28304783876835,48.30821739215817],[-107.28315733035902,48.30812138872395],[-107.28310278812663,48.30810014167748]]]}"
000000000000000017d9,3232,0,0,0,"{""type"":""Polygon"",""coordinates"":[[[-107.28302646456225,48.30803911728578],[-107.28299968623804,48.30803965365003],[-107.28297967593713,48.3080400837196],[-107.28297889021927,48.30802219615377],[-107.28295754814005,48.307995818559384],[-107.28283565275758,48.30811440954432],[-107.28289039429026,48.30814008901548],[-107.28291751442136,48.30814850437528],[-107.28293821301432,48.3081615138779],[-107.28307403897303,48.30805603839789],[-107.28302646456225,48.30803911728578]]]}"
00000000000000001826,3233,0,0,0,"{""type"":""Polygon"",""coordinates"":[[[-107.28295048307933,48.307987044563866],[-107.28293635296893,48.307969496575325],[-107.28290290887556,48.30797012340728],[-107.28286827993959,48.30794399819441],[-107.28271891815112,48.30804968569466],[-107.28279435791221,48.308088374726],[-107.28282192185195,48.30810572601031],[-107.28283565275758,48.30811440954432],[-107.28295754814005,48.307995818559384],[-107.28295048307933,48.307987044563866]]]}"
0000000000000000181c,3234,0,0,0,"{""type"":""GeometryCollection"",""geometries"":[{""type"":""LineString"",""coordinates"":[[-107.28257611788823,48.30799895064541],[-107.28256962800285,48.30800354574143],[-107.28255664822855,48.30801273593239]]},{""type"":""Polygon"",""coordinates"":[[[-107.28253735567647,48.30803099759724],[-107.2825566250886,48.30801275144019],[-107.28250435548837,48.30804056018466],[-107.28253735567647,48.30803099759724]]]},{""type"":""Polygon"",""coordinates"":[[[-107.28250435548837,48.30804056018466],[-107.28243231513201,48.30807776634373],[-107.28249195142443,48.30806314813075],[-107.28250435548837,48.30804056018466]]]},{""type"":""Polygon"",""coordinates"":[[[-107.28286131235588,48.30793967222916],[-107.28283987299163,48.30790884661868],[-107.28281907715201,48.30789138912628],[-107.28282475774105,48.30786897888061],[-107.28260222881266,48.30798503315723],[-107.28264916405506,48.307984122518036],[-107.28265014917936,48.30800644232772],[-107.28267134409833,48.30803276439963],[-107.28271891815112,48.30804968569466],[-107.28286827993959,48.30794399819441],[-107.28286131235588,48.30793967222916]]]}]}"
0000000000000000183a,3235,0,0,0,"{""type"":""Polygon"",""coordinates"":[[[-107.28278306399471,48.3078340797004],[-107.28257709364698,48.307869431982276],[-107.28257719105353,48.30787388000711],[-107.28257827829036,48.307896183986564],[-107.28257861997646,48.30790513564442],[-107.28260124371694,48.30796271335534],[-107.28254190926734,48.307981748067846],[-107.28250109868418,48.30796918426705],[-107.28247476437207,48.3079786563648],[-107.28240204085365,48.30799795910022],[-107.28235599328231,48.308016741401595],[-107.28232921516467,48.30801727757348],[-107.28228944704799,48.308026946323565],[-107.28223633459602,48.30803695452036],[-107.28219705493763,48.30805563052677],[-107.28215753102947,48.30806980287675],[-107.28215925644342,48.30810993895204],[-107.28211874768209,48.30810179142952],[-107.2821049596249,48.30809319496266],[-107.28209241328709,48.308111263448204],[-107.28206642044329,48.30812968716231],[-107.28208731802953,48.308147129121046],[-107.28212037570258,48.3081374794816],[-107.28216048548981,48.30813676248015],[-107.28224699733241,48.30812605632278],[-107.28229304504423,48.308107274031435],[-107.28231942416411,48.30809787334771],[-107.28239931491268,48.30808732890429],[-107.28242564930184,48.308077856805895],[-107.28243231513201,48.30807776634373],[-107.28257609404318,48.30799893753559],[-107.2825822186253,48.30798546314069],[-107.28260222881266,48.30798503315723],[-107.28282475774105,48.30786897888061],[-107.28282451343064,48.30786447525432],[-107.28278306399471,48.3078340797004]]]}"
000000000000000017d1,3236,0,0,0,"{""type"":""Polygon"",""coordinates"":[[[-107.2827992754011,48.30774889020377],[-107.28252601880853,48.30777663138241],[-107.2825488866727,48.30783871259559],[-107.28257709364698,48.307869431982276],[-107.28278306399471,48.3078340797004],[-107.28277609644685,48.30782975373701],[-107.28276804626724,48.3077986600249],[-107.28280841298408,48.30780228781731],[-107.28282037289586,48.307770764099274],[-107.2827992754011,48.30774889020377]]]}"
000000000000000017d2,3237,0,0,0,"{""type"":""Polygon"",""coordinates"":[[[-107.28277131255909,48.307722674570584],[-107.28277620750961,48.30768237694387],[-107.2825419337594,48.30768256177509],[-107.28254998371416,48.30771365544388],[-107.2825181684206,48.30774996990353],[-107.28252601880853,48.30777663138241],[-107.2827992754011,48.30774889020377],[-107.28277131255909,48.307722674570584]]]}"
000000000000000017d7,3238,0,0,0,"{""type"":""Polygon"",""coordinates"":[[[-107.28253735009125,48.30757991509175],[-107.28253102602244,48.307588957163176],[-107.2825419337594,48.30768256177509],[-107.28277620750961,48.30768237694387],[-107.28277987292155,48.3076152560896],[-107.28253735009125,48.30757991509175]]]}"
000000000000000017de,3239,0,0,0,"{""type"":""Polygon"",""coordinates"":[[[-107.28255322015981,48.30748577444661],[-107.2825534644388,48.307490278042295],[-107.28254886626985,48.307539455724424],[-107.28254995350017,48.30756175956393],[-107.28253735009125,48.30757991509175],[-107.28277987292155,48.3076152560896],[-107.28278545603793,48.307588397963336],[-107.28281712885064,48.30754756414856],[-107.28281668494867,48.307538628339216],[-107.28255322015981,48.30748577444661]]]}"
000000000000000017d4,3240,0,0,0,"{""type"":""Polygon"",""coordinates"":[[[-107.28260939886435,48.30739534900419],[-107.28259665340754,48.30740898510634],[-107.2825771847881,48.307422798853175],[-107.28255322015981,48.30748577444661],[-107.28281668494867,48.307538628339216],[-107.28283353958547,48.307466807316246],[-107.28283333999232,48.307462375112415],[-107.28260939886435,48.30739534900419]]]}"
000000000000000017d3,3241,0,0,0,"{""type"":""Polygon"",""coordinates"":[[[-107.28267210087245,48.307300313850284],[-107.28262866789449,48.307377103060716],[-107.28260939886435,48.30739534900419],[-107.28283333999232,48.307462375112415],[-107.28284495798825,48.30742190002185],[-107.2828774162815,48.30739895367222],[-107.28267210087245,48.307300313850284]]]}"
000000000000000017da,3242,0,0,0,"{""type"":""Polygon"",""coordinates"":[[[-107.28292326345353,48.3073757391634],[-107.28295503341522,48.30733935345289],[-107.28276933329718,48.30722695578052],[-107.28268430497276,48.30727329402637],[-107.28267210087245,48.307300313850284],[-107.2828774162815,48.30739895367222],[-107.28289036127184,48.30738974973419],[-107.28291105945328,48.307402759067244],[-107.28294445831652,48.30740206086392],[-107.28297671695448,48.3073746822946],[-107.28292326345353,48.3073757391634]]]}"
000000000000000017bd,3243,0,0,0,"{""type"":""Polygon"",""coordinates"":[[[-107.2828522440557,48.307135922997226],[-107.28284572053126,48.30714053283337],[-107.2828346039969,48.307189856281866],[-107.28276933329718,48.30722695578052],[-107.28295503341522,48.30733935345289],[-107.28296111303135,48.30732580781937],[-107.28298062625758,48.30731206541082],[-107.2830027090431,48.30735625861524],[-107.2830444026075,48.30739115739079],[-107.28312463408201,48.30738956407812],[-107.28312335153882,48.30735836436674],[-107.2828522440557,48.307135922997226]]]}"
000000000000000017be,3244,0,0,0,"{""type"":""GeometryCollection"",""geometries"":[{""type"":""LineString"",""coordinates"":[[-107.28312309193787,48.30735388352435],[-107.28312329107473,48.30735834580214]]},{""type"":""Polygon"",""coordinates"":[[[-107.28297007175023,48.307075590017426],[-107.28293074848605,48.30709419456984],[-107.2828713132707,48.30711324492518],[-107.2828522440557,48.307135922997226],[-107.28312310718836,48.30735386078552],[-107.283121034163,48.307309237535556],[-107.28315967397768,48.307272729728936],[-107.28315947434352,48.307268297543025],[-107.28297007175023,48.307075590017426]],[[-107.28297832163581,48.3071111154603],[-107.2829577257181,48.30709809042454],[-107.28291290894693,48.30714369564658],[-107.2829402279935,48.307156543037074],[-107.28297832163581,48.3071111154603]]]}]}"
000000000000000017c5,3245,0,0,0,"{""type"":""Polygon"",""coordinates"":[[[-107.283095762661,48.307041759461086],[-107.28301587377075,48.30705230422902],[-107.28297007175023,48.307075590017426],[-107.28315947434352,48.307268297543025],[-107.28318516452572,48.30724545745629],[-107.28320463295105,48.30723164363728],[-107.28322414608704,48.30721790120593],[-107.28325003585553,48.30719949330441],[-107.283095762661,48.307041759461086]]]}"
000000000000000017c1,3246,0,0,0,"{""type"":""Polygon"",""coordinates"":[[[-107.28317362318619,48.306986663040064],[-107.28314793319566,48.30700950300758],[-107.28312234065999,48.30703679093098],[-107.283095762661,48.307041759461086],[-107.28325003585553,48.30719949330441],[-107.28327607247759,48.30718114100428],[-107.2832890173451,48.30717193705338],[-107.28332775441453,48.30713987724004],[-107.28336041197912,48.30712136303119],[-107.28317362318619,48.306986663040064]]]}"
000000000000000017b9,3247,0,0,0,"{""type"":""Polygon"",""coordinates"":[[[-107.28323750851473,48.30691837978636],[-107.28322456373675,48.30692758368411],[-107.28319897129822,48.306954871583386],[-107.28317348097788,48.30698214370472],[-107.28317362318619,48.306986663040064],[-107.28336041197912,48.30712136303119],[-107.2834255273756,48.3070799024324],[-107.2834575411336,48.307048020326576],[-107.28323750851473,48.30691837978636]]]}"
000000000000000017c6,3248,0,0,0,"{""type"":""Polygon"",""coordinates"":[[[-107.28328810701878,48.30685034900254],[-107.28326962436395,48.30688648205562],[-107.2832501561429,48.30690029579284],[-107.28323750851473,48.30691837978636],[-107.2834575411336,48.307048020326576],[-107.28348279160565,48.307011780812076],[-107.28354089448293,48.30696592299739],[-107.28328810701878,48.30685034900254]]]}"
0000000000000000180e,3249,0,0,0,"{""type"":""Polygon"",""coordinates"":[[[-107.28340015143002,48.306812441437266],[-107.28336304406928,48.3068801882256],[-107.28334224838889,48.30686273118051],[-107.28332698595315,48.30682280871356],[-107.2832879073661,48.30684591685261],[-107.28328810701878,48.30685034900254],[-107.28354089448293,48.30696592299739],[-107.2835601630107,48.30694767702734],[-107.28364519028429,48.30690133831697],[-107.28365087021402,48.3068789284569],[-107.28340015143002,48.306812441437266]]]}"
0000000000000000180f,3250,0,0,0,"{""type"":""Polygon"",""coordinates"":[[[-107.28365182092682,48.306749354342024],[-107.28342475802692,48.30676283428722],[-107.28341887833092,48.3067808119436],[-107.28340623080783,48.30679889591598],[-107.28340015143002,48.306812441437266],[-107.28365087021402,48.3068789284569],[-107.28365640786686,48.30685199928413],[-107.28364845454504,48.30682535416803],[-107.28367261676651,48.306766811278806],[-107.28365182092682,48.306749354342024]]]}"
000000000000000017ba,3251,0,0,0,"{""type"":""Polygon"",""coordinates"":[[[-107.28364465370409,48.30674059639015],[-107.28362321409239,48.30670977165666],[-107.28360642394446,48.306634146568946],[-107.2833822786202,48.306710048972114],[-107.28342985174089,48.30672696951733],[-107.28342475802692,48.30676283428722],[-107.28365182092682,48.306749354342024],[-107.28364465370409,48.30674059639015]]]}"
000000000000000017bc,3252,0,0,0,"{""type"":""Polygon"",""coordinates"":[[[-107.28358562821914,48.30661668965854],[-107.28357105406415,48.30659020657347],[-107.28354501794678,48.306608558736556],[-107.28351735695402,48.306586760223375],[-107.28351671318538,48.30657339245763],[-107.28351617156635,48.306560008909045],[-107.28350179717108,48.30653795796242],[-107.28331360819577,48.30667125506515],[-107.28334799213958,48.306692875983124],[-107.28337555553904,48.30671022666641],[-107.2833822786202,48.306710048972114],[-107.28360642394446,48.306634146568946],[-107.2836060819868,48.30662519513583],[-107.28358562821914,48.30661668965854]]]}"
000000000000000017bb,3253,0,0,0,"{""type"":""Polygon"",""coordinates"":[[[-107.28348089941898,48.306520516844],[-107.28337147689771,48.30646907287023],[-107.28325077298028,48.306614412149045],[-107.28327082728929,48.30661405343953],[-107.28329291016188,48.30665824599424],[-107.28331360819577,48.30667125506515],[-107.28350179717108,48.30653795796242],[-107.28348089941898,48.306520516844]]]}"
000000000000000017b8,3254,0,0,0,"{""type"":""Polygon"",""coordinates"":[[[-107.28336475386106,48.30646925056184],[-107.28333881994186,48.30648758684002],[-107.28332424604422,48.30646110377537],[-107.28326970595639,48.30643985743343],[-107.2832489105669,48.3064224005055],[-107.28323606347584,48.306436052215474],[-107.28325651698844,48.306444557744726],[-107.28324357238974,48.30645376155838],[-107.28322998412048,48.30644959763288],[-107.28311620258566,48.30659919114357],[-107.2831567104105,48.30660733803876],[-107.28325077298028,48.306614412149045],[-107.28337147689771,48.30646907287023],[-107.28336475386106,48.30646925056184]]]}"
000000000000000017c0,3255,0,0,0,"{""type"":""MultiPolygon"",""coordinates"":[[[[-107.28320874474137,48.30642320507548],[-107.28323606347584,48.306436052215474],[-107.2832489105669,48.3064224005055],[-107.28323532230736,48.30641823658295],[-107.2831546488427,48.3064108942924],[-107.28315509284208,48.30641982990798],[-107.28320874474137,48.30642320507548]]],[[[-107.28315509284208,48.30641982990798],[-107.28310806184427,48.306416292823066],[-107.28309402963941,48.30640319326515],[-107.28301467613018,48.30657447887638],[-107.28304145339965,48.30657394254949],[-107.28306235087045,48.30659138378819],[-107.28311620258566,48.30659919114357],[-107.28322998412048,48.30644959763288],[-107.28317608780627,48.30644171897343],[-107.28315509284208,48.30641982990798]]]]}"
000000000000000017bf,3256,0,0,0,"{""type"":""Polygon"",""coordinates"":[[[-107.28302620348778,48.30638219918253],[-107.2829989823996,48.30637379988859],[-107.2829723074356,48.30637432041212],[-107.28294553033007,48.30637485671355],[-107.28290722533718,48.30656767267729],[-107.28301467613018,48.30657447887638],[-107.28309402963941,48.30640319326515],[-107.28309388743584,48.30639867397922],[-107.28302620348778,48.30638219918253]]]}"
000000000000000017d5,3257,0,0,0,"{""type"":""Polygon"",""coordinates"":[[[-107.28291875323175,48.30637539300735],[-107.28288531058347,48.30637601977775],[-107.2828851109765,48.306371587665396],[-107.28272933473679,48.30648186587327],[-107.28273639947793,48.306490639644515],[-107.28281085099546,48.306507008418286],[-107.28283209003934,48.3065334011138],[-107.28286593201767,48.3065416386092],[-107.28288717113102,48.30656803130798],[-107.28290722533718,48.30656767267729],[-107.28294553033007,48.30637485671355],[-107.28291875323175,48.30637539300735]]]}"
000000000000000017d6,3258,0,0,0,"{""type"":""Polygon"",""coordinates"":[[[-107.28284949812988,48.30632314409195],[-107.28282904486733,48.306314638489134],[-107.2826183878269,48.30639471836146],[-107.28265281557908,48.30641641082578],[-107.282680976993,48.306447057993665],[-107.28272202569339,48.306468588594534],[-107.28272933473679,48.30648186587327],[-107.2828851109765,48.306371587665396],[-107.28284949812988,48.30632314409195]]]}"
000000000000000017cd,3259,0,0,0,"{""type"":""Polygon"",""coordinates"":[[[-107.28282217972595,48.30631029686095],[-107.28279234474152,48.30624389165536],[-107.28277861449949,48.306235208404146],[-107.28276482683694,48.30622661232408],[-107.2825484899285,48.30632910147509],[-107.28259018180053,48.30636399981578],[-107.28261818825253,48.30639028624616],[-107.2826183878269,48.30639471836146],[-107.28282904486733,48.306314638489134],[-107.28282217972595,48.30631029686095]]]}"
000000000000000017c9,3260,0,0,0,"{""type"":""Polygon"",""coordinates"":[[[-107.28273726424634,48.306209261603044],[-107.28271582586638,48.30617843694418],[-107.28272190531992,48.30616489162598],[-107.28268761987466,48.30614771855133],[-107.28268055520581,48.3061389448313],[-107.28247883659665,48.30626798810387],[-107.28252640828079,48.30628490899207],[-107.2825207278712,48.3063073185472],[-107.2825484899285,48.30632910147509],[-107.28276482683694,48.30622661232408],[-107.28273726424634,48.306209261603044]]]}"
000000000000000017c8,3261,0,0,0,"{""type"":""Polygon"",""coordinates"":[[[-107.28266682504332,48.30613026157924],[-107.28263253967495,48.30611308849417],[-107.28261860996355,48.306099973147774],[-107.28255054068953,48.306074475344],[-107.28241560476093,48.306202280808826],[-107.28248373149457,48.30622769159705],[-107.28247883659665,48.30626798810387],[-107.28268055520581,48.3061389448313],[-107.28266682504332,48.30613026157924]]]}"
000000000000000017ce,3262,0,0,0,"{""type"":""Polygon"",""coordinates"":[[[-107.28253675317069,48.306065879253566],[-107.28250919086837,48.306048528512285],[-107.28244106441416,48.30602311782076],[-107.28231270927333,48.30614622612732],[-107.28237485360165,48.3061896301531],[-107.28241560476093,48.306202280808826],[-107.28255054068953,48.306074475344],[-107.28253675317069,48.306065879253566]]]}"
000000000000000017dc,3263,0,0,0,"{""type"":""Polygon"",""coordinates"":[[[-107.28242753393815,48.306018866634886],[-107.28241374648604,48.306010270534124],[-107.28238662813357,48.30600185532578],[-107.28235940765418,48.30599345589532],[-107.28233228934235,48.30598504067328],[-107.28231870147947,48.30598087664532],[-107.28219034626837,48.30610398469225],[-107.2822918125584,48.30612878485257],[-107.28231270927333,48.30614622612732],[-107.28244106441416,48.30602311782076],[-107.28242753393815,48.306018866634886]]]}"
0000000000000000179f,3264,0,0,0,"{""type"":""Polygon"",""coordinates"":[[[-107.28229138366052,48.30596802933134],[-107.28219589521514,48.305929699791584],[-107.28217608574771,48.30593456172254],[-107.28209510193007,48.306070158434736],[-107.28210849025105,48.30606989041088],[-107.28216312582042,48.30609558518923],[-107.28219034626837,48.30610398469225],[-107.28231870147947,48.30598087664532],[-107.28229138366052,48.30596802933134]]]}"
0000000000000000179e,3265,0,0,0,"{""type"":""Polygon"",""coordinates"":[[[-107.2821693181744,48.305934667937514],[-107.28212154775747,48.30591331488621],[-107.28204818525568,48.30591924887139],[-107.28202116451924,48.305915281430345],[-107.28198765385706,48.30606335120276],[-107.28209510193007,48.306070158434736],[-107.28217608574771,48.30593456172254],[-107.2821693181744,48.305934667937514]]]}"
000000000000000017cf,3266,0,0,0,"{""type"":""Polygon"",""coordinates"":[[[-107.28188031984129,48.30590917190361],[-107.28186672032999,48.30605236396312],[-107.28189359423757,48.30605627585428],[-107.28196087725591,48.30606388721382],[-107.28198765385706,48.30606335120276],[-107.28202116451924,48.305915281430345],[-107.28188031984129,48.30590917190361]]]}"
000000000000000017cc,3267,0,0,0,"{""type"":""Polygon"",""coordinates"":[[[-107.28182000419909,48.30590588639039],[-107.28176502300464,48.30587570381125],[-107.28175840233489,48.30587586559884],[-107.2817256312173,48.306041750722784],[-107.28173229663108,48.306041660323224],[-107.28186672032999,48.30605236396312],[-107.28188031984129,48.30590917190361],[-107.28182000419909,48.30590588639039]]]}"
000000000000000017a4,3268,0,0,0,"{""type"":""Polygon"",""coordinates"":[[[-107.28172456161175,48.30586762778473],[-107.28169166081231,48.305881637512115],[-107.28164443193805,48.30587366762934],[-107.28158315896286,48.30599995408803],[-107.28163038794959,48.30600792401701],[-107.28165770536647,48.30602077153881],[-107.2817256312173,48.306041750722784],[-107.28175840233489,48.30587586559884],[-107.28172456161175,48.30586762778473]]]}"
000000000000000017a1,3269,0,0,0,"{""type"":""Polygon"",""coordinates"":[[[-107.28163756710208,48.305869325944805],[-107.28157052890764,48.305866217833376],[-107.2815098672651,48.30585844444093],[-107.28145511733298,48.305980121148835],[-107.28148203573836,48.30598410454238],[-107.28158315896286,48.30599995408803],[-107.28164443193805,48.30587366762934],[-107.28163756710208,48.305869325944805]]]}"
000000000000000017a3,3270,0,0,0,"{""type"":""Polygon"",""coordinates"":[[[-107.28149627966387,48.30585428029993],[-107.28143409277666,48.30581080453835],[-107.28140025230564,48.3058025666137],[-107.28132623362464,48.305942488310976],[-107.28132633089864,48.30594693617908],[-107.28132025107432,48.30596048136276],[-107.28140092155719,48.30596782520712],[-107.28145511733298,48.305980121148835],[-107.2815098672651,48.30585844444093],[-107.28149627966387,48.30585428029993]]]}"
000000000000000017ad,3271,0,0,0,"{""type"":""MultiPolygon"",""coordinates"":[[[[-107.28130696505117,48.305960733488796],[-107.28132025107432,48.30596048136276],[-107.28132633089864,48.30594693617908],[-107.28130696505117,48.305960733488796]]],[[[-107.28138676689912,48.30579838667676],[-107.28132590610728,48.30578618109985],[-107.28129206572295,48.30577794313871],[-107.28126494812807,48.305769527631334],[-107.28119789114265,48.30591823873338],[-107.28122511095344,48.30592663849801],[-107.28128508477644,48.30592097305984],[-107.28132623362464,48.305942488310976],[-107.28140025230564,48.3058025666137],[-107.28138676689912,48.30579838667676]]]]}"
000000000000000017a6,3272,0,0,0,"{""type"":""Polygon"",""coordinates"":[[[-107.28119069942565,48.30575758986971],[-107.28109120460279,48.30577742645741],[-107.28109741162898,48.30591575642111],[-107.28117101761518,48.30591432664813],[-107.28119789114265,48.30591823873338],[-107.28126494812807,48.305769527631334],[-107.28119069942565,48.30575758986971]]]}"
000000000000000017aa,3273,0,0,0,"{""type"":""Polygon"",""coordinates"":[[[-107.2810644284629,48.30577796220401],[-107.28101220664738,48.305805840275774],[-107.28095178968687,48.305802569986035],[-107.28093163416729,48.305802943965354],[-107.28099781428104,48.3059356087641],[-107.28105072388225,48.30592116965164],[-107.28109741162898,48.30591575642111],[-107.28109120460279,48.30577742645741],[-107.2810644284629,48.30577796220401]]]}"
000000000000000017af,3274,0,0,0,"{""type"":""Polygon"",""coordinates"":[[[-107.28093163416729,48.305802943965354],[-107.28091834825553,48.30580319603406],[-107.28088484940425,48.305803909240346],[-107.28087230353141,48.305821976775995],[-107.28085337619655,48.30584917315019],[-107.28080753077124,48.30587238595969],[-107.28092607944352,48.30597722852347],[-107.28097800491801,48.30594047044589],[-107.28099781428104,48.3059356087641],[-107.28093163416729,48.305802943965354]]]}"
000000000000000017a9,3275,0,0,0,"{""type"":""Polygon"",""coordinates"":[[[-107.28080753077124,48.30587238595969],[-107.28079478548891,48.305886021427355],[-107.28074854130826,48.30590037005806],[-107.2807099066743,48.30593241229294],[-107.28069661579957,48.30593712798472],[-107.2808412976631,48.306028067466194],[-107.28088680198539,48.30599590321416],[-107.28091955603836,48.30598183812523],[-107.28092607944352,48.30597722852347],[-107.28080753077124,48.30587238595969]]]}"
000000000000000017d0,3276,0,0,0,"{""type"":""Polygon"",""coordinates"":[[[-107.28069661579957,48.30593712798472],[-107.2806570943181,48.305951299090616],[-107.28064434897182,48.30596493456021],[-107.2806173734893,48.305961038094644],[-107.280604969363,48.30598362491431],[-107.28059222399266,48.3059972603859],[-107.2807366615894,48.30608369664583],[-107.28074965102374,48.30607456461857],[-107.28076911916806,48.30606075160479],[-107.28082855232904,48.30604170297962],[-107.2808412976631,48.306028067466194],[-107.28069661579957,48.30593712798472]]]}"
000000000000000017d8,3277,0,0,0,"{""type"":""Polygon"",""coordinates"":[[[-107.28059222399266,48.3059972603859],[-107.2805729551849,48.306015505441245],[-107.28055348703563,48.30602931840364],[-107.28054094096042,48.30604738597783],[-107.28052789408277,48.30605660514286],[-107.28052122875286,48.30605669545675],[-107.28061942179254,48.30615748056771],[-107.2807366615894,48.30608369664583],[-107.28059222399266,48.3059972603859]]]}"
000000000000000017db,3278,0,0,0,"{""type"":""Polygon"",""coordinates"":[[[-107.28052122875286,48.30605669545675],[-107.28050122004717,48.3060571249536],[-107.2804150107382,48.306076708950584],[-107.28045995235777,48.3061829817209],[-107.280466617706,48.30618289141058],[-107.28049339396877,48.3061823558234],[-107.28051404541381,48.30619529404061],[-107.28061942179254,48.30615748056771],[-107.28052122875286,48.30605669545675]]]}"
000000000000000017dd,3279,0,0,0,"{""type"":""Polygon"",""coordinates"":[[[-107.2804150107382,48.306076708950584],[-107.2804018219622,48.30608140883295],[-107.28030134295281,48.30607892566762],[-107.28030768877764,48.30622177582857],[-107.28037418608655,48.306211501345025],[-107.28045995235777,48.3061829817209],[-107.2804150107382,48.306076708950584]]]}"
000000000000000017df,3280,0,0,0,"{""type"":""Polygon"",""coordinates"":[[[-107.28024759140486,48.30607556461743],[-107.28020036335836,48.30606759397462],[-107.28015223016821,48.306189108837515],[-107.28017944961746,48.30619750895045],[-107.28021951176156,48.306196721471835],[-107.28026629669104,48.30619575650952],[-107.28030102343385,48.306221866127814],[-107.28030768877764,48.30622177582857],[-107.28030134295281,48.30607892566762],[-107.28024759140486,48.30607556461743]]]}"
000000000000000017b4,3281,0,0,0,"{""type"":""Polygon"",""coordinates"":[[[-107.28015299351294,48.30605510403847],[-107.28009865701078,48.30603828804766],[-107.28009193428193,48.306038465500976],[-107.28001016015301,48.30615617387621],[-107.28003737950363,48.30616457402668],[-107.28005110866054,48.30617325768565],[-107.28013177820922,48.306180602648865],[-107.28015223016821,48.306189108837515],[-107.28020036335836,48.30606759397462],[-107.28015299351294,48.30605510403847]]]}"
0000000000000000183d,3282,0,0,0,"{""type"":""Polygon"",""coordinates"":[[[-107.28007188096426,48.306038823517866],[-107.2800378418436,48.30602615296427],[-107.28004338170341,48.30599922437624],[-107.2799834083933,48.30600488903455],[-107.27996977643026,48.306000653269436],[-107.27988804683321,48.3061184328495],[-107.27990153195827,48.30612261302916],[-107.27996283507449,48.30614375521211],[-107.28001016015301,48.30615617387621],[-107.28009193428193,48.306038465500976],[-107.28007188096426,48.306038823517866]]]}"
0000000000000000183e,3283,0,0,0,"{""type"":""Polygon"",""coordinates"":[[[-107.27990837643102,48.30597506326571],[-107.27986791617329,48.30596698641331],[-107.27975847938863,48.306067358639346],[-107.27978569854288,48.30607575885205],[-107.27986755032006,48.306109855223866],[-107.27988804683321,48.3061184328495],[-107.27996977643026,48.306000653269436],[-107.27990837643102,48.30597506326571]]]}"
00000000000000001841,3284,0,0,0,"{""type"":""Polygon"",""coordinates"":[[[-107.27983284907846,48.30593192539335],[-107.27983873009929,48.30591394821024],[-107.2798174942012,48.305887555081036],[-107.27961611452288,48.30602554315235],[-107.27965009590524,48.30603830103281],[-107.27970438722082,48.306055045901324],[-107.27973160633768,48.30606344612837],[-107.27975847938863,48.306067358639346],[-107.27986791617329,48.30596698641331],[-107.27983284907846,48.30593192539335]]]}"
000000000000000016dd,3285,0,0,0,"{""type"":""Polygon"",""coordinates"":[[[-107.27981032833476,48.30587879695083],[-107.27978301221911,48.30586594890507],[-107.27957063569838,48.30590588678444],[-107.27958227495017,48.3060173045312],[-107.27961611452288,48.30602554315235],[-107.2798174942012,48.305887555081036],[-107.27981032833476,48.30587879695083]]]}"
00000000000000001846,3286,0,0,0,"{""type"":""Polygon"",""coordinates"":[[[-107.2797493719174,48.30586214245197],[-107.27975500901702,48.30583966182531],[-107.27974740506897,48.3058175044985],[-107.27957248140821,48.30579864947449],[-107.27957464725178,48.30584771950635],[-107.27956170249482,48.30585692272445],[-107.27957063569838,48.30590588678444],[-107.27978301221911,48.30586594890507],[-107.2797493719174,48.30586214245197]]]}"
000000000000000017b5,3287,0,0,0,"{""type"":""Polygon"",""coordinates"":[[[-107.27960841027813,48.305704154423665],[-107.2795891413651,48.30572239918365],[-107.27957248140821,48.30579864947449],[-107.27974740506897,48.3058175044985],[-107.27974720583975,48.30581307241666],[-107.27979138072749,48.30575410218174],[-107.27960841027813,48.305704154423665]]]}"
000000000000000017b7,3288,0,0,0,"{""type"":""Polygon"",""coordinates"":[[[-107.279691668161,48.305617614623145],[-107.27967293955122,48.30564924274081],[-107.27960841027813,48.305704154423665],[-107.27979138072749,48.30575410218174],[-107.27980442756689,48.30574488317021],[-107.27979692068999,48.30572717374325],[-107.27984928945033,48.30569935197679],[-107.279691668161,48.305617614623145]]]}"
000000000000000017b0,3289,0,0,0,"{""type"":""Polygon"",""coordinates"":[[[-107.27978247220523,48.3055533192747],[-107.27971029459584,48.30558600230315],[-107.279691668161,48.305617614623145],[-107.27984928945033,48.30569935197679],[-107.27987542273942,48.30568544897976],[-107.2799332291306,48.30563071458162],[-107.27978247220523,48.3055533192747]]]}"
000000000000000017ac,3290,0,0,0,"{""type"":""Polygon"",""coordinates"":[[[-107.27985974640903,48.30548477239739],[-107.27981512877042,48.30553480684944],[-107.27978247220523,48.3055533192747],[-107.2799332291306,48.30563071458162],[-107.2799975587567,48.305571370705955],[-107.28001638423113,48.30554419041745],[-107.27985974640903,48.30548477239739]]]}"
000000000000000017ae,3291,0,0,0,"{""type"":""Polygon"",""coordinates"":[[[-107.27988272972433,48.30539948099992],[-107.27987630851818,48.30540407469746],[-107.27986607052904,48.30547573085873],[-107.27985974640903,48.30548477239739],[-107.28001638423113,48.30554419041745],[-107.28003511255783,48.30551256230257],[-107.28006124569278,48.30549865930778],[-107.28007364988234,48.305476072762964],[-107.28006589891321,48.305453860012214],[-107.28007222299149,48.30544481846631],[-107.27988272972433,48.30539948099992]]]}"
00000000000000001799,3292,0,0,0,"{""type"":""Polygon"",""coordinates"":[[[-107.27992636357291,48.30532712788908],[-107.27992146625787,48.30536742364357],[-107.27988272972433,48.30539948099992],[-107.28007222299149,48.30544481846631],[-107.28007177973693,48.30543588298164],[-107.28007138119432,48.30542701888551],[-107.2800707961004,48.305413564188036],[-107.28010893473986,48.30536821061959],[-107.28011447440527,48.30534128236598],[-107.27992636357291,48.30532712788908]]]}"
000000000000000017a8,3293,0,0,0,"{""type"":""Polygon"",""coordinates"":[[[-107.28015080011465,48.30525565203512],[-107.28011892824696,48.3052920511668],[-107.28009107194872,48.30526582007258],[-107.28010381715322,48.30525218485947],[-107.27994248221863,48.30523749497061],[-107.27993615815838,48.305246536472225],[-107.27992636357291,48.30532712788908],[-107.28011447440527,48.30534128236598],[-107.28012075374116,48.30533216944993],[-107.280152227082,48.305286906217354],[-107.28015766455687,48.30525999378571],[-107.28015080011465,48.30525565203512]]]}"
000000000000000017a2,3294,0,0,0,"{""type"":""MultiPolygon"",""coordinates"":[[[[-107.28015080011465,48.30525565203512],[-107.28015766455687,48.30525999378571],[-107.28016354530182,48.305242016817154],[-107.28015080011465,48.30525565203512]]],[[[-107.27996522118181,48.30514770054831],[-107.27994248221863,48.30523749497061],[-107.28010381715322,48.30525218485947],[-107.28012892169811,48.30521589182359],[-107.28012852313857,48.305207027764844],[-107.28014014277457,48.305166554678536],[-107.27996522118181,48.30514770054831]]]]}"
00000000000000001789,3295,0,0,0,"{""type"":""Polygon"",""coordinates"":[[[-107.27998864723237,48.305071345102306],[-107.27998904575978,48.3050802091398],[-107.27996522118181,48.30514770054831],[-107.28014014277457,48.305166554678536],[-107.28013026986848,48.30509534410017],[-107.28014198659474,48.30505931889838],[-107.27998864723237,48.305071345102306]]]}"
0000000000000000178f,3296,0,0,0,"{""type"":""MultiPolygon"",""coordinates"":[[[[-107.28036437405841,48.3047914047685],[-107.28031215358858,48.30481928190773],[-107.28033902598747,48.3048231941812],[-107.28046573638538,48.30481175863979],[-107.28036437405841,48.3047914047685]]],[[[-107.2801296058992,48.30493008807886],[-107.28012882149127,48.3049122015039],[-107.27994573279713,48.30500962432694],[-107.27998089638106,48.305049132510995],[-107.27998864723237,48.305071345102306],[-107.28014198659474,48.30505931889838],[-107.28014811129954,48.3050458454013],[-107.2801471276025,48.30502352677392],[-107.28014658718371,48.3050101435665],[-107.28014594462196,48.3049967761444],[-107.28014442050541,48.30496107434256],[-107.2801296058992,48.30493008807886]]]]}"
0000000000000000179c,3297,0,0,0,"{""type"":""MultiPolygon"",""coordinates"":[[[[-107.28025599299131,48.30476234848236],[-107.28011011689847,48.30479201247222],[-107.28013056811527,48.30480051846191],[-107.28031215358858,48.30481928190773],[-107.28036437405841,48.3047914047685],[-107.28025599299131,48.30476234848236]]],[[[-107.28008703242436,48.30487731870543],[-107.28011346650612,48.30486783209354],[-107.2801191479068,48.30484542326303],[-107.28009923707668,48.304850300428576],[-107.28008506509302,48.30483268159884],[-107.28005102702645,48.30482001131094],[-107.27988838993869,48.30492593986805],[-107.27990340355652,48.30496135818212],[-107.27994573279713,48.30500962432694],[-107.28012882149127,48.3049122015039],[-107.28008703242436,48.30487731870543]]]]}"
000000000000000017b2,3298,0,0,0,"{""type"":""GeometryCollection"",""geometries"":[{""type"":""LineString"",""coordinates"":[[-107.28004436772596,48.30482010750023],[-107.2800510563008,48.30481997483656]]},{""type"":""Polygon"",""coordinates"":[[[-107.28003665581194,48.30479796048766],[-107.2797121456188,48.30487581556499],[-107.27971234485024,48.30488024756863],[-107.27982111093789,48.30491832711826],[-107.27988838993869,48.30492593986805],[-107.28004436195313,48.30482010158314],[-107.28003665581194,48.30479796048766]]]}]}"
000000000000000017b3,3299,0,0,0,"{""type"":""Polygon"",""coordinates"":[[[-107.27967916863086,48.304738023413826],[-107.27968623212152,48.304746797152994],[-107.27968691922976,48.30476023590576],[-107.2796883011126,48.304791418426404],[-107.2797121456188,48.30487581556499],[-107.28003665581194,48.30479796048766],[-107.28003651397145,48.30479344132459],[-107.27967916863086,48.304738023413826]]]}"
0000000000000000179b,3300,0,0,0,"{""type"":""Polygon"",""coordinates"":[[[-107.28016585198598,48.30469265769467],[-107.27964904497901,48.3046627392504],[-107.27964302234628,48.30467619683892],[-107.27965817740697,48.30471613419152],[-107.27967916863086,48.304738023413826],[-107.28003651397145,48.30479344132459],[-107.28002174423685,48.30476252652417],[-107.28011011689847,48.30479201247222],[-107.28025599299131,48.30476234848236],[-107.28016585198598,48.30469265769467]]]}"
00000000000000001792,3301,0,0,0,"{""type"":""Polygon"",""coordinates"":[[[-107.28009497954842,48.30460472244271],[-107.2800812509169,48.30459603903316],[-107.27972553307185,48.304576307207924],[-107.27969332055915,48.3046037545933],[-107.27967405229634,48.30462199897582],[-107.27964904497901,48.3046627392504],[-107.28016585198598,48.30469265769467],[-107.28009497954842,48.30460472244271]]]}"
0000000000000000178e,3302,0,0,0,"{""type"":""Polygon"",""coordinates"":[[[-107.28002435146401,48.30452129063255],[-107.28001748717529,48.30451694892893],[-107.27969388570368,48.304465321802425],[-107.27971670192952,48.304527328608856],[-107.27973838023728,48.30456265644357],[-107.27972553307185,48.304576307207924],[-107.2800812509169,48.30459603903316],[-107.28002435146401,48.30452129063255]]]}"
00000000000000001793,3303,0,0,0,"{""type"":""Polygon"",""coordinates"":[[[-107.27974066762553,48.30416511882737],[-107.27968547286775,48.30427785539567],[-107.27961093260808,48.30425703694191],[-107.27954276879026,48.30423155348033],[-107.27955704237108,48.30424915642336],[-107.27957077067984,48.3042578398593],[-107.27959828475308,48.30427511956203],[-107.27967395531333,48.30431831197001],[-107.27967156509736,48.304416626736504],[-107.27969388570368,48.304465321802425],[-107.28001748717529,48.30451694892893],[-107.27974066762553,48.30416511882737]]]}"
00000000000000001797,3304,0,0,0,"{""type"":""Polygon"",""coordinates"":[[[-107.28006623575244,48.30395768151692],[-107.28000008380344,48.3039769062631],[-107.2798430872744,48.30406035308591],[-107.27974057052596,48.30416067110248],[-107.27974066762553,48.30416511882737],[-107.28001748717529,48.30451694892893],[-107.28002435146401,48.30452129063255],[-107.28015288224002,48.30425073453371],[-107.28006623575244,48.30395768151692]]]}"
0000000000000000179a,3305,0,0,0,"{""type"":""Polygon"",""coordinates"":[[[-107.28015288224002,48.30425073453371],[-107.28002435146401,48.30452129063255],[-107.2800812509169,48.30459603903316],[-107.28009497954842,48.30460472244271],[-107.28022670557459,48.30440562420622],[-107.2802241975768,48.30434760446519],[-107.28015288224002,48.30425073453371]]]}"
00000000000000001798,3306,0,0,0,"{""type"":""Polygon"",""coordinates"":[[[-107.28022670557459,48.30440562420622],[-107.28009497954842,48.30460472244271],[-107.28016585198598,48.30469265769467],[-107.28025599299131,48.30476234848236],[-107.28036437405841,48.3047914047685],[-107.28046573638538,48.30481175863979],[-107.28052570799811,48.30480609385066],[-107.28061857944363,48.3047864199858],[-107.28067820982446,48.30477180395441],[-107.28069801852124,48.3047669424583],[-107.28022670557459,48.30440562420622]]]}"
00000000000000001763,3307,0,0,0,"{""type"":""Polygon"",""coordinates"":[[[-107.28073360242394,48.304663497785825],[-107.28066297230326,48.30458006640448],[-107.28049621858058,48.30444493746706],[-107.2802241975768,48.30434760446519],[-107.28022670557459,48.30440562420622],[-107.28069801852124,48.3047669424583],[-107.2807643140039,48.30475223606067],[-107.28078456613609,48.30475630990955],[-107.28073360242394,48.304663497785825]]]}"
0000000000000000174d,3308,0,0,0,"{""type"":""Polygon"",""coordinates"":[[[-107.28025879335823,48.30392260559796],[-107.28016528171258,48.30392891158194],[-107.28006623575244,48.30395768151692],[-107.28015288224002,48.30425073453371],[-107.2802241975768,48.30434760446519],[-107.28049621858058,48.30444493746706],[-107.28025879335823,48.30392260559796]]]}"
0000000000000000178b,3309,0,0,0,"{""type"":""Polygon"",""coordinates"":[[[-107.2804596425705,48.303923124303545],[-107.28036534619595,48.30391154425524],[-107.28025879335823,48.30392260559796],[-107.28049621858058,48.30444493746706],[-107.28066297230326,48.30458006640448],[-107.2804596425705,48.303923124303545]]]}"
00000000000000001765,3310,0,0,0,"{""type"":""Polygon"",""coordinates"":[[[-107.28054026301207,48.30393039733916],[-107.2804596425705,48.303923124303545],[-107.28066297230326,48.30458006640448],[-107.28073360242394,48.304663497785825],[-107.28070302113375,48.303976339361164],[-107.28054026301207,48.30393039733916]]]}"
00000000000000001791,3311,0,0,0,"{""type"":""Polygon"",""coordinates"":[[[-107.28077495131335,48.30393915335788],[-107.28073685956407,48.303984577299886],[-107.28070302113375,48.303976339361164],[-107.28073360242394,48.304663497785825],[-107.28078456613609,48.30475630990955],[-107.2808719559908,48.304763476619165],[-107.2808420300959,48.303942333400926],[-107.28077495131335,48.30393915335788]]]}"
00000000000000001762,3312,0,0,0,"{""type"":""Polygon"",""coordinates"":[[[-107.28101759112899,48.30397455274145],[-107.28093574175269,48.30394045865949],[-107.2808420300959,48.303942333400926],[-107.2808719559908,48.304763476619165],[-107.28093237120888,48.30476674693931],[-107.2809390363364,48.30476665660421],[-107.28102445551741,48.30397889432673],[-107.28101759112899,48.30397455274145]]]}"
00000000000000001790,3313,0,0,0,"{""type"":""Polygon"",""coordinates"":[[[-107.28115027668679,48.30394958767126],[-107.28106495913897,48.303987041808504],[-107.28102445551741,48.30397889432673],[-107.2809390363364,48.30476665660421],[-107.28106570248845,48.30475514888606],[-107.28108533105859,48.304594039197426],[-107.28107051562665,48.30456305331391],[-107.28109042638678,48.3045581759752],[-107.28117018711684,48.30394471038073],[-107.28115027668679,48.30394958767126]],[[-107.28106320761886,48.30454977636241],[-107.2810363351217,48.30454586431416],[-107.28104359840358,48.30455906988166],[-107.28106320761886,48.30454977636241]]]}"
0000000000000000178d,3314,0,1,0,"{""type"":""MultiPolygon"",""coordinates"":[[[[-107.28117018711684,48.30394471038073],[-107.28109062578801,48.304562607945165],[-107.28111872674435,48.30459334174629],[-107.28115423795239,48.30463733673522],[-107.28121475045442,48.304645054628985],[-107.28130885481607,48.303901752764865],[-107.28117018711684,48.30394471038073]]],[[[-107.28114420205434,48.3047134239124],[-107.28112963064503,48.3046869413364],[-107.28111481513969,48.304655955407384],[-107.28110034591698,48.30462945707162],[-107.28109945888185,48.30461158640098],[-107.28108533105859,48.304594039197426],[-107.28106570248845,48.30475514888606],[-107.2811322421945,48.30474494560587],[-107.28113159926555,48.30473157826642],[-107.28115151012388,48.304726700897085],[-107.28114420205434,48.3047134239124]]]]}"
0000000000000000178a,3315,0,0,0,"{""type"":""Polygon"",""coordinates"":[[[-107.28130885481607,48.303901752764865],[-107.28121475045442,48.304645054628985],[-107.28128213243934,48.30465265055918],[-107.28135504833345,48.30463778204106],[-107.28144895055043,48.30389004829741],[-107.28130885481607,48.303901752764865]]]}"
000000000000000017a7,3316,0,0,0,"{""type"":""Polygon"",""coordinates"":[[[-107.28145171578132,48.304702862037004],[-107.28148021613868,48.30474245976646],[-107.28150822035306,48.304768745774595],[-107.28150896072691,48.304786560887266],[-107.2815557892293,48.30478566673696],[-107.28149577788987,48.30388915422094],[-107.28144895055043,48.30389004829741],[-107.28135504833345,48.30463778204106],[-107.28137475972514,48.30462847266046],[-107.28141447922886,48.304618733621226],[-107.28145171578132,48.304702862037004]],[[-107.28141447922886,48.304618733621226],[-107.28143453206518,48.304618375345854],[-107.28142080291059,48.30460969213876],[-107.28141447922886,48.304618733621226]]]}"
000000000000000017a0,3317,0,0,0,"{""type"":""Polygon"",""coordinates"":[[[-107.28160482993488,48.30408346131526],[-107.28150892116695,48.30388438301806],[-107.28149577788987,48.30388915422094],[-107.2815557892293,48.30478566673696],[-107.28157579747119,48.30478523704252],[-107.28175606030204,48.30477272803796],[-107.28160482993488,48.30408346131526]]]}"
000000000000000017a5,3318,0,0,0,"{""type"":""Polygon"",""coordinates"":[[[-107.28160482993488,48.30408346131526],[-107.28175606030204,48.30477272803796],[-107.28190302460314,48.30476536420719],[-107.28207469284983,48.3047128430294],[-107.2821073483239,48.30469433014556],[-107.28160482993488,48.30408346131526]]]}"
00000000000000001788,3319,0,0,0,"{""type"":""Polygon"",""coordinates"":[[[-107.28214588356967,48.304657840389574],[-107.28164738929134,48.3038369930578],[-107.28160114763449,48.30385134148134],[-107.28151558617726,48.303884292647425],[-107.28150892116695,48.30388438301806],[-107.28160482993488,48.30408346131526],[-107.2821073483239,48.30469433014556],[-107.28212705972369,48.304685020600466],[-107.2821535911295,48.30467998122146],[-107.28214588356967,48.304657840389574]]]}"
00000000000000001764,3320,0,0,0,"{""type"":""Polygon"",""coordinates"":[[[-107.28191330630514,48.30379598053801],[-107.28174001462666,48.303812815227694],[-107.28164738929134,48.3038369930578],[-107.28214588356967,48.304657840389574],[-107.28191330630514,48.30379598053801]]]}"
000000000000000017ab,3321,0,0,0,"{""type"":""Polygon"",""coordinates"":[[[-107.2820545868215,48.30381102516194],[-107.28192669377852,48.303795712572466],[-107.28191330630514,48.30379598053801],[-107.28214588356967,48.304657840389574],[-107.2821535911295,48.30467998122146],[-107.28227215158793,48.304637467138114],[-107.2820545868215,48.30381102516194]]]}"
0000000000000000175e,3322,0,0,0,"{""type"":""Polygon"",""coordinates"":[[[-107.28226751680157,48.304083702150564],[-107.28222705698575,48.3040756265682],[-107.28223521785641,48.30395935169367],[-107.28221156686052,48.30387938869783],[-107.28221136731828,48.303874956790786],[-107.28218796067054,48.30379949719807],[-107.2821419185264,48.303818277774525],[-107.2820545868215,48.30381102516194],[-107.28227215158793,48.304637467138114],[-107.28228553941634,48.30463719910931],[-107.28233766187348,48.304604873256615],[-107.28240494271603,48.30461248415228],[-107.28226751680157,48.304083702150564]]]}"
000000000000000017b1,3323,0,0,0,"{""type"":""GeometryCollection"",""geometries"":[{""type"":""LineString"",""coordinates"":[[-107.28221158816093,48.30387938852185],[-107.28223483805006,48.30395038668906],[-107.2822352361214,48.30395931125547]]},{""type"":""Polygon"",""coordinates"":[[[-107.2821945809989,48.30379933539585],[-107.28218796067054,48.30379949719807],[-107.28221136731828,48.303874956790786],[-107.2822089535152,48.30382138544864],[-107.2821945809989,48.30379933539585]]]},{""type"":""Polygon"",""coordinates"":[[[-107.28239378293914,48.30406332900718],[-107.28235372217718,48.30406411732583],[-107.28228114869447,48.30408793743851],[-107.28226751680157,48.304083702150564],[-107.28240494271603,48.30461248415228],[-107.28254642685685,48.304631960150104],[-107.28239378293914,48.30406332900718]]]}]}"
00000000000000001729,3324,0,0,0,"{""type"":""MultiPolygon"",""coordinates"":[[[[-107.28242587392597,48.303732197966866],[-107.2824125885456,48.30373245021893],[-107.28239390751793,48.303764149055276],[-107.28244256331377,48.30380337152929],[-107.2824491836605,48.30380320970905],[-107.28242587392597,48.303732197966866]]],[[[-107.2825199516779,48.30403850800137],[-107.28246052157691,48.30405755687686],[-107.28244026925582,48.30405348343971],[-107.28239378293914,48.30406332900718],[-107.28254642685685,48.304631960150104],[-107.28255309207614,48.30463186970092],[-107.28269961305362,48.30461556933756],[-107.2825199516779,48.30403850800137]]]]}"
00000000000000001725,3325,0,0,0,"{""type"":""MultiPolygon"",""coordinates"":[[[[-107.28254616211488,48.303725353664035],[-107.28242587392597,48.303732197966866],[-107.2824491836605,48.30380320970905],[-107.28250273387964,48.30380213752854],[-107.28256186183786,48.303778672616055],[-107.28254616211488,48.303725353664035]]],[[[-107.28264666178103,48.30402706975973],[-107.28257947920041,48.30402390679798],[-107.2825199516779,48.30403850800137],[-107.28269961305362,48.30461556933756],[-107.2827596876423,48.304609887369026],[-107.28284559272339,48.30458588569295],[-107.28264666178103,48.30402706975973]]]]}"
0000000000000000179d,3326,0,0,0,"{""type"":""MultiPolygon"",""coordinates"":[[[[-107.28277934884387,48.30400210237656],[-107.28264666178103,48.30402706975973],[-107.28284559272339,48.30458588569295],[-107.28291164427084,48.3045666745074],[-107.28297186109359,48.30456551154046],[-107.28277934884387,48.30400210237656]]],[[[-107.28267929191465,48.30370932175527],[-107.28263957318029,48.30371906113118],[-107.28254616211488,48.303725353664035],[-107.28256186183786,48.303778672616055],[-107.28257510723469,48.30377388549364],[-107.28265710143273,48.30381249707158],[-107.28271040746323,48.303806921489354],[-107.28267929191465,48.30370932175527]]]]}"
000000000000000017cb,3327,0,0,0,"{""type"":""GeometryCollection"",""geometries"":[{""type"":""LineString"",""coordinates"":[[-107.28268698454804,48.30373149606894],[-107.2826865864617,48.303722572862064]]},{""type"":""Polygon"",""coordinates"":[[[-107.28287371312587,48.30386624244749],[-107.28286076945214,48.30387544573929],[-107.28282060655312,48.303876250034214],[-107.28282144973548,48.303894049036025],[-107.28282179154347,48.303903000015396],[-107.28282223549314,48.30391193521183],[-107.28285118118333,48.303960467114315],[-107.28285196695371,48.30397835331192],[-107.28279273651471,48.304001834284264],[-107.28277934884387,48.30400210237656],[-107.28297186109359,48.30456551154046],[-107.28310529618132,48.30455389487324],[-107.28287371312587,48.30386624244749]]]},{""type"":""Polygon"",""coordinates"":[[[-107.28281163603718,48.30367540356257],[-107.28267929191465,48.30370932175527],[-107.2826865864617,48.303722572862064],[-107.28268660049747,48.30372259835913],[-107.28270018765684,48.303726762175835],[-107.28268699969964,48.3037314621432],[-107.28271040746323,48.303806921489354],[-107.28276400255297,48.303805920542736],[-107.28279087522203,48.303809832048834],[-107.28277126647154,48.30381912577948],[-107.28278519548759,48.303832240558116],[-107.28281819185462,48.30382267872878],[-107.28283083841835,48.30380459587153],[-107.28285859903295,48.303826377719886],[-107.28281163603718,48.30367540356257]],[[-107.28271367268012,48.30373094177507],[-107.28272098128151,48.30374421838125],[-107.28274069213329,48.30373490889069],[-107.28271367268012,48.30373094177507]]]}]}"
00000000000000001724,3328,0,0,0,"{""type"":""Polygon"",""coordinates"":[[[-107.28296492072043,48.30365899693051],[-107.28283801191394,48.30366600360309],[-107.28281163603718,48.30367540356257],[-107.28285859903295,48.303826377719886],[-107.28286541903478,48.30383064776967],[-107.28289885937872,48.303830021094676],[-107.2828997473178,48.303847891462745],[-107.28287371312587,48.30386624244749],[-107.28310529618132,48.30455389487324],[-107.28317865665795,48.30454796028467],[-107.28321842111743,48.30453829189254],[-107.28296492072043,48.30365899693051]]]}"
000000000000000017ca,3329,0,0,0,"{""type"":""Polygon"",""coordinates"":[[[-107.28309849474068,48.30365189960597],[-107.28308530680292,48.30365659962091],[-107.28300508344543,48.30365819258295],[-107.28296492072043,48.30365899693051],[-107.28321842111743,48.30453829189254],[-107.28329766091862,48.30451438034123],[-107.28335111050379,48.30451332342033],[-107.28309849474068,48.30365189960597]]]}"
00000000000000001726,3330,0,0,0,"{""type"":""Polygon"",""coordinates"":[[[-107.28321398745814,48.3036897966785],[-107.28313767193801,48.303628777238515],[-107.28313134874502,48.30363781865458],[-107.28309849474068,48.30365189960597],[-107.28335111050379,48.30451332342033],[-107.28339147400077,48.304516950825],[-107.28351798701748,48.30450107931186],[-107.28321398745814,48.3036897966785]]]}"
000000000000000017c7,3331,0,0,0,"{""type"":""Polygon"",""coordinates"":[[[-107.2833381744821,48.303772151970406],[-107.2833377304039,48.30376321680315],[-107.28321398745814,48.3036897966785],[-107.28351798701748,48.30450107931186],[-107.28357129442948,48.30449550314459],[-107.28371010748054,48.304457060656695],[-107.2833381744821,48.303772151970406]]]}"
000000000000000017e5,3332,0,0,0,"{""type"":""Polygon"",""coordinates"":[[[-107.2833381744821,48.303772151970406],[-107.28371010748054,48.304457060656695],[-107.28372349544793,48.30445679242487],[-107.28382971087109,48.304436775949085],[-107.28396818174737,48.304389382080785],[-107.28402030334674,48.3043570554877],[-107.2833381744821,48.303772151970406]]]}"
000000000000000016fc,3333,0,0,0,"{""type"":""Polygon"",""coordinates"":[[[-107.28338540198442,48.30378012073991],[-107.2833377304039,48.30376321680315],[-107.2833381744821,48.303772151970406],[-107.28402030334674,48.3043570554877],[-107.28410522207278,48.30431073457871],[-107.28410448041764,48.30429291967817],[-107.28409010631812,48.30427086975335],[-107.28410206386664,48.30423934803166],[-107.2841017217503,48.30423039700798],[-107.28411347950262,48.30419444338553],[-107.28411249334815,48.30417212521892],[-107.28411106293018,48.30414087183914],[-107.28338540198442,48.30378012073991]]]}"
000000000000000016fe,3334,0,0,0,"{""type"":""Polygon"",""coordinates"":[[[-107.28338540198442,48.30378012073991],[-107.28411106293018,48.30414087183914],[-107.28411694178689,48.304122895055286],[-107.28410824681383,48.304078436517834],[-107.28410770492194,48.304065053608234],[-107.28410627450295,48.304033800291414],[-107.28414525216357,48.30400624543254],[-107.28421110314844,48.30398260167705],[-107.2842380786723,48.30398649698727],[-107.28429730912582,48.303963015130165],[-107.28338540198442,48.30378012073991]]]}"
0000000000000000171b,3335,0,0,0,"{""type"":""Polygon"",""coordinates"":[[[-107.28315649464109,48.30360159739917],[-107.28313767193801,48.303628777238515],[-107.28321398745814,48.3036897966785],[-107.2833377304039,48.30376321680315],[-107.28338540198442,48.30378012073991],[-107.28429730912582,48.303963015130165],[-107.28430372983375,48.30395842127441],[-107.28435663720171,48.303943980935365],[-107.28441651173888,48.30393386610796],[-107.28315649464109,48.30360159739917]]]}"
0000000000000000171c,3336,0,0,0,"{""type"":""Polygon"",""coordinates"":[[[-107.2841485738495,48.30378282827763],[-107.28323178980956,48.3034884147116],[-107.28319458401597,48.30355617288552],[-107.28315649464109,48.30360159739917],[-107.28441651173888,48.30393386610796],[-107.28442945527321,48.30392466259995],[-107.2841485738495,48.30378282827763]]]}"
0000000000000000171d,3337,0,0,0,"{""type"":""Polygon"",""coordinates"":[[[-107.28347701968816,48.30328257766622],[-107.28335914740042,48.30334299380106],[-107.28325649145728,48.303443258422305],[-107.28323178980956,48.3034884147116],[-107.2841485738495,48.30378282827763],[-107.28347701968816,48.30328257766622]]]}"
00000000000000001715,3338,0,0,0,"{""type"":""Polygon"",""coordinates"":[[[-107.28358772512763,48.303213404071506],[-107.28353536068504,48.303241226464046],[-107.2834899630762,48.30327337440138],[-107.28347701968816,48.30328257766622],[-107.2841485738495,48.30378282827763],[-107.28442945527321,48.30392466259995],[-107.28444892163718,48.30391084944476],[-107.28446853038514,48.30390155535568],[-107.28358772512763,48.303213404071506]]]}"
00000000000000001719,3339,0,0,0,"{""type"":""Polygon"",""coordinates"":[[[-107.28428922037601,48.30363268941178],[-107.28370525032291,48.30314850038085],[-107.28358772512763,48.303213404071506],[-107.28446853038514,48.30390155535568],[-107.28428922037601,48.30363268941178]]]}"
0000000000000000171a,3340,0,0,0,"{""type"":""Polygon"",""coordinates"":[[[-107.2841415438854,48.3030237625431],[-107.2840014480928,48.30303547074792],[-107.28382958714104,48.30308356169891],[-107.28370525032291,48.30314850038085],[-107.28428922037601,48.30363268941178],[-107.2841415438854,48.3030237625431]]]}"
00000000000000001720,3341,0,0,0,"{""type"":""Polygon"",""coordinates"":[[[-107.28427467281635,48.303007728657185],[-107.28425462024428,48.30300808750786],[-107.2841549313961,48.30302349426997],[-107.2841415438854,48.3030237625431],[-107.28428922037601,48.30363268941178],[-107.28446853038514,48.30390155535568],[-107.28448182058416,48.30389683933993],[-107.28448844108918,48.30389667737485],[-107.28427467281635,48.303007728657185]]]}"
0000000000000000171f,3342,0,0,0,"{""type"":""Polygon"",""coordinates"":[[[-107.28441496866004,48.30300045187622],[-107.28440158112073,48.3030007201862],[-107.28427467281635,48.303007728657185],[-107.28448844108918,48.30389667737485],[-107.2845482134579,48.30388657826127],[-107.28461352217967,48.30384955143979],[-107.28441496866004,48.30300045187622]]]}"
00000000000000001716,3343,0,0,0,"{""type"":""Polygon"",""coordinates"":[[[-107.28457453065258,48.30297493014301],[-107.28452760079554,48.30297584150039],[-107.28444174374407,48.30299991525054],[-107.28441496866004,48.30300045187622],[-107.28461352217967,48.30384955143979],[-107.28463985353666,48.303840079567095],[-107.28471222706612,48.30381182589746],[-107.28457453065258,48.30297493014301]]]}"
000000000000000016f6,3344,0,0,0,"{""type"":""Polygon"",""coordinates"":[[[-107.28470810428665,48.302967830681524],[-107.28457453065258,48.30297493014301],[-107.28471222706612,48.30381182589746],[-107.28473193789362,48.303802515987094],[-107.28484242012239,48.30297854546935],[-107.28470810428665,48.302967830681524]]]}"
0000000000000000171e,3345,0,0,0,"{""type"":""Polygon"",""coordinates"":[[[-107.28486939518358,48.30298244054037],[-107.28484242012239,48.30297854546935],[-107.28473193789362,48.303802515987094],[-107.28479116805529,48.303779033914225],[-107.28487040656161,48.3037551214403],[-107.28497653635176,48.302984828246146],[-107.28486939518358,48.30298244054037]]]}"
00000000000000001704,3346,0,0,0,"{""type"":""Polygon"",""coordinates"":[[[-107.28519162312692,48.30300286716932],[-107.28508373508075,48.30298712866119],[-107.28497653635176,48.302984828246146],[-107.28487040656161,48.3037551214403],[-107.28492351361837,48.30374511273091],[-107.28523212850129,48.303011012699834],[-107.28519162312692,48.30300286716932]]]}"
00000000000000001700,3347,0,0,0,"{""type"":""Polygon"",""coordinates"":[[[-107.28531344142397,48.303031719743956],[-107.28523212850129,48.303011012699834],[-107.28492351361837,48.30374511273091],[-107.28503717982312,48.30374289068227],[-107.28507023377693,48.30373324092227],[-107.28536056732322,48.30303970320447],[-107.28531344142397,48.303031719743956]]]}"
00000000000000001703,3348,0,0,0,"{""type"":""Polygon"",""coordinates"":[[[-107.28546821130348,48.30305093819965],[-107.28536056732322,48.30303970320447],[-107.28507023377693,48.30373324092227],[-107.28508994454957,48.303723930953616],[-107.28519654583141,48.30371293558116],[-107.2855227492065,48.30307218199306],[-107.28546821130348,48.30305093819965]]]}"
000000000000000016fb,3349,0,0,0,"{""type"":""Polygon"",""coordinates"":[[[-107.28561779293366,48.303101571134384],[-107.2855227492065,48.30307218199306],[-107.28519654583141,48.30371293558116],[-107.28521655426358,48.30371250513226],[-107.28531530354483,48.303674850457924],[-107.28536218995686,48.30367386728937],[-107.28565143356481,48.303105375326254],[-107.28561779293366,48.303101571134384]]]}"
000000000000000016fa,3350,0,0,0,"{""type"":""Polygon"",""coordinates"":[[[-107.28572558003437,48.303117324833586],[-107.28565143356481,48.303105375326254],[-107.28536218995686,48.30367386728937],[-107.28540225157614,48.30367307770014],[-107.28545757733475,48.30371220781366],[-107.2858408324957,48.30315071504434],[-107.28584063250709,48.30314628321697],[-107.28572558003437,48.303117324833586]]]}"
000000000000000016ff,3351,0,0,0,"{""type"":""Polygon"",""coordinates"":[[[-107.2858625174415,48.30318604041274],[-107.28585520755014,48.30317276421786],[-107.2858408324957,48.30315071504434],[-107.28545757733475,48.30371220781366],[-107.28546439781341,48.30371647765765],[-107.28551211615775,48.30373345185433],[-107.28556675288287,48.303759143537164],[-107.28590727473824,48.30328787261352],[-107.28590683002282,48.303278937555774],[-107.2858625174415,48.30318604041274]]]}"
00000000000000001718,3352,0,0,0,"{""type"":""GeometryCollection"",""geometries"":[{""type"":""LineString"",""coordinates"":[[-107.28590742863761,48.3032923372579],[-107.28590722928651,48.30328787498562]]},{""type"":""Polygon"",""coordinates"":[[[-107.28556675288287,48.303759143537164],[-107.28562074944776,48.303767004717955],[-107.28565468845615,48.30377968849026],[-107.28573560369418,48.303791531655065],[-107.28589314529461,48.30342213845168],[-107.28590737259175,48.30329232023994],[-107.28556675288287,48.303759143537164]]]}]}"
000000000000000017e2,3353,0,0,0,"{""type"":""Polygon"",""coordinates"":[[[-107.28589314529461,48.30342213845168],[-107.28573560369418,48.303791531655065],[-107.2859374070934,48.303814285190846],[-107.28596398319884,48.30380931622451],[-107.28589314529461,48.30342213845168]]]}"
00000000000000001723,3354,0,0,0,"{""type"":""Polygon"",""coordinates"":[[[-107.28590737259175,48.30329232023994],[-107.28589314529461,48.30342213845168],[-107.28596398319884,48.30380931622451],[-107.28599728204188,48.30380416939243],[-107.2860499447892,48.303785224898235],[-107.28607672090462,48.30378468778274],[-107.28614355908098,48.30378336074855],[-107.28590737259175,48.30329232023994]]]}"
000000000000000017e9,3355,0,0,0,"{""type"":""Polygon"",""coordinates"":[[[-107.28590737259175,48.30329232023994],[-107.28614355908098,48.30378336074855],[-107.28615719189813,48.30378759543905],[-107.28624863131367,48.303736663437924],[-107.28630075127718,48.30370433604633],[-107.28590737259175,48.30329232023994]]]}"
000000000000000017fa,3356,0,0,0,"{""type"":""Polygon"",""coordinates"":[[[-107.2859819644558,48.30331320463624],[-107.28590683002282,48.303278937555774],[-107.28590727473824,48.30328787261352],[-107.28590737259175,48.30329232023994],[-107.28630075127718,48.30370433604633],[-107.28630717183255,48.303699742082905],[-107.28632643773472,48.3036814967467],[-107.28635321385366,48.30368095955508],[-107.28645270596576,48.30366111836932],[-107.28647948210585,48.30366058114217],[-107.2859819644558,48.30331320463624]]]}"
000000000000000017f5,3357,0,0,0,"{""type"":""Polygon"",""coordinates"":[[[-107.2859819644558,48.30331320463624],[-107.28647948210585,48.30366058114217],[-107.28649287017858,48.303660312525736],[-107.28655773308397,48.30361434945668],[-107.28657843142747,48.303627357070674],[-107.28659789729082,48.30361354357005],[-107.28661642016121,48.30357748359893],[-107.28663568590818,48.30355923824663],[-107.2859819644558,48.30331320463624]]]}"
000000000000000017e6,3358,0,0,0,"{""type"":""Polygon"",""coordinates"":[[[-107.2858625174415,48.30318604041274],[-107.28590683002282,48.303278937555774],[-107.2859819644558,48.30331320463624],[-107.28663568590818,48.30355923824663],[-107.28664862907232,48.30355003451391],[-107.28666157223167,48.30354083078117],[-107.28668716050143,48.30351354381932],[-107.28672667964625,48.30349937094242],[-107.28672589196161,48.30348148498639],[-107.2858625174415,48.30318604041274]]]}"
000000000000000017eb,3359,0,0,0,"{""type"":""Polygon"",""coordinates"":[[[-107.2867083527448,48.30338805064906],[-107.28667915632236,48.30333501736251],[-107.28585520755014,48.30317276421786],[-107.2858625174415,48.30318604041274],[-107.28672589196161,48.30348148498639],[-107.28672524695365,48.303468118055186],[-107.28672307130185,48.30341905063226],[-107.2867083527448,48.30338805064906]]]}"
000000000000000017f1,3360,0,0,0,"{""type"":""Polygon"",""coordinates"":[[[-107.28616187844017,48.303144388832216],[-107.28586662082816,48.3031278603251],[-107.28584749768534,48.303150624369856],[-107.2858408324957,48.30315071504434],[-107.28585520755014,48.30317276421786],[-107.28667915632236,48.30333501736251],[-107.28666458050601,48.303308536425334],[-107.2866769807223,48.30328595006019],[-107.28670864647177,48.30324511844949],[-107.28616187844017,48.303144388832216]]]}"
000000000000000016f8,3361,0,0,0,"{""type"":""Polygon"",""coordinates"":[[[-107.28688954613942,48.3030986191904],[-107.28616187844017,48.303144388832216],[-107.28670864647177,48.30324511844949],[-107.28672771190801,48.303222441369186],[-107.2867374914468,48.303141852834834],[-107.28678427574725,48.30314088476965],[-107.28680432893204,48.303140525374474],[-107.28684404778276,48.303130784379704],[-107.28695070632385,48.30311970001846],[-107.28688954613942,48.3030986191904]]]}"
000000000000000016f9,3362,0,0,0,"{""type"":""Polygon"",""coordinates"":[[[-107.2868420720558,48.303086149092664],[-107.28682008791517,48.303041944624255],[-107.28681213257772,48.30301530173274],[-107.28585085854195,48.303074629865485],[-107.28586662082816,48.3031278603251],[-107.28616187844017,48.303144388832216],[-107.28688954613942,48.3030986191904],[-107.2868420720558,48.303086149092664]]]}"
000000000000000016f7,3363,0,0,0,"{""type"":""Polygon"",""coordinates"":[[[-107.28678100527341,48.3029177050805],[-107.28677389512546,48.30290886083405],[-107.28583529628462,48.30302583127258],[-107.28584354867355,48.30306135369699],[-107.28585085854195,48.303074629865485],[-107.28681213257772,48.30301530173274],[-107.28678100527341,48.3029177050805]]]}"
000000000000000016fd,3364,0,0,0,"{""type"":""Polygon"",""coordinates"":[[[-107.28675265415526,48.302882470860155],[-107.28676322119904,48.30281976857057],[-107.28581795956784,48.30293682932026],[-107.28582581195147,48.30296348806269],[-107.28583529628462,48.30302583127258],[-107.28677389512546,48.30290886083405],[-107.28675265415526,48.302882470860155]]]}"
00000000000000001701,3365,0,0,0,"{""type"":""Polygon"",""coordinates"":[[[-107.28682002911435,48.302742715755954],[-107.28577197096081,48.302808177004195],[-107.2857724156491,48.302817111984055],[-107.28581795956784,48.30293682932026],[-107.28676322119904,48.30281976857057],[-107.28676243347722,48.30280188284471],[-107.28680219667461,48.302792213319],[-107.28680175173307,48.302783278354525],[-107.28684779257355,48.302764495943734],[-107.28682002911435,48.302742715755954]]]}"
00000000000000001702,3366,0,0,0,"{""type"":""Polygon"",""coordinates"":[[[-107.28677166984112,48.30270791242504],[-107.28676983686226,48.30266779644077],[-107.28578688760823,48.30269179844013],[-107.28577197096081,48.302808177004195],[-107.28682002911435,48.302742715755954],[-107.28677166984112,48.30270791242504]]]}"
000000000000000016f3,3367,0,0,0,"{""type"":""Polygon"",""coordinates"":[[[-107.28576955109051,48.3026027970339],[-107.28579222292093,48.302660439540055],[-107.28578688760823,48.30269179844013],[-107.28676983686226,48.30266779644077],[-107.28676079582436,48.30261438872],[-107.28680051409017,48.30260464785457],[-107.28679932612586,48.302577898651954],[-107.28576955109051,48.3026027970339]]]}"
000000000000000016df,3368,0,0,0,"{""type"":""Polygon"",""coordinates"":[[[-107.28679201592057,48.302564622688365],[-107.28676469758415,48.30255177748603],[-107.28674834639189,48.30248509393313],[-107.28576594474299,48.30252247799328],[-107.28576184136759,48.30258065741305],[-107.28576955109051,48.3026027970339],[-107.28679932612586,48.302577898651954],[-107.28679201592057,48.302564622688365]]]}"
000000000000000016f2,3369,0,0,0,"{""type"":""Polygon"",""coordinates"":[[[-107.28673406884967,48.30246749274395],[-107.28673332585731,48.302449678515984],[-107.2866908444854,48.302396899000655],[-107.28576189370277,48.302433224157326],[-107.28576984811167,48.3024598668673],[-107.28576594474299,48.30252247799328],[-107.28674834639189,48.30248509393313],[-107.28674790145966,48.30247615901986],[-107.28673406884967,48.30246749274395]]]}"
000000000000000016e5,3370,0,0,0,"{""type"":""Polygon"",""coordinates"":[[[-107.28667582404232,48.30236148363102],[-107.28664826110659,48.302344135303635],[-107.28663433063056,48.30233102148971],[-107.28663235510408,48.302286386865525],[-107.28575462869887,48.302420019518905],[-107.28576189370277,48.302433224157326],[-107.2866908444854,48.302396899000655],[-107.28667582404232,48.30236148363102]]]}"
000000000000000016e7,3371,0,0,0,"{""type"":""Polygon"",""coordinates"":[[[-107.28663007734626,48.30223733631952],[-107.28660098393668,48.302184288348364],[-107.28573926675224,48.30237565326669],[-107.28575462869887,48.302420019518905],[-107.28663235510408,48.302286386865525],[-107.28663877537889,48.302281793009726],[-107.28663007734626,48.30223733631952]]]}"
000000000000000016e6,3372,0,0,0,"{""type"":""Polygon"",""coordinates"":[[[-107.28569535547236,48.30229162110457],[-107.28573121453847,48.302344563047605],[-107.28573926675224,48.30237565326669],[-107.28660098393668,48.302184288348364],[-107.28660058376131,48.30217542486351],[-107.28661273874457,48.302148335880034],[-107.28662330567177,48.30208563447568],[-107.28662316299555,48.302081115574374],[-107.28569535547236,48.30229162110457]],[[-107.28612946912602,48.302269618676135],[-107.2861094612802,48.30227004928861],[-107.28611652638706,48.30227882210619],[-107.28612946912602,48.302269618676135]]]}"
000000000000000016ef,3373,0,0,0,"{""type"":""Polygon"",""coordinates"":[[[-107.28653991947496,48.30201584698493],[-107.28653947458795,48.30200691214851],[-107.2856444241669,48.30219888758609],[-107.28564452199919,48.30220333512211],[-107.28566685089328,48.30225202656029],[-107.28569535547236,48.30229162110457],[-107.28662316299555,48.302081115574374],[-107.28653991947496,48.30201584698493]]]}"
000000000000000016f0,3374,0,0,0,"{""type"":""Polygon"",""coordinates"":[[[-107.28652356886448,48.301949164052054],[-107.28651547125529,48.30191800278643],[-107.28571980839664,48.30209015368714],[-107.28565672228396,48.302176317610495],[-107.2856444241669,48.30219888758609],[-107.28653947458795,48.30200691214851],[-107.28653893175851,48.30199352979846],[-107.28652356886448,48.301949164052054]]]}"
000000000000000016ec,3375,0,0,0,"{""type"":""Polygon"",""coordinates"":[[[-107.28650657334435,48.30186911466747],[-107.28645910112166,48.30185664462202],[-107.28644492611215,48.30183902780056],[-107.28578195170915,48.30198174404747],[-107.28575028648793,48.30202257436784],[-107.28571980839664,48.30209015368714],[-107.28651547125529,48.30191800278643],[-107.28650657334435,48.30186911466747]]]}"
000000000000000016f1,3376,0,0,0,"{""type"":""Polygon"",""coordinates"":[[[-107.28640935567168,48.301790661119],[-107.28638179333868,48.30177331288637],[-107.28635423103904,48.30175596465066],[-107.28635403097844,48.30175153294259],[-107.28581884984766,48.30190957108341],[-107.285806107204,48.30192320613149],[-107.28578195170915,48.30198174404747],[-107.28644492611215,48.30183902780056],[-107.28640935567168,48.301790661119]]]}"
000000000000000016ed,3377,0,0,0,"{""type"":""Polygon"",""coordinates"":[[[-107.28634943562383,48.3016488982007],[-107.28633530547619,48.301631352807206],[-107.28628141352738,48.301623476494036],[-107.28583104991077,48.30188255370474],[-107.28581850727463,48.301900620470114],[-107.28581884984766,48.30190957108341],[-107.28635403097844,48.30175153294259],[-107.28633921116987,48.30172054964132],[-107.28631841604115,48.3017030949225],[-107.2863242934664,48.30168511886512],[-107.28632384862811,48.30167618408212],[-107.2863769978454,48.301666246404785],[-107.28634943562383,48.3016488982007]]]}"
000000000000000016e9,3378,0,0,0,"{""type"":""Polygon"",""coordinates"":[[[-107.28624070888385,48.30161089990217],[-107.28619323721234,48.30159842977199],[-107.28613163559902,48.301568414213406],[-107.28615717787595,48.30154105705977],[-107.2862567661611,48.30152120124055],[-107.28624199124492,48.301490289432955],[-107.28621595950825,48.30150864044646],[-107.28614848054904,48.30149660092825],[-107.28612867315164,48.301501463215885],[-107.28584320523339,48.301855464959445],[-107.28583104991077,48.30188255370474],[-107.28628141352738,48.301623476494036],[-107.28624070888385,48.30161089990217]]]}"
000000000000000016eb,3379,0,0,0,"{""type"":""Polygon"",""coordinates"":[[[-107.28608891149422,48.30151113218871],[-107.28602187743357,48.301508027333774],[-107.28599530299766,48.30151299605845],[-107.28594827640838,48.301509460579],[-107.28588830737576,48.3015151283362],[-107.28588158506209,48.301515306169044],[-107.28584320523339,48.301855464959445],[-107.28612867315164,48.301501463215885],[-107.28608891149422,48.30151113218871]]]}"
000000000000000016ea,3380,0,0,0,"{""type"":""Polygon"",""coordinates"":[[[-107.28581410645087,48.301503266405604],[-107.28567999415405,48.301496984873765],[-107.28567347183788,48.30150159438182],[-107.28581850727463,48.301900620470114],[-107.28583104991077,48.30188255370474],[-107.28584320523339,48.301855464959445],[-107.28588158506209,48.301515306169044],[-107.28581410645087,48.301503266405604]]]}"
000000000000000016e0,3381,0,0,0,"{""type"":""Polygon"",""coordinates"":[[[-107.28567347183788,48.30150159438182],[-107.28566714949925,48.30151063558095],[-107.28550705024969,48.301522776046745],[-107.28547439818571,48.30154128889409],[-107.285806107204,48.30192320613149],[-107.28581884984766,48.30190957108341],[-107.28581850727463,48.301900620470114],[-107.28567347183788,48.30150159438182]]]}"
000000000000000016e1,3382,0,0,0,"{""type"":""Polygon"",""coordinates"":[[[-107.28547439818571,48.30154128889409],[-107.2854417461001,48.30155980173735],[-107.28541537166832,48.30156920200223],[-107.28537022159249,48.301605852822775],[-107.28575028648793,48.30202257436784],[-107.28578195170915,48.30198174404747],[-107.285806107204,48.30192320613149],[-107.28547439818571,48.30154128889409]]]}"
000000000000000016e2,3383,0,0,0,"{""type"":""Polygon"",""coordinates"":[[[-107.28537022159249,48.301605852822775],[-107.28532472465218,48.30163801635233],[-107.28527834283351,48.30164784702163],[-107.28565672228396,48.302176317610495],[-107.28571980839664,48.30209015368714],[-107.28575028648793,48.30202257436784],[-107.28537022159249,48.301605852822775]]]}"
000000000000000016de,3384,0,0,0,"{""type"":""Polygon"",""coordinates"":[[[-107.28527834283351,48.30164784702163],[-107.28523200573463,48.301657749049724],[-107.28515232720646,48.30167272596748],[-107.28553164691894,48.3022234432738],[-107.28553841405862,48.30222333684038],[-107.28559141695817,48.30221334388839],[-107.28564452199919,48.30220333512211],[-107.2856444241669,48.30219888758609],[-107.28565672228396,48.302176317610495],[-107.28527834283351,48.30164784702163]]]}"
000000000000000016e8,3385,0,0,0,"{""type"":""Polygon"",""coordinates"":[[[-107.28515232720646,48.30167272596748],[-107.28511903050185,48.301677872245875],[-107.2850535834731,48.301710378913896],[-107.28522172386563,48.30202863968561],[-107.28524173139343,48.30202820926806],[-107.28522878865276,48.302037412536706],[-107.28523629800989,48.30205512024583],[-107.28525635027621,48.302054761204445],[-107.285243362806,48.30206389310001],[-107.28536705369339,48.30228474078937],[-107.28546614152253,48.30225603774775],[-107.28553164691894,48.3022234432738],[-107.28515232720646,48.30167272596748]]]}"
000000000000000016e3,3386,0,0,0,"{""type"":""Polygon"",""coordinates"":[[[-107.285243362806,48.30206389310001],[-107.28523042005216,48.3020730963754],[-107.28522271077458,48.302050956920844],[-107.28523629800989,48.30205512024583],[-107.28522878865276,48.302037412536706],[-107.28521584590732,48.30204661580533],[-107.28520809192254,48.30202440498046],[-107.28522172386563,48.30202863968561],[-107.2850535834731,48.301710378913896],[-107.2849812141889,48.30173863161498],[-107.28494767285424,48.30173927474707],[-107.28517409877877,48.30231096227976],[-107.28530742613773,48.302299358975084],[-107.28536705369339,48.30228474078937],[-107.285243362806,48.30206389310001]]]}"
000000000000000016f4,3387,0,0,0,"{""type"":""Polygon"",""coordinates"":[[[-107.28494767285424,48.30173927474707],[-107.28490089123338,48.301740241824305],[-107.28482892164558,48.30177735786269],[-107.28502857082594,48.30234958291755],[-107.28514090362653,48.30231609285606],[-107.28517409877877,48.30231096227976],[-107.28494767285424,48.30173927474707]]]}"
000000000000000016f5,3388,0,0,0,"{""type"":""Polygon"",""coordinates"":[[[-107.28482892164558,48.30177735786269],[-107.2847960693824,48.301791438857165],[-107.28474217845573,48.30178356163078],[-107.28474131760056,48.30236422839379],[-107.28478834451664,48.30236776451275],[-107.28500199593732,48.302354551457654],[-107.28502857082594,48.30234958291755],[-107.28482892164558,48.30177735786269]]]}"
000000000000000016ee,3389,0,0,0,"{""type"":""MultiPolygon"",""coordinates"":[[[[-107.2846077052319,48.302219447436634],[-107.28460142728837,48.30222856007651],[-107.28461437016556,48.30221935685579],[-107.2846077052319,48.302219447436634]]],[[[-107.28461437016556,48.30221935685579],[-107.28462795730023,48.302223520282574],[-107.28462232361922,48.30224599957771],[-107.28460162713259,48.30223299183352],[-107.28460261365477,48.30225530917082],[-107.28462286574053,48.30225938202015],[-107.2846030580629,48.30226424407015],[-107.28460700414958,48.30235351352811],[-107.2846674183116,48.30235678137765],[-107.28474131760056,48.30236422839379],[-107.28474217845573,48.30178356163078],[-107.28470853944242,48.30177975717418],[-107.28463518347482,48.301785692507345],[-107.28460154451066,48.30178188801188],[-107.28460434596141,48.302143631998405],[-107.2846106686076,48.30213459075364],[-107.28464426317223,48.30213832388278],[-107.28461239710413,48.30217472222146],[-107.28460567476019,48.30217489996797],[-107.28460706097701,48.3022060807898],[-107.28461437016556,48.30221935685579]],[[-107.28465813596904,48.30229887054592],[-107.28466520062348,48.30230764348647],[-107.28468500833044,48.30230278141895],[-107.28465813596904,48.30229887054592]]]]}"
00000000000000001705,3390,0,0,0,"{""type"":""Polygon"",""coordinates"":[[[-107.28446733109286,48.301775620513865],[-107.28446805629491,48.3022400909778],[-107.28448158597958,48.302244341593855],[-107.28446904273507,48.30226240832153],[-107.28447081578702,48.30230261127324],[-107.28452456481973,48.302305969785486],[-107.28447145999,48.30231597794662],[-107.28446666578147,48.30236071906456],[-107.28449344041786,48.30236018244228],[-107.28449996295656,48.30235557293418],[-107.28451270605913,48.30234193793669],[-107.28455997736373,48.30234997731801],[-107.28460700414958,48.30235351352811],[-107.2846030580629,48.30226424407015],[-107.28451730037635,48.30229276507092],[-107.28450954683356,48.3022705540755],[-107.28452959906107,48.30227019518534],[-107.28454970871138,48.302269749124655],[-107.28453533493591,48.30224770009831],[-107.28460261365477,48.30225530917082],[-107.28460162713259,48.30223299183352],[-107.28460142728837,48.30222856007651],[-107.2846077052319,48.302219447436634],[-107.28455395626632,48.30221608897469],[-107.28456655688198,48.30219793508676],[-107.28460044076598,48.302206242750444],[-107.28460706097701,48.3022060807898],[-107.28460567476019,48.30217489996797],[-107.28457243514364,48.302179958947846],[-107.28455786154086,48.30215347821092],[-107.28460434596141,48.302143631998405],[-107.28460154451066,48.30178188801188],[-107.28446733109286,48.301775620513865]],[[-107.28454773573264,48.30222511444454],[-107.28453414861856,48.30222095100576],[-107.28454165761437,48.30223865883956],[-107.28454773573264,48.30222511444454]],[[-107.28450737407123,48.30222148763573],[-107.28452051678998,48.302216716184795],[-107.28450683199138,48.30220810520113],[-107.28450737407123,48.30222148763573]],[[-107.28450737407123,48.30222148763573],[-107.28448732187483,48.30222184652012],[-107.28450105139018,48.30223052888936],[-107.28450737407123,48.30222148763573]],[[-107.28450900475403,48.30225717162853],[-107.28449561746994,48.30225743994139],[-107.28449595971344,48.302266390627906],[-107.28450900475403,48.30225717162853]],[[-107.28458453443892,48.302300302780374],[-107.2845640825049,48.30229179815756],[-107.28455755998152,48.30229640766409],[-107.28453142959812,48.302310310973866],[-107.28458453443892,48.302300302780374]]]}"
00000000000000001706,3391,0,0,0,"{""type"":""Polygon"",""coordinates"":[[[-107.28445384629617,48.301771441308944],[-107.28434739370853,48.301786954181914],[-107.28433400661729,48.30178722246498],[-107.2843329969847,48.30236337049033],[-107.28436663634137,48.302367175111556],[-107.28446666578147,48.30236071906456],[-107.28447145999,48.30231597794662],[-107.28445827251618,48.302320678020024],[-107.28447081578702,48.30230261127324],[-107.28446904273507,48.30226240832153],[-107.28446252021234,48.30226701781904],[-107.28444186852698,48.30225408141375],[-107.28445466902282,48.30224035928456],[-107.28446805629491,48.3022400909778],[-107.28446733109286,48.301775620513865],[-107.28445384629617,48.301771441308944]],[[-107.28444251272029,48.302267448075334],[-107.28442912544193,48.30226771637883],[-107.28442952508793,48.30227657990156],[-107.28444251272029,48.302267448075334]],[[-107.28444369896843,48.3022941971942],[-107.28441648003184,48.30228579889389],[-107.28442398897161,48.302303506759934],[-107.28444369896843,48.3022941971942]]]}"
00000000000000001707,3392,0,0,0,"{""type"":""Polygon"",""coordinates"":[[[-107.28430061232478,48.30178792096167],[-107.2842738381567,48.30178845751256],[-107.28423367691809,48.30178926232455],[-107.28420023794088,48.30178988940546],[-107.28419858212753,48.3023526708207],[-107.28421196940384,48.30235240254895],[-107.2843329969847,48.30236337049033],[-107.28433400661729,48.30178722246498],[-107.28430061232478,48.30178792096167]]]}"
00000000000000001717,3393,0,0,0,"{""type"":""GeometryCollection"",""geometries"":[{""type"":""LineString"",""coordinates"":[[-107.28406669304704,48.30179700744008],[-107.2840668922273,48.301801469719265]]},{""type"":""Polygon"",""coordinates"":[[[-107.28408692088804,48.30180106081647],[-107.28406691372703,48.30180149098236],[-107.28406501137985,48.30235976941826],[-107.28419858212753,48.3023526708207],[-107.28420023794088,48.30178988940546],[-107.28408692088804,48.30180106081647]]]}]}"
0000000000000000170e,3394,0,0,0,"{""type"":""Polygon"",""coordinates"":[[[-107.28401159293186,48.30176236135007],[-107.2839980061231,48.30175819786399],[-107.28374945854051,48.302339248478745],[-107.28376309020754,48.302343483423],[-107.2839514929358,48.302366509058984],[-107.28406501137985,48.30235976941826],[-107.28406666922686,48.30179698787853],[-107.28401159293186,48.30176236135007]],[[-107.28398785245119,48.30228095373156],[-107.28395421335256,48.302277148977325],[-107.28396127778161,48.30228592197177],[-107.28398785245119,48.30228095373156]],[[-107.28380626996471,48.302262198054756],[-107.28379288277857,48.30226246626723],[-107.28379994715438,48.302271239272464],[-107.28380626996471,48.302262198054756]]]}"
00000000000000001709,3395,0,0,0,"{""type"":""Polygon"",""coordinates"":[[[-107.28388271716265,48.30172473472944],[-107.28386933015987,48.301725002945204],[-107.283633626615,48.302292402241385],[-107.28363461254256,48.30231471962867],[-107.28367467195771,48.302313930835986],[-107.28374945854051,48.302339248478745],[-107.2839980061231,48.30175819786399],[-107.28388271716265,48.30172473472944]]]}"
0000000000000000170b,3396,0,0,0,"{""type"":""Polygon"",""coordinates"":[[[-107.28380205309097,48.30171739339328],[-107.28375458339632,48.30170492198283],[-107.28370800214897,48.301710320180234],[-107.28360740192767,48.30215451221883],[-107.283633626615,48.302292402241385],[-107.28386933015987,48.301725002945204],[-107.28380205309097,48.30171739339328]]]}"
0000000000000000170a,3397,0,0,0,"{""type"":""Polygon"",""coordinates"":[[[-107.28362802692182,48.301716416609594],[-107.28352058925017,48.30170961138644],[-107.28351382235066,48.301709717670605],[-107.28358507629255,48.302105820308746],[-107.28360740192767,48.30215451221883],[-107.28370800214897,48.301710320180234],[-107.28362802692182,48.301716416609594]]]}"
0000000000000000170c,3398,0,0,0,"{""type"":""Polygon"",""coordinates"":[[[-107.28351382235066,48.301709717670605],[-107.28344723420366,48.30171554578126],[-107.28336143332842,48.30174399403628],[-107.28331499444961,48.301753910932796],[-107.28330832969299,48.301754001418196],[-107.28358507629255,48.302105820308746],[-107.28351382235066,48.301709717670605]]]}"
00000000000000001711,3399,0,0,0,"{""type"":""Polygon"",""coordinates"":[[[-107.28360740192767,48.30215451221883],[-107.28358507629255,48.302105820308746],[-107.28330832969299,48.301754001418196],[-107.28328861996157,48.30176331064954],[-107.28318937924828,48.30178765077923],[-107.28318261235856,48.30178775703997],[-107.28358758640773,48.30231118292862],[-107.28363461254256,48.30231471962867],[-107.283633626615,48.302292402241385],[-107.28360740192767,48.30215451221883]]]}"
00000000000000001708,3400,0,0,0,"{""type"":""MultiPolygon"",""coordinates"":[[[[-107.28341212797062,48.30227895349799],[-107.28341919222922,48.30228772653692],[-107.28341879282908,48.3022788630019],[-107.28341212797062,48.30227895349799]]],[[[-107.28341919222922,48.30228772653692],[-107.28346166729222,48.30234050755044],[-107.28350039881741,48.30230845072457],[-107.28358758640773,48.30231118292862],[-107.28318261235856,48.30178775703997],[-107.2830709703046,48.301834682374185],[-107.28340506371573,48.302270180459885],[-107.28341148415592,48.302265586817],[-107.28341879282908,48.3022788630019],[-107.28343217996802,48.30227859484268],[-107.28341919222922,48.30228772653692]],[[-107.2835124007019,48.30227700163187],[-107.28351946499173,48.302285774662316],[-107.28353917500681,48.30227646528482],[-107.2835124007019,48.30227700163187]],[[-107.28347234139567,48.302277790353585],[-107.28347263867117,48.30228666967242],[-107.28348572854182,48.30227752218672],[-107.28347234139567,48.302277790353585]]]]}"
0000000000000000170f,3401,0,0,0,"{""type"":""Polygon"",""coordinates"":[[[-107.28335748715025,48.30240507035804],[-107.28343578120347,48.302358913731574],[-107.28346166729222,48.30234050755044],[-107.28341212797062,48.30227895349799],[-107.28339854113676,48.30227478988726],[-107.28340506371573,48.302270180459885],[-107.2830709703046,48.301834682374185],[-107.28301846559347,48.30185798481396],[-107.28295231684957,48.30187721075165],[-107.28326497170887,48.302281887328505],[-107.28328522336018,48.3022859604729],[-107.2832990545702,48.302294627251285],[-107.28332558442189,48.30228958781484],[-107.28333279092357,48.302302879797544],[-107.28328640875844,48.30231270963692],[-107.2833433586367,48.30238752423316],[-107.28335748715025,48.30240507035804]],[[-107.2833433586367,48.30238752423316],[-107.28335610201195,48.30237388937399],[-107.2833358502899,48.30236981623959],[-107.2833433586367,48.30238752423316]],[[-107.28342096412194,48.30232792955656],[-107.28339384784068,48.302319515163525],[-107.28338653917199,48.302306238966445],[-107.28334637775005,48.302307043419965],[-107.28336751764976,48.3023289863939],[-107.28342096412194,48.30232792955656]],[[-107.28338461233662,48.302261675576716],[-107.28337122521054,48.30226194372889],[-107.2833715224618,48.30227082304602],[-107.28333146322218,48.302271611707184],[-107.28333224927603,48.30228949732485],[-107.28338579780883,48.302288424725404],[-107.28338461233662,48.302261675576716]]]}"
00000000000000001710,3402,0,0,0,"{""type"":""MultiPolygon"",""coordinates"":[[[[-107.2832034659332,48.30240366282554],[-107.28321783875518,48.30242571214011],[-107.28321699534006,48.302407913639826],[-107.2832034659332,48.30240366282554]]],[[[-107.28295231684957,48.30187721075165],[-107.28293270917467,48.30188650414974],[-107.28288504038365,48.301869600520384],[-107.2828887486646,48.301802558435746],[-107.28286306249524,48.30182539600074],[-107.28284967560087,48.30182566407214],[-107.2828295218372,48.301826038377115],[-107.28279795669741,48.301866851872916],[-107.28310418419069,48.30228058589221],[-107.2831109511647,48.30228047963387],[-107.28315091279003,48.30227524351405],[-107.28326497170887,48.302281887328505],[-107.28295231684957,48.30187721075165]]],[[[-107.28321783875518,48.30242571214011],[-107.2832179810085,48.30243023108651],[-107.28323932054177,48.30245660592345],[-107.28330516858868,48.30243296355342],[-107.28335748715025,48.30240507035804],[-107.2833433586367,48.30238752423316],[-107.28328640875844,48.30231270963692],[-107.28327425173268,48.3023397983351],[-107.28326126395493,48.3023489300195],[-107.2833153988899,48.30236131132626],[-107.28328902395455,48.302370711161984],[-107.28324832088903,48.30235813308514],[-107.28323448967654,48.30234946628916],[-107.28320815946971,48.3023589374816],[-107.28318138519919,48.30235947373635],[-107.28318182925692,48.30236840866867],[-107.28318217117693,48.30237735938676],[-107.28318237084756,48.30238179116354],[-107.2831892353794,48.302386132460285],[-107.28320968673485,48.3023946374056],[-107.28321699534006,48.302407913639826],[-107.28325735649575,48.30241154101638],[-107.28325107827791,48.30242065360792],[-107.28325858658498,48.30243836162608],[-107.28321783875518,48.30242571214011]],[[-107.2832961329063,48.30237955560704],[-107.28330319714505,48.302388328671626],[-107.28331633990345,48.30238355736946],[-107.2832961329063,48.30237955560704]],[[-107.28325597144341,48.30238036002492],[-107.28326303566962,48.3023891330929],[-107.2832761784276,48.30238436179617],[-107.28325597144341,48.30238036002492]]]]}"
00000000000000001722,3403,0,0,0,"{""type"":""GeometryCollection"",""geometries"":[{""type"":""LineString"",""coordinates"":[[-107.28318238890809,48.30238178683179],[-107.28318258801535,48.30238624911327],[-107.2831892762576,48.30238611627207]]},{""type"":""Polygon"",""coordinates"":[[[-107.2830212858834,48.30237161025493],[-107.28304272271654,48.302402432675294],[-107.2830551242764,48.30237984712906],[-107.2830212858834,48.30237161025493]]]},{""type"":""Polygon"",""coordinates"":[[[-107.28307068221383,48.30242864568819],[-107.28306341838574,48.302415440817576],[-107.28304292237004,48.302406864454895],[-107.28306395993192,48.302428823326096],[-107.28307068221383,48.30242864568819]]]},{""type"":""Polygon"",""coordinates"":[[[-107.2831245727042,48.30243652395907],[-107.2831241286614,48.30242758901465],[-107.28307068221383,48.30242864568819],[-107.28307112624348,48.302437580633374],[-107.28308549897673,48.30245962998408],[-107.28309799806128,48.30244149197434],[-107.2831245727042,48.30243652395907]]]},{""type"":""Polygon"",""coordinates"":[[[-107.28279795669741,48.301866851872916],[-107.28273408052047,48.301935128107445],[-107.28272103541859,48.30194434681142],[-107.28270809244806,48.301953549731735],[-107.28295016393402,48.302279177932526],[-107.28295693089659,48.30227907168533],[-107.28303779490395,48.3022908455716],[-107.28308417697848,48.302281015858604],[-107.28310418419069,48.30228058589221],[-107.28279795669741,48.301866851872916]]]},{""type"":""Polygon"",""coordinates"":[[[-107.283164734172,48.30243571959516],[-107.2831245727042,48.30243652395907],[-107.28311893816169,48.302459003278024],[-107.28308559649716,48.30246407755244],[-107.28310693592188,48.30249045243836],[-107.28313351060196,48.302485484415094],[-107.28323932054177,48.30245660592345],[-107.2832179810085,48.30243023108651],[-107.28321862474893,48.30244359781212],[-107.28319130882153,48.30243075156179],[-107.28321783875518,48.30242571214011],[-107.2832034659332,48.30240366282554],[-107.28311627852793,48.302400930263396],[-107.28316429011933,48.30242678465131],[-107.283164734172,48.30243571959516]],[[-107.2831841998945,48.30242190709983],[-107.28317041340111,48.302413311665546],[-107.28316429011933,48.30242678465131],[-107.2831841998945,48.30242190709983]]]}]}"
00000000000000001721,3404,0,0,0,"{""type"":""GeometryCollection"",""geometries"":[{""type"":""LineString"",""coordinates"":[[-107.282925130975,48.30246728841514],[-107.28293241648727,48.3024805424353]]},{""type"":""Polygon"",""coordinates"":[[[-107.28285289285537,48.30234815281465],[-107.28284637023332,48.30235276221238],[-107.28286074276942,48.3023748115665],[-107.28285289285537,48.30234815281465]]]},{""type"":""Polygon"",""coordinates"":[[[-107.28270809244806,48.301953549731735],[-107.28268858220035,48.30196729062286],[-107.28264832397078,48.30196364723411],[-107.28262742917222,48.3019462073574],[-107.28259354670618,48.30193789900251],[-107.282573539787,48.30193832885236],[-107.28256677291445,48.30193843506957],[-107.28256746113995,48.301951873062706],[-107.28282468929143,48.302317436615986],[-107.28284415500012,48.30230362422068],[-107.28286430902668,48.30230324990261],[-107.28289730400303,48.30229368835666],[-107.2829102470812,48.302284485349176],[-107.28292363414995,48.30228421726258],[-107.28295016393402,48.302279177932526],[-107.28270809244806,48.301953549731735]]]},{""type"":""Polygon"",""coordinates"":[[[-107.28299026188067,48.302425806751636],[-107.28294847135112,48.30239092686822],[-107.28295642348569,48.302417569847584],[-107.28293004852353,48.30242696959539],[-107.28291503228823,48.302391553511036],[-107.28296813672652,48.30238154620602],[-107.28294748584625,48.30236860943115],[-107.28292091128165,48.302373577389105],[-107.28289423921959,48.30237409777817],[-107.28287497311219,48.30239234198203],[-107.28288944317993,48.302418838912786],[-107.28290283029426,48.30241857082726],[-107.28290371827137,48.30243644071936],[-107.28292515501074,48.302467263205976],[-107.28297218093144,48.30247080024614],[-107.28293246350266,48.302480539482886],[-107.28297513748002,48.30253775271269],[-107.2830017121732,48.30253278472112],[-107.28306701879144,48.302495759948314],[-107.28310693592188,48.30249045243836],[-107.28308559649716,48.30246407755244],[-107.28308549897673,48.30245962998408],[-107.28307112624348,48.302437580633374],[-107.28306440395991,48.30243775827139],[-107.28305753944329,48.30243341696111],[-107.28306395993192,48.302428823326096],[-107.28304292237004,48.302406864454895],[-107.2830360578629,48.302402523145375],[-107.28304272271654,48.302402432675294],[-107.2830212858834,48.30237161025493],[-107.28301713365734,48.302429718115405],[-107.28299026188067,48.302425806751636]],[[-107.28303827334729,48.30245166121781],[-107.28305077244524,48.3024335232166],[-107.28301713365734,48.302429718115405],[-107.28303827334729,48.30245166121781]],[[-107.28303215001881,48.30246513420605],[-107.2830392589048,48.30247397868752],[-107.28305240168991,48.30246920741309],[-107.28303215001881,48.30246513420605]],[[-107.2830049764245,48.30245680684445],[-107.28301204058432,48.3024655799452],[-107.2830252855037,48.3024607928912],[-107.2830049764245,48.30245680684445]],[[-107.2829998386179,48.30249259731072],[-107.28301312826318,48.302487881637326],[-107.28299277445743,48.30248382420461],[-107.2829998386179,48.30249259731072]],[[-107.28298571030062,48.30247505109934],[-107.28297924508325,48.30247957335183],[-107.28299277445743,48.30248382420461],[-107.28298571030062,48.30247505109934]],[[-107.28292431173979,48.302449464685544],[-107.282931375873,48.3024582377917],[-107.28293789851057,48.30245362837865],[-107.28292431173979,48.302449464685544]]]}]}"
00000000000000001727,3405,0,0,0,"{""type"":""GeometryCollection"",""geometries"":[{""type"":""LineString"",""coordinates"":[[-107.28290387171133,48.3024409131983],[-107.28290367262797,48.30243645091598]]},{""type"":""LineString"",""coordinates"":[[-107.28282472681376,48.302317430336494],[-107.28282492588941,48.30232189261914]]},{""type"":""Polygon"",""coordinates"":[[[-107.2825501784205,48.302465786679555],[-107.28255062232182,48.30247472163665],[-107.28257042993026,48.30246985999234],[-107.2825501784205,48.302465786679555]]]},{""type"":""Polygon"",""coordinates"":[[[-107.28256746113995,48.301951873062706],[-107.28256190425722,48.30227795371662],[-107.28262898154199,48.302281132450396],[-107.28264236856961,48.30228086440406],[-107.28268287146238,48.30228901096164],[-107.28269625850051,48.30228874290748],[-107.28280369669898,48.302295549113474],[-107.28282468929143,48.302317436615986],[-107.28256746113995,48.301951873062706]]]},{""type"":""Polygon"",""coordinates"":[[[-107.28285638422055,48.30257583401446],[-107.28297513748002,48.30253775271269],[-107.28292515501074,48.302467263205976],[-107.28290381577004,48.302440888286526],[-107.2828509556115,48.30245539873513],[-107.28285214068399,48.30248214799812],[-107.28283875355385,48.30248241607731],[-107.2828124232644,48.30249188718709],[-107.2827856490102,48.30249242333247],[-107.28276624060841,48.302506148602326],[-107.28271367746906,48.30252953836135],[-107.28269994854183,48.30252085567286],[-107.28275774718172,48.30246612303331],[-107.28282383954158,48.302446984155615],[-107.28279652386863,48.30243413778575],[-107.28283559762161,48.30241103188874],[-107.28284212025521,48.302406422486385],[-107.28288944317993,48.302418838912786],[-107.28287497311219,48.30239234198203],[-107.28285526301197,48.30240165124572],[-107.28286094240096,48.302379243344724],[-107.28286074276942,48.3023748115665],[-107.28284637023332,48.30235276221238],[-107.2828336267513,48.302366397001215],[-107.28280685258174,48.302366933149095],[-107.28279346549968,48.302367201220164],[-107.28277884867953,48.30234064870046],[-107.28276546161094,48.30234091676716],[-107.2827381460502,48.30232807040351],[-107.2827257443619,48.30235065589006],[-107.2827124594345,48.30235090816555],[-107.28263920110938,48.30236128959538],[-107.2826123295345,48.30235737812581],[-107.2825924198466,48.302362255550634],[-107.28257172447881,48.302349247312264],[-107.2825585817464,48.302354018508815],[-107.28255334610262,48.30238536132729],[-107.28256683061558,48.302389540854506],[-107.28257413893773,48.30240281714355],[-107.28256119578047,48.30241202012828],[-107.28256218104735,48.30243433759359],[-107.2826026393352,48.30244241282396],[-107.28258772559967,48.302406980885294],[-107.28260743571116,48.30239767167527],[-107.28263410770893,48.302397151367224],[-107.28264749477918,48.302396883318515],[-107.28266176971007,48.30241448515785],[-107.28262822859054,48.302415127482774],[-107.2826361804703,48.30244177050724],[-107.28259033967535,48.30246498256075],[-107.2825976480199,48.30247825886631],[-107.28259156927135,48.30249180321847],[-107.2825509640856,48.30248367237887],[-107.2825492255209,48.30259535038802],[-107.28261660510397,48.30260294514991],[-107.28280327953499,48.30258584130058],[-107.28273535838161,48.30256486412465],[-107.2827884630147,48.302554856881365],[-107.28284843214442,48.30254919094594],[-107.28285638422055,48.30257583401446]],[[-107.28286626891945,48.30249969423356],[-107.2828326748761,48.302495960444006],[-107.28284082656013,48.30252703527833],[-107.28286626891945,48.30249969423356]],[[-107.28280117316619,48.30238934104236],[-107.28280823725062,48.30239811414887],[-107.28282808955592,48.30239332384052],[-107.28280117316619,48.30238934104236]],[[-107.28272203563682,48.30241769867168],[-107.28272292352514,48.30243556856741],[-107.28274905415208,48.30242166571061],[-107.28272203563682,48.30241769867168]],[[-107.28272085065709,48.302390949437196],[-107.28272129460129,48.30239988437981],[-107.28273448206886,48.30239518453801],[-107.28272085065709,48.302390949437196]],[[-107.28266858943162,48.30241875511516],[-107.28266893122516,48.30242770584678],[-107.28268222083939,48.30242299022571],[-107.28266858943162,48.30241875511516]],[[-107.28286814232698,48.30253988165568],[-107.28284082656013,48.30252703527833],[-107.28283405956074,48.30252714151878],[-107.28284843214442,48.30254919094594],[-107.28286814232698,48.30253988165568]],[[-107.28263202764019,48.302499878443165],[-107.28261300570423,48.30252262581465],[-107.28264012171613,48.302531040467116],[-107.28264565906707,48.30250411356488],[-107.28263202764019,48.302499878443165]]]}]}"
00000000000000001728,3406,0,0,0,"{""type"":""GeometryCollection"",""geometries"":[{""type"":""Point"",""coordinates"":[-107.28241992903959,48.302396928178744]},{""type"":""Polygon"",""coordinates"":[[[-107.2825585817464,48.302354018508815],[-107.28254519470424,48.302354286544215],[-107.28255270260536,48.30237199460571],[-107.2825585817464,48.302354018508815]]]},{""type"":""Polygon"",""coordinates"":[[[-107.28255270260536,48.30237199460571],[-107.28254637955665,48.302381035765634],[-107.28255334610262,48.30238536132729],[-107.28255270260536,48.30237199460571]]]},{""type"":""Polygon"",""coordinates"":[[[-107.28249954142136,48.30193089593411],[-107.28247786109841,48.3018955705244],[-107.28245706859045,48.30187811484574],[-107.28244901948483,48.30184702456408],[-107.2824359296727,48.301856171832874],[-107.28242239929988,48.30230311319944],[-107.28243544456772,48.30229389446952],[-107.28254169756762,48.30227395179566],[-107.28256190425722,48.30227795371662],[-107.28256746113995,48.301951873062706],[-107.28256677291445,48.30193843506957],[-107.28249954142136,48.30193089593411]]]},{""type"":""Polygon"",""coordinates"":[[[-107.2825163402536,48.302457549608505],[-107.28249554743103,48.302440093761405],[-107.28242959731224,48.30246375136148],[-107.28241621024875,48.30246401937999],[-107.28241511473078,48.302589064130565],[-107.28247508372372,48.30258339842803],[-107.2825492255209,48.30259535038802],[-107.2825509640856,48.30248367237887],[-107.28253091216568,48.30248403084965],[-107.28255062232182,48.30247472163665],[-107.2825501784205,48.302465786679555],[-107.2825163402536,48.302457549608505]]]}]}"
00000000000000001712,3407,0,0,0,"{""type"":""MultiPolygon"",""coordinates"":[[[[-107.28239033390732,48.301883886636496],[-107.28233865938527,48.301925145624764],[-107.28225563655339,48.30231533881989],[-107.28226882398035,48.30231063905053],[-107.28231580458333,48.302314105035116],[-107.28235512257712,48.30229550254252],[-107.28240965574129,48.30231674792121],[-107.28242239929988,48.30230311319944],[-107.2824359296727,48.301856171832874],[-107.28239033390732,48.301883886636496]]],[[[-107.28235990615177,48.302402570795635],[-107.28233357593942,48.30241204175797],[-107.28231352410474,48.30241240018072],[-107.2823583797187,48.302366870831705],[-107.28230561720359,48.30238582851942],[-107.28225943474989,48.30240008965739],[-107.28227360729895,48.30241770734495],[-107.28224781832559,48.302440560810204],[-107.28223408960936,48.30243187806433],[-107.28222810817904,48.30244986995484],[-107.28223463085122,48.30244526058939],[-107.28225508180155,48.30245376575767],[-107.28222875155558,48.30246323670126],[-107.28220068170114,48.30258438564555],[-107.28230179693143,48.30260023362281],[-107.28241511473078,48.302589064130565],[-107.28241621024875,48.30246401937999],[-107.28240282318708,48.3024642873966],[-107.28240880454742,48.30244629549211],[-107.28238790966881,48.30242885540681],[-107.28241987481205,48.30239690515588],[-107.28235990615177,48.302402570795635]]]]}"
00000000000000001713,3408,0,0,0,"{""type"":""MultiPolygon"",""coordinates"":[[[[-107.28227963193338,48.30195305703153],[-107.28218952249745,48.30203525143481],[-107.28210794075413,48.302304888343826],[-107.28212132771635,48.30230462037164],[-107.28215526292011,48.3023173051274],[-107.28218914546008,48.30232561369436],[-107.28225563655339,48.30231533881989],[-107.28233865938527,48.301925145624764],[-107.28227963193338,48.30195305703153]]],[[[-107.28217278955985,48.30241073873064],[-107.28217150757209,48.30237954191731],[-107.28211085101937,48.30237176928564],[-107.28209158469653,48.30239001333704],[-107.28208496462726,48.30239017512129],[-107.28207310379034,48.302426143080986],[-107.28207987071609,48.302426036896215],[-107.28207330332576,48.30243057486757],[-107.28203253402394,48.302565429825016],[-107.28212668244323,48.30257695237227],[-107.28220068170114,48.30258438564555],[-107.28222875155558,48.30246323670126],[-107.28221560878747,48.30246800786204],[-107.28216956836363,48.302486787937234],[-107.28217510601691,48.30245986107689],[-107.28222810817904,48.30244986995484],[-107.28223408960936,48.30243187806433],[-107.28217278955985,48.30241073873064]],[[-107.28210674212433,48.302429948524],[-107.28213331659785,48.30242498078833],[-107.28209967825562,48.30242117535518],[-107.28210674212433,48.302429948524]],[[-107.28209256967673,48.30241233080519],[-107.2820861491405,48.30241692437506],[-107.28209967825562,48.30242117535518],[-107.28209256967673,48.30241233080519]],[[-107.28210204730077,48.302474673906566],[-107.28209562675343,48.30247926748274],[-107.2820691943576,48.302488754170604],[-107.28205645064875,48.302502388897004],[-107.28212254291999,48.302483250490994],[-107.28210204730077,48.302474673906566]]]]}"
0000000000000000175f,3409,0,0,0,"{""type"":""MultiPolygon"",""coordinates"":[[[[-107.28145689914406,48.302268637951705],[-107.28147151478032,48.30229519066656],[-107.28147779328603,48.30228607820556],[-107.28149666078654,48.30225897075865],[-107.28145689914406,48.302268637951705]]],[[[-107.28170789170775,48.30219219551021],[-107.28174883758666,48.302209277387504],[-107.28178321615441,48.30223089718532],[-107.2818711871063,48.30225151662899],[-107.28192517850484,48.30225937979477],[-107.28202761901875,48.30230649613684],[-107.28206797941392,48.302310124025475],[-107.28210794075413,48.302304888343826],[-107.28218952249745,48.30203525143481],[-107.28170789170775,48.30219219551021]]],[[[-107.28149666078654,48.30225897075865],[-107.2815180959342,48.30228979349657],[-107.28148544261902,48.302308305287134],[-107.28150697991536,48.30233911227346],[-107.28158427360384,48.30242244917725],[-107.28171457453307,48.30249133193544],[-107.28187100691449,48.30254631193475],[-107.28201238003324,48.30256580396952],[-107.28203253402394,48.302565429825016],[-107.28207330332576,48.30243057486757],[-107.2820538374261,48.30244438714454],[-107.28204623239843,48.30242223144365],[-107.28207310379034,48.302426143080986],[-107.28208496462726,48.30239017512129],[-107.2820513263393,48.30238636967232],[-107.28202475190727,48.30239133738065],[-107.28201136492743,48.30239160534026],[-107.2819912557494,48.30239205085861],[-107.28197243314196,48.30241922984812],[-107.2819463024522,48.30243313249462],[-107.28186445462863,48.30239904015421],[-107.28188273616597,48.30235847868329],[-107.28193030243612,48.3023753987583],[-107.28197777138686,48.30238787124659],[-107.28199713512967,48.30237407478322],[-107.2819363813577,48.30236185447329],[-107.28196785023161,48.302316593290804],[-107.28194127586403,48.302321560967876],[-107.28192734778905,48.3023084464161],[-107.281900773434,48.30231341408089],[-107.28188738649992,48.302313682021676],[-107.28187444330484,48.30232288489937],[-107.28185473321223,48.302332193945404],[-107.28186021361647,48.30230535434197],[-107.28185290562338,48.302292078014624],[-107.28183309817663,48.30229693949061],[-107.28181917016501,48.30228382492762],[-107.28177920893567,48.302289060484256],[-107.28175100663742,48.30225834397245],[-107.28172512025563,48.30227674967155],[-107.28170422594467,48.30225930947884],[-107.28165720107522,48.3022557718054],[-107.28169647433288,48.30223709822142],[-107.28169494853952,48.302201398341985],[-107.28168274590031,48.30222841542283],[-107.28165641584205,48.3022378861646],[-107.28164238580409,48.30222478737035],[-107.28162213473655,48.30222071386951],[-107.28162193525455,48.30221628209815],[-107.28160232734957,48.30222557528985],[-107.28159556049508,48.302225681438784],[-107.28149666078654,48.30225897075865]],[[-107.28187230375342,48.30242569903238],[-107.28188010817482,48.302452286540884],[-107.28190614150623,48.30243393633586],[-107.28187230375342,48.30242569903238]],[[-107.28182820356477,48.3023372329745],[-107.28182864729041,48.30234616791774],[-107.28184159049896,48.30233696504184],[-107.28182820356477,48.3023372329745]],[[-107.28179980167506,48.30230208467384],[-107.28180020068115,48.302310948229454],[-107.28181318859251,48.30230181674574],[-107.28179980167506,48.30230208467384]],[[-107.28176092734829,48.30232962188371],[-107.28176126892093,48.30233857260912],[-107.28177431427018,48.30232935396078],[-107.28176092734829,48.30232962188371]],[[-107.28175133744139,48.30241464071553],[-107.28172372085888,48.30239737802699],[-107.28172480775041,48.302419679725],[-107.28175133744139,48.30241464071553]],[[-107.2817048981086,48.302424556970415],[-107.28171848454912,48.30242872084242],[-107.28172480775041,48.302419679725],[-107.2817048981086,48.302424556970415]],[[-107.28157405643104,48.302342291767026],[-107.28156121052999,48.302355942174046],[-107.28160843494523,48.30236391168289],[-107.28164251668119,48.302376652241605],[-107.28165491888906,48.30235406687067],[-107.28157405643104,48.302342291767026]]]]}"
00000000000000001767,3410,0,0,0,"{""type"":""MultiPolygon"",""coordinates"":[[[[-107.28160232734957,48.30222557528985],[-107.28162193525455,48.30221628209815],[-107.28161482686156,48.30220743754222],[-107.28160820685802,48.30220759929139],[-107.28160232734957,48.30222557528985]]],[[[-107.28160820685802,48.30220759929139],[-107.281593835321,48.30218554979399],[-107.28164649534982,48.30216660836014],[-107.28169352010057,48.302170146035884],[-107.28170789170775,48.30219219551021],[-107.28218952249745,48.30203525143481],[-107.28227963193338,48.30195305703153],[-107.28134152920862,48.3020833782291],[-107.28138691390419,48.302198577511916],[-107.28144114419305,48.30221540744401],[-107.28143590770269,48.302246750141215],[-107.28145689914406,48.302268637951705],[-107.28159556049508,48.302225681438784],[-107.28157510996644,48.302217176155935],[-107.28160820685802,48.30220759929139]],[[-107.28153322430481,48.30217784818704],[-107.28154759579361,48.302199897691544],[-107.28158064795389,48.30219024945811],[-107.28153322430481,48.30217784818704]],[[-107.28145330225789,48.30218831901495],[-107.28146811732854,48.30221930346296],[-107.28150057109583,48.302196359941036],[-107.28145330225789,48.30218831901495]],[[-107.28148194781097,48.30222797051053],[-107.28146930139637,48.30224605264955],[-107.28148979660409,48.30225462934249],[-107.28150861936776,48.30222745052783],[-107.28148194781097,48.30222797051053]]]]}"
0000000000000000170d,3411,0,0,0,"{""type"":""Polygon"",""coordinates"":[[[-107.28134174573749,48.30193600151669],[-107.28133368055852,48.30205671946737],[-107.28134152920862,48.3020833782291],[-107.28227963193338,48.30195305703153],[-107.28233865938527,48.301925145624764],[-107.28239033390732,48.301883886636496],[-107.28134174573749,48.30193600151669]]]}"
00000000000000001757,3412,0,0,0,"{""type"":""Polygon"",""coordinates"":[[[-107.2824271396802,48.30180726746319],[-107.28242645150388,48.30179382950441],[-107.28132431876637,48.30184701606117],[-107.28134693751954,48.30190458762625],[-107.28134174573749,48.30193600151669],[-107.28239033390732,48.301883886636496],[-107.2824359296727,48.301856171832874],[-107.28244901948483,48.30184702456408],[-107.28244180875527,48.30183819591924],[-107.28244793213088,48.3018247231265],[-107.2824271396802,48.30180726746319]]]}"
00000000000000001750,3413,0,0,0,"{""type"":""Polygon"",""coordinates"":[[[-107.28238160942756,48.30168755071974],[-107.28130797851712,48.301780332190134],[-107.28130916248595,48.30180708116007],[-107.28132431876637,48.30184701606117],[-107.28242645150388,48.30179382950441],[-107.28238160942756,48.30168755071974]]]}"
00000000000000001737,3414,0,0,0,"{""type"":""Polygon"",""coordinates"":[[[-107.28237356041683,48.30165646054093],[-107.2823526659694,48.30163902069645],[-107.28233123024964,48.301608198537],[-107.28231759922485,48.30160396343193],[-107.28130404042713,48.30169106335766],[-107.28131287352967,48.30174003914518],[-107.28130797851712,48.301780332190134],[-107.28238160942756,48.30168755071974],[-107.28237356041683,48.30165646054093]]]}"
0000000000000000173a,3415,0,0,0,"{""type"":""Polygon"",""coordinates"":[[[-107.28228376196311,48.30159572638968],[-107.28226904840717,48.301564726664054],[-107.28225501828726,48.301551628127434],[-107.28224064647637,48.30152957900613],[-107.28222691807788,48.301520896400135],[-107.2822062233612,48.30150788827263],[-107.28219263711848,48.301503724536815],[-107.28132221990008,48.301650518314425],[-107.28130241285194,48.30165537961214],[-107.28128946984252,48.30166458229221],[-107.28130285645716,48.30166431444613],[-107.28130404042713,48.30169106335766],[-107.28231759922485,48.30160396343193],[-107.28228376196311,48.30159572638968]]]}"
00000000000000001751,3416,0,0,0,"{""type"":""Polygon"",""coordinates"":[[[-107.28132221990008,48.301650518314425],[-107.28219263711848,48.301503724536815],[-107.28217218669766,48.30149521949399],[-107.28213712031597,48.30146016224932],[-107.28211450033818,48.30140259138322],[-107.28218686881023,48.301374341041225],[-107.2823267117327,48.30135813299013],[-107.28237907357462,48.301330312309005],[-107.28241859005699,48.301316141854564],[-107.28243054759241,48.301284622095174],[-107.28132221990008,48.301650518314425]]]}"
00000000000000001738,3417,0,0,0,"{""type"":""Polygon"",""coordinates"":[[[-107.28241085046967,48.301142124972905],[-107.28135942606717,48.30158276328782],[-107.28133363742667,48.301605616139874],[-107.28130241285194,48.30165537961214],[-107.28132221990008,48.301650518314425],[-107.28243054759241,48.301284622095174],[-107.28243642655828,48.30126664637833],[-107.28241400571319,48.30121350748704],[-107.282438905921,48.301172785048124],[-107.28241085046967,48.301142124972905]]]}"
00000000000000001733,3418,0,0,0,"{""type"":""Polygon"",""coordinates"":[[[-107.28236872033466,48.3010982951151],[-107.2822719168785,48.301028701472106],[-107.28227171730927,48.3010242698038],[-107.2815008107194,48.30145044877645],[-107.28137829321899,48.30155565623204],[-107.28135902715823,48.30157389984946],[-107.28135942606717,48.30158276328782],[-107.28241085046967,48.301142124972905],[-107.28236872033466,48.3010982951151]]]}"
0000000000000000173b,3419,0,0,0,"{""type"":""Polygon"",""coordinates"":[[[-107.28224395914678,48.30100248887307],[-107.28211934088196,48.30091120144365],[-107.28205794598658,48.30088561513676],[-107.28198622182897,48.30092723145919],[-107.28192699647988,48.30095071041956],[-107.28186247780006,48.30100561848948],[-107.28183753253909,48.301046269279084],[-107.28181871063491,48.301073447531806],[-107.28180259902273,48.30116307355845],[-107.2817502820458,48.301190965214396],[-107.28171566019824,48.30116484274109],[-107.2815008107194,48.30145044877645],[-107.28227171730927,48.3010242698038],[-107.28224395914678,48.30100248887307]]]}"
00000000000000001734,3420,0,0,0,"{""type"":""Polygon"",""coordinates"":[[[-107.28169496596428,48.30115183457844],[-107.2816400937242,48.3011216386746],[-107.28157286457582,48.3011140989471],[-107.28137829321899,48.30155565623204],[-107.2815008107194,48.30145044877645],[-107.28171566019824,48.30116484274109],[-107.28169496596428,48.30115183457844]]]}"
00000000000000001752,3421,0,0,0,"{""type"":""Polygon"",""coordinates"":[[[-107.28154609166927,48.30111463469893],[-107.28147205127055,48.30110712965605],[-107.28139835726893,48.30110411183274],[-107.28135902715823,48.30157389984946],[-107.28137829321899,48.30155565623204],[-107.28157286457582,48.3011140989471],[-107.28154609166927,48.30111463469893]]]}"
00000000000000001756,3422,0,0,0,"{""type"":""Polygon"",""coordinates"":[[[-107.28131097534084,48.301096945894855],[-107.28125762915393,48.30110244891986],[-107.28123737881499,48.30109837540554],[-107.28133363742667,48.301605616139874],[-107.28135942606717,48.30158276328782],[-107.28135902715823,48.30157389984946],[-107.28139835726893,48.30110411183274],[-107.28131097534084,48.301096945894855]]]}"
0000000000000000174f,3423,0,0,0,"{""type"":""Polygon"",""coordinates"":[[[-107.28123737881499,48.30109837540554],[-107.28121030926837,48.30109003192038],[-107.28114357674804,48.30109580270451],[-107.28109087362273,48.30111467205897],[-107.28126931650124,48.301664956258016],[-107.28128946984252,48.30166458229221],[-107.28130241285194,48.30165537961214],[-107.28133363742667,48.301605616139874],[-107.28123737881499,48.30109837540554]]]}"
0000000000000000174e,3424,0,0,0,"{""type"":""Polygon"",""coordinates"":[[[-107.28109087362273,48.30111467205897],[-107.28102482879852,48.30113388057341],[-107.28099805603334,48.301134416169106],[-107.2809445105246,48.30113548733759],[-107.28119596302457,48.30167088888891],[-107.28126931650124,48.301664956258016],[-107.28109087362273,48.30111467205897]]]}"
00000000000000001761,3425,0,0,0,"{""type"":""Polygon"",""coordinates"":[[[-107.2809445105246,48.30113548733759],[-107.28092470379212,48.301140348502265],[-107.28083850598304,48.30115993077457],[-107.28081889863829,48.30116922360729],[-107.28107014973467,48.301700194146875],[-107.28108333691092,48.30169549460105],[-107.28114276290064,48.30167644752907],[-107.28119596302457,48.30167088888891],[-107.2809445105246,48.30113548733759]]]}"
00000000000000001740,3426,0,0,0,"{""type"":""Polygon"",""coordinates"":[[[-107.28081889863829,48.30116922360729],[-107.28078604688446,48.30118330305619],[-107.2807456436956,48.30117960327632],[-107.28070612746228,48.30119377299981],[-107.28067959882797,48.30119881157798],[-107.28098439405854,48.30172871163978],[-107.28107014973467,48.301700194146875],[-107.28081889863829,48.30116922360729]]]}"
00000000000000001760,3427,0,0,0,"{""type"":""Polygon"",""coordinates"":[[[-107.28067959882797,48.30119881157798],[-107.28066641184284,48.30120351101958],[-107.28058717995646,48.301227418709104],[-107.28054746432157,48.301237156686256],[-107.28088480823811,48.301748562008164],[-107.28089153024368,48.30174838453202],[-107.28095782027958,48.301733678974884],[-107.28098439405854,48.30172871163978],[-107.28067959882797,48.30119881157798]]]}"
00000000000000001755,3428,0,0,0,"{""type"":""Polygon"",""coordinates"":[[[-107.28054746432157,48.301237156686256],[-107.28050750462114,48.30124239157191],[-107.28044175624805,48.30127047891066],[-107.28042194948688,48.30127533998476],[-107.28077944479342,48.301786372305],[-107.28081239435679,48.30177674020423],[-107.28088480823811,48.301748562008164],[-107.28054746432157,48.301237156686256]]]}"
0000000000000000175a,3429,0,0,0,"{""type"":""Polygon"",""coordinates"":[[[-107.28042194948688,48.30127533998476],[-107.28037546723499,48.30128518395747],[-107.28031594480996,48.301299782912906],[-107.28030255846718,48.30130005061273],[-107.28028284889515,48.30130935914374],[-107.28068025767364,48.30181508596772],[-107.2807202180514,48.30180985093656],[-107.28077944479342,48.301786372305],[-107.28042194948688,48.30127533998476]]]}"
0000000000000000175d,3430,0,0,0,"{""type"":""Polygon"",""coordinates"":[[[-107.28028284889515,48.30130935914374],[-107.28025019632622,48.3013278701537],[-107.28021048064198,48.301337608011195],[-107.28016434451547,48.301351939200984],[-107.28056861548512,48.30186200842126],[-107.28063401874017,48.30182943331036],[-107.28068025767364,48.30181508596772],[-107.28028284889515,48.30130935914374]]]}"
00000000000000001773,3431,0,0,0,"{""type"":""Polygon"",""coordinates"":[[[-107.28016434451547,48.301351939200984],[-107.28010491920847,48.301370985534],[-107.28003917058811,48.30139907267149],[-107.28048947938534,48.30189036389353],[-107.28054228573912,48.30187147878439],[-107.28056861548512,48.30186200842126],[-107.28016434451547,48.301351939200984]]]}"
0000000000000000175c,3432,0,0,0,"{""type"":""Polygon"",""coordinates"":[[[-107.28003917058811,48.30139907267149],[-107.27996700145039,48.30143175312135],[-107.27993405229358,48.30144138485928],[-107.27992076310159,48.30144610000229],[-107.28013159578464,48.301669688443305],[-107.2801518460578,48.301673762236234],[-107.28017837495368,48.3016687237521],[-107.28019254594291,48.30168634154357],[-107.28015979583682,48.30170040514695],[-107.28036386509801,48.301924100108714],[-107.2804368198517,48.30190930458203],[-107.28048947938534,48.30189036389353],[-107.28034897014697,48.301741323395184],[-107.28003917058811,48.30139907267149]],[[-107.28034897014697,48.301741323395184],[-107.28032871977157,48.30173724964122],[-107.28033622633548,48.301754957704055],[-107.28034897014697,48.301741323395184]],[[-107.28022485764637,48.301658879792484],[-107.28019136278826,48.30165959260006],[-107.28019842592936,48.30166836580183],[-107.28022485764637,48.301658879792484]],[[-107.28032141254187,48.30172397332006],[-107.28027340531018,48.301698117743015],[-107.28025438289048,48.30172086431625],[-107.28024021185065,48.301703246523736],[-107.28023348989898,48.30170342395279],[-107.28022118941468,48.30172599309302],[-107.28028145237921,48.301729208171395],[-107.28030891276525,48.30174211074096],[-107.28032141254187,48.30172397332006]]]}"
0000000000000000176a,3433,0,0,0,"{""type"":""Polygon"",""coordinates"":[[[-107.28013159578464,48.301669688443305],[-107.27992076310159,48.30144610000229],[-107.27990115556919,48.30145539270253],[-107.27980735409255,48.30145281866444],[-107.27977381486136,48.301453459933256],[-107.28025918363882,48.30197981132764],[-107.2802786495554,48.301965999534744],[-107.28030468284793,48.301947649932764],[-107.28033101264084,48.301938179619995],[-107.2803439558519,48.301928977016516],[-107.28036386509801,48.301924100108714],[-107.28015979583682,48.30170040514695],[-107.28015327319828,48.301705014306],[-107.28011277262655,48.30169686671266],[-107.28013159578464,48.301669688443305]],[[-107.28011277262655,48.30169686671266],[-107.28009938616916,48.30169713438908],[-107.2801064492875,48.30170590760439],[-107.28011277262655,48.30169686671266]],[[-107.2801009104302,48.301732833993675],[-107.28008752396151,48.30173310166891],[-107.28009458708209,48.30174187489098],[-107.2801009104302,48.301732833993675]]]}"
00000000000000001714,3434,0,0,0,"{""type"":""Polygon"",""coordinates"":[[[-107.27977381486136,48.301453459933256],[-107.27974714435321,48.30145397940013],[-107.27967314984024,48.30144654427485],[-107.27963383262087,48.3014651453527],[-107.28013455294864,48.30203586466356],[-107.28015436009997,48.30203100356919],[-107.28017328556543,48.3020038093354],[-107.28019407653458,48.30202126558871],[-107.28025918363882,48.30197981132764],[-107.27977381486136,48.301453459933256]]]}"
0000000000000000176c,3435,0,0,0,"{""type"":""Polygon"",""coordinates"":[[[-107.27963383262087,48.3014651453527],[-107.27962711075497,48.301465322736334],[-107.27957400872977,48.30147532796058],[-107.27952796960804,48.301494106385654],[-107.27950811810001,48.3014988959107],[-107.27988931902064,48.301942462594496],[-107.27989628497366,48.30194678832814],[-107.28000231347943,48.302074225479025],[-107.28003541006524,48.302064649189894],[-107.28013455294864,48.30203586466356],[-107.27963383262087,48.3014651453527]],[[-107.28009973283636,48.30200530940449],[-107.28008610226406,48.30200107393963],[-107.28009316542865,48.30200984720495],[-107.28009973283636,48.30200530940449]],[[-107.27997409130013,48.301891628643844],[-107.2799605055098,48.301887464550774],[-107.27996821117331,48.301909604451],[-107.27997409130013,48.301891628643844]],[[-107.2799206474127,48.30189268348926],[-107.2799070616361,48.3018885193882],[-107.2799075048956,48.301897454276634],[-107.2799206474127,48.30189268348926]],[[-107.27969131202525,48.301553343531594],[-107.2796710619709,48.301549269645285],[-107.27967826675417,48.30156256176036],[-107.27969131202525,48.301553343531594]],[[-107.27963855091573,48.30157229942838],[-107.27960491452826,48.301568493133196],[-107.27961894330448,48.30158159209509],[-107.27963855091573,48.30157229942838]]]}"
0000000000000000176b,3436,0,0,0,"{""type"":""MultiPolygon"",""coordinates"":[[[[-107.27935075896161,48.30142166709847],[-107.27933574704787,48.30138625101563],[-107.27933124850122,48.30143540717547],[-107.27935998769159,48.301479506329706],[-107.27936665211516,48.301479416127144],[-107.27938690203007,48.3014834900758],[-107.27939264052151,48.30146099556285],[-107.27939224208922,48.301452132124574],[-107.27939190108292,48.3014431815258],[-107.27935075896161,48.30142166709847]]],[[[-107.27989628497366,48.30194678832814],[-107.27985632469735,48.301952023027475],[-107.27986886942122,48.30193395697023],[-107.27988931902064,48.301942462594496],[-107.27950811810001,48.3014988959107],[-107.27948178866177,48.30150836591058],[-107.2794481524064,48.30150455956175],[-107.27942162374697,48.301509597822644],[-107.2794226071239,48.301531914988765],[-107.27940976105091,48.30154556490414],[-107.27972256178093,48.301954683595],[-107.27974947660636,48.30195866726282],[-107.27972966953098,48.30196352826515],[-107.27975796644513,48.3019986928062],[-107.27976502950597,48.302007466097905],[-107.2797786152873,48.302011630228264],[-107.27977219470473,48.302016223609975],[-107.27977939960577,48.30202951583139],[-107.27980617267168,48.30202898055868],[-107.27979362788922,48.302047046641555],[-107.27980759949857,48.30206023285061],[-107.27983274647903,48.302024013513815],[-107.27981249612581,48.302019939628785],[-107.27983240537378,48.30201506282272],[-107.2798385819784,48.30200596629153],[-107.27984568977384,48.302014810960486],[-107.27985927557901,48.30201897507941],[-107.27984613301666,48.302023745870876],[-107.27985363935387,48.302041454072715],[-107.27984187893081,48.30207740578375],[-107.27981466258525,48.30206900614817],[-107.27986483622617,48.30214392872382],[-107.27991107546461,48.302129581658704],[-107.27989596556726,48.30208971766239],[-107.27990816920774,48.302062700853696],[-107.27988070885796,48.30204979809076],[-107.27996062964517,48.30203932863046],[-107.27999564890325,48.30207431573058],[-107.28000231347943,48.302074225479025],[-107.27989628497366,48.30194678832814]],[[-107.27987330463866,48.3020320741081],[-107.2798738897324,48.30204552795007],[-107.27988683303099,48.30203632538737],[-107.27987330463866,48.3020320741081]],[[-107.27987482865912,48.30206777394757],[-107.27987551588716,48.302081212017995],[-107.27988845919893,48.30207200944855],[-107.27987482865912,48.30206777394757]],[[-107.27980007184111,48.30189064475218],[-107.27980041294038,48.30189959542257],[-107.27981355545633,48.30189482464968],[-107.27980007184111,48.30189064475218]],[[-107.27986331221989,48.30210822883264],[-107.27987625554304,48.30209902625987],[-107.27986266970501,48.302094862137906],[-107.27986331221989,48.30210822883264]],[[-107.2798555618908,48.302086017457356],[-107.27984261857037,48.30209522002501],[-107.27986266970501,48.302094862137906],[-107.2798555618908,48.302086017457356]],[[-107.27980498981495,48.30200223143025],[-107.27981759200239,48.30198407819856],[-107.27979061970474,48.30198018171218],[-107.27980498981495,48.30200223143025]],[[-107.27978351193256,48.30197133704434],[-107.27977036938907,48.301976107820686],[-107.27979061970474,48.30198018171218],[-107.27978351193256,48.30197133704434]],[[-107.27973476546951,48.30192766687583],[-107.27973510655221,48.30193661755311],[-107.27974835121458,48.30193183100513],[-107.27973476546951,48.30192766687583]]]]}"
0000000000000000175b,3437,0,0,0,"{""type"":""GeometryCollection"",""geometries"":[{""type"":""LineString"",""coordinates"":[[-107.27976507375926,48.30200745297685],[-107.27975798793818,48.30199866103334]]},{""type"":""LineString"",""coordinates"":[[-107.27940999064542,48.30155000602827],[-107.27940979187278,48.30154554373442]]},{""type"":""Polygon"",""coordinates"":[[[-107.27963648533074,48.302126129487654],[-107.27962309878588,48.30212639710209],[-107.27963060501378,48.30214410535835],[-107.27964354837445,48.302134902809776],[-107.27963648533074,48.302126129487654]]]},{""type"":""Polygon"",""coordinates"":[[[-107.27930786903926,48.301511828567925],[-107.27932733484006,48.30149801709246],[-107.27932669250995,48.301484650543074],[-107.2793399817037,48.30147993547878],[-107.2793532658423,48.30147968369381],[-107.27935998769159,48.301479506329706],[-107.27933124850122,48.30143540717547],[-107.27932541290643,48.30145345417543],[-107.27928466924969,48.30144080315],[-107.27927652101032,48.30140972856231],[-107.27925019164655,48.30141919848093],[-107.27932322194796,48.30155619535572],[-107.27930786903926,48.301511828567925]]]},{""type"":""Polygon"",""coordinates"":[[[-107.27932322194796,48.30155619535572],[-107.27954256006926,48.30197169082862],[-107.27956879275041,48.30195777318019],[-107.27959022568866,48.30198859622947],[-107.27957031647716,48.30199347298199],[-107.2795707149453,48.302002336508984],[-107.27955732845452,48.302002604112246],[-107.27956463539334,48.302015880568575],[-107.2796179821509,48.302010378374625],[-107.2796118579039,48.30202385105615],[-107.27958566988447,48.30203784011764],[-107.27960676183086,48.30205971250732],[-107.27962721137679,48.30206821820888],[-107.27962167212043,48.30209514476437],[-107.27965530898751,48.30209895107928],[-107.27970199134766,48.30209353905303],[-107.27967032147792,48.30213436757291],[-107.27969101504773,48.30214737642927],[-107.27975078266,48.302137280753875],[-107.2797923244668,48.30216765882263],[-107.27986483622617,48.30214392872382],[-107.27981466258525,48.30206900614817],[-107.27980127603573,48.30206927378726],[-107.27980759949857,48.30206023285061],[-107.27979362788922,48.302047046641555],[-107.27978690590646,48.302047224041296],[-107.27976709877927,48.30205208506076],[-107.2797612185324,48.302070060912605],[-107.27972812197206,48.3020796371076],[-107.27970742841602,48.30206662827548],[-107.27968055823828,48.30206271597212],[-107.27971256910688,48.302030838199336],[-107.27966534651293,48.302022867762325],[-107.2796845685903,48.30200455292925],[-107.27969839830655,48.302013220217965],[-107.27971844936594,48.30201286236343],[-107.27972551241668,48.30202163566063],[-107.27977939960577,48.30202951583139],[-107.27977219470473,48.302016223609975],[-107.2797654727291,48.30201640100792],[-107.27976502950597,48.302007466097905],[-107.27974477918431,48.30200339219906],[-107.27975796644513,48.3019986928062],[-107.27972986878463,48.30196796002514],[-107.27972966953098,48.30196352826515],[-107.27972256178093,48.301954683595],[-107.27940996026855,48.30154999663081],[-107.27938244823,48.30153271770929],[-107.27937558458208,48.3015283761879],[-107.2793692611484,48.30153741700482],[-107.27932322194796,48.30155619535572]],[[-107.27972378928686,48.30198150408465],[-107.27972408565834,48.301990383388464],[-107.2797373750481,48.30198566821932],[-107.27972378928686,48.30198150408465]],[[-107.2797422928133,48.30209725510557],[-107.27974293528393,48.30211062180283],[-107.27975587862045,48.30210141924554],[-107.2797422928133,48.30209725510557]],[[-107.27964738356094,48.301920499313034],[-107.2796546458187,48.30193370435866],[-107.27969480526326,48.301932901504316],[-107.27964738356094,48.301920499313034]],[[-107.27963921592546,48.302036769674885],[-107.27964647819815,48.30204997474967],[-107.27965946622955,48.30204084359899],[-107.27963921592546,48.302036769674885]],[[-107.27952740596938,48.30193175549737],[-107.27953451365363,48.301940600179805],[-107.27954765617984,48.30193582943935],[-107.27952740596938,48.30193175549737]],[[-107.27965398442743,48.30206768297859],[-107.27964182534214,48.302094771144255],[-107.27967477506475,48.302085139373695],[-107.27968055823828,48.30206271597212],[-107.27965398442743,48.30206768297859]]]}]}"
0000000000000000178c,3438,0,0,0,"{""type"":""MultiPolygon"",""coordinates"":[[[[-107.27953810634274,48.30202091892007],[-107.27956463539334,48.302015880568575],[-107.27955732845452,48.302002604112246],[-107.27953055547836,48.302003139313065],[-107.27953810634274,48.30202091892007]]],[[[-107.27953055547836,48.302003139313065],[-107.27953035624918,48.30199870754911],[-107.27948985578163,48.30199055964543],[-107.27952250906975,48.30197204864465],[-107.2795361394818,48.301976284191234],[-107.27954256006926,48.30197169082862],[-107.27925019164655,48.30141919848093],[-107.27921719787265,48.30142875858624],[-107.27915801647363,48.301452307462604],[-107.27943426589451,48.3020944278241],[-107.27945451616063,48.3020985017968],[-107.27946928449767,48.30212941516902],[-107.27945634112099,48.302138617693565],[-107.27949391153273,48.302231693850324],[-107.27954681540528,48.30221725671838],[-107.27954603120621,48.302199371047095],[-107.27955921853514,48.30219467166245],[-107.2796001177397,48.302211683123204],[-107.27959937822192,48.30219386883791],[-107.27959873580565,48.302180502117366],[-107.27961069571312,48.30214898213578],[-107.27963060501378,48.30214410535835],[-107.27962309878588,48.30212639710209],[-107.27952243215016,48.302119481239046],[-107.27953513157644,48.302105775553436],[-107.2795010963107,48.302093105650286],[-107.2795210055707,48.30208822890173],[-107.27955464238353,48.30209203525276],[-107.27956072195379,48.302078491173916],[-107.27952610172845,48.30205236743372],[-107.27951295915983,48.302057138182754],[-107.27951859557321,48.30203465919803],[-107.27949063995908,48.30200844524739],[-107.27953055547836,48.302003139313065]],[[-107.27955779192777,48.30216341928214],[-107.27954406434816,48.30215473616833],[-107.27953774082125,48.30216377710535],[-107.27955779192777,48.30216341928214]],[[-107.27950924484965,48.30212418061127],[-107.27952297240522,48.30213286372565],[-107.27952243215016,48.302119481239046],[-107.27950924484965,48.30212418061127]],[[-107.27951121166721,48.30216881546608],[-107.27953872424618,48.30218609454401],[-107.27953774082125,48.30216377710535],[-107.27951121166721,48.30216881546608]],[[-107.27943891899011,48.302049631433796],[-107.27944622588447,48.30206290791201],[-107.27945916923386,48.302053705402635],[-107.27943891899011,48.302049631433796]]]]}"
0000000000000000176f,3439,0,0,0,"{""type"":""Polygon"",""coordinates"":[[[-107.2791872680238,48.30196082081267],[-107.27921384168089,48.301955853949195],[-107.2791877111056,48.301969755721096],[-107.27918849513543,48.301987641322256],[-107.27919501787689,48.30198303220157],[-107.27920188156843,48.30198737377192],[-107.27922277398112,48.30200481446769],[-107.27927033719205,48.302021735824646],[-107.27927078029346,48.30203067074243],[-107.27927862727817,48.302057329701825],[-107.27925205353654,48.30206229659485],[-107.2792308201161,48.302035905187346],[-107.27919698431973,48.30202766695366],[-107.27921398158638,48.3022595988739],[-107.27928111347589,48.30226269285256],[-107.27946081485366,48.30224126998538],[-107.27949391153273,48.302231693850324],[-107.27945634112099,48.302138617693565],[-107.27943697206216,48.30215687692785],[-107.27938920930906,48.30213552384262],[-107.27937459555248,48.30210897084315],[-107.27940724896634,48.30209045983709],[-107.27941377171591,48.30208585069242],[-107.27943426589451,48.3020944278241],[-107.27915801647363,48.301452307462604],[-107.27913806289038,48.30145711268554],[-107.27914851837082,48.30154177226987],[-107.2791872680238,48.30196082081267]],[[-107.27935904320496,48.30206017183757],[-107.2793712471512,48.302033155104375],[-107.27931147985915,48.302043250515716],[-107.27935904320496,48.30206017183757]],[[-107.27935904320496,48.30206017183757],[-107.27936635006594,48.302073448325345],[-107.27937939556166,48.30206423004454],[-107.27935904320496,48.30206017183757]],[[-107.27914851837082,48.30154177226987],[-107.27915626813567,48.30156398348883],[-107.27918239841233,48.3015500818393],[-107.27914851837082,48.30154177226987]],[[-107.27932343991603,48.30201173064758],[-107.27930318974022,48.30200765665164],[-107.27931083754561,48.302029883828546],[-107.27932343991603,48.30201173064758]],[[-107.27931290626103,48.30207450283416],[-107.27927882647633,48.30206176147198],[-107.27928653170024,48.302083901510706],[-107.27931290626103,48.30207450283416]]]}"
00000000000000001794,3440,0,0,0,"{""type"":""Polygon"",""coordinates"":[[[-107.27908421144417,48.30205221488211],[-107.2790648474278,48.30206601068161],[-107.279064944466,48.3020704582333],[-107.27906518834428,48.302074961388804],[-107.27906701287748,48.30211507728602],[-107.27906721204951,48.3021195090621],[-107.27906819518797,48.30214182649423],[-107.27907505888244,48.302146168086566],[-107.27912874654149,48.30214961687093],[-107.27911600229965,48.30216325113366],[-107.27906877998232,48.30215528037651],[-107.27908017376485,48.30226218718406],[-107.27917368023641,48.30225588258542],[-107.27921398158638,48.3022595988739],[-107.27919698431973,48.30202766695366],[-107.27914971740553,48.302019624870866],[-107.27917595015478,48.302005707315416],[-107.2791755517827,48.3019968437838],[-107.27918849513543,48.301987641322256],[-107.2791877111056,48.301969755721096],[-107.27915505777455,48.301988266608355],[-107.27912077900055,48.301971093442276],[-107.27911347226379,48.30195781695827],[-107.27915387539383,48.30196151748034],[-107.2791872680238,48.30196082081267],[-107.27914851837082,48.30154177226987],[-107.27913806289038,48.30145711268554],[-107.27905843246083,48.30147215578848],[-107.27903185918187,48.30147712255413],[-107.27901638328125,48.30158011553459],[-107.27905537525865,48.30200366762216],[-107.27906223892674,48.30200800920477],[-107.27905571617376,48.30201261831891],[-107.27906376215488,48.30204370906102],[-107.2790836713481,48.30203883240933],[-107.27909073420315,48.30204760576245],[-107.27908421144417,48.30205221488211]],[[-107.27915276911648,48.302086561283005],[-107.27911913250045,48.30208275478666],[-107.27913350213771,48.302104804659756],[-107.27915276911648,48.302086561283005]],[[-107.27910293830308,48.30202058906584],[-107.27911000116119,48.30202936241445],[-107.27911652391451,48.302024753295164],[-107.27910293830308,48.30202058906584]],[[-107.2791472295412,48.30211348782852],[-107.27913364389022,48.30210932359759],[-107.2791409059537,48.30212252873393],[-107.2791472295412,48.30211348782852]],[[-107.27910293830308,48.30202058906584],[-107.27909587544869,48.30201181571806],[-107.27908268819652,48.30201651502097],[-107.27910293830308,48.30202058906584]],[[-107.27909073420315,48.30204760576245],[-107.2790984840029,48.30206981719678],[-107.27910436452719,48.30205184137856],[-107.27909073420315,48.30204760576245]],[[-107.27912742243525,48.302118348721635],[-107.27909358662755,48.302110110439024],[-107.27910118959804,48.302132266295565],[-107.27912742243525,48.302118348721635]],[[-107.27906518834428,48.302074961388804],[-107.27907245037237,48.30208816652268],[-107.2790921604155,48.302078858091555],[-107.27906518834428,48.302074961388804]]]}"
00000000000000001781,3441,0,0,0,"{""type"":""MultiPolygon"",""coordinates"":[[[[-107.27901957653498,48.301651570301274],[-107.27901638328125,48.30158011553459],[-107.27899221918813,48.301638651582685],[-107.27899888361387,48.30163856140531],[-107.27900594637576,48.30164733470089],[-107.27901957653498,48.301651570301274]]],[[[-107.27901957653498,48.301651570301274],[-107.27900638941706,48.30165626955843],[-107.27900594637576,48.30164733470089],[-107.2789859403721,48.301647763778],[-107.27885148841985,48.30193620932591],[-107.27885859589027,48.301945054064525],[-107.27884520952131,48.301945321565185],[-107.27878393679323,48.3020715968908],[-107.27877805613069,48.302089572699614],[-107.27880414212343,48.30207559962139],[-107.27879688021449,48.302062394467335],[-107.27883679558302,48.30205708881971],[-107.27884434606507,48.302074868509],[-107.27880512510242,48.302097917041806],[-107.27883954543701,48.302119609305535],[-107.27882700028418,48.302137675302404],[-107.27880022741785,48.30213821029825],[-107.27879272165644,48.302120501967245],[-107.27877271544232,48.3021209310091],[-107.27876540883439,48.30210765445788],[-107.27872884048115,48.302188775991276],[-107.27874222692155,48.30218850850378],[-107.2787436528282,48.30221976092874],[-107.27872295977117,48.30220675183758],[-107.27870467551728,48.3022473126601],[-107.27892704667346,48.30227864251736],[-107.27908017376485,48.30226218718406],[-107.27906877998232,48.30215528037651],[-107.27904852981528,48.30215120631564],[-107.27904078003773,48.30212899484267],[-107.27906113232439,48.302133053124095],[-107.27906819518797,48.30214182649423],[-107.27906721204951,48.3021195090621],[-107.27904690447424,48.302115522166055],[-107.27903371718492,48.30212022147237],[-107.27902587038886,48.30209356245662],[-107.27905284245743,48.30209745917184],[-107.27906701287748,48.30211507728602],[-107.2790648474278,48.30206601068161],[-107.2790437112188,48.30204406677599],[-107.27906376215488,48.30204370906102],[-107.27905571617376,48.30201261831891],[-107.27904905167668,48.30201270850268],[-107.27905537525865,48.30200366762216],[-107.27901957653498,48.301651570301274]],[[-107.27898633870288,48.30165662725319],[-107.27900006589448,48.30166531037507],[-107.27900638941706,48.30165626955843],[-107.27898633870288,48.30165662725319]],[[-107.27903305679685,48.30195497461078],[-107.27901947123215,48.30195081037393],[-107.27901986956691,48.30195967389947],[-107.27903305679685,48.30195497461078]],[[-107.27900202876202,48.302009169496365],[-107.27901664215948,48.30203572251171],[-107.27904905167668,48.30201270850268],[-107.27900202876202,48.302009169496365]],[[-107.27900020429382,48.30196905367628],[-107.27903423908919,48.3019817237392],[-107.27901986956691,48.30195967389947],[-107.27900020429382,48.30196905367628]],[[-107.279015632425,48.30216521405978],[-107.27902412142748,48.302205239844916],[-107.27904951294119,48.3021735237616],[-107.279015632425,48.30216521405978]],[[-107.27898157953298,48.30200066366314],[-107.27896794925981,48.30199642803241],[-107.27896839228728,48.30200536294922],[-107.27898157953298,48.30200066366314]],[[-107.27898418790635,48.30205866513738],[-107.27899179079489,48.30208082098319],[-107.27899767136613,48.30206284516658],[-107.27898418790635,48.30205866513738]],[[-107.27893925502941,48.30195239970818],[-107.27893965334465,48.301961263234816],[-107.27895284057352,48.30195656395701],[-107.27893925502941,48.30195239970818]],[[-107.27898571105514,48.302094365030925],[-107.2789934607899,48.302116576494946],[-107.27899929666184,48.30209852928274],[-107.27898571105514,48.302094365030925]],[[-107.27894088027399,48.30198808375241],[-107.27894117645552,48.30199696306454],[-107.27895436369757,48.30199226378304],[-107.27894088027399,48.30198808375241]],[[-107.27895761421156,48.302063631947895],[-107.27897060231777,48.30205450088609],[-107.27895697202837,48.30205026524992],[-107.27895761421156,48.302063631947895]],[[-107.27892063023916,48.30198400967406],[-107.27894023809544,48.30197471707322],[-107.27891332358821,48.30197073316941],[-107.27892063023916,48.30198400967406]],[[-107.27894990921503,48.302041491885475],[-107.27893672195493,48.302046191171165],[-107.27895697202837,48.30205026524992],[-107.27894990921503,48.302041491885475]],[[-107.27890561863548,48.30194859314106],[-107.27889297143841,48.3019666748656],[-107.27891332358821,48.30197073316941],[-107.27890561863548,48.30194859314106]],[[-107.27890072109085,48.30198888628578],[-107.2789011193962,48.30199774981891],[-107.27891430663773,48.301993050542855],[-107.27890072109085,48.30198888628578]],[[-107.27887119838523,48.30192690096874],[-107.27887153925646,48.30193585165432],[-107.27888472647459,48.3019311523884],[-107.27887119838523,48.30192690096874]],[[-107.27888895989179,48.30202483786423],[-107.27889622183496,48.30203804300112],[-107.27891582972195,48.30202875039503],[-107.27888895989179,48.30202483786423]],[[-107.27885903889154,48.30195398897385],[-107.27887218141052,48.30194921832479],[-107.27885859589027,48.301945054064525],[-107.27885903889154,48.30195398897385]],[[-107.27889014207545,48.30205158703239],[-107.27889112510793,48.30207390444048],[-107.27890362550802,48.30205576707491],[-107.27889014207545,48.30205158703239]],[[-107.278874590465,48.302002787982424],[-107.27885369829802,48.30198534720536],[-107.27884801682879,48.302007754755905],[-107.278874590465,48.302002787982424]],[[-107.27882810767399,48.30201263135492],[-107.27884193706106,48.302021298776616],[-107.27884801682879,48.302007754755905],[-107.27882810767399,48.30201263135492]],[[-107.27884063057006,48.30214191096408],[-107.27884161356906,48.30216422841149],[-107.27885411402139,48.3021460910202],[-107.27884063057006,48.30214191096408]],[[-107.27885794903702,48.30223091330533],[-107.27885893204348,48.302253230789766],[-107.27887173380586,48.30223950937267],[-107.27885794903702,48.30223091330533]],[[-107.27875561336374,48.3021882410144],[-107.27874810761968,48.30217053266278],[-107.27874222692155,48.30218850850378],[-107.27875561336374,48.3021882410144]],[[-107.27896186952997,48.30200997205686],[-107.27894912530375,48.30202360626121],[-107.27897643818649,48.30203645369646],[-107.27896839228728,48.30200536294922],[-107.27896186952997,48.30200997205686]],[[-107.27876390292958,48.30222383506081],[-107.27880426144843,48.302227464362566],[-107.27881656279732,48.3022048951687],[-107.27875561336374,48.3021882410144],[-107.27876390292958,48.30222383506081]],[[-107.27891191521292,48.302091361016224],[-107.27887827870761,48.3020875544324],[-107.27887872171189,48.30209648936553],[-107.27889897179273,48.30210056346018],[-107.27890627845817,48.302113839998015],[-107.27893325049276,48.30211773674916],[-107.27891191521292,48.302091361016224]]]]}"
0000000000000000176e,3442,0,0,0,"{""type"":""MultiPolygon"",""coordinates"":[[[[-107.27871511321354,48.30218009274696],[-107.27871545404257,48.30218904347684],[-107.27872884048115,48.302188775991276],[-107.27873516415292,48.30217973509958],[-107.27871511321354,48.30218009274696]]],[[[-107.27894512133527,48.30148332091711],[-107.27888948646178,48.30158711641289],[-107.27888973032113,48.30159161952832],[-107.27887708325804,48.301609701125805],[-107.27890365660858,48.30160473438876],[-107.27891768504008,48.30161783347074],[-107.27893042911876,48.301604199378495],[-107.27895818472551,48.30162598157829],[-107.27899221918813,48.301638651582685],[-107.27901638328125,48.30158011553459],[-107.27903185918187,48.30147712255413],[-107.27894512133527,48.30148332091711]]],[[[-107.27872328373675,48.30206382207665],[-107.27869749386677,48.30208667445919],[-107.27870891442221,48.30204177215103],[-107.27864776624867,48.30202068619957],[-107.27858580608279,48.302133523487505],[-107.27861291968948,48.30214193927603],[-107.27858678892609,48.30215584093794],[-107.2785791863028,48.30213368502204],[-107.27855437915524,48.30217885485949],[-107.27856099894157,48.302178693326354],[-107.27855457826449,48.30218328664355],[-107.27854829926585,48.30219239890833],[-107.27860160112078,48.30218682588196],[-107.27861532834683,48.30219550914466],[-107.27861597040169,48.302208875884716],[-107.27870467551728,48.3022473126601],[-107.27872295977117,48.30220675183758],[-107.27870206760579,48.30218931096051],[-107.27871511321354,48.30218009274696],[-107.27872133475203,48.302171067637],[-107.27873516415292,48.30217973509958],[-107.27876540883439,48.30210765445788],[-107.27875157944689,48.30209898701109],[-107.27877805613069,48.302089572699614],[-107.27878393679323,48.3020715968908],[-107.27872328373675,48.30206382207665]],[[-107.27871230615048,48.30211765934352],[-107.2787196127367,48.30213093590183],[-107.27873255618681,48.30212173347601],[-107.27871230615048,48.30211765934352]],[[-107.27867136315143,48.30210057612843],[-107.27868573245684,48.30212262608432],[-107.27870524340304,48.30210888594828],[-107.27867136315143,48.30210057612843]],[[-107.2786729881255,48.30213626028362],[-107.27868063551841,48.30215848757499],[-107.27869323815858,48.30214033442591],[-107.2786729881255,48.30213626028362]]],[[[-107.27878393679323,48.3020715968908],[-107.27884520952131,48.301945321565185],[-107.27883834590604,48.301940979970844],[-107.27885148841985,48.30193620932591],[-107.2789859403721,48.301647763778],[-107.27895916781466,48.30164829880537],[-107.2789133276304,48.3016715087419],[-107.27889233858525,48.30164962056101],[-107.27887208874752,48.301645546493404],[-107.27886478217205,48.30163227006778],[-107.27870315858807,48.30191238681917],[-107.27872385148014,48.30192539584666],[-107.27879068108746,48.30192407419178],[-107.27879794297169,48.30193727931253],[-107.27879186320327,48.301950823312104],[-107.27879892595178,48.301959596674855],[-107.27877936280474,48.301968960627235],[-107.27877956194281,48.30197339239259],[-107.27874018665413,48.30199208046804],[-107.27874744852714,48.30200528560981],[-107.27874156786314,48.30202326139398],[-107.27876161872332,48.30202290374413],[-107.27878206786355,48.30203140963],[-107.27872896528544,48.3020414145078],[-107.27872284077023,48.30205488714733],[-107.27876932358866,48.30204504381724],[-107.27878393679323,48.3020715968908]],[[-107.27877990279087,48.30198234308691],[-107.27879304531882,48.301977572445914],[-107.27877956194281,48.30197339239259],[-107.27877990279087,48.30198234308691]]]]}"
00000000000000001782,3443,0,0,0,"{""type"":""GeometryCollection"",""geometries"":[{""type"":""LineString"",""coordinates"":[[-107.27854808529442,48.30218790022679],[-107.2785545748298,48.3021833053595]]},{""type"":""Polygon"",""coordinates"":[[[-107.27887046355147,48.30160986267697],[-107.27887708325804,48.301609701125805],[-107.27888973032113,48.30159161952832],[-107.27887046355147,48.30160986267697]]]},{""type"":""Polygon"",""coordinates"":[[[-107.27864776624867,48.30202068619957],[-107.27864099964599,48.30202079213357],[-107.27863482282757,48.30202988859572],[-107.27860216936612,48.30204839931931],[-107.27859658472899,48.30207525443939],[-107.27860433419447,48.302097465933635],[-107.27864776624867,48.30202068619957]]]},{""type"":""Polygon"",""coordinates"":[[[-107.27860433419447,48.302097465933635],[-107.2785781013297,48.30211138335994],[-107.2785587372014,48.30212517907563],[-107.27851911791947,48.30213936395419],[-107.27853486814658,48.302192594984575],[-107.27854829926585,48.30219239890833],[-107.27854805545238,48.30218789573992],[-107.27854074893237,48.30217461915264],[-107.27855437915524,48.30217885485949],[-107.2785791863028,48.30213368502204],[-107.27858580608279,48.302133523487505],[-107.27860433419447,48.302097465933635]]]},{""type"":""Polygon"",""coordinates"":[[[-107.27879783349158,48.30148172871785],[-107.2785688575412,48.30190166328806],[-107.27858258465596,48.30191034651162],[-107.2785888635938,48.30190123429452],[-107.27860739156402,48.30186517690137],[-107.27866167586915,48.30188192122107],[-107.27870315858807,48.30191238681917],[-107.27886478217205,48.30163227006778],[-107.27884408935094,48.301619261140665],[-107.27884324805231,48.30160146281869],[-107.27880927115717,48.30158870560494],[-107.27881559469778,48.301579664813445],[-107.27888948646178,48.30158711641289],[-107.27894512133527,48.30148332091711],[-107.27879783349158,48.30148172871785]],[[-107.27880353232189,48.30161120014586],[-107.27880417445738,48.30162456673553],[-107.2788171177093,48.30161536439111],[-107.27880353232189,48.30161120014586]]]}]}"
0000000000000000177c,3444,0,0,0,"{""type"":""Polygon"",""coordinates"":[[[-107.27869682370329,48.30147032467508],[-107.27866343168884,48.301471021150235],[-107.27847176213429,48.30182764855159],[-107.27852673297669,48.30185783097715],[-107.2785688575412,48.30190166328806],[-107.27879783349158,48.30148172871785],[-107.27869682370329,48.30147032467508]]]}"
00000000000000001778,3445,0,0,0,"{""type"":""Polygon"",""coordinates"":[[[-107.27849286038656,48.301550297297425],[-107.27847937723972,48.30154611722979],[-107.27834942246606,48.30178540506807],[-107.27842375705406,48.30180179194519],[-107.27847176213429,48.30182764855159],[-107.27866343168884,48.301471021150235],[-107.27852888848106,48.30145579450445],[-107.27850408182397,48.3015009637398],[-107.27851771179763,48.30150519940442],[-107.27850550755942,48.30153221576796],[-107.27851281396111,48.3015454922003],[-107.27849286038656,48.301550297297425]],[[-107.27851281396111,48.3015454922003],[-107.27854056915326,48.301567274507185],[-107.2785600351042,48.30155346316898],[-107.27851281396111,48.3015454922003]]]}"
0000000000000000177d,3446,0,0,0,"{""type"":""GeometryCollection"",""geometries"":[{""type"":""LineString"",""coordinates"":[[-107.27833180659555,48.301540107193226],[-107.27833160834103,48.30153565442056]]},{""type"":""Polygon"",""coordinates"":[[[-107.27852216669439,48.30145597180873],[-107.27846828134739,48.30144809097115],[-107.2784619577724,48.30145713171825],[-107.27848363309049,48.30149245786943],[-107.27850408182397,48.3015009637398],[-107.27852888848106,48.30145579450445],[-107.27852216669439,48.30145597180873]]]},{""type"":""Polygon"",""coordinates"":[[[-107.27843191236266,48.30153364310732],[-107.27833180659555,48.301540107193226],[-107.27833178871339,48.301540108347915],[-107.27822762302695,48.30175654386207],[-107.27831578650334,48.30178159829548],[-107.27834942246606,48.30178540506807],[-107.27847937723972,48.30154611722979],[-107.27843191236266,48.30153364310732]]]}]}"
00000000000000001784,3447,0,0,0,"{""type"":""Polygon"",""coordinates"":[[[-107.27829109045827,48.30152752824554],[-107.27821023387267,48.30151575034486],[-107.2782627957095,48.30149236352953],[-107.27826235284874,48.301483428691576],[-107.27826680806585,48.30143420111979],[-107.27824047872289,48.301443670765494],[-107.27822022921386,48.30143959656794],[-107.27810606770166,48.301732185640205],[-107.27813259631272,48.301727147722715],[-107.27818020280965,48.301744140950056],[-107.27822762302695,48.30175654386207],[-107.27833158962679,48.30153567661651],[-107.27829109045827,48.30152752824554]]]}"
00000000000000001777,3448,0,0,0,"{""type"":""Polygon"",""coordinates"":[[[-107.27819345702436,48.30144013137049],[-107.27820140519158,48.301466774366894],[-107.27816830935822,48.30147634989727],[-107.27816884913146,48.30148973224162],[-107.27806798705787,48.301478383117924],[-107.27797152462303,48.30171695813563],[-107.27800496131782,48.30171633328156],[-107.27805154044064,48.3017109379028],[-107.27809940332324,48.3017322757546],[-107.27810606770166,48.301732185640205],[-107.27822022921386,48.30143959656794],[-107.27819345702436,48.30144013137049]]]}"
00000000000000001776,3449,0,0,0,"{""type"":""Polygon"",""coordinates"":[[[-107.27806132272781,48.30147847322802],[-107.27796589892496,48.30144021360184],[-107.27793878615668,48.301431797720674],[-107.27784344718386,48.301697208596124],[-107.27795127505823,48.30171288386182],[-107.27797152462303,48.30171695813563],[-107.27806798705787,48.301478383117924],[-107.27806132272781,48.30147847322802]]]}"
00000000000000001771,3450,0,0,0,"{""type"":""Polygon"",""coordinates"":[[[-107.27785082314074,48.30141117479314],[-107.27781654597389,48.30139400130758],[-107.27770870572226,48.30167754897138],[-107.27771532536025,48.301677387501805],[-107.27784344718386,48.301697208596124],[-107.27793878615668,48.301431797720674],[-107.27785082314074,48.30141117479314]]]}"
00000000000000001795,3451,0,0,0,"{""type"":""Polygon"",""coordinates"":[[[-107.2778029609287,48.30138983692952],[-107.27778780916717,48.30134990170219],[-107.27776049753838,48.301337054063325],[-107.27773940748065,48.301315181518085],[-107.2775668575901,48.30164904435882],[-107.2776079980978,48.30167055968319],[-107.27770870572226,48.30167754897138],[-107.27781654597389,48.30139400130758],[-107.2778029609287,48.30138983692952]]]}"
00000000000000001796,3452,0,0,0,"{""type"":""Polygon"",""coordinates"":[[[-107.27743755533622,48.301602473895905],[-107.27744441862198,48.30160681557099],[-107.27751213209636,48.301623364586554],[-107.2775668575901,48.30164904435882],[-107.27773940748065,48.301315181518085],[-107.27773906687702,48.30130623092633],[-107.27773842512636,48.301292864399905],[-107.27767767737316,48.30128064149299],[-107.27761967754104,48.30133093819161],[-107.27758820585052,48.30137619718091],[-107.27743755533622,48.301602473895905]],[[-107.27758820585052,48.30137619718091],[-107.27759580768972,48.30139835287903],[-107.27762218167656,48.301388954802576],[-107.27758820585052,48.30137619718091]]]}"
00000000000000001786,3453,0,0,0,"{""type"":""Polygon"",""coordinates"":[[[-107.27727996006051,48.301520738231716],[-107.27731580313123,48.301573682952366],[-107.27737008565944,48.30159042795504],[-107.27743755533622,48.301602473895905],[-107.27761967754104,48.30133093819161],[-107.27727996006051,48.301520738231716]]]}"
000000000000000017b6,3454,0,0,0,"{""type"":""Polygon"",""coordinates"":[[[-107.27762295225205,48.301254961952566],[-107.27757548847815,48.30124248744738],[-107.27717016982545,48.30146042781149],[-107.27721857084782,48.30149514839422],[-107.27726583566998,48.30150319140078],[-107.27727996006051,48.301520738231716],[-107.27761967754104,48.30133093819161],[-107.27767767737316,48.30128064149299],[-107.27767743366228,48.30127613839708],[-107.27762295225205,48.301254961952566]]]}"
00000000000000001785,3455,0,0,0,"{""type"":""Polygon"",""coordinates"":[[[-107.27754151281471,48.30122972984026],[-107.27751454198027,48.30122583273311],[-107.27749429283115,48.30122175839011],[-107.27744771453779,48.301227153427966],[-107.27733494519089,48.301251698843394],[-107.27708710720944,48.30139951146133],[-107.27710093570792,48.30140817905609],[-107.27717016982545,48.30146042781149],[-107.27757548847815,48.30124248744738],[-107.27754151281471,48.30122972984026]]]}"
0000000000000000292a,3456,0,0,0,"{""type"":""Polygon"",""coordinates"":[[[-107.27701962802938,48.30123558700725],[-107.27702114930325,48.301271286426086],[-107.27705195089676,48.30136000474901],[-107.27708048766475,48.30139967288439],[-107.27708710720944,48.30139951146133],[-107.27733494519089,48.301251698843394],[-107.27701962802938,48.30123558700725]]]}"
0000000000000000174c,3457,0,0,0,"{""type"":""Polygon"",""coordinates"":[[[-107.27702074114525,48.30111054505981],[-107.2770142184564,48.301115153955806],[-107.27702354540855,48.30117297739948],[-107.27701962802938,48.30123558700725],[-107.27733494519089,48.301251698843394],[-107.27744771453779,48.301227153427966],[-107.27702074114525,48.30111054505981]]]}"
0000000000000000174a,3458,0,0,0,"{""type"":""Polygon"",""coordinates"":[[[-107.27715679074974,48.301009595531205],[-107.27713066070588,48.30102349648235],[-107.27711139377318,48.30104173908714],[-107.27707221835013,48.301064857825565],[-107.27705315031197,48.301087532134],[-107.27702074114525,48.30111054505981],[-107.27744771453779,48.301227153427966],[-107.27749429283115,48.30122175839011],[-107.27715679074974,48.301009595531205]]]}"
00000000000000001749,3459,0,0,0,"{""type"":""Polygon"",""coordinates"":[[[-107.27730730979917,48.30093067994202],[-107.27729412298169,48.30093537889271],[-107.27728073719975,48.3009356461554],[-107.27726769191351,48.300944863949965],[-107.27720248875048,48.300981867888],[-107.27718944343877,48.300991085680614],[-107.27715679074974,48.301009595531205],[-107.27749429283115,48.30122175839011],[-107.27751454198027,48.30122583273311],[-107.27730730979917,48.30093067994202]]]}"
00000000000000001744,3460,0,0,0,"{""type"":""Polygon"",""coordinates"":[[[-107.27749352446094,48.30090465263262],[-107.27744042394131,48.30091465653366],[-107.27732049661522,48.30092598098998],[-107.27730730979917,48.30093067994202],[-107.27751454198027,48.30122583273311],[-107.27754151281471,48.30122972984026],[-107.27749352446094,48.30090465263262]]]}"
00000000000000001748,3461,0,0,0,"{""type"":""MultiPolygon"",""coordinates"":[[[[-107.27765144570085,48.30084346047503],[-107.27765821201676,48.30084335462035],[-107.27765752558517,48.30082991682714],[-107.27765144570085,48.30084346047503]]],[[[-107.27765752558517,48.30082991682714],[-107.2776663850293,48.30072708690386],[-107.27765364100019,48.30074072060195],[-107.27762544445676,48.30071000362887],[-107.27760597883547,48.300723814549954],[-107.27757984904109,48.300737715542134],[-107.27756744555862,48.30076029973175],[-107.27762805078852,48.300768003781855],[-107.27765752558517,48.30082991682714]]],[[[-107.27757822368729,48.3011531290633],[-107.27755131032144,48.30114914481061],[-107.2775776394213,48.301139675412486],[-107.27757744042361,48.30113524371068],[-107.27763034230487,48.30112080798273],[-107.27765287073663,48.3008747121466],[-107.27763948492566,48.3008749794597],[-107.27756667497704,48.30089429133317],[-107.27754000549676,48.30089481015576],[-107.27751985337873,48.30089518329854],[-107.27749352446094,48.30090465263262],[-107.27754151281471,48.30122972984026],[-107.27757548847815,48.30124248744738],[-107.27762295225205,48.301254961952566],[-107.27763176730919,48.30115205981865],[-107.27757862168258,48.30116199247028],[-107.27757822368729,48.3011531290633]],[[-107.27757690085913,48.30112186144705],[-107.27756385553317,48.30113107931517],[-107.27757744042361,48.30113524371068],[-107.27757690085913,48.30112186144705]],[[-107.27756523577835,48.30116225977685],[-107.27757906437951,48.30117092726146],[-107.27757862168258,48.30116199247028],[-107.27756523577835,48.30116225977685]]]]}"
00000000000000001743,3462,0,0,0,"{""type"":""MultiPolygon"",""coordinates"":[[[[-107.2776592777321,48.301169339158626],[-107.27763838684791,48.30115189835849],[-107.27763176730919,48.30115205981865],[-107.27762295225205,48.301254961952566],[-107.27767743366228,48.30127613839708],[-107.27771296300895,48.30117278873116],[-107.2776592777321,48.301169339158626]]],[[[-107.27765287073663,48.3008747121466],[-107.27763034230487,48.30112080798273],[-107.27773752643027,48.30112311688445],[-107.27784585191924,48.30084857832167],[-107.27779858748464,48.300840535689794],[-107.27780471202651,48.300827063416634],[-107.27779720702407,48.30080935542587],[-107.27776931142323,48.3007830543537],[-107.27776062503726,48.300738597820484],[-107.27771336080359,48.300730555158246],[-107.27770585586713,48.30071284719085],[-107.27767918647803,48.300713366048],[-107.2776663850293,48.30072708690386],[-107.27765821201676,48.30084335462035],[-107.27769238643809,48.30086054377771],[-107.27769944865926,48.3008693170545],[-107.27765287073663,48.3008747121466]],[[-107.27770675460096,48.30088259339405],[-107.27771979981856,48.300873375552406],[-107.27769944865926,48.3008693170545],[-107.27770675460096,48.30088259339405]]]]}"
00000000000000001780,3463,0,0,0,"{""type"":""MultiPolygon"",""coordinates"":[[[[-107.2777743076884,48.301198306710404],[-107.27775351883895,48.301180850150224],[-107.27771296300895,48.30117278873116],[-107.27767743366228,48.30127613839708],[-107.27767767737316,48.30128064149299],[-107.27773842512636,48.301292864399905],[-107.27774920462105,48.30123459634785],[-107.27780902740093,48.3012244149507],[-107.27782177157935,48.301210781104004],[-107.2778282942447,48.30120617214549],[-107.27785324290613,48.30116552218842],[-107.2777743076884,48.301198306710404]]],[[[-107.27792018403434,48.30086496536202],[-107.27787988489477,48.300861248572346],[-107.27788556664044,48.300838841555866],[-107.27784585191924,48.30084857832167],[-107.27773752643027,48.30112311688445],[-107.27775115606572,48.30112735263626],[-107.27775821834967,48.30113612595123],[-107.2778188243536,48.30114382991589],[-107.27784593685483,48.30115224579204],[-107.27785932279531,48.30115197844549],[-107.27797510804292,48.30089507622787],[-107.27796838639689,48.300895253487965],[-107.27796108033832,48.30088197716811],[-107.27793430862538,48.300882511880744],[-107.27792058211678,48.30087382871726],[-107.27792018403434,48.30086496536202]],[[-107.2778872878218,48.30087897235059],[-107.27791450230175,48.30088737239124],[-107.27792058211678,48.30087382871726],[-107.2778872878218,48.30087897235059]]]]}"
00000000000000001783,3464,0,0,0,"{""type"":""MultiPolygon"",""coordinates"":[[[[-107.27785324290613,48.30116552218842],[-107.2778282942447,48.30120617214549],[-107.27786094702633,48.301187661995776],[-107.2778597655613,48.30116091323194],[-107.27785324290613,48.30116552218842]]],[[[-107.27809842653147,48.30095963653443],[-107.27807145566442,48.30095573960427],[-107.27804380344298,48.30093394161322],[-107.27800276017624,48.300916874224974],[-107.27798177226191,48.300894986127545],[-107.27797510804292,48.30089507622787],[-107.27785932279531,48.30115197844549],[-107.27789928159083,48.30114674469324],[-107.27794042191695,48.301168259676324],[-107.27795434757823,48.301181374585695],[-107.27796121089116,48.30118571618875],[-107.27811161337434,48.30095493747054],[-107.27809842653147,48.30095963653443]]]]}"
0000000000000000177b,3465,0,0,0,"{""type"":""Polygon"",""coordinates"":[[[-107.27819957573591,48.30097555999866],[-107.27812499928126,48.30095467008881],[-107.27811161337434,48.30095493747054],[-107.27796121089116,48.30118571618875],[-107.27798165922411,48.30119422213135],[-107.27799548799784,48.30120288955685],[-107.27802260063427,48.30121130538909],[-107.2780634973971,48.301228317250896],[-107.27808384887155,48.301232375691136],[-107.27824635307115,48.30097459630736],[-107.27819957573591,48.30097555999866]]]}"
00000000000000001759,3466,0,0,0,"{""type"":""MultiPolygon"",""coordinates"":[[[[-107.2783307255198,48.300914901415574],[-107.27835019113624,48.30090109029807],[-107.27834312870479,48.3008923170692],[-107.27831013551315,48.300901876753365],[-107.27833112370138,48.30092376477494],[-107.2783307255198,48.300914901415574]]],[[[-107.27833112370138,48.30092376477494],[-107.27829140880664,48.30093350174492],[-107.27828532908975,48.30094704545511],[-107.27829219242624,48.30095138701475],[-107.27830622032317,48.3009644860384],[-107.2783067601585,48.3009778682514],[-107.27830740212404,48.30099123468928],[-107.27827455050198,48.30100531322876],[-107.27824635307115,48.30097459630736],[-107.27808384887155,48.301232375691136],[-107.27810409822412,48.3012364499055],[-107.278171811832,48.301252998337254],[-107.27820500440293,48.30124787033724],[-107.27821206684989,48.30125664363462],[-107.27838707584307,48.30097626376304],[-107.27834770163827,48.3009949512992],[-107.27833112370138,48.30092376477494]],[[-107.2783116580692,48.300937575894885],[-107.27831936246884,48.300959715563344],[-107.27833190734074,48.30094165004067],[-107.2783116580692,48.300937575894885]]]]}"
00000000000000001772,3467,0,0,0,"{""type"":""Polygon"",""coordinates"":[[[-107.27847557857358,48.3010102682539],[-107.27844684102307,48.300966169183205],[-107.2784068822578,48.30097140314465],[-107.27838707584307,48.30097626376304],[-107.27821206684989,48.30125664363462],[-107.27827424065076,48.301300118085166],[-107.27832832471621,48.30131243073138],[-107.2785092139219,48.301014074930826],[-107.27847557857358,48.3010102682539]]]}"
0000000000000000177a,3468,0,0,0,"{""type"":""Polygon"",""coordinates"":[[[-107.27850353247544,48.301036482050556],[-107.27851583349687,48.30101391340971],[-107.2785092139219,48.301014074930826],[-107.27832832471621,48.30131243073138],[-107.2783757445247,48.30132483347978],[-107.27837672726797,48.30134715059503],[-107.27836378407078,48.30135635283225],[-107.27835084086881,48.30136555506946],[-107.27832460852852,48.30137947222141],[-107.27836501060112,48.30138317306177],[-107.27839722057979,48.30135572785061],[-107.27841766920166,48.30136423372031],[-107.27842453263587,48.30136857530214],[-107.27844444140001,48.301363698855816],[-107.27846449183977,48.30136334128309],[-107.27848415679419,48.30135396173102],[-107.27848341779587,48.30133614771172],[-107.27851725255026,48.30134438611585],[-107.27851137192746,48.30136236166115],[-107.27851171271936,48.301371312254865],[-107.27848538341324,48.30138078195555],[-107.278485781626,48.30138964539125],[-107.2784731792061,48.30140779825089],[-107.27848068467921,48.301425506376496],[-107.27846828134739,48.30144809097115],[-107.27852216669439,48.30145597180873],[-107.27853716786059,48.301040288718646],[-107.27850353247544,48.301036482050556]],[[-107.27841648733563,48.301337484884534],[-107.27839623782427,48.30133341073229],[-107.27840330034567,48.30134218402786],[-107.27841648733563,48.301337484884534]]]}"
00000000000000001768,3469,0,0,0,"{""type"":""MultiPolygon"",""coordinates"":[[[[-107.27860084793531,48.30096758466639],[-107.27861443304118,48.30097174889696],[-107.27861423391627,48.30096731721455],[-107.27860084793531,48.30096758466639]]],[[[-107.2786372903464,48.30103382335435],[-107.2785640368464,48.30104420129671],[-107.27853716786059,48.301040288718646],[-107.27852216669439,48.30145597180873],[-107.27852888848106,48.30145579450445],[-107.27866343168884,48.301471021150235],[-107.27869682370329,48.30147032467508],[-107.2786372903464,48.30103382335435]]]]}"
0000000000000000176d,3470,0,0,0,"{""type"":""Polygon"",""coordinates"":[[[-107.27865067635649,48.30103355589636],[-107.2786372903464,48.30103382335435],[-107.27869682370329,48.30147032467508],[-107.27879783349158,48.30148172871785],[-107.27894512133527,48.30148332091711],[-107.27903185918187,48.30147712255413],[-107.27905843246083,48.30147215578848],[-107.27865067635649,48.30103355589636]],[[-107.2787135845718,48.30139406500255],[-107.27869323279882,48.301390006690944],[-107.27870044225956,48.30139883557479],[-107.2787135845718,48.30139406500255]]]}"
00000000000000001769,3471,0,0,0,"{""type"":""MultiPolygon"",""coordinates"":[[[[-107.27872102056051,48.30096076162864],[-107.27873538953176,48.300982811112256],[-107.2787421112475,48.30098263379642],[-107.27872102056051,48.30096076162864]]],[[[-107.27877006540184,48.301008847495474],[-107.27873741290897,48.30102735788454],[-107.27871652134021,48.30100991738287],[-107.2787035783044,48.301019119603325],[-107.27868431180926,48.301037362510996],[-107.27865067635649,48.30103355589636],[-107.27905843246083,48.30147215578848],[-107.27913806289038,48.30145711268554],[-107.27915801647363,48.301452307462604],[-107.27921719787265,48.30142875858624],[-107.27877006540184,48.301008847495474]],[[-107.27871122555685,48.3010413464282],[-107.27872427073095,48.30103212842369],[-107.2787041182841,48.30103250182422],[-107.27871122555685,48.3010413464282]]],[[[-107.27870151026379,48.30097450145433],[-107.27871415713946,48.30095642010101],[-107.27870704987996,48.30094757551104],[-107.27870052730856,48.30095218450442],[-107.2786866013455,48.30093906976748],[-107.27867321536445,48.30093933722926],[-107.27867277239582,48.30093040248899],[-107.27866635195635,48.30093499569964],[-107.27864708549882,48.30095323856998],[-107.27861423391627,48.30096731721455],[-107.27861443304118,48.30097174889696],[-107.27866169824655,48.30097979112775],[-107.27867439743565,48.300966085856096],[-107.27870151026379,48.30097450145433]],[[-107.27867399917119,48.3009572224932],[-107.27866101144659,48.30096635331653],[-107.27867439743565,48.300966085856096],[-107.27867399917119,48.3009572224932]]]]}"
00000000000000001770,3472,0,0,0,"{""type"":""MultiPolygon"",""coordinates"":[[[[-107.27871546360194,48.300835810608774],[-107.27872242913264,48.30084013634809],[-107.2787221852896,48.30083563329555],[-107.27871546360194,48.300835810608774]]],[[[-107.27871337331301,48.30093853483817],[-107.27870704987996,48.30094757551104],[-107.27871415713946,48.30095642010101],[-107.2787208788489,48.30095624278692],[-107.27872102056051,48.30096076162864],[-107.2787421112475,48.30098263379642],[-107.27876888326226,48.300982098850014],[-107.27876117855266,48.30095995921613],[-107.27879521228606,48.30097262914988],[-107.27878913271095,48.300986172898334],[-107.2787964391498,48.300999449171634],[-107.27877006540184,48.301008847495474],[-107.27921719787265,48.30142875858624],[-107.27925019164655,48.30141919848093],[-107.27927652101032,48.30140972856231],[-107.2792691172256,48.3013920047357],[-107.2792405200016,48.301352424494794],[-107.27923757018559,48.301285473237286],[-107.27921687732866,48.30127246447634],[-107.2792158940685,48.301250147414194],[-107.27886816448043,48.300957835144494],[-107.2788485571851,48.30096712753843],[-107.27884767116241,48.30094925805381],[-107.27885419372569,48.30094464905091],[-107.27878475767938,48.3008879704124],[-107.2787853423961,48.30090142398067],[-107.27874504274203,48.300897707564424],[-107.2787129303345,48.30092960009846],[-107.2787329805968,48.300929242477125],[-107.27873342358023,48.30093817721655],[-107.27871337331301,48.30093853483817]],[[-107.27880064970907,48.30094571898276],[-107.27880795614648,48.30095899524508],[-107.27882766556922,48.30094968708189],[-107.27880064970907,48.30094571898276]],[[-107.27874068528267,48.30095138210106],[-107.27876039470326,48.30094207395307],[-107.27873342358023,48.30093817721655],[-107.27874068528267,48.30095138210106]]]]}"
0000000000000000177f,3473,0,0,0,"{""type"":""Polygon"",""coordinates"":[[[-107.27884769796111,48.300797452588974],[-107.27884181759049,48.300815427962945],[-107.27880793840738,48.3008071183666],[-107.27881381879047,48.30078914299719],[-107.27880587022457,48.30076250040158],[-107.27878508087397,48.30074504422063],[-107.27877321796583,48.300781010711],[-107.27874654822523,48.30078152987405],[-107.2787339461332,48.3007996825517],[-107.27871467977144,48.300817925386674],[-107.27873512825484,48.30082643110616],[-107.2787221852896,48.30083563329555],[-107.27872242913264,48.30084013634809],[-107.2787694057006,48.30084360407331],[-107.27878475767938,48.3008879704124],[-107.27885419372569,48.30094464905091],[-107.27886076099232,48.300940111429746],[-107.27885325538047,48.300922403499236],[-107.27887281794634,48.30091303973109],[-107.27889134510761,48.300876982974735],[-107.27893910576452,48.30089833585455],[-107.27891949850438,48.30090762825166],[-107.27892700415111,48.30092533617118],[-107.27891420290435,48.30093905724299],[-107.27888782919605,48.300948455587466],[-107.27886816448043,48.300957835144494],[-107.2792158940685,48.301250147414194],[-107.27922000704065,48.30119196948884],[-107.27925952318455,48.301177800379435],[-107.27927878960054,48.301159557310164],[-107.27884769796111,48.300797452588974]],[[-107.27881113133893,48.300878572108154],[-107.2787975015099,48.30087433653147],[-107.2787981436577,48.30088770293539],[-107.27881113133893,48.300878572108154]]]}"
0000000000000000177e,3474,0,0,0,"{""type"":""MultiPolygon"",""coordinates"":[[[[-107.27884169752274,48.30066356727911],[-107.27883581717748,48.300681542606746],[-107.27886945240344,48.300685349137076],[-107.27884169752274,48.30066356727911]]],[[[-107.27886945240344,48.300685349137076],[-107.27886979329361,48.30069429961289],[-107.27882973767302,48.30069508628171],[-107.27883003384908,48.30070396537812],[-107.2788035058718,48.30070900337506],[-107.27881773309764,48.3007265339206],[-107.2787912051059,48.30073157191666],[-107.27878508087397,48.30074504422063],[-107.278805773205,48.300758052958706],[-107.27886607823788,48.30076134031472],[-107.27884769796111,48.300797452588974],[-107.27927878960054,48.301159557310164],[-107.27929177733512,48.30115042636984],[-107.2793224632058,48.30108728175745],[-107.27934128642168,48.3010601039535],[-107.27901529002936,48.30080303158438],[-107.27901563095341,48.300811982078656],[-107.27901607400776,48.30082091679527],[-107.27897783760957,48.30086628171467],[-107.27896489465455,48.30087548394341],[-107.27894934326667,48.300826685980766],[-107.27898199554423,48.30080817559508],[-107.27897513209906,48.30080383409918],[-107.27894085451436,48.30078666122182],[-107.27894575172493,48.30074636899582],[-107.27886945240344,48.300685349137076]],[[-107.27883047685923,48.300712900078516],[-107.2788436636262,48.300708200937905],[-107.27883003384908,48.30070396537812],[-107.27883047685923,48.300712900078516]]]]}"
00000000000000001774,3475,0,0,0,"{""type"":""MultiPolygon"",""coordinates"":[[[[-107.27909191194135,48.30072112534945],[-107.2790793099932,48.30073927804809],[-107.27906676545898,48.30075734359095],[-107.2790407775138,48.30077576381129],[-107.27902136950043,48.300789487870965],[-107.27903489722854,48.30079373918756],[-107.27902171042615,48.300798438362904],[-107.27901529002936,48.30080303158438],[-107.27934128642168,48.3010601039535],[-107.27942071686428,48.30104062906783],[-107.27945302824955,48.30101316791837],[-107.27909191194135,48.30072112534945]]],[[[-107.27894575172493,48.30074636899582],[-107.27894521165022,48.30073298685083],[-107.27893746215227,48.30071077595568],[-107.27894300155288,48.30068385013799],[-107.27896913119393,48.30066994879302],[-107.27898153398168,48.30064736447847],[-107.2789349558614,48.30065276017467],[-107.27889905316336,48.300599904192524],[-107.27888684951606,48.30062692012891],[-107.27885390121153,48.30063655132876],[-107.27887434966296,48.300645056990355],[-107.27884802087702,48.30065452664772],[-107.27884169752274,48.30066356727911],[-107.27886945240344,48.300685349137076],[-107.27894575172493,48.30074636899582]],[[-107.27888165608461,48.300658333172315],[-107.27888195227385,48.30066721226207],[-107.27889524115491,48.300662497339815],[-107.27888165608461,48.300658333172315]],[[-107.27888259445675,48.30068057861237],[-107.27886881022548,48.30067198278534],[-107.27886945240344,48.300685349137076],[-107.27888259445675,48.30068057861237]]]]}"
00000000000000001775,3476,0,0,0,"{""type"":""Polygon"",""coordinates"":[[[-107.27914818710926,48.30063069781314],[-107.27914220476914,48.300648688924255],[-107.27913044433022,48.300684639605585],[-107.27909191194135,48.30072112534945],[-107.27945302824955,48.30101316791837],[-107.27951107094867,48.30096294184194],[-107.27954347933316,48.30093992815978],[-107.27914818710926,48.30063069781314]]]}"
00000000000000001779,3477,0,0,0,"{""type"":""Polygon"",""coordinates"":[[[-107.27916602689703,48.30058120349981],[-107.27916701015029,48.300603520281484],[-107.27914818710926,48.30063069781314],[-107.27954347933316,48.30093992815978],[-107.27956960911438,48.30092602658087],[-107.27958181247838,48.30089901041274],[-107.27960152184373,48.300889702102744],[-107.27962829403543,48.30088916691327],[-107.27967423024528,48.30087040445379],[-107.27916602689703,48.30058120349981]]]}"
00000000000000001758,3478,0,0,0,"{""type"":""Polygon"",""coordinates"":[[[-107.27914036081611,48.300456698302845],[-107.27916558380277,48.30057226882526],[-107.27916602689703,48.30058120349981],[-107.27967423024528,48.30087040445379],[-107.27975821567438,48.300801686587725],[-107.27914036081611,48.300456698302845]]]}"
00000000000000001754,3479,0,0,0,"{""type"":""Polygon"",""coordinates"":[[[-107.27917569917334,48.30034875963665],[-107.27915667709021,48.300371505405955],[-107.2791573193798,48.30038487167728],[-107.279158058735,48.30040268536319],[-107.27915864359989,48.30041613880248],[-107.27913977595887,48.30044324485297],[-107.27914036081611,48.300456698302845],[-107.27975821567438,48.300801686587725],[-107.27983592236725,48.30074208083059],[-107.27984910916553,48.300737381548586],[-107.27917569917334,48.30034875963665]],[[-107.279528567682,48.30060527837946],[-107.27950831818866,48.30060120451735],[-107.27951538093892,48.30060997760438],[-107.279528567682,48.30060527837946]],[[-107.27951596593117,48.300623431090784],[-107.27949571643238,48.300619357224775],[-107.27950277918166,48.300628130315744],[-107.27951596593117,48.300623431090784]]]}"
00000000000000001753,3480,0,0,0,"{""type"":""Polygon"",""coordinates"":[[[-107.27927291510038,48.3002754151257],[-107.27924732597265,48.30030269847037],[-107.2791949651404,48.30033051688043],[-107.27917569917334,48.30034875963665],[-107.27984910916553,48.300737381548586],[-107.27986891558096,48.3007325206506],[-107.2798866574631,48.300678578695866],[-107.27991234374518,48.30065574241714],[-107.27963063575476,48.30049156971778],[-107.27927291510038,48.3002754151257]],[[-107.27963063575476,48.30049156971778],[-107.27958341514548,48.30048359942123],[-107.27959812568284,48.3005145990035],[-107.27963063575476,48.30049156971778]],[[-107.27957831941092,48.300519459822056],[-107.27955826918954,48.30051981761605],[-107.27956533194201,48.300528590685886],[-107.27957831941092,48.300519459822056]]]}"
0000000000000000172d,3481,0,0,0,"{""type"":""Polygon"",""coordinates"":[[[-107.27975383422174,48.30040426746623],[-107.27974055041207,48.30040451929315],[-107.27973328836003,48.300391314629096],[-107.27947500141556,48.30015525714463],[-107.27946833722224,48.30015534734663],[-107.27933753145668,48.30022495693081],[-107.27927291510038,48.3002754151257],[-107.27963063575476,48.30049156971778],[-107.27991234374518,48.30065574241714],[-107.27996327791185,48.30059667199499],[-107.27975383422174,48.30040426746623]],[[-107.27965676519591,48.30047766824117],[-107.27962312977996,48.300473862006214],[-107.2796439195801,48.30049131790524],[-107.27965676519591,48.30047766824117]]]}"
0000000000000000173c,3482,0,0,0,"{""type"":""Polygon"",""coordinates"":[[[-107.27973328836003,48.300391314629096],[-107.27980011591632,48.30038999236216],[-107.27978746963775,48.30040807365043],[-107.27975383422174,48.30040426746623],[-107.27996327791185,48.30059667199499],[-107.28006908104447,48.30056779819497],[-107.28008246708951,48.30056753053892],[-107.2800956091214,48.30056275985941],[-107.27960071124477,48.300121507602995],[-107.27960046728857,48.3001170046165],[-107.2795936485487,48.300112734601576],[-107.2795600134897,48.30010892836164],[-107.27954761118741,48.30013151250954],[-107.27947500141556,48.30015525714463],[-107.27969126053499,48.300351931490276],[-107.27973328836003,48.300391314629096]],[[-107.27981271747716,48.300371839698194],[-107.2797857463354,48.300367943299456],[-107.27979305311287,48.30038121933378],[-107.27981271747716,48.300371839698194]],[[-107.2796194132832,48.30024168622788],[-107.27959920865925,48.30023768378909],[-107.2796064706283,48.300250888427186],[-107.2796194132832,48.30024168622788]],[[-107.27969126053499,48.300351931490276],[-107.27970489041611,48.300356166897146],[-107.27973043467296,48.300328812026805],[-107.27970346359538,48.300324915606495],[-107.27969126053499,48.300351931490276]]]}"
00000000000000001766,3483,0,0,0,"{""type"":""Polygon"",""coordinates"":[[[-107.2797274046321,48.30011007447911],[-107.27966033366862,48.30010689368906],[-107.2795936485487,48.300112734601576],[-107.27960046728857,48.3001170046165],[-107.2796138531042,48.30011673703383],[-107.27960071124477,48.300121507602995],[-107.2800956091214,48.30056275985941],[-107.28022053609622,48.300511124115374],[-107.2797274046321,48.30011007447911]],[[-107.27969495236671,48.30013301646246],[-107.27968136727324,48.30012885245015],[-107.27968176579412,48.300137715664086],[-107.27969495236671,48.30013301646246]],[[-107.27965479487307,48.30013381924019],[-107.2796413119188,48.300129639442254],[-107.27964160830102,48.30013851843636],[-107.27965479487307,48.30013381924019]]]}"
00000000000000001730,3484,0,0,0,"{""type"":""Polygon"",""coordinates"":[[[-107.27988205280451,48.300124854113605],[-107.27984753106145,48.3001031787999],[-107.27982752571377,48.30010360802315],[-107.2797274046321,48.30011007447911],[-107.28022053609622,48.300511124115374],[-107.28022720040754,48.300511033857596],[-107.28024024522581,48.30050181574831],[-107.28030589005232,48.30047374477048],[-107.280319276097,48.300473477081916],[-107.28033928174841,48.300473047745555],[-107.28035237124854,48.30046390100865],[-107.27988205280451,48.300124854113605]]]}"
00000000000000001736,3485,0,0,0,"{""type"":""Polygon"",""coordinates"":[[[-107.27988205280451,48.300124854113605],[-107.28035237124854,48.30046390100865],[-107.28038457960419,48.30043645564744],[-107.28039752224791,48.30042725331141],[-107.28041016832285,48.30040917194148],[-107.280449638965,48.300394931191306],[-107.28048841429609,48.300362948157435],[-107.27988205280451,48.300124854113605]]]}"
00000000000000001735,3486,0,0,0,"{""type"":""Polygon"",""coordinates"":[[[-107.27995421928993,48.30009217459918],[-107.27993416921935,48.30009253246493],[-107.27984753106145,48.3001031787999],[-107.27988205280451,48.300124854113605],[-107.28048841429609,48.300362948157435],[-107.28050787926755,48.30034913676262],[-107.28053910335215,48.30029937478527],[-107.2805711121139,48.300267497838455],[-107.27995421928993,48.30009217459918]]]}"
00000000000000001732,3487,0,0,0,"{""type"":""Polygon"",""coordinates"":[[[-107.2800209045839,48.30008633343421],[-107.27995421928993,48.30009217459918],[-107.2805711121139,48.300267497838455],[-107.28060910247169,48.300217629856846],[-107.28063247850547,48.300141210097365],[-107.2800209045839,48.30008633343421]]]}"
00000000000000001739,3488,0,0,0,"{""type"":""Polygon"",""coordinates"":[[[-107.28063619026743,48.30007417019377],[-107.28060680723956,48.30001670645545],[-107.28058577292728,48.29999474796132],[-107.28023349178851,48.30005090275859],[-107.28023369111663,48.30005533435602],[-107.28022030523518,48.30005560202641],[-107.2800209045839,48.30008633343421],[-107.28063247850547,48.300141210097365],[-107.28064423746056,48.30010525963773],[-107.28063619026743,48.30007417019377]]]}"
0000000000000000172b,3489,0,0,0,"{""type"":""MultiPolygon"",""coordinates"":[[[[-107.28057890931245,48.29999040665082],[-107.2805631564055,48.29993717823124],[-107.28049367344614,48.29988043057988],[-107.28017783859484,48.30000282163754],[-107.2802460930662,48.30003275016089],[-107.28023349178851,48.30005090275859],[-107.28058577292728,48.29999474796132],[-107.28057890931245,48.29999040665082]]],[[[-107.28015989818289,48.3000523313416],[-107.28012650692939,48.300053028287415],[-107.28013194326493,48.30002611853858],[-107.28012507973247,48.300021777191006],[-107.27995421928993,48.30009217459918],[-107.2800209045839,48.30008633343421],[-107.28022030523518,48.30005560202641],[-107.28015989818289,48.3000523313416]]]]}"
0000000000000000172e,3490,0,0,0,"{""type"":""MultiPolygon"",""coordinates"":[[[[-107.28011071002655,48.29999972833299],[-107.28009698298106,48.299991045638485],[-107.2800899201503,48.29998227269853],[-107.27993416921935,48.30009253246493],[-107.27995421928993,48.30009217459918],[-107.28012507973247,48.300021777191006],[-107.28011071002655,48.29999972833299]]],[[[-107.28047278123337,48.29986299085322],[-107.28038367928616,48.29981569423485],[-107.28038323588306,48.29980675970257],[-107.28035592364624,48.299793913190406],[-107.2801225714884,48.299963762243365],[-107.28013669716803,48.29998130811283],[-107.28017783859484,48.30000282163754],[-107.28049367344614,48.29988043057988],[-107.28047278123337,48.29986299085322]]]]}"
0000000000000000172f,3491,0,0,0,"{""type"":""Polygon"",""coordinates"":[[[-107.28034219657704,48.299785230565206],[-107.28031464033518,48.299767881092755],[-107.28029394764361,48.299754872931445],[-107.2802328011226,48.29973378885516],[-107.28003984557927,48.29991180060898],[-107.28006706051285,48.299920199875295],[-107.28005485783086,48.29994721558974],[-107.28004147201388,48.29994748323304],[-107.28002808619867,48.299947750874416],[-107.28000763758757,48.299939245574166],[-107.27982752571377,48.30010360802315],[-107.27984753106145,48.3001031787999],[-107.27993416921935,48.30009253246493],[-107.2800899201503,48.29998227269853],[-107.28008315381508,48.29998237872327],[-107.2800432403312,48.29998768463367],[-107.28005608566409,48.299974035052855],[-107.280095799825,48.299964297547874],[-107.28010222000974,48.299959704332124],[-107.2801225714884,48.299963762243365],[-107.28035592364624,48.299793913190406],[-107.28034219657704,48.299785230565206]]]}"
000000000000000016b9,3492,0,0,0,"{""type"":""MultiPolygon"",""coordinates"":[[[[-107.28000087126618,48.29993935159267],[-107.27996748017075,48.29994004847772],[-107.27992555457764,48.29990064999363],[-107.27989804328436,48.299883371737614],[-107.27966033366862,48.30010689368906],[-107.2797274046321,48.30011007447911],[-107.27982752571377,48.30010360802315],[-107.28000763758757,48.299939245574166],[-107.28000087126618,48.29993935159267]]],[[[-107.28021921602885,48.29972962495024],[-107.28016346117337,48.29968155988006],[-107.28014973421746,48.29967287724285],[-107.28013594984826,48.29966428176427],[-107.279930251265,48.29985592683834],[-107.27995069979679,48.29986443214372],[-107.27997213211347,48.299895253908375],[-107.28003984557927,48.29991180060898],[-107.2802328011226,48.29973378885516],[-107.28021921602885,48.29972962495024]]]]}"
000000000000000016c3,3493,0,0,0,"{""type"":""MultiPolygon"",""coordinates"":[[[[-107.27980811349303,48.29981811829426],[-107.27981497692898,48.29982245965028],[-107.27982110067086,48.299808987527165],[-107.27980811349303,48.29981811829426]]],[[[-107.27982110067086,48.299808987527165],[-107.27982836266862,48.29982219204114],[-107.27986876388964,48.299825892162104],[-107.27988955353064,48.299843347798976],[-107.279930251265,48.29985592683834],[-107.28013594984826,48.29966428176427],[-107.28008108190399,48.29963408570699],[-107.28004038428556,48.29962150678117],[-107.28002003301829,48.29961744887332],[-107.27982110067086,48.299808987527165]]],[[[-107.2798775500607,48.2998747950378],[-107.27984979483371,48.2998530138124],[-107.27982959034026,48.299849011448075],[-107.27982346659276,48.29986248358203],[-107.27977624662684,48.29985451345839],[-107.27977590550161,48.29984556313332],[-107.27960873613014,48.300000722705555],[-107.27962246299008,48.30000940547612],[-107.27964987702923,48.30002223647764],[-107.27965796800673,48.300053397377326],[-107.27962487330909,48.30006297312582],[-107.27956412562816,48.30005075169312],[-107.2795902547476,48.30003685035817],[-107.27958947046533,48.300018965423796],[-107.27951862864673,48.30008291153182],[-107.27956629190591,48.30009981640303],[-107.2795600134897,48.30010892836164],[-107.2795936485487,48.300112734601576],[-107.27966033366862,48.30010689368906],[-107.27989804328436,48.299883371737614],[-107.2798775500607,48.2998747950378]],[[-107.27970036725824,48.299954232352746],[-107.27968624186252,48.29993668642088],[-107.27968722545694,48.29995900291767],[-107.27970036725824,48.299954232352746]],[[-107.27966045392064,48.299959538097575],[-107.27965437480646,48.299973081630675],[-107.27970159483023,48.29998105183055],[-107.27968722545694,48.29995900291767],[-107.27966045392064,48.299959538097575]],[[-107.27976763725273,48.2999618447038],[-107.27974066642271,48.29995794831459],[-107.2797279231537,48.29997158207109],[-107.27972910603955,48.29999833017674],[-107.27974150820371,48.29997574606558],[-107.27978200668758,48.29998389360428],[-107.27976763725273,48.2999618447038]]]]}"
000000000000000016c4,3494,0,0,0,"{""type"":""GeometryCollection"",""geometries"":[{""type"":""LineString"",""coordinates"":[[-107.27960853760209,48.299996290467526],[-107.2796087361375,48.30000074729092]]},{""type"":""Polygon"",""coordinates"":[[[-107.27960853687763,48.29999629110949],[-107.27960853760209,48.299996290467526],[-107.2796343248644,48.29997343942976],[-107.27977590550161,48.29984556313332],[-107.27977427932149,48.299809880566805],[-107.27980811349303,48.29981811829426],[-107.28002003301829,48.29961744887332],[-107.28000650544358,48.29961319778573],[-107.27995613503481,48.29953384723527],[-107.27994902761854,48.29952500297815],[-107.27993010348636,48.29955219586441],[-107.27991716112157,48.299561397978735],[-107.27991054170893,48.299561559587886],[-107.27961557811521,48.29985319003518],[-107.27960905579677,48.29985779898883],[-107.27942286419528,48.30003570398835],[-107.27949151601678,48.3000744963005],[-107.27951862864673,48.30008291153182],[-107.27958947046533,48.300018965423796],[-107.279581964586,48.3000012578642],[-107.2795880884327,48.29998778570793],[-107.27960853687763,48.29999629110949]],[[-107.27976069432162,48.29980571658869],[-107.27974730859752,48.299805984187934],[-107.2797477071389,48.29981484734717],[-107.27976069432162,48.29980571658869]],[[-107.2796343248644,48.29997343942976],[-107.27962073984348,48.29996927541957],[-107.27962113835183,48.29997813860744],[-107.2796343248644,48.29997343942976]],[[-107.2795880884327,48.29998778570793],[-107.27958078180822,48.29997450975252],[-107.27956107295167,48.29998381788491],[-107.2795880884327,48.29998778570793]]]}]}"
000000000000000016c2,3495,0,0,0,"{""type"":""GeometryCollection"",""geometries"":[{""type"":""Point"",""coordinates"":[-107.2799490103754,48.299525043973986]},{""type"":""Polygon"",""coordinates"":[[[-107.2793134704335,48.29998426094577],[-107.27937466090847,48.300005417105986],[-107.27942286419528,48.30003570398835],[-107.27960905579677,48.29985779898883],[-107.2795695410891,48.299871967853356],[-107.27955497260392,48.29984548737886],[-107.27961557811521,48.29985319003518],[-107.27991054170893,48.299561559587886],[-107.27981487477102,48.299518800223815],[-107.27980104587897,48.299510133338124],[-107.27953167086356,48.299774480024496],[-107.27951892761739,48.299788113705574],[-107.27951917156541,48.29979261666458],[-107.27948019722638,48.299820167375835],[-107.27949358291765,48.29981989981459],[-107.27947387414449,48.29982920789987],[-107.27937126755053,48.29992953299699],[-107.2793134704335,48.29998426094577]],[[-107.27955256236952,48.29979191994468],[-107.27957251507418,48.29978711480863],[-107.27955868618257,48.29977844784425],[-107.27955256236952,48.29979191994468]],[[-107.27955256236952,48.29979191994468],[-107.27953917667996,48.29979218751397],[-107.27955300556879,48.29980085448348],[-107.27955256236952,48.29979191994468]],[[-107.27937126755053,48.29992953299699],[-107.27937833014614,48.29993830598703],[-107.27939131741255,48.29992917525512],[-107.27937126755053,48.29992953299699]]]}]}"
000000000000000016bc,3496,0,0,0,"{""type"":""GeometryCollection"",""geometries"":[{""type"":""LineString"",""coordinates"":[[-107.27953152051327,48.29977003422771],[-107.27953171928415,48.299774496522566]]},{""type"":""Polygon"",""coordinates"":[[[-107.27928635798177,48.299975845667674],[-107.2793134704335,48.29998426094577],[-107.27937126755053,48.29992953299699],[-107.27947387414449,48.29982920789987],[-107.27946725471473,48.29982936947971],[-107.2794601921092,48.299820596514465],[-107.27948019722638,48.299820167375835],[-107.27951892761739,48.299788113705574],[-107.27950514345115,48.29977951811267],[-107.27951112545621,48.299761527281966],[-107.27953157374665,48.299770032667574],[-107.27980104587897,48.299510133338124],[-107.27976731411253,48.29950187986941],[-107.27974662187769,48.29948887164378],[-107.27972592966164,48.29947586341642],[-107.27971210081904,48.299467196523686],[-107.27968503322711,48.29945885281549],[-107.27966454032558,48.299450276130656],[-107.27946909861521,48.29972214448816],[-107.27947586485836,48.29972203850953],[-107.2794628776782,48.29973116921504],[-107.27946301949194,48.29973568794883],[-107.27944375393773,48.299753930543964],[-107.27949141671606,48.29977083535978],[-107.27946582807249,48.29979811849109],[-107.27943851643852,48.2997852717049],[-107.2794192508493,48.29980351431306],[-107.2794122853654,48.29979918870754],[-107.27939366214828,48.29983079744339],[-107.27928635798177,48.299975845667674]],[[-107.27939366214828,48.29983079744339],[-107.27940150892935,48.29985745529341],[-107.27941391119161,48.29983487128196],[-107.27939366214828,48.29983079744339]]]}]}"
000000000000000016bb,3497,0,0,0,"{""type"":""GeometryCollection"",""geometries"":[{""type"":""Point"",""coordinates"":[-107.27933008795267,48.29975616357159]},{""type"":""Polygon"",""coordinates"":[[[-107.27964409214295,48.29944177082184],[-107.2795486253399,48.29940344281286],[-107.27952881968018,48.29940830350397],[-107.27936068901617,48.29969301817596],[-107.27939476676922,48.29970575899222],[-107.27946909861521,48.29972214448816],[-107.27966454032558,48.299450276130656],[-107.27964409214295,48.29944177082184]]]},{""type"":""Polygon"",""coordinates"":[[[-107.2794122853654,48.29979918870754],[-107.27940497884826,48.29978591278319],[-107.27943763009579,48.299767402631595],[-107.27944395317188,48.29975836212062],[-107.2794628776782,48.29973116921504],[-107.27944949202333,48.29973143677065],[-107.27943635030833,48.29973620727904],[-107.27941521497709,48.299714264395746],[-107.27939693284581,48.299754823392234],[-107.27937614359588,48.29973736766794],[-107.27934250897685,48.29973356136759],[-107.27933623059253,48.299742673247906],[-107.27937124707456,48.2997776591327],[-107.27933133402878,48.29978296471574],[-107.27931770445075,48.29977872929391],[-107.2792928998655,48.29982389725375],[-107.27925697754753,48.29991838155715],[-107.27927159049955,48.29994493349945],[-107.27927277305172,48.29997168160577],[-107.27928635798177,48.299975845667674],[-107.27939954208293,48.29981282238004],[-107.2794122853654,48.29979918870754]],[[-107.27936309897683,48.29974658552211],[-107.27937040546925,48.29975986144043],[-107.27938345009257,48.299750643582854],[-107.27936309897683,48.29974658552211]],[[-107.27937953698677,48.29981325150128],[-107.27938659956568,48.29982202447192],[-107.27939954208293,48.29981282238004],[-107.27937953698677,48.29981325150128]],[[-107.2793515383211,48.299786967184986],[-107.27935864559142,48.29979581153365],[-107.27937158810175,48.29978660945026],[-107.2793515383211,48.299786967184986]],[[-107.27933982312075,48.29982298867496],[-107.27934688568875,48.299831761650395],[-107.27935982821376,48.29982255956199],[-107.27933982312075,48.29982298867496]]]}]}"
000000000000000016bf,3498,0,0,0,"{""type"":""MultiPolygon"",""coordinates"":[[[[-107.2793291233382,48.29973382890602],[-107.27933623059253,48.299742673247906],[-107.27934250897685,48.29973356136759],[-107.2793291233382,48.29973382890602]]],[[[-107.27929779647884,48.299783605755565],[-107.2792928998655,48.29982389725375],[-107.27931770445075,48.29977872929391],[-107.27929779647884,48.299783605755565]]],[[[-107.27931652185745,48.29975198128639],[-107.27929647210732,48.29975233900862],[-107.27929769939031,48.29977915839693],[-107.27933010672119,48.29975614532656],[-107.27931652185745,48.29975198128639]]],[[[-107.27946189196027,48.299409641287106],[-107.27940845194354,48.29941069570013],[-107.27938083926247,48.299393433215805],[-107.2793541703485,48.29939395251302],[-107.27934009775029,48.29938078265034],[-107.27930660628986,48.29968070645254],[-107.27931337251366,48.29968060048592],[-107.27935382569049,48.29968867679527],[-107.27936068901617,48.29969301817596],[-107.27952881968018,48.29940830350397],[-107.27946189196027,48.299409641287106]]]]}"
0000000000000000173d,3499,0,0,0,"{""type"":""MultiPolygon"",""coordinates"":[[[[-107.27926556823259,48.299659176874684],[-107.27926590923573,48.29966812717325],[-107.27928615814932,48.29967220102955],[-107.27930660628986,48.29968070645254],[-107.27934009775029,48.29938078265034],[-107.27932661514352,48.29937660285872],[-107.27924511956826,48.29935146020911],[-107.27922442771526,48.29933845189819],[-107.27921090045,48.29933420071307],[-107.27917720887217,48.299629692662634],[-107.27919059445163,48.299629425147394],[-107.27921770660777,48.299637840405104],[-107.27924487620727,48.299646168497134],[-107.27925218263174,48.29965944440106],[-107.27926556823259,48.299659176874684]]],[[[-107.27926590923573,48.29966812717325],[-107.27925252363161,48.2996683946998],[-107.27925218263174,48.29965944440106],[-107.27922496831484,48.2996510449295],[-107.27919982275708,48.29968726245246],[-107.27919330044851,48.299691871363216],[-107.27919418667315,48.299709740416354],[-107.27916785856274,48.299719209977425],[-107.27916884184755,48.29974152639596],[-107.27916187642315,48.29973720077583],[-107.27915762198242,48.29979085835664],[-107.27916546856785,48.29981751621085],[-107.27922685779964,48.29984310399517],[-107.27922868264898,48.29988321819512],[-107.27924206832733,48.29988295066892],[-107.27925579500469,48.29989163347725],[-107.27925697754753,48.29991838155715],[-107.2792928998655,48.29982389725375],[-107.27929779647884,48.299783605755565],[-107.27928451295612,48.299783857509205],[-107.27929769939031,48.29977915839693],[-107.27929647210732,48.29975233900862],[-107.27926317851401,48.29975748299237],[-107.27926175204335,48.29972623203867],[-107.27928876721764,48.2997301999344],[-107.27928778385903,48.299707883523716],[-107.27927361410076,48.29969026622405],[-107.27926590923573,48.29966812717325]],[[-107.27920712916831,48.29970053837042],[-107.27922007165871,48.299691336324464],[-107.27919982275708,48.29968726245246],[-107.27920712916831,48.29970053837042]]]]}"
00000000000000001745,3500,0,0,0,"{""type"":""MultiPolygon"",""coordinates"":[[[[-107.27914849080884,48.299737468288484],[-107.27915762198242,48.29979085835664],[-107.27916187642315,48.29973720077583],[-107.27914849080884,48.299737468288484]]],[[[-107.27916368159833,48.29932623033937],[-107.27912906417305,48.2993001077392],[-107.27908184542463,48.29929213732779],[-107.27903634816106,48.29962350758321],[-107.27904973371828,48.299623240088195],[-107.27909709462621,48.29963572928215],[-107.27917720887217,48.299629692662634],[-107.27921090045,48.29933420071307],[-107.27916368159833,48.29932623033937]]]]}"
00000000000000001742,3501,0,0,0,"{""type"":""Polygon"",""coordinates"":[[[-107.27900099267102,48.29928036049137],[-107.27898824949361,48.299293993973414],[-107.27894730922209,48.29927691171523],[-107.27890293572999,48.29963511694623],[-107.27897006263764,48.299638211115635],[-107.27903634816106,48.29962350758321],[-107.27908184542463,48.29929213732779],[-107.27900099267102,48.29928036049137]]]}"
000000000000000016b8,3502,0,0,0,"{""type"":""Polygon"",""coordinates"":[[[-107.27894034392232,48.29927258611373],[-107.27891979911647,48.29925963335194],[-107.27889930667179,48.29925105652444],[-107.27872117975991,48.29961192037389],[-107.27878864736164,48.2996239649696],[-107.27890293572999,48.29963511694623],[-107.27894730922209,48.29927691171523],[-107.27894034392232,48.29927258611373]]]}"
00000000000000001731,3503,0,0,0,"{""type"":""Polygon"",""coordinates"":[[[-107.27885164512068,48.29923415154924],[-107.278837918827,48.29922546878096],[-107.27879736436367,48.29921740808193],[-107.27872898996405,48.29933483242819],[-107.27872246769768,48.29933944127531],[-107.27857958081138,48.299587921176524],[-107.27860669261499,48.29959633660905],[-107.27869406788474,48.29960350497302],[-107.27872117975991,48.29961192037389],[-107.27889930667179,48.29925105652444],[-107.27885164512068,48.29923415154924]]]}"
0000000000000000173e,3504,0,0,0,"{""type"":""GeometryCollection"",""geometries"":[{""type"":""LineString"",""coordinates"":[[-107.27871618546261,48.29934850849908],[-107.27872247593412,48.299339451328414]]},{""type"":""Polygon"",""coordinates"":[[[-107.27877059361597,48.299217942986374],[-107.2787096042978,48.29920121823809],[-107.27868817367236,48.299170396551794],[-107.2786814522894,48.29917057384935],[-107.27845724799207,48.299545679438566],[-107.27847803649888,48.29956313531754],[-107.27857958081138,48.299587921176524],[-107.2787161445786,48.29934848166854],[-107.2787154054081,48.29933066832825],[-107.27872898996405,48.29933483242819],[-107.27879736436367,48.29921740808193],[-107.27877059361597,48.299217942986374]]]}]}"
000000000000000016d3,3505,0,0,0,"{""type"":""Polygon"",""coordinates"":[[[-107.27866086298371,48.29915754967244],[-107.27857912509444,48.29912790361493],[-107.27857250585218,48.29912806512624],[-107.27833461438578,48.29949902178419],[-107.27838183283899,48.299506992601444],[-107.27845724799207,48.299545679438566],[-107.2786814522894,48.29917057384935],[-107.27866086298371,48.29915754967244]],[[-107.27861418474929,48.29916296078891],[-107.27858055100842,48.29915915424069],[-107.27858825533144,48.29918129314797],[-107.27861418474929,48.29916296078891]]]}"
000000000000000016d4,3506,0,0,0,"{""type"":""Polygon"",""coordinates"":[[[-107.27850479554156,48.29911151755561],[-107.27847891084166,48.299129921246525],[-107.27844601623967,48.29914392792786],[-107.27842556877548,48.29913542239053],[-107.27821248154828,48.29946121134045],[-107.27826680673436,48.2994780266022],[-107.2783077018927,48.2994950378454],[-107.27833461438578,48.29949902178419],[-107.27857250585218,48.29912806512624],[-107.27850479554156,48.29911151755561]],[[-107.27848043366532,48.2991656191872],[-107.27846018529262,48.29916154518621],[-107.27846749129499,48.299174821039344],[-107.27848043366532,48.2991656191872]]]}"
00000000000000001741,3507,0,0,0,"{""type"":""Polygon"",""coordinates"":[[[-107.27840532043732,48.299131348379426],[-107.27838280521955,48.29907822626583],[-107.27836952207902,48.29907847787991],[-107.27829715843659,48.29910672400225],[-107.2782719105319,48.299142956694425],[-107.2782786318811,48.29914277942647],[-107.27827210962778,48.29914738822602],[-107.2780902469961,48.299423416535625],[-107.27818526792277,48.29945281158818],[-107.27821248154828,48.29946121134045],[-107.27842556877548,48.29913542239053],[-107.27840532043732,48.299131348379426]],[[-107.27829932308249,48.2991557879097],[-107.27832741722173,48.29918651957075],[-107.27834668276161,48.299168277394806],[-107.27829932308249,48.2991557879097]],[[-107.27829932308249,48.2991557879097],[-107.27829226095669,48.29914701495773],[-107.27828593780076,48.29915605529082],[-107.27829932308249,48.2991557879097]]]}"
000000000000000016d6,3508,0,0,0,"{""type"":""GeometryCollection"",""geometries"":[{""type"":""LineString"",""coordinates"":[[-107.27826568204462,48.29915196770322],[-107.27827213713365,48.2991473969985]]},{""type"":""Polygon"",""coordinates"":[[[-107.2782719105319,48.299142956694425],[-107.27829715843659,48.29910672400225],[-107.27827068397777,48.29911613759591],[-107.27825067949657,48.299116566460846],[-107.2782372942359,48.29911683383445],[-107.27821018296667,48.29910841836013],[-107.27818296959278,48.29910001865664],[-107.27816252227198,48.29909151306672],[-107.27796815968185,48.29938567719436],[-107.27800905446978,48.29940268854449],[-107.27808342866392,48.29941914645895],[-107.2780902469961,48.299423416535625],[-107.27826568949843,48.29915198124778],[-107.27826568204462,48.29915196770322],[-107.2782583835883,48.29913870538268],[-107.2782719105319,48.299142956694425]],[[-107.2782583835883,48.29913870538268],[-107.27825132147821,48.29912993243011],[-107.27822489170534,48.29913941739537],[-107.2782583835883,48.29913870538268]]]}]}"
00000000000000001746,3509,0,0,0,"{""type"":""Polygon"",""coordinates"":[[[-107.27814207496502,48.29908300747346],[-107.27807456432366,48.29907089112455],[-107.27804681126489,48.29904910965306],[-107.27804019207369,48.29904927112616],[-107.27784592595215,48.299347882111554],[-107.27788672366646,48.299360446176266],[-107.27792766305406,48.29937752893572],[-107.27796815968185,48.29938567719436],[-107.27816252227198,48.29909151306672],[-107.27814207496502,48.29908300747346]]]}"
000000000000000016db,3510,0,0,0,"{""type"":""Polygon"",""coordinates"":[[[-107.27800635964441,48.29904103285116],[-107.27797684056465,48.298979050608665],[-107.2779698755056,48.29897472495496],[-107.27771653376179,48.299296866541404],[-107.27775016721338,48.299300673409334],[-107.2777710572238,48.29931811359924],[-107.27783180192613,48.29933033607268],[-107.27783244374974,48.29934370210257],[-107.27784592595215,48.299347882111554],[-107.27804019207369,48.29904927112616],[-107.27800635964441,48.29904103285116]]]}"
000000000000000016da,3511,0,0,0,"{""type"":""Polygon"",""coordinates"":[[[-107.27789358195987,48.298913706210804],[-107.27780436084787,48.299013760573544],[-107.2778178429269,48.29901794056362],[-107.27781196249556,48.299035915273635],[-107.27784015812284,48.29906663124668],[-107.27781318871534,48.29906273434596],[-107.27777224976492,48.299045651627914],[-107.27758768171698,48.29925923262199],[-107.27760126595034,48.29926339688396],[-107.27767613429496,48.29929316550768],[-107.27771653376179,48.299296866541404],[-107.2779698755056,48.29897472495496],[-107.27789358195987,48.298913706210804]]]}"
000000000000000016d9,3512,0,0,0,"{""type"":""MultiPolygon"",""coordinates"":[[[[-107.27768889467102,48.29897585966258],[-107.27768212869378,48.29897596550713],[-107.27747829491362,48.299207788065544],[-107.27750540586595,48.29921620377019],[-107.27758768171698,48.29925923262199],[-107.27777224976492,48.299045651627914],[-107.27775180266052,48.29903714595378],[-107.27773719133361,48.299010594193106],[-107.27771674426371,48.29900208851626],[-107.27770914268577,48.29897993382097],[-107.27768889467102,48.29897585966258]]],[[[-107.27770914268577,48.29897993382097],[-107.27775571822394,48.29897453895458],[-107.27779073194944,48.2990095249792],[-107.27780436084787,48.299013760573544],[-107.27789358195987,48.298913706210804],[-107.27787975402342,48.298905039123106],[-107.27787921429794,48.29889165742736],[-107.27791818808386,48.29886410786148],[-107.2778885671667,48.29880214156842],[-107.27788782838402,48.29878432839524],[-107.2778734607686,48.29876227966348],[-107.27770791653916,48.298953114787295],[-107.27770914268577,48.29897993382097]],[[-107.2778419917977,48.298807536477426],[-107.27784243458946,48.29881647086878],[-107.277855620638,48.298811772049845],[-107.2778419917977,48.298807536477426]]]]}"
0000000000000000173f,3513,0,0,0,"{""type"":""MultiPolygon"",""coordinates"":[[[[-107.27770693412072,48.298930798663235],[-107.27770065560547,48.2989399103022],[-107.27770791653916,48.298953114787295],[-107.2778734607686,48.29876227966348],[-107.2778732170186,48.298757776782644],[-107.27765907511932,48.298909461643326],[-107.2776860443546,48.29891335858043],[-107.27767310199637,48.29892256028153],[-107.27770693412072,48.298930798663235]]],[[[-107.27767310199637,48.29892256028153],[-107.27766633603001,48.29892266612457],[-107.2776592741423,48.29891389315854],[-107.27761368107835,48.29894160409078],[-107.2776138800956,48.29894603560892],[-107.27760715882874,48.29894621282762],[-107.2773478199113,48.29913447165438],[-107.27736826688238,48.29914297743346],[-107.27743063481817,48.299190882362176],[-107.27747829491362,48.299207788065544],[-107.27768212869378,48.29897596550713],[-107.27766089830058,48.29894957520992],[-107.27768060664032,48.2989402676618],[-107.27767310199637,48.29892256028153]],[[-107.27762098667387,48.29895487996361],[-107.27763412806927,48.29895010978187],[-107.2776138800956,48.29894603560892],[-107.27762098667387,48.29895487996361]]]]}"
000000000000000016d8,3514,0,0,0,"{""type"":""Polygon"",""coordinates"":[[[-107.27785203125305,48.298731458017336],[-107.27785746880733,48.29870454903615],[-107.27784374308136,48.29869586619804],[-107.27781579144347,48.2986696533076],[-107.27780280449015,48.29867878360195],[-107.27761464974412,48.29881204894743],[-107.2776348976465,48.29881612311175],[-107.2776561279485,48.298842513350685],[-107.2776156321103,48.29883436502385],[-107.27760792850157,48.29881222616513],[-107.27723823511205,48.29907859538944],[-107.27727937258327,48.29910010988995],[-107.2773068813117,48.29911738870602],[-107.2773478199113,48.29913447165438],[-107.27760715882874,48.29894621282762],[-107.27760029597137,48.29894187137086],[-107.27761348206111,48.29893717257301],[-107.27761368107835,48.29894160409078],[-107.2776592741423,48.29891389315854],[-107.27765241128044,48.29890955170824],[-107.27765907511932,48.298909461643326],[-107.2778732170186,48.298757776782644],[-107.27785203125305,48.298731458017336]],[[-107.2778120751065,48.298736691444674],[-107.27779869004539,48.2987369587502],[-107.27779913282741,48.29874589313012],[-107.2778120751065,48.298736691444674]],[[-107.277644906657,48.29889184433549],[-107.27759768951877,48.29888387321504],[-107.27762588479885,48.298914589171815],[-107.277644906657,48.29889184433549]]]}"
00000000000000001747,3515,0,0,0,"{""type"":""Polygon"",""coordinates"":[[[-107.27711423894893,48.299000598709796],[-107.27712786766422,48.29900483440405],[-107.27719023490889,48.299052739381715],[-107.27723823511205,48.29907859538944],[-107.27760792850157,48.29881222616513],[-107.27761464974412,48.29881204894743],[-107.27780280449015,48.29867878360195],[-107.27748796316097,48.29882347883297],[-107.27711423894893,48.299000598709796]],[[-107.27760792850157,48.29881222616513],[-107.27760714515681,48.29879434160333],[-107.27758101679478,48.298808242054356],[-107.27760792850157,48.29881222616513]],[[-107.27748796316097,48.29882347883297],[-107.27749506967882,48.29883232317809],[-107.27750821102693,48.29882755302579],[-107.27748796316097,48.29882347883297]]]}"
00000000000000001688,3516,0,0,0,"{""type"":""Polygon"",""coordinates"":[[[-107.27778093231225,48.29863902762196],[-107.277056474871,48.29890352413558],[-107.27707084191637,48.29892557306265],[-107.27707138134484,48.29893895477901],[-107.27708673045016,48.29898331987074],[-107.27711423894893,48.299000598709796],[-107.27748796316097,48.29882347883297],[-107.27780280449015,48.29867878360195],[-107.27781579144347,48.2986696533076],[-107.27778093231225,48.29863902762196]],[[-107.27747947635848,48.29878345540557],[-107.27744584349928,48.29877964846492],[-107.27746021079788,48.29880169727588],[-107.27747947635848,48.29878345540557]]]}"
00000000000000001687,3517,0,0,0,"{""type"":""Polygon"",""coordinates"":[[[-107.27776710451519,48.298630360559336],[-107.27774513549502,48.298586157340964],[-107.27754652963417,48.29863476697293],[-107.27699248461231,48.29881993717719],[-107.2769997452177,48.298833141694296],[-107.2770278376574,48.298863873591735],[-107.27702828024849,48.29887280800141],[-107.277056474871,48.29890352413558],[-107.27778093231225,48.29863902762196],[-107.27776710451519,48.298630360559336]]]}"
000000000000000016d2,3518,0,0,0,"{""type"":""Polygon"",""coordinates"":[[[-107.27695384000408,48.29870456550014],[-107.27695428257906,48.298713499883746],[-107.27694815821413,48.29872697156192],[-107.27698453779121,48.29879329537479],[-107.27699248461231,48.29881993717719],[-107.27754652963417,48.29863476697293],[-107.27695384000408,48.29870456550014]]]}"
000000000000000016cf,3519,0,0,0,"{""type"":""Polygon"",""coordinates"":[[[-107.27732340136282,48.2985855509116],[-107.27732256072676,48.29856775357645],[-107.27691642119397,48.29861601292704],[-107.27692466368343,48.29865153341802],[-107.27695339742911,48.29869563111802],[-107.27695384000408,48.29870456550014],[-107.27754652963417,48.29863476697293],[-107.27774513549502,48.298586157340964],[-107.277737829904,48.29857288156967],[-107.27774395400513,48.29855940988694],[-107.27767688748239,48.29855622769242],[-107.27767036530864,48.29856083639818],[-107.2776701662819,48.29855640491255],[-107.27764991850641,48.298552330772395],[-107.27746263119272,48.298556056738065],[-107.2774316047593,48.29861024760662],[-107.2774165958586,48.298574833022805],[-107.27736355618501,48.298584749199584],[-107.27735727767678,48.29859386075654],[-107.27732340136282,48.2985855509116]],[[-107.27748396332477,48.29858243111649],[-107.27746381247636,48.29858280419907],[-107.27747087424757,48.298591577127716],[-107.27748396332477,48.29858243111649]],[[-107.27735727767678,48.29859386075654],[-107.27736433941624,48.29860263369564],[-107.27737728168677,48.29859343209382],[-107.27735727767678,48.29859386075654]]]}"
000000000000000016d1,3520,0,0,0,"{""type"":""Polygon"",""coordinates"":[[[-107.2773684544852,48.298544458697364],[-107.2773483483807,48.29854490313369],[-107.27734192831504,48.29854949603998],[-107.2773147157977,48.29854109615724],[-107.27690420625062,48.29849115718476],[-107.27691642119397,48.29861601292704],[-107.27732256072676,48.29856775357645],[-107.27732222018233,48.29855880344486],[-107.2773759014761,48.29856225313712],[-107.2773684544852,48.298544458697364]]]}"
000000000000000016d0,3521,0,0,0,"{""type"":""MultiPolygon"",""coordinates"":[[[[-107.27736119376472,48.29853125428284],[-107.2773483483807,48.29854490313369],[-107.2773684544852,48.298544458697364],[-107.27736119376472,48.29853125428284]]],[[[-107.27746066662785,48.29851142482121],[-107.27746772838621,48.298520197738604],[-107.27744140121696,48.29852966659049],[-107.27742875484903,48.29854774693695],[-107.27745596743148,48.29855614678678],[-107.27764991850641,48.298552330772395],[-107.27746066662785,48.29851142482121]]],[[[-107.2773147157977,48.29854109615724],[-107.27730687087865,48.29851443875052],[-107.27730622923166,48.298501072921404],[-107.27730480437893,48.298469822637195],[-107.2769262076576,48.298383561812145],[-107.2769264065951,48.29838799328715],[-107.27690106148734,48.29841977788428],[-107.27690420625062,48.29849115718476],[-107.27726749934256,48.298533124909824],[-107.2773147157977,48.29854109615724]],[[-107.27728034474019,48.29851947607247],[-107.27725985343983,48.29851089898583],[-107.27726749934256,48.298533124909824],[-107.27728034474019,48.29851947607247]]]]}"
000000000000000016c9,3522,0,0,0,"{""type"":""MultiPolygon"",""coordinates"":[[[[-107.27693620398593,48.29830741263622],[-107.27695091120327,48.298338411437385],[-107.27693861049882,48.29836097873255],[-107.2769262076576,48.298383561812145],[-107.27730480437893,48.298469822637195],[-107.27728911458637,48.298416507905294],[-107.27731666754678,48.29843385788718],[-107.2773181892734,48.29846955540605],[-107.27733789735656,48.298460248018905],[-107.27732887123813,48.29840684326505],[-107.27734063223711,48.2983708943324],[-107.27693620398593,48.29830741263622]]],[[[-107.27764436474645,48.2984273852774],[-107.27762445766899,48.29843226124549],[-107.27762391802645,48.29841887966537],[-107.27750919266322,48.29839879195149],[-107.27751625441819,48.2984075648468],[-107.2774893877363,48.29840365211156],[-107.2774362908644,48.298413655446616],[-107.27744355159898,48.29842685982585],[-107.27743193223719,48.298467327442296],[-107.27740614466946,48.29849017787191],[-107.2774265913275,48.2984986835433],[-107.27744649842352,48.298493807609646],[-107.27746066662785,48.29851142482121],[-107.27764991850641,48.298552330772395],[-107.2776701662819,48.29855640491255],[-107.2776630597545,48.298547560626595],[-107.27768330753186,48.29855163476358],[-107.27767688748239,48.29855622769242],[-107.27774395400513,48.29855940988694],[-107.277769099698,48.29852319351102],[-107.27778125845828,48.298496107412724],[-107.27775374979419,48.298478828933064],[-107.27775296636844,48.29846094448683],[-107.27773207681167,48.29844350456306],[-107.27771835122446,48.29843482174621],[-107.27769138231855,48.29843092484494],[-107.2776714752349,48.298435800823256],[-107.2776449043963,48.298440766859365],[-107.27764436474645,48.2984273852774]],[[-107.27764578989243,48.29845863552417],[-107.27765305072562,48.29847183989625],[-107.2776659929173,48.298462638280206],[-107.27764578989243,48.29845863552417]],[[-107.27761857727864,48.29845023574433],[-107.27762583809863,48.29846344011672],[-107.2776319622106,48.298449968468624],[-107.27761857727864,48.29845023574433]],[[-107.2776213828248,48.29851266490588],[-107.27763530742413,48.29852577923246],[-107.2776550155288,48.29851647176985],[-107.2776213828248,48.29851266490588]],[[-107.27762020142261,48.29848591748514],[-107.27762780286906,48.298508071984635],[-107.27764044915263,48.298489991627626],[-107.27762020142261,48.29848591748514]],[[-107.27748330829034,48.29841719511879],[-107.277490569046,48.29843039949482],[-107.27750351123903,48.29842119790781],[-107.27748330829034,48.29841719511879]],[[-107.27747144526886,48.29845315987437],[-107.27747870602506,48.298466364260236],[-107.2774916929315,48.29845723404742],[-107.27747144526886,48.29845315987437]],[[-107.27763151946583,48.298441034136786],[-107.2776319622106,48.298449968468624],[-107.27764534714437,48.29844970119102],[-107.2776449043963,48.298440766859365],[-107.27763151946583,48.298441034136786]],[[-107.2775837632731,48.298419681481974],[-107.27756425423489,48.298433420387205],[-107.27754478988479,48.29844723067147],[-107.27760029431516,48.29849079345434],[-107.27761215724465,48.298454828659686],[-107.27761857727864,48.29845023574433],[-107.2775837632731,48.298419681481974]]]]}"
000000000000000016b7,3523,0,0,0,"{""type"":""MultiPolygon"",""coordinates"":[[[[-107.27770452352283,48.29842615470551],[-107.27769138231855,48.29843092484494],[-107.27771835122446,48.29843482174621],[-107.27770452352283,48.29842615470551]]],[[[-107.27693379747207,48.2982538465939],[-107.27693404110858,48.298258349437255],[-107.27693502307771,48.29828066529794],[-107.27693576141019,48.29829847832087],[-107.27693620398593,48.29830741263622],[-107.27734063223711,48.2983708943324],[-107.27735931333977,48.298339199696414],[-107.2773511673007,48.29830812670489],[-107.27736381360185,48.29829004645193],[-107.27736322935337,48.29827659352484],[-107.27738209665407,48.29824948893804],[-107.27693379747207,48.2982538465939]]],[[[-107.27762170953335,48.298369745023095],[-107.27759440009896,48.29835689800249],[-107.27758689559268,48.29833919080656],[-107.27756600621524,48.29832175088214],[-107.2775392364645,48.29832228540914],[-107.27751232513545,48.29831830130632],[-107.27749340043856,48.29834549310881],[-107.27750821034684,48.29837647605582],[-107.27748850231558,48.29838578346192],[-107.27750232991943,48.29839445052961],[-107.27750919266322,48.29839879195149],[-107.27762391802645,48.29841887966537],[-107.27762955468611,48.29839640232552],[-107.27762170953335,48.298369745023095]]]]}"
000000000000000016c8,3524,0,0,0,"{""type"":""Polygon"",""coordinates"":[[[-107.27692432942099,48.298191507696004],[-107.27693241762401,48.29822266782107],[-107.27693379747207,48.2982538465939],[-107.27738209665407,48.29824948893804],[-107.27740057866187,48.29821336291063],[-107.27744498953886,48.2981589052214],[-107.27743724144705,48.29813669524641],[-107.27746347144428,48.298122779246135],[-107.27692432942099,48.298191507696004]]]}"
000000000000000016cd,3525,0,0,0,"{""type"":""Polygon"",""coordinates"":[[[-107.2774491043645,48.29810073071207],[-107.27745380345478,48.29805600913315],[-107.27741222420099,48.29802556084312],[-107.27692054307133,48.29810676306509],[-107.27691530396471,48.29813810315683],[-107.27692432942099,48.298191507696004],[-107.27746347144428,48.298122779246135],[-107.27746989142439,48.29811818637081],[-107.2774491043645,48.29810073071207]]]}"
000000000000000016c7,3526,0,0,0,"{""type"":""Polygon"",""coordinates"":[[[-107.27698975963966,48.29800713982753],[-107.27698995858749,48.29801157127073],[-107.27700358691825,48.298015806913455],[-107.27700412634255,48.29802918840098],[-107.27700486471615,48.29804700133797],[-107.27698682509521,48.29809206145969],[-107.27696633415546,48.298083484370345],[-107.27697735696282,48.298029722759054],[-107.27696318922452,48.29801210562425],[-107.2768900447937,48.298022465747444],[-107.27689715098802,48.29803131001157],[-107.27692519807516,48.298061970112485],[-107.27692628216707,48.298084270114764],[-107.27692662262196,48.29809322017002],[-107.27692054307133,48.29810676306509],[-107.27741222420099,48.29802556084312],[-107.27738457457546,48.29800376379949],[-107.27737584429774,48.29795923815959],[-107.27746193087998,48.297939676181926],[-107.27748143965557,48.29792593743191],[-107.27750840811494,48.29792983436637],[-107.27752061148948,48.29790281998438],[-107.27698975963966,48.29800713982753]]]}"
000000000000000016b1,3527,0,0,0,"{""type"":""GeometryCollection"",""geometries"":[{""type"":""LineString"",""coordinates"":[[-107.27747418246486,48.297912662935495],[-107.27748087014929,48.29791253043536],[-107.277487359254,48.29790793563218]]},{""type"":""Polygon"",""coordinates"":[[[-107.27748742211534,48.29790794734381],[-107.27752061148948,48.29790281998438],[-107.27752016876504,48.29789388574359],[-107.27748742211534,48.29790794734381]]]},{""type"":""Polygon"",""coordinates"":[[[-107.2769953965553,48.29798466269274],[-107.27698975963966,48.29800713982753],[-107.27747413428598,48.29791266180004],[-107.27742049855536,48.29790928356147],[-107.27738730919857,48.29791441088649],[-107.2773602961015,48.29791044253909],[-107.27733200493249,48.29787527985378],[-107.27738465829421,48.29785634246263],[-107.27741102966405,48.29784694513744],[-107.27747143105466,48.297850217558405],[-107.27750580171713,48.297871837312265],[-107.2775464954698,48.29788441699529],[-107.27756586260529,48.29786615966016],[-107.27757228253242,48.29786156680152],[-107.27755815917207,48.29784402119674],[-107.27753673044529,48.297813199993364],[-107.2768660113193,48.29793364711061],[-107.276866794325,48.29795153139711],[-107.27688155878673,48.29798244285091],[-107.2768900447937,48.298022465747444],[-107.27696318922452,48.29801210562425],[-107.27695588406867,48.297998829925994],[-107.2769953965553,48.29798466269274]],[[-107.27752452711646,48.29784021433064],[-107.27751212475715,48.29786279725214],[-107.27754521720063,48.297853222685454],[-107.27752452711646,48.29784021433064]],[[-107.27694808421016,48.29797224413189],[-107.27692107125088,48.29796827565316],[-107.2769423004536,48.29799466565627],[-107.27695588406867,48.297998829925994],[-107.27694808421016,48.29797224413189]]]}]}"
000000000000000016af,3528,0,0,0,"{""type"":""GeometryCollection"",""geometries"":[{""type"":""LineString"",""coordinates"":[[-107.2773706900804,48.2978432535424],[-107.27738406543212,48.29784298855405],[-107.2773838668619,48.297838526251034]]},{""type"":""Polygon"",""coordinates"":[[[-107.27752986779738,48.2978088586189],[-107.27746294438622,48.297810194859856],[-107.27744911700123,48.29780152787633],[-107.27743539174541,48.29779284511564],[-107.2773818530897,48.297793914057294],[-107.27736238907106,48.29780772412984],[-107.27737597273065,48.297811888324375],[-107.27738391972964,48.29783852959738],[-107.27753673044529,48.297813199993364],[-107.27752986779738,48.2978088586189]]]},{""type"":""Polygon"",""coordinates"":[[[-107.27733058002754,48.29784402993962],[-107.27734940239517,48.29781685420762],[-107.27730915154407,48.29781320867931],[-107.27731439026716,48.2977818687676],[-107.27730728398203,48.29777302457822],[-107.2768485000259,48.29784022002882],[-107.27684261943395,48.29785819428482],[-107.27686536982272,48.29792028142096],[-107.2768660113193,48.29793364711061],[-107.27737063192822,48.297843244032414],[-107.27733058002754,48.29784402993962]]]}]}"
000000000000000016b0,3529,0,0,0,"{""type"":""Polygon"",""coordinates"":[[[-107.27728609924156,48.29774670615028],[-107.2772445205234,48.297716257951485],[-107.27721721179186,48.29770341096397],[-107.27726320130125,48.29768456373324],[-107.27682422310927,48.29774689888093],[-107.2768319260276,48.29776903737576],[-107.27683270902126,48.29778692160737],[-107.27684781383738,48.29782678298375],[-107.2768485000259,48.29784022002882],[-107.27730728398203,48.29777302457822],[-107.27728609924156,48.29774670615028]]]}"
000000000000000016ae,3530,0,0,0,"{""type"":""Polygon"",""coordinates"":[[[-107.27738693690615,48.297606187744],[-107.27736604804626,48.29758874800376],[-107.27735942916335,48.29758890941769],[-107.2772871654537,48.2976216010941],[-107.2772125968142,48.297600711597454],[-107.27721230097876,48.29759183300641],[-107.2767874468658,48.29767171345183],[-107.27678774259687,48.29768059206018],[-107.27674867299544,48.297703693333645],[-107.27676936255763,48.29771670183535],[-107.27679602953197,48.29771618332128],[-107.27682422310927,48.29774689888093],[-107.27726320130125,48.29768456373324],[-107.27726986489198,48.29768447370368],[-107.27736291548612,48.2976692375403],[-107.27739576403803,48.29765516027499],[-107.27742277696663,48.2976591285976],[-107.27738693690615,48.297606187744]]]}"
000000000000000016b4,3531,0,0,0,"{""type"":""Polygon"",""coordinates"":[[[-107.27726180834125,48.29750151775926],[-107.27722851727177,48.29750666075581],[-107.2772212120803,48.29749338520504],[-107.27676336910906,48.297582823987206],[-107.27676381165162,48.297591758183756],[-107.27678504051752,48.297618148042986],[-107.27677915994524,48.29763612221942],[-107.2767874468658,48.29767171345183],[-107.27721230097876,48.29759183300641],[-107.27721185832607,48.29758289881471],[-107.27719803111762,48.297574231827674],[-107.27717508126692,48.29750771378695],[-107.27722915890983,48.297520026335306],[-107.27726911355181,48.2975147933085],[-107.2772757324152,48.29751463190152],[-107.27726180834125,48.29750151775926]],[[-107.27708301328792,48.29754526525571],[-107.27709051739015,48.29756297223645],[-107.27710326033532,48.297549339456545],[-107.27708301328792,48.29754526525571]],[[-107.27708301328792,48.29754526525571],[-107.27707570815417,48.29753198968275],[-107.27706276624949,48.2975411910507],[-107.27708301328792,48.29754526525571]]]}"
00000000000000002946,3532,0,0,0,"{""type"":""Polygon"",""coordinates"":[[[-107.27720674853015,48.29746688971341],[-107.27719292136409,48.29745822274351],[-107.27717899735134,48.29744510860164],[-107.27674521670754,48.29747603191565],[-107.27672570807316,48.29748977039615],[-107.27676336910906,48.297582823987206],[-107.2772212120803,48.29749338520504],[-107.27720674853015,48.29746688971341]],[[-107.27708016387307,48.297482765816916],[-107.2770534969862,48.29748328440537],[-107.27705472271171,48.29751010271558],[-107.27708138961822,48.29750958412602],[-107.27708016387307,48.297482765816916]]]}"
000000000000000016b5,3533,0,0,0,"{""type"":""GeometryCollection"",""geometries"":[{""type"":""LineString"",""coordinates"":[[-107.27675192530639,48.29747588047582],[-107.27674523767556,48.29747601293269]]},{""type"":""Polygon"",""coordinates"":[[[-107.27716517020363,48.297436441630815],[-107.27717169219149,48.29743183306169],[-107.27711638895221,48.29739270223451],[-107.27672040088748,48.29736933004248],[-107.27672952808979,48.297422718060595],[-107.27675193764702,48.29747585477047],[-107.27717899735134,48.29744510860164],[-107.27716517020363,48.297436441630815]]]}]}"
000000000000000016a5,3534,0,0,0,"{""type"":""Polygon"",""coordinates"":[[[-107.27708765581008,48.29734860565022],[-107.2770670109514,48.29733566868504],[-107.27675534361643,48.297252535724],[-107.27671941901751,48.29734701456017],[-107.27672040088748,48.29736933004248],[-107.27711638895221,48.29739270223451],[-107.27708765581008,48.29734860565022]]]}"
000000000000000016a6,3535,0,0,0,"{""type"":""Polygon"",""coordinates"":[[[-107.27691005899642,48.297119900474534],[-107.27685132737518,48.297152379957325],[-107.27678524604244,48.29717151253831],[-107.2767677460894,48.29722995315691],[-107.27675534361643,48.297252535724],[-107.2770670109514,48.29733566868504],[-107.27691005899642,48.297119900474534]]]}"
000000000000000016a9,3536,0,0,0,"{""type"":""Polygon"",""coordinates"":[[[-107.27714263293007,48.29707958771596],[-107.27707546745019,48.297076420885915],[-107.27702933719016,48.29709074927127],[-107.27694947367975,48.297101286376105],[-107.27691005899642,48.297119900474534],[-107.2770670109514,48.29733566868504],[-107.27708765581008,48.29734860565022],[-107.2771561141551,48.297083767668276],[-107.27714263293007,48.29707958771596]]]}"
000000000000000016a3,3537,0,0,0,"{""type"":""Polygon"",""coordinates"":[[[-107.27721695677704,48.297095974346746],[-107.2771561141551,48.297083767668276],[-107.27708765581008,48.29734860565022],[-107.27711638895221,48.29739270223451],[-107.27717169219149,48.29743183306169],[-107.2771848777165,48.297427134470645],[-107.27717006842873,48.2973961520121],[-107.27721565958181,48.29736844214552],[-107.27720193456601,48.29735975941622],[-107.27720129293478,48.29734639387671],[-107.27722144305449,48.29734602087636],[-107.27729094019098,48.29710341103591],[-107.27721695677704,48.297095974346746]]]}"
000000000000000016a8,3538,0,0,0,"{""type"":""Polygon"",""coordinates"":[[[-107.27737943196851,48.29713741433382],[-107.27730446616029,48.29710766234561],[-107.27729094019098,48.29710341103591],[-107.27722144305449,48.29734602087636],[-107.27730184681224,48.29734886479034],[-107.27730890832767,48.297357637533466],[-107.27748032609816,48.297148834950484],[-107.27737943196851,48.29713741433382]]]}"
000000000000000016ad,3539,0,0,0,"{""type"":""MultiPolygon"",""coordinates"":[[[[-107.27726180834125,48.29750151775926],[-107.2772757324152,48.29751463190152],[-107.2772883337352,48.297496480557896],[-107.27726180834125,48.29750151775926]]],[[[-107.27757573830881,48.29718709226051],[-107.27752818273581,48.29717017141177],[-107.27748032609816,48.297148834950484],[-107.27730890832767,48.297357637533466],[-107.27732273550362,48.297366304469996],[-107.27739033917248,48.29738286822065],[-107.2774311344344,48.29739543207598],[-107.27759622905509,48.29719566907995],[-107.27757573830881,48.29718709226051]]]]}"
000000000000000016ac,3540,0,0,0,"{""type"":""MultiPolygon"",""coordinates"":[[[[-107.27739948080053,48.29758812350892],[-107.27738609621295,48.29758839073916],[-107.27736604804626,48.29758874800376],[-107.27738693690615,48.297606187744],[-107.2774128653899,48.29758785627677],[-107.27739948080053,48.29758812350892]]],[[[-107.27768511970007,48.29723853488516],[-107.27765128909232,48.29723029671991],[-107.27763050235934,48.297212841384095],[-107.27759622905509,48.29719566907995],[-107.2774311344344,48.29739543207598],[-107.2774720713305,48.29741251446049],[-107.27748643820325,48.297434562710535],[-107.27751374692173,48.29744740955679],[-107.27752787012248,48.29746495504107],[-107.2777056105238,48.297247111687625],[-107.27768511970007,48.29723853488516]]]]}"
00000000000000001699,3541,0,0,0,"{""type"":""Polygon"",""coordinates"":[[[-107.27785000480787,48.29733353914221],[-107.27781494772336,48.297298482832204],[-107.27779416084061,48.297281027513165],[-107.27776665300877,48.297263749411556],[-107.27771233148911,48.297246934475346],[-107.2777056105238,48.297247111687625],[-107.27752787012248,48.29746495504107],[-107.27752851187128,48.297478320605265],[-107.2775422370544,48.29748700330304],[-107.27755606436588,48.29749567022369],[-107.27757586880223,48.297490810145426],[-107.27786358842798,48.2973377032316],[-107.27785000480787,48.29733353914221]]]}"
000000000000000016ab,3542,0,0,0,"{""type"":""MultiPolygon"",""coordinates"":[[[[-107.27791869377441,48.297372402173025],[-107.27789780466114,48.29735496263165],[-107.27786358842798,48.2973377032316],[-107.27757586880223,48.297490810145426],[-107.27761582351795,48.29748557697542],[-107.27765127855825,48.29752949628291],[-107.27768545008104,48.297546684443354],[-107.27796669282247,48.297398257027695],[-107.27791869377441,48.297372402173025]]],[[[-107.27753366738685,48.29759440106656],[-107.27751984004966,48.297585734127225],[-107.27750645544586,48.29758600137464],[-107.27749317296409,48.29758625284378],[-107.27746674436038,48.29759573729501],[-107.2774128653899,48.29758785627677],[-107.27738693690615,48.297606187744],[-107.27742277696663,48.2976591285976],[-107.2774427804857,48.29765869994123],[-107.27745616510674,48.297658432701894],[-107.27746979343601,48.29766266825034],[-107.27756783886704,48.297611589290945],[-107.27756749824762,48.297602639323316],[-107.27753366738685,48.29759440106656]]]]}"
000000000000000016b3,3543,0,0,0,"{""type"":""MultiPolygon"",""coordinates"":[[[[-107.27798027649627,48.297402421104294],[-107.27796669282247,48.297398257027695],[-107.27768545008104,48.297546684443354],[-107.27776066110638,48.29758093912402],[-107.27776894905168,48.297616530208764],[-107.27804362563033,48.29747263959437],[-107.27798027649627,48.297402421104294]]],[[[-107.27764344787008,48.29765470692721],[-107.27763638619997,48.297645934163505],[-107.2775757859926,48.297638230444356],[-107.27756892336737,48.297633889086406],[-107.27756195862379,48.29762956350473],[-107.27756783886704,48.297611589290945],[-107.27746979343601,48.29766266825034],[-107.2774968585936,48.29767101236212],[-107.27754431785688,48.297683486181405],[-107.27757937490625,48.29771854284531],[-107.2776642348382,48.29767216239956],[-107.27766393889448,48.29766328380071],[-107.27764344787008,48.29765470692721]],[[-107.27754333549372,48.29766117058796],[-107.27755039713705,48.29766994336169],[-107.27756358275747,48.297665244695175],[-107.27754333549372,48.29766117058796]],[[-107.27752921221811,48.297643625043],[-107.27753627385407,48.29765239781506],[-107.2775494147697,48.297647627774104],[-107.27752921221811,48.297643625043]]]]}"
000000000000000016b2,3544,0,0,0,"{""type"":""GeometryCollection"",""geometries"":[{""type"":""LineString"",""coordinates"":[[-107.277536690462,48.29781316726111],[-107.27752980420803,48.297808837461695]]},{""type"":""Polygon"",""coordinates"":[[[-107.27755737582423,48.29782613696078],[-107.27753673044529,48.297813199993364],[-107.27755815917207,48.29784402119674],[-107.27758428682029,48.2978301210225],[-107.27755737582423,48.29782613696078]]]},{""type"":""Polygon"",""coordinates"":[[[-107.27806505473153,48.29750346047746],[-107.27804362563033,48.29747263959437],[-107.27776894905168,48.297616530208764],[-107.27778351526167,48.29764300990005],[-107.27783857620913,48.29767763770138],[-107.27784588170111,48.297690913243656],[-107.2781335005945,48.297537820685804],[-107.27806505473153,48.29750346047746]]]},{""type"":""Polygon"",""coordinates"":[[[-107.2776717392857,48.29768986936846],[-107.2776642348382,48.29767216239956],[-107.27757937490625,48.29771854284531],[-107.27759310019209,48.29772722557251],[-107.27761354653337,48.29773573108989],[-107.27761452893685,48.29775804671294],[-107.27765443925739,48.29775274211463],[-107.27766688620459,48.29773023060253],[-107.2776997348089,48.29771615321578],[-107.2776717392857,48.29768986936846]]]}]}"
0000000000000000169d,3545,0,0,0,"{""type"":""MultiPolygon"",""coordinates"":[[[[-107.27758428682029,48.2978301210225],[-107.27755815917207,48.29784402119674],[-107.27757228253242,48.29786156680152],[-107.27761145427739,48.29783844934723],[-107.27758428682029,48.2978301210225]]],[[[-107.27821719990678,48.29761209742206],[-107.27821033716198,48.297607756115106],[-107.27819611136307,48.2975902264732],[-107.27816875740125,48.297577308422476],[-107.27814046543294,48.29754214621617],[-107.2781335005945,48.297537820685804],[-107.27784588170111,48.297690913243656],[-107.27786686788637,48.29771280009371],[-107.2778802972861,48.297712604171004],[-107.27789530644269,48.297748018100705],[-107.2778016134702,48.297749889184274],[-107.27788290429422,48.29777060102552],[-107.27786363942195,48.29778884261127],[-107.2779027089103,48.297765740850146],[-107.27821719990678,48.29761209742206]],[[-107.27791575293304,48.29775652355332],[-107.27790216915078,48.29775235944256],[-107.2779027089103,48.297765740850146],[-107.27791575293304,48.29775652355332]]]]}"
000000000000000016cc,3546,0,0,0,"{""type"":""Polygon"",""coordinates"":[[[-107.27827617580297,48.29758411958947],[-107.27829054333803,48.29760616777373],[-107.27831809651158,48.29762351719815],[-107.27828618611905,48.2976598389561],[-107.27825279768425,48.297660535147784],[-107.27823789027451,48.2976251055646],[-107.27821719990678,48.29761209742206],[-107.27786363942195,48.29778884261127],[-107.27785751551191,48.29780231410124],[-107.27789756759165,48.29780152797042],[-107.27797213757782,48.29782241698022],[-107.2779928279128,48.297835425227916],[-107.27834703080379,48.297672044998954],[-107.2783503029607,48.2975960740356],[-107.27827617580297,48.29758411958947]],[[-107.27796384939327,48.297786825781046],[-107.27792967742592,48.29776963765315],[-107.27791095232887,48.29780126066405],[-107.27796384939327,48.297786825781046]]]}"
0000000000000000169b,3547,0,0,0,"{""type"":""Polygon"",""coordinates"":[[[-107.2783822880344,48.297711532746334],[-107.27834169079593,48.29770340065824],[-107.27834703080379,48.297672044998954],[-107.2779928279128,48.297835425227916],[-107.27802033631552,48.297852703436334],[-107.27804102669428,48.297865711679954],[-107.27806191617093,48.297883151348756],[-107.27810241129245,48.297891299359634],[-107.2784237660869,48.297741996190474],[-107.2783822880344,48.297711532746334]],[[-107.27837719186358,48.297747391222174],[-107.27835694428302,48.29774331728818],[-107.27836414789175,48.29775660857879],[-107.27837719186358,48.297747391222174]]]}"
000000000000000016c6,3548,0,0,0,"{""type"":""Polygon"",""coordinates"":[[[-107.27851976642057,48.29779370568692],[-107.27851290358585,48.297789364389025],[-107.27849907580114,48.29778069757017],[-107.27844465576882,48.29775943573019],[-107.2784237660869,48.297741996190474],[-107.27810241129245,48.297891299359634],[-107.27811599517673,48.29789546345039],[-107.27815713231868,48.297916977103895],[-107.27815889868775,48.2979571770511],[-107.27816615966522,48.297970381256015],[-107.27853359421783,48.29780237250461],[-107.27851976642057,48.29779370568692]],[[-107.27841156331156,48.29776901059016],[-107.27841886906972,48.29778228610496],[-107.27843181092418,48.29777308451381],[-107.27841156331156,48.29776901059016]],[[-107.27841156331156,48.29776901059016],[-107.27840450138049,48.29776023787066],[-107.27838459460092,48.29776511392743],[-107.27841156331156,48.29776901059016]]]}"
0000000000000000169c,3549,0,0,0,"{""type"":""Polygon"",""coordinates"":[[[-107.27859734368229,48.2978814539547],[-107.27857502785757,48.29783276455043],[-107.27855458102567,48.29782425923459],[-107.27853359421783,48.29780237250461],[-107.27816615966522,48.297970381256015],[-107.2781801290578,48.29798356674552],[-107.27821415974839,48.29799623625202],[-107.27823603218789,48.298035991645385],[-107.27859857052776,48.29790827241794],[-107.27859136169192,48.29789944409104],[-107.2786177905639,48.29788995926934],[-107.27862391426767,48.297876487713886],[-107.27859734368229,48.2978814539547]],[[-107.2785837596761,48.29787728993621],[-107.27855012710094,48.29787348343997],[-107.2785711139583,48.2978953701944],[-107.2785837596761,48.29787728993621]],[[-107.27858518565421,48.29790853982413],[-107.27855130921124,48.29790023052276],[-107.27853890731075,48.29792281359072],[-107.27858518565421,48.29790853982413]]]}"
000000000000000016b6,3550,0,0,0,"{""type"":""Polygon"",""coordinates"":[[[-107.27859857052776,48.29790827241794],[-107.27823603218789,48.298035991645385],[-107.27824378081176,48.298058201500325],[-107.27827163034702,48.29808442974122],[-107.27828624184679,48.29811098095305],[-107.27829330379879,48.29811975373867],[-107.27862947149309,48.29800143176783],[-107.27861584273491,48.29799719636777],[-107.27860858155681,48.29798399219525],[-107.27858867463576,48.297988868318456],[-107.27858181175398,48.2979845270107],[-107.27860779769775,48.29796610793366],[-107.27857906193253,48.297922011385694],[-107.27861935829603,48.2979257277467],[-107.27862588030129,48.29792111903592],[-107.27859857052776,48.29790827241794]]]}"
000000000000000016cb,3551,0,0,0,"{""type"":""MultiPolygon"",""coordinates"":[[[[-107.27879596530181,48.29798471126066],[-107.27879498218323,48.29796239557255],[-107.27876179245945,48.2979675233869],[-107.27876929756751,48.29798523035181],[-107.27875669657307,48.29800338204857],[-107.27875733876246,48.29801674772894],[-107.27874473775158,48.29803489943531],[-107.27880371430149,48.298006921039445],[-107.27880293034735,48.29798903677414],[-107.27879596530181,48.29798471126066]]],[[[-107.27871086110024,48.298026590175716],[-107.2787165417874,48.29800418433322],[-107.27866938238544,48.29799612670902],[-107.27867781306938,48.298036236560556],[-107.2786429534331,48.29800561156593],[-107.27862947149309,48.29800143176783],[-107.27829330379879,48.29811975373867],[-107.27830036575448,48.29812852652513],[-107.27831463649969,48.29814612770147],[-107.27834248616658,48.298172355961924],[-107.2783641597456,48.29820767999867],[-107.27864624847689,48.298077045765176],[-107.27861825174224,48.29805076204574],[-107.27861726873476,48.29802844632523],[-107.27863771570296,48.29803695165699],[-107.27866561032562,48.29806325114145],[-107.27867257535964,48.29806757667107],[-107.27873155197092,48.29803959830074],[-107.27871086110024,48.298026590175716]]]]}"
000000000000000016ca,3552,0,0,0,"{""type"":""MultiPolygon"",""coordinates"":[[[[-107.27868160351389,48.298120980905765],[-107.27866071347948,48.298103541307746],[-107.27864624847689,48.298077045765176],[-107.2783641597456,48.29820767999867],[-107.27837166466752,48.298225387079476],[-107.278385788667,48.29824293267448],[-107.27839995738194,48.2982605496513],[-107.27844173726946,48.298295429069704],[-107.278696170684,48.29814746068593],[-107.27868160351389,48.298120980905765]]],[[[-107.27880371430149,48.298006921039445],[-107.27874473775158,48.29803489943531],[-107.27873861405136,48.298048371038576],[-107.27873155197092,48.29803959830074],[-107.27867257535964,48.29806757667107],[-107.27870650435669,48.29808026179015],[-107.27872209930526,48.29812912867493],[-107.27872229846287,48.298133560119396],[-107.27877441224008,48.29810124037901],[-107.2788194638424,48.298060147897665],[-107.27881872458357,48.298042334992665],[-107.27880371430149,48.298006921039445]]]]}"
000000000000000016d5,3553,0,0,0,"{""type"":""MultiPolygon"",""coordinates"":[[[[-107.27872229846287,48.298133560119396],[-107.27874343241744,48.29815550253674],[-107.27877441224008,48.29810124037901],[-107.27872229846287,48.298133560119396]]],[[[-107.27871740165804,48.29817385034089],[-107.278696170684,48.29814746068593],[-107.27844173726946,48.298295429069704],[-107.27844187896979,48.29829994768567],[-107.27849758393434,48.29834794125727],[-107.27859378507009,48.29840408269579],[-107.27873710953327,48.29816454272379],[-107.27871740165804,48.29817385034089]]]]}"
000000000000000016d7,3554,0,0,0,"{""type"":""Polygon"",""coordinates"":[[[-107.27877441224008,48.29810124037901],[-107.27874343241744,48.29815550253674],[-107.27875029536004,48.298159843845376],[-107.27873710953327,48.29816454272379],[-107.27859378507009,48.29840408269579],[-107.27860781225048,48.29841718106511],[-107.27865497213216,48.298425238771294],[-107.27868238442778,48.29843806971025],[-107.27870969462674,48.29845091642181],[-107.27878358011972,48.2984583678226],[-107.27881515194323,48.298113890925364],[-107.27880774891239,48.2980961681443],[-107.27882024780261,48.29807803218664],[-107.27881980476124,48.29806909793038],[-107.2788194638424,48.298060147897665],[-107.27877441224008,48.29810124037901]]]}"
000000000000000016c0,3555,0,0,0,"{""type"":""MultiPolygon"",""coordinates"":[[[[-107.27881980476124,48.29806909793038],[-107.27882024780261,48.29807803218664],[-107.27882676982624,48.29807342344853],[-107.27881980476124,48.29806909793038]]],[[[-107.27887836256666,48.29817959111957],[-107.2788511494981,48.298171191744586],[-107.27886355135034,48.29814860853188],[-107.27886301124731,48.2981352270419],[-107.27885584699054,48.298126470078245],[-107.27882917913722,48.298126989190436],[-107.27881515194323,48.298113890925364],[-107.27878358011972,48.2984583678226],[-107.27879720908642,48.29846260323038],[-107.27891070993522,48.298455870621595],[-107.27897773260351,48.29845898054877],[-107.27900430367194,48.29845401413646],[-107.27887836256666,48.29817959111957]]]]}"
000000000000000016be,3556,0,0,0,"{""type"":""MultiPolygon"",""coordinates"":[[[[-107.27886301124731,48.2981352270419],[-107.27886355135034,48.29814860853188],[-107.27887007338504,48.29814399978441],[-107.27886301124731,48.2981352270419]]],[[[-107.2789794608314,48.298195441708934],[-107.2789134218175,48.298214647568386],[-107.27888502636245,48.29817950097194],[-107.27887836256666,48.29817959111957],[-107.27900430367194,48.29845401413646],[-107.27904445906776,48.298453211709244],[-107.27910975915749,48.29841619263673],[-107.27913608630747,48.29840672334832],[-107.27916211715657,48.298388375347955],[-107.27917505916076,48.29837917354782],[-107.27920094315479,48.29836076994745],[-107.2789794608314,48.298195441708934]]]]}"
000000000000000016c1,3557,0,0,0,"{""type"":""MultiPolygon"",""coordinates"":[[[[-107.27881872458357,48.298042334992665],[-107.2788194638424,48.298060147897665],[-107.27881980476124,48.29806909793038],[-107.27882676982624,48.29807342344853],[-107.27882592844173,48.298055626317186],[-107.27882534364886,48.29804217347218],[-107.27881872458357,48.298042334992665]]],[[[-107.27903019297996,48.29813194314712],[-107.27901754731715,48.29815002354941],[-107.27898588074596,48.29819084872768],[-107.2789794608314,48.298195441708934],[-107.27920094315479,48.29836076994745],[-107.27922653081824,48.298333487650176],[-107.27925898151635,48.2983105466424],[-107.27931741820953,48.29826918625812],[-107.2793169750485,48.298260251975016],[-107.27903019297996,48.29813194314712]]]]}"
000000000000000016bd,3558,0,0,0,"{""type"":""Polygon"",""coordinates"":[[[-107.2790545533713,48.29807784246713],[-107.27905489434744,48.298086792500534],[-107.27904235083363,48.298104857111824],[-107.27903019297996,48.29813194314712],[-107.2793169750485,48.298260251975016],[-107.27932524374064,48.298143974158876],[-107.2793442644747,48.298121229344716],[-107.2790545533713,48.29807784246713]]]}"
000000000000000016ba,3559,0,0,0,"{""type"":""MultiPolygon"",""coordinates"":[[[[-107.27909091697005,48.29799229580011],[-107.27906709687039,48.29805977786381],[-107.2790545533713,48.29807784246713],[-107.2793442644747,48.298121229344716],[-107.2793832369425,48.29809367961767],[-107.2793937686657,48.298030912178625],[-107.27909091697005,48.29799229580011]]],[[[-107.2788176393307,48.29802003505882],[-107.27882362125196,48.29800204486927],[-107.27880293034735,48.29798903677414],[-107.27880371430149,48.298006921039445],[-107.27881872458357,48.298042334992665],[-107.27882534364886,48.29804217347218],[-107.27883122344915,48.29802419905259],[-107.2788176393307,48.29802003505882]]]]}"
000000000000000016c5,3560,0,0,0,"{""type"":""Polygon"",""coordinates"":[[[-107.27912747960413,48.297911180685354],[-107.27909091697005,48.29799229580011],[-107.2793937686657,48.298030912178625],[-107.27939866473864,48.29799062204969],[-107.27941008276626,48.297945723186196],[-107.27941640549128,48.29793668299613],[-107.27912747960413,48.297911180685354]]]}"
0000000000000000172a,3561,0,0,0,"{""type"":""Polygon"",""coordinates"":[[[-107.27909667435264,48.29782246888347],[-107.27909731667043,48.29783583451276],[-107.27912388730374,48.29783086813671],[-107.2791378124361,48.29784398206356],[-107.27913879576869,48.29786629769296],[-107.27913997831115,48.297893044753934],[-107.27912747960413,48.297911180685354],[-107.27941640549128,48.29793668299613],[-107.27942555509159,48.29784273728289],[-107.27909667435264,48.29782246888347]]]}"
00000000000000001689,3562,0,0,0,"{""type"":""Polygon"",""coordinates"":[[[-107.27944044227783,48.29772629882445],[-107.27912005109057,48.297746052921696],[-107.27912025029921,48.29775048433207],[-107.27909544713704,48.29779565047931],[-107.27909613415686,48.29780908747936],[-107.27909667435264,48.29782246888347],[-107.27942555509159,48.29784273728289],[-107.27943045108594,48.297802447297144],[-107.27944917520661,48.29777082401411],[-107.27944044227783,48.29772629882445]]]}"
00000000000000001696,3563,0,0,0,"{""type"":""MultiPolygon"",""coordinates"":[[[[-107.27911611778804,48.29765679066103],[-107.27909621100085,48.29766166685596],[-107.27908979119029,48.297666259796195],[-107.27911023818348,48.297674764968704],[-107.27911611778804,48.29765679066103]]],[[[-107.27911023818348,48.297674764968704],[-107.27912005109057,48.297746052921696],[-107.27944044227783,48.29772629882445],[-107.27942978703105,48.29763721396915],[-107.27912278150694,48.29765670049973],[-107.27913004285747,48.2976699045476],[-107.27911023818348,48.297674764968704]]]]}"
000000000000000016a1,3564,0,0,0,"{""type"":""Polygon"",""coordinates"":[[[-107.27940703182799,48.29757512789352],[-107.27940580437378,48.29754830962433],[-107.27908555662354,48.297572582048886],[-107.27912155426529,48.297629882180324],[-107.27910209060855,48.29764369255351],[-107.27909621100085,48.29766166685596],[-107.27911611778804,48.29765679066103],[-107.27911547545982,48.2976434250772],[-107.27912278150694,48.29765670049973],[-107.27942978703105,48.29763721396915],[-107.27942924670901,48.29762383261681],[-107.27940703182799,48.29757512789352]]]}"
000000000000000016a2,3565,0,0,0,"{""type"":""Polygon"",""coordinates"":[[[-107.27939079358472,48.29751289610526],[-107.2793766691943,48.2974953509092],[-107.27938156515451,48.297455061190455],[-107.27902828343656,48.297488821331235],[-107.27904897421132,48.29750182925856],[-107.27907138770401,48.297554965406675],[-107.27908555662354,48.297572582048886],[-107.27940580437378,48.29754830962433],[-107.27939079358472,48.29751289610526]]]}"
000000000000000016a0,3566,0,0,0,"{""type"":""Polygon"",""coordinates"":[[[-107.27900424448795,48.297400004261014],[-107.27902675997991,48.297453124542784],[-107.27902808423728,48.29748438994228],[-107.27902828343656,48.297488821331235],[-107.27938156515451,48.297455061190455],[-107.27938132120975,48.29745055842926],[-107.27935322703402,48.29741982808224],[-107.27937184885684,48.29738822082498],[-107.2793711093087,48.29737040815703],[-107.27937763117066,48.29736579944704],[-107.27900424448795,48.297400004261014]]]}"
0000000000000000169e,3567,0,0,0,"{""type"":""Polygon"",""coordinates"":[[[-107.27938282346432,48.297334388353754],[-107.27938252709832,48.2973255098274],[-107.27938164072015,48.29730764158236],[-107.27939428592788,48.297289561430574],[-107.2793940419806,48.297285058683514],[-107.2789932493796,48.297301969973795],[-107.27899344857587,48.297306401347676],[-107.27898963258531,48.2973734535242],[-107.27900424448795,48.297400004261014],[-107.27937763117066,48.29736579944704],[-107.2794037583127,48.29735189891598],[-107.27938282346432,48.297334388353754]]]}"
0000000000000000169f,3568,0,0,0,"{""type"":""Polygon"",""coordinates"":[[[-107.27938338686846,48.29719597456008],[-107.27896244485082,48.29721325912856],[-107.27897113240125,48.29725771257171],[-107.2789932493796,48.297301969973795],[-107.2793940419806,48.297285058683514],[-107.27939359878816,48.29727612456719],[-107.27941178229652,48.297231120358774],[-107.27938338686846,48.29719597456008]]]}"
0000000000000000169a,3569,0,0,0,"{""type"":""Polygon"",""coordinates"":[[[-107.27937652396999,48.29719163337438],[-107.279375881537,48.29717826791207],[-107.27937475620975,48.29715143406456],[-107.27933460208408,48.29715223657796],[-107.27929326528766,48.29712629239161],[-107.27929978710762,48.297121683709186],[-107.27897111244037,48.297105846337345],[-107.27896092144269,48.29717756252313],[-107.27896244485082,48.29721325912856],[-107.27938338686846,48.29719597456008],[-107.27937652396999,48.29719163337438]]]}"
00000000000000001692,3570,0,0,0,"{""type"":""Polygon"",""coordinates"":[[[-107.27901379762928,48.29701126129102],[-107.27900703191449,48.2970113672183],[-107.27899463058067,48.29703394995262],[-107.27897615050061,48.297070075435236],[-107.27897111244037,48.297105846337345],[-107.27929978710762,48.297121683709186],[-107.2793192504401,48.29710787343996],[-107.27934973298427,48.29704030238007],[-107.27901379762928,48.29701126129102]]]}"
0000000000000000168f,3571,0,0,0,"{""type"":""MultiPolygon"",""coordinates"":[[[[-107.279028043126,48.296881459311344],[-107.27902172053993,48.29689049929262],[-107.27903584450597,48.296908044351724],[-107.27905510855254,48.29688980285448],[-107.279028043126,48.296881459311344]]],[[[-107.27907559982154,48.29689837929707],[-107.27903771402765,48.29694822771476],[-107.27901379762928,48.29701126129102],[-107.27934973298427,48.29704030238007],[-107.2793558115988,48.29702675962705],[-107.2793687530736,48.29701755805026],[-107.27938119892688,48.29699504665552],[-107.27907559982154,48.29689837929707]]]]}"
0000000000000000168c,3572,0,0,0,"{""type"":""GeometryCollection"",""geometries"":[{""type"":""LineString"",""coordinates"":[[-107.27941828841294,48.29692728635288],[-107.27942497595966,48.29692715374169]]},{""type"":""Polygon"",""coordinates"":[[[-107.27907024005997,48.296777869238575],[-107.27906612805984,48.29683604229605],[-107.27904064358874,48.29686330797608],[-107.279028043126,48.296881459311344],[-107.27905510855254,48.29688980285448],[-107.27908089436661,48.296866952715526],[-107.27909472205845,48.2968756193038],[-107.27907559982154,48.29689837929707],[-107.27938119892688,48.29699504665552],[-107.27938095497947,48.29699054393342],[-107.27939957653157,48.296958936933244],[-107.27941830017284,48.29692731417085],[-107.27907024005997,48.296777869238575]]]}]}"
00000000000000001691,3573,0,0,0,"{""type"":""Polygon"",""coordinates"":[[[-107.27909949537566,48.29668348083581],[-107.27907493695119,48.29673314875051],[-107.27907024005997,48.296777869238575],[-107.27942502120027,48.296927136838235],[-107.27943090051744,48.296909162771705],[-107.27945624301002,48.29687737847788],[-107.27950241800997,48.29686312035975],[-107.27950869580555,48.29685400897772],[-107.27909949537566,48.29668348083581]]]}"
00000000000000001690,3574,0,0,0,"{""type"":""Polygon"",""coordinates"":[[[-107.27911541075598,48.29658943143524],[-107.27910894644467,48.29659395290302],[-107.27909915436672,48.29667453103997],[-107.27909949537566,48.29668348083581],[-107.27950869580555,48.29685400897772],[-107.27954134431045,48.29683549988262],[-107.27955433039658,48.296826369692226],[-107.27956737389543,48.29681715234751],[-107.27958663774325,48.296798910779955],[-107.27959937983536,48.29678527788679],[-107.27911541075598,48.29658943143524]]]}"
00000000000000001695,3575,0,0,0,"{""type"":""GeometryCollection"",""geometries"":[{""type"":""LineString"",""coordinates"":[[-107.27932194054009,48.29656743153184],[-107.27931525303988,48.296567564136296],[-107.27930836681051,48.2965632344423],[-107.27930167931078,48.29656336704594]]},{""type"":""Polygon"",""coordinates"":[[[-107.27938333950591,48.29659304736353],[-107.27937701703762,48.29660208731609],[-107.27935652578664,48.29659351098521],[-107.27936284825678,48.2965844710354],[-107.2793219552029,48.296567461120645],[-107.27930896919037,48.29657659123322],[-107.27930170793559,48.29656338746838],[-107.27926219688145,48.296577555234656],[-107.27928121673962,48.29655481112629],[-107.27924694261729,48.296537639644725],[-107.27918762752532,48.296556667700145],[-107.27917325965592,48.29653462009442],[-107.27916021622299,48.296543837334895],[-107.27914727490379,48.29655303879755],[-107.27911541075598,48.29658943143524],[-107.27959937983536,48.29678527788679],[-107.27964398593153,48.29673525207169],[-107.27965702938685,48.29672603473173],[-107.27966997071796,48.29671683317011],[-107.27967629315796,48.29670779317945],[-107.27938333950591,48.29659304736353]]]}]}"
00000000000000001693,3576,0,0,0,"{""type"":""Polygon"",""coordinates"":[[[-107.27935905602494,48.29649972921517],[-107.2793463139875,48.29651336200174],[-107.27932562355527,48.29650035437199],[-107.27933194601256,48.29649131444042],[-107.27928438956666,48.296474394705015],[-107.2792715454036,48.296488043253234],[-107.27925346432872,48.29653303101929],[-107.27924694261729,48.296537639644725],[-107.27928121673962,48.29655481112629],[-107.27930028127828,48.29653213840016],[-107.27932783448837,48.29654948718302],[-107.27930812753037,48.29655879461488],[-107.27930832677008,48.29656322592497],[-107.27936284825678,48.2965844710354],[-107.2793691707241,48.2965754310868],[-107.27935514378511,48.29656233327694],[-107.27938887768944,48.2965661236393],[-107.27938333950591,48.29659304736353],[-107.27967629315796,48.29670779317945],[-107.2796829120443,48.29670763160848],[-107.27970751450376,48.29665803495479],[-107.27972005722577,48.296639970769064],[-107.27973211689743,48.296608438342815],[-107.27935905602494,48.29649972921517]],[[-107.27936014165897,48.29652202849461],[-107.27933979228455,48.29651797063156],[-107.27934705354873,48.296531174381975],[-107.27936014165897,48.29652202849461]],[[-107.27929277609508,48.296514431963296],[-107.27927252886587,48.29651035830799],[-107.2792798348006,48.29652363343809],[-107.27929277609508,48.296514431963296]]]}"
0000000000000000168b,3577,0,0,0,"{""type"":""Polygon"",""coordinates"":[[[-107.27936262716362,48.29642817547604],[-107.27935586152995,48.296428281424674],[-107.27930178345257,48.29641597033776],[-107.279302567696,48.29643385406172],[-107.27931081241773,48.29646937283129],[-107.27929080914583,48.296469801860766],[-107.27928438956666,48.296474394705015],[-107.27933194601256,48.29649131444042],[-107.27935042547377,48.2964551892989],[-107.27938459749284,48.296472376494485],[-107.27935905602494,48.29649972921517],[-107.27973211689743,48.296608438342815],[-107.27975657240403,48.29655878617547],[-107.27978260173704,48.296540438684076],[-107.27978769634483,48.29650458098858],[-107.27936262716362,48.29642817547604]],[[-107.27932933658316,48.296433319084244],[-107.27930908938504,48.296429245442084],[-107.2793161513802,48.29643801787351],[-107.27932933658316,48.296433319084244]]]}"
0000000000000000172c,3578,0,0,0,"{""type"":""GeometryCollection"",""geometries"":[{""type"":""LineString"",""coordinates"":[[-107.27931140790542,48.29633092973197],[-107.27930452170894,48.29632660003709]]},{""type"":""Polygon"",""coordinates"":[[[-107.27931863696737,48.29634416500252],[-107.2793247601521,48.29633069380783],[-107.27931137574532,48.29633096129541],[-107.27927858585856,48.29634495167964],[-107.27929112860787,48.29632688765578],[-107.27927088147939,48.29632281401195],[-107.27927152389067,48.296336179260145],[-107.27927956933021,48.29636726667394],[-107.27930692316902,48.29638018411702],[-107.27930178345257,48.29641597033776],[-107.27935586152995,48.296428281424674],[-107.27934879952387,48.29641950899805],[-107.27936904673014,48.296423582630894],[-107.27936262716362,48.29642817547604],[-107.27978769634483,48.29650458098858],[-107.2798047930722,48.29643727814057],[-107.27981042812442,48.296414801552544],[-107.27953391326403,48.29636671838412],[-107.2795341125325,48.29637114967696],[-107.27951543399644,48.29640284349583],[-107.2794820015585,48.296403468705115],[-107.27946111184521,48.29638602983722],[-107.27946743425674,48.296376989917356],[-107.27945968504268,48.296354780879454],[-107.279425854157,48.296346543483374],[-107.27936531187956,48.29633875391529],[-107.27935217141177,48.29634352407569],[-107.27934564974112,48.29634813269033],[-107.27931863696737,48.29634416500252]],[[-107.27933952655903,48.29636160389072],[-107.2793193240968,48.2963576016308],[-107.27932638608331,48.29636637404985],[-107.27933952655903,48.29636160389072]],[[-107.27934564974112,48.29634813269033],[-107.27935957448393,48.29636124622864],[-107.27936806320574,48.296401267615174],[-107.27938777007418,48.2963919602009],[-107.27939266575436,48.29635167132611],[-107.27934564974112,48.29634813269033]]]}]}"
00000000000000001694,3579,0,0,0,"{""type"":""MultiPolygon"",""coordinates"":[[[[-107.27945968504268,48.296354780879454],[-107.2794647799001,48.296318923320165],[-107.279425854157,48.296346543483374],[-107.27945968504268,48.296354780879454]]],[[[-107.279425854157,48.296346543483374],[-107.27941865030463,48.29633325263159],[-107.27943747070245,48.2963060773138],[-107.27937751351362,48.29631174015122],[-107.2793849165952,48.29632946229137],[-107.27936531187956,48.29633875391529],[-107.279425854157,48.296346543483374]],[[-107.27939212541702,48.29633829029799],[-107.27940526588361,48.296333520132634],[-107.2793849165952,48.29632946229137],[-107.27939212541702,48.29633829029799]]],[[[-107.2792706375417,48.29631831134633],[-107.27927088147939,48.29632281401195],[-107.27929112860787,48.29632688765578],[-107.27929088466769,48.29632238498993],[-107.27930451301029,48.29632662017114],[-107.2793247601521,48.29633069380783],[-107.2793307415051,48.296312704173594],[-107.2792706375417,48.29631831134633]]],[[[-107.27953086026339,48.29629978922779],[-107.27953105953196,48.29630422051506],[-107.2795319460092,48.296322088418464],[-107.27951302353317,48.29634927954003],[-107.27953391326403,48.29636671838412],[-107.27981042812442,48.296414801552544],[-107.27982850856436,48.29636981379796],[-107.27983143616089,48.296284895010274],[-107.27953086026339,48.29629978922779]]]]}"
0000000000000000168a,3580,0,0,0,"{""type"":""MultiPolygon"",""coordinates"":[[[[-107.27982730160522,48.29619120400834],[-107.27953358923952,48.29621043926496],[-107.27954815654604,48.29623691795948],[-107.27952203024357,48.296250818216585],[-107.27953051914285,48.296290839501],[-107.27953086026339,48.29629978922779],[-107.27983143616089,48.296284895010274],[-107.27983633135776,48.296244606206386],[-107.27983436372415,48.2961999763592],[-107.27982730160522,48.29619120400834]]],[[[-107.27942029387754,48.29622160344786],[-107.27938828838342,48.296253477499164],[-107.27939633392039,48.29628456485227],[-107.27937751351362,48.29631174015122],[-107.27943747070245,48.2963060773138],[-107.27944399236046,48.29630146869689],[-107.2794501154996,48.29628799750619],[-107.27944261026978,48.296270291163665],[-107.27946849263071,48.29625188826369],[-107.27947457105132,48.29623834570922],[-107.27942029387754,48.29622160344786]]],[[[-107.27927034118603,48.29630943298931],[-107.2792706375417,48.29631831134633],[-107.2793307415051,48.296312704173594],[-107.27930862450938,48.29626844767441],[-107.2793147029808,48.296254905124535],[-107.27930092012089,48.29624631004127],[-107.27928837740623,48.296264374038124],[-107.27926867060572,48.29627368140791],[-107.27928916164741,48.29628225771117],[-107.2792898040662,48.29629562294883],[-107.27927034118603,48.29630943298931]],[[-107.27929686603314,48.29630439536031],[-107.27931005118651,48.296299696586786],[-107.2792898040662,48.29629562294883],[-107.27929686603314,48.29630439536031]]]]}"
00000000000000001650,3581,0,0,0,"{""type"":""Polygon"",""coordinates"":[[[-107.27980375684353,48.296115698937285],[-107.2798024765538,48.29608450574808],[-107.27949676289934,48.29613518581096],[-107.27950362563848,48.29613952690571],[-107.27953358923952,48.29621043926496],[-107.27982730160522,48.29619120400834],[-107.27980375684353,48.296115698937285]]]}"
00000000000000001658,3582,0,0,0,"{""type"":""Polygon"",""coordinates"":[[[-107.27978688057769,48.296035640946826],[-107.27973117630802,48.295987650195684],[-107.27945345979728,48.2960646124166],[-107.27948087095376,48.29607744258604],[-107.27949676289934,48.29613518581096],[-107.2798024765538,48.29608450574808],[-107.2798015899376,48.296066637930664],[-107.27978688057769,48.296035640946826]]]}"
00000000000000001698,3583,0,0,0,"{""type"":""Polygon"",""coordinates"":[[[-107.27972431355111,48.295983309130044],[-107.27970263943037,48.29594798689402],[-107.2797014563931,48.295921240832534],[-107.27967350475234,48.2958950298527],[-107.27966684131049,48.29589512004219],[-107.27940981577122,48.2959850894159],[-107.2794465970808,48.296060271323796],[-107.27945345979728,48.2960646124166],[-107.27973117630802,48.295987650195684],[-107.27972431355111,48.295983309130044]]]}"
00000000000000001657,3584,0,0,0,"{""type"":""Polygon"",""coordinates"":[[[-107.2796456105735,48.295868731723814],[-107.2796176590253,48.295842520751336],[-107.27958966282222,48.29581623840787],[-107.27957598212559,48.29580762765594],[-107.27956901731307,48.29580330237033],[-107.27933362140301,48.29592852223425],[-107.27935431154181,48.29594152972959],[-107.27940231061037,48.295967383169504],[-107.27940981577122,48.2959850894159],[-107.27966684131049,48.29589512004219],[-107.2796456105735,48.295868731723814]]]}"
00000000000000001655,3585,0,0,0,"{""type"":""Polygon"",""coordinates"":[[[-107.27955440542559,48.29577675251764],[-107.27945811105914,48.295716167703695],[-107.27926419284785,48.29587184910731],[-107.27927777632279,48.29587601288575],[-107.27932675873323,48.29592418114284],[-107.27933362140301,48.29592852223425],[-107.27956901731307,48.29580330237033],[-107.27955440542559,48.29577675251764]]]}"
00000000000000001656,3586,0,0,0,"{""type"":""Polygon"",""coordinates"":[[[-107.27943762023882,48.29570759152232],[-107.27939608557116,48.29567721681534],[-107.2793154394357,48.295669872093725],[-107.27917485876749,48.29582005200077],[-107.27919550405731,48.295832988132666],[-107.27921619406605,48.29584599563764],[-107.27923688409363,48.29585900314087],[-107.27926419284785,48.29587184910731],[-107.27945811105914,48.295716167703695],[-107.27943762023882,48.29570759152232]]]}"
0000000000000000168d,3587,0,0,0,"{""type"":""Polygon"",""coordinates"":[[[-107.27930181132359,48.295665636960614],[-107.27925282926577,48.29561746891649],[-107.279225520697,48.29560462300368],[-107.27903955068982,48.29578694368651],[-107.27907318163047,48.29579074990323],[-107.27910029101076,48.29579916465599],[-107.2791275025278,48.295807563624436],[-107.27915461194871,48.29581597836349],[-107.27916799614718,48.29581571090563],[-107.27917485876749,48.29582005200077],[-107.2793154394357,48.295669872093725],[-107.27930181132359,48.295665636960614]]]}"
0000000000000000168e,3588,0,0,0,"{""type"":""MultiPolygon"",""coordinates"":[[[[-107.27914878722116,48.29553467522321],[-107.27912976789678,48.29555741885471],[-107.27914304988255,48.29555716718148],[-107.27915589371723,48.2955435188981],[-107.27914878722116,48.29553467522321]]],[[[-107.27919855320506,48.29560072669743],[-107.27917776621969,48.295583272238666],[-107.27913010893062,48.29556636846147],[-107.27912300243892,48.295557524780754],[-107.27892324986506,48.29573125004184],[-107.2789507575277,48.29574852731774],[-107.27896502788586,48.29576612761817],[-107.27899213719154,48.295774542399435],[-107.27901920181779,48.295782885799],[-107.27903955068982,48.29578694368651],[-107.279225520697,48.29560462300368],[-107.27919855320506,48.29560072669743]]]]}"
00000000000000001652,3589,0,0,0,"{""type"":""Polygon"",""coordinates"":[[[-107.2790864215309,48.29548677465222],[-107.27881940783149,48.29565288702968],[-107.27892324986506,48.29573125004184],[-107.27912300243892,48.295557524780754],[-107.27912976789678,48.29555741885471],[-107.27914878722116,48.29553467522321],[-107.2790864215309,48.29548677465222]]]}"
00000000000000001664,3590,0,0,0,"{""type"":""Polygon"",""coordinates"":[[[-107.27907165564945,48.295455865026504],[-107.27900582084435,48.29547950105246],[-107.27895934636462,48.29548934306835],[-107.27894473511293,48.295462793263845],[-107.27871624820379,48.2955924232361],[-107.2787446417187,48.295627568218826],[-107.27879851896982,48.295635448242685],[-107.27881940783149,48.29565288702968],[-107.2790864215309,48.29548677465222],[-107.27907165564945,48.295455865026504]]]}"
000000000000000016a4,3591,0,0,0,"{""type"":""Polygon"",""coordinates"":[[[-107.27889501458014,48.29539681318511],[-107.27863211360305,48.29550475308711],[-107.27864746384236,48.29554911503079],[-107.27868183364771,48.29557073344846],[-107.27870252322131,48.29558374101085],[-107.27871624820379,48.2955924232361],[-107.27894473511293,48.295462793263845],[-107.27889501458014,48.29539681318511]]]}"
00000000000000001663,3592,0,0,0,"{""type"":""Polygon"",""coordinates"":[[[-107.27885211201482,48.29533510286565],[-107.2788517136294,48.29532624044662],[-107.27858106470042,48.29541197134028],[-107.2785681237446,48.2954211725195],[-107.27856787988874,48.29541666992651],[-107.27854807649751,48.29542152999289],[-107.27856200052092,48.29543464343614],[-107.27858856931581,48.2954296774794],[-107.27863147141015,48.29549138803844],[-107.27863211360305,48.29550475308711],[-107.27889501458014,48.29539681318511],[-107.27885211201482,48.29533510286565]]]}"
00000000000000001648,3593,0,0,0,"{""type"":""GeometryCollection"",""geometries"":[{""type"":""LineString"",""coordinates"":[[-107.2784178003155,48.2953526740589],[-107.27842448766125,48.295352541509104]]},{""type"":""Polygon"",""coordinates"":[[[-107.27856748157355,48.295407807490896],[-107.27852763094911,48.29541302502509],[-107.27854807649751,48.29542152999289],[-107.27856787988874,48.29541666992651],[-107.27856748157355,48.295407807490896]]]},{""type"":""Polygon"",""coordinates"":[[[-107.2784641815571,48.295342825308076],[-107.2784639824116,48.29533839409572],[-107.2784244727585,48.295352561154964],[-107.27841957632371,48.29539284924124],[-107.27845286574477,48.29538770607852],[-107.27848747906837,48.29541382710121],[-107.27849923785152,48.2953778801097],[-107.2785188994792,48.29536850169227],[-107.2784641815571,48.295342825308076]]]},{""type"":""Polygon"",""coordinates"":[[[-107.27858106470042,48.29541197134028],[-107.2788517136294,48.29532624044662],[-107.27885092957563,48.29530835708734],[-107.27883665944336,48.29529075691601],[-107.27882155290898,48.295250897800216],[-107.27851693339633,48.29532387251539],[-107.27853110122255,48.29534148852669],[-107.27853914584576,48.29537257544066],[-107.27855983523314,48.295385582989944],[-107.27856748157355,48.295407807490896],[-107.27858106470042,48.29541197134028]]]}]}"
00000000000000001649,3594,0,0,0,"{""type"":""Polygon"",""coordinates"":[[[-107.27846167551931,48.29528481537417],[-107.27849506188687,48.29528411919346],[-107.27849628876402,48.29531093634506],[-107.27850967268654,48.29531066898846],[-107.27851693339633,48.29532387251539],[-107.27882155290898,48.295250897800216],[-107.27881390641748,48.29522867338901],[-107.27875089962247,48.29516740788288],[-107.2787365325352,48.29514536076901],[-107.27838843362144,48.29529519176472],[-107.27839573897359,48.295308466672935],[-107.2783696132644,48.29532236635843],[-107.27839030252711,48.295335373935075],[-107.27840398260514,48.29534398479495],[-107.27841780950392,48.29535265125213],[-107.2784639824116,48.29533839409572],[-107.27845471101493,48.29528049004257],[-107.27846123253025,48.295275881585034],[-107.27846167551931,48.29528481537417]],[[-107.27850967268654,48.29531066898846],[-107.27852305661088,48.29531040162996],[-107.27850922968604,48.29530173519549],[-107.27850967268654,48.29531066898846]],[[-107.27846123253025,48.295275881585034],[-107.27848127967997,48.295275524133224],[-107.27846755489792,48.29526684192114],[-107.27846123253025,48.295275881585034]]]}"
0000000000000000164c,3595,0,0,0,"{""type"":""Polygon"",""coordinates"":[[[-107.27870053765703,48.295088063105055],[-107.27865881812131,48.29505309868133],[-107.27839724351992,48.29519230124247],[-107.27839812946874,48.29521016879545],[-107.2784391619738,48.295231697080375],[-107.27842054082093,48.29526330285583],[-107.27838745065736,48.29527287719911],[-107.27838843362144,48.29529519176472],[-107.2787365325352,48.29514536076901],[-107.27870053765703,48.295088063105055]]]}"
0000000000000000164e,3596,0,0,0,"{""type"":""Polygon"",""coordinates"":[[[-107.278637929681,48.295035660045784],[-107.27858939261829,48.29499642592395],[-107.27855512044482,48.29497925465025],[-107.27830124984213,48.2951405939888],[-107.27832954041715,48.29517575459235],[-107.27840356588234,48.29518326159715],[-107.27839724351992,48.29519230124247],[-107.27865881812131,48.29505309868133],[-107.278637929681,48.295035660045784]]]}"
0000000000000000164d,3597,0,0,0,"{""type"":""Polygon"",""coordinates"":[[[-107.27852781277663,48.29496640867072],[-107.27844554397548,48.294923383924754],[-107.27821137978592,48.29507541587334],[-107.27821824209327,48.29507975698421],[-107.27823202413084,48.295088352054776],[-107.2782593763892,48.29510126952499],[-107.2782737431023,48.295123316701385],[-107.27830124984213,48.2951405939888],[-107.27855512044482,48.29497925465025],[-107.27852781277663,48.29496640867072]]]}"
00000000000000001660,3598,0,0,0,"{""type"":""Polygon"",""coordinates"":[[[-107.27838362360232,48.29488441711194],[-107.27805420587147,48.295002553311164],[-107.27805434755263,48.295007071647895],[-107.27809514081332,48.29501963470969],[-107.27810930827154,48.295037250691564],[-107.27817024556691,48.295053903320515],[-107.27819113368803,48.29507134207185],[-107.27821137978592,48.29507541587334],[-107.27844554397548,48.294923383924754],[-107.27838362360232,48.29488441711194]]]}"
00000000000000001645,3599,0,0,0,"{""type"":""Polygon"",""coordinates"":[[[-107.27835616930157,48.294871515504376],[-107.27832767976275,48.294831923935234],[-107.27832689595195,48.294814040732064],[-107.2783266968195,48.29480960956324],[-107.27797051238376,48.29492827993653],[-107.27802581364588,48.29496740850549],[-107.27805420587147,48.295002553311164],[-107.27838362360232,48.29488441711194],[-107.27835616930157,48.294871515504376]]]}"
00000000000000001661,3600,0,0,0,"{""type"":""Polygon"",""coordinates"":[[[-107.2778965160165,48.29476898434867],[-107.27788696610271,48.29485406218128],[-107.27790088959775,48.29486717559356],[-107.27791525596425,48.29488922273513],[-107.27793570095665,48.29489772776342],[-107.27797051238376,48.29492827993653],[-107.2783266968195,48.29480960956324],[-107.2783262538575,48.29480067585276],[-107.27832571387606,48.29478729520061],[-107.2778965160165,48.29476898434867]]]}"
00000000000000001643,3601,0,0,0,"{""type"":""Polygon"",""coordinates"":[[[-107.27830330290061,48.29473416158505],[-107.27796429797353,48.29463811890037],[-107.27795821942637,48.29465166095422],[-107.27788802921256,48.29472896401415],[-107.2778965160165,48.29476898434867],[-107.27832571387606,48.29478729520061],[-107.27832527091402,48.29477836149389],[-107.27830330290061,48.29473416158505]]]}"
0000000000000000163f,3602,0,0,0,"{""type"":""MultiPolygon"",""coordinates"":[[[[-107.27805963027899,48.29452460228426],[-107.27801859890698,48.294503074095275],[-107.27800619810326,48.29452565562147],[-107.27800653887809,48.29453460506482],[-107.27800085855347,48.29455700939172],[-107.27803370422231,48.2945429328067],[-107.27805355178297,48.2945381443139],[-107.27805963027899,48.29452460228426]]],[[[-107.27805355178297,48.2945381443139],[-107.27803547067023,48.294583130199086],[-107.27799596187576,48.294597296858726],[-107.27796963757072,48.29460676508304],[-107.27796429797353,48.29463811890037],[-107.27830330290061,48.29473416158505],[-107.27829599768096,48.29472088681008],[-107.27833472281128,48.294688836829394],[-107.27834790735024,48.29468413834651],[-107.27808007514517,48.294533107226606],[-107.27805355178297,48.2945381443139]]]]}"
0000000000000000163c,3603,0,0,0,"{""type"":""Polygon"",""coordinates"":[[[-107.27816559614982,48.294348307097124],[-107.27814001105686,48.29437558699855],[-107.27807941567293,48.29436788394939],[-107.27803284586135,48.294373278359394],[-107.27804079290743,48.294399917851166],[-107.27803545341379,48.29443127154764],[-107.27801638958222,48.2944539431075],[-107.27802447830837,48.29448510093349],[-107.27801859890698,48.294503074095275],[-107.27805963027899,48.29452460228426],[-107.27805948859297,48.29452008398873],[-107.2781187031589,48.29449661052978],[-107.27809345872761,48.29453283994055],[-107.27808007514517,48.294533107226606],[-107.27834790735024,48.29468413834651],[-107.27837369172487,48.29466128938331],[-107.27841374062886,48.294660503164316],[-107.27816559614982,48.294348307097124]]]}"
00000000000000001647,3604,0,0,0,"{""type"":""Polygon"",""coordinates"":[[[-107.27837605831905,48.29441559683823],[-107.27836287387836,48.294420295298714],[-107.27833610672008,48.29442082994276],[-107.27832316610963,48.29443003090841],[-107.27830978253171,48.29443029822584],[-107.27830806046826,48.29439017233556],[-107.27834090597904,48.29437609569374],[-107.2782987894157,48.29433226929302],[-107.27830511162719,48.29432322980449],[-107.27829780647251,48.294309955130785],[-107.27829104130272,48.29431006098842],[-107.27827834455543,48.29432376442925],[-107.27821696536127,48.2942981784446],[-107.2781982425036,48.29432979938672],[-107.27817211750435,48.294343698744235],[-107.27816559614982,48.294348307097124],[-107.27841374062886,48.294660503164316],[-107.27848511221596,48.29460994526444],[-107.27851241960687,48.29462279117687],[-107.2785258032831,48.294622523827734],[-107.27837605831905,48.29441559683823]]]}"
0000000000000000164b,3605,0,0,0,"{""type"":""MultiPolygon"",""coordinates"":[[[[-107.27829780647251,48.294309955130785],[-107.27830511162719,48.29432322980449],[-107.27831119000527,48.29430968781677],[-107.27829780647251,48.294309955130785]]],[[[-107.27847463957592,48.29437343817292],[-107.27837605831905,48.29441559683823],[-107.2785258032831,48.294622523827734],[-107.27856595432264,48.29462172176889],[-107.27861864769224,48.29460285635453],[-107.27867139845327,48.294583903768554],[-107.27847463957592,48.29437343817292]]]]}"
0000000000000000164a,3606,0,0,0,"{""type"":""Polygon"",""coordinates"":[[[-107.278558211842,48.294295867891314],[-107.27852610563352,48.294327756239895],[-107.27847463957592,48.29437343817292],[-107.27867139845327,48.294583903768554],[-107.27870438590335,48.29457434524353],[-107.27873787382917,48.29457363322524],[-107.27875713662903,48.294555392621554],[-107.27879002698454,48.29454138715201],[-107.278558211842,48.294295867891314]]]}"
00000000000000001651,3607,0,0,0,"{""type"":""Polygon"",""coordinates"":[[[-107.27865669064857,48.294253724919145],[-107.27865002757478,48.29425381502597],[-107.27859870346478,48.294304015231084],[-107.278558211842,48.294295867891314],[-107.27879002698454,48.29454138715201],[-107.27880316678056,48.29453661724748],[-107.27884247635849,48.29451801913076],[-107.27888850646238,48.294499243730215],[-107.27890776917823,48.29448100312403],[-107.27865669064857,48.294253724919145]]]}"
00000000000000001636,3608,0,0,0,"{""type"":""Polygon"",""coordinates"":[[[-107.27876855289698,48.29421131450453],[-107.27876188982276,48.294211404619055],[-107.27874904641081,48.29422505249651],[-107.27872860140128,48.294216547749535],[-107.27870958266682,48.29423929071812],[-107.27865669064857,48.294253724919145],[-107.27890776917823,48.29448100312403],[-107.27893375242398,48.29446258524285],[-107.27897306191153,48.29444398710092],[-107.27901884800312,48.2944207091606],[-107.27876855289698,48.29421131450453]],[[-107.27873002767966,48.294247795472685],[-107.27871664410976,48.29424806284569],[-107.2787170871747,48.294256996458735],[-107.27873002767966,48.294247795472685]]]}"
00000000000000001633,3609,0,0,0,"{""type"":""GeometryCollection"",""geometries"":[{""type"":""LineString"",""coordinates"":[[-107.2787685783516,48.29421129592091],[-107.27877546421287,48.2942156256546]]},{""type"":""Polygon"",""coordinates"":[[[-107.27878781548208,48.29419307402466],[-107.27877551727451,48.29421563972947],[-107.27901884800312,48.2944207091606],[-107.27905781640446,48.29439316158913],[-107.27913560626723,48.294338010848975],[-107.27915486882297,48.294319770252706],[-107.27878781548208,48.29419307402466]]]}]}"
00000000000000001654,3610,0,0,0,"{""type"":""Polygon"",""coordinates"":[[[-107.27935997375567,48.29426655338504],[-107.27933997166282,48.29426698237706],[-107.27932624689716,48.294258300452235],[-107.27885188052444,48.29412924174095],[-107.27879824927486,48.29412586439874],[-107.27881281527243,48.29415234219812],[-107.27884056565252,48.29417412150709],[-107.2788551764003,48.29420067069565],[-107.27879389369059,48.2941795320439],[-107.27878781548208,48.29419307402466],[-107.27915486882297,48.294319770252706],[-107.27919325205941,48.29427877079885],[-107.27922623928788,48.29426921215517],[-107.27931483037106,48.29430319614888],[-107.27934865937493,48.29431143331468],[-107.2794088572539,48.29431027328557],[-107.27944268632037,48.294318510417774],[-107.27955715883641,48.29433409200797],[-107.27956328154441,48.29432062132028],[-107.27935997375567,48.29426655338504]]]}"
00000000000000001634,3611,0,0,0,"{""type"":""MultiPolygon"",""coordinates"":[[[[-107.27952214671339,48.294299109667804],[-107.27948165447631,48.294290962733626],[-107.2794410601627,48.294282831559975],[-107.27942733535247,48.29427414964812],[-107.27935997375567,48.29426655338504],[-107.27956328154441,48.29432062132028],[-107.27957597799812,48.29430691771787],[-107.27952214671339,48.294299109667804]]],[[[-107.27927834714944,48.29423689464413],[-107.27925756080576,48.29421944063481],[-107.27923005396603,48.294202163923615],[-107.27924014095528,48.29413046755415],[-107.27922449393712,48.294077228917736],[-107.27922424999194,48.29407272644267],[-107.27885188052444,48.29412924174095],[-107.27932624689716,48.294258300452235],[-107.27927834714944,48.29423689464413]]]]}"
00000000000000001631,3612,0,0,0,"{""type"":""Polygon"",""coordinates"":[[[-107.27920771663783,48.2940016207267],[-107.27916535508504,48.293953292576646],[-107.27890226554679,48.29405679891026],[-107.27891599007877,48.29406548086864],[-107.27891643319498,48.29407441444874],[-107.27891707552041,48.29408777913535],[-107.27887746510903,48.29410196178941],[-107.27886329747632,48.294084346235664],[-107.27882314689242,48.29408514839912],[-107.27877721943538,48.29410390783183],[-107.27877736121347,48.29410842608854],[-107.27879114312897,48.2941170209247],[-107.27879824927486,48.29412586439874],[-107.27885188052444,48.29412924174095],[-107.27922424999194,48.29407272644267],[-107.2792238068001,48.2940637928662],[-107.27920771663783,48.2940016207267]]]}"
00000000000000001635,3613,0,0,0,"{""type"":""MultiPolygon"",""coordinates"":[[[[-107.27907504214815,48.293879183173566],[-107.27904749098727,48.293861835138976],[-107.27903390828672,48.29385767146635],[-107.27884024361954,48.29401784879041],[-107.27887431598765,48.294030588565775],[-107.27888843891178,48.2940481327277],[-107.27890226554679,48.29405679891026],[-107.27916535508504,48.293953292576646],[-107.27916515584471,48.293948861484154],[-107.27907504214815,48.293879183173566]]],[[[-107.27883534793808,48.29405813586571],[-107.27879505561378,48.29405441976366],[-107.27878211518788,48.294063620722945],[-107.27878265535284,48.29407700118545],[-107.27876285267492,48.294081861155355],[-107.27875000931289,48.29409550899837],[-107.27875025319912,48.29410001147805],[-107.27877005588584,48.29409515150886],[-107.27877721943538,48.29410390783183],[-107.27882314689242,48.29408514839912],[-107.27880942238957,48.294076466423526],[-107.27884893065733,48.294062299581675],[-107.27883534793808,48.29405813586571]]]]}"
00000000000000001630,3614,0,0,0,"{""type"":""GeometryCollection"",""geometries"":[{""type"":""LineString"",""coordinates"":[[-107.27876281706966,48.294081889174066],[-107.27875632855502,48.29408648404263],[-107.27875003870241,48.29409554121255]]},{""type"":""Polygon"",""coordinates"":[[[-107.27878833515197,48.29405459702826],[-107.27878211518788,48.294063620722945],[-107.27879505561378,48.29405441976366],[-107.27878833515197,48.29405459702826]]]},{""type"":""Polygon"",""coordinates"":[[[-107.27897297192543,48.293841019736874],[-107.27895228310311,48.29382801264075],[-107.27885771779945,48.29380755467972],[-107.2787724449917,48.293996855904226],[-107.27878582847877,48.29399658852681],[-107.27884024361954,48.29401784879041],[-107.27903390828672,48.29385767146635],[-107.27897297192543,48.293841019736874]]]}]}"
00000000000000001637,3615,0,0,0,"{""type"":""Polygon"",""coordinates"":[[[-107.27878329619193,48.29379118599956],[-107.27874280499306,48.293783038805564],[-107.27870231383004,48.29377489159485],[-107.27866439398082,48.293976680842384],[-107.27872479006464,48.29397995237129],[-107.27873857191523,48.29398854719583],[-107.2787724449917,48.293996855904226],[-107.27885771779945,48.29380755467972],[-107.27878329619193,48.29379118599956]]]}"
00000000000000001638,3616,0,0,0,"{""type"":""Polygon"",""coordinates"":[[[-107.27868873125128,48.29377072787714],[-107.27857524505272,48.293777459258045],[-107.27856186167472,48.29377772660225],[-107.27853051979784,48.293974820331215],[-107.27855056625856,48.29397446289117],[-107.27859071660637,48.293973660849296],[-107.27861071838242,48.293973232023696],[-107.27866439398082,48.293976680842384],[-107.27870231383004,48.29377489159485],[-107.27868873125128,48.29377072787714]]]}"
00000000000000001632,3617,0,0,0,"{""type"":""Polygon"",""coordinates"":[[[-107.27844126961433,48.29377561438392],[-107.2784214671319,48.293780474250894],[-107.27839732758613,48.2939908583219],[-107.27847066392297,48.29398492912043],[-107.27853051979784,48.293974820331215],[-107.27856186167472,48.29377772660225],[-107.27844126961433,48.29377561438392]]]}"
0000000000000000163a,3618,0,0,0,"{""type"":""Polygon"",""coordinates"":[[[-107.27826847326077,48.293801371848126],[-107.27824170657641,48.29380190644762],[-107.27832419042346,48.29400121856796],[-107.27835742114021,48.293996162754674],[-107.27839732758613,48.2939908583219],[-107.2784214671319,48.293780474250894],[-107.27826847326077,48.293801371848126]]]}"
0000000000000000163d,3619,0,0,0,"{""type"":""Polygon"",""coordinates"":[[[-107.27824170657641,48.29380190644762],[-107.27823498619928,48.293802083670506],[-107.27818817322938,48.29380297562367],[-107.27813552576661,48.29382191185964],[-107.27811557648057,48.29382671607067],[-107.27819776344224,48.294017150428964],[-107.27829090229524,48.29400636151895],[-107.27832419042346,48.29400121856796],[-107.27824170657641,48.29380190644762]]]}"
0000000000000000163e,3620,0,0,0,"{""type"":""MultiPolygon"",""coordinates"":[[[[-107.27789577382711,48.29354975499793],[-107.27791078172626,48.29358516617994],[-107.27794387028798,48.29357559234588],[-107.27789577382711,48.29354975499793]]],[[[-107.27789954594918,48.293482636301405],[-107.27787988534848,48.29349201423283],[-107.27789543306405,48.293540805719935],[-107.27790665170616,48.293491479745576],[-107.27789954594918,48.293482636301405]]],[[[-107.27811557648057,48.29382671607067],[-107.27808239067002,48.29383184315158],[-107.27805606692445,48.293841311248855],[-107.27802930027158,48.29384184578875],[-107.27798959319729,48.29385158113685],[-107.27805849303155,48.294046729868086],[-107.27806511132994,48.294046568431575],[-107.27807819863013,48.2940374231675],[-107.27809158203326,48.29403715588874],[-107.27813770851452,48.29402282791335],[-107.27819776344224,48.294017150428964],[-107.27811557648057,48.29382671607067]]]]}"
00000000000000001639,3621,0,0,0,"{""type"":""MultiPolygon"",""coordinates"":[[[[-107.27798959319729,48.29385158113685],[-107.2779498861195,48.29386131647039],[-107.27791013434307,48.29387098041649],[-107.27786370689297,48.29388089291782],[-107.27792530105577,48.29406276722001],[-107.27798491305116,48.29404815627802],[-107.27805849303155,48.294046729868086],[-107.27798959319729,48.29385158113685]]],[[[-107.27789577382711,48.29354975499793],[-107.27789563215283,48.293545236784844],[-107.27789543306405,48.293540805719935],[-107.27787988534848,48.29349201423283],[-107.27782022960245,48.29350655356012],[-107.27776204402497,48.293552411575426],[-107.27779284313502,48.29364111682502],[-107.27783156726039,48.29360906772465],[-107.27791078172626,48.29358516617994],[-107.27789577382711,48.29354975499793]]]]}"
0000000000000000163b,3622,0,0,0,"{""type"":""MultiPolygon"",""coordinates"":[[[[-107.27786370689297,48.29388089291782],[-107.27777674408986,48.29388258639537],[-107.27774997748652,48.29388312085659],[-107.27772993124644,48.293883478123355],[-107.27779275107457,48.29409216909574],[-107.27781996068772,48.29410056821274],[-107.27785240777763,48.29407762960083],[-107.27790549846269,48.29406762700972],[-107.27792530105577,48.29406276722001],[-107.27786370689297,48.29388089291782]]],[[[-107.27776204402497,48.293552411575426],[-107.27769739451242,48.29360279070357],[-107.27765180838685,48.29363049870561],[-107.27769957498764,48.293803705995394],[-107.27770634002208,48.293803600183836],[-107.277746489825,48.29380279851123],[-107.27777790931533,48.29375747474367],[-107.27770981137705,48.29373206585674],[-107.2777149072048,48.29369621013737],[-107.27771416835672,48.29367839867781],[-107.27778627719876,48.293645653715615],[-107.27779284313502,48.29364111682502],[-107.27776204402497,48.293552411575426]]]]}"
00000000000000001642,3623,0,0,0,"{""type"":""MultiPolygon"",""coordinates"":[[[[-107.27772993124644,48.293883478123355],[-107.2777232108904,48.29388365531018],[-107.27760330620323,48.29389497804579],[-107.2775964442196,48.29389063697969],[-107.27765215743194,48.29409048452557],[-107.27772647607783,48.29410686997128],[-107.27777916862317,48.2940880052213],[-107.27779275107457,48.29409216909574],[-107.27772993124644,48.293883478123355]]],[[[-107.27765180838685,48.29363049870561],[-107.27764504338796,48.29363060451207],[-107.27758073433766,48.29368993294606],[-107.27756073293239,48.2936903615455],[-107.27753440931093,48.293699829471436],[-107.27757295025252,48.29381520585272],[-107.27761982034694,48.293814227058434],[-107.27763790140929,48.29376924190443],[-107.27769957498764,48.293803705995394],[-107.27765180838685,48.29363049870561]]]]}"
0000000000000000166c,3624,0,0,0,"{""type"":""MultiPolygon"",""coordinates"":[[[[-107.27753440931093,48.293699829471436],[-107.2774170099369,48.29376916019191],[-107.27745594857889,48.293893398972486],[-107.2774871693731,48.293843644121615],[-107.27754702462761,48.293833535987865],[-107.2775662873354,48.293815295879654],[-107.27757295025252,48.29381520585272],[-107.27753440931093,48.293699829471436]]],[[[-107.2775964442196,48.29389063697969],[-107.27757619896072,48.293886563118264],[-107.27749654114223,48.29390153096974],[-107.27746325329736,48.29390667361709],[-107.27751866975748,48.29409764331815],[-107.27764543704379,48.29409066170846],[-107.27765215743194,48.29409048452557],[-107.2775964442196,48.29389063697969]]]]}"
00000000000000001644,3625,0,0,0,"{""type"":""MultiPolygon"",""coordinates"":[[[[-107.27746325329736,48.29390667361709],[-107.2774035000659,48.293916765939855],[-107.27731786057569,48.29394972236707],[-107.27740513912786,48.29410430197801],[-107.27751866975748,48.29409764331815],[-107.27746325329736,48.29390667361709]]],[[[-107.2774170099369,48.29376916019191],[-107.27736485754116,48.293801405031296],[-107.27731098407698,48.29379352437964],[-107.27727127718535,48.29380325941731],[-107.2772447544842,48.29380829619525],[-107.27727446788799,48.29387470383996],[-107.2772810861012,48.293874542460166],[-107.27736138551468,48.2938729394564],[-107.27745594857889,48.293893398972486],[-107.2774170099369,48.29376916019191]]]]}"
0000000000000000165a,3626,0,0,0,"{""type"":""Polygon"",""coordinates"":[[[-107.27731786057569,48.29394972236707],[-107.2773047210219,48.29395449200953],[-107.27723844644393,48.29396919249961],[-107.27721035705109,48.293938463420055],[-107.27723623812994,48.29392006196245],[-107.2772350568164,48.293893316848724],[-107.27727446788799,48.29387470383996],[-107.2772447544842,48.29380829619525],[-107.27723157029024,48.29381299444045],[-107.27715931426195,48.29384568350054],[-107.27714069310173,48.29387728820279],[-107.27712157181676,48.293900046497384],[-107.2771151526015,48.2939046389651],[-107.27733553367338,48.29419505571322],[-107.27738176237065,48.29418071228059],[-107.27736739663735,48.294158665337484],[-107.27732626425556,48.294137152748235],[-107.27739175579798,48.294104569159614],[-107.27740513912786,48.29410430197801],[-107.27731786057569,48.29394972236707]]]}"
00000000000000001640,3627,0,0,0,"{""type"":""Polygon"",""coordinates"":[[[-107.2771151526015,48.2939046389651],[-107.27708882883964,48.293914106810696],[-107.27710927294032,48.29392261188124],[-107.2771049150507,48.29397627930275],[-107.27705226741648,48.29399521501118],[-107.27703918002923,48.29400436013042],[-107.27722387062862,48.294241895567595],[-107.27727754565402,48.29424534519322],[-107.27729048630366,48.29423614439945],[-107.27730244461073,48.29420462946216],[-107.27733553367338,48.29419505571322],[-107.2771151526015,48.2939046389651]],[[-107.27728773832504,48.29417363310506],[-107.27726729401047,48.29416512803769],[-107.27724823002649,48.2941877993353],[-107.27727533730845,48.29419621440214],[-107.27728773832504,48.29417363310506]]]}"
0000000000000000165b,3628,0,0,0,"{""type"":""Polygon"",""coordinates"":[[[-107.27714322996462,48.29423454908228],[-107.2771705362199,48.294247395314116],[-107.27718372057254,48.29424269703482],[-107.27719730292179,48.29424686100818],[-107.27722387062862,48.294241895567595],[-107.27703918002923,48.29400436013042],[-107.27701285619699,48.29401382797478],[-107.2769735917573,48.29403249652848],[-107.27692079724766,48.29405137658758],[-107.27706925235982,48.29422711253398],[-107.27709557635106,48.2942176446321],[-107.27712258669386,48.2942216128477],[-107.27714322996462,48.29423454908228]],[[-107.27712258669386,48.2942216128477],[-107.27715597162992,48.29422091718262],[-107.27712886439362,48.294212502077016],[-107.27712258669386,48.2942216128477]]]}"
0000000000000000165e,3629,0,0,0,"{""type"":""Polygon"",""coordinates"":[[[-107.27692079724766,48.29405137658758],[-107.27690765766371,48.29405614618564],[-107.27684138303634,48.294070846431175],[-107.27681505916284,48.29408031423425],[-107.27679525666,48.29408517379439],[-107.27680251642641,48.29409837716997],[-107.27689609706188,48.29409652322322],[-107.27689653968169,48.29410545683044],[-107.27686977316738,48.29410599104638],[-107.27683040650605,48.294124675351206],[-107.27696479165999,48.294287242666044],[-107.27703028353399,48.29425465922333],[-107.27705606801527,48.294231810795985],[-107.27706925235982,48.29422711253398],[-107.27692079724766,48.29405137658758]]]}"
00000000000000001641,3630,0,0,0,"{""type"":""MultiPolygon"",""coordinates"":[[[[-107.27679525666,48.29408517379439],[-107.27677530735369,48.29408997775141],[-107.27674898346866,48.29409944554007],[-107.27680251642641,48.29409837716997],[-107.27679525666,48.29408517379439]]],[[[-107.27683040650605,48.294124675351206],[-107.27679109723884,48.29414327249885],[-107.27676477331401,48.29415274030235],[-107.27675173053099,48.29416195678573],[-107.27673222376504,48.29417569436247],[-107.27671894261512,48.29417594567464],[-107.2768606318016,48.294351788121595],[-107.27690014025825,48.294337622003006],[-107.27696479165999,48.294287242666044],[-107.27683040650605,48.294124675351206]]]]}"
0000000000000000165d,3631,0,0,0,"{""type"":""MultiPolygon"",""coordinates"":[[[[-107.27656486503999,48.29417454233282],[-107.27657182898322,48.29417886772555],[-107.2765782482777,48.29417427526842],[-107.27658481437328,48.29416973841118],[-107.27656486503999,48.29417454233282]]],[[[-107.27671894261512,48.29417594567464],[-107.27665933075265,48.29419055586282],[-107.27659329958321,48.29420975847958],[-107.27674238940122,48.2944033229867],[-107.2767489108393,48.29439871472354],[-107.27676185160102,48.29438951397155],[-107.27677489446876,48.29438029744514],[-107.27681464659643,48.2943706338672],[-107.27685411037811,48.29435639638791],[-107.2768606318016,48.294351788121595],[-107.27671894261512,48.29417594567464]]]]}"
0000000000000000165f,3632,0,0,0,"{""type"":""Polygon"",""coordinates"":[[[-107.27659329958321,48.29420975847958],[-107.27657339491934,48.29421463378128],[-107.27657947378982,48.29420109191837],[-107.2765585872487,48.294183653062454],[-107.27657182898322,48.29417886772555],[-107.27656486503999,48.29417454233282],[-107.27650515641636,48.2941847055239],[-107.27644594241339,48.29420817783601],[-107.27646030746804,48.294230224954696],[-107.27648055253609,48.294234299082525],[-107.27648829939851,48.29425650753314],[-107.27648173328178,48.29426104439174],[-107.27663096931462,48.29445466487406],[-107.27667729507807,48.29444476862496],[-107.27671646316583,48.29442165311626],[-107.27674238940122,48.2944033229867],[-107.27659329958321,48.29420975847958]],[[-107.27654682733811,48.29421959903623],[-107.27652658225567,48.294215524923864],[-107.27653388661767,48.29422879972874],[-107.27654682733811,48.29421959903623]]]}"
0000000000000000165c,3633,0,0,0,"{""type"":""MultiPolygon"",""coordinates"":[[[[-107.27648173328178,48.29426104439174],[-107.27645540928228,48.294270512133366],[-107.27640211986707,48.29427608282279],[-107.27636281040496,48.29429467985316],[-107.2765054795774,48.29449283754183],[-107.2765581725937,48.2944739733125],[-107.27663096931462,48.29445466487406],[-107.27648173328178,48.29426104439174]]],[[[-107.27644594241339,48.29420817783601],[-107.27642603776376,48.294213053106674],[-107.27633324015072,48.29423278963715],[-107.27632049829568,48.29424642143553],[-107.27633461968244,48.294263966083214],[-107.27637457050083,48.29425873384637],[-107.2764081988008,48.29426254095343],[-107.27644672531895,48.29422606087335],[-107.27646030746804,48.294230224954696],[-107.27644594241339,48.29420817783601]]]]}"
00000000000000001646,3634,0,0,0,"{""type"":""Polygon"",""coordinates"":[[[-107.27636281040496,48.29429467985316],[-107.27635628896665,48.29429928808109],[-107.27633604390557,48.29429521392192],[-107.27630947630415,48.29430017911926],[-107.27632800146539,48.29426412739909],[-107.27633461968244,48.294263966083214],[-107.27632049829568,48.29424642143553],[-107.27631397686427,48.29425102965623],[-107.27625397994655,48.29425661882481],[-107.2763072376441,48.29455038972802],[-107.27642680274293,48.294530118990615],[-107.27644630975517,48.29451638137792],[-107.2765054795774,48.29449283754183],[-107.27636281040496,48.29429467985316]]]}"
0000000000000000164f,3635,0,0,0,"{""type"":""MultiPolygon"",""coordinates"":[[[[-107.27625397994655,48.29425661882481],[-107.27616054099887,48.294262990427626],[-107.27615412166615,48.294267582865494],[-107.27620211474932,48.2942934372408],[-107.27621525440765,48.294288667716046],[-107.27626280513023,48.294305588419185],[-107.27625397994655,48.29425661882481]]],[[[-107.27626280513023,48.294305588419185],[-107.27621035595513,48.29432895493335],[-107.27613657799009,48.29432594877314],[-107.27612995977572,48.2943261100755],[-107.27617350648545,48.29455304417848],[-107.27629405319614,48.29455508791667],[-107.2763072376441,48.29455038972802],[-107.27626280513023,48.294305588419185]]]]}"
00000000000000001697,3636,0,0,0,"{""type"":""Polygon"",""coordinates"":[[[-107.27612995977572,48.2943261100755],[-107.27602333639766,48.29433717969779],[-107.27600995317992,48.2943374466852],[-107.27601354805007,48.294569613050385],[-107.27603320931166,48.29456023529382],[-107.27617350648545,48.29455304417848],[-107.27612995977572,48.2943261100755]]]}"
00000000000000001665,3637,0,0,0,"{""type"":""Polygon"",""coordinates"":[[[-107.27593593184326,48.294329937850854],[-107.27592279217484,48.29433470734136],[-107.2758823023147,48.29432655882426],[-107.27585996986032,48.294577055126275],[-107.27592658534023,48.29457130487258],[-107.27596737644943,48.29458386878934],[-107.27600036360103,48.29457431120046],[-107.27601354805007,48.294569613050385],[-107.27600995317992,48.2943374466852],[-107.27593593184326,48.294329937850854]]]}"
00000000000000001653,3638,0,0,0,"{""type"":""Polygon"",""coordinates"":[[[-107.2758686755932,48.294322323276035],[-107.2758024008363,48.294337022881756],[-107.27574857256724,48.294329212636164],[-107.27572559809616,48.294566344079975],[-107.2757323631265,48.294566238406034],[-107.27580668026488,48.294582625522125],[-107.27585996986032,48.294577055126275],[-107.2758823023147,48.29432655882426],[-107.2758686755932,48.294322323276035]]]}"
00000000000000001669,3639,0,0,0,"{""type"":""Polygon"",""coordinates"":[[[-107.27572832769405,48.29432513834184],[-107.2756938150189,48.29430346367369],[-107.27564606604975,48.29428211153679],[-107.27555563592239,48.29450719678229],[-107.27558260115414,48.29451109408821],[-107.27561721059669,48.29453721581209],[-107.27566446552552,48.294545258803176],[-107.27572559809616,48.294566344079975],[-107.27574857256724,48.294329212636164],[-107.27572832769405,48.29432513834184]]]}"
00000000000000001668,3640,0,0,0,"{""type"":""Polygon"",""coordinates"":[[[-107.27561288039848,48.29428723780451],[-107.27551797371852,48.29426228953292],[-107.27543352559704,48.29446938579038],[-107.27550132064812,48.2944903813107],[-107.27555563592239,48.29450719678229],[-107.27564606604975,48.29428211153679],[-107.27561288039848,48.29428723780451]]]}"
000000000000000016a7,3641,0,0,0,"{""type"":""Polygon"",""coordinates"":[[[-107.27547062257288,48.294249799591256],[-107.27539012517471,48.29424696986883],[-107.27528543171282,48.29444999156873],[-107.27541994363389,48.29446522154039],[-107.27543352559704,48.29446938579038],[-107.27551797371852,48.29426228953292],[-107.27547062257288,48.294249799591256]]]}"
00000000000000002944,3642,0,0,0,"{""type"":""Polygon"",""coordinates"":[[[-107.27535007800394,48.29424775477719],[-107.27528870295227,48.29422216685313],[-107.2751293935171,48.29440395730919],[-107.27515649983114,48.29441237303275],[-107.27517718675254,48.294425381137756],[-107.27526532827272,48.29445043546729],[-107.27528543171282,48.29444999156873],[-107.27539012517471,48.29424696986883],[-107.27535007800394,48.29424775477719]]]}"
00000000000000001684,3643,0,0,0,"{""type"":""Polygon"",""coordinates"":[[[-107.27528193801692,48.294222272492746],[-107.27526801607196,48.29420915882091],[-107.27525419079248,48.294200492056014],[-107.27522668705674,48.29418321412598],[-107.27494571104222,48.294336126460976],[-107.27498620028413,48.29434427539002],[-107.2750074258461,48.29437066411139],[-107.27502223202477,48.294401645216304],[-107.27507586106846,48.294405024740136],[-107.27507468136015,48.2943782793148],[-107.27508850663197,48.29438694613474],[-107.27510228722335,48.294395541578794],[-107.2751293935171,48.29440395730919],[-107.27528870295227,48.29422216685313],[-107.27528193801692,48.294222272492746]]]}"
0000000000000000167f,3644,0,0,0,"{""type"":""Polygon"",""coordinates"":[[[-107.275219582035,48.294174370349694],[-107.2751580085269,48.294144351240654],[-107.27514408667135,48.29413123756784],[-107.27481447875198,48.29424492962597],[-107.2748699725137,48.294288490808256],[-107.274885118543,48.29432842132948],[-107.27490492100706,48.294323562141805],[-107.27494571104222,48.294336126460976],[-107.27522668705674,48.29418321412598],[-107.275219582035,48.294174370349694]]]}"
0000000000000000166b,3645,0,0,0,"{""type"":""Polygon"",""coordinates"":[[[-107.27508795171461,48.29407431193213],[-107.2750871694711,48.29405642891806],[-107.27506628405291,48.29403898975674],[-107.2748053548099,48.29419154453925],[-107.27481917991228,48.294200211371766],[-107.27479359342844,48.294227490341015],[-107.27481447875198,48.29424492962597],[-107.27514408667135,48.29413123756784],[-107.27508795171461,48.29407431193213]]]}"
00000000000000001662,3646,0,0,0,"{""type"":""Polygon"",""coordinates"":[[[-107.27503844051799,48.29401276243335],[-107.27501697168105,48.29398187140175],[-107.27499564419558,48.29395549864341],[-107.27496858297764,48.293947154311134],[-107.27476324426752,48.294147716588256],[-107.2748053548099,48.29419154453925],[-107.27506628405291,48.29403898975674],[-107.27503844051799,48.29401276243335]]]}"
0000000000000000166a,3647,0,0,0,"{""type"":""Polygon"",""coordinates"":[[[-107.27492093186527,48.2939302488103],[-107.27485995533989,48.29391352295977],[-107.27482632809173,48.293909715309084],[-107.27469990868133,48.29407749998984],[-107.27472015307721,48.29408157449399],[-107.27474854053582,48.29411671981094],[-107.27470961580852,48.29414433689145],[-107.2747561840866,48.29413894415467],[-107.27476324426752,48.294147716588256],[-107.27496858297764,48.293947154311134],[-107.27492093186527,48.2939302488103]]]}"
00000000000000001678,3648,0,0,0,"{""type"":""Polygon"",""coordinates"":[[[-107.27479274555068,48.29390597902102],[-107.27475887494886,48.29389766886082],[-107.27473210919196,48.29389820245984],[-107.27469872540364,48.29389889724923],[-107.27468534253241,48.29389916404111],[-107.2746651948313,48.29389953642399],[-107.27459902678422,48.294066076803794],[-107.27461265307687,48.29407031252255],[-107.27469990868133,48.29407749998984],[-107.27482632809173,48.293909715309084],[-107.27479274555068,48.29390597902102]]]}"
00000000000000001677,3649,0,0,0,"{""type"":""Polygon"",""coordinates"":[[[-107.27463833251721,48.293895623112995],[-107.27461058609394,48.2938738426041],[-107.27458323707835,48.293860924311495],[-107.27454269120231,48.29385286241336],[-107.27447098192815,48.29404632478873],[-107.27454475783462,48.29404933226449],[-107.27458544518396,48.29406191245826],[-107.27459902678422,48.294066076803794],[-107.2746651948313,48.29389953642399],[-107.27463833251721,48.293895623112995]]]}"
00000000000000001679,3650,0,0,0,"{""type"":""Polygon"",""coordinates"":[[[-107.27450906415999,48.29384905465076],[-107.27444136811336,48.29383250550027],[-107.27438729832124,48.29382019203896],[-107.27437044033493,48.294043850754406],[-107.27447098192815,48.29404632478873],[-107.27454269120231,48.29385286241336],[-107.27450906415999,48.29384905465076]]]}"
00000000000000001670,3651,0,0,0,"{""type"":""Polygon"",""coordinates"":[[[-107.27438063563223,48.29382028183915],[-107.27424117022075,48.29384542443294],[-107.27425661811407,48.294041627572845],[-107.27429000187466,48.29404093293594],[-107.27430338474096,48.29404066619855],[-107.27432343033307,48.29404030966221],[-107.27437044033493,48.294043850754406],[-107.27438729832124,48.29382019203896],[-107.27438063563223,48.29382028183915]]]}"
00000000000000001672,3652,0,0,0,"{""type"":""Polygon"",""coordinates"":[[[-107.27424117022075,48.29384542443294],[-107.27414788801214,48.29385615369305],[-107.2740947988476,48.29386615412903],[-107.27408818085722,48.29386631528363],[-107.27417671824747,48.294052090181104],[-107.27419666729105,48.29404728677384],[-107.27425661811407,48.294041627572845],[-107.27424117022075,48.29384542443294]]]}"
00000000000000001674,3653,0,0,0,"{""type"":""Polygon"",""coordinates"":[[[-107.27408818085722,48.29386631528363],[-107.2740679367883,48.29386224065454],[-107.27401460434028,48.293867738559825],[-107.27393519158132,48.29388720589669],[-107.27407034071099,48.294067660017504],[-107.27407686222317,48.29406305196301],[-107.2741170107606,48.29406225183553],[-107.27417671824747,48.294052090181104],[-107.27408818085722,48.29386631528363]]]}"
0000000000000000167b,3654,0,0,0,"{""type"":""Polygon"",""coordinates"":[[[-107.27393519158132,48.29388720589669],[-107.27389544051115,48.29389686816823],[-107.27379588020752,48.293916707613974],[-107.27378926222886,48.29391686874784],[-107.2739647576391,48.2941009542641],[-107.27401112697073,48.294091130770326],[-107.27403745074415,48.29408166373624],[-107.2740637745116,48.29407219669679],[-107.27407034071099,48.294067660017504],[-107.27393519158132,48.29388720589669]]]}"
00000000000000001683,3655,0,0,0,"{""type"":""Polygon"",""coordinates"":[[[-107.27378926222886,48.29391686874784],[-107.27374955583795,48.293926602339745],[-107.27372396908262,48.29395388089037],[-107.27367793972242,48.293972653604435],[-107.27367161677904,48.293981692747266],[-107.27387303827989,48.294147449440175],[-107.27387980309929,48.294147343902864],[-107.27390514664714,48.29411556270043],[-107.27395803750781,48.29410113118256],[-107.2739647576391,48.2941009542641],[-107.27378926222886,48.29391686874784]]]}"
0000000000000000167c,3656,0,0,0,"{""type"":""Polygon"",""coordinates"":[[[-107.27367161677904,48.293981692747266],[-107.27366489668994,48.29398186964374],[-107.27364529309324,48.29399115966104],[-107.27360514483387,48.293991959583245],[-107.27358784107044,48.29405482731194],[-107.27357490010534,48.294064027583474],[-107.27380186362333,48.29420243465575],[-107.27381504789045,48.29419773684495],[-107.27384039151427,48.2941659556275],[-107.27383299186212,48.29414823369552],[-107.27385303741178,48.2941478772577],[-107.27387303827989,48.294147449440175],[-107.27367161677904,48.293981692747266]]]}"
00000000000000001680,3657,0,0,0,"{""type"":""Polygon"",""coordinates"":[[[-107.27357490010534,48.294064027583474],[-107.27354279162184,48.294095914184815],[-107.2735237708799,48.294118656125825],[-107.2735111248799,48.29413673444492],[-107.27350524366202,48.29415470725852],[-107.27375097765632,48.294261565983334],[-107.27376892174021,48.2942120627835],[-107.27380186362333,48.29420243465575],[-107.27357490010534,48.294064027583474]]]}"
0000000000000000167a,3658,0,0,0,"{""type"":""Polygon"",""coordinates"":[[[-107.27350524366202,48.29415470725852],[-107.27349916388793,48.29416824893796],[-107.27347303861835,48.294182146982024],[-107.27346029613882,48.29419577840385],[-107.27346087903548,48.29420923035478],[-107.27344789331482,48.29421835926204],[-107.27343529193428,48.29423650898252],[-107.27343549047602,48.2942409401286],[-107.27370068726646,48.29433399080984],[-107.27370676701405,48.29432044907603],[-107.27374485324826,48.29427503632863],[-107.27375097765632,48.294261565983334],[-107.27350524366202,48.29415470725852]]]}"
00000000000000001666,3659,0,0,0,"{""type"":""Polygon"",""coordinates"":[[[-107.27343549047602,48.2942409401286],[-107.27342269054228,48.294254658707864],[-107.27341166470728,48.294308416164824],[-107.27339186238581,48.29431327503968],[-107.2735980437053,48.29443422778477],[-107.27360392494256,48.294416254870356],[-107.27362985181074,48.29439792556667],[-107.27369436425643,48.294343030017394],[-107.27370068726646,48.29433399080984],[-107.27343549047602,48.2942409401286]]]}"
00000000000000001685,3660,0,0,0,"{""type"":""Polygon"",""coordinates"":[[[-107.27339186238581,48.29431327503968],[-107.27337195795526,48.294318149681615],[-107.27333921454225,48.29433220883865],[-107.27331984826318,48.294350464084566],[-107.27329372284346,48.2943643621314],[-107.27351480503245,48.29452074359209],[-107.27356695960759,48.29448850035074],[-107.27359176534318,48.294443338379544],[-107.2735980437053,48.29443422778477],[-107.27339186238581,48.29431327503968]]]}"
00000000000000002940,3661,0,0,0,"{""type"":""Polygon"",""coordinates"":[[[-107.27329372284346,48.2943643621314],[-107.27327426012057,48.29437817045061],[-107.27317416075468,48.294384628829576],[-107.27337073689975,48.294590588057616],[-107.2733773996546,48.29459049832448],[-107.27340416552673,48.294589965093046],[-107.27351480503245,48.29452074359209],[-107.27329372284346,48.2943643621314]]]}"
00000000000000002908,3662,0,0,0,"{""type"":""Polygon"",""coordinates"":[[[-107.27317416075468,48.294384628829576],[-107.27314735041212,48.29438509061334],[-107.27308195983262,48.29441765573903],[-107.27306161369869,48.294413596624864],[-107.27302842852765,48.2944187220003],[-107.2732513725258,48.294615286136704],[-107.27337073689975,48.294590588057616],[-107.27317416075468,48.294384628829576]]]}"
00000000000000002931,3663,0,0,0,"{""type"":""Polygon"",""coordinates"":[[[-107.27302842852765,48.2944187220003],[-107.27300832558353,48.294419165413686],[-107.27296357589226,48.29446466771486],[-107.27291754587806,48.29448344026183],[-107.27288523819257,48.29451089574202],[-107.27319882065025,48.29463866692859],[-107.27322494628143,48.294624768830396],[-107.2732513725258,48.294615286136704],[-107.27302842852765,48.2944187220003]]]}"
0000000000000000292e,3664,0,0,0,"{""type"":""Polygon"",""coordinates"":[[[-107.27288523819257,48.29451089574202],[-107.27285259095595,48.29452940173229],[-107.272808180506,48.294583853564376],[-107.27277513627311,48.294593497196836],[-107.27310087864531,48.29469418534634],[-107.27312058475755,48.29468487953622],[-107.27313332749988,48.29467124802719],[-107.27319882065025,48.29463866692859],[-107.27288523819257,48.29451089574202]]]}"
0000000000000000293f,3665,0,0,0,"{""type"":""Polygon"",""coordinates"":[[[-107.27277513627311,48.294593497196836],[-107.2727625919372,48.29461155982023],[-107.27272994459041,48.29463006580672],[-107.272685431777,48.29468453346191],[-107.27268665440305,48.294711350492456],[-107.2731038178922,48.294761128748],[-107.27309655963526,48.29474792488981],[-107.27308239544378,48.29473030818191],[-107.27306117152644,48.294703918814704],[-107.27310087864531,48.29469418534634],[-107.27277513627311,48.294593497196836]]]}"
00000000000000002933,3666,0,0,0,"{""type"":""Polygon"",""coordinates"":[[[-107.2731386680353,48.294791754121334],[-107.2731038178922,48.294761128748],[-107.27268665440305,48.294711350492456],[-107.27267508947745,48.29475172762999],[-107.27273091958014,48.29480424008397],[-107.27312808326933,48.294854445879615],[-107.27312764158452,48.294845512105276],[-107.27312734669368,48.294836633938544],[-107.27315342779316,48.29482266442738],[-107.2731386680353,48.294791754121334]]]}"
00000000000000001667,3667,0,0,0,"{""type"":""Polygon"",""coordinates"":[[[-107.27273091958014,48.29480424008397],[-107.27273822236995,48.29481751536454],[-107.27273234068686,48.294835488373124],[-107.27280165608823,48.294887718565796],[-107.27279533281452,48.29489675781515],[-107.27311970114363,48.29496626940927],[-107.27312808326933,48.294854445879615],[-107.27273091958014,48.29480424008397]]]}"
00000000000000002945,3668,0,0,0,"{""type"":""Polygon"",""coordinates"":[[[-107.27279533281452,48.29489675781515],[-107.2727907701809,48.29494599497637],[-107.27277116602266,48.29495528499827],[-107.27276508586947,48.29496882684511],[-107.27275778304366,48.294955551529654],[-107.2727378783176,48.29496042610669],[-107.27273865938325,48.29497830947431],[-107.27306322658896,48.29505225257267],[-107.27307607159412,48.295038605202386],[-107.2731009746134,48.29499788984893],[-107.27311979753213,48.29497071638868],[-107.27311970114363,48.29496626940927],[-107.27279533281452,48.29489675781515]]]}"
000000000000000016aa,3669,0,0,0,"{""type"":""Polygon"",""coordinates"":[[[-107.27273865938325,48.29497830947431],[-107.2727390562871,48.29498717189813],[-107.27271983626112,48.295005482868916],[-107.27286106133387,48.2951724007003],[-107.27286758311635,48.295167792625136],[-107.27294670345593,48.29513944742059],[-107.27299106983526,48.29508492356183],[-107.27305048368571,48.29506588417433],[-107.27306322658896,48.29505225257267],[-107.27273865938325,48.29497830947431]]]}"
000000000000000016ce,3670,0,0,0,"{""type"":""Polygon"",""coordinates"":[[[-107.27271983626112,48.295005482868916],[-107.27268758543269,48.29503285141964],[-107.27265331821256,48.295015677903095],[-107.27264831454117,48.29520337959117],[-107.27266855884994,48.29520745461631],[-107.27270238467523,48.29521569434351],[-107.27278890432056,48.295205071618135],[-107.27286106133387,48.2951724007003],[-107.27271983626112,48.295005482868916]]]}"
0000000000000000174b,3671,0,0,0,"{""type"":""Polygon"",""coordinates"":[[[-107.27262621279623,48.2950072613548],[-107.27257782638075,48.29497254233124],[-107.27247223532943,48.295157696440405],[-107.27257375708608,48.295182487161995],[-107.27261468719455,48.29519957107624],[-107.27264831454117,48.29520337959117],[-107.27265331821256,48.295015677903095],[-107.27262621279623,48.2950072613548]]]}"
000000000000000016dc,3672,0,0,0,"{""type"":""Polygon"",""coordinates"":[[[-107.2725709651831,48.29496820079811],[-107.27252331517394,48.29495129375477],[-107.27250307105069,48.29494721871399],[-107.27233517282032,48.29508453908894],[-107.27246551511107,48.295157873260166],[-107.27247223532943,48.295157696440405],[-107.27257782638075,48.29497254233124],[-107.2725709651831,48.29496820079811]]]}"
00000000000000002923,3673,0,0,0,"{""type"":""Polygon"",""coordinates"":[[[-107.27247586365296,48.294938817900864],[-107.27239380588584,48.29490021888122],[-107.27222556833476,48.29502858935814],[-107.27226703571701,48.29505905419113],[-107.27231468560655,48.29507596139894],[-107.27233517282032,48.29508453908894],[-107.27250307105069,48.29494721871399],[-107.27247586365296,48.294938817900864]]]}"
00000000000000002941,3674,0,0,0,"{""type"":""Polygon"",""coordinates"":[[[-107.2723803266805,48.29489603838136],[-107.27234572045624,48.29486991523316],[-107.2722976293099,48.29484407431761],[-107.27214213495607,48.294958813027385],[-107.27214899606913,48.29496315459252],[-107.27216335812966,48.29498520274322],[-107.27220468442735,48.29501114921697],[-107.27222556833476,48.29502858935814],[-107.27239380588584,48.29490021888122],[-107.2723803266805,48.29489603838136]]]}"
00000000000000002942,3675,0,0,0,"{""type"":""Polygon"",""coordinates"":[[[-107.27227718692285,48.294835568031964],[-107.27226228706587,48.29480013921564],[-107.27224846274561,48.29479147189736],[-107.27204434000487,48.29486698857713],[-107.27212091181572,48.29493242331914],[-107.27214213495607,48.294958813027385],[-107.2722976293099,48.29484407431761],[-107.27227718692285,48.294835568031964]]]}"
00000000000000002914,3676,0,0,0,"{""type"":""Polygon"",""coordinates"":[[[-107.27219219218655,48.29473002538527],[-107.27219145606396,48.29471221346729],[-107.2719805689905,48.29478783530614],[-107.27200949112562,48.29483636273136],[-107.27204434000487,48.29486698857713],[-107.27224846274561,48.29479147189736],[-107.27219219218655,48.29473002538527]]]}"
0000000000000000293a,3677,0,0,0,"{""type"":""Polygon"",""coordinates"":[[[-107.27218297595641,48.29467219250197],[-107.27192886272965,48.29467715168278],[-107.27193106383145,48.29472628322539],[-107.27194552189917,48.29475277828229],[-107.27197370794032,48.294783493741704],[-107.2719805689905,48.29478783530614],[-107.27219145606396,48.29471221346729],[-107.27218297595641,48.29467219250197]]]}"
00000000000000002911,3678,0,0,0,"{""type"":""Polygon"",""coordinates"":[[[-107.27188440172336,48.29457983069738],[-107.27189876345949,48.29460187873663],[-107.271913662849,48.294637307488856],[-107.27193454635965,48.29465474758052],[-107.27192886272965,48.29467715168278],[-107.27218297595641,48.29467219250197],[-107.27218219515457,48.29465430922628],[-107.27218611864447,48.29459170742207],[-107.27188440172336,48.29457983069738]]]}"
00000000000000002938,3679,0,0,0,"{""type"":""Polygon"",""coordinates"":[[[-107.27193979628056,48.29447155033824],[-107.27192072999938,48.29449422076763],[-107.27190200297778,48.29452584070482],[-107.27188253994849,48.29453964879184],[-107.27186307690845,48.29455345687879],[-107.27188440172336,48.29457983069738],[-107.27218611864447,48.29459170742207],[-107.27219690315856,48.29453344722039],[-107.27193979628056,48.29447155033824]]]}"
0000000000000000293c,3680,0,0,0,"{""type"":""Polygon"",""coordinates"":[[[-107.27198975002813,48.29439017669934],[-107.27197798620715,48.29442612235271],[-107.27193979628056,48.29447155033824],[-107.27219690315856,48.29453344722039],[-107.27223474776756,48.29448353230293],[-107.2722398934316,48.294447747612494],[-107.27198975002813,48.29439017669934]]]}"
00000000000000002932,3681,0,0,0,"{""type"":""Polygon"",""coordinates"":[[[-107.27203240116444,48.29429552794824],[-107.27201269523529,48.29430483346225],[-107.27198975002813,48.29439017669934],[-107.2722398934316,48.294447747612494],[-107.27224519279638,48.294416322736495],[-107.27227078056994,48.29438904431628],[-107.27228342709758,48.294370966061166],[-107.27203240116444,48.29429552794824]]]}"
00000000000000002934,3682,0,0,0,"{""type"":""MultiPolygon"",""coordinates"":[[[[-107.2721220608891,48.29420442158602],[-107.27210965743282,48.29422700229113],[-107.27207132689115,48.29426791184855],[-107.27203240116444,48.29429552794824],[-107.27228342709758,48.294370966061166],[-107.27230225007808,48.29434379308049],[-107.27233445571909,48.29431635365078],[-107.2721220608891,48.29420442158602]]],[[[-107.27201932039526,48.2941528139749],[-107.27192392729812,48.294114552848995],[-107.27186451518904,48.29413359115436],[-107.27184525072363,48.29415183027311],[-107.27179804380754,48.29414385675499],[-107.27169618697982,48.294110116158464],[-107.27157050196033,48.2941438509072],[-107.2716517759713,48.29416456703997],[-107.27169182147858,48.29416378371675],[-107.27172437230304,48.294140831337366],[-107.27180574277044,48.29416599425038],[-107.27185319275048,48.294178470292714],[-107.27192534774608,48.294145800760745],[-107.27199353432246,48.2941756610566],[-107.27200735832936,48.294184328318956],[-107.27210161891945,48.29419591535493],[-107.27201932039526,48.2941528139749]]]]}"
0000000000000000291c,3683,0,0,0,"{""type"":""Polygon"",""coordinates"":[[[-107.27223956096873,48.294139543569486],[-107.27218647200694,48.29414954299906],[-107.27214838467293,48.294194955049115],[-107.272100639764,48.29417360109069],[-107.27203270297937,48.29415254756043],[-107.27201932039526,48.2941528139749],[-107.27210161891945,48.29419591535493],[-107.27212838414401,48.294195382499346],[-107.2721220608891,48.29420442158602],[-107.27233445571909,48.29431635365078],[-107.27239308728475,48.29427943183499],[-107.2724125947708,48.294265695094275],[-107.27223956096873,48.294139543569486]]]}"
0000000000000000292d,3684,0,0,0,"{""type"":""Polygon"",""coordinates"":[[[-107.27231672037884,48.294066571054195],[-107.27231019877554,48.294071178991814],[-107.27225946519839,48.29413466918366],[-107.27223956096873,48.294139543569486],[-107.2724125947708,48.294265695094275],[-107.27242553593162,48.294256494939404],[-107.27245152034621,48.29423807885989],[-107.27251009431552,48.29420124417738],[-107.27231672037884,48.294066571054195]]]}"
0000000000000000292f,3685,0,0,0,"{""type"":""Polygon"",""coordinates"":[[[-107.27244872866342,48.29402379629948],[-107.27242902289835,48.29403310184708],[-107.27234260256655,48.29404817084255],[-107.27231672037884,48.294066571054195],[-107.27251009431552,48.29420124417738],[-107.272536418112,48.2941917775344],[-107.27258916779431,48.2941728284625],[-107.27262181473449,48.29415432269358],[-107.27244872866342,48.29402379629948]]]}"
0000000000000000290b,3686,0,0,0,"{""type"":""Polygon"",""coordinates"":[[[-107.27254622750624,48.29395934565742],[-107.27253324178686,48.293968474398035],[-107.27247525075359,48.29401876084076],[-107.27244872866342,48.29402379629948],[-107.27262181473449,48.29415432269358],[-107.27268710855002,48.29411731114346],[-107.27272681495809,48.29410757795531],[-107.27254622750624,48.29395934565742]]]}"
00000000000000002930,3687,0,0,0,"{""type"":""Polygon"",""coordinates"":[[[-107.27261760096735,48.29390879273736],[-107.27259769682935,48.29391366717432],[-107.27258539581842,48.293936232038845],[-107.27254622750624,48.29395934565742],[-107.27272681495809,48.29410757795531],[-107.27273975602724,48.294098377787826],[-107.2727524022791,48.294080299576954],[-107.27276490172962,48.29406216576492],[-107.27277794488485,48.29405294983075],[-107.27280387164986,48.29403462087809],[-107.27284323846973,48.29401593825104],[-107.27261760096735,48.29390879273736]]]}"
00000000000000001686,3688,0,0,0,"{""type"":""Polygon"",""coordinates"":[[[-107.27268799475699,48.293835925709224],[-107.27265710868474,48.293894628500816],[-107.27261760096735,48.29390879273736],[-107.27284323846973,48.29401593825104],[-107.27286284210551,48.29400664839209],[-107.27290613101191,48.29392536473861],[-107.27268799475699,48.293835925709224]]]}"
0000000000000000167e,3689,0,0,0,"{""type"":""Polygon"",""coordinates"":[[[-107.27274500576434,48.293763325248165],[-107.2727384842402,48.29376793318653],[-107.27272725925702,48.29381725897486],[-107.27269431784202,48.293826886652376],[-107.27268799475699,48.293835925709224],[-107.27290613101191,48.29392536473861],[-107.27295804170282,48.29388861971252],[-107.27300309122968,48.29384753327234],[-107.27274500576434,48.293763325248165]]]}"
00000000000000001681,3690,0,0,0,"{""type"":""Polygon"",""coordinates"":[[[-107.27280823750131,48.29368170158912],[-107.27280201657035,48.29369072485768],[-107.27277647425211,48.29371807441634],[-107.27276407129622,48.29374065498635],[-107.27274500576434,48.293763325248165],[-107.27300309122968,48.29384753327234],[-107.27303509764022,48.29381566276991],[-107.27305970484265,48.29376607040076],[-107.27280823750131,48.29368170158912]]]}"
00000000000000002905,3691,0,0,0,"{""type"":""Polygon"",""coordinates"":[[[-107.27286471007488,48.29359572084601],[-107.27285902717506,48.29361812453777],[-107.27282044194203,48.29365468993904],[-107.27280823750131,48.29368170158912],[-107.27305970484265,48.29376607040076],[-107.27307142280009,48.29373005371656],[-107.27309039178563,48.29370293653456],[-107.2730962730831,48.29368496389732],[-107.27286471007488,48.29359572084601]]]}"
00000000000000001682,3692,0,0,0,"{""type"":""Polygon"",""coordinates"":[[[-107.27295490476489,48.293517995394275],[-107.27294240559121,48.29353612903809],[-107.2729156406116,48.293536662107655],[-107.2728975549219,48.2935816462929],[-107.27286451159807,48.293591289750964],[-107.27286471007488,48.29359572084601],[-107.2730962730831,48.29368496389732],[-107.27312063692506,48.29363086916673],[-107.27316740247038,48.29362990838034],[-107.27317392394646,48.29362530042606],[-107.27295490476489,48.293517995394275]]]}"
00000000000000002883,3693,0,0,0,"{""type"":""Polygon"",""coordinates"":[[[-107.27303186346893,48.29344059213336],[-107.27302529733747,48.29344512868632],[-107.2729858347771,48.29345936431731],[-107.27295490476489,48.293517995394275],[-107.27317392394646,48.29362530042606],[-107.27319960710918,48.29360246905504],[-107.2732648997423,48.29356545752699],[-107.27303186346893,48.29344059213336]]]}"
0000000000000000167d,3694,0,0,0,"{""type"":""Polygon"",""coordinates"":[[[-107.27312249926932,48.29337180029124],[-107.27311617634723,48.29338083929465],[-107.27310367728292,48.29339897290982],[-107.27307691235657,48.293399506021586],[-107.2730516652808,48.293435733425525],[-107.27303186346893,48.29344059213336],[-107.2732648997423,48.29356545752699],[-107.27332377294513,48.293533038168015],[-107.27334185817465,48.2934880539554],[-107.27312249926932,48.29337180029124]]]}"
0000000000000000287c,3695,0,0,0,"{""type"":""GeometryCollection"",""geometries"":[{""type"":""LineString"",""coordinates"":[[-107.2731224810433,48.29337177718381],[-107.2731291290037,48.293371645720164]]},{""type"":""Polygon"",""coordinates"":[[[-107.27321975264128,48.293302847370775],[-107.27319431291329,48.2933301810582],[-107.27314132123009,48.29334462768353],[-107.27312911710428,48.29337163920861],[-107.2731291290037,48.293371645720164],[-107.27334185817465,48.2934880539554],[-107.27334813639494,48.29347894354452],[-107.27338690693796,48.293446967664664],[-107.27344033493681,48.293445917024044],[-107.2734468563642,48.29344130906844],[-107.27321975264128,48.293302847370775]]]}]}"
00000000000000001675,3696,0,0,0,"{""type"":""Polygon"",""coordinates"":[[[-107.2732711241057,48.29325272229336],[-107.27325852303986,48.29327087165248],[-107.27323259693998,48.29328920044726],[-107.27321975264128,48.293302847370775],[-107.2734468563642,48.29344130906844],[-107.2734723981682,48.29341395948718],[-107.27348984282742,48.29335561076116],[-107.27351504485253,48.29331931193152],[-107.2735213676936,48.29331027291438],[-107.2732711241057,48.29325272229336]]]}"
00000000000000001673,3697,0,0,0,"{""type"":""Polygon"",""coordinates"":[[[-107.27329450747065,48.29317631415967],[-107.27329612767107,48.293211992528555],[-107.2732711241057,48.29325272229336],[-107.2735213676936,48.29331027291438],[-107.2735268069261,48.2932833668838],[-107.27354562862433,48.293256194248805],[-107.27355685237639,48.293206868917494],[-107.27329450747065,48.29317631415967]]]}"
00000000000000001671,3698,0,0,0,"{""type"":""Polygon"",""coordinates"":[[[-107.27357121536151,48.29307706088986],[-107.27329170881596,48.29311389097284],[-107.27329450747065,48.29317631415967],[-107.27355685237639,48.293206868917494],[-107.2735861161625,48.2931124883291],[-107.27357121536151,48.29307706088986]]]}"
0000000000000000287e,3699,0,0,0,"{""type"":""Polygon"",""coordinates"":[[[-107.27353498895894,48.29301526080877],[-107.27351312510457,48.2929755078877],[-107.27351278540561,48.292966558664034],[-107.27320911514715,48.29306191362781],[-107.27325632175732,48.293069886297744],[-107.27329156770547,48.29310937277578],[-107.27329170881596,48.29311389097284],[-107.27357121536151,48.29307706088986],[-107.27353498895894,48.29301526080877]]]}"
0000000000000000166e,3700,0,0,0,"{""type"":""Polygon"",""coordinates"":[[[-107.27347023644322,48.29291379762756],[-107.27340224831654,48.29288837012535],[-107.27337460013267,48.292871036429105],[-107.273367739144,48.292866695119464],[-107.27315504760281,48.293049599594724],[-107.27316862846732,48.29305376408171],[-107.27320911514715,48.29306191362781],[-107.27351278540561,48.292966558664034],[-107.27351886493382,48.29295301729656],[-107.27347023644322,48.29291379762756]]]}"
00000000000000002316,3701,0,0,0,"{""type"":""Polygon"",""coordinates"":[[[-107.27322553712274,48.29282932567557],[-107.27317166841335,48.292821442726364],[-107.27316494856993,48.29282161957777],[-107.2731280397189,48.29304563028887],[-107.27315504760281,48.293049599594724],[-107.273367739144,48.292866695119464],[-107.27322553712274,48.29282932567557]]]}"
0000000000000000166d,3702,0,0,0,"{""type"":""MultiPolygon"",""coordinates"":[[[[-107.27311760124601,48.292809128718424],[-107.27301162513682,48.29283355896581],[-107.27297853780424,48.29284313093595],[-107.27306730982029,48.29303340591321],[-107.27309407447943,48.29303287281457],[-107.2731280397189,48.29304563028887],[-107.27316494856993,48.29282161957777],[-107.27311760124601,48.292809128718424]]],[[[-107.2729450144064,48.29254006152438],[-107.27287648393987,48.29250571618064],[-107.2729051111886,48.29254536346537],[-107.27286658462602,48.29258184097103],[-107.27286026181396,48.292590879820274],[-107.27286756430651,48.292604154544954],[-107.27291981259147,48.29257635966621],[-107.27296584014213,48.29255758785513],[-107.27298550038756,48.292548211103565],[-107.27299162467003,48.29253474124812],[-107.2729450144064,48.29254006152438]]]]}"
0000000000000000166f,3703,0,0,0,"{""type"":""GeometryCollection"",""geometries"":[{""type"":""LineString"",""coordinates"":[[-107.27283869914396,48.29285930495006],[-107.27283181395896,48.29285497484898]]},{""type"":""Polygon"",""coordinates"":[[[-107.27297853780424,48.29284313093595],[-107.27295883271262,48.29285243636816],[-107.27294545046654,48.29285270289654],[-107.27291868597977,48.29285323594759],[-107.27283873782712,48.29285932169317],[-107.27293971313358,48.2930225855433],[-107.27306730982029,48.29303340591321],[-107.27297853780424,48.29284313093595]]]},{""type"":""Polygon"",""coordinates"":[[[-107.27286026181396,48.292590879820274],[-107.27280815455276,48.29262319283243],[-107.27278889120821,48.29264143159296],[-107.27276918622299,48.29265073694821],[-107.27277648868512,48.292664011695564],[-107.27280761318205,48.29276166661145],[-107.27278815128531,48.29277547439428],[-107.2727815852679,48.29278001087085],[-107.27279574862017,48.292797626997064],[-107.272854377475,48.292760706024914],[-107.27280359252477,48.29267242786987],[-107.27282981883259,48.29265851466066],[-107.27286079984225,48.29260425999891],[-107.27286756430651,48.292604154544954],[-107.27286026181396,48.292590879820274]]]}]}"
00000000000000001676,3704,0,0,0,"{""type"":""Polygon"",""coordinates"":[[[-107.27283177484043,48.29285499611313],[-107.27281128857587,48.29284641886526],[-107.27277060392247,48.29283383813982],[-107.27279594709412,48.29280205802605],[-107.27279574862017,48.292797626997064],[-107.2727815852679,48.29278001087085],[-107.27274962439603,48.29281195201946],[-107.27271001576423,48.29282613174443],[-107.27271109744389,48.29284842965586],[-107.27275232004803,48.292874390659264],[-107.27278104373586,48.29291848506295],[-107.27272133865134,48.292928645571976],[-107.27284883493782,48.29308687431345],[-107.27291368505018,48.29304092993296],[-107.2729329485877,48.29302269100523],[-107.27293971313358,48.2930225855433],[-107.27283177484043,48.29285499611313]]]}"
0000000000000000287f,3705,0,0,0,"{""type"":""Polygon"",""coordinates"":[[[-107.27272133865134,48.292928645571976],[-107.27271457413846,48.29292875101751],[-107.27268791176617,48.292929268235284],[-107.27262262016205,48.29296627890144],[-107.27259619515942,48.29297576109609],[-107.27273667626292,48.29312486154416],[-107.27274991753401,48.293120076841284],[-107.27277604207536,48.293106179290426],[-107.27284883493782,48.29308687431345],[-107.27272133865134,48.292928645571976]]]}"
0000000000000000290f,3706,0,0,0,"{""type"":""Polygon"",""coordinates"":[[[-107.27259619515942,48.29297576109609],[-107.27256987225472,48.292985227515956],[-107.27255036551416,48.2929989639383],[-107.27250502206992,48.29303117161795],[-107.27249183825911,48.29303586913414],[-107.27263231898263,48.29318496991333],[-107.27267084636155,48.29314849206641],[-107.27269716939018,48.2931390255866],[-107.27272339605437,48.2931251122751],[-107.27273667626292,48.29312486154416],[-107.27259619515942,48.29297576109609]]]}"
00000000000000002880,3707,0,0,0,"{""type"":""Polygon"",""coordinates"":[[[-107.27249183825911,48.29303586913414],[-107.27241296572825,48.29306871514953],[-107.27238051819175,48.29309165149943],[-107.27253438080776,48.29324048613587],[-107.27255418246546,48.29323562755282],[-107.27261937824402,48.29319416989962],[-107.27263231898263,48.29318496991333],[-107.27249183825911,48.29303586913414]]]}"
0000000000000000290e,3708,0,0,0,"{""type"":""Polygon"",""coordinates"":[[[-107.27238051819175,48.29309165149943],[-107.27233493146801,48.293119356726635],[-107.27227552094242,48.29313839488908],[-107.27226213869012,48.29313866132387],[-107.27242261857467,48.2932873352624],[-107.27243570615437,48.29327819089078],[-107.27246114618609,48.293250857423324],[-107.27248791083008,48.29325032449177],[-107.27253438080776,48.29324048613587],[-107.27238051819175,48.29309165149943]]]}"
0000000000000000290a,3709,0,0,0,"{""type"":""Polygon"",""coordinates"":[[[-107.27226213869012,48.29313866132387],[-107.27222851337633,48.29313485277037],[-107.27220199196944,48.29313988805979],[-107.27218390580165,48.293184871786515],[-107.27215748065495,48.29319435390317],[-107.27232492312348,48.29334735383982],[-107.27234438541362,48.29333354599208],[-107.27240967777605,48.2932965352397],[-107.27242261857467,48.2932873352624],[-107.27226213869012,48.29313866132387]]]}"
0000000000000000290c,3710,0,0,0,"{""type"":""Polygon"",""coordinates"":[[[-107.27215748065495,48.29319435390317],[-107.27206542389706,48.29323189722769],[-107.27204606372514,48.293245689223234],[-107.27222046288853,48.29340747780432],[-107.27222722745289,48.29340737239132],[-107.27224060979728,48.293407105957705],[-107.27225355065474,48.293397905982516],[-107.27226649150741,48.29338870600729],[-107.27228595382986,48.293374898159826],[-107.27231840165612,48.29335196171211],[-107.27232492312348,48.29334735383982],[-107.27215748065495,48.29319435390317]]]}"
0000000000000000290d,3711,0,0,0,"{""type"":""Polygon"",""coordinates"":[[[-107.27204606372514,48.293245689223234],[-107.27202027834853,48.29326853590399],[-107.27194768372946,48.293292271396716],[-107.27193449983399,48.29329696886166],[-107.27209502311977,48.29344571519884],[-107.27222046288853,48.29340747780432],[-107.27204606372514,48.293245689223234]]]}"
00000000000000002907,3712,0,0,0,"{""type"":""Polygon"",""coordinates"":[[[-107.27193449983399,48.29329696886166],[-107.27188851601613,48.29331581183946],[-107.27184224446006,48.29333008097327],[-107.2718291052327,48.29333484980282],[-107.27197051768334,48.293506195060814],[-107.27200340713955,48.293492192214536],[-107.27201678948279,48.293491925811715],[-107.27209502311977,48.29344571519884],[-107.27193449983399,48.29329696886166]]]}"
00000000000000002909,3713,0,0,0,"{""type"":""Polygon"",""coordinates"":[[[-107.2718291052327,48.29333484980282],[-107.27177641426879,48.293353710981286],[-107.27171700343948,48.29337274889008],[-107.27183939422338,48.29356683582994],[-107.27189154785388,48.29353459410161],[-107.27196409827279,48.293510787155185],[-107.27197051768334,48.293506195060814],[-107.2718291052327,48.29333484980282]]]}"
00000000000000002906,3714,0,0,0,"{""type"":""Polygon"",""coordinates"":[[[-107.27171700343948,48.29337274889008],[-107.27163759259615,48.293392214097466],[-107.27159818171317,48.29341082461962],[-107.27172057181873,48.29360491186731],[-107.27178708686397,48.29359471782608],[-107.27183939422338,48.29356683582994],[-107.27171700343948,48.29337274889008]]]}"
00000000000000002916,3715,0,0,0,"{""type"":""Polygon"",""coordinates"":[[[-107.27159818171317,48.29341082461962],[-107.27159156397758,48.29341098559439],[-107.2715380349741,48.293412050946586],[-107.27151210841656,48.293430379337366],[-107.2714723008661,48.29344012764321],[-107.27158827076867,48.293638807258844],[-107.27168738769322,48.293610036674885],[-107.27172057181873,48.29360491186731],[-107.27159818171317,48.29341082461962]]]}"
00000000000000002910,3716,0,0,0,"{""type"":""Polygon"",""coordinates"":[[[-107.2714723008661,48.29344012764321],[-107.27146568313402,48.293440288609304],[-107.27138014729104,48.29347322363975],[-107.27135382406753,48.29348268982321],[-107.27143464571523,48.293646329006286],[-107.27146773361328,48.293636757408734],[-107.27148111593262,48.29363649108041],[-107.27152116079651,48.293635707852445],[-107.27155518285535,48.29364837889867],[-107.27158827076867,48.293638807258844],[-107.2714723008661,48.29344012764321]]]}"
00000000000000002935,3717,0,0,0,"{""type"":""Polygon"",""coordinates"":[[[-107.27135382406753,48.29348268982321],[-107.27133387559954,48.29348749257444],[-107.27127372890457,48.29348871873657],[-107.27122064120323,48.293498717477824],[-107.27130852118499,48.29367112947791],[-107.27136857200877,48.29366545640447],[-107.27143464571523,48.293646329006286],[-107.27135382406753,48.29348268982321]]]}"
00000000000000002936,3718,0,0,0,"{""type"":""Polygon"",""coordinates"":[[[-107.27122064120323,48.293498717477824],[-107.27118735518583,48.29350385786512],[-107.27115456781475,48.29351784466756],[-107.2711018192092,48.29353679269057],[-107.27116891819844,48.29369174920155],[-107.27118882208488,48.293686875087396],[-107.2712553370308,48.293676681401145],[-107.27130852118499,48.29367112947791],[-107.27122064120323,48.293498717477824]]]}"
00000000000000002937,3719,0,0,0,"{""type"":""Polygon"",""coordinates"":[[[-107.2711018192092,48.29353679269057],[-107.2710951568073,48.29353688225515],[-107.27105501012716,48.29353768106469],[-107.27100148124558,48.29353874611735],[-107.27097471681562,48.293539278632224],[-107.27102225634063,48.29370359606109],[-107.27104205811548,48.29369873774437],[-107.27109578551233,48.29370210377248],[-107.27116891819844,48.29369174920155],[-107.2711018192092,48.29353679269057]]]}"
00000000000000002912,3720,0,0,0,"{""type"":""Polygon"",""coordinates"":[[[-107.27097471681562,48.293539278632224],[-107.27096143670762,48.29353952911899],[-107.27093467228849,48.29354006162246],[-107.27085555572225,48.293568404220146],[-107.2708489380101,48.293568565143644],[-107.2708898532177,48.293737506320895],[-107.2709295588846,48.293727773964044],[-107.27102225634063,48.29370359606109],[-107.27097471681562,48.293539278632224]]]}"
00000000000000002939,3721,0,0,0,"{""type"":""Polygon"",""coordinates"":[[[-107.2708489380101,48.293568565143644],[-107.27082217360196,48.293569097615766],[-107.27080202690964,48.29356946916054],[-107.27078874681524,48.29356971962323],[-107.27072241774914,48.293584502580764],[-107.2707431468674,48.29374928138336],[-107.27077005217733,48.293753267191924],[-107.27083642624602,48.29373855552274],[-107.27086328690837,48.293742469927125],[-107.2708898532177,48.293737506320895],[-107.2708489380101,48.293568565143644]]]}"
00000000000000002913,3722,0,0,0,"{""type"":""Polygon"",""coordinates"":[[[-107.27072241774914,48.293584502580764],[-107.2706018373045,48.29358238023473],[-107.27058845512963,48.29358264643663],[-107.27060996367837,48.29376530828007],[-107.27065677282629,48.29376442011734],[-107.27070976462386,48.29374997474541],[-107.2707431468674,48.29374928138336],[-107.27072241774914,48.293584502580764]]]}"
00000000000000002948,3723,0,0,0,"{""type"":""Polygon"",""coordinates"":[[[-107.27058845512963,48.29358264643663],[-107.2704549337683,48.293589723690324],[-107.27047668449086,48.29377688810466],[-107.27058300099772,48.29376140956847],[-107.27060996367837,48.29376530828007],[-107.27058845512963,48.29358264643663]]]}"
00000000000000002921,3724,0,0,0,"{""type"":""Polygon"",""coordinates"":[[[-107.2704549337683,48.293589723690324],[-107.27042816945685,48.293590256050436],[-107.27033415551251,48.293583169891875],[-107.27031600182079,48.29377563532918],[-107.27046996466318,48.29377706477033],[-107.27047668449086,48.29377688810466],[-107.2704549337683,48.293589723690324]]]}"
00000000000000002922,3725,0,0,0,"{""type"":""Polygon"",""coordinates"":[[[-107.27029391304615,48.29357952150273],[-107.27020675979296,48.293576776815364],[-107.27016845880797,48.29376961363395],[-107.27031600182079,48.29377563532918],[-107.27033415551251,48.293583169891875],[-107.27029391304615,48.29357952150273]]]}"
00000000000000002915,3726,0,0,0,"{""type"":""Polygon"",""coordinates"":[[[-107.27015975295815,48.29357323363655],[-107.27013234963185,48.293560401214535],[-107.27008524682822,48.293552411125745],[-107.2700325405656,48.29372312844146],[-107.27007282771919,48.29372684832654],[-107.27016845880797,48.29376961363395],[-107.27020675979296,48.293576776815364],[-107.27015975295815,48.29357323363655]]]}"
00000000000000002919,3727,0,0,0,"{""type"":""Polygon"",""coordinates"":[[[-107.27003127753538,48.29354454203646],[-107.26999059434488,48.29353195993107],[-107.26997035182944,48.29352788442478],[-107.2698842632465,48.29369929467503],[-107.26989774137485,48.29370347545815],[-107.270012297934,48.29371905293227],[-107.2700325405656,48.29372312844146],[-107.27008524682822,48.293552411125745],[-107.27003127753538,48.29354454203646]]]}"
0000000000000000291a,3728,0,0,0,"{""type"":""Polygon"",""coordinates"":[[[-107.2699433449027,48.293523914163536],[-107.26986859638158,48.29349858901478],[-107.26973530272345,48.2936620245732],[-107.26976912541826,48.29367026517266],[-107.26985019767176,48.29368655161856],[-107.2698842632465,48.29369929467503],[-107.26997035182944,48.29352788442478],[-107.2699433449027,48.293523914163536]]]}"
0000000000000000291d,3729,0,0,0,"{""type"":""Polygon"",""coordinates"":[[[-107.26984815581407,48.29349008238177],[-107.26977384838187,48.29347369074756],[-107.26976022358865,48.29346945435207],[-107.2696055115558,48.29360206888088],[-107.26963301054849,48.29361934835124],[-107.26967349545961,48.293627499519125],[-107.26970819980758,48.29365360735285],[-107.26973530272345,48.2936620245732],[-107.26986859638158,48.29349858901478],[-107.26984815581407,48.29349008238177]]]}"
00000000000000002896,3730,0,0,0,"{""type"":""Polygon"",""coordinates"":[[[-107.26973978308601,48.29346094769902],[-107.26971160048703,48.293430232262246],[-107.26968332195246,48.29339506997227],[-107.26966993997578,48.293395336040255],[-107.26948311810683,48.293559835195104],[-107.2695572846921,48.29357170883224],[-107.2696055115558,48.29360206888088],[-107.26976022358865,48.29346945435207],[-107.26973978308601,48.29346094769902]]]}"
00000000000000002882,3731,0,0,0,"{""type"":""Polygon"",""coordinates"":[[[-107.2696494995535,48.29338682937783],[-107.26961543442424,48.293374086301824],[-107.2695810306006,48.293352393888725],[-107.26956764865386,48.29335265994148],[-107.2695272087816,48.293344580138616],[-107.26940739268294,48.29351219560039],[-107.2694414577836,48.293524938784046],[-107.26946307381034,48.29356019068537],[-107.26948311810683,48.293559835195104],[-107.26966993997578,48.293395336040255],[-107.2696494995535,48.29338682937783]]]}"
00000000000000002886,3732,0,0,0,"{""type"":""Polygon"",""coordinates"":[[[-107.26946637992623,48.29333236910412],[-107.26944569689304,48.29331935993872],[-107.26940501440565,48.293306777620906],[-107.26937139030608,48.29330296802451],[-107.26932578468397,48.29348252835322],[-107.26940739268294,48.29351219560039],[-107.2695272087816,48.293344580138616],[-107.26946637992623,48.29333236910412]]]}"
00000000000000002887,3733,0,0,0,"{""type"":""Polygon"",""coordinates"":[[[-107.26933756817584,48.293294727327726],[-107.2692969817432,48.293286591820575],[-107.26922973370286,48.293278972539504],[-107.26920456775636,48.293467039511654],[-107.26929171970438,48.293469785135656],[-107.26932578468397,48.29348252835322],[-107.26937139030608,48.29330296802451],[-107.26933756817584,48.293294727327726]]]}"
00000000000000002885,3734,0,0,0,"{""type"":""Polygon"",""coordinates"":[[[-107.26921601319039,48.293270289224175],[-107.26914204561544,48.29326284645241],[-107.26907577510185,48.29327754101654],[-107.26908379180271,48.29346048409797],[-107.26920456775636,48.293467039511654],[-107.26922973370286,48.293278972539504],[-107.26921601319039,48.293270289224175]]]}"
0000000000000000291e,3735,0,0,0,"{""type"":""Polygon"",""coordinates"":[[[-107.26906259127072,48.293282238084416],[-107.26903582757708,48.29328277003787],[-107.26899690201854,48.29331038439074],[-107.26895009427119,48.29331127170158],[-107.26894337463517,48.293311448254066],[-107.26894443452296,48.29348560291304],[-107.26897761789886,48.29348047908399],[-107.26899099980791,48.29348021311373],[-107.26907051199032,48.29346073431547],[-107.26908379180271,48.29346048409797],[-107.26907577510185,48.29327754101654],[-107.26906259127072,48.293282238084416]]]}"
00000000000000002917,3736,0,0,0,"{""type"":""Polygon"",""coordinates"":[[[-107.26888318507814,48.29331260149258],[-107.26881593738655,48.29330498190926],[-107.26879870890087,48.29351968892239],[-107.26883169428677,48.293510134031465],[-107.26887139933237,48.29350040258273],[-107.26892453095077,48.293490476535716],[-107.26894443452296,48.29348560291304],[-107.26894337463517,48.293311448254066],[-107.26888318507814,48.29331260149258]]]}"
0000000000000000291b,3737,0,0,0,"{""type"":""Polygon"",""coordinates"":[[[-107.26872839036977,48.293293373656596],[-107.26866839894849,48.2932989578476],[-107.26869915256565,48.29353952284441],[-107.26872552040093,48.2935301287571],[-107.26875228418507,48.293529596885314],[-107.26879198923767,48.29351986546566],[-107.26879870890087,48.29351968892239],[-107.26881593738655,48.29330498190926],[-107.26872839036977,48.293293373656596]]]}"
00000000000000002891,3738,0,0,0,"{""type"":""Polygon"",""coordinates"":[[[-107.26866839894849,48.2932989578476],[-107.26852840412424,48.29331071129884],[-107.26851502234214,48.29331097720058],[-107.26859905978814,48.2935459761872],[-107.26869915256565,48.29353952284441],[-107.26866839894849,48.2932989578476]]]}"
0000000000000000288e,3739,0,0,0,"{""type"":""Polygon"",""coordinates"":[[[-107.26851502234214,48.29331097720058],[-107.26850164056187,48.29331124310042],[-107.2684618911188,48.29332090297752],[-107.26844189184176,48.29332132962147],[-107.26836909979372,48.2933406313237],[-107.2683491963534,48.293345504810524],[-107.26852529025197,48.293542964012424],[-107.26853901059138,48.2935516474754],[-107.26859905978814,48.2935459761872],[-107.26851502234214,48.29331097720058]]]}"
00000000000000002892,3740,0,0,0,"{""type"":""Polygon"",""coordinates"":[[[-107.2683491963534,48.293345504810524],[-107.26831601324595,48.29335062840267],[-107.26823003732763,48.29337462698297],[-107.26823733791275,48.29338790230396],[-107.26818381084914,48.2933889657375],[-107.26816376692314,48.29338932094613],[-107.26820488900852,48.29341083741604],[-107.26841117729614,48.29353631834228],[-107.26842422070058,48.29352710308422],[-107.26846426414531,48.29352632116811],[-107.26851146781836,48.29353429631387],[-107.26852529025197,48.293542964012424],[-107.2683491963534,48.293345504810524]]]}"
00000000000000002889,3741,0,0,0,"{""type"":""Polygon"",""coordinates"":[[[-107.26820488900852,48.29341083741604],[-107.26816527998635,48.293425015437],[-107.26815277917692,48.29344314846729],[-107.26814017625408,48.293461297267164],[-107.26813590806034,48.29351494836455],[-107.26835382253799,48.29359996667478],[-107.26837244918984,48.29356836370196],[-107.26841117729614,48.29353631834228],[-107.26820488900852,48.29341083741604]]]}"
00000000000000002893,3742,0,0,0,"{""type"":""Polygon"",""coordinates"":[[[-107.26813590806034,48.29351494836455],[-107.26812914377344,48.293515053482636],[-107.26811698128547,48.29354213591216],[-107.26810477410828,48.293569146976715],[-107.2680918327575,48.293578346435204],[-107.26807986811693,48.29360986001435],[-107.2683099453069,48.29366779606768],[-107.26831563067427,48.29364539256155],[-107.26834161547752,48.29362697779591],[-107.26835382253799,48.29359996667478],[-107.26813590806034,48.29351494836455]]]}"
0000000000000000291f,3743,0,0,0,"{""type"":""Polygon"",""coordinates"":[[[-107.26807986811693,48.29360986001435],[-107.26806746299708,48.29363243998674],[-107.26804187391335,48.29365971693171],[-107.2680306433256,48.29370904221262],[-107.26827949449597,48.2937354310367],[-107.26830581778653,48.29372596564889],[-107.2683099453069,48.29366779606768],[-107.26807986811693,48.29360986001435]]]}"
0000000000000000288d,3744,0,0,0,"{""type"":""GeometryCollection"",""geometries"":[{""type"":""LineString"",""coordinates"":[[-107.26827284114029,48.29373555060174],[-107.26827949004627,48.2937354194004]]},{""type"":""Polygon"",""coordinates"":[[[-107.2682728322613,48.29373552040164],[-107.2680306433256,48.29370904221262],[-107.26803132633277,48.29372247835889],[-107.26801931691882,48.29375392064067],[-107.26802127026383,48.29379854903467],[-107.26827698216299,48.29382927968618],[-107.26828066924685,48.29376217634708],[-107.26827284114029,48.29373555060174],[-107.2682728322613,48.29373552040164]]]}]}"
0000000000000000288a,3745,0,0,0,"{""type"":""Polygon"",""coordinates"":[[[-107.26802127026383,48.29379854903467],[-107.2680216086052,48.2938074984524],[-107.26802375983573,48.29385655803319],[-107.26799179554449,48.29388849833331],[-107.26824726536206,48.29391472657867],[-107.26827869322884,48.29386940561052],[-107.26827698216299,48.29382927968618],[-107.26802127026383,48.29379854903467]]]}"
00000000000000002920,3746,0,0,0,"{""type"":""Polygon"",""coordinates"":[[[-107.26824060309748,48.29391481594243],[-107.26799179554449,48.29388849833331],[-107.26798547163412,48.29389753711204],[-107.26797350678672,48.29392905087268],[-107.26793517379701,48.29396995861214],[-107.26823789269703,48.29400423375863],[-107.26824941688787,48.29396378624601],[-107.26824060309748,48.29391481594243]]]}"
00000000000000002918,3747,0,0,0,"{""type"":""Polygon"",""coordinates"":[[[-107.26793517379701,48.29396995861214],[-107.26792257059309,48.293988107570726],[-107.26789658543223,48.294006522357385],[-107.26817670282358,48.29413493068896],[-107.26819455104221,48.2940854442555],[-107.26820622208453,48.294045052297534],[-107.26823210510678,48.29402665317968],[-107.26823789269703,48.29400423375863],[-107.26793517379701,48.29396995861214]]]}"
00000000000000002947,3748,0,0,0,"{""type"":""Polygon"",""coordinates"":[[[-107.26789658543223,48.294006522357385],[-107.26789795776068,48.29403769897402],[-107.26785845016695,48.29405186128836],[-107.26783845062295,48.29405228781934],[-107.26807365549777,48.29422629924188],[-107.26809292104812,48.294208060826385],[-107.26810596473841,48.29419884548767],[-107.26814547250898,48.29418468302786],[-107.26817670282358,48.29413493068896],[-107.26789658543223,48.294006522357385]]]}"
0000000000000000293b,3749,0,0,0,"{""type"":""Polygon"",""coordinates"":[[[-107.26783845062295,48.29405228781934],[-107.26781830430859,48.29405265873216],[-107.26778512068226,48.29405778222234],[-107.26787517806629,48.294279331003516],[-107.26788194247423,48.29427922589874],[-107.26797453807357,48.29425506644396],[-107.26804027376855,48.294226991669476],[-107.26806703786136,48.29422645997379],[-107.26807365549777,48.29422629924188],[-107.26783845062295,48.29405228781934]]]}"
00000000000000001c47,3750,0,0,0,"{""type"":""Polygon"",""coordinates"":[[[-107.26778512068226,48.29405778222234],[-107.26775859931502,48.29406281637157],[-107.2677186513353,48.29406804493405],[-107.26769445366745,48.29427842892576],[-107.26787517806629,48.294279331003516],[-107.26778512068226,48.29405778222234]]]}"
00000000000000002943,3751,0,0,0,"{""type"":""Polygon"",""coordinates"":[[[-107.26761889628611,48.29408344680074],[-107.26759885210538,48.2940838019026],[-107.2675407361166,48.29428149751066],[-107.26756073572139,48.294281071038284],[-107.26759416200028,48.29428045015859],[-107.26768783604805,48.2942785896313],[-107.26769445366745,48.29427842892576],[-107.2677186513353,48.29406804493405],[-107.26761889628611,48.29408344680074]]]}"
00000000000000002925,3752,0,0,0,"{""type"":""Polygon"",""coordinates"":[[[-107.26757208824871,48.29408433346042],[-107.26747179723723,48.29408635454149],[-107.26739221984843,48.294253157000455],[-107.26746044418938,48.294283092128204],[-107.26751397213364,48.29428202905748],[-107.2675407361166,48.29428149751066],[-107.26759885210538,48.2940838019026],[-107.26757208824871,48.29408433346042]]]}"
00000000000000002924,3753,0,0,0,"{""type"":""Polygon"",""coordinates"":[[[-107.26742518708157,48.2940916722923],[-107.26735024347144,48.29406191368171],[-107.2673435238115,48.29406209012538],[-107.26726982986882,48.29421091988882],[-107.2673443333633,48.29423174490832],[-107.26739221984843,48.294253157000455],[-107.26747179723723,48.29408635454149],[-107.26742518708157,48.2940916722923]]]}"
0000000000000000292b,3754,0,0,0,"{""type"":""Polygon"",""coordinates"":[[[-107.26724917435683,48.2940460513511],[-107.26722099420711,48.294015334783005],[-107.26714155644204,48.294186655146106],[-107.26722910349082,48.29419826503946],[-107.26726982986882,48.29421091988882],[-107.2673435238115,48.29406209012538],[-107.26724917435683,48.2940460513511]]]}"
00000000000000001887,3755,0,0,0,"{""type"":""Polygon"",""coordinates"":[[[-107.26720031212292,48.294002324942724],[-107.266956929951,48.294096494128524],[-107.26697814778132,48.2941228846965],[-107.2670528931337,48.29414821247248],[-107.26710715430916,48.29416496147211],[-107.26714155644204,48.294186655146106],[-107.26722099420711,48.294015334783005],[-107.26720031212292,48.294002324942724]]]}"
000000000000000028a6,3756,0,0,0,"{""type"":""GeometryCollection"",""geometries"":[{""type"":""LineString"",""coordinates"":[[-107.26719369286495,48.294002483065924],[-107.26720034981655,48.29400235176853]]},{""type"":""Polygon"",""coordinates"":[[[-107.26715792086387,48.29394961541873],[-107.26715071633997,48.293940786782606],[-107.26689905851342,48.29399936580214],[-107.26689979207437,48.29401717758634],[-107.26691395211799,48.29403479507416],[-107.266956929951,48.294096494128524],[-107.26719369458722,48.29400248561126],[-107.26719369286495,48.294002483065924],[-107.26715792086387,48.29394961541873]]]}]}"
000000000000000028fe,3757,0,0,0,"{""type"":""Polygon"",""coordinates"":[[[-107.26716043603393,48.29385576651382],[-107.26688113492135,48.29389700944075],[-107.26688328461034,48.293946069168875],[-107.26688372477331,48.293955002859065],[-107.26689861834726,48.293990432104636],[-107.26689905851342,48.29399936580214],[-107.26715071633997,48.293940786782606],[-107.26713518449486,48.29389199278728],[-107.26716783190622,48.29387348895782],[-107.26716043603393,48.29385576651382]]]}"
00000000000000002929,3758,0,0,0,"{""type"":""Polygon"",""coordinates"":[[[-107.26712932773098,48.29375810734509],[-107.26712888750518,48.29374917369077],[-107.2668907084112,48.29381193363988],[-107.26690506613146,48.29383398220842],[-107.26688069475829,48.29388807576031],[-107.26688113492135,48.29389700944075],[-107.26716043603393,48.29385576651382],[-107.26715979802019,48.29384240169797],[-107.26716490346324,48.29380654622046],[-107.26712932773098,48.29375810734509]]]}"
00000000000000002926,3759,0,0,0,"{""type"":""Polygon"",""coordinates"":[[[-107.26711281984923,48.29368699932475],[-107.26709821957611,48.29366044834223],[-107.26708400210735,48.2936429181476],[-107.26680773267032,48.29375108748885],[-107.26682131210976,48.29375525296432],[-107.26683503186314,48.29376393672023],[-107.26685591135588,48.293781377730724],[-107.2668907084112,48.29381193363988],[-107.26712888750518,48.29374917369077],[-107.26712727337278,48.29371349470312],[-107.26711281984923,48.29368699932475]]]}"
00000000000000002902,3760,0,0,0,"{""type"":""Polygon"",""coordinates"":[[[-107.26709509346281,48.293589074744226],[-107.26704078844662,48.29357225452025],[-107.2669996674008,48.29355073746026],[-107.26669206529988,48.29370867356088],[-107.26671980451337,48.293730456471614],[-107.26680773267032,48.29375108748885],[-107.26708400210735,48.2936429181476],[-107.267062784416,48.293616527838125],[-107.26710920881885,48.29360662068337],[-107.26709509346281,48.293589074744226]]]}"
00000000000000002927,3761,0,0,0,"{""type"":""Polygon"",""coordinates"":[[[-107.26695854642021,48.29352922038973],[-107.26689752210449,48.293512576509045],[-107.2668768404703,48.293499566710956],[-107.26660865018238,48.293638893696965],[-107.26662928706573,48.29365183221047],[-107.26669206529988,48.29370867356088],[-107.2669996674008,48.29355073746026],[-107.26695854642021,48.29352922038973]]]}"
000000000000000028a4,3762,0,0,0,"{""type"":""GeometryCollection"",""geometries"":[{""type"":""LineString"",""coordinates"":[[-107.2665380237585,48.2935553908699],[-107.2665446633434,48.29355525995271]]},{""type"":""Polygon"",""coordinates"":[[[-107.26681450229698,48.29345165931362],[-107.26676749772193,48.29344811442599],[-107.26654465408816,48.29355523570796],[-107.2665446633434,48.29355525995271],[-107.26655989164,48.293595151494834],[-107.26660865018238,48.293638893696965],[-107.2668768404703,48.293499566710956],[-107.26681450229698,48.29345165931362]]]}]}"
000000000000000028a5,3763,0,0,0,"{""type"":""Polygon"",""coordinates"":[[[-107.2667138757778,48.293444730145175],[-107.26669951832851,48.293422681702886],[-107.2666988804754,48.29340931698894],[-107.2666840829276,48.29337833496194],[-107.26645437994277,48.29348111401445],[-107.26646864162727,48.29349871563872],[-107.26650985767088,48.29352467980507],[-107.26653803667791,48.29355539632679],[-107.26676749772193,48.29344811442599],[-107.2667138757778,48.293444730145175]]]}"
000000000000000028ec,3764,0,0,0,"{""type"":""Polygon"",""coordinates"":[[[-107.26667546914183,48.2933337961021],[-107.26644180612433,48.293347405879366],[-107.26644200382205,48.29335183698704],[-107.26643709552644,48.29339212324396],[-107.26644483538934,48.293414332329235],[-107.2664398249806,48.293454634396944],[-107.26645437994277,48.29348111401445],[-107.2666840829276,48.29337833496194],[-107.2666839873014,48.293373888090166],[-107.26667546914183,48.2933337961021]]]}"
000000000000000028ed,3765,0,0,0,"{""type"":""Polygon"",""coordinates"":[[[-107.266437023111,48.29324028257347],[-107.26643275259516,48.293293933430625],[-107.26644180612433,48.293347405879366],[-107.26667546914183,48.2933337961021],[-107.26666660021341,48.293284913318324],[-107.26667920358072,48.29326676476081],[-107.266437023111,48.29324028257347]]]}"
000000000000000028a3,3766,0,0,0,"{""type"":""Polygon"",""coordinates"":[[[-107.26645238561049,48.29313278888814],[-107.26643409594234,48.29317334058014],[-107.26643551172798,48.29320458813703],[-107.26643668514872,48.29323133323617],[-107.266437023111,48.29324028257347],[-107.26667920358072,48.29326676476081],[-107.2667039127197,48.293221621231446],[-107.26670989869004,48.293203633319955],[-107.26645238561049,48.29313278888814]]]}"
0000000000000000289d,3767,0,0,0,"{""type"":""Polygon"",""coordinates"":[[[-107.26655562946453,48.2930458550682],[-107.26652376081307,48.293082241238764],[-107.26645826956727,48.293114816783024],[-107.26645870963657,48.29312375033763],[-107.26645238561049,48.29313278888814],[-107.26670989869004,48.293203633319955],[-107.26672852616623,48.29317203088097],[-107.26674745344825,48.29314484378365],[-107.26655562946453,48.2930458550682]]]}"
000000000000000028a8,3768,0,0,0,"{""type"":""Polygon"",""coordinates"":[[[-107.26663945464028,48.29297279928252],[-107.26661974928099,48.29298210344394],[-107.26657489476221,48.29302761736918],[-107.26655562946453,48.2930458550682],[-107.26674745344825,48.29314484378365],[-107.26677313835926,48.29312201429318],[-107.26681863076357,48.29308986482296],[-107.26683829150917,48.29308048922278],[-107.26663945464028,48.29297279928252]]]}"
00000000000000002899,3769,0,0,0,"{""type"":""Polygon"",""coordinates"":[[[-107.26675719540196,48.2929124319678],[-107.26663945464028,48.29297279928252],[-107.26683829150917,48.29308048922278],[-107.26687049803382,48.29305305225556],[-107.26691000446692,48.29303889064342],[-107.26693632719238,48.29302942576942],[-107.26675719540196,48.2929124319678]]]}"
000000000000000028a7,3770,0,0,0,"{""type"":""Polygon"",""coordinates"":[[[-107.26686141422375,48.2928478120382],[-107.2668484730142,48.29285701120059],[-107.26680298092666,48.29288916053586],[-107.26675719540196,48.2929124319678],[-107.26693632719238,48.29302942576942],[-107.26696279667962,48.293020016504286],[-107.2669879455579,48.292983806648834],[-107.26702054747597,48.2929652318295],[-107.26686141422375,48.2928478120382]]]}"
00000000000000002890,3771,0,0,0,"{""type"":""Polygon"",""coordinates"":[[[-107.26689960632649,48.29280238740611],[-107.26688739872789,48.29282939795019],[-107.26686141422375,48.2928478120382],[-107.26702054747597,48.2929652318295],[-107.26705985604544,48.29294663911037],[-107.26711176766938,48.29290989789735],[-107.26714427381526,48.292886876235066],[-107.2671497171889,48.29285997067532],[-107.26689960632649,48.29280238740611]]]}"
0000000000000000288f,3772,0,0,0,"{""type"":""Polygon"",""coordinates"":[[[-107.26689677392008,48.292739892819135],[-107.26691157148076,48.292770874440365],[-107.26689960632649,48.29280238740611],[-107.2671497171889,48.29285997067532],[-107.26715442683246,48.29281525374833],[-107.26716702984683,48.29279710529636],[-107.2671776230312,48.292734416411655],[-107.26689677392008,48.292739892819135]]]}"
00000000000000002895,3773,0,0,0,"{""type"":""Polygon"",""coordinates"":[[[-107.2671335742125,48.29264595845836],[-107.26713323607035,48.29263700922829],[-107.26713259804245,48.292623644719484],[-107.26710525478627,48.29261072445643],[-107.2671050570028,48.29260629341417],[-107.26684815627317,48.29270066968092],[-107.26688241656245,48.29271784469466],[-107.26689677392008,48.292739892819135],[-107.2671776230312,48.292734416411655],[-107.26717586843476,48.2926942199199],[-107.2671335742125,48.29264595845836]]]}"
00000000000000002894,3774,0,0,0,"{""type"":""Polygon"",""coordinates"":[[[-107.26709123544602,48.292597625642],[-107.26707775844436,48.29259344452368],[-107.26703575794943,48.29255406094219],[-107.26691445240341,48.29253412250325],[-107.26690759272277,48.292529780726646],[-107.26683448154921,48.29269205746885],[-107.26684815627317,48.29270066968092],[-107.2671050570028,48.29260629341417],[-107.26709123544602,48.292597625642]]]}"
00000000000000002897,3775,0,0,0,"{""type"":""Polygon"",""coordinates"":[[[-107.26683927022681,48.292499861858154],[-107.26677888559101,48.292496582658416],[-107.26671229566519,48.29265425177561],[-107.26682066006748,48.29268338964184],[-107.26683448154921,48.29269205746885],[-107.26690759272277,48.292529780726646],[-107.26683927022681,48.292499861858154]]]}"
0000000000000000289e,3776,0,0,0,"{""type"":""Polygon"",""coordinates"":[[[-107.26667154236156,48.292489829894016],[-107.26663748017756,48.292477085902775],[-107.26659108603091,48.29263875969324],[-107.26665823477386,48.29264193401207],[-107.26671229566519,48.29265425177561],[-107.26677888559101,48.292496582658416],[-107.26667154236156,48.292489829894016]]]}"
0000000000000000289b,3777,0,0,0,"{""type"":""Polygon"",""coordinates"":[[[-107.26663062056039,48.29247274410945],[-107.26658341960814,48.29246476813007],[-107.26652999691662,48.292465814803315],[-107.26649647055564,48.29246645100302],[-107.2664636994994,48.29263236153394],[-107.26659108603091,48.29263875969324],[-107.26663748017756,48.292477085902775],[-107.26663062056039,48.29247274410945]]]}"
0000000000000000289f,3778,0,0,0,"{""type"":""Polygon"",""coordinates"":[[[-107.26647647215583,48.29246687720871],[-107.26642878658868,48.29244989633148],[-107.26636158745235,48.29244234643247],[-107.26633509515409,48.29259914702691],[-107.26640939650673,48.29261554120495],[-107.2664636994994,48.29263236153394],[-107.26649647055564,48.29246645100302],[-107.26647647215583,48.29246687720871]]]}"
0000000000000000289c,3779,0,0,0,"{""type"":""Polygon"",""coordinates"":[[[-107.26632110602982,48.29243419396249],[-107.26628821749344,48.29244819456093],[-107.26621445221869,48.29244518056598],[-107.26621442195801,48.29259703473897],[-107.26628157031146,48.292600209328455],[-107.2663215162524,48.29259498155982],[-107.26633509515409,48.29259914702691],[-107.26636158745235,48.29244234643247],[-107.26632110602982,48.29243419396249]]]}"
00000000000000002879,3780,0,0,0,"{""type"":""Polygon"",""coordinates"":[[[-107.26615431048172,48.29244640337319],[-107.26608740483726,48.292447731105376],[-107.2660740237138,48.29244799664608],[-107.26608095450716,48.29260417692511],[-107.26609433568804,48.29260391138121],[-107.26619442354738,48.29259746088727],[-107.26621442195801,48.29259703473897],[-107.26621445221869,48.29244518056598],[-107.26615431048172,48.29244640337319]]]}"
00000000000000002877,3781,0,0,0,"{""type"":""Polygon"",""coordinates"":[[[-107.2660405996294,48.29244861691981],[-107.2659938391086,48.29244957408824],[-107.26596031295368,48.292450210095396],[-107.26590689063694,48.29245125641234],[-107.26598845940902,48.292632780489775],[-107.26601522176692,48.29263224942566],[-107.26608095450716,48.29260417692511],[-107.2660740237138,48.29244799664608],[-107.2660405996294,48.29244861691981]]]}"
000000000000000028f4,3782,0,0,0,"{""type"":""Polygon"",""coordinates"":[[[-107.26590689063694,48.29245125641234],[-107.26586086327879,48.29247002479876],[-107.26577425269402,48.29248065621662],[-107.26585494745724,48.29263985098499],[-107.26590827447677,48.292634357874284],[-107.26594822034119,48.29262913025944],[-107.26598845940902,48.292632780489775],[-107.26590689063694,48.29245125641234]]]}"
000000000000000028a2,3783,0,0,0,"{""type"":""Polygon"",""coordinates"":[[[-107.26577425269402,48.29248065621662],[-107.26575445205951,48.29248551330713],[-107.2657335740071,48.292468072446546],[-107.26566044668486,48.29247842250515],[-107.26570839230295,48.29265613602873],[-107.26585494745724,48.29263985098499],[-107.26577425269402,48.29248065621662]]]}"
000000000000000028a0,3784,0,0,0,"{""type"":""Polygon"",""coordinates"":[[[-107.26566044668486,48.29247842250515],[-107.26560064301667,48.29248859417708],[-107.26554167439537,48.29251656135866],[-107.26556923865841,48.29268568047011],[-107.26557590050999,48.292685591304135],[-107.26567501282533,48.29265682755692],[-107.26570839230295,48.29265613602873],[-107.26566044668486,48.29247842250515]]]}"
000000000000000028eb,3785,0,0,0,"{""type"":""Polygon"",""coordinates"":[[[-107.26554167439537,48.29251656135866],[-107.26552849091702,48.29252125786525],[-107.26550172877768,48.29252178878711],[-107.26545550374819,48.29253612596171],[-107.26542188222523,48.29253231497298],[-107.26542248608466,48.292697534029486],[-107.26543566962572,48.292692837520256],[-107.26552943300516,48.292695426128525],[-107.26556923865841,48.29268568047011],[-107.26554167439537,48.29251656135866]]]}"
000000000000000028a1,3786,0,0,0,"{""type"":""Polygon"",""coordinates"":[[[-107.26539468029245,48.292523912398245],[-107.26534767776309,48.29252036682603],[-107.26522795352096,48.29268795897023],[-107.26526833901897,48.29269166513138],[-107.26528911476149,48.29270912193328],[-107.26530975039759,48.292722060535205],[-107.26542248608466,48.292697534029486],[-107.26542188222523,48.29253231497298],[-107.26539468029245,48.292523912398245]]]}"
00000000000000002949,3787,0,0,0,"{""type"":""Polygon"",""coordinates"":[[[-107.26533420124711,48.29251618545689],[-107.26528695653865,48.292508137433245],[-107.26527945982718,48.292490431029734],[-107.26509656719645,48.2925923195398],[-107.26511068096262,48.29260986548338],[-107.26512450175579,48.29261853356185],[-107.2651605128935,48.292675905742996],[-107.26522795352096,48.29268795897023],[-107.26534767776309,48.29252036682603],[-107.26533420124711,48.29251618545689]]]}"
000000000000000028ea,3788,0,0,0,"{""type"":""Polygon"",""coordinates"":[[[-107.26523658926847,48.29242871719944],[-107.26522281316089,48.29242012054522],[-107.265215514054,48.292406845199736],[-107.26501963587923,48.29251786089861],[-107.26507510971228,48.29256142682584],[-107.26509656719645,48.2925923195398],[-107.26527945982718,48.292490431029734],[-107.26523658926847,48.29242871719944]]]}"
000000000000000028ff,3789,0,0,0,"{""type"":""Polygon"",""coordinates"":[[[-107.26520865472409,48.29240250330336],[-107.26516004018163,48.29236327948148],[-107.26515970251828,48.292354330279984],[-107.2649549581765,48.292416463543276],[-107.26496863208273,48.29242507599889],[-107.26498323009085,48.29245162674448],[-107.26499744583596,48.29246915690022],[-107.26501257903826,48.29250908793381],[-107.26501963587923,48.29251786089861],[-107.265215514054,48.292406845199736],[-107.26520865472409,48.29240250330336]]]}"
000000000000000028f1,3790,0,0,0,"{""type"":""Polygon"",""coordinates"":[[[-107.26511031071098,48.292297223840364],[-107.26509609495216,48.29227969375845],[-107.26509595484468,48.29227517559499],[-107.26488468933314,48.29234191590217],[-107.26489218580059,48.29235962229313],[-107.26494133504123,48.29241222650675],[-107.2649549581765,48.292416463543276],[-107.26515970251828,48.292354330279984],[-107.26511031071098,48.292297223840364]]]}"
00000000000000002900,3791,0,0,0,"{""type"":""Polygon"",""coordinates"":[[[-107.26507463762248,48.29224880122245],[-107.26502548831242,48.29219619724077],[-107.26482746410738,48.29225815375958],[-107.26484181976566,48.29228020204329],[-107.26486999602932,48.292310918403594],[-107.26488468933314,48.29234191590217],[-107.26509595484468,48.29227517559499],[-107.26507463762248,48.29224880122245]]]}"
000000000000000028ef,3792,0,0,0,"{""type"":""Polygon"",""coordinates"":[[[-107.26496840296305,48.292116953567685],[-107.2647637175226,48.29217899896996],[-107.26477125855894,48.292196776695995],[-107.26481291095968,48.29223167445974],[-107.26482746410738,48.29225815375958],[-107.26502548831242,48.29219619724077],[-107.26502407368712,48.29216495022737],[-107.26496840296305,48.292116953567685]]]}"
000000000000000028fb,3793,0,0,0,"{""type"":""Polygon"",""coordinates"":[[[-107.2649407685235,48.29209515498479],[-107.26491239480372,48.29206000776063],[-107.26489823668307,48.29204239058454],[-107.26470643542599,48.292095324136206],[-107.26471368959814,48.29210852807182],[-107.26474166810036,48.29213481336204],[-107.2647637175226,48.29217899896996],[-107.26496840296305,48.292116953567685],[-107.2649407685235,48.29209515498479]]]}"
000000000000000028ee,3794,0,0,0,"{""type"":""Polygon"",""coordinates"":[[[-107.26488407857723,48.292024773411846],[-107.2648834413629,48.29201140902165],[-107.26484178908893,48.29197651143009],[-107.26482777111787,48.291963412407185],[-107.26461636753763,48.29202563353793],[-107.2646165650226,48.29203006454442],[-107.26465082283949,48.29204724019964],[-107.26469957624838,48.29209098222509],[-107.26470643542599,48.292095324136206],[-107.26489823668307,48.29204239058454],[-107.26488407857723,48.292024773411846]]]}"
000000000000000028f7,3795,0,0,0,"{""type"":""Polygon"",""coordinates"":[[[-107.26481385525386,48.29195029762458],[-107.26475814056425,48.291902229642304],[-107.26473648628192,48.29186690624405],[-107.26458785422672,48.291985968111334],[-107.26460176998786,48.29199908293809],[-107.26461636753763,48.29202563353793],[-107.26482777111787,48.291963412407185],[-107.26481385525386,48.29195029762458]]]}"
000000000000000028fc,3796,0,0,0,"{""type"":""Polygon"",""coordinates"":[[[-107.2647292321382,48.291853702369544],[-107.26470821506753,48.2918317433399],[-107.26461401514658,48.291820220537666],[-107.2645862791325,48.291798437721795],[-107.26453943865329,48.29195117524555],[-107.26455306151783,48.291955412309136],[-107.26458785422672,48.291985968111334],[-107.26473648628192,48.29186690624405],[-107.2647292321382,48.291853702369544]]]}"
000000000000000028f8,3797,0,0,0,"{""type"":""Polygon"",""coordinates"":[[[-107.26457931793459,48.29179411158478],[-107.26454492035575,48.29177241785573],[-107.26437009949684,48.29175353754332],[-107.2644581797778,48.291930453576406],[-107.2644649435089,48.29193034873403],[-107.26453943865329,48.29195117524555],[-107.2645862791325,48.291798437721795],[-107.26457931793459,48.29179411158478]]]}"
000000000000000028f6,3798,0,0,0,"{""type"":""Polygon"",""coordinates"":[[[-107.26437009949684,48.29175353754332],[-107.26436338046511,48.291753713754964],[-107.2642091946322,48.29174777173512],[-107.26420257770724,48.29174793217531],[-107.26433157609252,48.29194193504193],[-107.26433785559234,48.29193282545292],[-107.26435789791158,48.29193247109299],[-107.2644581797778,48.291930453576406],[-107.26437009949684,48.29175353754332]]]}"
00000000000000002901,3799,0,0,0,"{""type"":""Polygon"",""coordinates"":[[[-107.26420257770724,48.29174793217531],[-107.26412979006696,48.2917672299815],[-107.26410302886991,48.29176776048231],[-107.26406960610122,48.291768380028984],[-107.26421359571673,48.29199779583318],[-107.26431187123595,48.291951238536505],[-107.26433157609252,48.29194193504193],[-107.26420257770724,48.29174793217531]]]}"
000000000000000028f0,3800,0,0,0,"{""type"":""Polygon"",""coordinates"":[[[-107.26406960610122,48.291768380028984],[-107.2640495064975,48.291768821461],[-107.26400936473713,48.29176961717498],[-107.26398270566696,48.291770131881805],[-107.26396932508739,48.29177039711219],[-107.26397029935193,48.29179271057276],[-107.26408086527093,48.292022746208055],[-107.2640872848158,48.29201815476582],[-107.26416104732225,48.292021170440016],[-107.26421359571673,48.29199779583318],[-107.26406960610122,48.291768380028984]]]}"
000000000000000028f2,3801,0,0,0,"{""type"":""Polygon"",""coordinates"":[[[-107.26397029935193,48.29179271057276],[-107.26391465443984,48.29204840304947],[-107.2639476953749,48.29203876301061],[-107.26402145779588,48.29204177879532],[-107.26406116036166,48.2920320496667],[-107.26408086527093,48.292022746208055],[-107.26397029935193,48.29179271057276]]]}"
000000000000000028f3,3802,0,0,0,"{""type"":""Polygon"",""coordinates"":[[[-107.26395594450963,48.29177066234065],[-107.26390242221665,48.29177172323544],[-107.26387522162855,48.29176332031681],[-107.2637734094558,48.29203326168036],[-107.26387417508052,48.292040249556614],[-107.26388809049712,48.29205336450891],[-107.26391465443984,48.29204840304947],[-107.26397029935193,48.29179271057276],[-107.26396932508739,48.29177039711219],[-107.26395594450963,48.29177066234065]]]}"
00000000000000002903,3803,0,0,0,"{""type"":""Polygon"",""coordinates"":[[[-107.26386836266914,48.291758978367994],[-107.26378263397778,48.29178747448497],[-107.26363123541796,48.29199587791312],[-107.26364485805667,48.292000115114774],[-107.26365853131564,48.2920087277057],[-107.26371249322158,48.29201660033445],[-107.26376002881094,48.29203352688455],[-107.2637734094558,48.29203326168036],[-107.26387522162855,48.29176332031681],[-107.26386836266914,48.291758978367994]]]}"
00000000000000002928,3804,0,0,0,"{""type"":""Polygon"",""coordinates"":[[[-107.26376945080403,48.291792170677915],[-107.26374268969141,48.29179270107644],[-107.26370342685529,48.291811363384504],[-107.26367034149676,48.29182093191436],[-107.26364946525062,48.29180349077347],[-107.26349548145194,48.2919539025513],[-107.26360403481455,48.291987474882596],[-107.26363123541796,48.29199587791312],[-107.26378263397778,48.29178747448497],[-107.26376945080403,48.291792170677915]]]}"
00000000000000001a57,3805,0,0,0,"{""type"":""Polygon"",""coordinates"":[[[-107.26361662192865,48.29181756165456],[-107.26350943770605,48.291815164899575],[-107.26350238145737,48.291806391924965],[-107.26335277387037,48.29190313825662],[-107.26339345007034,48.291915722963886],[-107.26345480513055,48.291941317881275],[-107.26349548145194,48.2919539025513],[-107.26364946525062,48.29180349077347],[-107.26361662192865,48.29181756165456]]]}"
00000000000000002056,3806,0,0,0,"{""type"":""Polygon"",""coordinates"":[[[-107.26345951537598,48.29174467798359],[-107.26345255440633,48.29174035176353],[-107.26320830974734,48.29181664029091],[-107.26324280816445,48.29183831878961],[-107.26326397669202,48.29186463779476],[-107.26332533149349,48.29189023277675],[-107.26335277387037,48.29190313825662],[-107.26350238145737,48.291806391924965],[-107.26345951537598,48.29174467798359]]]}"
000000000000000028d2,3807,0,0,0,"{""type"":""Polygon"",""coordinates"":[[[-107.26341742603503,48.29170084654343],[-107.2634223370299,48.29166056165614],[-107.26318373599895,48.2917143761529],[-107.2631591646146,48.291764035676884],[-107.26320145090776,48.29181229828708],[-107.26320830974734,48.29181664029091],[-107.26345255440633,48.29174035176353],[-107.26341742603503,48.29170084654343]]]}"
000000000000000028d1,3808,0,0,0,"{""type"":""Polygon"",""coordinates"":[[[-107.2631919480656,48.2915981286736],[-107.26318353868596,48.29170994516548],[-107.26318373599895,48.2917143761529],[-107.2634223370299,48.29166056165614],[-107.26342563738393,48.291584599091976],[-107.2631919480656,48.2915981286736]]]}"
000000000000000028d6,3809,0,0,0,"{""type"":""Polygon"",""coordinates"":[[[-107.2632212331282,48.291503753565074],[-107.26321598476403,48.29153508924543],[-107.26321632196434,48.291544038327345],[-107.26319769318756,48.2915756391489],[-107.2631919480656,48.2915981286736],[-107.26342563738393,48.291584599091976],[-107.26342466344529,48.291562285705126],[-107.26344981364818,48.29152607773686],[-107.26344859768827,48.29149926202943],[-107.2632212331282,48.291503753565074]]]}"
000000000000000028fa,3810,0,0,0,"{""type"":""Polygon"",""coordinates"":[[[-107.26322395465823,48.29141433982112],[-107.26322503057216,48.29143663739211],[-107.2632273154177,48.291490213152265],[-107.2632212331282,48.291503753565074],[-107.26344859768827,48.29149926202943],[-107.26344100690893,48.29147710906349],[-107.26344056755943,48.291468175753984],[-107.26343979095347,48.29145029338057],[-107.26344494386868,48.291414511022744],[-107.26322395465823,48.29141433982112]]]}"
000000000000000028fd,3811,0,0,0,"{""type"":""Polygon"",""coordinates"":[[[-107.26343448184137,48.2913297935386],[-107.26343384514543,48.29131642930067],[-107.26320692103701,48.29132985404377],[-107.26322180969545,48.291365282231524],[-107.26322395465823,48.29141433982112],[-107.26344494386868,48.291414511022744],[-107.26345647157123,48.291374065969684],[-107.26343448184137,48.2913297935386]]]}"
000000000000000028d4,3812,0,0,0,"{""type"":""Polygon"",""coordinates"":[[[-107.26341905151617,48.29128544789317],[-107.26340416266092,48.29125001979427],[-107.26340343072393,48.29123220887086],[-107.2634027493801,48.29121877327999],[-107.26318974072764,48.29124531277769],[-107.26320667906157,48.29132535171133],[-107.26320692103701,48.29132985404377],[-107.26343384514543,48.29131642930067],[-107.26341905151617,48.29128544789317]]]}"
000000000000000028e0,3813,0,0,0,"{""type"":""Polygon"",""coordinates"":[[[-107.26336513225505,48.29112572449744],[-107.26315932698446,48.29116109236626],[-107.26318171087185,48.29121422662243],[-107.26318974072764,48.29124531277769],[-107.2634027493801,48.29121877327999],[-107.26336513225505,48.29112572449744]]]}"
000000000000000028e8,3814,0,0,0,"{""type"":""Polygon"",""coordinates"":[[[-107.26334352466884,48.291090472627275],[-107.26334843559106,48.29105018820891],[-107.2633339415583,48.29102362210963],[-107.26311582568859,48.29108601480261],[-107.26311655748955,48.29110382568259],[-107.2631447309905,48.2911345419381],[-107.26315932698446,48.29116109236626],[-107.26336513225505,48.29112572449744],[-107.26334352466884,48.291090472627275]]]}"
000000000000000028d5,3815,0,0,0,"{""type"":""Polygon"",""coordinates"":[[[-107.26332580950599,48.290992551857556],[-107.26329685934364,48.290943953534786],[-107.26329656677098,48.290935075931834],[-107.26308517026924,48.29099729230808],[-107.26311407546402,48.291045819374375],[-107.26311538641387,48.291077081555564],[-107.26311582568859,48.29108601480261],[-107.2633339415583,48.29102362210963],[-107.26332580950599,48.290992551857556]]]}"
000000000000000028e2,3816,0,0,0,"{""type"":""Polygon"",""coordinates"":[[[-107.2632741381611,48.29088187060689],[-107.26324620666581,48.29085565682692],[-107.26302784992235,48.290913546797356],[-107.26308429173258,48.29097942584474],[-107.26308517026924,48.29099729230808],[-107.26329656677098,48.290935075931834],[-107.26329588546103,48.29092164041456],[-107.2632741381611,48.29088187060689]]]}"
000000000000000028e3,3817,0,0,0,"{""type"":""Polygon"",""coordinates"":[[[-107.26322552853809,48.290842646805224],[-107.26320411857698,48.2908118259958],[-107.2631888860385,48.29077191164289],[-107.26296435241721,48.29083889493037],[-107.26302784992235,48.290913546797356],[-107.26324620666581,48.29085565682692],[-107.26322552853809,48.290842646805224]]]}"
000000000000000028e4,3818,0,0,0,"{""type"":""Polygon"",""coordinates"":[[[-107.2631815880881,48.29075863652585],[-107.26313993948945,48.29072373892704],[-107.26311200823824,48.29069752517997],[-107.26309809367532,48.29068441042868],[-107.26285502732162,48.29078744032453],[-107.26287526598583,48.290791517217144],[-107.26288893853251,48.29080012973953],[-107.26295725184627,48.290830050691866],[-107.26296435241721,48.29083889493037],[-107.2631888860385,48.29077191164289],[-107.2631815880881,48.29075863652585]]]}"
000000000000000028da,3819,0,0,0,"{""type"":""Polygon"",""coordinates"":[[[-107.26308403237728,48.29067124006006],[-107.26306992053098,48.290653694410985],[-107.26305576404349,48.2906360773888],[-107.26304077370162,48.29060066540995],[-107.2630339151045,48.290596323487485],[-107.262752319298,48.290735825303635],[-107.26275917786474,48.290740167258384],[-107.26282053019378,48.290765762083154],[-107.2628343494568,48.29077443022868],[-107.26285502732162,48.29078744032453],[-107.26309809367532,48.29068441042868],[-107.26308403237728,48.29067124006006]]]}"
000000000000000028df,3820,0,0,0,"{""type"":""Polygon"",""coordinates"":[[[-107.26302661725019,48.29058304840014],[-107.2630125054693,48.29056550277014],[-107.26294321885253,48.29051326903945],[-107.2626698948655,48.29068835852097],[-107.26271100841545,48.29070987646368],[-107.262752319298,48.290735825303635],[-107.2630339151045,48.290596323487485],[-107.26302661725019,48.29058304840014]]]}"
000000000000000028dc,3821,0,0,0,"{""type"":""Polygon"",""coordinates"":[[[-107.26293592105131,48.29049999396466],[-107.26287500820743,48.290483332483134],[-107.2628343339381,48.29047074784708],[-107.26280713483894,48.29046234479428],[-107.26279297858129,48.290444727791055],[-107.26275916293221,48.29043648505798],[-107.26275264152206,48.29044109202674],[-107.26264945907009,48.29067985068588],[-107.2626698948655,48.29068835852097],[-107.26294321885253,48.29051326903945],[-107.26293592105131,48.29049999396466]]]}"
000000000000000028d7,3822,0,0,0,"{""type"":""Polygon"",""coordinates"":[[[-107.26248977752762,48.29054897674067],[-107.26252359311515,48.29055721958762],[-107.26254436583942,48.29057467635751],[-107.26255186072463,48.290592382381575],[-107.26257278023154,48.290609894775],[-107.26258689175006,48.29062744049092],[-107.26261398875945,48.29063585938994],[-107.26264235862563,48.29067100644742],[-107.26264945907009,48.29067985068588],[-107.26275264152206,48.29044109202674],[-107.26248977752762,48.29054897674067]]]}"
00000000000000002904,3823,0,0,0,"{""type"":""Polygon"",""coordinates"":[[[-107.26273872722871,48.290427977279926],[-107.26271751525728,48.29040158746445],[-107.26244442688562,48.29043372044521],[-107.26245192169327,48.290451426432014],[-107.26245313696319,48.29047824164009],[-107.2624743487223,48.29050463155744],[-107.262469341888,48.29054046888568],[-107.26248977752762,48.29054897674067],[-107.26275264152206,48.29044109202674],[-107.26275916293221,48.29043648505798],[-107.26273872722871,48.290427977279926]]]}"
0000000000000000284c,3824,0,0,0,"{""type"":""Polygon"",""coordinates"":[[[-107.26241260308657,48.290318255005396],[-107.26243007363651,48.29041167250932],[-107.26244442688562,48.29043372044521],[-107.26271751525728,48.29040158746445],[-107.2627219874691,48.29035237045985],[-107.26241260308657,48.290318255005396]]]}"
000000000000000028cd,3825,0,0,0,"{""type"":""Polygon"",""coordinates"":[[[-107.26251511170861,48.29021351963228],[-107.26251520686178,48.29021796625539],[-107.26248908361356,48.290231860226896],[-107.26245133008324,48.29028621403876],[-107.26243186797582,48.29030001908484],[-107.2624057446598,48.29031391305689],[-107.26241260308657,48.290318255005396],[-107.2627219874691,48.29035237045985],[-107.26272077199613,48.29032555532393],[-107.26274027872803,48.29031182158966],[-107.26251511170861,48.29021351963228]]]}"
000000000000000028ce,3826,0,0,0,"{""type"":""Polygon"",""coordinates"":[[[-107.26265294297271,48.290152719619165],[-107.26263304180344,48.290157591571486],[-107.26260672135618,48.29016705469656],[-107.26256731350679,48.29018566030621],[-107.26252128910201,48.29020442621658],[-107.26251511170861,48.29021351963228],[-107.26274027872803,48.29031182158966],[-107.26277292339729,48.290293320571365],[-107.26279238544817,48.29027951545936],[-107.26265294297271,48.290152719619165]]]}"
000000000000000028d0,3827,0,0,0,"{""type"":""Polygon"",""coordinates"":[[[-107.26278502896665,48.29011440835332],[-107.26277184642933,48.29011910424519],[-107.26271214985304,48.29012925778238],[-107.26268578476903,48.29013864954761],[-107.26265936224478,48.29014812844104],[-107.26265294297271,48.290152719619165],[-107.26279238544817,48.29027951545936],[-107.26279890682586,48.29027490850275],[-107.26287081262046,48.290237746115835],[-107.26278502896665,48.29011440835332]]]}"
000000000000000028c9,3828,0,0,0,"{""type"":""Polygon"",""coordinates"":[[[-107.26291697502045,48.29007157895022],[-107.26287065827654,48.290081467520395],[-107.26283095806477,48.29009119573976],[-107.26278502896665,48.29011440835332],[-107.26287081262046,48.290237746115835],[-107.26292977770042,48.290209781864256],[-107.26297648332084,48.290204451093246],[-107.26291697502045,48.29007157895022]]]}"
000000000000000028cc,3829,0,0,0,"{""type"":""Polygon"",""coordinates"":[[[-107.263056658008,48.29005095742551],[-107.26304327818099,48.29005122249923],[-107.26299019814805,48.290061215850635],[-107.26295005868965,48.29006201103804],[-107.26291697502045,48.29007157895022],[-107.26297648332084,48.290204451093246],[-107.26300942037399,48.290194827515414],[-107.26306220807936,48.29017595664534],[-107.26308210929768,48.29017108460118],[-107.263056658008,48.29005095742551]]]}"
000000000000000028d9,3830,0,0,0,"{""type"":""Polygon"",""coordinates"":[[[-107.26314904361357,48.29002237402072],[-107.26309640287191,48.29004130049599],[-107.263056658008,48.29005095742551],[-107.26308210929768,48.29017108460118],[-107.26311509098737,48.29016153236949],[-107.26320242615581,48.290168714561915],[-107.26319594640445,48.2900214740116],[-107.26314904361357,48.29002237402072]]]}"
000000000000000028d8,3831,0,0,0,"{""type"":""Polygon"",""coordinates"":[[[-107.26332920343552,48.29000990566805],[-107.26321594278978,48.29002104855948],[-107.26319594640445,48.2900214740116],[-107.26320242615581,48.290168714561915],[-107.26328956410647,48.290171465814765],[-107.26330294401193,48.29017120070414],[-107.26332318249746,48.29017527745959],[-107.26334308373912,48.29017040536084],[-107.26332920343552,48.29000990566805]]]}"
000000000000000028c8,3832,0,0,0,"{""type"":""Polygon"",""coordinates"":[[[-107.26346353668775,48.29002063410777],[-107.26345015681383,48.2900208992392],[-107.26339566335987,48.28999964701668],[-107.26332920343552,48.29000990566805],[-107.26334308373912,48.29017040536084],[-107.26338312139312,48.290169625758736],[-107.26347697821703,48.29017220070783],[-107.26346353668775,48.29002063410777]]]}"
000000000000000028de,3833,0,0,0,"{""type"":""Polygon"",""coordinates"":[[[-107.26359713815107,48.29001355184513],[-107.26346353668775,48.29002063410777],[-107.26347697821703,48.29017220070783],[-107.26355053915088,48.29017078599556],[-107.26361047815668,48.29016513415055],[-107.26359713815107,48.29001355184513]]]}"
000000000000000028dd,3834,0,0,0,"{""type"":""Polygon"",""coordinates"":[[[-107.26373083506454,48.29001091599465],[-107.2637242184832,48.29001107638795],[-107.26370407524956,48.29001144633172],[-107.26368407876609,48.290011871887856],[-107.26361051804322,48.29001328669279],[-107.26359713815107,48.29001355184513],[-107.26361047815668,48.29016513415055],[-107.26365694193903,48.29015530081755],[-107.26369761652595,48.29016788502246],[-107.26374417563612,48.290162498259626],[-107.26375093899271,48.2901623934805],[-107.26373083506454,48.29001091599465]]]}"
000000000000000028db,3835,0,0,0,"{""type"":""Polygon"",""coordinates"":[[[-107.26386379996009,48.28999046945714],[-107.26376425612727,48.29001029662959],[-107.26373083506454,48.29001091599465],[-107.26375093899271,48.2901623934805],[-107.26385048323405,48.29014256625467],[-107.26388385980074,48.29014187546695],[-107.26386379996009,48.28999046945714]]]}"
000000000000000028bf,3836,0,0,0,"{""type"":""Polygon"",""coordinates"":[[[-107.26399010365526,48.28997011177888],[-107.26398986157463,48.28996560956644],[-107.26386379996009,48.28999046945714],[-107.26388385980074,48.29014187546695],[-107.26393762180163,48.29014531690269],[-107.2639775196934,48.29014001906109],[-107.26399756096583,48.290139664814845],[-107.26401755758465,48.290139239189],[-107.26399010365526,48.28997011177888]]]}"
000000000000000028c3,3837,0,0,0,"{""type"":""Polygon"",""coordinates"":[[[-107.26413041757161,48.2899673149523],[-107.2640443556821,48.289986861421696],[-107.26399010365526,48.28997011177888],[-107.26401755758465,48.290139239189],[-107.26405117629464,48.290143050568666],[-107.26411121760368,48.29013738264967],[-107.26415149764865,48.290141104946606],[-107.26413041757161,48.2899673149523]]]}"
000000000000000028b4,3838,0,0,0,"{""type"":""Polygon"",""coordinates"":[[[-107.26425039763004,48.28995599478704],[-107.26419687779124,48.28995705574738],[-107.26413041757161,48.2899673149523],[-107.26415149764865,48.290141104946606],[-107.26427877662441,48.29014305957038],[-107.26427054095087,48.289955624726886],[-107.26425039763004,48.28995599478704]]]}"
000000000000000028c2,3839,0,0,0,"{""type"":""GeometryCollection"",""geometries"":[{""type"":""LineString"",""coordinates"":[[-107.26436099607733,48.29018609151115],[-107.26435450672275,48.29019068558202]]},{""type"":""Polygon"",""coordinates"":[[[-107.26439674278616,48.28993528228078],[-107.26434994159456,48.2899361671278],[-107.26427054095087,48.289955624726886],[-107.26427877662441,48.29014305957038],[-107.26433915554834,48.29014634034091],[-107.26437983066661,48.29015892424137],[-107.26439267574148,48.29014527928854],[-107.26441673937913,48.28993485657414],[-107.26439674278616,48.28993528228078]]]}]}"
000000000000000028bb,3840,0,0,0,"{""type"":""Polygon"",""coordinates"":[[[-107.26461972629333,48.28998445150071],[-107.26460605336204,48.289975839366775],[-107.26457155524318,48.28995416211086],[-107.26451044393737,48.2899330710306],[-107.26449706394628,48.28993333631037],[-107.26448368395698,48.289933601588245],[-107.26445026270716,48.289934221207446],[-107.26441673937913,48.28993485657414],[-107.26439267574148,48.29014527928854],[-107.26462726691081,48.290002228513536],[-107.26461972629333,48.28998445150071]]]}"
000000000000000028be,3841,0,1,0,"{""type"":""Polygon"",""coordinates"":[[[-107.26468249441882,48.29004129049277],[-107.26463432321475,48.29001100110587],[-107.26462726691081,48.290002228513536],[-107.26439267574148,48.29014527928854],[-107.26437983066661,48.29015892424137],[-107.26439340819333,48.29016308982656],[-107.26436100598794,48.29018609357023],[-107.2643544847072,48.290190700622716],[-107.26436242014044,48.29021733944029],[-107.26439088731578,48.2902569322741],[-107.26442397131927,48.29024736381242],[-107.26470414775035,48.290076612712184],[-107.26468249441882,48.29004129049277]]]}"
000000000000000028c1,3842,0,0,0,"{""type"":""Polygon"",""coordinates"":[[[-107.26480544445695,48.29009697912221],[-107.26473188268747,48.29009839481461],[-107.26470434525952,48.29008104355514],[-107.26470414775035,48.290076612712184],[-107.26442397131927,48.29024736381242],[-107.26445715070528,48.29024224195849],[-107.26453017751582,48.29022744676549],[-107.2645846726301,48.29024869839359],[-107.26460544664356,48.29026615458362],[-107.26461216542234,48.29026597836641],[-107.26483259969604,48.29010531015626],[-107.26480544445695,48.29009697912221]]]}"
000000000000000028e5,3843,0,0,0,"{""type"":""Polygon"",""coordinates"":[[[-107.26489939812824,48.290103999246384],[-107.26483926103096,48.2901052210588],[-107.26483259969604,48.29010531015626],[-107.26461216542234,48.29026597836641],[-107.26464631960079,48.29028316925132],[-107.26468723727282,48.290300255280876],[-107.26471443725318,48.29030865775335],[-107.26473511596801,48.290321667308774],[-107.26486350155938,48.290198532720915],[-107.2648764419798,48.2901893343067],[-107.26496001966198,48.29011178183303],[-107.26489939812824,48.290103999246384]]]}"
000000000000000028c4,3844,0,0,0,"{""type"":""GeometryCollection"",""geometries"":[{""type"":""LineString"",""coordinates"":[[-107.26488295621989,48.29018474072594],[-107.26487646691332,48.29018933482555]]},{""type"":""Polygon"",""coordinates"":[[[-107.26502015684697,48.290110559942654],[-107.26500016003145,48.29011098578194],[-107.2649867799065,48.29011125113422],[-107.26496001966198,48.29011178183303],[-107.26488296323348,48.2901847272196],[-107.26501612738258,48.29016870982585],[-107.26505509529947,48.290141170153646],[-107.26502015684697,48.290110559942654]]]},{""type"":""Polygon"",""coordinates"":[[[-107.26495161623868,48.29022359519699],[-107.26486350155938,48.290198532720915],[-107.26473511596801,48.290321667308774],[-107.26475575004191,48.29033460548727],[-107.26481004805333,48.29035142615433],[-107.264830726846,48.29036443569768],[-107.26484444465753,48.2903731192323],[-107.26499229192446,48.29023617884206],[-107.26495161623868,48.29022359519699]]]}]}"
000000000000000028e1,3845,0,0,0,"{""type"":""Polygon"",""coordinates"":[[[-107.26508726583927,48.29026558295054],[-107.26500611184503,48.290244846572],[-107.26499229192446,48.29023617884206],[-107.26484444465753,48.2903731192323],[-107.26485821990843,48.29038171563093],[-107.2649793171127,48.29039722526304],[-107.26498608060184,48.29039712039313],[-107.26511446600696,48.290273985299514],[-107.26508726583927,48.29026558295054]]]}"
000000000000000028e7,3846,0,0,0,"{""type"":""Polygon"",""coordinates"":[[[-107.26518876126067,48.290290379857964],[-107.26512828598804,48.290282653016526],[-107.26511446600696,48.290273985299514],[-107.26498608060184,48.29039712039313],[-107.26504763299656,48.29042714443656],[-107.26508928397097,48.29046204095301],[-107.26523659584001,48.29031172024319],[-107.26518876126067,48.290290379857964]]]}"
000000000000000028e6,3847,0,0,0,"{""type"":""Polygon"",""coordinates"":[[[-107.26527751408334,48.290328806016035],[-107.26523659584001,48.29031172024319],[-107.26508928397097,48.29046204095301],[-107.26511040275577,48.290483983581765],[-107.26519199720362,48.29051365307697],[-107.2653138613934,48.29039512457146],[-107.26522540800748,48.290361113507934],[-107.26522477063486,48.29034774954297],[-107.26531916527983,48.29036370236252],[-107.26527751408334,48.290328806016035]]]}"
000000000000000028f9,3848,0,0,0,"{""type"":""Polygon"",""coordinates"":[[[-107.26538149570796,48.290411608139124],[-107.26532743925009,48.29039929003483],[-107.2653138613934,48.29039512457146],[-107.26519199720362,48.29051365307697],[-107.26523287095802,48.29053066755426],[-107.2652466910744,48.29053933529271],[-107.26528084602698,48.290556526020964],[-107.26532828587236,48.290569004694234],[-107.26540869613513,48.290420010421336],[-107.26538149570796,48.290411608139124]]]}"
000000000000000028f5,3849,0,0,0,"{""type"":""Polygon"",""coordinates"":[[[-107.26549009335542,48.29044524874815],[-107.26540869613513,48.290420010421336],[-107.26532828587236,48.290569004694234],[-107.26536190559322,48.29057281562042],[-107.26540934552902,48.29058529425521],[-107.26548938543058,48.29057919945432],[-107.26550313589503,48.290436034445314],[-107.26549009335542,48.29044524874815]]]}"
000000000000000028d3,3850,0,0,0,"{""type"":""Polygon"",""coordinates"":[[[-107.26558209814903,48.29040764250579],[-107.26554239708913,48.290417371927006],[-107.26552901677644,48.29041763736109],[-107.26550313589503,48.290436034445314],[-107.26548938543058,48.29057919945432],[-107.2655094272642,48.29057884487551],[-107.26553618800227,48.29057831400646],[-107.26557632912291,48.29057751768858],[-107.26565617150777,48.29056699186772],[-107.26558209814903,48.29040764250579]]]}"
0000000000000000287a,3851,0,0,0,"{""type"":""Polygon"",""coordinates"":[[[-107.2657150662148,48.29038719317267],[-107.26564860450668,48.29039745354881],[-107.26558209814903,48.29040764250579],[-107.26565617150777,48.29056699186772],[-107.2657292950078,48.290556642282056],[-107.26576267261225,48.29055595080987],[-107.26578914022241,48.29054654235422],[-107.2657150662148,48.29038719317267]]]}"
00000000000000002868,3852,0,0,0,"{""type"":""Polygon"",""coordinates"":[[[-107.26579437277938,48.29036328756176],[-107.26578119008852,48.290367983892516],[-107.26574148903609,48.290377713388544],[-107.26572844654292,48.29038692771243],[-107.2657150662148,48.29038719317267],[-107.26578914022241,48.29054654235422],[-107.26586810275337,48.290518150113456],[-107.26594794518601,48.29050762406066],[-107.26579437277938,48.29036328756176]]]}"
0000000000000000287b,3853,0,0,0,"{""type"":""Polygon"",""coordinates"":[[[-107.2659197994799,48.290325060946],[-107.26587357721871,48.29033939765814],[-107.26582721473065,48.29034921635649],[-107.26579437277938,48.29036328756176],[-107.26594794518601,48.29050762406066],[-107.26597397278402,48.2904892824462],[-107.26598735318584,48.290489016947525],[-107.26603337798595,48.29047024926592],[-107.26605969878892,48.29046078513892],[-107.2659197994799,48.290325060946]]]}"
0000000000000000288b,3854,0,0,0,"{""type"":""Polygon"",""coordinates"":[[[-107.26602459129828,48.290273896324635],[-107.26599846829913,48.29028779125878],[-107.26597900673968,48.290301597009986],[-107.26596606639129,48.29031079559033],[-107.2659197994799,48.290325060946],[-107.26605969878892,48.29046078513892],[-107.2660925408269,48.29044671381488],[-107.26615836511722,48.29042308914549],[-107.26617101220944,48.29040501303158],[-107.26602459129828,48.290273896324635]]]}"
00000000000000002878,3855,0,0,0,"{""type"":""Polygon"",""coordinates"":[[[-107.266122185881,48.290209441155575],[-107.26607061582082,48.2902551287083],[-107.26602459129828,48.290273896324635],[-107.26617101220944,48.29040501303158],[-107.26620909995059,48.29035960658376],[-107.26626140343667,48.29033172942241],[-107.266122185881,48.290209441155575]]]}"
0000000000000000289a,3856,0,0,0,"{""type"":""Polygon"",""coordinates"":[[[-107.26620673786324,48.29015420031677],[-107.26619355524085,48.29015889668386],[-107.2661745338215,48.29018163549994],[-107.266122185881,48.290209441155575],[-107.26626140343667,48.29033172942241],[-107.26628110733195,48.29032242583624],[-107.26637393456029,48.29030277222504],[-107.26639339605929,48.29028896639506],[-107.26620673786324,48.29015420031677]]]}"
00000000000000002898,3857,0,0,0,"{""type"":""Polygon"",""coordinates"":[[[-107.26629810414342,48.29010322972696],[-107.26629168506909,48.29010782113932],[-107.26624624105857,48.2901400398332],[-107.26620673786324,48.29015420031677],[-107.26639339605929,48.29028896639506],[-107.26644506158699,48.29024772525364],[-107.26646520553777,48.290247354715284],[-107.26649858312392,48.290246662991905],[-107.26651078991007,48.29021965383225],[-107.26629810414342,48.29010322972696]]]}"
00000000000000002874,3858,0,0,0,"{""type"":""GeometryCollection"",""geometries"":[{""type"":""LineString"",""coordinates"":[[-107.26656761644523,48.29014260217007],[-107.26657430316565,48.29014247031989]]},{""type"":""Polygon"",""coordinates"":[[[-107.26638212005928,48.29003460922379],[-107.266343835122,48.29007558461469],[-107.26629810414342,48.29010322972696],[-107.26651078991007,48.29021965383225],[-107.26654167992824,48.29016095698153],[-107.26655486255855,48.29015626056628],[-107.266567605053,48.29014263109752],[-107.26638212005928,48.29003460922379]]]}]}"
0000000000000000286d,3859,0,0,0,"{""type"":""Polygon"",""coordinates"":[[[-107.26647265686026,48.289961381569576],[-107.26643368958109,48.28998892170733],[-107.26638864120652,48.29003000205059],[-107.26638212005928,48.29003460922379],[-107.26657432394714,48.29014245474056],[-107.26662054604606,48.29012811774858],[-107.26669293561133,48.29009995704677],[-107.26647265686026,48.289961381569576]]]}"
00000000000000002871,3860,0,0,0,"{""type"":""Polygon"",""coordinates"":[[[-107.2665306452383,48.2899111026618],[-107.26648559702556,48.289952182986184],[-107.26647265686026,48.289961381569576],[-107.26669293561133,48.29009995704677],[-107.26671803774217,48.290063677933226],[-107.2667359297639,48.2900142669623],[-107.26674897201316,48.290005052572525],[-107.26676171440634,48.2899914231194],[-107.2665306452383,48.2899111026618]]]}"
00000000000000002884,3861,0,0,0,"{""type"":""Polygon"",""coordinates"":[[[-107.26660137586411,48.28984719437555],[-107.26658167224316,48.28985649793712],[-107.26654338764482,48.28989747326144],[-107.2665306452383,48.2899111026618],[-107.26676171440634,48.2899914231194],[-107.26676147198222,48.28998692092086],[-107.26677411869545,48.28996884488573],[-107.26679999896452,48.28995044763656],[-107.26684504698507,48.28990936717095],[-107.26660137586411,48.28984719437555]]]}"
00000000000000002870,3862,0,0,0,"{""type"":""Polygon"",""coordinates"":[[[-107.26666427114722,48.28975663199422],[-107.26665196898136,48.28977919436085],[-107.2666275559134,48.28983321226706],[-107.26660809470698,48.2898470180185],[-107.26684504698507,48.28990936717095],[-107.26685156808493,48.289904759978405],[-107.26686985540512,48.289864210763895],[-107.26690269688186,48.289850139335314],[-107.26690911587653,48.28984554790643],[-107.26666427114722,48.28975663199422]]]}"
0000000000000000286f,3863,0,0,0,"{""type"":""Polygon"",""coordinates"":[[[-107.26673432514512,48.28967482633886],[-107.26672172319682,48.28969297363934],[-107.26670873848907,48.289702100833196],[-107.26669579844038,48.28971129940033],[-107.26667609489797,48.28972060295547],[-107.26666427114722,48.28975663199422],[-107.26690911587653,48.28984554790643],[-107.26691524140178,48.28983207909285],[-107.26692784333689,48.28981393171973],[-107.26693960946413,48.28977798975002],[-107.26695221136968,48.28975984239296],[-107.26673432514512,48.28967482633886]]]}"
0000000000000000286b,3864,0,0,0,"{""type"":""Polygon"",""coordinates"":[[[-107.26679775573665,48.28959764368812],[-107.2667850135016,48.289611273040876],[-107.2667465315611,48.28964781744969],[-107.26673432514512,48.28967482633886],[-107.26695221136968,48.28975984239296],[-107.26696417524033,48.2897283312598],[-107.26700902507484,48.28968282010098],[-107.26679775573665,48.28959764368812]]]}"
0000000000000000286e,3865,0,0,0,"{""type"":""Polygon"",""coordinates"":[[[-107.26688829098339,48.28952441628458],[-107.26684986021836,48.2895653358486],[-107.26681692332475,48.28957496062496],[-107.26679775573665,48.28959764368812],[-107.26700902507484,48.28968282010098],[-107.2670282883323,48.28966458351842],[-107.26707255739555,48.28960562150424],[-107.26688829098339,48.28952441628458]]]}"
0000000000000000287d,3866,0,0,0,"{""type"":""Polygon"",""coordinates"":[[[-107.2669586823213,48.2894515595362],[-107.26692701515239,48.28949237406471],[-107.26690079071787,48.28950628478495],[-107.26688829098339,48.28952441628458],[-107.26707255739555,48.28960562150424],[-107.26714436525639,48.28956400989363],[-107.26716382622062,48.289550204113326],[-107.26717681082546,48.28954107688668],[-107.2671765683472,48.289536574728764],[-107.2669586823213,48.2894515595362]]]}"
00000000000000002888,3867,0,0,0,"{""type"":""Polygon"",""coordinates"":[[[-107.26701589106966,48.28938339924674],[-107.2670026512887,48.28938818278464],[-107.2669586823213,48.2894515595362],[-107.2671765683472,48.289536574728764],[-107.26718833415079,48.289500632924636],[-107.26718755565086,48.289482751292574],[-107.26718711535574,48.289473818359916],[-107.26721878231268,48.289433003765296],[-107.26701589106966,48.28938339924674]]]}"
00000000000000002856,3868,0,0,0,"{""type"":""Polygon"",""coordinates"":[[[-107.26706564707143,48.28929760520223],[-107.26706010233985,48.289324524694706],[-107.26703451609805,48.28935179908527],[-107.26701569327466,48.28937896847403],[-107.26701589106966,48.28938339924674],[-107.26721878231268,48.289433003765296],[-107.26723731150797,48.2893969570022],[-107.2672699547226,48.2893784548116],[-107.26729573870826,48.289355611115724],[-107.26706564707143,48.28929760520223]]]}"
00000000000000002866,3869,0,0,0,"{""type"":""Polygon"",""coordinates"":[[[-107.26710178027871,48.28920757478771],[-107.26707697259744,48.28925273067716],[-107.26706564707143,48.28929760520223],[-107.26729573870826,48.289355611115724],[-107.26730181935565,48.289342071034696],[-107.26731888703533,48.28927470772342],[-107.26710178027871,48.28920757478771]]]}"
0000000000000000286c,3870,0,0,0,"{""type"":""Polygon"",""coordinates"":[[[-107.26713105416921,48.289113203022],[-107.26711232725425,48.289144818816986],[-107.26710153780778,48.2892030726577],[-107.26710178027871,48.28920757478771],[-107.26731888703533,48.28927470772342],[-107.26732457199272,48.289252306140774],[-107.26734991552652,48.28922052959924],[-107.2673619809814,48.28918900298731],[-107.26713105416921,48.289113203022]]]}"
0000000000000000285b,3871,0,0,0,"{""type"":""Polygon"",""coordinates"":[[[-107.26718762400661,48.28903167948298],[-107.26718198368705,48.289054152337286],[-107.267136937005,48.289095232264906],[-107.26713105416921,48.289113203022],[-107.2673619809814,48.28918900298731],[-107.26737428258078,48.28916644079506],[-107.26740070456661,48.289156960793825],[-107.26743237105809,48.2891161463843],[-107.26718762400661,48.28903167948298]]]}"
00000000000000002855,3872,0,0,0,"{""type"":""Polygon"",""coordinates"":[[[-107.26724409787592,48.28894570954438],[-107.26721365024243,48.289013338077325],[-107.26719414492354,48.28902707234803],[-107.26718762400661,48.28903167948298],[-107.26743237105809,48.2891161463843],[-107.26745785485164,48.28908888778038],[-107.26747731550016,48.28907508206817],[-107.26750290133144,48.28904780771231],[-107.26750276089909,48.28904328983574],[-107.26724409787592,48.28894570954438]]]}"
00000000000000002881,3873,0,0,0,"{""type"":""Polygon"",""coordinates"":[[[-107.26728111094405,48.288873545336116],[-107.26724409787592,48.28894570954438],[-107.26750276089909,48.28904328983574],[-107.26752844246528,48.289020461992465],[-107.26755402823184,48.2889931876527],[-107.26757937143444,48.288961411214196],[-107.26758569445074,48.288952373325515],[-107.26728111094405,48.288873545336116]]]}"
0000000000000000288c,3874,0,0,0,"{""type"":""Polygon"",""coordinates"":[[[-107.26727847533441,48.28881548613688],[-107.26727925389795,48.288833367541756],[-107.26728111094405,48.288873545336116],[-107.26758569445074,48.288952373325515],[-107.26760471459804,48.28892963478902],[-107.26761780101461,48.28892049185407],[-107.26763442749561,48.288844196220126],[-107.26727847533441,48.28881548613688]]]}"
0000000000000000284e,3875,0,0,0,"{""type"":""Polygon"",""coordinates"":[[[-107.26761498995938,48.288706158610616],[-107.26725725986508,48.288789098214444],[-107.26727847533441,48.28881548613688],[-107.26763442749561,48.288844196220126],[-107.26763997173875,48.28881727695056],[-107.26763815895855,48.28877717058748],[-107.26763762275742,48.28876379129821],[-107.26763640360124,48.28873697712068],[-107.26761498995938,48.288706158610616]]]}"
00000000000000002858,3876,0,0,0,"{""type"":""Polygon"",""coordinates"":[[[-107.26756495903392,48.28863569388494],[-107.26752384261762,48.288614178933344],[-107.26722129246194,48.28873180241643],[-107.26725020293742,48.2887803260326],[-107.26725725986508,48.288789098214444],[-107.26761498995938,48.288706158610616],[-107.26756495903392,48.28863569388494]]]}"
00000000000000002852,3877,0,0,0,"{""type"":""Polygon"",""coordinates"":[[[-107.26748214545364,48.288579213354836],[-107.2674278917868,48.288562466139375],[-107.26737305742725,48.288532268290375],[-107.26720017282247,48.28870986099791],[-107.26722129246194,48.28873180241643],[-107.26752384261762,48.288614178933344],[-107.26748214545364,48.288579213354836]]]}"
00000000000000002850,3878,0,0,0,"{""type"":""Polygon"",""coordinates"":[[[-107.26734565945753,48.288519436156605],[-107.2672776432433,48.28849393463419],[-107.2672501496204,48.28847665602228],[-107.26712392549335,48.28864884433176],[-107.26715788256391,48.28866160306986],[-107.26720017282247,48.28870986099791],[-107.26737305742725,48.288532268290375],[-107.26734565945753,48.288519436156605]]]}"
00000000000000002859,3879,0,0,0,"{""type"":""Polygon"",""coordinates"":[[[-107.26723632944571,48.28846798891042],[-107.26720923152253,48.28845957168232],[-107.26712067687201,48.2884255793454],[-107.26702787347541,48.288597146843465],[-107.26712392549335,48.28864884433176],[-107.2672501496204,48.28847665602228],[-107.26723632944571,48.28846798891042]]]}"
00000000000000002862,3880,0,0,0,"{""type"":""Polygon"",""coordinates"":[[[-107.26706681942022,48.28841769334199],[-107.26699918662726,48.28840121154164],[-107.26699222555712,48.28839688585316],[-107.2668873179828,48.28859544572816],[-107.26693431653584,48.288598990385715],[-107.26702121225406,48.28859723608727],[-107.26702787347541,48.288597146843465],[-107.26712067687201,48.2884255793454],[-107.26706681942022,48.28841769334199]]]}"
0000000000000000285f,3881,0,0,0,"{""type"":""Polygon"",""coordinates"":[[[-107.26695860700495,48.288393075624136],[-107.26691127054106,48.28838058247328],[-107.26680520853789,48.28840501918692],[-107.26682017633193,48.288592271631686],[-107.2668873179828,48.28859544572816],[-107.26699222555712,48.28839688585316],[-107.26695860700495,48.288393075624136]]]}"
00000000000000002853,3882,0,0,0,"{""type"":""Polygon"",""coordinates"":[[[-107.26680520853789,48.28840501918692],[-107.26676550945231,48.28841474869637],[-107.26668465037712,48.28840289156684],[-107.2666712706296,48.28840315713561],[-107.26668530634839,48.28856816894267],[-107.2667596002615,48.28858456179325],[-107.26682017633193,48.288592271631686],[-107.26680520853789,48.28840501918692]]]}"
00000000000000002854,3883,0,0,0,"{""type"":""Polygon"",""coordinates"":[[[-107.2666712706296,48.28840315713561],[-107.26661133291532,48.288408810669935],[-107.26659795317609,48.28840907622831],[-107.26653781774638,48.28841029902271],[-107.26655161044404,48.28857080880767],[-107.26667172878226,48.2885640038076],[-107.26668530634839,48.28856816894267],[-107.2666712706296,48.28840315713561]]]}"
00000000000000002873,3884,0,0,0,"{""type"":""Polygon"",""coordinates"":[[[-107.26653781774638,48.28841029902271],[-107.26652443801706,48.288410564570604],[-107.26640377814539,48.28840845234941],[-107.26641168721578,48.2885869327029],[-107.266431632527,48.28858213149718],[-107.26645795195728,48.28857266763259],[-107.266491328032,48.288571975971884],[-107.26655161044404,48.28857080880767],[-107.26653781774638,48.28841029902271]]]}"
0000000000000000286a,3885,0,0,0,"{""type"":""Polygon"",""coordinates"":[[[-107.26626988550618,48.28840666109472],[-107.26627147075087,48.28859417921377],[-107.26636512910649,48.28859232057322],[-107.26641168721578,48.2885869327029],[-107.26640377814539,48.28840845234941],[-107.26626988550618,48.28840666109472]]]}"
00000000000000002869,3886,0,0,0,"{""type"":""Polygon"",""coordinates"":[[[-107.26622308531198,48.288407546803505],[-107.26614344498559,48.28842250325337],[-107.26613682852037,48.28842266380509],[-107.26613704199126,48.288579008515306],[-107.26622373922298,48.28857282424922],[-107.26625147448911,48.28859460528732],[-107.26627147075087,48.28859417921377],[-107.26626988550618,48.28840666109472],[-107.26622308531198,48.288407546803505]]]}"
00000000000000002872,3887,0,0,0,"{""type"":""Polygon"",""coordinates"":[[[-107.26602901319411,48.28840690638535],[-107.26598242594534,48.28856413665685],[-107.26600996331096,48.28858148705556],[-107.26606348219346,48.288580425136885],[-107.26609024164556,48.28857989416609],[-107.26613704199126,48.288579008515306],[-107.26613682852037,48.28842266380509],[-107.26602901319411,48.28840690638535]]]}"
000000000000000028c0,3888,0,0,0,"{""type"":""Polygon"",""coordinates"":[[[-107.26601563353834,48.28840717186049],[-107.26597476130618,48.2883901583585],[-107.26593482005602,48.288395385449846],[-107.26590762078642,48.28838698360783],[-107.26590100434393,48.28838714414261],[-107.2658476534388,48.28854447922511],[-107.26586127544134,48.28854871585305],[-107.26596860623164,48.28855546933664],[-107.26598242594534,48.28856413665685],[-107.26602901319411,48.28840690638535],[-107.26601563353834,48.28840717186049]]]}"
000000000000000028ae,3889,0,0,0,"{""type"":""Polygon"",""coordinates"":[[[-107.26588086152557,48.288387514520956],[-107.26577314880255,48.28837174105098],[-107.26574638959094,48.28837227192525],[-107.26574736506356,48.288394583908385],[-107.26573398545227,48.28839484934312],[-107.26574626357105,48.288519667981404],[-107.26576650199489,48.28852374409679],[-107.26581383764656,48.28853623786606],[-107.2658476534388,48.28854447922511],[-107.26590100434393,48.28838714414261],[-107.26588086152557,48.288387514520956]]]}"
00000000000000002876,3890,0,0,0,"{""type"":""Polygon"",""coordinates"":[[[-107.26573398545227,48.28839484934312],[-107.26560009389499,48.28839305712791],[-107.26561290700998,48.2885312550482],[-107.26565240837955,48.28851709528818],[-107.26574626357105,48.288519667981404],[-107.26573398545227,48.28839484934312]]]}"
000000000000000028b6,3891,0,0,0,"{""type"":""Polygon"",""coordinates"":[[[-107.26560009389499,48.28839305712791],[-107.265533195964,48.288394384177174],[-107.2654734564661,48.28840446768394],[-107.26544669731605,48.2884049984735],[-107.26550042641972,48.288560281611],[-107.26550694733444,48.28855567463155],[-107.26552694341763,48.2885552487178],[-107.26555370269901,48.28855471790106],[-107.26561290700998,48.2885312550482],[-107.26560009389499,48.28839305712791]]]}"
00000000000000002867,3892,0,0,0,"{""type"":""Polygon"",""coordinates"":[[[-107.26544669731605,48.2884049984735],[-107.26538632036443,48.28840171845671],[-107.26536827487168,48.28844676835742],[-107.26532157058558,48.28845210008085],[-107.26537456616185,48.28858957344504],[-107.26546092501152,48.28857444132103],[-107.26550042641972,48.288560281611],[-107.26544669731605,48.2884049984735]],[[-107.26542699446216,48.28841430152596],[-107.26539337664215,48.28841049072937],[-107.26540087279355,48.28842819577696],[-107.26542699446216,48.28841430152596]]]}"
00000000000000002875,3893,0,0,0,"{""type"":""Polygon"",""coordinates"":[[[-107.26532157058558,48.28845210008085],[-107.26519497792027,48.28846358165224],[-107.2652276900147,48.28859690752288],[-107.26524768606104,48.28859648166789],[-107.26528110638831,48.28859586181028],[-107.26532124525228,48.28859506568594],[-107.26537456616185,48.28858957344504],[-107.26532157058558,48.28845210008085]]]}"
000000000000000028b9,3894,0,0,0,"{""type"":""Polygon"",""coordinates"":[[[-107.26519497792027,48.28846358165224],[-107.26510171619161,48.288474300522225],[-107.26507466405192,48.288465954035026],[-107.2650738533168,48.288599915519995],[-107.26510771338097,48.288608228531956],[-107.26520093079552,48.28859743824768],[-107.2652276900147,48.28859690752288],[-107.26519497792027,48.28846358165224]]]}"
000000000000000028b8,3895,0,0,0,"{""type"":""Polygon"",""coordinates"":[[[-107.26504746518796,48.288457551928005],[-107.2649936093767,48.28844966471594],[-107.26495979418048,48.28844142305587],[-107.26492590051271,48.28858495279524],[-107.26495951826554,48.28858876376966],[-107.26506713480795,48.288600091757125],[-107.2650738533168,48.288599915519995],[-107.26507466405192,48.288465954035026],[-107.26504746518796,48.288457551928005]]]}"
000000000000000028bc,3896,0,0,0,"{""type"":""Polygon"",""coordinates"":[[[-107.26493965153475,48.28844179323288],[-107.2649129945952,48.28844230811156],[-107.26485198071607,48.288425664262355],[-107.26477745757158,48.28855668193103],[-107.26481103057012,48.288560421585],[-107.26485160892857,48.28856855846736],[-107.26489208523694,48.28857671109235],[-107.26492590051271,48.28858495279524],[-107.26495979418048,48.28844142305587],[-107.26493965153475,48.28844179323288]]]}"
000000000000000028ba,3897,0,0,0,"{""type"":""Polygon"",""coordinates"":[[[-107.26480400877652,48.288399806540475],[-107.26479062929742,48.2884000718405],[-107.26477724982014,48.288400337138604],[-107.26473755110649,48.2884100657997],[-107.26472417163315,48.288410331090375],[-107.26463568890767,48.28852816326259],[-107.26474359775197,48.28854836880455],[-107.26477745757158,48.28855668193103],[-107.26485198071607,48.288425664262355],[-107.26480400877652,48.288399806540475]]]}"
000000000000000028b7,3898,0,0,0,"{""type"":""Polygon"",""coordinates"":[[[-107.26468403322393,48.28841112695093],[-107.26460886293465,48.28837686692081],[-107.26450680307845,48.28849053346619],[-107.26451352152807,48.28849035727011],[-107.26460815264358,48.288510812459464],[-107.2646289704426,48.28852833946772],[-107.26463568890767,48.28852816326259],[-107.26472417163315,48.288410331090375],[-107.26468403322393,48.28841112695093]]]}"
000000000000000028c5,3899,0,0,0,"{""type"":""Polygon"",""coordinates"":[[[-107.26458156895978,48.28836401822886],[-107.26453413250209,48.28835153961948],[-107.26450017759997,48.28833877997353],[-107.26449301953042,48.288330023398586],[-107.26439081954092,48.28843917188329],[-107.2644049761422,48.28845678797654],[-107.26450680307845,48.28849053346619],[-107.26460886293465,48.28837686692081],[-107.26458156895978,48.28836401822886]]]}"
000000000000000028c6,3900,0,0,0,"{""type"":""Polygon"",""coordinates"":[[[-107.26445093194101,48.288286195187084],[-107.26441653752605,48.28826450276583],[-107.26428042079237,48.2883654248921],[-107.26436288856975,48.288412959621326],[-107.26439081954092,48.28843917188329],[-107.26449301953042,48.288330023398586],[-107.26445093194101,48.288286195187084]]]}"
000000000000000028c7,3901,0,0,0,"{""type"":""Polygon"",""coordinates"":[[[-107.26440923943746,48.288251228372786],[-107.26436695458484,48.28820296949621],[-107.2642027672858,48.28827316135647],[-107.26424607113032,48.2883438037478],[-107.26427380446684,48.28836558531178],[-107.26428042079237,48.2883654248921],[-107.26441653752605,48.28826450276583],[-107.26440923943746,48.288251228372786]]]}"
000000000000000028ac,3902,0,0,0,"{""type"":""Polygon"",""coordinates"":[[[-107.26433216536891,48.288172415703606],[-107.26433727203923,48.28813656417585],[-107.26432311558725,48.28811894817514],[-107.26412589124435,48.288198779162904],[-107.26416734118243,48.28822924401321],[-107.26418865552972,48.28825561666233],[-107.2642027672858,48.28827316135647],[-107.26436695458484,48.28820296949621],[-107.26433216536891,48.288172415703606]]]}"
000000000000000028ad,3903,0,0,0,"{""type"":""Polygon"",""coordinates"":[[[-107.2642878868948,48.28807946168306],[-107.26423305768351,48.28804926218615],[-107.26406239483572,48.28812413181283],[-107.26406268764092,48.28813300893731],[-107.26406356673141,48.288150874419344],[-107.26412589124435,48.288198779162904],[-107.26432311558725,48.28811894817514],[-107.2642878868948,48.28807946168306]]]}"
000000000000000028b1,3904,0,0,0,"{""type"":""Polygon"",""coordinates"":[[[-107.26415769142997,48.288010571326055],[-107.26412290263151,48.287980017557864],[-107.26410908384213,48.28797135004213],[-107.26397992832322,48.28807659705231],[-107.26403378277693,48.28808448481163],[-107.26406239483572,48.28812413181283],[-107.26423305768351,48.28804926218615],[-107.26415769142997,48.288010571326055]]]}"
000000000000000028b2,3905,0,0,0,"{""type"":""Polygon"",""coordinates"":[[[-107.26400608723141,48.287910861905054],[-107.26388967407856,48.28800248009616],[-107.2638965323932,48.28800682175247],[-107.26393925573096,48.2880640134123],[-107.26396635164458,48.28807243155097],[-107.26397992832322,48.28807659705231],[-107.26410908384213,48.28797135004213],[-107.26400608723141,48.287910861905054]]]}"
000000000000000028ab,3906,0,0,0,"{""type"":""Polygon"",""coordinates"":[[[-107.26391676299342,48.2878589856297],[-107.26390970727232,48.287850213325655],[-107.26376726808556,48.28796017139876],[-107.26378774761396,48.28796874995599],[-107.26383518294979,48.287981228872354],[-107.26388967407856,48.28800248009616],[-107.26400608723141,48.287910861905054],[-107.26391676299342,48.2878589856297]]]}"
000000000000000028ca,3907,0,0,0,"{""type"":""Polygon"",""coordinates"":[[[-107.26388839339269,48.287823840804286],[-107.26386052077932,48.2877975415463],[-107.26366329823823,48.2878773710551],[-107.26367721213833,48.28789048504761],[-107.26372615632025,48.2879386549778],[-107.26376726808556,48.28796017139876],[-107.26390970727232,48.287850213325655],[-107.26388839339269,48.287823840804286]]]}"
000000000000000028b3,3908,0,0,0,"{""type"":""Polygon"",""coordinates"":[[[-107.26385360507962,48.287793287033786],[-107.26383303027744,48.28778026210411],[-107.26379103966516,48.287740880425574],[-107.26378364660417,48.28772315969825],[-107.26361916200996,48.28778893497223],[-107.26363351530173,48.28781098163968],[-107.26363492894541,48.28784222613485],[-107.26364928226643,48.28786427282135],[-107.26366329823823,48.2878773710551],[-107.26386052077932,48.2877975415463],[-107.26385360507962,48.287793287033786]]]}"
000000000000000028cb,3909,0,0,0,"{""type"":""Polygon"",""coordinates"":[[[-107.26377571198668,48.28769652206427],[-107.26376155603624,48.287678906114195],[-107.26376091914778,48.28766554280271],[-107.26376058175332,48.28765659438168],[-107.26354856735807,48.287705444130744],[-107.26359819256459,48.287767048678774],[-107.26361916200996,48.28778893497223],[-107.26378364660417,48.28772315969825],[-107.26377571198668,48.28769652206427]]]}"
000000000000000028bd,3910,0,0,0,"{""type"":""Polygon"",""coordinates"":[[[-107.2637455915323,48.287621184497986],[-107.26374461725709,48.287598872789395],[-107.2635174732997,48.28760779474891],[-107.2635318264558,48.287629841359724],[-107.26354836997288,48.287701013480635],[-107.26354856735807,48.287705444130744],[-107.26376058175332,48.28765659438168],[-107.2637455915323,48.287621184497986]]]}"
0000000000000000284a,3911,0,0,0,"{""type"":""Polygon"",""coordinates"":[[[-107.26372851282385,48.28753663349089],[-107.26372734114781,48.28750989118428],[-107.2635001977767,48.28751881307313],[-107.26349586723639,48.287572545211304],[-107.2635174732997,48.28760779474891],[-107.26374461725709,48.287598872789395],[-107.26374310818021,48.28756318204643],[-107.26372851282385,48.28753663349089]]]}"
000000000000000027a3,3912,0,0,0,"{""type"":""Polygon"",""coordinates"":[[[-107.26350252260187,48.28742054483056],[-107.2635001977767,48.28751881307313],[-107.26372734114781,48.28750989118428],[-107.26372714373953,48.28750546055145],[-107.26372636687981,48.287487579522114],[-107.26372519520326,48.28746083724022],[-107.26372397887215,48.28743402359989],[-107.26350252260187,48.28742054483056]]]}"
000000000000000028aa,3913,0,0,0,"{""type"":""Polygon"",""coordinates"":[[[-107.26353199997565,48.28733060780418],[-107.2635200346319,48.287362117123386],[-107.26350174584987,48.28740266382529],[-107.26350252260187,48.28742054483056],[-107.26372397887215,48.28743402359989],[-107.2637143378755,48.28736726486753],[-107.26373399554514,48.28735789099152],[-107.26373335866045,48.287344527760624],[-107.26353199997565,48.28733060780418]]]}"
00000000000000002848,3914,0,0,0,"{""type"":""Polygon"",""coordinates"":[[[-107.26357465868799,48.2872359752061],[-107.26356921418412,48.287262877740645],[-107.26355734420225,48.287298833396434],[-107.26353199997565,48.28733060780418],[-107.26373335866045,48.287344527760624],[-107.26373326333209,48.287340081383945],[-107.2637573910886,48.28728149335812],[-107.26376371443753,48.28727245599872],[-107.26357465868799,48.2872359752061]]]}"
000000000000000028af,3915,0,0,0,"{""type"":""Polygon"",""coordinates"":[[[-107.26363799360546,48.28715435183654],[-107.26361284693301,48.287190556781745],[-107.26358706338135,48.28721339854609],[-107.26357465868799,48.2872359752061],[-107.26376371443753,48.28727245599872],[-107.26378905848651,48.28724068156915],[-107.2638078817486,48.287213513896326],[-107.26382052839959,48.28719543919633],[-107.26363799360546,48.28715435183654]]]}"
0000000000000000285d,3916,0,0,0,"{""type"":""Polygon"",""coordinates"":[[[-107.26380845442071,48.2870750538527],[-107.26361439453648,48.28707440826257],[-107.26365672157489,48.28712273787807],[-107.26363799360546,48.28715435183654],[-107.26382052839959,48.28719543919633],[-107.26383205395895,48.28715499736808],[-107.26383151911556,48.28714161843218],[-107.26383107961429,48.287132685858154],[-107.26380845442071,48.2870750538527]]]}"
0000000000000000282e,3917,0,0,0,"{""type"":""Polygon"",""coordinates"":[[[-107.26361039559717,48.28698517815008],[-107.26360733904069,48.28706563606031],[-107.26361439453648,48.28707440826257],[-107.26380845442071,48.2870750538527],[-107.26380816165947,48.28706617690332],[-107.26383350552402,48.28703440259025],[-107.26383111732089,48.28698084713306],[-107.26361039559717,48.28698517815008]]]}"
00000000000000002844,3918,0,0,0,"{""type"":""Polygon"",""coordinates"":[[[-107.2636064987357,48.28689593243014],[-107.2636086445646,48.286944985857524],[-107.26361039559717,48.28698517815008],[-107.26383111732089,48.28698084713306],[-107.26382099199826,48.28690508507901],[-107.26383407802929,48.286895943018095],[-107.26383363852422,48.28688701048553],[-107.2636064987357,48.28689593243014]]]}"
00000000000000002847,3919,0,0,0,"{""type"":""Polygon"",""coordinates"":[[[-107.26364243859781,48.28680147671441],[-107.2636294546635,48.2868106029751],[-107.26360357608752,48.28682899823865],[-107.26359876177389,48.28687372577052],[-107.2636064987357,48.28689593243014],[-107.26383363852422,48.28688701048553],[-107.26383168981371,48.286842387701],[-107.26383105288295,48.286829024601744],[-107.26364243859781,48.28680147671441]]]}"
00000000000000002845,3920,0,0,0,"{""type"":""Polygon"",""coordinates"":[[[-107.2636513408968,48.2866985159983],[-107.26365284993418,48.28673420616209],[-107.26364044546177,48.28675678262109],[-107.26364243859781,48.28680147671441],[-107.26383105288295,48.286829024601744],[-107.26382808516156,48.28676201914116],[-107.26383465047724,48.28675748380872],[-107.2636513408968,48.2866985159983]]]}"
0000000000000000283e,3921,0,0,0,"{""type"":""Polygon"",""coordinates"":[[[-107.26358555547593,48.286574761610666],[-107.26359348978308,48.286601398705066],[-107.26366845744988,48.28663122795556],[-107.26365070402936,48.28668515293249],[-107.2636513408968,48.2866985159983],[-107.26383465047724,48.28675748380872],[-107.26388436326754,48.286671624250204],[-107.26358555547593,48.286574761610666]]]}"
00000000000000002817,3922,0,0,0,"{""type"":""Polygon"",""coordinates"":[[[-107.26375786681834,48.28653564084354],[-107.26374492764884,48.28654483844201],[-107.26372580524894,48.286567590954164],[-107.26370693766667,48.28659468690092],[-107.26365288820179,48.286582368563174],[-107.26361016691226,48.286525178321064],[-107.26357816270499,48.286557041249644],[-107.26358555547593,48.286574761610666],[-107.26388436326754,48.286671624250204],[-107.26388412118042,48.286667122317525],[-107.26395508961544,48.286607721922216],[-107.26396813086662,48.28659850852679],[-107.26375786681834,48.28653564084354]]]}"
00000000000000002818,3923,0,0,0,"{""type"":""Polygon"",""coordinates"":[[[-107.26384849225333,48.28646686696368],[-107.263841971647,48.28647147364137],[-107.26382966944713,48.2864940342506],[-107.26375786681834,48.28653564084354],[-107.26396813086662,48.28659850852679],[-107.26404484265663,48.28651662075968],[-107.26384849225333,48.28646686696368]]]}"
00000000000000002833,3924,0,0,0,"{""type"":""Polygon"",""coordinates"":[[[-107.26390530468869,48.286389851319214],[-107.26390019803947,48.28642570164327],[-107.26387427515367,48.28644402546706],[-107.26384849225333,48.28646686696368],[-107.26404484265663,48.28651662075968],[-107.26408259012473,48.2864622703365],[-107.26412817012532,48.28643457267072],[-107.26414091174786,48.28642094450184],[-107.26390530468869,48.286389851319214]]]}"
0000000000000000283f,3925,0,0,0,"{""type"":""Polygon"",""coordinates"":[[[-107.26413818553434,48.28635844148634],[-107.26395511885418,48.28630397657931],[-107.26392967354309,48.28633576622858],[-107.2639167344661,48.28634496381321],[-107.26390530468869,48.286389851319214],[-107.26414091174786,48.28642094450184],[-107.26414719020808,48.28641183589938],[-107.26415375544182,48.286407300577146],[-107.26413818553434,48.28635844148634]]]}"
0000000000000000283d,3926,0,0,0,"{""type"":""Polygon"",""coordinates"":[[[-107.26400463326665,48.286213687192536],[-107.26399178961356,48.28622733104647],[-107.26397374403744,48.28627237884122],[-107.26395511885418,48.28630397657931],[-107.26413818553434,48.28635844148634],[-107.26416406364783,48.286340046253656],[-107.26419572983296,48.286299235085515],[-107.26400463326665,48.286213687192536]]]}"
00000000000000002839,3927,0,0,0,"{""type"":""Polygon"",""coordinates"":[[[-107.26407404652446,48.28611852611649],[-107.26404218296715,48.28615490658519],[-107.26402997636166,48.28618191335765],[-107.26400463326665,48.286213687192536],[-107.26419572983296,48.286299235085515],[-107.26420225038869,48.28629462840005],[-107.26425493036179,48.28627577416278],[-107.26407404652446,48.28611852611649]]]}"
0000000000000000283a,3928,0,0,0,"{""type"":""Polygon"",""coordinates"":[[[-107.26420402908983,48.28603107644829],[-107.26412497456982,48.286059480422445],[-107.26407404652446,48.28611852611649],[-107.26425493036179,48.28627577416278],[-107.26429409161544,48.28625266744962],[-107.26420402908983,48.28603107644829]]]}"
0000000000000000283c,3929,0,0,0,"{""type"":""Polygon"",""coordinates"":[[[-107.26433556561358,48.28597938775651],[-107.26420402908983,48.28603107644829],[-107.26429409161544,48.28625266744962],[-107.26434619182675,48.286220363112854],[-107.26440700411231,48.28623257617251],[-107.26433556561358,48.28597938775651]]]}"
00000000000000002834,3930,0,0,0,"{""type"":""Polygon"",""coordinates"":[[[-107.26445553287127,48.28596806851034],[-107.26442838076176,48.28595973793993],[-107.26440834165759,48.285960092193164],[-107.26438820047912,48.28596046220004],[-107.26433556561358,48.28597938775651],[-107.26440700411231,48.28623257617251],[-107.26446791190654,48.28624923547608],[-107.2645009922411,48.28623966780355],[-107.2645159051779,48.285971349079425],[-107.26445553287127,48.28596806851034]]]}"
00000000000000002838,3931,0,0,0,"{""type"":""Polygon"",""coordinates"":[[[-107.26464472512248,48.28600906441932],[-107.26454952039575,48.28597516007386],[-107.2645159051779,48.285971349079425],[-107.2645009922411,48.28623966780355],[-107.26452089142695,48.286234795874286],[-107.26461224810461,48.28618383089597],[-107.26463880788492,48.2861788698906],[-107.26465134105278,48.28600890399123],[-107.26464472512248,48.28600906441932]]]}"
0000000000000000281f,3932,0,0,0,"{""type"":""Polygon"",""coordinates"":[[[-107.26473910806764,48.28602501680105],[-107.2646914768456,48.286008108246705],[-107.26465810371741,48.28600879917399],[-107.26465134105278,48.28600890399123],[-107.26463880788492,48.2861788698906],[-107.26472496307807,48.28615930875553],[-107.26477171503056,48.28615835253533],[-107.26479276265951,48.2860284733847],[-107.26473910806764,48.28602501680105]]]}"
00000000000000002841,3933,0,0,0,"{""type"":""Polygon"",""coordinates"":[[[-107.26489269131109,48.2860175078991],[-107.26487323198221,48.286031312258764],[-107.26479276265951,48.2860284733847],[-107.26477171503056,48.28615835253533],[-107.26477847773118,48.2861582477084],[-107.26485232474406,48.28616570907009],[-107.26490627925645,48.28617358034895],[-107.26493262965096,48.28601228154908],[-107.26489269131109,48.2860175078991]]]}"
00000000000000002846,3934,0,0,0,"{""type"":""Polygon"",""coordinates"":[[[-107.2650252029529,48.28598812926513],[-107.26493262965096,48.28601228154908],[-107.26490627925645,48.28617358034895],[-107.26493989484179,48.28617739121199],[-107.26503996417323,48.286170943171534],[-107.2650655811202,48.28599183522943],[-107.2650252029529,48.28598812926513]]]}"
00000000000000002840,3935,0,0,0,"{""type"":""Polygon"",""coordinates"":[[[-107.26509973195273,48.28600902465331],[-107.26507895976872,48.28599156992422],[-107.2650655811202,48.28599183522943],[-107.26503996417323,48.286170943171534],[-107.26508010030729,48.286170147253536],[-107.2651540943888,48.28617766398727],[-107.26517408911371,48.2861772382005],[-107.2652002408299,48.286011508843195],[-107.26509973195273,48.28600902465331]]]}"
00000000000000002849,3936,0,0,0,"{""type"":""Polygon"",""coordinates"":[[[-107.26531456840299,48.28602265995497],[-107.26522719578219,48.28601540869189],[-107.2652002408299,48.286011508843195],[-107.26517408911371,48.2861772382005],[-107.26526146204998,48.286184489526],[-107.26530865417648,48.28619246543468],[-107.26533534076826,48.286040114638745],[-107.26531456840299,48.28602265995497]]]}"
0000000000000000281a,3937,0,0,0,"{""type"":""Polygon"",""coordinates"":[[[-107.26543702300077,48.286069340087224],[-107.26533534076826,48.286040114638745],[-107.26530865417648,48.28619246543468],[-107.26537588578488,48.286200086859296],[-107.2654364567931,48.2862077973521],[-107.26547063874638,48.28607315075298],[-107.26543702300077,48.286069340087224]]]}"
00000000000000002821,3938,0,0,0,"{""type"":""Polygon"",""coordinates"":[[[-107.26559216311222,48.28609759105692],[-107.26556506773376,48.28608917367656],[-107.265537870296,48.286080772048585],[-107.26547063874638,48.28607315075298],[-107.2654364567931,48.2862077973521],[-107.26550368855105,48.28621541868568],[-107.26556469963539,48.28623206149853],[-107.26560573952014,48.28610175618032],[-107.26559216311222,48.28609759105692]]]}"
00000000000000002828,3939,0,0,0,"{""type"":""Polygon"",""coordinates"":[[[-107.26568698765338,48.286122474875235],[-107.26561931593311,48.286105921301996],[-107.26560573952014,48.28610175618032],[-107.26556469963539,48.28623206149853],[-107.26563246708268,48.286253061422826],[-107.2656930830608,48.28626084312296],[-107.26573451791944,48.28613939870338],[-107.26568698765338,48.286122474875235]]]}"
00000000000000002827,3940,0,0,0,"{""type"":""Polygon"",""coordinates"":[[[-107.26578847311232,48.28614726946559],[-107.26575499739076,48.286147976548285],[-107.26573451791944,48.28613939870338],[-107.2656930830608,48.28626084312296],[-107.26576747328104,48.28627722041488],[-107.2657881505075,48.28629022879301],[-107.26579476656751,48.28629006828203],[-107.26588324069444,48.286172240230414],[-107.26578847311232,48.28614726946559]]]}"
00000000000000002822,3941,0,0,0,"{""type"":""Polygon"",""coordinates"":[[[-107.26599158504746,48.28620137598098],[-107.2659576309829,48.286188617346],[-107.26591705442897,48.28618048125002],[-107.26588324069444,48.286172240230414],[-107.26579476656751,48.28629006828203],[-107.26588973219454,48.28631946962069],[-107.26590330875949,48.28632363471547],[-107.266012217706,48.286214312920876],[-107.26599158504746,48.28620137598098]]]}"
00000000000000002826,3942,0,0,0,"{""type"":""Polygon"",""coordinates"":[[[-107.26605357239661,48.286240329533626],[-107.266012217706,48.286214312920876],[-107.26590330875949,48.28632363471547],[-107.26599871471402,48.28636196837734],[-107.2660125336755,48.28637063535399],[-107.26612217599533,48.28627912253658],[-107.26605357239661,48.286240329533626]]]}"
00000000000000002816,3943,0,0,0,"{""type"":""Polygon"",""coordinates"":[[[-107.26622468315246,48.28632629917832],[-107.26619670709216,48.28630001713512],[-107.26612217599533,48.28627912253658],[-107.2660125336755,48.28637063535399],[-107.26603310901224,48.28638365945727],[-107.26608735812272,48.28640040688826],[-107.26612165691412,48.28641765165969],[-107.26623173935019,48.2863350710483],[-107.26622468315246,48.28632629917832]]]}"
0000000000000000282d,3944,0,0,0,"{""type"":""Polygon"",""coordinates"":[[[-107.26628088412485,48.286387668718],[-107.26626599354731,48.28635224437616],[-107.26625217449399,48.2863435774413],[-107.26623845752981,48.2863348947456],[-107.26623173935019,48.2863350710483],[-107.26612165691412,48.28641765165969],[-107.2661631649963,48.28644802747858],[-107.266190503319,48.286460946634435],[-107.26621137860437,48.28647838549164],[-107.26633493576982,48.28639998547661],[-107.26628088412485,48.286387668718]]]}"
00000000000000002819,3945,0,0,0,"{""type"":""Polygon"",""coordinates"":[[[-107.26639794462596,48.28646132145144],[-107.26633493576982,48.28639998547661],[-107.26621137860437,48.28647838549164],[-107.26625258706082,48.28650434652607],[-107.26627370479629,48.28652628728918],[-107.26628805967846,48.28654833299503],[-107.26629467581932,48.28654817244679],[-107.26642523845142,48.28647416917037],[-107.26639794462596,48.28646132145144]]]}"
0000000000000000282c,3946,0,0,0,"{""type"":""Polygon"",""coordinates"":[[[-107.26650040826812,48.28650842656266],[-107.2664731143698,48.286495578858634],[-107.26642523845142,48.28647416917037],[-107.26629467581932,48.28654817244679],[-107.26637038133482,48.286595808748096],[-107.26638473631253,48.28661785446596],[-107.2665216218837,48.286534813565034],[-107.26650040826812,48.28650842656266]]]}"
00000000000000002831,3947,0,0,0,"{""type"":""Polygon"",""coordinates"":[[[-107.26659776804412,48.28659138211522],[-107.26656371111697,48.28657863938101],[-107.2665216218837,48.286534813565034],[-107.26638473631253,48.28661785446596],[-107.2663987979118,48.28663102333781],[-107.26646054423443,48.286665474990194],[-107.266481362393,48.28668300097837],[-107.26661178508287,48.28660447957749],[-107.26659776804412,48.28659138211522]]]}"
000000000000000028b0,3948,0,0,0,"{""type"":""Polygon"",""coordinates"":[[[-107.26661188076622,48.286608925880664],[-107.26661178508287,48.28660447957749],[-107.266481362393,48.28668300097837],[-107.266536830831,48.286726561408344],[-107.26655824234737,48.28675737906285],[-107.26668194699036,48.286679033779485],[-107.26666822974403,48.28667035109741],[-107.26666778954022,48.28666141863352],[-107.26668749138054,48.2866521156596],[-107.26661188076622,48.286608925880664]]]}"
000000000000000028b5,3949,0,0,0,"{""type"":""Polygon"",""coordinates"":[[[-107.26671673777908,48.28670958582131],[-107.2666957663271,48.286687700700135],[-107.26668194699036,48.286679033779485],[-107.26655824234737,48.28675737906285],[-107.26656529872164,48.286766150975126],[-107.26660641220617,48.28678766566197],[-107.26662023155146,48.28679633261101],[-107.26664776818475,48.2868136822674],[-107.26665462682767,48.28681802362119],[-107.2667718685295,48.286744197888076],[-107.26671673777908,48.28670958582131]]]}"
0000000000000000284d,3950,0,0,0,"{""type"":""Polygon"",""coordinates"":[[[-107.26684065933726,48.2867875797473],[-107.26680626390733,48.28676588882007],[-107.2667718685295,48.286744197888076],[-107.26665462682767,48.28681802362119],[-107.26668222092428,48.28683528614349],[-107.26670279689048,48.286848310201435],[-107.26673077384032,48.286874592346294],[-107.26675140727667,48.286887529271844],[-107.26686825355647,48.286804842203146],[-107.26684065933726,48.2867875797473]]]}"
00000000000000002807,3951,0,0,0,"{""type"":""Polygon"",""coordinates"":[[[-107.26695767819794,48.28686116090769],[-107.2669230847896,48.28683503943646],[-107.26687511224053,48.286809183539425],[-107.26686825355647,48.286804842203146],[-107.26675140727667,48.286887529271844],[-107.26677188761028,48.28689610699906],[-107.26680006244894,48.286926819713116],[-107.26682059386965,48.28693977239572],[-107.2668482328406,48.286957106274194],[-107.26696463899182,48.28686548648048],[-107.26695767819794,48.28686116090769]]]}"
0000000000000000285c,3952,0,0,0,"{""type"":""Polygon"",""coordinates"":[[[-107.26703990624605,48.286904189986345],[-107.26701903015964,48.28688675118955],[-107.26696463899182,48.28686548648048],[-107.2668482328406,48.286957106274194],[-107.26685509154709,48.28696144762379],[-107.26689596307847,48.2869784603109],[-107.26691664132603,48.28699146859215],[-107.26693731959237,48.28700447687166],[-107.26695103705826,48.28701315956442],[-107.26696461414873,48.28701732455033],[-107.26706058453857,48.28691719821726],[-107.26703990624605,48.286904189986345]]]}"
00000000000000002861,3953,0,0,0,"{""type"":""Polygon"",""coordinates"":[[[-107.26715628795692,48.28696440796],[-107.26712923580057,48.28695606228931],[-107.2670948399453,48.28693437140731],[-107.26706058453857,48.28691719821726],[-107.26696461414873,48.28701732455033],[-107.26698485217942,48.287021400303615],[-107.26699886956204,48.287034497806836],[-107.26707340335413,48.287055391954304],[-107.26708026212115,48.28705973329434],[-107.26717010757692,48.286973074851836],[-107.26715628795692,48.28696440796]]]}"
00000000000000002863,3954,0,0,0,"{""type"":""Polygon"",""coordinates"":[[[-107.26725135985832,48.286993792458674],[-107.26719730651233,48.28698147612101],[-107.26717010757692,48.286973074851836],[-107.26708026212115,48.28705973329434],[-107.26709408174487,48.2870684002126],[-107.2671620505204,48.2870938298806],[-107.26718958777974,48.28711117946308],[-107.2672922764486,48.28701087634697],[-107.26725135985832,48.286993792458674]]]}"
00000000000000002812,3955,0,0,0,"{""type"":""Polygon"",""coordinates"":[[[-107.26736700845774,48.28703620082276],[-107.26730599405403,48.28701955898656],[-107.2672922764486,48.28701087634697],[-107.26718958777974,48.28711117946308],[-107.26720340746375,48.287119846372484],[-107.26721752074265,48.28713739020959],[-107.26727833739228,48.287149601551896],[-107.26730543442642,48.28715801857525],[-107.26740160252267,48.28706232221652],[-107.26736700845774,48.28703620082276]]]}"
00000000000000002864,3956,0,0,0,"{""type"":""Polygon"",""coordinates"":[[[-107.2674696738151,48.28708773589139],[-107.26744251932297,48.28707940605757],[-107.26741542227185,48.28707098908579],[-107.26740160252267,48.28706232221652],[-107.26730543442642,48.28715801857525],[-107.26738002630788,48.287178825385304],[-107.26744137935228,48.287204415523185],[-107.26751667083524,48.28709128020217],[-107.2674696738151,48.28708773589139]]]}"
00000000000000002801,3957,0,0,0,"{""type"":""Polygon"",""coordinates"":[[[-107.26755072890379,48.2871040226927],[-107.2675235296942,48.287095621511156],[-107.26751667083524,48.28709128020217],[-107.26744137935228,48.287204415523185],[-107.26744823821623,48.287208756846674],[-107.26752909566251,48.287220613107934],[-107.2675428708529,48.28722920861244],[-107.26757648864252,48.28723301857275],[-107.26763187993774,48.287124755769355],[-107.26755072890379,48.2871040226927]]]}"
00000000000000002865,3958,0,0,0,"{""type"":""Polygon"",""coordinates"":[[[-107.26764589768509,48.287137853194444],[-107.26763187993774,48.287124755769355],[-107.26757648864252,48.28723301857275],[-107.26762382425808,48.28724551114714],[-107.26765763998876,48.28725375167014],[-107.26770487989114,48.28726179785301],[-107.2677664530933,48.28713997962725],[-107.26764589768509,48.287137853194444]]]}"
0000000000000000280d,3959,0,0,0,"{""type"":""Polygon"",""coordinates"":[[[-107.2678752444406,48.28717804615684],[-107.26782682981792,48.28714325807586],[-107.2677664530933,48.28713997962725],[-107.26770487989114,48.28726179785301],[-107.26778589100392,48.28727801312229],[-107.26782627208028,48.287281717942484],[-107.2678889176652,48.28718665736395],[-107.2678752444406,48.28717804615684]]]}"
0000000000000000280a,3960,0,0,0,"{""type"":""Polygon"",""coordinates"":[[[-107.26801794790667,48.287228799318],[-107.26799040992414,48.28721144995285],[-107.2679633571542,48.28720310449376],[-107.2679027376466,48.28719532417753],[-107.2678889176652,48.28718665736395],[-107.26782627208028,48.287281717942484],[-107.26783974741207,48.28728589857964],[-107.2678807669345,48.2873029665277],[-107.26792830082013,48.28731988955509],[-107.26803157001937,48.28723303553034],[-107.26801794790667,48.287228799318]]]}"
00000000000000002860,3961,0,0,0,"{""type"":""Polygon"",""coordinates"":[[[-107.26809331992591,48.2872674864332],[-107.26803157001937,48.28723303553034],[-107.26792830082013,48.28731988955509],[-107.2679625573123,48.287337062538526],[-107.26799009536042,48.287354411951064],[-107.26802424985006,48.28737160068392],[-107.26803140887296,48.28738035681337],[-107.26813457604771,48.28729351833973],[-107.26809331992591,48.2872674864332]]]}"
000000000000000027f7,3962,0,0,0,"{""type"":""Polygon"",""coordinates"":[[[-107.26822366648251,48.287340887951196],[-107.26814839616154,48.28730218513206],[-107.26813457604771,48.28729351833973],[-107.26803140887296,48.28738035681337],[-107.26803806994832,48.28738026750527],[-107.26807242243817,48.2874018868293],[-107.26812779885674,48.287441000466075],[-107.26823748664737,48.28734955473716],[-107.26822366648251,48.287340887951196]]]}"
00000000000000002809,3963,0,0,0,"{""type"":""Polygon"",""coordinates"":[[[-107.26833383244916,48.28741012676617],[-107.2683063387615,48.287392848811116],[-107.26827913894675,48.287384447813125],[-107.26825126215542,48.28735815015291],[-107.26823748664737,48.28734955473716],[-107.26812779885674,48.287441000466075],[-107.26814837597583,48.28745402433382],[-107.26823712831313,48.287492445716],[-107.26834069152129,48.28741446803748],[-107.26833383244916,48.28741012676617]]]}"
0000000000000000285e,3964,0,0,0,"{""type"":""Polygon"",""coordinates"":[[[-107.26841566854812,48.28744429380278],[-107.26840195036661,48.28743561126677],[-107.26834069152129,48.28741446803748],[-107.26823712831313,48.287492445716],[-107.26824398738079,48.287496787001075],[-107.2682468226043,48.28755927530266],[-107.26830107571669,48.28757602175305],[-107.26830165685327,48.287589472101985],[-107.26845624813367,48.28745242896023],[-107.26841566854812,48.28744429380278]]]}"
0000000000000000284f,3965,0,0,0,"{""type"":""Polygon"",""coordinates"":[[[-107.2685439217887,48.28746855427359],[-107.26846952570602,48.28745217891275],[-107.26845624813367,48.28745242896023],[-107.26830165685327,48.287589472101985],[-107.26833076632003,48.287642424942675],[-107.26840039826814,48.28770360017159],[-107.26855783803217,48.28748166739867],[-107.2685439217887,48.28746855427359]]]}"
00000000000000002851,3966,0,0,0,"{""type"":""Polygon"",""coordinates"":[[[-107.26861135677434,48.287480604086085],[-107.26857165837559,48.28749033415502],[-107.26855783803217,48.28748166739867],[-107.26840039826814,48.28770360017159],[-107.26850242936668,48.28774177141812],[-107.26852918890627,48.2877412397741],[-107.26854922985568,48.28774088460251],[-107.26857598940792,48.28774035294515],[-107.26865548883805,48.28772087692035],[-107.26866190734629,48.287716285570916],[-107.26861135677434,48.287480604086085]]]}"
00000000000000002857,3967,0,0,0,"{""type"":""Polygon"",""coordinates"":[[[-107.26865085716258,48.28746644339836],[-107.26863115492958,48.2874757469277],[-107.26861135677434,48.287480604086085],[-107.26866190734629,48.287716285570916],[-107.26866847260622,48.28771174982797],[-107.26869435079516,48.287693352903744],[-107.26872077174596,48.28768387282885],[-107.26874635595487,48.28765659889801],[-107.26876571351224,48.2876428090862],[-107.26878507720903,48.28762455713095],[-107.26881771856678,48.287606055079515],[-107.26883021688585,48.28758792402022],[-107.26865085716258,48.28746644339836]]]}"
000000000000000028a9,3968,0,0,0,"{""type"":""Polygon"",""coordinates"":[[[-107.26876255651003,48.28741953289065],[-107.26875583795639,48.28741970938297],[-107.26869653947348,48.28743872727196],[-107.26867717585858,48.28745697914336],[-107.26865085716258,48.28746644339836],[-107.26883021688585,48.28758792402022],[-107.26886134411801,48.28753373145162],[-107.26891398161929,48.28751480279397],[-107.26876255651003,48.28741953289065]]]}"
0000000000000000285a,3969,0,0,0,"{""type"":""Polygon"",""coordinates"":[[[-107.268874300375,48.28737269366743],[-107.26885459820105,48.287381997224664],[-107.26880935672162,48.287418645960734],[-107.26876255651003,48.28741953289065],[-107.26891398161929,48.28751480279397],[-107.26895314339495,48.28749169362861],[-107.26899093154938,48.28743741174806],[-107.26899734998752,48.28743282040252],[-107.268874300375,48.28737269366743]]]}"
000000000000000027fb,3970,0,0,0,"{""type"":""Polygon"",""coordinates"":[[[-107.26893772360692,48.28729551313888],[-107.26890552329893,48.28732294766486],[-107.26888052077155,48.28736367174095],[-107.268874300375,48.28737269366743],[-107.26899734998752,48.28743282040252],[-107.26902332998557,48.287414407729955],[-107.26903626893454,48.287405209275356],[-107.26904891385256,48.28738713386573],[-107.26907445301997,48.28735978864053],[-107.2690742549607,48.287355358047755],[-107.26893772360692,48.28729551313888]]]}"
00000000000000002800,3971,0,0,0,"{""type"":""Polygon"",""coordinates"":[[[-107.26902128945639,48.28721796166134],[-107.26898830980608,48.28722751533912],[-107.26895718301783,48.287281707624864],[-107.26893772360692,48.28729551313888],[-107.2690742549607,48.287355358047755],[-107.2691190554315,48.28730977668923],[-107.26915149838241,48.287286844055984],[-107.26902128945639,48.28721796166134]]]}"
000000000000000027fc,3972,0,0,0,"{""type"":""Polygon"",""coordinates"":[[[-107.26911211032325,48.28715361257367],[-107.26906750811504,48.287203624369404],[-107.26902128945639,48.28721796166134],[-107.26915149838241,48.287286844055984],[-107.26921619886814,48.287236389705384],[-107.26924231933629,48.28722249475947],[-107.26911211032325,48.28715361257367]]]}"
000000000000000027fe,3973,0,0,0,"{""type"":""Polygon"",""coordinates"":[[[-107.26916857764495,48.28706764471257],[-107.26916205719856,48.28707225179949],[-107.26911211032325,48.28715361257367],[-107.26924231933629,48.28722249475947],[-107.26928192156257,48.287208318123774],[-107.2693465643997,48.287157950898155],[-107.26916857764495,48.28706764471257]]]}"
000000000000000027ff,3974,0,0,0,"{""type"":""Polygon"",""coordinates"":[[[-107.26920470387437,48.28697761746757],[-107.26920514469694,48.28698654995738],[-107.2691817591907,48.28706294823813],[-107.26916857764495,48.28706764471257],[-107.2693465643997,48.287157950898155],[-107.26935308485275,48.28715334379109],[-107.26940498684593,48.287116605594],[-107.26943052564596,48.28708926042288],[-107.26920470387437,48.28697761746757]]]}"
000000000000000027f9,3975,0,0,0,"{""type"":""Polygon"",""coordinates"":[[[-107.26952605132986,48.28698019910021],[-107.26920274859751,48.286932994882456],[-107.26920470387437,48.28697761746757],[-107.26943052564596,48.28708926042288],[-107.26943684797652,48.28708022274863],[-107.26946948874033,48.28706172068059],[-107.26948894793746,48.2870479151251],[-107.26954868680014,48.287037829395125],[-107.26952605132986,48.28698019910021]]]}"
00000000000000001659,3976,0,0,0,"{""type"":""Polygon"",""coordinates"":[[[-107.2695342989656,48.286863874871955],[-107.2695268007365,48.286846170721596],[-107.2692147097009,48.2869014852179],[-107.26921490778038,48.28690591577198],[-107.26919588944176,48.2869286537142],[-107.26920274859751,48.286932994882456],[-107.26952605132986,48.28698019910021],[-107.26952551439649,48.286966820293145],[-107.26953669555795,48.286917429856345],[-107.26955629536765,48.286908142011605],[-107.2695342989656,48.286863874871955]]]}"
000000000000000027f0,3977,0,0,0,"{""type"":""Polygon"",""coordinates"":[[[-107.2694554546982,48.28674487682746],[-107.26944163427183,48.286736210322125],[-107.2692054544374,48.28684358906868],[-107.26921241566463,48.28684791446616],[-107.2692147097009,48.2869014852179],[-107.2695268007365,48.286846170721596],[-107.2694554546982,48.28674487682746]]]}"
000000000000000027f3,3978,0,0,0,"{""type"":""Polygon"",""coordinates"":[[[-107.26936636281957,48.28669750892712],[-107.26927898388293,48.28669026141739],[-107.26927216942136,48.28668599164174],[-107.26916336057681,48.28679976430871],[-107.2692054544374,48.28684358906868],[-107.26944163427183,48.286736210322125],[-107.26936636281957,48.28669750892712]]]}"
000000000000000027fd,3979,0,0,0,"{""type"":""Polygon"",""coordinates"":[[[-107.26921767379422,48.28666474411254],[-107.26917631498415,48.28663872875835],[-107.26914921732721,48.286630312360906],[-107.26907348973363,48.2867345154096],[-107.2691214648992,48.28676037010601],[-107.26916336057681,48.28679976430871],[-107.26927216942136,48.28668599164174],[-107.26921767379422,48.28666474411254]]]}"
000000000000000027f8,3980,0,0,0,"{""type"":""Polygon"",""coordinates"":[[[-107.2691220176069,48.28662191171993],[-107.26908070361908,48.286595967709594],[-107.2690467469757,48.286583210137024],[-107.26897028450274,48.28666960373748],[-107.26899758014741,48.28668245072982],[-107.26905957348093,48.28672140254409],[-107.26907348973363,48.2867345154096],[-107.26914921732721,48.286630312360906],[-107.2691220176069,48.28662191171993]]]}"
000000000000000027fa,3981,0,0,0,"{""type"":""Polygon"",""coordinates"":[[[-107.2690397858271,48.28657888474713],[-107.26902606770308,48.2865702024404],[-107.26896549293997,48.286562494253616],[-107.26893089760073,48.28653637370144],[-107.26884159234201,48.28663641171896],[-107.26888878768719,48.286644385855084],[-107.26897028450274,48.28666960373748],[-107.2690467469757,48.286583210137024],[-107.2690397858271,48.28657888474713]]]}"
00000000000000002808,3982,0,0,0,"{""type"":""Polygon"",""coordinates"":[[[-107.26889031867692,48.286528238868186],[-107.26880940976913,48.28651200899344],[-107.26880244867912,48.28650768359067],[-107.26871966366114,48.28660311442377],[-107.26879405839885,48.28661948936294],[-107.26880777645012,48.28662817171271],[-107.26884159234201,48.28663641171896],[-107.26893089760073,48.28653637370144],[-107.26889031867692,48.286528238868186]]]}"
000000000000000027f5,3983,0,0,0,"{""type"":""Polygon"",""coordinates"":[[[-107.26878176958779,48.286494675855366],[-107.26868071851501,48.28647881683502],[-107.26865318053942,48.28646146790492],[-107.2686117534115,48.28658291412453],[-107.26861856772922,48.286587183942366],[-107.26871966366114,48.28660311442377],[-107.26880244867912,48.28650768359067],[-107.26878176958779,48.286494675855366]]]}"
000000000000000027f4,3984,0,0,0,"{""type"":""Polygon"",""coordinates"":[[[-107.26855845211216,48.28643657124444],[-107.2685247324836,48.28643277744135],[-107.26849002341399,48.28655404708207],[-107.26854383469525,48.28656186068054],[-107.2686117534115,48.28658291412453],[-107.26865318053942,48.28646146790492],[-107.26865298252513,48.28645703738515],[-107.26855845211216,48.28643657124444]]]}"
0000000000000000280b,3985,0,0,0,"{""type"":""Polygon"",""coordinates"":[[[-107.26846435637621,48.28642949945963],[-107.26841025803405,48.2864171125758],[-107.26838349948461,48.28641764414831],[-107.26836153074049,48.28652528498081],[-107.26844278381245,48.286546001385005],[-107.26849002341399,48.28655404708207],[-107.2685247324836,48.28643277744135],[-107.26846435637621,48.28642949945963]]]}"
00000000000000002803,3986,0,0,0,"{""type"":""Polygon"",""coordinates"":[[[-107.26834326577955,48.286413995212634],[-107.26831572811028,48.286396646199236],[-107.26824231148686,48.286402582011554],[-107.26824275208057,48.28641151441479],[-107.26831630927771,48.28641009624833],[-107.26829724620022,48.28643276243387],[-107.26824353118546,48.28642939498798],[-107.26823391962843,48.286514387553446],[-107.26833467623443,48.28652137025326],[-107.26836153074049,48.28652528498081],[-107.26838349948461,48.28641764414831],[-107.26834326577955,48.286413995212634]]]}"
00000000000000002804,3987,0,0,0,"{""type"":""MultiPolygon"",""coordinates"":[[[[-107.26816899698235,48.28640850200535],[-107.26818281680131,48.286417168655646],[-107.26824275208057,48.28641151441479],[-107.26824231148686,48.286402582011554],[-107.26816899698235,48.28640850200535]]],[[[-107.2681163611652,48.2864274298174],[-107.26810254136844,48.286418763155304],[-107.26810056741004,48.286525977525564],[-107.26814114580084,48.28653411270561],[-107.26822054034274,48.28651465331683],[-107.26823391962843,48.286514387553446],[-107.26824353118546,48.28642939498798],[-107.2681163611652,48.2864274298174]]]]}"
0000000000000000280f,3988,0,0,0,"{""type"":""Polygon"",""coordinates"":[[[-107.26807480593789,48.28639698354896],[-107.26798027660293,48.28637651683513],[-107.26797449053605,48.286398932979786],[-107.26795937956528,48.28651091493833],[-107.26806675206024,48.28651773726185],[-107.26810056741004,48.286525977525564],[-107.26810254136844,48.286418763155304],[-107.26807480593789,48.28639698354896]],[[-107.26804172506098,48.28640655249431],[-107.26801487076905,48.286402637680695],[-107.26802212548127,48.28641583993639],[-107.26804172506098,48.28640655249431]]]}"
0000000000000000280e,3989,0,0,0,"{""type"":""MultiPolygon"",""coordinates"":[[[[-107.26798027660293,48.28637651683513],[-107.26794621886548,48.28636377466322],[-107.26787324305457,48.286378642583294],[-107.2679068155774,48.286382381013894],[-107.26794695316285,48.28638158385809],[-107.26797449053605,48.286398932979786],[-107.26798027660293,48.28637651683513]]],[[[-107.26797449053605,48.286398932979786],[-107.26794837057396,48.28641282735247],[-107.26788103404483,48.28640522353159],[-107.26784688051912,48.286388035036445],[-107.2678251082904,48.28650010624886],[-107.26785906397812,48.2865128642575],[-107.26787920620225,48.286512493492516],[-107.26790596467687,48.286511962061425],[-107.26795937956528,48.28651091493833],[-107.26797449053605,48.286398932979786]]]]}"
00000000000000002811,3990,0,0,0,"{""type"":""Polygon"",""coordinates"":[[[-107.2678400217198,48.28638369380693],[-107.26771985170636,48.28639058697265],[-107.26769058197813,48.286484953970024],[-107.2677513533945,48.28649709350861],[-107.26778477272,48.286496472829924],[-107.26780481283694,48.28649611784307],[-107.2678251082904,48.28650010624886],[-107.26784688051912,48.286388035036445],[-107.2678400217198,48.28638369380693]]]}"
0000000000000000280c,3991,0,0,0,"{""type"":""Polygon"",""coordinates"":[[[-107.26765967417444,48.28639173898944],[-107.26763899580757,48.286378731018196],[-107.26759160383483,48.28636632575843],[-107.26755601131433,48.286469730130634],[-107.26757635133325,48.28647378995808],[-107.26769058197813,48.286484953970024],[-107.26771985170636,48.28639058697265],[-107.26765967417444,48.28639173898944]]]}"
00000000000000002810,3992,0,0,0,"{""type"":""Polygon"",""coordinates"":[[[-107.26755774426928,48.28635801396056],[-107.26754382891474,48.28634490094576],[-107.26751055026857,48.28635003917944],[-107.26749011454615,48.28634153306778],[-107.26741428858807,48.28644128802064],[-107.26742786559815,48.28644545289823],[-107.26749563588524,48.28646645152057],[-107.26755601131433,48.286469730130634],[-107.26759160383483,48.28636632575843],[-107.26755774426928,48.28635801396056]]]}"
00000000000000002805,3993,0,0,0,"{""type"":""Polygon"",""coordinates"":[[[-107.26744939634943,48.286328879980836],[-107.26743572358929,48.28632026883861],[-107.26741524325463,48.28631169134604],[-107.26741504538978,48.28630726083243],[-107.2672974226524,48.28637206715609],[-107.26733225858685,48.286402690154624],[-107.26737293210667,48.28641527194056],[-107.26741428858807,48.28644128802064],[-107.26749011454615,48.28634153306778],[-107.26744939634943,48.286328879980836]]]}"
0000000000000000281c,3994,0,0,0,"{""type"":""Polygon"",""coordinates"":[[[-107.26735183651591,48.28624149524919],[-107.26734453746215,48.28622822160974],[-107.26720083967497,48.28630699325443],[-107.26722131990863,48.28631557079449],[-107.26723509466618,48.286324166207486],[-107.26728330957695,48.28635452357863],[-107.2672974226524,48.28637206715609],[-107.26741504538978,48.28630726083243],[-107.26735183651591,48.28624149524919]]]}"
0000000000000000281d,3995,0,0,0,"{""type"":""Polygon"",""coordinates"":[[[-107.26733606403492,48.28618820644505],[-107.26728103526486,48.28615357930623],[-107.26726731796825,48.28614489679696],[-107.26713081735663,48.286236957613376],[-107.26715830933593,48.28625423557176],[-107.26717922985657,48.2862717455047],[-107.2671804041168,48.2862984870796],[-107.26720083967497,48.28630699325443],[-107.26734453746215,48.28622822160974],[-107.26733606403492,48.28618820644505]]]}"
00000000000000002806,3996,0,0,0,"{""type"":""Polygon"",""coordinates"":[[[-107.26725349859899,48.28613623004804],[-107.26725310290615,48.286127369048884],[-107.26719880828915,48.286110551015526],[-107.26716441309912,48.28608886048723],[-107.2671508362848,48.28608469559544],[-107.26702149430103,48.28618551215942],[-107.26704898616028,48.28620279013538],[-107.2670964221229,48.28621526701017],[-107.26713081735663,48.286236957613376],[-107.26726731796825,48.28614489679696],[-107.26725349859899,48.28613623004804]]]}"
0000000000000000281b,3997,0,0,0,"{""type"":""Polygon"",""coordinates"":[[[-107.26704857001019,48.286042022058645],[-107.26703499324299,48.28603785715296],[-107.26693163074566,48.286120261827165],[-107.26693829151553,48.286120172605195],[-107.26695950535247,48.28614655931216],[-107.26700061859698,48.28616807358514],[-107.26702149430103,48.28618551215942],[-107.2671508362848,48.28608469559544],[-107.26704857001019,48.286042022058645]]]}"
00000000000000002802,3998,0,0,0,"{""type"":""Polygon"",""coordinates"":[[[-107.2670076993261,48.28602500971525],[-107.26696046148841,48.28601696332474],[-107.26691248989184,48.285991107820905],[-107.26680946557028,48.28608246041421],[-107.26693163074566,48.286120261827165],[-107.26703499324299,48.28603785715296],[-107.2670076993261,48.28602500971525]]]}"
00000000000000002814,3999,0,0,0,"{""type"":""Polygon"",""coordinates"":[[[-107.26690563134187,48.285986766550835],[-107.26677052801641,48.28595816307836],[-107.26674377026448,48.2859586941693],[-107.26672821587832,48.28606174272382],[-107.26680946557028,48.28608246041421],[-107.26691248989184,48.285991107820905],[-107.26690563134187,48.285986766550835]]]}"
00000000000000002813,4000,0,0,0,"{""type"":""Polygon"",""coordinates"":[[[-107.26669691550597,48.28595966712449],[-107.26667687591626,48.28596002186327],[-107.26666349705201,48.28596028739634],[-107.26665011818959,48.285960552927506],[-107.26661610644084,48.285947881718634],[-107.26659389099693,48.286051019437224],[-107.26660726988403,48.286050753912804],[-107.26662736692823,48.28605031205815],[-107.26668754324456,48.28604916072628],[-107.26672821587832,48.28606174272382],[-107.26674377026448,48.2859586941693],[-107.26669691550597,48.28595966712449]]]}"
00000000000000002820,4001,0,0,0,"{""type"":""Polygon"",""coordinates"":[[[-107.26659586910698,48.28594380595247],[-107.26654907186101,48.28594469170421],[-107.26651569813279,48.28594538329124],[-107.26650231929676,48.285945648801075],[-107.26648825787912,48.28593248010988],[-107.26645236984432,48.28602700653006],[-107.2664794656483,48.28603542363949],[-107.26650695698505,48.286052701734945],[-107.26656047249729,48.28605163967545],[-107.26659389099693,48.286051019437224],[-107.26661610644084,48.285947881718634],[-107.26659586910698,48.28594380595247]]]}"
00000000000000002823,4002,0,0,0,"{""type"":""Polygon"",""coordinates"":[[[-107.2664816418348,48.285932640667134],[-107.2664614045542,48.28592856487246],[-107.26644758557269,48.2859198980331],[-107.26640744912665,48.285920694526595],[-107.26636025652498,48.285912719210636],[-107.26632412584625,48.28600274369175],[-107.26639807621723,48.28601018805084],[-107.26645236984432,48.28602700653006],[-107.26648825787912,48.28593248010988],[-107.2664816418348,48.285932640667134]]]}"
00000000000000002824,4003,0,0,0,"{""type"":""Polygon"",""coordinates"":[[[-107.26627940331197,48.28590086215051],[-107.26624525157808,48.28588367320392],[-107.26618838597524,48.285960776518124],[-107.26622239742709,48.28597344788904],[-107.26631074701672,48.286003009175026],[-107.26632412584625,48.28600274369175],[-107.26636025652498,48.285912719210636],[-107.26627940331197,48.28590086215051]]]}"
00000000000000002825,4004,0,0,0,"{""type"":""Polygon"",""coordinates"":[[[-107.26621785620337,48.28587084132326],[-107.26615650694919,48.28584525095107],[-107.26613626982436,48.285841175090674],[-107.26604642600255,48.285927830676094],[-107.26612743204106,48.285944047064895],[-107.26618172528795,48.285960865685745],[-107.26618838597524,48.285960776518124],[-107.26624525157808,48.28588367320392],[-107.26621785620337,48.28587084132326]]]}"
000000000000000027e5,4005,0,0,0,"{""type"":""Polygon"",""coordinates"":[[[-107.26610245625977,48.28583293419661],[-107.26605482392964,48.28581602640758],[-107.2660143497884,48.2858078746417],[-107.26600072871865,48.28580363823067],[-107.26595165874511,48.28590286017905],[-107.26599865333607,48.28590640521491],[-107.2660193305037,48.285919413453854],[-107.26602638656928,48.28592818527499],[-107.26604642600255,48.285927830676094],[-107.26613626982436,48.285841175090674],[-107.26610245625977,48.28583293419661]]]}"
00000000000000002829,4006,0,0,0,"{""type"":""Polygon"",""coordinates"":[[[-107.26586587044444,48.285779535361115],[-107.26582365854347,48.28588309854661],[-107.26583027453322,48.28588293803621],[-107.2658777090436,48.28589541547439],[-107.26595165874511,48.28590286017905],[-107.26600072871865,48.28580363823067],[-107.26586587044444,48.285779535361115]]]}"
0000000000000000282a,4007,0,0,0,"{""type"":""Polygon"",""coordinates"":[[[-107.26582539646898,48.28577138351705],[-107.26575066925415,48.28574605832415],[-107.2656820376552,48.28585910028061],[-107.26576240539943,48.28586195414738],[-107.26582365854347,48.28588309854661],[-107.26586587044444,48.285779535361115],[-107.26582539646898,48.28577138351705]]]}"
0000000000000000282b,4008,0,0,0,"{""type"":""Polygon"",""coordinates"":[[[-107.26574370889247,48.285741732743716],[-107.26566986180056,48.2857342721289],[-107.2656290436173,48.28572163412137],[-107.26554669527324,48.285825993222154],[-107.2655534579695,48.285825888341435],[-107.26557423040188,48.28584334290712],[-107.26560828596484,48.285856085850114],[-107.2656820376552,48.28585910028061],[-107.26575066925415,48.28574605832415],[-107.26574370889247,48.285741732743716]]]}"
0000000000000000282f,4009,0,0,0,"{""type"":""Polygon"",""coordinates"":[[[-107.26558175627378,48.28570921219988],[-107.26549394414363,48.285693028898805],[-107.26542521652644,48.28580162433028],[-107.26544521110574,48.285801198493786],[-107.26549970106343,48.2858224479609],[-107.26554669527324,48.285825993222154],[-107.2656290436173,48.28572163412137],[-107.26558175627378,48.28570921219988]]]}"
000000000000000027ed,4010,0,0,0,"{""type"":""Polygon"",""coordinates"":[[[-107.26545351516691,48.28568494827134],[-107.26536560773272,48.2856643186252],[-107.26530957635146,48.2857592144018],[-107.26534416707713,48.2857853359924],[-107.26539135876637,48.28579331181153],[-107.26542521652644,48.28580162433028],[-107.26549394414363,48.285693028898805],[-107.26545351516691,48.28568494827134]]]}"
00000000000000002830,4011,0,0,0,"{""type"":""Polygon"",""coordinates"":[[[-107.26533865297539,48.2856604188362],[-107.2652827482718,48.28560792619699],[-107.26527589010328,48.285603584832245],[-107.26517948072025,48.2856947745647],[-107.26521333826521,48.28570308714816],[-107.26530261607313,48.2857548887862],[-107.26530957635146,48.2857592144018],[-107.26536560773272,48.2856643186252],[-107.26533865297539,48.2856604188362]]]}"
0000000000000000281e,4012,1,0,0,"{""type"":""Polygon"",""coordinates"":[[[-107.26523521910678,48.28559100228696],[-107.26520724455642,48.285564720281556],[-107.2651797099053,48.2855473705704],[-107.26507604724387,48.285625357789186],[-107.26508300745546,48.28562968341232],[-107.26513131411883,48.28566448779137],[-107.2651519906564,48.285677496173655],[-107.2651726225567,48.285690433185366],[-107.26517948072025,48.2856947745647],[-107.26527589010328,48.285603584832245],[-107.26523521910678,48.28559100228696]]]}"
00000000000000002835,4013,0,0,0,"{""type"":""Polygon"",""coordinates"":[[[-107.26510989185459,48.285481764745626],[-107.26495923578422,48.28555620626447],[-107.26507604724387,48.285625357789186],[-107.2651797099053,48.2855473705704],[-107.26510989185459,48.285481764745626]]]}"
000000000000000027eb,4014,0,0,0,"{""type"":""Polygon"",""coordinates"":[[[-107.26510303374131,48.28547742337746],[-107.26509553820804,48.285459719275586],[-107.26502649807718,48.285411993784436],[-107.26501939775673,48.285403150596515],[-107.26487015680789,48.28550883492858],[-107.26489744897299,48.28552168289303],[-107.26495923578422,48.28555620626447],[-107.26510989185459,48.285481764745626],[-107.26510303374131,48.28547742337746]]]}"
00000000000000002832,4015,0,0,0,"{""type"":""Polygon"",""coordinates"":[[[-107.26500582175083,48.28539898543489],[-107.26497775206727,48.285368257242666],[-107.26497677695815,48.2853459465151],[-107.264962958755,48.285337279537615],[-107.26495526574891,48.2853151450258],[-107.264767164502,48.285448350305636],[-107.26477422009506,48.28545712215284],[-107.26479499179196,48.28547457678435],[-107.26487015680789,48.28550883492858],[-107.26501939775673,48.285403150596515],[-107.26500582175083,48.28539898543489]]]}"
00000000000000002836,4016,0,0,0,"{""type"":""Polygon"",""coordinates"":[[[-107.26493993718398,48.285270788900704],[-107.26491318044883,48.285271319449095],[-107.26474195115055,48.28533273619005],[-107.26474944646621,48.28535044028267],[-107.26475139640573,48.285395061762635],[-107.264767164502,48.285448350305636],[-107.26495526574891,48.2853151450258],[-107.26493993718398,48.285270788900704]]]}"
00000000000000002837,4017,0,0,0,"{""type"":""Polygon"",""coordinates"":[[[-107.26471713301513,48.28522598318945],[-107.26473445584179,48.285315032102574],[-107.26474195115055,48.28533273619005],[-107.26491318044883,48.285271319449095],[-107.26471713301513,48.28522598318945]]]}"
000000000000000027ea,4018,0,0,0,"{""type"":""Polygon"",""coordinates"":[[[-107.26493249919551,48.285252997725294],[-107.26493088674357,48.28521732437015],[-107.26478634533807,48.285126393027554],[-107.26475545815651,48.28518508367288],[-107.26471713301513,48.28522598318945],[-107.26491318044883,48.285271319449095],[-107.26493993718398,48.285270788900704],[-107.26493249919551,48.285252997725294]]]}"
000000000000000027e9,4019,0,0,0,"{""type"":""Polygon"",""coordinates"":[[[-107.26489054205054,48.285061785277115],[-107.2647930057751,48.28512630396443],[-107.26478634533807,48.285126393027554],[-107.26493088674357,48.28521732437015],[-107.2649302493771,48.28520396169852],[-107.26501518500606,48.28515758826994],[-107.26489054205054,48.285061785277115]]]}"
000000000000000027ec,4020,0,0,0,"{""type"":""Polygon"",""coordinates"":[[[-107.26501545927552,48.285010257125656],[-107.26496919930426,48.28502452042262],[-107.26489034448387,48.28505735485513],[-107.26489054205054,48.285061785277115],[-107.26501518500606,48.28515758826994],[-107.2650283657634,48.28515289255446],[-107.26506090981519,48.28512994650137],[-107.2651205991344,48.285119792645354],[-107.26501545927552,48.285010257125656]]]}"
000000000000000027e8,4021,0,0,0,"{""type"":""GeometryCollection"",""geometries"":[{""type"":""LineString"",""coordinates"":[[-107.2651271031345,48.284963362200344],[-107.26512690572164,48.28495889984936]]},{""type"":""Polygon"",""coordinates"":[[[-107.26512715097712,48.28496335321039],[-107.26508113329695,48.284982118329665],[-107.26503545334099,48.285009831393836],[-107.26501545927552,48.285010257125656],[-107.2651205991344,48.285119792645354],[-107.26513377988,48.28511509691906],[-107.26520655441692,48.28509580110354],[-107.26523277570539,48.285081892081784],[-107.26512715097712,48.28496335321039]]]}]}"
000000000000000027e7,4022,0,0,0,"{""type"":""Polygon"",""coordinates"":[[[-107.26524550296149,48.28491636011648],[-107.26523246247523,48.28492557337382],[-107.26515959274943,48.284940422969335],[-107.2651400894123,48.28495415571852],[-107.26512695338103,48.28495892279785],[-107.26523277570539,48.285081892081784],[-107.26527855124614,48.285058625063215],[-107.26533122948692,48.285039770718875],[-107.26534427000607,48.28503055742747],[-107.26524550296149,48.28491636011648]]]}"
000000000000000027ee,4023,0,0,0,"{""type"":""Polygon"",""coordinates"":[[[-107.26531719972067,48.2848747695362],[-107.2652647639925,48.28489812558213],[-107.26524550296149,48.28491636011648],[-107.26534427000607,48.28503055742747],[-107.26537058678345,48.28502109456149],[-107.26542292713323,48.28499329222661],[-107.2654480261839,48.28495701701443],[-107.2654670895445,48.28493435201759],[-107.26531719972067,48.2848747695362]]]}"
000000000000000027e6,4024,0,0,0,"{""type"":""Polygon"",""coordinates"":[[[-107.2653743069677,48.2848021700975],[-107.26534906125428,48.28483838957372],[-107.26533709823065,48.28486989758033],[-107.26531719972067,48.2848747695362],[-107.2654670895445,48.28493435201759],[-107.26547993237072,48.28492070831989],[-107.26553844839637,48.28488381332367],[-107.26555148883548,48.284874600033255],[-107.26557094740897,48.28486079585633],[-107.2653743069677,48.2848021700975]]]}"
000000000000000027e4,4025,0,0,0,"{""type"":""Polygon"",""coordinates"":[[[-107.26544449254585,48.28472489075699],[-107.2654381699851,48.28473392777311],[-107.2654120510484,48.28474782099412],[-107.26539332561273,48.284779433815444],[-107.2653743069677,48.2848021700975],[-107.26557094740897,48.28486079585633],[-107.26562711693214,48.284770419107424],[-107.26544449254585,48.28472489075699]]]}"
000000000000000027e1,4026,0,0,0,"{""type"":""Polygon"",""coordinates"":[[[-107.26548082108224,48.28463929915314],[-107.26546209575498,48.28467091192046],[-107.26544449254585,48.28472489075699],[-107.26562711693214,48.284770419107424],[-107.26563951968359,48.28474784328077],[-107.26564953135185,48.284671714454035],[-107.26548082108224,48.28463929915314]]]}"
000000000000000027e0,4027,0,0,0,"{""type"":""Polygon"",""coordinates"":[[[-107.26553738567536,48.28455778359265],[-107.26552488737954,48.28457591318746],[-107.2655120446957,48.28458955679889],[-107.26548082108224,48.28463929915314],[-107.26564953135185,48.284671714454035],[-107.2656531248788,48.284600176604975],[-107.26566606312377,48.28459097911005],[-107.26553738567536,48.28455778359265]]]}"
000000000000000027df,4028,0,0,0,"{""type"":""Polygon"",""coordinates"":[[[-107.2655936121442,48.2844673202659],[-107.26554901054645,48.28451732788037],[-107.26553738567536,48.28455778359265],[-107.26566606312377,48.28459097911005],[-107.26569160168374,48.284563636240726],[-107.26571086239073,48.28454540174639],[-107.26571654719896,48.284523002259334],[-107.2655936121442,48.2844673202659]]]}"
000000000000000027db,4029,0,0,0,"{""type"":""Polygon"",""coordinates"":[[[-107.26565693870106,48.28438570003666],[-107.26565105622653,48.2844036690989],[-107.26561257958105,48.28444020933268],[-107.265599934626,48.28445828328696],[-107.2655936121442,48.2844673202659],[-107.26571654719896,48.284523002259334],[-107.26572262734257,48.28450946352422],[-107.26576125073726,48.28447297880627],[-107.26578007135903,48.28444581223118],[-107.26565693870106,48.28438570003666]]]}"
000000000000000027dd,4030,0,0,0,"{""type"":""Polygon"",""coordinates"":[[[-107.26573384081229,48.28430824487738],[-107.26572732070937,48.284312851482845],[-107.26570178235703,48.28434019422715],[-107.26566282116937,48.2843677309803],[-107.26565693870106,48.28438570003666],[-107.26578007135903,48.28444581223118],[-107.26578639380439,48.28443677524456],[-107.26579977199384,48.284436509858374],[-107.26583922420099,48.284422279861694],[-107.26585162671476,48.28439970416183],[-107.26586446924962,48.284386060557594],[-107.26573384081229,48.28430824487738]]]}"
000000000000000027d7,4031,0,0,0,"{""type"":""Polygon"",""coordinates"":[[[-107.26584513492192,48.28425248010384],[-107.265779219931,48.28427611728179],[-107.26575976171853,48.28428992133962],[-107.26573384081229,48.28430824487738],[-107.26586446924962,48.284386060557594],[-107.26587701200997,48.28436800235507],[-107.26592974670108,48.284349060826884],[-107.26594876486318,48.28432632464129],[-107.26595532961385,48.28432178938647],[-107.26584513492192,48.28425248010384]]]}"
000000000000000027d8,4032,0,0,0,"{""type"":""Polygon"",""coordinates"":[[[-107.26596956459339,48.284191948147615],[-107.2658714511468,48.28424301725345],[-107.26584513492192,48.28425248010384],[-107.26595532961385,48.28432178938647],[-107.26597478781399,48.284307985281046],[-107.26604104088838,48.2842932957815],[-107.26596956459339,48.284191948147615]]]}"
000000000000000027dc,4033,0,0,0,"{""type"":""Polygon"",""coordinates"":[[[-107.26608105599283,48.284140613572866],[-107.2660357218168,48.284172812588096],[-107.26600220313522,48.28417344832122],[-107.26596956459339,48.284191948147615],[-107.26604104088838,48.2842932957815],[-107.26605417669197,48.28428852864276],[-107.26608053760827,48.284279137094295],[-107.26610685386187,48.284269674173935],[-107.26614621025264,48.28425099799285],[-107.2661593906996,48.2842463022103],[-107.26608105599283,48.284140613572866]]]}"
000000000000000027d5,4034,0,0,0,"{""type"":""Polygon"",""coordinates"":[[[-107.26620636546058,48.28409794551853],[-107.26610031635144,48.28412237915466],[-107.26608105599283,48.284140613572866],[-107.2661593906996,48.2842463022103],[-107.26618550920232,48.28423240892842],[-107.26619854932959,48.284223195671196],[-107.26622486554663,48.284213732729405],[-107.26625118175775,48.28420426978226],[-107.2662645599293,48.28420400433294],[-107.26620636546058,48.28409794551853]]]}"
000000000000000027d1,4035,0,0,0,"{""type"":""Polygon"",""coordinates"":[[[-107.26635278496904,48.284081678951985],[-107.26633964923596,48.284086446111175],[-107.2662865321738,48.28409636860087],[-107.26622616154995,48.28409308921782],[-107.26620636546058,48.28409794551853],[-107.2662645599293,48.28420400433294],[-107.26630469445475,48.28420320797361],[-107.26639138152771,48.2841970243238],[-107.26635278496904,48.284081678951985]]]}"
000000000000000027de,4036,0,0,0,"{""type"":""Polygon"",""coordinates"":[[[-107.26647907037255,48.28406132073233],[-107.26641947793638,48.284075921290516],[-107.26635278496904,48.284081678951985],[-107.26639138152771,48.2841970243238],[-107.26646469045842,48.28419110607471],[-107.26652496572615,48.2841899392047],[-107.26647907037255,48.28406132073233]]]}"
000000000000000027e3,4037,0,0,0,"{""type"":""Polygon"",""coordinates"":[[[-107.2665709055751,48.284019359524294],[-107.2665512051961,48.28402866197561],[-107.26648583281461,48.2840612157959],[-107.26647907037255,48.28406132073233],[-107.26652496572615,48.2841899392047],[-107.26658392038455,48.284161976161926],[-107.26664963745795,48.2841339081503],[-107.26666919115944,48.28412455005265],[-107.2665709055751,48.284019359524294]]]}"
00000000000000002815,4038,0,0,0,"{""type"":""Polygon"",""coordinates"":[[[-107.26665603563622,48.28397741608786],[-107.26661687736602,48.284000522697276],[-107.2665709055751,48.284019359524294],[-107.26666919115944,48.28412455005265],[-107.26671520774487,48.28410578450373],[-107.26672858594682,48.284105518989534],[-107.26676146676552,48.284091520637084],[-107.26680018484092,48.28405948190363],[-107.26665603563622,48.28397741608786]]]}"
000000000000000027ce,4039,0,0,0,"{""type"":""Polygon"",""coordinates"":[[[-107.26674003620077,48.283908803582925],[-107.26669455583423,48.28394094714864],[-107.2666821538983,48.28396352274746],[-107.26665603563622,48.28397741608786],[-107.26680018484092,48.28405948190363],[-107.26683248494484,48.284032034068744],[-107.26687708480235,48.28398202635993],[-107.26674003620077,48.283908803582925]]]}"
000000000000000027cc,4040,0,0,0,"{""type"":""Polygon"",""coordinates"":[[[-107.26683021193475,48.28383109854915],[-107.2668109519436,48.283849333004255],[-107.26674003620077,48.283908803582925],[-107.26687708480235,48.28398202635993],[-107.2668896844713,48.28396388105004],[-107.26697573330755,48.28394433458151],[-107.26683021193475,48.28383109854915]]]}"
000000000000000027d2,4041,0,0,0,"{""type"":""Polygon"",""coordinates"":[[[-107.26695488236983,48.283775067510476],[-107.26683653407852,48.28382206160577],[-107.26683021193475,48.28383109854915],[-107.26697573330755,48.28394433458151],[-107.26700229183957,48.283939373163754],[-107.26704816776748,48.28391609008582],[-107.26708134201508,48.28391096806702],[-107.26695488236983,48.283775067510476]]]}"
000000000000000027cd,4042,0,0,0,"{""type"":""Polygon"",""coordinates"":[[[-107.26704559992528,48.28370627868564],[-107.26701154521903,48.283693536746846],[-107.26701232379779,48.28371141642734],[-107.2669871821461,48.28374761977902],[-107.2669749782532,48.28377462563148],[-107.26695488236983,48.283775067510476],[-107.26708134201508,48.28391096806702],[-107.26718111358461,48.28389564178948],[-107.26719405140818,48.28388644422159],[-107.26720742959898,48.28388617864208],[-107.26722080779156,48.283885913060665],[-107.26704559992528,48.28370627868564]]]}"
000000000000000027f6,4043,0,0,0,"{""type"":""Polygon"",""coordinates"":[[[-107.26704559992528,48.28370627868564],[-107.26722080779156,48.283885913060665],[-107.26722746818082,48.283885823832044],[-107.26724638977038,48.28385864153819],[-107.26730490341149,48.28382174626504],[-107.26737733763827,48.2837935015923],[-107.26739635490148,48.283770765381],[-107.26741419760337,48.28372128889685],[-107.26742051962475,48.28371225193685],[-107.26704559992528,48.28370627868564]]]}"
000000000000000027f1,4044,0,0,0,"{""type"":""Polygon"",""coordinates"":[[[-107.26736256426612,48.28361069654552],[-107.26732806900951,48.283589022807234],[-107.26731351643535,48.28356254819748],[-107.26701718448327,48.283671066199744],[-107.26701154521903,48.283693536746846],[-107.26704559992528,48.28370627868564],[-107.26742051962475,48.28371225193685],[-107.26743880269466,48.283671707454126],[-107.26736256426612,48.28361069654552]]]}"
000000000000000027cf,4045,0,0,0,"{""type"":""Polygon"",""coordinates"":[[[-107.2673064156974,48.28355370549746],[-107.26720420039787,48.283511105366856],[-107.26719048404378,48.28350242325517],[-107.26714913088448,48.28347640843566],[-107.26701425523143,48.283604136348025],[-107.26704223029031,48.28363041684304],[-107.26702330872786,48.283657598979055],[-107.26701718448327,48.283671066199744],[-107.26731351643535,48.28356254819748],[-107.2673064156974,48.28355370549746]]]}"
000000000000000027c4,4046,0,0,0,"{""type"":""Polygon"",""coordinates"":[[[-107.26714227272304,48.283472067378405],[-107.26700099618922,48.28345701967034],[-107.26698752242334,48.28345283917753],[-107.2669122382902,48.28356596613888],[-107.2669658461968,48.283569350034874],[-107.26701425523143,48.283604136348025],[-107.26714913088448,48.28347640843566],[-107.26714227272304,48.283472067378405]]]}"
000000000000000027d4,4047,0,0,0,"{""type"":""Polygon"",""coordinates"":[[[-107.26696032610201,48.283444438341455],[-107.26692627168836,48.28343169642789],[-107.2668663419459,48.28343734938947],[-107.26684590805256,48.283428843561396],[-107.26679061730746,48.283541544292405],[-107.26679757748627,48.283545869622245],[-107.26687852202609,48.28356217187795],[-107.2669122382902,48.28356596613888],[-107.26698752242334,48.28345283917753],[-107.26696032610201,48.283444438341455]]]}"
000000000000000027d0,4048,0,0,0,"{""type"":""Polygon"",""coordinates"":[[[-107.26683253007829,48.28342910908277],[-107.26680577413515,48.2834296401198],[-107.26671831009247,48.28341794442334],[-107.2667115477509,48.2834180493723],[-107.26665596318972,48.283521873682126],[-107.26672995366835,48.28352938891819],[-107.26674362519586,48.28353799973914],[-107.26679061730746,48.283541544292405],[-107.26684590805256,48.283428843561396],[-107.26683253007829,48.28342910908277]]]}"
000000000000000027d6,4049,0,0,0,"{""type"":""Polygon"",""coordinates"":[[[-107.26659007437709,48.28339368292326],[-107.26652699356217,48.2834798038039],[-107.26655448316548,48.2834970810974],[-107.26656830134476,48.283505747545924],[-107.26662215137313,48.283513633286944],[-107.26664924549118,48.283522049992484],[-107.26665596318972,48.283521873682126],[-107.2667115477509,48.2834180493723],[-107.26659007437709,48.28339368292326]]]}"
000000000000000027d3,4050,0,0,0,"{""type"":""Polygon"",""coordinates"":[[[-107.26658331204926,48.283393787862806],[-107.26650805239487,48.28335508636737],[-107.26649369838664,48.283333041999136],[-107.26648684037674,48.28332870090297],[-107.26641743738531,48.28342385845798],[-107.26648564119748,48.28345378868969],[-107.26652699356217,48.2834798038039],[-107.26659007437709,48.28339368292326],[-107.26658331204926,48.283393787862806]]]}"
000000000000000027ca,4051,0,0,0,"{""type"":""Polygon"",""coordinates"":[[[-107.26638569927692,48.283312855868765],[-107.26633817185488,48.28329593319237],[-107.26630311599668,48.28341270904816],[-107.26639709939272,48.28341979856717],[-107.26641743738531,48.28342385845798],[-107.26648684037674,48.28332870090297],[-107.26638569927692,48.283312855868765]]]}"
000000000000000027c9,4052,0,0,0,"{""type"":""Polygon"",""coordinates"":[[[-107.2663313138815,48.283291592087224],[-107.26627702425543,48.283274774305305],[-107.26626320626947,48.28326610784771],[-107.26625648864491,48.283266284127876],[-107.26613484964938,48.28338922748405],[-107.26614170760163,48.28339356861176],[-107.26617532128935,48.28339737889093],[-107.2661952190655,48.283392506911596],[-107.26626930448846,48.28340446853792],[-107.2662965004154,48.2834128695733],[-107.26630311599668,48.28341270904816],[-107.26633817185488,48.28329593319237],[-107.2663313138815,48.283291592087224]]]}"
000000000000000027d9,4053,0,0,0,"{""type"":""Polygon"",""coordinates"":[[[-107.26618176564314,48.28324096035933],[-107.26615403411601,48.28321918140406],[-107.26604459936631,48.283315118999866],[-107.26605831521235,48.28332380125737],[-107.2660797245451,48.28335461709733],[-107.26611397600561,48.283371789584],[-107.26613484964938,48.28338922748405],[-107.26625648864491,48.283266284127876],[-107.26618176564314,48.28324096035933]]]}"
000000000000000027da,4054,0,0,0,"{""type"":""Polygon"",""coordinates"":[[[-107.26612630262872,48.2831974024487],[-107.26609254883371,48.283189074778356],[-107.26609235110799,48.28318464451926],[-107.26594680919527,48.283223235872455],[-107.26599575203055,48.28327140044312],[-107.26604459936631,48.283315118999866],[-107.26615403411601,48.28321918140406],[-107.26612630262872,48.2831974024487]]]}"
000000000000000027e2,4055,0,0,0,"{""type"":""Polygon"",""coordinates"":[[[-107.2659222304095,48.283120989123624],[-107.2659383377596,48.28318322280049],[-107.26593289572092,48.28321012335146],[-107.26594680919527,48.283223235872455],[-107.26609235110799,48.28318464451926],[-107.26608976153756,48.28312666284239],[-107.2659222304095,48.283120989123624]]]}"
000000000000000027c8,4056,0,0,0,"{""type"":""Polygon"",""coordinates"":[[[-107.26592474512205,48.283027159412654],[-107.26591156512858,48.28303185504361],[-107.26592008117034,48.283071939370004],[-107.26591517484208,48.28311221774635],[-107.2659222304095,48.283120989123624],[-107.26608976153756,48.28312666284239],[-107.26609311139603,48.28305062548021],[-107.2660995291709,48.28304603472473],[-107.26592474512205,48.283027159412654]]]}"
000000000000000027bf,4057,0,0,0,"{""type"":""Polygon"",""coordinates"":[[[-107.26594083517327,48.28293749472231],[-107.2659361712625,48.28298227460371],[-107.26594420259893,48.28301335566864],[-107.26592474512205,48.283027159412654],[-107.2660995291709,48.28304603472473],[-107.2661309929991,48.28300079532629],[-107.26614241890509,48.282955910521075],[-107.26594083517327,48.28293749472231]]]}"
000000000000000027bb,4058,0,0,0,"{""type"":""Polygon"",""coordinates"":[[[-107.26596990734082,48.282838704333344],[-107.26595108775362,48.282865870096416],[-107.26594083517327,48.28293749472231],[-107.26614241890509,48.282955910521075],[-107.26615424024956,48.2829198862254],[-107.26616644428285,48.28289288090878],[-107.26596990734082,48.282838704333344]]]}"
000000000000000027bd,4059,0,0,0,"{""type"":""Polygon"",""coordinates"":[[[-107.26608630056204,48.28274709304377],[-107.2660535230499,48.282761075020495],[-107.26601372821634,48.282770818782566],[-107.26600156879717,48.28279789538327],[-107.26596990734082,48.282838704333344],[-107.26616644428285,48.28289288090878],[-107.2662198529665,48.28289183498161],[-107.26608630056204,48.28274709304377]]]}"
000000000000000027c0,4060,0,0,0,"{""type"":""Polygon"",""coordinates"":[[[-107.26623909398592,48.28272170337782],[-107.26619210324579,48.28271815857477],[-107.26609953786964,48.28274231029357],[-107.26608630056204,48.28274709304377],[-107.2662198529665,48.28289183498161],[-107.26623994821465,48.28289139327985],[-107.26627292359467,48.28288184143462],[-107.26629262334419,48.28287253925744],[-107.26623909398592,48.28272170337782]]]}"
000000000000000027c3,4061,0,0,0,"{""type"":""Polygon"",""coordinates"":[[[-107.26635865705978,48.282701522234255],[-107.26631872189454,48.2827067487705],[-107.2662725093681,48.28272108336935],[-107.26623909398592,48.28272170337782],[-107.26629262334419,48.28287253925744],[-107.26629934089985,48.282872362977805],[-107.2663575597588,48.28282659278646],[-107.26642400802955,48.28281633372453],[-107.26635865705978,48.282701522234255]]]}"
000000000000000027b8,4062,0,0,0,"{""type"":""Polygon"",""coordinates"":[[[-107.26639193211552,48.28269638484398],[-107.26635865705978,48.282701522234255],[-107.26642400802955,48.28281633372453],[-107.26643062351314,48.2828161731949],[-107.26649687402136,48.282801483859124],[-107.2665106919361,48.28281015020901],[-107.26651222893358,48.28269401150182],[-107.26639193211552,48.28269638484398]]]}"
000000000000000027bc,4063,0,0,0,"{""type"":""Polygon"",""coordinates"":[[[-107.26661219457496,48.282683116475354],[-107.26657259751309,48.28269729067043],[-107.26651222893358,48.28269401150182],[-107.2665106919361,48.28281015020901],[-107.26653092756862,48.282814225795505],[-107.26660531210425,48.28283060151881],[-107.26663240573085,48.28283901813318],[-107.26664578346362,48.28283875264875],[-107.26664580785169,48.28268692654928],[-107.26661219457496,48.282683116475354]]]}"
000000000000000027c5,4064,0,0,0,"{""type"":""Polygon"",""coordinates"":[[[-107.26673293190238,48.28268967464358],[-107.2666660434638,48.282691002098375],[-107.26664580785169,48.28268692654928],[-107.26664578346362,48.28283875264875],[-107.26671301034719,48.282846372775595],[-107.26674682162574,48.28285461304878],[-107.26676696162268,48.282854242599015],[-107.26678717652582,48.28270642062704],[-107.26673293190238,48.28268967464358]]]}"
000000000000000027c6,4065,0,0,0,"{""type"":""Polygon"",""coordinates"":[[[-107.26690693781106,48.28269066901059],[-107.26687366264056,48.28269580658163],[-107.26680765466874,48.282714997726174],[-107.26678717652582,48.28270642062704],[-107.26676696162268,48.282854242599015],[-107.2668802036059,48.28284309749966],[-107.26694621182818,48.28282390625256],[-107.26690693781106,48.28269066901059]]]}"
000000000000000027c7,4066,0,0,0,"{""type"":""Polygon"",""coordinates"":[[[-107.26702606096798,48.282661555251494],[-107.26699386430495,48.282688986648125],[-107.26692011769947,48.28268597327593],[-107.26690693781106,48.28269066901059],[-107.26694621182818,48.28282390625256],[-107.26695958960012,48.2828236407235],[-107.26697296737382,48.28282337519254],[-107.26706499716506,48.282785844794496],[-107.26707813243401,48.28278107766476],[-107.26702606096798,48.282661555251494]]]}"
000000000000000027b9,4067,0,0,0,"{""type"":""Polygon"",""coordinates"":[[[-107.26709805246597,48.28262437968853],[-107.26705889579134,48.28264748584832],[-107.26703258069318,48.282656948710844],[-107.26702606096798,48.282661555251494],[-107.26707813243401,48.28278107766476],[-107.26713066702692,48.28275770588268],[-107.26715702686084,48.28274831433726],[-107.26718300372151,48.282729903867654],[-107.26722269665107,48.282720175384235],[-107.26723553823417,48.282706532052806],[-107.26709805246597,48.28262437968853]]]}"
000000000000000027b6,4068,0,0,0,"{""type"":""Polygon"",""coordinates"":[[[-107.26720257869077,48.28256872022696],[-107.26713710703649,48.282601289283335],[-107.26709805246597,48.28262437968853],[-107.26723553823417,48.282706532052806],[-107.2672675369499,48.282674670357636],[-107.26729993137177,48.28265166908757],[-107.26731213461947,48.28262466378187],[-107.26720257869077,48.28256872022696]]]}"
000000000000000027cb,4069,0,0,0,"{""type"":""Polygon"",""coordinates"":[[[-107.26725957737122,48.28249613874778],[-107.26725315975877,48.282500729529076],[-107.26721302667305,48.28250152622261],[-107.26721444364233,48.28253276745401],[-107.26721542022027,48.28255507693853],[-107.26720248289675,48.28256427426579],[-107.26720257869077,48.28256872022696],[-107.26731213461947,48.28262466378187],[-107.26731179627672,48.282615716247555],[-107.26733081288877,48.28259298057054],[-107.26737629125616,48.28256083757105],[-107.26740196797053,48.28253801267361],[-107.26725957737122,48.28249613874778]]]}"
000000000000000027b5,4070,0,0,0,"{""type"":""Polygon"",""coordinates"":[[[-107.26731623750348,48.28241460983893],[-107.26729089919448,48.28244638216308],[-107.26729123753479,48.282455329668956],[-107.26729211835669,48.2824731931657],[-107.26725957737122,48.28249613874778],[-107.26740196797053,48.28253801267361],[-107.26740187215212,48.28253356671582],[-107.26747906161461,48.28246498916792],[-107.26747886371533,48.28246055897656],[-107.26731623750348,48.28241460983893]]]}"
000000000000000027b4,4071,0,0,0,"{""type"":""Polygon"",""coordinates"":[[[-107.26733922668446,48.282329358357565],[-107.26732746399293,48.28236529524348],[-107.26731603962367,48.282410179650945],[-107.26731623750348,48.28241460983893],[-107.26747886371533,48.28246055897656],[-107.26749028793027,48.28241567451102],[-107.26750322516847,48.28240647717291],[-107.26750288677552,48.28239752967736],[-107.26752150737539,48.28236593369434],[-107.26733922668446,48.282329358357565]]]}"
000000000000000027b1,4072,0,0,0,"{""type"":""Polygon"",""coordinates"":[[[-107.26735531309794,48.28223969470206],[-107.2673557535274,48.2822486264126],[-107.26733922668446,48.282329358357565],[-107.26752150737539,48.28236593369434],[-107.26752116897732,48.2823569862058],[-107.26753945113839,48.28231644276279],[-107.26755807166697,48.28228484682278],[-107.26755782909844,48.282280345283816],[-107.26735531309794,48.28223969470206]]]}"
000000000000000027ab,4073,0,0,0,"{""type"":""Polygon"",""coordinates"":[[[-107.26735096596835,48.282141525672294],[-107.26734474631157,48.282150546592945],[-107.26734630388366,48.28218630490391],[-107.26735531309794,48.28223969470206],[-107.26755782909844,48.282280345283816],[-107.26761712512467,48.2822568684731],[-107.2676281086052,48.28220305246807],[-107.26735096596835,48.282141525672294]]]}"
000000000000000027b0,4074,0,0,0,"{""type"":""Polygon"",""coordinates"":[[[-107.26762409916252,48.28211383098214],[-107.2676233202383,48.28209595185383],[-107.26761528746525,48.282064871503245],[-107.26736944603873,48.282105412587654],[-107.26735096596835,48.282141525672294],[-107.2676281086052,48.28220305246807],[-107.2676330129474,48.28216277474493],[-107.26762409916252,48.28211383098214]]]}"
000000000000000027ad,4075,0,0,0,"{""type"":""Polygon"",""coordinates"":[[[-107.26759221723178,48.2819983143423],[-107.26754400719324,48.28196795949535],[-107.267516517885,48.28195068297557],[-107.26734117798344,48.28207025684672],[-107.26736924815027,48.282100982425824],[-107.26736944603873,48.282105412587654],[-107.26761528746525,48.282064871503245],[-107.26759221723178,48.2819983143423]]]}"
000000000000000027b3,4076,0,0,0,"{""type"":""Polygon"",""coordinates"":[[[-107.26744057623385,48.28189855007838],[-107.26739990745111,48.28188596927218],[-107.26739318999714,48.281886145622906],[-107.26729723454656,48.28198626241455],[-107.26730419455077,48.28199058758529],[-107.2673409354405,48.28206575532477],[-107.26734117798344,48.28207025684672],[-107.267516517885,48.28195068297557],[-107.26744057623385,48.28189855007838]]]}"
000000000000000027b2,4077,0,0,0,"{""type"":""Polygon"",""coordinates"":[[[-107.26735227871961,48.28186906329312],[-107.26727839294459,48.28186153294529],[-107.26724472269247,48.281857810263126],[-107.26717552205946,48.281957395763676],[-107.2672433861512,48.281978377237614],[-107.26729723454656,48.28198626241455],[-107.26739318999714,48.281886145622906],[-107.26735227871961,48.28186906329312]]]}"
000000000000000027af,4078,0,0,0,"{""type"":""Polygon"",""coordinates"":[[[-107.2672244873309,48.28185373489361],[-107.26719009580394,48.28183204602206],[-107.2671292877736,48.28181983562929],[-107.26704748818817,48.281937565590134],[-107.26705425028406,48.281937460626665],[-107.26706796604488,48.28194614251671],[-107.26716204877455,48.281953215401344],[-107.26717552205946,48.281957395763676],[-107.26724472269247,48.281857810263126],[-107.2672244873309,48.28185373489361]]]}"
000000000000000027ae,4079,0,0,0,"{""type"":""Polygon"",""coordinates"":[[[-107.26709547718461,48.28181159563398],[-107.26704795091413,48.28179467375849],[-107.2670009608369,48.28179112939625],[-107.26692504245895,48.281890890921396],[-107.26693165781205,48.281890730363365],[-107.2669659087113,48.2819079020866],[-107.26698658435804,48.28192090917548],[-107.26704748818817,48.281937565590134],[-107.2671292877736,48.28181983562929],[-107.26709547718461,48.28181159563398]]]}"
000000000000000027b7,4080,0,0,0,"{""type"":""Polygon"",""coordinates"":[[[-107.2669806235241,48.28178706973671],[-107.26695309011969,48.281769721737675],[-107.26689174634161,48.28174413367443],[-107.26678951337368,48.281853357664566],[-107.26687095201672,48.28187850403017],[-107.26692504245895,48.281890890921396],[-107.2670009608369,48.28179112939625],[-107.2669806235241,48.28178706973671]]]}"
000000000000000027a4,4081,0,0,0,"{""type"":""Polygon"",""coordinates"":[[[-107.2668713133287,48.28173562810093],[-107.26681658502969,48.28170987944916],[-107.2667827747257,48.28170163935364],[-107.26668628280045,48.28178837765861],[-107.26670695822247,48.28180138478406],[-107.26674076856959,48.28180962492066],[-107.26674786883713,48.2818184673837],[-107.26676830183725,48.28182697299707],[-107.26678265556212,48.281849016705586],[-107.26678951337368,48.281853357664566],[-107.26689174634161,48.28174413367443],[-107.2668713133287,48.28173562810093]]]}"
000000000000000027aa,4082,0,0,0,"{""type"":""Polygon"",""coordinates"":[[[-107.266762341785,48.28169313376194],[-107.26674862622978,48.28168445186447],[-107.26670139401054,48.281676405862484],[-107.26666052824393,48.28165939464666],[-107.26657045379294,48.28174154209331],[-107.26661136421936,48.28175862473658],[-107.26665223004558,48.28177563600363],[-107.26668608499283,48.2817839475198],[-107.2667827747257,48.28170163935364],[-107.266762341785,48.28169313376194]]]}"
000000000000000027ba,4083,0,0,0,"{""type"":""Polygon"",""coordinates"":[[[-107.26664690847555,48.28165515862552],[-107.26660580032677,48.28163364590212],[-107.2665512192402,48.28160795274025],[-107.26646756229697,48.28168550934916],[-107.26647452208732,48.28168983456092],[-107.26650930837164,48.28172038391889],[-107.26657045379294,48.28174154209331],[-107.26666052824393,48.28165939464666],[-107.26664690847555,48.28165515862552]]]}"
000000000000000027a9,4084,0,0,0,"{""type"":""Polygon"",""coordinates"":[[[-107.26649649153777,48.28158220395296],[-107.26648238055498,48.28156466178873],[-107.26646822493186,48.281547048265146],[-107.26633801877813,48.28162999163731],[-107.26633835689798,48.281638939014435],[-107.26640685729744,48.281673282749814],[-107.26646756229697,48.28168550934916],[-107.2665512192402,48.28160795274025],[-107.26649649153777,48.28158220395296]]]}"
000000000000000027be,4085,0,0,0,"{""type"":""GeometryCollection"",""geometries"":[{""type"":""LineString"",""coordinates"":[[-107.26624105747469,48.28155599315938],[-107.2662477430759,48.2815558613456]]},{""type"":""Polygon"",""coordinates"":[[[-107.26641981918782,48.281512262942385],[-107.2663787114245,48.28149075016998],[-107.2662477718005,48.28155588571793],[-107.26628843931992,48.28156846696565],[-107.2663372851254,48.281612184008864],[-107.26633801877813,48.28162999163731],[-107.26646822493186,48.281547048265146],[-107.26641981918782,48.281512262942385]]]}]}"
000000000000000027a6,4086,0,0,0,"{""type"":""Polygon"",""coordinates"":[[[-107.26637185375503,48.281486409207744],[-107.26636979948817,48.28144180686402],[-107.26634858855442,48.28141542229327],[-107.26632105589728,48.28139807421568],[-107.26617751766163,48.28148135390719],[-107.26619814797378,48.28149428971564],[-107.26621250116048,48.28151633338474],[-107.26622665661168,48.28153394694015],[-107.2662410098328,48.2815559906206],[-107.2663787114245,48.28149075016998],[-107.26637185375503,48.281486409207744]]]}"
000000000000000027a8,4087,0,0,0,"{""type"":""Polygon"",""coordinates"":[[[-107.26628660822695,48.281376472295676],[-107.26624418661544,48.28132370318439],[-107.26611378338055,48.28140221577709],[-107.26615650463583,48.28145939938419],[-107.26617751766163,48.28148135390719],[-107.26632105589728,48.28139807421568],[-107.26628660822695,48.281376472295676]]]}"
000000000000000027a7,4088,0,0,0,"{""type"":""Polygon"",""coordinates"":[[[-107.26623688883396,48.28131043065897],[-107.26616236740858,48.28128953781157],[-107.26611454289379,48.281268201260794],[-107.26601119378117,48.28135059719665],[-107.26603892389723,48.281372375461764],[-107.26607267605023,48.28138070290738],[-107.26610668338368,48.28139337332972],[-107.26611378338055,48.28140221577709],[-107.26624418661544,48.28132370318439],[-107.26623688883396,48.28131043065897]]]}"
000000000000000027a2,4089,0,0,0,"{""type"":""Polygon"",""coordinates"":[[[-107.26609406583303,48.28125962422042],[-107.26603199052617,48.28121622830299],[-107.26601817335197,48.281207562125886],[-107.26590810707766,48.281290134101354],[-107.26592168186637,48.281294298843726],[-107.26594235658679,48.28130730603037],[-107.26596303132597,48.28132031321528],[-107.26597714190058,48.281337855385345],[-107.26600423414031,48.2813462719752],[-107.26601119378117,48.28135059719665],[-107.26611454289379,48.281268201260794],[-107.26609406583303,48.28125962422042]]]}"
000000000000000027a1,4090,0,0,0,"{""type"":""GeometryCollection"",""geometries"":[{""type"":""LineString"",""coordinates"":[[-107.26590906197707,48.281160552087215],[-107.26590886559599,48.28115611399702]]},{""type"":""Polygon"",""coordinates"":[[[-107.26596368928382,48.28118631465201],[-107.26594291895863,48.28116886164935],[-107.2659090650052,48.281160549942456],[-107.26590906197707,48.281160552087215],[-107.26580521852277,48.28123410105006],[-107.26583314608187,48.2812603094325],[-107.2658944876406,48.28128589799463],[-107.26590810707766,48.281290134101354],[-107.26601817335197,48.281207562125886],[-107.26596368928382,48.28118631465201]]]}]}"
000000000000000027a0,4091,0,0,0,"{""type"":""Polygon"",""coordinates"":[[[-107.2658675180621,48.281130105531915],[-107.26582641127251,48.28110859265347],[-107.26581249857509,48.28109548061806],[-107.26570884990159,48.28117346162047],[-107.26572266694403,48.28118212783983],[-107.26577734842299,48.28120780555098],[-107.26580521852277,48.28123410105006],[-107.26590886728769,48.2811561198522],[-107.2658675180621,48.281130105531915]]]}"
0000000000000000279c,4092,0,0,0,"{""type"":""Polygon"",""coordinates"":[[[-107.2658058834418,48.28109564109105],[-107.265709515155,48.281035001811944],[-107.26559910472591,48.281113087465556],[-107.2656129217048,48.28112175369245],[-107.26570884990159,48.28117346162047],[-107.26581249857509,48.28109548061806],[-107.2658058834418,48.28109564109105]]]}"
000000000000000027c2,4093,0,0,0,"{""type"":""Polygon"",""coordinates"":[[[-107.26563411495599,48.280996245591425],[-107.26561324289389,48.28097880832912],[-107.26549612185276,48.28105260839673],[-107.26553070873699,48.28107872770007],[-107.26556451773764,48.28108696817255],[-107.26559910472591,48.281113087465556],[-107.265709515155,48.281035001811944],[-107.26563411495599,48.280996245591425]]]}"
0000000000000000279f,4094,0,0,0,"{""type"":""Polygon"",""coordinates"":[[[-107.26557160090583,48.28094391804896],[-107.265510700325,48.28092726092823],[-107.2655037408556,48.280922935700694],[-107.26539309477148,48.28099205791266],[-107.26542042876913,48.281004976068665],[-107.2654347812102,48.28102701966952],[-107.26548946209697,48.281052697484476],[-107.26549612185276,48.28105260839673],[-107.26561324289389,48.28097880832912],[-107.26557160090583,48.28094391804896]]]}"
00000000000000002798,4095,0,0,0,"{""type"":""Polygon"",""coordinates"":[[[-107.265448479903,48.28088380925998],[-107.26542707245903,48.28085299466682],[-107.26542021508378,48.28084865368139],[-107.26531612683651,48.280917702378645],[-107.26535037551973,48.280934874419096],[-107.2653928971155,48.28098762783385],[-107.26539309477148,48.28099205791266],[-107.2655037408556,48.280922935700694],[-107.265448479903,48.28088380925998]]]}"
0000000000000000279d,4096,0,0,0,"{""type"":""Polygon"",""coordinates"":[[[-107.26537200938567,48.28081829829229],[-107.2653375631356,48.28079669623206],[-107.26531732898039,48.28079262051174],[-107.26520016371188,48.28086634858627],[-107.26524126959754,48.28088786165738],[-107.26528859532422,48.2809003541389],[-107.26531612683651,48.280917702378645],[-107.26542021508378,48.28084865368139],[-107.26537200938567,48.28081829829229]]]}"
0000000000000000279b,4097,0,0,0,"{""type"":""Polygon"",""coordinates"":[[[-107.26530351223066,48.28078395429029],[-107.26527598082087,48.28076660608808],[-107.26524183441221,48.280749418313334],[-107.2652010665266,48.28073685253061],[-107.26510457534829,48.280823587650154],[-107.26513166676312,48.280832004425406],[-107.2651588602629,48.28084040543697],[-107.26519344659734,48.2808665247712],[-107.26520016371188,48.28086634858627],[-107.26531732898039,48.28079262051174],[-107.26530351223066,48.28078395429029]]]}"
00000000000000002799,4098,0,0,0,"{""type"":""Polygon"",""coordinates"":[[[-107.26519420921514,48.28073251153693],[-107.26514668615027,48.28071558898378],[-107.26511895728464,48.28069381069908],[-107.26509808573992,48.280676373411154],[-107.26500820962158,48.28076294791361],[-107.26501530916467,48.28077179034858],[-107.26510457534829,48.280823587650154],[-107.2652010665266,48.28073685253061],[-107.26519420921514,48.28073251153693]]]}"
000000000000000027c1,4099,0,0,0,"{""type"":""Polygon"",""coordinates"":[[[-107.26506305978546,48.28064132266379],[-107.26503475096315,48.28060609575388],[-107.26503455334803,48.28060166570554],[-107.26491752871603,48.28067991033237],[-107.26492458356604,48.280688681398914],[-107.26495197445887,48.280701512508514],[-107.264952312254,48.280710459742124],[-107.26498028323994,48.28073673950723],[-107.26500820962158,48.28076294791361],[-107.26509808573992,48.280676373411154],[-107.26506305978546,48.28064132266379]]]}"
00000000000000002797,4100,0,0,0,"{""type"":""Polygon"",""coordinates"":[[[-107.26500074509579,48.28059342510297],[-107.26498659073256,48.28057581165164],[-107.2649593975117,48.28056741062615],[-107.26492558933492,48.28055917000052],[-107.26492534708245,48.280554668593346],[-107.26484032701919,48.28059659183222],[-107.26485399681016,48.28060520249004],[-107.26488955783277,48.28065363057454],[-107.26491752871603,48.28067991033237],[-107.26503455334803,48.28060166570554],[-107.26500074509579,48.28059342510297]]]}"
00000000000000002796,4101,0,0,0,"{""type"":""Polygon"",""coordinates"":[[[-107.26491731701056,48.28052358885183],[-107.2648815138003,48.28047065949451],[-107.26476351433732,48.28052659503171],[-107.26479104518373,48.28054394331659],[-107.26480563923775,48.280570488244535],[-107.26484032701919,48.28059659183222],[-107.26492534708245,48.280554668593346],[-107.26493147131262,48.28054120229756],[-107.26491731701056,48.28052358885183]]]}"
0000000000000000278c,4102,0,0,0,"{""type"":""Polygon"",""coordinates"":[[[-107.26481224048834,48.28041843671206],[-107.2648119473728,48.28040956088853],[-107.26468631340222,48.28044327662931],[-107.26468640891288,48.2804477224224],[-107.26470771985313,48.280474091174696],[-107.2647218740062,48.28049170463866],[-107.26473569042871,48.28050037090432],[-107.26476351433732,48.28052659503171],[-107.2648815138003,48.28047065949451],[-107.26481224048834,48.28041843671206]]]}"
00000000000000002791,4103,0,0,0,"{""type"":""Polygon"",""coordinates"":[[[-107.2647966204267,48.28036520880124],[-107.264768210062,48.28032999773926],[-107.26464889823447,48.28035467716358],[-107.26466305231062,48.28037229059851],[-107.26466368967476,48.280385652054896],[-107.26466500249774,48.280416907886675],[-107.26468631340222,48.28044327662931],[-107.2648119473728,48.28040956088853],[-107.2647966204267,48.28036520880124]]]}"
00000000000000002795,4104,0,0,0,"{""type"":""Polygon"",""coordinates"":[[[-107.2647444135075,48.28024563470384],[-107.26459168938719,48.28027093338781],[-107.26459226931365,48.28028438193782],[-107.26464889823447,48.28035467716358],[-107.264768210062,48.28032999773926],[-107.26476811454033,48.280325551956395],[-107.26476572440147,48.280272003343974],[-107.2647444135075,48.28024563470384]]]}"
0000000000000000278e,4105,0,0,0,"{""type"":""Polygon"",""coordinates"":[[[-107.26473735878767,48.280236863694036],[-107.26473658122512,48.28021898514047],[-107.26472047688077,48.28015675466366],[-107.26472027930073,48.2801523246513],[-107.26455451682484,48.280186835540675],[-107.26458987942969,48.28023083335613],[-107.26459168938719,48.28027093338781],[-107.2647444135075,48.28024563470384],[-107.26473735878767,48.280236863694036]]]}"
0000000000000000278f,4106,0,0,0,"{""type"":""Polygon"",""coordinates"":[[[-107.26469211140095,48.28012161507331],[-107.26467795738976,48.28010400172426],[-107.26467678470202,48.28007726320142],[-107.2646762047399,48.280063814705336],[-107.2646691500717,48.28005504371928],[-107.26449764616366,48.28011203909806],[-107.26453209100787,48.28013364121627],[-107.26454755767102,48.28018251029625],[-107.26455451682484,48.280186835540675],[-107.26472027930073,48.2801523246513],[-107.26469211140095,48.28012161507331]]]}"
00000000000000002792,4107,0,0,0,"{""type"":""Polygon"",""coordinates"":[[[-107.26462011143094,48.280006896990564],[-107.26458508668118,48.279971846480784],[-107.26445415216193,48.28003697758925],[-107.26448893459074,48.280067526824595],[-107.26445629966565,48.28008602461326],[-107.26449764616366,48.28011203909806],[-107.2646691500717,48.28005504371928],[-107.26462011143094,48.280006896990564]]]}"
00000000000000002794,4108,0,0,0,"{""type"":""Polygon"",""coordinates"":[[[-107.2645780320569,48.27996307550214],[-107.26455006200784,48.279936795979474],[-107.26453595279665,48.27991925402859],[-107.26450156554775,48.27989756487711],[-107.26437715063251,48.27995808965752],[-107.26440541354373,48.279993245001116],[-107.26445415216193,48.28003697758925],[-107.26458508668118,48.279971846480784],[-107.2645780320569,48.27996307550214]]]}"
0000000000000000278d,4109,0,0,0,"{""type"":""Polygon"",""coordinates"":[[[-107.2644329313403,48.27985870366598],[-107.26440476396633,48.27982799416041],[-107.2642811266208,48.27990639718172],[-107.26430831901358,48.27991479831551],[-107.26434266144211,48.27993641618591],[-107.26437715063251,48.27995808965752],[-107.26450156554775,48.27989756487711],[-107.2644329313403,48.27985870366598]]]}"
00000000000000002790,4110,0,0,0,"{""type"":""Polygon"",""coordinates"":[[[-107.26436954211553,48.27978851369551],[-107.2643156992406,48.279780627064255],[-107.26430134804897,48.27975858378252],[-107.2642947332595,48.279758744138675],[-107.26418520503321,48.279854688895654],[-107.264247077265,48.27989365504008],[-107.2642811266208,48.27990639718172],[-107.26440476396633,48.27982799416041],[-107.26436954211553,48.27978851369551]]]}"
00000000000000002793,4111,0,0,0,"{""type"":""Polygon"",""coordinates"":[[[-107.26427406030302,48.27974573693247],[-107.26424653041057,48.27972838873632],[-107.26421933818273,48.27971998761038],[-107.26418509151787,48.27970281550885],[-107.26408232481198,48.279798655304184],[-107.26410980997836,48.27981593221072],[-107.26413758198473,48.27983778182613],[-107.26418520503321,48.279854688895654],[-107.2642947332595,48.279758744138675],[-107.26427406030302,48.27974573693247]]]}"
0000000000000000278b,4112,0,0,0,"{""type"":""Polygon"",""coordinates"":[[[-107.26415094695767,48.27968562764419],[-107.26410940379752,48.27965518322396],[-107.26397847031271,48.27972031326894],[-107.26399248367302,48.27973340951025],[-107.26400619748806,48.27974209152599],[-107.26405479503133,48.279781307032955],[-107.26408232481198,48.279798655304184],[-107.26418509151787,48.27970281550885],[-107.26415094695767,48.27968562764419]]]}"
0000000000000000283b,4113,0,0,0,"{""type"":""Polygon"",""coordinates"":[[[-107.26404709252574,48.279607285848385],[-107.26402608220606,48.279585331566494],[-107.26388862963583,48.27965506746253],[-107.26396431688624,48.27970269993318],[-107.26397847031271,48.27972031326894],[-107.26410940379752,48.27965518322396],[-107.26404709252574,48.279607285848385]]]}"
0000000000000000278a,4114,0,0,0,"{""type"":""Polygon"",""coordinates"":[[[-107.26401153379831,48.2795588583492],[-107.2639973804046,48.279541245071094],[-107.26397607060517,48.27951487659606],[-107.26381133096893,48.279571765371294],[-107.26381838528688,48.279580536349314],[-107.2638326406407,48.27959813391439],[-107.2638609026256,48.2796332892031],[-107.26388862963583,48.27965506746253],[-107.26402608220606,48.279585331566494],[-107.26401153379831,48.2795588583492]]]}"
00000000000000002789,4115,0,0,0,"{""type"":""Polygon"",""coordinates"":[[[-107.2639551050377,48.27949299369551],[-107.26392027909823,48.27946237320771],[-107.26392572164451,48.27943547465849],[-107.26374094692412,48.27949271723114],[-107.26375563512754,48.27952370754358],[-107.2638042320081,48.27956292303264],[-107.26381133096893,48.279571765371294],[-107.26397607060517,48.27951487659606],[-107.2639551050377,48.27949299369551]]]}"
00000000000000002842,4116,0,0,0,"{""type"":""Polygon"",""coordinates"":[[[-107.26388442116252,48.279409531585884],[-107.26385635677693,48.279378806401084],[-107.26384886287471,48.2793611041959],[-107.26368388187862,48.279413491251944],[-107.26370519135025,48.2794398597497],[-107.26371929987918,48.27945740168134],[-107.2637196373921,48.279466348716575],[-107.26373389264512,48.279483946260974],[-107.26374094692412,48.27949271723114],[-107.26392572164451,48.27943547465849],[-107.26388442116252,48.279409531585884]]]}"
000000000000000027ef,4117,0,0,0,"{""type"":""Polygon"",""coordinates"":[[[-107.26383393250407,48.27932561268494],[-107.26383884005364,48.27928533725926],[-107.26383188119696,48.27928101202896],[-107.26361305892235,48.279325511978854],[-107.26368388187862,48.279413491251944],[-107.26384886287471,48.2793611041959],[-107.26383393250407,48.27932561268494]]]}"
00000000000000002788,4118,0,0,0,"{""type"":""Polygon"",""coordinates"":[[[-107.26377589282946,48.27922407883337],[-107.26376154222594,48.27920203568739],[-107.26357574967524,48.279236898109815],[-107.26358304595732,48.27925017035653],[-107.26361305892235,48.279325511978854],[-107.26383188119696,48.27928101202896],[-107.26377589282946,48.27922407883337]]]}"
00000000000000002843,4119,0,0,0,"{""type"":""Polygon"",""coordinates"":[[[-107.26374738910897,48.27918442248394],[-107.26375176171788,48.279130770256266],[-107.26374446538085,48.27911749805363],[-107.2635581763303,48.279143516262415],[-107.2635592528505,48.279165808657694],[-107.26357574967524,48.279236898109815],[-107.26376154222594,48.27920203568739],[-107.26374738910897,48.27918442248394]]]}"
00000000000000002784,4120,0,0,0,"{""type"":""Polygon"",""coordinates"":[[[-107.26373434074056,48.27904174720272],[-107.2635138132382,48.27904613175122],[-107.26351410606189,48.27905500735795],[-107.26355720186876,48.279121208121985],[-107.2635581763303,48.279143516262415],[-107.26374446538085,48.27911749805363],[-107.26373434074056,48.27904174720272]]]}"
0000000000000000277f,4121,0,0,0,"{""type"":""Polygon"",""coordinates"":[[[-107.26371706653237,48.27895277989988],[-107.26349639289656,48.278957108780475],[-107.2634966349814,48.278961610059916],[-107.26349844381505,48.27900170918108],[-107.2635138132382,48.27904613175122],[-107.26373434074056,48.27904174720272],[-107.26372675154965,48.279019599420174],[-107.2637314170212,48.278974822951824],[-107.26371706653237,48.27895277989988]]]}"
00000000000000002787,4122,0,0,0,"{""type"":""Polygon"",""coordinates"":[[[-107.26370903778887,48.27892170096237],[-107.26369283363267,48.278859487533005],[-107.26343943129241,48.27887786766672],[-107.26345422106229,48.27890884192414],[-107.26349639289656,48.278957108780475],[-107.26371706653237,48.27895277989988],[-107.26370903778887,48.27892170096237]]]}"
00000000000000002785,4123,0,0,0,"{""type"":""Polygon"",""coordinates"":[[[-107.26367726655631,48.27881063524727],[-107.26366213908457,48.27877071416675],[-107.26343553369792,48.27878863559701],[-107.26343879434769,48.27886450657143],[-107.26343943129241,48.27887786766672],[-107.26369283363267,48.278859487533005],[-107.26367726655631,48.27881063524727]]]}"
00000000000000002786,4124,0,0,0,"{""type"":""Polygon"",""coordinates"":[[[-107.26363173142047,48.27868651355153],[-107.26363148931726,48.27868201229624],[-107.26341149907762,48.27869977332347],[-107.26344019944786,48.27874385933074],[-107.26343553369792,48.27878863559701],[-107.26366213908457,48.27877071416675],[-107.26363173142047,48.27868651355153]]]}"
00000000000000002782,4125,0,0,0,"{""type"":""Polygon"",""coordinates"":[[[-107.26361596702789,48.27863323152078],[-107.26360725676255,48.27858872037532],[-107.26337486575424,48.27862905418776],[-107.26338941330842,48.278655527059016],[-107.26340440038906,48.27869093109375],[-107.26341149907762,48.27869977332347],[-107.26363148931726,48.27868201229624],[-107.26363129185931,48.27867758240173],[-107.26361596702789,48.27863323152078]]]}"
00000000000000002783,4126,0,0,0,"{""type"":""Polygon"",""coordinates"":[[[-107.26335069134716,48.27853567516222],[-107.2633446117017,48.27854921220992],[-107.2633603756338,48.27860249421244],[-107.26337486575424,48.27862905418776],[-107.26360725676255,48.27858872037532],[-107.26359820901573,48.27853526238553],[-107.26361118985037,48.278526137631246],[-107.26360987783326,48.27849488287888],[-107.26335069134716,48.27853567516222]]]}"
000000000000000028cf,4127,0,0,0,"{""type"":""Polygon"",""coordinates"":[[[-107.26336507742438,48.278405903966906],[-107.26336561229452,48.27841928070166],[-107.263367026163,48.278450519663956],[-107.26335681563255,48.278522209478034],[-107.26335069134716,48.27853567516222],[-107.26360987783326,48.27849488287888],[-107.26360822165711,48.278459142662776],[-107.26360704968396,48.27843240493801],[-107.26336507742438,48.278405903966906]]]}"
00000000000000002775,4128,0,0,0,"{""type"":""Polygon"",""coordinates"":[[[-107.2634415291635,48.278319528557354],[-107.26341555484257,48.278337936420066],[-107.26338997536406,48.27836520402071],[-107.26336410305477,48.27838359613245],[-107.26336507742438,48.278405903966906],[-107.26360704968396,48.27843240493801],[-107.26360554020886,48.27839672036972],[-107.26363063540464,48.278360450241024],[-107.26363010043609,48.278347073525076],[-107.2634415291635,48.278319528557354]]]}"
0000000000000000277a,4129,0,0,0,"{""type"":""Polygon"",""coordinates"":[[[-107.26349755097019,48.27822464742149],[-107.26345271387211,48.27827014678957],[-107.2634415291635,48.278319528557354],[-107.26363010043609,48.278347073525076],[-107.26362912590227,48.27832476572222],[-107.2636680809124,48.27829723308742],[-107.26368077489406,48.278283535786095],[-107.26349755097019,48.27822464742149]]]}"
0000000000000000277b,4130,0,0,0,"{""type"":""Polygon"",""coordinates"":[[[-107.26364141509765,48.278150323955934],[-107.26361534554142,48.27816428620385],[-107.26358227271403,48.278173851924684],[-107.26353038174126,48.27821058050395],[-107.26349730888086,48.27822014620472],[-107.26349755097019,48.27822464742149],[-107.26368077489406,48.278283535786095],[-107.26370655164956,48.278260698013746],[-107.26371321077565,48.27826060907024],[-107.26364141509765,48.278150323955934]]]}"
00000000000000002781,4131,0,0,0,"{""type"":""Polygon"",""coordinates"":[[[-107.26376704057924,48.278116611254525],[-107.26376042612017,48.278116771560555],[-107.26374039139955,48.27811712551096],[-107.26371397770355,48.27812660232288],[-107.26368722647568,48.27812713231877],[-107.26364141509765,48.278150323955934],[-107.26371321077565,48.27826060907024],[-107.26385304694374,48.27824442195859],[-107.26376704057924,48.278116611254525]]]}"
0000000000000000277e,4132,0,0,0,"{""type"":""Polygon"",""coordinates"":[[[-107.26389208628957,48.278069450410314],[-107.26381937092897,48.278088813665455],[-107.26376704057924,48.278116611254525],[-107.26385304694374,48.27824442195859],[-107.26389959098334,48.27823903671305],[-107.26397235131513,48.27821974469371],[-107.26389208628957,48.278069450410314]]]}"
00000000000000002780,4133,0,0,0,"{""type"":""Polygon"",""coordinates"":[[[-107.26395049591395,48.278028115831134],[-107.26391844253982,48.278060060674456],[-107.26389208628957,48.278069450410314],[-107.26397235131513,48.27821974469371],[-107.26400586388712,48.278219109895],[-107.26403217560639,48.278209648738965],[-107.2640643691691,48.27818222073007],[-107.26411057558005,48.27816788857509],[-107.26413688726574,48.27815842740034],[-107.26395049591395,48.278028115831134]]]}"
0000000000000000276f,4134,0,0,0,"{""type"":""Polygon"",""coordinates"":[[[-107.26398215423085,48.2779873113273],[-107.26395049591395,48.278028115831134],[-107.26413688726574,48.27815842740034],[-107.26415658445313,48.27814912655449],[-107.26420847507694,48.27811239768836],[-107.26424096807347,48.27808938376162],[-107.2642860973864,48.278052759632786],[-107.26398215423085,48.2779873113273]]]}"
00000000000000002777,4135,0,0,0,"{""type"":""Polygon"",""coordinates"":[[[-107.2639931406353,48.27793349999575],[-107.2639933827878,48.27793800118535],[-107.2639945550652,48.27796473864844],[-107.26399509017587,48.277978115262314],[-107.26398215423085,48.2779873113273],[-107.2642860973864,48.278052759632786],[-107.26430111726334,48.277936350411196],[-107.26431332038156,48.27790934789046],[-107.2639931406353,48.27793349999575]]]}"
00000000000000002778,4136,0,0,0,"{""type"":""Polygon"",""coordinates"":[[[-107.26433704462288,48.27784191070515],[-107.26430265936577,48.27782022228148],[-107.26428242714636,48.277816146522824],[-107.26401575050551,48.277839238319544],[-107.2640045666642,48.27788861972966],[-107.26399236337186,48.27791562220505],[-107.2639931406353,48.27793349999575],[-107.26431332038156,48.27790934789046],[-107.26432547883549,48.277882274023376],[-107.26435105752485,48.277855006441925],[-107.26433704462288,48.27784191070515]]]}"
00000000000000002779,4137,0,0,0,"{""type"":""Polygon"",""coordinates"":[[[-107.26405090105959,48.27772692115494],[-107.26404482178465,48.27774045803111],[-107.26401336126341,48.27778569217596],[-107.26401477571777,48.277816930740656],[-107.26401575050551,48.277839238319544],[-107.26428242714636,48.277816146522824],[-107.26405090105959,48.27772692115494]]]}"
00000000000000002770,4138,0,0,0,"{""type"":""Polygon"",""coordinates"":[[[-107.26429492326098,48.27779801945526],[-107.26414038808323,48.27763133459525],[-107.26410799754589,48.277654332524385],[-107.26407633964436,48.277695136802954],[-107.26405090105959,48.27772692115494],[-107.26428242714636,48.277816146522824],[-107.26430265936577,48.27782022228148],[-107.26429492326098,48.27779801945526]]]}"
00000000000000002761,4139,0,0,0,"{""type"":""Polygon"",""coordinates"":[[[-107.26425915541829,48.27759328078889],[-107.2641793421561,48.27760380213688],[-107.26416640637008,48.27761299815776],[-107.26414038808323,48.27763133459525],[-107.26429492326098,48.27779801945526],[-107.2643255931987,48.27758302445651],[-107.2643253956488,48.27757859465756],[-107.26425915541829,48.27759328078889]]]}"
00000000000000002768,4140,0,0,0,"{""type"":""Polygon"",""coordinates"":[[[-107.264486437136,48.277588790075114],[-107.26447306160553,48.27758905517675],[-107.26444591542091,48.27758072577691],[-107.26443264195413,48.27758097511776],[-107.2643255931987,48.27758302445651],[-107.26429492326098,48.27779801945526],[-107.26430265936577,48.27782022228148],[-107.26433704462288,48.27784191070515],[-107.26452004483919,48.27759260066817],[-107.26451984726572,48.277588170869414],[-107.264486437136,48.277588790075114]]]}"
00000000000000002766,4141,0,0,0,"{""type"":""GeometryCollection"",""geometries"":[{""type"":""LineString"",""coordinates"":[[-107.26435081980976,48.27785053280751],[-107.2643510171058,48.27785499516643]]},{""type"":""Polygon"",""coordinates"":[[[-107.26461566861687,48.27763543117358],[-107.26454071681722,48.27760560731819],[-107.26452004483919,48.27759260066817],[-107.26433704462288,48.27784191070515],[-107.26435081532753,48.27785050526141],[-107.26440368044913,48.27783608407817],[-107.26466460237772,48.27768359157852],[-107.26461566861687,48.27763543117358]]]}]}"
00000000000000002772,4142,0,0,0,"{""type"":""GeometryCollection"",""geometries"":[{""type"":""LineString"",""coordinates"":[[-107.26440370891812,48.27783609214931],[-107.2644166845634,48.2778269040326]]},{""type"":""Polygon"",""coordinates"":[[[-107.26474831706405,48.27776229985401],[-107.26473387066055,48.277735811902105],[-107.26469252636318,48.27770979862872],[-107.26466460237772,48.27768359157852],[-107.26441671834976,48.2778268722302],[-107.26445762267386,48.27784395468455],[-107.26455820426234,48.27785088531735],[-107.26475527583217,48.27776662489631],[-107.26474831706405,48.27776229985401]]]}]}"
0000000000000000276e,4143,0,0,0,"{""type"":""Polygon"",""coordinates"":[[[-107.26477672568898,48.277797509261305],[-107.26475527583217,48.27776662489631],[-107.26455820426234,48.27785088531735],[-107.26460738040132,48.27790354712662],[-107.26460826002273,48.27792140914543],[-107.2646290277514,48.27793886143387],[-107.26463598652734,48.27794318649901],[-107.26483052145892,48.27780532404296],[-107.26477672568898,48.277797509261305]]]}"
0000000000000000276b,4144,0,0,0,"{""type"":""Polygon"",""coordinates"":[[[-107.26487089070443,48.27780902974362],[-107.26486437178137,48.2778136356962],[-107.26483052145892,48.27780532404296],[-107.26463598652734,48.27794318649901],[-107.2647387613097,48.27799923337832],[-107.26474581565911,48.27800800402737],[-107.26490688933713,48.27786638632405],[-107.26487089070443,48.27780902974362]]]}"
00000000000000002776,4145,0,0,0,"{""type"":""Polygon"",""coordinates"":[[[-107.2649137460981,48.27787072711761],[-107.26490688933713,48.27786638632405],[-107.26474581565911,48.27800800402737],[-107.26477320455308,48.278020834590116],[-107.26479387690124,48.278033841281285],[-107.26482140604246,48.278051188785334],[-107.2648815235652,48.27804996775791],[-107.26490239360811,48.27806740426748],[-107.26494974486425,48.277928083745316],[-107.2649137460981,48.27787072711761]]]}"
0000000000000000279a,4146,0,0,0,"{""type"":""Polygon"",""coordinates"":[[[-107.26494974486425,48.277928083745316],[-107.26490239360811,48.27806740426748],[-107.26493026068736,48.278093698540026],[-107.26502433107927,48.27810077331728],[-107.26510982968479,48.27806785442968],[-107.2651422203508,48.278044855980134],[-107.26515559614093,48.27804459077645],[-107.26519008447487,48.27806626320481],[-107.26519650137188,48.2780616729633],[-107.26519494567233,48.278025917350696],[-107.26494974486425,48.277928083745316]]]}"
0000000000000000279e,4147,0,0,0,"{""type"":""Polygon"",""coordinates"":[[[-107.2649137460981,48.27787072711761],[-107.26494974486425,48.277928083745316],[-107.26519494567233,48.278025917350696],[-107.26519421247079,48.27800811091213],[-107.2651908460087,48.27793225707355],[-107.26522226100299,48.27788695108181],[-107.2649137460981,48.27787072711761]]]}"
000000000000000027a5,4148,0,0,0,"{""type"":""Polygon"",""coordinates"":[[[-107.26527142178803,48.27778772902829],[-107.26488348866701,48.27779088685177],[-107.26487089070443,48.27780902974362],[-107.26490688933713,48.27786638632405],[-107.2649137460981,48.27787072711761],[-107.26522226100299,48.27788695108181],[-107.26522877992149,48.277882345098696],[-107.26527827860595,48.27779206978796],[-107.26527142178803,48.27778772902829]]]}"
00000000000000002733,4149,0,0,0,"{""type"":""Polygon"",""coordinates"":[[[-107.26525011165928,48.27776136171606],[-107.26523522485007,48.277725942879314],[-107.26519310212164,48.277682052153914],[-107.2651791909058,48.277668940836335],[-107.2649607144995,48.27772238902752],[-107.26494797637433,48.27773601498181],[-107.26491548389143,48.27775902898133],[-107.26488348866701,48.27779088685177],[-107.26527142178803,48.27778772902829],[-107.26525011165928,48.27776136171606]]]}"
00000000000000002771,4150,0,0,0,"{""type"":""Polygon"",""coordinates"":[[[-107.26512276186637,48.27760307922272],[-107.26512232192529,48.277594148271845],[-107.26510164961529,48.277581141758205],[-107.26493039963148,48.27764263611431],[-107.26493755603775,48.27765139093482],[-107.26497997151432,48.277704157124994],[-107.2649607144995,48.27772238902752],[-107.2651791909058,48.277668940836335],[-107.26512276186637,48.27760307922272]]]}"
0000000000000000275f,4151,0,0,0,"{""type"":""Polygon"",""coordinates"":[[[-107.26509479286796,48.277576801001416],[-107.26507436287164,48.27756829563753],[-107.26505271517023,48.277532981686306],[-107.26500489650205,48.27751164594608],[-107.26499803978544,48.277507305187285],[-107.26486045543724,48.277572522618655],[-107.26489503863868,48.27759864053043],[-107.26489547852394,48.27760757148453],[-107.26490919195419,48.277616253033116],[-107.26493039963148,48.27764263611431],[-107.26510164961529,48.277581141758205],[-107.26509479286796,48.277576801001416]]]}"
0000000000000000275d,4152,0,0,0,"{""type"":""Polygon"",""coordinates"":[[[-107.26497007097942,48.27748102697225],[-107.26494224892207,48.2774548043636],[-107.26494103128097,48.27742799582929],[-107.26479021188612,48.27749799512245],[-107.26479706856095,48.277502335896386],[-107.264824992558,48.27752854281821],[-107.2648391458059,48.277546155309636],[-107.26486045543724,48.277572522618655],[-107.26499803978544,48.277507305187285],[-107.26497007097942,48.27748102697225]]]}"
00000000000000002767,4153,0,0,0,"{""type"":""Polygon"",""coordinates"":[[[-107.26492687800794,48.27741038339275],[-107.26488416325056,48.27735320343954],[-107.26486373346829,48.27734469806127],[-107.2647133096086,48.27742355668138],[-107.26473451700433,48.2774499397171],[-107.26476920201826,48.277476041864794],[-107.26479021188612,48.27749799512245],[-107.26494103128097,48.27742799582929],[-107.26492687800794,48.27741038339275]]]}"
00000000000000002762,4154,0,0,0,"{""type"":""Polygon"",""coordinates"":[[[-107.26480901394665,48.27731895017493],[-107.26478727112907,48.277279190792186],[-107.26478031244027,48.27727486578994],[-107.26461695319561,48.27736292020359],[-107.26462405204758,48.27737176211815],[-107.2646446793246,48.27738469733486],[-107.26467906453556,48.27740638545914],[-107.2647133096086,48.27742355668138],[-107.26486373346829,48.27734469806127],[-107.26480901394665,48.27731895017493]]]}"
00000000000000002763,4155,0,0,0,"{""type"":""Polygon"",""coordinates"":[[[-107.26468415380275,48.277218659311444],[-107.26467734184511,48.27721438990879],[-107.26450746397884,48.27730704992363],[-107.26452809115477,48.27731998515215],[-107.26456194086394,48.277328296851444],[-107.26461695319561,48.27736292020359],[-107.26478031244027,48.27727486578994],[-107.26468415380275,48.277218659311444]]]}"
00000000000000002764,4156,0,0,0,"{""type"":""Polygon"",""coordinates"":[[[-107.26460044041973,48.277139951753846],[-107.26444349848354,48.27722341550847],[-107.26444374069607,48.27722791663516],[-107.26445809117125,48.27724995886196],[-107.2644997278093,48.2772848473304],[-107.26450036517467,48.27729820801003],[-107.26450746397884,48.27730704992363],[-107.26467734184511,48.27721438990879],[-107.26460044041973,48.277139951753846]]]}"
00000000000000002756,4157,0,0,0,"{""type"":""Polygon"",""coordinates"":[[[-107.26457271449837,48.27711817470506],[-107.26453822758624,48.277096502406444],[-107.26452378157674,48.277070014745505],[-107.26436664235639,48.277149048495104],[-107.2644227312507,48.27720596340279],[-107.26444349848354,48.27722341550847],[-107.26460044041973,48.277139951753846],[-107.2645998030145,48.27712659111576],[-107.26457271449837,48.27711817470506]]]}"
00000000000000002765,4158,0,0,0,"{""type"":""Polygon"",""coordinates"":[[[-107.26451648523016,48.277056743117484],[-107.26444688086032,48.276995576652304],[-107.26428974194246,48.27707461015749],[-107.26428993949155,48.27707903991444],[-107.264303652505,48.277087721473514],[-107.26433162036368,48.27711399971172],[-107.26435910386353,48.277131275714616],[-107.26435978582585,48.27714470771571],[-107.26436664235639,48.277149048495104],[-107.26452378157674,48.277070014745505],[-107.26451648523016,48.277056743117484]]]}"
00000000000000002754,4159,0,0,0,"{""type"":""Polygon"",""coordinates"":[[[-107.26443972471947,48.27698682189678],[-107.26439176724749,48.27696096917762],[-107.26437761447703,48.276943356802526],[-107.26435694293865,48.27693035026869],[-107.26419990633067,48.2770093677686],[-107.26422719211456,48.27702221402663],[-107.26427583139144,48.277061498842414],[-107.26428974194246,48.27707461015749],[-107.26444688086032,48.276995576652304],[-107.26443972471947,48.27698682189678]]]}"
0000000000000000275b,4160,0,0,0,"{""type"":""Polygon"",""coordinates"":[[[-107.26435008644773,48.2769260095055],[-107.26432216334334,48.27689980272075],[-107.26426029564709,48.27686083870932],[-107.2641035523137,48.27694873118865],[-107.26413769444713,48.27696591824469],[-107.26418589379416,48.276996272209324],[-107.26419990633067,48.2770093677686],[-107.26435694293865,48.27693035026869],[-107.26435008644773,48.2769260095055]]]}"
00000000000000002759,4161,0,0,0,"{""type"":""Polygon"",""coordinates"":[[[-107.26422503185242,48.27682128897415],[-107.26416958115975,48.27677773489336],[-107.26400111958574,48.276901631226394],[-107.2640355037554,48.27692331940989],[-107.26408953984692,48.276935635628526],[-107.2641035523137,48.27694873118865],[-107.26425353468017,48.276860943437455],[-107.26422503185242,48.27682128897415]]]}"
0000000000000000275a,4162,0,0,0,"{""type"":""Polygon"",""coordinates"":[[[-107.2641280409843,48.27674729207476],[-107.26407400512447,48.27673497591565],[-107.2640535313938,48.276726399089],[-107.26391118310522,48.27683640450442],[-107.26396643590425,48.27687552905032],[-107.26398710718719,48.27688853566123],[-107.26400111958574,48.276901631226394],[-107.26416958115975,48.27677773489336],[-107.2641280409843,48.27674729207476]]]}"
00000000000000002769,4163,0,0,0,"{""type"":""Polygon"",""coordinates"":[[[-107.26400615450271,48.276713993935616],[-107.26398397335377,48.27666530398422],[-107.26397015855773,48.276656638195874],[-107.26382134907155,48.276771162014555],[-107.26384931622289,48.27679744025425],[-107.26391118310522,48.27683640450442],[-107.2640535313938,48.276726399089],[-107.26400615450271,48.276713993935616]]]}"
00000000000000002773,4164,0,0,0,"{""type"":""Polygon"",""coordinates"":[[[-107.26392220206692,48.276630785378394],[-107.26390824720905,48.27661760275374],[-107.26372362704215,48.27667935872214],[-107.26373817428055,48.27670583057534],[-107.26382134907155,48.276771162014555],[-107.26397015855773,48.276656638195874],[-107.26392220206692,48.276630785378394]]]}"
0000000000000000277c,4165,0,0,0,"{""type"":""Polygon"",""coordinates"":[[[-107.26388085986369,48.276604772244625],[-107.26387249367848,48.276564748148274],[-107.2636790235928,48.2765774776914],[-107.26369532254827,48.27664413393933],[-107.26372362704215,48.27667935872214],[-107.26390824720905,48.27661760275374],[-107.26388085986369,48.276604772244625]]]}"
0000000000000000277d,4166,0,0,0,"{""type"":""Polygon"",""coordinates"":[[[-107.26368806050175,48.27647905377481],[-107.2636825163997,48.2765059665522],[-107.26367055559554,48.276537469345676],[-107.2636790235928,48.2765774776914],[-107.26387249367848,48.276564748148274],[-107.26386422295712,48.27652916954803],[-107.26389009377645,48.276510777982516],[-107.26388980081923,48.27650190280611],[-107.26389607739624,48.27649279597094],[-107.26368806050175,48.27647905377481]]]}"
00000000000000002755,4167,0,0,0,"{""type"":""Polygon"",""coordinates"":[[[-107.26371047232087,48.27638036506822],[-107.26369782985628,48.27639843596274],[-107.26369199286805,48.276416473535285],[-107.26369924410727,48.27642967372006],[-107.26368806050175,48.27647905377481],[-107.26389607739624,48.27649279597094],[-107.26390861777759,48.27647474077288],[-107.26392753676183,48.27644756299662],[-107.26392631982547,48.276420754940766],[-107.26371047232087,48.27638036506822]]]}"
0000000000000000274e,4168,0,0,0,"{""type"":""Polygon"",""coordinates"":[[[-107.26374679401061,48.276294787758225],[-107.26374047280275,48.27630382319211],[-107.26374776868845,48.276317094702335],[-107.26371047232087,48.27638036506822],[-107.26392631982547,48.276420754940766],[-107.26392612231601,48.27641632523706],[-107.2639251475326,48.27639401825569],[-107.26395024095103,48.276357749458256],[-107.26397625831945,48.276339413535915],[-107.26397601615959,48.27633491248214],[-107.26374679401061,48.276294787758225]]]}"
00000000000000002753,4169,0,0,0,"{""type"":""Polygon"",""coordinates"":[[[-107.26373025291224,48.276223630912774],[-107.26374460252266,48.27624567285065],[-107.26373872094261,48.2762636390156],[-107.26374615690192,48.276281427319894],[-107.26374679401061,48.276294787758225],[-107.26397601615959,48.27633491248214],[-107.26398582949389,48.27625436623378],[-107.26401744142798,48.27621349177025],[-107.26373025291224,48.276223630912774]]]}"
00000000000000002747,4170,0,0,0,"{""type"":""Polygon"",""coordinates"":[[[-107.26369980192015,48.27613936297278],[-107.26370665814943,48.27614370372462],[-107.2637288386247,48.2761923932782],[-107.26372339666456,48.27621929015654],[-107.26373025291224,48.276223630912774],[-107.26401744142798,48.27621349177025],[-107.26402376257035,48.27620445633518],[-107.26401417925089,48.27613762464684],[-107.26402671945361,48.27611956955882],[-107.26369980192015,48.27613936297278]]]}"
00000000000000002751,4171,0,0,0,"{""type"":""Polygon"",""coordinates"":[[[-107.2640544317209,48.27598946790352],[-107.26364347390968,48.27607794767775],[-107.2636792712681,48.276130873260925],[-107.26369980192015,48.27613936297278],[-107.26402671945361,48.27611956955882],[-107.26403323810062,48.27611496381723],[-107.26405759852243,48.27606088938381],[-107.26407053373943,48.27605169366116],[-107.2640544317209,48.27598946790352]]]}"
0000000000000000274a,4172,0,0,0,"{""type"":""Polygon"",""coordinates"":[[[-107.26403161361145,48.27592741827752],[-107.26404454878126,48.275918222582725],[-107.2635726058544,48.275985599698345],[-107.26360816089195,48.2760340241907],[-107.26360889337819,48.276051829996646],[-107.26362936654859,48.27606040682318],[-107.26364347390968,48.27607794767775],[-107.2640544317209,48.27598946790352],[-107.26405369901549,48.27597166212745],[-107.26403161361145,48.27592741827752]]]}"
0000000000000000274d,4173,0,1,0,"{""type"":""Polygon"",""coordinates"":[[[-107.26412231295635,48.27585864285205],[-107.26411535464587,48.27585431790791],[-107.26396765158525,48.27584378563341],[-107.26353495510028,48.27589250606171],[-107.26353592966282,48.27591481284167],[-107.26355008155912,48.27593242502133],[-107.26355096071225,48.27595028639777],[-107.2635726058544,48.275985599698345],[-107.26404454878126,48.275918222582725],[-107.26405714629495,48.275900080457504],[-107.26410967083785,48.2758767136142],[-107.26413598083985,48.27586725289115],[-107.26412231295635,48.27585864285205]]]}"
00000000000000002752,4174,0,0,0,"{""type"":""Polygon"",""coordinates"":[[[-107.2635203978885,48.27571415682729],[-107.26351582840209,48.27576337592191],[-107.26353081474036,48.275798778024964],[-107.26353300597464,48.27584789252993],[-107.26353475763472,48.27588807640021],[-107.26353495510028,48.27589250606171],[-107.26396765158525,48.27584378563341],[-107.2635203978885,48.27571415682729]]]}"
00000000000000002748,4175,0,0,0,"{""type"":""Polygon"",""coordinates"":[[[-107.2640872923818,48.2758235947965],[-107.26405976535379,48.2758062477572],[-107.26401356198217,48.27582057917243],[-107.26395320647036,48.275817298489706],[-107.26393983165516,48.27581756349011],[-107.2638713010266,48.275783150065614],[-107.26393666505699,48.275746142328515],[-107.26366469137142,48.27564876774278],[-107.26365189633765,48.27566248008951],[-107.26361848825321,48.275663098919004],[-107.26358508018014,48.27566371773659],[-107.26355161471139,48.27566442365196],[-107.26351820666095,48.27566504244573],[-107.2635203978885,48.27571415682729],[-107.26396765158525,48.27584378563341],[-107.26411535464587,48.27585431790791],[-107.2640872923818,48.2758235947965]]]}"
00000000000000002742,4176,0,0,0,"{""type"":""Polygon"",""coordinates"":[[[-107.26385542975655,48.27557354827444],[-107.26384871369649,48.27557372432102],[-107.26374255066145,48.27559363401954],[-107.26366469137142,48.27564876774278],[-107.26393666505699,48.275746142328515],[-107.26396909849552,48.27572321668517],[-107.26385542975655,48.27557354827444]]]}"
0000000000000000273f,4177,0,0,0,"{""type"":""MultiPolygon"",""coordinates"":[[[[-107.26407955671772,48.275801392777716],[-107.26405976535379,48.2758062477572],[-107.2640872923818,48.2758235947965],[-107.26407955671772,48.275801392777716]]],[[[-107.26400759830292,48.27553487751959],[-107.2639804091753,48.27552647691171],[-107.2639141728079,48.2755411621389],[-107.26385542975655,48.27557354827444],[-107.26396909849552,48.27572321668517],[-107.26398223111656,48.27571845068062],[-107.2640420513116,48.27570835529976],[-107.26405542610192,48.27570809028631],[-107.26400759830292,48.27553487751959]]]]}"
00000000000000002741,4178,0,0,0,"{""type"":""MultiPolygon"",""coordinates"":[[[[-107.26407955671772,48.275801392777716],[-107.2640872923818,48.2758235947965],[-107.26411535464587,48.27585431790791],[-107.26412231295635,48.27585864285205],[-107.26413241878525,48.275786972378405],[-107.26407955671772,48.275801392777716]]],[[[-107.26409392548493,48.27551975115061],[-107.26402117055282,48.27553904214293],[-107.26400759830292,48.27553487751959],[-107.26405542610192,48.27570809028631],[-107.26410828802804,48.27569366992925],[-107.26414797269025,48.27568394421632],[-107.26418039282017,48.2755091414439],[-107.26409392548493,48.27551975115061]]]]}"
0000000000000000274c,4179,0,0,0,"{""type"":""MultiPolygon"",""coordinates"":[[[[-107.26416588457059,48.27578626625103],[-107.26413241878525,48.275786972378405],[-107.26412231295635,48.27585864285205],[-107.26413598083985,48.27586725289115],[-107.26415567675281,48.27585795247964],[-107.26420820122914,48.27583458560271],[-107.26420722625255,48.27581227887382],[-107.26416588457059,48.27578626625103]]],[[[-107.26426823032769,48.27552969751008],[-107.26419376755824,48.275508876413504],[-107.26418039282017,48.2755091414439],[-107.26414797269025,48.27568394421632],[-107.26417448009686,48.27567891316105],[-107.26418785489537,48.275678648129094],[-107.2642213652462,48.27567801334196],[-107.26428172073716,48.2756812938481],[-107.26432197157794,48.27553313830895],[-107.26426823032769,48.27552969751008]]]]}"
0000000000000000274f,4180,0,0,0,"{""type"":""Polygon"",""coordinates"":[[[-107.26444939839169,48.275539523056956],[-107.26432197157794,48.27553313830895],[-107.26428172073716,48.2756812938481],[-107.26438905704065,48.27568811980607],[-107.26440928816024,48.27569219540659],[-107.26446291335449,48.27554377472523],[-107.26444939839169,48.275539523056956]]]}"
0000000000000000273e,4181,0,0,0,"{""type"":""Polygon"",""coordinates"":[[[-107.26455707229883,48.27555529517947],[-107.26447648572758,48.27554793928181],[-107.26446291335449,48.27554377472523],[-107.26440928816024,48.27569219540659],[-107.26453117229154,48.27572549245219],[-107.26453793307155,48.275725387711496],[-107.26459111805333,48.275568036260196],[-107.26455707229883,48.27555529517947]]]}"
0000000000000000274b,4182,0,0,0,"{""type"":""Polygon"",""coordinates"":[[[-107.2646990919312,48.27558822210004],[-107.26461174437381,48.27558097106825],[-107.26459111805333,48.275568036260196],[-107.26453793307155,48.275725387711496],[-107.26455120588857,48.275725138381304],[-107.26459177033506,48.27573327375742],[-107.26463894891295,48.275741248767076],[-107.26465937774793,48.275749753959985],[-107.26466603649158,48.27574966496434],[-107.26471932310153,48.275592297626304],[-107.2646990919312,48.27558822210004]]]}"
00000000000000002750,4183,0,0,0,"{""type"":""Polygon"",""coordinates"":[[[-107.26477335794051,48.275604613182885],[-107.26471932310153,48.275592297626304],[-107.26466603649158,48.27574966496434],[-107.26467941138552,48.27574939986117],[-107.26470679865032,48.27576222993768],[-107.26480761723184,48.27577366117217],[-107.26484047451399,48.27560778856823],[-107.26477335794051,48.275604613182885]]]}"
0000000000000000273b,4184,0,0,0,"{""type"":""Polygon"",""coordinates"":[[[-107.26492125924929,48.275619573786976],[-107.26487447587448,48.27562045819904],[-107.26486070574218,48.27561186406475],[-107.26484047451399,48.27560778856823],[-107.26480761723184,48.27577366117217],[-107.26488154588655,48.27578110581347],[-107.26492167069969,48.27578031040455],[-107.26493538350907,48.275788991666],[-107.2649752943158,48.275631889230525],[-107.26492125924929,48.275619573786976]]]}"
00000000000000002758,4185,0,0,0,"{""type"":""Polygon"",""coordinates"":[[[-107.26498215070421,48.27563622984575],[-107.2649752943158,48.275631889230525],[-107.26493538350907,48.275788991666],[-107.26498859007002,48.275779056040726],[-107.26502248963764,48.27579174140836],[-107.2650759894876,48.27579068077818],[-107.26509624865162,48.27564295021349],[-107.26498215070421,48.27563622984575]]]}"
00000000000000002757,4186,0,0,0,"{""type"":""Polygon"",""coordinates"":[[[-107.2651701773448,48.275650394613336],[-107.26510296481185,48.27564277407692],[-107.26509624865162,48.27564295021349],[-107.2650759894876,48.27579068077818],[-107.26522345216232,48.275796710287935],[-107.26522367707462,48.27564933390676],[-107.2651701773448,48.275650394613336]]]}"
0000000000000000275c,4187,0,0,0,"{""type"":""Polygon"",""coordinates"":[[[-107.26522367707462,48.27564933390676],[-107.26522345216232,48.275796710287935],[-107.2653573424284,48.27579857512269],[-107.26535776449906,48.275655628381784],[-107.26522367707462,48.27564933390676]]]}"
00000000000000002760,4188,0,0,0,"{""type"":""Polygon"",""coordinates"":[[[-107.26547098294854,48.275644487052695],[-107.26543791222555,48.275654052904535],[-107.2654045481591,48.275654743726506],[-107.26535776449906,48.275655628381784],[-107.2653573424284,48.27579857512269],[-107.26544444902085,48.27580132447115],[-107.26551088409528,48.27579106773417],[-107.26547098294854,48.275644487052695]]]}"
00000000000000002745,4189,0,0,0,"{""type"":""Polygon"",""coordinates"":[[[-107.26555687113057,48.27562042869691],[-107.2655303635449,48.275625460132645],[-107.26547098294854,48.275644487052695],[-107.26551088409528,48.27579106773417],[-107.26555067116884,48.27578132565933],[-107.26559015847195,48.27576716968454],[-107.26566311204718,48.275752307036385],[-107.26555687113057,48.27562042869691]]]}"
0000000000000000275e,4190,0,0,0,"{""type"":""Polygon"",""coordinates"":[[[-107.2656689734609,48.27558246380636],[-107.26560963756171,48.2756015621507],[-107.26557676457824,48.27561555766974],[-107.26555687113057,48.27562042869691],[-107.26566311204718,48.275752307036385],[-107.2657094558724,48.275742491591735],[-107.2657877542425,48.275696286762184],[-107.2656689734609,48.27558246380636]]]}"
0000000000000000276d,4191,0,0,0,"{""type"":""Polygon"",""coordinates"":[[[-107.26574687601435,48.275527399917685],[-107.26571497900866,48.27556370203837],[-107.2656689734609,48.27558246380636],[-107.2657877542425,48.275696286762184],[-107.2658335175442,48.27567302390633],[-107.2658729090441,48.275654422461116],[-107.26590529725425,48.2756314248632],[-107.26574687601435,48.275527399917685]]]}"
00000000000000002736,4192,0,0,0,"{""type"":""Polygon"",""coordinates"":[[[-107.26583786631146,48.27546749843813],[-107.26583115013143,48.27546767462601],[-107.26577294343582,48.27551343783969],[-107.26574687601435,48.275527399917685],[-107.26590529725425,48.2756314248632],[-107.2659377300823,48.27560849862023],[-107.26599045187874,48.27558956051362],[-107.26600990516391,48.27557575879821],[-107.26583786631146,48.27546749843813]]]}"
0000000000000000276a,4193,0,0,0,"{""type"":""Polygon"",""coordinates"":[[[-107.26590900767951,48.275412539379204],[-107.26586417607984,48.27545803732067],[-107.26583786631146,48.27546749843813],[-107.26600990516391,48.27557575879821],[-107.26601632155621,48.27557116873029],[-107.26602940308628,48.27556202843774],[-107.2660418977199,48.275543901950996],[-107.26608692708358,48.275502833469034],[-107.26610638030509,48.275489031758276],[-107.26590900767951,48.275412539379204]]]}"
000000000000000027ac,4194,0,0,0,"{""type"":""Polygon"",""coordinates"":[[[-107.26595281847752,48.27534466361645],[-107.26594105753345,48.27538059555577],[-107.26590900767951,48.275412539379204],[-107.26610638030509,48.275489031758276],[-107.26617052456174,48.27542521525337],[-107.26618272556205,48.2753982138275],[-107.26595281847752,48.27534466361645]]]}"
0000000000000000276c,4195,0,0,0,"{""type"":""Polygon"",""coordinates"":[[[-107.26597075966257,48.27529517959489],[-107.26596468144658,48.275308715944966],[-107.26595281847752,48.27534466361645],[-107.26618272556205,48.2753982138275],[-107.26619390568784,48.27534883457708],[-107.266219239158,48.27531706691664],[-107.26623727577257,48.27527202823082],[-107.26623673977954,48.275258652334415],[-107.26597075966257,48.27529517959489]]]}"
0000000000000000272f,4196,0,0,0,"{""type"":""Polygon"",""coordinates"":[[[-107.26621391779094,48.27519660418039],[-107.26617909277662,48.27516598696868],[-107.2659338807022,48.275219965109294],[-107.26597639769342,48.275272712698055],[-107.26597075966257,48.27529517959489],[-107.26623673977954,48.275258652334415],[-107.26621391779094,48.27519660418039]]]}"
00000000000000002732,4197,0,0,0,"{""type"":""Polygon"",""coordinates"":[[[-107.26613049737772,48.275126775894805],[-107.26613015920681,48.275117829616846],[-107.2660606946084,48.27506118326176],[-107.26605403588809,48.275061272352346],[-107.26588538767984,48.275180738107565],[-107.26590639731,48.27520269017691],[-107.26592726660986,48.275220125546475],[-107.26617909277662,48.27516598696868],[-107.26613049737772,48.275126775894805]]]}"
0000000000000000272d,4198,0,0,0,"{""type"":""Polygon"",""coordinates"":[[[-107.26598520951717,48.27501798607605],[-107.26593778843348,48.275005510909175],[-107.26578923128132,48.27512453489813],[-107.26586427602881,48.275158801797545],[-107.26588538767984,48.275180738107565],[-107.26605403588809,48.275061272352346],[-107.26598520951717,48.27501798607605]]]}"
00000000000000002734,4199,0,0,0,"{""type"":""Polygon"",""coordinates"":[[[-107.26591070070766,48.27499709519239],[-107.26589693039264,48.27498850131231],[-107.26586984270045,48.274980085585845],[-107.26585568965395,48.27496247409344],[-107.26584187472523,48.274953808855926],[-107.26584026081396,48.2749181424795],[-107.26583360213519,48.2749182315535],[-107.26569389809337,48.27508627979065],[-107.2657005121456,48.27508611937097],[-107.26574117237058,48.27509869950056],[-107.26578923128132,48.27512453489813],[-107.26593778843348,48.275005510909175],[-107.26591070070766,48.27499709519239]]]}"
00000000000000002737,4200,0,0,0,"{""type"":""Polygon"",""coordinates"":[[[-107.2657667283635,48.27491955781583],[-107.26567830952271,48.27488555621433],[-107.26559788273995,48.27503459316009],[-107.26565309122357,48.27507364404342],[-107.26569389809337,48.27508627979065],[-107.26583360213519,48.2749182315535],[-107.2657667283635,48.27491955781583]]]}"
00000000000000002746,4201,0,0,0,"{""type"":""Polygon"",""coordinates"":[[[-107.26566493479865,48.27488582144796],[-107.26564484401489,48.2748862628496],[-107.2656240771333,48.27486881176391],[-107.26558351291827,48.274860676950496],[-107.26555642548216,48.27485226114945],[-107.26546379714746,48.27502829904754],[-107.26559102633634,48.27503025263846],[-107.26559788273995,48.27503459316009],[-107.26567830952271,48.27488555621433],[-107.26566493479865,48.27488582144796]]]}"
00000000000000002729,4202,0,0,0,"{""type"":""Polygon"",""coordinates"":[[[-107.2655430507874,48.274852526365194],[-107.26548245331968,48.27484474577473],[-107.26540808584699,48.27482837121512],[-107.26534250620965,48.27500829235358],[-107.26535602122233,48.275012543852334],[-107.26541015788108,48.2750248431669],[-107.26546379714746,48.27502829904754],[-107.26555642548216,48.27485226114945],[-107.2655430507874,48.274852526365194]]]}"
00000000000000002728,4203,0,0,0,"{""type"":""Polygon"",""coordinates"":[[[-107.26538124086944,48.27482445628379],[-107.26530784924995,48.274830387925135],[-107.26529447459843,48.27483065310507],[-107.26524769203364,48.274831537665214],[-107.26523411971084,48.2748273732726],[-107.26525442593179,48.27498323655156],[-107.2652744592824,48.274982882341035],[-107.26534250620965,48.27500829235358],[-107.26540808584699,48.27482837121512],[-107.26538124086944,48.27482445628379]]]}"
00000000000000002744,4204,0,0,0,"{""type"":""Polygon"",""coordinates"":[[[-107.26523411971084,48.2748273732726],[-107.26518713950654,48.274823828238496],[-107.26517376487455,48.2748240934011],[-107.26515980999052,48.27481091140808],[-107.26510689174167,48.274825419185504],[-107.26508024454895,48.274825933731336],[-107.26513502927774,48.275007929409725],[-107.26516790170416,48.27499393421635],[-107.26518127639662,48.27499366905219],[-107.26525442593179,48.27498323655156],[-107.26523411971084,48.2748273732726]]]}"
00000000000000002749,4205,0,0,0,"{""type"":""Polygon"",""coordinates"":[[[-107.26508024454895,48.274825933731336],[-107.26496712459634,48.274841519675036],[-107.26496026834806,48.27483717912024],[-107.26499510840144,48.2750196717876],[-107.26507545210214,48.27502252625531],[-107.2651286129441,48.27501251936853],[-107.26513502927774,48.275007929409725],[-107.26508024454895,48.274825933731336]]]}"
00000000000000002739,4206,0,0,0,"{""type"":""Polygon"",""coordinates"":[[[-107.26496026834806,48.27483717912024],[-107.26489951842701,48.274825039939806],[-107.26482065763763,48.275009671222655],[-107.26499510840144,48.2750196717876],[-107.26496026834806,48.27483717912024]]]}"
0000000000000000273a,4207,0,0,0,"{""type"":""Polygon"",""coordinates"":[[[-107.26488614383547,48.27482530506134],[-107.2648313322349,48.27479511300457],[-107.264671688087,48.27496795887384],[-107.26467874191296,48.27497672903975],[-107.2647872943698,48.27501036180159],[-107.26482065763763,48.275009671222655],[-107.26489951842701,48.274825039939806],[-107.26488614383547,48.27482530506134]]]}"
0000000000000000273d,4208,0,0,0,"{""type"":""Polygon"",""coordinates"":[[[-107.26479043078294,48.274778031618666],[-107.26477597881447,48.27475600620918],[-107.26454149018157,48.27489901363874],[-107.26455520253955,48.274907694821614],[-107.26465787361526,48.274959293453556],[-107.264671688087,48.27496795887384],[-107.2648313322349,48.27479511300457],[-107.26479043078294,48.274778031618666]]]}"
00000000000000002740,4209,0,0,0,"{""type"":""Polygon"",""coordinates"":[[[-107.26475497034329,48.27473405404814],[-107.26472019213769,48.274703507874285],[-107.26446419829182,48.27481571937159],[-107.26447932558688,48.27485563735304],[-107.26454149018157,48.27489901363874],[-107.26477597881447,48.27475600620918],[-107.26475497034329,48.27473405404814]]]}"
0000000000000000272c,4210,0,0,0,"{""type"":""Polygon"",""coordinates"":[[[-107.26471309370005,48.274694666401224],[-107.26469699084399,48.274632442365],[-107.26469007728085,48.27462818891437],[-107.2643868621532,48.2747323538083],[-107.26445714456011,48.27480694921417],[-107.26446419829182,48.27481571937159],[-107.26472019213769,48.274703507874285],[-107.26471309370005,48.274694666401224]]]}"
0000000000000000273c,4211,0,0,0,"{""type"":""Polygon"",""coordinates"":[[[-107.26468200355522,48.274597041246686],[-107.26435523763963,48.27462135269146],[-107.26437275476981,48.274714813508574],[-107.2643868621532,48.2747323538083],[-107.26469007728085,48.27462818891437],[-107.26468200355522,48.274597041246686]]]}"
00000000000000002726,4212,0,0,0,"{""type"":""Polygon"",""coordinates"":[[[-107.2646596247206,48.27454392385384],[-107.26435089740893,48.274523197452126],[-107.26434740644218,48.274594705895055],[-107.26435523763963,48.27462135269146],[-107.26468200355522,48.274597041246686],[-107.26467450992119,48.27457934069526],[-107.2646804928061,48.27456135930844],[-107.2646596247206,48.27454392385384]]]}"
00000000000000002724,4213,0,0,0,"{""type"":""Polygon"",""coordinates"":[[[-107.26464547258428,48.27452631230491],[-107.26465037812882,48.27448604053344],[-107.26463534629356,48.274450568148865],[-107.26434695232344,48.27443390146449],[-107.2643479274344,48.2744562076087],[-107.26434958455359,48.27449194509035],[-107.26435089740893,48.274523197452126],[-107.2646596247206,48.27454392385384],[-107.26464547258428,48.27452631230491]]]}"
00000000000000002727,4214,0,0,0,"{""type"":""Polygon"",""coordinates"":[[[-107.26461155247168,48.27436621436384],[-107.26436960298349,48.27433971737763],[-107.26435044324411,48.27436239323961],[-107.26434695232344,48.27443390146449],[-107.26463534629356,48.274450568148865],[-107.26463437100661,48.274428262014396],[-107.26461155247168,48.27436621436384]]]}"
0000000000000000272a,4215,0,0,0,"{""type"":""Polygon"",""coordinates"":[[[-107.26439230440258,48.27424990737517],[-107.26440004005275,48.27427210871951],[-107.26436936076303,48.274335216496134],[-107.26436960298349,48.27433971737763],[-107.26461155247168,48.27436621436384],[-107.26461097241028,48.27435276731813],[-107.26463674588395,48.274329931072195],[-107.26464121152398,48.274280729054354],[-107.26439230440258,48.27424990737517]]]}"
00000000000000002721,4216,0,0,0,"{""type"":""Polygon"",""coordinates"":[[[-107.2644353826964,48.27416422862113],[-107.26443558028336,48.274168658133696],[-107.26439079391659,48.27421422565929],[-107.26439230440258,48.27424990737517],[-107.26464121152398,48.274280729054354],[-107.26465132214601,48.27420459967901],[-107.26465740052959,48.274191063689656],[-107.2644353826964,48.27416422862113]]]}"
00000000000000002725,4217,0,0,0,"{""type"":""Polygon"",""coordinates"":[[[-107.26442472152473,48.27407510932403],[-107.2644353826964,48.27416422862113],[-107.26465740052959,48.274191063689656],[-107.26466386137862,48.2741865451906],[-107.26468253637113,48.274154867617874],[-107.26471419040237,48.27411406596181],[-107.264713654941,48.274100690335544],[-107.26442472152473,48.27407510932403]]]}"
0000000000000000272b,4218,0,0,0,"{""type"":""Polygon"",""coordinates"":[[[-107.26449454797766,48.27398890074381],[-107.2644241861685,48.274061733703306],[-107.26442472152473,48.27407510932403],[-107.264713654941,48.274100690335544],[-107.26471321505525,48.27409175997124],[-107.26472949934923,48.27400654017271],[-107.26449454797766,48.27398890074381]]]}"
00000000000000002722,4219,0,0,0,"{""type"":""Polygon"",""coordinates"":[[[-107.2644906024651,48.2738996056727],[-107.26448593913608,48.273944377838376],[-107.26449454797766,48.27398890074381],[-107.26472949934923,48.27400654017271],[-107.2647346023053,48.27397069829158],[-107.26472593575288,48.27392626253819],[-107.26473221168308,48.27391715610714],[-107.2644906024651,48.2738996056727]]]}"
00000000000000002723,4220,0,0,0,"{""type"":""Polygon"",""coordinates"":[[[-107.264520063673,48.273809691676604],[-107.2645098574342,48.27388137523061],[-107.2644906024651,48.2738996056727],[-107.26473221168308,48.27391715610714],[-107.26473123631796,48.27389485020005],[-107.26473084106838,48.27388599122417],[-107.26473050322058,48.27387704514245],[-107.26474995573791,48.27386324414742],[-107.26475559412418,48.273840777919965],[-107.26475505864147,48.27382740236341],[-107.264520063673,48.273809691676604]]]}"
00000000000000002738,4221,0,0,0,"{""type"":""Polygon"",""coordinates"":[[[-107.26452973445681,48.273724632685834],[-107.26451889083408,48.273782956329164],[-107.264520063673,48.273809691676604],[-107.26475505864147,48.27382740236341],[-107.26475344573153,48.27379173670102],[-107.26474463894859,48.27374278451662],[-107.26475105506665,48.27373819469884],[-107.26452973445681,48.273724632685834]]]}"
00000000000000002720,4222,0,0,0,"{""type"":""Polygon"",""coordinates"":[[[-107.26453244717518,48.2736352490914],[-107.26452792416016,48.273684537611416],[-107.26453541757529,48.273702237881125],[-107.2645290970099,48.27371127290885],[-107.26453615058269,48.27372004288379],[-107.26452973445681,48.273724632685834],[-107.26475105506665,48.27373819469884],[-107.2647602854077,48.27364420552494],[-107.26453244717518,48.2736352490914]]]}"
0000000000000000271f,4223,0,0,0,"{""type"":""Polygon"",""coordinates"":[[[-107.26454172263706,48.273541331462006],[-107.26453244717518,48.2736352490914],[-107.2647602854077,48.27364420552494],[-107.26475084109921,48.27358189373645],[-107.26477049107929,48.273572522279345],[-107.26476975795323,48.273554717331024],[-107.26454172263706,48.273541331462006]]]}"
00000000000000002707,4224,0,0,0,"{""type"":""GeometryCollection"",""geometries"":[{""type"":""LineString"",""coordinates"":[[-107.26475910270476,48.273465566693325],[-107.26476578725728,48.2734654349821]]},{""type"":""Polygon"",""coordinates"":[[[-107.2647590959639,48.27346559911625],[-107.26453106122274,48.27345221322984],[-107.2645379171489,48.27345655371006],[-107.2645317942354,48.273470018148444],[-107.26454172263706,48.273541331462006],[-107.26476975795323,48.273554717331024],[-107.26476951567854,48.273550216518544],[-107.26476854027759,48.27352791076712],[-107.26476776250831,48.27351003448078],[-107.26476712496981,48.27349667476177],[-107.2647590959639,48.27346559911625]]]}]}"
0000000000000000272e,4225,0,0,0,"{""type"":""Polygon"",""coordinates"":[[[-107.26456052187966,48.273362299994],[-107.26455400377806,48.27336690551846],[-107.26454929601289,48.2734116058792],[-107.264530818977,48.273447712424726],[-107.26453106122274,48.27345221322984],[-107.26476581170553,48.27346542302109],[-107.2647777704692,48.27343392196809],[-107.26481691726173,48.273410821002464],[-107.26481574418824,48.273384085865715],[-107.26481550190684,48.27337958506801],[-107.26456052187966,48.273362299994]]]}"
0000000000000000271c,4226,0,0,0,"{""type"":""Polygon"",""coordinates"":[[[-107.26454320213465,48.273273271037816],[-107.26457836136885,48.2733128338272],[-107.26456052187966,48.273362299994],[-107.26481550190684,48.27337958506801],[-107.26481374867504,48.27333940316196],[-107.26482531207219,48.27329904330341],[-107.26482497419208,48.273290097321876],[-107.26454320213465,48.273273271037816]]]}"
00000000000000002717,4227,0,0,0,"{""type"":""Polygon"",""coordinates"":[[[-107.26483429972471,48.27320055412872],[-107.26454595931835,48.273183959561074],[-107.26455496337093,48.273237340690294],[-107.26453639088115,48.27326900192498],[-107.26454320213465,48.273273271037816],[-107.26482497419208,48.273290097321876],[-107.26483713048373,48.27326302580325],[-107.26485662728223,48.2732492963082],[-107.26483429972471,48.27320055412872]]]}"
00000000000000002713,4228,0,0,0,"{""type"":""Polygon"",""coordinates"":[[[-107.26453505565945,48.27309034115526],[-107.26450918753068,48.273108731639915],[-107.26451701865453,48.273135377678194],[-107.2645451816484,48.273166083386386],[-107.26454595931835,48.273183959561074],[-107.26483429972471,48.27320055412872],[-107.26482690826184,48.273182838298425],[-107.26484377187663,48.27311106668629],[-107.26453505565945,48.27309034115526]]]}"
00000000000000002716,4229,0,0,0,"{""type"":""Polygon"",""coordinates"":[[[-107.26484692358413,48.273030614323545],[-107.2645508042278,48.27299174765578],[-107.26455104647872,48.272996248422004],[-107.26456082820188,48.27306750549704],[-107.26454157370995,48.27308573565741],[-107.26453505565945,48.27309034115526],[-107.26484377187663,48.27311106668629],[-107.26485670590972,48.27310187139937],[-107.26484692358413,48.273030614323545]]]}"
00000000000000002718,4230,0,0,0,"{""type"":""Polygon"",""coordinates"":[[[-107.26465345403729,48.272891475043004],[-107.26464693602912,48.272896080530515],[-107.26463419967111,48.27290970515822],[-107.26455537167647,48.27294253113633],[-107.26454929351378,48.27295606679489],[-107.26455634696778,48.27296483664644],[-107.2645508042278,48.27299174765578],[-107.26484692358413,48.273030614323545],[-107.26484648365192,48.27302168414128],[-107.26486462229664,48.2729766319096],[-107.26465345403729,48.272891475043004]],[[-107.26458921751208,48.272950842238075],[-107.26457584364111,48.27295110728877],[-107.26457618146557,48.27296005321539],[-107.26458921751208,48.272950842238075]]]}"
0000000000000000271d,4231,0,0,0,"{""type"":""GeometryCollection"",""geometries"":[{""type"":""LineString"",""coordinates"":[[-107.26465343751062,48.27289150255425],[-107.2646601202554,48.272891370884466]]},{""type"":""Polygon"",""coordinates"":[[[-107.26473047134516,48.2728185546102],[-107.26471097477001,48.27283228396243],[-107.26469098734444,48.27283270936067],[-107.2646601202554,48.272891370884466],[-107.26466011226724,48.272891386065595],[-107.26486462229664,48.2729766319096],[-107.2648768230812,48.27294963190198],[-107.26488858390371,48.27291370174344],[-107.26492116745742,48.272895135128174],[-107.26473047134516,48.2728185546102]]]}]}"
0000000000000000271b,4232,0,0,0,"{""type"":""Polygon"",""coordinates"":[[[-107.26480754580163,48.27274554711682],[-107.26479538970061,48.272772618362644],[-107.26476295923771,48.27279554293379],[-107.26473698933445,48.272813949124235],[-107.26473047134516,48.2728185546102],[-107.26492116745742,48.272895135128174],[-107.26492792774958,48.27289503037799],[-107.26494066403598,48.2728814057169],[-107.26496683160845,48.272867428848656],[-107.26499828652011,48.2728221987292],[-107.26480754580163,48.27274554711682]]]}"
0000000000000000271e,4233,0,0,0,"{""type"":""Polygon"",""coordinates"":[[[-107.26485723479519,48.272659710338246],[-107.26485159671681,48.27268217606341],[-107.26481362384536,48.27273201149868],[-107.26480754580163,48.27274554711682],[-107.26499828652011,48.2728221987292],[-107.26501729842613,48.272799467827674],[-107.2650303343669,48.27279025682107],[-107.26504087708558,48.27272752060681],[-107.26485723479519,48.272659710338246]]]}"
00000000000000002714,4234,0,0,0,"{""type"":""Polygon"",""coordinates"":[[[-107.26489496524681,48.272605374225414],[-107.26488888725271,48.2726189098151],[-107.2648635550986,48.272650675474765],[-107.26485723479519,48.272659710338246],[-107.26504087708558,48.27272752060681],[-107.26504014380272,48.27270971594828],[-107.26506450028826,48.27265564483201],[-107.26507709617628,48.272637503730536],[-107.26508297644193,48.272619538745595],[-107.26489496524681,48.272605374225414]]]}"
00000000000000002731,4235,0,0,0,"{""type"":""Polygon"",""coordinates"":[[[-107.26488440502176,48.27251624187376],[-107.26490070532668,48.27258289277771],[-107.26489496524681,48.272605374225414],[-107.26508297644193,48.272619538745595],[-107.26509318104237,48.27254785687825],[-107.26509906128264,48.27252989192334],[-107.26488440502176,48.27251624187376]]]}"
00000000000000002715,4236,0,0,0,"{""type"":""Polygon"",""coordinates"":[[[-107.26491410626294,48.27243083087641],[-107.26490268357469,48.27247570654674],[-107.26487666929809,48.272494041305535],[-107.26488440502176,48.27251624187376],[-107.26509906128264,48.27252989192334],[-107.26511048378198,48.27248501618858],[-107.2651219062496,48.27244014049125],[-107.26491410626294,48.27243083087641]]]}"
0000000000000000270d,4237,0,0,0,"{""type"":""Polygon"",""coordinates"":[[[-107.26493670924167,48.272336578939715],[-107.26491779318681,48.27236375473338],[-107.26491954659565,48.27240393589361],[-107.26491410626294,48.27243083087641],[-107.2651219062496,48.27244014049125],[-107.26515156230171,48.272354658205664],[-107.26493670924167,48.272336578939715]]]}"
0000000000000000270f,4238,0,0,0,"{""type"":""Polygon"",""coordinates"":[[[-107.26494583637839,48.272242608015645],[-107.26494288278542,48.27232748853019],[-107.26493670924167,48.272336578939715],[-107.26515156230171,48.272354658205664],[-107.26515744247736,48.27233669331429],[-107.26516112894483,48.27226961729258],[-107.26494583637839,48.272242608015645]]]}"
00000000000000002712,4239,0,0,0,"{""type"":""Polygon"",""coordinates"":[[[-107.26494898760127,48.27216215697968],[-107.26494986753812,48.2721800170534],[-107.26494583637839,48.272242608015645],[-107.26516112894483,48.27226961729258],[-107.26516350171569,48.27217129039414],[-107.26494898760127,48.27216215697968]]]}"
00000000000000002711,4240,0,0,0,"{""type"":""Polygon"",""coordinates"":[[[-107.264958414325,48.27207259994758],[-107.26495865663186,48.27207710063333],[-107.26494898760127,48.27216215697968],[-107.26516350171569,48.27217129039414],[-107.26517297259154,48.27208180468885],[-107.264958414325,48.27207259994758]]]}"
0000000000000000270c,4241,0,0,0,"{""type"":""Polygon"",""coordinates"":[[[-107.2651823413606,48.271992334889006],[-107.2649545120483,48.27198337950944],[-107.26495470971346,48.271987808836755],[-107.26495670549393,48.27203249039171],[-107.264958414325,48.27207259994758],[-107.26517297259154,48.27208180468885],[-107.2651711168428,48.27204163953864],[-107.26519037056678,48.27202340963056],[-107.2651823413606,48.271992334889006]]]}"
0000000000000000270e,4242,0,0,0,"{""type"":""Polygon"",""coordinates"":[[[-107.26517153810065,48.27189870294762],[-107.26497059674271,48.27189373378809],[-107.26496427660558,48.27190276852542],[-107.26493796948432,48.27191222869491],[-107.2649525609088,48.27193876934666],[-107.2649528988413,48.271947715098406],[-107.2649545120483,48.27198337950944],[-107.2651823413606,48.271992334889006],[-107.26517153810065,48.27189870294762]]]}"
0000000000000000270a,4243,0,0,0,"{""type"":""Polygon"",""coordinates"":[[[-107.26498692365206,48.27180858888086],[-107.26499475498217,48.27183523422154],[-107.26497059674271,48.27189373378809],[-107.26517153810065,48.27189870294762],[-107.26519613611485,48.271849133310695],[-107.2651941400281,48.27180445192301],[-107.26498692365206,48.27180858888086]]]}"
0000000000000000270b,4244,0,0,0,"{""type"":""Polygon"",""coordinates"":[[[-107.26518425506484,48.27173321239404],[-107.26518308165093,48.271706478116364],[-107.2649699410843,48.27172850834443],[-107.26498692365206,48.27180858888086],[-107.2651941400281,48.27180445192301],[-107.26518425506484,48.27173321239404]]]}"
00000000000000002709,4245,0,0,0,"{""type"":""Polygon"",""coordinates"":[[[-107.26516717639754,48.271648686965925],[-107.26515870723463,48.27160868249987],[-107.26494654285534,48.27165301756472],[-107.26496896549617,48.27170620336619],[-107.26496984545456,48.27172406328558],[-107.2649699410843,48.27172850834443],[-107.26518308165093,48.271706478116364],[-107.26518882137994,48.27168399704152],[-107.26516717639754,48.271648686965925]]]}"
00000000000000002708,4246,0,0,0,"{""type"":""Polygon"",""coordinates"":[[[-107.26515121379022,48.271590982978466],[-107.26510889972803,48.27154266784353],[-107.26510812173535,48.27152479223499],[-107.26490271795362,48.271569022364424],[-107.26492470051281,48.27161327815098],[-107.26494654285534,48.27165301756472],[-107.26515870723463,48.27160868249987],[-107.26515121379022,48.271590982978466]]]}"
00000000000000002705,4247,0,0,0,"{""type"":""Polygon"",""coordinates"":[[[-107.26509279696178,48.27148044757051],[-107.26505170108416,48.27145893799837],[-107.26504386975984,48.27143229285132],[-107.26484610008161,48.27149873865388],[-107.26485359334094,48.271516438172995],[-107.2648952246587,48.271551322832494],[-107.26490271795362,48.271569022364424],[-107.26510812173535,48.27152479223499],[-107.26509279696178,48.27148044757051]]]}"
00000000000000002719,4248,0,0,0,"{""type"":""Polygon"",""coordinates"":[[[-107.26503677176484,48.27142345193644],[-107.2650226650687,48.27140591280942],[-107.26502198275365,48.27139248227568],[-107.26500690045323,48.27135263832805],[-107.26480203331104,48.27141024301119],[-107.2648090865885,48.271419012592936],[-107.26483802662177,48.27146759283103],[-107.26484610008161,48.27149873865388],[-107.26504386975984,48.27143229285132],[-107.26503677176484,48.27142345193644]]]}"
00000000000000002710,4249,0,0,0,"{""type"":""Polygon"",""coordinates"":[[[-107.2649776222699,48.27129511260865],[-107.2649836999714,48.271281577358735],[-107.26477746246798,48.2713080185418],[-107.26477799801582,48.271321393460994],[-107.26477985337523,48.271361558083],[-107.26480203331104,48.27141024301119],[-107.26500690045323,48.27135263832805],[-107.2649776222699,48.27129511260865]]]}"
000000000000000026f1,4250,0,0,0,"{""type"":""Polygon"",""coordinates"":[[[-107.26497969548309,48.271192374010404],[-107.26477331823654,48.271214298760775],[-107.26477385378497,48.27122767365633],[-107.2647758047563,48.27127228322865],[-107.26477746246798,48.2713080185418],[-107.2649836999714,48.271281577358735],[-107.26498957999395,48.27126361284514],[-107.264989140004,48.271254682962606],[-107.26498718877046,48.27121007341608],[-107.26497969548309,48.271192374010404]]]}"
000000000000000026fc,4251,0,0,0,"{""type"":""Polygon"",""coordinates"":[[[-107.26495849097222,48.27116599406915],[-107.26494356184652,48.271130508183916],[-107.26492935326883,48.27111298488919],[-107.26492901532902,48.271104039278406],[-107.26474286746289,48.27113003910706],[-107.26477268065052,48.27120093962151],[-107.26477331823654,48.271214298760775],[-107.26497969548309,48.271192374010404],[-107.26495849097222,48.27116599406915]]]}"
000000000000000026fa,4252,0,0,0,"{""type"":""Polygon"",""coordinates"":[[[-107.26489832190815,48.27101527926178],[-107.26488455336496,48.27100668583705],[-107.26468600829931,48.27105525525847],[-107.26472686109045,48.27107226424164],[-107.26472807883708,48.27109906956267],[-107.26474286746289,48.27113003910706],[-107.26492901532902,48.271104039278406],[-107.26492740209838,48.271068375459095],[-107.26489832190815,48.27101527926178]]]}"
000000000000000026fe,4253,0,0,0,"{""type"":""Polygon"",""coordinates"":[[[-107.26486364232183,48.270989180203465],[-107.26482950478707,48.270971995226105],[-107.26480722297447,48.270923326455524],[-107.26480016977972,48.27091455695353],[-107.26461641375269,48.270994095590076],[-107.26465196645485,48.27104251519666],[-107.26468600829931,48.27105525525847],[-107.26488455336496,48.27100668583705],[-107.26486364232183,48.270989180203465]]]}"
00000000000000002701,4254,0,0,0,"{""type"":""Polygon"",""coordinates"":[[[-107.26473023730105,48.27084445196229],[-107.26472327975219,48.27084012745187],[-107.26454637959347,48.27092400610341],[-107.26456053046971,48.270941616502306],[-107.26461617148179,48.27098959499448],[-107.26461641375269,48.270994095590076],[-107.26480016977972,48.27091455695353],[-107.26473023730105,48.27084445196229]]]}"
000000000000000026ff,4255,0,0,0,"{""type"":""Polygon"",""coordinates"":[[[-107.26466161843891,48.27080559715975],[-107.26464726990784,48.27078355759297],[-107.26464639008357,48.27076569798406],[-107.26448266575653,48.27084488212718],[-107.26448962325951,48.270849206656564],[-107.2645108271685,48.27087558655896],[-107.26453908421894,48.270910735990746],[-107.26454637959347,48.27092400610341],[-107.26472327975219,48.27084012745187],[-107.26466161843891,48.27080559715975]]]}"
00000000000000002702,4256,0,0,0,"{""type"":""Polygon"",""coordinates"":[[[-107.26463184394237,48.270739229206164],[-107.26461083761886,48.27071727862223],[-107.26456950077389,48.27069126855011],[-107.2644122943882,48.270765847166196],[-107.26443296274878,48.270778852256576],[-107.2644266427364,48.270787886765355],[-107.26448266575653,48.27084488212718],[-107.26464639008357,48.27076569798406],[-107.26464605220758,48.27075675242927],[-107.26463184394237,48.270739229206164]]]}"
000000000000000026ee,4257,0,0,0,"{""type"":""Polygon"",""coordinates"":[[[-107.26453536374706,48.2706740835519],[-107.26452101535396,48.27065204401743],[-107.26449917404932,48.27061230523095],[-107.2643159549498,48.27070521756953],[-107.2643428985982,48.27070911682745],[-107.26439186829084,48.27075734265081],[-107.2644122943882,48.270765847166196],[-107.26456950077389,48.27069126855011],[-107.26453536374706,48.2706740835519]]]}"
000000000000000026f0,4258,0,0,0,"{""type"":""Polygon"",""coordinates"":[[[-107.26445142189478,48.2705908846671],[-107.26439043704431,48.27057424539008],[-107.26436291342112,48.270556900068726],[-107.26434268505713,48.27055282478331],[-107.26424145687216,48.27068432681839],[-107.26424811467614,48.27068423788404],[-107.26428901131511,48.270701318303985],[-107.2643159549498,48.27070521756953],[-107.26449917404932,48.27061230523095],[-107.26445142189478,48.2705908846671]]]}"
00000000000000002700,4259,0,0,0,"{""type"":""Polygon"",""coordinates"":[[[-107.26430212632071,48.270544689952104],[-107.26423963115828,48.27049237137693],[-107.26411326943622,48.2706600666138],[-107.26416665932491,48.270659022545615],[-107.26419428490253,48.270676352206586],[-107.26424145687216,48.27068432681839],[-107.26434268505713,48.27055282478331],[-107.26430212632071,48.270544689952104]]]}"
00000000000000002704,4260,0,0,0,"{""type"":""Polygon"",""coordinates"":[[[-107.2642327758015,48.27048803110367],[-107.26415881360313,48.2704805150757],[-107.26414490534972,48.27046740531393],[-107.26396951717403,48.27058696152994],[-107.26401085321325,48.27061297182952],[-107.26405900003725,48.27064325107135],[-107.26411326943622,48.2706600666138],[-107.26423963115828,48.27049237137693],[-107.2642327758015,48.27048803110367]]]}"
000000000000000026f8,4261,0,0,0,"{""type"":""Polygon"",""coordinates"":[[[-107.26413794798064,48.270463080787316],[-107.26409675862281,48.270437126213146],[-107.26407584842812,48.27041962057461],[-107.26406815820371,48.27039749214664],[-107.26391820338631,48.27048526820896],[-107.26393181846291,48.27048950384364],[-107.26393299101107,48.27051623754483],[-107.26391431768434,48.27054791275561],[-107.26396266185317,48.27058262122873],[-107.26396951717403,48.27058696152994],[-107.26414490534972,48.27046740531393],[-107.26413794798064,48.270463080787316]]]}"
000000000000000026ef,4262,0,0,0,"{""type"":""Polygon"",""coordinates"":[[[-107.26404597988036,48.2703488079382],[-107.2639975912329,48.27031402830689],[-107.26380902832976,48.270438278002054],[-107.26386437416511,48.270477382362216],[-107.26391820338631,48.27048526820896],[-107.26406815820371,48.27039749214664],[-107.26404597988036,48.2703488079382]]]}"
000000000000000026f5,4263,0,0,0,"{""type"":""Polygon"",""coordinates"":[[[-107.2639904937563,48.27030518748806],[-107.26393602743626,48.27028394278252],[-107.26385472010251,48.27025878293332],[-107.26372650383087,48.2703863129705],[-107.26374673189926,48.27039038838038],[-107.26380902832976,48.270438278002054],[-107.2639975912329,48.27031402830689],[-107.2639904937563,48.27030518748806]]]}"
000000000000000026f6,4264,0,0,0,"{""type"":""Polygon"",""coordinates"":[[[-107.26383424988973,48.270250207018314],[-107.26379271689719,48.27021976762031],[-107.2637050899037,48.27020364203306],[-107.26363799720532,48.27035232778844],[-107.26364475694058,48.2703522231477],[-107.26366552012533,48.2703696732684],[-107.26372650383087,48.2703863129705],[-107.26385472010251,48.27025878293332],[-107.26383424988973,48.270250207018314]]]}"
000000000000000026ea,4265,0,0,0,"{""type"":""Polygon"",""coordinates"":[[[-107.26366472949003,48.27019993615013],[-107.26357788000378,48.27020168563323],[-107.26353110413777,48.27020256911035],[-107.26354429218682,48.270349736945754],[-107.26358416840182,48.27034444179384],[-107.26363799720532,48.27035232778844],[-107.2637050899037,48.27020364203306],[-107.26366472949003,48.27019993615013]]]}"
000000000000000026f4,4266,0,0,0,"{""type"":""Polygon"",""coordinates"":[[[-107.26353110413777,48.27020256911035],[-107.26343044243059,48.270195653597426],[-107.26338346915894,48.27019210781518],[-107.26343240418116,48.270392124384934],[-107.26352415967656,48.27035010644289],[-107.26354429218682,48.270349736945754],[-107.26353110413777,48.27020256911035]]]}"
000000000000000026f9,4267,0,0,0,"{""type"":""Polygon"",""coordinates"":[[[-107.26338346915894,48.27019210781518],[-107.2633163635428,48.270188931458456],[-107.26328334269918,48.270198566800744],[-107.26326408948704,48.27021679568608],[-107.2632302915137,48.27020855581367],[-107.26323092855345,48.27022191472696],[-107.26331735006492,48.270363097784355],[-107.26335912471423,48.270398038033925],[-107.2633990009258,48.27039274295415],[-107.26343260167243,48.27039655358684],[-107.26343240418116,48.270392124384934],[-107.26338346915894,48.27019210781518]]]}"
0000000000000000271a,4268,0,0,0,"{""type"":""Polygon"",""coordinates"":[[[-107.26323092855345,48.27022191472696],[-107.26319295704911,48.27027174717423],[-107.26331735006492,48.270363097784355],[-107.26323092855345,48.27022191472696]]]}"
00000000000000002706,4269,0,0,0,"{""type"":""Polygon"",""coordinates"":[[[-107.26318939636451,48.27019147506396],[-107.26316240891859,48.270187504149874],[-107.26311684987566,48.270215192342384],[-107.26319295704911,48.27027174717423],[-107.26323092855345,48.27022191472696],[-107.2632302915137,48.27020855581367],[-107.26318939636451,48.27019147506396]]]}"
00000000000000002774,4270,0,0,0,"{""type"":""Polygon"",""coordinates"":[[[-107.26309520807689,48.27017988269751],[-107.26309447566769,48.27016207885758],[-107.26309306163195,48.27013084477838],[-107.26304030346397,48.270149707786175],[-107.26307522242416,48.27018030769332],[-107.26311684987566,48.270215192342384],[-107.26316240891859,48.270187504149874],[-107.26309520807689,48.27017988269751]]]}"
000000000000000026e8,4271,0,0,0,"{""type"":""Point"",""coordinates"":[-107.26304037153048,48.270149732500954]}"
00000000000000002743,4272,0,0,0,"{""type"":""Polygon"",""coordinates"":[[[-107.26295344417998,48.269999595311184],[-107.26294678659205,48.26999968414918],[-107.26296137565787,48.27002622420569],[-107.26295344417998,48.269999595311184]]]}"
00000000000000002695,4273,0,0,0,"{""type"":""Polygon"",""coordinates"":[[[-107.26293656884229,48.269919501265655],[-107.26289669328578,48.269924796089576],[-107.26294678659205,48.26999968414918],[-107.26295344417998,48.269999595311184],[-107.26295105584087,48.269946057034915],[-107.26293656884229,48.269919501265655]]]}"
000000000000000026e7,4274,0,0,0,"{""type"":""Polygon"",""coordinates"":[[[-107.2629069005826,48.26985311802973],[-107.26291278117641,48.269835154112855],[-107.26284611607734,48.269840907088],[-107.26289669328578,48.269924796089576],[-107.26293656884229,48.269919501265655],[-107.2629069005826,48.26985311802973]]]}"
0000000000000000268c,4275,0,0,0,"{""type"":""Polygon"",""coordinates"":[[[-107.26278892620776,48.269757178360834],[-107.26284611607734,48.269840907088],[-107.26291278117641,48.269835154112855],[-107.26293062035516,48.26978569155087],[-107.26278892620776,48.269757178360834]]]}"
000000000000000026e5,4276,0,0,0,"{""type"":""Polygon"",""coordinates"":[[[-107.26279003057402,48.269632138491815],[-107.26273815208111,48.26966886041033],[-107.26276684555785,48.2697129392853],[-107.26278892620776,48.269757178360834],[-107.26293062035516,48.26978569155087],[-107.26293669836036,48.26977215680817],[-107.2629626663518,48.269753752208985],[-107.26279003057402,48.269632138491815]]]}"
000000000000000026e2,4277,0,0,0,"{""type"":""Polygon"",""coordinates"":[[[-107.26294198876204,48.26958888682403],[-107.26291592548776,48.269602846468594],[-107.26285567625737,48.26960401009375],[-107.26280306555051,48.269622928362224],[-107.26279003057402,48.269632138491815],[-107.2629626663518,48.269753752208985],[-107.26298843688215,48.26973091846081],[-107.26302791736173,48.26971676532757],[-107.26294198876204,48.26958888682403]]]}"
000000000000000026e4,4278,0,0,0,"{""type"":""Polygon"",""coordinates"":[[[-107.26308061905392,48.2695459710913],[-107.26306704917346,48.26954180674575],[-107.26300116153094,48.26956543476861],[-107.26294198876204,48.26958888682403],[-107.26302791736173,48.26971676532757],[-107.26307391531596,48.26969800709251],[-107.26314053565534,48.269692182629136],[-107.26308061905392,48.2695459710913]]]}"
000000000000000026e9,4279,0,0,0,"{""type"":""Polygon"",""coordinates"":[[[-107.26319459360361,48.269552709237786],[-107.26312107386957,48.26955412208342],[-107.26308061905392,48.2695459710913],[-107.26314053565534,48.269692182629136],[-107.26315371068384,48.26968748868522],[-107.2632398260789,48.2696679359724],[-107.26324142587826,48.26955173886122],[-107.26319459360361,48.269552709237786]]]}"
000000000000000026d7,4280,0,0,0,"{""type"":""Polygon"",""coordinates"":[[[-107.26336167600134,48.26954937123539],[-107.26334091344891,48.26953192130301],[-107.26326817078895,48.269551209235324],[-107.26324142587826,48.26955173886122],[-107.2632398260789,48.2696679359724],[-107.26326623351744,48.269658460961224],[-107.2633397535721,48.26965704799358],[-107.2633733089968,48.269660787262886],[-107.26337529059765,48.26955360688635],[-107.26336167600134,48.26954937123539]]]}"
000000000000000026eb,4281,0,0,0,"{""type"":""Polygon"",""coordinates"":[[[-107.26348912549125,48.26955582844177],[-107.26339551810396,48.269557682320425],[-107.26337529059765,48.26955360688635],[-107.2633733089968,48.269660787262886],[-107.26340690907651,48.26966459786886],[-107.26350075888574,48.26966724445728],[-107.26350911089472,48.26955540337116],[-107.26348912549125,48.26955582844177]]]}"
000000000000000026db,4282,0,0,0,"{""type"":""Polygon"",""coordinates"":[[[-107.26363068040634,48.26957982423561],[-107.2635559879649,48.26955450418554],[-107.26350911089472,48.26955540337116],[-107.26350075888574,48.26966724445728],[-107.26363482194238,48.26967354124469],[-107.26364405292624,48.26957955936762],[-107.26363068040634,48.26957982423561]]]}"
000000000000000026d8,4283,0,0,0,"{""type"":""Polygon"",""coordinates"":[[[-107.26364405292624,48.26957955936762],[-107.26363482194238,48.26967354124469],[-107.26369516728113,48.26967682200522],[-107.26376932495577,48.26968876746942],[-107.26378365839669,48.269558946716984],[-107.26364405292624,48.26957955936762]]]}"
000000000000000026df,4284,0,0,0,"{""type"":""Polygon"",""coordinates"":[[[-107.2639043489819,48.26956550800147],[-107.2638374862408,48.26956683250726],[-107.26380364386416,48.26955852158345],[-107.26378365839669,48.269558946716984],[-107.26376932495577,48.26968876746942],[-107.2638634682957,48.269700287726906],[-107.26389706864488,48.26970409815742],[-107.26391747934274,48.269560742616584],[-107.2639043489819,48.26956550800147]]]}"
000000000000000026d5,4285,0,0,0,"{""type"":""Polygon"",""coordinates"":[[[-107.26405100738951,48.26955366431546],[-107.26403719504279,48.26954499963695],[-107.26400383697255,48.269545689740845],[-107.2639837048004,48.26954605932012],[-107.26391747934274,48.269560742616584],[-107.26389706864488,48.26970409815742],[-107.26402461505307,48.269714999530514],[-107.26406452013839,48.269557915615906],[-107.26405100738951,48.26955366431546]]]}"
000000000000000026dd,4286,0,0,0,"{""type"":""Polygon"",""coordinates"":[[[-107.26416615613185,48.26958713449956],[-107.2641323581768,48.269578895041974],[-107.26409166044171,48.26956624401234],[-107.26406452013839,48.269557915615906],[-107.26402461505307,48.269714999530514],[-107.26403133006295,48.26971482351772],[-107.26404430754779,48.26970570030765],[-107.26410562838085,48.26973128496196],[-107.26413933090635,48.269735079554685],[-107.26420627393321,48.26958633966014],[-107.26416615613185,48.26958713449956]]]}"
000000000000000026f3,4287,0,0,0,"{""type"":""Polygon"",""coordinates"":[[[-107.26428728723002,48.26960262489961],[-107.26423967674928,48.269585720830726],[-107.26420627393321,48.26958633966014],[-107.26413933090635,48.269735079554685],[-107.26425978036872,48.26973713989481],[-107.26427315303481,48.26973687493474],[-107.26430014061155,48.26974084549967],[-107.26431403247474,48.26960209497352],[-107.26428728723002,48.26960262489961]]]}"
000000000000000026f2,4288,0,0,0,"{""type"":""Polygon"",""coordinates"":[[[-107.26443233346039,48.269555117784314],[-107.2643474353434,48.26960147610514],[-107.26431403247474,48.26960209497352],[-107.26430014061155,48.26974084549967],[-107.26432036852806,48.26974492074298],[-107.26443906522435,48.269706801684976],[-107.26443962857151,48.26956838757241],[-107.26443233346039,48.269555117784314]]]}"
000000000000000026ed,4289,0,0,0,"{""type"":""Polygon"",""coordinates"":[[[-107.26443962857151,48.26956838757241],[-107.26443906522435,48.269706801684976],[-107.26457749892131,48.269659454534995],[-107.26443962857151,48.26956838757241]]]}"
000000000000000026fb,4290,0,0,0,"{""type"":""Polygon"",""coordinates"":[[[-107.26449112372076,48.269522648130604],[-107.26444536823946,48.269545907450244],[-107.26443233346039,48.269555117784314],[-107.26443962857151,48.26956838757241],[-107.26457749892131,48.269659454534995],[-107.26473591816638,48.26961168189782],[-107.26449112372076,48.269522648130604]]]}"
000000000000000026e1,4291,0,0,0,"{""type"":""Polygon"",""coordinates"":[[[-107.26456245135414,48.26947212563821],[-107.26453770157535,48.269517335083954],[-107.26452432895088,48.26951760007871],[-107.26449768573994,48.26951811431048],[-107.26449112372076,48.269522648130604],[-107.26473591816638,48.26961168189782],[-107.26476893863087,48.269602046172444],[-107.26477992026228,48.269548243381536],[-107.26479211971424,48.26952124516449],[-107.26479134181916,48.269503370232535],[-107.26456245135414,48.26947212563821]]]}"
000000000000000026fd,4292,0,0,0,"{""type"":""Polygon"",""coordinates"":[[[-107.26459944522905,48.26939998944136],[-107.26460061831284,48.269426722571374],[-107.26456245135414,48.26947212563821],[-107.26479134181916,48.269503370232535],[-107.26478895073937,48.269449832572654],[-107.26481414019891,48.26941355269926],[-107.26481374486704,48.26940469447462],[-107.26459944522905,48.26939998944136]]]}"
000000000000000026d2,4293,0,0,0,"{""type"":""Polygon"",""coordinates"":[[[-107.26460887137328,48.26931043712444],[-107.26461204001109,48.269381849542974],[-107.26459900531087,48.269391059869164],[-107.26459944522905,48.26939998944136],[-107.26481374486704,48.26940469447462],[-107.26480979792726,48.26931540717385],[-107.26460887137328,48.26931043712444]]]}"
000000000000000026c6,4294,0,0,0,"{""type"":""Polygon"",""coordinates"":[[[-107.2647932563306,48.26924425989064],[-107.26479164313005,48.269208597319455],[-107.26461202241276,48.26922999055391],[-107.26463322563121,48.269256369641006],[-107.26460843145163,48.269301507567455],[-107.26460887137328,48.26931043712444],[-107.26480979792726,48.26931540717385],[-107.26481470203349,48.26927513938858],[-107.2647932563306,48.26924425989064]]]}"
000000000000000026de,4295,0,0,0,"{""type"":""Polygon"",""coordinates"":[[[-107.26474801863127,48.26912903494101],[-107.2647478209714,48.269124605851985],[-107.26458147119297,48.26914574971475],[-107.26458430191047,48.26920821661975],[-107.26461202241276,48.26922999055391],[-107.26479164313005,48.269208597319455],[-107.26474801863127,48.26912903494101]]]}"
000000000000000026dc,4296,0,0,0,"{""type"":""Polygon"",""coordinates"":[[[-107.26473050167378,48.26903558403456],[-107.26458404207432,48.26905185769611],[-107.26458462224022,48.26906530339486],[-107.26458147119297,48.26914574971475],[-107.2647478209714,48.269124605851985],[-107.26473050167378,48.26903558403456]]]}"
000000000000000026d9,4297,0,0,0,"{""type"":""Polygon"",""coordinates"":[[[-107.26472223098698,48.269000010559516],[-107.26469985463531,48.268946898720614],[-107.26454022063535,48.268967866364044],[-107.26458330890573,48.26903405426566],[-107.26458404207432,48.26905185769611],[-107.26473050167378,48.26903558403456],[-107.26472223098698,48.269000010559516]]]}"
000000000000000026da,4298,0,0,0,"{""type"":""Polygon"",""coordinates"":[[[-107.26467743370743,48.26889371558121],[-107.26467582060086,48.26885805324154],[-107.26452284451689,48.268878931856676],[-107.26451857774433,48.26893255789842],[-107.26454022063535,48.268967866364044],[-107.26469985463531,48.268946898720614],[-107.26467743370743,48.26889371558121]]]}"
000000000000000026d6,4299,0,0,0,"{""type"":""Polygon"",""coordinates"":[[[-107.26447878114327,48.26879044035294],[-107.26449337116728,48.268816979547026],[-107.26450835647793,48.26885237688545],[-107.26452250664157,48.26886998661982],[-107.26452284451689,48.268878931856676],[-107.26467582060086,48.26885805324154],[-107.26467839115166,48.26876416173834],[-107.26447878114327,48.26879044035294]]]}"
000000000000000026e0,4300,0,0,0,"{""type"":""Polygon"",""coordinates"":[[[-107.26464871991199,48.26869778056283],[-107.26448095690345,48.26868769085487],[-107.26449020269848,48.26874556788128],[-107.26447172840531,48.26878167116808],[-107.26447878114327,48.26879044035294],[-107.26467839115166,48.26876416173834],[-107.26467775355196,48.268750803216236],[-107.26464871991199,48.26869778056283]]]}"
000000000000000026ca,4301,0,0,0,"{""type"":""Polygon"",""coordinates"":[[[-107.26452324947395,48.26858414662426],[-107.26449967340369,48.26865608802931],[-107.2644804214049,48.268674316597256],[-107.26448095690345,48.26868769085487],[-107.26464871991199,48.26869778056283],[-107.26465945901062,48.26863947831418],[-107.2646660208544,48.26863494456254],[-107.26452324947395,48.26858414662426]]]}"
000000000000000026cf,4302,0,0,0,"{""type"":""Polygon"",""coordinates"":[[[-107.26457215459315,48.2684804422934],[-107.26455270507377,48.26849424177519],[-107.26452300720031,48.26857964623311],[-107.26452324947395,48.26858414662426],[-107.2646660208544,48.26863494456254],[-107.26474386375146,48.26857981773687],[-107.26457215459315,48.2684804422934]]]}"
000000000000000026cd,4303,0,0,0,"{""type"":""Polygon"",""coordinates"":[[[-107.26467596382881,48.268406911151644],[-107.26466944666613,48.26841151622964],[-107.26460458106234,48.26845751975388],[-107.26457215459315,48.2684804422934],[-107.26474386375146,48.26857981773687],[-107.26475679610124,48.268570623292014],[-107.2648029902609,48.268556293712564],[-107.26485628186332,48.268550804576925],[-107.26467596382881,48.268406911151644]]]}"
000000000000000026d0,4304,0,0,0,"{""type"":""MultiPolygon"",""coordinates"":[[[[-107.26466064054945,48.26836256898847],[-107.26467401277645,48.2683623039906],[-107.26468042790017,48.26835771466856],[-107.26466064054945,48.26836256898847]]],[[[-107.26477991303608,48.26833789612806],[-107.26476678310807,48.26834266150994],[-107.26475341087496,48.26834292652078],[-107.26474077190906,48.26836099472448],[-107.26467596382881,48.268406911151644],[-107.26485628186332,48.268550804576925],[-107.26487606933452,48.26854595019642],[-107.26494749676789,48.268495412653536],[-107.26494725444117,48.268490912272334],[-107.26477991303608,48.26833789612806]]]]}"
000000000000000026cb,4305,0,0,0,"{""type"":""Polygon"",""coordinates"":[[[-107.2649392065968,48.26830798325992],[-107.26491265979392,48.26831294234781],[-107.26485950879868,48.26832294760094],[-107.26479308760028,48.268333202090965],[-107.26477991303608,48.26833789612806],[-107.26494725444117,48.268490912272334],[-107.26495984874818,48.26847277265147],[-107.26495921103945,48.26845941420743],[-107.26502553687614,48.2684447147875],[-107.2649392065968,48.26830798325992]]]}"
000000000000000026c7,4306,0,0,0,"{""type"":""Polygon"",""coordinates"":[[[-107.2650924741578,48.268295978041756],[-107.26508595703736,48.2683005831373],[-107.26500582551427,48.26830215769162],[-107.26497236619078,48.268302863848106],[-107.2649392065968,48.26830798325992],[-107.26502553687614,48.2684447147875],[-107.26508524353312,48.26843463618597],[-107.26513143756083,48.268420306488665],[-107.2650924741578,48.268295978041756]]]}"
000000000000000026d3,4307,0,0,0,"{""type"":""Polygon"",""coordinates"":[[[-107.26515130680585,48.268263580158205],[-107.2650924741578,48.268295978041756],[-107.26513143756083,48.268420306488665],[-107.26521069562317,48.268396412488045],[-107.26523744025978,48.26839588233232],[-107.26529592864316,48.26835899967988],[-107.26515130680585,48.268263580158205]]]}"
00000000000000002703,4308,0,0,0,"{""type"":""Polygon"",""coordinates"":[[[-107.26524285888291,48.26821713339524],[-107.26523697960013,48.26823509687319],[-107.2652169945432,48.26823552228394],[-107.26520362228477,48.268235787357554],[-107.26515130680585,48.268263580158205],[-107.26529592864316,48.26835899967988],[-107.26530244576382,48.26835439456501],[-107.26532699616621,48.268304756938264],[-107.26536671759258,48.268295103622734],[-107.26538563103504,48.2682679298926],[-107.26524285888291,48.26821713339524]]]}"
00000000000000002730,4309,0,0,0,"{""type"":""Polygon"",""coordinates"":[[[-107.26542606464204,48.26812422398792],[-107.26524090712373,48.26817252642335],[-107.26525501288586,48.26819006447223],[-107.26524285888291,48.26821713339524],[-107.26538563103504,48.2682679298926],[-107.26541115726157,48.26824059582577],[-107.2654501003783,48.26821306800612],[-107.26544844183898,48.26817733481191],[-107.26542606464204,48.26812422398792]]]}"
000000000000000026c0,4310,0,0,0,"{""type"":""Polygon"",""coordinates"":[[[-107.26541896707718,48.2681153836421],[-107.26539188449145,48.268106968742394],[-107.26535112992644,48.26809440568142],[-107.265336781758,48.268072367335655],[-107.26532307145762,48.26806368733139],[-107.26530925913644,48.268055023078716],[-107.2652955488527,48.268046343072946],[-107.26528173654825,48.26803767881872],[-107.26517248970482,48.268138102853484],[-107.26517914711859,48.26813801386877],[-107.26521260636649,48.268137307644366],[-107.2652267567377,48.26815491703216],[-107.26524090712373,48.26817252642335],[-107.26542606464204,48.26812422398792],[-107.26541896707718,48.2681153836421]]]}"
000000000000000026c4,4311,0,0,0,"{""type"":""Polygon"",""coordinates"":[[[-107.26525425863186,48.26802040590115],[-107.26522041677684,48.26801209570575],[-107.26520660451341,48.26800343144527],[-107.26515282242647,48.267995617971955],[-107.26513259516386,48.26799154302187],[-107.26508422782075,48.268108620731944],[-107.26513237305939,48.26813889804545],[-107.26517248970482,48.268138102853484],[-107.26528173654825,48.26803767881872],[-107.26525425863186,48.26802040590115]]]}"
000000000000000026bd,4312,0,0,0,"{""type"":""GeometryCollection"",""geometries"":[{""type"":""LineString"",""coordinates"":[[-107.26508401679237,48.26810412980405],[-107.26508421408482,48.2681085921683]]},{""type"":""Polygon"",""coordinates"":[[[-107.26509203863682,48.26798340886124],[-107.26495871260778,48.26799491728318],[-107.26499669955938,48.26809694164074],[-107.26508398547477,48.268104120384415],[-107.26513259516386,48.26799154302187],[-107.26509203863682,48.26798340886124]]]}]}"
000000000000000026c9,4313,0,0,0,"{""type"":""Polygon"",""coordinates"":[[[-107.26495871260778,48.26799491728318],[-107.26493221066757,48.26799994768708],[-107.26487304043924,48.26802340017506],[-107.26483360635416,48.26803762491572],[-107.26482043189783,48.26804231892944],[-107.26490495005196,48.26813895905159],[-107.26493796918595,48.26812932356956],[-107.26496981490402,48.26809295562005],[-107.26499669955938,48.26809694164074],[-107.26495871260778,48.26799491728318]]]}"
000000000000000026c5,4314,0,0,0,"{""type"":""Polygon"",""coordinates"":[[[-107.26482043189783,48.26804231892944],[-107.26476791897369,48.268065682414],[-107.26472172544838,48.26808001182788],[-107.26468890404303,48.26809407622751],[-107.26480644100175,48.268181081121895],[-107.26487840337784,48.268143918110944],[-107.26490495005196,48.26813895905159],[-107.26482043189783,48.26804231892944]]]}"
000000000000000026c8,4315,0,0,0,"{""type"":""Polygon"",""coordinates"":[[[-107.26468890404303,48.26809407622751],[-107.26463658868998,48.26812186867032],[-107.26461062226744,48.26814027311568],[-107.26455047635712,48.26814142198743],[-107.26474946393343,48.26825364100604],[-107.2647475127803,48.26820903397804],[-107.26480644100175,48.268181081121895],[-107.26468890404303,48.26809407622751]]]}"
000000000000000026cc,4316,0,0,0,"{""type"":""Polygon"",""coordinates"":[[[-107.26455047635712,48.26814142198743],[-107.26454386362487,48.26814158227346],[-107.26454395923798,48.26814602703275],[-107.26457355216996,48.26835981885333],[-107.26459377944147,48.26836389394924],[-107.26460715165945,48.26836362896089],[-107.26462718129375,48.26836327502379],[-107.26466064054945,48.26836256898847],[-107.26468042790017,48.26835771466856],[-107.26468650509904,48.26834418020021],[-107.26468596951744,48.268330806032516],[-107.26475185505541,48.26830717745767],[-107.26475121741973,48.268293819052126],[-107.26474946393343,48.26825364100604],[-107.26455047635712,48.26814142198743]]]}"
000000000000000026ce,4317,0,0,0,"{""type"":""Polygon"",""coordinates"":[[[-107.26454395923798,48.26814602703275],[-107.26436241043152,48.26827466809052],[-107.26437587817594,48.26827884790762],[-107.26440306237471,48.2682872473802],[-107.26452594294219,48.268342915290894],[-107.26457355216996,48.26835981885333],[-107.26454395923798,48.26814602703275]]]}"
000000000000000026d1,4318,0,0,0,"{""type"":""Polygon"",""coordinates"":[[[-107.264530491496,48.268141847249616],[-107.26450208962876,48.26810664400989],[-107.26448798436846,48.268089105865315],[-107.2644811293785,48.26808476579725],[-107.26429160386427,48.26818670738311],[-107.26431966123921,48.26821742613346],[-107.26434208125626,48.268270608700924],[-107.26436241043152,48.26827466809052],[-107.26454395923798,48.26814602703275],[-107.26454386362487,48.26814158227346],[-107.264530491496,48.268141847249616]]]}"
000000000000000026c2,4319,0,0,0,"{""type"":""Polygon"",""coordinates"":[[[-107.26446046239256,48.26807176134332],[-107.26443935552912,48.268049827540125],[-107.26442525032714,48.268032289403656],[-107.2641942957696,48.268103776969156],[-107.26420256579048,48.26813934990507],[-107.2642033434359,48.26815722438816],[-107.26421705333546,48.26816590457773],[-107.26429160386427,48.26818670738311],[-107.2644811293785,48.26808476579725],[-107.26446046239256,48.26807176134332]]]}"
000000000000000026e3,4320,0,0,0,"{""type"":""Polygon"",""coordinates"":[[[-107.26439043359463,48.2680016754709],[-107.26437584392143,48.26797513666049],[-107.26412980954139,48.26800678239674],[-107.26412373224524,48.26802031674618],[-107.26417070324955,48.26802386207864],[-107.264187243235,48.26809500787186],[-107.2641942957696,48.268103776969156],[-107.26442525032714,48.268032289403656],[-107.26439043359463,48.2680016754709]]]}"
000000000000000026bb,4321,0,0,0,"{""type"":""Polygon"",""coordinates"":[[[-107.2643468113031,48.26792211466584],[-107.2643461738084,48.26790875635108],[-107.26413840105693,48.26789944516348],[-107.26412522666577,48.26790413906796],[-107.26411229449987,48.26791333330752],[-107.26409950252638,48.26792704363566],[-107.26413471402915,48.26796651563062],[-107.26412980954139,48.26800678239674],[-107.26437584392143,48.26797513666049],[-107.2643468113031,48.26792211466584]]]}"
000000000000000026bf,4322,0,0,0,"{""type"":""Polygon"",""coordinates"":[[[-107.26420821486533,48.267813247154116],[-107.26420861007213,48.267822105118455],[-107.26416436739598,48.26788104093153],[-107.2641382034626,48.267895016174286],[-107.26413840105693,48.26789944516348],[-107.2643461738084,48.26790875635108],[-107.26433659048118,48.2678419351518],[-107.26435603966738,48.26782813589204],[-107.26435540216741,48.26781477760116],[-107.26420821486533,48.267813247154116]]]}"
000000000000000026be,4323,0,0,0,"{""type"":""Polygon"",""coordinates"":[[[-107.2642042691842,48.26772396247725],[-107.26419950503804,48.26776874513397],[-107.26420821486533,48.267813247154116],[-107.26435540216741,48.26781477760116],[-107.26435150076213,48.26772556428246],[-107.2642042691842,48.26772396247725]]]}"
000000000000000026b7,4324,0,0,0,"{""type"":""Polygon"",""coordinates"":[[[-107.26416078785454,48.26764891804996],[-107.26420285407957,48.26769272987809],[-107.2642042691842,48.26772396247725],[-107.26435150076213,48.26772556428246],[-107.2643438681342,48.26770334989931],[-107.26436267973602,48.26767619242038],[-107.26436214425793,48.26766281841682],[-107.2643614621165,48.26764938882233],[-107.26436092663825,48.26763601482551],[-107.26435995127748,48.267613711557296],[-107.26416078785454,48.26764891804996]]]}"
000000000000000026ba,4325,0,0,0,"{""type"":""Polygon"",""coordinates"":[[[-107.26433830925842,48.267578403930976],[-107.26431690953649,48.26754759662637],[-107.26406955870273,48.267552454073524],[-107.26407738871058,48.26757909738322],[-107.26410574505306,48.26761422907518],[-107.26413978348046,48.267626968593255],[-107.26416078785454,48.26764891804996],[-107.26435995127748,48.267613711557296],[-107.26435951139511,48.26760478228401],[-107.26433830925842,48.267578403930976]]]}"
000000000000000026b9,4326,0,0,0,"{""type"":""Polygon"",""coordinates"":[[[-107.26431918090724,48.26744929424235],[-107.26407310552975,48.26748086808188],[-107.26406834129365,48.267525650528995],[-107.26406955870273,48.267552454073524],[-107.26431690953649,48.26754759662637],[-107.2643098124197,48.26753875628339],[-107.26434773509112,48.26748885472506],[-107.26431918090724,48.26744929424235]]]}"
000000000000000026d4,4327,0,0,0,"{""type"":""Polygon"",""coordinates"":[[[-107.26429764104309,48.26741397096212],[-107.26428946660232,48.2673828432176],[-107.26407508436327,48.26737369216889],[-107.26407310552975,48.26748086808188],[-107.26431918090724,48.26744929424235],[-107.26429764104309,48.26741397096212]],[[-107.26410289871747,48.26739991023821],[-107.26408291435105,48.26740033538879],[-107.2640899667377,48.26740910438257],[-107.26410289871747,48.26739991023821]]]}"
000000000000000026b6,4328,0,0,0,"{""type"":""Polygon"",""coordinates"":[[[-107.26410409981553,48.26727486029823],[-107.2640977804303,48.26728389417228],[-107.26407921114475,48.26731555168178],[-107.26407508436327,48.26737369216889],[-107.26428946660232,48.2673828432176],[-107.26428893114442,48.26736946928713],[-107.26431294636929,48.26730645892027],[-107.26410409981553,48.26727486029823]]]}"
000000000000000026ae,4329,0,0,0,"{""type"":""Polygon"",""coordinates"":[[[-107.26418038467632,48.267183987083854],[-107.26414182477093,48.267220530139824],[-107.26411041919788,48.26726582642538],[-107.26410409981553,48.26727486029823],[-107.26431294636929,48.26730645892027],[-107.26433632400357,48.26723009048095],[-107.26418038467632,48.267183987083854]]]}"
000000000000000026b1,4330,0,0,0,"{""type"":""Polygon"",""coordinates"":[[[-107.26427727817342,48.26710620534233],[-107.26421868951874,48.26714310220907],[-107.26418038467632,48.267183987083854],[-107.26433632400357,48.26723009048095],[-107.26435577284596,48.267216291389246],[-107.26436870472622,48.26720709724508],[-107.26439427523765,48.26717983534928],[-107.26440079218256,48.26717523040248],[-107.26427727817342,48.26710620534233]]]}"
000000000000000026b5,4331,0,0,0,"{""type"":""Polygon"",""coordinates"":[[[-107.26435434012042,48.26703320639658],[-107.26434782319987,48.267037811327285],[-107.26427727817342,48.26710620534233],[-107.26440079218256,48.26717523040248],[-107.26441372404284,48.26716603625988],[-107.26445874327784,48.26712497528745],[-107.26447167511336,48.267115781146394],[-107.26447794976546,48.267106675934194],[-107.26435434012042,48.26703320639658]]]}"
000000000000000026af,4332,0,0,0,"{""type"":""Polygon"",""coordinates"":[[[-107.26441759022437,48.26695154327691],[-107.26437378884938,48.26701940735538],[-107.26435434012042,48.26703320639658],[-107.26447794976546,48.267106675934194],[-107.2644971052553,48.26708400325792],[-107.26456862551252,48.26703791212779],[-107.26441759022437,48.26695154327691]]]}"
000000000000000026b8,4333,0,0,0,"{""type"":""Polygon"",""coordinates"":[[[-107.26450174872942,48.266887384664976],[-107.26449523184385,48.26689198959211],[-107.26442390948947,48.26694250944152],[-107.26441759022437,48.26695154327691],[-107.26456862551252,48.26703791212779],[-107.26464014564341,48.2669918209877],[-107.26465254181035,48.26696925302319],[-107.2646588610383,48.266960219170265],[-107.26450174872942,48.266887384664976]]]}"
000000000000000026c1,4334,0,0,0,"{""type"":""Polygon"",""coordinates"":[[[-107.2645990363787,48.26681846085628],[-107.26454025066629,48.26685092880426],[-107.26450174872942,48.266887384664976],[-107.2646588610383,48.266960219170265],[-107.2646651802634,48.26695118531853],[-107.26467767204355,48.26693306202554],[-107.26470363754659,48.26691465800456],[-107.26472269081037,48.26689200112176],[-107.2645990363787,48.26681846085628]]]}"
0000000000000000269f,4335,0,0,0,"{""type"":""Polygon"",""coordinates"":[[[-107.26469632375932,48.266749537045506],[-107.2646576243588,48.26678156400065],[-107.2645990363787,48.26681846085628],[-107.26472269081037,48.26689200112176],[-107.2647354822469,48.26687829099197],[-107.26482115165712,48.26684980890808],[-107.26482766851802,48.26684520396312],[-107.26469632375932,48.266749537045506]]]}"
000000000000000026ad,4336,0,0,0,"{""type"":""Polygon"",""coordinates"":[[[-107.2647873363572,48.26668971838874],[-107.26473580105387,48.266735384087106],[-107.26470915978324,48.26673589830137],[-107.26469632375932,48.266749537045506],[-107.26482766851802,48.26684520396312],[-107.26493181064765,48.26678061982133],[-107.26493837212634,48.266776086219345],[-107.2647873363572,48.26668971838874]]]}"
000000000000000026aa,4337,0,0,0,"{""type"":""Polygon"",""coordinates"":[[[-107.26482491962032,48.2666308726222],[-107.26482505991815,48.26663538859716],[-107.2647997323353,48.26666715053867],[-107.2647873363572,48.26668971838874],[-107.26493837212634,48.266776086219345],[-107.26496433745798,48.26675768218674],[-107.26498378593784,48.26674388310007],[-107.26500691954945,48.26666301512524],[-107.26482491962032,48.2666308726222]]]}"
000000000000000026bc,4338,0,0,0,"{""type"":""Polygon"",""coordinates"":[[[-107.26500204059609,48.26655150101236],[-107.26482208824143,48.26656840877846],[-107.26482491962032,48.2666308726222],[-107.26500691954945,48.26666301512524],[-107.26501235854633,48.26663612309729],[-107.26500987121725,48.266578143727344],[-107.26500204059609,48.26655150101236]]]}"
000000000000000026ab,4339,0,0,0,"{""type"":""Polygon"",""coordinates"":[[[-107.26497918020486,48.26648939125379],[-107.26497756667025,48.26645373054771],[-107.26479829715664,48.266484067511755],[-107.264825875682,48.26650132434374],[-107.26482208824143,48.26656840877846],[-107.26500204059609,48.26655150101236],[-107.26497918020486,48.26648939125379]]]}"
000000000000000026a8,4340,0,0,0,"{""type"":""Polygon"",""coordinates"":[[[-107.26496024736527,48.26636471325762],[-107.26474782049061,48.26640016924325],[-107.2647624099871,48.26642670721304],[-107.26476314331998,48.2664445097622],[-107.26476392128845,48.266462383661015],[-107.26479829715664,48.266484067511755],[-107.26497756667025,48.26645373054771],[-107.2649813538035,48.26638664625981],[-107.26496024736527,48.26636471325762]]]}"
000000000000000026a1,4341,0,0,0,"{""type"":""Polygon"",""coordinates"":[[[-107.2649463400968,48.266351604604836],[-107.26493175046294,48.26632506670406],[-107.26491706517417,48.26629408421143],[-107.26474323561703,48.26629752910594],[-107.26473259334831,48.266360273366416],[-107.26474782049061,48.26640016924325],[-107.26496024736527,48.26636471325762],[-107.2649463400968,48.266351604604836]]]}"
000000000000000026a9,4342,0,0,0,"{""type"":""Polygon"",""coordinates"":[[[-107.2649331460767,48.26620444821366],[-107.26473933304793,48.266208318386326],[-107.26474857905204,48.26626619267525],[-107.26474323561703,48.26629752910594],[-107.26491706517417,48.26629408421143],[-107.26491686747411,48.266289655360666],[-107.26494871144249,48.2662532887248],[-107.2649331460767,48.26620444821366]]]}"
000000000000000026a3,4343,0,0,0,"{""type"":""Polygon"",""coordinates"":[[[-107.26494902917705,48.26611038353164],[-107.26472867143308,48.266119212508364],[-107.26473767509707,48.266172586516475],[-107.26473835740516,48.26618601572987],[-107.26473933304793,48.266208318386326],[-107.2649331460767,48.26620444821366],[-107.2649173830469,48.26615117890488],[-107.2649368311932,48.26613737999408],[-107.26495632396461,48.26612365242632],[-107.26494902917705,48.26611038353164]]]}"
000000000000000026a2,4344,0,0,0,"{""type"":""Polygon"",""coordinates"":[[[-107.26489811247178,48.26601755693445],[-107.26489106006117,48.26600878823084],[-107.26471213080143,48.26604806947688],[-107.26472867143308,48.266119212508364],[-107.26494902917705,48.26611038353164],[-107.26489811247178,48.26601755693445]]]}"
000000000000000026a4,4345,0,0,0,"{""type"":""Polygon"",""coordinates"":[[[-107.26487607519076,48.265973392839975],[-107.26486158776224,48.265946839362215],[-107.26484699833205,48.26592030164608],[-107.26483994595365,48.265911532954],[-107.26467556186283,48.26597728043983],[-107.26470405818137,48.26601692682403],[-107.26471213080143,48.26604806947688],[-107.26489106006117,48.26600878823084],[-107.26487607519076,48.265973392839975]]]}"
000000000000000026a6,4346,0,0,0,"{""type"":""Polygon"",""coordinates"":[[[-107.26473710045893,48.26585551391745],[-107.26472295116147,48.26583790519424],[-107.26460621829891,48.26592062656669],[-107.26463393656462,48.2659423992007],[-107.2646614571988,48.26595974301021],[-107.26467556186283,48.26597728043983],[-107.26483994595365,48.265911532954],[-107.26473710045893,48.26585551391745]]]}"
000000000000000026a5,4347,0,0,0,"{""type"":""Polygon"",""coordinates"":[[[-107.26470174956047,48.26581152778722],[-107.2646264251719,48.265772852454816],[-107.26450964780494,48.2658555022621],[-107.26451650241566,48.26585984215522],[-107.26456435086135,48.26588124516946],[-107.2645850167673,48.265894249090955],[-107.26460621829891,48.26592062656669],[-107.26472295116147,48.26583790519424],[-107.26472275348182,48.26583347638068],[-107.26470174956047,48.26581152778722]]]}"
000000000000000026a0,4348,0,0,0,"{""type"":""Polygon"",""coordinates"":[[[-107.26459890469438,48.265755508692465],[-107.26453661393158,48.26570762367002],[-107.26443257039784,48.26577665056087],[-107.26445299389124,48.26578515433453],[-107.26449432549246,48.26581116218238],[-107.26449554328576,48.26583796484473],[-107.26450964780494,48.2658555022621],[-107.2646264251719,48.265772852454816],[-107.26459890469438,48.265755508692465]]]}"
000000000000000026b0,4349,0,0,0,"{""type"":""Polygon"",""coordinates"":[[[-107.26452280273509,48.26569895966088],[-107.26448842781319,48.26567727600878],[-107.26448754793554,48.265659418120215],[-107.26448049571356,48.26565064944092],[-107.26432267415564,48.265711862492324],[-107.26436473868809,48.26575567269128],[-107.26443257039784,48.26577665056087],[-107.26453661393158,48.26570762367002],[-107.26452280273509,48.26569895966088]]]}"
0000000000000000269e,4350,0,0,0,"{""type"":""Polygon"",""coordinates"":[[[-107.26443123864021,48.26559355481868],[-107.26443079871434,48.26558462588716],[-107.26425187197705,48.26562390589745],[-107.26425902614419,48.26563265884073],[-107.26428708176924,48.26566337616473],[-107.2643085251679,48.265694253747945],[-107.26432267415564,48.265711862492324],[-107.26448049571356,48.26565064944092],[-107.26443123864021,48.26559355481868]]]}"
00000000000000002686,4351,0,0,0,"{""type"":""Polygon"",""coordinates"":[[[-107.26420727697823,48.26552204614185],[-107.26421530443841,48.26555311721622],[-107.26425187197705,48.26562390589745],[-107.26443079871434,48.26558462588716],[-107.26442806993121,48.26552214749987],[-107.26442763000519,48.265513218580374],[-107.26420727697823,48.26552204614185]]]}"
0000000000000000269c,4352,0,0,0,"{""type"":""Polygon"",""coordinates"":[[[-107.26441153007941,48.26545100519834],[-107.26439654591677,48.26541561008723],[-107.26421018545533,48.265437105216435],[-107.26422628500393,48.26549931862547],[-107.26420727697823,48.26552204614185],[-107.26442763000519,48.265513218580374],[-107.26442587669752,48.26547304263166],[-107.26441153007941,48.26545100519834]]]}"
00000000000000002696,4353,0,0,0,"{""type"":""Polygon"",""coordinates"":[[[-107.26436882822519,48.26539383758657],[-107.26435248616792,48.265327124215794],[-107.2643454340435,48.2653183555791],[-107.26417366279377,48.26536638810521],[-107.26420867463582,48.26540142943771],[-107.26421018545533,48.265437105216435],[-107.26439654591677,48.26541561008723],[-107.26439620801816,48.26540666543501],[-107.26436882822519,48.26539383758657]]]}"
0000000000000000269a,4354,0,0,0,"{""type"":""Polygon"",""coordinates"":[[[-107.2643171363156,48.265283138356025],[-107.26427463244757,48.26523039963931],[-107.26424755250405,48.265221984808015],[-107.26412450228312,48.265313738129954],[-107.26415158222635,48.26532215301051],[-107.2641791020571,48.2653394967756],[-107.26417366279377,48.26536638810521],[-107.2643454340435,48.2653183555791],[-107.2643171363156,48.265283138356025]]]}"
00000000000000002697,4355,0,0,0,"{""type"":""Polygon"",""coordinates"":[[[-107.2641795244019,48.26519657823323],[-107.26412448497119,48.26516189078876],[-107.26403527350084,48.26526195412005],[-107.26407611959635,48.26527896169079],[-107.26410427679619,48.2653096631245],[-107.26412450228312,48.265313738129954],[-107.26424755250405,48.265221984808015],[-107.2641795244019,48.26519657823323]]]}"
00000000000000002685,4356,0,0,0,"{""type"":""Polygon"",""coordinates"":[[[-107.26402849772424,48.265110211552866],[-107.26400846997598,48.26511056529559],[-107.26393238720986,48.26520586346882],[-107.2639659835725,48.26520967365321],[-107.26402146265369,48.26525329010282],[-107.26403527350084,48.26526195412005],[-107.26412448497119,48.26516189078876],[-107.26402849772424,48.265110211552866]]]}"
0000000000000000269b,4357,0,0,0,"{""type"":""Polygon"",""coordinates"":[[[-107.26388088188449,48.26509975154191],[-107.2637969248307,48.26516833610976],[-107.2638445740497,48.265185310481215],[-107.26385838480466,48.2651939745151],[-107.26393238720986,48.26520586346882],[-107.26400846997598,48.26511056529559],[-107.26388088188449,48.26509975154191]]]}"
000000000000000026b2,4358,0,0,0,"{""type"":""Polygon"",""coordinates"":[[[-107.26386737075424,48.265095500532176],[-107.26385282710062,48.26506903440461],[-107.2638382388361,48.26504249694525],[-107.26382453016124,48.2650338171821],[-107.26367385881512,48.265108241535465],[-107.2637018178805,48.265134514242476],[-107.2637969248307,48.26516833610976],[-107.26388088188449,48.26509975154191],[-107.26386737075424,48.265095500532176]]]}"
0000000000000000265e,4359,0,0,0,"{""type"":""Polygon"",""coordinates"":[[[-107.2637832001475,48.265007809387264],[-107.26376909636663,48.264990272125004],[-107.26374765389205,48.2649593948081],[-107.26360354405179,48.265029285574286],[-107.26361808747458,48.26505575172559],[-107.26367385881512,48.265108241535465],[-107.26382453016124,48.2650338171821],[-107.2637832001475,48.265007809387264]]]}"
00000000000000002683,4360,0,0,0,"{""type"":""Polygon"",""coordinates"":[[[-107.26371852227057,48.26490639131348],[-107.26368404679407,48.26488472341009],[-107.26352001170018,48.26495495186088],[-107.26353415994376,48.26497256049464],[-107.26359644758105,48.26502044558228],[-107.26360354405179,48.265029285574286],[-107.26374765389205,48.2649593948081],[-107.26371852227057,48.26490639131348]]]}"
00000000000000002680,4361,0,0,0,"{""type"":""Polygon"",""coordinates"":[[[-107.26367014067486,48.264871614909445],[-107.26364262156251,48.26485427113343],[-107.26362710317026,48.264805502982604],[-107.2634495509917,48.26487594040447],[-107.26345664739173,48.264884780385024],[-107.26345728461997,48.26489813795029],[-107.26348524332158,48.26492441062541],[-107.26352001170018,48.26495495186088],[-107.26368404679407,48.26488472341009],[-107.26367014067486,48.264871614909445]]]}"
0000000000000000265d,4362,0,0,0,"{""type"":""Polygon"",""coordinates"":[[[-107.26361980917646,48.26479223429687],[-107.26355869436274,48.2647710802318],[-107.26355771939103,48.264748778151166],[-107.26355727966863,48.26473984935282],[-107.26357031272444,48.264730640017895],[-107.26356967545142,48.26471728249673],[-107.26338609147994,48.264801324496034],[-107.26339300307927,48.26480557730185],[-107.2634495509917,48.26487594040447],[-107.26362710317026,48.264805502982604],[-107.26361980917646,48.26479223429687]]]}"
00000000000000002681,4363,0,0,0,"{""type"":""Polygon"",""coordinates"":[[[-107.26357812663234,48.26460543617215],[-107.26357792908321,48.264601007455916],[-107.26333537854774,48.264712927931136],[-107.26335715811422,48.26475274976092],[-107.26338609147994,48.264801324496034],[-107.26356967545142,48.26471728249673],[-107.26356845829262,48.264690480373325],[-107.263592714529,48.264631973461476],[-107.26357812663234,48.26460543617215]]]}"
00000000000000002667,4364,0,0,0,"{""type"":""Polygon"",""coordinates"":[[[-107.26357043759533,48.26458331010147],[-107.26345661780655,48.26458108846788],[-107.26325159273259,48.26463425276211],[-107.26332005816957,48.264668588570984],[-107.26333537854774,48.264712927931136],[-107.26357792908321,48.264601007455916],[-107.26357715164285,48.26458313416187],[-107.26357043759533,48.26458331010147]]]}"
00000000000000002661,4365,0,0,0,"{""type"":""Polygon"",""coordinates"":[[[-107.26324643201703,48.26451817130704],[-107.26322251957566,48.264581162324134],[-107.26325145261113,48.26462973695089],[-107.26325159273259,48.26463425276211],[-107.26345661780655,48.26458108846788],[-107.26324643201703,48.26451817130704]]]}"
00000000000000002660,4366,0,0,0,"{""type"":""Polygon"",""coordinates"":[[[-107.26332961065481,48.26443171484156],[-107.26330286942142,48.264432244340185],[-107.2632568782614,48.26445100064908],[-107.26329135294755,48.26447266854849],[-107.26324643201703,48.26451817130704],[-107.26345661780655,48.26458108846788],[-107.26357043759533,48.26458331010147],[-107.26332961065481,48.26443171484156]]]}"
00000000000000002664,4367,0,0,0,"{""type"":""Polygon"",""coordinates"":[[[-107.2635556942687,48.26440041181871],[-107.26351319272504,48.26434767358457],[-107.26332961065481,48.26443171484156],[-107.26357043759533,48.26458331010147],[-107.26357715164285,48.26458313416187],[-107.26357617665317,48.26456083216096],[-107.2635556942687,48.26440041181871]]]}"
00000000000000002658,4368,0,0,0,"{""type"":""Polygon"",""coordinates"":[[[-107.26349908933291,48.26433013649126],[-107.26340515746246,48.26432304538392],[-107.26336436386451,48.26431041089348],[-107.26328438256444,48.26431649942113],[-107.26330286942142,48.264432244340185],[-107.26332961065481,48.26443171484156],[-107.26351319272504,48.26434767358457],[-107.26349908933291,48.26433013649126]]]}"
00000000000000002657,4369,0,0,0,"{""type"":""Polygon"",""coordinates"":[[[-107.26328438256444,48.26431649942113],[-107.26313794352045,48.26433276890779],[-107.2631894900868,48.264438951125115],[-107.26321598915654,48.264433921612785],[-107.26323611838703,48.26443355230464],[-107.2632568782614,48.26445100064908],[-107.26330286942142,48.264432244340185],[-107.26328438256444,48.26431649942113]]]}"
00000000000000002665,4370,0,0,0,"{""type"":""Polygon"",""coordinates"":[[[-107.26313794352045,48.26433276890779],[-107.2630658484774,48.26436541196466],[-107.26300706653441,48.26439787737597],[-107.26309079373304,48.264476639529086],[-107.26309731023589,48.2644720349168],[-107.26312347171283,48.2644580609224],[-107.26317631698795,48.264443644560224],[-107.2631894900868,48.264438951125115],[-107.26313794352045,48.26433276890779]]]}"
00000000000000002655,4371,0,0,0,"{""type"":""Polygon"",""coordinates"":[[[-107.26300706653441,48.26439787737597],[-107.26296768737848,48.264416473383726],[-107.26288912027303,48.264453792307755],[-107.2630271642162,48.26454928202828],[-107.26307130160507,48.26449036627532],[-107.26308433461678,48.26448115705081],[-107.26309079373304,48.264476639529086],[-107.26300706653441,48.26439787737597]]]}"
00000000000000002668,4372,0,0,0,"{""type"":""Polygon"",""coordinates"":[[[-107.26288912027303,48.264453792307755],[-107.26277822529785,48.26451847579342],[-107.26294922730864,48.26460441881621],[-107.26295574384281,48.264599814201624],[-107.2630271642162,48.26454928202828],[-107.26288912027303,48.264453792307755]]]}"
0000000000000000267d,4373,0,0,0,"{""type"":""Polygon"",""coordinates"":[[[-107.26277822529785,48.26451847579342],[-107.26277181078727,48.26452306464046],[-107.26274030462537,48.26456837388474],[-107.26270788132305,48.264591294032655],[-107.26286555734201,48.26467757332992],[-107.26288500497725,48.2646637752312],[-107.26290367549278,48.26463210380798],[-107.26294922730864,48.26460441881621],[-107.26277822529785,48.26451847579342]]]}"
00000000000000002663,4374,0,0,0,"{""type"":""Polygon"",""coordinates"":[[[-107.26270788132305,48.264591294032655],[-107.26263636526619,48.26463738154312],[-107.26262396907703,48.26465994825503],[-107.26277508382854,48.26475076107748],[-107.26278791951644,48.26473712311298],[-107.2628008506321,48.264727929629345],[-107.26286555734201,48.26467757332992],[-107.26270788132305,48.264591294032655]]]}"
00000000000000002662,4375,0,0,0,"{""type"":""Polygon"",""coordinates"":[[[-107.26262396907703,48.26465994825503],[-107.26258507371944,48.26468754434665],[-107.26254613369018,48.26471506909544],[-107.26263735111941,48.26481152965174],[-107.26267021415003,48.264797538242846],[-107.26272977385463,48.26478294614698],[-107.26277508382854,48.26475076107748],[-107.26262396907703,48.26465994825503]]]}"
0000000000000000265c,4376,0,0,0,"{""type"":""Polygon"",""coordinates"":[[[-107.26254613369018,48.26471506909544],[-107.2625201693933,48.264733471738815],[-107.2624671264133,48.26474345909234],[-107.2624338686124,48.264748592946944],[-107.26251215452119,48.264854247147966],[-107.26256486021755,48.26483531517087],[-107.26263735111941,48.26481152965174],[-107.26254613369018,48.26471506909544]]]}"
0000000000000000265f,4377,0,0,0,"{""type"":""Polygon"",""coordinates"":[[[-107.2624338686124,48.264748592946944],[-107.26240071283236,48.264753711042474],[-107.2623212214405,48.26477310078216],[-107.26230785084306,48.26477336539323],[-107.26239396461432,48.264905661903754],[-107.26241997369483,48.264887330573586],[-107.26246028307509,48.264890965427625],[-107.26249343899347,48.26488584729477],[-107.26251215452119,48.264854247147966],[-107.2624338686124,48.264748592946944]]]}"
00000000000000002682,4378,0,0,0,"{""type"":""Polygon"",""coordinates"":[[[-107.26230785084306,48.26477336539323],[-107.26225436847135,48.26477442381852],[-107.26220098814622,48.264775466465544],[-107.26218775755416,48.26478024688806],[-107.26226255051786,48.26495739677081],[-107.2622823357921,48.26495254330939],[-107.26239396461432,48.264905661903754],[-107.26230785084306,48.26477336539323]]]}"
000000000000000026b3,4379,0,0,0,"{""type"":""Polygon"",""coordinates"":[[[-107.26218775755416,48.26478024688806],[-107.26216797238257,48.26478510031159],[-107.26210229094877,48.26481315411448],[-107.26208873213587,48.26496083649121],[-107.26220221389741,48.264954115181396],[-107.26223580920845,48.26495792597952],[-107.26226255051786,48.26495739677081],[-107.26218775755416,48.26478024688806]]]}"
000000000000000026b4,4380,0,0,0,"{""type"":""Polygon"",""coordinates"":[[[-107.2620955769631,48.26481332995018],[-107.26202284416294,48.26483261497242],[-107.26196902455388,48.26482472866089],[-107.26194719795495,48.2649368399906],[-107.26198099048148,48.26494507963304],[-107.26200870572612,48.264966852700425],[-107.26208873213587,48.26496083649121],[-107.26210229094877,48.26481315411448],[-107.2620955769631,48.26481332995018]]]}"
00000000000000002688,4381,0,0,0,"{""type"":""Polygon"",""coordinates"":[[[-107.26188150795052,48.26481304715922],[-107.26186108614414,48.26480454295201],[-107.26178583434248,48.26491762529677],[-107.26180605884235,48.264921700785294],[-107.2619338273516,48.2649371045506],[-107.26194719795495,48.2649368399906],[-107.26196902455388,48.26482472866089],[-107.26188150795052,48.26481304715922]]]}"
000000000000000026ac,4382,0,0,0,"{""type"":""Polygon"",""coordinates"":[[[-107.26176637856604,48.26477957676043],[-107.26175237143975,48.26476648372983],[-107.26174571487775,48.264766572449794],[-107.26166987096403,48.26486636838147],[-107.26167648291182,48.26486620832307],[-107.26170386058139,48.26487903686508],[-107.2617313782097,48.26489638124229],[-107.2617583612842,48.26490035227285],[-107.2617722664414,48.26491346108177],[-107.26178583434248,48.26491762529677],[-107.26186108614414,48.26480454295201],[-107.26176637856604,48.26477957676043]]]}"
0000000000000000268f,4383,0,0,0,"{""type"":""Polygon"",""coordinates"":[[[-107.26170506877237,48.26475399272313],[-107.26165722488788,48.26473258862417],[-107.26163680322635,48.264724084378514],[-107.26154720686581,48.264815128726966],[-107.26162246622667,48.26485389305909],[-107.26166987096403,48.26486636838147],[-107.26174571487775,48.264766572449794],[-107.26170506877237,48.26475399272313]]]}"
00000000000000002690,4384,0,0,0,"{""type"":""Polygon"",""coordinates"":[[[-107.26153460587356,48.26468142041428],[-107.26152099349619,48.264677184835534],[-107.2614378563442,48.26476371155798],[-107.26144461490068,48.264763607113],[-107.2614854581035,48.26478061569878],[-107.26151253627444,48.26478903128365],[-107.2615400536922,48.264806375691535],[-107.26154720686581,48.264815128726966],[-107.26163680322635,48.264724084378514],[-107.26163656128745,48.26471958429936],[-107.26153460587356,48.26468142041428]]]}"
00000000000000002693,4385,0,0,0,"{""type"":""Polygon"",""coordinates"":[[[-107.26150708854662,48.2646640760434],[-107.26146653801445,48.264655940710774],[-107.2614115481604,48.264621323283116],[-107.26139793583708,48.264617087690354],[-107.26132282333559,48.26473468511566],[-107.2613297791535,48.26473900941813],[-107.26137046957135,48.264751660651186],[-107.2614378563442,48.26476371155798],[-107.26152099349619,48.264677184835534],[-107.26150708854662,48.2646640760434]]]}"
00000000000000002687,4386,0,0,0,"{""type"":""Polygon"",""coordinates"":[[[-107.26135053164467,48.26460461227863],[-107.26128236893318,48.264574687998916],[-107.26119432499533,48.2647014785108],[-107.26129510886469,48.26471291192614],[-107.26132282333559,48.26473468511566],[-107.26139793583708,48.264617087690354],[-107.26135053164467,48.26460461227863]]]}"
00000000000000002694,4387,0,0,0,"{""type"":""Polygon"",""coordinates"":[[[-107.26126880128618,48.26457052373329],[-107.26120141503957,48.264558472738486],[-107.26116713955957,48.26454123272769],[-107.26107184720375,48.26465482552823],[-107.26108541482866,48.26465898982886],[-107.26116009402139,48.2646843097972],[-107.26118075732667,48.26469731422333],[-107.26119432499533,48.2647014785108],[-107.26128236893318,48.264574687998916],[-107.26126880128618,48.26457052373329]]]}"
000000000000000026c3,4388,0,0,0,"{""type"":""Polygon"",""coordinates"":[[[-107.26110563371623,48.26451121967112],[-107.26108463344869,48.26448927074173],[-107.26092929843892,48.26460845414919],[-107.26094310786343,48.26461711854166],[-107.26096377100768,48.26463012300208],[-107.261004219158,48.26463827429869],[-107.26107184720375,48.26465482552823],[-107.26116713955957,48.26454123272769],[-107.26116694230288,48.26453680400445],[-107.26110563371623,48.26451121967112]]]}"
0000000000000000268e,4389,0,0,0,"{""type"":""Polygon"",""coordinates"":[[[-107.26106353119353,48.26446733756252],[-107.26103605900444,48.26445006445673],[-107.26102191251371,48.264432455584185],[-107.26085145792523,48.26451172777511],[-107.2608516997681,48.26451622784103],[-107.26086580155469,48.26453376542532],[-107.26087994798038,48.264551374356174],[-107.2608811631678,48.264578176493245],[-107.26092929843892,48.26460845414919],[-107.26108463344869,48.26448927074173],[-107.26106353119353,48.26446733756252]]]}"
000000000000000026e6,4390,0,0,0,"{""type"":""Polygon"",""coordinates"":[[[-107.2610081031229,48.26442379123239],[-107.26100776603778,48.26441484671504],[-107.26097941573907,48.26437971607612],[-107.26097888142523,48.26436634285602],[-107.26075417003727,48.26442879911431],[-107.26074853149632,48.26445126112212],[-107.26082340699058,48.26448100999627],[-107.26085145792523,48.26451172777511],[-107.26102191251371,48.264432455584185],[-107.2610081031229,48.26442379123239]]]}"
0000000000000000284b,4391,0,0,0,"{""type"":""Polygon"",""coordinates"":[[[-107.26093702111315,48.26432696085213],[-107.26092223841577,48.26429599454634],[-107.26071663828819,48.26433570848951],[-107.2607373011544,48.26434871293665],[-107.26075164464478,48.26437075053965],[-107.26075417003727,48.26442879911431],[-107.26097888142523,48.26436634285602],[-107.26097820047117,48.264352914042696],[-107.26093702111315,48.26432696085213]]]}"
000000000000000026f7,4392,0,0,0,"{""type"":""Polygon"",""coordinates"":[[[-107.26069188529014,48.26422906753721],[-107.26069285852786,48.264251369472156],[-107.26069339273957,48.26426474266743],[-107.26069416877591,48.26428261591301],[-107.26069533921411,48.26430934657673],[-107.26070968266005,48.264331384170745],[-107.26071663828819,48.26433570848951],[-107.26092223841577,48.26429599454634],[-107.26090711867981,48.264256083764266],[-107.26091951551474,48.26423351742954],[-107.26069188529014,48.26422906753721]]]}"
00000000000000002689,4393,0,0,0,"{""type"":""Polygon"",""coordinates"":[[[-107.26072684304187,48.264112193511046],[-107.26071380992741,48.26412140235416],[-107.26068143114998,48.264144392969946],[-107.26069188529014,48.26422906753721],[-107.26091951551474,48.26423351742954],[-107.26092579022936,48.264224412942966],[-107.26095111814955,48.26419265347833],[-107.26072684304187,48.264112193511046]]]}"
0000000000000000267e,4394,0,0,0,"{""type"":""Polygon"",""coordinates"":[[[-107.26089102105504,48.2640420266379],[-107.26087794335992,48.26405116414747],[-107.26077871403116,48.26407547671868],[-107.26073981876037,48.2641030717565],[-107.26072684304187,48.264112193511046],[-107.26095111814955,48.26419265347833],[-107.26097668789119,48.26416539406241],[-107.26089102105504,48.2640420266379]]]}"
00000000000000002677,4395,0,0,0,"{""type"":""Polygon"",""coordinates"":[[[-107.26104994816416,48.26400763893948],[-107.2609168831537,48.26402364042577],[-107.26089743557415,48.264037437957924],[-107.26089102105504,48.2640420266379],[-107.26097668789119,48.26416539406241],[-107.26099569642885,48.264142667754186],[-107.26102919521034,48.26414203451181],[-107.26107668845064,48.26400711009634],[-107.26104994816416,48.26400763893948]]]}"
0000000000000000268d,4396,0,0,0,"{""type"":""Polygon"",""coordinates"":[[[-107.26121670923526,48.26399543264474],[-107.26117047677099,48.264009687763995],[-107.26107668845064,48.26400711009634],[-107.26102919521034,48.26414203451181],[-107.26103580698431,48.26414187450412],[-107.26107669378334,48.26415895443285],[-107.26113017459711,48.2641578967151],[-107.26115711227294,48.2641617965363],[-107.2612233209961,48.26399527262492],[-107.26121670923526,48.26399543264474]]]}"
00000000000000002691,4397,0,0,0,"{""type"":""Polygon"",""coordinates"":[[[-107.26126950882403,48.26398094614216],[-107.26125638055807,48.263985710610356],[-107.2612233209961,48.26399527262492],[-107.26115711227294,48.2641617965363],[-107.2613320387052,48.264185176362695],[-107.26133879714853,48.264185071929155],[-107.26126950882403,48.26398094614216]]]}"
00000000000000002692,4398,0,0,0,"{""type"":""Polygon"",""coordinates"":[[[-107.26130256837803,48.263971384114484],[-107.26128268171331,48.26397625301486],[-107.26126950882403,48.26398094614216],[-107.26133879714853,48.264185071929155],[-107.261457277302,48.26414253235292],[-107.26146967383372,48.26411996600322],[-107.26148280215281,48.26411520149246],[-107.26130256837803,48.263971384114484]]]}"
00000000000000002684,4399,0,0,0,"{""type"":""Polygon"",""coordinates"":[[[-107.26135527267994,48.26395245315185],[-107.26133538602083,48.263957322061266],[-107.26132911142983,48.26396642652557],[-107.26130256837803,48.263971384114484],[-107.26148280215281,48.26411520149246],[-107.261509103412,48.264105743809225],[-107.26153555130612,48.264096341716076],[-107.26156185255351,48.26408688402206],[-107.26157478355273,48.26407769081925],[-107.26160074755215,48.26405928866669],[-107.2616133859236,48.26404122235767],[-107.26135527267994,48.26395245315185]]]}"
00000000000000002651,4400,0,0,0,"{""type"":""Polygon"",""coordinates"":[[[-107.26150009780001,48.263900527463186],[-107.26148692493408,48.263905220613005],[-107.26135527267994,48.26395245315185],[-107.2616133859236,48.26404122235767],[-107.26162554040017,48.264014156014625],[-107.26164989392475,48.26396009470879],[-107.26165641040423,48.26395549023974],[-107.26150009780001,48.263900527463186]]]}"
00000000000000002650,4401,0,0,0,"{""type"":""Polygon"",""coordinates"":[[[-107.2615504152179,48.2638280642491],[-107.26155085445961,48.263836992915195],[-107.26152586437702,48.26387769672912],[-107.26150009780001,48.263900527463186],[-107.26165641040423,48.26395549023974],[-107.26171411601224,48.26390073991397],[-107.26171888204796,48.263855960600914],[-107.2615504152179,48.2638280642491]]]}"
0000000000000000264e,4402,0,0,0,"{""type"":""Polygon"",""coordinates"":[[[-107.2615870250879,48.26374692120746],[-107.2615883361273,48.26377816731861],[-107.26156300889113,48.263809926685525],[-107.2615504152179,48.2638280642491],[-107.26171888204796,48.263855960600914],[-107.26172500384573,48.26384249881199],[-107.26172334872287,48.26380676841353],[-107.26174128754246,48.263757296011285],[-107.2615870250879,48.26374692120746]]]}"
0000000000000000267c,4403,0,0,0,"{""type"":""Polygon"",""coordinates"":[[[-107.2616097680486,48.2636572012278],[-107.26157889828333,48.26371586665143],[-107.2615870250879,48.26374692120746],[-107.26174128754246,48.263757296011285],[-107.261764424849,48.26367643328089],[-107.26176408756712,48.263667488897326],[-107.2616097680486,48.2636572012278]]]}"
0000000000000000267a,4404,0,0,0,"{""type"":""Polygon"",""coordinates"":[[[-107.26160558620236,48.26356342331815],[-107.26159950905107,48.26357695636956],[-107.26160855228721,48.26363039958028],[-107.2616097680486,48.2636572012278],[-107.26176408756712,48.263667488897326],[-107.26177409662304,48.26359139080159],[-107.26160558620236,48.26356342331815]]]}"
00000000000000002678,4405,0,0,0,"{""type"":""Polygon"",""coordinates"":[[[-107.26164841270774,48.263473263361554],[-107.26160558620236,48.26356342331815],[-107.26177409662304,48.26359139080159],[-107.26178376833379,48.263506348459394],[-107.26164841270774,48.263473263361554]]]}"
0000000000000000264f,4406,0,0,0,"{""type"":""Polygon"",""coordinates"":[[[-107.26167169659064,48.26339245668309],[-107.26165473177228,48.26346423030631],[-107.26164841270774,48.263473263361554],[-107.26178376833379,48.263506348459394],[-107.26185367179978,48.26342460382315],[-107.26186670453508,48.26341539495608],[-107.26187311888727,48.26341080626943],[-107.26167169659064,48.26339245668309]]]}"
00000000000000002666,4407,0,0,0,"{""type"":""Polygon"",""coordinates"":[[[-107.26169463639245,48.263307165913076],[-107.26167713707788,48.26336556646578],[-107.26167169659064,48.26339245668309],[-107.26187311888727,48.26341080626943],[-107.2619170206888,48.26334293224537],[-107.26194939839802,48.263319941587866],[-107.26169463639245,48.263307165913076]]]}"
0000000000000000267b,4408,0,0,0,"{""type"":""Polygon"",""coordinates"":[[[-107.2619413733276,48.263288871572854],[-107.26191224593737,48.26323586909397],[-107.2616904542765,48.26321338863341],[-107.26170689253874,48.26328008419671],[-107.26169463639245,48.263307165913076],[-107.26194939839802,48.263319941587866],[-107.26195595936744,48.26331540849855],[-107.2619413733276,48.263288871572854]]]}"
00000000000000002676,4409,0,0,0,"{""type"":""Polygon"",""coordinates"":[[[-107.26169307505734,48.26311957840838],[-107.26168067902692,48.263142144348194],[-107.26168165290784,48.26316444579939],[-107.26168262678856,48.26318674725997],[-107.2616904542765,48.26321338863341],[-107.26191224593737,48.26323586909397],[-107.26194311481389,48.26317720411714],[-107.26196888069835,48.263154373593416],[-107.26169307505734,48.26311957840838]]]}"
00000000000000002672,4410,0,0,0,"{""type"":""Polygon"",""coordinates"":[[[-107.26178894101727,48.26301943263061],[-107.26173634006697,48.263038347717305],[-107.26171806440766,48.263078875151834],[-107.26169939404514,48.26311054541243],[-107.26169307505734,48.26311957840838],[-107.26196888069835,48.263154373593416],[-107.26178894101727,48.26301943263061]]]}"
0000000000000000265b,4411,0,0,0,"{""type"":""Polygon"",""coordinates"":[[[-107.26185403985511,48.262977935878794],[-107.26184776554511,48.262987040201594],[-107.2618216624413,48.26300092634829],[-107.26180882720266,48.26301456372548],[-107.26178894101727,48.26301943263061],[-107.26196888069835,48.263154373593416],[-107.26200145558556,48.2631358116063],[-107.26205376396399,48.26310802339004],[-107.26206460632002,48.263049711801806],[-107.26207690012092,48.26302716160427],[-107.26185403985511,48.262977935878794]]]}"
0000000000000000266f,4412,0,0,0,"{""type"":""Polygon"",""coordinates"":[[[-107.26208579413422,48.262924247396995],[-107.2618842718566,48.26290591412036],[-107.26187231533274,48.2629374085002],[-107.26185972210683,48.26295554579436],[-107.26185403985511,48.262977935878794],[-107.26207690012092,48.26302716160427],[-107.26208263964985,48.26300468440113],[-107.26205419357076,48.26296511069091],[-107.26209245038999,48.2629241586643],[-107.26208579413422,48.262924247396995]]]}"
00000000000000002671,4413,0,0,0,"{""type"":""Polygon"",""coordinates"":[[[-107.26198057625498,48.26281469706782],[-107.26195471527942,48.26283308311842],[-107.26191577714293,48.262860606600455],[-107.2618900114635,48.26288343697818],[-107.2618842718566,48.26290591412036],[-107.26208579413422,48.262924247396995],[-107.26198057625498,48.26281469706782]]]}"
00000000000000002674,4414,0,0,0,"{""type"":""Polygon"",""coordinates"":[[[-107.26208500739504,48.26275453400965],[-107.26200002298015,48.26280089965638],[-107.26198709250191,48.26281009268175],[-107.26198057625498,48.26281469706782],[-107.26208579413422,48.262924247396995],[-107.26209245038999,48.2629241586643],[-107.26213688600309,48.262869658008654],[-107.26218307250491,48.262855331424525],[-107.26208500739504,48.26275453400965]]]}"
00000000000000002670,4415,0,0,0,"{""type"":""Polygon"",""coordinates"":[[[-107.26220308815725,48.26270313764892],[-107.26213663378067,48.26271331758456],[-107.26209774046019,48.26274091241348],[-107.26208500739504,48.26275453400965],[-107.26218307250491,48.262855331424525],[-107.26218958874911,48.26285072702126],[-107.26224223408511,48.26283188309961],[-107.26226819701269,48.26281348122642],[-107.26228822314725,48.26281312790279],[-107.26220308815725,48.26270313764892]]]}"
00000000000000002628,4416,0,0,0,"{""type"":""Polygon"",""coordinates"":[[[-107.26232915606732,48.26267827940443],[-107.26225632548277,48.26269757946645],[-107.26220308815725,48.26270313764892],[-107.26228822314725,48.26281312790279],[-107.26234146067002,48.2628075696566],[-107.26238277548781,48.262681736703385],[-107.26232915606732,48.26267827940443]]]}"
0000000000000000266c,4417,0,0,0,"{""type"":""Polygon"",""coordinates"":[[[-107.26251069025312,48.26270149643891],[-107.2624431085741,48.26268501812826],[-107.26238277548781,48.262681736703385],[-107.26234146067002,48.2628075696566],[-107.2624413687569,48.26279668451353],[-107.2624686434597,48.262809528108086],[-107.26251744851157,48.26270139193005],[-107.26251069025312,48.26270149643891]]]}"
00000000000000002673,4418,0,0,0,"{""type"":""Polygon"",""coordinates"":[[[-107.26264516615865,48.26271672292194],[-107.26257797917305,48.2627091018307],[-107.26251744851157,48.26270139193005],[-107.2624686434597,48.262809528108086],[-107.26250953016775,48.26282660699976],[-107.26255635360147,48.26282563730445],[-107.26259038668805,48.26283837635591],[-107.26266529433391,48.26271635377214],[-107.26264516615865,48.26271672292194]]]}"
00000000000000002647,4419,0,0,0,"{""type"":""Polygon"",""coordinates"":[[[-107.26275451408895,48.262768136796076],[-107.26267190596711,48.2627161936597],[-107.26266529433391,48.26271635377214],[-107.26259038668805,48.26283837635591],[-107.26261061034884,48.2628424515364],[-107.26266486717746,48.26285926574099],[-107.26267216044356,48.262872534033704],[-107.26282228100062,48.26278920189563],[-107.26282170134878,48.26277575776537],[-107.26275451408895,48.262768136796076]]]}"
0000000000000000266b,4420,0,0,0,"{""type"":""Polygon"",""coordinates"":[[[-107.26284391888876,48.26282450677769],[-107.26282228100062,48.26278920189563],[-107.26267216044356,48.262872534033704],[-107.26268120526443,48.26292597639282],[-107.26272934096728,48.262956252191756],[-107.2628924942721,48.26286371092195],[-107.26284391888876,48.26282450677769]]]}"
00000000000000002675,4421,0,0,0,"{""type"":""GeometryCollection"",""geometries"":[{""type"":""LineString"",""coordinates"":[[-107.26272934571519,48.26295625687031],[-107.26273602890672,48.262956125298366]]},{""type"":""Polygon"",""coordinates"":[[[-107.26294184695669,48.26292078780668],[-107.26292078859089,48.262898927043345],[-107.26289283184263,48.26287265515857],[-107.2628924942721,48.26286371092195],[-107.26273599727506,48.262956163413094],[-107.2627903117829,48.26297289048766],[-107.26285905370983,48.263016256991484],[-107.26286600952461,48.263020581042554],[-107.26294870075772,48.26292512759187],[-107.26294184695669,48.26292078780668]]]}]}"
00000000000000002679,4422,0,0,0,"{""type"":""Polygon"",""coordinates"":[[[-107.26298958802754,48.26294220630222],[-107.26294870075772,48.26292512759187],[-107.26286600952461,48.263020581042554],[-107.26288623337507,48.263024656174224],[-107.26295439588256,48.26305457844566],[-107.26300146194316,48.26305810844611],[-107.26307014586918,48.26294956242627],[-107.26298958802754,48.26294220630222]]]}"
0000000000000000264b,4423,0,0,0,"{""type"":""Polygon"",""coordinates"":[[[-107.2631778835927,48.26296531756909],[-107.26310359968447,48.26294885714333],[-107.26307014586918,48.26294956242627],[-107.26300146194316,48.26305810844611],[-107.26313583804964,48.26307335003648],[-107.26314255179287,48.263073174139976],[-107.26318483946041,48.262969641591575],[-107.2631778835927,48.26296531756909]]]}"
0000000000000000264c,4424,0,0,0,"{""type"":""Polygon"",""coordinates"":[[[-107.26318483946041,48.262969641591575],[-107.26314255179287,48.263073174139976],[-107.26316982714499,48.263086017585955],[-107.26324377375279,48.26309353372208],[-107.26326399776892,48.26309760877561],[-107.26333254106792,48.26298454682903],[-107.26318483946041,48.262969641591575]]]}"
0000000000000000264a,4425,0,0,0,"{""type"":""Polygon"",""coordinates"":[[[-107.26341397879595,48.26300975967063],[-107.26340007344817,48.26299665157512],[-107.26333254106792,48.26298454682903],[-107.26326399776892,48.26309760877561],[-107.26327095367655,48.263101932801646],[-107.2633855014527,48.26312195617235],[-107.26339215783743,48.26312186734598],[-107.26345550384573,48.263040195293165],[-107.26345530630066,48.263035766707375],[-107.26345452887573,48.26301789393986],[-107.26341397879595,48.26300975967063]]]}"
00000000000000002648,4426,0,0,0,"{""type"":""GeometryCollection"",""geometries"":[{""type"":""LineString"",""coordinates"":[[-107.26345566377188,48.263044679440604],[-107.26345546665623,48.26304021706739]]},{""type"":""Polygon"",""coordinates"":[[[-107.26356499496735,48.26309612416043],[-107.26345564400619,48.26304471096764],[-107.26339215783743,48.26312186734598],[-107.26340650292946,48.2631439040017],[-107.26346164046507,48.26317857488729],[-107.26344195158181,48.26318787275402],[-107.26344900306883,48.26319664112068],[-107.26358565884298,48.263109127665004],[-107.26356499496735,48.26309612416043]]]}]}"
0000000000000000264d,4427,0,0,0,"{""type"":""Polygon"",""coordinates"":[[[-107.26364098771316,48.263152687104736],[-107.26358565884298,48.263109127665004],[-107.26344900306883,48.26319664112068],[-107.2635256776447,48.26326663275843],[-107.26355946963507,48.26327487159945],[-107.26366151147761,48.26316117492112],[-107.26364098771316,48.263152687104736]]]}"
0000000000000000265a,4428,0,0,0,"{""type"":""Polygon"",""coordinates"":[[[-107.26371576986956,48.26317798859354],[-107.26367502187219,48.2631654258233],[-107.26366151147761,48.26316117492112],[-107.26355946963507,48.26327487159945],[-107.26360002009612,48.263283005838275],[-107.26367426065944,48.26329939461126],[-107.26372102788444,48.26329851139857],[-107.2637428480888,48.26318640329391],[-107.26371576986956,48.26317798859354]]]}"
00000000000000002649,4429,0,0,0,"{""type"":""Polygon"",""coordinates"":[[[-107.26377002834272,48.2631948022386],[-107.2637428480888,48.26318640329391],[-107.26372102788444,48.26329851139857],[-107.2638012495085,48.263296922617755],[-107.26381461978549,48.26329665781429],[-107.26386178226218,48.26330463174292],[-107.26387713048996,48.26319719949027],[-107.26377002834272,48.2631948022386]]]}"
00000000000000002659,4430,0,0,0,"{""type"":""Polygon"",""coordinates"":[[[-107.26387713048996,48.26319719949027],[-107.26386178226218,48.26330463174292],[-107.26390898941432,48.26331267698843],[-107.2639624706171,48.26331161770067],[-107.26397617875087,48.26332029717579],[-107.26398998890788,48.263328960901006],[-107.26401117092811,48.26320349555726],[-107.26387713048996,48.26319719949027]]]}"
00000000000000002654,4431,0,0,0,"{""type"":""Polygon"",""coordinates"":[[[-107.26402454120122,48.26320323072513],[-107.26401117092811,48.26320349555726],[-107.26398998890788,48.263328960901006],[-107.26400375444248,48.26333755328549],[-107.26407094391408,48.26334517340672],[-107.26410478093185,48.263353483397964],[-107.26415877953592,48.263213955177065],[-107.26402454120122,48.26320323072513]]]}"
00000000000000002656,4432,0,0,0,"{""type"":""Polygon"",""coordinates"":[[[-107.26425139620777,48.263189799758216],[-107.26423170734242,48.26319909778832],[-107.26415877953592,48.263213955177065],[-107.26410478093185,48.263353483397964],[-107.26412520299971,48.26336198688865],[-107.26419934876654,48.26337393089958],[-107.26426576067745,48.26336367801508],[-107.26425139620777,48.263189799758216]]]}"
00000000000000002652,4433,0,0,0,"{""type"":""Polygon"",""coordinates"":[[[-107.26432485956978,48.26318831517525],[-107.26425791240892,48.263185195186644],[-107.26425139620777,48.263189799758216],[-107.26426576067745,48.26336367801508],[-107.26430567413804,48.26335845478867],[-107.26433241488162,48.263357925034015],[-107.26442395442112,48.263311483668446],[-107.26432485956978,48.26318831517525]]]}"
00000000000000002698,4434,0,0,0,"{""type"":""Polygon"",""coordinates"":[[[-107.26445792514382,48.26317230920557],[-107.26436497051188,48.2631875205394],[-107.26432485956978,48.26318831517525],[-107.26442395442112,48.263311483668446],[-107.26443698685036,48.26330227448003],[-107.26446372759072,48.26330174468946],[-107.2645172090931,48.26330068508544],[-107.26453013949349,48.26329149163632],[-107.26454306988911,48.2632822981872],[-107.26455610229513,48.263273088988285],[-107.26445792514382,48.26317230920557]]]}"
00000000000000002653,4435,0,0,0,"{""type"":""Polygon"",""coordinates"":[[[-107.26455622265709,48.26312576323712],[-107.26454976386532,48.26313028073401],[-107.26448446812716,48.263167350821185],[-107.26445792514382,48.26317230920557],[-107.26455610229513,48.263273088988285],[-107.26458852389099,48.26325016882988],[-107.26466655241772,48.26319947656646],[-107.26455622265709,48.26312576323712]]]}"
00000000000000002644,4436,0,0,0,"{""type"":""Polygon"",""coordinates"":[[[-107.26462719908082,48.263066302875025],[-107.26461456213106,48.263084369212166],[-107.26458262532392,48.26311628915456],[-107.26455622265709,48.26312576323712],[-107.26466655241772,48.26319947656646],[-107.26471861812261,48.26316718694446],[-107.26476319183227,48.26311720055499],[-107.26462719908082,48.263066302875025]]]}"
00000000000000002646,4437,0,0,0,"{""type"":""Polygon"",""coordinates"":[[[-107.26469759498522,48.262993398375016],[-107.26469161454658,48.26301137577713],[-107.26462719908082,48.263066302875025],[-107.26476319183227,48.26311720055499],[-107.26482001964172,48.26304013225293],[-107.26482653578553,48.26303552765726],[-107.26469759498522,48.262993398375016]]]}"
00000000000000002641,4438,0,0,0,"{""type"":""Polygon"",""coordinates"":[[[-107.26472640666142,48.26289014607172],[-107.26469986384063,48.26289510449291],[-107.2647280201471,48.26292580438538],[-107.26470283567966,48.26296207966879],[-107.26469759498522,48.262993398375016],[-107.26482653578553,48.26303552765726],[-107.26483946605491,48.26302633421582],[-107.26485773891245,48.26298580629864],[-107.26489055560201,48.26297174331643],[-107.26472640666142,48.26289014607172]]]}"
00000000000000002643,4439,0,0,0,"{""type"":""Polygon"",""coordinates"":[[[-107.26487084553436,48.26282920088089],[-107.26485771762506,48.26283396572871],[-107.26484478742947,48.26284315913735],[-107.2648318125968,48.26285228120709],[-107.26481878037745,48.262861490365545],[-107.26479203985384,48.26286202024508],[-107.26472640666142,48.26289014607172],[-107.26489055560201,48.26297174331643],[-107.26493674259224,48.26295741536816],[-107.26496936152495,48.2629389237973],[-107.26487084553436,48.26282920088089]]]}"
00000000000000002642,4440,0,0,0,"{""type"":""Polygon"",""coordinates"":[[[-107.26501532878845,48.26276832688797],[-107.26491042053225,48.26281503325703],[-107.26487084553436,48.26282920088089],[-107.26496936152495,48.2629389237973],[-107.26501457255526,48.262902294556305],[-107.26503470134018,48.26290192489321],[-107.26501532878845,48.26276832688797]]]}"
0000000000000000263f,4441,0,0,0,"{""type"":""Polygon"",""coordinates"":[[[-107.26514197950704,48.2627569089497],[-107.26505543957035,48.262767531974134],[-107.26501532878845,48.26276832688797],[-107.26503470134018,48.26290192489321],[-107.26504131317118,48.26290176461208],[-107.26511482121141,48.26290035077066],[-107.2651485180918,48.2629041446634],[-107.26517557425755,48.26276071857581],[-107.26514197950704,48.2627569089497]]]}"
00000000000000002645,4442,0,0,0,"{""type"":""Polygon"",""coordinates"":[[[-107.26524927988797,48.26276373319323],[-107.26517557425755,48.26276071857581],[-107.2651485180918,48.2629041446634],[-107.26524930280607,48.26291557352047],[-107.26528941384711,48.26291477850013],[-107.26528978630415,48.26277179528673],[-107.26524927988797,48.26276373319323]]]}"
00000000000000002640,4443,0,0,0,"{""type"":""Polygon"",""coordinates"":[[[-107.26537720055006,48.262783488992156],[-107.26532989720683,48.26277100025516],[-107.26528978630415,48.26277179528673],[-107.26528941384711,48.26291477850013],[-107.26532972267796,48.2629184120286],[-107.26538928001578,48.262903818861076],[-107.26546215032894,48.262889047717024],[-107.26537720055006,48.262783488992156]]]}"
0000000000000000269d,4444,0,0,0,"{""type"":""Polygon"",""coordinates"":[[[-107.26550321370013,48.26275871356628],[-107.26548984337724,48.26275897860329],[-107.26547039721473,48.2627727766961],[-107.26540418360045,48.2627874588408],[-107.26537720055006,48.262783488992156],[-107.26546215032894,48.262889047717024],[-107.26546866641144,48.26288444309245],[-107.2655087775123,48.262883647979464],[-107.26554825059401,48.26286949582638],[-107.26560756546884,48.262850402639685],[-107.26550321370013,48.26275871356628]]]}"
00000000000000002607,4445,0,0,0,"{""type"":""Polygon"",""coordinates"":[[[-107.26561483558986,48.26271183053404],[-107.26559524904637,48.26272111300133],[-107.26556884663077,48.26273058728522],[-107.26550321370013,48.26275871356628],[-107.26560756546884,48.262850402639685],[-107.26561412617076,48.26284586934744],[-107.26574617084867,48.26280748914796],[-107.26561483558986,48.26271183053404]]]}"
0000000000000000263c,4446,0,0,0,"{""type"":""Polygon"",""coordinates"":[[[-107.26571940521471,48.2626561793218],[-107.26569981870529,48.2626654617998],[-107.26567341632658,48.262674936101554],[-107.26562766985997,48.26269819275073],[-107.26561483558986,48.26271183053404],[-107.26574617084867,48.26280748914796],[-107.26578550341092,48.262788821277105],[-107.26584544358849,48.26278324339592],[-107.26571940521471,48.2626561793218]]]}"
00000000000000002699,4447,0,0,0,"{""type"":""Polygon"",""coordinates"":[[[-107.26583778526219,48.26260919138928],[-107.26580472645114,48.26261875471329],[-107.26575202376264,48.26263768760002],[-107.26571940521471,48.2626561793218],[-107.26584544358849,48.26278324339592],[-107.26595162804074,48.26276325000731],[-107.26597131661113,48.26275395170857],[-107.26583778526219,48.26260919138928]]]}"
00000000000000002636,4448,0,0,0,"{""type"":""Polygon"",""coordinates"":[[[-107.26595626099831,48.26256664764057],[-107.26592320221305,48.262576210997025],[-107.26589038590124,48.26259027421751],[-107.26585742911591,48.26259982180501],[-107.26583778526219,48.26260919138928],[-107.26597131661113,48.26275395170857],[-107.26600413307295,48.2627398884132],[-107.26607054467158,48.26272963441138],[-107.26595626099831,48.26256664764057]]]}"
0000000000000000260b,4449,0,0,0,"{""type"":""Polygon"",""coordinates"":[[[-107.2660810547294,48.262515070622364],[-107.26602091700627,48.262516220085296],[-107.26600224974905,48.262547890767216],[-107.26595626099831,48.26256664764057],[-107.26607054467158,48.26272963441138],[-107.2661562044365,48.26270115361094],[-107.2660810547294,48.262515070622364]]]}"
00000000000000002606,4450,0,0,0,"{""type"":""Polygon"",""coordinates"":[[[-107.26616799052411,48.26251330377691],[-107.26613453601588,48.262514010138986],[-107.26610779536904,48.26251454038448],[-107.2660810547294,48.262515070622364],[-107.2661562044365,48.26270115361094],[-107.26617589296612,48.26269185528221],[-107.26620219336245,48.262682396589796],[-107.26620870936809,48.262677791934934],[-107.26622812833669,48.2625121542197],[-107.26616799052411,48.26251330377691]]]}"
0000000000000000260a,4451,0,0,0,"{""type"":""Polygon"",""coordinates"":[[[-107.26634174758432,48.26250994402241],[-107.26628160970257,48.26251109365247],[-107.26622812833669,48.2625121542197],[-107.26620870936809,48.262677791934934],[-107.26625445574108,48.26265453502033],[-107.26635470504962,48.26265258993309],[-107.26636141894258,48.262652413809185],[-107.26635511793843,48.26250967886726],[-107.26634174758432,48.26250994402241]]]}"
0000000000000000263e,4452,0,0,0,"{""type"":""Polygon"",""coordinates"":[[[-107.26646208083628,48.262507557557505],[-107.26640184086698,48.26250872301618],[-107.26635511793843,48.26250967886726],[-107.26636141894258,48.262652413809185],[-107.26638815976102,48.26265188348734],[-107.26641490058665,48.26265135315788],[-107.26644158404068,48.2626509099101],[-107.26655286710663,48.26259508173609],[-107.26646208083628,48.262507557557505]]]}"
000000000000000026a7,4453,0,0,0,"{""type"":""Polygon"",""coordinates"":[[[-107.26650563069121,48.262435198674396],[-107.26649979777508,48.2624532315635],[-107.26646183828643,48.26250305769423],[-107.26655286710663,48.26259508173609],[-107.26659233993243,48.262580929237465],[-107.26667668398193,48.26252120285133],[-107.26668907742147,48.262498636596916],[-107.26650563069121,48.262435198674396]]]}"
000000000000000027f2,4454,0,0,0,"{""type"":""Polygon"",""coordinates"":[[[-107.26653595670437,48.262363160641044],[-107.26653791045896,48.26240776264657],[-107.2665119487142,48.26242616550299],[-107.26650563069121,48.262435198674396],[-107.26668907742147,48.262498636596916],[-107.26670142620982,48.2624759990135],[-107.26671240211037,48.262422203380694],[-107.26672445697854,48.262390693045916],[-107.26653595670437,48.262363160641044]]]}"
00000000000000002735,4455,0,0,0,"{""type"":""Polygon"",""coordinates"":[[[-107.26652582711249,48.26228743414699],[-107.26654007838361,48.26230502567437],[-107.26653595670437,48.262363160641044],[-107.26672445697854,48.262390693045916],[-107.2667230394569,48.26235946368815],[-107.26673279569152,48.262278867371215],[-107.26652582711249,48.26228743414699]]]}"
00000000000000002604,4456,0,0,0,"{""type"":""Polygon"",""coordinates"":[[[-107.26671595792497,48.262198857172926],[-107.26668094544617,48.26216381888816],[-107.2664965964201,48.26222998999361],[-107.26651779793725,48.26225636522392],[-107.26651843634045,48.262269722076546],[-107.26652582711249,48.26228743414699],[-107.26673279569152,48.262278867371215],[-107.26673813663966,48.26224753326916],[-107.26671595792497,48.262198857172926]]]}"
00000000000000002608,4457,0,0,0,"{""type"":""Polygon"",""coordinates"":[[[-107.26665288943786,48.26213310430157],[-107.26663688219269,48.26207533958316],[-107.2664330879674,48.26215530859604],[-107.26644689867106,48.262163971763655],[-107.26646810010827,48.2621903469741],[-107.2664893015787,48.26221672219216],[-107.2664965964201,48.26222998999361],[-107.26668094544617,48.26216381888816],[-107.26665288943786,48.26213310430157]]]}"
00000000000000002609,4458,0,0,0,"{""type"":""Polygon"",""coordinates"":[[[-107.26662924881707,48.26205312776887],[-107.26661470371546,48.262026663615686],[-107.26661372677782,48.262004362770945],[-107.26636880091962,48.262062754869675],[-107.26637565523528,48.26206709432699],[-107.26639000223247,48.26208913005013],[-107.26639122157371,48.26211593076672],[-107.26639195582798,48.26213373183199],[-107.2664330879674,48.26215530859604],[-107.26663688219269,48.26207533958316],[-107.26662924881707,48.26205312776887]]]}"
00000000000000002605,4459,0,0,0,"{""type"":""Polygon"",""coordinates"":[[[-107.26659893913536,48.26197339882159],[-107.2665444368324,48.26195208737836],[-107.26633085872108,48.26196081400464],[-107.26633105662289,48.261965242485616],[-107.26635445394697,48.26204071915371],[-107.26636880091962,48.262062754869675],[-107.26661372677782,48.262004362770945],[-107.26659893913536,48.26197339882159]]]}"
00000000000000002602,4460,0,0,0,"{""type"":""Polygon"",""coordinates"":[[[-107.26653758250394,48.261947747942834],[-107.26651574271243,48.26190801610241],[-107.26651418479896,48.261872271461435],[-107.26633983669889,48.2618623460006],[-107.26634281165894,48.26192931974123],[-107.26633085872108,48.26196081400464],[-107.2665444368324,48.26195208737836],[-107.26653758250394,48.261947747942834]]]}"
000000000000000025fe,4461,0,0,0,"{""type"":""GeometryCollection"",""geometries"":[{""type"":""LineString"",""coordinates"":[[-107.26666593476823,48.261824653308096],[-107.26667261779409,48.26182452150965],[-107.26667949820771,48.26182885207501]]},{""type"":""Polygon"",""coordinates"":[[[-107.26636928149456,48.26177245227087],[-107.2663504743731,48.26179960700392],[-107.26633136731076,48.2618223490296],[-107.26633983669889,48.2618623460006],[-107.26651418479896,48.261872271461435],[-107.26651320791733,48.26184997067923],[-107.26651247359557,48.26183216971193],[-107.26659103441987,48.2617948498297],[-107.26636928149456,48.26177245227087]]]}]}"
00000000000000002600,4462,0,0,0,"{""type"":""Polygon"",""coordinates"":[[[-107.26645122955011,48.26165919736752],[-107.26642566417944,48.26168645684067],[-107.26641317503659,48.261704578499895],[-107.26638167478174,48.26174988637887],[-107.26636928149456,48.26177245227087],[-107.26659103441987,48.2617948498297],[-107.26659755023854,48.26179024523032],[-107.26645122955011,48.26165919736752]]]}"
000000000000000025ff,4463,0,0,0,"{""type"":""Polygon"",""coordinates"":[[[-107.26671019071439,48.2617657339293],[-107.26666332192167,48.26176663431211],[-107.26661557821569,48.26174521818466],[-107.26659569229037,48.26175008796176],[-107.26658830155982,48.26173237607525],[-107.26664036452252,48.26170008637507],[-107.26665373462687,48.261699821188735],[-107.26652729978966,48.261563903894896],[-107.26649468234366,48.26158239547731],[-107.26647685226543,48.261631850814794],[-107.26645122955011,48.26165919736752],[-107.26659755023854,48.26179024523032],[-107.26661072243232,48.261785551583976],[-107.26666595897602,48.26182466388228],[-107.26667952707405,48.2618288271583],[-107.26674020058378,48.261841049807884],[-107.2667732587862,48.26183148631768],[-107.26671019071439,48.2617657339293]]]}"
00000000000000002603,4464,0,0,0,"{""type"":""Polygon"",""coordinates"":[[[-107.26689983346127,48.26166815795468],[-107.26689278114092,48.261659390115426],[-107.26656031307911,48.26155426919879],[-107.26652696130951,48.26155495991504],[-107.26652705722614,48.26155940411226],[-107.26665373462687,48.261699821188735],[-107.26670016279759,48.261689992564506],[-107.26672548546028,48.26165823322962],[-107.26675242361989,48.26166213128536],[-107.26677342713903,48.261684077722045],[-107.26682670965583,48.261678588435394],[-107.26684223191945,48.261727353093406],[-107.26679050751567,48.2617685869311],[-107.26671019071439,48.2617657339293],[-107.2667732587862,48.26183148631768],[-107.26680607438698,48.26181742301497],[-107.26683203561464,48.26179902030357],[-107.26687836194459,48.261789207322096],[-107.26691847246101,48.26178841165164],[-107.26689983346127,48.26166815795468]]]}"
0000000000000000162f,4465,0,0,0,"{""type"":""Polygon"",""coordinates"":[[[-107.26687755275037,48.26161949817925],[-107.26688157774896,48.26155691983617],[-107.26688089456255,48.261543491833315],[-107.26688055599558,48.26153454786035],[-107.26684588241802,48.26150845403357],[-107.26686479112375,48.261481283611985],[-107.26656031307911,48.26155426919879],[-107.26689278114092,48.261659390115426],[-107.26687755275037,48.26161949817925]]]}"
000000000000000025fc,4466,0,0,0,"{""type"":""Polygon"",""coordinates"":[[[-107.2673003317092,48.26134761543478],[-107.26720640261317,48.26134052837358],[-107.2671529224109,48.261341589402825],[-107.26709870761499,48.26132484961683],[-107.26699899769073,48.261340167722786],[-107.26694620082095,48.26135465658397],[-107.26690011159054,48.26137342919966],[-107.26687347356066,48.26137394387998],[-107.26684780658574,48.26140121905997],[-107.26682272679182,48.261437478036456],[-107.26679598672618,48.261438008448046],[-107.26677512389612,48.26142057763603],[-107.26676097478418,48.261402970681964],[-107.26654347588475,48.261474260049894],[-107.26652696130951,48.26155495991504],[-107.26656031307911,48.26155426919879],[-107.26686479112375,48.261481283611985],[-107.26690804504076,48.26140005338435],[-107.26697425664173,48.261385370638386],[-107.26703381190593,48.261370776925915],[-107.26706662707842,48.26135671366732],[-107.26732809388689,48.261369456766495],[-107.26732707185296,48.26134708488169],[-107.2673003317092,48.26134761543478]]]}"
000000000000000025fd,4467,0,0,0,"{""type"":""Polygon"",""coordinates"":[[[-107.26674638513893,48.26137643553521],[-107.26671303346357,48.261377126311366],[-107.2666650475983,48.261351210591215],[-107.26665070063395,48.26132917521522],[-107.26644788752378,48.261431443621305],[-107.26645474174579,48.26143578302366],[-107.2664819221952,48.26144418091847],[-107.2665157143397,48.261452418432135],[-107.26654347588475,48.261474260049894],[-107.26676097478418,48.261402970681964],[-107.26674638513893,48.26137643553521]]]}"
000000000000000025fa,4468,0,0,0,"{""type"":""Polygon"",""coordinates"":[[[-107.2666296400192,48.26130731597874],[-107.26652078395759,48.26126474917721],[-107.26639974863986,48.26140117063789],[-107.26644788752378,48.261431443621305],[-107.26665070063395,48.26132917521522],[-107.2666296400192,48.26130731597874]]]}"
000000000000000025f6,4469,0,0,0,"{""type"":""Polygon"",""coordinates"":[[[-107.26651392975232,48.261260409793145],[-107.26637249547991,48.261240865558214],[-107.26634548992058,48.261384359053764],[-107.26637884147245,48.26138366840828],[-107.26639974863986,48.26140117063789],[-107.26652078395759,48.26126474917721],[-107.26651392975232,48.261260409793145]]]}"
000000000000000025f9,4470,0,0,0,"{""type"":""Polygon"",""coordinates"":[[[-107.26627900823688,48.26124270574501],[-107.26623218495477,48.26124367722228],[-107.26624622078666,48.261408604591125],[-107.26625895240458,48.261394982826026],[-107.26632536167833,48.26138472896723],[-107.26634548992058,48.261384359053764],[-107.26637249547991,48.261240865558214],[-107.26627900823688,48.26124270574501]]]}"
000000000000000025f1,4471,0,0,0,"{""type"":""Polygon"",""coordinates"":[[[-107.26623218495477,48.26124367722228],[-107.26617204919789,48.2612448267024],[-107.26613869784413,48.26124551726926],[-107.26607184852585,48.26124684278193],[-107.26606509027438,48.26124694753785],[-107.26623362967742,48.26142674188175],[-107.26624622078666,48.261408604591125],[-107.26623218495477,48.26124367722228]]]}"
000000000000000025fb,4472,0,0,0,"{""type"":""Polygon"",""coordinates"":[[[-107.26606509027438,48.26124694753785],[-107.26597987435701,48.261284355574325],[-107.2659665044983,48.26128462065853],[-107.26594642102502,48.26128506182466],[-107.26593976478631,48.26128515082125],[-107.26610806098894,48.26146044575557],[-107.26614733465463,48.261441865336714],[-107.26622711390851,48.26143134642358],[-107.26623362967742,48.26142674188175],[-107.26606509027438,48.26124694753785]]]}"
00000000000000002601,4473,0,0,0,"{""type"":""Polygon"",""coordinates"":[[[-107.26593976478631,48.26128515082125],[-107.265926394933,48.26128541589974],[-107.26585954569362,48.26128674126366],[-107.26585049613448,48.26123330097736],[-107.26585681403608,48.26122426805701],[-107.26584378253465,48.26123347705339],[-107.26583736879255,48.26123806580118],[-107.26590892893768,48.26149565098959],[-107.26602983920414,48.261506708965],[-107.26606201626313,48.26147928934623],[-107.26610806098894,48.26146044575557],[-107.26593976478631,48.26128515082125]]]}"
00000000000000002633,4474,0,0,0,"{""type"":""Polygon"",""coordinates"":[[[-107.26583736879255,48.26123806580118],[-107.26575278484064,48.2612932901745],[-107.26573414363682,48.261476796198096],[-107.26574751353184,48.261476531144346],[-107.26587533496806,48.26149184169113],[-107.26590892893768,48.26149565098959],[-107.26583736879255,48.26123806580118]]]}"
0000000000000000266a,4475,0,0,0,"{""type"":""Polygon"",""coordinates"":[[[-107.26569313423369,48.26130343887979],[-107.26551303327939,48.261467753346885],[-107.26551979153103,48.26146764862938],[-107.26562052829111,48.26147900553462],[-107.26570074759617,48.26147741528068],[-107.26573414363682,48.261476796198096],[-107.26575278484064,48.2612932901745],[-107.26569313423369,48.26130343887979]]]}"
0000000000000000266d,4476,0,0,0,"{""type"":""Polygon"",""coordinates"":[[[-107.26540351721245,48.26125999245228],[-107.26537755609515,48.26127839458753],[-107.26533123079585,48.261288206724394],[-107.26527897029146,48.26131606702556],[-107.26523939692763,48.26133023435905],[-107.26522744344624,48.26136172814283],[-107.26526755279612,48.26136093319782],[-107.26530766216223,48.26136013823566],[-107.26534733133943,48.261350415049534],[-107.26540037030973,48.261340426846665],[-107.26545996970447,48.261325905471736],[-107.26543440414363,48.261353164514375],[-107.26546921647217,48.26138377433997],[-107.26549105463813,48.26142350606647],[-107.26551303327939,48.261467753346885],[-107.26569313423369,48.26130343887979],[-107.26540351721245,48.26125999245228]]]}"
00000000000000002639,4477,0,1,0,"{""type"":""Polygon"",""coordinates"":[[[-107.26548722078984,48.261186912061596],[-107.2654754653472,48.261222834208255],[-107.26540351721245,48.26125999245228],[-107.26569313423369,48.26130343887979],[-107.26575278484064,48.2612932901745],[-107.26583736879255,48.26123806580118],[-107.26584378253465,48.26123347705339],[-107.26548722078984,48.261186912061596]]]}"
000000000000000025f4,4478,0,0,0,"{""type"":""Polygon"",""coordinates"":[[[-107.26586701184021,48.26115260168976],[-107.26584634765781,48.26113959916391],[-107.26557729940534,48.261104711737076],[-107.26555892631293,48.26114525405745],[-107.26548708036297,48.261182396555164],[-107.26548722078984,48.261186912061596],[-107.26584378253465,48.26123347705339],[-107.26585681403608,48.26122426805701],[-107.26586269160137,48.26120630696095],[-107.26588189433735,48.26118800946579],[-107.26588160064236,48.261179136879385],[-107.26588071996542,48.26116128053964],[-107.26586701184021,48.26115260168976]]]}"
000000000000000025ec,4479,0,0,0,"{""type"":""Polygon"",""coordinates"":[[[-107.26581197540223,48.26111791778342],[-107.26580394704055,48.261086849465805],[-107.26580350671996,48.261077921309926],[-107.26579328295234,48.26099775238008],[-107.2655415108679,48.261051801638665],[-107.26558337487967,48.261091179107936],[-107.26557729940534,48.261104711737076],[-107.26584634765781,48.26113959916391],[-107.26581197540223,48.26111791778342]]]}"
0000000000000000263a,4480,0,0,0,"{""type"":""Polygon"",""coordinates"":[[[-107.26575671549574,48.26092697046323],[-107.26573541335185,48.260900611441755],[-107.26550488657391,48.260981106626055],[-107.26550508438218,48.260985535029214],[-107.2655196728134,48.26101207019955],[-107.2655201130652,48.26102099834737],[-107.26552064911722,48.261034370653846],[-107.2655415108679,48.261051801638665],[-107.26579328295234,48.26099775238008],[-107.26578447599809,48.26094881211021],[-107.26579030890363,48.26093077977681],[-107.26575671549574,48.26092697046323]]]}"
00000000000000002635,4481,0,0,0,"{""type"":""Polygon"",""coordinates"":[[[-107.26572836152526,48.26089184363149],[-107.26571421325067,48.2608742366777],[-107.26569179430246,48.2608210618255],[-107.26542787262862,48.2609021757362],[-107.26543472656205,48.2609065151753],[-107.26548976212287,48.26094119918167],[-107.26550488657391,48.260981106626055],[-107.26573541335185,48.260900611441755],[-107.26572836152526,48.26089184363149]]]}"
00000000000000002669,4482,0,0,0,"{""type"":""Polygon"",""coordinates"":[[[-107.26567700795074,48.26079009839298],[-107.26528175893833,48.26077555644103],[-107.2653097166959,48.26080182656509],[-107.26532386469074,48.2608194335615],[-107.26536548570954,48.260854311238155],[-107.26536646192467,48.26087661162988],[-107.26542787262862,48.2609021757362],[-107.26569179430246,48.2608210618255],[-107.26569125818298,48.26080768957552],[-107.26567700795074,48.26079009839298]]]}"
00000000000000002638,4483,0,0,0,"{""type"":""Polygon"",""coordinates"":[[[-107.26566986034015,48.260776886460526],[-107.26564777978899,48.260732655540416],[-107.2653081358408,48.260614248483705],[-107.26530162017737,48.26061885288947],[-107.26527858802308,48.26070415569842],[-107.26526565866668,48.26071334877292],[-107.2652678533969,48.26076244917352],[-107.26528175893833,48.26077555644103],[-107.26567700795074,48.26079009839298],[-107.26566986034015,48.260776886460526]]]}"
00000000000000002634,4484,0,0,0,"{""type"":""Polygon"",""coordinates"":[[[-107.26537117434249,48.26052816661144],[-107.26536553913836,48.26055062715216],[-107.2653525078401,48.26055983595966],[-107.26534075254568,48.26059575766092],[-107.2653081358408,48.260614248483705],[-107.26564777978899,48.260732655540416],[-107.2656406833857,48.260723816414476],[-107.26567961797711,48.26069629262222],[-107.26570557859567,48.26067789062013],[-107.26573167965664,48.26066400407853],[-107.26537117434249,48.26052816661144]]]}"
00000000000000002637,4485,0,0,0,"{""type"":""MultiPolygon"",""coordinates"":[[[[-107.26525092699565,48.26037870220549],[-107.26523143750276,48.26039242826172],[-107.26519896137036,48.26041543441384],[-107.26520767167315,48.26045993015666],[-107.26525909515836,48.26041428561088],[-107.26535287909923,48.26041685913104],[-107.26525092699565,48.26037870220549]]],[[[-107.26545507396158,48.26045951566244],[-107.2654553163988,48.26046401535756],[-107.26545629268269,48.260486315582355],[-107.26540952814159,48.26048719952501],[-107.26537749218929,48.26051913384423],[-107.26537117434249,48.26052816661144],[-107.26573167965664,48.26066400407853],[-107.26574480678615,48.26065923932615],[-107.26578374127301,48.2606317155279],[-107.26581557927962,48.26059535263851],[-107.26545507396158,48.26045951566244]]]]}"
000000000000000025f3,4486,0,0,0,"{""type"":""Polygon"",""coordinates"":[[[-107.26546278350109,48.260329877873744],[-107.26541635738168,48.26033970559555],[-107.26539633191386,48.26034005953797],[-107.26537702751651,48.26035837238401],[-107.26534407282777,48.26036791934005],[-107.2653112585462,48.26038198172508],[-107.26525092699565,48.26037870220549],[-107.26535287909923,48.26041685913104],[-107.26539984132275,48.26042040357649],[-107.26541365102241,48.26042906663446],[-107.26542702049389,48.26042880164131],[-107.26544116843895,48.260446408497735],[-107.26545487615574,48.26045508730307],[-107.26545507396158,48.26045951566244],[-107.26581557927962,48.26059535263851],[-107.26584741723154,48.260558989764924],[-107.26586710457974,48.26054969190535],[-107.26587945298569,48.260527055269954],[-107.26546278350109,48.260329877873744]]]}"
000000000000000025f7,4487,0,0,0,"{""type"":""Polygon"",""coordinates"":[[[-107.26575822644091,48.260355291401446],[-107.26575171084927,48.26035989581342],[-107.26573158329089,48.260360265577944],[-107.26564539307812,48.260375372456544],[-107.26558384246312,48.260345293295444],[-107.26552992435641,48.260337425307696],[-107.26548908213508,48.260320419842905],[-107.26546278350109,48.260329877873744],[-107.26587945298569,48.260527055269954],[-107.26587905727183,48.260518198544645],[-107.26594998258007,48.26045866896039],[-107.26595654281272,48.26045413586127],[-107.26575822644091,48.260355291401446]]]}"
000000000000000025ed,4488,0,0,0,"{""type"":""Polygon"",""coordinates"":[[[-107.26583560970913,48.2602912447693],[-107.26581616498652,48.260305042252995],[-107.26580352952514,48.26032310776736],[-107.26577747335487,48.26033706556762],[-107.26575822644091,48.260355291401446],[-107.26595654281272,48.26045413586127],[-107.26604083747144,48.26039434121642],[-107.26605356874954,48.260380719747914],[-107.26583560970913,48.2602912447693]]]}"
000000000000000025f2,4489,0,0,0,"{""type"":""Polygon"",""coordinates"":[[[-107.26587274388517,48.260223477908255],[-107.26584853884897,48.260282051696805],[-107.26583560970913,48.2602912447693],[-107.26605356874954,48.260380719747914],[-107.26606518285311,48.26034028269076],[-107.26609702040497,48.26030391991962],[-107.26610211887785,48.260268087344585],[-107.26587274388517,48.260223477908255]]]}"
000000000000000025f5,4490,0,0,0,"{""type"":""Polygon"",""coordinates"":[[[-107.26611016450606,48.26014739377519],[-107.26610992198582,48.260142894110714],[-107.26587666813137,48.26016091697427],[-107.26588513679172,48.26020091274966],[-107.26587274388517,48.260223477908255],[-107.26610211887785,48.260268087344585],[-107.26610823866108,48.260254626238904],[-107.26611994853914,48.26021863336014],[-107.26611016450606,48.26014739377519]]]}"
000000000000000025ef,4491,0,0,0,"{""type"":""Polygon"",""coordinates"":[[[-107.26610601520193,48.260053693914365],[-107.26586600389767,48.26007182145736],[-107.265873157639,48.26008057337417],[-107.26586742079536,48.26010304949527],[-107.26587491288551,48.26012074515899],[-107.26586883769275,48.260134277551586],[-107.26587666813137,48.26016091697427],[-107.26610992198582,48.260142894110714],[-107.26611370530667,48.260075817863644],[-107.26610601520193,48.260053693914365]]]}"
000000000000000025f0,4492,0,0,0,"{""type"":""Polygon"",""coordinates"":[[[-107.26608913478746,48.25997361558156],[-107.26609540776963,48.25996451153317],[-107.26585519921176,48.259978210686455],[-107.2658502984401,48.26001847137668],[-107.26586600389767,48.26007182145736],[-107.26610601520193,48.260053693914365],[-107.26608913478746,48.25997361558156]]]}"
0000000000000000262b,4493,0,0,0,"{""type"":""Polygon"",""coordinates"":[[[-107.26585124839572,48.25988893940739],[-107.26586617512442,48.259924417685994],[-107.26585519921176,48.259978210686455],[-107.26609540776963,48.25996451153317],[-107.26609159687632,48.25987975569399],[-107.26609150099597,48.2598753116363],[-107.26585124839572,48.25988893940739]]]}"
000000000000000025e6,4494,0,0,0,"{""type"":""Polygon"",""coordinates"":[[[-107.26607515693979,48.259808605556806],[-107.26607373984992,48.25977737770037],[-107.26582745742098,48.259804609023334],[-107.26582887429853,48.259835836904834],[-107.26585124839572,48.25988893940739],[-107.26609150099597,48.2598753116363],[-107.26607515693979,48.259808605556806]]]}"
000000000000000025e3,4495,0,0,0,"{""type"":""Polygon"",""coordinates"":[[[-107.26605156331317,48.25972870366475],[-107.26602968058923,48.25968890200066],[-107.26580348143084,48.259715692051344],[-107.26581743152198,48.259728870318646],[-107.26582745742098,48.259804609023334],[-107.26607373984992,48.25977737770037],[-107.2660732994463,48.259768449768494],[-107.26605156331317,48.25972870366475]]]}"
000000000000000025e8,4496,0,0,0,"{""type"":""Polygon"",""coordinates"":[[[-107.26600045245857,48.25963146044853],[-107.26599923330203,48.25960466097898],[-107.26599903542417,48.25960023269401],[-107.2657663214139,48.2596316269586],[-107.26576671711265,48.259640483536565],[-107.26578835698415,48.25967578560699],[-107.26579652562545,48.259711368482456],[-107.26580348143084,48.259715692051344],[-107.26602968058923,48.25968890200066],[-107.26600045245857,48.25963146044853]]]}"
000000000000000025e5,4497,0,0,0,"{""type"":""Polygon"",""coordinates"":[[[-107.26598171498179,48.25951122712931],[-107.26572246101877,48.25954757961699],[-107.26575844650543,48.259604916454855],[-107.2657663214139,48.2596316269586],[-107.26599903542417,48.25960023269401],[-107.26598171498179,48.25951122712931]]]}"
000000000000000025e9,4498,0,0,0,"{""type"":""Polygon"",""coordinates"":[[[-107.2659309429585,48.259422927886725],[-107.2659308024616,48.259418412533066],[-107.26570518593535,48.25945864540634],[-107.2657119950423,48.25946291337846],[-107.26570689640556,48.259498745392385],[-107.26571516694544,48.25953431240896],[-107.26572246101877,48.25954757961699],[-107.26598171498179,48.25951122712931],[-107.26598029795764,48.25947999944511],[-107.26597976170227,48.25946662753867],[-107.2659309429585,48.259422927886725]]]}"
000000000000000025eb,4499,0,0,0,"{""type"":""Polygon"",""coordinates"":[[[-107.26592013812177,48.25932931827347],[-107.26567469499885,48.25937433328919],[-107.2656903553651,48.259427611427725],[-107.26570518593535,48.25945864540634],[-107.2659308024616,48.259418412533066],[-107.26593492425984,48.25936028082029],[-107.26592013812177,48.25932931827347]]]}"
000000000000000025e2,4500,0,0,0,"{""type"":""Polygon"",""coordinates"":[[[-107.26589815989944,48.259285072861424],[-107.26589752166475,48.259271716752785],[-107.26567642393857,48.259262674333776],[-107.265671082846,48.25929400661527],[-107.26565893266748,48.25932107095014],[-107.26567469499885,48.25937433328919],[-107.26592013812177,48.25932931827347],[-107.26591960188506,48.25931594640425],[-107.26589815989944,48.259285072861424]]]}"
000000000000000025e4,4501,0,0,0,"{""type"":""Polygon"",""coordinates"":[[[-107.26569249835622,48.25917305026673],[-107.2657007688405,48.259208617067316],[-107.2656819628616,48.2592357703265],[-107.26567642393857,48.259262674333776],[-107.26589752166475,48.259271716752785],[-107.26590164347368,48.25921358520214],[-107.26592030882749,48.25918191658102],[-107.26569249835622,48.25917305026673]]]}"
000000000000000025a9,4502,0,0,0,"{""type"":""Polygon"",""coordinates"":[[[-107.26571508803056,48.25907882205901],[-107.26571180198977,48.25915473778636],[-107.26569235788652,48.25916853493332],[-107.26569249835622,48.25917305026673],[-107.26592030882749,48.25918191658102],[-107.26593921665551,48.25915474755698],[-107.26593726340272,48.25911014826489],[-107.26571508803056,48.25907882205901]]]}"
000000000000000025a7,4503,0,0,0,"{""type"":""Polygon"",""coordinates"":[[[-107.26573787542175,48.25898902225169],[-107.2657125542483,48.25902077968847],[-107.26571508803056,48.25907882205901],[-107.26593726340272,48.25911014826489],[-107.26593506764421,48.2590610494369],[-107.26593345276441,48.25902539377975],[-107.26573787542175,48.25898902225169]]]}"
000000000000000025ca,4504,0,0,0,"{""type"":""Polygon"",""coordinates"":[[[-107.26582001567198,48.25888020220561],[-107.26581340450468,48.25888036251134],[-107.26577383379974,48.258894529346314],[-107.26575458770517,48.25891275466238],[-107.26573787542175,48.25898902225169],[-107.26593345276441,48.25902539377975],[-107.26593311438985,48.25901645022364],[-107.26595897169213,48.258998064519446],[-107.26596548701684,48.258993460218534],[-107.26582001567198,48.25888020220561]]]}"
000000000000000025e1,4505,0,0,0,"{""type"":""Polygon"",""coordinates"":[[[-107.26589705718278,48.25880721387172],[-107.26588510520334,48.25883870619955],[-107.26582001567198,48.25888020220561],[-107.26596548701684,48.258993460218534],[-107.2660116690409,48.25897913295508],[-107.26602430390592,48.25896106788672],[-107.26603723252933,48.258951875032736],[-107.26606319176601,48.258933473574906],[-107.26606299387574,48.25892904534649],[-107.26589705718278,48.25880721387172]]]}"
000000000000000025ea,4506,0,0,0,"{""type"":""Polygon"",""coordinates"":[[[-107.2660016151181,48.25875156674969],[-107.26597551549709,48.258765452826886],[-107.2659629253225,48.25878358915351],[-107.2659366277987,48.25879304701158],[-107.26589705718278,48.25880721387172],[-107.26606299387574,48.25892904534649],[-107.26609556428185,48.258910483564776],[-107.26616828635869,48.25889119788599],[-107.26618145747766,48.25888650458257],[-107.2660016151181,48.25875156674969]]]}"
000000000000000025e7,4507,0,0,0,"{""type"":""Polygon"",""coordinates"":[[[-107.26605974865812,48.258705747258276],[-107.26601478618228,48.2587468734829],[-107.2660016151181,48.25875156674969],[-107.26618145747766,48.25888650458257],[-107.26625359853024,48.25885377576786],[-107.26630512090726,48.25880811637476],[-107.26631099778264,48.258790156087855],[-107.26605974865812,48.258705747258276]]]}"
000000000000000025ee,4508,0,0,0,"{""type"":""Polygon"",""coordinates"":[[[-107.26610421936411,48.25865132068092],[-107.26610519610892,48.25867362012445],[-107.26606626392265,48.25870114297745],[-107.26605974865812,48.258705747258276],[-107.26631099778264,48.258790156087855],[-107.2663301031022,48.2587674154119],[-107.26634812950576,48.258722391025216],[-107.26636008110673,48.258690898718505],[-107.26637247317744,48.25866833417098],[-107.26610421936411,48.25865132068092]]]}"
000000000000000025f8,4509,0,0,0,"{""type"":""Polygon"",""coordinates"":[[[-107.26635612887374,48.25860162966526],[-107.26634104870222,48.25856179548854],[-107.26634060821742,48.2585528677648],[-107.26607470458951,48.258589309398374],[-107.2660818007748,48.258598148141665],[-107.26610907491053,48.25861098969913],[-107.26610421936411,48.25865132068092],[-107.26637247317744,48.25866833417098],[-107.26639016098505,48.258614366379554],[-107.26635612887374,48.25860162966526]]]}"
000000000000000025aa,4510,0,0,0,"{""type"":""Polygon"",""coordinates"":[[[-107.2663035050265,48.258468717656626],[-107.26627510737244,48.25843352125983],[-107.26605874393906,48.25853161972988],[-107.26605938224748,48.25854497564898],[-107.26607470458951,48.258589309398374],[-107.26634060821742,48.2585528677648],[-107.26633958669281,48.25853049704589],[-107.2663035050265,48.258468717656626]]]}"
000000000000000025a4,4511,0,0,0,"{""type"":""Polygon"",""coordinates"":[[[-107.26626805578456,48.25842475389141],[-107.266226831815,48.25839873453949],[-107.26621262668218,48.25838121555659],[-107.26615837243286,48.25836440471167],[-107.26615151879817,48.25836006552484],[-107.26598936529975,48.25847490324072],[-107.26603025066619,48.258491979270545],[-107.26605796511016,48.25851374853834],[-107.26605874393906,48.25853161972988],[-107.26627510737244,48.25843352125983],[-107.26626805578456,48.25842475389141]]]}"
000000000000000025a3,4512,0,0,0,"{""type"":""Polygon"",""coordinates"":[[[-107.26612453861108,48.25835609614525],[-107.26606930775525,48.25831698595188],[-107.26606921186239,48.258312542025564],[-107.26587258651189,48.25840571493899],[-107.26591978904077,48.25841375856965],[-107.265967387379,48.25843065855042],[-107.26598936529975,48.25847490324072],[-107.26615151879817,48.25836006552484],[-107.26612453861108,48.25835609614525]]]}"
000000000000000025ad,4513,0,0,0,"{""type"":""Polygon"",""coordinates"":[[[-107.26603866327758,48.25822831893657],[-107.26580879178138,48.25832216622291],[-107.26586597542561,48.25840587524485],[-107.26587258651189,48.25840571493899],[-107.26606921186239,48.258312542025564],[-107.26604105713159,48.258281845159225],[-107.2660921383539,48.258227258720055],[-107.26609179992806,48.258218315300546],[-107.26603866327758,48.25822831893657]]]}"
000000000000000025ae,4514,0,0,0,"{""type"":""Polygon"",""coordinates"":[[[-107.26574936820688,48.258189287930996],[-107.265749610694,48.258193787431296],[-107.2657314820057,48.25823882701273],[-107.26575234246883,48.25825625706468],[-107.2657601725561,48.25828289556146],[-107.2657812755524,48.25830482513016],[-107.2658085492877,48.25831766671202],[-107.26580879178138,48.25832216622291],[-107.26603866327758,48.25822831893657],[-107.26574936820688,48.258189287930996]]]}"
000000000000000025a2,4515,0,0,0,"{""type"":""Polygon"",""coordinates"":[[[-107.26608186945221,48.258147022815145],[-107.26575173470678,48.25809098729754],[-107.26575187519319,48.25809550253861],[-107.26574109779827,48.25815372181701],[-107.26574936820688,48.258189287930996],[-107.26603866327758,48.25822831893657],[-107.26609179992806,48.258218315300546],[-107.26608186945221,48.258147022815145]]]}"
0000000000000000259f,4516,0,0,0,"{""type"":""Polygon"",""coordinates"":[[[-107.26580791410193,48.258000570190696],[-107.26580139895599,48.25800517439009],[-107.26577729763346,48.2580637299156],[-107.26575173470678,48.25809098729754],[-107.26608186945221,48.258147022815145],[-107.26608153102761,48.258138079409115],[-107.266080694805,48.25812029543256],[-107.26610533821169,48.25807065167117],[-107.26580791410193,48.258000570190696]]]}"
000000000000000025a8,4517,0,0,0,"{""type"":""GeometryCollection"",""geometries"":[{""type"":""LineString"",""coordinates"":[[-107.26585112605511,48.25791934502731],[-107.26584424624636,48.25791501440026]]},{""type"":""Polygon"",""coordinates"":[[[-107.26585116498399,48.25791934585243],[-107.26582618306372,48.2579600460322],[-107.26583347693432,48.25797331284271],[-107.26580791410193,48.258000570190696],[-107.26610533821169,48.25807065167117],[-107.26610509567976,48.25806615218335],[-107.26615641905376,48.25801606542506],[-107.26616185537841,48.25798917778785],[-107.26585116498399,48.25791934585243]]]}]}"
00000000000000002593,4518,0,0,0,"{""type"":""Polygon"",""coordinates"":[[[-107.2658811429509,48.25784283053438],[-107.26588178120781,48.25785618628232],[-107.26586213998706,48.257865554965974],[-107.26584755226045,48.2578390214057],[-107.26581396158946,48.257835212265036],[-107.26584420948434,48.25791502242584],[-107.26616185537841,48.25798917778785],[-107.26616759160468,48.25796670256159],[-107.26618018139015,48.25794856649765],[-107.26619237533825,48.25792157415146],[-107.26620530355599,48.257912381465516],[-107.26620408417777,48.257885582873776],[-107.26620388626314,48.25788115473386],[-107.2658811429509,48.25784283053438]],[[-107.26589039010877,48.25790069554784],[-107.26587692560977,48.2578965166793],[-107.2658774618629,48.25790988819008],[-107.26589039010877,48.25790069554784]]]}"
000000000000000025a5,4519,0,0,0,"{""type"":""MultiPolygon"",""coordinates"":[[[[-107.26584050090567,48.257830254098366],[-107.26581342535788,48.25782184077221],[-107.26581396158946,48.257835212265036],[-107.26584755226045,48.2578390214057],[-107.26584050090567,48.257830254098366]]],[[[-107.2661483174841,48.25783310156973],[-107.26611918620101,48.25778010592286],[-107.26611894366565,48.25777560645984],[-107.26583776893756,48.25776778497474],[-107.26583120920736,48.25777231782315],[-107.26583874555074,48.25779008405241],[-107.26586601896364,48.257802925501345],[-107.2658811429509,48.25784283053438],[-107.26620388626314,48.25788115473386],[-107.2661483174841,48.25783310156973]]]]}"
0000000000000000258f,4520,0,0,0,"{""type"":""Polygon"",""coordinates"":[[[-107.26607590755114,48.25770950444835],[-107.26606078336125,48.25766959955155],[-107.26581652566976,48.25774134042415],[-107.26583708606546,48.25775435791682],[-107.26583776893756,48.25776778497474],[-107.26611894366565,48.25777560645984],[-107.2661184073211,48.25776223498662],[-107.26607590755114,48.25770950444835]]]}"
00000000000000002595,4521,0,0,0,"{""type"":""Polygon"",""coordinates"":[[[-107.26603229065243,48.257629959723545],[-107.26601065148246,48.257594659053524],[-107.26600379800914,48.2575903199151],[-107.2656940578092,48.25769469921127],[-107.265661443848,48.257713189071964],[-107.26568186365814,48.25772169138374],[-107.26577500306956,48.25771090880396],[-107.26581652566976,48.25774134042415],[-107.26606078336125,48.25766959955155],[-107.2660606428331,48.2576650843483],[-107.26603229065243,48.257629959723545]]]}"
0000000000000000258b,4522,0,0,0,"{""type"":""Polygon"",""coordinates"":[[[-107.26590646493567,48.257507335988045],[-107.2656940578092,48.25769469921127],[-107.26600379800914,48.2575903199151],[-107.26590646493567,48.257507335988045]]]}"
0000000000000000258c,4523,0,0,0,"{""type"":""Polygon"",""coordinates"":[[[-107.26589941361728,48.257498568739],[-107.26579756390214,48.25746485818577],[-107.2657838570848,48.25745617989637],[-107.26561978100213,48.25767824218872],[-107.26564078157512,48.25770018729756],[-107.265661443848,48.257713189071964],[-107.2656940578092,48.25769469921127],[-107.26590646493567,48.257507335988045],[-107.26589941361728,48.257498568739]]]}"
00000000000000002589,4524,0,0,0,"{""type"":""Polygon"",""coordinates"":[[[-107.26575634147524,48.25743883906424],[-107.26564885782827,48.257427587598414],[-107.26563548940796,48.25742785258078],[-107.26559162721114,48.25764754553435],[-107.26561978100213,48.25767824218872],[-107.2657838570848,48.25745617989637],[-107.26575634147524,48.25743883906424]]]}"
00000000000000002591,4525,0,0,0,"{""type"":""Polygon"",""coordinates"":[[[-107.26559558200165,48.25743307562162],[-107.26556188981431,48.257429282158476],[-107.26553539546404,48.257434311533416],[-107.26548843690347,48.25743076726115],[-107.2655242486416,48.25763549895188],[-107.2655582793002,48.25764823576547],[-107.2655850162797,48.25764770581465],[-107.26559162721114,48.25764754553435],[-107.26563548940796,48.25742785258078],[-107.26559558200165,48.25743307562162]]]}"
00000000000000002596,4526,0,0,0,"{""type"":""Polygon"",""coordinates"":[[[-107.26548843690347,48.25743076726115],[-107.26544167620159,48.25743165107113],[-107.26534887600492,48.25745137654195],[-107.26547053228607,48.25763205935606],[-107.2655040267802,48.25763142473968],[-107.2655242486416,48.25763549895188],[-107.26548843690347,48.25743076726115]]]}"
00000000000000002599,4527,0,0,0,"{""type"":""Polygon"",""coordinates"":[[[-107.26534887600492,48.25745137654195],[-107.2653223370447,48.2574563345283],[-107.26526866571434,48.257452966152634],[-107.26520387832544,48.25749887296034],[-107.26542401378926,48.2576374426217],[-107.26547053228607,48.25763205935606],[-107.26534887600492,48.25745137654195]]]}"
00000000000000002592,4528,0,0,0,"{""type"":""Polygon"",""coordinates"":[[[-107.26520387832544,48.25749887296034],[-107.26515162342447,48.25752673105753],[-107.2651136684131,48.25757655190908],[-107.2652978206203,48.257657786972146],[-107.26531074883182,48.25764859445255],[-107.2653168683186,48.25763513407037],[-107.26532411728562,48.257648329513415],[-107.26535741392874,48.25764326682451],[-107.26542401378926,48.2576374426217],[-107.26520387832544,48.25749887296034]]]}"
0000000000000000258d,4529,0,0,0,"{""type"":""Polygon"",""coordinates"":[[[-107.2651136684131,48.25757655190908],[-107.26509456329569,48.25759929182674],[-107.26506194934298,48.25761778145034],[-107.26503676924023,48.25765405307661],[-107.2652139277198,48.257726433983],[-107.26522034084323,48.25772184559668],[-107.26525319729997,48.25770785534282],[-107.26526534707052,48.25768079189374],[-107.26527837729405,48.25767158362574],[-107.2652978206203,48.257657786972146],[-107.2651136684131,48.25757655190908]]]}"
0000000000000000258e,4530,0,0,0,"{""type"":""Polygon"",""coordinates"":[[[-107.26503676924023,48.25765405307661],[-107.26498588571137,48.257713066497466],[-107.26496644230589,48.25772686310432],[-107.26495992716833,48.257731467222634],[-107.26515039681273,48.25780367053911],[-107.26516274447165,48.257781035188096],[-107.26518874763819,48.25776270572296],[-107.2652139277198,48.257726433983],[-107.26503676924023,48.25765405307661]]]}"
0000000000000000259b,4531,0,0,0,"{""type"":""Polygon"",""coordinates"":[[[-107.26495992716833,48.257731467222634],[-107.26492755546265,48.2577544563178],[-107.26489645327625,48.25780861654686],[-107.2651073426784,48.25788932255652],[-107.26515059459996,48.25780809867796],[-107.26515039681273,48.25780367053911],[-107.26495992716833,48.257731467222634]]]}"
000000000000000025ac,4532,0,0,0,"{""type"":""Polygon"",""coordinates"":[[[-107.26489645327625,48.25780861654686],[-107.26484639224772,48.2578855724055],[-107.26483322152434,48.25789026542712],[-107.26503054478373,48.257966808446575],[-107.26503705996195,48.25796220430198],[-107.26506213830375,48.25792594820691],[-107.2650946567637,48.25790301457261],[-107.2651073426784,48.25788932255652],[-107.26489645327625,48.25780861654686]]]}"
000000000000000025ab,4533,0,0,0,"{""type"":""Polygon"",""coordinates"":[[[-107.26483322152434,48.25789026542712],[-107.26476779524663,48.257922816560566],[-107.26475618092512,48.25796325162125],[-107.26498749020277,48.25805246068535],[-107.2649867565129,48.25803466096624],[-107.26498631635357,48.258025733316856],[-107.26498534026992,48.25800343411791],[-107.26501105661478,48.25798053379965],[-107.26503054478373,48.257966808446575],[-107.26483322152434,48.25789026542712]]]}"
0000000000000000259d,4534,0,0,0,"{""type"":""Polygon"",""coordinates"":[[[-107.26475618092512,48.25796325162125],[-107.26475088403772,48.257994654426255],[-107.2647593511249,48.25803464870542],[-107.26472576079873,48.258030839161364],[-107.26470641290544,48.25804907971316],[-107.26490383843542,48.25812560746754],[-107.26490359605266,48.25812110796825],[-107.26494880076102,48.25808448224909],[-107.26498773259632,48.25805696017832],[-107.26498749020277,48.25805246068535],[-107.26475618092512,48.25796325162125]]]}"
000000000000000025a1,4535,0,0,0,"{""type"":""Polygon"",""coordinates"":[[[-107.26470641290544,48.25804907971316],[-107.26468055605366,48.25806746473938],[-107.26466087004898,48.258076761886066],[-107.26464808196096,48.25809046964394],[-107.26462198271823,48.25810435517044],[-107.2648207222613,48.25821212588756],[-107.26484668119345,48.258193725023204],[-107.26488590668681,48.25817507502292],[-107.26490383843542,48.25812560746754],[-107.26470641290544,48.25804907971316]]]}"
000000000000000025a6,4536,0,0,0,"{""type"":""Polygon"",""coordinates"":[[[-107.26462198271823,48.25810435517044],[-107.26459622152458,48.25812718411093],[-107.2645311328184,48.25816867866528],[-107.26473026768706,48.25828530606639],[-107.26474951370741,48.258267081173315],[-107.26476254420446,48.25825787286646],[-107.26478810770237,48.25823061564744],[-107.2648207222613,48.25821212588756],[-107.26462198271823,48.25810435517044]]]}"
000000000000000025b0,4537,0,0,0,"{""type"":""Polygon"",""coordinates"":[[[-107.2645311328184,48.25816867866528],[-107.26447887681108,48.258196536776715],[-107.26446648403865,48.25821910089676],[-107.26444704026866,48.25823289753949],[-107.26444058238361,48.25823741458889],[-107.26464637273209,48.25835395344674],[-107.26469725759044,48.2582949394581],[-107.26473026768706,48.25828530606639],[-107.2645311328184,48.25816867866528]]]}"
000000000000000025b1,4538,0,0,0,"{""type"":""Polygon"",""coordinates"":[[[-107.26444058238361,48.25823741458889],[-107.26438866426757,48.258274216134204],[-107.26434973200436,48.258301738085855],[-107.26456933087071,48.258426940161826],[-107.26460782314565,48.25839049033919],[-107.2646335845348,48.25836766127717],[-107.26464637273209,48.25835395344674],[-107.26444058238361,48.25823741458889]]]}"
000000000000000025af,4539,0,0,0,"{""type"":""Polygon"",""coordinates"":[[[-107.26434973200436,48.258301738085855],[-107.26433680344967,48.258310930598135],[-107.26429913371366,48.25836532276353],[-107.26427964520923,48.258379048079945],[-107.264499142096,48.25850426624624],[-107.2645180502678,48.25847709784078],[-107.26453097886588,48.25846790527418],[-107.26456933087071,48.258426940161826],[-107.26434973200436,48.258301738085855]]]}"
000000000000000025b4,4540,0,0,0,"{""type"":""Polygon"",""coordinates"":[[[-107.26427964520923,48.258379048079945],[-107.26427312991373,48.25838365221236],[-107.26422772681454,48.25841584964371],[-107.26420901619585,48.25844744616077],[-107.26420260288536,48.25845203454716],[-107.26442229742308,48.258581681270506],[-107.26444144800303,48.2585590123771],[-107.26445393661751,48.25854089206349],[-107.26448013819956,48.25852699071176],[-107.264499142096,48.25850426624624],[-107.26427964520923,48.258379048079945]]]}"
000000000000000025b5,4541,0,0,0,"{""type"":""Polygon"",""coordinates"":[[[-107.26420260288536,48.25845203454716],[-107.26417012830905,48.25847503946937],[-107.26415763962109,48.2584931597254],[-107.26413848896665,48.25851582853593],[-107.26411252964726,48.25853422933057],[-107.26435745011223,48.258627675631324],[-107.26436416313535,48.25862749968246],[-107.26437689411785,48.25861387889795],[-107.26438992478363,48.258604670577085],[-107.26440936877128,48.25859087384358],[-107.26442229742308,48.258581681270506],[-107.26420260288536,48.25845203454716]]]}"
0000000000000000260d,4542,0,0,0,"{""type"":""Polygon"",""coordinates"":[[[-107.26411252964726,48.25853422933057],[-107.26409960098123,48.25854342185408],[-107.26406286159857,48.258620042317986],[-107.26406310387424,48.2586245418645],[-107.2642260143589,48.25867933513915],[-107.26428463342111,48.25864251585489],[-107.26435745011223,48.258627675631324],[-107.26411252964726,48.25853422933057]]]}"
000000000000000025b9,4543,0,0,0,"{""type"":""Polygon"",""coordinates"":[[[-107.26406310387424,48.2586245418645],[-107.26399972267647,48.25870613593872],[-107.26416919329664,48.25875639657596],[-107.26421278598096,48.25868411523447],[-107.2642260143589,48.25867933513915],[-107.26406310387424,48.2586245418645]]]}"
000000000000000025cd,4544,0,0,0,"{""type"":""Polygon"",""coordinates"":[[[-107.26399972267647,48.25870613593872],[-107.26395573437999,48.25876956077005],[-107.26394334113505,48.25879212507864],[-107.26410551869814,48.2588291187175],[-107.26412442726468,48.25880195021293],[-107.26416919329664,48.25875639657596],[-107.26399972267647,48.25870613593872]]]}"
000000000000000025c5,4545,0,0,0,"{""type"":""Polygon"",""coordinates"":[[[-107.26394334113505,48.25879212507864],[-107.26392531225723,48.25883714913593],[-107.2638793283117,48.258855903579466],[-107.26386727286798,48.25888741146958],[-107.26406197028447,48.25890147155121],[-107.26408705003384,48.25886521503226],[-107.26410595863106,48.25883804651204],[-107.26410551869814,48.2588291187175],[-107.26394334113505,48.25879212507864]]]}"
0000000000000000260c,4546,0,0,0,"{""type"":""Polygon"",""coordinates"":[[[-107.26386727286798,48.25888741146958],[-107.26384968372383,48.25894136341176],[-107.26383685049566,48.25895499996413],[-107.26405959908399,48.258999773766064],[-107.26404913711913,48.258915108120085],[-107.26406197028447,48.25890147155121],[-107.26386727286798,48.25888741146958]]]}"
000000000000000025cb,4547,0,0,0,"{""type"":""Polygon"",""coordinates"":[[[-107.26383685049566,48.25895499996413],[-107.26381152826006,48.25898675690625],[-107.26401158146386,48.25912577436364],[-107.26406077221277,48.259026501655555],[-107.26405959908399,48.258999773766064],[-107.26383685049566,48.25895499996413]]]}"
0000000000000000262a,4548,0,0,0,"{""type"":""Polygon"",""coordinates"":[[[-107.26381152826006,48.25898675690625],[-107.26378610398274,48.259018529609065],[-107.26376024621665,48.259036914747135],[-107.26386954818105,48.25924024095019],[-107.26387606365843,48.25923563676611],[-107.2639089725233,48.25922601921358],[-107.26393395700441,48.259185318494985],[-107.26399909246918,48.2591438948294],[-107.26401158146386,48.25912577436364],[-107.26381152826006,48.25898675690625]]]}"
00000000000000002615,4549,0,0,0,"{""type"":""Polygon"",""coordinates"":[[[-107.26376024621665,48.259036914747135],[-107.26374707509241,48.25904160773197],[-107.26372155513384,48.259068936453154],[-107.26369437782955,48.25906053807396],[-107.26368752455119,48.25905619864525],[-107.26355780016854,48.2592999460308],[-107.26357802226678,48.25930402077509],[-107.26367180153494,48.25930659600123],[-107.26383041705556,48.259263334956955],[-107.26386954818105,48.25924024095019],[-107.26376024621665,48.259036914747135]]]}"
0000000000000000260f,4550,0,0,0,"{""type"":""Polygon"",""coordinates"":[[[-107.2636672005456,48.259052139687896],[-107.26361970571169,48.259035222583684],[-107.26355937762567,48.259031941997094],[-107.26344875943836,48.25925294876458],[-107.26344953696781,48.25927082025956],[-107.26355780016854,48.2592999460308],[-107.26368752455119,48.25905619864525],[-107.2636672005456,48.259052139687896]]]}"
000000000000000025c9,4551,0,0,0,"{""type"":""Polygon"",""coordinates"":[[[-107.26345184809418,48.25902061643162],[-107.263424715592,48.259012289313816],[-107.26339817580805,48.259017246935436],[-107.26344875943836,48.25925294876458],[-107.26355937762567,48.259031941997094],[-107.26345184809418,48.25902061643162]]]}"
000000000000000025ce,4552,0,0,0,"{""type"":""Polygon"",""coordinates"":[[[-107.26339817580805,48.259017246935436],[-107.26338500469852,48.2590219398685],[-107.26329871694887,48.25903705989337],[-107.26325841340464,48.25903342564473],[-107.26333334379034,48.25921507089956],[-107.26338701631583,48.25921844043849],[-107.26344277926697,48.2592709248131],[-107.26344953696781,48.25927082025956],[-107.26344875943836,48.25925294876458],[-107.26339817580805,48.259017246935436]]]}"
0000000000000000260e,4553,0,0,0,"{""type"":""Polygon"",""coordinates"":[[[-107.26325841340464,48.25903342564473],[-107.26317101059955,48.25902173054869],[-107.26311121809233,48.25903182150759],[-107.26319202589596,48.259195506624515],[-107.26319863693735,48.25919534650147],[-107.26324583846396,48.259203391591576],[-107.26327301563192,48.2592117901238],[-107.26333334379034,48.25921507089956],[-107.26325841340464,48.25903342564473]]]}"
000000000000000025df,4554,0,0,0,"{""type"":""Polygon"",""coordinates"":[[[-107.26311121809233,48.25903182150759],[-107.26306459670224,48.2590372195419],[-107.2629730679373,48.259083655592626],[-107.26308571347981,48.259210979958375],[-107.26312518236949,48.259196829888246],[-107.26314526411184,48.2591963893733],[-107.26319202589596,48.259195506624515],[-107.26311121809233,48.25903182150759]]]}"
00000000000000002614,4555,0,0,0,"{""type"":""Polygon"",""coordinates"":[[[-107.2629730679373,48.259083655592626],[-107.26295298629263,48.25908409606815],[-107.26294005730149,48.25909328853924],[-107.26290112367319,48.25912081036379],[-107.26286179500201,48.25913947566261],[-107.26297366287591,48.25924892879907],[-107.26298017840082,48.259244324673794],[-107.26301299166157,48.259230263412995],[-107.26308571347981,48.259210979958375],[-107.2629730679373,48.259083655592626]]]}"
00000000000000002616,4556,0,0,0,"{""type"":""Polygon"",""coordinates"":[[[-107.26286179500201,48.25913947566261],[-107.26280949265163,48.25916726208481],[-107.26274430582217,48.25920431229503],[-107.26288898670504,48.259299704471815],[-107.2629473651267,48.25925838592745],[-107.26297366287591,48.25924892879907],[-107.26286179500201,48.25913947566261]]]}"
00000000000000002618,4557,0,0,0,"{""type"":""GeometryCollection"",""geometries"":[{""type"":""LineString"",""coordinates"":[[-107.26267470277568,48.25929500264292],[-107.26268138549027,48.259294871081565]]},{""type"":""Polygon"",""coordinates"":[[[-107.26274430582217,48.25920431229503],[-107.26271081089143,48.25920494597889],[-107.26269322009635,48.25925889807449],[-107.26268140574044,48.25929490569244],[-107.26284489424656,48.259363145306224],[-107.26284985533167,48.25932279811127],[-107.26288898670504,48.259299704471815],[-107.26274430582217,48.25920431229503]]]}]}"
00000000000000002613,4558,0,0,0,"{""type"":""Polygon"",""coordinates"":[[[-107.26267475009374,48.25929499444443],[-107.26263517911998,48.259309160103946],[-107.26261626948187,48.2593363286026],[-107.26258433522398,48.25936824555809],[-107.26280834929624,48.25944419484118],[-107.26283357696676,48.25940799383426],[-107.26284489424656,48.259363145306224],[-107.26267475009374,48.25929499444443]]]}"
0000000000000000263b,4559,0,0,0,"{""type"":""Polygon"",""coordinates"":[[[-107.26258433522398,48.25936824555809],[-107.26257150154882,48.259381882062605],[-107.26254715280258,48.25943593881008],[-107.26265784807991,48.25951866474362],[-107.26269022202058,48.25949567559125],[-107.26276260668638,48.25946744861003],[-107.26280834929624,48.25944419484118],[-107.26258433522398,48.25936824555809]]]}"
00000000000000002619,4560,0,0,0,"{""type"":""Polygon"",""coordinates"":[[[-107.26254715280258,48.25943593881008],[-107.26254131884279,48.25945397046447],[-107.26247544980964,48.2594775931577],[-107.26245532343397,48.25947796219953],[-107.26253359985192,48.25958360611497],[-107.26257306911934,48.25956945616263],[-107.26258610032968,48.25956024790661],[-107.26265152995862,48.259527697168316],[-107.26265784807991,48.25951866474362],[-107.26254715280258,48.25943593881008]]]}"
0000000000000000263d,4561,0,0,0,"{""type"":""Polygon"",""coordinates"":[[[-107.26245532343397,48.25947796219953],[-107.26240914123136,48.25949228789238],[-107.26235654541358,48.259511201929485],[-107.26233666110171,48.259516070578584],[-107.26239427576706,48.2596087117123],[-107.26242728681522,48.25959907884911],[-107.26245362941762,48.259589693132284],[-107.26251371548422,48.25958847480879],[-107.26253359985192,48.25958360611497],[-107.26245532343397,48.25947796219953]]]}"
00000000000000002629,4562,0,0,0,"{""type"":""Polygon"",""coordinates"":[[[-107.26233666110171,48.259516070578584],[-107.26229719190722,48.25953022041767],[-107.26226369684154,48.25953085395292],[-107.26221751459593,48.259545179569024],[-107.26226200223346,48.25964258500884],[-107.26235470446362,48.25962287734851],[-107.26239427576706,48.2596087117123],[-107.26233666110171,48.259516070578584]]]}"
0000000000000000261e,4563,0,0,0,"{""type"":""Polygon"",""coordinates"":[[[-107.26221751459593,48.259545179569024],[-107.26221110097843,48.259549767925286],[-107.26217133233794,48.25955950516711],[-107.26212501004072,48.259569315363166],[-107.26209155962351,48.259570020174145],[-107.26214655508885,48.259756465626445],[-107.26215331278402,48.2597563611633],[-107.262179610868,48.259746904154945],[-107.26222874912115,48.259647718179366],[-107.26226200223346,48.25964258500884],[-107.26221751459593,48.259545179569024]]]}"
0000000000000000262f,4564,0,0,0,"{""type"":""Polygon"",""coordinates"":[[[-107.26209155962351,48.259570020174145],[-107.26206482225014,48.25957054918168],[-107.262031429234,48.25957116688952],[-107.26201762114329,48.259562503444755],[-107.2619842727733,48.25956319247152],[-107.26197066209251,48.25955895732258],[-107.26198234616375,48.25982225573389],[-107.2620156947662,48.25982156669854],[-107.26204243230671,48.25982103769795],[-107.26209517518144,48.2598021793018],[-107.26212025699913,48.259765922627594],[-107.26214655508885,48.259756465626445],[-107.26209155962351,48.259570020174145]]]}"
00000000000000002630,4565,0,0,0,"{""type"":""Polygon"",""coordinates"":[[[-107.26193663234396,48.25954621875535],[-107.26189618899954,48.25953806851279],[-107.26188947598466,48.25953824429198],[-107.26172517591075,48.259755881013525],[-107.26179659706699,48.25985718649923],[-107.26182974826546,48.25985206920131],[-107.26196246171513,48.259827124337576],[-107.26198234616375,48.25982225573389],[-107.26197066209251,48.25955895732258],[-107.26193663234396,48.25954621875535]]]}"
00000000000000002631,4566,0,0,0,"{""type"":""Polygon"",""coordinates"":[[[-107.26178773106861,48.25950451237226],[-107.26174796255476,48.25951424942726],[-107.26173459393615,48.25951451388211],[-107.26169712716809,48.259725166191146],[-107.26170437488753,48.25973836245959],[-107.26172517591075,48.259755881013525],[-107.26188947598466,48.25953824429198],[-107.26178773106861,48.25950451237226]]]}"
00000000000000002620,4567,0,0,0,"{""type"":""Polygon"",""coordinates"":[[[-107.26172122531932,48.259514778335074],[-107.26170120108813,48.259515131470245],[-107.26168122148233,48.259515555937256],[-107.26166785287272,48.259515820382596],[-107.26158914985177,48.25955307892961],[-107.26169712716809,48.259725166191146],[-107.26173459393615,48.25951451388211],[-107.26172122531932,48.259514778335074]]]}"
00000000000000002623,4568,0,0,0,"{""type"":""Polygon"",""coordinates"":[[[-107.26158914985177,48.25955307892961],[-107.26155609431618,48.25956264015674],[-107.26147870901193,48.25962668251177],[-107.26169712716809,48.259725166191146],[-107.26158914985177,48.25955307892961]]]}"
0000000000000000261f,4569,0,0,0,"{""type"":""Polygon"",""coordinates"":[[[-107.26169712716809,48.259725166191146],[-107.26147870901193,48.25962668251177],[-107.2614595059368,48.259644978596],[-107.26142897723449,48.259712583149074],[-107.26170437488753,48.25973836245959],[-107.26169712716809,48.259725166191146]]]}"
0000000000000000262d,4570,0,0,0,"{""type"":""Polygon"",""coordinates"":[[[-107.26172517591075,48.259755881013525],[-107.26170437488753,48.25973836245959],[-107.26142897723449,48.259712583149074],[-107.2614291745565,48.25971701146694],[-107.26138984512956,48.25973567639222],[-107.26135625489205,48.25973186554515],[-107.26153690938193,48.25988459978596],[-107.26158367123287,48.259883717807064],[-107.26168352612032,48.25987276293373],[-107.26172323763417,48.25986311291184],[-107.26179659706699,48.25985718649923],[-107.26172517591075,48.259755881013525]]]}"
0000000000000000266e,4571,0,0,0,"{""type"":""Polygon"",""coordinates"":[[[-107.26135625489205,48.25973186554515],[-107.26132242274436,48.25972355503021],[-107.2612769294634,48.25990313996089],[-107.26137138216039,48.259923604993155],[-107.26144454415916,48.25991325051076],[-107.26153690938193,48.25988459978596],[-107.26135625489205,48.25973186554515]]]}"
00000000000000002632,4572,0,0,0,"{""type"":""Polygon"",""coordinates"":[[[-107.26128222154766,48.259719904151545],[-107.26122777332587,48.25969866169475],[-107.26110138660407,48.25986640508017],[-107.26111509244221,48.25987508445745],[-107.2611555930048,48.25988314800322],[-107.26122301549438,48.25989526951619],[-107.2612769294634,48.25990313996089],[-107.26132242274436,48.25972355503021],[-107.26128222154766,48.259719904151545]]]}"
0000000000000000267f,4573,0,0,0,"{""type"":""Polygon"",""coordinates"":[[[-107.26115242260101,48.259659916299604],[-107.26113871682267,48.25965123696137],[-107.26097766430314,48.25979288478209],[-107.26108072585923,48.259853401757574],[-107.26110138660407,48.25986640508017],[-107.26122777332587,48.25969866169475],[-107.26115242260101,48.259659916299604]]]}"
00000000000000002627,4574,0,0,0,"{""type"":""Polygon"",""coordinates"":[[[-107.26110429302804,48.25962964143849],[-107.26109622460073,48.25959850214816],[-107.26087985289328,48.259696591318225],[-107.26090177947836,48.25974076706322],[-107.26093624779351,48.25976243404334],[-107.26093668693689,48.25977136202968],[-107.26097766430314,48.25979288478209],[-107.26113871682267,48.25965123696137],[-107.26110429302804,48.25962964143849]]]}"
0000000000000000268a,4575,0,0,0,"{""type"":""Polygon"",""coordinates"":[[[-107.26108776162174,48.25955850626138],[-107.26082798233257,48.25958147333037],[-107.26083678212821,48.259630412973046],[-107.26086546620725,48.259674484305414],[-107.26087985289328,48.259696591318225],[-107.26109622460073,48.25959850214816],[-107.26108776162174,48.25955850626138]]]}"
0000000000000000268b,4576,0,0,0,"{""type"":""Polygon"",""coordinates"":[[[-107.26107871957721,48.25950506707825],[-107.26081611548535,48.25946557834329],[-107.2608046939657,48.25951044252002],[-107.26082798233257,48.25958147333037],[-107.26108776162174,48.25955850626138],[-107.26107871957721,48.25950506707825]]]}"
0000000000000000262e,4577,0,0,0,"{""type"":""Polygon"",""coordinates"":[[[-107.26085816152458,48.25935755423442],[-107.26083264002204,48.259384882390115],[-107.26081611548535,48.25946557834329],[-107.26107871957721,48.25950506707825],[-107.26107045390982,48.25946949955864],[-107.26110958577634,48.259446406567704],[-107.26085816152458,48.25935755423442]]]}"
00000000000000002624,4578,0,0,0,"{""type"":""Polygon"",""coordinates"":[[[-107.26097453856126,48.25926590448831],[-107.26089651702806,48.2593165898121],[-107.26085816152458,48.25935755423442],[-107.26110958577634,48.259446406567704],[-107.26115435485794,48.259400853704506],[-107.26097453856126,48.25926590448831]]]}"
00000000000000002626,4579,0,0,0,"{""type"":""Polygon"",""coordinates"":[[[-107.26104453623682,48.2591841514358],[-107.26099300984858,48.25922980843258],[-107.26098095219035,48.259261316238906],[-107.26097453856126,48.25926590448831],[-107.26115435485794,48.259400853704506],[-107.26116694694532,48.25938271774846],[-107.2612066132072,48.259372996709246],[-107.2612394712285,48.25935900735279],[-107.26125891612651,48.25934521103757],[-107.26104453623682,48.2591841514358]]]}"
0000000000000000261c,4580,0,0,0,"{""type"":""Polygon"",""coordinates"":[[[-107.26114744208417,48.259092781893855],[-107.26112941019576,48.25913780575814],[-107.26112313650444,48.2591469093581],[-107.26113062579088,48.25916460514356],[-107.26105119174638,48.25918406280044],[-107.26104453623682,48.2591841514358],[-107.26125891612651,48.25934521103757],[-107.26131141630638,48.25932185363862],[-107.26135759814771,48.25930752852883],[-107.26114744208417,48.259092781893855]]]}"
0000000000000000261b,4581,0,0,0,"{""type"":""Polygon"",""coordinates"":[[[-107.26132910245975,48.259116055699636],[-107.2613090785279,48.2591164087428],[-107.26127562880883,48.2591171132459],[-107.26124972583106,48.25913542642145],[-107.26119625219732,48.25913648392348],[-107.26118482336526,48.259029517844105],[-107.26120329435034,48.25899342191667],[-107.26120309705077,48.25898899365826],[-107.26118190219312,48.25896261871259],[-107.26115963946647,48.25906578951665],[-107.26114744208417,48.259092781893855],[-107.26135759814771,48.25930752852883],[-107.2613772849375,48.25929823182333],[-107.261416709201,48.259284011096135],[-107.2614431535317,48.25927460997432],[-107.26147596683926,48.2592605492294],[-107.26132910245975,48.259116055699636]]]}"
0000000000000000261d,4582,0,0,0,"{""type"":""MultiPolygon"",""coordinates"":[[[[-107.26120168409544,48.25895776610832],[-107.2612009076584,48.25893989467306],[-107.26118126568196,48.25894926261025],[-107.26118190219312,48.25896261871259],[-107.26120309705077,48.25898899365826],[-107.26121593088175,48.25897535743377],[-107.26120168409544,48.25895776610832]]],[[[-107.26142068906539,48.25906953409501],[-107.26140158161219,48.259092273978105],[-107.261342470877,48.25911579130831],[-107.26132910245975,48.259116055699636],[-107.26147596683926,48.2592605492294],[-107.26149541164541,48.25924675289427],[-107.26155432526105,48.25921880713035],[-107.2615744066817,48.25921836695181],[-107.26160702258858,48.259199877904344],[-107.26142068906539,48.25906953409501]]]]}"
00000000000000002622,4583,0,0,0,"{""type"":""Polygon"",""coordinates"":[[[-107.26151168351846,48.259009727670716],[-107.26149243618245,48.2590279522038],[-107.26142068906539,48.25906953409501],[-107.26160702258858,48.259199877904344],[-107.26162670931089,48.25919058116832],[-107.26167930460092,48.25917166765873],[-107.26170526489882,48.259153267275536],[-107.26173832007582,48.25914370608003],[-107.26151168351846,48.259009727670716]]]}"
0000000000000000262c,4584,0,0,0,"{""type"":""Polygon"",""coordinates"":[[[-107.261622956397,48.25895390930303],[-107.26157711228468,48.25897717802446],[-107.26153788569003,48.25899582698368],[-107.26151168351846,48.259009727670716],[-107.26173832007582,48.25914370608003],[-107.26178308829734,48.25909815320586],[-107.2618231937287,48.25909735983244],[-107.26183583008657,48.259079295236944],[-107.261622956397,48.25895390930303]]]}"
00000000000000002617,4585,0,0,0,"{""type"":""Polygon"",""coordinates"":[[[-107.26167992145025,48.25888136431047],[-107.26167340592703,48.25888596831595],[-107.26165459803657,48.25891312066963],[-107.2616420063016,48.25893125651992],[-107.26162961190683,48.25895382062797],[-107.26183583008657,48.259079295236944],[-107.26187418461124,48.25903833066419],[-107.26189785243912,48.258970847049255],[-107.26167992145025,48.25888136431047]]]}"
00000000000000002612,4586,0,0,0,"{""type"":""Polygon"",""coordinates"":[[[-107.2617431598208,48.25879971581099],[-107.26171098364958,48.2588271325737],[-107.2616923157927,48.25885880022812],[-107.26167992145025,48.25888136431047],[-107.26189785243912,48.258970847049255],[-107.2619372256056,48.258952253543],[-107.2619490404418,48.25891624623729],[-107.2619614346718,48.2588936821082],[-107.2617431598208,48.25879971581099]]]}"
000000000000000025da,4587,0,0,0,"{""type"":""Polygon"",""coordinates"":[[[-107.26183381600005,48.25873096586089],[-107.26182088702535,48.25874015811962],[-107.26178827157439,48.258758647067715],[-107.2617431598208,48.25879971581099],[-107.2619614346718,48.2588936821082],[-107.26197966296478,48.25885308656297],[-107.26200498614617,48.25882133015997],[-107.2620179597536,48.25881220919709],[-107.26183381600005,48.25873096586089]]]}"
000000000000000025dc,4588,0,0,0,"{""type"":""Polygon"",""coordinates"":[[[-107.26190400871309,48.25865364129356],[-107.26189822540957,48.258676045283934],[-107.26187217012684,48.25869000156836],[-107.26183381600005,48.25873096586089],[-107.2620179597536,48.25881220919709],[-107.26207697459758,48.25878424761604],[-107.26210881314638,48.258747887209616],[-107.26190400871309,48.25865364129356]]]}"
00000000000000002611,4589,0,0,0,"{""type"":""Polygon"",""coordinates"":[[[-107.26198041722465,48.258567300323264],[-107.26196092825408,48.258581025233326],[-107.26191616085046,48.25862657772501],[-107.26190400871309,48.25865364129356],[-107.26210881314638,48.258747887209616],[-107.26212781811773,48.258725163091306],[-107.26214648561509,48.258693495441236],[-107.26216597462076,48.258679770463495],[-107.26198041722465,48.258567300323264]]]}"
000000000000000025dd,4590,0,0,0,"{""type"":""Polygon"",""coordinates"":[[[-107.26208473371308,48.2585071581541],[-107.26205887597794,48.258525542655875],[-107.2620124530269,48.258535368317375],[-107.26198041722465,48.258567300323264],[-107.26216597462076,48.258679770463495],[-107.26218561641521,48.25867040237719],[-107.26222430770844,48.25863838152545],[-107.26225031211607,48.258620052527796],[-107.26208473371308,48.2585071581541]]]}"
00000000000000002610,4591,0,0,0,"{""type"":""Polygon"",""coordinates"":[[[-107.26217558625729,48.25844283649534],[-107.26214355062498,48.25847476849556],[-107.26208473371308,48.2585071581541],[-107.26225031211607,48.258620052527796],[-107.2622836597314,48.25861936344007],[-107.26230256912363,48.258592195380814],[-107.26234797314743,48.25855999872892],[-107.26217558625729,48.25844283649534]]]}"
000000000000000025de,4592,0,0,0,"{""type"":""Polygon"",""coordinates"":[[[-107.26225928625088,48.25836976289431],[-107.2622526308006,48.25836985161052],[-107.26222711068046,48.25839717959219],[-107.2622015459065,48.2584244362476],[-107.26218851508429,48.25843364424419],[-107.26217558625729,48.25844283649534],[-107.26234797314743,48.25855999872892],[-107.26237387547066,48.258541685472686],[-107.26240659264205,48.25852318066286],[-107.26243852618795,48.25849126429361],[-107.26225928625088,48.25836976289431]]]}"
0000000000000000261a,4593,0,0,0,"{""type"":""Polygon"",""coordinates"":[[[-107.26236370402442,48.25830960491909],[-107.26235067326205,48.25831881291621],[-107.26230522493397,48.2583509380805],[-107.26229229614991,48.258360130331916],[-107.26227936736106,48.2583693225833],[-107.26225928625088,48.25836976289431],[-107.26243852618795,48.25849126429361],[-107.2624703642306,48.25845490398126],[-107.26253598929468,48.258426782256514],[-107.26236370402442,48.25830960491909]]]}"
000000000000000025d6,4594,0,0,0,"{""type"":""Polygon"",""coordinates"":[[[-107.26246130675024,48.25824963846003],[-107.26245489338562,48.25825422671396],[-107.26240292980573,48.258290955884775],[-107.26236370402442,48.25830960491909],[-107.26253598929468,48.258426782256514],[-107.26256243303972,48.2584173809935],[-107.2625753618173,48.25840818869595],[-107.2625948059748,48.258394392376665],[-107.26261425012159,48.25838059605729],[-107.2626339363577,48.25837129927092],[-107.26246130675024,48.25824963846003]]]}"
000000000000000025d0,4595,0,0,0,"{""type"":""Polygon"",""coordinates"":[[[-107.26257257698614,48.25819381986003],[-107.26255293546889,48.258203187934164],[-107.26251356317282,48.25822178140785],[-107.2625001949116,48.25822204595375],[-107.26247433747525,48.258240430460866],[-107.26246130675024,48.25824963846003],[-107.2626339363577,48.25837129927092],[-107.26271880787704,48.258324952961715],[-107.26274510493187,48.25831549608014],[-107.26257257698614,48.25819381986003]]]}"
000000000000000025cc,4596,0,0,0,"{""type"":""Polygon"",""coordinates"":[[[-107.26267713420074,48.25813817701971],[-107.2626445194238,48.25815666603139],[-107.26257923242785,48.25819373112217],[-107.26257257698614,48.25819381986003],[-107.26274510493187,48.25831549608014],[-107.26281043673254,48.25827850212068],[-107.26284966245069,48.25825985291647],[-107.26267713420074,48.25813817701971]]]}"
000000000000000025c8,4597,0,0,0,"{""type"":""Polygon"",""coordinates"":[[[-107.26277464078557,48.25807376653291],[-107.26274843940121,48.258087667295435],[-107.26269030497069,48.2581334842706],[-107.26267713420074,48.25813817701971],[-107.26284966245069,48.25825985291647],[-107.26286269313974,48.258250644863764],[-107.26288174214689,48.25822799215824],[-107.26290118615586,48.25821419582762],[-107.26291965533953,48.258178100171286],[-107.26277464078557,48.25807376653291]]]}"
000000000000000025a0,4598,0,0,0,"{""type"":""Polygon"",""coordinates"":[[[-107.2628520214632,48.25800972512828],[-107.2628388507354,48.25801441788753],[-107.26280060003478,48.25805536626159],[-107.26277464078557,48.25807376653291],[-107.26291965533953,48.258178100171286],[-107.2629259285282,48.25816899663321],[-107.26295800809977,48.258137135907305],[-107.26300365343809,48.25810943875192],[-107.26300982459907,48.25810035096705],[-107.2628520214632,48.25800972512828]]]}"
000000000000000025b8,4599,0,0,0,"{""type"":""Polygon"",""coordinates"":[[[-107.26292950392862,48.25794566799806],[-107.26288385878665,48.257973365027595],[-107.2628520214632,48.25800972512828],[-107.26300982459907,48.25810035096705],[-107.26304234374511,48.25807741793472],[-107.26308808452097,48.25805416468927],[-107.26312060360374,48.25803123165204],[-107.26292950392862,48.25794566799806]]]}"
000000000000000025c6,4600,0,0,0,"{""type"":""Polygon"",""coordinates"":[[[-107.26300630435756,48.257868183754724],[-107.26300003124136,48.25787728724452],[-107.26298783542532,48.257904279210166],[-107.2629681940824,48.2579136473136],[-107.26293601921053,48.257941063995204],[-107.26292950392862,48.25794566799806],[-107.26312060360374,48.25803123165204],[-107.26315273386727,48.258003743528214],[-107.2631908887222,48.25795835115316],[-107.26300630435756,48.257868183754724]]]}"
000000000000000025b7,4601,0,0,0,"{""type"":""Polygon"",""coordinates"":[[[-107.26306953879396,48.25778653604321],[-107.26306336770352,48.25779562377631],[-107.26303814144917,48.257831823705914],[-107.26300630435756,48.257868183754724],[-107.2631908887222,48.25795835115316],[-107.26322272578508,48.25792199098201],[-107.26324868482833,48.257903590647516],[-107.26327458647671,48.2578852773924],[-107.26306953879396,48.25778653604321]]]}"
000000000000000025b6,4602,0,0,0,"{""type"":""Polygon"",""coordinates"":[[[-107.26313325731023,48.25771388737049],[-107.26311445086235,48.25774103937274],[-107.26306953879396,48.25778653604321],[-107.26327458647671,48.2578852773924],[-107.26330662098034,48.25785334539887],[-107.26333096755309,48.25779929012878],[-107.26313325731023,48.25771388737049]]]}"
000000000000000025b3,4603,0,0,0,"{""type"":""Polygon"",""coordinates"":[[[-107.26321029913552,48.25764090279065],[-107.2631975682612,48.257654523167616],[-107.26313325731023,48.25771388737049],[-107.26333096755309,48.25779929012878],[-107.26333087198583,48.25779484623491],[-107.263422352703,48.25774833972683],[-107.26342842814165,48.25773480809219],[-107.26321029913552,48.25764090279065]]]}"
000000000000000025bc,4604,0,0,0,"{""type"":""GeometryCollection"",""geometries"":[{""type"":""LineString"",""coordinates"":[[-107.26321030939093,48.2576408740757],[-107.26321699188745,48.25764074248655]]},{""type"":""Polygon"",""coordinates"":[[[-107.2632940534654,48.25756774239214],[-107.26328146282434,48.257585877969056],[-107.26324233343904,48.257608970970935],[-107.26321701189923,48.257640726931804],[-107.26342842814165,48.25773480809219],[-107.26347309767309,48.257684811836384],[-107.2634850509042,48.25765332046293],[-107.2632940534654,48.25756774239214]]]}]}"
000000000000000025c2,4605,0,0,0,"{""type"":""Polygon"",""coordinates"":[[[-107.26336384668964,48.25748156232317],[-107.26334435854041,48.257495287211846],[-107.26333220770505,48.257522350350136],[-107.26330658671998,48.25754969389904],[-107.2632940534654,48.25756774239214],[-107.2634850509042,48.25765332046293],[-107.2634909287183,48.25763536071627],[-107.26352364489617,48.2576168558677],[-107.26353633105903,48.257603164126806],[-107.26356938501951,48.25759360261175],[-107.26336384668964,48.25748156232317]]]}"
000000000000000025c1,4606,0,0,0,"{""type"":""Polygon"",""coordinates"":[[[-107.2635218293609,48.25742478939443],[-107.26346305912675,48.2574572505354],[-107.26337677503491,48.257472370091094],[-107.26336384668964,48.25748156232317],[-107.26356938501951,48.25759360261175],[-107.26358926838812,48.25758873390804],[-107.26362208011403,48.257574672917485],[-107.26362849329202,48.25757008464922],[-107.2635218293609,48.25742478939443]]]}"
000000000000000025bd,4607,0,0,0,"{""type"":""Polygon"",""coordinates"":[[[-107.26363989232377,48.25737339688874],[-107.26362030867115,48.25738267794476],[-107.26356761385928,48.25740160756228],[-107.2635218293609,48.25742478939443],[-107.26362849329202,48.25757008464922],[-107.263654496612,48.25755175566858],[-107.26368079313549,48.2575422986823],[-107.26373348816327,48.25752336894695],[-107.26374000332451,48.257518764929316],[-107.26363989232377,48.25737339688874]]]}"
000000000000000025c0,4608,0,0,0,"{""type"":""Polygon"",""coordinates"":[[[-107.26378572408822,48.25734368672805],[-107.26373954445174,48.2573580124184],[-107.26367941659555,48.257359160053355],[-107.26365933573555,48.25735960064233],[-107.26363989232377,48.25737339688874],[-107.26374000332451,48.257518764929316],[-107.2637731528538,48.257513647228826],[-107.26382609009966,48.25749921690601],[-107.26384611369667,48.25749886335737],[-107.26378572408822,48.25734368672805]]]}"
000000000000000025b2,4609,0,0,0,"{""type"":""Polygon"",""coordinates"":[[[-107.2639050618494,48.25731900526807],[-107.26380560733931,48.25733881800551],[-107.26378572408822,48.25734368672805],[-107.26384611369667,48.25749886335737],[-107.26391315231194,48.257501967818555],[-107.2639659875704,48.25748755316846],[-107.26399238605748,48.257478080362255],[-107.2639050618494,48.25731900526807]]]}"
0000000000000000259a,4610,0,0,0,"{""type"":""Polygon"",""coordinates"":[[[-107.26399746567753,48.2572904250647],[-107.26397797773218,48.25730415002725],[-107.2639050618494,48.25731900526807],[-107.26399238605748,48.257478080362255],[-107.26406442241408,48.25744536987734],[-107.26408984531693,48.25741359807919],[-107.26411594409151,48.257399712890205],[-107.26399746567753,48.2572904250647]]]}"
0000000000000000259e,4611,0,0,0,"{""type"":""Polygon"",""coordinates"":[[[-107.26410177744904,48.257230282274065],[-107.26399746567753,48.2572904250647],[-107.26411594409151,48.257399712890205],[-107.26418161179349,48.257371661983605],[-107.26422725584317,48.25734396467961],[-107.26410177744904,48.257230282274065]]]}"
00000000000000002597,4612,0,0,0,"{""type"":""Polygon"",""coordinates"":[[[-107.26421382200839,48.257192333716574],[-107.26418134861676,48.25721533806551],[-107.26410829253625,48.2572256782588],[-107.26410177744904,48.257230282274065],[-107.26422725584317,48.25734396467961],[-107.26427951062702,48.25731610718442],[-107.26434527386566,48.25729250006138],[-107.26437974338938,48.25731416477381],[-107.26438635417753,48.25731400458112],[-107.26421382200839,48.257192333716574]]]}"
00000000000000002581,4613,0,0,0,"{""type"":""Polygon"",""coordinates"":[[[-107.26445066326683,48.2572546400345],[-107.2644631959998,48.25723659151038],[-107.26431152263862,48.257132350998724],[-107.26421382200839,48.257192333716574],[-107.26438635417753,48.25731400458112],[-107.26447132461662,48.257267641979],[-107.26445066326683,48.2572546400345]]]}"
00000000000000002594,4614,0,0,0,"{""type"":""Polygon"",""coordinates"":[[[-107.26438204679619,48.2570639703602],[-107.26433737886788,48.25711396641217],[-107.26431152263862,48.257132350998724],[-107.2644631959998,48.25723659151038],[-107.2644699087782,48.25723641556493],[-107.26448915427387,48.257218191098175],[-107.26451467247446,48.25719086317234],[-107.26454675032078,48.257159002547816],[-107.26438204679619,48.2570639703602]]]}"
00000000000000002598,4615,0,0,0,"{""type"":""Polygon"",""coordinates"":[[[-107.26443973838929,48.25700922587341],[-107.26442749269196,48.25703184505531],[-107.26439497488037,48.25705477807015],[-107.26438204679619,48.2570639703602],[-107.26454675032078,48.257159002547816],[-107.26457912156762,48.25713601385103],[-107.26459215165644,48.25712680577425],[-107.26460507974242,48.257117613444954],[-107.26462422940304,48.25709494516491],[-107.26464245424202,48.25705435058028],[-107.26443973838929,48.25700922587341]]]}"
0000000000000000258a,4616,0,0,0,"{""type"":""GeometryCollection"",""geometries"":[{""type"":""LineString"",""coordinates"":[[-107.26445037754752,48.256946509587905],[-107.26444372591338,48.25694664064116]]},{""type"":""Polygon"",""coordinates"":[[[-107.26445037681518,48.25694649281495],[-107.26445037754752,48.256946509587905],[-107.26445213069498,48.256986662283985],[-107.26443964268047,48.257004782050515],[-107.26443973838929,48.25700922587341],[-107.26464245424202,48.25705435058028],[-107.26464205878057,48.257045494424005],[-107.26465420864729,48.25701843138818],[-107.26467243341345,48.25697783685835],[-107.26467072391644,48.25693773873734],[-107.26445037681518,48.25694649281495]]]}]}"
00000000000000002565,4617,0,0,0,"{""type"":""Polygon"",""coordinates"":[[[-107.26464631205992,48.25683989872834],[-107.26464577623332,48.256826527469954],[-107.26461840229912,48.256813701621226],[-107.26461826194114,48.2568091864845],[-107.2643885399825,48.25690754276964],[-107.26439539302568,48.25691188197828],[-107.26442310492142,48.25693365113312],[-107.26444376608816,48.256946653009386],[-107.26467072391644,48.25693773873734],[-107.26466167660483,48.256884302668745],[-107.2646672156685,48.25685739992426],[-107.26464631205992,48.25683989872834]]]}"
00000000000000002567,4618,0,0,0,"{""type"":""Polygon"",""coordinates"":[[[-107.26452151574597,48.256739644778776],[-107.26450770767546,48.256730982154515],[-107.26433894899891,48.25684597360995],[-107.26435994809457,48.256867918691526],[-107.2643885399825,48.25690754276964],[-107.26461826194114,48.2568091864845],[-107.26452151574597,48.256739644778776]]]}"
0000000000000000255f,4619,0,0,0,"{""type"":""Polygon"",""coordinates"":[[[-107.2644942439505,48.256726803164796],[-107.2644799001264,48.256704769308286],[-107.26443857802147,48.25667876568297],[-107.26441757895638,48.25665682069617],[-107.26424935621371,48.256785183076325],[-107.26424949652647,48.25678969821269],[-107.26429762691072,48.256819969854256],[-107.26433875130361,48.25684154554753],[-107.26433894899891,48.25684597360995],[-107.26450770767546,48.256730982154515],[-107.2644942439505,48.256726803164796]]]}"
00000000000000002560,4620,0,0,0,"{""type"":""Polygon"",""coordinates"":[[[-107.26441062395632,48.25665249725614],[-107.26439000758688,48.25663956677147],[-107.26436249362226,48.25662222576564],[-107.26430139084565,48.256601075129566],[-107.26415319143882,48.25672908357022],[-107.26417361004184,48.25673758607532],[-107.26422100690583,48.25675005842749],[-107.26424935621371,48.256785183076325],[-107.26441757895638,48.25665682069617],[-107.26441062395632,48.25665249725614]]]}"
00000000000000002562,4621,0,0,0,"{""type"":""Polygon"",""coordinates"":[[[-107.26426050905579,48.25658399888263],[-107.26418540090458,48.256549757506995],[-107.26417879026678,48.25654991767974],[-107.26405056943544,48.25667750090075],[-107.26407774523973,48.25668589883942],[-107.26412543530077,48.25670724308077],[-107.26415319143882,48.25672908357022],[-107.26430139084565,48.256601075129566],[-107.26426050905579,48.25658399888263]]]}"
000000000000000025cf,4622,0,0,0,"{""type"":""Polygon"",""coordinates"":[[[-107.26415161450535,48.25654151979015],[-107.26412454076033,48.25653310614687],[-107.26405672580447,48.256512131294414],[-107.2640234304976,48.25651719339044],[-107.26394882767254,48.2566437730118],[-107.263982614041,48.25665201081669],[-107.26403010629616,48.2566689270458],[-107.26405056943544,48.25667750090075],[-107.26417879026678,48.25654991767974],[-107.26415161450535,48.25654151979015]]]}"
0000000000000000259c,4623,0,0,0,"{""type"":""Polygon"",""coordinates"":[[[-107.26395659121104,48.25651851705837],[-107.26388236353736,48.256502130274185],[-107.26382088599928,48.256623945670185],[-107.26382773888376,48.25662828490014],[-107.26394882767254,48.2566437730118],[-107.2640234304976,48.25651719339044],[-107.26395659121104,48.25651851705837]]]}"
00000000000000002563,4624,0,0,0,"{""type"":""Polygon"",""coordinates"":[[[-107.26383520953425,48.25649415716456],[-107.26380064561287,48.25646804878031],[-107.26376681489333,48.25645973960215],[-107.26370523514409,48.256581570578525],[-107.26380002773074,48.2566065156802],[-107.26382088599928,48.256623945670185],[-107.26388236353736,48.256502130274185],[-107.26383520953425,48.25649415716456]]]}"
000000000000000025ba,4625,0,0,0,"{""type"":""Polygon"",""coordinates"":[[[-107.26373963941397,48.256451341603125],[-107.26369204571773,48.25643444103211],[-107.26367162749433,48.25642593846367],[-107.26364455408473,48.25641752469494],[-107.26357651649049,48.25654387234172],[-107.26358327370401,48.256543767796515],[-107.2636779639899,48.25656872875482],[-107.26369172705927,48.25657732015024],[-107.26370523514409,48.256581570578525],[-107.26376681489333,48.25645973960215],[-107.26373963941397,48.256451341603125]]]}"
00000000000000002569,4626,0,0,0,"{""type"":""Polygon"",""coordinates"":[[[-107.26363118631362,48.256417789376826],[-107.26359064317337,48.25640965601949],[-107.26353007712817,48.25640187610835],[-107.26348336332273,48.256402830221134],[-107.26346923627416,48.25653704651957],[-107.26357651649049,48.25654387234172],[-107.26364455408473,48.25641752469494],[-107.26363118631362,48.256417789376826]]]}"
0000000000000000256b,4627,0,0,0,"{""type"":""Polygon"",""coordinates"":[[[-107.26333651582658,48.25641016939272],[-107.26335602121432,48.25654826701113],[-107.26336938899338,48.25654800236669],[-107.26341556754241,48.25653367710093],[-107.26346923627416,48.25653704651957],[-107.26348336332273,48.256402830221134],[-107.26333651582658,48.25641016939272]]]}"
00000000000000002572,4628,0,0,0,"{""type"":""Polygon"",""coordinates"":[[[-107.26333651582658,48.25641016939272],[-107.26325630950554,48.256411757190946],[-107.26319564818859,48.2563995332842],[-107.26322273864626,48.25655976943877],[-107.26322949583698,48.256559664918996],[-107.26335602121432,48.25654826701113],[-107.26333651582658,48.25641016939272]]]}"
0000000000000000256c,4629,0,0,0,"{""type"":""Polygon"",""coordinates"":[[[-107.26319564818859,48.2563995332842],[-107.26318893565136,48.25639970913169],[-107.26312836997796,48.25639192895927],[-107.26305565381816,48.25641121127658],[-107.26308906110272,48.256562415589734],[-107.26309557611614,48.256557811703075],[-107.26322273864626,48.25655976943877],[-107.26319564818859,48.2563995332842]]]}"
00000000000000002573,4630,0,0,0,"{""type"":""Polygon"",""coordinates"":[[[-107.26305565381816,48.25641121127658],[-107.26304904328359,48.25641137136853],[-107.2630021830884,48.256412269655996],[-107.2629888154105,48.25641253424609],[-107.26294871238755,48.25641332800493],[-107.2629088515266,48.25641862111197],[-107.26297614585746,48.256578047932635],[-107.26298255888425,48.25657345979764],[-107.26299592661933,48.25657319520617],[-107.26308906110272,48.256562415589734],[-107.26305565381816,48.25641121127658]]]}"
00000000000000002571,4631,0,0,0,"{""type"":""Polygon"",""coordinates"":[[[-107.2629088515266,48.25641862111197],[-107.2628355555833,48.256424460757536],[-107.2627581211016,48.256488587218804],[-107.26274514843917,48.25649770785764],[-107.2627390730466,48.25651123913189],[-107.26295723799281,48.25660521505284],[-107.26297614585746,48.256578047932635],[-107.2629088515266,48.25641862111197]]]}"
00000000000000002570,4632,0,0,0,"{""type"":""Polygon"",""coordinates"":[[[-107.26295116264154,48.25661874636692],[-107.26295723799281,48.25660521505284],[-107.2627390730466,48.25651123913189],[-107.2627325580237,48.25651584299056],[-107.2627196299693,48.25652503496257],[-107.2627019388596,48.256579000033234],[-107.26268303085168,48.256606167103584],[-107.26296789476095,48.25669430525202],[-107.26296769723109,48.256689877195264],[-107.26297279769072,48.25665404718035],[-107.26295116264154,48.25661874636692]]]}"
0000000000000000256f,4633,0,0,0,"{""type"":""Polygon"",""coordinates"":[[[-107.26296789476095,48.25669430525202],[-107.26268303085168,48.256606167103584],[-107.26265912407847,48.256669148430994],[-107.26264726615507,48.25670508292595],[-107.26294388632687,48.25675730249225],[-107.26296293444211,48.2567346504318],[-107.26297596454552,48.256725442643685],[-107.26296789476095,48.25669430525202]]]}"
000000000000000025bb,4634,0,0,0,"{""type"":""Polygon"",""coordinates"":[[[-107.26294388632687,48.25675730249225],[-107.26264726615507,48.25670508292595],[-107.26261664668597,48.25676824017479],[-107.26292348420705,48.256900622976],[-107.26293013944189,48.25690053422124],[-107.26294783046622,48.256846568783146],[-107.2629668786313,48.25682391668248],[-107.26294388632687,48.25675730249225]]]}"
00000000000000002576,4635,0,0,0,"{""type"":""Polygon"",""coordinates"":[[[-107.26261664668597,48.25676824017479],[-107.26260405612051,48.25678637538729],[-107.26254514665142,48.256814320406804],[-107.26249872576274,48.256824145933656],[-107.26276506436054,48.256948466805135],[-107.26280472824617,48.25693874561285],[-107.26283112628266,48.25692927323538],[-107.26288459766113,48.25692821492443],[-107.2629041810854,48.256918934103815],[-107.26291045403234,48.25690983078926],[-107.26292348420705,48.256900622976],[-107.26261664668597,48.25676824017479]]]}"
000000000000000025be,4636,0,0,0,"{""type"":""Polygon"",""coordinates"":[[[-107.26249872576274,48.256824145933656],[-107.2624921151932,48.2568243059894],[-107.26245254696005,48.256838470843554],[-107.26245352153647,48.25686076961607],[-107.26245449611274,48.25688306839797],[-107.26244156789245,48.25689226040047],[-107.26262725990294,48.25700924139559],[-107.2626463656642,48.25698650220569],[-107.26267266173336,48.256977045607876],[-107.26272496085303,48.256949260490856],[-107.26276506436054,48.256948466805135],[-107.26249872576274,48.256824145933656]]]}"
0000000000000000257b,4637,0,0,0,"{""type"":""Polygon"",""coordinates"":[[[-107.26244156789245,48.25689226040047],[-107.26242853767152,48.25690146814807],[-107.26239616609004,48.25692445602671],[-107.26236476899703,48.25696974272592],[-107.26255007877039,48.25707770944823],[-107.26255639643112,48.257068677459586],[-107.26260845360113,48.25703639293389],[-107.26262725990294,48.25700924139559],[-107.26244156789245,48.25689226040047]]]}"
0000000000000000257d,4638,0,0,0,"{""type"":""Polygon"",""coordinates"":[[[-107.26236476899703,48.25696974272592],[-107.26235864877637,48.25698320276954],[-107.26231260986013,48.257002042823196],[-107.26228748570014,48.25703822626584],[-107.26227411789802,48.25703849076274],[-107.26226823969942,48.257056450242324],[-107.2624987986467,48.257127864759475],[-107.26253768553609,48.25710027285456],[-107.26255007877039,48.25707770944823],[-107.26236476899703,48.25696974272592]]]}"
000000000000000025bf,4639,0,0,0,"{""type"":""Polygon"",""coordinates"":[[[-107.26226823969942,48.257056450242324],[-107.26226250156013,48.257078924897975],[-107.26226469252515,48.25712802209435],[-107.26225176419378,48.25713721411664],[-107.2622387338612,48.2571464218839],[-107.26244217526319,48.25720935101477],[-107.26244173571749,48.25720042347728],[-107.26244076116029,48.25717812456118],[-107.2624987986467,48.257127864759475],[-107.26226823969942,48.257056450242324]]]}"
0000000000000000257e,4640,0,0,0,"{""type"":""Polygon"",""coordinates"":[[[-107.2622387338612,48.2571464218839],[-107.26223227606928,48.25715093868982],[-107.26220175102728,48.257218540213124],[-107.26218906470736,48.25723223168231],[-107.26239896417839,48.25729064418433],[-107.26244450654644,48.25726296350714],[-107.26244275489533,48.25722279373544],[-107.26244241734643,48.257213850450434],[-107.26244217526319,48.25720935101477],[-107.2622387338612,48.2571464218839]]]}"
000000000000000025c3,4641,0,0,0,"{""type"":""Polygon"",""coordinates"":[[[-107.26218906470736,48.25723223168231],[-107.26216330337796,48.25725505959786],[-107.26211134117855,48.25729178788318],[-107.26232289673177,48.257385926630725],[-107.26237276334597,48.257304544624894],[-107.26239896417839,48.25729064418433],[-107.26218906470736,48.25723223168231]]]}"
000000000000000025c7,4642,0,0,0,"{""type"":""Polygon"",""coordinates"":[[[-107.26211134117855,48.25729178788318],[-107.26209277648285,48.25732343892322],[-107.26206779195975,48.25736413773354],[-107.26219277758588,48.257468824384645],[-107.26222539178391,48.2574503357811],[-107.26225168817729,48.25744087920752],[-107.26227769168004,48.25742255063971],[-107.26230462500841,48.25742644975364],[-107.26232289673177,48.257385926630725],[-107.26211134117855,48.25729178788318]]]}"
000000000000000025c4,4643,0,0,0,"{""type"":""Polygon"",""coordinates"":[[[-107.26206779195975,48.25736413773354],[-107.26194723900748,48.25736201844469],[-107.26203499244365,48.25753002330301],[-107.26206172833635,48.257529494361705],[-107.26214737493758,48.257501020265124],[-107.26219277758588,48.257468824384645],[-107.26206779195975,48.25736413773354]]]}"
000000000000000025d5,4644,0,0,0,"{""type"":""Polygon"",""coordinates"":[[[-107.26194723900748,48.25736201844469],[-107.2618268328475,48.25735995458872],[-107.26188162729612,48.25754196437301],[-107.2619017524973,48.25754159549465],[-107.2619946465922,48.25752631723552],[-107.26203499244365,48.25753002330301],[-107.26194723900748,48.25736201844469]]]}"
000000000000000025d8,4645,0,0,0,"{""type"":""Polygon"",""coordinates"":[[[-107.2618268328475,48.25735995458872],[-107.2617799720629,48.257360852310896],[-107.26174706513144,48.257370468746345],[-107.26170084110612,48.257384722124606],[-107.26174882685797,48.257562463955644],[-107.2617554375076,48.257562303946806],[-107.26178119920297,48.25753947599898],[-107.26188162729612,48.25754196437301],[-107.2618268328475,48.25735995458872]]]}"
000000000000000025d7,4646,0,0,0,"{""type"":""Polygon"",""coordinates"":[[[-107.26170084110612,48.257384722124606],[-107.26162141075783,48.25740417950562],[-107.26156769743703,48.257400737665144],[-107.26161612183125,48.25758740724435],[-107.26172870167831,48.25756283280156],[-107.26174206959205,48.25756256837513],[-107.26174882685797,48.257562463955644],[-107.26170084110612,48.257384722124606]]]}"
000000000000000025d9,4647,0,0,0,"{""type"":""Polygon"",""coordinates"":[[[-107.26156769743703,48.257400737665144],[-107.2615544316031,48.25740098632003],[-107.26148817175348,48.25741575107215],[-107.26144194770424,48.25743000433859],[-107.2614826402077,48.25759447938637],[-107.26148939746061,48.2575943749854],[-107.26154928232529,48.25758872926928],[-107.26160960654828,48.25759201112696],[-107.26161612183125,48.25758740724435],[-107.26156769743703,48.257400737665144]]]}"
000000000000000025db,4648,0,0,0,"{""type"":""Polygon"",""coordinates"":[[[-107.26144194770424,48.25743000433859],[-107.26138264239009,48.257449092757426],[-107.2613413231084,48.257423087362625],[-107.26133524711348,48.25743661879972],[-107.26132937755717,48.25760640383206],[-107.26139028087685,48.25762312867113],[-107.26146339366859,48.25761270340657],[-107.2614826402077,48.25759447938637],[-107.26144194770424,48.25743000433859]]]}"
00000000000000002621,4649,0,0,0,"{""type"":""Polygon"",""coordinates"":[[[-107.2611249201043,48.257521101385585],[-107.26114601888446,48.257543031764186],[-107.26120755844393,48.25757311245825],[-107.26126180633378,48.2575899260098],[-107.26130244449594,48.257602504424625],[-107.26132937755717,48.25760640383206],[-107.26133524711348,48.25743661879972],[-107.2611249201043,48.257521101385585]]]}"
000000000000000025d4,4650,0,0,0,"{""type"":""Polygon"",""coordinates"":[[[-107.26132742070324,48.25740998027458],[-107.26129315137347,48.257392742478615],[-107.26127219916255,48.25737086778516],[-107.26106070154812,48.257428622930696],[-107.26106872504016,48.257459689622955],[-107.2611249201043,48.257521101385585],[-107.26133524711348,48.25743661879972],[-107.2613413231084,48.257423087362625],[-107.26132742070324,48.25740998027458]]]}"
00000000000000002625,4651,0,0,0,"{""type"":""Polygon"",""coordinates"":[[[-107.26125110036548,48.257348937505974],[-107.2612354477144,48.257295660538624],[-107.26104275788197,48.25732626409318],[-107.26106070154812,48.257428622930696],[-107.26127219916255,48.25737086778516],[-107.26125110036548,48.257348937505974]]]}"
000000000000000025e0,4652,0,0,0,"{""type"":""Polygon"",""coordinates"":[[[-107.26105165166982,48.25722336106032],[-107.26104217876791,48.25731282132468],[-107.26104275788197,48.25732626409318],[-107.2612354477144,48.257295660538624],[-107.26128692639787,48.25724993382359],[-107.26105165166982,48.25722336106032]]]}"
00000000000000002586,4653,0,0,0,"{""type"":""Polygon"",""coordinates"":[[[-107.26112703977746,48.257114652894344],[-107.2611204292514,48.257114812855455],[-107.26104727302067,48.257125166397785],[-107.26099978314399,48.257108248487754],[-107.26091204383357,48.25709206788342],[-107.26088355863844,48.25705242676984],[-107.26082259942284,48.257035788828766],[-107.26068936269168,48.25704735914906],[-107.26062782473561,48.25701727838086],[-107.26061946460281,48.25697726863673],[-107.26058621429789,48.25698240090919],[-107.26058796391975,48.257022570583885],[-107.26062272206102,48.25705310857305],[-107.26065655141623,48.25706141898633],[-107.26068372569507,48.25706981798485],[-107.26081773880354,48.25707611847259],[-107.2608874976927,48.25714169377155],[-107.26090835419062,48.25715912461503],[-107.26104946234567,48.25717426370631],[-107.26105675399525,48.257187530739046],[-107.26105165166982,48.25722336106032],[-107.26128692639787,48.25724993382359],[-107.26112703977746,48.257114652894344]]]}"
00000000000000002584,4654,0,0,0,"{""type"":""Polygon"",""coordinates"":[[[-107.26125930342872,48.257080783027625],[-107.26125289021837,48.257085371096146],[-107.26122693137836,48.25710377060187],[-107.26114040744402,48.25711438856016],[-107.26112703977746,48.257114652894344],[-107.26128692639787,48.25724993382359],[-107.26135769593782,48.25718605460663],[-107.26137747688574,48.25718120215307],[-107.26125930342872,48.257080783027625]]]}"
000000000000000025d3,4655,0,0,0,"{""type"":""Polygon"",""coordinates"":[[[-107.26134995549059,48.25701203586934],[-107.26133722443767,48.257025655842554],[-107.26127233383694,48.25707157540275],[-107.26125930342872,48.257080783027625],[-107.26137747688574,48.25718120215307],[-107.2614301712011,48.25716227382851],[-107.2614759555954,48.25713909311097],[-107.26148874403772,48.25712538601265],[-107.26134995549059,48.25701203586934]]]}"
000000000000000025d2,4656,0,0,0,"{""type"":""Polygon"",""coordinates"":[[[-107.26143404750657,48.25694782120025],[-107.26141504327929,48.25697054440003],[-107.2613822320836,48.25698460446281],[-107.26136920171935,48.25699381208637],[-107.26135622872773,48.257002932632936],[-107.26134995549059,48.25701203586934],[-107.26148874403772,48.25712538601265],[-107.26153311504706,48.25707097886132],[-107.26157288083944,48.257061242413336],[-107.26159266173862,48.25705638992814],[-107.26143404750657,48.25694782120025]]]}"
000000000000000025d1,4657,0,0,0,"{""type"":""Polygon"",""coordinates"":[[[-107.26149816115118,48.25688403091191],[-107.26149164599454,48.256888634722195],[-107.26143404750657,48.25694782120025],[-107.26159266173862,48.25705638992814],[-107.26162571498104,48.25704682919887],[-107.26164992290337,48.25698825997824],[-107.26168253672733,48.25696977173623],[-107.26149816115118,48.25688403091191]]]}"
00000000000000002583,4658,0,0,0,"{""type"":""Polygon"",""coordinates"":[[[-107.26150933881775,48.256834669515584],[-107.26149816115118,48.25688403091191],[-107.26168253672733,48.25696977173623],[-107.26168914726657,48.25696961173654],[-107.26170144546845,48.2569426046578],[-107.2617143737839,48.25693341274376],[-107.2617725067542,48.256887597434236],[-107.26179141540045,48.256860430382616],[-107.26150933881775,48.256834669515584]]]}"
0000000000000000257f,4659,0,0,0,"{""type"":""Polygon"",""coordinates"":[[[-107.26184074725832,48.25676567817424],[-107.26153237534737,48.25674937372987],[-107.26153368669785,48.25678061570741],[-107.26150894411427,48.256825813363946],[-107.26150933881775,48.256834669515584],[-107.26179141540045,48.256860430382616],[-107.26179749114425,48.25684689907021],[-107.26183564574447,48.256801508231256],[-107.26185484710057,48.2567832130974],[-107.26184074725832,48.25676567817424]]]}"
0000000000000000257c,4660,0,0,0,"{""type"":""Polygon"",""coordinates"":[[[-107.26181124218299,48.256703667543064],[-107.2617699677979,48.25667773402387],[-107.26176919101738,48.25665986337108],[-107.26176875162972,48.25665093591908],[-107.26152289355991,48.256687009972005],[-107.26151681776683,48.256700541227445],[-107.26153217799227,48.256744945661126],[-107.26153237534737,48.25674937372987],[-107.26184074725832,48.25676567817424],[-107.26181124218299,48.256703667543064]]]}"
00000000000000002575,4661,0,0,0,"{""type"":""Polygon"",""coordinates"":[[[-107.26170482505093,48.25656733128266],[-107.2616773132152,48.25654998947731],[-107.2615197295459,48.256615614440555],[-107.2615474832809,48.25663745570616],[-107.26152289355991,48.256687009972005],[-107.26176875162972,48.25665093591908],[-107.26176724268683,48.25661526596984],[-107.26170482505093,48.25656733128266]]]}"
0000000000000000257a,4662,0,0,0,"{""type"":""Polygon"",""coordinates"":[[[-107.26166365292528,48.256541382033596],[-107.26164299358419,48.256528379612476],[-107.26164221686162,48.25651050900757],[-107.26160775068637,48.256488843556504],[-107.26158028359819,48.256471573077896],[-107.26141755381808,48.25657295633218],[-107.2614315006038,48.25658613453847],[-107.26147160316675,48.25658534142221],[-107.2614915811482,48.25658491706346],[-107.2615197295459,48.256615614440555],[-107.2616773132152,48.25654998947731],[-107.26166365292528,48.256541382033596]]]}"
00000000000000002582,4663,0,0,0,"{""type"":""Polygon"",""coordinates"":[[[-107.26156647676052,48.256462910043375],[-107.26153211269389,48.256441228837716],[-107.26150396439944,48.256410531562686],[-107.26148350257078,48.25640195717515],[-107.26136038543899,48.25648924717135],[-107.26137574538907,48.25653365145992],[-107.26141755381808,48.25657295633218],[-107.26158028359819,48.256471573077896],[-107.26156647676052,48.256462910043375]]]}"
00000000000000002580,4664,0,0,0,"{""type"":""Polygon"",""coordinates"":[[[-107.2614629900183,48.25638901033323],[-107.26143459987435,48.25635381369675],[-107.2614208951277,48.25634513491426],[-107.26141394076389,48.25634081126655],[-107.26123083894663,48.256433762192664],[-107.2612514979991,48.25644676468653],[-107.2612652027153,48.25645544351061],[-107.26131867251972,48.25645438612083],[-107.26135994614943,48.256480319743766],[-107.26136038543899,48.25648924717135],[-107.26148350257078,48.25640195717515],[-107.2614629900183,48.25638901033323]]]}"
00000000000000002579,4665,0,0,0,"{""type"":""Polygon"",""coordinates"":[[[-107.26136567489918,48.25630602323153],[-107.26135721199056,48.256266029852384],[-107.26114061873636,48.25635961355282],[-107.2611341036601,48.256364217291235],[-107.26115515724385,48.25638607587132],[-107.26120998259466,48.256416331654194],[-107.26123083894663,48.256433762192664],[-107.26141394076389,48.25634081126655],[-107.26136567489918,48.25630602323153]]]}"
00000000000000002577,4666,0,0,0,"{""type"":""Polygon"",""coordinates"":[[[-107.26134121551951,48.25620827037522],[-107.2610693076323,48.25625829831972],[-107.2611256983925,48.25632413676536],[-107.2611398422551,48.25634174299467],[-107.26114061873636,48.25635961355282],[-107.26135721199056,48.256266029852384],[-107.26134121551951,48.25620827037522]]]}"
00000000000000002585,4667,0,0,0,"{""type"":""Polygon"",""coordinates"":[[[-107.2613204611989,48.25619082419029],[-107.26130665455958,48.25618216115931],[-107.26131273031073,48.25616863005064],[-107.26109044772488,48.25613277896298],[-107.26107829610059,48.25615984114004],[-107.26106002401377,48.25620036309747],[-107.26106745543838,48.256218144991415],[-107.26106157690602,48.25623610412748],[-107.2610693076323,48.25625829831972],[-107.26134121551951,48.25620827037522],[-107.2613204611989,48.25619082419029]]]}"
00000000000000002578,4668,0,0,0,"{""type"":""Polygon"",""coordinates"":[[[-107.26111328719875,48.25604305638939],[-107.26110109100763,48.25607004719038],[-107.26109044772488,48.25613277896298],[-107.26131273031073,48.25616863005064],[-107.26133183611111,48.256145891482085],[-107.26133576667104,48.256083335388816],[-107.26111328719875,48.25604305638939]]]}"
00000000000000002558,4669,0,0,0,"{""type"":""Polygon"",""coordinates"":[[[-107.2611351081262,48.25593096421039],[-107.261143907986,48.25597990045102],[-107.26112499951728,48.25600706691906],[-107.26111328719875,48.25604305638939],[-107.26133576667104,48.256083335388816],[-107.26134160043999,48.25606530495974],[-107.26136594789915,48.25601125198983],[-107.2611351081262,48.25593096421039]]]}"
0000000000000000255d,4670,0,0,0,"{""type"":""Polygon"",""coordinates"":[[[-107.26110346009693,48.25581992952921],[-107.26111877488482,48.25586426198004],[-107.26113291859028,48.2558818680615],[-107.26113369508128,48.255899738464315],[-107.2611351081262,48.25593096421039],[-107.26136594789915,48.25601125198983],[-107.26138441694283,48.255975158133296],[-107.26143083646437,48.25596533333716],[-107.26146344936689,48.25594684554993],[-107.26110346009693,48.25581992952921]]]}"
0000000000000000256e,4671,0,0,0,"{""type"":""MultiPolygon"",""coordinates"":[[[[-107.26129506616732,48.25576704431577],[-107.26126157486016,48.25576767736127],[-107.26130872604918,48.25577565169642],[-107.26129506616732,48.25576704431577]]],[[[-107.26131548295794,48.25577554731999],[-107.26130265037581,48.25578918270248],[-107.26126221146382,48.255781032658604],[-107.26125496456514,48.25576783732171],[-107.26118832591771,48.25577358694896],[-107.26110258162662,48.25580207489604],[-107.26110346009693,48.25581992952921],[-107.26146344936689,48.25594684554993],[-107.26148308966813,48.25593747812844],[-107.26152775843771,48.25588748449299],[-107.26131548295794,48.25577554731999]]]]}"
00000000000000002539,4672,0,0,0,"{""type"":""Polygon"",""coordinates"":[[[-107.26157470176652,48.255739210206606],[-107.26132111933534,48.25575308901156],[-107.26129506616732,48.25576704431577],[-107.26130872604918,48.25577565169642],[-107.26131548295794,48.25577554731999],[-107.26152775843771,48.25588748449299],[-107.2615470039779,48.25586926107872],[-107.2615589578427,48.2558377710082],[-107.26157121104464,48.255810693201596],[-107.26158316486817,48.25577920316394],[-107.2615826301389,48.255765832128404],[-107.2615821907855,48.25575690482537],[-107.26157470176652,48.255739210206606]]]}"
0000000000000000255b,4673,0,0,0,"{""type"":""Polygon"",""coordinates"":[[[-107.2615672701292,48.25572142851808],[-107.26155131805861,48.25566374100633],[-107.2614965378858,48.25563355716503],[-107.26149585657636,48.25562013057761],[-107.26146834555873,48.25560278900175],[-107.26146737153998,48.255580490734665],[-107.26132111933534,48.25575308901156],[-107.26157470176652,48.255739210206606],[-107.2615672701292,48.25572142851808]]]}"
0000000000000000255c,4674,0,0,0,"{""type"":""Polygon"",""coordinates"":[[[-107.26145259104521,48.25554952956626],[-107.26142508010997,48.25553218799903],[-107.26136281143873,48.25548430959735],[-107.26118832591771,48.25577358694896],[-107.26125496456514,48.25576783732171],[-107.26126157486016,48.25576767736127],[-107.26129506616732,48.25576704431577],[-107.26132111933534,48.25575308901156],[-107.26146737153998,48.255580490734665],[-107.2614668368486,48.255567119747674],[-107.26145259104521,48.25554952956626]]]}"
00000000000000002557,4675,0,0,0,"{""type"":""Polygon"",""coordinates"":[[[-107.26125077286557,48.25552225345364],[-107.26103754460941,48.25569165768928],[-107.26104439679482,48.25569599705917],[-107.26107473355052,48.25577579008849],[-107.26110258162662,48.25580207489604],[-107.26118832591771,48.25577358694896],[-107.26136281143873,48.25548430959735],[-107.26125077286557,48.25552225345364]]]}"
00000000000000002555,4676,0,0,0,"{""type"":""Polygon"",""coordinates"":[[[-107.26097036326422,48.25553221615641],[-107.2609847040625,48.25555425012598],[-107.26097960205796,48.25559007933055],[-107.26098723064209,48.25561228900562],[-107.26096778779927,48.255626084241605],[-107.26097605288157,48.255661649204505],[-107.26103754460941,48.25569165768928],[-107.26125077286557,48.25552225345364],[-107.26097036326422,48.25553221615641]]]}"
0000000000000000255e,4677,0,0,0,"{""type"":""Polygon"",""coordinates"":[[[-107.26134195548156,48.25546687938996],[-107.26133432667598,48.25544466980965],[-107.26098610843391,48.255433655988256],[-107.26097385503805,48.25546073353239],[-107.26096307191679,48.25551894952404],[-107.26097036326422,48.25553221615641],[-107.26125077286557,48.25552225345364],[-107.26136281143873,48.25548430959735],[-107.26134195548156,48.25546687938996]]]}"
00000000000000002553,4678,0,0,0,"{""type"":""Polygon"",""coordinates"":[[[-107.26132727713855,48.25543590252121],[-107.26131347075916,48.25542723960808],[-107.26131313345837,48.25541829661596],[-107.26128518343681,48.25539202780208],[-107.26127735734707,48.2553653902929],[-107.26100870561292,48.255339435348596],[-107.2610045774235,48.25539756259971],[-107.26098610843391,48.255433655988256],[-107.26133432667598,48.25544466980965],[-107.26132727713855,48.25543590252121]]]}"
00000000000000002556,4679,0,0,0,"{""type"":""Polygon"",""coordinates"":[[[-107.26126942927658,48.2553387685395],[-107.26122724043105,48.25529045017887],[-107.26123345598097,48.25528143432824],[-107.26105127982412,48.255244790638855],[-107.26105191636098,48.255258145807446],[-107.2610395677601,48.25528077957583],[-107.2610141447611,48.25531254928981],[-107.26100870561292,48.255339435348596],[-107.26127735734707,48.2553653902929],[-107.26126942927658,48.2553387685395]]]}"
00000000000000002551,4680,0,0,0,"{""type"":""Polygon"",""coordinates"":[[[-107.26110027333985,48.255141098780925],[-107.26104281740822,48.25520479802078],[-107.26105127982412,48.255244790638855],[-107.26123345598097,48.25528143432824],[-107.26127807946617,48.25523137011435],[-107.26128419965069,48.25521791058565],[-107.26110027333985,48.255141098780925]]]}"
0000000000000000254a,4681,0,0,0,"{""type"":""Polygon"",""coordinates"":[[[-107.26121089753745,48.25507193015004],[-107.2611914550327,48.25508572528199],[-107.26111276179792,48.255122980074844],[-107.26110027333985,48.255141098780925],[-107.26128419965069,48.25521791058565],[-107.26129027521466,48.25520437972947],[-107.26130266828316,48.25518181729585],[-107.26132882300762,48.255167846411474],[-107.26134175069852,48.2551586548714],[-107.2613482655373,48.255154051229695],[-107.26121089753745,48.25507193015004]]]}"
0000000000000000254c,4682,0,0,0,"{""type"":""Polygon"",""coordinates"":[[[-107.26132817622539,48.25500267286034],[-107.26129522687951,48.25501221732673],[-107.26127631905501,48.25503938331194],[-107.2612367528671,48.25505354713609],[-107.26121089753745,48.25507193015004],[-107.2613482655373,48.255154051229695],[-107.26135472300076,48.25514953466182],[-107.26139482397643,48.25514874163935],[-107.26144100047352,48.2551344177534],[-107.26132817622539,48.25500267286034]]]}"
00000000000000002550,4683,0,0,0,"{""type"":""Polygon"",""coordinates"":[[[-107.26146636774574,48.254950758466464],[-107.26145300081328,48.254951022816606],[-107.26137454987456,48.25499277697331],[-107.26136118294,48.25499304131093],[-107.26132817622539,48.25500267286034],[-107.26144100047352,48.2551344177534],[-107.26149369178233,48.255115490201604],[-107.26153335343061,48.25510576992745],[-107.26146636774574,48.254950758466464]]]}"
0000000000000000254b,4684,0,0,0,"{""type"":""Polygon"",""coordinates"":[[[-107.26160644996556,48.25494352696424],[-107.26146636774574,48.254950758466464],[-107.26153335343061,48.25510576992745],[-107.26157301507541,48.255096049638794],[-107.26161335807939,48.25509975578557],[-107.26163994065108,48.254942893824094],[-107.26160644996556,48.25494352696424]]]}"
0000000000000000255a,4685,0,0,0,"{""type"":""Polygon"",""coordinates"":[[[-107.26169354850033,48.254946351296354],[-107.26163994065108,48.254942893824094],[-107.26161335807939,48.25509975578557],[-107.2617470282495,48.25509711194848],[-107.26178026509353,48.25494016131044],[-107.26169354850033,48.254946351296354]]]}"
0000000000000000254f,4686,0,0,0,"{""type"":""Polygon"",""coordinates"":[[[-107.2618678540376,48.254956284973446],[-107.26180699904545,48.25493963251511],[-107.26178026509353,48.25494016131044],[-107.2617470282495,48.25509711194848],[-107.26180069376721,48.25510048228955],[-107.26183461750983,48.25511323568156],[-107.26187496067628,48.25511694171553],[-107.2619148072497,48.254959830985825],[-107.2618678540376,48.254956284973446]]]}"
00000000000000002547,4687,0,0,0,"{""type"":""Polygon"",""coordinates"":[[[-107.26206208641243,48.25496142154901],[-107.2619148072497,48.254959830985825],[-107.26187496067628,48.25511694171553],[-107.26196886754592,48.255124033720854],[-107.26198918887486,48.25512809280445],[-107.26206913610264,48.254970188701115],[-107.26206208641243,48.25496142154901]]]}"
00000000000000002544,4688,0,0,0,"{""type"":""Polygon"",""coordinates"":[[[-107.26212965393177,48.25497789808457],[-107.26208303805981,48.25498329508947],[-107.26206913610264,48.254970188701115],[-107.26198918887486,48.25512809280445],[-107.26201626049894,48.255136506880234],[-107.26205680122033,48.255144640767995],[-107.26210414965706,48.255157042556135],[-107.26211765682078,48.25516129311708],[-107.26220378094335,48.25498984222122],[-107.26212965393177,48.25497789808457]]]}"
00000000000000002546,4689,0,0,0,"{""type"":""Polygon"",""coordinates"":[[[-107.2622106332332,48.25499418144777],[-107.26220378094335,48.25498984222122],[-107.26211765682078,48.25516129311708],[-107.26223840033263,48.25516784021137],[-107.26225186291747,48.255172019423235],[-107.2623196589383,48.2550411767223],[-107.2622106332332,48.25499418144777]]]}"
00000000000000002531,4690,0,0,0,"{""type"":""Polygon"",""coordinates"":[[[-107.26243432717831,48.25506125442932],[-107.262414445302,48.255066122623816],[-107.26232641578665,48.25504107227774],[-107.2623196589383,48.2550411767223],[-107.26225186291747,48.255172019423235],[-107.26231340040069,48.25520209811505],[-107.2623607937487,48.255214571112795],[-107.26246791375533,48.255065064656215],[-107.26243432717831,48.25506125442932]]]}"
00000000000000002542,4691,0,0,0,"{""type"":""Polygon"",""coordinates"":[[[-107.26257640519003,48.255098688828355],[-107.26251506496192,48.25507303829291],[-107.26246791375533,48.255065064656215],[-107.2623607937487,48.255214571112795],[-107.26239481998724,48.25522730857718],[-107.26247619513764,48.25525244764759],[-107.26258996983042,48.25510285224112],[-107.26257640519003,48.255098688828355]]]}"
0000000000000000253b,4692,0,0,0,"{""type"":""GeometryCollection"",""geometries"":[{""type"":""LineString"",""coordinates"":[[-107.2625901493918,48.25510730300915],[-107.26258995300634,48.25510285421956]]},{""type"":""Polygon"",""coordinates"":[[[-107.2627184390903,48.25513605170101],[-107.26259016732538,48.25510728016688],[-107.2625901493918,48.25510730300915],[-107.26247619513764,48.25525244764759],[-107.2625168764046,48.25526509636204],[-107.26253141576785,48.25529155790372],[-107.26258522222679,48.25529944281472],[-107.2627253934961,48.25514037515486],[-107.2627184390903,48.25513605170101]]]}]}"
00000000000000002559,4693,0,0,0,"{""type"":""Polygon"",""coordinates"":[[[-107.26284778810358,48.255187105381246],[-107.26277332230265,48.25516621879046],[-107.26275290516652,48.25515771620272],[-107.2627253934961,48.25514037515486],[-107.26258522222679,48.25529944281472],[-107.2626664449489,48.255320225132984],[-107.26269371457278,48.255333066980015],[-107.26286179252125,48.25520019595373],[-107.26284778810358,48.255187105381246]]]}"
00000000000000002540,4694,0,0,0,"{""type"":""Polygon"",""coordinates"":[[[-107.26289052139008,48.25524433432139],[-107.26286888712261,48.255209034409056],[-107.26286179252125,48.25520019595373],[-107.26269371457278,48.255333066980015],[-107.26274174556706,48.25535889497558],[-107.26277610986742,48.25538057529952],[-107.26279676926939,48.25539357719362],[-107.26295181778539,48.25526991335019],[-107.26289052139008,48.25524433432139]]]}"
00000000000000002536,4695,0,0,0,"{""type"":""Polygon"",""coordinates"":[[[-107.26300825636801,48.25533582071074],[-107.26299386949579,48.255313715841176],[-107.2629586702682,48.255274252541405],[-107.26295181778539,48.25526991335019],[-107.26279676926939,48.25539357719362],[-107.2628446984725,48.25541942090709],[-107.26287294316433,48.255454560891394],[-107.26288655262891,48.2554587956152],[-107.26302867371454,48.25534432326745],[-107.26300825636801,48.25533582071074]]]}"
00000000000000002537,4696,0,0,0,"{""type"":""Polygon"",""coordinates"":[[[-107.26313065233694,48.25538255071454],[-107.26302867371454,48.25534432326745],[-107.26288655262891,48.2554587956152],[-107.26294751165794,48.25547543175572],[-107.26300273338262,48.255514541877766],[-107.26313746025309,48.25538681857097],[-107.26313065233694,48.25538255071454]]]}"
0000000000000000256d,4697,0,0,0,"{""type"":""Polygon"",""coordinates"":[[[-107.26316507440552,48.25540414382368],[-107.26313746025309,48.25538681857097],[-107.26300273338262,48.255514541877766],[-107.26300938837443,48.255514453126004],[-107.2630575155354,48.25554472474196],[-107.26313873947255,48.255565506726235],[-107.26323302642301,48.25542963397132],[-107.26316507440552,48.25540414382368]]]}"
0000000000000000256a,4698,0,0,0,"{""type"":""Polygon"",""coordinates"":[[[-107.26327964329339,48.25542423633746],[-107.26323973878753,48.25542945812836],[-107.26323302642301,48.25542963397132],[-107.26313873947255,48.255565506726235],[-107.26316567182343,48.2555694054868],[-107.26326055654289,48.25559879444078],[-107.2632737263913,48.25559410186],[-107.26330065881737,48.25559800058291],[-107.26332719609495,48.255593043371775],[-107.26327964329339,48.25542423633746]]]}"
00000000000000002574,4699,0,0,0,"{""type"":""Polygon"",""coordinates"":[[[-107.26332606259218,48.25541441073317],[-107.26327964329339,48.25542423633746],[-107.26332719609495,48.255593043371775],[-107.26341411311063,48.25559127972554],[-107.26343335796203,48.255573056052675],[-107.2634535780311,48.25557713058795],[-107.26349348276301,48.255571908687905],[-107.26351924238341,48.25554908118428],[-107.26332606259218,48.25541441073317]]]}"
00000000000000002568,4700,0,0,0,"{""type"":""Polygon"",""coordinates"":[[[-107.2633720420931,48.255395657885565],[-107.26337257748574,48.25540902880087],[-107.26332606259218,48.25541441073317],[-107.26351924238341,48.25554908118428],[-107.2635257571841,48.255544477361894],[-107.26356483958787,48.25552131387452],[-107.26357679186854,48.255489823799905],[-107.26358898636347,48.255462833023216],[-107.26359350587374,48.2554135615807],[-107.2633720420931,48.255395657885565]]]}"
00000000000000002561,4701,0,0,0,"{""type"":""Polygon"",""coordinates"":[[[-107.26358838701188,48.25529757174427],[-107.26335570456236,48.25532895681852],[-107.2633720420931,48.255395657885565],[-107.26359350587374,48.2554135615807],[-107.2636029719447,48.255324104445506],[-107.26358838701188,48.25529757174427]]]}"
0000000000000000253d,4702,0,0,0,"{""type"":""Polygon"",""coordinates"":[[[-107.26358109455343,48.2552843053976],[-107.2635806547036,48.25527537819746],[-107.26358011923178,48.25526200731907],[-107.26352425944664,48.2552095426108],[-107.26352411920942,48.25520502760615],[-107.26332536239914,48.25524916531995],[-107.26332599976996,48.255262520453414],[-107.26335492696651,48.25531108665425],[-107.26335570456236,48.25532895681852],[-107.26358838701188,48.25529757174427],[-107.26358109455343,48.2552843053976]]]}"
0000000000000000253e,4703,0,0,0,"{""type"":""Polygon"",""coordinates"":[[[-107.263506410932,48.25510717294938],[-107.2632949247705,48.25516493025612],[-107.26330217246347,48.25517812526875],[-107.26332536239914,48.25524916531995],[-107.26352411920942,48.25520502760615],[-107.26352367937255,48.25519610041877],[-107.26352314391978,48.25518272955959],[-107.26352226424592,48.255164875193856],[-107.263521288956,48.255142577164186],[-107.26352051127371,48.25512470706633],[-107.263506410932,48.25510717294938]]]}"
0000000000000000253c,4704,0,0,0,"{""type"":""Polygon"",""coordinates"":[[[-107.26347821666174,48.255076405731124],[-107.26344943602786,48.25502789536758],[-107.26325783233834,48.255080784080555],[-107.2632790272293,48.25510715663464],[-107.26328024457175,48.25513395390951],[-107.2632949247705,48.25516493025612],[-107.263506410932,48.25510717294938],[-107.26347821666174,48.255076405731124]]]}"
0000000000000000253f,4705,0,0,0,"{""type"":""Polygon"",""coordinates"":[[[-107.26343465372602,48.25499693487305],[-107.26340670182813,48.254970666933126],[-107.26337841216308,48.254935456106566],[-107.26319443902042,48.255010553783215],[-107.26320824598366,48.25501921634299],[-107.2632367330631,48.25505885519778],[-107.26325783233834,48.255080784080555],[-107.26344943602786,48.25502789536758],[-107.26343465372602,48.25499693487305]]]}"
00000000000000002534,4706,0,0,0,"{""type"":""Polygon"",""coordinates"":[[[-107.26332265522342,48.25488297583744],[-107.26330135841194,48.25485661914812],[-107.26310445825578,48.25494090828793],[-107.26311822053972,48.254949499521416],[-107.26313965741602,48.25498037128761],[-107.263153222163,48.254984534608816],[-107.26316716929631,48.25499771215908],[-107.26319443902042,48.255010553783215],[-107.26337841216308,48.254935456106566],[-107.26332265522342,48.25488297583744]]]}"
0000000000000000253a,4707,0,0,0,"{""type"":""Polygon"",""coordinates"":[[[-107.26326601891125,48.25481264133094],[-107.26324482417921,48.254786268916604],[-107.26299455146103,48.254876059755915],[-107.26299474900672,48.25488048766061],[-107.26302955285719,48.25491109484557],[-107.26308365872524,48.25492339158708],[-107.26310445825578,48.25494090828793],[-107.26330135841194,48.25485661914812],[-107.26326601891125,48.25481264133094]]]}"
0000000000000000252a,4708,0,0,0,"{""type"":""Polygon"",""coordinates"":[[[-107.26322372506418,48.254764340148846],[-107.26319567795879,48.25473362861655],[-107.26317438134237,48.25470727196845],[-107.26295060765581,48.25478757474332],[-107.26295746005519,48.254791913897236],[-107.26295867717427,48.25481871102236],[-107.26299455146103,48.254876059755915],[-107.26324482417921,48.254786268916604],[-107.26322372506418,48.254764340148846]]]}"
0000000000000000252e,4709,0,0,0,"{""type"":""Polygon"",""coordinates"":[[[-107.26316728672771,48.25469843361975],[-107.26315318674955,48.25468089958283],[-107.26313738515857,48.254627570084104],[-107.26312392253207,48.25462339104039],[-107.26288692250255,48.25470847307292],[-107.26290787470134,48.254730346315],[-107.26295060765581,48.25478757474332],[-107.26317438134237,48.25470727196845],[-107.26316728672771,48.25469843361975]]]}"
0000000000000000252b,4710,0,0,0,"{""type"":""Polygon"",""coordinates"":[[[-107.26306826210063,48.254575354532534],[-107.26303855838209,48.25450891899652],[-107.2630380230914,48.25449554830399],[-107.26284462943231,48.25466017179916],[-107.26287963044588,48.254695206810354],[-107.26288692250255,48.25470847307292],[-107.26312392253207,48.25462339104039],[-107.26306826210063,48.254575354532534]]]}"
0000000000000000252f,4711,0,0,0,"{""type"":""Polygon"",""coordinates"":[[[-107.26300282448572,48.254456085614216],[-107.26296846076606,48.25443440573508],[-107.26294084744057,48.254417080722064],[-107.2629141135433,48.25441760982639],[-107.26288018963197,48.25440485698745],[-107.26284008882784,48.25440565061459],[-107.26277016466197,48.2546392853876],[-107.26278362720106,48.254643464484374],[-107.26283753493009,48.25465133343111],[-107.26284462943231,48.25466017179916],[-107.2630380230914,48.25449554830399],[-107.2630378255378,48.25449112043179],[-107.26300282448572,48.254456085614216]]]}"
00000000000000002527,4712,0,0,0,"{""type"":""Polygon"",""coordinates"":[[[-107.26278681863796,48.25441113662388],[-107.26275283745389,48.25439847081239],[-107.26273368861067,48.25442113754468],[-107.26270739441586,48.254430593655385],[-107.26267263598432,48.25440005793989],[-107.26264590217555,48.25440058696715],[-107.26267713081698,48.254654507805576],[-107.26269049781648,48.25465424328484],[-107.26270386481778,48.25465397876221],[-107.26273735563336,48.254653345239554],[-107.26275655551908,48.254635050704664],[-107.26277016466197,48.2546392853876],[-107.26284008882784,48.25440565061459],[-107.26278681863796,48.25441113662388]]]}"
00000000000000002530,4713,0,0,0,"{""type"":""Polygon"",""coordinates"":[[[-107.26264590217555,48.25440058696715],[-107.26259219246118,48.25439714580331],[-107.26250268477992,48.254640060702464],[-107.26252975633118,48.25464847455784],[-107.26254356291093,48.25465713716367],[-107.26259071366464,48.254665110713304],[-107.26267713081698,48.254654507805576],[-107.26264590217555,48.25440058696715]]]}"
00000000000000002543,4714,0,0,0,"{""type"":""Polygon"",""coordinates"":[[[-107.26236706597723,48.254598109885315],[-107.26240789932164,48.25461511506574],[-107.26250268477992,48.254640060702464],[-107.26259219246118,48.25439714580331],[-107.26248511725302,48.254394746834265],[-107.26247860261536,48.25439935048198],[-107.26247233008012,48.25440845332646],[-107.26247252756562,48.25441288119465],[-107.26236706597723,48.254598109885315]],[[-107.26247252756562,48.25441288119465],[-107.26247962191232,48.25442171955382],[-107.26249265119476,48.254412512254135],[-107.26247252756562,48.25441288119465]]]}"
00000000000000002545,4715,0,0,0,"{""type"":""GeometryCollection"",""geometries"":[{""type"":""Point"",""coordinates"":[-107.26247864497833,48.25439937630789]},{""type"":""Polygon"",""coordinates"":[[[-107.26245230844647,48.254408806518306],[-107.26223596869043,48.254506888323824],[-107.26229823758509,48.25455476527024],[-107.26233304031312,48.254585372547844],[-107.26236706597723,48.254598109885315],[-107.26247233008012,48.25440845332646],[-107.26245230844647,48.254408806518306]]]}]}"
00000000000000002548,4716,0,0,0,"{""type"":""MultiPolygon"",""coordinates"":[[[[-107.2624783096316,48.25439047900406],[-107.26247860261536,48.25439935048198],[-107.26248511725302,48.254394746834265],[-107.2624783096316,48.25439047900406]]],[[[-107.26241872246354,48.2544049963181],[-107.26232981535298,48.25436209212988],[-107.26232971987318,48.254357648521136],[-107.26215911659068,48.254432478851584],[-107.26216596877575,48.254436818038315],[-107.2621944540282,48.25447645681271],[-107.26223596869043,48.254506888323824],[-107.26245230844647,48.254408806518306],[-107.26241872246354,48.2544049963181]]]]}"
00000000000000002549,4717,0,0,0,"{""type"":""Polygon"",""coordinates"":[[[-107.26211443666895,48.2543306549495],[-107.26211527105642,48.254348437734826],[-107.26213801855211,48.25441054996449],[-107.26215911659068,48.254432478851584],[-107.26232971987318,48.254357648521136],[-107.26232772607636,48.2543129817622],[-107.26232752860774,48.25430855390163],[-107.26211443666895,48.2543306549495]]]}"
00000000000000002502,4718,0,0,0,"{""type"":""Polygon"",""coordinates"":[[[-107.26229938084121,48.25427785808226],[-107.26229057951811,48.25422892355708],[-107.26210364207478,48.254237053645696],[-107.26211341759299,48.25430828590665],[-107.26211443666895,48.2543306549495],[-107.26232752860774,48.25430855390163],[-107.26229938084121,48.25427785808226]]]}"
00000000000000002541,4719,0,0,0,"{""type"":""Polygon"",""coordinates"":[[[-107.2621193835336,48.254138495795836],[-107.26210242556026,48.25421025678869],[-107.26210364207478,48.254237053645696],[-107.26229057951811,48.25422892355708],[-107.2622827081613,48.25420221540243],[-107.26230860723756,48.25418390375263],[-107.26232139436166,48.25417019734157],[-107.2621193835336,48.254138495795836]]]}"
00000000000000002526,4720,0,0,0,"{""type"":""Polygon"",""coordinates"":[[[-107.26216185828815,48.25403940925833],[-107.26213643688966,48.25407117848421],[-107.2621193835336,48.254138495795836],[-107.26232139436166,48.25417019734157],[-107.2623340286247,48.25415213441385],[-107.2623391290595,48.25411630614981],[-107.26216185828815,48.25403940925833]]]}"
00000000000000002524,4721,0,0,0,"{""type"":""Polygon"",""coordinates"":[[[-107.26221171991843,48.25395803260386],[-107.26218771265023,48.25402102637127],[-107.26216827088662,48.25403482140846],[-107.26216185828815,48.25403940925833],[-107.2623391290595,48.25411630614981],[-107.26234476452733,48.254093848507885],[-107.2623693066872,48.254044225203685],[-107.26239550509425,48.25403032568111],[-107.26221171991843,48.25395803260386]]]}"
00000000000000002528,4722,0,0,0,"{""type"":""Polygon"",""coordinates"":[[[-107.26229546623024,48.253884878365895],[-107.26227602455974,48.25389867338707],[-107.26221147784442,48.25395353344394],[-107.26221171991843,48.25395803260386],[-107.26239550509425,48.25403032568111],[-107.26240843225017,48.25402113420842],[-107.26242146138914,48.254011926991666],[-107.26247895191638,48.25395275909745],[-107.26229546623024,48.253884878365895]]]}"
00000000000000002525,4723,0,0,0,"{""type"":""Polygon"",""coordinates"":[[[-107.26237206069243,48.253802972966625],[-107.26231504798993,48.25387559824083],[-107.26229546623024,48.253884878365895],[-107.26247895191638,48.25395275909745],[-107.26248546646998,48.25394815549066],[-107.26249761637045,48.25392109430925],[-107.26251064546264,48.25391188709897],[-107.2625365442752,48.253893575494764],[-107.26254305881474,48.253888971889566],[-107.26237206069243,48.253802972966625]]]}"
00000000000000002523,4724,0,0,0,"{""type"":""Polygon"",""coordinates"":[[[-107.26246911572213,48.253729641412875],[-107.26246246108946,48.25372973011511],[-107.26237857522332,48.25379836938068],[-107.26237206069243,48.253802972966625],[-107.26254305881474,48.253888971889566],[-107.26261518998292,48.25385624914569],[-107.26263463157724,48.25384245406884],[-107.26246911572213,48.253729641412875]]]}"
0000000000000000251e,4725,0,0,0,"{""type"":""Polygon"",""coordinates"":[[[-107.26258702634617,48.25367373921754],[-107.2625613698272,48.253696549890606],[-107.26251519502947,48.253710873883264],[-107.26250212139591,48.25372000972926],[-107.26246911572213,48.253729641412875],[-107.26263463157724,48.25384245406884],[-107.26264760325626,48.25383333392707],[-107.26271244246502,48.25378734508872],[-107.26258702634617,48.25367373921754]]]}"
00000000000000002522,4726,0,0,0,"{""type"":""Polygon"",""coordinates"":[[[-107.26269828213226,48.25361792566003],[-107.2626387407922,48.25363251419594],[-107.26258702634617,48.25367373921754],[-107.26271244246502,48.25378734508872],[-107.2627253694975,48.25377815361867],[-107.26275720284653,48.253741796565286],[-107.26278417835786,48.253745766663485],[-107.26281013435946,48.25372736797528],[-107.26269828213226,48.25361792566003]]]}"
0000000000000000251d,4727,0,0,0,"{""type"":""Polygon"",""coordinates"":[[[-107.2628166320254,48.253570950230845],[-107.26273760468135,48.2535992625289],[-107.26270499413087,48.25361774986973],[-107.26269828213226,48.25361792566003],[-107.26281013435946,48.25372736797528],[-107.2628952367776,48.25368552499179],[-107.26291487577711,48.25367615771044],[-107.2628166320254,48.253570950230845]]]}"
0000000000000000251c,4728,0,0,0,"{""type"":""Polygon"",""coordinates"":[[[-107.26292778544104,48.253515152269834],[-107.26283627096394,48.25356158298738],[-107.2628166320254,48.253570950230845],[-107.26291487577711,48.25367615771044],[-107.2629411694261,48.25366670169146],[-107.26303400336187,48.253647051559696],[-107.26292778544104,48.253515152269834]]]}"
0000000000000000252d,4729,0,0,0,"{""type"":""Polygon"",""coordinates"":[[[-107.26303948037904,48.25346826539895],[-107.26302013462906,48.25348650398564],[-107.26300676800389,48.25348676853692],[-107.26296735003172,48.253500988200955],[-107.26292778544104,48.253515152269834],[-107.26303400336187,48.253647051559696],[-107.26306690703449,48.253637435441924],[-107.26308649504216,48.253623695918485],[-107.2631451569602,48.2535912532623],[-107.26303948037904,48.25346826539895]]]}"
00000000000000002516,4730,0,0,0,"{""type"":""Polygon"",""coordinates"":[[[-107.26316477758847,48.253430072253245],[-107.2631384841045,48.25343952828701],[-107.26308545736697,48.25344951344129],[-107.26305264943964,48.2534635730572],[-107.26303948037904,48.25346826539895],[-107.2631451569602,48.2535912532623],[-107.26317796500416,48.25357719357794],[-107.26321081765379,48.25356320521388],[-107.26323721321849,48.25355373339111],[-107.26325057990059,48.25355346880598],[-107.26326370437774,48.253548705099426],[-107.26316477758847,48.253430072253245]]]}"
00000000000000002519,4731,0,0,0,"{""type"":""Polygon"",""coordinates"":[[[-107.26328332447598,48.25338752420909],[-107.2632442444018,48.253410686589696],[-107.26320453968074,48.2534203358928],[-107.26316477758847,48.253430072253245],[-107.26326370437774,48.253548705099426],[-107.26333665705658,48.25353392292855],[-107.26338195208619,48.2535017447848],[-107.26328332447598,48.25338752420909]]]}"
00000000000000002533,4732,0,0,0,"{""type"":""Polygon"",""coordinates"":[[[-107.26338159501483,48.25334098872265],[-107.26337508062139,48.25334559233339],[-107.26332244913608,48.25336443315068],[-107.26328332447598,48.25338752420909],[-107.26338195208619,48.2535017447848],[-107.26340129774532,48.25348350612228],[-107.2634533493261,48.2534512234655],[-107.26348669271574,48.253450534134494],[-107.26350637618502,48.25344123810469],[-107.26338159501483,48.25334098872265]]]}"
00000000000000002535,4733,0,0,0,"{""type"":""Polygon"",""coordinates"":[[[-107.26346547884654,48.25327234922538],[-107.26344565522551,48.253277130374556],[-107.26338159501483,48.25334098872265],[-107.26350637618502,48.25344123810469],[-107.26355221288578,48.25341797108209],[-107.26360382444545,48.253376761507766],[-107.26346547884654,48.25327234922538]]]}"
00000000000000002529,4734,0,0,0,"{""type"":""Polygon"",""coordinates"":[[[-107.26356312428643,48.25321230064889],[-107.26350524082038,48.253262612772424],[-107.26346547884654,48.25327234922538],[-107.26360382444545,48.253376761507766],[-107.26366316799025,48.253357744673956],[-107.26366914682343,48.253339770652204],[-107.26368839032422,48.253321547737116],[-107.26370151472435,48.253316783993554],[-107.26356312428643,48.25321230064889]]]}"
0000000000000000252c,4735,0,0,0,"{""type"":""GeometryCollection"",""geometries"":[{""type"":""LineString"",""coordinates"":[[-107.26366790688736,48.25316113590097],[-107.26366770982156,48.2531566735207]]},{""type"":""Polygon"",""coordinates"":[[[-107.2636679086404,48.25316116143025],[-107.26363476308232,48.25316627857322],[-107.26359539645144,48.253184870578714],[-107.26356312428643,48.25321230064889],[-107.26370151472435,48.253316783993554],[-107.26376061591506,48.253293268028095],[-107.26380649701468,48.253270072281516],[-107.26381962139811,48.25326530852688],[-107.2636679086404,48.25316116143025]]]}]}"
00000000000000002514,4736,0,0,0,"{""type"":""Polygon"",""coordinates"":[[[-107.26377916252997,48.253105347208916],[-107.26377284585364,48.25311437857723],[-107.2637258938052,48.25311083356722],[-107.26366766638134,48.25315666234639],[-107.26381962139811,48.25326530852688],[-107.2638325927416,48.253256188332955],[-107.2638585481605,48.25323778954626],[-107.26388450356029,48.253219390759426],[-107.26391045894093,48.253200991972456],[-107.26377916252997,48.253105347208916]]]}"
0000000000000000250a,4737,0,0,0,"{""type"":""Polygon"",""coordinates"":[[[-107.26388326428304,48.253040781973965],[-107.26381153018332,48.253082360621214],[-107.26377916252997,48.253105347208916],[-107.26391045894093,48.253200991972456],[-107.26393635693627,48.2531826802573],[-107.26394972358389,48.25318241557758],[-107.26400143656382,48.25314119024186],[-107.26388326428304,48.253040781973965]]]}"
00000000000000002507,4738,0,0,0,"{""type"":""Polygon"",""coordinates"":[[[-107.26398766544905,48.252980628706354],[-107.26392214615328,48.253013191764765],[-107.26388326428304,48.253040781973965],[-107.26400143656382,48.25314119024186],[-107.26401436322193,48.25313199871995],[-107.26409912597546,48.25308121261198],[-107.26398766544905,48.252980628706354]]]}"
00000000000000002532,4739,0,0,0,"{""type"":""Polygon"",""coordinates"":[[[-107.26409234704266,48.252929505013306],[-107.26407937584771,48.252938625182296],[-107.264060177293,48.25295691936191],[-107.26400083435004,48.25297593628185],[-107.26398766544905,48.252980628706354],[-107.26409912597546,48.25308121261198],[-107.2641511321346,48.253048858516244],[-107.2641914743542,48.25305256345674],[-107.2642172318397,48.25302973690582],[-107.26409234704266,48.252929505013306]]]}"
00000000000000002564,4740,0,0,0,"{""type"":""Polygon"",""coordinates"":[[[-107.26418371925529,48.252878558899056],[-107.26417706465203,48.252878647717935],[-107.26415708810042,48.25287907256929],[-107.26410537559832,48.252920297772675],[-107.26409234704266,48.252929505013306],[-107.2642172318397,48.25302973690582],[-107.2642624301654,48.25299311519181],[-107.2642753567413,48.25298392366255],[-107.26428794524564,48.25296578958511],[-107.26431404070732,48.25295190559222],[-107.26418371925529,48.252878558899056]]]}"
00000000000000002508,4741,0,0,0,"{""type"":""Polygon"",""coordinates"":[[[-107.26424724200947,48.25280133037034],[-107.26424072776189,48.252805933989194],[-107.26424150586307,48.25282380328826],[-107.26424214361786,48.25283715779435],[-107.26418999119397,48.25286945622088],[-107.26418371925529,48.252878558899056],[-107.26431404070732,48.25295190559222],[-107.26433979807655,48.25292907905475],[-107.26438519393884,48.25289688508889],[-107.264404634721,48.25288308992422],[-107.26424724200947,48.25280133037034]]]}"
00000000000000002566,4742,0,0,0,"{""type"":""Polygon"",""coordinates"":[[[-107.26433136607429,48.25273718991396],[-107.26429929232944,48.252769047702884],[-107.26424724200947,48.25280133037034],[-107.264404634721,48.25288308992422],[-107.26441780359475,48.252878397451866],[-107.26449503073523,48.252809846542824],[-107.26433136607429,48.25273718991396]]]}"
00000000000000002538,4743,0,0,0,"{""type"":""Polygon"",""coordinates"":[[[-107.26439478636867,48.25265997725143],[-107.26437632160977,48.25269606931905],[-107.26435668320212,48.25270543671089],[-107.26433136607429,48.25273718991396],[-107.26449503073523,48.252809846542824],[-107.26452808040966,48.25280028567177],[-107.26456578804607,48.25274597062691],[-107.26457205989215,48.25273686794891],[-107.26439478636867,48.25265997725143]]]}"
00000000000000002504,4744,0,0,0,"{""type"":""Polygon"",""coordinates"":[[[-107.26443881044358,48.25259663108389],[-107.2644332721812,48.25262353163085],[-107.26439478636867,48.25265997725143],[-107.26457205989215,48.25273686794891],[-107.26459815516074,48.25272298394374],[-107.26462391226379,48.25270015743549],[-107.26464223643848,48.25265955054026],[-107.26466128152045,48.25263689997233],[-107.26443881044358,48.25259663108389]]]}"
00000000000000002588,4745,0,0,0,"{""type"":""Polygon"",""coordinates"":[[[-107.26470306601765,48.252524389567014],[-107.26444254992181,48.25252949311248],[-107.26445669462026,48.25254709757082],[-107.26443881044358,48.25259663108389],[-107.26466128152045,48.25263689997233],[-107.26469355272634,48.252609469855486],[-107.26471231074557,48.25258224894562],[-107.26470306601765,48.252524389567014]]]}"
00000000000000002590,4746,0,0,0,"{""type"":""Polygon"",""coordinates"":[[[-107.26469328536757,48.25245316009904],[-107.26465770327793,48.252404685780554],[-107.26441366736546,48.25248100111466],[-107.26442820750196,48.25250746095866],[-107.26444254992181,48.25252949311248],[-107.26470306601765,48.252524389567014],[-107.26469328536757,48.25245316009904]]]}"
000000000000000024e8,4747,0,0,0,"{""type"":""Polygon"",""coordinates"":[[[-107.26462979651724,48.25237849079425],[-107.2645883383475,48.25234797449198],[-107.26456704160569,48.252321619343036],[-107.26447989505496,48.252314425574575],[-107.26438547382821,48.25245023566967],[-107.26440559680265,48.25244986635861],[-107.26441366736546,48.25248100111466],[-107.26465770327793,48.252404685780554],[-107.26462979651724,48.25237849079425]]]}"
000000000000000024ee,4748,0,0,0,"{""type"":""Polygon"",""coordinates"":[[[-107.26442618706808,48.25231098552806],[-107.26440552832379,48.25229798472447],[-107.26438511195131,48.25228948292477],[-107.26429859722698,48.25230010252937],[-107.26431222942558,48.252456147154476],[-107.26433225040266,48.252455793604575],[-107.26438547382821,48.25245023566967],[-107.26447989505496,48.252314425574575],[-107.26442618706808,48.25231098552806]]]}"
000000000000000024ef,4749,0,0,0,"{""type"":""Polygon"",""coordinates"":[[[-107.26429859722698,48.25230010252937],[-107.26419886277043,48.252311042342086],[-107.26415200718549,48.25231194100408],[-107.26419261391989,48.25247195531674],[-107.2642192447923,48.252471441647764],[-107.26426527786865,48.252452602439746],[-107.26431222942558,48.252456147154476],[-107.26429859722698,48.25230010252937]]]}"
00000000000000002503,4750,0,0,0,"{""type"":""Polygon"",""coordinates"":[[[-107.26415200718549,48.25231194100408],[-107.26409193187092,48.25231315991238],[-107.26400561497621,48.25232820693966],[-107.2640866582927,48.252496369787494],[-107.26415912455602,48.25247258928394],[-107.26418605511118,48.252476487576246],[-107.26419261391989,48.25247195531674],[-107.26415200718549,48.25231194100408]]]}"
00000000000000002505,4751,0,0,0,"{""type"":""Polygon"",""coordinates"":[[[-107.26400561497621,48.25232820693966],[-107.2639791245856,48.252333235300604],[-107.2638861978387,48.25234844235217],[-107.26386651498832,48.25235773825229],[-107.26396733623648,48.252521048827774],[-107.26398697455468,48.25251168155043],[-107.26405360894603,48.25250593044348],[-107.2640866582927,48.252496369787494],[-107.26400561497621,48.25232820693966]]]}"
00000000000000002509,4752,0,0,0,"{""type"":""Polygon"",""coordinates"":[[[-107.26386651498832,48.25235773825229],[-107.26380775330288,48.252390196282214],[-107.2637416994805,48.25240938867353],[-107.26385496834989,48.25255005089792],[-107.26386809247025,48.252545287208086],[-107.26395416750341,48.25252574120313],[-107.26396733623648,48.252521048827774],[-107.26386651498832,48.25235773825229]]]}"
000000000000000024fd,4753,0,0,0,"{""type"":""Polygon"",""coordinates"":[[[-107.2637416994805,48.25240938867353],[-107.26370884790148,48.25242337688728],[-107.26365737810902,48.252469100508264],[-107.26364420940145,48.252473792835865],[-107.26374327630523,48.25259693783093],[-107.26385496834989,48.25255005089792],[-107.2637416994805,48.25240938867353]]]}"
00000000000000002510,4754,0,0,0,"{""type"":""Polygon"",""coordinates"":[[[-107.26364420940145,48.252473792835865],[-107.26357781756143,48.25248404267443],[-107.26353164418734,48.252498366791734],[-107.26351176361788,48.252503234944676],[-107.26363164147753,48.25264373760848],[-107.26367120514816,48.25262957350603],[-107.26371042455307,48.252610926099145],[-107.26374327630523,48.25259693783093],[-107.26364420940145,48.252473792835865]]]}"
00000000000000002506,4755,0,0,0,"{""type"":""Polygon"",""coordinates"":[[[-107.26351176361788,48.252503234944676],[-107.26348566842255,48.25251711859521],[-107.26347205984217,48.252512884169064],[-107.26339993146975,48.25254560665559],[-107.26339351921132,48.252550194450066],[-107.263520293364,48.252695107672544],[-107.2635467839442,48.25269007939898],[-107.26359951644156,48.2526712229785],[-107.26362522921295,48.25264832542708],[-107.26363164147753,48.25264373760848],[-107.26351176361788,48.252503234944676]]]}"
0000000000000000250c,4756,0,0,0,"{""type"":""Polygon"",""coordinates"":[[[-107.26339351921132,48.252550194450066],[-107.26335395564514,48.25256435841425],[-107.26332800062742,48.25258275682045],[-107.26327497507569,48.25259274188778],[-107.2633734605509,48.252702446014574],[-107.2633933412171,48.252697577869505],[-107.26343344040896,48.25269678407784],[-107.26346682773152,48.25269616610712],[-107.26348680403845,48.252695741406995],[-107.263520293364,48.252695107672544],[-107.26339351921132,48.252550194450066]]]}"
00000000000000002518,4757,0,0,0,"{""type"":""Polygon"",""coordinates"":[[[-107.26327497507569,48.25259274188778],[-107.2632486822022,48.25260219778673],[-107.26320173112116,48.252598652530224],[-107.26318185052666,48.252603520624724],[-107.26321491873186,48.25274577153534],[-107.2632549159149,48.25274499356253],[-107.26327445877112,48.25273118291946],[-107.2633734605509,48.252702446014574],[-107.26327497507569,48.25259274188778]]]}"
00000000000000002513,4758,0,0,0,"{""type"":""Polygon"",""coordinates"":[[[-107.26318185052666,48.252603520624724],[-107.26315551303092,48.252612905174],[-107.26310238550664,48.252622905895734],[-107.2630490222003,48.252623948343356],[-107.26308179030204,48.252761787385644],[-107.26317457737971,48.25274206618411],[-107.26321491873186,48.25274577153534],[-107.26318185052666,48.252603520624724]]]}"
00000000000000002517,4759,0,0,0,"{""type"":""Polygon"",""coordinates"":[[[-107.2630490222003,48.252623948343356],[-107.26299555693839,48.252625006504765],[-107.26294242944827,48.25263500713944],[-107.26291589438769,48.25263996391121],[-107.2629483242124,48.252768860526324],[-107.26296844705118,48.25276849151761],[-107.26304864524224,48.25276690427511],[-107.26308179030204,48.252761787385644],[-107.2630490222003,48.252623948343356]]]}"
00000000000000002515,4760,0,0,0,"{""type"":""Polygon"",""coordinates"":[[[-107.26291589438769,48.25263996391121],[-107.2628162556958,48.25265534581609],[-107.26278291325882,48.252656034879834],[-107.26281554012051,48.252789359322094],[-107.26284183311455,48.25277990350526],[-107.2629483242124,48.252768860526324],[-107.26291589438769,48.25263996391121]]]}"
0000000000000000251a,4761,0,0,0,"{""type"":""Polygon"",""coordinates"":[[[-107.26278291325882,48.252656034879834],[-107.26264239844895,48.252654340838845],[-107.26268960808416,48.252814196961936],[-107.26275575796222,48.252799448610126],[-107.26281554012051,48.252789359322094],[-107.26278291325882,48.252656034879834]]]}"
0000000000000000251b,4762,0,0,0,"{""type"":""Polygon"",""coordinates"":[[[-107.26264239844895,48.252654340838845],[-107.2625619587228,48.25265142867665],[-107.26250855426865,48.25280436941405],[-107.26254199872656,48.25280366469896],[-107.26256906900267,48.25281207828387],[-107.26261621747335,48.25282005160111],[-107.26266307293425,48.25281915368289],[-107.26268960808416,48.252814196961936],[-107.26264239844895,48.252654340838845]]]}"
0000000000000000251f,4763,0,0,0,"{""type"":""Polygon"",""coordinates"":[[[-107.26255534889347,48.252651588705376],[-107.26247369240511,48.25262188042802],[-107.2623599706356,48.25277153980577],[-107.26236702005697,48.252780306580334],[-107.26246199838337,48.252809679244486],[-107.26250855426865,48.25280436941405],[-107.2625619587228,48.25265142867665],[-107.26255534889347,48.252651588705376]]]}"
00000000000000002520,4764,0,0,0,"{""type"":""Polygon"",""coordinates"":[[[-107.26241949487473,48.25260514031883],[-107.26238513332115,48.252583460933714],[-107.26223694793568,48.252711456352905],[-107.26227865830144,48.252746314605986],[-107.26231248482847,48.25275462383207],[-107.26232614406499,48.25276323059485],[-107.26235331618271,48.25277162849427],[-107.2623599706356,48.25277153980577],[-107.26247369240511,48.25262188042802],[-107.26241949487473,48.25260514031883]]]}"
00000000000000002521,4765,0,0,0,"{""type"":""Polygon"",""coordinates"":[[[-107.26234425751993,48.25256638501458],[-107.26232316027539,48.25254445692064],[-107.26213258971403,48.25261970887077],[-107.26214736997281,48.25265066822791],[-107.26218148927659,48.25266784867927],[-107.26223694793568,48.252711456352905],[-107.26238513332115,48.252583460933714],[-107.26234425751993,48.25256638501458]]]}"
000000000000000024fc,4766,0,0,0,"{""type"":""Polygon"",""coordinates"":[[[-107.26228738466962,48.25249155383158],[-107.26228684960832,48.252478183638324],[-107.26208821098393,48.25252230036551],[-107.26209015999717,48.25256689429682],[-107.2621182043898,48.25259760496434],[-107.26213258971403,48.25261970887077],[-107.26232316027539,48.25254445692064],[-107.26228738466962,48.25249155383158]]]}"
0000000000000000254d,4767,0,0,0,"{""type"":""Polygon"",""coordinates"":[[[-107.26227206926411,48.25244722440565],[-107.26226424278384,48.252420588467785],[-107.26207711708196,48.25242429029048],[-107.2620860199027,48.2524732074371],[-107.26208723647703,48.252500003413935],[-107.26208821098393,48.25252230036551],[-107.26228684960832,48.252478183638324],[-107.26228665213195,48.25247375593126],[-107.26227206926411,48.25244722440565]]]}"
00000000000000002501,4768,0,0,0,"{""type"":""Polygon"",""coordinates"":[[[-107.26225563917251,48.25237608334797],[-107.26225422499593,48.252344859742784],[-107.26210642087584,48.2523298991398],[-107.26209480637668,48.252370329613825],[-107.26207634002967,48.2524064210821],[-107.26207711708196,48.25242429029048],[-107.26226424278384,48.252420588467785],[-107.26225563917251,48.25237608334797]]]}"
000000000000000024fe,4769,0,0,0,"{""type"":""Polygon"",""coordinates"":[[[-107.2621350875115,48.252222153764926],[-107.2621301847982,48.25226240841991],[-107.26211759581724,48.25228054198577],[-107.26210642087584,48.2523298991398],[-107.26225422499593,48.252344859742784],[-107.2622539829071,48.2523403607204],[-107.26227998257941,48.25232203401396],[-107.26228581517297,48.25230400483771],[-107.2621350875115,48.252222153764926]]]}"
00000000000000002511,4770,0,0,0,"{""type"":""Polygon"",""coordinates"":[[[-107.26224589927992,48.25215741568561],[-107.26220677576953,48.25218050575006],[-107.26214062720675,48.25219525351806],[-107.2621350875115,48.252222153764926],[-107.26228581517297,48.25230400483771],[-107.26229844872012,48.25228594256926],[-107.26233179065271,48.252285253691305],[-107.26236527919514,48.25228462038435],[-107.26238408286046,48.25225747139624],[-107.26224589927992,48.25215741568561]]]}"
00000000000000002512,4771,0,0,0,"{""type"":""Polygon"",""coordinates"":[[[-107.26235063616531,48.25210620766903],[-107.26228502275728,48.25213432561611],[-107.26224589927992,48.25215741568561],[-107.26238408286046,48.25225747139624],[-107.26241611245963,48.25222554321664],[-107.26244230950988,48.25221164419298],[-107.2624882402559,48.25219282168134],[-107.26235063616531,48.25210620766903]]]}"
0000000000000000250d,4772,0,0,0,"{""type"":""Polygon"",""coordinates"":[[[-107.26243461989556,48.25203755498199],[-107.262363804711,48.25210151555547],[-107.26235063616531,48.25210620766903],[-107.2624882402559,48.25219282168134],[-107.2625536562559,48.25216027588232],[-107.26258548816244,48.25212392003304],[-107.26243461989556,48.25203755498199]]]}"
0000000000000000250f,4773,0,0,0,"{""type"":""Polygon"",""coordinates"":[[[-107.26251164957131,48.25196457909166],[-107.2625054730386,48.251978124915134],[-107.26249308180348,48.25200068609272],[-107.26243442239819,48.2520331273126],[-107.26243461989556,48.25203755498199],[-107.26258548816244,48.25212392003304],[-107.262643854624,48.25208260757341],[-107.26267612606928,48.25205517841546],[-107.26251164957131,48.25196457909166]]]}"
0000000000000000250e,4774,0,0,0,"{""type"":""Polygon"",""coordinates"":[[[-107.26258881914677,48.25189611797224],[-107.26257001579825,48.25192326680716],[-107.26252462055942,48.251955459307396],[-107.26251164957131,48.25196457909166],[-107.26267612606928,48.25205517841546],[-107.26270815532946,48.25202325026902],[-107.26273313513501,48.251982555515404],[-107.26275271582911,48.251973275661456],[-107.26275237812224,48.25196433326788],[-107.26258881914677,48.25189611797224]]]}"
0000000000000000250b,4775,0,0,0,"{""type"":""Polygon"",""coordinates"":[[[-107.26265234219593,48.251818891923534],[-107.26264009125046,48.25184596777013],[-107.26260792197122,48.25187338105948],[-107.26258881914677,48.25189611797224],[-107.26275237812224,48.25196433326788],[-107.26276496675942,48.25194619973579],[-107.26281779366064,48.251931787441066],[-107.26284374829514,48.25191338940861],[-107.26285691678015,48.25190869724605],[-107.26285647706456,48.25189977060814],[-107.26265234219593,48.251818891923534]]]}"
000000000000000024eb,4776,0,0,0,"{""type"":""Polygon"",""coordinates"":[[[-107.26270244169113,48.2517420175034],[-107.2626902927882,48.25176907757204],[-107.26265234219593,48.251818891923534],[-107.26285647706456,48.25189977060814],[-107.26286853035243,48.251868267055805],[-107.26291916490621,48.251804762467636],[-107.26291902471385,48.251800247751206],[-107.26270244169113,48.2517420175034]]]}"
000000000000000024ea,4777,0,0,0,"{""type"":""Polygon"",""coordinates"":[[[-107.26274544701651,48.25165630528525],[-107.26272124486528,48.251714868739896],[-107.26270244169113,48.2517420175034],[-107.26291902471385,48.251800247751206],[-107.2629168324585,48.25175115554084],[-107.26291565985979,48.25172443129483],[-107.26293510021031,48.25171063674396],[-107.26274544701651,48.25165630528525]]]}"
000000000000000024fb,4778,0,0,0,"{""type"":""Polygon"",""coordinates"":[[[-107.26279520839365,48.251570488736064],[-107.26278869430327,48.251575092145444],[-107.26277683862102,48.25161102314363],[-107.26274500732502,48.25164737868876],[-107.26274544701651,48.25165630528525],[-107.26293510021031,48.25171063674396],[-107.2629416143187,48.2517060333124],[-107.26295312574204,48.251665619014624],[-107.26297149539155,48.251625084534645],[-107.26279520839365,48.251570488736064]]]}"
000000000000000024f6,4779,0,0,0,"{""type"":""Polygon"",""coordinates"":[[[-107.26288560249648,48.251497248733244],[-107.26287884625333,48.25149735319481],[-107.262846677393,48.25152476637306],[-107.26279520839365,48.251570488736064],[-107.26297149539155,48.251625084534645],[-107.26297756973297,48.25161155452059],[-107.26303535517738,48.25155680097496],[-107.26288560249648,48.251497248733244]]]}"
000000000000000024f1,4780,0,0,0,"{""type"":""Polygon"",""coordinates"":[[[-107.26294858264609,48.25141111228894],[-107.26294231077308,48.251420214633725],[-107.26291601877338,48.25142967021011],[-107.26290382550647,48.251456658814924],[-107.26288560249648,48.251497248733244],[-107.26303535517738,48.25155680097496],[-107.2630547954153,48.25154300644638],[-107.26308035455078,48.25151575324775],[-107.26310606662,48.2514928563527],[-107.26294858264609,48.25141111228894]]]}"
000000000000000024fa,4781,0,0,0,"{""type"":""GeometryCollection"",""geometries"":[{""type"":""LineString"",""coordinates"":[[-107.26294862799494,48.25141112703457],[-107.26295530968095,48.25141099547325]]},{""type"":""Polygon"",""coordinates"":[[[-107.26301875851138,48.25133379801932],[-107.2630058324222,48.251342989080726],[-107.26300680753164,48.25136528552057],[-107.26298041358886,48.251374756847504],[-107.26296748748044,48.25138394791135],[-107.2629682649984,48.25140181675572],[-107.26295533887863,48.25141100782291],[-107.26310606662,48.2514928563527],[-107.2631187951705,48.25147923763117],[-107.26317604486104,48.251411114236014],[-107.26301875851138,48.25133379801932]]]}]}"
000000000000000024f0,4782,0,0,0,"{""type"":""Polygon"",""coordinates"":[[[-107.26308893412292,48.251256483817706],[-107.26308242010667,48.25126108721784],[-107.26307002942625,48.251283648150334],[-107.26303844081859,48.25132450248641],[-107.26301875851138,48.25133379801932],[-107.26317604486104,48.251411114236014],[-107.26319548499539,48.251397319719544],[-107.26322765360348,48.25136990649683],[-107.26326036397624,48.251351404073965],[-107.26326677601938,48.251346816397685],[-107.26308893412292,48.251256483817706]]]}"
000000000000000024f4,4783,0,0,0,"{""type"":""Polygon"",""coordinates"":[[[-107.26317325291954,48.251196773914565],[-107.26316698112747,48.25120587623514],[-107.26308893412292,48.251256483817706],[-107.26326677601938,48.251346816397685],[-107.26327329004232,48.251342212977434],[-107.26331217019288,48.25131462394365],[-107.26332456077198,48.25129206296929],[-107.26334356097337,48.25126934192987],[-107.26335007497781,48.25126473851161],[-107.26317325291954,48.251196773914565]]]}"
000000000000000024e7,4784,0,0,0,"{""type"":""Polygon"",""coordinates"":[[[-107.26327715172474,48.25112778420938],[-107.26319225312666,48.25117405294581],[-107.26317325291954,48.251196773914565],[-107.26335007497781,48.25126473851161],[-107.26338899963476,48.251237220814204],[-107.26344070998283,48.25119599736129],[-107.26327715172474,48.25112778420938]]]}"
000000000000000024e9,4785,0,0,0,"{""type"":""Polygon"",""coordinates"":[[[-107.26332710894759,48.25104639586773],[-107.26332176790702,48.25107772315744],[-107.26328386331274,48.251127608397304],[-107.26344070998283,48.25119599736129],[-107.26346646630893,48.251173171841316],[-107.26347861451204,48.251146111996746],[-107.26350481067249,48.25113221298915],[-107.26351098041057,48.2511231264052],[-107.26332710894759,48.25104639586773]]]}"
000000000000000024de,4786,0,0,0,"{""type"":""Polygon"",""coordinates"":[[[-107.26338347792647,48.25096041998186],[-107.26334455357903,48.25098793752534],[-107.26332710894759,48.25104639586773],[-107.26351098041057,48.2511231264052],[-107.26351709910845,48.25110966781594],[-107.26358800681574,48.25105015099461],[-107.26338347792647,48.25096041998186]]]}"
000000000000000024ed,4787,0,0,0,"{""type"":""Polygon"",""coordinates"":[[[-107.2634468004581,48.25087876727786],[-107.26341574803166,48.2509329911906],[-107.26340272015318,48.250942197975014],[-107.26338347792647,48.25096041998186],[-107.26358800681574,48.25105015099461],[-107.2636137629833,48.25102732550201],[-107.26362561772225,48.25099139482045],[-107.26363776575792,48.250964335052885],[-107.2634468004581,48.25087876727786]]]}"
000000000000000024e4,4788,0,0,0,"{""type"":""Polygon"",""coordinates"":[[[-107.26351707021446,48.25080589677087],[-107.26349199631893,48.250842147476305],[-107.26345297015791,48.25086968074209],[-107.2634468004581,48.25087876727786],[-107.26363776575792,48.250964335052885],[-107.26363752348955,48.250959836155815],[-107.26367664537148,48.25093674608204],[-107.26370186580942,48.25090055084442],[-107.26371479166156,48.25089135977215],[-107.26351707021446,48.25080589677087]]]}"
000000000000000024df,4789,0,0,0,"{""type"":""Polygon"",""coordinates"":[[[-107.26356804663132,48.25074687630992],[-107.26356270584866,48.25077820342929],[-107.26351687257711,48.250801469210224],[-107.26351707021446,48.25080589677087],[-107.26371479166156,48.25089135977215],[-107.26376630364776,48.2508457088676],[-107.26379059941702,48.250791589465706],[-107.26379050372617,48.25078714616335],[-107.26356804663132,48.25074687630992]]]}"
000000000000000024e6,4790,0,0,0,"{""type"":""Polygon"",""coordinates"":[[[-107.26359160932942,48.25067495978687],[-107.26358529309482,48.25068399071718],[-107.26358019460284,48.25071981667619],[-107.26360041213351,48.250723890871576],[-107.26356780437031,48.25074237743095],[-107.26356804663132,48.25074687630992],[-107.26379050372617,48.25078714616335],[-107.26380362719912,48.25078238265731],[-107.26380221161962,48.250751160050136],[-107.26381221052813,48.25067508055175],[-107.26359160932942,48.25067495978687]]]}"
000000000000000024e0,4791,0,0,0,"{""type"":""Polygon"",""coordinates"":[[[-107.26379753120318,48.25064410688797],[-107.26379631329479,48.25061731190567],[-107.26379553534883,48.250599443343575],[-107.26376009662194,48.25055548491757],[-107.26358863823776,48.25060800009093],[-107.26359549003948,48.25061233887206],[-107.26359626788708,48.25063020744262],[-107.26359788094413,48.25066585753433],[-107.26359160932942,48.25067495978687],[-107.26381221052813,48.25067508055175],[-107.26381207021595,48.25067056593596],[-107.26379753120318,48.25064410688797]]]}"
000000000000000024dc,4792,0,0,0,"{""type"":""Polygon"",""coordinates"":[[[-107.26375304713041,48.25054671861533],[-107.26373083386082,48.250497981002624],[-107.26367605777199,48.250467801244696],[-107.26349920170506,48.250551730218426],[-107.26351310289509,48.25056483532586],[-107.26358863823776,48.25060800009093],[-107.26376009662194,48.25055548491757],[-107.26375304713041,48.25054671861533]]]}"
000000000000000024e3,4793,0,0,0,"{""type"":""Polygon"",""coordinates"":[[[-107.26360052252241,48.250424636660306],[-107.26353923289058,48.25039906021404],[-107.2634301805067,48.25050396206777],[-107.26348481602251,48.2505296273889],[-107.26349920170506,48.250551730218426],[-107.26367605777199,48.250467801244696],[-107.26360052252241,48.250424636660306]]]}"
000000000000000024e1,4794,0,0,0,"{""type"":""Polygon"",""coordinates"":[[[-107.26353238113651,48.250394721445176],[-107.26347716558635,48.250355615251685],[-107.26344294522566,48.250338451731146],[-107.26333375262733,48.25043883875627],[-107.26337560246023,48.250478209658226],[-107.26342332875565,48.25049962328245],[-107.2634301805067,48.25050396206777],[-107.26353923289058,48.25039906021404],[-107.26353238113651,48.250394721445176]]]}"
000000000000000024dd,4795,0,0,0,"{""type"":""Polygon"",""coordinates"":[[[-107.26340207082022,48.25032137695069],[-107.2634017329287,48.250312434843],[-107.2633810758192,48.25029943426825],[-107.26336022110652,48.25028200617385],[-107.2633535670284,48.250282094918],[-107.2632175414272,48.25038302655389],[-107.26325841572853,48.2504001014354],[-107.26327236136099,48.250413277867814],[-107.26333375262733,48.25043883875627],[-107.26344294522566,48.250338451731146],[-107.26340207082022,48.25032137695069]]]}"
000000000000000024db,4796,0,0,0,"{""type"":""Polygon"",""coordinates"":[[[-107.26326564259737,48.25026149071558],[-107.26323108464655,48.250235385047255],[-107.26311474083322,48.250327021060386],[-107.2631626642513,48.25035286228963],[-107.2632175414272,48.25038302655389],[-107.2633535670284,48.250282094918],[-107.26326564259737,48.25026149071558]]]}"
000000000000000024e5,4797,0,0,0,"{""type"":""Polygon"",""coordinates"":[[[-107.26318238363024,48.250191675471186],[-107.26313479821282,48.25017477641153],[-107.26301204263646,48.25027099976214],[-107.26302550370612,48.25027517851757],[-107.26303930895692,48.25028384037055],[-107.26306681750565,48.250301179817534],[-107.2630943260877,48.25031851926146],[-107.26311474083322,48.250327021060386],[-107.26323108464655,48.250235385047255],[-107.26318238363024,48.250191675471186]]]}"
000000000000000024f7,4798,0,0,0,"{""type"":""Polygon"",""coordinates"":[[[-107.26311438353822,48.25016627463952],[-107.26305285278121,48.250136199150255],[-107.263032195966,48.25012319853626],[-107.26302534435757,48.25011885975012],[-107.26288975875163,48.25022871695751],[-107.26297150648399,48.25026286691019],[-107.26301204263646,48.25027099976214],[-107.26313479821282,48.25017477641153],[-107.26311438353822,48.25016627463952]]]}"
000000000000000024c8,4799,0,0,0,"{""type"":""Polygon"",""coordinates"":[[[-107.26295078620134,48.25009799079491],[-107.26293688545483,48.25008488571038],[-107.26292327788319,48.250080651375384],[-107.26290961934,48.250072045115914],[-107.2627672777567,48.25018200650719],[-107.26278793444862,48.25019500719572],[-107.26280859115933,48.250208007882534],[-107.26283532199017,48.25020747892738],[-107.26288975875163,48.25022871695751],[-107.26302534435757,48.25011885975012],[-107.26295078620134,48.25009799079491]]]}"
000000000000000024f5,4800,0,0,0,"{""type"":""Polygon"",""coordinates"":[[[-107.2628955720313,48.2500588844512],[-107.26285450085965,48.25003738200773],[-107.26283924275369,48.2499929676622],[-107.2626706549922,48.250112455351506],[-107.26273903669554,48.250146869897925],[-107.2627397695224,48.25016466700546],[-107.2627672777567,48.25018200650719],[-107.26290961934,48.250072045115914],[-107.2628955720313,48.2500588844512]]]}"
0000000000000000246d,4801,0,0,0,"{""type"":""Polygon"",""coordinates"":[[[-107.26281065757843,48.24995334812553],[-107.2627962216467,48.24992687351336],[-107.26277556508943,48.24991387288902],[-107.26257412823175,48.250047347423155],[-107.26258802878124,48.25006045255589],[-107.2626706549922,48.250112455351506],[-107.26283924275369,48.2499929676622],[-107.262839045193,48.24998854016619],[-107.26281065757843,48.24995334812553]]]}"
00000000000000002470,4802,0,0,0,"{""type"":""GeometryCollection"",""geometries"":[{""type"":""LineString"",""coordinates"":[[-107.2624907938599,48.24997753788084],[-107.26249747536126,48.249977406349025]]},{""type"":""Polygon"",""coordinates"":[[[-107.26274785948421,48.24989210598452],[-107.26267349969844,48.24987566436927],[-107.26265979670774,48.24986698678052],[-107.26249748099401,48.249977371797236],[-107.26251813742282,48.249990372500235],[-107.26251206327105,48.25000390206622],[-107.26253957121769,48.25002124158782],[-107.26257412823175,48.250047347423155],[-107.26277556508943,48.24991387288902],[-107.26274785948421,48.24989210598452]]]}]}"
0000000000000000246c,4803,0,0,0,"{""type"":""Polygon"",""coordinates"":[[[-107.26264603636291,48.24985839625663],[-107.26258470432236,48.24983274809599],[-107.26256385040847,48.249815319962],[-107.26250961213518,48.24979850936985],[-107.26242194904738,48.24993420660193],[-107.26244284753622,48.24995170612992],[-107.26245665244878,48.2499603680223],[-107.26247035539313,48.24996904565653],[-107.26249076966967,48.24997754754385],[-107.26265979670774,48.24986698678052],[-107.26264603636291,48.24985839625663]]]}"
00000000000000002471,4804,0,0,0,"{""type"":""Polygon"",""coordinates"":[[[-107.26249624691263,48.24979877379611],[-107.26240944630482,48.249800520310515],[-107.26238271588858,48.249801049132564],[-107.26235554585972,48.24979265165954],[-107.26230686322488,48.24990074514586],[-107.26232688239263,48.24990039207691],[-107.2623477361838,48.24991782029347],[-107.2624082907472,48.249925600288805],[-107.26242194904738,48.24993420660193],[-107.26250961213518,48.24979850936985],[-107.26249624691263,48.24979877379611]]]}"
00000000000000002474,4805,0,0,0,"{""type"":""Polygon"",""coordinates"":[[[-107.26232847782715,48.24978423843727],[-107.26226121229008,48.24977663413341],[-107.26223414431873,48.24976822088555],[-107.26222738843792,48.24976832528869],[-107.26216635959577,48.24989905021307],[-107.26227342147023,48.24990144967189],[-107.26229349799429,48.2499010095446],[-107.26230686322488,48.24990074514586],[-107.26235554585972,48.24979265165954],[-107.26232847782715,48.24978423843727]]]}"
0000000000000000246f,4806,0,0,0,"{""type"":""Polygon"",""coordinates"":[[[-107.2621740297384,48.24976936707718],[-107.2621205690919,48.24977042457745],[-107.26210559228615,48.24973503939797],[-107.2620378072802,48.249865868559944],[-107.26207810029943,48.24986950295856],[-107.2621394317012,48.24989515147672],[-107.26216635959577,48.24989905021307],[-107.26222738843792,48.24976832528869],[-107.2621740297384,48.24976936707718]]]}"
00000000000000002478,4807,0,0,0,"{""type"":""Polygon"",""coordinates"":[[[-107.26209145000756,48.24971743546684],[-107.26201753093729,48.24970991964335],[-107.2619769005701,48.24969734320768],[-107.26191576918346,48.24982808355402],[-107.26195630416201,48.24983621681454],[-107.26199746967455,48.249862162820826],[-107.2620378072802,48.249865868559944],[-107.26210559228615,48.24973503939797],[-107.26209145000756,48.24971743546684]]]}"
00000000000000002469,4808,0,0,0,"{""type"":""Polygon"",""coordinates"":[[[-107.26193627024843,48.249684766756644],[-107.2618487888726,48.24967308767016],[-107.26179348945048,48.24978579960197],[-107.26182046173848,48.24978976975599],[-107.26188870135847,48.24981967019691],[-107.26191576918346,48.24982808355402],[-107.2619769005701,48.24969734320768],[-107.26193627024843,48.249684766756644]]]}"
0000000000000000246a,4809,0,0,0,"{""type"":""Polygon"",""coordinates"":[[[-107.26182857248978,48.2496690131578],[-107.26173380054195,48.24964406885474],[-107.26168665668735,48.24963609546546],[-107.26169274490027,48.249774368933906],[-107.26179348945048,48.24978579960197],[-107.2618487888726,48.24967308767016],[-107.26182857248978,48.2496690131578]]]}"
00000000000000002475,4810,0,0,0,"{""type"":""Polygon"",""coordinates"":[[[-107.26167329164035,48.24963635977193],[-107.26165317078004,48.24963672843731],[-107.26161317763311,48.24963750559512],[-107.26158013118228,48.249647064810446],[-107.26155373856237,48.249656535404476],[-107.26154712933747,48.24965669533943],[-107.26155909400424,48.24977701194107],[-107.26163908710375,48.24977099867569],[-107.2616791823812,48.24977020575953],[-107.26169274490027,48.249774368933906],[-107.26168665668735,48.24963609546546],[-107.26167329164035,48.24963635977193]]]}"
00000000000000002465,4811,0,0,0,"{""type"":""Polygon"",""coordinates"":[[[-107.26154712933747,48.24965669533943],[-107.26152744791158,48.24966599025161],[-107.26140084624487,48.24967739936003],[-107.26144565959522,48.249783729365475],[-107.26155909400424,48.24977701194107],[-107.26154712933747,48.24965669533943]]]}"
00000000000000002464,4812,0,0,0,"{""type"":""Polygon"",""coordinates"":[[[-107.26140084624487,48.24967739936003],[-107.26139423702686,48.24967755928436],[-107.26132206965006,48.249710206993065],[-107.26125602128558,48.24972939656528],[-107.26137437076355,48.249834229789265],[-107.26143905035515,48.24978388929377],[-107.26144565959522,48.249783729365475],[-107.26140084624487,48.24967739936003]]]}"
0000000000000000246b,4813,0,0,0,"{""type"":""Polygon"",""coordinates"":[[[-107.26125602128558,48.24972939656528],[-107.26124309561382,48.2497385871004],[-107.26122419084345,48.24976575029293],[-107.26117180676093,48.24978908733133],[-107.26115216986031,48.249798453515545],[-107.26127615425361,48.24988083122549],[-107.26129539644765,48.249862610013174],[-107.2613678569271,48.24983883294493],[-107.26137437076355,48.249834229789265],[-107.26125602128558,48.24972939656528]]]}"
00000000000000002476,4814,0,0,0,"{""type"":""Polygon"",""coordinates"":[[[-107.26115216986031,48.249798453515545],[-107.26108058150949,48.24984454198858],[-107.26104132038996,48.249863115950404],[-107.26121890494012,48.249948951510014],[-107.26125705204818,48.24990356700217],[-107.26127615425361,48.24988083122549],[-107.26115216986031,48.249798453515545]]]}"
00000000000000002479,4815,0,0,0,"{""type"":""Polygon"",""coordinates"":[[[-107.26104132038996,48.249863115950404],[-107.26102829267086,48.24987232222268],[-107.26098941343535,48.24989990955728],[-107.26097682497713,48.2499180421514],[-107.26096385459617,48.249927161360375],[-107.26095092882042,48.24993635189315],[-107.26112146474033,48.25001342130965],[-107.26112778126951,48.250004390648265],[-107.26114070705242,48.24999520007972],[-107.26115373480626,48.24998599376995],[-107.2611999046482,48.249971671564886],[-107.26121890494012,48.249948951510014],[-107.26104132038996,48.249863115950404]]]}"
000000000000000024cb,4816,0,0,0,"{""type"":""Polygon"",""coordinates"":[[[-107.26095092882042,48.24993635189315],[-107.26094441494305,48.249940955029984],[-107.26092672572392,48.24999491301749],[-107.26090121139397,48.25002223617933],[-107.26106485165649,48.250094895546866],[-107.26108375670204,48.25006773220987],[-107.26110887628384,48.25003155395991],[-107.26112146474033,48.25001342130965],[-107.26095092882042,48.24993635189315]]]}"
000000000000000024f9,4817,0,0,0,"{""type"":""Polygon"",""coordinates"":[[[-107.26090121139397,48.25002223617933],[-107.26090154867852,48.250031178262184],[-107.26082199479414,48.25004611728877],[-107.26080882703593,48.25005080898886],[-107.26097620998401,48.25020829632509],[-107.2609885058623,48.25018129284403],[-107.2610140202742,48.25015396957484],[-107.26103933731255,48.25012221879735],[-107.26106509361134,48.25009939438488],[-107.26106485165649,48.250094895546866],[-107.26090121139397,48.25002223617933]]]}"
000000000000000024f8,4818,0,0,0,"{""type"":""Polygon"",""coordinates"":[[[-107.26080882703593,48.25005080898886],[-107.2607823388143,48.25005583619688],[-107.26070170921159,48.250048494919554],[-107.26084693770254,48.25030912021149],[-107.26089277064081,48.25028585592947],[-107.26092460178768,48.250249501936715],[-107.26095069551364,48.250235619613754],[-107.26096328410455,48.25021748691095],[-107.26097620998401,48.25020829632509],[-107.26080882703593,48.25005080898886]]]}"
000000000000000024ff,4819,0,0,0,"{""type"":""Polygon"",""coordinates"":[[[-107.26070170921159,48.250048494919554],[-107.26066147412018,48.25004477285214],[-107.26059310175087,48.25031412387092],[-107.26067362982937,48.25032148100558],[-107.26072043655243,48.250320512857584],[-107.26077379522,48.25031947186666],[-107.26082725589275,48.25031841510443],[-107.26084693770254,48.25030912021149],[-107.26070170921159,48.250048494919554]]]}"
00000000000000002500,4820,0,0,0,"{""type"":""Polygon"",""coordinates"":[[[-107.26062759362598,48.250036550448385],[-107.26060737745911,48.250032475645526],[-107.2604537615924,48.2501873453487],[-107.26047417506237,48.250195847720164],[-107.26048929008834,48.25023574809819],[-107.26051679662973,48.250253088310686],[-107.26054474237385,48.250279354907825],[-107.26057949472133,48.250309889171774],[-107.26059310175087,48.25031412387092],[-107.26066147412018,48.25004477285214],[-107.26062759362598,48.250036550448385]]]}"
000000000000000024ca,4821,0,0,0,"{""type"":""Polygon"",""coordinates"":[[[-107.26057335708923,48.25001973864851],[-107.26053272753826,48.2500071615076],[-107.26053228836828,48.24999823516575],[-107.2605120722538,48.24999416034445],[-107.26034387589398,48.25012249906923],[-107.26037745705811,48.25012630980901],[-107.26040482353983,48.25013913543585],[-107.26040559983801,48.25015700391184],[-107.2604537615924,48.2501873453487],[-107.26060737745911,48.250032475645526],[-107.26057335708923,48.25001973864851]]]}"
0000000000000000254e,4822,0,0,0,"{""type"":""Polygon"",""coordinates"":[[[-107.26049185614829,48.24999008551899],[-107.26037686966448,48.24996106485839],[-107.26024735569686,48.25005738862363],[-107.26031009749656,48.25011426079794],[-107.26034387589398,48.25012249906923],[-107.2605120722538,48.24999416034445],[-107.26049185614829,48.24999008551899]]]}"
000000000000000024bc,4823,0,0,0,"{""type"":""Polygon"",""coordinates"":[[[-107.26037026046706,48.249961224712585],[-107.26034251237495,48.249939385716814],[-107.260341678735,48.24992160437755],[-107.26034134158567,48.249912662307814],[-107.2601563764417,48.24996537912976],[-107.26017032034302,48.24997855594831],[-107.26018456346921,48.24999614453757],[-107.2601982209391,48.25000475119945],[-107.26021236211663,48.250022355532785],[-107.26024030739353,48.2500486221159],[-107.26024735569686,48.25005738862363],[-107.26037686966448,48.24996106485839],[-107.26037026046706,48.249961224712585]]]}"
000000000000000024d9,4824,0,0,0,"{""type"":""Polygon"",""coordinates"":[[[-107.26026479599274,48.24984712815369],[-107.2602647007183,48.24984268491651],[-107.26009897851485,48.24987718052464],[-107.26012789697815,48.24992574298047],[-107.260142038085,48.249943347299684],[-107.2601561792066,48.2499609516223],[-107.2601563764417,48.24996537912976],[-107.26034134158567,48.249912662307814],[-107.26034109971934,48.24990816348157],[-107.26026479599274,48.24984712815369]]]}"
000000000000000024c6,4825,0,0,0,"{""type"":""Polygon"",""coordinates"":[[[-107.26024263309849,48.24979846155598],[-107.26022100462794,48.24976316452999],[-107.26007506634552,48.24978834962417],[-107.26008366685333,48.24983285284328],[-107.26008420116803,48.24984622239986],[-107.26009878128612,48.249872753024285],[-107.26009897851485,48.24987718052464],[-107.2602647007183,48.24984268491651],[-107.26024263309849,48.24979846155598]]]}"
000000000000000024d7,4826,0,0,0,"{""type"":""Polygon"",""coordinates"":[[[-107.26006397808115,48.249690344233464],[-107.26005887662764,48.24972616940834],[-107.26007506634552,48.24978834962417],[-107.26022100462794,48.24976316452999],[-107.26022066750565,48.24975422248589],[-107.26023747925713,48.249682412270154],[-107.2602373839844,48.24967796904672],[-107.26006397808115,48.249690344233464]]]}"
000000000000000024c3,4827,0,0,0,"{""type"":""Polygon"",""coordinates"":[[[-107.26021336955245,48.24958915426223],[-107.26003341236205,48.24960160213727],[-107.26003394666358,48.24961497163609],[-107.26006339916279,48.24967690339206],[-107.26006397808115,48.249690344233464],[-107.2602373839844,48.24967796904672],[-107.26021336955245,48.24958915426223]]]}"
000000000000000024d4,4828,0,0,0,"{""type"":""Polygon"",""coordinates"":[[[-107.2602047689032,48.24954465126314],[-107.26020408795608,48.249531226200936],[-107.26018245966102,48.24949592933995],[-107.26001620481675,48.24951705506061],[-107.260017617213,48.24954827707659],[-107.26003341236205,48.24960160213727],[-107.26021336955245,48.24958915426223],[-107.2602047689032,48.24954465126314]]]}"
000000000000000024d5,4829,0,0,0,"{""type"":""Polygon"",""coordinates"":[[[-107.26017541147108,48.24948716291753],[-107.26015320427497,48.24943842529868],[-107.26015854742151,48.249407099101596],[-107.25998577918007,48.249432827760906],[-107.2599999200334,48.24945043194361],[-107.26001610956912,48.24951261185021],[-107.26001620481675,48.24951705506061],[-107.26018245966102,48.24949592933995],[-107.26017541147108,48.24948716291753]]]}"
000000000000000024c2,4830,0,0,0,"{""type"":""Polygon"",""coordinates"":[[[-107.26012102872657,48.24931403430729],[-107.25996867376416,48.249348265201554],[-107.25998261736042,48.24936144190151],[-107.25997848923815,48.24941956254598],[-107.25998577918007,48.249432827760906],[-107.26015854742151,48.249407099101596],[-107.26015655593828,48.249362436414174],[-107.26015582434684,48.249344639525255],[-107.26012102872657,48.24931403430729]]]}"
000000000000000024d2,4831,0,0,0,"{""type"":""Polygon"",""coordinates"":[[[-107.26009993496879,48.249292106983326],[-107.26009940063581,48.249278737567195],[-107.26009896156273,48.24926981134369],[-107.26004395052244,48.249235131269344],[-107.26003690241927,48.24922636487774],[-107.25991205328816,48.24927793566625],[-107.25995355964868,48.24930836538722],[-107.25996813948048,48.24933489576925],[-107.25996867376416,48.249348265201554],[-107.26012102872657,48.24931403430729],[-107.26009993496879,48.249292106983326]]]}"
000000000000000024cf,4832,0,0,0,"{""type"":""Polygon"",""coordinates"":[[[-107.2600148354177,48.249182141963914],[-107.25996614118989,48.24913843145433],[-107.25984226561876,48.24921229766994],[-107.2598566481185,48.24923440057586],[-107.25989771533905,48.24925590407538],[-107.25991185607798,48.24927350821513],[-107.25991205328816,48.24927793566625],[-107.26003690241927,48.24922636487774],[-107.2600148354177,48.249182141963914]]]}"
000000000000000024d1,4833,0,0,0,"{""type"":""Polygon"",""coordinates"":[[[-107.25995200046154,48.249120827367214],[-107.2598497460858,48.24907818877567],[-107.25975935543893,48.249151422487955],[-107.25977947562902,48.249151054239704],[-107.25980815129886,48.249195117382314],[-107.25983565659209,48.249212457480766],[-107.25984226561876,48.24921229766994],[-107.25996614118989,48.24913843145433],[-107.25995200046154,48.249120827367214]]]}"
000000000000000024ce,4834,0,0,0,"{""type"":""Polygon"",""coordinates"":[[[-107.25984313708254,48.24907834858601],[-107.25976800656993,48.249044036721656],[-107.25969413582037,48.24903659043468],[-107.25965914967922,48.249153359093675],[-107.25968587885403,48.24915283106758],[-107.25971265264221,48.24915237435734],[-107.25975935543893,48.249151422487955],[-107.2598497460858,48.24907818877567],[-107.25984313708254,48.24907834858601]]]}"
000000000000000024d6,4835,0,0,0,"{""type"":""Polygon"",""coordinates"":[[[-107.25968077127281,48.24903685444821],[-107.25966706972878,48.24902817653326],[-107.25961317261975,48.24902030637345],[-107.25956603111511,48.2490123319776],[-107.25952496978766,48.24914262971967],[-107.25955189608395,48.24914652917415],[-107.2595923267738,48.249154679125596],[-107.259639176092,48.24915378290038],[-107.25965914967922,48.249153359093675],[-107.25969413582037,48.24903659043468],[-107.25968077127281,48.24903685444821]]]}"
000000000000000024d0,4836,0,0,0,"{""type"":""Polygon"",""coordinates"":[[[-107.25951884504983,48.249004286235305],[-107.2594250963578,48.24900170668085],[-107.25940371581055,48.24912270997369],[-107.25946446364362,48.249134919248355],[-107.25952496978766,48.24914262971967],[-107.25956603111511,48.2490123319776],[-107.25951884504983,48.249004286235305]]]}"
000000000000000024c5,4837,0,0,0,"{""type"":""Polygon"",""coordinates"":[[[-107.25929131170156,48.248999831847826],[-107.25927512794088,48.24908945355629],[-107.25930185696042,48.249088925641644],[-107.25940371581055,48.24912270997369],[-107.2594250963578,48.24900170668085],[-107.25929131170156,48.248999831847826]]]}"
000000000000000024c4,4838,0,0,0,"{""type"":""Polygon"",""coordinates"":[[[-107.25916418080467,48.24899786838532],[-107.25915742528724,48.24899797256178],[-107.25912855729976,48.24910128315467],[-107.25921481922994,48.249086170366176],[-107.25927512794088,48.24908945355629],[-107.25929131170156,48.248999831847826],[-107.25916418080467,48.24899786838532]]]}"
000000000000000024c7,4839,0,0,0,"{""type"":""Polygon"",""coordinates"":[[[-107.25908277957069,48.24897265768484],[-107.25906192855733,48.24895522900005],[-107.25897902401276,48.24904615445448],[-107.25903447195674,48.249089761266525],[-107.2591018283206,48.24910181102018],[-107.25912855729976,48.24910128315467],[-107.25915742528724,48.24899797256178],[-107.25908277957069,48.24897265768484]]]}"
000000000000000024c9,4840,0,0,0,"{""type"":""Polygon"",""coordinates"":[[[-107.2590413766456,48.24894221200483],[-107.25900574970454,48.248893825551185],[-107.2588751257824,48.24896333542838],[-107.2588888269978,48.24897201345401],[-107.25890263019278,48.24898067574051],[-107.25894403297961,48.249011121505966],[-107.25897217337379,48.24904181544288],[-107.25897902401276,48.24904615445448],[-107.25906192855733,48.24895522900005],[-107.2590413766456,48.24894221200483]]]}"
000000000000000024b4,4841,0,0,0,"{""type"":""Polygon"",""coordinates"":[[[-107.25899180676555,48.2488806488091],[-107.25897625519988,48.24883182299747],[-107.25880417158088,48.248870974058626],[-107.25881806981707,48.24888407950448],[-107.25881243355292,48.24890653475047],[-107.25881972290149,48.24891979994043],[-107.25886088383052,48.24894574695821],[-107.2588751257824,48.24896333542838],[-107.25900574970454,48.248893825551185],[-107.25899180676555,48.2488806488091]]]}"
000000000000000024ad,4842,0,0,0,"{""type"":""Polygon"",""coordinates"":[[[-107.2589609453733,48.24878749596568],[-107.25894009454052,48.2487700673108],[-107.25891930109816,48.24875255159488],[-107.2587469762289,48.24878720374475],[-107.25876762986033,48.248800205033056],[-107.25879003167566,48.24885336986848],[-107.25880417158088,48.248870974058626],[-107.25897625519988,48.24883182299747],[-107.2589609453733,48.24878749596568]]]}"
000000000000000024a9,4843,0,0,0,"{""type"":""Polygon"",""coordinates"":[[[-107.2589047669761,48.248726092640695],[-107.25886900072486,48.248673191855765],[-107.25886190848097,48.248664354135975],[-107.25866363100813,48.2487174018668],[-107.25870571362566,48.24876127248641],[-107.2587469762289,48.24878720374475],[-107.25891930109816,48.24875255159488],[-107.25891886230777,48.24874362544753],[-107.2589047669761,48.248726092640695]]]}"
000000000000000024ae,4844,0,0,0,"{""type"":""Polygon"",""coordinates"":[[[-107.25882735669613,48.24863824751429],[-107.25881311488335,48.2486206591415],[-107.25878561079163,48.248603318913545],[-107.25876486214658,48.24858587453764],[-107.25873749782198,48.24857304876504],[-107.25864264072723,48.24869545869362],[-107.25866363100813,48.2487174018668],[-107.25886190848097,48.248664354135975],[-107.25882735669613,48.24863824751429]]]}"
000000000000000024ac,4845,0,0,0,"{""type"":""Polygon"",""coordinates"":[[[-107.2587235551287,48.248559872057605],[-107.25863632217896,48.24855268884165],[-107.25861547169465,48.24853526018475],[-107.25854612879866,48.248630348083466],[-107.25858028616477,48.24864759999897],[-107.25862159310752,48.248673602585605],[-107.25864264072723,48.24869545869362],[-107.25873749782198,48.24857304876504],[-107.2587235551287,48.248559872057605]]]}"
000000000000000024b1,4846,0,0,0,"{""type"":""Polygon"",""coordinates"":[[[-107.2586088182712,48.24853534858065],[-107.25852741890075,48.24851013758245],[-107.25849344597806,48.24849747146598],[-107.25843041966223,48.24858352896576],[-107.25843702847901,48.24858336925887],[-107.25847833518851,48.24860937188148],[-107.25853256751358,48.24862618452342],[-107.25854612879866,48.248630348083466],[-107.25861547169465,48.24853526018475],[-107.2586088182712,48.24853534858065]]]}"
000000000000000024b3,4847,0,0,0,"{""type"":""Polygon"",""coordinates"":[[[-107.25847984015137,48.24849323658416],[-107.25840563510882,48.24847684747738],[-107.2583918322816,48.24846818519254],[-107.25837161770094,48.24846410999957],[-107.25830839423259,48.24854573997016],[-107.25834197301525,48.248549551368534],[-107.25838911303526,48.24855752633314],[-107.25841030007,48.24858389691231],[-107.25842366427361,48.24858363308653],[-107.25843041966223,48.24858352896576],[-107.25849344597806,48.24849747146598],[-107.25847984015137,48.24849323658416]]]}"
000000000000000024b0,4848,0,0,0,"{""type"":""Polygon"",""coordinates"":[[[-107.25829065749852,48.248447824923524],[-107.2582495927912,48.24842632100129],[-107.25817961385654,48.248508054938725],[-107.2581934166154,48.24851671726231],[-107.2582340427338,48.24852929512581],[-107.25827471349979,48.24854194429737],[-107.25830839423259,48.24854573997016],[-107.25837161770094,48.24846410999957],[-107.25829065749852,48.248447824923524]]]}"
000000000000000024d8,4849,0,0,0,"{""type"":""Polygon"",""coordinates"":[[[-107.25821533392867,48.24840908476571],[-107.25818826906193,48.24840067051622],[-107.25813364341911,48.24837500296387],[-107.25806410301256,48.24846566284716],[-107.25809792320399,48.248473973046416],[-107.25815876371585,48.24849062618866],[-107.25817961385654,48.248508054938725],[-107.2582495927912,48.24842632100129],[-107.25821533392867,48.24840908476571]]]}"
00000000000000002552,4850,0,0,0,"{""type"":""Polygon"",""coordinates"":[[[-107.25805190852954,48.248340849785606],[-107.25803810588664,48.2483321874675],[-107.25793478994483,48.24841460829354],[-107.25796958214711,48.24844521387032],[-107.25801696334806,48.24845768772785],[-107.25805739227347,48.24846583826413],[-107.25806410301256,48.24846566284716],[-107.25813364341911,48.24837500296387],[-107.25805190852954,48.248340849785606]]]}"
000000000000000024c1,4851,0,0,0,"{""type"":""Polygon"",""coordinates"":[[[-107.25803105856434,48.2483234210584],[-107.25801060259472,48.24831484709181],[-107.25797629361992,48.24829323900686],[-107.25798212718865,48.24827521143887],[-107.25796832459564,48.248266549120224],[-107.25795466858052,48.24825794238691],[-107.2578188414504,48.24836328986517],[-107.25783254205035,48.248371967958754],[-107.25785305533626,48.248380454913374],[-107.25793478994483,48.24841460829354],[-107.25803810588664,48.2483321874675],[-107.25803105856434,48.2483234210584]]]}"
00000000000000002554,4852,0,0,0,"{""type"":""Polygon"",""coordinates"":[[[-107.25794771630702,48.24825361909544],[-107.25791355981968,48.248236367061054],[-107.25785281498833,48.24822415693653],[-107.25783901246315,48.24821549460593],[-107.25769604315374,48.248307632282874],[-107.25769618273347,48.248312146724686],[-107.25775104927385,48.248342313219275],[-107.25781179419198,48.2483545234332],[-107.2578188414504,48.24836328986517],[-107.25795466858052,48.24825794238691],[-107.25794771630702,48.24825361909544]]]}"
000000000000000024da,4853,0,0,0,"{""type"":""Polygon"",""coordinates"":[[[-107.25781155400679,48.24819822552867],[-107.25782370436698,48.24817116786495],[-107.25765007487152,48.24817458052555],[-107.25765867206536,48.2482190826895],[-107.25770051096995,48.24825845469068],[-107.25769516616151,48.24828978011358],[-107.25769604315374,48.248307632282874],[-107.25783901246315,48.24821549460593],[-107.25781155400679,48.24819822552867]]]}"
000000000000000024c0,4854,0,0,0,"{""type"":""Polygon"",""coordinates"":[[[-107.25767262876265,48.24808030222833],[-107.25768113099613,48.24812036120787],[-107.25764910292325,48.24815228529469],[-107.25765007487152,48.24817458052555],[-107.25782370436698,48.24817116786495],[-107.25784163790793,48.2481217109255],[-107.25786049887708,48.248094477898846],[-107.25767262876265,48.24808030222833]]]}"
000000000000000024bb,4855,0,0,0,"{""type"":""Polygon"",""coordinates"":[[[-107.25768186323587,48.24798635913341],[-107.25768959044008,48.2480085502299],[-107.25767165679724,48.248058007037834],[-107.25767262876265,48.24808030222833],[-107.25786049887708,48.248094477898846],[-107.25786691059687,48.248089890873416],[-107.2578856191623,48.24805830182227],[-107.25789689928543,48.24800893332225],[-107.25768186323587,48.24798635913341]]]}"
000000000000000024af,4856,0,0,0,"{""type"":""Polygon"",""coordinates"":[[[-107.25789208916486,48.24790182940321],[-107.2578713415047,48.24788438504041],[-107.25765970522575,48.24793769352609],[-107.2576669493141,48.24795088725461],[-107.25768186323587,48.24798635913341],[-107.25789689928543,48.24800893332225],[-107.25790176071948,48.247968610709634],[-107.25789208916486,48.24790182940321]]]}"
000000000000000024b6,4857,0,0,0,"{""type"":""Polygon"",""coordinates"":[[[-107.25785049190056,48.2478669564151],[-107.25780078630915,48.247800879358394],[-107.25777342316276,48.2477880534714],[-107.25761698974549,48.247880469703084],[-107.25765970522575,48.24793769352609],[-107.2578713415047,48.24788438504041],[-107.25785049190056,48.2478669564151]]]}"
000000000000000024b8,4858,0,0,0,"{""type"":""Polygon"",""coordinates"":[[[-107.25772594801566,48.24777113655195],[-107.2576977652983,48.247740371606106],[-107.25766355210293,48.247723206692584],[-107.25764289967297,48.24771020540083],[-107.25754784569295,48.24782818491022],[-107.25760251440765,48.24785392389226],[-107.25761698974549,48.247880469703084],[-107.25777342316276,48.2477880534714],[-107.25772594801566,48.24777113655195]]]}"
000000000000000024bf,4859,0,0,0,"{""type"":""Polygon"",""coordinates"":[[[-107.2575545584891,48.24767621181368],[-107.25750742018704,48.247668236528646],[-107.25743899162464,48.247785704205],[-107.25747320468501,48.24780286922221],[-107.257486904958,48.247811547281536],[-107.2575409955408,48.24782384588399],[-107.25754784569295,48.24782818491022],[-107.25764289967297,48.24771020540083],[-107.2575545584891,48.24767621181368]]]}"
000000000000000024b9,4860,0,0,0,"{""type"":""Polygon"",""coordinates"":[[[-107.25748045117696,48.24766426523939],[-107.2574061470562,48.2476478912801],[-107.25729729059931,48.24775720808162],[-107.25741168609208,48.247772791153174],[-107.2574323384203,48.247785792512595],[-107.25743899162464,48.247785704205],[-107.25750742018704,48.247668236528646],[-107.25748045117696,48.24766426523939]]]}"
000000000000000024ba,4861,0,0,0,"{""type"":""Polygon"",""coordinates"":[[[-107.25736571943985,48.247639740562406],[-107.25735094552128,48.24760878323833],[-107.25716701039009,48.24768385801834],[-107.25719514786395,48.24771455178055],[-107.25724330230592,48.24774489361307],[-107.25725695787119,48.247753500375545],[-107.25729729059931,48.24775720808162],[-107.2574061470562,48.2476478912801],[-107.25736571943985,48.247639740562406]]]}"
000000000000000024a0,4862,0,0,0,"{""type"":""Polygon"",""coordinates"":[[[-107.25734409544502,48.24760444421412],[-107.25730245465563,48.247569499834675],[-107.25728821416551,48.24755191155725],[-107.25715545429142,48.24757239989524],[-107.25715676236533,48.24760363660235],[-107.25715773403213,48.24762593161431],[-107.25715875029721,48.24764829795845],[-107.25715972196366,48.247670592989195],[-107.25716701039009,48.24768385801834],[-107.25735094552128,48.24760878323833],[-107.25734409544502,48.24760444421412]]]}"
00000000000000002587,4863,0,0,0,"{""type"":""Polygon"",""coordinates"":[[[-107.25713796251094,48.247478984984895],[-107.25715229780315,48.247501016315745],[-107.25714772751647,48.24755020892769],[-107.25715545429142,48.24757239989524],[-107.25728821416551,48.24755191155725],[-107.25728787772579,48.24754296985898],[-107.25727334541578,48.24751651121641],[-107.25729929787927,48.24749811627121],[-107.25731125135476,48.24746663171644],[-107.25713796251094,48.247478984984895]]]}"
0000000000000000249f,4864,0,0,0,"{""type"":""Polygon"",""coordinates"":[[[-107.25731460813421,48.247390645631185],[-107.25715390845508,48.24738486763991],[-107.25713500293233,48.24741202883917],[-107.25713621607676,48.247438822404646],[-107.25713650788282,48.24744769276418],[-107.25713718773687,48.24746111734756],[-107.25713772102687,48.247474486347684],[-107.25713796251094,48.247478984984895],[-107.25731125135476,48.24746663171644],[-107.257309504729,48.24742646915357],[-107.25732189658389,48.24740391057785],[-107.25731460813421,48.247390645631185]]]}"
000000000000000024a8,4865,0,0,0,"{""type"":""Polygon"",""coordinates"":[[[-107.2573106764503,48.24730139473061],[-107.25714322210271,48.24729572075242],[-107.25715833212746,48.247335619596065],[-107.25716032008003,48.24738028072553],[-107.25715390845508,48.24738486763991],[-107.25731460813421,48.247390645631185],[-107.25730678633555,48.24736401171414],[-107.25731913356843,48.247341381843654],[-107.2573106764503,48.24730139473061]]]}"
000000000000000024b5,4866,0,0,0,"{""type"":""Polygon"",""coordinates"":[[[-107.25728750297661,48.247230363471225],[-107.2572996532584,48.247203306370395],[-107.25712616878468,48.24721123223202],[-107.25712660715514,48.247220158139875],[-107.25712184002317,48.24726492319152],[-107.25714322210271,48.24729572075242],[-107.2573106764503,48.24730139473061],[-107.25728750297661,48.247230363471225]]]}"
000000000000000024a4,4867,0,0,0,"{""type"":""Polygon"",""coordinates"":[[[-107.25731564322967,48.247109260825106],[-107.25710887404514,48.24712224523447],[-107.2571247587519,48.24718001149166],[-107.25712573041419,48.24720230632566],[-107.25712616878468,48.24721123223202],[-107.2572996532584,48.247203306370395],[-107.25731151166907,48.247167378969955],[-107.25732302658074,48.24712696872248],[-107.25731564322967,48.247109260825106]]]}"
000000000000000024a6,4868,0,0,0,"{""type"":""Polygon"",""coordinates"":[[[-107.25729324468955,48.247056097314],[-107.25729203141384,48.247029303947535],[-107.25729159300035,48.24702037807371],[-107.25706485246143,48.24703378560725],[-107.25706529081916,48.2470427114858],[-107.25706626244998,48.2470650062634],[-107.25710746402287,48.24709102454605],[-107.25710843567776,48.24711331934296],[-107.25710887404514,48.24712224523447],[-107.25731564322967,48.247109260825106],[-107.25729324468955,48.247056097314]]]}"
0000000000000000249e,4869,0,0,0,"{""type"":""Polygon"",""coordinates"":[[[-107.25726331634547,48.246985170402375],[-107.257186295596,48.246906339537425],[-107.25703657608426,48.24699857785321],[-107.25705071426546,48.24701618172854],[-107.25706485246143,48.24703378560725],[-107.25729159300035,48.24702037807371],[-107.25729125655147,48.24701143646545],[-107.25729081813792,48.24700251059461],[-107.25726331634547,48.246985170402375]]]}"
000000000000000024a5,4870,0,0,0,"{""type"":""Polygon"",""coordinates"":[[[-107.2571794456727,48.24690200055516],[-107.25717847396692,48.24687970584926],[-107.2571633640523,48.24683980734956],[-107.25713518260565,48.24680904274758],[-107.2569469226896,48.24693780649947],[-107.25702909094831,48.24698088570784],[-107.25703657608426,48.24699857785321],[-107.257186295596,48.246906339537425],[-107.2571794456727,48.24690200055516]]]}"
00000000000000002422,4871,0,0,0,"{""type"":""Polygon"",""coordinates"":[[[-107.2568481404581,48.246819165142696],[-107.25685751112083,48.24688153371027],[-107.2569469226896,48.24693780649947],[-107.25712847223197,48.2468092180849],[-107.25712833270902,48.24680470376897],[-107.2568481404581,48.246819165142696]]]}"
00000000000000002421,4872,0,0,0,"{""type"":""Polygon"",""coordinates"":[[[-107.25710772566516,48.24679177388939],[-107.25711380077345,48.246778245461705],[-107.25690310306852,48.24670197936831],[-107.25690407461232,48.24672427400627],[-107.25688443927139,48.24673363873629],[-107.25687856096347,48.24675159439455],[-107.25684692749975,48.24679237188247],[-107.2568481404581,48.246819165142696],[-107.25712833270902,48.24680470376897],[-107.25710772566516,48.24679177388939]]]}"
0000000000000000249d,4873,0,0,0,"{""type"":""Polygon"",""coordinates"":[[[-107.25699947020347,48.24661078046872],[-107.25691447867781,48.24665705521576],[-107.25690310306852,48.24670197936831],[-107.25711380077345,48.246778245461705],[-107.25711963439113,48.24676021846068],[-107.25715875278523,48.246737132961414],[-107.25699947020347,48.24661078046872]]]}"
00000000000000002499,4874,0,0,0,"{""type"":""Polygon"",""coordinates"":[[[-107.25715166479955,48.2465765008183],[-107.25709908835793,48.24659540687399],[-107.25707940849767,48.24660470029763],[-107.25701259202125,48.24660601830822],[-107.25699947020347,48.24661078046872],[-107.25715875278523,48.246737132961414],[-107.25718470468793,48.24671873833218],[-107.25719733781709,48.246700678650356],[-107.25722318772088,48.246682299759975],[-107.25715166479955,48.2465765008183]]]}"
0000000000000000249c,4875,0,0,0,"{""type"":""Polygon"",""coordinates"":[[[-107.25728412919662,48.2465471427543],[-107.25725074961476,48.24654775830806],[-107.2572240230111,48.24654828556532],[-107.25716502810036,48.24657623720056],[-107.25715166479955,48.2465765008183],[-107.25722318772088,48.246682299759975],[-107.25724913956925,48.24666390513375],[-107.25726250291544,48.24666364150085],[-107.25734190813273,48.24664419230666],[-107.25728412919662,48.2465471427543]]]}"
00000000000000002493,4876,0,0,0,"{""type"":""Polygon"",""coordinates"":[[[-107.2574228654667,48.24650868338262],[-107.25740318566447,48.246517976855905],[-107.25737689747972,48.246527429944],[-107.25731756615544,48.2465464401316],[-107.25728412919662,48.2465471427543],[-107.25734190813273,48.24664419230666],[-107.25736182952375,48.24663939738643],[-107.25744784312168,48.24661978849716],[-107.2574228654667,48.24650868338262]]]}"
00000000000000002496,4877,0,0,0,"{""type"":""Polygon"",""coordinates"":[[[-107.25755592063358,48.24649260667205],[-107.25748161870814,48.24647623307783],[-107.25745586397949,48.24649905492776],[-107.2574228654667,48.24650868338262],[-107.25744784312168,48.24661978849716],[-107.25746761794737,48.24661493797195],[-107.25758127984246,48.24661272456501],[-107.25755592063358,48.24649260667205]]]}"
00000000000000002492,4878,0,0,0,"{""type"":""Polygon"",""coordinates"":[[[-107.25769620698549,48.24648988152588],[-107.25756952550498,48.24649684154896],[-107.25755592063358,48.24649260667205],[-107.25758127984246,48.24661272456501],[-107.25758793284707,48.246612636254106],[-107.25769450335059,48.2466015852216],[-107.25770786673762,48.24660132152599],[-107.25769620698549,48.24648988152588]]]}"
0000000000000000248f,4879,0,0,0,"{""type"":""Polygon"",""coordinates"":[[[-107.25769620698549,48.24648988152588],[-107.25770786673762,48.24660132152599],[-107.25781530745628,48.2466125806647],[-107.257849717288,48.24648237817057],[-107.25769620698549,48.24648988152588]]]}"
0000000000000000249b,4880,0,0,0,"{""type"":""Polygon"",""coordinates"":[[[-107.25789646039503,48.246481498684666],[-107.257849717288,48.24648237817057],[-107.25781530745628,48.2466125806647],[-107.2578892161064,48.24662009954672],[-107.25790986811238,48.24663310052858],[-107.25794364198492,48.246641339217064],[-107.25797785445846,48.24650670938624],[-107.25789646039503,48.246481498684666]]]}"
0000000000000000248e,4881,0,0,0,"{""type"":""Polygon"",""coordinates"":[[[-107.25801182525827,48.24651937526268],[-107.25797785445846,48.24650670938624],[-107.25794364198492,48.246641339217064],[-107.25795025042137,48.24664117955915],[-107.25796405244226,48.24664984162899],[-107.25804456976455,48.24665720073142],[-107.25805817482428,48.246661435547495],[-107.25811906918777,48.24652620680815],[-107.25801182525827,48.24651937526268]]]}"
000000000000000024a3,4882,0,0,0,"{""type"":""Polygon"",""coordinates"":[[[-107.25820060335676,48.246555931620364],[-107.2581392826507,48.24653028193347],[-107.25811906918777,48.24652620680815],[-107.25805817482428,48.246661435547495],[-107.25808509875321,48.24666533529047],[-107.25817941835692,48.24668135633102],[-107.25824764572245,48.24655946345076],[-107.25820060335676,48.246555931620364]]]}"
000000000000000024a2,4883,0,0,0,"{""type"":""Polygon"",""coordinates"":[[[-107.25833584599964,48.24658894142271],[-107.2583220438559,48.24658027941937],[-107.25830814665039,48.24656717444582],[-107.25824764572245,48.24655946345076],[-107.25817941835692,48.24668135633102],[-107.25818607141687,48.24668126797717],[-107.25830775392168,48.24671011440792],[-107.25837607610445,48.246592664347816],[-107.25833584599964,48.24658894142271]]]}"
00000000000000002483,4884,0,0,0,"{""type"":""Polygon"",""coordinates"":[[[-107.25848473197202,48.246630715825795],[-107.25844386601493,48.24661363991683],[-107.25841680229402,48.246605225988006],[-107.2583896366291,48.24659682778934],[-107.25837607610445,48.246592664347816],[-107.25830775392168,48.24671011440792],[-107.25832796754595,48.24671418950358],[-107.2583952238405,48.24672179635652],[-107.25842272632677,48.24673913612077],[-107.25850504757777,48.24663477514057],[-107.25848473197202,48.246630715825795]]]}"
0000000000000000248d,4885,0,0,0,"{""type"":""Polygon"",""coordinates"":[[[-107.25860641495316,48.24665956183851],[-107.25850504757777,48.24663477514057],[-107.25842272632677,48.24673913612077],[-107.25842957646238,48.24674347499564],[-107.2585311410511,48.24677268906852],[-107.25854474628123,48.24677692382059],[-107.2586270673962,48.246672562664756],[-107.25860641495316,48.24665956183851]]]}"
000000000000000024a1,4886,0,0,0,"{""type"":""Polygon"",""coordinates"":[[[-107.25866846745087,48.24670300729108],[-107.2586270673962,48.246672562664756],[-107.25854474628123,48.24677692382059],[-107.25857181019094,48.24678533773586],[-107.25861253674036,48.24679789932963],[-107.25866025323936,48.246819314080554],[-107.25874257424215,48.24671495274501],[-107.25866846745087,48.24670300729108]]]}"
000000000000000024a7,4887,0,0,0,"{""type"":""Polygon"",""coordinates"":[[[-107.2588302864319,48.246731132848126],[-107.25878975687232,48.2467229986079],[-107.25874932931349,48.24671484861352],[-107.25874257424215,48.24671495274501],[-107.25866025323936,48.246819314080554],[-107.2586671034347,48.246823652943526],[-107.25874184631755,48.24684895150034],[-107.25876915207205,48.246861863943046],[-107.25887144510446,48.24675707884605],[-107.2588302864319,48.246731132848126]]]}"
00000000000000002488,4888,0,0,0,"{""type"":""Polygon"",""coordinates"":[[[-107.25893971938305,48.24678705124246],[-107.25889233945766,48.246774578201396],[-107.25887144510446,48.24675707884605],[-107.25876915207205,48.246861863943046],[-107.25877595769421,48.24686613148008],[-107.2588235793289,48.246883103176756],[-107.25887824838286,48.2469088409646],[-107.25899390501799,48.24680379177743],[-107.25893971938305,48.24678705124246]]]}"
00000000000000002487,4889,0,0,0,"{""type"":""Polygon"",""coordinates"":[[[-107.2590758355217,48.246842370452235],[-107.25902772429347,48.24681210141167],[-107.25899390501799,48.24680379177743],[-107.25887824838286,48.2469088409646],[-107.25889190428889,48.24691744735006],[-107.25897330085826,48.24694265735203],[-107.25910377747829,48.24686863587275],[-107.2590758355217,48.246842370452235]]]}"
00000000000000002485,4890,0,0,0,"{""type"":""Polygon"",""coordinates"":[[[-107.25919931378479,48.24691144915666],[-107.25915800800428,48.24688544765441],[-107.2591174780596,48.24687731353853],[-107.25910377747829,48.24686863587275],[-107.25897330085826,48.24694265735203],[-107.25898015113542,48.24694699620071],[-107.25906980991422,48.24700776553043],[-107.25921996670318,48.2469244499052],[-107.25919931378479,48.24691144915666]]]}"
000000000000000024b7,4891,0,0,0,"{""type"":""Polygon"",""coordinates"":[[[-107.2592749286638,48.24695905773077],[-107.25921996670318,48.2469244499052],[-107.25906980991422,48.24700776553043],[-107.25907666022127,48.24701210437679],[-107.25911043512889,48.247020342687684],[-107.2591243774978,48.247033518964045],[-107.25912525522347,48.247051370678136],[-107.25913871414174,48.24705554977875],[-107.25915271390046,48.247068639000155],[-107.25916621743474,48.24707288941896],[-107.25930296608877,48.24698976614471],[-107.2592749286638,48.24695905773077]]]}"
00000000000000002486,4892,0,0,0,"{""type"":""Polygon"",""coordinates"":[[[-107.2593100581937,48.246998603555944],[-107.25930296608877,48.24698976614471],[-107.25916621743474,48.24707288941896],[-107.25918002007681,48.24708155136892],[-107.25919489082922,48.247116951072954],[-107.25924902662449,48.24712931985772],[-107.25926943793503,48.24713782204896],[-107.25934689887238,48.24707378150252],[-107.2593100581937,48.246998603555944]]]}"
000000000000000024be,4893,0,0,0,"{""type"":""Polygon"",""coordinates"":[[[-107.25946163274666,48.24709830349644],[-107.25940773856364,48.247090433434],[-107.25935374924438,48.24707812033289],[-107.25934689887238,48.24707378150252],[-107.25926943793503,48.24713782204896],[-107.25928989386247,48.24714639555791],[-107.25933071655267,48.24716339992378],[-107.25934451928994,48.2471720618625],[-107.25939203989823,48.24718904908973],[-107.25947513637335,48.24710255387185],[-107.25946163274666,48.24709830349644]]]}"
000000000000000024bd,4894,0,0,0,"{""type"":""Polygon"",""coordinates"":[[[-107.25958379613918,48.247140604373975],[-107.25957009528675,48.24713192673844],[-107.2595295648018,48.247123792772314],[-107.25951586397612,48.247115115131116],[-107.25947533354558,48.247106981143304],[-107.25939203989823,48.24718904908973],[-107.25941245130554,48.24719755125771],[-107.25942625408636,48.24720621318916],[-107.2594399549088,48.24721489085815],[-107.25945375770631,48.24722355278808],[-107.25946756051216,48.247232214717215],[-107.25948126135955,48.24724089238394],[-107.2594950641821,48.24724955431155],[-107.25950167283492,48.24724939453957],[-107.25959050674535,48.24714042885811],[-107.25958379613918,48.247140604373975]]]}"
000000000000000024b2,4895,0,0,0,"{""type"":""Polygon"",""coordinates"":[[[-107.25969940867931,48.2471829778452],[-107.25962510267973,48.24716660579914],[-107.25960444940009,48.247153605087426],[-107.25959050674535,48.24714042885811],[-107.25950167283492,48.24724939453957],[-107.25952252328153,48.24726682258176],[-107.25954958805399,48.24727523627746],[-107.2596107720531,48.24729637099913],[-107.25960348261663,48.24728310627815],[-107.25960979887523,48.2472740761891],[-107.25963021042678,48.2472825783208],[-107.2597062591383,48.24718731665717],[-107.25969940867931,48.2471829778452]]]}"
000000000000000024ab,4896,0,0,0,"{""type"":""Polygon"",""coordinates"":[[[-107.2597803680729,48.24719926136521],[-107.2597468850475,48.24719989357023],[-107.25972015726381,48.24720042155857],[-107.2597062591383,48.24718731665717],[-107.25963021042678,48.2472825783208],[-107.25969858204964,48.247316993448216],[-107.2597323576002,48.24732523157153],[-107.25975908547737,48.24732470357619],[-107.25980787196217,48.247216600853605],[-107.2597803680729,48.24719926136521]]]}"
0000000000000000247d,4897,0,0,0,"{""type"":""Polygon"",""coordinates"":[[[-107.2598758620882,48.2472420028639],[-107.25984869519958,48.24723360500797],[-107.25981472244793,48.24722093965991],[-107.25980787196217,48.247216600853605],[-107.25975908547737,48.24732470357619],[-107.25976584073365,48.247324599367325],[-107.25981298028123,48.24733257346055],[-107.25986677317283,48.247340459053255],[-107.25989394014671,48.24734885691885],[-107.25992358053335,48.24726341711742],[-107.2598758620882,48.2472420028639]]]}"
0000000000000000247e,4898,0,0,0,"{""type"":""Polygon"",""coordinates"":[[[-107.26003778174476,48.24727456955745],[-107.2600173700112,48.24726606751827],[-107.25996391420178,48.2472671236455],[-107.25993043104957,48.24726775591855],[-107.25992358053335,48.24726341711742],[-107.25989394014671,48.24734885691885],[-107.25996153617092,48.2473654043403],[-107.26001532923014,48.24737328985043],[-107.26005843533899,48.247287570197706],[-107.26003778174476,48.24727456955745]]]}"
00000000000000002482,4899,0,0,0,"{""type"":""Polygon"",""coordinates"":[[[-107.26005843533899,48.247287570197706],[-107.26001532923014,48.24737328985043],[-107.2600286932254,48.24737302581264],[-107.26004249630596,48.247381687676636],[-107.26013050441225,48.247406737035625],[-107.26019946011095,48.24730263737822],[-107.26005843533899,48.247287570197706]]]}"
0000000000000000247c,4900,0,0,0,"{""type"":""Polygon"",""coordinates"":[[[-107.26031487736148,48.247340582900605],[-107.26028110144833,48.24733234498896],[-107.26025976669199,48.247305919893456],[-107.26019946011095,48.24730263737822],[-107.26013050441225,48.247406737035625],[-107.2602454826834,48.247435756799476],[-107.26025904399896,48.24743992002328],[-107.26032172796666,48.24734492167788],[-107.26031487736148,48.247340582900605]]]}"
000000000000000024aa,4901,0,0,0,"{""type"":""Polygon"",""coordinates"":[[[-107.26032172796666,48.24734492167788],[-107.26025904399896,48.24743992002328],[-107.26032697780728,48.24746540885511],[-107.26038792119571,48.2474820445056],[-107.26043072752176,48.24739191297163],[-107.26032172796666,48.24734492167788]]]}"
0000000000000000247f,4902,0,0,0,"{""type"":""Polygon"",""coordinates"":[[[-107.26051839906323,48.24740802031872],[-107.26047081971019,48.247391120673875],[-107.26044409158278,48.247391648874284],[-107.26043072752176,48.24739191297163],[-107.26038792119571,48.2474820445056],[-107.26039467652635,48.24748194025032],[-107.26042859256347,48.247494692499615],[-107.26048856240597,48.24748903321253],[-107.2605290939255,48.24749716680382],[-107.26055849130647,48.24740722798272],[-107.26051839906323,48.24740802031872]]]}"
00000000000000002480,4903,0,0,0,"{""type"":""Polygon"",""coordinates"":[[[-107.26068542150314,48.247404762335854],[-107.26061199226261,48.247406242828745],[-107.26055849130647,48.24740722798272],[-107.2605290939255,48.24749716680382],[-107.26056952351261,48.24750531611799],[-107.26066340966761,48.24751240890543],[-107.2606921768413,48.247404658059594],[-107.26068542150314,48.247404762335854]]]}"
00000000000000002477,4904,0,0,0,"{""type"":""Polygon"",""coordinates"":[[[-107.26076682195475,48.24742997095132],[-107.2606921768413,48.247404658059594],[-107.26066340966761,48.24751240890543],[-107.26072357698146,48.24751117676492],[-107.26075132374815,48.247533014682716],[-107.260791613555,48.24753664954237],[-107.26082047578888,48.24743334164832],[-107.26076682195475,48.24742997095132]]]}"
0000000000000000244f,4905,0,0,0,"{""type"":""Polygon"",""coordinates"":[[[-107.26093457696248,48.247444508748686],[-107.26089414719526,48.24743635960212],[-107.26082047578888,48.24743334164832],[-107.260791613555,48.24753664954237],[-107.26092583456325,48.24754744823057],[-107.26096130526747,48.247443980406736],[-107.26093457696248,48.247444508748686]]]}"
0000000000000000245f,4906,0,0,0,"{""type"":""Polygon"",""coordinates"":[[[-107.26096130526747,48.247443980406736],[-107.26092583456325,48.24754744823057],[-107.26098026532921,48.24756868642805],[-107.26102113461624,48.24758576148129],[-107.26103483618634,48.247594438966004],[-107.26109616295467,48.247468132039174],[-107.26096130526747,48.247443980406736]]]}"
00000000000000002461,4907,0,0,0,"{""type"":""Polygon"",""coordinates"":[[[-107.26118441499133,48.24749767904009],[-107.26111637791853,48.24747220657232],[-107.26109616295467,48.247468132039174],[-107.26103483618634,48.247594438966004],[-107.26107566094258,48.24761144268166],[-107.26108795570842,48.247584440540365],[-107.26111468415793,48.24758391215067],[-107.2611423867177,48.247605678654644],[-107.26111546087668,48.24760177974799],[-107.26108926714701,48.247615677115625],[-107.26113665001701,48.24762814919631],[-107.26121877098285,48.24751935691373],[-107.26118441499133,48.24749767904009]]]}"
0000000000000000244c,4908,0,0,0,"{""type"":""Polygon"",""coordinates"":[[[-107.26129405389493,48.24755802264426],[-107.26121877098285,48.24751935691373],[-107.26113665001701,48.24762814919631],[-107.26114336082054,48.247627973565315],[-107.26115730443334,48.247641149666215],[-107.26118379095927,48.24763612262703],[-107.26119773459547,48.2476492987235],[-107.26122490249294,48.24765769623818],[-107.26124507299268,48.24766169943447],[-107.26132841004474,48.24757970049937],[-107.26129405389493,48.24755802264426]]]}"
0000000000000000244e,4909,0,0,0,"{""type"":""Polygon"",""coordinates"":[[[-107.26134906454725,48.24759270091396],[-107.26132841004474,48.24757970049937],[-107.26124507299268,48.24766169943447],[-107.26125202580236,48.24766602242529],[-107.26130606233893,48.2476784058505],[-107.26130703653924,48.24770070078766],[-107.26135422230698,48.24770874546087],[-107.26136102856792,48.247713012866775],[-107.26144416819098,48.24762658644689],[-107.26134906454725,48.24759270091396]]]}"
0000000000000000245b,4910,0,0,0,"{""type"":""Polygon"",""coordinates"":[[[-107.2615119639849,48.2476475601106],[-107.26144416819098,48.24762658644689],[-107.26136102856792,48.247713012866775],[-107.26137497232067,48.2477261889537],[-107.26144301021473,48.247751661339635],[-107.26145676936592,48.247760251724365],[-107.26146362026427,48.24776459044714],[-107.26157290900129,48.24766419502509],[-107.2615119639849,48.2476475601106]]]}"
0000000000000000245c,4911,0,0,0,"{""type"":""Polygon"",""coordinates"":[[[-107.26167627809646,48.2477336399516],[-107.26163477115325,48.247703211894894],[-107.26160726551274,48.24768587281474],[-107.26160648855549,48.24766800519906],[-107.26157290900129,48.24766419502509],[-107.26146362026427,48.24776459044714],[-107.26148407752996,48.24777316355628],[-107.26150517166046,48.24779508993778],[-107.26151202257417,48.24779942865956],[-107.261696690834,48.247742141687816],[-107.26167627809646,48.2477336399516]]]}"
0000000000000000245e,4912,1,0,1,"{""type"":""Polygon"",""coordinates"":[[[-107.2617594323215,48.24779901043658],[-107.26174518893467,48.24778142281729],[-107.26172419658272,48.247759480758035],[-107.261696690834,48.247742141687816],[-107.26151202257417,48.24779942865956],[-107.26154633453446,48.24782103520416],[-107.26156723131952,48.2478385342675],[-107.26159449500103,48.24785137476314],[-107.26161534722617,48.24786880250401],[-107.26178018266549,48.247816453863216],[-107.2617594323215,48.24779901043658]]]}"
00000000000000002460,4913,0,0,0,"{""type"":""GeometryCollection"",""geometries"":[{""type"":""LineString"",""coordinates"":[[-107.26161535151492,48.24786882690833],[-107.26162203274562,48.24786869543166]]},{""type"":""Polygon"",""coordinates"":[[[-107.2618297574724,48.247878014257466],[-107.26178747314178,48.24782971852622],[-107.26178018266549,48.247816453863216],[-107.2616220007463,48.247868713898484],[-107.26165894320003,48.24794833510522],[-107.2616591852412,48.247952833757196],[-107.26184389897473,48.24789561763528],[-107.2618297574724,48.247878014257466]]]}]}"
000000000000000024d3,4914,0,0,0,"{""type"":""Polygon"",""coordinates"":[[[-107.26190008296048,48.24795701813618],[-107.26185770294023,48.24790427930144],[-107.26184389897473,48.24789561763528],[-107.2616591852412,48.247952833757196],[-107.2616609366224,48.24799299651956],[-107.26168985641856,48.24804155674325],[-107.26192073799128,48.24797001850707],[-107.26190008296048,48.24795701813618]]]}"
000000000000000024cd,4915,0,0,0,"{""type"":""Polygon"",""coordinates"":[[[-107.26194173061164,48.24799196060381],[-107.26194139304081,48.24798301887624],[-107.26192073799128,48.24797001850707],[-107.26168985641856,48.24804155674325],[-107.2617326757464,48.24810322180071],[-107.26174040573802,48.24812541254953],[-107.26200423094545,48.24804433077905],[-107.26194173061164,48.24799196060381]]]}"
000000000000000024cc,4916,0,0,0,"{""type"":""Polygon"",""coordinates"":[[[-107.26202649774451,48.24809297956758],[-107.26201138144312,48.24805308107843],[-107.26200423094545,48.24804433077905],[-107.26174040573802,48.24812541254953],[-107.26176183778323,48.24815628076784],[-107.2617896367897,48.24818249038669],[-107.26181073138027,48.24820441685891],[-107.26181758242365,48.248208755589154],[-107.26182463091888,48.24821752167166],[-107.26204019987836,48.248101656977695],[-107.26202649774451,48.24809297956758]]]}"
00000000000000002463,4917,0,0,0,"{""type"":""Polygon"",""coordinates"":[[[-107.26208268241182,48.24815438017325],[-107.26205376190244,48.24810581998244],[-107.26204019987836,48.248101656977695],[-107.26182463091888,48.24821752167166],[-107.26183843498886,48.24822618339059],[-107.26185889267008,48.24823475648411],[-107.26187279224341,48.24824786129652],[-107.2618932053413,48.24825636306439],[-107.26191410259463,48.24827386218426],[-107.2619278047474,48.24828253963958],[-107.26192844174358,48.24829589303507],[-107.26208953349915,48.24815871887888],[-107.26208268241182,48.24815438017325]]]}"
00000000000000002468,4918,0,0,0,"{""type"":""Polygon"",""coordinates"":[[[-107.26208953349915,48.24815871887888],[-107.26192844174358,48.24829589303507],[-107.26192975386506,48.248327130001265],[-107.26196984770444,48.24832633702184],[-107.2620174296907,48.24834323615577],[-107.2620441589517,48.24834270747923],[-107.26208405537628,48.24833748708861],[-107.26211102674687,48.2483414570757],[-107.26213691790855,48.24817119055493],[-107.26208953349915,48.24815871887888]]]}"
00000000000000002467,4919,0,0,0,"{""type"":""Polygon"",""coordinates"":[[[-107.26224558664644,48.24820923858584],[-107.26218410488073,48.24817923486133],[-107.26213691790855,48.24817119055493],[-107.26211102674687,48.2483414570757],[-107.26211763577629,48.248341297110876],[-107.26222401783984,48.248325813101374],[-107.26223747801981,48.248329991836314],[-107.26227940912543,48.24821754721432],[-107.26224558664644,48.24820923858584]]]}"
0000000000000000245a,4920,0,0,0,"{""type"":""Polygon"",""coordinates"":[[[-107.26241412582908,48.24824164162776],[-107.26235425573489,48.24824728651223],[-107.26234025394547,48.248234197517675],[-107.26227940912543,48.24821754721432],[-107.26223747801981,48.248329991836314],[-107.26233856357291,48.24834590463931],[-107.26234561225483,48.248354670701545],[-107.26242749047842,48.24824137723525],[-107.26241412582908,48.24824164162776]]]}"
00000000000000002473,4921,0,0,0,"{""type"":""Polygon"",""coordinates"":[[[-107.26246117292835,48.24824517138658],[-107.26242749047842,48.24824137723525],[-107.26234561225483,48.248354670701545],[-107.26237311893017,48.248372009763],[-107.2624688637106,48.24841924809858],[-107.26250905343869,48.24842289799257],[-107.26250772302434,48.248239862160986],[-107.26246117292835,48.24824517138658]]]}"
00000000000000002472,4922,0,0,0,"{""type"":""Polygon"",""coordinates"":[[[-107.2626097391208,48.24827799847449],[-107.26258888598741,48.24826057083787],[-107.26257508161473,48.248251909228856],[-107.26257454635241,48.24823854011271],[-107.26250772302434,48.248239862160986],[-107.26250905343869,48.24842289799257],[-107.26264391795304,48.24844704772501],[-107.26264312217002,48.24827738095],[-107.2626097391208,48.24827799847449]]]}"
0000000000000000246e,4923,0,0,0,"{""type"":""Polygon"",""coordinates"":[[[-107.26274960004267,48.24826633946563],[-107.26264312217002,48.24827738095],[-107.26264391795304,48.24844704772501],[-107.26273683399359,48.24843184326715],[-107.26279627121879,48.24841281321253],[-107.26281580532428,48.24840346270052],[-107.26274960004267,48.24826633946563]]]}"
00000000000000002466,4924,0,0,0,"{""type"":""Polygon"",""coordinates"":[[[-107.26285530042557,48.248237430081275],[-107.26284281523506,48.24825554657542],[-107.26278915882531,48.24825217702124],[-107.26274960004267,48.24826633946563],[-107.26281580532428,48.24840346270052],[-107.26283568358062,48.248398595127156],[-107.26290099689811,48.24836160850093],[-107.26294021162524,48.24834296303002],[-107.26285530042557,48.248237430081275]]]}"
000000000000000024f2,4925,0,0,0,"{""type"":""Polygon"",""coordinates"":[[[-107.26287322831429,48.24818797228385],[-107.26286793218958,48.24821936917016],[-107.26285530042557,48.248237430081275],[-107.26294021162524,48.24834296303002],[-107.26294672509975,48.24833835990693],[-107.26300474718687,48.24828810857818],[-107.26303006165021,48.24825635846003],[-107.26304969763368,48.248246992187894],[-107.26287322831429,48.24818797228385]]]}"
000000000000000024f3,4926,0,0,0,"{""type"":""Polygon"",""coordinates"":[[[-107.26295068853113,48.24812392757883],[-107.26287954418498,48.24817894183527],[-107.26287322831429,48.24818797228385],[-107.26304969763368,48.248246992187894],[-107.26305621108456,48.248242389066334],[-107.2630807924322,48.2481928425212],[-107.26310683984308,48.24817888887438],[-107.2631063043845,48.24816551978461],[-107.26311262021056,48.24815648932567],[-107.26295068853113,48.24812392757883]]]}"
00000000000000002454,4927,0,0,0,"{""type"":""Polygon"",""coordinates"":[[[-107.26297400787286,48.248047516145796],[-107.26296793424672,48.24806104523088],[-107.26295044633105,48.24811942891961],[-107.26295068853113,48.24812392757883],[-107.26311262021056,48.24815648932567],[-107.26313137647294,48.24812927105804],[-107.26314852628094,48.248061945602466],[-107.26314832866933,48.248057518269846],[-107.26297400787286,48.248047516145796]]]}"
00000000000000002457,4928,0,0,0,"{""type"":""Polygon"",""coordinates"":[[[-107.26300344532076,48.24795764707695],[-107.26300364291548,48.24796207440193],[-107.26297857086773,48.24799832297966],[-107.26297400787286,48.248047516145796],[-107.26314832866933,48.248057518269846],[-107.26316723144065,48.24803035562558],[-107.26316645372913,48.24801248792539],[-107.26318467438816,48.2479719006845],[-107.26300344532076,48.24795764707695]]]}"
00000000000000002450,4929,0,0,0,"{""type"":""Polygon"",""coordinates"":[[[-107.26320118653692,48.24789122214797],[-107.26301272415414,48.247863616954575],[-107.26301306198883,48.24787255865152],[-107.26300344532076,48.24795764707695],[-107.26318467438816,48.2479719006845],[-107.26319118778036,48.24796729757919],[-107.26320823541509,48.247899988066656],[-107.26320118653692,48.24789122214797]]]}"
00000000000000002452,4930,0,0,0,"{""type"":""Polygon"",""coordinates"":[[[-107.2630423589303,48.24777817550228],[-107.26303686543277,48.247805144837116],[-107.26301272415414,48.247863616954575],[-107.26320118653692,48.24789122214797],[-107.26319919122082,48.24784656089949],[-107.26323786984375,48.24781454650414],[-107.26326426117328,48.2478050758095],[-107.2630423589303,48.24777817550228]]]}"
00000000000000002456,4931,0,0,0,"{""type"":""Polygon"",""coordinates"":[[[-107.26311179395101,48.24768307039504],[-107.26308540271745,48.247692541023525],[-107.2630470173992,48.24773342563512],[-107.2630423589303,48.24777817550228],[-107.26326426117328,48.2478050758095],[-107.26328403717092,48.24780022394831],[-107.26329589083436,48.247764295524426],[-107.26326872176473,48.24775589860843],[-107.26311179395101,48.24768307039504]],[[-107.26326872176473,48.24775589860843],[-107.26324165468637,48.247747485942945],[-107.26324992117758,48.24778304538384],[-107.26326872176473,48.24775589860843]]]}"
00000000000000002453,4932,0,0,0,"{""type"":""Polygon"",""coordinates"":[[[-107.26318857073538,48.24760560161855],[-107.26316933034657,48.24762382238772],[-107.26315067004145,48.24765548343601],[-107.26313808320799,48.247673615503615],[-107.26311179395101,48.24768307039504],[-107.26329589083436,48.247764295524426],[-107.26331337804983,48.24770591218214],[-107.2633457407741,48.24768292822006],[-107.26318857073538,48.24760560161855]]]}"
00000000000000002451,4933,0,0,0,"{""type"":""Polygon"",""coordinates"":[[[-107.26329936736987,48.24754086835136],[-107.26320115752483,48.24758746956874],[-107.26318857073538,48.24760560161855],[-107.2633457407741,48.24768292822006],[-107.26336537642914,48.24767356199314],[-107.26338452111985,48.24765089812817],[-107.26341056810391,48.24763694455263],[-107.26329936736987,48.24754086835136]]]}"
00000000000000002455,4934,0,0,0,"{""type"":""Polygon"",""coordinates"":[[[-107.26340355477866,48.24747629509161],[-107.26335107219755,48.24749964796424],[-107.26331860767567,48.2475226475868],[-107.26329936736987,48.24754086835136],[-107.26341056810391,48.24763694455263],[-107.26342363935157,48.24762780969289],[-107.26349453991361,48.24756829703517],[-107.26340355477866,48.24747629509161]]]}"
00000000000000002459,4935,0,0,0,"{""type"":""Polygon"",""coordinates"":[[[-107.26348820211679,48.247425531030224],[-107.26345617761939,48.247457456543906],[-107.26343615952918,48.24745780980463],[-107.26344203524373,48.24743985357133],[-107.26346798638212,48.24742145701946],[-107.26347449965628,48.24741685394579],[-107.26346754645898,48.24741253114603],[-107.26343420850843,48.247413220253904],[-107.26341647938273,48.24746710468548],[-107.26340355477866,48.24747629509161],[-107.26349453991361,48.24756829703517],[-107.26360513860442,48.24749913618403],[-107.26348820211679,48.247425531030224]]]}"
00000000000000002458,4936,0,0,0,"{""type"":""MultiPolygon"",""coordinates"":[[[[-107.26346754645898,48.24741253114603],[-107.26347449965628,48.24741685394579],[-107.26348091095907,48.24741226661485],[-107.26346754645898,48.24741253114603]]],[[[-107.26357270898492,48.247370252612136],[-107.26356663567239,48.24738378155406],[-107.26350730200181,48.24740279593265],[-107.26348820211679,48.247425531030224],[-107.26360513860442,48.24749913618403],[-107.26361806319623,48.247489945747105],[-107.26368137867689,48.24740829841869],[-107.26357270898492,48.247370252612136]]]]}"
000000000000000024e2,4937,0,0,0,"{""type"":""Polygon"",""coordinates"":[[[-107.2636159489084,48.24728904585989],[-107.26360983101128,48.247302503464105],[-107.26359768443092,48.24732956131998],[-107.26357270898492,48.247370252612136],[-107.26368137867689,48.24740829841869],[-107.26372029889697,48.247380782703566],[-107.26373322343271,48.24737159227311],[-107.26374580994174,48.24735346023916],[-107.26376490968242,48.24733072512497],[-107.2636159489084,48.24728904585989]]]}"
0000000000000000243a,4938,0,0,0,"{""type"":""Polygon"",""coordinates"":[[[-107.26367916203458,48.247207414595316],[-107.26364655754917,48.247225899870664],[-107.26362246215005,48.24728444278851],[-107.2636159489084,48.24728904585989],[-107.26376490968242,48.24733072512497],[-107.26379022297411,48.24729897541027],[-107.26382151371324,48.247249253779],[-107.26367916203458,48.247207414595316]]]}"
00000000000000002439,4939,0,0,0,"{""type"":""Polygon"",""coordinates"":[[[-107.26373572136971,48.24712587217305],[-107.26372455063155,48.247175224604305],[-107.26367916203458,48.247207414595316],[-107.26382151371324,48.247249253779],[-107.26382768265302,48.247240167861264],[-107.26384726692852,48.24722642993705],[-107.26386019139352,48.24721723951809],[-107.26387180201205,48.24717681286333],[-107.26388472645598,48.24716762245021],[-107.26373572136971,48.24712587217305]]]}"
00000000000000002436,4940,0,0,0,"{""type"":""Polygon"",""coordinates"":[[[-107.26377896067602,48.24704466573789],[-107.26377328287877,48.24706704909817],[-107.26376113648998,48.247094106849524],[-107.26374811009126,48.2471033129758],[-107.26373572136971,48.24712587217305],[-107.26388472645598,48.24716762245021],[-107.26389711512414,48.247145063217296],[-107.26390970148807,48.24712693124313],[-107.26392228784054,48.24710879927382],[-107.26392087198215,48.247077578841555],[-107.26377896067602,48.24704466573789]]]}"
00000000000000002437,4941,0,0,0,"{""type"":""Polygon"",""coordinates"":[[[-107.26393538578988,48.246952241139105],[-107.26378294203928,48.246982033399156],[-107.26378513582678,48.24703112112957],[-107.26378547386338,48.24704006267809],[-107.26377896067602,48.24704466573789],[-107.26392087198215,48.247077578841555],[-107.26392062965571,48.247073080276884],[-107.26394584691401,48.24703688769682],[-107.26393538578988,48.246952241139105]]]}"
00000000000000002432,4942,0,0,0,"{""type"":""Polygon"",""coordinates"":[[[-107.26392634056684,48.24689881502287],[-107.26389741786042,48.24685025659454],[-107.2637524634526,48.2468977402184],[-107.2637526037903,48.24690225451195],[-107.26375304378992,48.24691118029611],[-107.26375357951348,48.24692454905883],[-107.26378294203928,48.246982033399156],[-107.26393538578988,48.246952241139105],[-107.26392634056684,48.24689881502287]]]}"
00000000000000002438,4943,0,0,0,"{""type"":""Polygon"",""coordinates"":[[[-107.26384167082846,48.246797784387475],[-107.26383437961591,48.24678452015761],[-107.26369530097337,48.24681404758952],[-107.26370944330125,48.24683165031796],[-107.2637524634526,48.2468977402184],[-107.26389741786042,48.24685025659454],[-107.26389732211838,48.24684581362431],[-107.26384167082846,48.246797784387475]]]}"
00000000000000002435,4944,0,0,0,"{""type"":""Polygon"",""coordinates"":[[[-107.26382684609207,48.246766757391256],[-107.26382611263517,48.24674896145007],[-107.2638048767727,48.246722521768405],[-107.26379738788853,48.246704830337954],[-107.2636512607521,48.246725591969444],[-107.26366496304252,48.24673426891968],[-107.26366691439341,48.24677885788555],[-107.26369530097337,48.24681404758952],[-107.26383437961591,48.24678452015761],[-107.26382684609207,48.246766757391256]]]}"
00000000000000002440,4945,0,0,0,"{""type"":""Polygon"",""coordinates"":[[[-107.26378207209926,48.246660506006705],[-107.26375358978511,48.24662087347875],[-107.2636074184178,48.246641563682886],[-107.26362175831161,48.24666359358279],[-107.2636512607521,48.246725591969444],[-107.26379738788853,48.246704830337954],[-107.26378207209926,48.246660506006705]]]}"
00000000000000002433,4946,0,0,0,"{""type"":""Polygon"",""coordinates"":[[[-107.26372962458186,48.246531977846864],[-107.26359010702083,48.246552579232855],[-107.2636046891629,48.246579107623404],[-107.26360036962232,48.24663279799976],[-107.2636074184178,48.246641563682886],[-107.26375358978511,48.24662087347875],[-107.2637533474767,48.246616374952005],[-107.26375159370373,48.24657621333272],[-107.26372962458186,48.246531977846864]]]}"
00000000000000002434,4947,0,0,0,"{""type"":""Polygon"",""coordinates"":[[[-107.26369243562957,48.24644786116028],[-107.26352599241999,48.246464564307566],[-107.26353411873599,48.246495608598636],[-107.26354748291493,48.24649534407093],[-107.2635619630336,48.246521888183196],[-107.26358990934516,48.24654815202899],[-107.26359010702083,48.246552579232855],[-107.26372962458186,48.246531977846864],[-107.26369243562957,48.24644786116028]]]}"
0000000000000000242f,4948,0,0,0,"{""type"":""Polygon"",""coordinates"":[[[-107.26352248535464,48.246384241309265],[-107.26352214737211,48.246375299869214],[-107.26350202788483,48.2463756688644],[-107.2635175854898,48.246424491524984],[-107.26352599241999,48.246464564307566],[-107.26369243562957,48.24644786116028],[-107.26369189991763,48.24643449251728],[-107.26368187941983,48.24635877257047],[-107.26353540953865,48.246375051087334],[-107.26353584949175,48.24638397678479],[-107.26352248535464,48.246384241309265]],[[-107.26353584949175,48.24638397678479],[-107.26353628944487,48.24639290248374],[-107.26354921363068,48.2463837122584],[-107.26353584949175,48.24638397678479]]]}"
00000000000000002423,4949,0,0,0,"{""type"":""MultiPolygon"",""coordinates"":[[[[-107.26349181013344,48.24629552178826],[-107.26345867084058,48.246300638048176],[-107.26348715253569,48.246340270439575],[-107.26350007670692,48.246331080230355],[-107.26349181013344,48.24629552178826]]],[[[-107.26350790334689,48.24635771300048],[-107.26349517683194,48.24637133040478],[-107.26350202788483,48.2463756688644],[-107.26352214737211,48.246375299869214],[-107.26352126747237,48.24635744847845],[-107.26350790334689,48.24635771300048]]],[[[-107.26352636498665,48.24632162549887],[-107.26353540953865,48.246375051087334],[-107.26368187941983,48.24635877257047],[-107.2636721523559,48.24629192283564],[-107.2636708386394,48.246260687134416],[-107.26349181013344,48.24629552178826],[-107.26352636498665,48.24632162549887]]]]}"
00000000000000002428,4950,0,0,0,"{""type"":""Polygon"",""coordinates"":[[[-107.26364823211343,48.24620309904443],[-107.26361994796729,48.24616789397834],[-107.26348120982206,48.24620636210221],[-107.26349535181284,48.24622396466868],[-107.26349676734799,48.24625518461204],[-107.26348437884441,48.246277743409955],[-107.26345842856678,48.24629613954703],[-107.26345867084058,48.246300638048176],[-107.2636708386394,48.246260687134416],[-107.26367020096409,48.24624733428101],[-107.26364823211343,48.24620309904443]]]}"
0000000000000000242c,4951,0,0,0,"{""type"":""Polygon"",""coordinates"":[[[-107.26359865523605,48.24614154158882],[-107.26357624657098,48.246088380771816],[-107.26356919787689,48.246079615175425],[-107.26339785659032,48.24613656793832],[-107.26339829651276,48.24614549359698],[-107.26339231908239,48.24616346512446],[-107.26345306619201,48.24617567121227],[-107.26348120982206,48.24620636210221],[-107.26361994796729,48.24616789397834],[-107.26359865523605,48.24614154158882]]]}"
00000000000000002429,4952,0,0,0,"{""type"":""Polygon"",""coordinates"":[[[-107.26349906834048,48.24600504252232],[-107.26346529170411,48.245996805956665],[-107.26332218989863,48.24608889221514],[-107.2633569866521,48.24611949438039],[-107.26339751863438,48.24612762653899],[-107.2633912032532,48.246136656659345],[-107.26339785659032,48.24613656793832],[-107.26356919787689,48.246079615175425],[-107.26349906834048,48.24600504252232]]]}"
0000000000000000242d,4953,0,0,0,"{""type"":""Polygon"",""coordinates"":[[[-107.26342461951084,48.24598415962742],[-107.26338996309198,48.24595807177857],[-107.26334277799587,48.24595002835451],[-107.26332236544914,48.24594152725109],[-107.263247007957,48.24605021343057],[-107.26327407384072,48.246058625855156],[-107.263294926325,48.24607605263468],[-107.26331533892997,48.24608455376405],[-107.26332218989863,48.24608889221514],[-107.26346529170411,48.245996805956665],[-107.26342461951084,48.24598415962742]]]}"
0000000000000000242e,4954,0,0,0,"{""type"":""Polygon"",""coordinates"":[[[-107.26329529962251,48.24593311485727],[-107.2632481592394,48.24592514270527],[-107.26319348586684,48.24589940799273],[-107.26312571225837,48.24603022815623],[-107.26314636699858,48.246043227797784],[-107.26316638426293,48.24604287462785],[-107.26321318682008,48.24604190544892],[-107.263247007957,48.24605021343057],[-107.26332236544914,48.24594152725109],[-107.26329529962251,48.24593311485727]]]}"
00000000000000002425,4955,0,0,0,"{""type"":""Polygon"",""coordinates"":[[[-107.26318643732449,48.245890642395686],[-107.26311903766876,48.2458785248866],[-107.263084821523,48.24586136258281],[-107.26300304633912,48.24597909422974],[-107.26307128112578,48.24600899180111],[-107.26310510214815,48.24601729983047],[-107.26312571225837,48.24603022815623],[-107.26319348586684,48.24589940799273],[-107.26318643732449,48.245890642395686]]]}"
0000000000000000243c,4956,0,0,0,"{""type"":""Polygon"",""coordinates"":[[[-107.263009736109,48.24582712664399],[-107.26299603438484,48.24581844973459],[-107.26286731659674,48.24593263602187],[-107.2628877289309,48.24594113722598],[-107.2629548862351,48.2459487564408],[-107.26298934456516,48.245970417295744],[-107.26300304633912,48.24597909422974],[-107.263084821523,48.24586136258281],[-107.263009736109,48.24582712664399]]]}"
000000000000000023fc,4957,0,0,0,"{""type"":""Polygon"",""coordinates"":[[[-107.26296828678008,48.245796613193754],[-107.26286040085563,48.245776434526974],[-107.26277765021618,48.24587187166428],[-107.26281895914637,48.24589787103206],[-107.26284014905146,48.24592423923649],[-107.26286731659674,48.24593263602187],[-107.26299603438484,48.24581844973459],[-107.26296828678008,48.245796613193754]]]}"
0000000000000000243e,4958,0,0,0,"{""type"":""Polygon"",""coordinates"":[[[-107.26281909200367,48.2457504352347],[-107.26274488680619,48.245734050333475],[-107.26264289655798,48.245847707327506],[-107.26274353632975,48.24585469349218],[-107.26277765021618,48.24587187166428],[-107.26286040085563,48.245776434526974],[-107.26281909200367,48.2457504352347]]]}"
000000000000000023f6,4959,0,0,0,"{""type"":""Polygon"",""coordinates"":[[[-107.2627379340454,48.245729727607234],[-107.2626503652201,48.24571360703657],[-107.26258830683875,48.24567016511796],[-107.26256173865066,48.245826999511806],[-107.26261616892613,48.24584823610444],[-107.26264289655798,48.245847707327506],[-107.26274488680619,48.245734050333475],[-107.2627379340454,48.245729727607234]]]}"
000000000000000023f5,4960,0,0,0,"{""type"":""Polygon"",""coordinates"":[[[-107.26252222098438,48.2456892825988],[-107.26244791431876,48.24567291321554],[-107.26242785860461,48.245825144734674],[-107.26244122238454,48.245824880374364],[-107.26245458616629,48.24582461601215],[-107.26246794994982,48.24582435164803],[-107.2624880689158,48.24582398288654],[-107.26253467330704,48.24581858690958],[-107.26256173865066,48.245826999511806],[-107.26258830683875,48.24567016511796],[-107.26252222098438,48.2456892825988]]]}"
000000000000000023fd,4961,0,0,0,"{""type"":""MultiPolygon"",""coordinates"":[[[[-107.26244126113315,48.24567300186612],[-107.26240768296304,48.245669192092485],[-107.26238109570635,48.24567423499209],[-107.2623671521356,48.24566105955728],[-107.26227992168282,48.24565387998063],[-107.26226622030063,48.245645202986836],[-107.26225950977748,48.2456453786826],[-107.26234146242413,48.2458357451187],[-107.26235487080481,48.24583555208826],[-107.26236823457813,48.24583528773823],[-107.26242785860461,48.245825144734674],[-107.26244791431876,48.24567291321554],[-107.26244126113315,48.24567300186612]]],[[[-107.26239186658592,48.24546408059859],[-107.26238569773345,48.24547316611709],[-107.26236557897987,48.2454735348493],[-107.26235970322428,48.2454914903509],[-107.26231378111535,48.24551031020008],[-107.26229443971238,48.2455285457896],[-107.26222850075581,48.24554771858551],[-107.26221513710604,48.24554798291153],[-107.26223045043483,48.24559230662363],[-107.26229011861908,48.24558223508098],[-107.2623486717207,48.24554535530645],[-107.26238093710134,48.245517929787674],[-107.26244600302603,48.245476447178774],[-107.26247195289727,48.245458051610406],[-107.26239186658592,48.24546408059859]]]]}"
000000000000000023fe,4962,0,0,0,"{""type"":""Polygon"",""coordinates"":[[[-107.26225950977748,48.2456453786826],[-107.262185401043,48.245633436233064],[-107.26218384644505,48.24559770241971],[-107.26223045043483,48.24559230662363],[-107.26221513710604,48.24554798291153],[-107.26219501834848,48.24554835160864],[-107.262155169535,48.24555364301165],[-107.2621215916082,48.245549833140394],[-107.26207713470261,48.24560424406142],[-107.2620779119492,48.245622110969485],[-107.26206100409087,48.24569393159275],[-107.26224086783982,48.24582882983825],[-107.26226088479457,48.24582847686633],[-107.26233475186118,48.24583592082137],[-107.26234146242413,48.2458357451187],[-107.26225950977748,48.2456453786826]]]}"
000000000000000023f7,4963,0,0,0,"{""type"":""Polygon"",""coordinates"":[[[-107.26206100409087,48.24569393159275],[-107.26205512816219,48.245711887154854],[-107.26206383275516,48.24575637097602],[-107.26199205562672,48.24579802924016],[-107.26198010617708,48.245829513283084],[-107.26221001656339,48.2458874752528],[-107.26222274318286,48.24587385814061],[-107.26224086783982,48.24582882983825],[-107.26206100409087,48.24569393159275]]]}"
000000000000000023f8,4964,0,0,0,"{""type"":""Polygon"",""coordinates"":[[[-107.26198010617708,48.245829513283084],[-107.26196771713066,48.24585207171774],[-107.2619293777798,48.245893025744934],[-107.26195732199976,48.24591928980686],[-107.26216030773158,48.24597335340552],[-107.26217191945204,48.24593292787812],[-107.2621843084347,48.245910369384276],[-107.26221001656339,48.2458874752528],[-107.26198010617708,48.245829513283084]]]}"
00000000000000002426,4965,0,0,0,"{""type"":""Polygon"",""coordinates"":[[[-107.26195732199976,48.24591928980686],[-107.26195751948157,48.2459237169664],[-107.26197185789904,48.24594574685138],[-107.26194648725142,48.24597758233394],[-107.26194114629688,48.246008906545875],[-107.26214437455731,48.24606746874844],[-107.26215011037476,48.246044998831344],[-107.26216030773158,48.24597335340552],[-107.26195732199976,48.24591928980686]]]}"
0000000000000000243b,4966,0,0,0,"{""type"":""GeometryCollection"",""geometries"":[{""type"":""LineString"",""coordinates"":[[-107.26193865610539,48.24610275584824],[-107.2619453371046,48.24610262435637]]},{""type"":""Polygon"",""coordinates"":[[[-107.26194114629688,48.246008906545875],[-107.26193595190458,48.24604028635393],[-107.26188857031427,48.24602781500919],[-107.26190315079629,48.24605434343722],[-107.26192977640882,48.24605383059861],[-107.26193061092731,48.24607161060294],[-107.26196355217596,48.24606206773521],[-107.26194533158234,48.24610265327873],[-107.26210137593007,48.24615317148128],[-107.26211396253238,48.24613504007612],[-107.26212688676856,48.24612585008567],[-107.26213796343434,48.24607205586907],[-107.26214437455731,48.24606746874844],[-107.26194114629688,48.246008906545875]]]}]}"
0000000000000000243d,4967,0,0,0,"{""type"":""Polygon"",""coordinates"":[[[-107.26193867835579,48.24610274189626],[-107.26191924100084,48.24611653470861],[-107.26189980363517,48.2461303275209],[-107.26188677740844,48.24613953322277],[-107.26187385314238,48.24614872318403],[-107.26184741848023,48.2461581218496],[-107.2618344942032,48.246167311809074],[-107.26183473627665,48.24617181030845],[-107.26201784590296,48.24623074157801],[-107.2620637689384,48.24621192159073],[-107.26208247370074,48.24618033293899],[-107.26210137593007,48.24615317148128],[-107.26193867835579,48.24610274189626]]]}"
00000000000000002431,4968,0,0,0,"{""type"":""Polygon"",""coordinates"":[[[-107.26183473627665,48.24617181030845],[-107.26182156992138,48.24617650176851],[-107.26179605890664,48.24620382311364],[-107.26177651950734,48.246217631665935],[-107.26188052248794,48.24630042744738],[-107.26189344680995,48.246291237457456],[-107.26191376337987,48.24629529600069],[-107.26195263828146,48.246267710279845],[-107.26197848688139,48.24624933029293],[-107.26201784590296,48.24623074157801],[-107.26183473627665,48.24617181030845]]]}"
00000000000000002430,4969,0,0,0,"{""type"":""Polygon"",""coordinates"":[[[-107.26177651950734,48.246217631665935],[-107.26175062628124,48.2462359402694],[-107.26169221190705,48.24627733444449],[-107.26167904551595,48.24628202589528],[-107.26179665428207,48.24636905612766],[-107.26180326293778,48.24636889619989],[-107.26181545480435,48.246341910363384],[-107.26188052248794,48.24630042744738],[-107.26177651950734,48.246217631665935]]]}"
00000000000000002442,4970,0,0,0,"{""type"":""Polygon"",""coordinates"":[[[-107.26167904551595,48.24628202589528],[-107.26156650065876,48.24630659415874],[-107.26161388231652,48.24631906572633],[-107.26157432573976,48.246333227113624],[-107.26156771710633,48.246333387024976],[-107.26169227180702,48.24642919902978],[-107.26171146731578,48.24641090765575],[-107.26175126604838,48.24640124470819],[-107.26179665428207,48.24636905612766],[-107.26167904551595,48.24628202589528]]]}"
0000000000000000245d,4971,0,0,0,"{""type"":""Polygon"",""coordinates"":[[[-107.26156771710633,48.246333387024976],[-107.26154098942986,48.24633391550867],[-107.26149697035817,48.24639725272952],[-107.26149079465985,48.246410797042444],[-107.2614910366893,48.24641529556449],[-107.26159479716829,48.24649359344736],[-107.26162740124745,48.24647510913454],[-107.26165986522116,48.246452110552625],[-107.26168575862741,48.24643380189432],[-107.26169227180702,48.24642919902978],[-107.26156771710633,48.246333387024976]]]}"
00000000000000002448,4972,0,0,0,"{""type"":""Polygon"",""coordinates"":[[[-107.2614910366893,48.24641529556449],[-107.26149832681514,48.246428559907294],[-107.26147787025168,48.2464199870011],[-107.26146397149684,48.2464068825632],[-107.26138476271143,48.24643076230809],[-107.26135837246922,48.24644023221286],[-107.26135171922431,48.246440320790754],[-107.26149716947248,48.246553631954505],[-107.26151029135175,48.24654886918308],[-107.26159479716829,48.24649359344736],[-107.2614910366893,48.24641529556449]]]}"
00000000000000002449,4973,0,0,0,"{""type"":""Polygon"",""coordinates"":[[[-107.26135171922431,48.246440320790754],[-107.26133208418703,48.24644968637215],[-107.2613198919916,48.24647667221057],[-107.26127430605045,48.246504433427035],[-107.26136547901872,48.24660086316096],[-107.26137850547241,48.24659165744384],[-107.26145120139242,48.24657238048426],[-107.26149716947248,48.246553631954505],[-107.26135171922431,48.246440320790754]]]}"
0000000000000000244a,4974,0,0,0,"{""type"":""Polygon"",""coordinates"":[[[-107.26127430605045,48.246504433427035],[-107.2612546263678,48.246513727685745],[-107.26121575097451,48.246541313264686],[-107.26116293227895,48.246555723003176],[-107.2612609556249,48.24665649159588],[-107.26126760890206,48.2466564030231],[-107.26136547901872,48.24660086316096],[-107.26127430605045,48.246504433427035]]]}"
00000000000000002462,4975,0,0,0,"{""type"":""Polygon"",""coordinates"":[[[-107.26116293227895,48.246555723003176],[-107.2610903764896,48.24657951401365],[-107.26105699552258,48.24658013092583],[-107.26112930944709,48.24670379389807],[-107.26114267335927,48.24670352971071],[-107.26118198832927,48.246684869845325],[-107.26120827677825,48.24667541568089],[-107.26123422780265,48.24665702000113],[-107.2612609556249,48.24665649159588],[-107.26116293227895,48.246555723003176]]]}"
0000000000000000244d,4976,0,0,0,"{""type"":""Polygon"",""coordinates"":[[[-107.26105699552258,48.24658013092583],[-107.26097015917377,48.246581804489196],[-107.26095659797426,48.24657764143033],[-107.26095072140038,48.24659559724093],[-107.26098347792701,48.24673342160113],[-107.26106288464867,48.24671396926665],[-107.2610896124633,48.246713440908714],[-107.26111594553672,48.246704058083516],[-107.26112930944709,48.24670379389807],[-107.26105699552258,48.24658013092583]]]}"
0000000000000000244b,4977,0,0,0,"{""type"":""Polygon"",""coordinates"":[[[-107.26095072140038,48.24659559724093],[-107.2607877823921,48.24669261920004],[-107.26082155804154,48.24670085684065],[-107.26086840487166,48.24669996012046],[-107.26094338623145,48.246734214090566],[-107.26098347792701,48.24673342160113],[-107.26095072140038,48.24659559724093]]]}"
00000000000000002481,4978,0,0,0,"{""type"":""Polygon"",""coordinates"":[[[-107.26090290066806,48.24657419951568],[-107.26088151492662,48.24654340330442],[-107.26069724788944,48.24660954169167],[-107.26071158558048,48.246631572068594],[-107.26073277385565,48.24665794114473],[-107.2607542041006,48.246688808777996],[-107.2607877823921,48.24669261920004],[-107.26095072140038,48.24659559724093],[-107.26095659797426,48.24657764143033],[-107.26090290066806,48.24657419951568]]]}"
00000000000000002445,4979,0,0,0,"{""type"":""Polygon"",""coordinates"":[[[-107.26083923361819,48.24649510829647],[-107.26083865434525,48.2464816682798],[-107.26067930746152,48.24650720361301],[-107.26067362810812,48.24652958660224],[-107.26069583476905,48.246578321436886],[-107.26069005344338,48.24660072019677],[-107.26069724788944,48.24660954169167],[-107.26088151492662,48.24654340330442],[-107.26083923361819,48.24649510829647]]]}"
00000000000000002484,4980,0,0,0,"{""type"":""Polygon"",""coordinates"":[[[-107.26070151568571,48.24640398631356],[-107.26070175761747,48.24640848483949],[-107.26067678052942,48.24644917471227],[-107.26067930746152,48.24650720361301],[-107.26083865434525,48.2464816682798],[-107.26084987286119,48.24643238806962],[-107.26070151568571,48.24640398631356]]]}"
00000000000000002444,4981,0,0,0,"{""type"":""Polygon"",""coordinates"":[[[-107.26070408878196,48.24631013464082],[-107.26070151568571,48.24640398631356],[-107.26084987286119,48.24643238806962],[-107.26084963091124,48.24642788954249],[-107.26088622097033,48.24634677392147],[-107.26070408878196,48.24631013464082]]]}"
0000000000000000248c,4982,0,0,0,"{""type"":""Polygon"",""coordinates"":[[[-107.26074709018161,48.246224432209196],[-107.26074213014033,48.24626476929169],[-107.26070976807178,48.24628775174418],[-107.26070408878196,48.24631013464082],[-107.26088622097033,48.24634677392147],[-107.26091056114439,48.24629273117045],[-107.26093607262605,48.24626541000283],[-107.26093597723576,48.2462609670698],[-107.26074709018161,48.246224432209196]]]}"
00000000000000002446,4983,0,0,0,"{""type"":""Polygon"",""coordinates"":[[[-107.26075675552566,48.2461394180109],[-107.26074709018161,48.246224432209196],[-107.26093597723576,48.2462609670698],[-107.2609529828212,48.246193588743104],[-107.26098646536806,48.24619295614174],[-107.2609989504085,48.246174840598464],[-107.26075675552566,48.2461394180109]]]}"
00000000000000002447,4984,0,0,0,"{""type"":""Polygon"",""coordinates"":[[[-107.26103500514874,48.24608035672992],[-107.26105380589998,48.24605321125696],[-107.26105356392252,48.246048712763255],[-107.26078692761907,48.24606734855959],[-107.26078814350349,48.2460941413289],[-107.2607631667328,48.2461348309745],[-107.26075675552566,48.2461394180109],[-107.2609989504085,48.246174840598464],[-107.26106382072699,48.24612893118468],[-107.26108923660428,48.246097167147184],[-107.26103500514874,48.24608035672992]]]}"
00000000000000002443,4985,0,0,0,"{""type"":""Polygon"",""coordinates"":[[[-107.2610315989237,48.24600447699646],[-107.26101701922211,48.2459779484413],[-107.26100963397717,48.24596024126027],[-107.260776378736,48.245978260105055],[-107.26078692761907,48.24606734855959],[-107.26105356392252,48.246048712763255],[-107.2610315989237,48.24600447699646]]]}"
0000000000000000243f,4986,0,0,0,"{""type"":""Polygon"",""coordinates"":[[[-107.26100248414782,48.24595149121525],[-107.26097420351257,48.24591628544829],[-107.26095908916501,48.24587638838429],[-107.26075907481541,48.2458892760701],[-107.26075927215196,48.24589370323329],[-107.26077360965698,48.24591573330782],[-107.260776378736,48.245978260105055],[-107.26100963397717,48.24596024126027],[-107.26100248414782,48.24595149121525]]]}"
00000000000000002408,4987,0,0,0,"{""type"":""Polygon"",""coordinates"":[[[-107.26091627367914,48.24581472547807],[-107.26091525504513,48.245792360008366],[-107.2607417709592,48.24580029217996],[-107.26075907481541,48.2458892760701],[-107.26095908916501,48.24587638838429],[-107.2609586498373,48.24586746274476],[-107.26091627367914,48.24581472547807]]]}"
00000000000000002405,4988,0,0,0,"{""type"":""Polygon"",""coordinates"":[[[-107.26073758872376,48.245706545852734],[-107.26073856264652,48.245728839972365],[-107.26071183564176,48.24572936820225],[-107.26074055509669,48.24577349955822],[-107.2607417709592,48.24580029217996],[-107.26091525504513,48.245792360008366],[-107.26092491980829,48.24570734650169],[-107.26073758872376,48.245706545852734]]]}"
00000000000000002400,4989,0,0,0,"{""type"":""Polygon"",""coordinates"":[[[-107.26073408770145,48.245626223749525],[-107.26073462234923,48.24563959223189],[-107.26072996173625,48.24568434027148],[-107.26073758872376,48.245706545852734],[-107.26092491980829,48.24570734650169],[-107.26093035688514,48.24568046539008],[-107.2609496541444,48.24566215869305],[-107.26096262292968,48.24565304026099],[-107.26096218359825,48.24564411465922],[-107.26098735718736,48.24560785249098],[-107.26098682244637,48.245594484020394],[-107.26073408770145,48.245626223749525]]]}"
00000000000000002404,4990,0,0,0,"{""type"":""Polygon"",""coordinates"":[[[-107.2609708295087,48.245536736030296],[-107.26095635197277,48.24551019195584],[-107.26095440384535,48.24546560392169],[-107.26092723764378,48.24545720663517],[-107.2606588095525,48.24558755887009],[-107.26068573376962,48.2455914577976],[-107.26070638686464,48.24560445789788],[-107.26073389036613,48.24562179660862],[-107.26073408770145,48.245626223749525],[-107.26098682244637,48.245594484020394],[-107.2609708295087,48.245536736030296]]]}"
000000000000000023fa,4991,0,0,0,"{""type"":""Polygon"",""coordinates"":[[[-107.26090007146254,48.245448809341795],[-107.26087300726444,48.24544039630236],[-107.26084584112382,48.24543199899527],[-107.26080575089472,48.2454327913706],[-107.26067805072198,48.24541739004399],[-107.26065797697011,48.24541782972605],[-107.26063859574676,48.245583484356324],[-107.2606588095525,48.24558755887009],[-107.26092723764378,48.24545720663517],[-107.26090007146254,48.245448809341795]]]}"
00000000000000002401,4992,0,0,0,"{""type"":""Polygon"",""coordinates"":[[[-107.26060462542473,48.24541887037569],[-107.26055117194562,48.245419926733824],[-107.26049771849539,48.24542098306151],[-107.26051609077668,48.24553670329197],[-107.26055662022792,48.245544836624155],[-107.2605778524203,48.24557127652893],[-107.26063859574676,48.245583484356324],[-107.26065797697011,48.24541782972605],[-107.26060462542473,48.24541887037569]]]}"
000000000000000023fb,4993,0,0,0,"{""type"":""Polygon"",""coordinates"":[[[-107.26049771849539,48.24542098306151],[-107.26037113257281,48.245432389498774],[-107.26036452418371,48.24543254931841],[-107.26038984829665,48.24555259250511],[-107.26040928557089,48.24553880015126],[-107.26044266536942,48.24553818350597],[-107.26051609077668,48.24553670329197],[-107.26049771849539,48.24542098306151]]]}"
000000000000000023ff,4994,0,0,0,"{""type"":""Polygon"",""coordinates"":[[[-107.26036452418371,48.24543254931841],[-107.26033104254574,48.24543318167082],[-107.26025130169997,48.245443691537574],[-107.26023084622841,48.24543511849756],[-107.2602571881101,48.245577527123764],[-107.26038984829665,48.24555259250511],[-107.26036452418371,48.24543254931841]]]}"
00000000000000002409,4995,0,0,0,"{""type"":""Polygon"",""coordinates"":[[[-107.26023084622841,48.24543511849756],[-107.26019707205513,48.24542688080874],[-107.26015926643785,48.24548120226889],[-107.26013297890643,48.24549065590968],[-107.26009964386441,48.24549134376131],[-107.26012433067875,48.24559803442845],[-107.2602571881101,48.245577527123764],[-107.26023084622841,48.24543511849756]]]}"
0000000000000000247a,4996,0,0,0,"{""type"":""Polygon"",""coordinates"":[[[-107.26009964386441,48.24549134376131],[-107.25995891861487,48.24548514677621],[-107.25999740742762,48.24560049907354],[-107.2601111645698,48.24560272559695],[-107.26012433067875,48.24559803442845],[-107.26009964386441,48.24549134376131]]]}"
0000000000000000248a,4997,0,0,0,"{""type"":""Polygon"",""coordinates"":[[[-107.25995891861487,48.24548514677621],[-107.25994555531028,48.245485410777356],[-107.2599196048994,48.24550380568627],[-107.2598661516873,48.24550486165807],[-107.25982606179718,48.24550565361693],[-107.25985716560798,48.24560329885576],[-107.25991037711836,48.245597744421744],[-107.25999740742762,48.24560049907354],[-107.25995891861487,48.24548514677621]]]}"
00000000000000002441,4998,0,0,0,"{""type"":""Polygon"",""coordinates"":[[[-107.25982606179718,48.24550565361693],[-107.25969242894743,48.245508293356046],[-107.25973179489391,48.24564149705876],[-107.25975827973717,48.24563647064523],[-107.25978403306058,48.24561364858535],[-107.25985716560798,48.24560329885576],[-107.25982606179718,48.24550565361693]]]}"
00000000000000002489,4999,0,0,0,"{""type"":""Polygon"",""coordinates"":[[[-107.25969242894743,48.245508293356046],[-107.25957215953692,48.24551066895846],[-107.25959966914844,48.24567979931438],[-107.25962663760419,48.24568376987376],[-107.25965943839839,48.24566971367433],[-107.25969223917924,48.24565565746778],[-107.25973179489391,48.24564149705876],[-107.25969242894743,48.245508293356046]]]}"
0000000000000000247b,5000,0,0,0,"{""type"":""Polygon"",""coordinates"":[[[-107.25957215953692,48.24551066895846],[-107.25953206976588,48.24551146079166],[-107.25949184018585,48.245507738413494],[-107.25946608684704,48.24553056034975],[-107.25944548553976,48.245669422613766],[-107.25954621586445,48.24568085511345],[-107.25956633412497,48.2456804869829],[-107.25959966914844,48.24567979931438],[-107.25957215953692,48.24551066895846]]]}"
0000000000000000248b,5001,0,0,0,"{""type"":""Polygon"",""coordinates"":[[[-107.25932084014588,48.24557362452208],[-107.25933488409393,48.24558678467996],[-107.25935607054593,48.245613153585666],[-107.2593839673508,48.245639347009806],[-107.25940519847732,48.245665787248036],[-107.25944548553976,48.245669422613766],[-107.25946608684704,48.24553056034975],[-107.25932084014588,48.24557362452208]]]}"
00000000000000002407,5002,0,0,0,"{""type"":""Polygon"",""coordinates"":[[[-107.25943794825184,48.24549986854741],[-107.25941554687655,48.245446707219244],[-107.25925717908667,48.245494533597],[-107.25925801231571,48.2455123134694],[-107.25927239316722,48.245534414960055],[-107.25932084014588,48.24557362452208],[-107.25946608684704,48.24553056034975],[-107.25949184018585,48.245507738413494],[-107.25943794825184,48.24549986854741]]]}"
00000000000000002490,5003,0,0,0,"{""type"":""Polygon"",""coordinates"":[[[-107.25938629547409,48.24538920724099],[-107.25937229616882,48.245376118457344],[-107.25920630280409,48.24540173908047],[-107.25922691034005,48.245414668157814],[-107.25925616145966,48.24547216821944],[-107.25925717908667,48.245494533597],[-107.25941554687655,48.245446707219244],[-107.25938629547409,48.24538920724099]]]}"
0000000000000000240e,5004,0,0,0,"{""type"":""Polygon"",""coordinates"":[[[-107.25935839883664,48.24536301393705],[-107.25935543495805,48.24529606064478],[-107.25935519318641,48.24529156220592],[-107.25916898705698,48.245313107929896],[-107.25916932399164,48.24532204923243],[-107.25917073586538,48.24535326880044],[-107.25918584783466,48.24539316581195],[-107.25920630280409,48.24540173908047],[-107.25937229616882,48.245376118457344],[-107.25935839883664,48.24536301393705]]]}"
0000000000000000241e,5005,0,0,0,"{""type"":""Polygon"",""coordinates"":[[[-107.25933910795182,48.24522937134811],[-107.25931107166511,48.24519866393694],[-107.2591585374599,48.245228463315875],[-107.25915897635434,48.24523738886688],[-107.25916898705698,48.245313107929896],[-107.25935519318641,48.24529156220592],[-107.25933910795182,48.24522937134811]]]}"
0000000000000000241d,5006,0,0,0,"{""type"":""Polygon"",""coordinates"":[[[-107.25929746679085,48.24519442941064],[-107.25929629656598,48.245167708369365],[-107.25929508173974,48.245140916023196],[-107.25929410867838,48.245118622114674],[-107.25928701689155,48.245109785008005],[-107.25912787482949,48.24513974401887],[-107.25913593953386,48.245170875068695],[-107.2591585374599,48.245228463315875],[-107.25931107166511,48.24519866393694],[-107.25929746679085,48.24519442941064]]]}"
00000000000000002420,5007,0,0,0,"{""type"":""Polygon"",""coordinates"":[[[-107.25925096053868,48.24504801798282],[-107.25925027985907,48.245034594047205],[-107.25908384930872,48.24505128872936],[-107.25909157704115,48.24507347846948],[-107.25912049076675,48.24512203694296],[-107.25912787482949,48.24513974401887],[-107.25928701689155,48.245109785008005],[-107.25925096053868,48.24504801798282]]]}"
00000000000000002410,5008,0,0,0,"{""type"":""Polygon"",""coordinates"":[[[-107.25906597132129,48.24494886617731],[-107.2590735018882,48.24496662878211],[-107.25907525061363,48.245006789393656],[-107.25908384930872,48.24505128872936],[-107.25925027985907,48.245034594047205],[-107.2592493068213,48.24501230018242],[-107.25924775506397,48.244976566668804],[-107.25924731614438,48.2449676411628],[-107.25906597132129,48.24494886617731]]]}"
0000000000000000241b,5009,0,0,0,"{""type"":""Polygon"",""coordinates"":[[[-107.25912889439248,48.24485837155023],[-107.259122775667,48.244871828271734],[-107.25910974962942,48.24488103337332],[-107.2590909485469,48.24490817787307],[-107.2590839014599,48.24489941210218],[-107.25906261366073,48.24487305921345],[-107.2590501284487,48.2448911740639],[-107.25906597132129,48.24494886617731],[-107.25924731614438,48.2449676411628],[-107.2592469791851,48.24495869992103],[-107.25924503310803,48.24491411226471],[-107.25926383411374,48.244886967733706],[-107.25912889439248,48.24485837155023]]]}"
00000000000000002406,5010,0,0,0,"{""type"":""Polygon"",""coordinates"":[[[-107.25913905207204,48.24478665660831],[-107.25910095377672,48.244832107100315],[-107.2591354074066,48.244853769000244],[-107.25912889439248,48.24485837155023],[-107.25926383411374,48.244886967733706],[-107.25928293421836,48.244864234560794],[-107.25928584732387,48.24477932678815],[-107.25913905207204,48.24478665660831]]]}"
0000000000000000241a,5011,0,0,0,"{""type"":""Polygon"",""coordinates"":[[[-107.25924789574164,48.244677344177084],[-107.25924104580412,48.2446730055249],[-107.25911592030339,48.24471570055529],[-107.25912962014682,48.24472437788517],[-107.25913905207204,48.24478665660831],[-107.25928584732387,48.24477932678815],[-107.25928973346936,48.24471671288207],[-107.25924789574164,48.244677344177084]]]}"
00000000000000002418,5012,0,0,0,"{""type"":""Polygon"",""coordinates"":[[[-107.25919235827469,48.24462929817571],[-107.25917855648046,48.24462063660723],[-107.25915032363439,48.24458550242511],[-107.25914337177241,48.24458117950963],[-107.25904050717097,48.24467252082609],[-107.25904731246958,48.244676788175624],[-107.25906796413734,48.24468978843981],[-107.25908861582387,48.24470278870227],[-107.2591023156523,48.244711466034325],[-107.25911592030339,48.24471570055529],[-107.25924104580412,48.2446730055249],[-107.25919235827469,48.24462929817571]]]}"
00000000000000002411,5013,0,0,0,"{""type"":""Polygon"",""coordinates"":[[[-107.25911529154304,48.24455040108294],[-107.25906751996091,48.244529074472744],[-107.25902685281892,48.24451642650371],[-107.25891251374989,48.24465270589342],[-107.25901985552814,48.24465952055961],[-107.25904050717097,48.24467252082609],[-107.25914337177241,48.24458117950963],[-107.25911529154304,48.24455040108294]]]}"
0000000000000000240d,5014,0,0,0,"{""type"":""Polygon"",""coordinates"":[[[-107.259013292862,48.244512263301374],[-107.258957756069,48.244464217297065],[-107.25889026155855,48.24445211270356],[-107.25881742244172,48.24461881944434],[-107.25888554632301,48.24464873518477],[-107.25891251374989,48.24465270589342],[-107.25902685281892,48.24451642650371],[-107.259013292862,48.244512263301374]]]}"
0000000000000000240f,5015,0,0,0,"{""type"":""GeometryCollection"",""geometries"":[{""type"":""LineString"",""coordinates"":[[-107.25881721664423,48.2446143538393],[-107.2588174132291,48.24461881624118]]},{""type"":""Polygon"",""coordinates"":[[[-107.2588364735816,48.24444422686953],[-107.2587696597511,48.2444455459816],[-107.25871620871919,48.24444660123701],[-107.2586961359099,48.244447040477056],[-107.25873700378997,48.244615903986755],[-107.25877024241746,48.24461077384874],[-107.25881718073269,48.244614321060084],[-107.25889026155855,48.24445211270356],[-107.2588364735816,48.24444422686953]]]}]}"
00000000000000002419,5016,0,0,0,"{""type"":""Polygon"",""coordinates"":[[[-107.2586961359099,48.244447040477056],[-107.25868948321404,48.244447128853274],[-107.25865648644427,48.2444567573146],[-107.25863680781966,48.2444660506506],[-107.25857704094545,48.2444761353647],[-107.25856552835525,48.24451654368033],[-107.2586309788462,48.244635865357736],[-107.25869759582625,48.24463011926294],[-107.25873700378997,48.244615903986755],[-107.2586961359099,48.244447040477056]]]}"
0000000000000000241f,5017,0,0,0,"{""type"":""Polygon"",""coordinates"":[[[-107.25856552835525,48.24451654368033],[-107.25855901537537,48.244521146161475],[-107.25850556435421,48.244522201300875],[-107.2584988542986,48.2445223767183],[-107.2584299011058,48.244626469624556],[-107.25845050779027,48.24463939870075],[-107.25853170175004,48.244660181060766],[-107.25858481618286,48.24465018470268],[-107.25862446584722,48.24464046785418],[-107.2586309788462,48.244635865357736],[-107.25856552835525,48.24451654368033]]]}"
00000000000000002491,5018,0,0,0,"{""type"":""Polygon"",""coordinates"":[[[-107.2584382167855,48.24451015194831],[-107.25841679009095,48.24447928497855],[-107.2582866587174,48.24456224315046],[-107.25828733905024,48.244575666981916],[-107.25835488362675,48.24459214352282],[-107.25842305133523,48.24462213091397],[-107.2584299011058,48.244626469624556],[-107.2584988542986,48.2445223767183],[-107.2584382167855,48.24451015194831]]]}"
00000000000000002494,5019,0,0,0,"{""type"":""Polygon"",""coordinates"":[[[-107.2583482285349,48.24444044354859],[-107.2583342300811,48.24442735482663],[-107.25818938241864,48.24447927037913],[-107.25818962405073,48.244483768755444],[-107.25821765857998,48.24451447612387],[-107.25826567084381,48.244540301555936],[-107.2582866587174,48.24456224315046],[-107.25841679009095,48.24447928497855],[-107.25841591264656,48.244461434118136],[-107.2583482285349,48.24444044354859]]]}"
00000000000000002495,5020,0,0,0,"{""type"":""Polygon"",""coordinates"":[[[-107.2583200919483,48.24440975199981],[-107.25831766366782,48.24435616802874],[-107.25829691751888,48.244338724887776],[-107.25811236355732,48.24440044394017],[-107.25813301453839,48.24441344435495],[-107.25814710795657,48.24443097589545],[-107.25818841000955,48.24445697672151],[-107.25818938241864,48.24447927037913],[-107.2583342300811,48.24442735482663],[-107.2583200919483,48.24440975199981]]]}"
00000000000000002414,5021,0,0,0,"{""type"":""Polygon"",""coordinates"":[[[-107.25824813005416,48.244295033020634],[-107.25820726677365,48.24427795769649],[-107.25820673301996,48.24426458952124],[-107.25803593612216,48.24433489868579],[-107.25807821029062,48.24438319313821],[-107.25811236355732,48.24440044394017],[-107.25829691751888,48.244338724887776],[-107.25824813005416,48.244295033020634]]]}"
00000000000000002417,5022,0,0,0,"{""type"":""Polygon"",""coordinates"":[[[-107.25819162260248,48.24422469316686],[-107.25815663669516,48.24418966299172],[-107.25814954542379,48.24418082594307],[-107.25797247757494,48.24426023566077],[-107.25797976581367,48.24427349977854],[-107.25799390368618,48.24429110261673],[-107.25800804157346,48.24430870545832],[-107.25803593612216,48.24433489868579],[-107.25820673301996,48.24426458952124],[-107.25819162260248,48.24422469316686]]]}"
00000000000000002416,5023,0,0,0,"{""type"":""Polygon"",""coordinates"":[[[-107.2581135872345,48.24412350226048],[-107.25809293641554,48.244110501908615],[-107.25808608679908,48.24410616321237],[-107.25792825919694,48.24416735417261],[-107.25793574440705,48.24418504530582],[-107.25795032083361,48.24421157351329],[-107.25796475072708,48.24423804614906],[-107.25797247757494,48.24426023566077],[-107.25814954542379,48.24418082594307],[-107.2581135872345,48.24412350226048]]]}"
000000000000000023f3,5024,0,0,0,"{""type"":""Polygon"",""coordinates"":[[[-107.25807913522762,48.24410184025165],[-107.25805012879368,48.24404883958222],[-107.25803599096606,48.24403123683171],[-107.25802889975937,48.24402239979895],[-107.25790411347307,48.24407403376375],[-107.25790488871951,48.24409190023983],[-107.2579056193691,48.244109695404184],[-107.25792116800173,48.24415851710888],[-107.25792825919694,48.24416735417261],[-107.25808608679908,48.24410616321237],[-107.25807913522762,48.24410184025165]]]}"
00000000000000002497,5025,0,0,0,"{""type"":""Polygon"",""coordinates"":[[[-107.25801470459406,48.2440048841067],[-107.25799935288066,48.243960489576615],[-107.25785300132814,48.24397674253965],[-107.25786072806126,48.243998931953726],[-107.2579038718739,48.24406953542071],[-107.25790411347307,48.24407403376375],[-107.25802889975937,48.24402239979895],[-107.25801470459406,48.2440048841067]]]}"
000000000000000023f0,5026,0,0,0,"{""type"":""Polygon"",""coordinates"":[[[-107.25799216663985,48.243947209802165],[-107.25799172801494,48.24393828445652],[-107.25799075570748,48.243915991022135],[-107.25798934477478,48.243884772260515],[-107.25798225360724,48.24387593524776],[-107.25780237262937,48.24388844811556],[-107.25781704388096,48.2439194189482],[-107.2578444043426,48.24393224395366],[-107.25783866665365,48.243954712764285],[-107.25785300132814,48.24397674253965],[-107.25799935288066,48.243960489576615],[-107.25799216663985,48.243947209802165]]]}"
000000000000000023f1,5027,0,0,0,"{""type"":""Polygon"",""coordinates"":[[[-107.25797423474016,48.243844876148486],[-107.25797171186473,48.24378684999194],[-107.25797127324276,48.24377792467316],[-107.25775223318007,48.24381345055278],[-107.25775908268152,48.243817789251764],[-107.25777322026326,48.24383539197828],[-107.25778779643568,48.24386192004165],[-107.25780149547111,48.24387059744152],[-107.25780237262937,48.24388844811556],[-107.25798225360724,48.24387593524776],[-107.25797423474016,48.243844876148486]]]}"
00000000000000002498,5028,0,0,0,"{""type"":""Polygon"",""coordinates"":[[[-107.25774713076848,48.24369748539523],[-107.25774732775453,48.24370191239021],[-107.25773823524315,48.24380036188586],[-107.25775223318007,48.24381345055278],[-107.25797127324276,48.24377792467316],[-107.25797049795484,48.24376005830464],[-107.2579892038943,48.243728471883266],[-107.25774713076848,48.24369748539523]]]}"
000000000000000023ef,5029,0,0,0,"{""type"":""Polygon"",""coordinates"":[[[-107.25787030788956,48.2436102064418],[-107.25783099612349,48.24362886378667],[-107.2577653536453,48.24365690243422],[-107.25774713076848,48.24369748539523],[-107.2579892038943,48.243728471883266],[-107.25799571675422,48.24372386951272],[-107.25800864051455,48.24371468050708],[-107.25801515337089,48.24371007813651],[-107.25787030788956,48.2436102064418]]]}"
000000000000000023ea,5030,0,0,0,"{""type"":""Polygon"",""coordinates"":[[[-107.25800825786476,48.24355388233744],[-107.25798857972207,48.243563175369886],[-107.25796860950139,48.243563598699104],[-107.25790961963241,48.24359154908802],[-107.25789659395234,48.24360075379338],[-107.25787030788956,48.2436102064418],[-107.25801515337089,48.24371007813651],[-107.25802156427011,48.24370549150143],[-107.25806685524164,48.24366886365166],[-107.25800825786476,48.24355388233744]]]}"
000000000000000023ee,5031,0,0,0,"{""type"":""Polygon"",""coordinates"":[[[-107.25814819705651,48.24354221593411],[-107.25808779620625,48.24353894786706],[-107.25801486575496,48.24355372269824],[-107.25800825786476,48.24355388233744],[-107.25806685524164,48.24366886365166],[-107.25807977897409,48.243659674646715],[-107.25813278984597,48.24364969450377],[-107.25818623939684,48.243648639626514],[-107.25814819705651,48.24354221593411]]]}"
000000000000000023f2,5032,0,0,0,"{""type"":""Polygon"",""coordinates"":[[[-107.25828114027189,48.243526155108725],[-107.2582150088168,48.24354089732938],[-107.25818828410728,48.243541424776986],[-107.25816155940497,48.24354195221697],[-107.25814819705651,48.24354221593411],[-107.25818623939684,48.243648639626514],[-107.25829989306487,48.24364642570179],[-107.25832617917104,48.24363697292822],[-107.25828114027189,48.243526155108725]]]}"
0000000000000000240c,5033,0,0,0,"{""type"":""Polygon"",""coordinates"":[[[-107.25840650308209,48.243487960526046],[-107.25830106003674,48.243521360317324],[-107.25828114027189,48.243526155108725],[-107.25832617917104,48.24363697292822],[-107.25835246527129,48.24362752014928],[-107.25835168979239,48.24360965383944],[-107.25836505219408,48.2436093900923],[-107.25838570291047,48.24362239026519],[-107.25845883072708,48.243612042109596],[-107.25840650308209,48.243487960526046]]]}"
00000000000000002415,5034,0,0,0,"{""type"":""Polygon"",""coordinates"":[[[-107.25853288305825,48.24347213034982],[-107.25847987231532,48.24348211067685],[-107.258440077392,48.24349177163944],[-107.25840650308209,48.243487960526046],[-107.25845883072708,48.243612042109596],[-107.25852496239509,48.24359729969584],[-107.258583952216,48.243569348927146],[-107.25853288305825,48.24347213034982]]]}"
000000000000000023e1,5035,0,0,0,"{""type"":""Polygon"",""coordinates"":[[[-107.25867214209852,48.24344703964955],[-107.25864565902138,48.24345206551092],[-107.25857253142381,48.24346241377194],[-107.25853288305825,48.24347213034982],[-107.258583952216,48.243569348927146],[-107.25861067705817,48.24356882136579],[-107.25865032554366,48.24355910473499],[-107.25870377525817,48.24355804956737],[-107.25867214209852,48.24344703964955]]]}"
00000000000000002412,5036,0,0,0,"{""type"":""Polygon"",""coordinates"":[[[-107.25872525480828,48.24343704348657],[-107.25867214209852,48.24344703964955],[-107.25870377525817,48.24355804956737],[-107.25871052975158,48.24355794545948],[-107.25879658122757,48.24353840799064],[-107.25881655160994,48.243537984485364],[-107.258811306004,48.24341750605627],[-107.25872525480828,48.24343704348657]]]}"
000000000000000023e7,5037,0,0,0,"{""type"":""Polygon"",""coordinates"":[[[-107.2589318093791,48.243419629978995],[-107.25889148041762,48.24341592316753],[-107.25885163492308,48.24342121290259],[-107.258811306004,48.24341750605627],[-107.25881655160994,48.243537984485364],[-107.25895649175092,48.24352631688371],[-107.25896300452331,48.24352171446736],[-107.2589318093791,48.243419629978995]]]}"
000000000000000023e0,5038,0,0,0,"{""type"":""Polygon"",""coordinates"":[[[-107.2589318093791,48.243419629978995],[-107.25896300452331,48.24352171446736],[-107.25906217673935,48.24349741465212],[-107.25907578094925,48.24350164909284],[-107.25908476794037,48.24340321585305],[-107.2589318093791,48.243419629978995]]]}"
0000000000000000241c,5039,0,0,0,"{""type"":""Polygon"",""coordinates"":[[[-107.25908476794037,48.24340321585305],[-107.25907578094925,48.24350164909284],[-107.25912976493137,48.243513961653726],[-107.25915692880481,48.243522359199446],[-107.25919030634144,48.24352174307024],[-107.25921037875443,48.24352130374463],[-107.25921858950315,48.24340500424129],[-107.25908476794037,48.24340321585305]]]}"
000000000000000023e5,5040,0,0,0,"{""type"":""Polygon"",""coordinates"":[[[-107.2593325806777,48.24341173006985],[-107.25921858950315,48.24340500424129],[-107.25921037875443,48.24352130374463],[-107.25933097824893,48.243527869857154],[-107.25935129247671,48.24353192878997],[-107.25934594314748,48.24341146618549],[-107.2593325806777,48.24341173006985]]]}"
0000000000000000240a,5041,0,0,0,"{""type"":""Polygon"",""coordinates"":[[[-107.2594662054567,48.24340909114061],[-107.25935910843528,48.24340677533689],[-107.25934594314748,48.24341146618549],[-107.25935129247671,48.24353192878997],[-107.25937815733856,48.243535915036404],[-107.25942495484838,48.24353494787735],[-107.25944496996178,48.24353459555429],[-107.25947169502369,48.24353406774811],[-107.25948505755734,48.24353380384216],[-107.25947956794454,48.24340882723722],[-107.2594662054567,48.24340909114061]]]}"
000000000000000023e4,5042,0,0,0,"{""type"":""Polygon"",""coordinates"":[[[-107.25959287867356,48.24340212923134],[-107.25947956794454,48.24340882723722],[-107.25948505755734,48.24353380384216],[-107.25953850771006,48.243532748199364],[-107.25959195789164,48.24353169252609],[-107.25961868299325,48.24353116467803],[-107.25961319292203,48.24340618809858],[-107.25959287867356,48.24340212923134]]]}"
00000000000000002413,5043,0,0,0,"{""type"":""Polygon"",""coordinates"":[[[-107.25974642361821,48.24339469485054],[-107.25966013024909,48.24340973484229],[-107.25964025501887,48.243414601223044],[-107.25961319292203,48.24340618809858],[-107.25961868299325,48.24353116467803],[-107.25963865354574,48.24353074099754],[-107.25968505673332,48.243520919767704],[-107.2597381698791,48.24351092301953],[-107.25975794321445,48.24350607234538],[-107.25974642361821,48.24339469485054]]]}"
000000000000000023dd,5044,0,0,0,"{""type"":""Polygon"",""coordinates"":[[[-107.25988004892412,48.24339205533298],[-107.25987329437598,48.243392159524184],[-107.2597729068303,48.243389668687655],[-107.25974642361821,48.24339469485054],[-107.25975794321445,48.24350607234538],[-107.25981085912417,48.243491648592524],[-107.2598308742968,48.24349129618781],[-107.25989103455076,48.243490064841424],[-107.25988004892412,48.24339205533298]]]}"
00000000000000002403,5045,0,0,0,"{""type"":""Polygon"",""coordinates"":[[[-107.2599855366311,48.24335872520381],[-107.25993325724247,48.24338650119924],[-107.25988004892412,48.24339205533298],[-107.25989103455076,48.243490064841424],[-107.26001085868644,48.24347876384004],[-107.26004443375449,48.243482574372656],[-107.2599855366311,48.24335872520381]]]}"
000000000000000023d4,5046,0,0,0,"{""type"":""Polygon"",""coordinates"":[[[-107.26012479651654,48.243333632429454],[-107.26009175600761,48.243343189843934],[-107.2600581810415,48.24333937933532],[-107.25999865731178,48.24335396295671],[-107.2599855366311,48.24335872520381],[-107.26004443375449,48.243482574372656],[-107.26011853580755,48.2434945181584],[-107.26017145177345,48.24348009420858],[-107.26012479651654,48.243333632429454]]]}"
000000000000000023dc,5047,0,0,0,"{""type"":""Polygon"",""coordinates"":[[[-107.26023743326049,48.243309051752654],[-107.2602112872532,48.24332301899036],[-107.2601446717464,48.243328765955866],[-107.26012479651654,48.243333632429454],[-107.26017145177345,48.24348009420858],[-107.26023097575744,48.24346551043889],[-107.26031736492047,48.243454912605884],[-107.26023743326049,48.243309051752654]]]}"
000000000000000023f9,5048,0,0,0,"{""type"":""Polygon"",""coordinates"":[[[-107.26027668716452,48.243290480601544],[-107.26025035663486,48.243299862527145],[-107.26023743326049,48.243309051752654],[-107.26031736492047,48.243454912605884],[-107.26035731285215,48.243449606509245],[-107.2604416144553,48.24338990824347],[-107.2604737765641,48.2433625002534],[-107.26047343927979,48.24335355929529],[-107.26027668716452,48.243290480601544]]]}"
00000000000000002402,5049,0,0,0,"{""type"":""Polygon"",""coordinates"":[[[-107.26032076084527,48.24322706067338],[-107.26030327234233,48.24328543856428],[-107.26027668716452,48.243290480601544],[-107.26047343927979,48.24335355929529],[-107.26048592340211,48.24333544481358],[-107.26049850946971,48.24331731459872],[-107.26050210052627,48.2432458328093],[-107.26032076084527,48.24322706067338]]]}"
0000000000000000240b,5050,0,0,0,"{""type"":""Polygon"",""coordinates"":[[[-107.26036375864474,48.24314136349572],[-107.26035821979666,48.24316825901909],[-107.26033334692809,48.24320893051689],[-107.26032076084527,48.24322706067338],[-107.26050210052627,48.2432458328093],[-107.26050618157252,48.24318764766701],[-107.26053173547095,48.24316039957977],[-107.26053139816929,48.243151458656435],[-107.26036375864474,48.24314136349572]]]}"
000000000000000023da,5051,0,0,0,"{""type"":""Polygon"",""coordinates"":[[[-107.26037318138648,48.24305185606206],[-107.26036375864474,48.24314136349572],[-107.26053139816929,48.243151458656435],[-107.26052745801609,48.24306221524891],[-107.26037318138648,48.24305185606206]]]}"
000000000000000023d9,5052,0,0,0,"{""type"":""Polygon"",""coordinates"":[[[-107.26053003044808,48.24296836952193],[-107.2603694389159,48.242967039726445],[-107.26037803906479,48.24301153719479],[-107.26037318138648,48.24305185606206],[-107.26052745801609,48.24306221524891],[-107.26052701875804,48.24305329008011],[-107.26053882813466,48.243017293895015],[-107.26053003044808,48.24296836952193]]]}"
000000000000000023f4,5053,0,0,0,"{""type"":""Polygon"",""coordinates"":[[[-107.26033921350435,48.242887249797874],[-107.26033955076315,48.242896190678344],[-107.26036822320981,48.24294024852994],[-107.2603694389159,48.242967039726445],[-107.26053003044808,48.24296836952193],[-107.26052837536409,48.242932653181384],[-107.26053216358105,48.242865598825176],[-107.26033921350435,48.242887249797874]]]}"
000000000000000023de,5054,0,0,0,"{""type"":""Polygon"",""coordinates"":[[[-107.26051519828033,48.242785560804876],[-107.26051505830533,48.24278104684844],[-107.26032191139497,48.24279827083383],[-107.26032224865094,48.242807211699414],[-107.26033921350435,48.242887249797874],[-107.26053216358105,48.242865598825176],[-107.26053148238755,48.242852175465096],[-107.26051519828033,48.242785560804876]]]}"
000000000000000023df,5055,0,0,0,"{""type"":""Polygon"",""coordinates"":[[[-107.26049897157556,48.24271885917214],[-107.26049809306461,48.24270100895144],[-107.26049080397233,48.24268774544047],[-107.26029785489533,48.242709396231966],[-107.26029168620168,48.24271848113916],[-107.26030733333921,48.242771743735894],[-107.26032191139497,48.24279827083383],[-107.26051505830533,48.24278104684844],[-107.26049897157556,48.24271885917214]]]}"
000000000000000023e3,5056,0,0,0,"{""type"":""Polygon"",""coordinates"":[[[-107.26045372860959,48.242603617575355],[-107.26030727757241,48.24261988953685],[-107.2603012042465,48.24263341705869],[-107.26031024348049,48.242686839363586],[-107.26029785489533,48.242709396231966],[-107.26049080397233,48.24268774544047],[-107.26045372860959,48.242603617575355]]]}"
000000000000000023e2,5057,0,0,0,"{""type"":""Polygon"",""coordinates"":[[[-107.26046315087437,48.24251411105427],[-107.26030985040897,48.24252604458971],[-107.26031106608932,48.24255283557796],[-107.26031203986318,48.24257512837755],[-107.26031301363687,48.24259742118654],[-107.26030727757241,48.24261988953685],[-107.26045372860959,48.242603617575355],[-107.26045353128734,48.24259919068632],[-107.2604529520724,48.24258575165492],[-107.26047043992682,48.24252737452485],[-107.26046315087437,48.24251411105427]]]}"
000000000000000023ce,5058,0,0,0,"{""type"":""Polygon"",""coordinates"":[[[-107.26044094645866,48.24246537985028],[-107.26044628777233,48.2424340578094],[-107.26030581535838,48.24243235960269],[-107.26030834207188,48.24249038411578],[-107.26030965310366,48.242521617706444],[-107.26030985040897,48.24252604458971],[-107.26046315087437,48.24251411105427],[-107.26044094645866,48.24246537985028]]]}"
000000000000000023d8,5059,0,0,0,"{""type"":""Polygon"",""coordinates"":[[[-107.26044234772637,48.24234481560518],[-107.26030187565593,48.24234311738685],[-107.26029808718312,48.242410171078596],[-107.26030581535838,48.24243235960269],[-107.26044628777233,48.2424340578094],[-107.26045765770839,48.24238913700282],[-107.26044234772637,48.24234481560518]]]}"
000000000000000023d6,5060,0,0,0,"{""type"":""GeometryCollection"",""geometries"":[{""type"":""LineString"",""coordinates"":[[-107.26043562805171,48.242344933839526],[-107.26044230856846,48.242344802442574]]},{""type"":""Polygon"",""coordinates"":[[[-107.26029793595055,48.242253875321396],[-107.26029827320917,48.242262816095035],[-107.26029924698551,48.24228510877254],[-107.26029968619758,48.242294033814034],[-107.26030726780247,48.24231616671306],[-107.26030187565593,48.24234311738685],[-107.26043559332815,48.24234491983007],[-107.26044093461825,48.24231359786137],[-107.26043286907685,48.242282468622655],[-107.26045176988765,48.242255309525454],[-107.26029793595055,48.242253875321396]]]}]}"
000000000000000023d5,5061,0,0,0,"{""type"":""Polygon"",""coordinates"":[[[-107.26046236318783,48.24219252308478],[-107.26044782980313,48.24216606762379],[-107.26028063408722,48.24216489740837],[-107.26028787840335,48.24217808949481],[-107.26028214241613,48.24220055766366],[-107.26030356998734,48.242231422866304],[-107.26029793595055,48.242253875321396],[-107.26045176988765,48.242255309525454],[-107.26047727849765,48.24222799063615],[-107.26046236318783,48.24219252308478]]]}"
000000000000000023d7,5062,0,0,0,"{""type"":""Polygon"",""coordinates"":[[[-107.26027664980832,48.24207558432802],[-107.26028349949816,48.24207992269974],[-107.2602789792041,48.242129181600575],[-107.26028063408722,48.24216489740837],[-107.26044782980313,48.24216606762379],[-107.26044054081825,48.24215280424033],[-107.26044364779017,48.24207232771386],[-107.26027664980832,48.24207558432802]]]}"
000000000000000023d1,5063,0,0,0,"{""type"":""GeometryCollection"",""geometries"":[{""type"":""LineString"",""coordinates"":[[-107.26029276576904,48.24198597597212],[-107.26028608529832,48.24198610735965]]},{""type"":""Polygon"",""coordinates"":[[[-107.26029272458577,48.241985990239144],[-107.26028728790172,48.2420128694287],[-107.26030098726595,48.24202154616059],[-107.26030142648183,48.24203047115752],[-107.2603019610525,48.2420438387362],[-107.26027601329467,48.242062232478254],[-107.26027664980832,48.24207558432802],[-107.26044364779017,48.24207232771386],[-107.26044136274834,48.24201880182277],[-107.26043970769975,48.24198308612051],[-107.26029272458577,48.241985990239144]]]}]}"
000000000000000023d3,5064,0,0,0,"{""type"":""Polygon"",""coordinates"":[[[-107.26042162898679,48.24187624301495],[-107.2602760593115,48.241910364581685],[-107.26027630121722,48.24191486272751],[-107.26027095988998,48.24194618445204],[-107.26027153905169,48.2419596233235],[-107.26027197826116,48.24196854831029],[-107.26028607221652,48.241986078713566],[-107.26043970769975,48.24198308612051],[-107.2604379572787,48.24194292787076],[-107.26043640418196,48.24190719648223],[-107.26042162898679,48.24187624301495]]]}"
000000000000000023d2,5065,0,0,0,"{""type"":""Polygon"",""coordinates"":[[[-107.26040510342231,48.241805131416385],[-107.26039116217179,48.24179195659886],[-107.2602121591184,48.24182678155366],[-107.26021944795109,48.24184004487663],[-107.26024009882414,48.24185304421228],[-107.26026759936654,48.24187038190285],[-107.2602760593115,48.241910364581685],[-107.26042162898679,48.24187624301495],[-107.26042129169196,48.24186730230796],[-107.26040510342231,48.241805131416385]]]}"
000000000000000023e6,5066,0,0,0,"{""type"":""Polygon"",""coordinates"":[[[-107.26038192557925,48.241734108388854],[-107.26038799870052,48.241720581096914],[-107.26018767071734,48.24172452529812],[-107.26018193477415,48.24174699326735],[-107.26017032292265,48.24178741536093],[-107.2602121591184,48.24182678155366],[-107.26039116217179,48.24179195659886],[-107.26038435711118,48.24178768957106],[-107.2603901883218,48.24176966413184],[-107.26038270210593,48.24175197402268],[-107.26040237916956,48.24174268084502],[-107.26038192557925,48.241734108388854]]]}"
000000000000000023eb,5067,0,0,0,"{""type"":""Polygon"",""coordinates"":[[[-107.26037798559226,48.241644867360606],[-107.26021686550752,48.24163016971347],[-107.26020370085473,48.24163486050611],[-107.26019252826532,48.24168420745456],[-107.26018767071734,48.24172452529812],[-107.26038799870052,48.241720581096914],[-107.26037798559226,48.241644867360606]]]}"
000000000000000023cf,5068,0,0,0,"{""type"":""Polygon"",""coordinates"":[[[-107.26025976591491,48.241540032680945],[-107.26025345088685,48.24154906180346],[-107.26024086542199,48.241567191365284],[-107.2602298902088,48.24162096506091],[-107.26021686550752,48.24163016971347],[-107.26037798559226,48.241644867360606],[-107.26037745098475,48.241631499884036],[-107.26039489373947,48.24157305251972],[-107.26040120874781,48.2415640233843],[-107.26025976591491,48.241540032680945]]]}"
000000000000000023cd,5069,0,0,0,"{""type"":""Polygon"",""coordinates"":[[[-107.26028274729889,48.24145469078286],[-107.26025976591491,48.241540032680945],[-107.26040120874781,48.2415640233843],[-107.26041933260433,48.24151899911189],[-107.26043050484844,48.241469652299834],[-107.26028274729889,48.24145469078286]]]}"
00000000000000002396,5070,0,0,0,"{""type"":""Polygon"",""coordinates"":[[[-107.260292366693,48.24136961301243],[-107.2602886230831,48.241436736776826],[-107.26028274729889,48.24145469078286],[-107.26043050484844,48.241469652299834],[-107.2604434275161,48.24146046338559],[-107.2604394873401,48.24137122282603],[-107.260292366693,48.24136961301243]]]}"
000000000000000023a0,5071,0,0,0,"{""type"":""Polygon"",""coordinates"":[[[-107.26042825832275,48.241268719250264],[-107.26029527642882,48.24128471089992],[-107.26030290248617,48.241306914693766],[-107.260292366693,48.24136961301243],[-107.2604394873401,48.24137122282603],[-107.26043186118018,48.24134901901866],[-107.26043574449035,48.24128640919559],[-107.26042825832275,48.241268719250264]]]}"
000000000000000023c4,5072,1,0,0,"{""type"":""Polygon"",""coordinates"":[[[-107.26041985562559,48.24122865002236],[-107.26039847302266,48.24119785673365],[-107.2604108163623,48.241175229200245],[-107.26023832859141,48.24120545142083],[-107.26025290608678,48.2412319777585],[-107.26029474184345,48.2412713435133],[-107.26029527642882,48.24128471089992],[-107.26042825832275,48.241268719250264],[-107.26041985562559,48.24122865002236]]]}"
000000000000000023c3,5073,0,0,0,"{""type"":""Polygon"",""coordinates"":[[[-107.26040711815274,48.241090487194164],[-107.26024065922894,48.241107110913084],[-107.26023832859141,48.24120545142083],[-107.2604108163623,48.241175229200245],[-107.26041669203492,48.24115727528401],[-107.26041494158639,48.241117117661084],[-107.26041396769793,48.2410948254795],[-107.26040711815274,48.241090487194164]]]}"
000000000000000023be,5074,0,0,0,"{""type"":""Polygon"",""coordinates"":[[[-107.26039939010508,48.2410682992375],[-107.26038481253347,48.24104177300603],[-107.26037033693322,48.24101523104806],[-107.26036916574525,48.24098851215386],[-107.26036241159939,48.24098861636453],[-107.26018385172573,48.24103236546587],[-107.2602123254225,48.241071995086976],[-107.2602404619222,48.241102684148366],[-107.26024065922894,48.241107110913084],[-107.26040711815274,48.241090487194164],[-107.26039939010508,48.2410682992375]]]}"
000000000000000023c7,5075,0,0,0,"{""type"":""Polygon"",""coordinates"":[[[-107.26035536476093,48.24097985132969],[-107.26032786476728,48.24096251394203],[-107.26029885638735,48.24090951714441],[-107.26025755557319,48.24088351893698],[-107.26012102877736,48.24097106011361],[-107.26017558929128,48.2409968101926],[-107.2601767603371,48.24102352909695],[-107.26018385172573,48.24103236546587],[-107.26036241159939,48.24098861636453],[-107.26035536476093,48.24097985132969]]]}"
000000000000000023bd,5076,0,0,0,"{""type"":""Polygon"",""coordinates"":[[[-107.26020333236809,48.24086670949654],[-107.26018287933084,48.24085813712583],[-107.26016888116416,48.24084504954975],[-107.26012826165064,48.240832474162715],[-107.26000582837916,48.24093754517917],[-107.2600126778204,48.240941883483224],[-107.2600532020228,48.24095001645497],[-107.26007972810571,48.240945061795856],[-107.26010722789522,48.24096239925403],[-107.26012102877736,48.24097106011361],[-107.26025755557319,48.24088351893698],[-107.26020333236809,48.24086670949654]]]}"
000000000000000023bf,5077,0,0,0,"{""type"":""Polygon"",""coordinates"":[[[-107.26010095922662,48.24081956349259],[-107.26003949228476,48.240789562207524],[-107.25999231613098,48.240781517696114],[-107.25989820334159,48.24092186261817],[-107.25994553227422,48.24093426263374],[-107.26000582837916,48.24093754517917],[-107.26012826165064,48.240832474162715],[-107.26010095922662,48.24081956349259]]]}"
000000000000000023c2,5078,0,0,0,"{""type"":""Polygon"",""coordinates"":[[[-107.25997875724022,48.240777354896785],[-107.25992604254274,48.24079620464286],[-107.25987866919998,48.24078373333295],[-107.25984456219042,48.24076655560798],[-107.25979602804593,48.240879142972716],[-107.25980268018138,48.24087905454003],[-107.2598498117177,48.240887027847435],[-107.25989820334159,48.24092186261817],[-107.25999231613098,48.240781517696114],[-107.25997875724022,48.240777354896785]]]}"
000000000000000023c6,5079,0,0,0,"{""type"":""Polygon"",""coordinates"":[[[-107.25979014233317,48.240745319219165],[-107.25975666513386,48.240745951202804],[-107.2597032188759,48.2407470068127],[-107.25967533444637,48.24087259331006],[-107.25975608308707,48.24088444850286],[-107.25979602804593,48.240879142972716],[-107.25984456219042,48.24076655560798],[-107.25979014233317,48.240745319219165]]]}"
000000000000000023b8,5080,0,0,0,"{""type"":""Polygon"",""coordinates"":[[[-107.25969661136897,48.240747166549866],[-107.25964943552306,48.240739121868664],[-107.25959521316565,48.240722312109234],[-107.25951975811388,48.24083100027346],[-107.25955357240424,48.240839308911426],[-107.25956746830686,48.24085241231986],[-107.25966197284508,48.24087285720557],[-107.25967533444637,48.24087259331006],[-107.2597032188759,48.2407470068127],[-107.25969661136897,48.240747166549866]],[[-107.25960026464709,48.24083835753643],[-107.2595868077886,48.240834178939046],[-107.2595873421248,48.240847546225524],[-107.25960026464709,48.24083835753643]]]}"
000000000000000023ec,5081,0,0,0,"{""type"":""Polygon"",""coordinates"":[[[-107.25954764297536,48.24070541390899],[-107.25949342077332,48.240688604098864],[-107.25948005926423,48.2406888679658],[-107.25939722048366,48.24077985036023],[-107.25943099005785,48.24078808772377],[-107.2595063965497,48.240831264146166],[-107.25951975811388,48.24083100027346],[-107.25959521316565,48.240722312109234],[-107.25954764297536,48.24070541390899]]]}"
000000000000000023e8,5082,0,0,0,"{""type"":""Polygon"",""coordinates"":[[[-107.25943919865244,48.2406717942614],[-107.25939857990058,48.240659218587595],[-107.25937768833506,48.24064172129319],[-107.25930028657491,48.24070582502647],[-107.25935592085152,48.24075385179877],[-107.25938317814642,48.24076669136563],[-107.25939722048366,48.24077985036023],[-107.25948005926423,48.2406888679658],[-107.25943919865244,48.2406717942614]]]}"
000000000000000023e9,5083,0,0,0,"{""type"":""Polygon"",""coordinates"":[[[-107.25933619166891,48.2406112960588],[-107.25930130923659,48.240576252917414],[-107.25918402038562,48.240645574716865],[-107.25927234860676,48.24067956261962],[-107.25927298477983,48.24069291413589],[-107.25930028657491,48.24070582502647],[-107.25937768833506,48.24064172129319],[-107.25933619166891,48.2406112960588]]]}"
000000000000000023b7,5084,0,0,0,"{""type"":""Polygon"",""coordinates"":[[[-107.25928731161446,48.24056316526874],[-107.25924587249699,48.2405326529875],[-107.25920481507912,48.240511152503785],[-107.2590878633814,48.24058941459802],[-107.25912251049147,48.24061550158939],[-107.25914957036032,48.24062391446503],[-107.25917706920747,48.240641252108254],[-107.25918402038562,48.240645574716865],[-107.25930130923659,48.240576252917414],[-107.25928731161446,48.24056316526874]]]}"
000000000000000023cc,5085,0,0,0,"{""type"":""Polygon"",""coordinates"":[[[-107.25912270043865,48.24046815150496],[-107.25910856312203,48.240450550090124],[-107.25897844732854,48.24053350249048],[-107.2589925845905,48.24055110395344],[-107.25901318948492,48.240564031958904],[-107.25902698980477,48.240572692924765],[-107.25904068818504,48.24058136962528],[-107.2590878633814,48.24058941459802],[-107.25920481507912,48.240511152503785],[-107.25912270043865,48.24046815150496]]]}"
000000000000000023b6,5086,0,0,0,"{""type"":""Polygon"",""coordinates"":[[[-107.25908713770536,48.240419685604735],[-107.25904539987893,48.240384762334266],[-107.25892048653147,48.24043187998556],[-107.25892757742318,48.240440716361064],[-107.25894919983372,48.24047600761682],[-107.25897844732854,48.24053350249048],[-107.25910856312203,48.240450550090124],[-107.25908713770536,48.240419685604735]]]}"
000000000000000023db,5087,0,0,0,"{""type"":""Polygon"",""coordinates"":[[[-107.25901007910419,48.24034079449568],[-107.25899530582217,48.24030984167651],[-107.25888297821317,48.24033883022133],[-107.258897452296,48.24036537210275],[-107.25889886417652,48.24039658875134],[-107.25892048653147,48.24043187998556],[-107.25904539987893,48.240384762334266],[-107.25904506289723,48.240375821866444],[-107.25901007910419,48.24034079449568]]]}"
000000000000000023b4,5088,0,0,0,"{""type"":""Polygon"",""coordinates"":[[[-107.25897388059592,48.24027897724308],[-107.25898495882436,48.24022518929206],[-107.25883244574891,48.24025498481762],[-107.25883322155896,48.240272849982865],[-107.25888297821317,48.24033883022133],[-107.25899530582217,48.24030984167651],[-107.25897388059592,48.24027897724308]]]}"
000000000000000023b3,5089,0,0,0,"{""type"":""Polygon"",""coordinates"":[[[-107.25882817241292,48.24015680569602],[-107.2588374062852,48.24021465240051],[-107.25883244574891,48.24025498481762],[-107.25898495882436,48.24022518929206],[-107.25898471706849,48.240220691282786],[-107.25898398577816,48.2402028974503],[-107.2589817979293,48.24015381579132],[-107.25882817241292,48.24015680569602]]]}"
000000000000000023b2,5090,0,0,0,"{""type"":""Polygon"",""coordinates"":[[[-107.2588308433307,48.240067407502245],[-107.25881889396618,48.24009888774139],[-107.25882817241292,48.24015680569602],[-107.2589817979293,48.24015381579132],[-107.25898135901285,48.2401448910972],[-107.25897927310962,48.24009579375679],[-107.25899141952064,48.24006874018655],[-107.2588308433307,48.240067407502245]]]}"
000000000000000023a8,5091,0,0,0,"{""type"":""Polygon"",""coordinates"":[[[-107.25898097059662,48.23998410392198],[-107.25882029959537,48.239978328799815],[-107.25882875762377,48.24001831022545],[-107.2588428946201,48.24003591154585],[-107.2588308433307,48.240067407502245],[-107.25899141952064,48.24006874018655],[-107.25899064362729,48.24005087509359],[-107.25898986773379,48.240033010006655],[-107.25898097059662,48.23998410392198]]]}"
000000000000000023af,5092,0,0,0,"{""type"":""Polygon"",""coordinates"":[[[-107.25896353283237,48.23989061577184],[-107.25880960934943,48.23988919466864],[-107.25881058230019,48.23991148638247],[-107.2588114600553,48.23992933569702],[-107.25882029959537,48.239978328799815],[-107.25898097059662,48.23998410392198],[-107.25896353283237,48.23989061577184]]]}"
000000000000000023ac,5093,0,0,0,"{""type"":""Polygon"",""coordinates"":[[[-107.2589556087884,48.23986400150505],[-107.25895483290674,48.23984613648061],[-107.25892505177016,48.239775275306116],[-107.25893773220758,48.23976158893027],[-107.2589311249296,48.239761748605986],[-107.25876680434054,48.239827537512866],[-107.25880178737535,48.239862564651794],[-107.25880960934943,48.23988919466864],[-107.25896353283237,48.23989061577184],[-107.2589556087884,48.23986400150505]]]}"
000000000000000023ed,5094,0,0,0,"{""type"":""Polygon"",""coordinates"":[[[-107.2587145814651,48.23970344916225],[-107.25871059382237,48.23976607283848],[-107.25872536665035,48.23979702539492],[-107.25876680434054,48.239827537512866],[-107.2589311249296,48.239761748605986],[-107.2587145814651,48.23970344916225]]]}"
000000000000000023ad,5095,0,0,0,"{""type"":""Polygon"",""coordinates"":[[[-107.2587906142317,48.23960820226619],[-107.2587777872797,48.23962183300578],[-107.25873226702339,48.23964950216348],[-107.25871414260838,48.23969452454134],[-107.2587145814651,48.23970344916225],[-107.2589311249296,48.239761748605986],[-107.25893773220758,48.23976158893027],[-107.25895036201779,48.239743531475455],[-107.25897650547283,48.23972956559026],[-107.25897553241421,48.239707273957464],[-107.2587906142317,48.23960820226619]]]}"
00000000000000002391,5096,0,0,0,"{""type"":""Polygon"",""coordinates"":[[[-107.25894798287152,48.23953809107568],[-107.25888141955261,48.239543907872715],[-107.25883623636543,48.239580517369276],[-107.25879712627565,48.23960360022024],[-107.2587906142317,48.23960820226619],[-107.25897553241421,48.239707273957464],[-107.2590016184897,48.23969339512213],[-107.25894798287152,48.23953809107568]]]}"
000000000000000023b1,5097,0,0,0,"{""type"":""Polygon"",""coordinates"":[[[-107.25908824498188,48.23953536486907],[-107.25902771007449,48.23952758380937],[-107.25894798287152,48.23953809107568],[-107.2590016184897,48.23969339512213],[-107.25904126280474,48.239683679147106],[-107.25908708215461,48.23966042074001],[-107.25910068501061,48.23966465490459],[-107.25910855698916,48.23953942360336],[-107.25908824498188,48.23953536486907]]]}"
000000000000000023a7,5098,0,0,0,"{""type"":""Polygon"",""coordinates"":[[[-107.25910855698916,48.23953942360336],[-107.25910068501061,48.23966465490459],[-107.25913445341855,48.239672892228405],[-107.25918158295553,48.23968086573276],[-107.2592350273795,48.23967981048093],[-107.25924226274078,48.23954122791478],[-107.25910855698916,48.23953942360336]]]}"
000000000000000023b0,5099,0,0,0,"{""type"":""Polygon"",""coordinates"":[[[-107.25931591713227,48.239544247060515],[-107.25924226274078,48.23954122791478],[-107.2592350273795,48.23967981048093],[-107.25928176259917,48.23967893063387],[-107.25935565910326,48.239686447710675],[-107.25936844135495,48.2396727455688],[-107.25937587343775,48.239538589661244],[-107.25931591713227,48.239544247060515]]]}"
000000000000000023a9,5100,1,0,0,"{""type"":""Polygon"",""coordinates"":[[[-107.259523424351,48.23954912563211],[-107.25940264019455,48.23953813329861],[-107.25937587343775,48.239538589661244],[-107.25936844135495,48.2396727455688],[-107.25940910363428,48.239685392359156],[-107.2594826185864,48.23968389767774],[-107.25953017817372,48.23954902149146],[-107.259523424351,48.23954912563211]]]}"
000000000000000023a5,5101,0,0,0,"{""type"":""Polygon"",""coordinates"":[[[-107.2596320629219,48.23958717118785],[-107.25957157204569,48.239579461788544],[-107.25953017817372,48.23954902149146],[-107.2594826185864,48.23968389767774],[-107.25948927048493,48.239683809274766],[-107.25951643183639,48.2396922061751],[-107.2595973749937,48.239708487956904],[-107.25960398230849,48.23970832823457],[-107.25965922428054,48.239595568032286],[-107.2596320629219,48.23958717118785]]]}"
000000000000000023b5,5102,0,0,0,"{""type"":""Polygon"",""coordinates"":[[[-107.2597734017353,48.2396067197736],[-107.2596728272657,48.23959980210735],[-107.25965922428054,48.239595568032286],[-107.25960398230849,48.23970832823457],[-107.25965199041002,48.23973415073433],[-107.25969241113347,48.23974229944739],[-107.25973293383886,48.2397504324079],[-107.25978710007107,48.239615396210425],[-107.2597734017353,48.2396067197736]]]}"
000000000000000023ba,5103,0,0,0,"{""type"":""Polygon"",""coordinates"":[[[-107.2599026905635,48.239657763972595],[-107.25986163337929,48.23963626411918],[-107.25979414650489,48.23962416107126],[-107.25978710007107,48.239615396210425],[-107.25973293383886,48.2397504324079],[-107.25977335463398,48.23975858108758],[-107.25980085336472,48.23977591827166],[-107.25982801494638,48.23978431509265],[-107.25985507460206,48.2397927276428],[-107.25990934248755,48.2396576755399],[-107.2599026905635,48.239657763972595]]]}"
000000000000000023a6,5104,0,0,0,"{""type"":""Polygon"",""coordinates"":[[[-107.26001069382606,48.23968245789561],[-107.25996983378785,48.2396653847271],[-107.25993650404294,48.239666072312104],[-107.25990934248755,48.2396576755399],[-107.25985507460206,48.2397927276428],[-107.25988928271885,48.23980988933318],[-107.25992936647546,48.239809097588655],[-107.25998281150956,48.23980804190266],[-107.26003741627133,48.23968193003679],[-107.26001069382606,48.23968245789561]]]}"
000000000000000023b9,5105,0,0,0,"{""type"":""Polygon"",""coordinates"":[[[-107.26014454802714,48.23968431648199],[-107.26009795232132,48.23968971045374],[-107.26003741627133,48.23968193003679],[-107.25998281150956,48.23980804190266],[-107.26008285240407,48.239801592229256],[-107.2601101541043,48.23981450267457],[-107.26013012275797,48.23981407896979],[-107.26016475852308,48.23968839072959],[-107.26014454802714,48.23968431648199]]]}"
000000000000000023c1,5106,0,0,0,"{""type"":""Polygon"",""coordinates"":[[[-107.26024589985977,48.239709098589415],[-107.26016475852308,48.23968839072959],[-107.26013012275797,48.23981407896979],[-107.26017729780689,48.23982212329447],[-107.2602714634712,48.23983362685815],[-107.26029205640212,48.23969477993797],[-107.26024589985977,48.239709098589415]]]}"
000000000000000023c0,5107,0,0,0,"{""type"":""Polygon"",""coordinates"":[[[-107.26034550147759,48.23969372405135],[-107.26030541766826,48.239694515969155],[-107.26029205640212,48.23969477993797],[-107.2602714634712,48.23983362685815],[-107.26028496475685,48.23983787659579],[-107.26035177135859,48.23983655672772],[-107.26041172867653,48.23983089862482],[-107.26042624841224,48.23970557845986],[-107.26034550147759,48.23969372405135]]]}"
000000000000000023a2,5108,0,0,0,"{""type"":""Polygon"",""coordinates"":[[[-107.26053984810132,48.23970329097667],[-107.26045316833456,48.23970947712823],[-107.26042624841224,48.23970557845986],[-107.26041172867653,48.23983089862482],[-107.26053805342555,48.23981499586252],[-107.26055141477002,48.23981473185691],[-107.26055354676673,48.23971196731164],[-107.26053984810132,48.23970329097667]]]}"
000000000000000023bc,5109,0,0,0,"{""type"":""Polygon"",""coordinates"":[[[-107.26066101664688,48.239723293503864],[-107.26056715003102,48.23971620126227],[-107.26055354676673,48.23971196731164],[-107.26055141477002,48.23981473185691],[-107.2605580667689,48.23981464337714],[-107.26057186742668,48.23982330398979],[-107.26066617365046,48.239839320856966],[-107.26067953502191,48.23983905683273],[-107.26069289639516,48.23983879280658],[-107.26068773930646,48.23972276545823],[-107.26066101664688,48.239723293503864]]]}"
000000000000000023bb,5110,0,0,0,"{""type"":""Polygon"",""coordinates"":[[[-107.2608217920857,48.23972904971836],[-107.26080167678528,48.23972941799544],[-107.2607078099797,48.23972232589531],[-107.26068773930646,48.23972276545823],[-107.26069289639516,48.23983879280658],[-107.2608135882052,48.23984534110788],[-107.26084031099614,48.23984481301524],[-107.2608217920857,48.23972904971836]]]}"
000000000000000023a1,5111,1,0,0,"{""type"":""Polygon"",""coordinates"":[[[-107.2609274667156,48.23970014777033],[-107.26088782204069,48.23970986453615],[-107.26084166540151,48.239724183480476],[-107.2608217920857,48.23972904971836],[-107.26084031099614,48.23984481301524],[-107.26096639421081,48.239824411708774],[-107.2610058416167,48.239810268233484],[-107.2609274667156,48.23970014777033]]]}"
000000000000000023c5,5112,0,0,0,"{""type"":""Polygon"",""coordinates"":[[[-107.26103284842443,48.23966237670536],[-107.26101948706646,48.23966264077754],[-107.26094063067251,48.23969545706759],[-107.2609274667156,48.23970014777033],[-107.2610058416167,48.239810268233484],[-107.26113673008203,48.23974517926797],[-107.26103284842443,48.23966237670536]]]}"
000000000000000023c8,5113,0,0,0,"{""type"":""Polygon"",""coordinates"":[[[-107.26111014438582,48.23959828867455],[-107.26109722248215,48.23960747733584],[-107.2610841031542,48.23961223936164],[-107.26106564364984,48.2396483217658],[-107.26103284842443,48.23966237670536],[-107.26113673008203,48.23974517926797],[-107.26121514711565,48.23970343818786],[-107.26124021395971,48.23966719588197],[-107.26111014438582,48.23959828867455]]]}"
0000000000000000239d,5114,0,0,0,"{""type"":""MultiPolygon"",""coordinates"":[[[[-107.26148547946724,48.2396176830601],[-107.26146735785196,48.23966270585946],[-107.26150865880129,48.2396887029435],[-107.26152084815041,48.23966172061362],[-107.26152614337072,48.239630328899715],[-107.26148547946724,48.2396176830601]]],[[[-107.26115381716754,48.239526019684874],[-107.2611475026865,48.239535048508735],[-107.26115523102074,48.239557235755164],[-107.26113555519404,48.239566528671986],[-107.26111014438582,48.23959828867455],[-107.26124021395971,48.23966719588197],[-107.26124652845049,48.23965816702921],[-107.26127854664357,48.239626247115545],[-107.26130473441636,48.239612351944686],[-107.26131712130307,48.23958979630934],[-107.26133655508627,48.23957600540997],[-107.26115381716754,48.239526019684874]]]]}"
000000000000000023a4,5115,0,0,0,"{""type"":""GeometryCollection"",""geometries"":[{""type"":""LineString"",""coordinates"":[[-107.2613860333976,48.23948568966436],[-107.26139271353769,48.239485558218]]},{""type"":""Polygon"",""coordinates"":[[[-107.26120371504264,48.239444579345786],[-107.26120385513151,48.23944909301379],[-107.26118442139908,48.23946288385195],[-107.26115381716754,48.239526019684874],[-107.26133655508627,48.23957600540997],[-107.26135598885877,48.23956221451052],[-107.2613860578269,48.23948571165762],[-107.26120371504264,48.239444579345786]]]},{""type"":""Polygon"",""coordinates"":[[[-107.26152088806644,48.23950985975897],[-107.26150418070355,48.23958609854534],[-107.26148547946724,48.2396176830601],[-107.26152614337072,48.239630328899715],[-107.26153265527884,48.23962572666979],[-107.26154557714446,48.239616537947725],[-107.26156913395141,48.23954463718873],[-107.26157486866731,48.23952217010269],[-107.26152088806644,48.23950985975897]]]}]}"
0000000000000000239a,5116,0,0,0,"{""type"":""Polygon"",""coordinates"":[[[-107.26151082805431,48.239434078051964],[-107.2612060871596,48.23934631347524],[-107.26120628459574,48.23935074008777],[-107.26121624200088,48.239426537461476],[-107.26120371504264,48.239444579345786],[-107.2613926652263,48.23948555181075],[-107.26149095483675,48.23943894439916],[-107.2615269604032,48.239496332983386],[-107.26152088806644,48.23950985975897],[-107.26157486866731,48.23952217010269],[-107.26158118307207,48.23951314125484],[-107.26159308562346,48.23948158976685],[-107.26159288814127,48.239477163145324],[-107.26151082805431,48.239434078051964]]]}"
0000000000000000239c,5117,0,0,0,"{""type"":""Polygon"",""coordinates"":[[[-107.26132866582063,48.23924559957045],[-107.26126321620305,48.23927822304233],[-107.26124320299833,48.239278575667576],[-107.2612060871596,48.23934631347524],[-107.26151082805431,48.239434078051964],[-107.26132866582063,48.23924559957045]]]}"
0000000000000000239b,5118,0,0,0,"{""type"":""MultiPolygon"",""coordinates"":[[[[-107.2614203811301,48.239051750827954],[-107.26136946508282,48.2391108280215],[-107.26139011520426,48.2391238264586],[-107.26140391594419,48.23913248683656],[-107.26145040948707,48.239127108030985],[-107.2614203811301,48.239051750827954]]],[[[-107.26147305347158,48.239184760430845],[-107.2614530402724,48.239185113099055],[-107.26145240327028,48.239171761998634],[-107.26146596198173,48.23917592446816],[-107.26146542692041,48.23916255763271],[-107.26143175308773,48.239158763564696],[-107.26143340926178,48.239194477315465],[-107.26138025725847,48.23920440273085],[-107.2613668960162,48.239204666846135],[-107.26134182961887,48.239240908857035],[-107.26132866582063,48.23924559957045],[-107.26151082805431,48.239434078051964],[-107.26159288814127,48.239477163145324],[-107.26147305347158,48.239184760430845]],[[-107.26151606588455,48.239402773522094],[-107.2615233103015,48.239415964824325],[-107.26152962469445,48.2394069359983],[-107.26151606588455,48.239402773522094]]]]}"
00000000000000002393,5119,0,1,0,"{""type"":""Polygon"",""coordinates"":[[[-107.26150686265117,48.239041137314416],[-107.26146482984267,48.23899734715386],[-107.26143941966198,48.23902910688607],[-107.2614203811301,48.239051750827954],[-107.26145040948707,48.239127108030985],[-107.26151158292048,48.239148238556744],[-107.26149899882681,48.239166367426286],[-107.26146542692041,48.23916255763271],[-107.26146596198173,48.23917592446816],[-107.26149977597373,48.23918423216861],[-107.26147305347158,48.239184760430845],[-107.26159288814127,48.239477163145324],[-107.26159940001716,48.239472560925016],[-107.26169468161886,48.239510868131305],[-107.26170041625953,48.239488401054004],[-107.26167208168859,48.23945328675194],[-107.26166911294001,48.23938634112938],[-107.26168213664867,48.23937713669528],[-107.26170866185198,48.2393721817558],[-107.26150686265117,48.239041137314416]]]}"
000000000000000023c9,5120,0,0,0,"{""type"":""Polygon"",""coordinates"":[[[-107.26165160529162,48.239141010664014],[-107.26150686265117,48.239041137314416],[-107.26170866185198,48.2393721817558],[-107.2617351424548,48.23936715549997],[-107.2617339255961,48.239340366172115],[-107.26172022660248,48.23933169007477],[-107.26174621661826,48.239313368260255],[-107.26177206006747,48.23929499087411],[-107.26179800544392,48.23927659774992],[-107.26182375328946,48.239253778024],[-107.26166520864552,48.239145244411155],[-107.26165204487573,48.23914993515971],[-107.26165160529162,48.239141010664014]],[[-107.26165204487573,48.23914993515971],[-107.26163868361448,48.23915019931302],[-107.2616457751548,48.23915903525737],[-107.26165204487573,48.23914993515971]]]}"
00000000000000002395,5121,0,0,0,"{""type"":""GeometryCollection"",""geometries"":[{""type"":""LineString"",""coordinates"":[[-107.26182356534231,48.239249299669325],[-107.26182376215162,48.23925376206613]]},{""type"":""Polygon"",""coordinates"":[[[-107.26176990711895,48.23909405058626],[-107.26175698547152,48.23910323924227],[-107.26171082949723,48.239117558423345],[-107.26168517726772,48.23914482038919],[-107.26166520864552,48.239145244411155],[-107.26182351117639,48.23924928011349],[-107.26185601292583,48.23922635608687],[-107.26188836809794,48.239203376488774],[-107.26191431338182,48.23918498336736],[-107.26176990711895,48.23909405058626]]]},{""type"":""Polygon"",""coordinates"":[[[-107.2614814922898,48.23892103792144],[-107.26147775148067,48.238988158555784],[-107.2614645877725,48.23899284926316],[-107.26146482984267,48.23899734715386],[-107.26150686265117,48.239041137314416],[-107.26165160529162,48.239141010664014],[-107.26165767751554,48.239127483977306],[-107.26170917304714,48.23908184473627],[-107.26172175703485,48.239063715870834],[-107.2614814922898,48.23892103792144]]]}]}"
000000000000000023d0,5122,0,0,0,"{""type"":""MultiPolygon"",""coordinates"":[[[[-107.2614814922898,48.23892103792144],[-107.26172175703485,48.239063715870834],[-107.2617461923045,48.23900966477927],[-107.2614814922898,48.23892103792144]]],[[[-107.26182058061723,48.23903047531827],[-107.26181450846109,48.23904400198876],[-107.26180236413525,48.23907105533932],[-107.26176990711895,48.23909405058626],[-107.26191431338182,48.23918498336736],[-107.26192733698963,48.239175778937586],[-107.26194025864659,48.23916659024581],[-107.26195318029879,48.239157401554024],[-107.26196620389226,48.23914819712413],[-107.26198500012909,48.239121055138185],[-107.26201065220624,48.23909379310838],[-107.26182058061723,48.23903047531827]]]]}"
00000000000000002394,5123,0,0,0,"{""type"":""MultiPolygon"",""coordinates"":[[[[-107.26183684739051,48.238945312840904],[-107.26184316163759,48.23893628407824],[-107.26179578894484,48.2389238141358],[-107.26183684739051,48.238945312840904]]],[[[-107.26179578894484,48.2389238141358],[-107.26157185431124,48.23884781746609],[-107.26153298762425,48.23887539895792],[-107.26151287263428,48.238875767370146],[-107.26149951149164,48.238876031499714],[-107.26148615035079,48.23887629562739],[-107.2614814922898,48.23892103792144],[-107.2617461923045,48.23900966477927],[-107.26175260213915,48.239005078329456],[-107.26177854730231,48.23898668531668],[-107.26179578894484,48.2389238141358]]],[[[-107.26212827204301,48.23903341027013],[-107.26212924705212,48.23905570153765],[-107.2621155480038,48.239047025544735],[-107.26207448916259,48.23902552692751],[-107.26208089898314,48.23902094045476],[-107.26188402262427,48.23895335619046],[-107.26186556412536,48.23898943827366],[-107.26182645525508,48.239012522069565],[-107.26182058061723,48.23903047531827],[-107.26201065220624,48.23909379310838],[-107.26205578862336,48.239057111201106],[-107.26208328863493,48.239074447469356],[-107.26209698768021,48.23908312347143],[-107.26214460298492,48.23910009118682],[-107.26213872846178,48.23911804448178],[-107.26217176532901,48.23910848721836],[-107.26221063208067,48.23908090534488],[-107.26222331150933,48.23906721874036],[-107.26212827204301,48.23903341027013]]]]}"
0000000000000000238a,5124,0,0,0,"{""type"":""MultiPolygon"",""coordinates"":[[[[-107.26165536666633,48.238770259023966],[-107.26166241354825,48.2387790235964],[-107.26164331790433,48.23880175451596],[-107.261617035217,48.238811207247174],[-107.26157185431124,48.23884781746609],[-107.26184316163759,48.23893628407824],[-107.26184889607352,48.2389138172412],[-107.26186788975488,48.23889110197094],[-107.26188659031655,48.238859517832445],[-107.26189310206128,48.23885491564926],[-107.26165536666633,48.238770259023966]]],[[[-107.26215104991687,48.23894364554388],[-107.26213768865905,48.2389439097655],[-107.26213754845082,48.238939396144964],[-107.26192687142411,48.23886315184094],[-107.26193449824736,48.23888535446991],[-107.26189607127694,48.23892186058081],[-107.26188402262427,48.23895335619046],[-107.26208089898314,48.23902094045476],[-107.2621325916281,48.238979727666454],[-107.2621394411429,48.23898406565648],[-107.26212827204301,48.23903341027013],[-107.26222331150933,48.23906721874036],[-107.26223657720658,48.23906251218297],[-107.26226047018545,48.23899955225024],[-107.2622734936881,48.238990347808425],[-107.26227325151777,48.23898584992289],[-107.26215104991687,48.23894364554388]]]]}"
00000000000000002389,5125,0,0,0,"{""type"":""GeometryCollection"",""geometries"":[{""type"":""LineString"",""coordinates"":[[-107.26196322173146,48.238777592617055],[-107.26196990177671,48.2387774611386]]},{""type"":""Polygon"",""coordinates"":[[[-107.26223495696743,48.238874939603],[-107.26222334830305,48.23891535967051],[-107.26215104991687,48.23894364554388],[-107.26227325151777,48.23898584992289],[-107.26228510233622,48.238949927678014],[-107.26230963247555,48.23890031888603],[-107.26223495696743,48.238874939603]]]},{""type"":""Polygon"",""coordinates"":[[[-107.26202408232427,48.23879426904543],[-107.26201787008124,48.238803282056246],[-107.26197953883853,48.238844230444464],[-107.26192667389711,48.23885872527297],[-107.26192687142411,48.23886315184094],[-107.26213754845082,48.238939396144964],[-107.26218718889463,48.23885361674216],[-107.26202408232427,48.23879426904543]]]},{""type"":""Polygon"",""coordinates"":[[[-107.26197695178611,48.23878629709503],[-107.26196325288959,48.23877762112071],[-107.26168441495851,48.238671394821054],[-107.26167790323761,48.23867599697352],[-107.26163947636289,48.238712502834915],[-107.26165536666633,48.238770259023966],[-107.26189310206128,48.23885491564926],[-107.26191209569116,48.23883220039686],[-107.26193119124548,48.23880946941304],[-107.26196398567373,48.238795414413424],[-107.26199070803474,48.238794886022056],[-107.26197695178611,48.23878629709503]]]}]}"
0000000000000000238b,5126,0,0,0,"{""type"":""MultiPolygon"",""coordinates"":[[[[-107.26208714124616,48.23870813868163],[-107.26208087168708,48.23871723872763],[-107.26206217133411,48.238748822813754],[-107.26203005877305,48.23877630012981],[-107.26202408232427,48.23879426904543],[-107.26218718889463,48.23885361674216],[-107.26227143348702,48.23879385106014],[-107.26208714124616,48.23870813868163]]],[[[-107.26171525971945,48.238612757735055],[-107.26168441495851,48.238671394821054],[-107.2619698602028,48.23877746123846],[-107.26197617439419,48.23876843249712],[-107.26199449248413,48.23872783694572],[-107.26203262604234,48.23868246209257],[-107.26173250121828,48.23854988701342],[-107.26173274332426,48.238554384864884],[-107.26175490334373,48.23860304085573],[-107.26174883125401,48.23861656741115],[-107.26171525971945,48.238612757735055]],[[-107.26175587813991,48.23862533195116],[-107.26178250475243,48.23862036133759],[-107.26174883125401,48.23861656741115],[-107.26175587813991,48.23862533195116]]],[[[-107.26231924618187,48.23881524516292],[-107.2623124922902,48.23881534950001],[-107.26229252371279,48.238815773648646],[-107.26227994001988,48.23883390249647],[-107.26224758529388,48.23885688205475],[-107.26223495696743,48.238874939603],[-107.26230963247555,48.23890031888603],[-107.26231590203011,48.238891218793725],[-107.26233382473949,48.23884176995982],[-107.26234674622985,48.23883258127557],[-107.26234650404952,48.238828083403874],[-107.26231924618187,48.23881524516292]]]]}"
00000000000000002398,5127,0,0,0,"{""type"":""MultiPolygon"",""coordinates"":[[[[-107.26171388401318,48.23842968451978],[-107.26174377252727,48.23850052715231],[-107.26173250121828,48.23854988701342],[-107.26203262604234,48.23868246209257],[-107.26205813121618,48.23865514471467],[-107.2620494274211,48.2386106668403],[-107.26206176896079,48.238588040246455],[-107.26171388401318,48.23842968451978]]],[[[-107.26215068421399,48.23863100413431],[-107.26213883341676,48.23866692614559],[-107.262119202716,48.23867629040266],[-107.26208714124616,48.23870813868163],[-107.26227143348702,48.23879385106014],[-107.26227818737176,48.23879374672615],[-107.26229008913039,48.23876219560075],[-107.2623157407961,48.23873493368474],[-107.26232181274159,48.23872140706688],[-107.26233551175737,48.23873008297782],[-107.26231924618187,48.23881524516292],[-107.26234650404952,48.238828083403874],[-107.26234519108637,48.23879685206961],[-107.26238410203682,48.238769341606925],[-107.26240295517881,48.238742112697906],[-107.26215068421399,48.23863100413431]]]]}"
0000000000000000242b,5128,0,0,0,"{""type"":""GeometryCollection"",""geometries"":[{""type"":""LineString"",""coordinates"":[[-107.26239132206393,48.238630711450945],[-107.26239800208808,48.238630579947916]]},{""type"":""Polygon"",""coordinates"":[[[-107.26173763705728,48.23836221189113],[-107.26171820401734,48.238376002536526],[-107.26170625740619,48.238407482058975],[-107.26171388401318,48.23842968451978],[-107.26206176896079,48.238588040246455],[-107.26206852279283,48.238587935928955],[-107.26208717844541,48.23855628063194],[-107.2620999023044,48.238542665491906],[-107.26213260087475,48.238524168234925],[-107.26213235871909,48.238519670388285],[-107.26173763705728,48.23836221189113]]]},{""type"":""Polygon"",""coordinates"":[[[-107.26242509483845,48.238638997471746],[-107.26238642623323,48.23867100573696],[-107.26239128077384,48.23863069018454],[-107.26223448855455,48.23856231435721],[-107.26222807882695,48.23856690079812],[-107.2622024718523,48.23859423391009],[-107.26218955043605,48.23860342253166],[-107.26218999015897,48.2386123469307],[-107.26215695374414,48.23862190409932],[-107.26215068421399,48.23863100413431],[-107.26240295517881,48.238742112697906],[-107.26243433454954,48.23869684202326],[-107.26247324536031,48.238669331579985],[-107.26247951484143,48.23866023151859],[-107.26242509483845,48.238638997471746]]]}]}"
00000000000000002392,5129,0,0,0,"{""type"":""MultiPolygon"",""coordinates"":[[[[-107.26180832225775,48.23829828482511],[-107.26179520339646,48.238303046818416],[-107.26173763705728,48.23836221189113],[-107.26213235871909,48.238519670388285],[-107.26215669111971,48.23846563550939],[-107.26220382139124,48.23847360733003],[-107.26220304387932,48.23845574284255],[-107.26220955553192,48.238451140675345],[-107.26180832225775,48.23829828482511]]],[[[-107.2624952445225,48.23856170289898],[-107.2624830561917,48.23858868476588],[-107.26248349598679,48.23859760915927],[-107.26245755126003,48.23861600221619],[-107.26242509483845,48.238638997471746],[-107.26247951484143,48.23866023151859],[-107.26249797267404,48.23862414955872],[-107.26251609261254,48.23857912749093],[-107.26252260427232,48.238574525291604],[-107.2624952445225,48.23856170289898]]],[[[-107.26230488050187,48.23848951787621],[-107.26227966876534,48.23852570404169],[-107.26226047788857,48.23854399268718],[-107.26224100022559,48.23855771217816],[-107.26223448855455,48.23856231435721],[-107.26239803463758,48.23863058584298],[-107.26242397938749,48.23861219279648],[-107.26244297266595,48.23858947755217],[-107.26245555620713,48.238571348770556],[-107.26247479164735,48.238553131385615],[-107.26230488050187,48.23848951787621]]]]}"
00000000000000002388,5130,0,0,0,"{""type"":""MultiPolygon"",""coordinates"":[[[[-107.26221606718332,48.238446538508136],[-107.2621957993182,48.238442551834574],[-107.26220955553192,48.238451140675345],[-107.26221606718332,48.238446538508136]]],[[[-107.26254538089806,48.23848476128181],[-107.26255830223333,48.23847557263502],[-107.26236142674485,48.23840799002383],[-107.26232985001225,48.238448833890516],[-107.26230488050187,48.23848951787621],[-107.26247479164735,48.238553131385615],[-107.26250053872451,48.238530311809676],[-107.26251409748538,48.23853447407951],[-107.2624952445225,48.23856170289898],[-107.26252260427232,48.238574525291604],[-107.2625736585839,48.238519961718396],[-107.26254062221085,48.23852951900126],[-107.26254538089806,48.23848476128181]],[[-107.26252745864912,48.23853420980995],[-107.26253430816344,48.2385385477353],[-107.26254062221085,48.23852951900126],[-107.26252745864912,48.23853420980995]]],[[[-107.26220838288815,48.238424423134965],[-107.26221606718332,48.238446538508136],[-107.26222252149073,48.23844202338701],[-107.26223486288224,48.238419396846794],[-107.26223432752252,48.238406030214286],[-107.26223379216269,48.23839266358516],[-107.2622461335294,48.23837003706522],[-107.26221212224597,48.23835730322395],[-107.26216499211331,48.2383493314214],[-107.26215770298447,48.238336069128344],[-107.26189975916436,48.23824734016796],[-107.26180832225775,48.23829828482511],[-107.2621957993182,48.238442551834574],[-107.26220838288815,48.238424423134965]],[[-107.26217481130578,48.238420613634574],[-107.26217525102743,48.2384295380029],[-107.26218817238025,48.23842034941505],[-107.26217481130578,48.238420613634574]]]]}"
00000000000000002385,5131,0,0,0,"{""type"":""GeometryCollection"",""geometries"":[{""type"":""LineString"",""coordinates"":[[-107.26221211746302,48.23835733033882],[-107.26221877341871,48.23835719931985]]},{""type"":""Polygon"",""coordinates"":[[[-107.26243177361773,48.2383351223663],[-107.2624327934389,48.238357484639046],[-107.26237181769277,48.23834078153512],[-107.26239995481822,48.23837146836427],[-107.26236142674485,48.23840799002383],[-107.26255830223333,48.23847557263502],[-107.26257797741076,48.23846627963474],[-107.26258448904613,48.23846167744164],[-107.26262335494427,48.23843409575989],[-107.26262160189259,48.238393940309436],[-107.26243177361773,48.2383351223663]]]},{""type"":""Polygon"",""coordinates"":[[[-107.26215041386094,48.23832280683794],[-107.26209619227215,48.238305999238534],[-107.26207456716276,48.23827071020679],[-107.26208088123728,48.23826168154799],[-107.2620735921593,48.23824841926923],[-107.26207966407881,48.2382348927917],[-107.26205945371508,48.23823081905564],[-107.26205240679893,48.238222054604],[-107.26201154642798,48.23820498278374],[-107.26194547437936,48.238224096821625],[-107.26189975916436,48.23824734016796],[-107.26215770298447,48.238336069128344],[-107.26215041386094,48.23832280683794]],[[-107.26196063228403,48.23826405929719],[-107.26199440116356,48.23827229538542],[-107.2620065450546,48.23824524242992],[-107.2619729737287,48.238241432865365],[-107.26196063228403,48.23826405929719]]]},{""type"":""Polygon"",""coordinates"":[[[-107.26217396857828,48.23825090774125],[-107.26216731674364,48.23825099632618],[-107.26214690878393,48.238242496093086],[-107.26212645623697,48.238233924548915],[-107.26214059472454,48.238251524752584],[-107.26218101553746,48.23825967218765],[-107.26216867418366,48.2382822986517],[-107.26221677932433,48.23831256139599],[-107.26221877341871,48.23835719931985],[-107.2622187741029,48.23835721463519],[-107.2622461335294,48.23837003706522],[-107.26225885728189,48.238356421954755],[-107.2623124991231,48.23835979154468],[-107.2623046745408,48.238333162648885],[-107.26232434964682,48.23832386972738],[-107.26233702876259,48.23831018331157],[-107.26235184935848,48.238341205686126],[-107.26236375087981,48.238309654827425],[-107.26217396857828,48.23825090774125]]]}]}"
00000000000000002386,5132,0,0,0,"{""type"":""MultiPolygon"",""coordinates"":[[[[-107.26218004046856,48.238237381257484],[-107.26216614412233,48.238224278885745],[-107.26218577457095,48.23821491470547],[-107.26217163606698,48.238197314521045],[-107.26211236236513,48.23821639565638],[-107.26212645623697,48.238233924548915],[-107.26214690878393,48.238242496093086],[-107.26218004046856,48.238237381257484]]],[[[-107.26248836399435,48.23825366599655],[-107.26246261712245,48.23827648544473],[-107.26244415947026,48.23831256715617],[-107.26243133383197,48.238326198016715],[-107.26243177361773,48.2383351223663],[-107.26262160189259,48.238393940309436],[-107.26266070992516,48.23837085648078],[-107.26267305108202,48.238348229920625],[-107.26270564745086,48.238329748281544],[-107.26270544982562,48.23832532176228],[-107.26248836399435,48.23825366599655]]],[[[-107.26217396857828,48.23825090774125],[-107.26236375087981,48.238309654827425],[-107.26237593916863,48.23828267311898],[-107.26238730522935,48.2382377557056],[-107.26240066626809,48.23823749145833],[-107.26241368946977,48.23822828713768],[-107.2621830469132,48.23815246850724],[-107.26217099878188,48.23818396368176],[-107.26222508005188,48.23819625764595],[-107.26225238202731,48.23820916708366],[-107.26222619537516,48.238223062116106],[-107.26220044844072,48.238245881482385],[-107.26218004046856,48.238237381257484],[-107.26217396857828,48.23825090774125]]]]}"
00000000000000002381,5133,0,0,0,"{""type"":""MultiPolygon"",""coordinates"":[[[[-107.26219485285716,48.23811647553853],[-107.2621830469132,48.23815246850724],[-107.26241368946977,48.23822828713768],[-107.26241247206538,48.23820149840876],[-107.26241217882799,48.23819262965089],[-107.2624112992624,48.23817478100092],[-107.26241052164038,48.238156916618784],[-107.26219485285716,48.23811647553853]]],[[[-107.26253859556118,48.238181167088776],[-107.26252689182184,48.23821714439879],[-107.26250721678127,48.23822643734139],[-107.26249463339221,48.238244566007744],[-107.26248836399435,48.23825366599655],[-107.26270544982562,48.23832532176228],[-107.26274100677593,48.238221855965605],[-107.26274080914564,48.23821742945556],[-107.26253859556118,48.238181167088776]]]]}"
0000000000000000242a,5134,0,0,0,"{""type"":""MultiPolygon"",""coordinates"":[[[[-107.26257497503715,48.23809563728949],[-107.26257517264816,48.23810006379018],[-107.26255549767407,48.238109356720415],[-107.26255627536844,48.23812722108349],[-107.26254413185065,48.2381542740387],[-107.26253859556118,48.238181167088776],[-107.26274080914564,48.23821742945556],[-107.26278385287812,48.23813165254898],[-107.26257497503715,48.23809563728949]]],[[[-107.26238224440173,48.23812171636432],[-107.26236159422535,48.23810871838808],[-107.26233943348932,48.2380600630099],[-107.26233214433014,48.23804680080336],[-107.26218395662247,48.238022918635934],[-107.26217079325427,48.238027609345934],[-107.26217910201528,48.23806323371656],[-107.26216618079486,48.23807242223783],[-107.26215335518636,48.238086052998625],[-107.2621806124369,48.238098891125425],[-107.26219465529246,48.23811204903452],[-107.26219485285716,48.23811647553853],[-107.26241052164038,48.238156916618784],[-107.26241027944813,48.23815241880499],[-107.26240974401821,48.23813905224268],[-107.26238224440173,48.23812171636432]],[[-107.26225197859556,48.238048386183586],[-107.26225319588835,48.23807517483986],[-107.26227914025179,48.238056782035336],[-107.26225197859556,48.238048386183586]]]]}"
00000000000000002382,5135,0,0,0,"{""type"":""MultiPolygon"",""coordinates"":[[[[-107.26260446030007,48.238005698433355],[-107.26259936391439,48.23804151570773],[-107.26257497503715,48.23809563728949],[-107.26278385287812,48.23813165254898],[-107.26279438327866,48.23806895792963],[-107.26280662855739,48.23804188925244],[-107.26260446030007,48.238005698433355]]],[[[-107.26233504842897,48.237961904102406],[-107.26231581328621,48.2379801212483],[-107.26225474264433,48.23795897594177],[-107.2622426946438,48.23799047100682],[-107.26220970339367,48.23800009937437],[-107.26218818024013,48.23796479483396],[-107.2621694804006,48.23799637847889],[-107.26219046819465,48.238018316509724],[-107.26218395662247,48.238022918635934],[-107.26233214433014,48.23804680080336],[-107.2623180057895,48.23802920069732],[-107.26234175756554,48.237961728462025],[-107.26233504842897,48.237961904102406]]]]}"
00000000000000002424,5136,0,0,0,"{""type"":""MultiPolygon"",""coordinates"":[[[[-107.26233504842897,48.237961904102406],[-107.26234175756554,48.237961728462025],[-107.26234131779705,48.23795280417455],[-107.26233504842897,48.237961904102406]]],[[[-107.26262116456557,48.23792946181081],[-107.26262136218331,48.23793388829733],[-107.26260182757699,48.23794769473869],[-107.26260280291389,48.237969985535756],[-107.26260446030007,48.238005698433355],[-107.26280662855739,48.23804188925244],[-107.26281881647691,48.238014907633676],[-107.26283095977588,48.23798785472052],[-107.26283018194303,48.23796999041023],[-107.26284276510869,48.23795186179963],[-107.26284907898847,48.23794283314964],[-107.26262116456557,48.23792946181081]]]]}"
00000000000000002427,5137,0,0,0,"{""type"":""Polygon"",""coordinates"":[[[-107.2626371866849,48.2378398032454],[-107.2626376265274,48.2378487275106],[-107.26263904173209,48.23787994253542],[-107.26263962185367,48.237893380335784],[-107.26262116456557,48.23792946181081],[-107.26284907898847,48.23794283314964],[-107.26286787406497,48.23791569163852],[-107.2628784615755,48.237852910226216],[-107.2626371866849,48.2378398032454]]]}"
00000000000000002375,5138,0,0,0,"{""type"":""Polygon"",""coordinates"":[[[-107.26287549044406,48.23778596672585],[-107.2628739793255,48.23775030955646],[-107.26264019197417,48.23775489114809],[-107.26262780643435,48.23777744613789],[-107.2626371866849,48.2378398032454],[-107.2628784615755,48.237852910226216],[-107.26288399756653,48.23782601733094],[-107.26287549044406,48.23778596672585]]]}"
0000000000000000233e,5139,0,0,0,"{""type"":""Polygon"",""coordinates"":[[[-107.2628629410014,48.23765223991628],[-107.26262993203942,48.237674685664665],[-107.26265213765164,48.23772341192134],[-107.26264019197417,48.23775489114809],[-107.2628739793255,48.23775030955646],[-107.26287805527609,48.23769213048388],[-107.2628629410014,48.23765223991628]]]}"
00000000000000002378,5140,0,0,0,"{""type"":""Polygon"",""coordinates"":[[[-107.26285511607328,48.23762561143014],[-107.26285389831958,48.23759882302075],[-107.26283931970255,48.23757229892732],[-107.26283149480439,48.23754567047872],[-107.26261306498495,48.23759464022018],[-107.26261525791791,48.237643719294006],[-107.26262993203942,48.237674685664665],[-107.2628629410014,48.23765223991628],[-107.26285511607328,48.23762561143014]]]}"
0000000000000000237a,5141,0,0,0,"{""type"":""Polygon"",""coordinates"":[[[-107.26281594074028,48.23749685580631],[-107.26278081405,48.23745731828967],[-107.26278061640961,48.23745289184392],[-107.2625760835087,48.23751496350484],[-107.26261738351174,48.23754095908102],[-107.26261306498495,48.23759464022018],[-107.26283149480439,48.23754567047872],[-107.26281594074028,48.23749685580631]]]}"
00000000000000002373,5142,0,0,0,"{""type"":""Polygon"",""coordinates"":[[[-107.2627656999658,48.23741742787895],[-107.26269714280903,48.23737859462396],[-107.2626696434967,48.23736125906931],[-107.26248046710157,48.237467718598104],[-107.2625344457006,48.237480027978194],[-107.2625760835087,48.23751496350484],[-107.26278061640961,48.23745289184392],[-107.2627656999658,48.23741742787895]]]}"
00000000000000002379,5143,0,0,0,"{""type"":""Polygon"",""coordinates"":[[[-107.26266269221766,48.237356936983794],[-107.262635192947,48.23733960142532],[-107.26261454303048,48.237326603688985],[-107.26259393773394,48.23731367725724],[-107.26255958924008,48.23729200386462],[-107.26253913700448,48.23728343255439],[-107.26241773983111,48.237410861058365],[-107.26242458913053,48.237415198904905],[-107.26244567878354,48.23743712090319],[-107.26247273816784,48.23744553234955],[-107.2624735158406,48.23746339648975],[-107.26248046710157,48.237467718598104],[-107.2626696434967,48.23736125906931],[-107.26266269221766,48.237356936983794]]]}"
00000000000000002374,5144,0,0,0,"{""type"":""Polygon"",""coordinates"":[[[-107.2625324279769,48.23728360820355],[-107.26241028846997,48.23724131834719],[-107.26240357945906,48.23724149398678],[-107.26230968117406,48.23738625789726],[-107.26241773983111,48.237410861058365],[-107.26253913700448,48.23728343255439],[-107.2625324279769,48.23728360820355]]]}"
00000000000000002370,5145,0,0,0,"{""type"":""Polygon"",""coordinates"":[[[-107.26239692778894,48.23724158258175],[-107.26231632396903,48.237234243782844],[-107.26223582219427,48.23722688917699],[-107.26220245767223,48.23737943169222],[-107.26221581837531,48.23737916748347],[-107.26230968117406,48.23738625789726],[-107.26240357945906,48.23724149398678],[-107.26239692778894,48.23724158258175]]]}"
0000000000000000237d,5146,0,0,0,"{""type"":""Polygon"",""coordinates"":[[[-107.26222246154323,48.237227153386456],[-107.26212120837812,48.23720681661563],[-107.26208807764105,48.23721193130731],[-107.26208848072548,48.23737270967552],[-107.2621152020962,48.23737218128882],[-107.26213521445845,48.23737182851592],[-107.26220245767223,48.23737943169222],[-107.26223582219427,48.23722688917699],[-107.26222246154323,48.237227153386456]]]}"
0000000000000000238c,5147,0,0,0,"{""type"":""Polygon"",""coordinates"":[[[-107.26204128679223,48.237212899479495],[-107.26198867911262,48.23723173322196],[-107.26194859726506,48.23723252573902],[-107.26196148104265,48.237375191623684],[-107.26198820237906,48.23737466327318],[-107.26204168967347,48.237373677856],[-107.26206841103159,48.23737314948262],[-107.26208848072548,48.23737270967552],[-107.26208807764105,48.23721193130731],[-107.26204128679223,48.237212899479495]]]}"
00000000000000002383,5148,0,0,0,"{""type"":""Polygon"",""coordinates"":[[[-107.26194859726506,48.23723252573902],[-107.26192167850469,48.23722862764283],[-107.26181532893185,48.23724410724792],[-107.26183540542569,48.23739559309973],[-107.26192139905156,48.23737598413516],[-107.26196148104265,48.237375191623684],[-107.26194859726506,48.23723252573902]]]}"
0000000000000000237f,5149,0,0,0,"{""type"":""Polygon"",""coordinates"":[[[-107.26181532893185,48.23724410724792],[-107.2617886077387,48.23724463554539],[-107.2617218047874,48.23724595625575],[-107.26169552323861,48.23725540870168],[-107.2616755110333,48.237255761378194],[-107.26170219397716,48.237407087454784],[-107.26171555461912,48.237406823317045],[-107.26174227590842,48.23740629503585],[-107.26180888164042,48.237400547853184],[-107.26183540542569,48.23739559309973],[-107.26181532893185,48.23724410724792]]]}"
00000000000000002387,5150,0,0,0,"{""type"":""Polygon"",""coordinates"":[[[-107.2616755110333,48.237255761378194],[-107.26166880207137,48.23725593696527],[-107.26162915993675,48.23726565352393],[-107.26161579935797,48.23726591764735],[-107.261602438781,48.23726618176887],[-107.26156896407683,48.23726681427942],[-107.26154224293735,48.2372673425072],[-107.2615690272429,48.23741865293162],[-107.26162878374866,48.2374085679633],[-107.26166876370924,48.23740779131283],[-107.26170219397716,48.237407087454784],[-107.2616755110333,48.237255761378194]]]}"
00000000000000002380,5151,0,0,0,"{""type"":""Polygon"",""coordinates"":[[[-107.26154224293735,48.2372673425072],[-107.26150891479267,48.23726803056618],[-107.26141495134247,48.23726095508966],[-107.26142283762184,48.237439422267556],[-107.26148259410371,48.23742933738685],[-107.26152928300738,48.23742838521999],[-107.2615690272429,48.23741865293162],[-107.26154224293735,48.2372673425072]]]}"
00000000000000002384,5152,0,0,0,"{""type"":""Polygon"",""coordinates"":[[[-107.26128761537426,48.23725449619157],[-107.26128825235389,48.23726784680996],[-107.26128849441247,48.23727234455479],[-107.26128257995614,48.23744215166317],[-107.26131639229925,48.23745045919783],[-107.26138319533102,48.23744913876234],[-107.26142283762184,48.237439422267556],[-107.26141495134247,48.23726095508966],[-107.26128761537426,48.23725449619157]]]}"
0000000000000000237e,5153,0,0,0,"{""type"":""Polygon"",""coordinates"":[[[-107.26126089432364,48.23725502433868],[-107.26122081276124,48.237255816545094],[-107.26120080065733,48.23725616912012],[-107.26118092866264,48.23726103517189],[-107.26116824968246,48.23727472116028],[-107.26115420763762,48.23726156328873],[-107.26114775759852,48.2374180039709],[-107.26122869809207,48.23743428374566],[-107.26128257995614,48.23744215166317],[-107.26128849441247,48.23727234455479],[-107.26127522939827,48.2372770508047],[-107.26127489182278,48.237268110884756],[-107.26128825235389,48.23726784680996],[-107.26128761537426,48.23725449619157],[-107.26126089432364,48.23725502433868]]]}"
00000000000000002399,5154,0,0,0,"{""type"":""Polygon"",""coordinates"":[[[-107.26098567961866,48.23738101777191],[-107.26102629615687,48.23739359205164],[-107.26107390831628,48.23741055983593],[-107.26111398998337,48.23740976768586],[-107.26114775759852,48.2374180039709],[-107.26115420763762,48.23726156328873],[-107.26112739111893,48.23725764922363],[-107.26109294215195,48.237235991028655],[-107.26105266324956,48.237232356726196],[-107.26104698608977,48.237254735760125],[-107.26098567961866,48.23738101777191]],[[-107.26104698608977,48.237254735760125],[-107.26104732360974,48.23726367568001],[-107.26106034658368,48.23725447171805],[-107.26104698608977,48.237254735760125]]]}"
0000000000000000238d,5155,0,0,0,"{""type"":""Polygon"",""coordinates"":[[[-107.26104581424686,48.23722801878926],[-107.26104027717216,48.23725491130215],[-107.26100670719244,48.23725110143698],[-107.26096604622337,48.23723845587155],[-107.26092532795722,48.23722589733407],[-107.26091847898026,48.23722155938794],[-107.26085736963422,48.23735226769251],[-107.26091125107891,48.23736013581681],[-107.26095876114289,48.237377119387666],[-107.26098567961866,48.23738101777191],[-107.26104698608977,48.237254735760125],[-107.26105266324956,48.237232356726196],[-107.26104581424686,48.23722801878926]]]}"
00000000000000002397,5156,0,0,0,"{""type"":""Polygon"",""coordinates"":[[[-107.26091163000537,48.23721722144162],[-107.2608978301219,48.23720856128463],[-107.26087708581096,48.23719112100984],[-107.26082276522942,48.237174328712356],[-107.26072808581522,48.2373012268754],[-107.26078959289941,48.23733129716254],[-107.26081024175873,48.23734429531925],[-107.26085736963422,48.23735226769251],[-107.26091847898026,48.23722155938794],[-107.26091163000537,48.23721722144162]]]}"
000000000000000023aa,5157,0,0,0,"{""type"":""Polygon"",""coordinates"":[[[-107.26074799987039,48.23714450679246],[-107.2607210816599,48.23714060835228],[-107.26059943925827,48.237263536548205],[-107.26067386717544,48.237284418722645],[-107.26071462990099,48.23729704869139],[-107.26072808581522,48.2373012268754],[-107.26082276522942,48.237174328712356],[-107.26074799987039,48.23714450679246]]]}"
000000000000000023a3,5158,0,0,0,"{""type"":""Polygon"",""coordinates"":[[[-107.26070703988945,48.23712745044173],[-107.26062600530925,48.23710672812367],[-107.26060535668043,48.23709372997986],[-107.26048375881855,48.237216729229004],[-107.26051806064332,48.23723833207852],[-107.2605520697171,48.23725106630652],[-107.26057922990869,48.23725946254969],[-107.26059943925827,48.237263536548205],[-107.26072083967081,48.23713611061545],[-107.26070703988945,48.23712745044173]]]}"
00000000000000002390,5159,0,0,0,"{""type"":""Polygon"",""coordinates"":[[[-107.26057071098616,48.23706764522349],[-107.26050299247635,48.23704658753889],[-107.26036739757387,48.23715649988529],[-107.26046995910099,48.237208069006414],[-107.26048375881855,48.237216729229004],[-107.26060535668043,48.23709372997986],[-107.26057071098616,48.23706764522349]]]}"
0000000000000000236a,5160,0,0,0,"{""type"":""Polygon"",""coordinates"":[[[-107.26048943477149,48.23704242507537],[-107.26046193740055,48.23702508894946],[-107.26040023393375,48.23699059218259],[-107.26027090866755,48.237091404616216],[-107.2602985078757,48.23710872508561],[-107.26033261208296,48.2371259015332],[-107.26033324871506,48.23713925213429],[-107.26036739757387,48.23715649988529],[-107.26050299247635,48.23704658753889],[-107.26048943477149,48.23704242507537]]]}"
00000000000000002369,5161,0,0,0,"{""type"":""Polygon"",""coordinates"":[[[-107.26039338509885,48.2369862542147],[-107.26039250649224,48.236968405928835],[-107.26035184631091,48.236955760150934],[-107.26033775397904,48.236938231382304],[-107.26031710560521,48.23692523321146],[-107.26015498766066,48.2370400992874],[-107.26025036219193,48.23707839065893],[-107.26027090866755,48.237091404616216],[-107.26040023393375,48.23699059218259],[-107.26039338509885,48.2369862542147]]]}"
00000000000000002368,5162,0,0,0,"{""type"":""Polygon"",""coordinates"":[[[-107.26026852084473,48.23688597476468],[-107.26025438399326,48.2368683746981],[-107.26022037547162,48.236855640442776],[-107.2600717199185,48.236970226567074],[-107.26007881059898,48.236979062284945],[-107.2601345366621,48.23703152747451],[-107.26015498766066,48.2370400992874],[-107.26031710560521,48.23692523321146],[-107.26026852084473,48.23688597476468]]]}"
000000000000000023ab,5163,0,0,0,"{""type"":""Polygon"",""coordinates"":[[[-107.26021352669476,48.236851302471656],[-107.2601591119089,48.23683006773435],[-107.26011772011643,48.236799629219234],[-107.25996896272063,48.23691423079602],[-107.26005063246275,48.236948304185184],[-107.2600717199185,48.236970226567074],[-107.26022037547162,48.236855640442776],[-107.26021352669476,48.236851302471656]]]}"
0000000000000000236d,5164,0,0,0,"{""type"":""Polygon"",""coordinates"":[[[-107.26010392068564,48.23679096900503],[-107.26006967043028,48.23677373700092],[-107.26005557833625,48.23675620824515],[-107.26002852071618,48.23674779618256],[-107.26001472133795,48.23673913596269],[-107.25984658891922,48.23686744006328],[-107.25988744589857,48.23688451245915],[-107.25994166314089,48.236901320964314],[-107.25996896272063,48.23691423079602],[-107.26011772011643,48.236799629219234],[-107.26010392068564,48.23679096900503]]]}"
00000000000000002365,5165,0,0,0,"{""type"":""Polygon"",""coordinates"":[[[-107.25993276561348,48.23670049365374],[-107.25991867362987,48.23668296489936],[-107.25975651171528,48.236797758453875],[-107.25976370420504,48.236806578434646],[-107.25976457591013,48.23682888455763],[-107.25984658891922,48.23686744006328],[-107.26001472133795,48.23673913596269],[-107.25993276561348,48.23670049365374]]]}"
00000000000000002364,5166,0,0,0,"{""type"":""Polygon"",""coordinates"":[[[-107.25988364719808,48.236647868934526],[-107.25988344990377,48.23664344254176],[-107.25966522608664,48.23669683091955],[-107.25968718475777,48.23674105938098],[-107.25972143466073,48.236758291519806],[-107.25975651171528,48.236797758453875],[-107.25991867362987,48.23668296489936],[-107.25988364719808,48.236647868934526]]]}"
0000000000000000239e,5167,0,0,0,"{""type"":""Polygon"",""coordinates"":[[[-107.25986756324029,48.23658568828845],[-107.25964044206978,48.23659017369015],[-107.25965011610016,48.23665694048792],[-107.25965089241325,48.236674804419216],[-107.25966522608664,48.23669683091955],[-107.25988344990377,48.23664344254176],[-107.25986756324029,48.23658568828845]]]}"
000000000000000023ae,5168,0,0,0,"{""type"":""Polygon"",""coordinates"":[[[-107.25966939743772,48.236486871993144],[-107.25963140444966,48.236536757435026],[-107.25964044206978,48.23659017369015],[-107.25986756324029,48.23658568828845],[-107.259858964449,48.23654119614232],[-107.25986523397475,48.23653209661643],[-107.25966939743772,48.236486871993144]]]}"
00000000000000002361,5169,0,0,0,"{""type"":""Polygon"",""coordinates"":[[[-107.2597451792619,48.236387132681735],[-107.2597066073862,48.23642358058006],[-107.25966939743772,48.236486871993144],[-107.25986523397475,48.23653209661643],[-107.2599033666972,48.236486724512645],[-107.2597451792619,48.236387132681735]]]}"
00000000000000002363,5170,0,0,0,"{""type"":""Polygon"",""coordinates"":[[[-107.25985560492167,48.2363134781879],[-107.2598231499911,48.23633647152577],[-107.25978384642238,48.236355126898054],[-107.2597451792619,48.236387132681735],[-107.2599033666972,48.236486724512645],[-107.2599551520523,48.2364499570481],[-107.2599815348791,48.23644048950411],[-107.25985560492167,48.2363134781879]]]}"
00000000000000002366,5171,0,0,0,"{""type"":""Polygon"",""coordinates"":[[[-107.25997365537121,48.23626202540521],[-107.25995398133891,48.23627131745582],[-107.25987503709104,48.23629968847899],[-107.25985560492167,48.2363134781879],[-107.2599815348791,48.23644048950411],[-107.2600865629953,48.23639824010802],[-107.25997365537121,48.23626202540521]]]}"
00000000000000002360,5172,0,0,0,"{""type"":""Polygon"",""coordinates"":[[[-107.26009821698042,48.23620597071115],[-107.26001936823668,48.23623878390731],[-107.25997365537121,48.23626202540521],[-107.2600865629953,48.23639824010802],[-107.26009307436925,48.23639363827032],[-107.26020573417125,48.23636913270614],[-107.26009821698042,48.23620597071115]]]}"
00000000000000002367,5173,0,0,0,"{""type"":""Polygon"",""coordinates"":[[[-107.26023104026073,48.23618546794721],[-107.26018469089237,48.236195359151864],[-107.26009821698042,48.23620597071115],[-107.26020573417125,48.23636913270614],[-107.26021234093277,48.23636897296606],[-107.26034520950643,48.236348541269614],[-107.26023104026073,48.23618546794721]]]}"
0000000000000000236b,5174,0,0,0,"{""type"":""Polygon"",""coordinates"":[[[-107.26037085229278,48.236173816304415],[-107.26032416554396,48.23617476783086],[-107.26027733228608,48.23617566376322],[-107.26023104026073,48.23618546794721],[-107.26034520950643,48.236348541269614],[-107.26036497898752,48.23634369122462],[-107.26046443149546,48.236323804366606],[-107.26037085229278,48.236173816304415]]]}"
0000000000000000236c,5175,0,0,0,"{""type"":""Polygon"",""coordinates"":[[[-107.26048914421064,48.23612686068859],[-107.26048249287807,48.23612694914054],[-107.26043653825097,48.23614569315064],[-107.26037085229278,48.236173816304415],[-107.26046443149546,48.236323804366606],[-107.26052354905335,48.23630036996143],[-107.26056304989383,48.2362861406674],[-107.2605897700476,48.23628561274687],[-107.26048914421064,48.23612686068859]]]}"
0000000000000000239f,5176,0,0,0,"{""type"":""Polygon"",""coordinates"":[[[-107.26055385592758,48.236076447421475],[-107.26052159877386,48.23610386722603],[-107.26048914421064,48.23612686068859],[-107.2605897700476,48.23628561274687],[-107.26061649020859,48.23628508481871],[-107.26067483088019,48.23624378656809],[-107.26070728550539,48.2362207929904],[-107.2607396381638,48.23619781514817],[-107.26055385592758,48.236076447421475]]]}"
0000000000000000238f,5177,0,0,0,"{""type"":""Polygon"",""coordinates"":[[[-107.26064440873584,48.23600765827743],[-107.26063789746264,48.23601226011638],[-107.26059903367114,48.23603983967893],[-107.26056619717149,48.2360538221109],[-107.2605536139529,48.236071949774306],[-107.26055385592758,48.236076447421475],[-107.2607396381638,48.23619781514817],[-107.26074614946667,48.236193213285425],[-107.26077918349948,48.23618365710114],[-107.26081133869432,48.23615625290498],[-107.26082436127591,48.23614704917759],[-107.26083063055631,48.23613794966266],[-107.26064440873584,48.23600765827743]]]}"
0000000000000000238e,5178,0,0,0,"{""type"":""Polygon"",""coordinates"":[[[-107.26066971510187,48.23597591635204],[-107.260670249944,48.23598928239257],[-107.26064440873584,48.23600765827743],[-107.26083063055631,48.23613794966266],[-107.26084942563517,48.23611080947225],[-107.2608811477542,48.236070023495735],[-107.26091350022696,48.236047045665096],[-107.26093259457237,48.236024316106835],[-107.2609382269337,48.236001866299745],[-107.26066971510187,48.23597591635204]]]}"
00000000000000002372,5179,1,0,1,"{""type"":""Polygon"",""coordinates"":[[[-107.26067933094309,48.23589084744032],[-107.26066616838939,48.23589553773442],[-107.26066694522171,48.2359134013873],[-107.26066752465941,48.23592683871752],[-107.260668161438,48.23594018901015],[-107.26066971510187,48.23597591635204],[-107.2609382269337,48.236001866299745],[-107.26095439803683,48.23591226678845],[-107.26067933094309,48.23589084744032]]]}"
0000000000000000234d,5180,0,0,0,"{""type"":""Polygon"",""coordinates"":[[[-107.26094390001128,48.23582756619389],[-107.26091684257645,48.235819154524535],[-107.2607018672478,48.23579659075465],[-107.26069603740366,48.2358146141438],[-107.26067933094309,48.23589084744032],[-107.26096100476894,48.23591210699899],[-107.26097061994275,48.23582703817761],[-107.26094390001128,48.23582756619389]]]}"
0000000000000000234c,5181,0,0,0,"{""type"":""Polygon"",""coordinates"":[[[-107.26073824730709,48.23571106549052],[-107.26072663855062,48.23575148296282],[-107.2607018672478,48.23579659075465],[-107.26091684257645,48.235819154524535],[-107.26094181112433,48.23577847297714],[-107.26094005975388,48.23573831946853],[-107.26095322225551,48.23573362915213],[-107.26073824730709,48.23571106549052]]]}"
00000000000000002351,5182,0,0,0,"{""type"":""Polygon"",""coordinates"":[[[-107.26074762086644,48.235621499397126],[-107.26074985603526,48.235670648048405],[-107.26073824730709,48.23571106549052],[-107.26095322225551,48.23573362915213],[-107.26096614272787,48.23572444121914],[-107.26096924661071,48.23564397452879],[-107.26074762086644,48.235621499397126]]]}"
00000000000000002356,5183,0,0,0,"{""type"":""Polygon"",""coordinates"":[[[-107.26075694348138,48.23552756273085],[-107.2607458696997,48.23558134599894],[-107.26074752539544,48.23561705735938],[-107.26074762086644,48.235621499397126],[-107.26096924661071,48.23564397452879],[-107.26097342682337,48.23558578205821],[-107.26098595236722,48.23556774155537],[-107.26099873267674,48.23555404031219],[-107.26075694348138,48.23552756273085]]]}"
00000000000000002358,5184,0,0,0,"{""type"":""Polygon"",""coordinates"":[[[-107.26082640734639,48.23543685256125],[-107.26082013820125,48.23544595195191],[-107.26080795013667,48.23547293201081],[-107.26078244682517,48.23550024736676],[-107.26076986389702,48.23551837486149],[-107.26075694348138,48.23552756273085],[-107.26099873267674,48.23555404031219],[-107.26100504640723,48.23554501219634],[-107.26102923764623,48.23548646733705],[-107.26082640734639,48.23543685256125]]]}"
00000000000000002354,5185,0,0,0,"{""type"":""Polygon"",""coordinates"":[[[-107.26085589349528,48.23534691873845],[-107.26086983279878,48.23536009193347],[-107.26082640734639,48.23543685256125],[-107.26102923764623,48.23548646733705],[-107.26104094150823,48.235450492062974],[-107.26109331087083,48.23542270419696],[-107.2611062312127,48.235413516302415],[-107.26085589349528,48.23534691873845]]]}"
00000000000000002355,5186,0,0,0,"{""type"":""Polygon"",""coordinates"":[[[-107.26091126468187,48.235238680694295],[-107.2608710453643,48.23523495935597],[-107.26087031300769,48.23521716724127],[-107.26072679776954,48.23514854462455],[-107.26071407489293,48.23516215868447],[-107.2607233114542,48.235219999679906],[-107.26075867528067,48.23526403397768],[-107.2607592101714,48.235277399836654],[-107.2607800553576,48.23529482379764],[-107.26080755177671,48.235312159289734],[-107.26082844160965,48.23532965455497],[-107.26085569607392,48.23534249245972],[-107.26085589349528,48.23534691873845],[-107.2611062312127,48.235413516302415],[-107.26110598916569,48.23540901871483],[-107.26113018016227,48.23535047398673],[-107.26091126468187,48.235238680694295]]]}"
00000000000000002357,5187,0,0,0,"{""type"":""MultiPolygon"",""coordinates"":[[[[-107.26105647047507,48.23519562356271],[-107.26103679706797,48.23520491563203],[-107.26099186266893,48.235246020543606],[-107.26091126468187,48.235238680694295],[-107.26113018016227,48.23535047398673],[-107.26112998270763,48.235346047709115],[-107.26120085966446,48.235286551150615],[-107.26105647047507,48.23519562356271]]],[[[-107.26085024093109,48.23506568731208],[-107.2608305675899,48.23507497931467],[-107.26077790580808,48.235093898590506],[-107.26075196335665,48.23511228991116],[-107.26073904309075,48.2351214777038],[-107.26072679776954,48.23514854462455],[-107.26087031300769,48.23521716724127],[-107.26084747447567,48.235155092685844],[-107.26090013635294,48.23513617334755],[-107.26093957859233,48.23512203128346],[-107.26085024093109,48.23506568731208]]]]}"
0000000000000000235a,5188,0,0,0,"{""type"":""GeometryCollection"",""geometries"":[{""type"":""LineString"",""coordinates"":[[-107.26114037257764,48.23512697631144],[-107.26114017585624,48.235122513909324]]},{""type"":""Polygon"",""coordinates"":[[[-107.26114041394077,48.23512699495595],[-107.2610761438764,48.23518633149114],[-107.26105647047507,48.23519562356271],[-107.26120085966446,48.235286551150615],[-107.26121388187912,48.23527734753099],[-107.26124681319068,48.235267807107036],[-107.26127255818439,48.23524498932985],[-107.26129850062833,48.23522659782264],[-107.26129836049103,48.23522208451613],[-107.26114041394077,48.23512699495595]]]},{""type"":""Polygon"",""coordinates"":[[[-107.26096848460818,48.23501866087747],[-107.26096221556901,48.23502776020279],[-107.26088283449467,48.235047207509254],[-107.26085665008158,48.235061101281225],[-107.26085024093109,48.23506568731208],[-107.26093957859233,48.23512203128346],[-107.26098572934296,48.235107713686624],[-107.2610313004914,48.23507995895928],[-107.26105772694729,48.235070562693416],[-107.26096848460818,48.23501866087747]]]}]}"
00000000000000002350,5189,0,0,0,"{""type"":""MultiPolygon"",""coordinates"":[[[[-107.2612375703596,48.235058046766405],[-107.26119307579987,48.23510807546751],[-107.26114017188783,48.23512249739294],[-107.26129836049103,48.23522208451613],[-107.26133605100608,48.235167789206066],[-107.26137559524085,48.23515363121696],[-107.26138220186695,48.235153471403514],[-107.2612375703596,48.235058046766405]]],[[[-107.26111382965821,48.234980117146485],[-107.26079731704228,48.23477642974078],[-107.26078415489553,48.23478111994197],[-107.26084036345027,48.234842577662675],[-107.26090128728875,48.234859209516195],[-107.26097726497295,48.2349158172278],[-107.26100539820415,48.23494650257809],[-107.26100010364895,48.234977891467985],[-107.26096848460818,48.23501866087747],[-107.26105772694729,48.235070562693416],[-107.26106433353648,48.23507040290301],[-107.26112330891844,48.235042455443924],[-107.26111382965821,48.234980117146485]]]]}"
00000000000000002359,5190,0,0,0,"{""type"":""MultiPolygon"",""coordinates"":[[[[-107.26132816451236,48.234989329687984],[-107.2612889198721,48.23500789812119],[-107.26125019754188,48.23503999068076],[-107.2612375703596,48.235058046766405],[-107.26138220186695,48.235153471403514],[-107.26140187523497,48.23514417927346],[-107.26142781757682,48.235125787768936],[-107.26146692218008,48.235102705939],[-107.26147299364744,48.235089180315384],[-107.26132816451236,48.234989329687984]]],[[[-107.26107024748453,48.23490060343198],[-107.26105611078556,48.23488300413992],[-107.2610077693307,48.234848245090056],[-107.26096545495398,48.23479988921207],[-107.26092430624769,48.234773949719674],[-107.26084978093417,48.23475308435026],[-107.26079731704228,48.23477642974078],[-107.26111382965821,48.234980117146485],[-107.2611130525805,48.23496225381854],[-107.26111227550268,48.234944390496615],[-107.26107024748453,48.23490060343198]]]]}"
0000000000000000235f,5191,0,0,0,"{""type"":""Polygon"",""coordinates"":[[[-107.26143271059668,48.23493362727995],[-107.26141308194252,48.23494299068014],[-107.26136722438571,48.234966176657714],[-107.26132816451236,48.234989329687984],[-107.26147299364744,48.235089180315384],[-107.26147906511028,48.23507565469496],[-107.26155115812608,48.2350429453443],[-107.26156374059782,48.23502481792165],[-107.26143271059668,48.23493362727995]]]}"
0000000000000000235d,5192,0,0,0,"{""type"":""Polygon"",""coordinates"":[[[-107.26152325966257,48.234864838887844],[-107.26148419993146,48.234887991933626],[-107.26143271059668,48.23493362727995],[-107.26156374059782,48.23502481792165],[-107.26157646323153,48.23501120379065],[-107.2616611831185,48.23496043830207],[-107.26152325966257,48.234864838887844]]]}"
00000000000000002353,5193,0,0,0,"{""type"":""Polygon"",""coordinates"":[[[-107.26159320506702,48.23478312443006],[-107.26158669407262,48.234787726219764],[-107.2615492463664,48.23484651875715],[-107.26152325966257,48.234864838887844],[-107.2616611831185,48.23496043830207],[-107.26172011366475,48.23493241923697],[-107.26174585825015,48.2349096014879],[-107.26175877833325,48.234900413601224],[-107.26159320506702,48.23478312443006]]]}"
0000000000000000235e,5194,0,0,0,"{""type"":""Polygon"",""coordinates"":[[[-107.26169755292335,48.23472299574584],[-107.26159320506702,48.23478312443006],[-107.26175877833325,48.234900413601224],[-107.26178472041912,48.2348820220915],[-107.26185078631005,48.23486290952754],[-107.26186336860766,48.23484478213173],[-107.26169755292335,48.23472299574584]]]}"
00000000000000002371,5195,0,0,0,"{""type"":""Polygon"",""coordinates"":[[[-107.26179514745563,48.23466297129472],[-107.2617821255315,48.23467217487894],[-107.26175584586882,48.23468162683378],[-107.26170396196639,48.23471840969086],[-107.26169755292335,48.23472299574584],[-107.26186336860766,48.23484478213173],[-107.26186943990574,48.23483125655328],[-107.26193380422195,48.2347763618819],[-107.26194696639084,48.234771671523006],[-107.26179514745563,48.23466297129472]]]}"
00000000000000002348,5196,0,0,0,"{""type"":""Polygon"",""coordinates"":[[[-107.26188593765391,48.2345986804523],[-107.26184717144754,48.23463070168298],[-107.26179494991551,48.23465854507815],[-107.26179514745563,48.23466297129472],[-107.26194696639084,48.234771671523006],[-107.26199962779117,48.23475275173096],[-107.26201872095683,48.23473002254265],[-107.26204446529161,48.234707204807165],[-107.26188593765391,48.2345986804523]]]}"
00000000000000002344,5197,0,0,0,"{""type"":""GeometryCollection"",""geometries"":[{""type"":""LineString"",""coordinates"":[[-107.26200435282394,48.23455615605788],[-107.26200415603134,48.23455169365799]]},{""type"":""Polygon"",""coordinates"":[[[-107.26200432007025,48.23455616644123],[-107.26198430925582,48.23455651912884],[-107.26196424110918,48.23455695885154],[-107.26190517099363,48.234580464602345],[-107.26188593765391,48.2345986804523],[-107.26204446529161,48.234707204807165],[-107.26206996743005,48.234679889555224],[-107.2621628480948,48.23466469050366],[-107.26200432007025,48.23455616644123]]]}]}"
0000000000000000234b,5198,0,0,0,"{""type"":""Polygon"",""coordinates"":[[[-107.26213518878505,48.23449108307815],[-107.26208214534547,48.23450099209512],[-107.26202297338618,48.234524513627754],[-107.26200417984023,48.234551653195304],[-107.2621628480948,48.23466469050366],[-107.26225602830907,48.23465390184283],[-107.26226243731035,48.23464931575763],[-107.26213518878505,48.23449108307815]]]}"
0000000000000000234a,5199,0,0,0,"{""type"":""Polygon"",""coordinates"":[[[-107.26223987338238,48.23443989359529],[-107.26221335168243,48.23444484813081],[-107.26216841900083,48.23448595295887],[-107.26213518878505,48.23449108307815],[-107.26226243731035,48.23464931575763],[-107.26228177250874,48.23463108407998],[-107.26230785455225,48.23461720578018],[-107.26232063419978,48.23460350462401],[-107.26236678446519,48.234589186516075],[-107.26223987338238,48.23443989359529]]]}"
00000000000000002345,5200,0,0,0,"{""type"":""Polygon"",""coordinates"":[[[-107.26237147471065,48.234392601867704],[-107.26233183558166,48.23440231811443],[-107.2622993830778,48.23442531139709],[-107.26223987338238,48.23443989359529],[-107.26236678446519,48.234589186516075],[-107.26237333998029,48.234584655995505],[-107.26239961959595,48.23457520389019],[-107.26244596745515,48.23456531195767],[-107.26247224705946,48.23455585983622],[-107.26237147471065,48.234392601867704]]]}"
00000000000000002349,5201,0,0,0,"{""type"":""Polygon"",""coordinates"":[[[-107.26250375797183,48.234358731171824],[-107.26249704947642,48.23435890679531],[-107.2624573657636,48.23436855178483],[-107.26244400611132,48.23436881598551],[-107.26237147471065,48.234392601867704],[-107.26247224705946,48.23455585983622],[-107.26249192006243,48.23454656759708],[-107.26254458117481,48.23452764759398],[-107.26258432241305,48.23451791549494],[-107.26250375797183,48.234358731171824]]]}"
0000000000000000232d,5202,0,0,0,"{""type"":""Polygon"",""coordinates"":[[[-107.2626157307841,48.234320802687556],[-107.26260334659214,48.23434335617625],[-107.26250375797183,48.234358731171824],[-107.26258432241305,48.23451791549494],[-107.26259724226354,48.23450872756938],[-107.26265699441367,48.23449864262632],[-107.26270372480676,48.234497761322636],[-107.26272359542439,48.2344928952448],[-107.2626157307841,48.234320802687556]]]}"
0000000000000000236e,5203,0,0,0,"{""type"":""Polygon"",""coordinates"":[[[-107.26274184105958,48.23430047292691],[-107.26272216820087,48.23430976517039],[-107.26268208920015,48.23431055787761],[-107.26266872953686,48.234310822109556],[-107.26265536987535,48.23431108633959],[-107.26262204399515,48.234311774689004],[-107.2626157307841,48.234320802687556],[-107.26272359542439,48.2344928952448],[-107.26273671290677,48.234488133502516],[-107.262762456824,48.23446531568945],[-107.2628287198372,48.234450628810634],[-107.26284834817191,48.234441265216326],[-107.26274184105958,48.23430047292691]]]}"
0000000000000000235c,5204,0,0,0,"{""type"":""Polygon"",""coordinates"":[[[-107.26281980563863,48.234249811491836],[-107.26277409567129,48.2342730533756],[-107.26274835190324,48.23429587110508],[-107.26274184105958,48.23430047292691],[-107.26284834817191,48.234441265216326],[-107.26287443002822,48.234427386817195],[-107.26290688238649,48.234404393342984],[-107.26295303247286,48.234390075011746],[-107.26298582281501,48.23437602094062],[-107.26281980563863,48.234249811491836]]]}"
00000000000000002340,5205,0,0,0,"{""type"":""Polygon"",""coordinates"":[[[-107.26292434903246,48.23419410830668],[-107.26291112972143,48.23419888578276],[-107.26289821001895,48.234208073693],[-107.26287193065315,48.23421752586282],[-107.26281980563863,48.234249811491836],[-107.26298582281501,48.23437602094062],[-107.26303157749065,48.234352850210236],[-107.26307029827483,48.23432075738835],[-107.26308365799879,48.23432049309896],[-107.26292434903246,48.23419410830668]]]}"
00000000000000002342,5206,0,0,0,"{""type"":""Polygon"",""coordinates"":[[[-107.26304219454484,48.23413822782979],[-107.2629771500138,48.234179701414035],[-107.26292434903246,48.23419410830668],[-107.26308365799879,48.23432049309896],[-107.26312300370033,48.234301908458136],[-107.26316891137436,48.23428309257335],[-107.26318149298842,48.234264965220824],[-107.26304219454484,48.23413822782979]]]}"
0000000000000000236f,5207,0,0,0,"{""type"":""Polygon"",""coordinates"":[[[-107.26313371596605,48.23409172818777],[-107.26306837809358,48.23412433372617],[-107.26304219454484,48.23413822782979],[-107.26318149298842,48.234264965220824],[-107.26320018997428,48.23423338367837],[-107.26327305930599,48.23421853662899],[-107.26330565175952,48.23420005632789],[-107.26313371596605,48.23409172818777]]]}"
0000000000000000233d,5208,1,0,1,"{""type"":""Polygon"",""coordinates"":[[[-107.2632105063201,48.234014351373006],[-107.26317204098785,48.23405078317425],[-107.26314687790831,48.23408703773085],[-107.26313371596605,48.23409172818777],[-107.26330565175952,48.23420005632789],[-107.26339066249683,48.23415815822983],[-107.26340324398525,48.23414003089424],[-107.2632105063201,48.234014351373006]]]}"
00000000000000002377,5209,0,0,0,"{""type"":""Polygon"",""coordinates"":[[[-107.26325354332593,48.233928581239724],[-107.26324946896493,48.233986756149946],[-107.2632105063201,48.234014351373006],[-107.26340324398525,48.23414003089424],[-107.26346099925406,48.234085295927116],[-107.2634796959545,48.23405371444474],[-107.26325354332593,48.233928581239724]]]}"
00000000000000002376,5210,0,0,0,"{""type"":""Polygon"",""coordinates"":[[[-107.26326451111576,48.23387481520301],[-107.26325830003302,48.23388382742674],[-107.26325354332593,48.233928581239724],[-107.2634796959545,48.23405371444474],[-107.26348596436432,48.234044615138544],[-107.2635388671735,48.23403019224257],[-107.26358942891382,48.23396663811207],[-107.26326451111576,48.23387481520301]]]}"
0000000000000000237c,5211,0,0,0,"{""type"":""Polygon"",""coordinates"":[[[-107.26330837061307,48.233806979466436],[-107.26326451111576,48.23387481520301],[-107.26358942891382,48.23396663811207],[-107.26360832322699,48.23393948282599],[-107.2636213446887,48.23393027913331],[-107.2636327521293,48.23388543664994],[-107.26363858034068,48.23386741378109],[-107.26330837061307,48.233806979466436]]]}"
0000000000000000237b,5212,0,0,0,"{""type"":""Polygon"",""coordinates"":[[[-107.26333255743057,48.23374843606219],[-107.26332070966274,48.23378435482798],[-107.26330837061307,48.233806979466436],[-107.26363858034068,48.23386741378109],[-107.26364411493796,48.23384052290288],[-107.26364367479722,48.23383159932585],[-107.26365474395934,48.233777817619426],[-107.26365430381523,48.233768894053114],[-107.26366057213923,48.23375979478669],[-107.26333255743057,48.23374843606219]]]}"
0000000000000000233c,5213,0,0,0,"{""type"":""Polygon"",""coordinates"":[[[-107.26365662300913,48.233670567571714],[-107.26335528354817,48.233658608895794],[-107.26335562168865,48.23366754818425],[-107.26335630409667,48.23368096916398],[-107.26335683997341,48.233694334583554],[-107.26335805825795,48.233721120996414],[-107.26333862807306,48.23373491068775],[-107.26333255743057,48.23374843606219],[-107.26366057213923,48.23375979478669],[-107.26367217723842,48.233719378573916],[-107.26365662300913,48.233670567571714]]]}"
00000000000000002335,5214,0,0,0,"{""type"":""Polygon"",""coordinates"":[[[-107.26364733711463,48.2336126573715],[-107.26364558262806,48.23357250563491],[-107.26337198354125,48.23358237851402],[-107.26335289157716,48.23360510744789],[-107.26335333164948,48.23361403098977],[-107.26335386752665,48.23362739639246],[-107.26335484347594,48.2336496853464],[-107.26335528354817,48.233658608895794],[-107.26365662300913,48.233670567571714],[-107.26364733711463,48.2336126573715]]]}"
0000000000000000233b,5215,0,0,0,"{""type"":""GeometryCollection"",""geometries"":[{""type"":""LineString"",""coordinates"":[[-107.26340222253815,48.233510322846456],[-107.2633955473677,48.23351045431507]]},{""type"":""Polygon"",""coordinates"":[[[-107.26360243527888,48.2335019188398],[-107.26359417019142,48.23346636898734],[-107.26340224067155,48.233510310029594],[-107.26340222253815,48.233510322846456],[-107.26338921934533,48.233519513616066],[-107.26338237053108,48.23351517614539],[-107.2633757640581,48.233515336087606],[-107.26337785639889,48.23356442706397],[-107.26337198354125,48.23358237851402],[-107.26364558262806,48.23357250563491],[-107.263651557301,48.233554538436586],[-107.26360243527888,48.2335019188398]]]}]}"
00000000000000002337,5216,0,0,0,"{""type"":""MultiPolygon"",""coordinates"":[[[[-107.2633757640581,48.233515336087606],[-107.26338237053108,48.23351517614539],[-107.26338217279037,48.233510750033204],[-107.2633757640581,48.233515336087606]]],[[[-107.26338217279037,48.233510750033204],[-107.26339553226671,48.23351048571074],[-107.26359417019142,48.23346636898734],[-107.26358707898102,48.23345753412903],[-107.26357250104266,48.23343101220557],[-107.2635719650811,48.23341764685586],[-107.26357074662685,48.23339086060368],[-107.26356345767282,48.23337759965565],[-107.26336506260375,48.23342621363396],[-107.263375323979,48.233506412562654],[-107.26338217279037,48.233510750033204]]]]}"
00000000000000002339,5217,0,0,0,"{""type"":""Polygon"",""coordinates"":[[[-107.2635427134474,48.23336016121717],[-107.2635279378194,48.23332921323779],[-107.26351335997386,48.233302691367314],[-107.2635057328759,48.23328049121309],[-107.26331516309408,48.233355731260914],[-107.26335621729211,48.233377227161995],[-107.26336506260375,48.23342621363396],[-107.26356345767282,48.23337759965565],[-107.2635427134474,48.23336016121717]]]}"
00000000000000002341,5218,0,0,0,"{""type"":""Polygon"",""coordinates"":[[[-107.26349800385563,48.2332583068049],[-107.26347050677641,48.23324097277283],[-107.26342891668834,48.2332061116771],[-107.26323189401556,48.233285866179855],[-107.26328713022946,48.23332503181221],[-107.26331516309408,48.233355731260914],[-107.2635057328759,48.23328049121309],[-107.26349800385563,48.2332583068049]]]}"
00000000000000002338,5219,0,0,0,"{""type"":""Polygon"",""coordinates"":[[[-107.2633941308512,48.233175516727144],[-107.2633723662707,48.23313571826679],[-107.26336521785431,48.23312697048188],[-107.26317494855458,48.23320662036157],[-107.26318884371784,48.2332197213749],[-107.26321711872102,48.23325491818765],[-107.26323169629154,48.23328144008611],[-107.26323189401556,48.233285866179855],[-107.26342891668834,48.2332061116771],[-107.2633941308512,48.233175516727144]]]}"
0000000000000000232f,5220,0,0,0,"{""type"":""Polygon"",""coordinates"":[[[-107.263358126773,48.23311813566008],[-107.26335739314229,48.23310034430849],[-107.2633157587581,48.23306541194845],[-107.26328782188983,48.23303915447349],[-107.26310498214414,48.23313657809998],[-107.26314637399209,48.233167013218946],[-107.26317494855458,48.23320662036157],[-107.26336521785431,48.23312697048188],[-107.263358126773,48.23311813566008]]]}"
00000000000000002330,5221,0,0,0,"{""type"":""Polygon"",""coordinates"":[[[-107.26322500380469,48.23297786028795],[-107.26319119428257,48.232969554055934],[-107.26317710148297,48.23295202703637],[-107.26303594721497,48.233088753297274],[-107.26306941866999,48.233088120407736],[-107.26310473983624,48.23313208071761],[-107.26310498214414,48.23313657809998],[-107.26328782188983,48.23303915447349],[-107.26322500380469,48.23297786028795]]]}"
00000000000000002334,5222,0,0,0,"{""type"":""Polygon"",""coordinates"":[[[-107.2631633022046,48.23294336788765],[-107.26312244637367,48.23292629812796],[-107.26307464001913,48.232904906645196],[-107.2630544321617,48.232900833465294],[-107.26290788947513,48.23306450541404],[-107.26296817513337,48.23306778587653],[-107.26303594721497,48.233088753297274],[-107.26317710148297,48.23295202703637],[-107.2631633022046,48.23294336788765]]]}"
0000000000000000233f,5223,0,0,0,"{""type"":""Polygon"",""coordinates"":[[[-107.26302737567492,48.23289242283181],[-107.26297272084422,48.23286669386011],[-107.26291908642916,48.232863324800434],[-107.2627732768807,48.23304478777049],[-107.26284736159162,48.23305672753521],[-107.26290788947513,48.23306450541404],[-107.2630544321617,48.232900833465294],[-107.26302737567492,48.23289242283181]]]}"
0000000000000000232b,5224,0,0,0,"{""type"":""Polygon"",""coordinates"":[[[-107.26281872364684,48.232860837014755],[-107.26279783368105,48.23284334300219],[-107.26263793134758,48.23300727860224],[-107.26267844883489,48.233015409417185],[-107.2627397098341,48.23304097873984],[-107.2627732768807,48.23304478777049],[-107.26291908642916,48.232863324800434],[-107.26281872364684,48.232860837014755]]]}"
00000000000000002346,5225,0,0,0,"{""type"":""Polygon"",""coordinates"":[[[-107.26277013975978,48.23282158282701],[-107.26273525931053,48.23278654604087],[-107.26250069271556,48.23292510485276],[-107.26251482967726,48.23294270327425],[-107.26252876901273,48.23295587562907],[-107.26254252345296,48.232964463576565],[-107.26254330128747,48.23298232619924],[-107.26259751582552,48.23299913203404],[-107.26263793134758,48.23300727860224],[-107.26279783368105,48.23284334300219],[-107.26277013975978,48.23282158282701]]]}"
00000000000000002347,5226,0,0,0,"{""type"":""Polygon"",""coordinates"":[[[-107.26245447590642,48.232787596862245],[-107.26245511340208,48.23280094633275],[-107.2624859182636,48.23289415693772],[-107.26248645383967,48.23290752217102],[-107.26250069271556,48.23292510485276],[-107.26273525931053,48.23278654604087],[-107.26272816848564,48.232777711222894],[-107.26273986980122,48.23274173764815],[-107.26245447590642,48.232787596862245]]]}"
0000000000000000234f,5227,0,0,0,"{""type"":""Polygon"",""coordinates"":[[[-107.26248254056567,48.23266645523212],[-107.26245748001202,48.232702692908056],[-107.26245447590642,48.232787596862245],[-107.26273986980122,48.23274173764815],[-107.262752495562,48.232723682191505],[-107.26277192526972,48.23270989289444],[-107.26248254056567,48.23266645523212]]]}"
0000000000000000232a,5228,0,0,0,"{""type"":""Polygon"",""coordinates"":[[[-107.26255860794421,48.23257113155914],[-107.26254558688484,48.23258033486107],[-107.26252737493452,48.2326209099583],[-107.26248254056567,48.23266645523212],[-107.26277192526972,48.23270989289444],[-107.26279155264132,48.232700529644234],[-107.26279101694897,48.23268716446788],[-107.26281044663027,48.232673375173206],[-107.2628169571645,48.2326687734961],[-107.26255860794421,48.23257113155914]]]}"
0000000000000000232c,5229,0,0,0,"{""type"":""Polygon"",""coordinates"":[[[-107.26266250886376,48.23250208115491],[-107.26255860794421,48.23257113155914],[-107.2628169571645,48.2326687734961],[-107.26284245740136,48.23264145913964],[-107.26286168936541,48.23262324380686],[-107.26266250886376,48.23250208115491]]]}"
00000000000000002329,5230,0,0,0,"{""type"":""Polygon"",""coordinates"":[[[-107.26275989901187,48.23243763238758],[-107.26271521158066,48.23248323316511],[-107.2626884935636,48.232483761584895],[-107.26266250886376,48.23250208115491],[-107.26286168936541,48.23262324380686],[-107.2628809213138,48.2326050284769],[-107.26289350237539,48.23258690175107],[-107.26290608342555,48.23256877503008],[-107.26291866446431,48.23255064831395],[-107.26292473498886,48.23253712327488],[-107.26275989901187,48.23243763238758]]]}"
00000000000000002333,5231,0,0,0,"{""type"":""Polygon"",""coordinates"":[[[-107.2628234289957,48.2323605068649],[-107.26280453519617,48.232387661173085],[-107.26276645410111,48.232433102035216],[-107.26275989901187,48.23243763238758],[-107.26292473498886,48.23253712327488],[-107.26294362881316,48.2325099688657],[-107.26298273021567,48.23248688764088],[-107.26299487119668,48.23245983759204],[-107.26300094168042,48.23244631257241],[-107.2628234289957,48.2323605068649]]]}"
00000000000000002332,5232,0,0,0,"{""type"":""Polygon"",""coordinates"":[[[-107.26288049944993,48.23229235351429],[-107.26287486893314,48.23231480181456],[-107.26283576770285,48.23233788291601],[-107.2628234289957,48.2323605068649],[-107.26300094168042,48.23244631257241],[-107.26301308263433,48.232419262542706],[-107.26303100054736,48.232369819748264],[-107.26304989421872,48.23234266540792],[-107.26288049944993,48.23229235351429]]]}"
00000000000000002331,5233,0,0,0,"{""type"":""Polygon"",""coordinates"":[[[-107.2629235792523,48.23220665766558],[-107.26291750879378,48.23222018261842],[-107.26288049944993,48.23229235351429],[-107.26304989421872,48.23234266540792],[-107.26309428771859,48.23228819684721],[-107.26310642855368,48.23226114688956],[-107.2629235792523,48.23220665766558]]]}"
00000000000000002325,5234,0,0,0,"{""type"":""Polygon"",""coordinates"":[[[-107.2629803558455,48.23212963672952],[-107.26295558952323,48.23217474188855],[-107.26292945201142,48.23218870671225],[-107.2629235792523,48.23220665766558],[-107.26311313671197,48.23226097123902],[-107.2631311502055,48.23221597032054],[-107.263143533308,48.23219341769829],[-107.26316967080531,48.23217945281545],[-107.2629803558455,48.23212963672952]]]}"
0000000000000000232e,5235,0,0,0,"{""type"":""GeometryCollection"",""geometries"":[{""type"":""LineString"",""coordinates"":[[-107.26332782952397,48.23212724277267],[-107.26333450869731,48.232127111228415]]},{""type"":""Polygon"",""coordinates"":[[[-107.2632736147253,48.23211047360085],[-107.26326025577086,48.23211073788612],[-107.26320604178699,48.23209393269364],[-107.26320579946038,48.232089435400624],[-107.26301644022514,48.232039548163435],[-107.26300443980047,48.2320711110243],[-107.26298662396952,48.232120537794096],[-107.2629803558455,48.23212963672952],[-107.26316967080531,48.23217945281545],[-107.263194634658,48.23213877359996],[-107.26326167178536,48.23214194949624],[-107.26332782880407,48.232127278758036],[-107.2632736147253,48.23211047360085]]]}]}"
0000000000000000231a,5236,0,0,0,"{""type"":""MultiPolygon"",""coordinates"":[[[[-107.26306009983026,48.23196728896417],[-107.2630486925983,48.23201212974841],[-107.26301624251865,48.23203512217308],[-107.26301644022514,48.232039548163435],[-107.26320579946038,48.232089435400624],[-107.26321740428683,48.232049020525764],[-107.26324256573236,48.2320127673887],[-107.26324843831794,48.23199481648605],[-107.26306009983026,48.23196728896417]]],[[[-107.26337892988715,48.2320726346367],[-107.26334667758167,48.232100053192276],[-107.2632736147253,48.23211047360085],[-107.26333453695365,48.23212710309269],[-107.26335376848985,48.232108887849314],[-107.2633666873619,48.23209970026339],[-107.26337970815653,48.23209049694046],[-107.26340598598169,48.23208104505075],[-107.26340564780412,48.23207210603147],[-107.26337892988715,48.2320726346367]]]]}"
0000000000000000231f,5237,0,0,0,"{""type"":""Polygon"",""coordinates"":[[[-107.26308306731792,48.231881962186],[-107.26307709276008,48.231899928778006],[-107.2630649520527,48.23192697854401],[-107.26306009983026,48.23196728896417],[-107.26324843831794,48.23199481648605],[-107.26325475096641,48.23198578885708],[-107.26327947226109,48.231940612494064],[-107.26328476432829,48.23190922534358],[-107.26308306731792,48.231881962186]]]}"
00000000000000002323,5238,0,0,0,"{""type"":""Polygon"",""coordinates"":[[[-107.26312546381875,48.23178284643061],[-107.26310812680038,48.23184572493616],[-107.26308933537597,48.231872863288146],[-107.26308306731792,48.231881962186],[-107.26328476432829,48.23190922534358],[-107.26329029872241,48.231882335486226],[-107.26332837876554,48.231836894916114],[-107.26312546381875,48.23178284643061]]]}"
00000000000000002320,5239,0,0,0,"{""type"":""Polygon"",""coordinates"":[[[-107.26321546731175,48.23170069586481],[-107.26320244664687,48.231709899094376],[-107.26317009881613,48.23173287569481],[-107.26312546381875,48.23178284643061],[-107.26332837876554,48.231836894916114],[-107.26337908390006,48.231773399172226],[-107.26321546731175,48.23170069586481]]]}"
00000000000000002318,5240,0,0,0,"{""type"":""Polygon"",""coordinates"":[[[-107.26327200026604,48.23161917827323],[-107.26325310713254,48.23164633227226],[-107.26321522498166,48.231696198605334],[-107.26321546731175,48.23170069586481],[-107.26337908390006,48.231773399172226],[-107.26341089577438,48.23173705755763],[-107.26344334547346,48.2317140651388],[-107.26345606642673,48.23170045165334],[-107.26327200026604,48.23161917827323]]]}"
00000000000000002324,5241,0,0,0,"{""type"":""Polygon"",""coordinates"":[[[-107.26334898256017,48.23154623105874],[-107.26332911350164,48.231551096955414],[-107.2632845808084,48.23160105184711],[-107.26327200026604,48.23161917827323],[-107.26345606642673,48.23170045165334],[-107.26346213662129,48.23168692680602],[-107.26348749538144,48.231655099820124],[-107.26352659572905,48.23163201877359],[-107.2635261555888,48.23162309556852],[-107.26334898256017,48.23154623105874]]]}"
00000000000000002336,5242,0,0,0,"{""type"":""Polygon"",""coordinates"":[[[-107.2634397188751,48.23148187147208],[-107.26342791674227,48.23151785998413],[-107.26334898256017,48.23154623105874],[-107.2635261555888,48.23162309556852],[-107.26354504856677,48.231595941531644],[-107.26358356823214,48.23155942431221],[-107.26360260159609,48.231536783278784],[-107.2634397188751,48.23148187147208]]]}"
0000000000000000233a,5243,0,0,0,"{""type"":""Polygon"",""coordinates"":[[[-107.26348313473129,48.23140511564405],[-107.26345719559934,48.231423506329],[-107.2634397188751,48.23148187147208],[-107.26360260159609,48.231536783278784],[-107.26361537977428,48.23152308278529],[-107.26363403026433,48.23149143154519],[-107.26366662013739,48.23147295213961],[-107.26367876030584,48.231445902543356],[-107.26348313473129,48.23140511564405]]]}"
00000000000000000b18,5244,0,0,0,"{""type"":""Polygon"",""coordinates"":[[[-107.26369336529172,48.23132058642837],[-107.26369312290022,48.23131608920397],[-107.26348711219535,48.2313425019227],[-107.26350863370503,48.23137780179516],[-107.26348313473129,48.23140511564405],[-107.26367876030584,48.231445902543356],[-107.26369060679662,48.23140998535342],[-107.26370318711218,48.23139185894991],[-107.26370240866454,48.2313739968892],[-107.2637019684779,48.23136507372964],[-107.26369336529172,48.23132058642837]]]}"
00000000000000002319,5245,0,0,0,"{""type"":""Polygon"",""coordinates"":[[[-107.26363617874998,48.23123684657654],[-107.2636218438605,48.23121482297273],[-107.2634438654536,48.231271933704285],[-107.26345091165749,48.23128069692068],[-107.26347277738377,48.231320478250666],[-107.26348711219535,48.2313425019227],[-107.26369312290022,48.23131608920397],[-107.26363617874998,48.23123684657654]]]}"
00000000000000002317,5246,0,0,0,"{""type"":""Polygon"",""coordinates"":[[[-107.26357952849841,48.23116647159245],[-107.26353162794702,48.231140639357356],[-107.26337376116759,48.23119738118259],[-107.26340243057952,48.2312414284661],[-107.2634438654536,48.231271933704285],[-107.2636218438605,48.23121482297273],[-107.26357952849841,48.23116647159245]]]}"
000000000000000022ff,5247,0,0,0,"{""type"":""Polygon"",""coordinates"":[[[-107.26350844787696,48.23106963145346],[-107.2634878007137,48.23105663537529],[-107.2633034148581,48.23111833149689],[-107.2633664726499,48.231184120758364],[-107.26337376116759,48.23119738118259],[-107.26353162794702,48.231140639357356],[-107.26350844787696,48.23106963145346]]]}"
000000000000000022fa,5248,0,0,0,"{""type"":""Polygon"",""coordinates"":[[[-107.26347424433973,48.23105247377061],[-107.2634520405342,48.23100375380142],[-107.26343712529479,48.23096829423272],[-107.26322053314067,48.2310574793887],[-107.26326863095163,48.23108773765992],[-107.2633034148581,48.23111833149689],[-107.2634878007137,48.23105663537529],[-107.26347424433973,48.23105247377061]]]}"
000000000000000022f5,5249,0,0,0,"{""type"":""Polygon"",""coordinates"":[[[-107.26343027691105,48.230963956963706],[-107.2634078754533,48.230910811169],[-107.26337313619364,48.230880288786],[-107.2631505256443,48.230987368619076],[-107.26318486925763,48.23100903934161],[-107.26321222416112,48.231021859830456],[-107.2632130023788,48.23103972178208],[-107.26321358285911,48.23105315783271],[-107.26322053314067,48.2310574793887],[-107.26343712529479,48.23096829423272],[-107.26343027691105,48.230963956963706]]]}"
000000000000000022f6,5250,0,0,0,"{""type"":""Polygon"",""coordinates"":[[[-107.2633661859135,48.230875967255486],[-107.26335204910002,48.23085836964308],[-107.26333835240544,48.23084969510895],[-107.2633245537953,48.23084103631057],[-107.26329021019217,48.23081936570655],[-107.2632092810477,48.230803089416675],[-107.26318232176988,48.23079912074672],[-107.26311598435689,48.230961271991994],[-107.2631505256443,48.230987368619076],[-107.26337313619364,48.230880288786],[-107.2633661859135,48.230875967255486]]]}"
000000000000000022f7,5251,0,0,0,"{""type"":""Polygon"",""coordinates"":[[[-107.26314855880253,48.230790886089466],[-107.263081326473,48.23078328424633],[-107.26302226257377,48.230806788849975],[-107.26301551008947,48.23080689318503],[-107.26301460603376,48.230936425253304],[-107.26310913603646,48.230956934699044],[-107.26311598435689,48.230961271991994],[-107.26318232176988,48.23079912074672],[-107.26314855880253,48.230790886089466]]]}"
000000000000000022fd,5252,0,0,0,"{""type"":""Polygon"",""coordinates"":[[[-107.26293526364695,48.2308040369129],[-107.26286880955332,48.23081429679637],[-107.26288767174442,48.23093897889457],[-107.2629407675903,48.230928983190864],[-107.26296802035495,48.23094181947143],[-107.2629813788466,48.23094155524439],[-107.26299473734007,48.230941291015455],[-107.26301460603376,48.230936425253304],[-107.26301551008947,48.23080689318503],[-107.26293526364695,48.2308040369129]]]}"
000000000000000022f1,5253,0,0,0,"{""type"":""Polygon"",""coordinates"":[[[-107.26286880955332,48.23081429679637],[-107.26282893196152,48.23081951530721],[-107.26271721229561,48.2308619384451],[-107.26278848757035,48.23096320476776],[-107.26280140607302,48.23095401746623],[-107.26288786944289,48.23094340479369],[-107.26288767174442,48.23093897889457],[-107.26286880955332,48.23081429679637]]]}"
000000000000000022fc,5254,0,0,0,"{""type"":""Polygon"",""coordinates"":[[[-107.26271721229561,48.2308619384451],[-107.26265780408661,48.23088096140537],[-107.26261151820083,48.23089076559995],[-107.26258513935643,48.23090023277237],[-107.26268337343657,48.231005468111135],[-107.26271620525776,48.23099148640808],[-107.26275628068447,48.230990693826975],[-107.26278848757035,48.23096320476776],[-107.26271721229561,48.2308619384451]]]}"
00000000000000002322,5255,0,0,0,"{""type"":""Polygon"",""coordinates"":[[[-107.26258513935643,48.23090023277237],[-107.2624993584378,48.23092426544906],[-107.26247904990508,48.230920208004555],[-107.26245937891555,48.23092949955309],[-107.26257903708866,48.231065593349655],[-107.26259846589257,48.23105180454279],[-107.2626180412046,48.23103807129805],[-107.26266394467177,48.23101925692212],[-107.26268337343657,48.231005468111135],[-107.26258513935643,48.23090023277237]]]}"
0000000000000000231b,5256,0,0,0,"{""type"":""Polygon"",""coordinates"":[[[-107.26248830124582,48.23112995160463],[-107.26250132176573,48.231120748576465],[-107.26251346248328,48.23109369929371],[-107.2625661185214,48.231074780642274],[-107.26257903708866,48.231065593349655],[-107.26245937891555,48.23092949955309],[-107.26244626274185,48.23093426090401],[-107.26242780945815,48.23097033749486],[-107.26240187043524,48.230988727740844],[-107.26236884097847,48.23099828342895],[-107.26246100406695,48.23111704383951],[-107.26246775656746,48.231116939542424],[-107.26248830124582,48.23112995160463]],[[-107.26253167352576,48.231053125393494],[-107.26255154223867,48.23104825971638],[-107.26253789038284,48.23103965632878],[-107.26253167352576,48.231053125393494]],[[-107.26253167352576,48.231053125393494],[-107.2625183150578,48.23105338955792],[-107.26253211342951,48.23106204851296],[-107.26253167352576,48.231053125393494]],[[-107.26246775656746,48.231116939542424],[-107.26248752338553,48.23111208960761],[-107.26247382693768,48.231103414902314],[-107.26246775656746,48.231116939542424]]]}"
000000000000000022fe,5257,0,0,0,"{""type"":""Polygon"",""coordinates"":[[[-107.26236884097847,48.23099828342895],[-107.26234921453657,48.231007646267905],[-107.2622969538665,48.23103541659283],[-107.26225061054585,48.231045307678365],[-107.26235006130148,48.231177328826426],[-107.26238284868987,48.23116327588953],[-107.26239498949472,48.23113622659779],[-107.26246100406695,48.23111704383951],[-107.26236884097847,48.23099828342895]]]}"
00000000000000002321,5258,0,0,0,"{""type"":""Polygon"",""coordinates"":[[[-107.26225061054585,48.231045307678365],[-107.26223093947992,48.23105459920402],[-107.26221802088091,48.23106378644871],[-107.26214613360577,48.231100919549796],[-107.26223114823746,48.23121093285304],[-107.2622516544619,48.231219416295964],[-107.26231096124437,48.231200409188155],[-107.26235006130148,48.231177328826426],[-107.26225061054585,48.231045307678365]]]}"
0000000000000000231d,5259,0,0,0,"{""type"":""Polygon"",""coordinates"":[[[-107.26214613360577,48.231100919549796],[-107.26204708959155,48.231129657686566],[-107.26202081251745,48.23113910901539],[-107.26209917616055,48.23124921105603],[-107.26211908953562,48.23124441674717],[-107.26221094156543,48.231206859596],[-107.26223114823746,48.23121093285304],[-107.26214613360577,48.231100919549796]]]}"
0000000000000000231e,5260,0,0,0,"{""type"":""Polygon"",""coordinates"":[[[-107.26202081251745,48.23113910901539],[-107.2619810750877,48.231148840163144],[-107.26194143957828,48.231158555561215],[-107.26190156189476,48.231163773723225],[-107.26196705101145,48.231283134473394],[-107.26205303021197,48.231263528022005],[-107.26206594890252,48.2312543407625],[-107.26209917616055,48.23124921105603],[-107.26202081251745,48.23113910901539]]]}"
00000000000000002327,5261,0,0,0,"{""type"":""Polygon"",""coordinates"":[[[-107.26190156189476,48.231163773723225],[-107.26188844564547,48.23116853502096],[-107.26180941049103,48.23119692035365],[-107.26177604311691,48.231197536991765],[-107.26184148719341,48.231316826616265],[-107.26186800655645,48.23131187253563],[-107.26190079407465,48.23129781972428],[-107.26196705101145,48.231283134473394],[-107.26190156189476,48.231163773723225]]]}"
00000000000000002326,5262,0,0,0,"{""type"":""Polygon"",""coordinates"":[[[-107.26177604311691,48.231197536991765],[-107.26172965512754,48.231207356559466],[-107.26164323651616,48.231218039536635],[-107.26171572576715,48.23134609267855],[-107.26174190734854,48.23133219971974],[-107.26175526580661,48.231331935662176],[-107.26177527483168,48.23133158308916],[-107.26178863329429,48.23133131902684],[-107.261794901472,48.23132222030514],[-107.26184148719341,48.231316826616265],[-107.26177604311691,48.231197536991765]]]}"
00000000000000002328,5263,0,0,0,"{""type"":""Polygon"",""coordinates"":[[[-107.26164323651616,48.231218039536635],[-107.26162987811506,48.23121830357661],[-107.26157722193986,48.231237221769476],[-107.26153714674935,48.231238013856235],[-107.26152378835613,48.23123827788134],[-107.26156348954585,48.231380383901744],[-107.26158355588728,48.231379944334954],[-107.26162323616698,48.23137030033839],[-107.26170260945447,48.23135085396892],[-107.26171572576715,48.23134609267855],[-107.26164323651616,48.231218039536635]]]}"
00000000000000002310,5264,0,0,0,"{""type"":""Polygon"",""coordinates"":[[[-107.26152378835613,48.23123827788134],[-107.26151042996469,48.23123854190455],[-107.26145783110043,48.23125737300616],[-107.2614444727115,48.23125763702022],[-107.26142440646582,48.231258076554504],[-107.26140439755552,48.231258429051],[-107.26139768969877,48.23125860457122],[-107.26142325459465,48.23138311261427],[-107.26144997145872,48.23138258458675],[-107.26156348954585,48.231380383901744],[-107.26152378835613,48.23123827788134]]]}"
0000000000000000234e,5265,0,0,0,"{""type"":""Polygon"",""coordinates"":[[[-107.26139768969877,48.23125860457122],[-107.26139103917382,48.23125869305746],[-107.26133056012948,48.231250985679324],[-107.2613092324375,48.231224568666185],[-107.26123603925318,48.23138238264907],[-107.26124288728492,48.231386720117804],[-107.26126960410032,48.23138619214165],[-107.2613030287956,48.231385488643944],[-107.26133639617038,48.23138487216799],[-107.26142325459465,48.23138311261427],[-107.26139768969877,48.23125860457122]]]}"
0000000000000000230e,5266,0,0,0,"{""type"":""Polygon"",""coordinates"":[[[-107.26130218691674,48.23121580528463],[-107.26122801202044,48.23119942294294],[-107.26109263876549,48.2313137494932],[-107.26111324008026,48.2313266748822],[-107.26118080914604,48.23134321712033],[-107.26123603925318,48.23138238264907],[-107.2613092324375,48.231224568666185],[-107.26130218691674,48.23121580528463]]]}"
00000000000000002352,5267,0,0,0,"{""type"":""Polygon"",""coordinates"":[[[-107.26119400778586,48.23118669028804],[-107.26113902009507,48.23115202209589],[-107.26113207020073,48.231147700371686],[-107.26100243023252,48.23123956317591],[-107.26099733399195,48.231275375781536],[-107.26102482779645,48.23129270996073],[-107.26108579077538,48.231309412018675],[-107.26109263876549,48.2313137494932],[-107.26122801202044,48.23119942294294],[-107.26119400778586,48.23118669028804]]]}"
0000000000000000230f,5268,0,0,0,"{""type"":""Polygon"",""coordinates"":[[[-107.26110457641362,48.231130366270264],[-107.26107708265978,48.231113032165815],[-107.2610224328624,48.231087302821926],[-107.26087360591283,48.23119745110369],[-107.26090736787802,48.23120568664949],[-107.2609210637556,48.231214361609446],[-107.26094821986868,48.23122275689375],[-107.26097537600211,48.2312311521712],[-107.26100209262933,48.2312306242758],[-107.26100243023252,48.23123956317591],[-107.26113207020073,48.231147700371686],[-107.26110457641362,48.231130366270264]]]}"
00000000000000002315,5269,0,0,0,"{""type"":""Polygon"",""coordinates"":[[[-107.26100100999913,48.23105644415988],[-107.26098040888948,48.23104351880762],[-107.26093921946683,48.23101750976623],[-107.26091182145475,48.23100461729454],[-107.26079190217688,48.23116331054993],[-107.26083935989708,48.23118022108826],[-107.26086024762854,48.23119771503353],[-107.26087360591283,48.23119745110369],[-107.2610224328624,48.231087302821926],[-107.26102209525195,48.23107836394781],[-107.26100100999913,48.23105644415988]]]}"
00000000000000002314,5270,0,0,0,"{""type"":""Polygon"",""coordinates"":[[[-107.26089836770048,48.23100043957869],[-107.2608368704101,48.230970372710786],[-107.26081544780286,48.23093951406906],[-107.26067609294122,48.23111645284439],[-107.26072996532857,48.23112432037277],[-107.26076421120284,48.231141550412595],[-107.26079190217688,48.23116331054993],[-107.26091182145475,48.23100461729454],[-107.26089836770048,48.23100043957869]]]}"
0000000000000000235b,5271,0,0,0,"{""type"":""Polygon"",""coordinates"":[[[-107.26080121065735,48.230921931753485],[-107.2605250706235,48.23102561961907],[-107.26053216045823,48.23103445433222],[-107.26055941173077,48.23104729135977],[-107.26058754188371,48.231077974666825],[-107.26058787938797,48.231086913545106],[-107.26060852488338,48.231099910296486],[-107.26062917039755,48.231112907046146],[-107.26067609294122,48.23111645284439],[-107.26081544780286,48.23093951406906],[-107.26080121065735,48.230921931753485]]]}"
000000000000000022ed,5272,0,0,0,"{""type"":""Polygon"",""coordinates"":[[[-107.2607943627911,48.23091759428718],[-107.26076691401501,48.23090033145259],[-107.26075928913826,48.230878132032025],[-107.26046691935326,48.23091959022059],[-107.2604611859009,48.23094205355594],[-107.26048358241925,48.23099520019461],[-107.2605250706235,48.23102561961907],[-107.26080121065735,48.230921931753485],[-107.2607943627911,48.23091759428718]]]}"
000000000000000022e6,5273,0,0,0,"{""type"":""Polygon"",""coordinates"":[[[-107.2607378666594,48.23084727342355],[-107.26052170401297,48.23079792560594],[-107.26050349133762,48.230838498970634],[-107.26048513211,48.23087901679856],[-107.26046691935326,48.23091959022059],[-107.26075928913826,48.230878132032025],[-107.2607378666594,48.23084727342355]]]}"
0000000000000000230d,5274,0,0,0,"{""type"":""Polygon"",""coordinates"":[[[-107.26059777043807,48.23070260687721],[-107.26057207324867,48.23072549373161],[-107.26054686635878,48.23076167400974],[-107.26052821431169,48.2307933242531],[-107.26052170401297,48.23079792560594],[-107.2607378666594,48.23084727342355],[-107.26073689220979,48.23082498558568],[-107.26073621071461,48.230811565288725],[-107.26073567573152,48.23079820056016],[-107.26073499423632,48.23078478026999],[-107.26075466519787,48.230775489100814],[-107.26059777043807,48.23070260687721]]]}"
0000000000000000230c,5275,0,0,0,"{""type"":""Polygon"",""coordinates"":[[[-107.26070180724692,48.23063807405703],[-107.26065654116161,48.23067023630713],[-107.26062307275075,48.23067086824958],[-107.26061049164535,48.23068899402255],[-107.26059777043807,48.23070260687721],[-107.26075466519787,48.230775489100814],[-107.26077399859881,48.230757259107236],[-107.26081241691978,48.2307207592974],[-107.26083903760316,48.23071578983825],[-107.26070180724692,48.23063807405703]]]}"
00000000000000002311,5276,0,0,0,"{""type"":""Polygon"",""coordinates"":[[[-107.26080594572498,48.23057352547559],[-107.26077335630539,48.23059200358463],[-107.26074100889451,48.230614978870626],[-107.2607146303277,48.23062444547282],[-107.26070180724692,48.23063807405703],[-107.26083903760316,48.23071578983825],[-107.26084544594849,48.230711204205605],[-107.26085846647901,48.23070200147278],[-107.2608778953441,48.23068821310724],[-107.26090359240472,48.23066532619041],[-107.26091675304211,48.230660636375994],[-107.26080594572498,48.23057352547559]]]}"
00000000000000002309,5277,0,0,0,"{""type"":""Polygon"",""coordinates"":[[[-107.26090984189895,48.23050447969535],[-107.26089061060087,48.23052269389081],[-107.26085758173973,48.23053224895983],[-107.26082537452608,48.23055973715581],[-107.26080594572498,48.23057352547559],[-107.26091675304211,48.230660636375994],[-107.26093662139284,48.2306557710783],[-107.26100219522901,48.23062766646319],[-107.26101535585462,48.230622976638905],[-107.26090984189895,48.23050447969535]]]}"
00000000000000002313,5278,0,0,0,"{""type"":""Polygon"",""coordinates"":[[[-107.2610423075997,48.2304750397526],[-107.26102263681372,48.23048433092348],[-107.2609165495849,48.230504304216055],[-107.26090984189895,48.23050447969535],[-107.26101535585462,48.230622976638905],[-107.26106845063326,48.230612982057195],[-107.26105445550613,48.230599897066924],[-107.26108083406841,48.230590430375884],[-107.2611209083642,48.23058963851194],[-107.26114053461471,48.230580276002875],[-107.2610423075997,48.2304750397526]]]}"
00000000000000002312,5279,0,0,0,"{""type"":""Polygon"",""coordinates"":[[[-107.26116077815992,48.230432514710465],[-107.26110161297206,48.23045603369489],[-107.26108825492254,48.2304562976468],[-107.2610423075997,48.2304750397526],[-107.26114053461471,48.230580276002875],[-107.26116661375225,48.230566399149325],[-107.26119906292978,48.2305434080109],[-107.2612450103421,48.2305246658036],[-107.26116077815992,48.230432514710465]]]}"
000000000000000022fb,5280,0,0,0,"{""type"":""Polygon"",""coordinates"":[[[-107.26125860308491,48.23037699312716],[-107.26120604375275,48.230400352379725],[-107.26116077815992,48.230432514710465],[-107.2612450103421,48.2305246658036],[-107.26125171805525,48.23052449030014],[-107.26127799464837,48.23051503930377],[-107.26129800313043,48.23051468684942],[-107.26133618511065,48.23046923250954],[-107.2613559514732,48.23046438287859],[-107.26125860308491,48.23037699312716]]]}"
00000000000000002301,5281,0,0,0,"{""type"":""Polygon"",""coordinates"":[[[-107.26132971174317,48.23032199947823],[-107.26131746871306,48.23034906396078],[-107.2612717636238,48.23037230329215],[-107.26125860308491,48.23037699312716],[-107.2613559514732,48.23046438287859],[-107.2613691120462,48.23045969302163],[-107.26145377640862,48.230408861062735],[-107.26146596205254,48.23038188356568],[-107.26132971174317,48.23032199947823]]]}"
00000000000000002300,5282,0,0,0,"{""type"":""Polygon"",""coordinates"":[[[-107.26137346704341,48.23025418497273],[-107.26132971174317,48.23032199947823],[-107.26146596205254,48.23038188356568],[-107.26148505290945,48.230359156419794],[-107.26151706214672,48.230327242263094],[-107.2615364907,48.23031345386991],[-107.26154931346979,48.23029982526577],[-107.26156223185255,48.2302906382492],[-107.26156874200267,48.230286036873714],[-107.26137346704341,48.23025418497273]]]}"
000000000000000022f3,5283,0,0,0,"{""type"":""Polygon"",""coordinates"":[[[-107.26156445974463,48.23018787659619],[-107.26139643650919,48.230168861311],[-107.26139818873777,48.23020901056267],[-107.26138624523576,48.230240485107686],[-107.26137346704341,48.23025418497273],[-107.26156874200267,48.230286036873714],[-107.26158054517767,48.230250049401775],[-107.26156445974463,48.23018787659619]]]}"
00000000000000002305,5284,0,0,0,"{""type"":""Polygon"",""coordinates"":[[[-107.26155352085716,48.23009426229462],[-107.26139939757982,48.230083890255976],[-107.26139973529808,48.23009282895799],[-107.2613860396221,48.23008415424513],[-107.26137268166616,48.23008441823237],[-107.26138152382802,48.23013340191784],[-107.2613956591561,48.23015099961681],[-107.26139643650919,48.230168861311],[-107.26156445974463,48.23018787659619],[-107.26155693004739,48.23017011912461],[-107.26156158584132,48.230125384283895],[-107.26155352085716,48.23009426229462]]]}"
000000000000000022f9,5285,0,0,0,"{""type"":""MultiPolygon"",""coordinates"":[[[[-107.26136539420335,48.230071157908526],[-107.26137268166616,48.23008441823237],[-107.2613860396221,48.23008415424513],[-107.26136539420335,48.230071157908526]]],[[[-107.26143576937034,48.229998374171885],[-107.2613893829975,48.23000819331162],[-107.26139939757982,48.230083890255976],[-107.26155352085716,48.23009426229462],[-107.26155322769281,48.23008539489114],[-107.2615799436585,48.23008486686319],[-107.26158975214946,48.23000423328358],[-107.26143576937034,48.229998374171885]],[[-107.26141002839745,48.230021189628076],[-107.26141707375449,48.230029952807975],[-107.2614302341692,48.230025262985166],[-107.26141002839745,48.230021189628076]]]]}"
00000000000000002304,5286,0,0,0,"{""type"":""Polygon"",""coordinates"":[[[-107.26145829883504,48.22990412797978],[-107.26143940575962,48.229931280740146],[-107.2614400429397,48.22994462950462],[-107.26144038067004,48.22995356818265],[-107.26141444220619,48.22997195779426],[-107.26143576937034,48.229998374171885],[-107.26158975214946,48.23000423328358],[-107.26160820549798,48.22996815751102],[-107.26160038263174,48.22994153273754],[-107.26161305873332,48.2299278486619],[-107.26145829883504,48.22990412797978]]]}"
000000000000000022ef,5287,0,0,0,"{""type"":""Polygon"",""coordinates"":[[[-107.26151449364583,48.22981367554598],[-107.26150895853806,48.22984056426753],[-107.26147661201851,48.22986353945234],[-107.26145829883504,48.22990412797978],[-107.26161305873332,48.2299278486619],[-107.26163214926969,48.22990512168998],[-107.26162432639282,48.22987849695045],[-107.26164331497637,48.22985578573264],[-107.26151449364583,48.22981367554598]]]}"
00000000000000002303,5288,0,0,0,"{""type"":""Polygon"",""coordinates"":[[[-107.26155082029851,48.22972808857218],[-107.26153901731647,48.22976407568047],[-107.26152643688188,48.2297822012457],[-107.26151449364583,48.22981367554598],[-107.26164331497637,48.22985578573264],[-107.26166885818975,48.22982854447808],[-107.26170008931798,48.22977876903338],[-107.26170659936483,48.2297741676957],[-107.26155082029851,48.22972808857218]]]}"
000000000000000022f8,5289,0,0,0,"{""type"":""Polygon"",""coordinates"":[[[-107.26164800584147,48.229659218692305],[-107.26160283700867,48.229695822287475],[-107.2615506227539,48.22972366276809],[-107.26155082029851,48.22972808857218],[-107.26170659936483,48.2297741676957],[-107.26172602757848,48.22976037941694],[-107.26178324137265,48.229692285710975],[-107.26164800584147,48.229659218692305]]]}"
000000000000000022f0,5290,0,0,0,"{""type"":""Polygon"",""coordinates"":[[[-107.26167748424854,48.22956929463476],[-107.26164800584147,48.229659218692305],[-107.26178324137265,48.229692285710975],[-107.26179635707929,48.229687524574246],[-107.26180796223764,48.22964711169634],[-107.26182054252187,48.22962898614432],[-107.26183302087534,48.22961087633156],[-107.26167748424854,48.22956929463476]]]}"
000000000000000022f2,5291,0,0,0,"{""type"":""GeometryCollection"",""geometries"":[{""type"":""LineString"",""coordinates"":[[-107.26167750705227,48.2295692935634],[-107.26168418590036,48.22956916212019]]},{""type"":""Polygon"",""coordinates"":[[[-107.26172760780959,48.22949236684553],[-107.26171482998014,48.22950606655302],[-107.26170929507369,48.22953295512466],[-107.26168423641032,48.229569190404405],[-107.26183302087534,48.22961087633156],[-107.26183933330333,48.22960184920806],[-107.2618582259785,48.22957469654826],[-107.26187663427368,48.22953854973237],[-107.26189630450853,48.22952925856665],[-107.2618959666601,48.22952031996492],[-107.26172760780959,48.22949236684553]]]}]}"
000000000000000022e4,5292,0,0,0,"{""type"":""Polygon"",""coordinates"":[[[-107.26173702056865,48.22940288261622],[-107.26173051059317,48.229407483921854],[-107.26173367807283,48.229478842670275],[-107.26173401588224,48.229487781266556],[-107.26172760780959,48.22949236684553],[-107.2618959666601,48.22952031996492],[-107.26189499145602,48.22949803271703],[-107.26190513686393,48.22942633860774],[-107.26173702056865,48.22940288261622]]]}"
000000000000000022f4,5293,0,0,0,"{""type"":""Polygon"",""coordinates"":[[[-107.26176649852235,48.229312958978625],[-107.2617474083811,48.2293356857128],[-107.26175523128256,48.22936231016846],[-107.26173702056865,48.22940288261622],[-107.26190513686393,48.22942633860774],[-107.26190435924066,48.22940847717524],[-107.26193465908207,48.229336486183044],[-107.26176649852235,48.229312958978625]]]}"
000000000000000022cd,5294,0,0,0,"{""type"":""Polygon"",""coordinates"":[[[-107.26176299313944,48.22923266190288],[-107.26176308879498,48.22923710339891],[-107.26176649852235,48.229312958978625],[-107.26193465908207,48.229336486183044],[-107.2619404870663,48.22931846497273],[-107.26193951182786,48.229296177811214],[-107.26195111668298,48.22925576522268],[-107.26197020669696,48.22923303848557],[-107.26176299313944,48.22923266190288]]]}"
000000000000000022ce,5295,0,0,0,"{""type"":""Polygon"",""coordinates"":[[[-107.26197252878829,48.229134720401866],[-107.26195795364504,48.229108200329655],[-107.26169396771203,48.229184839423844],[-107.2617008154535,48.2291891766871],[-107.26176255340076,48.2292237390843],[-107.26176299313944,48.22923266190288],[-107.26197020669696,48.22923303848557],[-107.26197647443601,48.22922394012406],[-107.26199439154303,48.22917450052995],[-107.26197252878829,48.229134720401866]]]}"
000000000000000022d0,5296,0,0,0,"{""type"":""Polygon"",""coordinates"":[[[-107.26193046063067,48.229090867113406],[-107.2618891702126,48.2290648751505],[-107.26186191945968,48.22905203896822],[-107.26181436143361,48.22903514530889],[-107.26179391389054,48.22902657505861],[-107.26167214993829,48.229145130505664],[-107.26169396771203,48.229184839423844],[-107.26195795364504,48.229108200329655],[-107.26193046063067,48.229090867113406]]]}"
000000000000000022cf,5297,0,0,0,"{""type"":""Polygon"",""coordinates"":[[[-107.26173994797948,48.22901426690732],[-107.26162599721656,48.22900754474064],[-107.26159064661373,48.229115417635924],[-107.2616106544074,48.22911506514321],[-107.26167200970204,48.22914061772102],[-107.26179391389054,48.22902657505861],[-107.26173994797948,48.22901426690732]]]}"
000000000000000022cb,5298,0,0,0,"{""type"":""Polygon"",""coordinates"":[[[-107.26159908445872,48.22900364700782],[-107.26155867389942,48.22899550049315],[-107.2614912041686,48.228983400636764],[-107.26144512732144,48.229149531468714],[-107.26159064661373,48.229115417635924],[-107.26162599721656,48.22900754474064],[-107.26159908445872,48.22900364700782]]]}"
000000000000000022c7,5299,0,0,0,"{""type"":""Polygon"",""coordinates"":[[[-107.26143723860163,48.22897109231668],[-107.26134471059062,48.22899522716882],[-107.26135924899936,48.22917357795097],[-107.26136589914816,48.22917348947994],[-107.26143841984369,48.22914970697516],[-107.26144512732144,48.229149531468714],[-107.2614912041686,48.228983400636764],[-107.26143723860163,48.22897109231668]]]}"
000000000000000022cc,5300,0,0,0,"{""type"":""Polygon"",""coordinates"":[[[-107.26134471059062,48.22899522716882],[-107.26129856762967,48.229009543086434],[-107.26121235199719,48.22902465083995],[-107.26123947005931,48.22918487643365],[-107.26131897861244,48.229169944098075],[-107.26135924899936,48.22917357795097],[-107.26134471059062,48.22899522716882]]]}"
00000000000000002307,5301,0,0,0,"{""type"":""Polygon"",""coordinates"":[[[-107.26121235199719,48.22902465083995],[-107.26116596692356,48.229034469658075],[-107.26114022659135,48.229057284609944],[-107.26107931173242,48.22904065450427],[-107.26110598960678,48.229191957379165],[-107.2611129391535,48.22919627895428],[-107.26113965435323,48.229195751077114],[-107.26119973491501,48.22919460684062],[-107.26123947005931,48.22918487643365],[-107.26121235199719,48.22902465083995]]]}"
000000000000000022ee,5302,0,0,0,"{""type"":""Polygon"",""coordinates"":[[[-107.26107931173242,48.22904065450427],[-107.26094573645054,48.229043293705956],[-107.26095187094312,48.2291815846822],[-107.26105906920897,48.22918841186557],[-107.26110598960678,48.229191957379165],[-107.26107931173242,48.22904065450427]]]}"
000000000000000022c5,5303,0,0,0,"{""type"":""Polygon"",""coordinates"":[[[-107.2608925038577,48.22904877508387],[-107.2608244041511,48.229018868971785],[-107.26077778318921,48.229176092575585],[-107.26088508311629,48.22918290422584],[-107.26095187094312,48.2291815846822],[-107.26094573645054,48.229043293705956],[-107.2608925038577,48.22904877508387]]]}"
00000000000000002306,5304,0,0,0,"{""type"":""Polygon"",""coordinates"":[[[-107.26081060715079,48.22901021007106],[-107.26074324011822,48.22899809393289],[-107.2606961227422,48.22899012249622],[-107.26064950135272,48.22914734596313],[-107.26066354036753,48.22916050196741],[-107.26073737299713,48.229167945679414],[-107.26074446258994,48.22917678007276],[-107.26076442564697,48.2291763564632],[-107.26077778318921,48.229176092575585],[-107.2608244041511,48.229018868971785],[-107.26081060715079,48.22901021007106]]]}"
000000000000000022e3,5305,0,0,0,"{""type"":""Polygon"",""coordinates"":[[[-107.26068252324595,48.22898588932657],[-107.26064201140366,48.22897775814575],[-107.2606014040793,48.22896518546995],[-107.26058784920507,48.22896102358434],[-107.26049275362433,48.2290789784194],[-107.2605332654745,48.229087109678545],[-107.2605537124706,48.22909568022095],[-107.26056760491365,48.22910878066442],[-107.26063594640144,48.229143184071916],[-107.26064950135272,48.22914734596313],[-107.2606961227422,48.22899012249622],[-107.26068252324595,48.22898588932657]]]}"
000000000000000022c6,5306,0,0,0,"{""type"":""Polygon"",""coordinates"":[[[-107.2605607968004,48.22895261277884],[-107.26051950811639,48.228926620250974],[-107.2605057112662,48.22891796131773],[-107.26049201634082,48.228909286651],[-107.26047821950732,48.22890062771622],[-107.2603707853167,48.229041204519746],[-107.26040478706777,48.22905393701268],[-107.2604256288126,48.22907135908823],[-107.26049275362433,48.2290789784194],[-107.26058784920507,48.22896102358434],[-107.2605607968004,48.22895261277884]]]}"
00000000000000002308,5307,0,0,0,"{""type"":""Polygon"",""coordinates"":[[[-107.2604713720519,48.22889629038221],[-107.26041065561637,48.22888408561639],[-107.2603892344904,48.2288532280591],[-107.26036927168686,48.228853651581645],[-107.26025508541501,48.228994332265586],[-107.2602759270242,48.229011754357444],[-107.2603707853167,48.229041204519746],[-107.26047821950732,48.22890062771622],[-107.2604713720519,48.22889629038221]]]}"
000000000000000022e2,5308,0,0,0,"{""type"":""Polygon"",""coordinates"":[[[-107.26027508878676,48.22884207851111],[-107.26024074986108,48.22882040751687],[-107.26015254593942,48.228942770361556],[-107.26015925328943,48.228942594948855],[-107.26020043965536,48.22896860338207],[-107.2602342438294,48.22897691017436],[-107.26025508541501,48.228994332265586],[-107.26036927168686,48.228853651581645],[-107.26027508878676,48.22884207851111]]]}"
000000000000000022c3,5309,0,0,0,"{""type"":""Polygon"",""coordinates"":[[[-107.26022010576423,48.22880741121103],[-107.26019261430288,48.22879007755644],[-107.26017881762675,48.228781418594174],[-107.26012505095075,48.22877353527657],[-107.26002402431867,48.2289095259455],[-107.2600847404056,48.228921730970484],[-107.26015254593942,48.228942770361556],[-107.26024074986108,48.22882040751687],[-107.26022010576423,48.22880741121103]]]}"
00000000000000002302,5310,0,0,0,"{""type"":""Polygon"",""coordinates"":[[[-107.26011169364635,48.228773799065344],[-107.26007118241397,48.22876566766085],[-107.26003081771961,48.22875759180377],[-107.26000288712557,48.228731335352386],[-107.25990229960192,48.22887624856726],[-107.25994281083901,48.228884380059874],[-107.25996330831242,48.2288973208829],[-107.26002402431867,48.2289095259455],[-107.26012505095075,48.22877353527657],[-107.26011169364635,48.228773799065344]]]}"
000000000000000022c9,5311,0,0,0,"{""type"":""Polygon"",""coordinates"":[[[-107.25997471463108,48.22870058188204],[-107.2599270188742,48.228679174589],[-107.25988694715282,48.22867996586084],[-107.2597800914221,48.22883397697532],[-107.2598001560061,48.22883353784688],[-107.25982060253196,48.22884210851622],[-107.25984134184225,48.228859546393934],[-107.25990229960192,48.22887624856726],[-107.26000288712557,48.228731335352386],[-107.25997471463108,48.22870058188204]]]}"
0000000000000000230a,5312,0,0,0,"{""type"":""Polygon"",""coordinates"":[[[-107.25987358991598,48.22868022961432],[-107.2598123397346,48.228654660296904],[-107.25977163149429,48.228642103053566],[-107.25965788368238,48.22879170525047],[-107.25967143825174,48.22879586726177],[-107.2597058785212,48.228817522732186],[-107.25972001235405,48.22883512027793],[-107.2597800914221,48.22883397697532],[-107.25988694715282,48.22867996586084],[-107.25987358991598,48.22868022961432]]]}"
000000000000000022e8,5313,0,0,0,"{""type"":""Polygon"",""coordinates"":[[[-107.25973078329775,48.22862503304538],[-107.25967633606336,48.22860372973215],[-107.25952222378088,48.22874525563297],[-107.25952907102683,48.22874959302761],[-107.25954286744025,48.228758252084674],[-107.25965788368238,48.22879170525047],[-107.25977163149429,48.228642103053566],[-107.25973078329775,48.22862503304538]]]}"
000000000000000022eb,5314,0,0,0,"{""type"":""Polygon"",""coordinates"":[[[-107.25962179351973,48.22857798494464],[-107.25956107844928,48.22856577968051],[-107.25954796319455,48.22857054039951],[-107.25941293497648,48.228693797186764],[-107.25941964222947,48.22869362182901],[-107.25947442655601,48.228723863817315],[-107.25950191741575,48.22874119767106],[-107.25952222378088,48.22874525563297],[-107.25967633606336,48.22860372973215],[-107.25962179351973,48.22857798494464]]]}"
000000000000000022ea,5315,0,0,0,"{""type"":""Polygon"",""coordinates"":[[[-107.25949453460845,48.22857159520235],[-107.25948073827858,48.22856293616677],[-107.25946694195709,48.228554277130414],[-107.25945324755864,48.22854560236183],[-107.2594260941321,48.22853720701154],[-107.25941924694267,48.22853286962556],[-107.25930355123646,48.228637897199434],[-107.25932395284657,48.22864639665464],[-107.25937155252181,48.228663362794144],[-107.25941293497648,48.228693797186764],[-107.25954796319455,48.22857054039951],[-107.25949453460845,48.22857159520235]]]}"
000000000000000022e9,5316,0,0,0,"{""type"":""Polygon"",""coordinates"":[[[-107.2594123997553,48.22852853223939],[-107.25937033643658,48.228484678209334],[-107.25934264857082,48.22846291868518],[-107.25920674872889,48.228563872277945],[-107.25924084457617,48.22858104655113],[-107.25925561444262,48.22861199255836],[-107.25930355123646,48.228637897199434],[-107.25941924694267,48.22853286962556],[-107.2594123997553,48.22852853223939]]]}"
000000000000000022e7,5317,0,0,0,"{""type"":""Polygon"",""coordinates"":[[[-107.25932851509987,48.22844532119855],[-107.25929256735544,48.22838801473654],[-107.25912946993499,48.2284805013829],[-107.25915686501105,48.22849339382234],[-107.25915793392613,48.22852012216244],[-107.25918630263148,48.228555301512124],[-107.25920674872889,48.228563872277945],[-107.25934264857082,48.22846291868518],[-107.25932851509987,48.22844532119855]]]}"
0000000000000000230b,5318,0,0,0,"{""type"":""Polygon"",""coordinates"":[[[-107.25927192403385,48.228375018313436],[-107.25920280985963,48.228322753221946],[-107.25903291017248,48.22841097348601],[-107.25907429193313,48.22844140789694],[-107.2590747310229,48.228450330612304],[-107.25912946993499,48.2284805013829],[-107.25929256735544,48.22838801473654],[-107.25927192403385,48.228375018313436]]]}"
000000000000000022de,5319,0,0,0,"{""type"":""Polygon"",""coordinates"":[[[-107.25918901372923,48.228314094180135],[-107.25916152340726,48.22829676036315],[-107.25916074709495,48.22827889925665],[-107.2591333967507,48.228266078163],[-107.2589425170454,48.2283323632836],[-107.25894271428312,48.22833678898442],[-107.25897680971006,48.22835396328828],[-107.25903266834064,48.228406476483045],[-107.25903291017248,48.22841097348601],[-107.25920280985963,48.228322753221946],[-107.25918901372923,48.228314094180135]]]}"
00000000000000002343,5320,0,0,0,"{""type"":""Polygon"",""coordinates"":[[[-107.25906408581201,48.22820938737717],[-107.25904995260115,48.2281917899273],[-107.25889205529253,48.22824844956951],[-107.25891988251308,48.22827472187209],[-107.2589425170454,48.2283323632836],[-107.2591333967507,48.228266078163],[-107.25913325681921,48.228261565441926],[-107.25906408581201,48.22820938737717]]]}"
00000000000000002260,5321,0,0,0,"{""type"":""Polygon"",""coordinates"":[[[-107.25902104989461,48.22814324668689],[-107.25902003181471,48.22812088865075],[-107.25882133253423,48.228160549177225],[-107.25886412620473,48.22822219300145],[-107.25889205529253,48.22824844956951],[-107.25904995260115,48.2281917899273],[-107.25902104989461,48.22814324668689]]]}"
000000000000000022d7,5322,0,0,0,"{""type"":""Polygon"",""coordinates"":[[[-107.25900512241941,48.22808543017817],[-107.25899025763482,48.2280500430223],[-107.258982971541,48.228036782992945],[-107.2587840309593,48.22807194639106],[-107.25878436806977,48.2280808847777],[-107.25879967165986,48.228125194655064],[-107.25880025057798,48.228138630031644],[-107.25882133253423,48.228160549177225],[-107.25902003181471,48.22812088865075],[-107.25900512241941,48.22808543017817]]]}"
000000000000000022dc,5323,0,0,0,"{""type"":""Polygon"",""coordinates"":[[[-107.25894698021608,48.22797940552293],[-107.25894620399976,48.22796154451943],[-107.2589456696071,48.22794818048601],[-107.25874706665891,48.22799228210646],[-107.25876790669562,48.228009704235404],[-107.2587840309593,48.22807194639106],[-107.258982971541,48.228036782992945],[-107.25894698021608,48.22797940552293]]]}"
000000000000000022d9,5324,0,0,0,"{""type"":""Polygon"",""coordinates"":[[[-107.2589371682727,48.22790813686258],[-107.25890205525104,48.22786860474637],[-107.25888121519253,48.22785118269356],[-107.25870359266467,48.22791721889128],[-107.25873978068094,48.22797902207021],[-107.25874706665891,48.22799228210646],[-107.2589456696071,48.22794818048601],[-107.2589371682727,48.22790813686258]]]}"
000000000000000022e1,5325,0,0,0,"{""type"":""Polygon"",""coordinates"":[[[-107.25885328638564,48.22782492631245],[-107.25884590507034,48.2278072249389],[-107.25882579666207,48.22780759254448],[-107.2588058347526,48.227808015710984],[-107.25879082378032,48.22777257313686],[-107.25862719460645,48.227851693777154],[-107.25864123214521,48.22786484979223],[-107.25865492599512,48.22787352457888],[-107.25866872176559,48.227882183634414],[-107.25868237104979,48.22789078712367],[-107.25870359266467,48.22791721889128],[-107.25888121519253,48.22785118269356],[-107.25885328638564,48.22782492631245]]]}"
000000000000000022dd,5326,0,0,0,"{""type"":""Polygon"",""coordinates"":[[[-107.25876036949991,48.22768830834996],[-107.25874171811522,48.227719956390594],[-107.25872204878922,48.22772924656929],[-107.25870738164262,48.22769828524562],[-107.25855059967711,48.22778174301859],[-107.25855744656918,48.22778608041246],[-107.25858537504823,48.227812336868645],[-107.25861330357357,48.22783859332857],[-107.25862719460645,48.227851693777154],[-107.25879082378032,48.22777257313686],[-107.25876036949991,48.22768830834996]]]}"
00000000000000002362,5327,0,0,0,"{""type"":""Polygon"",""coordinates"":[[[-107.25865074855594,48.22762791162692],[-107.25844058470882,48.22771249463761],[-107.25851626333593,48.22776007177663],[-107.25855059967711,48.22778174301859],[-107.25870738164262,48.22769828524562],[-107.25868498961331,48.22764514139143],[-107.2587046143116,48.22763577994071],[-107.25865074855594,48.22762791162692]]]}"
000000000000000023cb,5328,0,0,0,"{""type"":""Polygon"",""coordinates"":[[[-107.25860956537842,48.22760190310747],[-107.25841552819355,48.227596829686014],[-107.25841562346113,48.22760127105785],[-107.258433737852,48.22770815724055],[-107.25844058470882,48.22771249463761],[-107.25865074855594,48.22762791162692],[-107.25860956537842,48.22760190310747]]]}"
000000000000000022bf,5329,0,0,0,"{""type"":""Polygon"",""coordinates"":[[[-107.2585443811401,48.22748711612748],[-107.25853111980648,48.22749182103468],[-107.2583984315999,48.22751230150807],[-107.25841256417372,48.22752989884392],[-107.25841552819355,48.227596829686014],[-107.25860956537842,48.22760190310747],[-107.2585443811401,48.22748711612748]]]}"
000000000000000022bd,5330,0,0,0,"{""type"":""Polygon"",""coordinates"":[[[-107.2586765350858,48.227453271548974],[-107.25863685963625,48.227462913491415],[-107.25857085259769,48.22748209210483],[-107.25855749597955,48.227482355653585],[-107.2585443811401,48.22748711612748],[-107.25860956537842,48.22760190310747],[-107.25865074855594,48.22762791162692],[-107.2587046143116,48.22763577994071],[-107.25874351383568,48.22760827704555],[-107.2586765350858,48.227453271548974]]]}"
000000000000000022d8,5331,0,0,0,"{""type"":""Polygon"",""coordinates"":[[[-107.25883725374396,48.2274590311898],[-107.25873622955538,48.22744311942692],[-107.2586765350858,48.227453271548974],[-107.25874351383568,48.22760827704555],[-107.25876294129056,48.2275944899501],[-107.25878256595821,48.227585128493196],[-107.25882263602509,48.22758433774051],[-107.25885061039345,48.22745876760144],[-107.25883725374396,48.2274590311898]]]}"
000000000000000022bc,5332,0,0,0,"{""type"":""Polygon"",""coordinates"":[[[-107.25885061039345,48.22745876760144],[-107.25882263602509,48.22758433774051],[-107.25883599271766,48.227584074152475],[-107.25889019570528,48.227600880657896],[-107.25895071131173,48.22760866053974],[-107.25898495323689,48.22747399244501],[-107.25885061039345,48.22745876760144]]]}"
000000000000000022db,5333,0,0,0,"{""type"":""Polygon"",""coordinates"":[[[-107.2589915583276,48.227473832858124],[-107.25898495323689,48.22747399244501],[-107.25895071131173,48.22760866053974],[-107.25897742475262,48.22760813332453],[-107.259038774048,48.22763368700884],[-107.25905227071604,48.22763793605697],[-107.25912677972356,48.22750690260983],[-107.2589915583276,48.227473832858124]]]}"
000000000000000022da,5334,0,0,0,"{""type"":""Polygon"",""coordinates"":[[[-107.25924810376856,48.22753132899999],[-107.25912677972356,48.22750690260983],[-107.25905227071604,48.22763793605697],[-107.25909938518842,48.22764590817003],[-107.25916704722196,48.22766243516993],[-107.25925505266403,48.2275356505904],[-107.25924810376856,48.22753132899999]]]}"
000000000000000022b9,5335,0,0,0,"{""type"":""Polygon"",""coordinates"":[[[-107.2593432557002,48.22756518939747],[-107.25926189964986,48.227539987911484],[-107.25925505266403,48.2275356505904],[-107.25916704722196,48.22766243516993],[-107.25919390070726,48.22766642056097],[-107.2592543721046,48.227674128956274],[-107.25929532077608,48.227691183165696],[-107.2593771534976,48.22757793768171],[-107.2593432557002,48.22756518939747]]]}"
000000000000000022df,5336,0,0,0,"{""type"":""Polygon"",""coordinates"":[[[-107.25949250963741,48.22761587160003],[-107.25942451002115,48.22759040655298],[-107.25938386054602,48.227577762335336],[-107.2593771534976,48.22757793768171],[-107.25929532077608,48.227691183165696],[-107.25930192592709,48.22769102355528],[-107.25938935296236,48.227702701488106],[-107.25941684304944,48.22772003505114],[-107.25950606374762,48.22762003355379],[-107.25949250963741,48.22761587160003]]]}"
000000000000000022e0,5337,0,0,0,"{""type"":""Polygon"",""coordinates"":[[[-107.25957342699226,48.227632150340234],[-107.25950606374762,48.22762003355379],[-107.25941684304944,48.22772003505114],[-107.25952626912158,48.227776005291766],[-107.25962782815373,48.22765338206315],[-107.25957342699226,48.227632150340234]]]}"
000000000000000022d5,5338,0,0,0,"{""type"":""Polygon"",""coordinates"":[[[-107.25972351581936,48.22770060609165],[-107.25970267527042,48.2276831842849],[-107.25965507647793,48.227666218601556],[-107.25962782815373,48.22765338206315],[-107.25952626912158,48.227776005291766],[-107.25954006519562,48.22778466419847],[-107.25960718686339,48.22779228404299],[-107.25966125096076,48.227804577471545],[-107.25973701269253,48.22770485504372],[-107.25972351581936,48.22770060609165]]]}"
000000000000000022ec,5339,0,0,0,"{""type"":""Polygon"",""coordinates"":[[[-107.25983765718138,48.227711756164744],[-107.25983857386413,48.22773412973777],[-107.25977067545207,48.22770864916531],[-107.25973701269253,48.22770485504372],[-107.25966125096076,48.227804577471545],[-107.25972176757762,48.22781235687182],[-107.25971565246823,48.22782580920515],[-107.2597239573703,48.2278614270171],[-107.25977748049257,48.227864813511964],[-107.25985810313354,48.22772032665886],[-107.25983765718138,48.227711756164744]]]}"
000000000000000022d6,5340,0,0,0,"{""type"":""Polygon"",""coordinates"":[[[-107.25989166405215,48.22772413646893],[-107.25985810313354,48.22772032665886],[-107.25977748049257,48.227864813511964],[-107.25985786403295,48.22786772806597],[-107.25995180197583,48.227874804456334],[-107.25994542904226,48.22773201980355],[-107.25989166405215,48.22772413646893]]]}"
000000000000000022e5,5341,0,0,0,"{""type"":""Polygon"",""coordinates"":[[[-107.26005976822688,48.22774759525388],[-107.25994542904226,48.22773201980355],[-107.25995180197583,48.227874804456334],[-107.25999196830952,48.22787845457963],[-107.26010416229862,48.227845031145655],[-107.26005976822688,48.22774759525388]]]}"
000000000000000022c2,5342,0,0,0,"{""type"":""Polygon"",""coordinates"":[[[-107.26017215922381,48.22771859747579],[-107.26015880229284,48.2277188612564],[-107.26006651993949,48.22774749115225],[-107.26005976822688,48.22774759525388],[-107.26010416229862,48.227845031145655],[-107.26015016355097,48.22782620347977],[-107.26024346496865,48.22781993132246],[-107.26017215922381,48.22771859747579]]]}"
000000000000000022c4,5343,0,0,0,"{""type"":""Polygon"",""coordinates"":[[[-107.26029746772299,48.22768041321131],[-107.26021179064954,48.22770888354329],[-107.26017215922381,48.22771859747579],[-107.26024346496865,48.22781993132246],[-107.26029004566323,48.22781453887073],[-107.260368531846,48.22777724994034],[-107.26029746772299,48.22768041321131]]]}"
000000000000000022c1,5344,0,0,0,"{""type"":""Polygon"",""coordinates"":[[[-107.26041612632947,48.22764231720753],[-107.26040941919688,48.22764249262835],[-107.26029746772299,48.22768041321131],[-107.260368531846,48.22777724994034],[-107.26040122061933,48.227758757284654],[-107.26044085213051,48.227749043248075],[-107.2604801461079,48.22773039088473],[-107.26048679593475,48.22773030248516],[-107.26041612632947,48.22764231720753]]]}"
000000000000000022c8,5345,0,0,0,"{""type"":""Polygon"",""coordinates"":[[[-107.26052763825494,48.22759547395916],[-107.26050845309067,48.22761375833172],[-107.26042948326945,48.22764205339129],[-107.26041612632947,48.22764231720753],[-107.26048679593475,48.22773030248516],[-107.26055965111831,48.2277154596783],[-107.26060545476271,48.22769220620588],[-107.26052763825494,48.22759547395916]]]}"
000000000000000022d4,5346,0,0,0,"{""type"":""Polygon"",""coordinates"":[[[-107.26065294645801,48.2275572893272],[-107.26061287563986,48.227558080862295],[-107.26056693205646,48.22757682161892],[-107.26054065764647,48.22758627184038],[-107.26052763825494,48.22759547395916],[-107.26060545476271,48.22769220620588],[-107.26063804151234,48.22767372923451],[-107.26066475547978,48.22767320153591],[-107.26071706875462,48.22764534695709],[-107.26072371858326,48.22764525854121],[-107.26065294645801,48.2275572893272]]]}"
000000000000000022b7,5347,0,0,0,"{""type"":""Polygon"",""coordinates"":[[[-107.26077140729957,48.227514767357576],[-107.26075829240756,48.22751952813808],[-107.26071895409478,48.227538109240164],[-107.26068597257238,48.22754773493561],[-107.26066630340102,48.227557025478376],[-107.26065294645801,48.2275572893272],[-107.26072371858326,48.22764525854121],[-107.26077612735898,48.22762184531028],[-107.26081566323133,48.22760768978317],[-107.2608353324263,48.22759839920033],[-107.26077140729957,48.227514767357576]]]}"
000000000000000022af,5348,0,0,0,"{""type"":""Polygon"",""coordinates"":[[[-107.2609105118133,48.22748524112057],[-107.26083765694534,48.22750008412101],[-107.26079802563454,48.227509798270546],[-107.26077140729957,48.227514767357576],[-107.2608353324263,48.22759839920033],[-107.26086160685672,48.22758894889554],[-107.26094801638796,48.227578267584896],[-107.2609105118133,48.22748524112057]]]}"
000000000000000022d3,5349,0,0,0,"{""type"":""Polygon"",""coordinates"":[[[-107.26103659702923,48.22746491686121],[-107.26102343756307,48.22746960637901],[-107.26091721895261,48.22748506566509],[-107.2609105118133,48.22748524112057],[-107.26094801638796,48.227578267584896],[-107.26101436179187,48.22756802556288],[-107.2610874589603,48.22755767932266],[-107.26103659702923,48.22746491686121]]]}"
000000000000000022b6,5350,0,0,0,"{""type"":""Polygon"",""coordinates"":[[[-107.26115549724685,48.227431317019246],[-107.26114243338863,48.22744044789736],[-107.26112907641996,48.22744071181249],[-107.26111571945312,48.22744097572572],[-107.26103659702923,48.22746491686121],[-107.2610874589603,48.22755767932266],[-107.26112092472641,48.22755704732261],[-107.26117357545614,48.227538130834226],[-107.26122656387822,48.22752815259361],[-107.26115549724685,48.227431317019246]]]}"
000000000000000022b3,5351,0,0,0,"{""type"":""Polygon"",""coordinates"":[[[-107.26125938378793,48.22736227520674],[-107.26124622435479,48.22736696474512],[-107.26120726854236,48.227394555529166],[-107.26118143386051,48.22741292840781],[-107.26115549724685,48.227431317019246],[-107.26122656387822,48.22752815259361],[-107.26123307352618,48.22752355149391],[-107.26129922143411,48.227508883665024],[-107.26133793522422,48.22747679587075],[-107.26125938378793,48.22736227520674]]]}"
000000000000000022d2,5352,0,0,0,"{""type"":""Polygon"",""coordinates"":[[[-107.26134501564627,48.227333732848784],[-107.26129921255148,48.227356986502414],[-107.26125938378793,48.22736227520674],[-107.26133793522422,48.22747679587075],[-107.2613574067938,48.22746307959063],[-107.26143001966878,48.227443739295246],[-107.26148233247616,48.227415884432226],[-107.26134501564627,48.227333732848784]]]}"
000000000000000022b0,5353,0,0,0,"{""type"":""Polygon"",""coordinates"":[[[-107.26140907305496,48.22726997972514],[-107.26139605387117,48.22727918190138],[-107.26137109236304,48.227319856852795],[-107.26134501564627,48.227333732848784],[-107.26148233247616,48.227415884432226],[-107.26155377266043,48.22736983209457],[-107.26160646773805,48.22735098673555],[-107.26160602801355,48.22734206423333],[-107.26140907305496,48.22726997972514]]]}"
000000000000000022d1,5354,0,0,0,"{""type"":""Polygon"",""coordinates"":[[[-107.26161428002816,48.22722571346195],[-107.26161384030013,48.227216790980975],[-107.26144670960403,48.22721562147711],[-107.26144010438871,48.227215781235245],[-107.26142145500746,48.22724742946278],[-107.26140907305496,48.22726997972514],[-107.26160602801355,48.22734206423333],[-107.26162278442234,48.22726575625407],[-107.26161428002816,48.22722571346195]]]}"
000000000000000022ca,5355,0,0,0,"{""type"":""Polygon"",""coordinates"":[[[-107.2616087798971,48.227100775758935],[-107.26142377787295,48.22714911506363],[-107.26146613642196,48.22720183395328],[-107.26144670960403,48.22721562147711],[-107.26161384030013,48.227216790980975],[-107.26162335409377,48.22712729490163],[-107.2616087798971,48.227100775758935]]]}"
000000000000000022b1,5356,0,0,0,"{""type"":""Polygon"",""coordinates"":[[[-107.2615948876035,48.22708767595964],[-107.26156044700616,48.227066021883275],[-107.2615386877431,48.22702622746897],[-107.26151784626602,48.227008806301846],[-107.26136087122156,48.227087841878195],[-107.26137466776697,48.2270965003967],[-107.26142377787295,48.22714911506363],[-107.2616087798971,48.227100775758935],[-107.2615948876035,48.22708767595964]]]}"
000000000000000022b2,5357,0,0,0,"{""type"":""Polygon"",""coordinates"":[[[-107.26149696022426,48.22699131384213],[-107.26150293440747,48.22697334902513],[-107.26145460182629,48.22693859517208],[-107.26144751238083,48.22692976120126],[-107.26128413002486,48.227013381859656],[-107.26129826425597,48.22703097856276],[-107.26131273624625,48.22705751345798],[-107.26136087122156,48.227087841878195],[-107.26151784626602,48.227008806301846],[-107.26149696022426,48.22699131384213]]]}"
000000000000000022b4,5358,0,0,0,"{""type"":""Polygon"",""coordinates"":[[[-107.2613984024863,48.22687714675932],[-107.26137775872756,48.226864151171256],[-107.26137091144928,48.226859814063886],[-107.26118766304475,48.226948299435264],[-107.26120840234753,48.226965736393566],[-107.26127718082725,48.227009060466436],[-107.26128413002486,48.227013381859656],[-107.26144751238083,48.22692976120126],[-107.26144022538843,48.226916501662025],[-107.26144556233704,48.22688518887968],[-107.2613984024863,48.22687714675932]]]}"
000000000000000022ae,5359,0,0,0,"{""type"":""GeometryCollection"",""geometries"":[{""type"":""LineString"",""coordinates"":[[-107.26110435636282,48.22687847430667],[-107.26111103486343,48.2268783429022]]},{""type"":""Polygon"",""coordinates"":[[[-107.26135711498758,48.226851155581485],[-107.26132962400048,48.226833822881474],[-107.26130213304667,48.22681649017844],[-107.26127444459476,48.226794731912456],[-107.26111106279028,48.226878352048914],[-107.26113952847314,48.226917970998],[-107.26118766304475,48.226948299435264],[-107.26137091144928,48.226859814063886],[-107.26135711498758,48.226851155581485]]]}]}"
000000000000000022a2,5360,0,0,0,"{""type"":""Polygon"",""coordinates"":[[[-107.26124675618253,48.22677297364644],[-107.26123281959616,48.22675980257544],[-107.26123218242908,48.226746454613014],[-107.26121100358584,48.226720095328375],[-107.26100774942698,48.22680893246503],[-107.2610569540669,48.22686598835961],[-107.26110431116004,48.22687845622018],[-107.26127444459476,48.226794731912456],[-107.26127390932419,48.226781368209096],[-107.26124675618253,48.22677297364644]]]}"
000000000000000022bb,5361,0,0,0,"{""type"":""Polygon"",""coordinates"":[[[-107.26119002229757,48.22669816160326],[-107.26117423164563,48.2266448596926],[-107.26097660826761,48.22671125079815],[-107.26097806717426,48.226742530592155],[-107.2609793795831,48.22677375484388],[-107.26100774942698,48.22680893246503],[-107.26121100358584,48.226720095328375],[-107.26119002229757,48.22669816160326]]]}"
000000000000000022b8,5362,0,0,0,"{""type"":""Polygon"",""coordinates"":[[[-107.26098514852339,48.22659946955939],[-107.26097627059994,48.226702312664834],[-107.26097660826761,48.22671125079815],[-107.26117423164563,48.2266448596926],[-107.2611732567807,48.22662257364041],[-107.26117267695619,48.22660913868626],[-107.26098514852339,48.22659946955939]]]}"
000000000000000022aa,5363,0,0,0,"{""type"":""Polygon"",""coordinates"":[[[-107.26116154801247,48.22650664810628],[-107.26094153009105,48.22651989687868],[-107.2609836896039,48.22656818985044],[-107.26098446685734,48.22658605034062],[-107.26098514852339,48.22659946955939],[-107.26117267695619,48.22660913868626],[-107.26117092474587,48.226568992162505],[-107.26116839518943,48.22651098520219],[-107.26116154801247,48.22650664810628]]]}"
000000000000000022a9,5364,0,0,0,"{""type"":""Polygon"",""coordinates"":[[[-107.26113968762976,48.22646686973494],[-107.26112477635964,48.22643141274791],[-107.26111709455832,48.22640930224635],[-107.26093778408773,48.226435107151794],[-107.2609344854643,48.2265111342269],[-107.26094153009105,48.22651989687868],[-107.26116154801247,48.22650664810628],[-107.26113968762976,48.22646686973494]]]}"
0000000000000000229d,5365,0,0,0,"{""type"":""Polygon"",""coordinates"":[[[-107.2609002804031,48.226342082671614],[-107.26090712750121,48.226346419774664],[-107.26093700685284,48.22641724671175],[-107.26093778408773,48.226435107151794],[-107.26111709455832,48.22640930224635],[-107.2611098077938,48.22639604280674],[-107.26109465447944,48.22635608904451],[-107.2611135456472,48.22632893823566],[-107.2609002804031,48.226342082671614]]]}"
0000000000000000229f,5366,0,0,0,"{""type"":""Polygon"",""coordinates"":[[[-107.26092907526449,48.22623874539977],[-107.26089201904001,48.22630653730379],[-107.2609002804031,48.226342082671614],[-107.2611135456472,48.22632893823566],[-107.26113263430686,48.226306212957006],[-107.26114521352675,48.226288088665335],[-107.26115813045405,48.226278902436825],[-107.26092907526449,48.22623874539977]]]}"
000000000000000022a3,5367,0,0,0,"{""type"":""Polygon"",""coordinates"":[[[-107.26094523971896,48.22614916259349],[-107.26094125953891,48.2262117701309],[-107.26092907526449,48.22623874539977],[-107.26115813045405,48.226278902436825],[-107.26116973477808,48.22623849226158],[-107.26116875990151,48.226216206380876],[-107.26116754291552,48.22618942370752],[-107.26094523971896,48.22614916259349]]]}"
000000000000000022a6,5368,0,0,0,"{""type"":""Polygon"",""coordinates"":[[[-107.26115141472161,48.22612718426721],[-107.26115010213265,48.22609596040413],[-107.26114159843118,48.22605591843828],[-107.26095606693849,48.22609089221013],[-107.26094523971896,48.22614916259349],[-107.26116754291552,48.22618942370752],[-107.2611673453929,48.22618499819819],[-107.26115141472161,48.22612718426721]]]}"
000000000000000022a5,5369,0,0,0,"{""type"":""Polygon"",""coordinates"":[[[-107.2611342161016,48.22603821785842],[-107.26107087221352,48.22596802343438],[-107.26102273898815,48.225937695466584],[-107.26092051292214,48.226042439936535],[-107.26095562735723,48.22608196991387],[-107.26095606693849,48.22609089221013],[-107.26114159843118,48.22605591843828],[-107.2611342161016,48.22603821785842]]]}"
000000000000000022a4,5370,0,0,0,"{""type"":""MultiPolygon"",""coordinates"":[[[[-107.2610159281385,48.22578153704573],[-107.26113360582208,48.22572115600286],[-107.26108018044124,48.22572221154979],[-107.26105420048741,48.22574052822263],[-107.26104108624,48.22574528886572],[-107.26095187316572,48.225845288051104],[-107.2610159281385,48.22578153704573]]],[[[-107.26095187316572,48.225845288051104],[-107.26080491613934,48.22600001203812],[-107.26084522742559,48.22600371727452],[-107.26090613717983,48.22602034670325],[-107.26092051292214,48.226042439936535],[-107.26102273898815,48.225937695466584],[-107.26099549098154,48.22592485972775],[-107.2609811152209,48.22590276655526],[-107.26096698156454,48.22588517016629],[-107.26095187316572,48.225845288051104]]]]}"
0000000000000000229c,5371,0,0,0,"{""type"":""Polygon"",""coordinates"":[[[-107.26101446915395,48.22575025782266],[-107.26097508181297,48.22576446844261],[-107.26095012114956,48.225805142098245],[-107.26092462526968,48.22583245231178],[-107.26089942243382,48.225868629232735],[-107.2607981062375,48.225843853393776],[-107.26079135481831,48.225843957535645],[-107.26067037762333,48.22598036462484],[-107.2606841735165,48.22598902307776],[-107.26080491613934,48.22600001203812],[-107.26104108624,48.22574528886572],[-107.26101446915395,48.22575025782266]]]}"
0000000000000000229b,5372,0,0,0,"{""type"":""Polygon"",""coordinates"":[[[-107.26071816566835,48.225849861909055],[-107.26065745386106,48.225837657884895],[-107.26063074121842,48.22583818552957],[-107.2606240343974,48.22583836095149],[-107.26056804243737,48.22593323142],[-107.2606360407894,48.225958694891446],[-107.26067037762333,48.22598036462484],[-107.26079135481831,48.225843957535645],[-107.26071816566835,48.225849861909055]]]}"
000000000000000022a8,5373,0,0,0,"{""type"":""Polygon"",""coordinates"":[[[-107.26053661009571,48.22582668448508],[-107.26050271299769,48.225813937014514],[-107.2604959616054,48.22581404113488],[-107.26044608395111,48.22589545961357],[-107.26051384003044,48.22591642637685],[-107.26056804243737,48.22593323142],[-107.2606240343974,48.22583836095149],[-107.26053661009571,48.22582668448508]]]}"
000000000000000022a7,5374,0,0,0,"{""type"":""Polygon"",""coordinates"":[[[-107.26047556094902,48.22580554235964],[-107.26044840892068,48.2257971476979],[-107.26042091936628,48.225779815046856],[-107.26039386929268,48.22577140464111],[-107.26038031560184,48.2257672429475],[-107.26031757190957,48.22586221726284],[-107.26041228238317,48.22588715331372],[-107.2604394344561,48.22589554799884],[-107.26044608395111,48.22589545961357],[-107.2604959616054,48.22581404113488],[-107.26047556094902,48.22580554235964]]]}"
0000000000000000229e,5375,0,0,0,"{""type"":""Polygon"",""coordinates"":[[[-107.26033946987351,48.22575017406347],[-107.26027166973424,48.22572913593757],[-107.26019507934721,48.225811081694545],[-107.2602088749975,48.2258197401942],[-107.26026307694517,48.2258365453904],[-107.26031747639567,48.22585777604519],[-107.26038031560184,48.2257672429475],[-107.26033946987351,48.22575017406347]]]}"
000000000000000022a0,5376,0,0,0,"{""type"":""Polygon"",""coordinates"":[[[-107.26023791300264,48.22572090088827],[-107.26015597997278,48.225682266242075],[-107.26006681015032,48.22578233581211],[-107.26008701321355,48.22578640919406],[-107.26011416504296,48.22579480396133],[-107.26018128370526,48.22580242319411],[-107.26019507934721,48.225811081694545],[-107.26027166973424,48.22572913593757],[-107.26023791300264,48.22572090088827]]]}"
000000000000000022a1,5377,0,0,0,"{""type"":""Polygon"",""coordinates"":[[[-107.26008151802903,48.225661474678304],[-107.2600400932571,48.225630970969014],[-107.25995087879203,48.225730969043525],[-107.26002596469327,48.225765266783],[-107.26005996331183,48.225777998688834],[-107.26006681015032,48.22578233581211],[-107.26015597997278,48.225682266242075],[-107.26008151802903,48.225661474678304]]]}"
000000000000000022ba,5378,0,0,0,"{""type"":""Polygon"",""coordinates"":[[[-107.26002610034973,48.22561788700506],[-107.259978605694,48.22560090635705],[-107.2599440724787,48.22557481104206],[-107.25982231758587,48.22569335617672],[-107.2598427178849,48.22570185508177],[-107.25986943020526,48.22570132766586],[-107.25988943578824,48.22570097561054],[-107.25995087879203,48.225730969043525],[-107.2600400932571,48.225630970969014],[-107.26002610034973,48.22561788700506]]]}"
000000000000000022ab,5379,0,0,0,"{""type"":""Polygon"",""coordinates"":[[[-107.25982852405559,48.225532453539785],[-107.2597321253658,48.225619176135325],[-107.25978686127802,48.225649344992256],[-107.25978807727202,48.22567612743474],[-107.25982231758587,48.22569335617672],[-107.2599440724787,48.22557481104206],[-107.25982852405559,48.225532453539785]]]}"
000000000000000022b5,5380,0,0,0,"{""type"":""Polygon"",""coordinates"":[[[-107.25980147446957,48.22552404299414],[-107.25977296697238,48.22548435333033],[-107.25975917160743,48.22547569481573],[-107.25962187081163,48.22554543512428],[-107.2596701990095,48.2255801890954],[-107.2597044391397,48.22559741785282],[-107.2597321253658,48.225619176135325],[-107.25982852405559,48.225532453539785],[-107.25980147446957,48.22552404299414]]]}"
000000000000000022ad,5381,0,0,0,"{""type"":""Polygon"",""coordinates"":[[[-107.2597518855871,48.22546243548828],[-107.25972993211064,48.22541821633875],[-107.25971560205348,48.22539619445211],[-107.2595777222897,48.22545249990185],[-107.25959845970067,48.22546993676263],[-107.25962187081163,48.22554543512428],[-107.25975917160743,48.22547569481573],[-107.2597518855871,48.22546243548828]]]}"
0000000000000000226c,5382,0,0,0,"{""type"":""Polygon"",""coordinates"":[[[-107.25968767406403,48.2253699395117],[-107.25965921140816,48.225330321215196],[-107.25964541614077,48.225321662707],[-107.25950088733228,48.2253780562846],[-107.25951545913126,48.22540457494415],[-107.25954275039454,48.22541748230246],[-107.2595777222897,48.22545249990185],[-107.25971560205348,48.22539619445211],[-107.25968767406403,48.2253699395117]]]}"
00000000000000002269,5383,0,0,0,"{""type"":""Polygon"",""coordinates"":[[[-107.25957577170863,48.225256037447124],[-107.25956868313882,48.225247203596446],[-107.25943080395498,48.2253035086619],[-107.25947198570248,48.22532951573515],[-107.25950088733228,48.2253780562846],[-107.25964541614077,48.225321662707],[-107.25957577170863,48.225256037447124]]]}"
00000000000000002264,5384,0,0,0,"{""type"":""Polygon"",""coordinates"":[[[-107.25954784395687,48.22522978252962],[-107.259520355492,48.22521244977909],[-107.25950656031935,48.225203791267845],[-107.25943846951405,48.22517388612137],[-107.2594248717047,48.22516965303629],[-107.25934881605545,48.225264960591964],[-107.25939636699937,48.22528185444759],[-107.25943080395498,48.2253035086619],[-107.25956868313882,48.225247203596446],[-107.25954784395687,48.22522978252962]]]}"
00000000000000002266,5385,0,0,0,"{""type"":""Polygon"",""coordinates"":[[[-107.25935711838338,48.22514868573078],[-107.25928975979272,48.22513656924356],[-107.25922749905709,48.22524053519709],[-107.25931467842229,48.22524771607095],[-107.25934881605545,48.225264960591964],[-107.2594248717047,48.22516965303629],[-107.25935711838338,48.22514868573078]]]}"
00000000000000002265,5386,0,0,0,"{""type"":""Polygon"",""coordinates"":[[[-107.2592492529973,48.225128437939034],[-107.25914871813453,48.225121520612774],[-107.25914206887157,48.22512160890103],[-107.2591131243132,48.225224887973255],[-107.25914668264768,48.22522869792944],[-107.25920054537987,48.225236565684774],[-107.25922749905709,48.22524053519709],[-107.25928975979272,48.22513656924356],[-107.2592492529973,48.225128437939034]]]}"
00000000000000002262,5387,0,0,0,"{""type"":""Polygon"",""coordinates"":[[[-107.25900729502042,48.22509746259797],[-107.25898510132701,48.225200637583335],[-107.25902570338654,48.225213210181174],[-107.25905285424841,48.225221605182064],[-107.2591131243132,48.225224887973255],[-107.25914206887157,48.22512160890103],[-107.25900729502042,48.22509746259797]]]}"
00000000000000002263,5388,0,0,0,"{""type"":""Polygon"",""coordinates"":[[[-107.25900058844749,48.22509763789777],[-107.25887310055666,48.22508675070576],[-107.25885174010679,48.22520769869317],[-107.25898510132701,48.225200637583335],[-107.25900729502042,48.22509746259797],[-107.25900058844749,48.22509763789777]]]}"
0000000000000000226a,5389,0,0,0,"{""type"":""Polygon"",""coordinates"":[[[-107.25879947510934,48.22508373131163],[-107.25873973989316,48.22509381163073],[-107.25873309066458,48.22509389988974],[-107.25873211658056,48.22522350527071],[-107.25879161018494,48.22520892819436],[-107.25882502843146,48.22520822580472],[-107.25885174010679,48.22520769869317],[-107.25887310055666,48.22508675070576],[-107.25879947510934,48.22508373131163]]]}"
0000000000000000226d,5390,0,0,0,"{""type"":""Polygon"",""coordinates"":[[[-107.2586399373593,48.22510468250096],[-107.25860030906706,48.225114395227],[-107.25858695329786,48.225114658746534],[-107.25864610854534,48.225243034818625],[-107.25867922763886,48.22523792276642],[-107.25873211658056,48.22522350527071],[-107.25873309066458,48.22509389988974],[-107.2586399373593,48.22510468250096]]]}"
00000000000000002274,5391,0,0,0,"{""type"":""Polygon"",""coordinates"":[[[-107.25858695329786,48.225114658746534],[-107.25848715083305,48.225125529460506],[-107.25846101817851,48.22513949108396],[-107.25851366357554,48.225272468018595],[-107.25852687950822,48.22526769203956],[-107.25856650795482,48.22525797931174],[-107.25864610854534,48.225243034818625],[-107.25858695329786,48.225114658746534]]]}"
000000000000000022ac,5392,0,0,0,"{""type"":""Polygon"",""coordinates"":[[[-107.25846101817851,48.22513949108396],[-107.2584215870772,48.22515362917927],[-107.25840152477818,48.225154067931186],[-107.2583748132695,48.22515459491274],[-107.25834810176805,48.22515512188668],[-107.25831935240657,48.22526282628164],[-107.25833945932587,48.225262458837555],[-107.25836029767645,48.22527988019848],[-107.25848714915331,48.22527742048211],[-107.25851366357554,48.225272468018595],[-107.25846101817851,48.22513949108396]]]}"
00000000000000002270,5393,0,0,0,"{""type"":""Polygon"",""coordinates"":[[[-107.25830803452938,48.22515591233332],[-107.25824004095522,48.225130447478804],[-107.25821318966386,48.22512646195652],[-107.2581852604849,48.22525209764951],[-107.25831935240657,48.22526282628164],[-107.25834810176805,48.22515512188668],[-107.25830803452938,48.22515591233332]]]}"
00000000000000002273,5394,0,0,0,"{""type"":""Polygon"",""coordinates"":[[[-107.25814621392597,48.22512335382399],[-107.258105466176,48.2251107252918],[-107.25808526413732,48.225106651519035],[-107.25805719476185,48.2252277746707],[-107.25810435007115,48.22523581829621],[-107.25812499108315,48.22524881425746],[-107.25814495147017,48.225248391291565],[-107.2581852604849,48.22525209764951],[-107.25821318966386,48.22512646195652],[-107.25814621392597,48.22512335382399]]]}"
00000000000000002275,5395,0,0,0,"{""type"":""Polygon"",""coordinates"":[[[-107.25795777778815,48.225095763070875],[-107.25791581826006,48.225203786241174],[-107.25803028614938,48.225223876111215],[-107.25805719476185,48.2252277746707],[-107.25808526413732,48.225106651519035],[-107.25795777778815,48.225095763070875]]]}"
00000000000000002278,5396,0,0,0,"{""type"":""Polygon"",""coordinates"":[[[-107.25793086931021,48.22509186448986],[-107.25789046537905,48.22508371686615],[-107.25782344540897,48.225080537209664],[-107.25778765135829,48.22517947863528],[-107.25788182169642,48.225191053662364],[-107.25789551433121,48.22519972814954],[-107.25791581826006,48.225203786241174],[-107.25795777778815,48.225095763070875],[-107.25793086931021,48.22509186448986]]]}"
00000000000000002276,5397,0,0,0,"{""type"":""Polygon"",""coordinates"":[[[-107.25772961902122,48.22507344313823],[-107.25768911334096,48.22506531115703],[-107.25765982839131,48.22515965186614],[-107.25766647755448,48.22515956368299],[-107.25778765135829,48.22517947863528],[-107.25782344540897,48.225080537209664],[-107.25772961902122,48.22507344313823]]]}"
00000000000000002272,5398,0,0,0,"{""type"":""Polygon"",""coordinates"":[[[-107.25761461145508,48.225044446512776],[-107.25756109386106,48.22504105885291],[-107.2575254963532,48.22514442556108],[-107.25764603395753,48.22515099307752],[-107.25765982839131,48.22515965186614],[-107.25768911334096,48.22506531115703],[-107.25761461145508,48.225044446512776]]]}"
0000000000000000227a,5399,0,0,0,"{""type"":""Polygon"",""coordinates"":[[[-107.25745400749476,48.2250386690363],[-107.25742685760882,48.22503027358764],[-107.25738499204634,48.2251427375916],[-107.2575254963532,48.22514442556108],[-107.25756109386106,48.22504105885291],[-107.25745400749476,48.2250386690363]]]}"
0000000000000000228c,5400,0,0,0,"{""type"":""Polygon"",""coordinates"":[[[-107.25731161590288,48.224992322997025],[-107.25724260026477,48.22509639136359],[-107.25726975009995,48.22510478687613],[-107.25736503187709,48.22514316039316],[-107.25738499204634,48.2251427375916],[-107.25742685760882,48.22503027358764],[-107.25731161590288,48.224992322997025]]]}"
00000000000000002279,5401,0,0,0,"{""type"":""Polygon"",""coordinates"":[[[-107.257277619962,48.22497959023942],[-107.25725047021126,48.22497119474684],[-107.25720943113669,48.22494969926852],[-107.25708082735157,48.22506390230953],[-107.25717475481459,48.22507098130688],[-107.25724260026477,48.22509639136359],[-107.25731161590288,48.224992322997025],[-107.257277619962,48.22497959023942]]]}"
0000000000000000228e,5402,0,0,0,"{""type"":""Polygon"",""coordinates"":[[[-107.25712026544723,48.22489787428632],[-107.2571002608904,48.22489822573337],[-107.25696490613115,48.22501253237694],[-107.2570130327396,48.225042862015805],[-107.25707407634442,48.22506400617807],[-107.25708082735157,48.22506390230953],[-107.25720943113669,48.22494969926852],[-107.25712026544723,48.22489787428632]]]}"
0000000000000000226f,5403,0,0,0,"{""type"":""Polygon"",""coordinates"":[[[-107.25701915565986,48.22487752009778],[-107.25697787532457,48.22485152783831],[-107.25687593789502,48.224965132523565],[-107.25690973651854,48.22497343999799],[-107.25695101690145,48.22499943234545],[-107.25696490613115,48.22501253237694],[-107.2571002608904,48.22489822573337],[-107.25701915565986,48.22487752009778]]]}"
00000000000000002290,5404,0,0,0,"{""type"":""Polygon"",""coordinates"":[[[-107.2569294122874,48.224812260432046],[-107.25687511341181,48.22479546928091],[-107.25676671114668,48.22491374559349],[-107.25677365910238,48.22491806717338],[-107.2568556344435,48.224961074218264],[-107.25687593789502,48.224965132523565],[-107.25697787532457,48.22485152783831],[-107.2569294122874,48.224812260432046]]]}"
0000000000000000228f,5405,0,0,0,"{""type"":""Polygon"",""coordinates"":[[[-107.25682742587615,48.22477406182067],[-107.25675943511419,48.22474859603037],[-107.25666380997534,48.224853174293266],[-107.25667065599805,48.22485751160352],[-107.25669153754411,48.22487500452108],[-107.25671193598285,48.22488350400687],[-107.25674626809239,48.22490517482255],[-107.25676671114668,48.22491374559349],[-107.25687511341181,48.22479546928091],[-107.25682742587615,48.22477406182067]]]}"
000000000000000022be,5406,0,0,0,"{""type"":""Polygon"",""coordinates"":[[[-107.25674574307405,48.22473992144012],[-107.2567238893441,48.22470014322387],[-107.25668285109914,48.22467864760964],[-107.2565535674104,48.2247794305236],[-107.25656736129203,48.22478808942232],[-107.25660844410582,48.22480965642343],[-107.25665025759183,48.224849012112315],[-107.25666380997534,48.224853174293266],[-107.25675943511419,48.22474859603037],[-107.25674574307405,48.22473992144012]]]}"
00000000000000002292,5407,0,0,0,"{""type"":""Polygon"",""coordinates"":[[[-107.2566288961321,48.22466633732073],[-107.25659543457878,48.22466696761404],[-107.2565621195126,48.22466765346127],[-107.25656110282104,48.22464529683314],[-107.25655415495433,48.2246409752579],[-107.25641195440295,48.22475094324999],[-107.25641870530501,48.224750839431266],[-107.25644541596657,48.224750313019335],[-107.25647212663534,48.2247497865998],[-107.2565535674104,48.2247794305236],[-107.25668285109914,48.22467864760964],[-107.2566288961321,48.22466633732073]]]}"
0000000000000000228d,5408,0,0,0,"{""type"":""Polygon"",""coordinates"":[[[-107.25648563125316,48.224602146099755],[-107.256438280978,48.224589676325365],[-107.25629632199484,48.22470414074054],[-107.25630316792085,48.22470847806723],[-107.25633692139878,48.2247167144245],[-107.25639121959303,48.22473350587223],[-107.25641195440295,48.22475094324999],[-107.25655415495433,48.2246409752579],[-107.25648563125316,48.224602146099755]]]}"
00000000000000002293,5409,0,0,0,"{""type"":""Polygon"",""coordinates"":[[[-107.25643163200536,48.22458976441769],[-107.25639666503436,48.224554746119026],[-107.256355824231,48.224537675807106],[-107.25633542613672,48.22452917629253],[-107.25620691753922,48.224647818382905],[-107.25624110934965,48.224664976873484],[-107.25629632199484,48.22470414074054],[-107.256438280978,48.224589676325365],[-107.25643163200536,48.22458976441769]]]}"
00000000000000002294,5410,0,0,0,"{""type"":""Polygon"",""coordinates"":[[[-107.25631498348301,48.22452060548194],[-107.25627428240281,48.22450804755616],[-107.25627336778336,48.2244856752616],[-107.25623893459279,48.22446402015446],[-107.25609808725797,48.22460528173816],[-107.25610479353793,48.224605106650145],[-107.256131942423,48.22461350243045],[-107.25618647488203,48.22463924752582],[-107.25620691753922,48.224647818382905],[-107.25633542613672,48.22452917629253],[-107.25631498348301,48.22452060548194]]]}"
00000000000000002297,5411,0,0,0,"{""type"":""Polygon"",""coordinates"":[[[-107.2561835700172,48.22442050232709],[-107.25612957131023,48.224408120503995],[-107.25598241151314,48.224558407655444],[-107.25601620923854,48.224566715403235],[-107.25603684869048,48.22457971168844],[-107.2560506423026,48.2245883706355],[-107.25607768924588,48.22459678215587],[-107.25609808725797,48.22460528173816],[-107.25623893459279,48.22446402015446],[-107.2561835700172,48.22442050232709]]]}"
0000000000000000228b,5412,0,0,0,"{""type"":""Polygon"",""coordinates"":[[[-107.25612286506419,48.22440829559223],[-107.2560958182299,48.22439988411181],[-107.25608246307416,48.22440014726389],[-107.25604846854276,48.224387414178],[-107.25601403565506,48.22436575902277],[-107.2558602268476,48.22451613393037],[-107.2558671745578,48.22452045554957],[-107.25590097218026,48.22452876333458],[-107.25590801489544,48.22453752607556],[-107.25598241151314,48.224558407655444],[-107.25612957131023,48.224408120503995],[-107.25612286506419,48.22440829559223]]]}"
00000000000000002289,5413,0,0,0,"{""type"":""Polygon"",""coordinates"":[[[-107.25600694836261,48.22435692502552],[-107.25598577565204,48.22433056562413],[-107.25593182183015,48.22431825499555],[-107.25588578056308,48.22433700798381],[-107.25574338347478,48.224442548954386],[-107.25575717692558,48.22445120792524],[-107.25581190555428,48.22448137856613],[-107.2558602268476,48.22451613393037],[-107.25601403565506,48.22436575902277],[-107.25600694836261,48.22435692502552]]]}"
00000000000000002298,5414,0,0,0,"{""type"":""Polygon"",""coordinates"":[[[-107.25586436651301,48.22430615189086],[-107.25584363231391,48.22428871452604],[-107.25582882263024,48.224257699110574],[-107.25582862574207,48.22425327373583],[-107.25567880533052,48.224341042639914],[-107.25572260471925,48.22442504022523],[-107.25574338347478,48.224442548954386],[-107.25588578056308,48.22433700798381],[-107.25586436651301,48.22430615189086]]]}"
00000000000000002299,5415,0,0,0,"{""type"":""Polygon"",""coordinates"":[[[-107.25581352421135,48.22421339186893],[-107.2558061005645,48.224195620121215],[-107.25560004051417,48.22422202676051],[-107.25560047880661,48.22423094880012],[-107.25560125349153,48.22424880860959],[-107.25563558397828,48.224270479603405],[-107.25567880533052,48.224341042639914],[-107.25582862574207,48.22425327373583],[-107.25582804783417,48.224239839302754],[-107.25581352421135,48.22421339186893]]]}"
0000000000000000224f,5416,0,0,0,"{""type"":""Polygon"",""coordinates"":[[[-107.25578294023133,48.22412461917639],[-107.25578250189278,48.22411569715672],[-107.2555688219687,48.22411990658251],[-107.25556294781212,48.224137854382825],[-107.25559926582906,48.22420416696007],[-107.25559979908233,48.22421753009493],[-107.25560004051417,48.22422202676051],[-107.2558061005645,48.224195620121215],[-107.25578294023133,48.22412461917639]]]}"
0000000000000000225a,5417,0,0,0,"{""type"":""Polygon"",""coordinates"":[[[-107.25557824622439,48.224030431755295],[-107.25558062759174,48.22408392398141],[-107.2555688219687,48.22411990658251],[-107.25578250189278,48.22411569715672],[-107.25579192565414,48.224026222328185],[-107.25557824622439,48.224030431755295]]]}"
00000000000000002286,5418,0,0,0,"{""type"":""Polygon"",""coordinates"":[[[-107.25560618206427,48.2239047995541],[-107.25558728944867,48.22393194807162],[-107.25556786355976,48.22394573353016],[-107.25557824622439,48.224030431755295],[-107.25579192565414,48.224026222328185],[-107.255797996578,48.22401269990911],[-107.25584335760684,48.22398052844765],[-107.25560618206427,48.2239047995541]]]}"
00000000000000002281,5419,0,0,0,"{""type"":""Polygon"",""coordinates"":[[[-107.25571482479279,48.22379102346141],[-107.25570277795738,48.2238225092424],[-107.25567684290911,48.22384089508609],[-107.25562536648735,48.223886517461985],[-107.25561244988317,48.223895702522526],[-107.25560618206427,48.2239047995541],[-107.25584335760684,48.22398052844765],[-107.25585010832735,48.22398042467503],[-107.25585637611826,48.22397132761523],[-107.25588255269577,48.223957438317605],[-107.25588915694395,48.223957278976066],[-107.25571482479279,48.22379102346141]]]}"
0000000000000000228a,5420,0,0,0,"{""type"":""Polygon"",""coordinates"":[[[-107.2558607123236,48.22376577308156],[-107.2558206476475,48.22376656240464],[-107.25578723176605,48.22376726366965],[-107.2557212321213,48.223786438796814],[-107.25571482479279,48.22379102346141],[-107.25588915694395,48.223957278976066],[-107.2559549600328,48.22393367831538],[-107.25598720742074,48.223906266599826],[-107.25598696593914,48.22390176996335],[-107.2558607123236,48.22376577308156]]]}"
00000000000000002285,5421,0,0,0,"{""type"":""Polygon"",""coordinates"":[[[-107.25599251466701,48.22372299728354],[-107.25596594445578,48.22372803588457],[-107.25586711963987,48.22376118840973],[-107.2558607123236,48.22376577308156],[-107.25598696593914,48.22390176996335],[-107.25603203482287,48.22386073207756],[-107.25604538977707,48.22386046894027],[-107.25608457781833,48.223841835575264],[-107.25599251466701,48.22372299728354]]]}"
0000000000000000227d,5422,0,0,0,"{""type"":""Polygon"",""coordinates"":[[[-107.25613174064377,48.22369799288944],[-107.25607871486737,48.22370789612159],[-107.25605234157227,48.22371736007338],[-107.25601218185136,48.22371370842193],[-107.25599251466701,48.22372299728354],[-107.25608457781833,48.223841835575264],[-107.25615024111147,48.22381372248286],[-107.25619637674215,48.22379941063106],[-107.25613174064377,48.22369799288944]]]}"
0000000000000000225d,5423,0,0,0,"{""type"":""Polygon"",""coordinates"":[[[-107.25625689403319,48.223655304852436],[-107.25624353912282,48.223655568017],[-107.25617729807492,48.223670246798974],[-107.25615811392778,48.22368852891957],[-107.25614509555352,48.22369772974022],[-107.25613174064377,48.22369799288944],[-107.25619637674215,48.22379941063106],[-107.25622288971574,48.22379445897519],[-107.25625567037412,48.223780410262144],[-107.25629593219885,48.22378404608489],[-107.2563224451775,48.22377909440284],[-107.25625689403319,48.223655304852436]]]}"
00000000000000002250,5424,0,0,0,"{""type"":""Polygon"",""coordinates"":[[[-107.25640967187084,48.223634462241186],[-107.2563831589832,48.22363941393146],[-107.256303270997,48.22364548960956],[-107.25627709468554,48.22365937893317],[-107.25625689403319,48.223655304852436],[-107.2563224451775,48.22377909440284],[-107.25638908039302,48.22377326614633],[-107.2564024353665,48.22377300295934],[-107.25643579414479,48.22377238849258],[-107.25640967187084,48.223634462241186]]]}"
00000000000000002296,5425,0,0,0,"{""type"":""Polygon"",""coordinates"":[[[-107.25646935920362,48.223624312442205],[-107.25640967187084,48.223634462241186],[-107.25643579414479,48.22377238849258],[-107.25652243323309,48.22376620886051],[-107.2565554554147,48.223756656673984],[-107.2565497303708,48.22362722984516],[-107.25646935920362,48.223624312442205]]]}"
00000000000000002239,5426,0,0,0,"{""type"":""Polygon"",""coordinates"":[[[-107.25669109793608,48.223651219797276],[-107.25667667564474,48.22362475707611],[-107.25660295316989,48.22362175168454],[-107.2565497303708,48.22362722984516],[-107.2565554554147,48.223756656673984],[-107.25657531958294,48.22375179301962],[-107.25664364497884,48.22378619619134],[-107.25671804945628,48.22365518994961],[-107.25669109793608,48.223651219797276]]]}"
00000000000000002295,5427,0,0,0,"{""type"":""GeometryCollection"",""geometries"":[{""type"":""LineString"",""coordinates"":[[-107.25671825364827,48.2236596174999],[-107.25671805858832,48.223655182314644]]},{""type"":""Polygon"",""coordinates"":[[[-107.25677244165912,48.22367642192056],[-107.25671825364827,48.2236596174999],[-107.2567182464565,48.22365961526964],[-107.25664364497884,48.22378619619134],[-107.25665733665083,48.22379487064904],[-107.2567720968913,48.223819371256454],[-107.25679880698213,48.223818844769966],[-107.2568193524923,48.223679969401374],[-107.25677244165912,48.22367642192056]]]}]}"
00000000000000002238,5428,0,0,0,"{""type"":""Polygon"",""coordinates"":[[[-107.2569191496576,48.22366910085226],[-107.25689938740267,48.22367394884288],[-107.25686636525826,48.22368350113179],[-107.2568193524923,48.223679969401374],[-107.25679880698213,48.223818844769966],[-107.25681881089207,48.2238184934093],[-107.25683887213196,48.22381805502598],[-107.2569719841145,48.223806500467816],[-107.25697873488532,48.22380639661491],[-107.2569191496576,48.22366910085226]]]}"
00000000000000002277,5429,0,0,0,"{""type"":""Polygon"",""coordinates"":[[[-107.25702487764966,48.2236401974735],[-107.25699209712958,48.22365424640837],[-107.25696538710237,48.223654772945366],[-107.25693901381095,48.22366423713108],[-107.2569191496576,48.22366910085226],[-107.25697873488532,48.22380639661491],[-107.25698533918279,48.223806237197195],[-107.25705133914362,48.22378706118601],[-107.25710446725198,48.22377714166382],[-107.25712398795861,48.22376779700099],[-107.25702487764966,48.2236401974735]]]}"
00000000000000002237,5430,0,0,0,"{""type"":""Polygon"",""coordinates"":[[[-107.2571501707884,48.22360202064972],[-107.25713725444733,48.223611205859264],[-107.25708436818921,48.22362562196899],[-107.25703803562638,48.223635508880946],[-107.25702487764966,48.2236401974735],[-107.25712398795861,48.22376779700099],[-107.25713724788395,48.223763092655105],[-107.25718260810471,48.22373092073335],[-107.25722223462668,48.22372120889135],[-107.25723525289968,48.22371200792315],[-107.2571501707884,48.22360202064972]]]}"
00000000000000002291,5431,0,0,0,"{""type"":""Polygon"",""coordinates"":[[[-107.25725526290465,48.223559769836065],[-107.2572157317152,48.22357392269522],[-107.25718946037253,48.22358337120678],[-107.2571501707884,48.22360202064972],[-107.25723525289968,48.22371200792315],[-107.25731416909802,48.223683646531214],[-107.25734044051913,48.223674197965636],[-107.25736661675505,48.223660308350176],[-107.25725526290465,48.223559769836065]]]}"
00000000000000002271,5432,0,0,0,"{""type"":""Polygon"",""coordinates"":[[[-107.25735282859077,48.22349976329665],[-107.25726842085662,48.2235550812197],[-107.25725526290465,48.223559769836065],[-107.25736661675505,48.223660308350176],[-107.25740570930641,48.22363723348183],[-107.25745879273705,48.2236272425034],[-107.25747777939534,48.22360453484229],[-107.25735282859077,48.22349976329665]]]}"
0000000000000000226b,5433,0,0,0,"{""type"":""Polygon"",""coordinates"":[[[-107.25745758355461,48.22344857473408],[-107.25743771947226,48.223453438540886],[-107.2574113463102,48.22346290281701],[-107.25735282859077,48.22349976329665],[-107.25747777939534,48.22360453484229],[-107.25749700770336,48.223586323788425],[-107.25754222778653,48.22354963948818],[-107.25757500820367,48.22353559039592],[-107.25745758355461,48.22344857473408]]]}"
00000000000000002268,5434,0,0,0,"{""type"":""Polygon"",""coordinates"":[[[-107.25754834745848,48.223384302287585],[-107.25747725054225,48.223439285625616],[-107.25745758355461,48.22344857473408],[-107.25757500820367,48.22353559039592],[-107.25758816615344,48.22353090173794],[-107.25760118431748,48.22352170075602],[-107.2576402766709,48.223498625857694],[-107.25769301638113,48.22348415391539],[-107.25754834745848,48.223384302287585]]]}"
00000000000000002235,5435,0,0,0,"{""type"":""Polygon"",""coordinates"":[[[-107.25765275844978,48.22332863278255],[-107.25756126367257,48.22337511706537],[-107.25754834745848,48.223384302287585],[-107.25769301638113,48.22348415391539],[-107.2577459025557,48.22346973751116],[-107.25777183690148,48.22345135125553],[-107.25780442009176,48.22343287681756],[-107.25765275844978,48.22332863278255]]]}"
0000000000000000226e,5436,0,0,0,"{""type"":""Polygon"",""coordinates"":[[[-107.25775751284456,48.22327744407287],[-107.2577051103447,48.22330085357403],[-107.25765275844978,48.22332863278255],[-107.25780442009176,48.22343287681756],[-107.2578305515348,48.22341891585408],[-107.2578753769511,48.223373380941325],[-107.25789494198521,48.22336410748976],[-107.25775751284456,48.22327744407287]]]}"
00000000000000002234,5437,0,0,0,"{""type"":""Polygon"",""coordinates"":[[[-107.2578411884029,48.22320433790828],[-107.25783492110779,48.2232134349531],[-107.25780874524209,48.22322732456945],[-107.2577573157156,48.22327301879024],[-107.25789494198521,48.22336410748976],[-107.25799901580835,48.2232995000478],[-107.25800552482647,48.223294899550766],[-107.2578411884029,48.22320433790828]]]}"
00000000000000002267,5438,0,0,0,"{""type"":""Polygon"",""coordinates"":[[[-107.25793195139191,48.22314006541927],[-107.25791262155859,48.22315829212491],[-107.25786726235027,48.22319046401741],[-107.2578411884029,48.22320433790828],[-107.25800552482647,48.223294899550766],[-107.25803757367409,48.22326306223231],[-107.25808259590143,48.22322195264252],[-107.25793195139191,48.22314006541927]]]}"
00000000000000002231,5439,0,0,0,"{""type"":""Polygon"",""coordinates"":[[[-107.2580086785603,48.223062637964865],[-107.25793195139191,48.22314006541927],[-107.25808259590143,48.22322195264252],[-107.25812751614829,48.22318085879371],[-107.25817331418739,48.223157608617235],[-107.2580086785603,48.223062637964865]]]}"
00000000000000002261,5440,0,0,0,"{""type"":""Polygon"",""coordinates"":[[[-107.25808594627378,48.22299411664519],[-107.25807963448628,48.223003142377955],[-107.25805370053936,48.223021528550746],[-107.2580086785603,48.223062637964865],[-107.25817331418739,48.223157608617235],[-107.25817996302864,48.22315752041003],[-107.25825712889079,48.22308901455653],[-107.25808594627378,48.22299411664519]]]}"
00000000000000002230,5441,0,0,0,"{""type"":""Polygon"",""coordinates"":[[[-107.25817646677812,48.22292534765785],[-107.25814475535509,48.22296612233579],[-107.25810493231836,48.22297140914755],[-107.25808594627378,48.22299411664519],[-107.25825712889079,48.22308901455653],[-107.25826363785616,48.22308441406165],[-107.2583545974315,48.22302456659312],[-107.25817646677812,48.22292534765785]]]}"
0000000000000000222e,5442,0,0,0,"{""type"":""Polygon"",""coordinates"":[[[-107.25826033823223,48.222856666892646],[-107.25822182552803,48.22289317579223],[-107.25818273395767,48.222916250643244],[-107.25817646677812,48.22292534765785],[-107.2583545974315,48.22302456659312],[-107.25840680228504,48.222996731614785],[-107.25845182393643,48.222955622073556],[-107.2582876268956,48.22286957405167],[-107.25826033823223,48.222856666892646]],[[-107.2582876268956,48.22286957405167],[-107.25826742598946,48.22286550046116],[-107.25827471094492,48.22287875927708],[-107.2582876268956,48.22286957405167]]]}"
0000000000000000227b,5443,0,0,0,"{""type"":""Polygon"",""coordinates"":[[[-107.2583647919993,48.22280106850394],[-107.25835207328645,48.22281467896776],[-107.25833774511257,48.22279265791197],[-107.25826033823223,48.222856666892646],[-107.2582876268956,48.22286957405167],[-107.25845182393643,48.222955622073556],[-107.25847124882551,48.22294183631509],[-107.25849620926562,48.22290116551173],[-107.25853486173219,48.222869168762315],[-107.2583647919993,48.22280106850394]]]}"
0000000000000000222b,5444,0,0,0,"{""type"":""Polygon"",""coordinates"":[[[-107.25838776123604,48.222715757591125],[-107.25838951063011,48.22275590131184],[-107.25839014683439,48.22276924831029],[-107.2583909229265,48.22278710756787],[-107.2583645502169,48.22279657197505],[-107.2583647919993,48.22280106850394],[-107.25853486173219,48.222869168762315],[-107.258553949424,48.22284644550754],[-107.2585842033881,48.222774393248315],[-107.25838776123604,48.222715757591125]]]}"
0000000000000000229a,5445,0,0,0,"{""type"":""Polygon"",""coordinates"":[[[-107.25839825350276,48.222648553753274],[-107.25840640989792,48.2226841126829],[-107.25838762134792,48.222711245341465],[-107.25838776123604,48.222715757591125],[-107.2585842033881,48.222774393248315],[-107.25859658488571,48.22275184527865],[-107.25858828180823,48.22271623076417],[-107.25859911088592,48.222657964382144],[-107.25839825350276,48.222648553753274]]]}"
0000000000000000227c,5446,0,0,0,"{""type"":""Polygon"",""coordinates"":[[[-107.25860838751213,48.222563979690904],[-107.25840762592716,48.2225590100331],[-107.25840893635123,48.22259023190016],[-107.25839602051725,48.22259941709041],[-107.25839825350276,48.222648553753274],[-107.25859911088592,48.222657964382144],[-107.25860464631555,48.222631079471725],[-107.25859711944268,48.222613324233635],[-107.25861644877693,48.222595097590734],[-107.25860838751213,48.222563979690904]]]}"
0000000000000000222c,5447,0,0,0,"{""type"":""Polygon"",""coordinates"":[[[-107.25840388528414,48.22247422642218],[-107.25841272245775,48.22252320345928],[-107.25840762592716,48.2225590100331],[-107.25860838751213,48.222563979690904],[-107.25860819027496,48.22255955447246],[-107.25863421910515,48.22254560926735],[-107.25865111780881,48.22247382089517],[-107.25840388528414,48.22247422642218]]]}"
0000000000000000222a,5448,0,0,0,"{""type"":""Polygon"",""coordinates"":[[[-107.25862839109462,48.22241174478581],[-107.25863315022735,48.22236700088434],[-107.25839363581069,48.22239404338733],[-107.2584005836408,48.222398364646764],[-107.25842806929165,48.22241569686679],[-107.25840344628197,48.22246530470978],[-107.25840388528414,48.22247422642218],[-107.25865111780881,48.22247382089517],[-107.258651022463,48.22246937995615],[-107.25862839109462,48.22241174478581]]]}"
00000000000000002213,5449,0,0,0,"{""type"":""Polygon"",""coordinates"":[[[-107.25860425195022,48.22231846275264],[-107.25856297243453,48.22229247241165],[-107.25854155652411,48.22226161815594],[-107.2583712467266,48.222340904715466],[-107.25839363581069,48.22239404338733],[-107.25863315022735,48.22236700088434],[-107.25863290840915,48.22236250439394],[-107.25860425195022,48.22231846275264]]]}"
00000000000000002219,5450,0,0,0,"{""type"":""Polygon"",""coordinates"":[[[-107.25851285569206,48.222217505277776],[-107.25849950097897,48.22221776874392],[-107.25847954214895,48.2222181917198],[-107.25845943685053,48.222218559130965],[-107.25843947802856,48.22221898209831],[-107.25841738148443,48.22217470971416],[-107.25829685109325,48.22232002583699],[-107.25833060364931,48.22232826114488],[-107.25837110683727,48.2223363924978],[-107.2583712467266,48.222340904715466],[-107.25854155652411,48.22226161815594],[-107.25851285569206,48.222217505277776]]]}"
00000000000000002214,5451,0,0,0,"{""type"":""Polygon"",""coordinates"":[[[-107.25837775643703,48.22218442172792],[-107.25835104707491,48.222184948618846],[-107.2582563493503,48.22216001195763],[-107.2581950654857,48.22228625558379],[-107.25822177487647,48.222285728734526],[-107.258263053989,48.2223117192291],[-107.25829685109325,48.22232002583699],[-107.25841738148443,48.22217470971416],[-107.25841728616393,48.22217026879939],[-107.25837775643703,48.22218442172792]]]}"
00000000000000002215,5452,0,0,0,"{""type"":""Polygon"",""coordinates"":[[[-107.25822944284627,48.222156113626674],[-107.25814873616174,48.222144260283336],[-107.25810833522415,48.22213611312952],[-107.25808273687512,48.22231531890673],[-107.258148492592,48.22229164625791],[-107.2581950654857,48.22228625558379],[-107.2582563493503,48.22216001195763],[-107.25822944284627,48.222156113626674]]]}"
00000000000000002233,5453,0,0,0,"{""type"":""Polygon"",""coordinates"":[[[-107.25810162925045,48.22213628834152],[-107.25808074811839,48.22211879662608],[-107.25802732966481,48.222119850227074],[-107.25796730717427,48.22212106327241],[-107.25797629375239,48.22232627650589],[-107.25807608819184,48.22231540710178],[-107.25808273687512,48.22231531890673],[-107.25810833522415,48.22213611312952],[-107.25810162925045,48.22213628834152]],[[-107.25804146021507,48.222137445874516],[-107.25800790516853,48.22213363567146],[-107.2580151898935,48.2221468943294],[-107.25804146021507,48.222137445874516]]]}"
0000000000000000222d,5454,0,0,0,"{""type"":""Polygon"",""coordinates"":[[[-107.25784100132006,48.222136884438235],[-107.25782133191588,48.22229805587491],[-107.25787532921247,48.222310436288396],[-107.25790203852974,48.222309909529685],[-107.25792952373364,48.22232724187475],[-107.25797629375239,48.22232627650589],[-107.25796730717427,48.22212106327241],[-107.25784100132006,48.222136884438235]]]}"
0000000000000000222f,5455,0,0,0,"{""type"":""Polygon"",""coordinates"":[[[-107.257834295365,48.22213705963109],[-107.25775965916478,48.222111683914115],[-107.2577395034136,48.22210768154495],[-107.25767170941558,48.222238525127125],[-107.25767855518255,48.22224286215755],[-107.25777951923583,48.22225870257403],[-107.25778087371259,48.22228999557454],[-107.25782133191588,48.22229805587491],[-107.25784100132006,48.222136884438235],[-107.257834295365,48.22213705963109]]]}"
00000000000000002232,5456,0,0,0,"{""type"":""Polygon"",""coordinates"":[[[-107.25769875918988,48.222095053470944],[-107.25767074026604,48.22206435856519],[-107.25753539762158,48.222178659579875],[-107.2575422433519,48.22218299661605],[-107.25756939128394,48.22219139162959],[-107.25762392223183,48.22221713476776],[-107.25767146771558,48.22223402864224],[-107.2577395034136,48.22210768154495],[-107.25769875918988,48.222095053470944]]]}"
0000000000000000221b,5457,0,0,0,"{""type"":""Polygon"",""coordinates"":[[[-107.25766365283127,48.2220555250783],[-107.25755482640028,48.22201299207209],[-107.2574324441097,48.22211817912575],[-107.25750086999992,48.22215256493329],[-107.25753539762158,48.222178659579875],[-107.25767074026604,48.22206435856519],[-107.25766365283127,48.2220555250783]]]}"
00000000000000002228,5458,0,0,0,"{""type"":""Polygon"",""coordinates"":[[[-107.2575276786022,48.222004597079355],[-107.2574876151186,48.2220053870414],[-107.25746765661717,48.222005809796904],[-107.25744007009813,48.22198849313719],[-107.25741302427308,48.22198008238709],[-107.25731089937781,48.22208925593584],[-107.25732459072296,48.22209793002832],[-107.25739136325545,48.22209661352518],[-107.2574324441097,48.22211817912575],[-107.25755482640028,48.22201299207209],[-107.2575276786022,48.222004597079355]]]}"
0000000000000000221a,5459,0,0,0,"{""type"":""Polygon"",""coordinates"":[[[-107.2574061786027,48.22197574535683],[-107.2573571776731,48.22192757432634],[-107.25732284754643,48.221905904899046],[-107.25722096436088,48.222019574665886],[-107.25722834390113,48.22203727427213],[-107.25725505283766,48.22203674770576],[-107.25726884603812,48.22204540607187],[-107.25726962160202,48.222063265107415],[-107.25728341481732,48.22207192347541],[-107.25729710614586,48.22208059756939],[-107.25731089937781,48.22208925593584],[-107.25741302427308,48.22198008238709],[-107.2574061786027,48.22197574535683]]]}"
00000000000000002225,5460,0,0,0,"{""type"":""Polygon"",""coordinates"":[[[-107.25722859101403,48.221889888919115],[-107.25720795226816,48.221876893533235],[-107.25717420078433,48.22186865787387],[-107.25710620868722,48.22199507531302],[-107.25713258075653,48.22198561141113],[-107.25720663729697,48.221997553744316],[-107.25722096436088,48.222019574665886],[-107.25732284754643,48.221905904899046],[-107.25722859101403,48.221889888919115]]]}"
00000000000000002220,5461,0,0,0,"{""type"":""Polygon"",""coordinates"":[[[-107.25716745035203,48.22186876172812],[-107.25711349891799,48.22185645227602],[-107.25701350946878,48.22186289536553],[-107.25700010413483,48.222014969094],[-107.25705318507079,48.22200497870955],[-107.25707989393423,48.22200445219407],[-107.25710620868722,48.22199507531302],[-107.25717420078433,48.22186865787387],[-107.25716745035203,48.22186876172812]]]}"
00000000000000002223,5462,0,0,0,"{""type"":""Polygon"",""coordinates"":[[[-107.25698015220276,48.22186350997244],[-107.25693887504562,48.22183751909713],[-107.25695601785701,48.221770228370495],[-107.25694286056692,48.221774916769],[-107.25690410675813,48.22180692792768],[-107.2568787518127,48.22183874715263],[-107.25688667166695,48.22186535262979],[-107.2568872054439,48.22187871515316],[-107.25684738396957,48.221884001295074],[-107.2569267280527,48.22201644471282],[-107.25693333202753,48.22201628531225],[-107.25698674970978,48.22201523234146],[-107.25700010413483,48.222014969094],[-107.25701350946878,48.22186289536553],[-107.25698015220276,48.22186350997244]]]}"
00000000000000002226,5463,0,0,0,"{""type"":""Polygon"",""coordinates"":[[[-107.25684738396957,48.221884001295074],[-107.25682101198647,48.22189346509827],[-107.25677487871711,48.22190777667442],[-107.25675618489132,48.22193934952715],[-107.2567301563506,48.221953294055965],[-107.25686126512306,48.22204898248028],[-107.25687428280432,48.222039781867004],[-107.2569267280527,48.22201644471282],[-107.25684738396957,48.221884001295074]]]}"
00000000000000002224,5464,0,0,0,"{""type"":""Polygon"",""coordinates"":[[[-107.2567301563506,48.221953294055965],[-107.25667804787825,48.221985568447224],[-107.25665915693999,48.22201271614772],[-107.25664657782407,48.22203083838382],[-107.25663399869674,48.22204896062478],[-107.25682892468845,48.22207195256079],[-107.25686126512306,48.22204898248028],[-107.2567301563506,48.221953294055965]]]}"
00000000000000002222,5465,0,0,0,"{""type"":""Polygon"",""coordinates"":[[[-107.25663399869674,48.22204896062478],[-107.25660874530458,48.22208076420671],[-107.25659689680633,48.22211667423873],[-107.25661146501913,48.2221431917943],[-107.25682571424096,48.222152414317534],[-107.25682241584005,48.22207655286737],[-107.25682892468845,48.22207195256079],[-107.25663399869674,48.22204896062478]]]}"
0000000000000000221f,5466,0,0,0,"{""type"":""Polygon"",""coordinates"":[[[-107.25682571424096,48.222152414317534],[-107.25661146501913,48.2221431917943],[-107.25662583625382,48.2221652841649],[-107.2566132124954,48.222183335161304],[-107.25660849565485,48.222228150154514],[-107.25678982643119,48.22224690893022],[-107.25679633531327,48.22224230861016],[-107.25682867591541,48.22221933846237],[-107.25683363409632,48.222179019956876],[-107.25682571424096,48.222152414317534]]]}"
0000000000000000221c,5467,0,0,0,"{""type"":""Polygon"",""coordinates"":[[[-107.25660849565485,48.222228150154514],[-107.25659635499953,48.22225519415526],[-107.25656377274157,48.22227366774822],[-107.25655746083194,48.22228269326104],[-107.25670770269835,48.222355731108976],[-107.25671377301548,48.222342209074576],[-107.25676520181949,48.22229651623536],[-107.25678409286827,48.2222693683655],[-107.25678982643119,48.22224690893022],[-107.25660849565485,48.222228150154514]]]}"
00000000000000002236,5468,0,0,0,"{""type"":""Polygon"",""coordinates"":[[[-107.25655746083194,48.22228269326104],[-107.25653152711241,48.22230107876646],[-107.25651146675897,48.22230151705052],[-107.25649908446236,48.22232406457955],[-107.25649267744494,48.222328649161355],[-107.25659872979098,48.222460567615],[-107.25666506388444,48.222450329875485],[-107.25669002541275,48.22240965989207],[-107.25668944714792,48.22239622594162],[-107.2566690500269,48.222387726817416],[-107.2566882332945,48.22236944506678],[-107.25670119379042,48.222360331433535],[-107.25670770269835,48.222355731108976],[-107.25655746083194,48.22228269326104]]]}"
00000000000000002227,5469,0,0,0,"{""type"":""Polygon"",""coordinates"":[[[-107.25649267744494,48.222328649161355],[-107.25644056834447,48.22236092366878],[-107.25638695350564,48.22235755113449],[-107.25643881219257,48.22247266330652],[-107.2564918936132,48.22246267313357],[-107.25652578487566,48.22247542135993],[-107.25659872979098,48.222460567615],[-107.25649267744494,48.222328649161355]]]}"
00000000000000002229,5470,0,0,0,"{""type"":""Polygon"",""coordinates"":[[[-107.25638695350564,48.22235755113449],[-107.25638030493677,48.22235763920931],[-107.25634081969808,48.22237186264138],[-107.25630726525445,48.22236805181188],[-107.25628740186923,48.222372915263676],[-107.25626720189857,48.222368841266935],[-107.25628579764006,48.22248900886972],[-107.2563191552215,48.22248839448875],[-107.25642565465533,48.222477351702715],[-107.25643881219257,48.22247266330652],[-107.25638695350564,48.22235755113449]]]}"
0000000000000000225e,5471,0,0,0,"{""type"":""Polygon"",""coordinates"":[[[-107.25626720189857,48.222368841266935],[-107.2562271385589,48.22236963070487],[-107.25615381285276,48.22237547539636],[-107.25613361292552,48.22237140137022],[-107.25615205583865,48.22248721508148],[-107.25619211927336,48.222486425670695],[-107.25628579764006,48.22248900886972],[-107.25626720189857,48.222368841266935]]]}"
0000000000000000225f,5472,0,0,0,"{""type"":""Polygon"",""coordinates"":[[[-107.25613361292552,48.22237140137022],[-107.25612690704791,48.22237157644265],[-107.25608737723812,48.22238572848432],[-107.25607392777346,48.22238155066473],[-107.25606066838216,48.222386254727326],[-107.25604678049858,48.22237315518154],[-107.25600647575516,48.22236944801948],[-107.25600491522466,48.222485612925475],[-107.25604478166822,48.22248039835279],[-107.25607877451883,48.222493131023434],[-107.25615205583865,48.22248721508148],[-107.25613361292552,48.22237140137022]]]}"
0000000000000000227e,5473,0,0,0,"{""type"":""Polygon"",""coordinates"":[[[-107.25598627588056,48.222365373961466],[-107.25595305811994,48.222370500450815],[-107.25589279506826,48.22236721567578],[-107.25587944067371,48.22236747877022],[-107.25586530017851,48.22250176598652],[-107.25598495677849,48.22248603537526],[-107.25600491522466,48.222485612925475],[-107.25600647575516,48.22236944801948],[-107.25598627588056,48.222365373961466]]]}"
0000000000000000227f,5474,0,0,0,"{""type"":""Polygon"",""coordinates"":[[[-107.25583286854625,48.22237286831012],[-107.25581223035965,48.22235987249136],[-107.25574569993634,48.22236568439316],[-107.25573758504555,48.222486378288956],[-107.25574443048141,48.222490715485996],[-107.2558254337665,48.22250698048599],[-107.25586530017851,48.22250176598652],[-107.25587944067371,48.22236747877022],[-107.25583286854625,48.22237286831012]]]}"
00000000000000002280,5475,0,0,0,"{""type"":""Polygon"",""coordinates"":[[[-107.25561235316171,48.222372740259644],[-107.25559642083097,48.2224668125231],[-107.25561686207307,48.222475383189554],[-107.25573758504555,48.222486378288956],[-107.25574569993634,48.22236568439316],[-107.25561235316171,48.222372740259644]]]}"
00000000000000002282,5476,0,0,0,"{""type"":""Polygon"",""coordinates"":[[[-107.25557792244302,48.22235108571809],[-107.25549051275205,48.222339405057646],[-107.25545559337174,48.222456184013616],[-107.25557636058642,48.22246725061042],[-107.25559642083097,48.2224668125231],[-107.25561235316171,48.222372740259644],[-107.25557792244302,48.22235108571809]]]}"
0000000000000000225b,5477,0,0,0,"{""type"":""Polygon"",""coordinates"":[[[-107.25546380409921,48.22233993112904],[-107.25537052071685,48.22234619753581],[-107.25535672814706,48.22233753883177],[-107.25532107837009,48.22243652982691],[-107.25536191601459,48.22245359998069],[-107.25545559337174,48.222456184013616],[-107.25549051275205,48.222339405057646],[-107.25546380409921,48.22233993112904]]]}"
0000000000000000225c,5478,0,0,0,"{""type"":""GeometryCollection"",""geometries"":[{""type"":""LineString"",""coordinates"":[[-107.25532084149602,48.22243205401051],[-107.25532103762407,48.22243651644041]]},{""type"":""Polygon"",""coordinates"":[[[-107.25532948633654,48.22232470220214],[-107.25524892233788,48.22231735853302],[-107.25522872274514,48.22231328431252],[-107.25518025153697,48.222425900903836],[-107.25532083696218,48.222432033311854],[-107.25535672814706,48.22233753883177],[-107.25532948633654,48.22232470220214]]]}]}"
00000000000000002253,5479,0,0,0,"{""type"":""Polygon"",""coordinates"":[[[-107.2551480193886,48.2223014283276],[-107.25512053635495,48.22228409513985],[-107.25505098898557,48.22237479388777],[-107.25507176622092,48.22239230212195],[-107.2551668972226,48.22242616389743],[-107.25518025153697,48.222425900903836],[-107.25522872274514,48.22231328431252],[-107.2551480193886,48.2223014283276]]]}"
00000000000000002283,5480,0,0,0,"{""type"":""Polygon"",""coordinates"":[[[-107.25499850053771,48.22224633412369],[-107.25492905493952,48.22233701699727],[-107.25498300501404,48.222349327823025],[-107.25501015170882,48.22235772361787],[-107.2550371965296,48.222366135130265],[-107.25505098898557,48.22237479388777],[-107.25512053635495,48.22228409513985],[-107.25512033953905,48.222279669927005],[-107.25499850053771,48.22224633412369]]]}"
00000000000000002252,5481,0,0,0,"{""type"":""Polygon"",""coordinates"":[[[-107.25495790480834,48.22223376036813],[-107.25492333537731,48.22220759340731],[-107.25490293916218,48.22219909391532],[-107.25489585258246,48.22219026017997],[-107.25481328705712,48.222290158993836],[-107.25488802102674,48.22231552146682],[-107.25490190830234,48.22232862118134],[-107.25492905493952,48.22233701699727],[-107.25499850053771,48.22224633412369],[-107.25495790480834,48.22223376036813]]]}"
00000000000000002254,5482,0,0,0,"{""type"":""Polygon"",""coordinates"":[[[-107.25488914682458,48.22219043516233],[-107.25483495571385,48.222173627817114],[-107.25482116341142,48.222164969057644],[-107.25480116082132,48.22216531995774],[-107.25476741052358,48.22215708337743],[-107.25467863451765,48.222265991692446],[-107.25474540547192,48.22226467706501],[-107.25481328705712,48.222290158993836],[-107.25489585258246,48.22219026017997],[-107.25488914682458,48.22219043516233]]]}"
00000000000000002251,5483,0,0,0,"{""type"":""Polygon"",""coordinates"":[[[-107.25474696983918,48.2221485125676],[-107.25468651130045,48.222140801813644],[-107.25465936493052,48.22213240595352],[-107.25463221858092,48.222124010086546],[-107.25457083009759,48.222245810624486],[-107.25461098745762,48.22224946283721],[-107.25466541976618,48.222270766840836],[-107.25467863451765,48.222265991692446],[-107.25476741052358,48.22215708337743],[-107.25474696983918,48.2221485125676]]]}"
00000000000000002259,5484,0,0,0,"{""type"":""Polygon"",""coordinates"":[[[-107.25460517414493,48.22211559848885],[-107.25455098344041,48.222098790996874],[-107.25451024176218,48.22208616150758],[-107.25442932604753,48.22222176236891],[-107.25444311821794,48.222230421197324],[-107.25454388046084,48.22224183992759],[-107.25457083009759,48.222245810624486],[-107.25463221858092,48.222124010086546],[-107.25460517414493,48.22211559848885]]]}"
00000000000000002284,5485,0,0,0,"{""type"":""Polygon"",""coordinates"":[[[-107.25449669092386,48.22208199920135],[-107.25448300067734,48.22207332468044],[-107.2544425003816,48.22206519165471],[-107.25442186316207,48.222052195588255],[-107.25440841425201,48.22204801754769],[-107.25429953347167,48.222157291832666],[-107.25435416200607,48.22218302119663],[-107.25436785224058,48.222191695754205],[-107.25442248091218,48.222217425092566],[-107.25442932604753,48.22222176236891],[-107.25451024176218,48.22208616150758],[-107.25449669092386,48.22208199920135]],[[-107.25446998273908,48.22208252498189],[-107.25444978353272,48.22207845060584],[-107.25445682538614,48.22208721306907],[-107.25446998273908,48.22208252498189]]]}"
00000000000000002255,5486,0,0,0,"{""type"":""Polygon"",""coordinates"":[[[-107.25433411954035,48.22203157647957],[-107.25428657759764,48.222014680927636],[-107.25417012216514,48.22210182989279],[-107.25421775891492,48.22212316645785],[-107.2542585003998,48.222135796084956],[-107.25429953347167,48.222157291832666],[-107.25440841425201,48.22204801754769],[-107.25433411954035,48.22203157647957]]]}"
00000000000000002256,5487,0,0,0,"{""type"":""Polygon"",""coordinates"":[[[-107.25424574140001,48.22199761042155],[-107.25419009793592,48.22194952552798],[-107.25408072891612,48.22204550804334],[-107.25410136593413,48.222058504186585],[-107.25413579497005,48.222080159180386],[-107.25417012216514,48.22210182989279],[-107.25428657759764,48.222014680927636],[-107.25424574140001,48.22199761042155]]]}"
00000000000000002258,5488,0,0,0,"{""type"":""Polygon"",""coordinates"":[[[-107.25416946092302,48.22193652943047],[-107.25410215821202,48.221924481044276],[-107.25410162545462,48.221911118468014],[-107.2540878335274,48.22190245963668],[-107.25408074725543,48.22189362588292],[-107.25397177162316,48.22199845856068],[-107.25397861663367,48.222002795854365],[-107.25406703884298,48.22203683346472],[-107.25408072891612,48.22204550804334],[-107.25419009793592,48.22194952552798],[-107.25416946092302,48.22193652943047]]]}"
00000000000000002287,5489,0,0,0,"{""type"":""GeometryCollection"",""geometries"":[{""type"":""LineString"",""coordinates"":[[-107.2539715573103,48.22184218024181],[-107.25397136130361,48.221837717807304]]},{""type"":""Polygon"",""coordinates"":[[[-107.2540535065842,48.22188078897019],[-107.25397159370866,48.22184215134259],[-107.25386882848382,48.22193797422916],[-107.25393714614236,48.221972378342564],[-107.25397177162316,48.22199845856068],[-107.25408074725543,48.22189362588292],[-107.2540535065842,48.22188078897019]]]}]}"
00000000000000002247,5490,0,0,0,"{""type"":""Polygon"",""coordinates"":[[[-107.25396431080483,48.221828892408176],[-107.25392337320595,48.22181183753561],[-107.25387613049949,48.221799351289],[-107.25386233869843,48.22179069244039],[-107.25377866250079,48.22186379319967],[-107.25378574867202,48.22187262697327],[-107.25382095112151,48.221912141070966],[-107.25386882848382,48.22193797422916],[-107.25397139702909,48.22183772616092],[-107.25396431080483,48.221828892408176]]]}"
00000000000000002246,5491,0,0,0,"{""type"":""Polygon"",""coordinates"":[[[-107.25380775591852,48.221765034247724],[-107.253793386943,48.22174294156537],[-107.25375963762309,48.221734704671874],[-107.25366304542773,48.221816989686126],[-107.25371699358156,48.22182930115075],[-107.25375826698925,48.221855293501974],[-107.25377866250079,48.22186379319967],[-107.25386233869843,48.22179069244039],[-107.25380775591852,48.221765034247724]]]}"
00000000000000002288,5492,0,0,0,"{""type"":""Polygon"",""coordinates"":[[[-107.2537391976239,48.22172613369862],[-107.25371171607856,48.22170880025853],[-107.25365689240266,48.22167864555185],[-107.25356005905515,48.221756433907004],[-107.25357365409542,48.221760667619456],[-107.25359429067102,48.22177366381287],[-107.25360798047073,48.221782338422635],[-107.25362861707751,48.22179533461322],[-107.25366304542773,48.221816989686126],[-107.25375963762309,48.221734704671874],[-107.2537391976239,48.22172613369862]]]}"
0000000000000000224d,5493,0,0,0,"{""type"":""Polygon"",""coordinates"":[[[-107.25356089772664,48.22162248277873],[-107.25345678178178,48.221687012009355],[-107.25348426311477,48.22170434552064],[-107.25351869124637,48.22172600061358],[-107.25354617265427,48.22174333411803],[-107.25356005905515,48.221756433907004],[-107.25365689240266,48.22167864555185],[-107.25356089772664,48.22162248277873]]]}"
00000000000000002245,5494,0,0,0,"{""type"":""Polygon"",""coordinates"":[[[-107.25353361301902,48.2216095744807],[-107.25349744088577,48.22154777638113],[-107.25337336770424,48.221612727321144],[-107.25337390020205,48.22162608983261],[-107.25339390219563,48.22162573924851],[-107.25342930048203,48.22166967849506],[-107.25344993692653,48.22168267470045],[-107.25345678178178,48.221687012009355],[-107.25356089772664,48.22162248277873],[-107.25353361301902,48.2216095744807]]]}"
00000000000000002244,5495,0,0,0,"{""type"":""Polygon"",""coordinates"":[[[-107.2534427196302,48.22151760590814],[-107.25340100915109,48.22148269196888],[-107.25327703087031,48.22155208358255],[-107.2532976671653,48.22156507979557],[-107.25337215625422,48.22158594674032],[-107.25337336770424,48.221612727321144],[-107.25349744088577,48.22154777638113],[-107.25349719969829,48.221543279931495],[-107.2534427196302,48.22151760590814]]]}"
0000000000000000224b,5496,0,0,0,"{""type"":""Polygon"",""coordinates"":[[[-107.2533664420631,48.2214565247599],[-107.25331890178397,48.22143962887044],[-107.2532981262687,48.22142212052885],[-107.25329792966795,48.22141769537896],[-107.25316137144499,48.22150520839458],[-107.25318181106246,48.22151377946469],[-107.2532425084208,48.221525987583014],[-107.25327703087031,48.22155208358255],[-107.25340100915109,48.22148269196888],[-107.2533664420631,48.2214565247599]]]}"
00000000000000002249,5497,0,0,0,"{""type"":""Polygon"",""coordinates"":[[[-107.25327753461049,48.221409195639374],[-107.25322169721328,48.22135668550731],[-107.25320800770956,48.221348010904805],[-107.2530716908205,48.22144002011505],[-107.25308524105647,48.221444182587106],[-107.25307930909088,48.22146221635182],[-107.253099900662,48.22147514129898],[-107.25316137144499,48.22150520839458],[-107.25329792966795,48.22141769537896],[-107.25327753461049,48.221409195639374]]]}"
0000000000000000224e,5498,0,0,0,"{""type"":""Polygon"",""coordinates"":[[[-107.25316008731643,48.22132210637644],[-107.2531254633014,48.2212960261621],[-107.25313153446669,48.221282504603664],[-107.25295535345194,48.22137972673019],[-107.2530026967335,48.22139219764216],[-107.25299720243481,48.22141915297697],[-107.25301726156417,48.221418715465376],[-107.25303726336949,48.22141836496172],[-107.2530716908205,48.22144002011505],[-107.25320800770956,48.221348010904805],[-107.25316008731643,48.22132210637644]]]}"
0000000000000000224c,5499,0,0,0,"{""type"":""GeometryCollection"",""geometries"":[{""type"":""LineString"",""coordinates"":[[-107.25301531481087,48.22122225410746],[-107.25301511889155,48.22121779166954]]},{""type"":""Polygon"",""coordinates"":[[[-107.25310405369855,48.22126517111541],[-107.25308972997958,48.22124314980904],[-107.25304282451168,48.221239600533835],[-107.25303554211104,48.22122634166732],[-107.25301534384187,48.221222267031756],[-107.25288120834819,48.22136334023426],[-107.25295535345194,48.22137972673019],[-107.25313153446669,48.221282504603664],[-107.25313119863128,48.221273567313936],[-107.25310405369855,48.22126517111541]]]}]}"
0000000000000000224a,5500,0,0,0,"{""type"":""Polygon"",""coordinates"":[[[-107.25300806145603,48.22120900816713],[-107.25293280014249,48.22117028222911],[-107.25288565374909,48.22116223645671],[-107.25280614351915,48.221329039229836],[-107.25283362410096,48.22134637282901],[-107.25286761363286,48.221359106447366],[-107.25288120834819,48.22136334023426],[-107.2530151027121,48.22121777060712],[-107.25300806145603,48.22120900816713]]]}"
000000000000000023ca,5501,0,0,0,"{""type"":""Polygon"",""coordinates"":[[[-107.25286545556432,48.221158161792424],[-107.25282495733231,48.221150028172964],[-107.25282466613113,48.221141162192744],[-107.25265455692092,48.22122486196661],[-107.252723841177,48.221281550567014],[-107.25272427880239,48.221290472140524],[-107.25278555219366,48.22131611424916],[-107.25280614351915,48.221329039229836],[-107.25288565374909,48.22116223645671],[-107.25286545556432,48.221158161792424]]]}"
000000000000000022c0,5502,0,0,0,"{""type"":""Polygon"",""coordinates"":[[[-107.25258285114174,48.22111461262447],[-107.25258415665844,48.22114583384241],[-107.25260600324415,48.22118561050801],[-107.25265455692092,48.22122486196661],[-107.25282466613113,48.221141162192744],[-107.25282268164983,48.221096523028734],[-107.25280204587408,48.221083526815654],[-107.25258285114174,48.22111461262447]],[[-107.25280204587408,48.221083526815654],[-107.25278888892275,48.22108821457554],[-107.25280257817494,48.22109688920155],[-107.25280204587408,48.221083526815654]]]}"
00000000000000002243,5503,0,0,0,"{""type"":""Polygon"",""coordinates"":[[[-107.25278019907937,48.221043750276756],[-107.25274645098574,48.221035513105015],[-107.25273174730758,48.221004483294294],[-107.25253231358131,48.22103072208185],[-107.25253332792694,48.22105307728385],[-107.25258231892165,48.22110125023083],[-107.25258285114174,48.22111461262447],[-107.25280204587408,48.221083526815654],[-107.25282089371323,48.22105630902406],[-107.25278019907937,48.221043750276756]]]}"
0000000000000000223c,5504,0,0,0,"{""type"":""Polygon"",""coordinates"":[[[-107.25271718285929,48.220977965625835],[-107.25272175190243,48.220928797955565],[-107.25272117506644,48.220915364321264],[-107.25272054090269,48.22090201770153],[-107.25252902397126,48.22095486187085],[-107.25253630610658,48.22096812071443],[-107.25253231358131,48.22103072208185],[-107.25273174730758,48.221004483294294],[-107.25271718285929,48.220977965625835]]]}"
0000000000000000249a,5505,0,0,0,"{""type"":""Polygon"",""coordinates"":[[[-107.25271093859494,48.22083518271453],[-107.25251097362195,48.220848059020135],[-107.25252096856923,48.22092374427684],[-107.25252902397126,48.22095486187085],[-107.25272054090269,48.22090201770153],[-107.25272559763894,48.220866141141194],[-107.25271093859494,48.22083518271453]]]}"
00000000000000002209,5506,0,0,0,"{""type"":""Polygon"",""coordinates"":[[[-107.25269366107041,48.22074623883683],[-107.25250040194258,48.22075894027221],[-107.25251097362195,48.220848059020135],[-107.25271093859494,48.22083518271453],[-107.25270409403062,48.22083084541497],[-107.25271700979044,48.220821661299404],[-107.25269366107041,48.22074623883683]]]}"
0000000000000000223b,5507,0,0,0,"{""type"":""Polygon"",""coordinates"":[[[-107.2524895892252,48.220665325292046],[-107.2524768126789,48.22067902145141],[-107.2524998251844,48.22074550667775],[-107.25250040194258,48.22075894027221],[-107.25269366107041,48.22074623883683],[-107.25269341997762,48.22074174245093],[-107.25269741215746,48.22067914142773],[-107.25269697453079,48.22067021995729],[-107.25270999211929,48.22066102015079],[-107.25270979558461,48.22065659506172],[-107.2524895892252,48.220665325292046]]]}"
0000000000000000223e,5508,0,0,0,"{""type"":""Polygon"",""coordinates"":[[[-107.25270573218744,48.22056287677697],[-107.2524659054083,48.22058096580348],[-107.252494158477,48.22061615791805],[-107.25249609802974,48.22066072540304],[-107.2524895892252,48.220665325292046],[-107.25270979558461,48.22065659506172],[-107.2527090222124,48.22063873640895],[-107.2527135466175,48.220589497767136],[-107.25270573218744,48.22056287677697]]]}"
0000000000000000220d,5509,0,0,0,"{""type"":""Polygon"",""coordinates"":[[[-107.25269092680901,48.22053186295387],[-107.25269048918202,48.220522941508264],[-107.25269015344247,48.220514004342945],[-107.25269501358088,48.220473702975305],[-107.25246193724477,48.220491688423955],[-107.25247630480692,48.22051378081854],[-107.25245167700864,48.22056338547226],[-107.2524659054083,48.22058096580348],[-107.25270573218744,48.22056287677697],[-107.25269092680901,48.22053186295387]]]}"
0000000000000000220a,5510,0,0,0,"{""type"":""Polygon"",""coordinates"":[[[-107.25265773500604,48.22038511010562],[-107.25241795404857,48.22040327020872],[-107.2524332467344,48.22044757494398],[-107.25246193724477,48.220491688423955],[-107.25269501358088,48.220473702975305],[-107.25269404367648,48.2204514193122],[-107.25265773500604,48.22038511010562]]]}"
0000000000000000220e,5511,0,0,0,"{""type"":""Polygon"",""coordinates"":[[[-107.25264341190893,48.22036308908346],[-107.25264263856086,48.220345230528686],[-107.252626527717,48.22028299609597],[-107.25242758020198,48.2203182269048],[-107.25242874645112,48.22034493558247],[-107.25241043099528,48.22038551513708],[-107.25241795404857,48.22040327020872],[-107.25265773500604,48.22038511010562],[-107.25264341190893,48.22036308908346]]]}"
00000000000000002241,5512,0,0,0,"{""type"":""Polygon"",""coordinates"":[[[-107.25259904803119,48.220265662763424],[-107.25258452849468,48.22023921672545],[-107.25256996441942,48.220212699409025],[-107.25256938762381,48.220199265954726],[-107.25239710233505,48.22023390015754],[-107.25242656589582,48.220295872011384],[-107.25242758020198,48.2203182269048],[-107.252626527717,48.22028299609597],[-107.2526263311898,48.22027857103817],[-107.25259904803119,48.220265662763424]]]}"
00000000000000002211,5513,0,0,0,"{""type"":""Polygon"",""coordinates"":[[[-107.25252637420724,48.22013313180217],[-107.2525189975803,48.22011543239822],[-107.25235331606224,48.2201499073809],[-107.25235355711646,48.22015440371828],[-107.252367683431,48.22017199965382],[-107.25238180976032,48.220189595592764],[-107.25238268487158,48.22020743837942],[-107.25239710233505,48.22023390015754],[-107.25256938762381,48.220199265954726],[-107.25256841778639,48.220176982404325],[-107.25252637420724,48.22013313180217]]]}"
00000000000000002242,5514,0,0,0,"{""type"":""Polygon"",""coordinates"":[[[-107.25248278418555,48.220053564290446],[-107.2524823466034,48.22004464292346],[-107.25246185801716,48.22003170244493],[-107.25230952998938,48.22006591471265],[-107.25230977103867,48.22007041104313],[-107.25231117826137,48.22010161593211],[-107.25235331606224,48.2201499073809],[-107.2525189975803,48.22011543239822],[-107.25248278418555,48.220053564290446]]]}"
00000000000000002240,5515,0,0,0,"{""type"":""Polygon"",""coordinates"":[[[-107.25245491175347,48.220027380909556],[-107.25245413848803,48.22000952246458],[-107.25245356173068,48.21999608906024],[-107.25243822458843,48.21995171341527],[-107.25243778701591,48.21994279206503],[-107.25227900253634,48.219977218852705],[-107.25229346439569,48.220003751824116],[-107.25230842114252,48.22003911916308],[-107.25230899784552,48.22005255258061],[-107.25230952998938,48.22006591471265],[-107.25246185801716,48.22003170244493],[-107.25245491175347,48.220027380909556]]]}"
00000000000000002208,5516,0,0,0,"{""type"":""Polygon"",""coordinates"":[[[-107.25242094796324,48.21986277095194],[-107.2524141036225,48.21985843370581],[-107.2522483287736,48.21988846756026],[-107.25226386212364,48.21993726822017],[-107.25227832395711,48.21996380117447],[-107.25227900253634,48.219977218852705],[-107.25243778701591,48.21994279206503],[-107.25242094796324,48.21986277095194]]]}"
00000000000000002212,5517,0,0,0,"{""type"":""Polygon"",""coordinates"":[[[-107.2524099389801,48.21976473252778],[-107.25216468087616,48.21980968785695],[-107.25217938361696,48.21984071707703],[-107.2522477966481,48.21987510547227],[-107.2522483287736,48.21988846756026],[-107.2524141036225,48.21985843370581],[-107.25238521709497,48.21980989570792],[-107.25240450197593,48.21979159999063],[-107.25243077034983,48.219782153540876],[-107.25243684141682,48.21976863241603],[-107.2524099389801,48.21976473252778]]]}"
000000000000000021f3,5518,0,0,0,"{""type"":""Polygon"",""coordinates"":[[[-107.25218494781834,48.21966195795546],[-107.25217236806265,48.219680078815955],[-107.25217367330177,48.21971129919941],[-107.252161727505,48.21974276640795],[-107.25216307729023,48.21977405811745],[-107.25216448440173,48.21980526283648],[-107.25216468087616,48.21980968785695],[-107.2524099389801,48.21976473252778],[-107.25218494781834,48.21966195795546]]]}"
00000000000000002207,5519,0,0,0,"{""type"":""Polygon"",""coordinates"":[[[-107.2523011560355,48.21957031928727],[-107.25222244597573,48.21960309911156],[-107.25218494781834,48.21966195795546],[-107.2524099389801,48.21976473252778],[-107.25243684141682,48.21976863241603],[-107.25244238027962,48.21974174924303],[-107.25246180429096,48.21972796556034],[-107.2523011560355,48.21957031928727]]]}"
00000000000000002202,5520,0,0,0,"{""type"":""Polygon"",""coordinates"":[[[-107.25249407286816,48.21954868170184],[-107.252473875674,48.21954460705442],[-107.25238093765219,48.219559806985245],[-107.2523208210261,48.21956103196676],[-107.2523011560355,48.21957031928727],[-107.25246180429096,48.21972796556034],[-107.25250696438732,48.21969137338444],[-107.25251366952551,48.21969119859241],[-107.25249407286816,48.21954868170184]]]}"
00000000000000002206,5521,0,0,0,"{""type"":""Polygon"",""coordinates"":[[[-107.25259506621433,48.219564598436904],[-107.25257419028162,48.219547106243155],[-107.25249407286816,48.21954868170184],[-107.25251366952551,48.21969119859241],[-107.25258023777712,48.219685460682605],[-107.25261398457533,48.21969369773528],[-107.25264881364073,48.21957248508486],[-107.25259506621433,48.219564598436904]]]}"
0000000000000000220c,5522,0,0,0,"{""type"":""Polygon"",""coordinates"":[[[-107.2527430575958,48.219588505176716],[-107.25272936888635,48.21957983077594],[-107.25264881364073,48.21957248508486],[-107.25261398457533,48.21969369773528],[-107.25270846988161,48.219714214189594],[-107.25273517585912,48.219713688978466],[-107.2527835541054,48.21959663863419],[-107.2527430575958,48.219588505176716]]]}"
00000000000000002200,5523,0,0,0,"{""type"":""Polygon"",""coordinates"":[[[-107.25286430611162,48.21960840921052],[-107.2527835541054,48.21959663863419],[-107.25273517585912,48.219713688978466],[-107.25279509644596,48.219708038711936],[-107.25281573150293,48.21972103460663],[-107.25282952217981,48.2197296932951],[-107.25286977777766,48.21973333043355],[-107.25291805381939,48.21961629570719],[-107.25286430611162,48.21960840921052]]]}"
0000000000000000220b,5524,0,0,0,"{""type"":""Polygon"",""coordinates"":[[[-107.25303215986794,48.219627453058564],[-107.25296505906114,48.21961982926674],[-107.25291805381939,48.21961629570719],[-107.25286977777766,48.21973333043355],[-107.25295023172602,48.219740691667894],[-107.25298446106407,48.21975792119201],[-107.25305963944733,48.21964478606062],[-107.25303215986794,48.219627453058564]]]}"
00000000000000002210,5525,0,0,0,"{""type"":""Polygon"",""coordinates"":[[[-107.25315432194434,48.219669727046],[-107.25308027462503,48.219657781879846],[-107.25305963944733,48.21964478606062],[-107.25298446106407,48.21975792119201],[-107.2530254903289,48.21977941661388],[-107.2530462648131,48.21979692449663],[-107.25308011387494,48.21980514567194],[-107.25309346694839,48.21980488301303],[-107.2531883102328,48.219682460178575],[-107.25315432194434,48.219669727046]]]}"
000000000000000021fb,5526,0,0,0,"{""type"":""Polygon"",""coordinates"":[[[-107.25328950162977,48.219702801193],[-107.25320850774006,48.21968653467841],[-107.2531883102328,48.219682460178575],[-107.25309346694839,48.21980488301303],[-107.2531338620386,48.219813032065595],[-107.25316731797518,48.21981240317862],[-107.25322801259615,48.21982461098266],[-107.2533167402844,48.21971563784481],[-107.25328950162977,48.219702801193]]]}"
0000000000000000220f,5527,0,0,0,"{""type"":""Polygon"",""coordinates"":[[[-107.25342501768843,48.21974481218555],[-107.25335781441102,48.219737204387805],[-107.2533167402844,48.21971563784481],[-107.25322801259615,48.21982461098266],[-107.2532751130149,48.21983258513117],[-107.25329574841527,48.21984558094462],[-107.25332279055898,48.21985399260806],[-107.25332424322048,48.21988526862032],[-107.253330846565,48.21988510948988],[-107.25343870672364,48.21975348650597],[-107.25342501768843,48.21974481218555]]]}"
000000000000000021f5,5528,0,0,0,"{""type"":""Polygon"",""coordinates"":[[[-107.25353416394621,48.21979628549008],[-107.2535066838948,48.21977895258611],[-107.25347953982082,48.21977055670931],[-107.25343870672364,48.21975348650597],[-107.253330846565,48.21988510948988],[-107.25340533242812,48.219905975827686],[-107.25343261586147,48.219918883778554],[-107.25345908099992,48.219913862044],[-107.25355436163011,48.21980035992146],[-107.25353416394621,48.21979628549008]]]}"
000000000000000021f4,5529,0,0,0,"{""type"":""Polygon"",""coordinates"":[[[-107.25366910377393,48.21982486284475],[-107.25357466120906,48.21980441862677],[-107.25355436163011,48.21980035992146],[-107.25345908099992,48.219913862044],[-107.25347311318701,48.21992701697535],[-107.25351293151307,48.21992173250814],[-107.25352021391504,48.21993499101124],[-107.25353356709783,48.21993472828771],[-107.25353390305256,48.219943665346705],[-107.25356789185638,48.21995639839783],[-107.25357483832357,48.21996071984173],[-107.25368269815887,48.2198290964037],[-107.25366910377393,48.21982486284475]]]}"
000000000000000021f8,5530,0,0,0,"{""type"":""Polygon"",""coordinates"":[[[-107.25378500071501,48.21987623233131],[-107.2537510118248,48.219863499378526],[-107.25371658508311,48.21984184509647],[-107.25368269815887,48.2198290964037],[-107.25357483832357,48.21996071984173],[-107.25360892193389,48.21997789363052],[-107.25368321170806,48.219994334746275],[-107.25381248104911,48.21989356518035],[-107.25378500071501,48.21987623233131]]]}"
000000000000000021f6,5531,0,0,0,"{""type"":""Polygon"",""coordinates"":[[[-107.25386035594336,48.21991939741909],[-107.25381932566619,48.21989790232269],[-107.25381248104911,48.21989356518035],[-107.25368321170806,48.219994334746275],[-107.25372380405796,48.22000690859383],[-107.2537511896565,48.220019800749625],[-107.25374589282491,48.22005118043983],[-107.25393658728395,48.21998040515347],[-107.25386035594336,48.21991939741909]]]}"
000000000000000021f7,5532,0,0,0,"{""type"":""Polygon"",""coordinates"":[[[-107.25397115372701,48.22000657144303],[-107.25393658728395,48.21998040515347],[-107.25374589282491,48.22005118043983],[-107.2537462288297,48.22006011751651],[-107.25376132656159,48.22009999667224],[-107.25378273629556,48.22013085088908],[-107.25396109315164,48.22008269295353],[-107.25395400722257,48.220073859485765],[-107.25399960501171,48.220046187724726],[-107.25397115372701,48.22000657144303]]]}"
0000000000000000223d,5533,1,0,0,"{""type"":""Polygon"",""coordinates"":[[[-107.25398367048705,48.22014025563683],[-107.25398294103978,48.22012246847301],[-107.25396109315164,48.22008269295353],[-107.25378273629556,48.22013085088908],[-107.25379021551842,48.22014853446089],[-107.25377831525935,48.2201800733943],[-107.25373402378997,48.220238965766775],[-107.2539984770363,48.2201712690012],[-107.25398367048705,48.22014025563683]]]}"
0000000000000000223f,5534,0,0,0,"{""type"":""Polygon"",""coordinates"":[[[-107.25404028182119,48.2202106225948],[-107.25401269920395,48.22019330543955],[-107.2539984770363,48.2201712690012],[-107.25373402378997,48.220238965766775],[-107.2537276170154,48.220243549977155],[-107.25374936278584,48.22028334139887],[-107.25383817397498,48.22032622833424],[-107.2538452599093,48.220335061852566],[-107.2540544092198,48.22022821827342],[-107.25404028182119,48.2202106225948]]]}"
00000000000000002248,5535,0,0,0,"{""type"":""Polygon"",""coordinates"":[[[-107.2540544092198,48.22022821827342],[-107.2538452599093,48.220335061852566],[-107.25385958390227,48.220357082661074],[-107.25385365248911,48.22037511608881],[-107.25401000522793,48.220434547570235],[-107.25404336015005,48.22043393407109],[-107.25406366023253,48.2204379927089],[-107.25408111595038,48.22022769266376],[-107.2540544092198,48.22022821827342]]]}"
000000000000000021fa,5536,0,0,0,"{""type"":""Polygon"",""coordinates"":[[[-107.2541469120079,48.220204095084874],[-107.2541078226882,48.220227167046495],[-107.25408111595038,48.22022769266376],[-107.25406366023253,48.2204379927089],[-107.2541241154858,48.220445703689975],[-107.25419068605123,48.22043996452318],[-107.25425765009349,48.22044307543548],[-107.25427731550947,48.220433787550206],[-107.2541469120079,48.220204095084874]]]}"
00000000000000002257,5537,0,0,0,"{""type"":""Polygon"",""coordinates"":[[[-107.25419911337828,48.220176263967055],[-107.2541469120079,48.220204095084874],[-107.25427731550947,48.220433787550206],[-107.25430344502239,48.2204198283873],[-107.25431636046432,48.22041064413608],[-107.25437564822465,48.220391646294516],[-107.25440138421422,48.22036883700405],[-107.25445995500425,48.22033189360219],[-107.25419911337828,48.220176263967055]]]}"
00000000000000002221,5538,0,0,0,"{""type"":""Polygon"",""coordinates"":[[[-107.25429127995257,48.22014320357782],[-107.25422572527822,48.22017129755423],[-107.25421227002418,48.220171576102565],[-107.25419911337828,48.220176263967055],[-107.25445995500425,48.22033189360219],[-107.2544666030719,48.220331805676416],[-107.25449176148535,48.22029556293999],[-107.25449531251621,48.220224041072704],[-107.25449477957659,48.22021067893301],[-107.25450104687356,48.22020158262275],[-107.25429127995257,48.22014320357782]]]}"
0000000000000000221e,5539,0,0,0,"{""type"":""GeometryCollection"",""geometries"":[{""type"":""LineString"",""coordinates"":[[-107.25429125597165,48.22014318924476],[-107.2542979316878,48.22014305828768]]},{""type"":""Polygon"",""coordinates"":[[[-107.25432153800297,48.22007115624177],[-107.25432857948415,48.22007991839116],[-107.25431556227944,48.22008911830621],[-107.25431653318707,48.220111401774794],[-107.25429788341032,48.220143044377245],[-107.2542979316878,48.22014305828768],[-107.25450104687356,48.22020158262275],[-107.25450648257907,48.22017471486578],[-107.25451630082017,48.22009409687089],[-107.25432153800297,48.22007115624177]]]}]}"
000000000000000021bb,5540,0,0,0,"{""type"":""Polygon"",""coordinates"":[[[-107.25431478810509,48.22007125987842],[-107.25432153800297,48.22007115624177],[-107.25451630082017,48.22009409687089],[-107.25452159705634,48.2200627171278],[-107.25455408265869,48.22003980429444],[-107.25456598230508,48.2200082653641],[-107.25436471121186,48.219989924816915],[-107.25435839936814,48.21999894979369],[-107.25437850258199,48.2199985833094],[-107.25437967027297,48.220025291765324],[-107.25435296360328,48.22002581745446],[-107.25433431390042,48.2200574600109],[-107.25431478810509,48.22007125987842]],[[-107.25433431390042,48.2200574600109],[-107.25434139994732,48.220066293444866],[-107.2543476672431,48.220057197169496],[-107.25433431390042,48.2200574600109]]]}"
000000000000000021e4,5541,0,0,0,"{""type"":""Polygon"",""coordinates"":[[[-107.25440754806566,48.2198997564576],[-107.25439006617367,48.21995810736801],[-107.25436471121186,48.219989924816915],[-107.25456598230508,48.2200082653641],[-107.25457836459117,48.21998571907216],[-107.2545888620243,48.21991851898958],[-107.25440754806566,48.2198997564576]]]}"
000000000000000021bf,5542,0,0,0,"{""type"":""Polygon"",""coordinates"":[[[-107.25459824186731,48.21982898007667],[-107.25442387492365,48.21981453895081],[-107.25441328240024,48.219877298151225],[-107.25440754806566,48.2198997564576],[-107.2545888620243,48.21991851898958],[-107.25458842392426,48.219909597668114],[-107.25460751148148,48.2198868764731],[-107.25459824186731,48.21982898007667]]]}"
0000000000000000221d,5543,0,0,0,"{""type"":""Polygon"",""coordinates"":[[[-107.25458333994392,48.219793526288],[-107.25459475104665,48.21974869677012],[-107.2546076662082,48.21973951260342],[-107.25443329965891,48.21972507150912],[-107.25443383258703,48.21973843352672],[-107.25442343686268,48.21980561764515],[-107.25442387492365,48.21981453895081],[-107.25459824186731,48.21982898007667],[-107.25459804509774,48.21982455506704],[-107.25461689126566,48.21979733761344],[-107.25458333994392,48.219793526288]]]}"
000000000000000021e0,5544,0,0,0,"{""type"":""Polygon"",""coordinates"":[[[-107.25444942959172,48.21963542928938],[-107.25445879380831,48.21969776621707],[-107.25443252541655,48.219707213206966],[-107.25443329965891,48.21972507150912],[-107.2546076662082,48.21973951260342],[-107.25462024514138,48.219721391424386],[-107.25463050104086,48.219649695396235],[-107.25444942959172,48.21963542928938]]]}"
000000000000000021e1,5545,0,0,0,"{""type"":""Polygon"",""coordinates"":[[[-107.25445861286002,48.21954146587838],[-107.25445327213016,48.21957277401972],[-107.25445371020142,48.21958169528569],[-107.25444113126471,48.21959981639511],[-107.25444942959172,48.21963542928938],[-107.25463050104086,48.219649695396235],[-107.25464167069003,48.219600369719934],[-107.2546466304819,48.219560053283644],[-107.25445861286002,48.21954146587838]]]}"
000000000000000021dd,5546,0,0,0,"{""type"":""Polygon"",""coordinates"":[[[-107.25447493936824,48.2194562489493],[-107.25445861286002,48.21954146587838],[-107.2546466304819,48.219560053283644],[-107.25464930476369,48.219470689923824],[-107.25447493936824,48.2194562489493]]]}"
000000000000000021de,5547,0,0,0,"{""type"":""Polygon"",""coordinates"":[[[-107.25462416215103,48.219355057332294],[-107.25447184228581,48.21938481614427],[-107.25447868694266,48.21938915319685],[-107.25447493936824,48.2194562489493],[-107.25464930476369,48.219470689923824],[-107.25465362961442,48.21941702737366],[-107.25462416215103,48.219355057332294]]]}"
000000000000000021df,5548,0,0,0,"{""type"":""Polygon"",""coordinates"":[[[-107.25461678446794,48.219337358376755],[-107.25461349031889,48.219261500782025],[-107.25441483745703,48.219305600605246],[-107.25445708007256,48.21935387460683],[-107.25447184228581,48.21938481614427],[-107.25462416215103,48.219355057332294],[-107.25461678446794,48.219337358376755]]]}"
000000000000000021e2,5549,0,0,0,"{""type"":""Polygon"",""coordinates"":[[[-107.25457144428952,48.21921765189675],[-107.25455080847482,48.2192046565223],[-107.25454275142599,48.21917354016976],[-107.25437124325892,48.21922603530214],[-107.2543996945852,48.219265650879365],[-107.25441483745703,48.219305600605246],[-107.25461349031889,48.219261500782025],[-107.25461989686573,48.21925691660348],[-107.25457144428952,48.21921765189675]]]}"
000000000000000021f9,5550,0,0,0,"{""type"":""Polygon"",""coordinates"":[[[-107.25452586305737,48.21909344942427],[-107.25451858034872,48.21908019121626],[-107.2543274525098,48.21914204514041],[-107.25432943896968,48.219186682572946],[-107.25437124325892,48.21922603530214],[-107.25454275142599,48.21917354016976],[-107.25452586305737,48.21909344942427]]]}"
000000000000000021d7,5551,0,0,0,"{""type"":""Polygon"",""coordinates"":[[[-107.25448342382029,48.21904075074275],[-107.25445550547806,48.21901449719194],[-107.25444832469735,48.21900122327474],[-107.25427701413446,48.21905814299195],[-107.25429764971406,48.21907113839518],[-107.25431133885448,48.21907981247799],[-107.25431298914097,48.219115512946075],[-107.2543266783026,48.21912418703346],[-107.2543273130901,48.21913753317796],[-107.2543274525098,48.21914204514041],[-107.25451858034872,48.21908019121626],[-107.25448342382029,48.21904075074275]]]}"
000000000000000021d9,5552,0,0,0,"{""type"":""Polygon"",""coordinates"":[[[-107.25440584113598,48.218948453358514],[-107.25437151643807,48.21892678395954],[-107.25435772544293,48.218918125632065],[-107.25435088089058,48.218913788606855],[-107.25419447200329,48.21900616136189],[-107.25420141842568,48.21901048268393],[-107.25421477137232,48.219010219876246],[-107.25422913977597,48.21903231136817],[-107.25427701413446,48.21905814299195],[-107.25444832469735,48.21900122327474],[-107.25440584113598,48.218948453358514]]]}"
000000000000000021d6,5553,0,0,0,"{""type"":""Polygon"",""coordinates"":[[[-107.25433708990793,48.21890513027824],[-107.25431645439168,48.2188921349227],[-107.25428877762184,48.218870377607345],[-107.25420123826716,48.21885418435665],[-107.25410022734492,48.218990142888806],[-107.25413344160252,48.21898501745692],[-107.25416014745996,48.218984491859786],[-107.25419447200329,48.21900616136189],[-107.25435088089058,48.218913788606855],[-107.25433708990793,48.21890513027824]]]}"
000000000000000021d8,5554,0,0,0,"{""type"":""Polygon"",""coordinates"":[[[-107.25418768865211,48.21885002223022],[-107.2541542332197,48.21885065144847],[-107.25411417458342,48.218851439833124],[-107.25404731540002,48.21884831311693],[-107.2540340573596,48.21885301655112],[-107.25403370401635,48.218995953054254],[-107.2540670130904,48.21899526830961],[-107.25410022734492,48.218990142888806],[-107.25420123826716,48.21885418435665],[-107.25418768865211,48.21885002223022]]]}"
000000000000000021d2,5555,0,0,0,"{""type"":""Polygon"",""coordinates"":[[[-107.25400735163277,48.21885354210857],[-107.25390019273621,48.21884670739126],[-107.25390051099892,48.21900751768193],[-107.25398689559597,48.21899684499941],[-107.25403370401635,48.218995953054254],[-107.2540340573596,48.21885301655112],[-107.25400735163277,48.21885354210857]]]}"
000000000000000021dc,5556,0,0,0,"{""type"":""Polygon"",""coordinates"":[[[-107.25385338457095,48.21884759926235],[-107.25376656250366,48.21884935063236],[-107.25375285525718,48.218992549894075],[-107.25377344593689,48.219005474115676],[-107.25382743476797,48.21901785624881],[-107.25390051099892,48.21900751768193],[-107.25390019273621,48.21884670739126],[-107.25385338457095,48.21884759926235]]]}"
000000000000000021fc,5557,0,0,0,"{""type"":""Polygon"",""coordinates"":[[[-107.25365245766403,48.21883819428722],[-107.25360398814801,48.21895080263819],[-107.25367119025455,48.21895841018018],[-107.2537182899225,48.218966383999714],[-107.25375285525718,48.218992549894075],[-107.25376656250366,48.21884935063236],[-107.25365245766403,48.21883819428722]]]}"
000000000000000021fd,5558,0,0,0,"{""type"":""Polygon"",""coordinates"":[[[-107.25354505809234,48.21882686294437],[-107.25353801706484,48.218818100933696],[-107.25346172479607,48.218908896037526],[-107.25351601172618,48.21892568755207],[-107.25353678611934,48.21894319504828],[-107.25360398814801,48.21895080263819],[-107.25365245766403,48.21883819428722],[-107.25354505809234,48.21882686294437]]]}"
000000000000000021ff,5559,0,0,0,"{""type"":""Polygon"",""coordinates"":[[[-107.25345489999582,48.218752685775925],[-107.25343494409951,48.21875310760128],[-107.25334631397111,48.21886651944947],[-107.25344133098231,48.21890039670451],[-107.25346172479607,48.218908896037526],[-107.25353801706484,48.218818100933696],[-107.25345489999582,48.218752685775925]]]}"
000000000000000021fe,5560,0,0,0,"{""type"":""Polygon"",""coordinates"":[[[-107.25336827514657,48.21875886169371],[-107.25330029997046,48.21873339595637],[-107.25323085899338,48.218824071459565],[-107.25329169139165,48.21884079097512],[-107.25330548194711,48.21884944945417],[-107.25334631397111,48.21886651944947],[-107.25343494409951,48.21875310760128],[-107.25336827514657,48.21875886169371]]]}"
000000000000000021f1,5561,0,0,0,"{""type"":""Polygon"",""coordinates"":[[[-107.25327306201193,48.218720559520754],[-107.25321907412214,48.2187081771217],[-107.25320508704083,48.218695093729266],[-107.25319139846059,48.218686419537676],[-107.25318464889688,48.218686523083704],[-107.25309568256634,48.21879099769713],[-107.25310252685493,48.21879533480843],[-107.25316996936729,48.218807438916215],[-107.25321730964467,48.21881990919183],[-107.25323085899338,48.218824071459565],[-107.25330029997046,48.21873339595637],[-107.25327306201193,48.218720559520754]]]}"
00000000000000002201,5562,0,0,0,"{""type"":""Polygon"",""coordinates"":[[[-107.25313677633507,48.218660691051355],[-107.25313633857469,48.21865176992691],[-107.25309550696896,48.21863469990106],[-107.25297235670831,48.2187220164105],[-107.25306092153104,48.21876040671516],[-107.25309568256634,48.21879099769713],[-107.25318464889688,48.218686523083704],[-107.25313677633507,48.218660691051355]]]}"
00000000000000002203,5563,0,0,0,"{""type"":""Polygon"",""coordinates"":[[[-107.2530751134666,48.21862620052646],[-107.2530591988616,48.218568393110566],[-107.25289464042565,48.218625206293524],[-107.25292236033876,48.218647035232365],[-107.25291715786204,48.218682854713464],[-107.25295191865703,48.21871344570867],[-107.25297235670831,48.2187220164105],[-107.25309550696896,48.21863469990106],[-107.2530751134666,48.21862620052646]]]}"
000000000000000021f0,5564,0,0,0,"{""type"":""Polygon"",""coordinates"":[[[-107.2530514791386,48.21854621379706],[-107.2530315234389,48.21854663553194],[-107.25298287766861,48.218502945558356],[-107.252982198802,48.21848952826654],[-107.25298200221921,48.218485103361004],[-107.25283807865333,48.21855491193012],[-107.25287361275461,48.21860336083948],[-107.25289464042565,48.218625206293524],[-107.2530591988616,48.218568393110566],[-107.2530514791386,48.21854621379706]]]}"
000000000000000021ef,5565,0,0,0,"{""type"":""Polygon"",""coordinates"":[[[-107.25296754023655,48.21845857125858],[-107.25294015624527,48.21844567921926],[-107.25291942708496,48.21842824302806],[-107.25289204314636,48.218415350981076],[-107.252891846574,48.21841092608129],[-107.25276224585006,48.21850275464633],[-107.25276268352069,48.2185116757496],[-107.25283783752965,48.21855041573174],[-107.25283807865333,48.21855491193012],[-107.25298200221921,48.218485103361004],[-107.25296754023655,48.21845857125858]]]}"
00000000000000002204,5566,0,0,0,"{""type"":""Polygon"",""coordinates"":[[[-107.25288466657209,48.218397652178965],[-107.25284970955983,48.21836263643731],[-107.25262576599798,48.21843846073519],[-107.25267994949546,48.21845526833267],[-107.25273413307401,48.21847207590286],[-107.2527612758346,48.21848047181746],[-107.25276204929405,48.218498329738544],[-107.25276224585006,48.21850275464633],[-107.252891846574,48.21841092608129],[-107.25288466657209,48.218397652178965]]]}"
00000000000000002205,5567,0,0,0,"{""type"":""Polygon"",""coordinates"":[[[-107.25256688504588,48.2183145928134],[-107.25256838722584,48.21835023727076],[-107.2525688248509,48.218359158350346],[-107.25252482017424,48.218422615582895],[-107.25260537281332,48.21842996128432],[-107.25262576599798,48.21843846073519],[-107.25284970955983,48.21836263643731],[-107.252821989907,48.21834080758832],[-107.25285423319839,48.21831339992811],[-107.25256688504588,48.2183145928134]]]}"
000000000000000021e8,5568,0,0,0,"{""type"":""Polygon"",""coordinates"":[[[-107.25285831912115,48.21825524240463],[-107.25258851204737,48.21819799954602],[-107.25256490068216,48.218269956027626],[-107.25256688504588,48.2183145928134],[-107.25285423319839,48.21831339992811],[-107.25287365634499,48.21829961655646],[-107.25289982895046,48.218285729662384],[-107.25285831912115,48.21825524240463]]]}"
000000000000000021e9,5569,0,0,0,"{""type"":""Polygon"",""coordinates"":[[[-107.25277681860976,48.218073742935125],[-107.25261557537127,48.21805453994284],[-107.25258158892898,48.21804180695283],[-107.25251449138361,48.21803418299215],[-107.25238640456438,48.2180099418598],[-107.25236563145735,48.21799243439119],[-107.2522848835198,48.217980663652135],[-107.2522304600586,48.21795935980359],[-107.25217671527136,48.2179514730952],[-107.25213854043216,48.21799691285428],[-107.25221986494012,48.2180221166255],[-107.25223365479614,48.21803077514211],[-107.25225428865569,48.2180437707755],[-107.25234168419784,48.21805545379118],[-107.25238285020632,48.21808146073809],[-107.25247719193004,48.218097465023334],[-107.25251758478841,48.21810561412855],[-107.25259847249322,48.21812189656883],[-107.25265275739555,48.21813868837284],[-107.25262735828213,48.218170432971526],[-107.25258831551031,48.218193574662905],[-107.25258851204737,48.21819799954602],[-107.25285831912115,48.21825524240463],[-107.25277681860976,48.218073742935125]]]}"
000000000000000021ea,5570,0,0,0,"{""type"":""Polygon"",""coordinates"":[[[-107.25286441146763,48.218089850335616],[-107.2527903675788,48.21807790521589],[-107.25277681860976,48.218073742935125],[-107.25285831912115,48.21825524240463],[-107.25289982895046,48.218285729662384],[-107.25291958790517,48.21828088307248],[-107.25293236343573,48.218267187501226],[-107.25296496376286,48.218096845293836],[-107.25286441146763,48.218089850335616]]]}"
000000000000000021ee,5571,0,0,0,"{""type"":""Polygon"",""coordinates"":[[[-107.25307950301793,48.21811692341721],[-107.25305202448025,48.21809959089535],[-107.25296496376286,48.218096845293836],[-107.25293236343573,48.218267187501226],[-107.25295178654436,48.21825340412677],[-107.25305176237846,48.218246966051346],[-107.25306535604021,48.218251199589666],[-107.2530999408137,48.21812549400165],[-107.25307950301793,48.21811692341721]]]}"
000000000000000021ed,5572,0,0,0,"{""type"":""Polygon"",""coordinates"":[[[-107.2532213246017,48.21814990901859],[-107.25320773093436,48.2181456755106],[-107.25319461961251,48.218150434324315],[-107.2530999408137,48.21812549400165],[-107.25306535604021,48.218251199589666],[-107.25311910197722,48.21825908581624],[-107.25319965491765,48.21826643098879],[-107.2532279276298,48.218149749908484],[-107.2532213246017,48.21814990901859]]]}"
000000000000000021e7,5573,0,0,0,"{""type"":""Polygon"",""coordinates"":[[[-107.25334834136756,48.218151882091284],[-107.2533151280499,48.218157007147006],[-107.25324778842126,48.21814488754373],[-107.2532279276298,48.218149749908484],[-107.25319965491765,48.21826643098879],[-107.25326685541386,48.218274038756086],[-107.25330020812746,48.21827342559613],[-107.25334026579188,48.21827263758429],[-107.25335504628622,48.21815170725116],[-107.25334834136756,48.218151882091284]]]}"
000000000000000021f2,5574,0,0,0,"{""type"":""Polygon"",""coordinates"":[[[-107.25335504628622,48.21815170725116],[-107.25334026579188,48.21827263758429],[-107.2534809342557,48.218278756960686],[-107.25348914871527,48.218162513335535],[-107.25335504628622,48.21815170725116]]]}"
000000000000000021ec,5575,0,0,0,"{""type"":""Polygon"",""coordinates"":[[[-107.25357630491052,48.21816969904437],[-107.25348914871527,48.218162513335535],[-107.2534809342557,48.218278756960686],[-107.25356162696869,48.21829061371438],[-107.25362154566551,48.218284963132184],[-107.25361660380293,48.21817340708022],[-107.25357630491052,48.21816969904437]]]}"
000000000000000021eb,5576,0,0,0,"{""type"":""Polygon"",""coordinates"":[[[-107.25361660380293,48.21817340708022],[-107.25362154566551,48.218284963132184],[-107.25375463385845,48.21827341484564],[-107.25375012950379,48.218170779870285],[-107.25361660380293,48.21817340708022]]]}"
000000000000000021ce,5577,0,0,0,"{""type"":""Polygon"",""coordinates"":[[[-107.25377042827627,48.21817483842957],[-107.25375012950379,48.218170779870285],[-107.25375463385845,48.21827341484564],[-107.25388175371364,48.218275371465225],[-107.25389040490522,48.21816804887719],[-107.25377042827627,48.21817483842957]]]}"
000000000000000021d1,5578,0,0,0,"{""type"":""Polygon"",""coordinates"":[[[-107.25400450808188,48.21817920484033],[-107.25398363186811,48.21816171341851],[-107.25389040490522,48.21816804887719],[-107.25388175371364,48.218275371465225],[-107.2540155214298,48.21827724003072],[-107.25402446378975,48.21817878290598],[-107.25400450808188,48.21817920484033]]]}"
000000000000000021d0,5579,0,0,0,"{""type"":""Polygon"",""coordinates"":[[[-107.2541438633065,48.21815856011742],[-107.25409764033402,48.21816842867117],[-107.25402446378975,48.21817878290598],[-107.2540155214298,48.21827724003072],[-107.25402212453585,48.21827708086365],[-107.25416196272934,48.21826542839915],[-107.2541438633065,48.21815856011742]]]}"
000000000000000021cf,5580,0,0,0,"{""type"":""Polygon"",""coordinates"":[[[-107.25425709779493,48.218147417396054],[-107.25416396547637,48.21815819371727],[-107.2541438633065,48.21815856011742],[-107.25416196272934,48.21826542839915],[-107.2541686677257,48.218265253499865],[-107.25422168496114,48.218255352558266],[-107.25424839031797,48.21825482695653],[-107.25430773183409,48.21823574301447],[-107.25425709779493,48.218147417396054]]]}"
000000000000000021d3,5581,0,0,0,"{""type"":""Polygon"",""coordinates"":[[[-107.25437552637828,48.21810491169926],[-107.25436270667359,48.2181185361254],[-107.25428360634102,48.21814246691713],[-107.25425709779493,48.218147417396054],[-107.25430773183409,48.21823574301447],[-107.25435410138937,48.218225929906744],[-107.25439998830583,48.21820712445748],[-107.25443324648445,48.2182020702994],[-107.25437552637828,48.21810491169926]]]}"
000000000000000021d5,5582,0,0,0,"{""type"":""Polygon"",""coordinates"":[[[-107.254501237378,48.21807566385262],[-107.25448137651026,48.2180805264722],[-107.2544544298862,48.21807655598661],[-107.25440159683508,48.218091040175906],[-107.25437552637828,48.21810491169926],[-107.25443324648445,48.2182020702994],[-107.25445971053661,48.2181970484797],[-107.25447981279518,48.218196682010905],[-107.25457260222576,48.21818142493225],[-107.254501237378,48.21807566385262]]]}"
000000000000000021cd,5583,0,0,0,"{""type"":""Polygon"",""coordinates"":[[[-107.25461271943554,48.21802883670317],[-107.25452041880284,48.218057384072765],[-107.25452085691006,48.2180663050818],[-107.254501237378,48.21807566385262],[-107.25457260222576,48.21818142493225],[-107.25460581585897,48.21817629943123],[-107.25464587397538,48.218175510864725],[-107.25468520226066,48.21815693579406],[-107.25469855496864,48.21815667292942],[-107.25461271943554,48.21802883670317]]]}"
000000000000000021ca,5584,0,0,0,"{""type"":""Polygon"",""coordinates"":[[[-107.25473076684995,48.21797732267087],[-107.25471134417009,48.21799110632229],[-107.25466501938624,48.21800099083856],[-107.25461271943554,48.21802883670317],[-107.25469855496864,48.21815667292942],[-107.254705259983,48.21815649799257],[-107.25481660280177,48.218105158656414],[-107.25473076684995,48.21797732267087]]]}"
000000000000000021d4,5585,0,0,0,"{""type"":""Polygon"",""coordinates"":[[[-107.25480132126098,48.21790898573233],[-107.25477471091861,48.21791395205264],[-107.25481675596586,48.21795779979249],[-107.2547650910748,48.21799899156425],[-107.25474368133662,48.21796813881072],[-107.25473076684995,48.21797732267087],[-107.25481660280177,48.218105158656414],[-107.25482975870013,48.21810047090993],[-107.25491638317489,48.21809429376016],[-107.25494333000016,48.21809826411234],[-107.25495624451008,48.218089080202],[-107.25496251131504,48.21807998423915],[-107.25480132126098,48.21790898573233]]]}"
000000000000000021db,5586,0,1,0,"{""type"":""Polygon"",""coordinates"":[[[-107.25494072081806,48.21788841124906],[-107.25493407315419,48.21788849919336],[-107.25490736786625,48.217889024980394],[-107.25488099890147,48.21789848745921],[-107.25480132126098,48.21790898573233],[-107.25496251131504,48.21807998423915],[-107.25501393482705,48.21803429615551],[-107.25506714884109,48.218028819648225],[-107.25508050155723,48.21802855673089],[-107.25494072081806,48.21788841124906]]]}"
000000000000000021cc,5587,0,0,0,"{""type"":""Polygon"",""coordinates"":[[[-107.25497335654013,48.21786985282946],[-107.25494072081806,48.21788841124906],[-107.25508050155723,48.21802855673089],[-107.25512080112571,48.21803226410844],[-107.25515401475131,48.21802713843245],[-107.25519426979473,48.21803077449336],[-107.25520698739767,48.218017165707394],[-107.25522020059014,48.218012390908186],[-107.25506605049138,48.217850154817036],[-107.25500039817844,48.21787826371892],[-107.25498053737343,48.21788312642199],[-107.25497335654013,48.21786985282946]],[[-107.25498053737343,48.21788312642199],[-107.25496077844933,48.21788797339872],[-107.25497446743842,48.21789664719671],[-107.25498053737343,48.21788312642199]]]}"
000000000000000021c9,5588,0,0,0,"{""type"":""MultiPolygon"",""coordinates"":[[[[-107.25522020059014,48.218012390908186],[-107.25523311503954,48.21800320697706],[-107.25521922905611,48.217990108349355],[-107.25519184392273,48.21797721709539],[-107.25522020059014,48.218012390908186]]],[[[-107.25519184392273,48.21797721709539],[-107.25524341357534,48.21793158454702],[-107.25528303340342,48.217921874740085],[-107.2552051136939,48.21782064328674],[-107.25515835073641,48.2178216070447],[-107.2551316454329,48.217822132893836],[-107.25506605049138,48.217850154817036],[-107.25519184392273,48.21797721709539]]]]}"
000000000000000021c8,5589,0,0,0,"{""type"":""Polygon"",""coordinates"":[[[-107.25530931209794,48.21776055775286],[-107.25527639742603,48.217770092561956],[-107.2552117613651,48.217820555323605],[-107.2552051136939,48.21782064328674],[-107.25528303340342,48.217921874740085],[-107.25529614468009,48.217917115662935],[-107.255335866384,48.21790739011396],[-107.25536213349146,48.21789794323114],[-107.25540850288382,48.21788812968109],[-107.25530931209794,48.21776055775286]]]}"
000000000000000021e3,5590,0,0,0,"{""type"":""Polygon"",""coordinates"":[[[-107.25543502248131,48.21773130888992],[-107.25540851404656,48.21773625964538],[-107.25539559971479,48.21774544355074],[-107.25538224705582,48.217745706509035],[-107.25530931209794,48.21776055775286],[-107.25540850288382,48.21788812968109],[-107.25544171644563,48.21788300392118],[-107.25550717186367,48.2178504698757],[-107.2555269308167,48.217845622789234],[-107.25543502248131,48.21773130888992]]]}"
000000000000000021c1,5591,0,0,0,"{""type"":""Polygon"",""coordinates"":[[[-107.25555331031731,48.21768429027199],[-107.25548809667025,48.21772132035106],[-107.25543502248131,48.21773130888992],[-107.2555269308167,48.217845622789234],[-107.25560530048998,48.21780390476704],[-107.25563871093102,48.21780320378235],[-107.25564521903678,48.21779860394667],[-107.25555331031731,48.21768429027199]]]}"
000000000000000021c0,5592,0,0,0,"{""type"":""Polygon"",""coordinates"":[[[-107.25567173760231,48.21764178338187],[-107.2555989996385,48.21766105963681],[-107.25555331031731,48.21768429027199],[-107.25564521903678,48.21779860394667],[-107.25574985558853,48.21774743890886],[-107.25567173760231,48.21764178338187]]]}"
000000000000000021c7,5593,0,0,0,"{""type"":""Polygon"",""coordinates"":[[[-107.25580307900468,48.21759009245229],[-107.25573121792519,48.217627210628194],[-107.25567834071025,48.217641624102775],[-107.25567173760231,48.21764178338187],[-107.25574985558853,48.21774743890886],[-107.25576301137504,48.21774275106907],[-107.25586949656177,48.217731710252224],[-107.25580307900468,48.21759009245229]]]}"
000000000000000021da,5594,0,0,0,"{""type"":""Polygon"",""coordinates"":[[[-107.25592214142617,48.21756093105695],[-107.25588936649378,48.21757497785845],[-107.25586926426945,48.21757534461713],[-107.25582250129149,48.217576308694575],[-107.25580307900468,48.21759009245229],[-107.25586949656177,48.217731710252224],[-107.25590931322812,48.21772642505289],[-107.2560014737396,48.21769336470799],[-107.25592214142617,48.21756093105695]]]}"
000000000000000021cb,5595,0,0,0,"{""type"":""Polygon"",""coordinates"":[[[-107.25604090497471,48.217527360445054],[-107.25602755230256,48.21752762349234],[-107.25598162168457,48.21754635817209],[-107.2559419002588,48.217556083914715],[-107.25592214142617,48.21756093105695],[-107.2560014737396,48.21769336470799],[-107.25603424877973,48.21767931783406],[-107.25611392667052,48.21766881857717],[-107.25612718431773,48.217664114971136],[-107.25604090497471,48.217527360445054]]]}"
000000000000000021c2,5596,0,0,0,"{""type"":""Polygon"",""coordinates"":[[[-107.25617332000026,48.21749793572563],[-107.25615370083705,48.217507294724115],[-107.25610102067967,48.217526133205126],[-107.25608082335248,48.21752205947562],[-107.25604090497471,48.217527360445054],[-107.25612718431773,48.217664114971136],[-107.256245611639,48.217621607388566],[-107.25617332000026,48.21749793572563]]]}"
000000000000000021bc,5597,0,0,0,"{""type"":""Polygon"",""coordinates"":[[[-107.25629834989827,48.217455268912076],[-107.25628499721549,48.21745553199507],[-107.25619318070278,48.21749307281389],[-107.25617332000026,48.21749793572563],[-107.256245611639,48.217621607388566],[-107.25625221478323,48.21762144806914],[-107.25629116112489,48.21759386463421],[-107.25631786659368,48.217593338460674],[-107.25634457206968,48.21759281227953],[-107.2563708389861,48.217583365181845],[-107.25629834989827,48.217455268912076]]]}"
000000000000000021be,5598,0,0,0,"{""type"":""Polygon"",""coordinates"":[[[-107.25641114572322,48.21743520291703],[-107.25640463772488,48.217439802770286],[-107.2563453545241,48.217458800688156],[-107.25629834989827,48.217455268912076],[-107.2563708389861,48.217583365181845],[-107.25649635239557,48.2175496902171],[-107.25650305742634,48.217549515156314],[-107.25641114572322,48.21743520291703]]]}"
000000000000000021c6,5599,0,0,0,"{""type"":""Polygon"",""coordinates"":[[[-107.25650971166057,48.21739755815767],[-107.25648344487495,48.21740700525682],[-107.25641114572322,48.21743520291703],[-107.25650305742634,48.217549515156314],[-107.25654248004386,48.21753538009699],[-107.25656253782432,48.21753494191121],[-107.25662813215307,48.217506919148384],[-107.25663464015261,48.21750231927411],[-107.25650971166057,48.21739755815767]]]}"
00000000000000002216,5600,0,0,0,"{""type"":""Polygon"",""coordinates"":[[[-107.25661478547573,48.21735531346688],[-107.2566149825071,48.21735973825905],[-107.256575363052,48.21736944850283],[-107.25656909666677,48.217378544438034],[-107.25650971166057,48.21739755815767],[-107.25663464015261,48.21750231927411],[-107.25666100889595,48.217492856390265],[-107.25673845561926,48.217433224704116],[-107.25674496359929,48.21742862482926],[-107.25661478547573,48.21735531346688]]]}"
000000000000000021bd,5601,0,0,0,"{""type"":""Polygon"",""coordinates"":[[[-107.25668529204069,48.21728690474839],[-107.25661478547573,48.21735531346688],[-107.25674496359929,48.21742862482926],[-107.25675802412293,48.21741949636259],[-107.256777446167,48.21740571246236],[-107.25681629022296,48.21737814466172],[-107.25683537543294,48.21735542417141],[-107.25668529204069,48.21728690474839]]]}"
0000000000000000217a,5602,0,0,0,"{""type"":""Polygon"",""coordinates"":[[[-107.25672865440603,48.21721010151813],[-107.25672413599173,48.217259337049654],[-107.25668529204069,48.21728690474839],[-107.25683537543294,48.21735542417141],[-107.25687266840374,48.217292141500174],[-107.25690500436227,48.217269173595085],[-107.25672865440603,48.21721010151813]]]}"
000000000000000021b6,5603,0,0,0,"{""type"":""Polygon"",""coordinates"":[[[-107.25678585247385,48.21714202734737],[-107.25677978322227,48.21715554802932],[-107.25673476825058,48.217196652107575],[-107.25672865440603,48.21721010151813],[-107.25690500436227,48.217269173595085],[-107.25692466793642,48.21725988577198],[-107.25696118512765,48.21717874579181],[-107.25696065121751,48.21716538446013],[-107.25678585247385,48.21714202734737]]]}"
00000000000000002174,5604,0,0,0,"{""type"":""Polygon"",""coordinates"":[[[-107.2568025092464,48.21706575059582],[-107.25681047293979,48.217092424978404],[-107.25678585247385,48.21714202734737],[-107.25696065121751,48.21716538446013],[-107.25697245277401,48.217129406523874],[-107.25699639265822,48.2170663872602],[-107.2568025092464,48.21706575059582]]]}"
0000000000000000217d,5605,0,0,0,"{""type"":""Polygon"",""coordinates"":[[[-107.25698153345131,48.21703100702577],[-107.25696696654407,48.2170044920573],[-107.25697910487119,48.216977450754555],[-107.25697886322574,48.21697295471399],[-107.25676546336821,48.2169816613002],[-107.25679488906616,48.217043556548674],[-107.2568025092464,48.21706575059582],[-107.25699639265822,48.2170663872602],[-107.25699619557855,48.217061962494604],[-107.25698153345131,48.21703100702577]]]}"
000000000000000021c4,5606,0,0,0,"{""type"":""Polygon"",""coordinates"":[[[-107.2569614357411,48.21687950660353],[-107.25674813163064,48.21689265359755],[-107.25674832868141,48.21689707835021],[-107.25676391244403,48.216945946654896],[-107.2567652217492,48.216977165258065],[-107.25676546336821,48.2169816613002],[-107.25697886322574,48.21697295471399],[-107.25697876802819,48.21696851423162],[-107.25697614236866,48.21691053327067],[-107.2569614357411,48.21687950660353]]]}"
000000000000000021c3,5607,0,0,0,"{""type"":""Polygon"",""coordinates"":[[[-107.25675740980964,48.21679867929436],[-107.2567470193866,48.216865859793856],[-107.25674735617457,48.21687479630165],[-107.25674813163064,48.21689265359755],[-107.2569614357411,48.21687950660353],[-107.25694026584421,48.216853151068946],[-107.25695847326067,48.21681258924252],[-107.25697148896381,48.216803389577485],[-107.25697105023978,48.21679446880842],[-107.25675740980964,48.21679867929436]]]}"
000000000000000021c5,5608,0,0,0,"{""type"":""Polygon"",""coordinates"":[[[-107.25699465300103,48.21672251347021],[-107.25695473521687,48.2167278147243],[-107.25694711498129,48.21670562083252],[-107.25674658597727,48.21670507208827],[-107.25675716819056,48.216794183267766],[-107.25675740980964,48.21679867929436],[-107.25697105023978,48.21679446880842],[-107.25696949910372,48.21675875429829],[-107.25703485033924,48.2167262356862],[-107.25699465300103,48.21672251347021]]]}"
000000000000000021b8,5609,0,0,0,"{""type"":""Polygon"",""coordinates"":[[[-107.25693983159198,48.21669236342427],[-107.25693750492479,48.216638791769896],[-107.25693653229327,48.2166165098353],[-107.2567558640644,48.21661109812105],[-107.25675688115214,48.21663345134],[-107.25673775176087,48.21665610021259],[-107.25674658597727,48.21670507208827],[-107.25694711498129,48.21670562083252],[-107.25693983159198,48.21669236342427]]]}"
000000000000000021b5,5610,0,0,0,"{""type"":""Polygon"",""coordinates"":[[[-107.25675863427341,48.21652172411431],[-107.25675897106963,48.216530660563684],[-107.25675940974507,48.21653958129044],[-107.2567558640644,48.21661109812105],[-107.25693653229327,48.2166165098353],[-107.2569355150948,48.21659415662821],[-107.25693949915141,48.21653156054606],[-107.25675863427341,48.21652172411431]]]}"
000000000000000021b2,5611,0,0,0,"{""type"":""Polygon"",""coordinates"":[[[-107.25677451520568,48.21642759112774],[-107.25677077253006,48.21649468308666],[-107.25675819559793,48.21651280339057],[-107.25675863427341,48.21652172411431],[-107.25693949915141,48.21653156054606],[-107.25694479266703,48.21650018285298],[-107.25697008614861,48.2164684539349],[-107.25697581835543,48.21644599698717],[-107.25677451520568,48.21642759112774]]]}"
00000000000000002196,5612,0,0,0,"{""type"":""Polygon"",""coordinates"":[[[-107.25679728518124,48.21633786622932],[-107.25677994857236,48.21640072521945],[-107.25677451520568,48.21642759112774],[-107.25697581835543,48.21644599698717],[-107.25698169032417,48.21642805176691],[-107.2569919403745,48.216356360101415],[-107.25679728518124,48.21633786622932]]]}"
000000000000000021a6,5613,0,0,0,"{""type"":""Polygon"",""coordinates"":[[[-107.25682695691303,48.21625239110552],[-107.25682088785224,48.21626591155766],[-107.25680379295243,48.216333266451095],[-107.25679728518124,48.21633786622932],[-107.2569919403745,48.216356360101415],[-107.25699150163972,48.21634743940815],[-107.25700208849348,48.21628468425768],[-107.25700131289578,48.216266827172824],[-107.25682695691303,48.21625239110552]]]}"
000000000000000021b0,5614,0,0,0,"{""type"":""Polygon"",""coordinates"":[[[-107.25686992348567,48.21616673997359],[-107.25685113792137,48.21619386891117],[-107.25683865632206,48.21621642953802],[-107.25683953372008,48.21623427088504],[-107.25682695691303,48.21625239110552],[-107.25700131289578,48.216266827172824],[-107.25701170260963,48.21619964742514],[-107.25703078706225,48.216176927421735],[-107.25686992348567,48.21616673997359]]]}"
00000000000000002195,5615,0,0,0,"{""type"":""Polygon"",""coordinates"":[[[-107.25701272377252,48.21607013539808],[-107.25683987516022,48.21609134214088],[-107.25684671970737,48.21609567875726],[-107.25687488014151,48.21612642612039],[-107.25687643122102,48.216162140206244],[-107.25686992348567,48.21616673997359],[-107.25703078706225,48.216176927421735],[-107.257036856043,48.2161634069811],[-107.25701272377252,48.21607013539808]]]}"
000000000000000021ad,5616,0,0,0,"{""type"":""Polygon"",""coordinates"":[[[-107.25700486193773,48.216043445824425],[-107.2570025796859,48.21598994611416],[-107.25700170220169,48.21597210485329],[-107.25679651927987,48.21601627882017],[-107.25680569032883,48.216074186468795],[-107.25683987516022,48.21609134214088],[-107.25701272377252,48.21607013539808],[-107.25700486193773,48.216043445824425]]]}"
000000000000000021ae,5617,0,0,0,"{""type"":""Polygon"",""coordinates"":[[[-107.25697320486866,48.215932421270736],[-107.25697893695778,48.21590996455354],[-107.25677161223975,48.21590515045086],[-107.2567721461092,48.21591851146607],[-107.25677336029116,48.21594528906382],[-107.25678782481326,48.21597181926717],[-107.25679651927987,48.21601627882017],[-107.25700170220169,48.21597210485329],[-107.25700156242536,48.21596759317432],[-107.25697320486866,48.215932421270736]]]}"
000000000000000021b1,5618,0,0,0,"{""type"":""Polygon"",""coordinates"":[[[-107.25678078798121,48.21581119363912],[-107.25678239629832,48.215846820510514],[-107.25677059511789,48.215882797540914],[-107.25677161223975,48.21590515045086],[-107.25697893695778,48.21590996455354],[-107.25699530025867,48.21582482452797],[-107.25678078798121,48.21581119363912]]]}"
000000000000000021ac,5619,0,0,0,"{""type"":""Polygon"",""coordinates"":[[[-107.25680341765829,48.2157169581409],[-107.2568036147239,48.21572138279467],[-107.25679103810374,48.215739502829884],[-107.25677258955784,48.21577556784878],[-107.25678078798121,48.21581119363912],[-107.25699530025867,48.21582482452797],[-107.25699277634762,48.21576682910116],[-107.25700511125238,48.215744213095945],[-107.25680341765829,48.2157169581409]]]}"
000000000000000021aa,5620,0,0,0,"{""type"":""Polygon"",""coordinates"":[[[-107.25687941104515,48.21562159897952],[-107.25682148475524,48.2156718855721],[-107.25680341765829,48.2157169581409],[-107.25700511125238,48.215744213095945],[-107.25700491416248,48.21573978844131],[-107.25704395337416,48.215716646118786],[-107.25704968537836,48.21569418949119],[-107.25687941104515,48.21562159897952]]]}"
000000000000000021a5,5621,0,0,0,"{""type"":""Polygon"",""coordinates"":[[[-107.25695612236667,48.215544183778434],[-107.25689212735483,48.215607990623404],[-107.25687941104515,48.21562159897952],[-107.25704968537836,48.21569418949119],[-107.2570557542566,48.21568066917544],[-107.2570686676473,48.21567148542941],[-107.25708007429061,48.215626659224874],[-107.25709935548788,48.215608364106004],[-107.25695612236667,48.215544183778434]]]}"
000000000000000021ab,5622,0,0,0,"{""type"":""Polygon"",""coordinates"":[[[-107.25704652902968,48.215470985662485],[-107.2569813198949,48.21550801509072],[-107.25696894050637,48.21553055970928],[-107.25695612236667,48.215544183778434],[-107.25709935548788,48.215608364106004],[-107.2571185793587,48.2155901559946],[-107.25713091413449,48.21556754005209],[-107.25717650529998,48.2155398693094],[-107.25704652902968,48.215470985662485]]]}"
000000000000000021a4,5623,0,0,0,"{""type"":""Polygon"",""coordinates"":[[[-107.25714397700712,48.21540654873535],[-107.25709154152598,48.21542988284276],[-107.2570724575283,48.2154526025256],[-107.25704652902968,48.215470985662485],[-107.25717650529998,48.2155398693094],[-107.25720830550563,48.21550354119985],[-107.2572399658467,48.21546270147146],[-107.25714397700712,48.21540654873535]]]}"
00000000000000002191,5624,0,0,0,"{""type"":""Polygon"",""coordinates"":[[[-107.25723467549176,48.21534221561022],[-107.25722816792882,48.21534681532612],[-107.25720199785873,48.21536070256351],[-107.2571503827092,48.2154019647437],[-107.25714397700712,48.21540654873535],[-107.2572399658467,48.21546270147146],[-107.25727948808895,48.215448551000456],[-107.25729866725294,48.21543027163146],[-107.25731168240182,48.21542107217496],[-107.25732459566936,48.215411888442745],[-107.25735110272595,48.215406937411],[-107.25723467549176,48.21534221561022]]]}"
000000000000000021a2,5625,0,0,0,"{""type"":""Polygon"",""coordinates"":[[[-107.25731833211282,48.2152691213537],[-107.25723467549176,48.21534221561022],[-107.25735110272595,48.215406937411],[-107.25735761029394,48.215402337681404],[-107.25736387615825,48.215393242048],[-107.25738353867733,48.21538395448731],[-107.25739611495358,48.215365834505114],[-107.25743519824206,48.21534276347963],[-107.25731833211282,48.2152691213537]]]}"
0000000000000000219d,5626,0,0,0,"{""type"":""Polygon"",""coordinates"":[[[-107.25740883296965,48.21520036363615],[-107.25738334357412,48.21522766726777],[-107.25732483965658,48.21526452163894],[-107.25731833211282,48.2152691213537],[-107.25743519824206,48.21534276347963],[-107.25750016522834,48.215301237974636],[-107.25751351730796,48.21530097474869],[-107.25753264560943,48.21527832632985],[-107.25740883296965,48.21520036363615]]]}"
00000000000000002190,5627,0,0,0,"{""type"":""Polygon"",""coordinates"":[[[-107.25747899720625,48.21512302105344],[-107.2574722925461,48.21512319616494],[-107.25744733737127,48.21516386058534],[-107.25740883296965,48.21520036363615],[-107.25753264560943,48.21527832632985],[-107.25753905126764,48.215273742324506],[-107.25758440022337,48.21524157566437],[-107.25761639705756,48.2152096722451],[-107.25747899720625,48.21512302105344]]]}"
00000000000000002194,5628,0,0,0,"{""type"":""Polygon"",""coordinates"":[[[-107.25760348496311,48.21506699386787],[-107.25759717463707,48.21507601817857],[-107.25753162937637,48.215104111480066],[-107.25751861436908,48.21511331090762],[-107.25750526235633,48.21511357413165],[-107.25747899720625,48.21512302105344],[-107.25761639705756,48.2152096722451],[-107.25762941209106,48.21520047278685],[-107.25766174590161,48.21517750559026],[-107.25769384451227,48.21514558646178],[-107.25760348496311,48.21506699386787]]]}"
00000000000000002193,5629,0,0,0,"{""type"":""Polygon"",""coordinates"":[[[-107.25770093144932,48.215002556905844],[-107.25765490219338,48.21502130713348],[-107.25760348496311,48.21506699386787],[-107.25769384451227,48.21514558646178],[-107.25770675763772,48.21513640272964],[-107.2578052220352,48.21509431811426],[-107.25770093144932,48.215002556905844]]]}"
00000000000000002192,5630,0,0,0,"{""type"":""Polygon"",""coordinates"":[[[-107.25779847300821,48.21494256023765],[-107.25777885531382,48.21495191907847],[-107.25775356346003,48.21498364725797],[-107.25772661771317,48.21497967790098],[-107.25770093144932,48.215002556905844],[-107.2578052220352,48.21509431811426],[-107.25786425979281,48.2150708243647],[-107.257909608366,48.215038657684154],[-107.25779847300821,48.21494256023765]]]}"
0000000000000000218a,5631,0,0,0,"{""type"":""Polygon"",""coordinates"":[[[-107.25792320186969,48.214891028703626],[-107.2578701883211,48.21490093096518],[-107.25779847300821,48.21494256023765],[-107.257909608366,48.215038657684154],[-107.25791611583625,48.21503405795124],[-107.25795617196918,48.21503326810102],[-107.25799569378131,48.21501911746109],[-107.25801453537599,48.21499190193085],[-107.25792320186969,48.214891028703626]]]}"
00000000000000002197,5632,0,0,0,"{""type"":""GeometryCollection"",""geometries"":[{""type"":""LineString"",""coordinates"":[[-107.25801430951226,48.21498746378486],[-107.2580145058232,48.214991926212285]]},{""type"":""Polygon"",""coordinates"":[[[-107.25807600237705,48.214870100771144],[-107.25798996184771,48.214889712282115],[-107.2579630160715,48.214885742999265],[-107.25792320186969,48.214891028703626],[-107.25801433815842,48.214987477344486],[-107.25810095787452,48.214981297806425],[-107.25809600173314,48.21486974931939],[-107.25807600237705,48.214870100771144]]]}]}"
0000000000000000219a,5633,0,0,0,"{""type"":""Polygon"",""coordinates"":[[[-107.25822928009062,48.21486262033163],[-107.25809600173314,48.21486974931939],[-107.25810095787452,48.214981297806425],[-107.25820102506974,48.2149792951796],[-107.25820777432325,48.214979191296116],[-107.25824982041327,48.21487117355071],[-107.25823622657029,48.21486694102162],[-107.25822928009062,48.21486262033163]],[[-107.25823622657029,48.21486694102162],[-107.25822311635613,48.214871700198636],[-107.2582368055669,48.214880373030994],[-107.25823622657029,48.21486694102162]]]}"
0000000000000000218f,5634,0,0,0,"{""type"":""Polygon"",""coordinates"":[[[-107.25839844276193,48.21490841460011],[-107.25837110228271,48.21489559628106],[-107.2583504665081,48.21488260278464],[-107.25832322795395,48.214869768731724],[-107.25825642320673,48.214871014110656],[-107.25824982041327,48.21487117355071],[-107.25820777432325,48.214979191296116],[-107.258282594624,48.21500898816121],[-107.25829628390508,48.21501766100582],[-107.25840528740649,48.21491275100587],[-107.25839844276193,48.21490841460011]],[[-107.25832395966995,48.214887554037624],[-107.25831041036982,48.21488339279724],[-107.25831104670081,48.21489673780556],[-107.25832395966995,48.214887554037624]]]}"
00000000000000002199,5635,0,0,0,"{""type"":""Polygon"",""coordinates"":[[[-107.25848209973815,48.21498718133875],[-107.25840528740649,48.21491275100587],[-107.25829628390508,48.21501766100582],[-107.25838509289206,48.21506053952004],[-107.25839217939185,48.21506937180864],[-107.25848894441243,48.21499151774426],[-107.25848209973815,48.21498718133875]]]}"
0000000000000000218b,5636,0,0,0,"{""type"":""Polygon"",""coordinates"":[[[-107.25857813558677,48.21504340350871],[-107.25855085220333,48.21503049820898],[-107.25852317428841,48.215008743732554],[-107.25848894441243,48.21499151774426],[-107.25839217939185,48.21506937180864],[-107.25840630783375,48.215086965109286],[-107.25843378843001,48.21510429505891],[-107.25843432292531,48.21511765584657],[-107.25844811417903,48.21512631295951],[-107.25860581357463,48.215065157981726],[-107.25857813558677,48.21504340350871]]]}"
000000000000000021a3,5637,0,0,0,"{""type"":""Polygon"",""coordinates"":[[[-107.25866708522624,48.21509079336222],[-107.25860581357463,48.215065157981726],[-107.25844811417903,48.21512631295951],[-107.25847583667634,48.21514813878478],[-107.25853750283963,48.215182623488644],[-107.25854458940803,48.215191455784655],[-107.25870224453284,48.215130229286466],[-107.25866708522624,48.21509079336222]]]}"
0000000000000000219f,5638,0,0,0,"{""type"":""Polygon"",""coordinates"":[[[-107.25874487242538,48.21518750498419],[-107.25873074373632,48.21516991170614],[-107.25871695235804,48.21516125462981],[-107.25870238452568,48.215134740885986],[-107.25870224453284,48.215130229286466],[-107.25854458940803,48.215191455784655],[-107.2585867333336,48.21523973985728],[-107.25858736975879,48.21525308495135],[-107.25858814616154,48.2152709416605],[-107.25859499090521,48.215275278079964],[-107.25876584589456,48.215209434666974],[-107.25874487242538,48.21518750498419]]]}"
0000000000000000219e,5639,0,0,0,"{""type"":""Polygon"",""coordinates"":[[[-107.25880299765115,48.215293504544114],[-107.2587888688902,48.21527591124117],[-107.25880138732924,48.21525787813037],[-107.25880036894064,48.215235525547804],[-107.25876584589456,48.215209434666974],[-107.25859499090521,48.215275278079964],[-107.25863703959037,48.21531912186595],[-107.2586650551002,48.2153498126601],[-107.25881008432215,48.21530233683645],[-107.25880299765115,48.215293504544114]]]}"
000000000000000021a1,5640,0,0,0,"{""type"":""Polygon"",""coordinates"":[[[-107.25884582322445,48.21535520497736],[-107.25883159253857,48.215337627387306],[-107.25881746374493,48.2153200340747],[-107.25881008432215,48.21530233683645],[-107.2586650551002,48.2153498126601],[-107.25867233903165,48.21536306958702],[-107.25867554667329,48.215434480875956],[-107.2587096752166,48.215451722654116],[-107.25886635765458,48.215368214195955],[-107.25884582322445,48.21535520497736]]]}"
000000000000000021a9,5641,0,0,0,"{""type"":""Polygon"",""coordinates"":[[[-107.25892166375417,48.215407354155076],[-107.25887330434632,48.21537253487579],[-107.25886635765458,48.215368214195955],[-107.2587096752166,48.215451722654116],[-107.25875745530269,48.21547310991594],[-107.25877114492718,48.2154817827603],[-107.25879872795672,48.215499096994904],[-107.25881989893891,48.215525451417086],[-107.25882650188856,48.21552529193188],[-107.25895541056123,48.21541558831236],[-107.25892166375417,48.215407354155076]]]}"
000000000000000021b3,5642,0,0,0,"{""type"":""Polygon"",""coordinates"":[[[-107.25895541056123,48.21541558831236],[-107.25882650188856,48.21552529193188],[-107.25890098692307,48.21554615230699],[-107.25898187773895,48.21556242850277],[-107.25904358527895,48.215445121342185],[-107.25895541056123,48.21541558831236]]]}"
000000000000000021af,5643,0,0,0,"{""type"":""Polygon"",""coordinates"":[[[-107.25907747222864,48.21545786708526],[-107.25904358527895,48.215445121342185],[-107.25898187773895,48.21556242850277],[-107.25899523012325,48.21556216506177],[-107.2590227115039,48.21557949497874],[-107.25911011006818,48.215591171212886],[-107.25915943900009,48.2154964087727],[-107.25907747222864,48.21545786708526]]]}"
000000000000000021b4,5644,0,0,0,"{""type"":""Polygon"",""coordinates"":[[[-107.25927344047648,48.21550757363293],[-107.25915943900009,48.2154964087727],[-107.25911011006818,48.215591171212886],[-107.25911035198554,48.21559566712367],[-107.25913739420825,48.215604076471415],[-107.25919784617889,48.2156117836365],[-107.25923834277738,48.215619913757735],[-107.25929398162064,48.21551612671217],[-107.25927344047648,48.21550757363293]]]}"
00000000000000002186,5645,0,0,0,"{""type"":""Polygon"",""coordinates"":[[[-107.25929398162064,48.21551612671217],[-107.25923834277738,48.215619913757735],[-107.2593803676656,48.21565731318952],[-107.25940895754823,48.21554957282107],[-107.25929398162064,48.21551612671217]]]}"
00000000000000002185,5646,0,0,0,"{""type"":""Polygon"",""coordinates"":[[[-107.25950266663492,48.215552224173685],[-107.25940895754823,48.21554957282107],[-107.2593803676656,48.21565731318952],[-107.25940741007449,48.2156657224663],[-107.25952122142216,48.21566800631955],[-107.25953587902993,48.215547097253776],[-107.25950266663492,48.215552224173685]]]}"
0000000000000000218c,5647,0,0,0,"{""type"":""Polygon"",""coordinates"":[[[-107.25964250132941,48.215540564417495],[-107.25961555441395,48.21553659557842],[-107.25959579635064,48.2155414432719],[-107.25956889402566,48.21553754569827],[-107.25953587902993,48.215547097253776],[-107.25952122142216,48.21566800631955],[-107.25954792642196,48.21566747927875],[-107.25958798393518,48.215666688703294],[-107.25960167394734,48.21567536145118],[-107.25966178892368,48.215674132043496],[-107.25966236127503,48.2155357009875],[-107.25964250132941,48.215540564417495]]]}"
00000000000000002182,5648,0,0,0,"{""type"":""Polygon"",""coordinates"":[[[-107.25978923847921,48.21553315379945],[-107.25975602603779,48.215538280806825],[-107.259728684234,48.21552546275518],[-107.25966236127503,48.2155357009875],[-107.25966178892368,48.215674132043496],[-107.25966843653079,48.21567404377702],[-107.25972184662999,48.215672989603476],[-107.25978196167925,48.21567176011877],[-107.25981045498811,48.215559579274995],[-107.25978923847921,48.21553315379945]]]}"
0000000000000000216d,5649,0,0,0,"{""type"":""Polygon"",""coordinates"":[[[-107.25995830711275,48.215578961428925],[-107.25994431766941,48.21556587985261],[-107.25986483945987,48.21558080643952],[-107.2598512895089,48.215576645378505],[-107.25983813443241,48.21558133356829],[-107.25982414504935,48.21556825197234],[-107.25981065241962,48.21556400390013],[-107.25978196167925,48.21567176011877],[-107.25979531421665,48.21567149656206],[-107.25985614901562,48.215688210860954],[-107.2598696990073,48.21569237192903],[-107.2599716596418,48.21557869784838],[-107.25995830711275,48.215578961428925]]]}"
00000000000000002173,5650,0,0,0,"{""type"":""Polygon"",""coordinates"":[[[-107.26003293398199,48.21560433253818],[-107.26000564925755,48.21559142754889],[-107.2599716596418,48.21557869784838],[-107.2598696990073,48.21569237192903],[-107.25988329357698,48.215696604274534],[-107.25995059143523,48.21570864731288],[-107.25996472107335,48.215726240566674],[-107.26008853540785,48.215652336931726],[-107.26003293398199,48.21560433253818]]]}"
00000000000000002183,5651,0,0,0,"{""type"":""Polygon"",""coordinates"":[[[-107.26014485685168,48.21571828516748],[-107.2601240794573,48.21570078024516],[-107.26010246764821,48.21566550551222],[-107.26008853540785,48.215652336931726],[-107.25996472107335,48.215726240566674],[-107.25997909275017,48.21574832974274],[-107.2599933242989,48.215765907277415],[-107.26000779158457,48.21579243683555],[-107.26001483414704,48.21580119783135],[-107.26015277847942,48.21574488725019],[-107.26014485685168,48.21571828516748]]]}"
00000000000000002184,5652,0,0,0,"{""type"":""Polygon"",""coordinates"":[[[-107.26019472833028,48.21578874639384],[-107.26016015871888,48.21576258451271],[-107.26015277847942,48.21574488725019],[-107.26001483414704,48.21580119783135],[-107.26003566882203,48.215818615804615],[-107.2600651448957,48.21588057982111],[-107.2600653869295,48.215885075751146],[-107.26023600298079,48.215814732959565],[-107.26023576092545,48.215810237036486],[-107.26019472833028,48.21578874639384]]]}"
000000000000000021b7,5653,0,0,0,"{""type"":""Polygon"",""coordinates"":[[[-107.26029825276844,48.215862649097076],[-107.26028388081333,48.215840559928054],[-107.26025664033413,48.21582772623985],[-107.26023600298079,48.215814732959565],[-107.2600653869295,48.215885075751146],[-107.26006548250983,48.215889516129735],[-107.2600792746632,48.215898173111995],[-107.26012054929339,48.21592415978166],[-107.26016769453425,48.21593220123406],[-107.26020775259778,48.21593141038213],[-107.26021479524613,48.21594017138412],[-107.26031864811759,48.21587114644642],[-107.26029825276844,48.215862649097076]]]}"
000000000000000021a7,5654,0,0,0,"{""type"":""Polygon"",""coordinates"":[[[-107.26038818293064,48.21593231949328],[-107.26036676819149,48.21590146932669],[-107.26035307780573,48.215892796660256],[-107.2603324403626,48.215879803386976],[-107.26031864811759,48.21587114644642],[-107.26021479524613,48.21594017138412],[-107.260290639968,48.21599231995137],[-107.260311232871,48.21600524198111],[-107.26040197522381,48.215940976432655],[-107.26038818293064,48.21593231949328]]]}"
000000000000000021ba,5655,0,0,0,"{""type"":""Polygon"",""coordinates"":[[[-107.26040197522381,48.215940976432655],[-107.260311232871,48.21600524198111],[-107.26037250835141,48.21603087663216],[-107.26037382078881,48.21606209456618],[-107.26040120796294,48.216074983823454],[-107.26049777626982,48.21599270157501],[-107.26040197522381,48.215940976432655]]]}"
00000000000000002181,5656,0,0,0,"{""type"":""Polygon"",""coordinates"":[[[-107.26053982882014,48.21603654502477],[-107.26049777626982,48.21599270157501],[-107.26040120796294,48.216074983823454],[-107.26051055964889,48.216130870093444],[-107.2605873695575,48.216053435600976],[-107.26053982882014,48.21603654502477]]]}"
00000000000000002187,5657,0,0,0,"{""type"":""Polygon"",""coordinates"":[[[-107.2607222548419,48.2160820879582],[-107.26066850582599,48.21607420639017],[-107.26064136058184,48.21606581315592],[-107.26060086256521,48.2160576835938],[-107.2605873695575,48.216053435600976],[-107.26051080173633,48.21613536604229],[-107.2605249318698,48.21615295934311],[-107.26061286897229,48.21617799527758],[-107.26074265049999,48.216090585244906],[-107.2607222548419,48.2160820879582]]]}"
00000000000000002180,5658,0,0,0,"{""type"":""Polygon"",""coordinates"":[[[-107.2608109695747,48.21612498062694],[-107.26077644357821,48.21609889010481],[-107.2607495976821,48.21609490583562],[-107.26074265049999,48.216090585244906],[-107.26061286897229,48.21617799527758],[-107.26063306710384,48.216182067929815],[-107.26063428411054,48.21620884554056],[-107.26065603703967,48.21624863217956],[-107.260676872394,48.21626605014389],[-107.26084515783052,48.216142134802645],[-107.2608109695747,48.21612498062694]]]}"
000000000000000021b9,5659,0,0,0,"{""type"":""Polygon"",""coordinates"":[[[-107.26090765146914,48.21619454675019],[-107.26084515783052,48.216142134802645],[-107.260676872394,48.21626605014389],[-107.26077355423244,48.216335616589255],[-107.26093479694532,48.21620293992371],[-107.26090765146914,48.21619454675019]]]}"
00000000000000002175,5660,0,0,0,"{""type"":""Polygon"",""coordinates"":[[[-107.26098820852647,48.21620188499761],[-107.26094164230301,48.21620727623678],[-107.26093479694532,48.21620293992371],[-107.26077355423244,48.216335616589255],[-107.26078748705369,48.216348785225854],[-107.26078821992611,48.21636657098131],[-107.26086251178023,48.21638300536691],[-107.26092320866226,48.216395207457715],[-107.26100433381677,48.21626411285615],[-107.2609840336355,48.21626005600855],[-107.26096966103296,48.21623796679252],[-107.26100233898349,48.21621947824212],[-107.26098820852647,48.21620188499761]]]}"
0000000000000000217e,5661,0,0,0,"{""type"":""Polygon"",""coordinates"":[[[-107.26108498682923,48.216275891432645],[-107.26100433381677,48.21626411285615],[-107.26092320866226,48.216395207457715],[-107.2609500102665,48.21639912041428],[-107.2609643829067,48.216421209699654],[-107.26098546071024,48.216443123618596],[-107.26103003239426,48.21639309756661],[-107.26107673916059,48.21639221795506],[-107.26113169347529,48.21627501179936],[-107.26108498682923,48.216275891432645]]]}"
000000000000000021e5,5662,0,0,0,"{""type"":""Polygon"",""coordinates"":[[[-107.26113169347529,48.21627501179936],[-107.26107673916059,48.21639221795506],[-107.26109679728536,48.21639177882287],[-107.26117142745757,48.21641714935363],[-107.26121910957811,48.21643855141063],[-107.26125153216094,48.21626370154886],[-107.26113169347529,48.21627501179936]]]}"
0000000000000000223a,5663,0,0,0,"{""type"":""Polygon"",""coordinates"":[[[-107.2613180547898,48.21625788670115],[-107.26125153216094,48.21626370154886],[-107.26121910957811,48.21643855141063],[-107.26123290236883,48.21644720830094],[-107.2613137982362,48.2164634826815],[-107.26141411504967,48.21646597243377],[-107.2613180547898,48.21625788670115]]]}"
00000000000000002218,5664,0,0,0,"{""type"":""Polygon"",""coordinates"":[[[-107.26141079241638,48.2162382544666],[-107.2613180547898,48.21625788670115],[-107.26141411504967,48.21646597243377],[-107.26145417422143,48.21646518102574],[-107.26150016080045,48.21644635713708],[-107.2615586652873,48.216409499383396],[-107.26141079241638,48.2162382544666]]]}"
000000000000000021e6,5665,0,0,0,"{""type"":""Polygon"",""coordinates"":[[[-107.26153019142244,48.21621802324892],[-107.26151033093282,48.21622288714183],[-107.26145769680402,48.21624179934608],[-107.26141079241638,48.2162382544666],[-107.2615586652873,48.216409499383396],[-107.26157832824342,48.21640021077404],[-107.26161008195373,48.21636380938492],[-107.26162309701284,48.21635460918381],[-107.26163601018492,48.21634542471198],[-107.26164902523448,48.216336224510805],[-107.26166198297494,48.21632711131796],[-107.26153019142244,48.21621802324892]]]}"
00000000000000002217,5666,0,0,0,"{""type"":""Polygon"",""coordinates"":[[[-107.26162190896888,48.21617603791682],[-107.26159637614909,48.216203271862696],[-107.26153019142244,48.21621802324892],[-107.26166198297494,48.21632711131796],[-107.26167499801495,48.21631791111668],[-107.26171888681564,48.21625446830238],[-107.26173932759752,48.21626303667018],[-107.26176667122624,48.21627585428185],[-107.26178545428024,48.216248724404224],[-107.26162190896888,48.21617603791682]]]}"
0000000000000000217b,5667,0,0,0,"{""type"":""Polygon"",""coordinates"":[[[-107.261692605453,48.216112051905725],[-107.26162190896888,48.21617603791682],[-107.26178545428024,48.216248724404224],[-107.26180409694376,48.21621708285917],[-107.26184866763064,48.21616705666639],[-107.26185483706448,48.21615352023054],[-107.261692605453,48.216112051905725]]]}"
0000000000000000231c,5668,0,0,0,"{""type"":""Polygon"",""coordinates"":[[[-107.261742510311,48.21603071956341],[-107.26171857805656,48.216093738581975],[-107.261692605453,48.216112051905725],[-107.26185483706448,48.21615352023054],[-107.26187837381558,48.21608165179346],[-107.26187759582572,48.216063794877314],[-107.26187701551457,48.21605036262251],[-107.261742510311,48.21603071956341]]]}"
00000000000000002165,5669,0,0,0,"{""type"":""Polygon"",""coordinates"":[[[-107.26174536427236,48.21594578707603],[-107.26175488766069,48.21600817416784],[-107.26174226807053,48.216026223630465],[-107.261742510311,48.21603071956341],[-107.26187701551457,48.21605036262251],[-107.26189953187877,48.21595614151649],[-107.26174536427236,48.21594578707603]]]}"
00000000000000002176,5670,0,0,0,"{""type"":""Polygon"",""coordinates"":[[[-107.26176147530066,48.215856150516714],[-107.26174458634374,48.21592793020315],[-107.26174536427236,48.21594578707603],[-107.26189953187877,48.21595614151649],[-107.26189933419657,48.21595171686919],[-107.26189802044917,48.21592049905445],[-107.26189744012738,48.21590706683645],[-107.2619087970827,48.21586216870991],[-107.26176147530066,48.215856150516714]]]}"
00000000000000002164,5671,0,0,0,"{""type"":""Polygon"",""coordinates"":[[[-107.26174427733095,48.21576720148222],[-107.26174005912979,48.21582530073718],[-107.26176744702997,48.21583818952859],[-107.26176147530066,48.215856150516714],[-107.2619087970827,48.21586216870991],[-107.26190835713668,48.21585324815326],[-107.26190738144162,48.21583096667791],[-107.26190650762733,48.21580866948254],[-107.26190470934233,48.215768459932185],[-107.26174427733095,48.21576720148222]]]}"
00000000000000002160,5672,0,0,0,"{""type"":""Polygon"",""coordinates"":[[[-107.26174635326922,48.21566441263678],[-107.26172693296715,48.21567819704376],[-107.26174878896038,48.215717967276554],[-107.26174427733095,48.21576720148222],[-107.26190470934233,48.215768459932185],[-107.26190193536065,48.21570596898973],[-107.26190173767644,48.21570154436341],[-107.26174635326922,48.21566441263678]]]}"
00000000000000002177,5673,0,0,0,"{""type"":""Polygon"",""coordinates"":[[[-107.26176775361124,48.215543399270125],[-107.26174853104696,48.21556160826306],[-107.26172969106985,48.2155888247783],[-107.26174635326922,48.21566441263678],[-107.26190173767644,48.21570154436341],[-107.26191465057623,48.2156923599745],[-107.26195437104666,48.2156826321283],[-107.26197335135174,48.215659927151734],[-107.26197985873107,48.215655327091646],[-107.26176775361124,48.215543399270125]]]}"
00000000000000002179,5674,0,0,0,"{""type"":""Polygon"",""coordinates"":[[[-107.26181378358093,48.21552464686755],[-107.26178639587046,48.215511758160986],[-107.26177406330928,48.21553437462147],[-107.26176775361124,48.215543399270125],[-107.26197985873107,48.215655327091646],[-107.26200622632855,48.21564586309968],[-107.26205875774468,48.21562696655859],[-107.26207808214116,48.215608741752725],[-107.26209021688057,48.215581700608986],[-107.26209594612816,48.21555924380746],[-107.26183980693996,48.215510702787945],[-107.26183354183539,48.215519798714354],[-107.26181378358093,48.21552464686755]],[[-107.26183354183539,48.215519798714354],[-107.26184058492706,48.21552855951762],[-107.26185359964873,48.215519359439206],[-107.26183354183539,48.215519798714354]]]}"
000000000000000014d1,5675,0,0,0,"{""type"":""Polygon"",""coordinates"":[[[-107.26208369242683,48.215434437963964],[-107.26208335431247,48.21542550175207],[-107.26207650886886,48.215421165586704],[-107.26185140604447,48.215470300892235],[-107.26185238171807,48.21549258221665],[-107.26183980693996,48.215510702787945],[-107.26209594612816,48.21555924380746],[-107.26210832312576,48.21553669857635],[-107.26208369242683,48.215434437963964]]]}"
00000000000000002166,5676,0,0,0,"{""type"":""Polygon"",""coordinates"":[[[-107.26205523297767,48.21539482774087],[-107.26204056632106,48.215363874135846],[-107.26202643549223,48.215346281338356],[-107.26201934779445,48.2153374493021],[-107.26184731839307,48.21537659280458],[-107.2618820871971,48.21540717845029],[-107.26185038579317,48.21544794829944],[-107.26185140604447,48.215470300892235],[-107.26207650886886,48.215421165586704],[-107.26205523297767,48.21539482774087]]]}"
00000000000000002162,5677,0,0,0,"{""type"":""Polygon"",""coordinates"":[[[-107.26201186469994,48.21531976807893],[-107.26197773347937,48.21530252758548],[-107.26196947235599,48.215266989725514],[-107.26194208472464,48.215254101124195],[-107.26192154857047,48.2152410926352],[-107.26177147133482,48.21532444613369],[-107.26177875662371,48.21533770278415],[-107.2618404730035,48.21537225662503],[-107.26184731839307,48.21537659280458],[-107.26201934779445,48.2153374493021],[-107.26201186469994,48.21531976807893]]]}"
0000000000000000215d,5678,0,0,0,"{""type"":""Polygon"",""coordinates"":[[[-107.26191450550088,48.215232331884955],[-107.26184598843766,48.215193513292824],[-107.2618317559091,48.215175936247945],[-107.26169469353754,48.21525008948972],[-107.26170868376343,48.21526317071301],[-107.26170946169341,48.21528102736156],[-107.26174379033624,48.215302692542885],[-107.26176442829865,48.21531568535778],[-107.26177147133482,48.21532444613369],[-107.26192154857047,48.2152410926352],[-107.26191450550088,48.215232331884955]]]}"
0000000000000000217f,5679,0,0,0,"{""type"":""Polygon"",""coordinates"":[[[-107.26182491055708,48.2151716000828],[-107.26178980397572,48.21513207838083],[-107.26180922396178,48.21511829411157],[-107.2618218943978,48.21510461398774],[-107.26159082828954,48.21516725304696],[-107.26163870700067,48.21519307900124],[-107.2616807606255,48.21523692126078],[-107.26169469353754,48.21525008948972],[-107.2618317559091,48.215175936247945],[-107.26182491055708,48.2151716000828]]]}"
0000000000000000215e,5680,0,0,0,"{""type"":""MultiPolygon"",""coordinates"":[[[[-107.26152891499217,48.21512827458112],[-107.26153595792327,48.21513703534592],[-107.26154897252894,48.21512783537988],[-107.26152891499217,48.21512827458112]]],[[[-107.26218956992236,48.21480258371931],[-107.26215713574682,48.21482556796862],[-107.2620723116712,48.214871960049386],[-107.26199317204053,48.21489582431113],[-107.26194826508834,48.21493691319115],[-107.26193569055947,48.21495503357818],[-107.2619032115989,48.214977946536166],[-107.26187830472979,48.21501868317896],[-107.2618452899506,48.21502823542927],[-107.26179896714746,48.21503812278284],[-107.26179465343259,48.215091780926876],[-107.26154270744772,48.21513693122082],[-107.26158407875607,48.21516735717572],[-107.26159082828954,48.21516725304696],[-107.2618218943978,48.21510461398774],[-107.26182179859802,48.2151001736824],[-107.26186768154002,48.2150813658775],[-107.2618869037988,48.21506315703391],[-107.26194031427916,48.21506210162886],[-107.26197241063838,48.21503018119693],[-107.2619973620169,48.21498951579967],[-107.26206290696052,48.2149614195187],[-107.26207581956768,48.21495223524414],[-107.26215481892291,48.21492385931912],[-107.26220647525942,48.214882666184934],[-107.26223254268864,48.21486879345797],[-107.26223142633133,48.214842000848144],[-107.26218956992236,48.21480258371931]]]]}"
00000000000000002c8a,5680,0,0,0,"{""type"":""Polygon"",""coordinates"":[[[-107.26179231950108,48.21503821119675],[-107.26176761016629,48.21508337243551],[-107.26154897252894,48.21512783537988],[-107.26153595792327,48.21513703534592],[-107.26154270744772,48.21513693122082],[-107.26179465343259,48.215091780926876],[-107.26179896714746,48.21503812278284],[-107.26179231950108,48.21503821119675]]]}"
0000000000000000215f,5680,0,0,0,"{""type"":""MultiPolygon"",""coordinates"":[[[[-107.26153595792327,48.21513703534592],[-107.26153620014345,48.215141531204274],[-107.26154270744772,48.21513693122082],[-107.26153595792327,48.21513703534592]]],[[[-107.26173813118804,48.21502140994989],[-107.26169176384387,48.21503122597229],[-107.26167821360575,48.21502706521963],[-107.26155508453752,48.215114386238824],[-107.26154897252894,48.21512783537988],[-107.26176761016629,48.21508337243551],[-107.26179231950108,48.21503821119675],[-107.26179896714746,48.21503812278284],[-107.26179862909649,48.21502918663534],[-107.26173813118804,48.21502140994989]]]]}"
00000000000000002c8b,5680,0,0,0,"{""type"":""Polygon"",""coordinates"":[[[-107.26179231950108,48.21503821119675],[-107.26176761016629,48.21508337243551],[-107.26154897252894,48.21512783537988],[-107.26153595792327,48.21513703534592],[-107.26154270744772,48.21513693122082],[-107.26179465343259,48.215091780926876],[-107.26179896714746,48.21503812278284],[-107.26179231950108,48.21503821119675]]]}"
0000000000000000215b,5681,0,0,0,"{""type"":""Polygon"",""coordinates"":[[[-107.26162911726006,48.21497446239577],[-107.26158828174474,48.21495739726799],[-107.26147195352105,48.21504898295796],[-107.26148598814146,48.215062135446],[-107.26146656813712,48.2150759196357],[-107.26148710394216,48.215088928190205],[-107.26152702131635,48.21508362522669],[-107.2615276015195,48.215097057240676],[-107.26152804138192,48.21510597767357],[-107.26155508453752,48.215114386238824],[-107.26167821360575,48.21502706521963],[-107.26162911726006,48.21497446239577]]]}"
0000000000000000217c,5682,0,0,0,"{""type"":""Polygon"",""coordinates"":[[[-107.26157468698361,48.21495316522793],[-107.26151908366751,48.21490516237792],[-107.2615055908214,48.21490091460266],[-107.26138819153529,48.21496577867137],[-107.26140936470217,48.214992132201246],[-107.26147195352105,48.21504898295796],[-107.26158828174474,48.21495739726799],[-107.26157468698361,48.21495316522793]]]}"
0000000000000000216e,5683,0,0,0,"{""type"":""Polygon"",""coordinates"":[[[-107.26144411793248,48.21487085665802],[-107.26140949044421,48.21484478270134],[-107.26129815876826,48.21489612623266],[-107.2613054437814,48.21490938281859],[-107.26134691642957,48.21493979302986],[-107.26138794933237,48.21496128282716],[-107.26138819153529,48.21496577867137],[-107.2615055908214,48.21490091460266],[-107.26144411793248,48.21487085665802]]]}"
0000000000000000215c,5684,0,0,0,"{""type"":""Polygon"",""coordinates"":[[[-107.26136787749034,48.214809861011396],[-107.26134612431001,48.21477007562306],[-107.26121469098021,48.2148217868525],[-107.26122882112244,48.214839379612286],[-107.26127684544244,48.2148652611572],[-107.26129815876826,48.21489612623266],[-107.26140949044421,48.21484478270134],[-107.26136787749034,48.214809861011396]]]}"
0000000000000000216f,5685,0,0,0,"{""type"":""GeometryCollection"",""geometries"":[{""type"":""LineString"",""coordinates"":[[-107.26114441947509,48.21474279750832],[-107.26115109639714,48.21474266612613]]},{""type"":""Polygon"",""coordinates"":[[[-107.26131878200984,48.21475725822309],[-107.26129600898174,48.21469512057268],[-107.26115112781036,48.214742655114144],[-107.26120687050458,48.21479516961211],[-107.26121469098021,48.2148217868525],[-107.26134612431001,48.21477007562306],[-107.26131878200984,48.21475725822309]]]}]}"
00000000000000002171,5686,0,0,0,"{""type"":""Polygon"",""coordinates"":[[[-107.26128070587475,48.21465082233459],[-107.26128036794435,48.214641886247676],[-107.26125244566462,48.21461563695769],[-107.26110047753558,48.214654339353245],[-107.26112198816648,48.214689628897126],[-107.26111592069135,48.21470314918076],[-107.26114442296118,48.21474283048559],[-107.26129600898174,48.21469512057268],[-107.26128070587475,48.21465082233459]]]}"
0000000000000000216c,5687,0,0,0,"{""type"":""Polygon"",""coordinates"":[[[-107.26122418551353,48.21458045159441],[-107.26115498887752,48.21452821677793],[-107.26105070084787,48.21458832039792],[-107.26109241500636,48.2146232263679],[-107.26108644325136,48.21464118690182],[-107.26110047753558,48.214654339353245],[-107.26125244566462,48.21461563695769],[-107.26122418551353,48.21458045159441]]]}"
00000000000000002169,5688,0,0,0,"{""type"":""Polygon"",""coordinates"":[[[-107.261134351678,48.21451522400629],[-107.26111381637395,48.21450221550483],[-107.2611133766053,48.21449329516957],[-107.26109196179713,48.21446244600639],[-107.2611045364276,48.21444432589615],[-107.26106472175441,48.214449612870965],[-107.26103899241366,48.21447242122446],[-107.26102520038393,48.214463764610436],[-107.26095592159442,48.214558949359386],[-107.26097587682466,48.21455852602141],[-107.2609896688682,48.214567182657696],[-107.26104365816013,48.21457955968231],[-107.26105070084787,48.21458832039792],[-107.26115498887752,48.21452821677793],[-107.261134351678,48.21451522400629]]]}"
00000000000000002168,5689,0,0,0,"{""type"":""Polygon"",""coordinates"":[[[-107.26097766117498,48.21444687472023],[-107.26090327726271,48.214426000681236],[-107.26083375619858,48.21451668946822],[-107.26090911532093,48.21455984454945],[-107.26094256929274,48.21455921306595],[-107.26095592159442,48.214558949359386],[-107.26102520038393,48.214463764610436],[-107.26097766117498,48.21444687472023]],[[-107.2609216900527,48.2145417244272],[-107.26090149269776,48.21453765194237],[-107.26090857990815,48.214546483939834],[-107.2609216900527,48.2145417244272]]]}"
00000000000000002172,5690,0,0,0,"{""type"":""Polygon"",""coordinates"":[[[-107.26084865104973,48.214400278759086],[-107.26081432405218,48.21437861358594],[-107.2607174166686,48.21445641343783],[-107.26072416600977,48.214456309376274],[-107.26077932750569,48.21449539199383],[-107.2608270068385,48.214516793538074],[-107.26083375619858,48.21451668946822],[-107.26090327726271,48.214426000681236],[-107.26084865104973,48.214400278759086]]]}"
00000000000000002170,5691,0,0,0,"{""type"":""Polygon"",""coordinates"":[[[-107.26080747903413,48.2143742774052],[-107.26077348990985,48.21436154826921],[-107.26075241333619,48.21433963513556],[-107.26071784436026,48.214313474156356],[-107.26060166375127,48.21440511319597],[-107.260622058473,48.214413610262454],[-107.26067658253316,48.21443934805459],[-107.2607174166686,48.21445641343783],[-107.26081432405218,48.21437861358594],[-107.26080747903413,48.2143742774052]]]}"
00000000000000001619,5692,0,0,0,"{""type"":""Polygon"",""coordinates"":[[[-107.26066321854634,48.21428775217337],[-107.26060242963749,48.214271110072154],[-107.26059548280321,48.21426678961106],[-107.2604992572305,48.21435800518929],[-107.26051304901989,48.21436666186763],[-107.26058122446993,48.21439654484913],[-107.26059491442832,48.214405217248355],[-107.26060166375127,48.21440511319597],[-107.26071784436026,48.214313474156356],[-107.26066321854634,48.21428775217337]]]}"
00000000000000001617,5693,0,0,0,"{""type"":""Polygon"",""coordinates"":[[[-107.26054129684564,48.21424998787426],[-107.2605135731109,48.21422816304761],[-107.26048633360753,48.214215329791315],[-107.26038346061655,48.21430663348071],[-107.260390305541,48.214310969688505],[-107.26043778670046,48.214327946849316],[-107.2604654658626,48.21434970046201],[-107.2604992572305,48.21435800518929],[-107.26059548280321,48.21426678961106],[-107.26054129684564,48.21424998787426]]]}"
000000000000000021a8,5694,0,0,0,"{""type"":""Polygon"",""coordinates"":[[[-107.26045234485512,48.2142026005705],[-107.26045112789923,48.21417582397256],[-107.26041053638953,48.21416325433438],[-107.26040344940073,48.214154422358575],[-107.26027391686821,48.21424632434443],[-107.2602941138576,48.21425039694809],[-107.26035578155731,48.214284879859505],[-107.26038346061655,48.21430663348071],[-107.26048633360753,48.214215329791315],[-107.26045234485512,48.2142026005705]]]}"
00000000000000001621,5695,0,0,0,"{""type"":""Polygon"",""coordinates"":[[[-107.26039538758356,48.21412330959092],[-107.26034066682497,48.21409314727314],[-107.2603337200726,48.21408882680558],[-107.26019666123935,48.21416297629406],[-107.26022400239312,48.21417579389852],[-107.2602243400727,48.21418472991669],[-107.2602384693782,48.214202322631394],[-107.26025337594557,48.21423777167469],[-107.26027391686821,48.21424632434443],[-107.26040344940073,48.214154422358575],[-107.26039538758356,48.21412330959092]]]}"
00000000000000001618,5696,0,0,0,"{""type"":""Polygon"",""coordinates"":[[[-107.2603202278277,48.21408457891411],[-107.26024520847962,48.21405035970105],[-107.26019742848833,48.21402897375284],[-107.26010771022804,48.21411558872421],[-107.26019666123935,48.21416297629406],[-107.2603337200726,48.21408882680558],[-107.2603202278277,48.21408457891411]]]}"
0000000000000000161d,5697,0,0,0,"{""type"":""Polygon"",""coordinates"":[[[-107.26016994727159,48.21401164467631],[-107.26006842186413,48.213982377023044],[-107.26000516549702,48.21406396889696],[-107.2600256043388,48.21407253732365],[-107.26005935062472,48.214080770898214],[-107.26007338419288,48.214093923378464],[-107.26010062334315,48.21410675673138],[-107.26010771022804,48.21411558872421],[-107.26019742848833,48.21402897375284],[-107.26016994727159,48.21401164467631]]]}"
00000000000000001622,5698,0,0,0,"{""type"":""Polygon"",""coordinates"":[[[-107.26005473225487,48.21397370460927],[-107.2599674318113,48.21396646974496],[-107.25992703836292,48.21395832442659],[-107.25987771341131,48.21405308440252],[-107.25989130740243,48.214057316630296],[-107.25999856272583,48.21406412845426],[-107.26000516549702,48.21406396889696],[-107.26006842186413,48.213982377023044],[-107.26005473225487,48.21397370460927]]]}"
0000000000000000161e,5699,0,0,0,"{""type"":""Polygon"",""coordinates"":[[[-107.259886543076,48.21395019481813],[-107.25985983921693,48.21395072190705],[-107.25984648729009,48.213950985448655],[-107.25981900639883,48.21393365628899],[-107.2597921051303,48.213929758869675],[-107.25976307852193,48.21402857571012],[-107.25977662790281,48.21403273667616],[-107.25982377052969,48.21404077807595],[-107.25987771341131,48.21405308440252],[-107.25992703836292,48.21395832442659],[-107.259886543076,48.21395019481813]]]}"
0000000000000000161c,5700,0,0,0,"{""type"":""Polygon"",""coordinates"":[[[-107.25971806143544,48.213917820026964],[-107.25965130197935,48.21391913761253],[-107.25963518755971,48.21400877061876],[-107.25972909045637,48.21401584626084],[-107.25976307852193,48.21402857571012],[-107.2597921051303,48.213929758869675],[-107.25971806143544,48.213917820026964]]]}"
00000000000000002189,5701,0,0,0,"{""type"":""Polygon"",""coordinates"":[[[-107.25962479562985,48.21392408912197],[-107.25956356907353,48.21389852618209],[-107.2595235134812,48.213899316672205],[-107.25950133097713,48.21400246964117],[-107.25963518755971,48.21400877061876],[-107.25965130197935,48.21391913761253],[-107.25962479562985,48.21392408912197]]]}"
0000000000000000161a,5702,0,0,0,"{""type"":""Polygon"",""coordinates"":[[[-107.25940354419514,48.213906112528],[-107.25938344320504,48.2139064799656],[-107.25937465678948,48.2140094407293],[-107.25939485335117,48.21401351351469],[-107.25942121963715,48.21400405055981],[-107.25943457152263,48.214003787078134],[-107.25946127529903,48.214003260109045],[-107.25948797908264,48.21400273313237],[-107.25950133097713,48.21400246964117],[-107.2595235134812,48.213899316672205],[-107.25940354419514,48.213906112528]]]}"
00000000000000001626,5703,0,0,0,"{""type"":""Polygon"",""coordinates"":[[[-107.25935013682235,48.213907166420135],[-107.25929726431619,48.21392158075365],[-107.25924365960744,48.213918210095656],[-107.25925468731808,48.214016236417976],[-107.25928799376501,48.21401554999352],[-107.25930100817898,48.21400635053226],[-107.2593146975082,48.214015023065926],[-107.25934106379209,48.21400556013283],[-107.25935446023675,48.214005367939734],[-107.25936781211321,48.21400510446755],[-107.25937465678948,48.2140094407293],[-107.25938344320504,48.2139064799656],[-107.25935013682235,48.213907166420135]]]}"
00000000000000001625,5704,0,0,0,"{""type"":""Polygon"",""coordinates"":[[[-107.25924365960744,48.213918210095656],[-107.25920360413025,48.213919000449685],[-107.25917015135671,48.21391963128928],[-107.25913606832793,48.213902461427764],[-107.25911587191217,48.21389838859279],[-107.25910737762548,48.21401021405642],[-107.25925468731808,48.214016236417976],[-107.25924365960744,48.213918210095656]]]}"
0000000000000000218d,5705,0,0,0,"{""type"":""Polygon"",""coordinates"":[[[-107.25907537723387,48.213890258636006],[-107.2589954638438,48.21389626366996],[-107.25898211205946,48.213896527087485],[-107.25896613619636,48.21399067148096],[-107.25902648995125,48.21399393836467],[-107.2590940257842,48.21401047749152],[-107.25910737762548,48.21401021405642],[-107.25911587191217,48.21389838859279],[-107.25907537723387,48.213890258636006]]]}"
0000000000000000218e,5706,0,0,0,"{""type"":""Polygon"",""coordinates"":[[[-107.2589015621568,48.213889187295756],[-107.2588748586217,48.21388971410191],[-107.2588481550938,48.21389024090046],[-107.25883247811689,48.21398879404092],[-107.25883912536234,48.21398870584385],[-107.25886549160788,48.21397924304703],[-107.25893258798078,48.21398686201492],[-107.25896613619636,48.21399067148096],[-107.25898211205946,48.213896527087485],[-107.2589015621568,48.213889187295756]]]}"
00000000000000001628,5707,0,0,0,"{""type"":""Polygon"",""coordinates"":[[[-107.25880785792545,48.21388653531681],[-107.25872653172506,48.213861339139804],[-107.2586857039088,48.21399613151242],[-107.25870600210595,48.21400018872245],[-107.25872653575477,48.21401319765724],[-107.25883247811689,48.21398879404092],[-107.2588481550938,48.21389024090046],[-107.25880785792545,48.21388653531681]]]}"
00000000000000002198,5708,0,0,0,"{""type"":""Polygon"",""coordinates"":[[[-107.2586655038051,48.21384020011013],[-107.25861796769163,48.21382330917245],[-107.258537281639,48.21396331597706],[-107.2585574778953,48.21396738894278],[-107.25859797230817,48.21397551913658],[-107.25865171665026,48.21398340166913],[-107.25867885936795,48.21399179519922],[-107.2586857039088,48.21399613151242],[-107.25872653172506,48.213861339139804],[-107.2586655038051,48.21384020011013]]]}"
00000000000000001629,5709,0,0,0,"{""type"":""Polygon"",""coordinates"":[[[-107.25861112319365,48.21381897286751],[-107.25858364334943,48.21380164337103],[-107.2584958104809,48.21378104668744],[-107.25841556330099,48.21392997355119],[-107.25843609674516,48.21394298253601],[-107.25851708539166,48.21395924300718],[-107.258537281639,48.21396331597706],[-107.25861796769163,48.21382330917245],[-107.25861112319365,48.21381897286751]]]}"
00000000000000002188,5710,0,0,0,"{""type"":""Polygon"",""coordinates"":[[[-107.25846202082907,48.21377274130225],[-107.25843434385509,48.21375098729405],[-107.25837385097974,48.21374320854942],[-107.25829340625857,48.21388771071912],[-107.25832729130097,48.213900456399735],[-107.2583677854878,48.213908586686046],[-107.25841556330099,48.21392997355119],[-107.2584958104809,48.21378104668744],[-107.25846202082907,48.21377274130225]]]}"
0000000000000000162d,5711,0,0,0,"{""type"":""Polygon"",""coordinates"":[[[-107.25834695043324,48.21373931072095],[-107.25830631648473,48.213726668965755],[-107.2582393611226,48.21372356105168],[-107.25817182865069,48.21385887950449],[-107.25819872921146,48.21386277739047],[-107.25821265988166,48.21387594583911],[-107.2582731082603,48.21388365342546],[-107.25829340625857,48.21388771071912],[-107.25837385097974,48.21374320854942],[-107.25834695043324,48.21373931072095]]]}"
0000000000000000162a,5712,0,0,0,"{""type"":""Polygon"",""coordinates"":[[[-107.25821936235401,48.21372391251076],[-107.25816517967682,48.213707109522495],[-107.25809127821786,48.21369968089655],[-107.25803952739068,48.213888288927826],[-107.25804612999437,48.21388812951],[-107.25806501547072,48.213860985847276],[-107.25807759091845,48.21384286631895],[-107.25809127971853,48.21385153901364],[-107.25817182865069,48.21385887950449],[-107.2582393611226,48.21372356105168],[-107.25821936235401,48.21372391251076]]]}"
0000000000000000162e,5713,0,0,0,"{""type"":""Polygon"",""coordinates"":[[[-107.25799073101332,48.21369269175891],[-107.25797684508473,48.213679594596755],[-107.2579432976192,48.21367578478848],[-107.25793776462379,48.213854523208724],[-107.2579715540329,48.21386282879741],[-107.25799879165591,48.21387566272918],[-107.25803952739068,48.213888288927826],[-107.25809127821786,48.21369968089655],[-107.25799073101332,48.21369269175891]]]}"
000000000000000026ec,5714,0,0,0,"{""type"":""Polygon"",""coordinates"":[[[-107.25790300117913,48.213672078821645],[-107.25788183198553,48.21364572507611],[-107.25786173146344,48.21364609218146],[-107.25784881890982,48.21365527566099],[-107.25778239859844,48.213817385899226],[-107.25784352724986,48.213838509785695],[-107.2578635259998,48.21383815840459],[-107.25787687760412,48.21383789514746],[-107.25789066819752,48.213846552147594],[-107.25793776462379,48.213854523208724],[-107.2579432976192,48.21367578478848],[-107.25790300117913,48.213672078821645]]]}"
0000000000000000219b,5715,0,0,0,"{""type"":""Polygon"",""coordinates"":[[[-107.257683982467,48.21370768248034],[-107.25768461859177,48.21372102720118],[-107.25772501028334,48.21372917347085],[-107.25777555426292,48.2138130495311],[-107.25778239859844,48.213817385899226],[-107.25784881890982,48.21365527566099],[-107.257683982467,48.21370768248034]]]}"
000000000000000021a0,5716,0,0,0,"{""type"":""Polygon"",""coordinates"":[[[-107.25780788637223,48.213638224952774],[-107.25778647552013,48.21360737545122],[-107.25762669646325,48.213619454441094],[-107.25763411953822,48.21363722250756],[-107.257683842587,48.21370317099828],[-107.257683982467,48.21370768248034],[-107.25784881890982,48.21365527566099],[-107.25786173146344,48.21364609218146],[-107.25780788637223,48.213638224952774]]]}"
000000000000000015fb,5717,0,0,0,"{""type"":""Polygon"",""coordinates"":[[[-107.25762218045956,48.213516828979394],[-107.25761038095364,48.21355280448454],[-107.257610819876,48.21356172469856],[-107.25761179302751,48.21358400532538],[-107.25762669646325,48.213619454441094],[-107.25778647552013,48.21360737545122],[-107.25777929412861,48.21359410315638],[-107.25781089489514,48.21355335177422],[-107.25762218045956,48.213516828979394]]]}"
00000000000000001616,5718,0,0,0,"{""type"":""Polygon"",""coordinates"":[[[-107.25765140871287,48.213422438086454],[-107.2576332039538,48.21346299737528],[-107.25762174153384,48.21350790877309],[-107.25762218045956,48.213516828979394],[-107.25781089489514,48.21355335177422],[-107.2578287624459,48.21350385645743],[-107.25783381279689,48.213467984810954],[-107.25765140871287,48.213422438086454]]]}"
00000000000000001613,5719,0,0,0,"{""type"":""Polygon"",""coordinates"":[[[-107.2577144255903,48.213336352969534],[-107.2577080202998,48.213340936809225],[-107.25769568667434,48.21336355184395],[-107.25767602528597,48.21337283908485],[-107.25765140871287,48.213422438086454],[-107.25783381279689,48.213467984810954],[-107.25784463878085,48.213409728785116],[-107.25787080734933,48.21339584192327],[-107.25787731451288,48.21339124234375],[-107.2577144255903,48.213336352969534]]]}"
0000000000000000161f,5720,0,0,0,"{""type"":""Polygon"",""coordinates"":[[[-107.25777083972817,48.21325042735235],[-107.25773408695724,48.21332706572772],[-107.2577144255903,48.213336352969534],[-107.25787731451288,48.21339124234375],[-107.25791479868687,48.2133323886141],[-107.25793402104084,48.213314181162],[-107.25777083972817,48.21325042735235]]]}"
00000000000000001612,5721,0,0,0,"{""type"":""Polygon"",""coordinates"":[[[-107.25785444609666,48.213177264388946],[-107.25784837795747,48.213190784096035],[-107.25780987602158,48.213227285882404],[-107.257810314997,48.21323620603922],[-107.25777059796268,48.213245931633836],[-107.25777083972817,48.21325042735235],[-107.25793402104084,48.213314181162],[-107.25794659632156,48.21329606184253],[-107.25797208399239,48.21326875910299],[-107.25798509826018,48.21325955995378],[-107.25799801065216,48.213250376528784],[-107.25801102491042,48.213241177379494],[-107.25785444609666,48.213177264388946]]]}"
00000000000000001627,5722,0,0,0,"{""type"":""Polygon"",""coordinates"":[[[-107.25792465006683,48.2130999958404],[-107.25789343151357,48.21314975403941],[-107.25786075600843,48.21316824039604],[-107.25785444609666,48.213177264388946],[-107.25801102491042,48.213241177379494],[-107.25802393729288,48.21323199395445],[-107.25804835608454,48.21317797061557],[-107.25806753374802,48.21315969191635],[-107.25792465006683,48.2130999958404]]]}"
0000000000000000162b,5723,0,0,0,"{""type"":""Polygon"",""coordinates"":[[[-107.25801514471799,48.21303124053063],[-107.2580090766557,48.21304476020858],[-107.25792421106165,48.213091075707865],[-107.25792465006683,48.2130999958404],[-107.25806753374802,48.21315969191635],[-107.25814433987215,48.21308226382698],[-107.25801514471799,48.21303124053063]]]}"
00000000000000001607,5724,0,0,0,"{""type"":""Polygon"",""coordinates"":[[[-107.25807816025196,48.21294515584629],[-107.25803223551851,48.212963889733416],[-107.2580463630348,48.212981482409646],[-107.25801514471799,48.21303124053063],[-107.25814433987215,48.21308226382698],[-107.25814414262561,48.2130778394015],[-107.25817050817301,48.2130683769763],[-107.25817657619223,48.21305485728321],[-107.25819619282274,48.21304549872403],[-107.25820250264994,48.213036474733315],[-107.25822211926942,48.21302711617238],[-107.25807816025196,48.21294515584629]]]}"
00000000000000001623,5725,0,0,0,"{""type"":""Polygon"",""coordinates"":[[[-107.25818914904508,48.21288488226855],[-107.25811763520234,48.21293093449705],[-107.25807816025196,48.21294515584629],[-107.25822211926942,48.21302711617238],[-107.25824818565243,48.21301324504063],[-107.25830601102294,48.21295852011786],[-107.25818914904508,48.21288488226855]]]}"
0000000000000000160e,5726,0,0,0,"{""type"":""Polygon"",""coordinates"":[[[-107.25827333313832,48.212825150966054],[-107.25823469189785,48.21285714124666],[-107.25821463629359,48.21285757968775],[-107.25818914904508,48.21288488226855],[-107.25830601102294,48.21295852011786],[-107.25831241621167,48.212953936274026],[-107.25832543032641,48.21294473713736],[-107.25833834256595,48.21293555372519],[-107.25835135667113,48.21292635458845],[-107.25839650498244,48.21288976465028],[-107.25827333313832,48.212825150966054]]]}"
00000000000000001624,5727,0,0,0,"{""type"":""Polygon"",""coordinates"":[[[-107.25837053106947,48.212756220554326],[-107.25837111016102,48.21276965202406],[-107.25830532733278,48.212793248842786],[-107.25827984017408,48.21282055141216],[-107.25827333313832,48.212825150966054],[-107.25839650498244,48.21288976465028],[-107.2584673376221,48.212830296492704],[-107.2584801098187,48.212816601680245],[-107.25837053106947,48.212756220554326]]]}"
0000000000000000162c,5728,0,0,0,"{""type"":""Polygon"",""coordinates"":[[[-107.25844757775423,48.21268328851283],[-107.25836955742533,48.21273394029668],[-107.25837023838689,48.21274735603628],[-107.25837053106947,48.212756220554326],[-107.2584801098187,48.212816601680245],[-107.25850530416952,48.21278043453975],[-107.25855064951294,48.21274826903234],[-107.2585571565201,48.212743669467066],[-107.25844757775423,48.21268328851283]]]}"
00000000000000001608,5729,0,0,0,"{""type"":""Polygon"",""coordinates"":[[[-107.25850428222914,48.21260622807867],[-107.25849821439702,48.21261974767295],[-107.25847879530242,48.21263353059833],[-107.2584604898837,48.212674105132436],[-107.25844757775423,48.21268328851283],[-107.2585571565201,48.212743669467066],[-107.2585952183186,48.21269824768061],[-107.2586337192191,48.212661745971],[-107.25850428222914,48.21260622807867]]]}"
00000000000000001604,5730,0,0,0,"{""type"":""Polygon"",""coordinates"":[[[-107.25857433772038,48.2125289043907],[-107.25852336401552,48.21258350939092],[-107.25850428222914,48.21260622807867],[-107.2586337192191,48.212661745971],[-107.25864629400333,48.21264362679618],[-107.25866527388496,48.212620923789764],[-107.25869770689016,48.21259794170838],[-107.25871052351307,48.21258431820468],[-107.25857433772038,48.2125289043907]]]}"
0000000000000000160a,5731,0,0,0,"{""type"":""Polygon"",""coordinates"":[[[-107.25865789061028,48.212451372973035],[-107.25864487671492,48.21246057206332],[-107.25857433772038,48.2125289043907],[-107.25871052351307,48.21258431820468],[-107.25874231993699,48.21254799171451],[-107.25877431363324,48.212516089614915],[-107.25865789061028,48.212451372973035]]]}"
00000000000000001605,5732,0,0,0,"{""type"":""Polygon"",""coordinates"":[[[-107.25880222700641,48.21239048441532],[-107.25875610565544,48.2124047940683],[-107.25868313543437,48.21241957486258],[-107.25865789061028,48.212451372973035],[-107.25877431363324,48.212516089614915],[-107.25880023956499,48.21249770710437],[-107.25883300978643,48.21248366077818],[-107.25880222700641,48.21239048441532]]]}"
00000000000000001602,5733,0,0,0,"{""type"":""Polygon"",""coordinates"":[[[-107.2589213694574,48.21236576264825],[-107.25890141584237,48.21236618550073],[-107.25881533632297,48.212385725405426],[-107.25880222700641,48.21239048441532],[-107.25883300978643,48.21248366077818],[-107.25889898944145,48.21246448811903],[-107.25897259007643,48.21246750734535],[-107.2589213694574,48.21236576264825]]]}"
00000000000000001609,5734,0,0,0,"{""type"":""Polygon"",""coordinates"":[[[-107.25904730530878,48.21234100809338],[-107.25900744897571,48.212346222655896],[-107.25894156499196,48.21236983542837],[-107.2589213694574,48.21236576264825],[-107.25897259007643,48.21246750734535],[-107.25897933892892,48.21246740342275],[-107.25902546038922,48.21245309364282],[-107.25907202113189,48.212447703854785],[-107.25909144003091,48.21243392086286],[-107.25909814431812,48.21243374565667],[-107.25904730530878,48.21234100809338]]]}"
00000000000000001620,5735,0,0,0,"{""type"":""Polygon"",""coordinates"":[[[-107.25911260350678,48.212308419725],[-107.25907298912132,48.21231812994269],[-107.25905381221405,48.21233640853248],[-107.25904730530878,48.21234100809338],[-107.25909814431812,48.21243374565667],[-107.25912440756017,48.21242429882107],[-107.25916470333149,48.21242800420478],[-107.25921757362546,48.212413590407714],[-107.25925505509207,48.212354737312275],[-107.25911260350678,48.212308419725]]]}"
00000000000000001601,5736,0,0,0,"{""type"":""GeometryCollection"",""geometries"":[{""type"":""LineString"",""coordinates"":[[-107.2591126577033,48.212308436003575],[-107.25911933431829,48.21230830474428]]},{""type"":""Polygon"",""coordinates"":[[[-107.25927660002779,48.21223824331364],[-107.2591432852105,48.2122453019205],[-107.25915037148232,48.21225413368845],[-107.25913148750736,48.212281276701276],[-107.2591193523405,48.21230831579334],[-107.25925505509207,48.212354737312275],[-107.25928010210973,48.21231851475757],[-107.25929082995837,48.21225581982609],[-107.25927660002779,48.21223824331364]]]}]}"
00000000000000001600,5737,0,0,0,"{""type"":""Polygon"",""coordinates"":[[[-107.25924092018437,48.21218529140636],[-107.25924557416816,48.21214057193826],[-107.25909298107509,48.212165924740006],[-107.2591432852105,48.2122453019205],[-107.25927660002779,48.21223824331364],[-107.25924092018437,48.21218529140636]]]}"
000000000000000015e3,5738,0,0,0,"{""type"":""Polygon"",""coordinates"":[[[-107.25922207405323,48.21206065240156],[-107.259201197308,48.21204316415225],[-107.25906967868374,48.212090429456076],[-107.25909837376713,48.212134533863185],[-107.25909298107509,48.212165924740006],[-107.25924557416816,48.21214057193826],[-107.25924426249537,48.21210935628567],[-107.25922207405323,48.21206065240156]]]}"
000000000000000015e9,5739,0,0,0,"{""type"":""Polygon"",""coordinates"":[[[-107.25917318340042,48.21201247539403],[-107.25917274407533,48.21200355545887],[-107.2591589536256,48.21199489894113],[-107.25913113717239,48.21196863452357],[-107.2591173467509,48.21195997800484],[-107.2591106998489,48.21196006620909],[-107.2589932074763,48.212024939242674],[-107.25900699787229,48.21203359579051],[-107.25906239509986,48.21207717337136],[-107.25906967868374,48.212090429456076],[-107.259201197308,48.21204316415225],[-107.25917318340042,48.21201247539403]]]}"
000000000000000015ff,5740,0,0,0,"{""type"":""Polygon"",""coordinates"":[[[-107.25910365820592,48.21195130576038],[-107.25900801049573,48.21190409416731],[-107.25898854731398,48.211917805722365],[-107.25897553365287,48.211927004758635],[-107.2589683520043,48.211913732981245],[-107.25889091295524,48.211977815660525],[-107.25895237747763,48.212007873806456],[-107.2589932074763,48.212024939242674],[-107.2591106998489,48.21196006620909],[-107.25910365820592,48.21195130576038]]]}"
000000000000000015ea,5741,0,0,0,"{""type"":""Polygon"",""coordinates"":[[[-107.25894732272792,48.21189189167167],[-107.25892028322153,48.21188348279217],[-107.25889212330631,48.21185273848404],[-107.25885813778413,48.211840009186076],[-107.25880240908859,48.21193934856665],[-107.258816097513,48.21194802085516],[-107.25882988781372,48.21195667741825],[-107.25887052030401,48.21196931856548],[-107.25889091295524,48.211977815660525],[-107.2589683520043,48.211913732981245],[-107.25894732272792,48.21189189167167]]]}"
000000000000000015e5,5742,0,0,0,"{""type"":""Polygon"",""coordinates"":[[[-107.25881755000712,48.211827439335394],[-107.2588031804848,48.21180535156955],[-107.25867884432147,48.21186588787912],[-107.25874118679171,48.211913785954394],[-107.25880240908859,48.21193934856665],[-107.25885813778413,48.211840009186076],[-107.25881755000712,48.211827439335394]]]}"
000000000000000015ec,5743,0,0,0,"{""type"":""Polygon"",""coordinates"":[[[-107.25878220870027,48.211783423264656],[-107.25879468122417,48.211765320106075],[-107.2586207811902,48.21175980799795],[-107.25866413755632,48.21183486443751],[-107.25866515597836,48.211857215582455],[-107.25867884432147,48.21186588787912],[-107.2588031804848,48.21180535156955],[-107.25878220870027,48.211783423264656]]]}"
000000000000000015e1,5744,0,0,0,"{""type"":""GeometryCollection"",""geometries"":[{""type"":""LineString"",""coordinates"":[[-107.25858520904342,48.211711389144604],[-107.25859188558317,48.211711257917166]]},{""type"":""Polygon"",""coordinates"":[[[-107.25882225633309,48.21163078110703],[-107.25859839657065,48.21170667995505],[-107.25863170071038,48.21170599384672],[-107.25863247723584,48.211723849353966],[-107.25863291643215,48.211732769247654],[-107.2586207811902,48.21175980799795],[-107.25879468122417,48.211765320106075],[-107.25883167227273,48.21169317926136],[-107.25884346998139,48.211657204917614],[-107.25882225633309,48.21163078110703]]]}]}"
000000000000000015dd,5745,0,0,0,"{""type"":""Polygon"",""coordinates"":[[[-107.2588149729309,48.211617525114235],[-107.25870675237026,48.21158843229913],[-107.25867927399513,48.211571103524165],[-107.25863820287846,48.211549542512586],[-107.25856319571614,48.2116671751963],[-107.25856397220916,48.21168503069179],[-107.25856474870209,48.21170288619332],[-107.2585852429408,48.21171136759323],[-107.25859188976044,48.21171127942787],[-107.25859164788424,48.21170678384517],[-107.25859839657065,48.21170667995505],[-107.25882225633309,48.21163078110703],[-107.2588149729309,48.211617525114235]]]}"
000000000000000015de,5746,0,0,0,"{""type"":""Polygon"",""coordinates"":[[[-107.2584908086083,48.21153907919232],[-107.25843541697556,48.21164735340506],[-107.25845537010501,48.21164693066749],[-107.25848251106589,48.21165532392654],[-107.25856319571614,48.2116671751963],[-107.25863820287846,48.211549542512586],[-107.2586380055614,48.21154511821821],[-107.2584908086083,48.21153907919232]]]}"
000000000000000015d8,5747,0,0,0,"{""type"":""Polygon"",""coordinates"":[[[-107.25846410688266,48.21153960581494],[-107.25843012194518,48.21152687642607],[-107.25830341299722,48.21153377425144],[-107.25836157659607,48.2116398381822],[-107.25843541697556,48.21164735340506],[-107.2584908086083,48.21153907919232],[-107.25846410688266,48.21153960581494]]]}"
000000000000000015d5,5748,0,0,0,"{""type"":""Polygon"",""coordinates"":[[[-107.25830341299722,48.21153377425144],[-107.25823743517645,48.21155294611716],[-107.25819738268378,48.2115537359404],[-107.25815062614531,48.211554700878395],[-107.25814422120719,48.21155928458371],[-107.2582633636103,48.21168641595693],[-107.25827001040231,48.211686327814604],[-107.25835487250426,48.21164001332938],[-107.25836157659607,48.2116398381822],[-107.25830341299722,48.21153377425144]]]}"
000000000000000015dc,5749,0,0,0,"{""type"":""Polygon"",""coordinates"":[[[-107.25814422120719,48.21155928458371],[-107.25809334397601,48.211618328352756],[-107.25804698189737,48.21162814184964],[-107.2581447582889,48.21172449645442],[-107.25820403230988,48.2117054997196],[-107.2582633636103,48.21168641595693],[-107.25814422120719,48.21155928458371]]]}"
000000000000000015e2,5750,0,0,0,"{""type"":""Polygon"",""coordinates"":[[[-107.25804698189737,48.21162814184964],[-107.25803377100574,48.21163291640273],[-107.25800872365271,48.21166913817088],[-107.25796954270241,48.211692223443194],[-107.25795706991963,48.211710326476116],[-107.25795720985059,48.21171483778636],[-107.25807402305857,48.21178840311933],[-107.25810504285054,48.21173422186871],[-107.2581447582889,48.21172449645442],[-107.25804698189737,48.21162814184964]]]}"
000000000000000015da,5751,0,0,0,"{""type"":""Polygon"",""coordinates"":[[[-107.25795720985059,48.21171483778636],[-107.2579442534628,48.211723949649716],[-107.25787356261141,48.211787927445954],[-107.2579695445483,48.21184407578321],[-107.2579890651456,48.21183027745224],[-107.2580613530297,48.21180208187991],[-107.25807402305857,48.21178840311933],[-107.25795720985059,48.21171483778636]]]}"
00000000000000001603,5752,0,0,0,"{""type"":""Polygon"",""coordinates"":[[[-107.25787356261141,48.211787927445954],[-107.25786074610622,48.21180155062965],[-107.25782821828257,48.21182009202337],[-107.25780899674781,48.21183829891878],[-107.25778282933128,48.21185218532527],[-107.25787905297655,48.211912829427405],[-107.25788555986105,48.21190822998346],[-107.25791162544368,48.21189435925705],[-107.25791070935196,48.21187199235301],[-107.25793090428472,48.21187606532291],[-107.2579695445483,48.21184407578321],[-107.25787356261141,48.211787927445954]]]}"
000000000000000015ee,5753,0,0,0,"{""type"":""Polygon"",""coordinates"":[[[-107.25778282933128,48.21185218532527],[-107.2577765642265,48.21186128035734],[-107.25774962070074,48.21185731118499],[-107.25769039106213,48.21187637897371],[-107.25766480245794,48.21190369661887],[-107.2577816152605,48.21197726258077],[-107.25780734377886,48.211954456197795],[-107.25785987596744,48.21193110764113],[-107.25787905297655,48.211912829427405],[-107.25778282933128,48.21185218532527]]]}"
0000000000000000160d,5754,0,0,0,"{""type"":""Polygon"",""coordinates"":[[[-107.25766480245794,48.21190369661887],[-107.25761378432294,48.21195822921146],[-107.25758785855186,48.21197661120992],[-107.25767713609328,48.212032935142105],[-107.25769665684182,48.212019136817425],[-107.2577289876641,48.21199617105644],[-107.25775568950957,48.21199564463066],[-107.25776904043501,48.21199538141493],[-107.2577816152605,48.21197726258077],[-107.25766480245794,48.21190369661887]]]}"
00000000000000001606,5755,0,0,0,"{""type"":""Polygon"",""coordinates"":[[[-107.25758785855186,48.21197661120992],[-107.2575291629753,48.21200903895974],[-107.25751658804982,48.21202715777425],[-107.25750401311294,48.21204527659363],[-107.25760043365823,48.21211034555078],[-107.25765189098871,48.21206473276254],[-107.25766402692685,48.21203769396103],[-107.25767713609328,48.212032935142105],[-107.25758785855186,48.21197661120992]]]}"
0000000000000000160b,5756,0,0,0,"{""type"":""Polygon"",""coordinates"":[[[-107.25750401311294,48.21204527659363],[-107.25747842429588,48.212072594281835],[-107.25743958639575,48.21210015942704],[-107.2574201674296,48.21211394199954],[-107.25752362908496,48.21218777174178],[-107.25756843975891,48.212142247019436],[-107.25760043365823,48.21211034555078],[-107.25750401311294,48.21204527659363]]]}"
0000000000000000160c,5757,0,0,0,"{""type"":""Polygon"",""coordinates"":[[[-107.2574201674296,48.21211394199954],[-107.25736220291537,48.21216415414445],[-107.25732215013565,48.212164943619],[-107.25738637919106,48.212257490036784],[-107.25741914920795,48.212243444262164],[-107.25749143790031,48.212215248877975],[-107.25752362908496,48.21218777174178],[-107.2574201674296,48.21211394199954]]]}"
0000000000000000160f,5758,0,0,0,"{""type"":""Polygon"",""coordinates"":[[[-107.25732215013565,48.212164943619],[-107.25722903069186,48.21217572136655],[-107.25720907753734,48.21217614385416],[-107.25720232886644,48.212176247647164],[-107.25722694354677,48.21227850361341],[-107.25724713846661,48.212282576758774],[-107.25735360916084,48.21227153580429],[-107.25738637919106,48.212257490036784],[-107.25732215013565,48.212164943619]]]}"
00000000000000001610,5759,0,0,0,"{""type"":""Polygon"",""coordinates"":[[[-107.25720232886644,48.212176247647164],[-107.2571957266264,48.212176406992555],[-107.25716902480997,48.212176933263684],[-107.25708901466123,48.21218295210976],[-107.25706571483423,48.2122593098302],[-107.2570794026977,48.21226798243302],[-107.25722694354677,48.21227850361341],[-107.25720232886644,48.212176247647164]]]}"
00000000000000001611,5760,0,0,0,"{""type"":""Polygon"",""coordinates"":[[[-107.25704056659666,48.21214369378898],[-107.25700682383396,48.21213545936595],[-107.25699323129052,48.21213122684703],[-107.2569297768082,48.21220838950399],[-107.25695725427072,48.21222571901174],[-107.25705192511145,48.21225065294951],[-107.25706571483423,48.2122593098302],[-107.25708891940387,48.21217851203143],[-107.25704056659666,48.21214369378898]]]}"
000000000000000015f9,5761,0,0,0,"{""type"":""Polygon"",""coordinates"":[[[-107.25697968331457,48.212127065602324],[-107.2569526446826,48.212118656109126],[-107.25691797988956,48.2120925104307],[-107.25689094131455,48.21208410092419],[-107.25680102673397,48.21216628524323],[-107.25686855665712,48.21218282551319],[-107.2569297768082,48.21220838950399],[-107.25699323129052,48.21213122684703],[-107.25697968331457,48.212127065602324]]]}"
000000000000000015fc,5762,0,0,0,"{""type"":""Polygon"",""coordinates"":[[[-107.25684340911593,48.21206720957],[-107.2568297214128,48.212058536962424],[-107.25680962197713,48.21205890380896],[-107.25676879394246,48.21204183738347],[-107.25667237233964,48.21212862090685],[-107.25677995455169,48.212144372036555],[-107.2567942780945,48.21216638900673],[-107.25680102673397,48.21216628524323],[-107.25689094131455,48.21208410092419],[-107.25684340911593,48.21206720957]]]}"
000000000000000015fa,5763,0,0,0,"{""type"":""Polygon"",""coordinates"":[[[-107.2567006285908,48.21201195277064],[-107.25667999528399,48.211998959561605],[-107.25665955906986,48.21199039069237],[-107.25655692941932,48.2120861820207],[-107.25657712401205,48.21209025530045],[-107.25662523443953,48.21212057813098],[-107.25667237233964,48.21212862090685],[-107.25676879394246,48.21204183738347],[-107.2567006285908,48.21201195277064]]]}"
00000000000000001614,5764,0,0,0,"{""type"":""Polygon"",""coordinates"":[[[-107.25662557503976,48.2119776605332],[-107.2565632433428,48.21192530514105],[-107.25645420195528,48.21203013567457],[-107.2565230851305,48.21207796315028],[-107.25655692941932,48.2120861820207],[-107.25665955906986,48.21199039069237],[-107.25662557503976,48.2119776605332]]]}"
000000000000000015f8,5765,0,0,0,"{""type"":""Polygon"",""coordinates"":[[[-107.25654945393057,48.21191664823504],[-107.25652882076099,48.21190365501348],[-107.25651445294233,48.211881566830066],[-107.25650090518069,48.211877405532036],[-107.25636958473842,48.211929091297826],[-107.25639099325069,48.21195994019497],[-107.25641172154721,48.21197737352502],[-107.2564255109272,48.21198603046159],[-107.25644041254887,48.21202147873557],[-107.25645420195528,48.21203013567457],[-107.2565632433428,48.21192530514105],[-107.25654945393057,48.21191664823504]]]}"
000000000000000015fd,5766,0,0,0,"{""type"":""Polygon"",""coordinates"":[[[-107.25646614590285,48.211846819739215],[-107.25647168032951,48.21181994047515],[-107.2564642581808,48.211802172906324],[-107.25645721739632,48.21179341226796],[-107.25629909406992,48.21184563961945],[-107.25630691019657,48.21187225588426],[-107.25634113550035,48.211889481749616],[-107.25636958473842,48.211929091297826],[-107.25650090518069,48.211877405532036],[-107.25646614590285,48.211846819739215]]]}"
00000000000000001615,5767,0,0,0,"{""type"":""Polygon"",""coordinates"":[[[-107.25644342807094,48.21178475536611],[-107.25639376743655,48.211718721499786],[-107.25624865834416,48.211761750020685],[-107.25625583877898,48.21177502199408],[-107.25624996747361,48.21179296557332],[-107.25628472644362,48.211823551421034],[-107.25629909406992,48.21184563961945],[-107.25645721739632,48.21179341226796],[-107.25644342807094,48.21178475536611]]]}"
000000000000000015fe,5768,0,0,0,"{""type"":""Polygon"",""coordinates"":[[[-107.25637158361921,48.21167001719978],[-107.25635070908173,48.21165252840402],[-107.25635648514151,48.211630144833016],[-107.25617185840997,48.21168732212933],[-107.25616656539063,48.211718696910005],[-107.25619360332523,48.211727106578586],[-107.2562343353435,48.21173973312395],[-107.25624865834416,48.211761750020685],[-107.25639376743655,48.211718721499786],[-107.2563933287887,48.21170980158433],[-107.25637158361921,48.21167001719978]]]}"
000000000000000015f7,5769,0,0,0,"{""type"":""Polygon"",""coordinates"":[[[-107.25629954259922,48.21155085491017],[-107.25610156575338,48.211608294974454],[-107.25611670846781,48.21164823864876],[-107.25614438192753,48.21166999254853],[-107.25617166139303,48.21168289781075],[-107.25617185840997,48.21168732212933],[-107.25635648514151,48.211630144833016],[-107.25629954259922,48.21155085491017]]]}"
000000000000000015f6,5770,0,0,0,"{""type"":""GeometryCollection"",""geometries"":[{""type"":""LineString"",""coordinates"":[[-107.25624254115458,48.2114715679895],[-107.25625569805938,48.21146684337169]]},{""type"":""Polygon"",""coordinates"":[[[-107.25624249845409,48.211471580787595],[-107.25603792003714,48.21152917989498],[-107.25603835860022,48.211538099783716],[-107.25606680718856,48.211577709174755],[-107.25609408653898,48.211590614439395],[-107.25610156575338,48.211608294974454],[-107.25629954259922,48.21155085491017],[-107.25629259707561,48.21154653432695],[-107.25629808698991,48.21151958394891],[-107.25624249845409,48.211471580787595]]]}]}"
000000000000000015f5,5771,0,0,0,"{""type"":""Polygon"",""coordinates"":[[[-107.25624789322187,48.21144019043071],[-107.25625410120747,48.211431182563246],[-107.2561932772525,48.21141446705381],[-107.25616594065559,48.211401648855876],[-107.25615245046015,48.21139740054284],[-107.25597427461999,48.21145006488419],[-107.25597447161458,48.21145448918423],[-107.25604365167887,48.211506725115854],[-107.25603792003714,48.21152917989498],[-107.25625570925187,48.211466806497924],[-107.2562686211531,48.21145762362946],[-107.25624789322187,48.21144019043071]]]}"
000000000000000015f4,5772,0,0,0,"{""type"":""Polygon"",""coordinates"":[[[-107.25613846437533,48.21138431936195],[-107.25613788607559,48.21137088821077],[-107.25611603953854,48.21133111973244],[-107.25611570281808,48.21132218415802],[-107.25595607579507,48.2113387708197],[-107.2559517549016,48.21139242512721],[-107.25597427461999,48.21145006488419],[-107.25615245046015,48.21139740054284],[-107.25613846437533,48.21138431936195]]]}"
000000000000000015f3,5773,0,0,0,"{""type"":""Polygon"",""coordinates"":[[[-107.25597137681228,48.21123121612098],[-107.25596530850618,48.21124473521546],[-107.25594666501681,48.211276372671044],[-107.25593408982667,48.211294491033826],[-107.25595505901597,48.21131641982367],[-107.25595607579507,48.2113387708197],[-107.25611570281808,48.21132218415802],[-107.25611924815504,48.2112506745162],[-107.25597137681228,48.21123121612098]]]}"
000000000000000015f2,5774,0,0,0,"{""type"":""Polygon"",""coordinates"":[[[-107.25600725285656,48.21113674180273],[-107.25598220447924,48.21117296272812],[-107.25597137681228,48.21123121612098],[-107.25611924815504,48.2112506745162],[-107.25612487782851,48.21122823557469],[-107.25616284466763,48.21117837605213],[-107.25600725285656,48.21113674180273]]]}"
000000000000000015f0,5775,0,0,0,"{""type"":""Polygon"",""coordinates"":[[[-107.25605701948412,48.21105090877167],[-107.25604444441991,48.2110690270684],[-107.25601905269573,48.21110076813083],[-107.25600725285656,48.21113674180273],[-107.25616284466763,48.21117837605213],[-107.25617541973322,48.21116025770237],[-107.25621250922417,48.211092558599596],[-107.25605701948412,48.21105090877167]]]}"
000000000000000015d4,5776,0,0,0,"{""type"":""Polygon"",""coordinates"":[[[-107.25610668402572,48.21096509158125],[-107.25610712261292,48.21097401137386],[-107.25606895895062,48.2110194464134],[-107.25605701948412,48.21105090877167],[-107.25621250922417,48.211092558599596],[-107.25621857742655,48.21107903953106],[-107.25625120664508,48.21106048323295],[-107.25626965277792,48.21102442159285],[-107.25628266637628,48.21101522308202],[-107.25610668402572,48.21096509158125]]]}"
000000000000000015d0,5777,0,0,0,"{""type"":""Polygon"",""coordinates"":[[[-107.25621018815366,48.210887142388174],[-107.25619096670326,48.21090534863609],[-107.25615809604103,48.21091940932643],[-107.25613183401875,48.21092885505075],[-107.25610668402572,48.21096509158125],[-107.25628266637628,48.21101522308202],[-107.25630184330421,48.210996945502146],[-107.2563399494513,48.21095159739109],[-107.25621018815366,48.210887142388174]]]}"
000000000000000015ed,5778,0,0,0,"{""type"":""Polygon"",""coordinates"":[[[-107.25629379034035,48.210813984161454],[-107.25621018815366,48.210887142388174],[-107.2563399494513,48.21095159739109],[-107.25645170810132,48.2109091835149],[-107.25629379034035,48.210813984161454]]]}"
000000000000000015f1,5779,0,0,0,"{""type"":""Polygon"",""coordinates"":[[[-107.25637767842862,48.21074539275728],[-107.25637103194131,48.21074548075933],[-107.25632582817673,48.21078215520962],[-107.25629379034035,48.210813984161454],[-107.25645170810132,48.2109091835149],[-107.25647783036565,48.210895226459414],[-107.2565217626943,48.21083186383036],[-107.25652166749221,48.21082742386357],[-107.25637767842862,48.21074539275728]]]}"
000000000000000015d9,5780,0,0,0,"{""type"":""GeometryCollection"",""geometries"":[{""type"":""LineString"",""coordinates"":[[-107.25637767889904,48.210745376059364],[-107.25638435532336,48.210745244962055]]},{""type"":""Polygon"",""coordinates"":[[[-107.2564544811155,48.210667969644035],[-107.25643525985677,48.21068617586049],[-107.25641011026302,48.21072241229392],[-107.25638438221971,48.210745217758756],[-107.25652166749221,48.21082742386357],[-107.25656094294784,48.21080877954233],[-107.25657327609967,48.21078616575865],[-107.25659216053151,48.210759024005284],[-107.25660551084621,48.21075876097297],[-107.2564544811155,48.210667969644035]]]}]}"
000000000000000015ef,5781,0,0,0,"{""type"":""Polygon"",""coordinates"":[[[-107.25651910294388,48.210617513235654],[-107.25650633114367,48.21063120720734],[-107.25648016451787,48.21064509292159],[-107.2564544811155,48.210667969644035],[-107.25660551084621,48.21075876097297],[-107.25661215735278,48.21075867295418],[-107.2566315756832,48.210744890914675],[-107.25665099400292,48.210731108875116],[-107.25668318410793,48.21070363281975],[-107.25670173156063,48.21066755563206],[-107.25651910294388,48.210617513235654]]]}"
000000000000000015c5,5782,0,0,0,"{""type"":""Polygon"",""coordinates"":[[[-107.2567368297178,48.21055522694947],[-107.25653633437715,48.210554676976386],[-107.25654492605388,48.21059914774048],[-107.25651910294388,48.210617513235654],[-107.25670173156063,48.21066755563206],[-107.25672624507425,48.210617975211726],[-107.25674532642255,48.210595257743186],[-107.2567368297178,48.21055522694947]]]}"
000000000000000015ca,5783,0,0,0,"{""type"":""Polygon"",""coordinates"":[[[-107.25672115258347,48.21050192456354],[-107.25672037695847,48.2104840694309],[-107.25671993821473,48.21047514972776],[-107.25671960133333,48.210466214304276],[-107.25647919568661,48.21047096453539],[-107.25650104228984,48.21051073228208],[-107.25653323224411,48.210483256395406],[-107.25653502493964,48.21052346216693],[-107.25653633437715,48.210554676976386],[-107.2567368297178,48.21055522694947],[-107.25672115258347,48.21050192456354]]]}"
000000000000000015d3,5784,0,0,0,"{""type"":""Polygon"",""coordinates"":[[[-107.25643458737956,48.21036906280977],[-107.25642851938366,48.21038258170509],[-107.25645050563487,48.21042686060645],[-107.25647808335636,48.21044417398618],[-107.25647861724177,48.210457533622105],[-107.25647919568661,48.21047096453539],[-107.25671960133333,48.210466214304276],[-107.2567189654977,48.2104528703916],[-107.25672348216422,48.21040364124506],[-107.25675611068682,48.2103850850302],[-107.25643458737956,48.21036906280977]]]}"
000000000000000015cf,5785,0,0,0,"{""type"":""Polygon"",""coordinates"":[[[-107.2565619291036,48.21022366340419],[-107.25649595406472,48.21024283352746],[-107.25643206385543,48.21031107334515],[-107.25643458737956,48.21036906280977],[-107.25675611068682,48.2103850850302],[-107.25676882503468,48.21037147808847],[-107.2565619291036,48.21022366340419]]]}"
000000000000000015cc,5786,0,0,0,"{""type"":""Polygon"",""coordinates"":[[[-107.25677300712218,48.21016146557157],[-107.2567395586063,48.21016209541161],[-107.25671285837029,48.21016262149573],[-107.25669290640865,48.21016304382974],[-107.25666698179285,48.21018142492581],[-107.25660683307657,48.2101825807831],[-107.2565750821452,48.21021897619006],[-107.2565619291036,48.21022366340419],[-107.25676882503468,48.21037147808847],[-107.25680169518402,48.210357417347865],[-107.25677300712218,48.21016146557157]]]}"
000000000000000015ce,5787,0,0,0,"{""type"":""Polygon"",""coordinates"":[[[-107.25685388359983,48.210177742265124],[-107.25683300948911,48.210160254057264],[-107.25677300712218,48.21016146557157],[-107.25680169518402,48.210357417347865],[-107.25685509599434,48.21035636511031],[-107.25688179641031,48.21035583898013],[-107.2569084968335,48.21035531284235],[-107.25692815657057,48.21034602633076],[-107.25692087600936,48.21018092240062],[-107.25685388359983,48.210177742265124]]]}"
000000000000000015cb,5788,0,0,0,"{""type"":""Polygon"",""coordinates"":[[[-107.25706792493045,48.21018245270229],[-107.25702117068253,48.21018341700718],[-107.25696777002688,48.210184469329725],[-107.25694106970988,48.210184995479594],[-107.25692087600936,48.21018092240062],[-107.25692815657057,48.21034602633076],[-107.2569873835751,48.210326959631224],[-107.25704102613965,48.21033040276323],[-107.25708127510518,48.210182189610244],[-107.25706792493045,48.21018245270229]]]}"
000000000000000015c9,5789,0,0,0,"{""type"":""Polygon"",""coordinates"":[[[-107.25718181168314,48.21018917950536],[-107.25713447867791,48.21017671303579],[-107.25708792154266,48.21018210156123],[-107.25708127510518,48.210182189610244],[-107.25704102613965,48.21033040276323],[-107.25708792041887,48.21033394963705],[-107.25710127065098,48.21033368654002],[-107.25714802512822,48.210332722187566],[-107.25716846069396,48.21034129070049],[-107.25722812714606,48.210179295472315],[-107.25718181168314,48.21018917950536]]]}"
000000000000000015d2,5790,0,0,0,"{""type"":""Polygon"",""coordinates"":[[[-107.25734478083449,48.210248506810885],[-107.25732434523664,48.21023993835134],[-107.25729589578552,48.21020033035753],[-107.25723487545551,48.210179191690585],[-107.25722812714606,48.210179295472315],[-107.25716846069396,48.21034129070049],[-107.25726972914981,48.21036606431359],[-107.25729002492841,48.21037012160558],[-107.25735162447278,48.21025284293491],[-107.25734478083449,48.210248506810885]]]}"
000000000000000015c1,5791,0,0,0,"{""type"":""Polygon"",""coordinates"":[[[-107.2573654136178,48.21026149945994],[-107.25735162447278,48.21025284293491],[-107.25729002492841,48.21037012160558],[-107.25733769534152,48.21039152343791],[-107.25741197112764,48.210407959042364],[-107.25747949822933,48.21027265009632],[-107.2573654136178,48.21026149945994]]]}"
000000000000000015d1,5792,0,0,0,"{""type"":""Polygon"",""coordinates"":[[[-107.25761377703539,48.2102878735324],[-107.2575333382485,48.210280517136745],[-107.25747949822933,48.21027265009632],[-107.25741197112764,48.210407959042364],[-107.25745255628986,48.21042052921584],[-107.25749988987239,48.21043299557148],[-107.2575270294688,48.21044138894239],[-107.25753387317553,48.21044572506754],[-107.2576204808305,48.21028769844897],[-107.25761377703539,48.2102878735324]]]}"
000000000000000015c0,5793,0,1,0,"{""type"":""Polygon"",""coordinates"":[[[-107.25774771901717,48.21029416139285],[-107.25771373569283,48.21028143200954],[-107.2576204808305,48.21028769844897],[-107.25753387317553,48.21044572506754],[-107.25755450617106,48.210458717719064],[-107.25761499304323,48.21046649664863],[-107.25763616040445,48.21049284891405],[-107.25776757591512,48.21028929891479],[-107.25774771901717,48.21029416139285]]]}"
000000000000000015c6,5794,0,0,0,"{""type"":""Polygon"",""coordinates"":[[[-107.25806307180574,48.21002001831748],[-107.25805399750418,48.21011840470356],[-107.25802895133799,48.21015462540877],[-107.25796884635463,48.21015585341251],[-107.25795549606323,48.21015611663079],[-107.25794214577361,48.21015637984717],[-107.25791564243885,48.210161330455826],[-107.25797632639932,48.210173533300434],[-107.25793685449558,48.21018775377229],[-107.25790481802751,48.21021958286891],[-107.25786554330963,48.21023822751324],[-107.25782684751373,48.21027030299016],[-107.25776757591512,48.21028929891479],[-107.25763640216962,48.21049734439871],[-107.25770592133279,48.21055851356465],[-107.2577124279717,48.21055391425654],[-107.25774451564332,48.21052645367492],[-107.25773733475269,48.210513182137994],[-107.25775082505767,48.210517430154496],[-107.25788456880402,48.210367445084415],[-107.25788398983975,48.21035401421907],[-107.25791642092189,48.21033103343621],[-107.25817162388347,48.21005804647845],[-107.25806307180574,48.21002001831748]]]}"
000000000000000015c4,5795,0,0,0,"{""type"":""MultiPolygon"",""coordinates"":[[[[-107.25817162388347,48.21005804647845],[-107.25791642092189,48.21033103343621],[-107.25795569573945,48.210312388735794],[-107.25804851188556,48.21029720230014],[-107.25810137883558,48.21028278978365],[-107.2581253115021,48.210219778585],[-107.25815021768369,48.21017904663212],[-107.25816245443224,48.210151993035865],[-107.25817507296811,48.21013394607654],[-107.25818521600593,48.21006227867519],[-107.25817162388347,48.21005804647845]]],[[[-107.25799511301749,48.210450103532104],[-107.25794059801989,48.210424365930436],[-107.25788500783449,48.21037636475677],[-107.25788456880402,48.210367445084415],[-107.25775082505767,48.210517430154496],[-107.25775752890394,48.21051725505946],[-107.25774451564332,48.21052645367492],[-107.2577124279717,48.21055391425654],[-107.25773238035953,48.21055349169675],[-107.25774573076234,48.21055322850469],[-107.2577583050355,48.21053511018208],[-107.25777121643468,48.21052592728619],[-107.25777209443599,48.21054376668846],[-107.25777267335498,48.210557197603855],[-107.2577991323915,48.21055217571745],[-107.25781316360037,48.21056532770965],[-107.25800205867941,48.210454423899016],[-107.25799511301749,48.210450103532104]]]]}"
000000000000000015c7,5796,0,0,0,"{""type"":""Polygon"",""coordinates"":[[[-107.25787418526562,48.2105864661297],[-107.2578694282256,48.21063119996956],[-107.25788302047071,48.210635432251884],[-107.25809837492751,48.21051950618226],[-107.25801638259345,48.210476439973384],[-107.25800205867941,48.210454423899016],[-107.25781316360037,48.21056532770965],[-107.25783457298728,48.210596175466634],[-107.25784724261064,48.21058249705841],[-107.25787418526562,48.2105864661297]],[[-107.25784724261064,48.21058249705841],[-107.25783986443925,48.210564801300244],[-107.25783369495669,48.210578336047995],[-107.25784724261064,48.21058249705841]]]}"
000000000000000015c2,5797,0,0,0,"{""type"":""Polygon"",""coordinates"":[[[-107.25818148755468,48.21058490724448],[-107.25815343122099,48.21055414770819],[-107.2581330396546,48.21054565065794],[-107.25809837492751,48.21051950618226],[-107.25788302047071,48.210635432251884],[-107.25795118526241,48.21066531526107],[-107.25795880531498,48.210687506541404],[-107.25819561437623,48.21060249912439],[-107.25819527713632,48.21059356369365],[-107.25818148755468,48.21058490724448]]]}"
000000000000000015c8,5798,0,0,0,"{""type"":""MultiPolygon"",""coordinates"":[[[[-107.25797623419767,48.21078094348769],[-107.25798331985605,48.210789775112595],[-107.25799653043573,48.21078500065054],[-107.25797623419767,48.21078094348769]]],[[[-107.258189744124,48.2106204423974],[-107.25819561437623,48.21060249912439],[-107.25795880531498,48.210687506541404],[-107.25796632999847,48.21070525787962],[-107.25801531226337,48.210757874359984],[-107.25800317704704,48.21078491253275],[-107.25823921040546,48.21068204966433],[-107.258189744124,48.2106204423974]]]]}"
000000000000000015e0,5799,0,0,0,"{""type"":""Polygon"",""coordinates"":[[[-107.25830791038493,48.21072529210741],[-107.2582942225781,48.210716619931446],[-107.25823940768014,48.21068647388832],[-107.25823921040546,48.21068204966433],[-107.25800317704704,48.21078491253275],[-107.25799653043573,48.21078500065054],[-107.25798331985605,48.210789775112595],[-107.25799036095464,48.2107985354647],[-107.2580514850753,48.21081965812701],[-107.2580781861651,48.21081913164243],[-107.25814022669844,48.21086262071408],[-107.25831465887215,48.210725188244204],[-107.25830791038493,48.21072529210741]]]}"
000000000000000015df,5800,0,0,0,"{""type"":""Polygon"",""coordinates"":[[[-107.25831465887215,48.210725188244204],[-107.25814022669844,48.21086262071408],[-107.2581679014311,48.21088437367496],[-107.2582223219606,48.21090567138134],[-107.25829062773602,48.21094006551938],[-107.25838869469682,48.21073712764739],[-107.25831465887215,48.210725188244204]]]}"
000000000000000015d6,5801,0,0,0,"{""type"":""Polygon"",""coordinates"":[[[-107.25846273062999,48.21074906699345],[-107.25842248161324,48.21074543265068],[-107.25838869469682,48.21073712764739],[-107.25829062773602,48.21094006551938],[-107.25830441748325,48.21094872200687],[-107.25843836298726,48.21095500889317],[-107.25845831574468,48.21095458616997],[-107.25847841493587,48.21095421899216],[-107.25846273062999,48.21074906699345]]]}"
000000000000000015c3,5802,0,0,0,"{""type"":""Polygon"",""coordinates"":[[[-107.25857671658807,48.210760232071415],[-107.25846273062999,48.21074906699345],[-107.25847841493587,48.21095421899216],[-107.25851196022792,48.21095802847241],[-107.25854472903477,48.21094398268973],[-107.25859075303616,48.21092523361536],[-107.2586305631319,48.21091994813497],[-107.25857671658807,48.210760232071415]]]}"
000000000000000015d7,5803,0,0,0,"{""type"":""Polygon"",""coordinates"":[[[-107.25866332682659,48.210754052760684],[-107.25861036361844,48.21076402578254],[-107.25857671658807,48.210760232071415],[-107.2586305631319,48.21091994813497],[-107.25869047244908,48.21091429541593],[-107.25873052446119,48.210913505408755],[-107.25877013724897,48.21090379563096],[-107.2588035871588,48.21090316503935],[-107.25883679516866,48.210898038923396],[-107.25866332682659,48.210754052760684]]]}"
000000000000000015eb,5804,0,0,0,"{""type"":""Polygon"",""coordinates"":[[[-107.25873449859131,48.210699066698794],[-107.25872192459335,48.21071718519849],[-107.25869599997863,48.210735567035144],[-107.25867658197122,48.210749349481524],[-107.25866332682659,48.210754052760684],[-107.25883679516866,48.210898038923396],[-107.25891626266679,48.2108831147815],[-107.25895553803365,48.21086446946337],[-107.25896932801206,48.21087312583712],[-107.25898190198473,48.210855007252185],[-107.25900792213204,48.210841065253504],[-107.25902093538181,48.210831866412306],[-107.25873449859131,48.210699066698794]]]}"
000000000000000015db,5805,0,0,0,"{""type"":""Polygon"",""coordinates"":[[[-107.25879804318357,48.210626345129484],[-107.25876682791439,48.21067610120007],[-107.25873430125668,48.21069464247628],[-107.25873449859131,48.210699066698794],[-107.25902093538181,48.210831866412306],[-107.25902073801333,48.21082744218012],[-107.25905374863257,48.21081789176566],[-107.25904632518566,48.21080012476629],[-107.25909302391845,48.21079924641637],[-107.25910681392743,48.2108079027589],[-107.25911938782704,48.210789784180186],[-107.25914608919891,48.21078925739178],[-107.25917157442079,48.210761955691055],[-107.25879804318357,48.210626345129484]]]}"
000000000000000015b5,5806,0,0,0,"{""type"":""Polygon"",""coordinates"":[[[-107.25918846448938,48.21069018344508],[-107.25916273737701,48.210712989616844],[-107.2591680278126,48.21068161533369],[-107.2591675884717,48.21067269562355],[-107.25916705360805,48.21065933597301],[-107.25911384842763,48.21066481376454],[-107.2590596691237,48.2106480121681],[-107.25905238577413,48.210634756438516],[-107.25907180365942,48.21062097394912],[-107.25887528190313,48.210557840029175],[-107.25883071619894,48.21060785940624],[-107.25879784584075,48.210621920913404],[-107.25879804318357,48.210626345129484],[-107.25917157442079,48.210761955691055],[-107.25917808102305,48.21075735626685],[-107.25915778440269,48.210753299365585],[-107.25917764168065,48.210748436544016],[-107.25918414828006,48.210743837120646],[-107.25921007280087,48.2107254551517],[-107.25918846448938,48.21069018344508]]]}"
000000000000000015b4,5807,0,0,0,"{""type"":""Polygon"",""coordinates"":[[[-107.25888464718477,48.21046831692317],[-107.25887528190313,48.210557840029175],[-107.25907180365942,48.21062097394912],[-107.25908471495552,48.21061179086431],[-107.259094958431,48.21054010703051],[-107.25912796879562,48.210530556648926],[-107.25888464718477,48.21046831692317]]]}"
000000000000000015bc,5808,0,0,0,"{""type"":""Polygon"",""coordinates"":[[[-107.25912796879562,48.210530556648926],[-107.25914107743736,48.21052579777916],[-107.25914627232521,48.210489983681285],[-107.25911971125339,48.21049502166182],[-107.25913879157766,48.21047230379646],[-107.25914529812717,48.210467704401026],[-107.25896717598248,48.210368437880994],[-107.25895416290133,48.21037763662994],[-107.25891512999814,48.210400777231236],[-107.25888940301525,48.21042358320157],[-107.25888464718477,48.21046831692317],[-107.25911437625666,48.2105263245587],[-107.25912796879562,48.210530556648926]],[[-107.25911437625666,48.2105263245587],[-107.25912738937728,48.21051712576114],[-107.25911384140919,48.21051296494446],[-107.25911437625666,48.2105263245587]]]}"
000000000000000015be,5809,0,0,0,"{""type"":""Polygon"",""coordinates"":[[[-107.25907081570708,48.21029499778192],[-107.25903780556438,48.21030454809566],[-107.25901251800148,48.21033627370788],[-107.25897988982838,48.210354830663505],[-107.25896717598248,48.210368437880994],[-107.25914529812717,48.210467704401026],[-107.25917131797448,48.210453762467864],[-107.25918433106203,48.210444563676056],[-107.2592239434195,48.21043485380812],[-107.25923695649458,48.21042565501279],[-107.25907081570708,48.21029499778192]]]}"
000000000000000015bb,5810,0,0,0,"{""type"":""Polygon"",""coordinates"":[[[-107.25921587563846,48.21025189503466],[-107.25917684292426,48.21027503568248],[-107.25916349241822,48.21027529907476],[-107.25907081570708,48.21029499778192],[-107.25923695649458,48.21042565501279],[-107.25924986770085,48.210416471942],[-107.25926288076634,48.21040727314659],[-107.25930253766359,48.2103976345262],[-107.25932865930983,48.21038367684592],[-107.25921587563846,48.21025189503466]]]}"
000000000000000015b7,5811,0,0,0,"{""type"":""Polygon"",""coordinates"":[[[-107.25933438087809,48.210209374486986],[-107.25924854825004,48.21023340931046],[-107.25921587563846,48.21025189503466],[-107.25932865930983,48.21038367684592],[-107.25934181246785,48.210378989235636],[-107.25942055942726,48.21034612281719],[-107.259439977094,48.21033234033416],[-107.25933438087809,48.210209374486986]]]}"
000000000000000015b8,5812,0,0,0,"{""type"":""Polygon"",""coordinates"":[[[-107.25948002014194,48.21017970221003],[-107.2594404080169,48.21018941213082],[-107.25940069402493,48.21019913776182],[-107.2593873435144,48.210199401184944],[-107.25936064249878,48.21019992802554],[-107.25933438087809,48.210209374486986],[-107.259439977094,48.21033234033416],[-107.25945919732483,48.2103141336642],[-107.25951226201768,48.21030414454385],[-107.25953876571653,48.21029919347186],[-107.25948002014194,48.21017970221003]]]}"
000000000000000015b1,5813,0,0,0,"{""type"":""Polygon"",""coordinates"":[[[-107.25961245531329,48.21015034873039],[-107.2595591488068,48.210155842427135],[-107.25950011913255,48.21017933482883],[-107.25948002014194,48.21017970221003],[-107.25953876571653,48.21029919347186],[-107.25957823783664,48.210284972305985],[-107.25961158561267,48.210284357171986],[-107.25963828676046,48.21028383025743],[-107.25965149718523,48.21027905561731],[-107.25961245531329,48.21015034873039]]]}"
000000000000000015ba,5814,0,0,0,"{""type"":""Polygon"",""coordinates"":[[[-107.25975144795294,48.21012076430326],[-107.25970546954558,48.21013958489438],[-107.25961245531329,48.21015034873039],[-107.25965149718523,48.21027905561731],[-107.25972431708783,48.21026421923742],[-107.25972378201145,48.21025085969867],[-107.25976392934614,48.21025450918237],[-107.25977067785344,48.210254405217256],[-107.25975144795294,48.21012076430326]]]}"
000000000000000015bd,5815,0,0,0,"{""type"":""Polygon"",""coordinates"":[[[-107.25988495337364,48.210118129478026],[-107.25981800317065,48.21011502274609],[-107.25975144795294,48.21012076430326],[-107.25977067785344,48.210254405217256],[-107.25980344599748,48.21024035920883],[-107.25989714217259,48.21024301023757],[-107.25990374425594,48.21024285071622],[-107.25988495337364,48.210118129478026]]]}"
000000000000000015bf,5816,0,0,0,"{""type"":""Polygon"",""coordinates"":[[[-107.2600182614802,48.21011107029575],[-107.2599385976446,48.21012157093431],[-107.25988495337364,48.210118129478026],[-107.25990374425594,48.21024285071622],[-107.26003691263723,48.21023128030504],[-107.2600182614802,48.21011107029575]]]}"
000000000000000015e4,5817,0,0,0,"{""type"":""Polygon"",""coordinates"":[[[-107.26013103727979,48.210091003227525],[-107.2601245308514,48.2100956026539],[-107.2600182614802,48.21011107029575],[-107.26003691263723,48.21023128030504],[-107.26007036239247,48.21023064928405],[-107.2601237648787,48.210229595188586],[-107.26019032051256,48.21022385335094],[-107.26013103727979,48.210091003227525]]]}"
000000000000000015b2,5818,0,0,0,"{""type"":""Polygon"",""coordinates"":[[[-107.2602639059912,48.21007502410435],[-107.26017749357801,48.210085628935204],[-107.26013103727979,48.210091003227525],[-107.26019032051256,48.21022385335094],[-107.26025022950343,48.21021819974143],[-107.26028950404913,48.2101995541331],[-107.26032989373843,48.21020769881499],[-107.2602639059912,48.21007502410435]]]}"
000000000000000015e8,5819,0,0,0,"{""type"":""Polygon"",""coordinates"":[[[-107.26036935345564,48.21004163001957],[-107.26034949645648,48.21004649301548],[-107.26033658550134,48.21005567616349],[-107.2603096867892,48.21005177911035],[-107.2602639059912,48.21007502410435],[-107.26032989373843,48.21020769881499],[-107.2603368398107,48.21021201898278],[-107.26034290661516,48.21019849991435],[-107.26035019046073,48.21021175542401],[-107.26038936312878,48.2101931255031],[-107.26043558372353,48.210178800005224],[-107.26046835179007,48.21016475379195],[-107.26036935345564,48.21004163001957]]]}"
000000000000000015e7,5820,0,0,0,"{""type"":""Polygon"",""coordinates"":[[[-107.2604677591024,48.20999947581944],[-107.26040236350677,48.2100320792979],[-107.26036935345564,48.21004163001957],[-107.26046835179007,48.21016475379195],[-107.26047499846803,48.210164665502404],[-107.26051447049457,48.21015044399023],[-107.26054039429836,48.21013206188671],[-107.26055374494852,48.21013179830004],[-107.26060054545493,48.21013090350444],[-107.260613456411,48.21012172030785],[-107.2604677591024,48.20999947581944]]]}"
0000000000000000161b,5821,0,0,0,"{""type"":""Polygon"",""coordinates"":[[[-107.2605454728514,48.209944416708744],[-107.26049382306076,48.209985604934296],[-107.2604677591024,48.20999947581944],[-107.260613456411,48.21012172030785],[-107.26063263163006,48.21010344221545],[-107.26065855537442,48.21008506009788],[-107.26071044737527,48.210048367133616],[-107.26072355586967,48.21004360809498],[-107.2605454728514,48.209944416708744]]]}"
000000000000000015e6,5822,0,0,0,"{""type"":""Polygon"",""coordinates"":[[[-107.2605898959427,48.209889886080845],[-107.26058494463939,48.20993019523292],[-107.26054533258669,48.20993990556189],[-107.2605454728514,48.209944416708744],[-107.26072355586967,48.21004360809498],[-107.26073681079598,48.21003890460017],[-107.26074938383088,48.21002078609361],[-107.26078146984588,48.20999332481617],[-107.26078642096228,48.20995301561054],[-107.26080554487979,48.20993036894279],[-107.2605898959427,48.209889886080845]]]}"
0000000000000000158e,5823,0,0,0,"{""type"":""Polygon"",""coordinates"":[[[-107.26060027661651,48.20982271427999],[-107.2605944520987,48.209840728676646],[-107.2605898959427,48.209889886080845],[-107.26080554487979,48.20993036894279],[-107.26084845081252,48.20984465541299],[-107.26087457191913,48.20983069747189],[-107.26088088065839,48.20982167388173],[-107.26060027661651,48.20982271427999]]]}"
0000000000000000158d,5824,0,0,0,"{""type"":""Polygon"",""coordinates"":[[[-107.26085791305282,48.20975511772117],[-107.26086397961129,48.20974159874295],[-107.26085572034614,48.20970606447941],[-107.26059696887891,48.2097468708902],[-107.26061231420324,48.209791236457264],[-107.26060027661651,48.20982271427999],[-107.26088088065839,48.20982167388173],[-107.26088063848785,48.20981717847302],[-107.26088030057971,48.209808243201465],[-107.26087932529876,48.209785964253705],[-107.26085791305282,48.20975511772117]]]}"
000000000000000015ab,5825,0,0,0,"{""type"":""Polygon"",""coordinates"":[[[-107.26082488881399,48.20961282249809],[-107.26081585195054,48.20955943358076],[-107.26053472793522,48.20969896026681],[-107.26058944286426,48.209729120113884],[-107.26059696887891,48.2097468708902],[-107.26085572034614,48.20970606447941],[-107.26085514027423,48.20969263382821],[-107.26087479952427,48.20968334663736],[-107.26082488881399,48.20961282249809]]]}"
000000000000000015a6,5826,0,0,0,"{""type"":""MultiPolygon"",""coordinates"":[[[[-107.26080274363164,48.20956419258395],[-107.26081585195054,48.20955943358076],[-107.26080900776232,48.20955509777449],[-107.26080274363164,48.20956419258395]]],[[[-107.26080274363164,48.20956419258395],[-107.26078915098974,48.209559960810815],[-107.26080900776232,48.20955509777449],[-107.26081531645922,48.20954607423679],[-107.26086085433865,48.209518333848195],[-107.26080681510611,48.209506044716036],[-107.26075812214252,48.20946229495027],[-107.26075152013888,48.20946245452599],[-107.2604779166118,48.20962418706874],[-107.2605055925883,48.209645938814454],[-107.26051938274365,48.20965459476147],[-107.26054001706089,48.20966758654337],[-107.26053472793522,48.20969896026681],[-107.26080274363164,48.20956419258395]]]]}"
000000000000000015af,5827,0,0,0,"{""type"":""Polygon"",""coordinates"":[[[-107.26068554556454,48.20948162724004],[-107.2606458321215,48.20949135324184],[-107.26061757613579,48.20945617100606],[-107.26057708519141,48.209448042271276],[-107.26057694491848,48.20944353116705],[-107.26037528701919,48.20956813190457],[-107.26039645654508,48.20959448305852],[-107.26046398622549,48.209611020001],[-107.2604779166118,48.20962418706874],[-107.26075152013888,48.20946245452599],[-107.26068554556454,48.20948162724004]]]}"
000000000000000015b3,5828,0,0,0,"{""type"":""Polygon"",""coordinates"":[[[-107.2605563106962,48.209430539445755],[-107.2605359186229,48.20942204309935],[-107.26051504230783,48.20940455599803],[-107.2603106126974,48.20946667284507],[-107.26033930794533,48.2095107746873],[-107.26035441074215,48.209550644719],[-107.26037528701919,48.20956813190457],[-107.26057694491848,48.20944353116705],[-107.2605563106962,48.209430539445755]],[[-107.26052310361793,48.20943566599041],[-107.26050304937891,48.209436104846446],[-107.26051009104621,48.20944486477494],[-107.26052310361793,48.20943566599041]]]}"
000000000000000015ae,5829,0,0,0,"{""type"":""Polygon"",""coordinates"":[[[-107.26048163770727,48.20940525841968],[-107.26048008271464,48.20936954905731],[-107.26046595485946,48.209351957950204],[-107.26046561704538,48.209343022753465],[-107.2602528846557,48.20936953403655],[-107.26025352180723,48.20938287761886],[-107.26029634467861,48.209444570573204],[-107.2603106126974,48.20946667284507],[-107.26051504230783,48.20940455599803],[-107.26051484474826,48.20940013189327],[-107.26048163770727,48.20940525841968]]]}"
000000000000000015a2,5830,0,0,0,"{""type"":""Polygon"",""coordinates"":[[[-107.26045124708776,48.209320936283774],[-107.26045027205154,48.209298657530915],[-107.26042157677428,48.20925455589963],[-107.26022914115671,48.209285123602974],[-107.26025254689395,48.20936059883476],[-107.2602528846557,48.20936953403655],[-107.26046561704538,48.209343022753465],[-107.26045124708776,48.209320936283774]]]}"
000000000000000015b6,5831,0,0,0,"{""type"":""Polygon"",""coordinates"":[[[-107.26040525685364,48.20918791203495],[-107.26040491905182,48.20917897686543],[-107.26021811087699,48.20918710623353],[-107.26021855049437,48.209196025681074],[-107.26021986314863,48.20922723957448],[-107.26022914115671,48.209285123602974],[-107.26042157677428,48.20925455589963],[-107.26040700933106,48.20922804536788],[-107.26041982428252,48.2092144225472],[-107.26040525685364,48.20918791203495]]]}"
000000000000000015b9,5832,0,0,0,"{""type"":""Polygon"",""coordinates"":[[[-107.26041681008414,48.20914744390904],[-107.26040292445808,48.20913434821653],[-107.26037642146537,48.2091392994],[-107.26038127092866,48.2090990065868],[-107.26020738001569,48.20909349739894],[-107.2602022309899,48.20912938184514],[-107.2602026706041,48.20913830128308],[-107.26020296378995,48.20914716517738],[-107.26021811087699,48.20918710623353],[-107.26040491905182,48.20917897686543],[-107.26039719568529,48.209156802174945],[-107.26041681008414,48.20914744390904]],[[-107.26039719568529,48.209156802174945],[-107.26039010953346,48.20914797101363],[-107.26038370515677,48.209152554645314],[-107.26039719568529,48.209156802174945]]]}"
000000000000000015ad,5833,0,0,0,"{""type"":""Polygon"",""coordinates"":[[[-107.26023659791099,48.20899911388265],[-107.26023033378799,48.209008208558856],[-107.26021280949116,48.20906663512327],[-107.26020738001569,48.20909349739894],[-107.26038127092866,48.2090990065868],[-107.26038680215126,48.209072128576096],[-107.26039903712959,48.20904507530645],[-107.26040466401626,48.209022637121336],[-107.26023659791099,48.20899911388265]]]}"
00000000000000001597,5834,0,0,0,"{""type"":""Polygon"",""coordinates"":[[[-107.26025226794418,48.208900569994306],[-107.26024620137338,48.20891408871901],[-107.26023659791099,48.20899911388265],[-107.26040466401626,48.209022637121336],[-107.26041073056193,48.20900911835949],[-107.26043456319465,48.208941668422234],[-107.26025226794418,48.208900569994306]]]}"
000000000000000015a1,5835,0,0,0,"{""type"":""Polygon"",""coordinates"":[[[-107.26028250505567,48.20882853663556],[-107.26028270259101,48.208832960693556],[-107.26028314222874,48.208841880080506],[-107.26028416174617,48.20886422991452],[-107.26025226794418,48.208900569994306],[-107.26043456319465,48.208941668422234],[-107.26044689378597,48.20891905500503],[-107.26046631049444,48.20890527271098],[-107.26048387890762,48.20884691755992],[-107.26048343922076,48.20883799817428],[-107.26028250505567,48.20882853663556]]]}"
000000000000000015a0,5836,0,0,0,"{""type"":""Polygon"",""coordinates"":[[[-107.2602784204428,48.20873484018078],[-107.26027886008075,48.20874375955117],[-107.26027983503192,48.20876603807395],[-107.2602811477605,48.20879725171062],[-107.26028216727822,48.208819601525775],[-107.26028250505567,48.20882853663556],[-107.26048343922076,48.20883799817428],[-107.26048285926717,48.208824567738475],[-107.26049343718796,48.2087618213624],[-107.26053372977745,48.20876552599548],[-107.26053329007735,48.20875660662414],[-107.2602784204428,48.20873484018078]]]}"
0000000000000000159c,5837,0,0,0,"{""type"":""GeometryCollection"",""geometries"":[{""type"":""LineString"",""coordinates"":[[-107.26053702334227,48.20868952867594],[-107.26054369948025,48.20868939734127]]},{""type"":""Polygon"",""coordinates"":[[[-107.26030749755834,48.208635946260735],[-107.26026933993695,48.20868138080607],[-107.2602784204428,48.20873484018078],[-107.26053329007735,48.20875660662414],[-107.26053901869004,48.208734152831745],[-107.26050581224814,48.20873927928671],[-107.26049750891552,48.20870367438421],[-107.2605370239012,48.2086895245663],[-107.26030749755834,48.208635946260735]]]}]}"
0000000000000000159d,5838,0,0,0,"{""type"":""Polygon"",""coordinates"":[[[-107.26057532159844,48.20864860094856],[-107.2605688154637,48.208653200272046],[-107.26056153177079,48.20863994516607],[-107.26056823547471,48.20863976988461],[-107.26041685963781,48.20854005357901],[-107.26041035351535,48.208544652881976],[-107.26036579180675,48.20859467096444],[-107.2603265190452,48.208613315992416],[-107.26030749755834,48.208635946260735],[-107.2605436703198,48.20868943628105],[-107.260577316437,48.20869322917738],[-107.26059595542554,48.208661592483516],[-107.26057532159844,48.20864860094856]]]}"
0000000000000000159f,5839,0,0,0,"{""type"":""Polygon"",""coordinates"":[[[-107.26056171555685,48.20849252636475],[-107.26048865672266,48.20850286750223],[-107.26041685963781,48.20854005357901],[-107.26056823547471,48.20863976988461],[-107.26059517785221,48.208643738053496],[-107.26057532159844,48.20864860094856],[-107.26059595542554,48.208661592483516],[-107.26061512982201,48.20864331492056],[-107.26060750825037,48.20862112474808],[-107.26063376875685,48.20861167825062],[-107.26056171555685,48.20849252636475]]]}"
0000000000000000159e,5840,0,0,0,"{""type"":""Polygon"",""coordinates"":[[[-107.26069410075566,48.20846310119837],[-107.26066773849611,48.20847256340845],[-107.26062206164612,48.20849579210014],[-107.26056171555685,48.20849252636475],[-107.26063376875685,48.20861167825062],[-107.2606470231517,48.208606974909145],[-107.26070668759,48.20859682594278],[-107.26075304647915,48.20858701180556],[-107.26069410075566,48.20846310119837]]]}"
00000000000000001596,5841,0,0,0,"{""type"":""Polygon"",""coordinates"":[[[-107.26083269255412,48.20842466825007],[-107.26082609073012,48.208424827823215],[-107.26079264233427,48.20842545905145],[-107.26073987941466,48.20843985676261],[-107.26069410075566,48.20846310119837],[-107.26075304647915,48.20858701180556],[-107.26079265709069,48.20857730167608],[-107.26082620136651,48.208581110202225],[-107.2608594077395,48.20857598365354],[-107.26083269255412,48.20842466825007]]]}"
00000000000000001598,5842,0,0,0,"{""type"":""Polygon"",""coordinates"":[[[-107.26091323283985,48.20843200590681],[-107.26086614096357,48.20842403700755],[-107.26083269255412,48.20842466825007],[-107.2608594077395,48.20857598365354],[-107.26093246691913,48.20856564221088],[-107.26101925583072,48.2084120425839],[-107.26091323283985,48.20843200590681]]]}"
0000000000000000159b,5843,0,0,0,"{""type"":""Polygon"",""coordinates"":[[[-107.26108833980301,48.20846428745266],[-107.2610873643475,48.20844200907812],[-107.2610259022343,48.20841195426612],[-107.26101925583072,48.2084120425839],[-107.26093246691913,48.20856564221088],[-107.26093917063567,48.208565466903444],[-107.26101300761717,48.20857297979305],[-107.26105461368903,48.20860789768996],[-107.26106131742176,48.20860772237346],[-107.26111606010015,48.20848610982015],[-107.26108833980301,48.20846428745266]]]}"
00000000000000001594,5844,0,0,0,"{""type"":""Polygon"",""coordinates"":[[[-107.26113669415663,48.208499101193134],[-107.26111606010015,48.20848610982015],[-107.26106131742176,48.20860772237346],[-107.26113515461186,48.20861523516985],[-107.26118889337874,48.20862311562421],[-107.26119583934025,48.20862743560312],[-107.26125053712718,48.208505751667026],[-107.26113669415663,48.208499101193134]]]}"
00000000000000001595,5845,0,0,0,"{""type"":""Polygon"",""coordinates"":[[[-107.261284521445,48.20851847934556],[-107.26125053712718,48.208505751667026],[-107.26119583934025,48.20862743560312],[-107.26125608427043,48.20863071665657],[-107.26129671516667,48.20864335602189],[-107.26131676914531,48.208642917013265],[-107.26139200504936,48.20852978454918],[-107.261284521445,48.20851847934556]]]}"
000000000000000015b0,5846,0,0,0,"{""type"":""Polygon"",""coordinates"":[[[-107.2615066265059,48.20855428908744],[-107.26145909410796,48.20853740115153],[-107.26139200504936,48.20852978454918],[-107.26131676914531,48.208642917013265],[-107.26135715786626,48.20865106104765],[-107.26140624624118,48.20870365791861],[-107.26141964106975,48.20870346549768],[-107.26152021898237,48.20855852068266],[-107.2615066265059,48.20855428908744]]]}"
000000000000000015a7,5847,0,0,0,"{""type"":""Polygon"",""coordinates"":[[[-107.26160134068084,48.20857928810754],[-107.26155376358881,48.20856232894487],[-107.26152021898237,48.20855852068266],[-107.26141964106975,48.20870346549768],[-107.2614465392703,48.20870736215341],[-107.26148814608877,48.208742279932316],[-107.26152863689147,48.20875040817792],[-107.26153548108012,48.208754743866834],[-107.26164857370735,48.20859176767693],[-107.26160134068084,48.20857928810754]]]}"
00000000000000001592,5848,0,0,0,"{""type"":""Polygon"",""coordinates"":[[[-107.26170945662496,48.20860839179994],[-107.26167547192108,48.208595664259946],[-107.26164857370735,48.20859176767693],[-107.26153548108012,48.208754743866834],[-107.26155631320978,48.20877215925237],[-107.26162286705376,48.20876641662551],[-107.26166335797265,48.20877454481506],[-107.2617703842082,48.208625087155966],[-107.26177014192054,48.20862059185427],[-107.26170945662496,48.20860839179994]]]}"
00000000000000001590,5849,0,0,0,"{""type"":""Polygon"",""coordinates"":[[[-107.2618983569941,48.20864932750324],[-107.26187112048324,48.20863649591865],[-107.2617703842082,48.208625087155966],[-107.26166335797265,48.20877454481506],[-107.26170374706619,48.20878268871447],[-107.26173831237102,48.20880884669392],[-107.26175880653255,48.20881732695391],[-107.2619122877865,48.20866249411293],[-107.2618983569941,48.20864932750324]]]}"
00000000000000001591,5850,0,0,0,"{""type"":""Polygon"",""coordinates"":[[[-107.2620283713118,48.208718267125775],[-107.26198773975506,48.20870562806891],[-107.26195982078545,48.20867938184921],[-107.26192607814491,48.20867114969165],[-107.2619122877865,48.20866249411293],[-107.26175880653255,48.20881732695391],[-107.26177249502392,48.20882599830688],[-107.26180099434012,48.2088656750788],[-107.26206895834292,48.20873083489855],[-107.26206886245154,48.20872639513131],[-107.2620283713118,48.208718267125775]]]}"
000000000000000015a3,5851,0,0,0,"{""type"":""Polygon"",""coordinates"":[[[-107.26206895834292,48.20873083489855],[-107.26180099434012,48.2088656750788],[-107.26180783860124,48.208870010755916],[-107.26183551525132,48.20889176179072],[-107.26185614993608,48.20890475309289],[-107.26188382665318,48.208926504126374],[-107.261904461384,48.20893949542553],[-107.26214479356075,48.20878297512869],[-107.26206895834292,48.20873083489855]]]}"
000000000000000015a5,5852,0,0,0,"{""type"":""Polygon"",""coordinates"":[[[-107.26214479356075,48.20878297512869],[-107.261904461384,48.20893949542553],[-107.26195213516299,48.208960894301995],[-107.26197423054992,48.20900515483554],[-107.26206802193555,48.20901224349212],[-107.26218626096124,48.20881338158523],[-107.26214479356075,48.20878297512869]]]}"
0000000000000000158f,5853,0,0,0,"{""type"":""Polygon"",""coordinates"":[[[-107.26228680055834,48.208820365877315],[-107.26223295875646,48.20881250176498],[-107.2621999496164,48.20882205287246],[-107.26218626096124,48.20881338158523],[-107.26206802193555,48.20901224349212],[-107.26208157015185,48.209016403767485],[-107.26216303188006,48.2090461059809],[-107.26219017296354,48.20905449777571],[-107.26221036783153,48.20905856963002],[-107.26230015098439,48.20882010206004],[-107.26228680055834,48.208820365877315]]]}"
000000000000000015a4,5854,0,0,0,"{""type"":""Polygon"",""coordinates"":[[[-107.26230015098439,48.20882010206004],[-107.26221036783153,48.20905856963002],[-107.26223770671967,48.20907138548053],[-107.26235081918324,48.20906025137021],[-107.26237057396175,48.209055403787694],[-107.26240064617674,48.208827014960775],[-107.26230015098439,48.20882010206004]]]}"
000000000000000015a8,5855,0,0,0,"{""type"":""Polygon"",""coordinates"":[[[-107.26250240477344,48.20886077284366],[-107.2624554071225,48.20885724447892],[-107.26241399662135,48.20882675112717],[-107.26240064617674,48.208827014960775],[-107.26237057396175,48.209055403787694],[-107.26244349440522,48.20904054999522],[-107.26252393591929,48.209047902035465],[-107.26253796902837,48.209061052914564],[-107.26250240477344,48.20886077284366]]]}"
0000000000000000158c,5856,0,0,0,"{""type"":""Polygon"",""coordinates"":[[[-107.26262993966778,48.208876092895615],[-107.26262333763849,48.20887625259891],[-107.26250240477344,48.20886077284366],[-107.26253796902837,48.209061052914564],[-107.26259390466073,48.209117985155395],[-107.26262084820615,48.209121952762125],[-107.26265910042154,48.2090809567324],[-107.26262389585266,48.2090414555196],[-107.26264335686753,48.20902774402898],[-107.26267005797207,48.209027216284944],[-107.26268340852705,48.20902695241007],[-107.26262993966778,48.208876092895615]]]}"
000000000000000015aa,5857,0,0,0,"{""type"":""Polygon"",""coordinates"":[[[-107.26272232076128,48.20884752750595],[-107.26268304786772,48.20886617359042],[-107.26262993966778,48.208876092895615],[-107.26268340852705,48.20902695241007],[-107.2627697755783,48.20901627428764],[-107.26282934554068,48.20900168409799],[-107.2628430345092,48.209010355316494],[-107.26287031648594,48.209023257962265],[-107.26272232076128,48.20884752750595]]]}"
0000000000000000216b,5858,1,0,0,"{""type"":""Polygon"",""coordinates"":[[[-107.26283407352042,48.20880510803953],[-107.26280140271278,48.208823594438364],[-107.26274858151668,48.20883808038328],[-107.26272232076128,48.20884752750595],[-107.26287031648594,48.209023257962265],[-107.26291134478546,48.209044744819465],[-107.2630537950581,48.209091053943624],[-107.2631208867052,48.20909866940005],[-107.26283407352042,48.20880510803953]]]}"
0000000000000000158a,5859,0,0,0,"{""type"":""Polygon"",""coordinates"":[[[-107.2632442353264,48.209015852220645],[-107.26323753136656,48.209016027696684],[-107.26322384224363,48.20900735653741],[-107.2632100512661,48.208998701105735],[-107.26314936391617,48.20898650192631],[-107.26308687662979,48.20893409842481],[-107.26311226264995,48.208902356939674],[-107.26309847175207,48.20889370150713],[-107.26309206756272,48.208898285292676],[-107.26303964193743,48.2089216195244],[-107.26296618519311,48.20892311458229],[-107.26299186513818,48.20890023696125],[-107.2630709918438,48.208876374911625],[-107.26307749789264,48.208871775401335],[-107.2629457242969,48.208762704208105],[-107.26287975051677,48.20878187815581],[-107.26283407352042,48.20880510803953],[-107.2631208867052,48.20909866940005],[-107.26326192064897,48.20911378023176],[-107.26334158431382,48.209103277040455],[-107.2632442353264,48.209015852220645]]]}"
00000000000000001585,5860,0,0,0,"{""type"":""MultiPolygon"",""coordinates"":[[[[-107.26310497780275,48.208889101993435],[-107.26309847175207,48.20889370150713],[-107.26311226264995,48.208902356939674],[-107.26311876870156,48.20889775742426],[-107.26310497780275,48.208889101993435]]],[[[-107.26306412342024,48.208720196091356],[-107.262998347557,48.20874379414025],[-107.26298543736017,48.20875297739879],[-107.2629457242969,48.208762704208105],[-107.26307749789264,48.208871775401335],[-107.26309681815546,48.2088535528248],[-107.26317492349271,48.208807340968036],[-107.26306412342024,48.208720196091356]]],[[[-107.26342687907723,48.209065879924296],[-107.26340115457533,48.20908868646441],[-107.26339939879583,48.20904855337578],[-107.2633722570766,48.20904016193987],[-107.26335890641897,48.2090404259132],[-107.26334511537767,48.20903177049711],[-107.26327802363588,48.20902415520943],[-107.26327758326673,48.20901523582398],[-107.2632442353264,48.209015852220645],[-107.26334158431382,48.209103277040455],[-107.26344805124005,48.20909223008804],[-107.26342687907723,48.209065879924296]]]]}"
00000000000000001589,5861,0,0,0,"{""type"":""Polygon"",""coordinates"":[[[-107.26315470411869,48.20865142630967],[-107.26313504551021,48.20866071376969],[-107.26306412342024,48.208720196091356],[-107.26317492349271,48.208807340968036],[-107.26322686400971,48.208775016103736],[-107.26326681960958,48.20876978447978],[-107.26336965270984,48.208830259606096],[-107.26315470411869,48.20865142630967]]]}"
00000000000000001588,5862,0,0,0,"{""type"":""Polygon"",""coordinates"":[[[-107.26336556017024,48.208736563480734],[-107.26335905416153,48.20874116299775],[-107.26335201171457,48.20873240341466],[-107.26335871563116,48.20873222793266],[-107.26328518955984,48.20858180914123],[-107.26324591699631,48.20860045535377],[-107.26321965639559,48.208609902566074],[-107.26318688979349,48.20862394926782],[-107.2631611082591,48.20864684254262],[-107.26315470411869,48.20865142630967],[-107.26336965270984,48.208830259606096],[-107.26339693490422,48.20884316205273],[-107.26341698943686,48.20884272258972],[-107.26336556017024,48.208736563480734]]]}"
00000000000000001584,5863,0,0,0,"{""type"":""Polygon"",""coordinates"":[[[-107.26341053452252,48.20854362056631],[-107.26333727614538,48.20854953990414],[-107.26328518955984,48.20858180914123],[-107.26335871563116,48.20873222793266],[-107.26337206617777,48.20873196396371],[-107.26336556017024,48.208736563480734],[-107.26341698943686,48.20884272258972],[-107.26343034003156,48.2088424586109],[-107.26344369062804,48.208842194630186],[-107.26345586641756,48.20881522813364],[-107.26348256759998,48.20881470016377],[-107.26351553230187,48.20880507734508],[-107.26352184038615,48.20879605377317],[-107.26341053452252,48.20854362056631]],[[-107.26346454315697,48.20870783770199],[-107.26344424619293,48.20870378187291],[-107.26345172907973,48.208721460776246],[-107.26346454315697,48.20870783770199]],[[-107.26342468942644,48.20871305367347],[-107.2634046349623,48.20871349313527],[-107.26341167742267,48.208722252711034],[-107.26342468942644,48.20871305367347]],[[-107.26344271374776,48.20881991615637],[-107.26342271650991,48.20882026862773],[-107.26342980356827,48.20882909948745],[-107.26344271374776,48.20881991615637]]]}"
00000000000000001587,5864,0,0,0,"{""type"":""Polygon"",""coordinates"":[[[-107.26354326044506,48.20852312641535],[-107.26348359501056,48.20853327715555],[-107.26341053452252,48.20854362056631],[-107.26352184038615,48.20879605377317],[-107.26354873950521,48.208799949823494],[-107.26354796049104,48.20878209540718],[-107.26356781708853,48.20877723187635],[-107.2635738826484,48.20876371300244],[-107.26360092241622,48.20877212006836],[-107.2636337910124,48.208758057453885],[-107.26363985654886,48.208744538581314],[-107.26364650320045,48.20874445007526],[-107.26363907748855,48.20872668418565],[-107.26354326044506,48.20852312641535]],[[-107.26363907748855,48.20872668418565],[-107.26362572690589,48.208726948192606],[-107.26362606550155,48.2087358832542],[-107.26363907748855,48.20872668418565]]]}"
0000000000000000216a,5865,0,0,0,"{""type"":""Polygon"",""coordinates"":[[[-107.2636789312993,48.20872146812179],[-107.26368421773162,48.2086900948739],[-107.26365775910236,48.20869511819474],[-107.26368994462725,48.20866764096534],[-107.26377635609018,48.20865703328203],[-107.26365637248163,48.208511990893335],[-107.26364316263198,48.208516765910204],[-107.26358287149272,48.20851341513543],[-107.26354326044506,48.20852312641535],[-107.26363907748855,48.20872668418565],[-107.26364650320045,48.20874445007526],[-107.26365971313415,48.20873967503524],[-107.26366611726473,48.20873509122709],[-107.2636789312993,48.20872146812179]],[[-107.26366611726473,48.20873509122709],[-107.26365853817273,48.208712972579335],[-107.26364572413688,48.208726595679764],[-107.26366611726473,48.20873509122709]]]}"
0000000000000000151e,5866,0,0,0,"{""type"":""Polygon"",""coordinates"":[[[-107.26374112345803,48.20846569039368],[-107.26372146497036,48.20847497793804],[-107.26370229153184,48.208493256038814],[-107.26367603099182,48.20850270335523],[-107.26365637248163,48.208511990893335],[-107.26377635609018,48.20865703328203],[-107.26382951587428,48.2086514818681],[-107.26384310900264,48.208655713125715],[-107.26385577652937,48.20864203448019],[-107.26388272024958,48.20864600169265],[-107.26388213904094,48.20863257135804],[-107.26392101564362,48.208605076832534],[-107.2639340275513,48.20859587774879],[-107.26374112345803,48.20846569039368]],[[-107.26390057789209,48.20859651009384],[-107.26388702934497,48.208592350116604],[-107.26389431448753,48.20860560492155],[-107.26390057789209,48.20859651009384]]]}"
0000000000000000151d,5867,0,0,0,"{""type"":""MultiPolygon"",""coordinates"":[[[[-107.26405669055846,48.20849964580662],[-107.26408592753508,48.20855710463612],[-107.26410602663528,48.20855673629926],[-107.26411893664361,48.208547552928934],[-107.26418637278694,48.20855964711474],[-107.2641992827881,48.20855046373328],[-107.26405669055846,48.20849964580662]]],[[[-107.26380573651466,48.20841523140691],[-107.26379282652341,48.20842441471171],[-107.2637853434911,48.208406735938034],[-107.2637107248829,48.2083813709908],[-107.26372509699573,48.20840345652523],[-107.26375179795812,48.2084029284902],[-107.26378025516536,48.20844253302685],[-107.26374112345803,48.20846569039368],[-107.2639340275513,48.20859587774879],[-107.26394693759195,48.20858669439397],[-107.26395950894815,48.20856857600761],[-107.26397208029294,48.20855045762611],[-107.26398343184266,48.208505565641126],[-107.26401585963151,48.208482583685615],[-107.26380573651466,48.20841523140691]]]]}"
0000000000000000156c,5868,0,0,0,"{""type"":""Polygon"",""coordinates"":[[[-107.26430723396285,48.208423211089304],[-107.26429388339453,48.2084234751873],[-107.26431300504049,48.20840082853415],[-107.26429921385197,48.20839217336363],[-107.26429897125008,48.2083876780961],[-107.26406438817627,48.2083699777412],[-107.2638095090436,48.208348221071546],[-107.26380442075357,48.20838401812109],[-107.2637910702708,48.208384282146795],[-107.26376436931068,48.208384810192506],[-107.26375057834011,48.20837615494027],[-107.26374935872187,48.20834938140389],[-107.26374926262419,48.20834494167562],[-107.26368867186784,48.2083371827027],[-107.26369595688281,48.20835043746194],[-107.26371052692865,48.20837694698831],[-107.2637107248829,48.2083813709908],[-107.2637853434911,48.208406735938034],[-107.26378490298974,48.20839781666248],[-107.26381204447297,48.208406207885716],[-107.26380573651466,48.20841523140691],[-107.26401585963151,48.208482583685615],[-107.2640223655581,48.2084779841487],[-107.26404906665864,48.20847745602675],[-107.26405669055846,48.20849964580662],[-107.2641992827881,48.20855046373328],[-107.26419904019951,48.20854596845171],[-107.2642120520566,48.208536769341855],[-107.26423909200179,48.208545176187435],[-107.26427958444086,48.20855330320104],[-107.26430706506046,48.20857062932665],[-107.26442115546602,48.20858177121108],[-107.26445548094156,48.20860343275692],[-107.26449577554017,48.2086071356652],[-107.26450875745292,48.208446094206586],[-107.26448665868466,48.20840183481043],[-107.26440621640344,48.208394484523964],[-107.26439310844485,48.20839924390326],[-107.26433970616807,48.20840030033146],[-107.26434786706298,48.20843584905787],[-107.2643080133587,48.20844106536849],[-107.26430723396285,48.208423211089304]],[[-107.2643938878834,48.20841709817257],[-107.26437359076267,48.20841304256624],[-107.26438131673686,48.208435216558534],[-107.2643938878834,48.20841709817257]],[[-107.26430845398768,48.208449984645696],[-107.26431563743002,48.208463255108164],[-107.26434199982839,48.208453791894634],[-107.26430845398768,48.208449984645696]],[[-107.26430845398768,48.208449984645696],[-107.2643080133587,48.20844106536849],[-107.26429490538487,48.20844582473897],[-107.26430845398768,48.208449984645696]],[[-107.26429388339453,48.2084234751873],[-107.2642807754274,48.20842823455409],[-107.26429446475919,48.20843690546232],[-107.26429388339453,48.2084234751873]],[[-107.26409240521787,48.208400662877374],[-107.26405157436231,48.208383600801724],[-107.264046626992,48.208423908883375],[-107.26403371702231,48.20843309222152],[-107.2640211457445,48.20845121056914],[-107.26400823576203,48.208460393908915],[-107.26405537458714,48.20846843247968],[-107.26409240521787,48.208400662877374]]]}"
0000000000000000157e,5869,0,0,0,"{""type"":""GeometryCollection"",""geometries"":[{""type"":""LineString"",""coordinates"":[[-107.26368104903352,48.20831499525709],[-107.26367438206904,48.2083151265937]]},{""type"":""Polygon"",""coordinates"":[[[-107.26427224108502,48.20823636456911],[-107.26426417645474,48.20820525568192],[-107.26424442196871,48.20821010356863],[-107.26423791610378,48.20821470309572],[-107.26427224108502,48.20823636456911]]]},{""type"":""Polygon"",""coordinates"":[[[-107.26447903450548,48.20837964511286],[-107.26446568392844,48.20837990923474],[-107.26443898277975,48.20838043747282],[-107.26440621640344,48.208394484523964],[-107.26448665868466,48.20840183481043],[-107.26447903450548,48.20837964511286]]]},{""type"":""Polygon"",""coordinates"":[[[-107.2640435099174,48.20835249180459],[-107.26402562454311,48.2082501414104],[-107.26381357562006,48.20829007453862],[-107.2638095090436,48.208348221071546],[-107.26406438817627,48.2083699777412],[-107.2640435099174,48.20835249180459]]]},{""type"":""Polygon"",""coordinates"":[[[-107.26368104824256,48.20831499295489],[-107.26368104903352,48.20831499525709],[-107.26368867186784,48.2083371827027],[-107.26374926262419,48.20834494167562],[-107.26374824096483,48.20832259215242],[-107.26376061432659,48.208300049887725],[-107.26368104824256,48.20831499295489]]]},{""type"":""Polygon"",""coordinates"":[[[-107.26423791610378,48.20821470309572],[-107.2642250062318,48.20822388642073],[-107.2642243230267,48.208210471928034],[-107.26420446667998,48.20821533553612],[-107.26419806267347,48.208219919331924],[-107.26408533430396,48.20824006166115],[-107.26408048886503,48.20828035390426],[-107.26410796914182,48.20829768000605],[-107.26408204744286,48.208316062381215],[-107.26409569208342,48.20832466203514],[-107.26408322273096,48.208342764623055],[-107.26406438817627,48.2083699777412],[-107.26429897125008,48.2083876780961],[-107.26429843445902,48.20837431910081],[-107.26428108511398,48.208285327700665],[-107.26429443563073,48.20828506360645],[-107.26430744738005,48.208275864531835],[-107.26427996696407,48.20825853849783],[-107.26426617583775,48.20824988334428],[-107.26425326595556,48.20825906667948],[-107.26423791610378,48.20821470309572]],[[-107.26424953881002,48.208326148165824],[-107.264256824069,48.208339402873534],[-107.26428308451209,48.208329955429924],[-107.26424953881002,48.208326148165824]],[[-107.26419179939388,48.208229014111055],[-107.26419918076499,48.20824670851762],[-107.26421199449358,48.20823308547486],[-107.26419179939388,48.208229014111055]]]}]}"
00000000000000001574,5870,0,0,0,"{""type"":""MultiPolygon"",""coordinates"":[[[[-107.26424442196871,48.20821010356863],[-107.26426417645474,48.20820525568192],[-107.26426383769491,48.20819632071647],[-107.26424442196871,48.20821010356863]]],[[[-107.26374570562915,48.20826460542596],[-107.26368007119875,48.20829271470994],[-107.26367973258297,48.20828377972399],[-107.26365356828401,48.208297666717165],[-107.26365400875447,48.208306585977176],[-107.26367444624019,48.20831515272809],[-107.26376061432659,48.208300049887725],[-107.26376017382991,48.20829113062996],[-107.26374570562915,48.20826460542596]]],[[[-107.26401017887427,48.208201338074694],[-107.26399560862183,48.20817482868715],[-107.26399482937126,48.20815697449171],[-107.26397419383392,48.20814398385466],[-107.26396050472677,48.20813531294314],[-107.26379060267287,48.20822352114439],[-107.26381099560255,48.208232016585086],[-107.26381177476105,48.20824987080971],[-107.26381221527087,48.20825879005994],[-107.26381343493901,48.208285563548344],[-107.26381357562006,48.20829007453862],[-107.26402562454311,48.2082501414104],[-107.26401017887427,48.208201338074694]]],[[[-107.2641754277081,48.2081623010963],[-107.2641554752438,48.20816272497779],[-107.26412775244145,48.20814090368496],[-107.26408299642574,48.20818649903218],[-107.26403958541178,48.208111379210436],[-107.26402094896254,48.20814301617891],[-107.26403565993645,48.20817403652567],[-107.2640494509472,48.20818269170284],[-107.26404978965488,48.208191626668054],[-107.26408533430396,48.20824006166115],[-107.26419806267347,48.208219919331924],[-107.26419102004886,48.2082111599013],[-107.26420446667998,48.20821533553612],[-107.26421121513879,48.20821523126413],[-107.2642243230267,48.208210471928034],[-107.26422334564748,48.2081881937412],[-107.26420999517569,48.20818845782391],[-107.26419664470572,48.2081887219047],[-107.26418373483918,48.208197905219514],[-107.26416994377117,48.2081892500606],[-107.26416309917094,48.208184914616325],[-107.2641754277081,48.2081623010963]],[[-107.26416431909975,48.20821168805623],[-107.26417136171605,48.20822044748912],[-107.264184514181,48.20821575942493],[-107.26416431909975,48.20821168805623]],[[-107.2641497487089,48.20818517869039],[-107.26415679131624,48.20819393812017],[-107.26416309917094,48.208184914616325],[-107.2641497487089,48.20818517869039]],[[-107.26414246352144,48.208171924011424],[-107.26413615566571,48.20818094751173],[-107.2641497487089,48.20818517869039],[-107.26414246352144,48.208171924011424]],[[-107.26409678745912,48.208195154204006],[-107.26410383005147,48.208203913639714],[-107.26411673992847,48.208194730334334],[-107.26409678745912,48.208195154204006]]]]}"
00000000000000001586,5871,0,0,0,"{""type"":""MultiPolygon"",""coordinates"":[[[[-107.26392651881281,48.208122586344594],[-107.26388568840166,48.208105524276924],[-107.26383713248899,48.20806628829549],[-107.26368874703466,48.20818532534299],[-107.2637288943266,48.20818897302723],[-107.26374268522379,48.208197628253785],[-107.26379060267287,48.20822352114439],[-107.26396050472677,48.20813531294314],[-107.26392651881281,48.208122586344594]]],[[[-107.26359166210295,48.20825869446756],[-107.26359210255876,48.208267613721645],[-107.2636135169987,48.208298458720364],[-107.26365356828401,48.208297666717165],[-107.26367973258297,48.20828377972399],[-107.26367142597094,48.20824817548614],[-107.26367671230075,48.2082168025223],[-107.26367627182358,48.20820788327771],[-107.26367573525613,48.20819452431873],[-107.26359166210295,48.20825869446756]]]]}"
00000000000000001583,5872,0,0,0,"{""type"":""Polygon"",""coordinates"":[[[-107.26380280807528,48.20804462672188],[-107.26380236756503,48.208035707507776],[-107.26356381743636,48.208080591899595],[-107.26358465064355,48.20809800659549],[-107.26357441647428,48.20816968735899],[-107.26359166210295,48.20825869446756],[-107.26367573525613,48.20819452431873],[-107.26368199861923,48.20818542957708],[-107.26368874703466,48.20818532534299],[-107.26383713248899,48.20806628829549],[-107.26380280807528,48.20804462672188]]]}"
0000000000000000157b,5873,0,0,0,"{""type"":""Polygon"",""coordinates"":[[[-107.26377133061311,48.20793804564416],[-107.26354691050642,48.20800052002096],[-107.2635353607663,48.20804098755648],[-107.26356381743636,48.208080591899595],[-107.26380236756503,48.208035707507776],[-107.2637945013638,48.20800902265836],[-107.2637997875422,48.2079776498336],[-107.26379861244611,48.20795094776795],[-107.26379803125347,48.20793751760909],[-107.26377133061311,48.20793804564416]]]}"
0000000000000000158b,5874,0,0,0,"{""type"":""Polygon"",""coordinates"":[[[-107.26352790905405,48.20787138114829],[-107.26351689586582,48.20792520747139],[-107.26357283207894,48.20798213790326],[-107.26354671256942,48.207996096049584],[-107.26354691050642,48.20800052002096],[-107.26377133061311,48.20793804564416],[-107.26352790905405,48.20787138114829]]]}"
0000000000000000157d,5875,0,0,0,"{""type"":""Polygon"",""coordinates"":[[[-107.2636717862787,48.20780157184582],[-107.26364630533634,48.20782887310277],[-107.26356023450579,48.20784841536286],[-107.2635341723804,48.207862286472846],[-107.26352790905405,48.20787138114829],[-107.26377133061311,48.20793804564416],[-107.26379803125347,48.20793751760909],[-107.26379783328557,48.207933093644286],[-107.26379769260335,48.207928582684495],[-107.2636717862787,48.20780157184582]]]}"
0000000000000000157a,5876,0,0,0,"{""type"":""Polygon"",""coordinates"":[[[-107.26376940646385,48.2077415621489],[-107.26368479791003,48.20779237294276],[-107.2636717862787,48.20780157184582],[-107.26379769260335,48.207928582684495],[-107.26379020964393,48.207910904075256],[-107.26385418312636,48.20784710247284],[-107.26388064117144,48.20784207919333],[-107.26376940646385,48.2077415621489]]]}"
0000000000000000157f,5877,0,0,0,"{""type"":""Polygon"",""coordinates"":[[[-107.26388071534487,48.20769022328169],[-107.26384828826335,48.20771320482894],[-107.26379546848062,48.20772769100952],[-107.26376940646385,48.2077415621489],[-107.26388064117144,48.20784207919333],[-107.26397355662648,48.20782687207626],[-107.26400632248529,48.207812825336795],[-107.26388071534487,48.20769022328169]]]}"
00000000000000001559,5878,0,0,0,"{""type"":""Polygon"",""coordinates"":[[[-107.26402483430985,48.20762490891469],[-107.26400517629725,48.20763419635729],[-107.26394624679973,48.20766212993801],[-107.26391998685932,48.20767157715733],[-107.26388071534487,48.20769022328169],[-107.26400632248529,48.207812825336795],[-107.26403268439279,48.20780336233713],[-107.26405938501043,48.2078028342313],[-107.26407273532196,48.20780257017553],[-107.26408608563528,48.20780230611786],[-107.26409273215015,48.20780221758596],[-107.26402483430985,48.20762490891469]]]}"
00000000000000001573,5879,0,0,0,"{""type"":""MultiPolygon"",""coordinates"":[[[[-107.26418231653741,48.207862939071056],[-107.26420309278205,48.207880440548344],[-107.26420251143907,48.20786701041367],[-107.26420231342162,48.207862586456855],[-107.26420129146801,48.20784023714999],[-107.26418231653741,48.207862939071056]]],[[[-107.26417697287054,48.20759063167262],[-107.26411750671929,48.20760520653043],[-107.26407114822749,48.20761502209969],[-107.26405109422016,48.20761546167579],[-107.26402483430985,48.20762490891469],[-107.26409273215015,48.20780221758596],[-107.26415263921707,48.207796561849484],[-107.26419997533954,48.20780902421858],[-107.26417697287054,48.20759063167262]]]]}"
00000000000000001576,5880,0,0,0,"{""type"":""MultiPolygon"",""coordinates"":[[[[-107.26420251143907,48.20786701041367],[-107.26420309278205,48.207880440548344],[-107.26421586179404,48.20786674633657],[-107.26420251143907,48.20786701041367]]],[[[-107.26421586179404,48.20786674633657],[-107.26426241866827,48.20786135459764],[-107.26428305422604,48.207874345102724],[-107.26430246975802,48.20786056233525],[-107.2643125044281,48.20778445800109],[-107.26429969089361,48.20779808093667],[-107.264291670871,48.20776704357535],[-107.26431206378963,48.2077755388365],[-107.26432504581116,48.20761449993471],[-107.26429834525365,48.207615028111015],[-107.26427770982174,48.20760203766979],[-107.26417697287054,48.20759063167262],[-107.26419997533954,48.20780902421858],[-107.26420667914857,48.20780884868317],[-107.2642333798196,48.20780832052755],[-107.26424178312924,48.20784836409083],[-107.26420095271786,48.20783130224579],[-107.26420129146801,48.20784023714999],[-107.26420231342162,48.207862586456855],[-107.26421552304073,48.20785781142803],[-107.26421586179404,48.20786674633657]],[[-107.26428438568801,48.207753789011946],[-107.2642513772872,48.20776334061457],[-107.264291670871,48.20776704357535],[-107.26428438568801,48.207753789011946]],[[-107.26426648442491,48.20780320860213],[-107.2642742102365,48.20782538235123],[-107.26428678118333,48.207807264193484],[-107.26426648442491,48.20780320860213]]]]}"
0000000000000000155e,5881,0,0,0,"{""type"":""Polygon"",""coordinates"":[[[-107.2643125044281,48.20778445800109],[-107.26430246975802,48.20786056233525],[-107.26431504070872,48.20784244416164],[-107.26433503761027,48.20784209151949],[-107.26436726664998,48.207814685799924],[-107.26437430926445,48.20782344515216],[-107.26436800151654,48.20783246860544],[-107.26437528674872,48.207845723180995],[-107.2644148010239,48.20783157201495],[-107.26448505125414,48.20760690678331],[-107.26445204296525,48.207616458425534],[-107.26432504581116,48.20761449993471],[-107.26431206378963,48.2077755388365],[-107.26431881217624,48.20777543455965],[-107.2643125044281,48.20778445800109]],[[-107.26431881217624,48.20777543455965],[-107.26434585164142,48.2077838412662],[-107.26438576192716,48.20777853802714],[-107.26441246262728,48.20777800982128],[-107.26443168003934,48.20775980310764],[-107.26433114047857,48.207752821200856],[-107.26431881217624,48.20777543455965]]]}"
00000000000000001575,5882,0,0,0,"{""type"":""Polygon"",""coordinates"":[[[-107.26457616474603,48.207551495993876],[-107.26453743030237,48.20758350112779],[-107.26450510534896,48.20760646711442],[-107.26448505125414,48.20760690678331],[-107.2644148010239,48.20783157201495],[-107.26443445913358,48.20782228445132],[-107.26446169674202,48.207835115083164],[-107.26452163430125,48.20798129962477],[-107.26461238319988,48.20806888122597],[-107.26457616474603,48.207551495993876]],[[-107.26447217176934,48.20776792993722],[-107.26444522843587,48.2077639629463],[-107.26445251369096,48.20777721749823],[-107.26447217176934,48.20776792993722]]]}"
00000000000000001569,5883,0,0,0,"{""type"":""Polygon"",""coordinates"":[[[-107.26465314817287,48.20747849536495],[-107.26457616474603,48.207551495993876],[-107.26461238319988,48.20806888122597],[-107.26461942593347,48.20807764059933],[-107.26474046463477,48.20764202022315],[-107.2646869670336,48.207638637141805],[-107.26474663147984,48.20762848585074],[-107.26481003486394,48.20739948596316],[-107.26465314817287,48.20747849536495]],[[-107.26467987977486,48.20762980657894],[-107.26466633136391,48.20762564678433],[-107.26466667023094,48.20763458164913],[-107.26467987977486,48.20762980657894]]]}"
00000000000000001571,5884,0,0,0,"{""type"":""Polygon"",""coordinates"":[[[-107.26474046463477,48.20764202022315],[-107.26461942593347,48.20807764059933],[-107.26463355598848,48.208095230615186],[-107.26472274630129,48.20814710392319],[-107.26496241578072,48.20736970280821],[-107.26495591011032,48.207374302305844],[-107.26491561658312,48.20737059964992],[-107.26481003486394,48.20739948596316],[-107.26474663147984,48.20762848585074],[-107.26476056337951,48.20764165176466],[-107.26474046463477,48.20764202022315]],[[-107.26476056337951,48.20764165176466],[-107.26476760608905,48.20765041105693],[-107.26477411182093,48.207645811546456],[-107.26476056337951,48.20764165176466]]]}"
00000000000000001570,5885,0,0,0,"{""type"":""Polygon"",""coordinates"":[[[-107.26509195059074,48.20742964609895],[-107.26505874427191,48.20743477399887],[-107.26503679162728,48.207390571120186],[-107.26510232250281,48.20736247716147],[-107.265115333823,48.20735327814888],[-107.26502794661958,48.20734160891228],[-107.26496241578072,48.20736970280821],[-107.26472274630129,48.20814710392319],[-107.26477746503497,48.208177260401285],[-107.26479105824734,48.20818149148457],[-107.26486384451357,48.208014810831074],[-107.26484991243488,48.208001644843684],[-107.26484859576013,48.20797043183968],[-107.26484635297271,48.207921309219394],[-107.26487227421943,48.20790292678669],[-107.26491863328171,48.20789311076264],[-107.26501622073722,48.20768125966498],[-107.26512593673708,48.20744237211216],[-107.26509195059074,48.20742964609895]],[[-107.26488959326318,48.20784007688883],[-107.26487604472274,48.20783591711055],[-107.26488333017807,48.20784917164275],[-107.26488959326318,48.20784007688883]]]}"
0000000000000000156a,5886,0,0,0,"{""type"":""MultiPolygon"",""coordinates"":[[[[-107.26495455006209,48.208102320866814],[-107.26493337696635,48.20807597155265],[-107.26491968751203,48.20806730079785],[-107.2649058962045,48.20805864577211],[-107.26489220676677,48.20804997501583],[-107.26486384451357,48.208014810831074],[-107.26479105824734,48.20818149148457],[-107.26491297077641,48.208219246283676],[-107.26496149666264,48.208106640514494],[-107.26495455006209,48.208102320866814]]],[[[-107.26491863328171,48.20789311076264],[-107.26497169621939,48.207883119127295],[-107.26506529038623,48.20788578072797],[-107.26514424167291,48.20770556642809],[-107.26513045040409,48.20769691149288],[-107.26515030655099,48.2076920477461],[-107.26516287714186,48.20767392952838],[-107.26514918773738,48.20766525887103],[-107.26516894200809,48.20766041085362],[-107.26521722363296,48.20754331099485],[-107.2651972712814,48.20754373508501],[-107.26519683042308,48.20753481597069],[-107.26515027361235,48.20754020812781],[-107.2651557567541,48.20751325945874],[-107.26520211539152,48.20750344338099],[-107.26520153367281,48.20749001335774],[-107.26514837495834,48.207495565382146],[-107.26514715427747,48.20746879233672],[-107.26514613173121,48.207446443221514],[-107.26512593673708,48.20744237211216],[-107.26501622073722,48.20768125966498],[-107.26491863328171,48.20789311076264]],[[-107.2651170999803,48.207697175698044],[-107.2651303095559,48.207692400559424],[-107.26511001257553,48.207688345160854],[-107.2651170999803,48.207697175698044]],[[-107.26510967360102,48.20767941029125],[-107.26509656589118,48.20768416969585],[-107.26511001257553,48.207688345160854],[-107.26510967360102,48.20767941029125]],[[-107.26503669093059,48.20784166607872],[-107.2650438745962,48.20785493632824],[-107.26505688610736,48.20784573723299],[-107.26503669093059,48.20784166607872]],[[-107.26508928036874,48.20767091522292],[-107.26505505134813,48.207653693945446],[-107.26504214176941,48.207662877275375],[-107.26501622073722,48.20768125966498],[-107.26508928036874,48.20767091522292]]]]}"
0000000000000000156f,5887,0,0,0,"{""type"":""MultiPolygon"",""coordinates"":[[[[-107.26516287714186,48.20767392952838],[-107.26515030655099,48.2076920477461],[-107.26517676469146,48.207687024121704],[-107.26517642570064,48.20767808925298],[-107.26516287714186,48.20767392952838]]],[[[-107.26509954013513,48.20820661258375],[-107.2650520046239,48.20818972661672],[-107.26499029428763,48.20815517938285],[-107.26497582505269,48.20812865445872],[-107.26496149666264,48.208106640514494],[-107.26491297077641,48.208219246283676],[-107.26493340879401,48.20822781273895],[-107.26512804365701,48.20824628779624],[-107.26513342510823,48.208219354494055],[-107.26509954013513,48.20820661258375]]],[[[-107.26517676469146,48.207687024121704],[-107.26517147966108,48.20771839682059],[-107.26514424167291,48.20770556642809],[-107.26506529038623,48.20788578072797],[-107.26519239141702,48.20788772246851],[-107.26521943142299,48.20789612893318],[-107.26521909242499,48.20788719402942],[-107.26521180681647,48.207873939517036],[-107.26521865156572,48.20787827485725],[-107.26525911064837,48.20773456118893],[-107.26531033732317,48.20753252659128],[-107.26530363348665,48.20753270220354],[-107.2652820767466,48.2074973471491],[-107.26527635096436,48.20751980062703],[-107.26524945205783,48.20751590514974],[-107.265264023199,48.20754241399385],[-107.26527771260554,48.207551084614614],[-107.26527815348345,48.207560003730805],[-107.26522475191241,48.20756106061659],[-107.26522397204303,48.20754320665424],[-107.26521722363296,48.20754331099485],[-107.26516880115486,48.20765589992346],[-107.26516894200809,48.20766041085362],[-107.26517642570064,48.20767808925298],[-107.26519662083719,48.20768216036628],[-107.26517676469146,48.207687024121704]],[[-107.26529756868595,48.20754622085248],[-107.2652837774131,48.2075375659655],[-107.26527771260554,48.207551084614614],[-107.26529756868595,48.20754622085248]],[[-107.26522566129334,48.207735193977605],[-107.26525202319236,48.207725730657266],[-107.26521847756698,48.2077219237733],[-107.26522566129334,48.207735193977605]],[[-107.26518855542223,48.20765105190294],[-107.26519564284568,48.20765988242764],[-107.26520885240903,48.20765510728189],[-107.26518855542223,48.20765105190294]],[[-107.26521119198507,48.20770866930165],[-107.26519157853977,48.20771802826794],[-107.26521847756698,48.2077219237733],[-107.26521119198507,48.20770866930165]],[[-107.26515762500296,48.20785714231268],[-107.26516491058507,48.20787039682563],[-107.26517782022852,48.20786121344147],[-107.26515762500296,48.20785714231268]]]]}"
0000000000000000156b,5888,0,0,0,"{""type"":""MultiPolygon"",""coordinates"":[[[[-107.26513342510823,48.208219354494055],[-107.26512804365701,48.20824628779624],[-107.26514149054657,48.20825046329605],[-107.26516765468938,48.208236575913766],[-107.26513342510823,48.208219354494055]]],[[[-107.26521865156572,48.20787827485725],[-107.26523200206913,48.20787801063504],[-107.26521909242499,48.20788719402942],[-107.26521943142299,48.20789612893318],[-107.2652736133569,48.207912926111995],[-107.26535371652612,48.20791134070026],[-107.26535357565234,48.207906829749454],[-107.26534662901074,48.20790251014753],[-107.26531992795549,48.20790303862344],[-107.26527205359017,48.20787721795701],[-107.26535924419359,48.20788446309752],[-107.26539305620734,48.20774083798944],[-107.26535300478204,48.20774163071347],[-107.26525911064837,48.20773456118893],[-107.26521865156572,48.20787827485725]]],[[[-107.26525911064837,48.20773456118893],[-107.26539237256253,48.20772742363885],[-107.26539809832698,48.207704970066224],[-107.26539756111875,48.20769161126027],[-107.26536391359353,48.207687820160764],[-107.26539712021327,48.20768269212311],[-107.2654034277546,48.20767366863304],[-107.26545949743675,48.207431342557214],[-107.26545940112396,48.207426902913255],[-107.26547128782444,48.20739537048652],[-107.26545773928783,48.20739121082524],[-107.26544605075068,48.207427167161526],[-107.2654395450942,48.207431766696594],[-107.26543323760619,48.207440790146364],[-107.26542619472198,48.2074320309421],[-107.26541260160626,48.20742780000631],[-107.26540497693529,48.20740561080383],[-107.26538512092213,48.20741047457353],[-107.26539254741544,48.207428239865706],[-107.26538634178013,48.207437247581886],[-107.2653934292307,48.207446078055554],[-107.26534818958581,48.20748268297708],[-107.26537586845357,48.207504432363926],[-107.26532304866991,48.20751891932766],[-107.26534344192906,48.20752741432121],[-107.26533728084422,48.20753649331729],[-107.26531033732317,48.20753252659128],[-107.26525911064837,48.20773456118893]]]]}"
00000000000000001582,5889,0,0,0,"{""type"":""GeometryCollection"",""geometries"":[{""type"":""LineString"",""coordinates"":[[-107.26539811126163,48.20770500522817],[-107.26539830816387,48.20770946763854]]},{""type"":""Polygon"",""coordinates"":[[[-107.26547128782444,48.20739537048652],[-107.26545940112396,48.207426902913255],[-107.26547813254138,48.20739970576978],[-107.26547128782444,48.20739537048652]]]},{""type"":""Polygon"",""coordinates"":[[[-107.26535357565234,48.207906829749454],[-107.26535371652612,48.20791134070026],[-107.26542741587392,48.207914339068324],[-107.26535357565234,48.207906829749454]]]},{""type"":""Polygon"",""coordinates"":[[[-107.26544470001804,48.20769964903008],[-107.26543168860138,48.207708848150055],[-107.26541799908101,48.20770017752824],[-107.26539834106886,48.207709465269325],[-107.26539237256253,48.20772742363885],[-107.26543232768262,48.20772219122962],[-107.26545208200992,48.20771734314727],[-107.26544470001804,48.20769964903008]]]},{""type"":""Polygon"",""coordinates"":[[[-107.2654669924536,48.20775278693263],[-107.26543310764886,48.2077400452483],[-107.26541975716655,48.20774030949725],[-107.26539305620734,48.20774083798944],[-107.26535924419359,48.20788446309752],[-107.26541959295791,48.20788772571205],[-107.26548732381377,48.207908682464904],[-107.26550081525818,48.20791292915418],[-107.26550724211599,48.20775641810016],[-107.2654669924536,48.20775278693263]]]},{""type"":""Polygon"",""coordinates"":[[[-107.26545949743675,48.207431342557214],[-107.2654034277546,48.20767366863304],[-107.26543561165381,48.20764619139091],[-107.2655151771323,48.207631247074225],[-107.26551748271741,48.20753296949166],[-107.26550388954168,48.20752873856223],[-107.2655169008833,48.207519539465736],[-107.26551940460683,48.20742568600501],[-107.26550023226214,48.20744396407407],[-107.26548071528795,48.20745776269466],[-107.26545949743675,48.207431342557214]],[[-107.26546071834849,48.20745811557384],[-107.26547440780199,48.20746678615153],[-107.26548071528795,48.20745776269466],[-107.26546071834849,48.20745811557384]]]}]}"
0000000000000000156e,5890,0,0,0,"{""type"":""MultiPolygon"",""coordinates"":[[[[-107.26554462450575,48.20754136008001],[-107.26555102831693,48.207536776258195],[-107.26551748271741,48.20753296949166],[-107.26551846090992,48.20755524736841],[-107.26554462450575,48.20754136008001]]],[[[-107.26553906245788,48.20741639829311],[-107.26551940460683,48.20742568600501],[-107.2655169008833,48.207519539465736],[-107.26554296259233,48.2075056679181],[-107.26555539207219,48.2074830388046],[-107.26553906245788,48.20741639829311]]],[[[-107.26562035368865,48.207745280437734],[-107.26559409362169,48.20775472813302],[-107.26550724211599,48.20775641810016],[-107.26550081525818,48.20791292915418],[-107.26553446305034,48.2079167202151],[-107.265601215879,48.207915398857075],[-107.26564126759781,48.20791460601944],[-107.26564065087095,48.20774933572767],[-107.26562035368865,48.207745280437734]]],[[[-107.26551846090992,48.20755524736841],[-107.2655151771323,48.207631247074225],[-107.26552177914074,48.20763108717635],[-107.26555532482985,48.207634893946185],[-107.26555620671958,48.20765273220243],[-107.26558202575889,48.20763436541069],[-107.2656152323809,48.20762923730273],[-107.26562173806549,48.20762463773785],[-107.26560818940831,48.20762047808282],[-107.26560110186067,48.207611647598306],[-107.26558070843961,48.20760315265005],[-107.2655934770346,48.20758945833752],[-107.2655663351864,48.20758106775688],[-107.26555949042118,48.207576732466244],[-107.26551846090992,48.20755524736841]],[[-107.26554638274068,48.20758149192228],[-107.26556007226975,48.20759016250607],[-107.2655663351864,48.20758106775688],[-107.26554638274068,48.20758149192228]],[[-107.26556857896949,48.20763019001874],[-107.26555478756259,48.20762153516034],[-107.26555532482985,48.207634893946185],[-107.26556857896949,48.20763019001874]]]]}"
00000000000000001566,5891,0,0,0,"{""type"":""Polygon"",""coordinates"":[[[-107.26573390632336,48.207743061784726],[-107.26568754724542,48.207752878174944],[-107.26564065087095,48.20774933572767],[-107.26564126759781,48.20791460601944],[-107.26575491712006,48.207916827004475],[-107.26577477344429,48.20791196310379],[-107.26577415612145,48.20774669283626],[-107.26573390632336,48.207743061784726]]]}"
00000000000000001562,5892,0,0,0,"{""type"":""Polygon"",""coordinates"":[[[-107.26591528661486,48.20776623904953],[-107.2658882463327,48.20775783280851],[-107.26577415612145,48.20774669283626],[-107.26577477344429,48.20791196310379],[-107.26581438422845,48.20790225102224],[-107.26585443602391,48.20790145809394],[-107.26588113722991,48.207900929465566],[-107.26589473063774,48.2079051603655],[-107.26592203511619,48.2077661346571],[-107.26591528661486,48.20776623904953]]]}"
00000000000000001563,5893,0,0,0,"{""type"":""Polygon"",""coordinates"":[[[-107.2660767594088,48.20778991151518],[-107.26603602375788,48.20777729018124],[-107.26596208681052,48.2077653416885],[-107.26592203511619,48.2077661346571],[-107.26589473063774,48.2079051603655],[-107.2659823185002,48.20792125282831],[-107.26608360431067,48.20779424678297],[-107.2660767594088,48.20778991151518]]]}"
00000000000000001512,5894,0,0,0,"{""type"":""Polygon"",""coordinates"":[[[-107.26615886472473,48.207832952637716],[-107.26608360431067,48.20779424678297],[-107.2659823185002,48.20792125282831],[-107.2660430069975,48.20793344994199],[-107.26605635763791,48.2079331856014],[-107.26609640956993,48.207932392568225],[-107.26611694436676,48.20794539839973],[-107.26620576152493,48.20783649482667],[-107.26615886472473,48.207832952637716]]]}"
00000000000000001565,5895,0,0,0,"{""type"":""Polygon"",""coordinates"":[[[-107.26625936231731,48.20783986130948],[-107.26620576152493,48.20783649482667],[-107.26611694436676,48.20794539839973],[-107.26612389116524,48.207949717945446],[-107.26615137279379,48.20796704331964],[-107.26623259642253,48.207992246146844],[-107.26623954325163,48.20799656568725],[-107.26630806282247,48.20788360675043],[-107.26625936231731,48.20783986130948]]]}"
0000000000000000151b,5896,0,0,0,"{""type"":""Polygon"",""coordinates"":[[[-107.2664097823361,48.20791728848429],[-107.26636894986737,48.20790022759119],[-107.26630806282247,48.20788360675043],[-107.26623954325163,48.20799656568725],[-107.2662534760374,48.20800973145378],[-107.26628071495851,48.20802256158179],[-107.26628824390912,48.20804031126414],[-107.2663414039182,48.20803475851852],[-107.26635499749577,48.20803898935971],[-107.26643604255415,48.207907840533004],[-107.2664097823361,48.20791728848429]]]}"
000000000000000015a9,5897,0,0,0,"{""type"":""Polygon"",""coordinates"":[[[-107.26648240201966,48.207898023742736],[-107.26643604255415,48.207907840533004],[-107.26635499749577,48.20803898935971],[-107.26645001350155,48.20807284682865],[-107.26651012052432,48.20807161351233],[-107.2665167672617,48.208071524806535],[-107.26653736579303,48.2079326742367],[-107.26648240201966,48.207898023742736]]]}"
00000000000000002167,5898,0,0,0,"{""type"":""GeometryCollection"",""geometries"":[{""type"":""LineString"",""coordinates"":[[-107.2665375807765,48.20793709600343],[-107.26653738456774,48.20793265158224]]},{""type"":""Polygon"",""coordinates"":[[[-107.26664417152637,48.20793055889466],[-107.26663752480508,48.207930647608634],[-107.26661082336275,48.207931176453656],[-107.26657741792951,48.2079318809977],[-107.2665375807765,48.20793709600343],[-107.26653756409321,48.207937098187394],[-107.2665167672617,48.208071524806535],[-107.26653682203917,48.208071084692065],[-107.26667766058186,48.208081766175695],[-107.26664417152637,48.20793055889466]]]}]}"
00000000000000002161,5899,0,0,0,"{""type"":""Polygon"",""coordinates"":[[[-107.2667374855938,48.20792419692464],[-107.2667244742249,48.20793339625771],[-107.26664417152637,48.20793055889466],[-107.26667766058186,48.208081766175695],[-107.26669101136584,48.20808150174248],[-107.26681645232794,48.20804774878514],[-107.2668565047077,48.2080469554218],[-107.2667374855938,48.20792419692464]]]}"
00000000000000001502,5900,0,0,0,"{""type"":""Polygon"",""coordinates"":[[[-107.26678868772163,48.207874087955794],[-107.2667824249619,48.2078831828312],[-107.26676907423635,48.20788344727467],[-107.2667569453575,48.20791048492193],[-107.2667374855938,48.20792419692464],[-107.2668565047077,48.2080469554218],[-107.26693426743583,48.20799180638827],[-107.26698546951343,48.207941697251634],[-107.26678868772163,48.207874087955794]]]}"
00000000000000001507,5901,0,0,0,"{""type"":""Polygon"",""coordinates"":[[[-107.26683270528729,48.20781070892254],[-107.266833684273,48.20783298688288],[-107.266794655677,48.207856129463586],[-107.26678868772163,48.207874087955794],[-107.26698546951343,48.207941697251634],[-107.26699848085873,48.20793249788235],[-107.26701016830543,48.2078965410408],[-107.26700860683844,48.20786083296824],[-107.26702117684968,48.20784271446405],[-107.26702039610934,48.2078248604432],[-107.26683270528729,48.20781070892254]]]}"
000000000000000014ff,5902,0,0,0,"{""type"":""Polygon"",""coordinates"":[[[-107.26701585274458,48.20772224737176],[-107.2670156098027,48.20771775217674],[-107.26680928511405,48.2077352378754],[-107.26680952803034,48.20773973307308],[-107.26683090107036,48.207770505700246],[-107.26683270528729,48.20781070892254],[-107.26702039610934,48.2078248604432],[-107.26701961536888,48.207807006428396],[-107.2670321853554,48.207788887941845],[-107.26701585274458,48.20772224737176]]]}"
0000000000000000151c,5903,0,0,0,"{""type"":""Polygon"",""coordinates"":[[[-107.26699859836955,48.20763324200396],[-107.26699815707106,48.20762432289397],[-107.26678552564204,48.207650832079736],[-107.26678630627238,48.20766868604647],[-107.26680928511405,48.2077352378754],[-107.2670156098027,48.20771775217674],[-107.26701404832026,48.207682044225486],[-107.26699859836955,48.20763324200396]]]}"
0000000000000000151f,5904,0,0,0,"{""type"":""Polygon"",""coordinates"":[[[-107.26698304659386,48.20758445555595],[-107.26696891522491,48.20756686608929],[-107.2669547838707,48.20754927662602],[-107.26695356186566,48.20752250360994],[-107.26676861126028,48.20757076160887],[-107.26678498792539,48.20763747330815],[-107.26678552564204,48.207650832079736],[-107.26699815707106,48.20762432289397],[-107.26699717797757,48.20760204502602],[-107.26698304659386,48.20758445555595]]]}"
00000000000000001501,5905,0,0,0,"{""type"":""Polygon"",""coordinates"":[[[-107.26692505628876,48.20748282953506],[-107.26690329929126,48.20744305101878],[-107.26672470098816,48.207482356564235],[-107.26673912696882,48.207508809601975],[-107.26675369941317,48.20753531818337],[-107.26675403879153,48.20754425301255],[-107.26676827187877,48.207561826775326],[-107.26676861126028,48.20757076160887],[-107.26695356186566,48.20752250360994],[-107.26692505628876,48.20748282953506]]]}"
00000000000000001521,5906,0,0,0,"{""type"":""Polygon"",""coordinates"":[[[-107.26689625594437,48.207434291933716],[-107.26686833283883,48.20740804787789],[-107.26686677148295,48.207372340130355],[-107.26685308152406,48.20736366977951],[-107.26664103409742,48.207403608444444],[-107.2666411305529,48.20740804808164],[-107.26666245137399,48.2074344521867],[-107.26669677802468,48.207456112431046],[-107.26671741478448,48.207469102282765],[-107.26672470098816,48.207482356564235],[-107.26690329929126,48.20744305101878],[-107.26689625594437,48.207434291933716]]]}"
00000000000000001516,5907,0,0,0,"{""type"":""Polygon"",""coordinates"":[[[-107.26683928971252,48.207355015159564],[-107.2668238401134,48.207306213203076],[-107.26682237527392,48.20727494514794],[-107.2666103284032,48.20731488366387],[-107.2666393711029,48.20736791642201],[-107.26664103409742,48.207403608444444],[-107.26685308152406,48.20736366977951],[-107.26683928971252,48.207355015159564]]]}"
00000000000000001528,5908,0,0,0,"{""type"":""Polygon"",""coordinates"":[[[-107.26680692572242,48.20722614326148],[-107.26680512149733,48.20718594048375],[-107.26660618273637,48.207221119316515],[-107.26660676497775,48.207234549249655],[-107.26660740449873,48.20724789219044],[-107.26660324058885,48.20730605331119],[-107.2666103284032,48.20731488366387],[-107.26682237527392,48.20727494514794],[-107.26682159461474,48.20725709131528],[-107.26680692572242,48.20722614326148]]]}"
00000000000000001515,5909,0,0,0,"{""type"":""Polygon"",""coordinates"":[[[-107.26677465839717,48.20710171127287],[-107.26656217139812,48.20713273049379],[-107.2665633931318,48.2071595033242],[-107.26659131575803,48.2071857473574],[-107.26660564507566,48.20720776065115],[-107.26660618273637,48.207221119316515],[-107.26680512149733,48.20718594048375],[-107.26677465839717,48.20710171127287]]]}"
00000000000000001527,5910,0,0,0,"{""type"":""Polygon"",""coordinates"":[[[-107.2665514238532,48.207039126431646],[-107.26656027098817,48.207088088164895],[-107.26656080863498,48.207101446800614],[-107.26656217139812,48.20713273049379],[-107.26677465839717,48.20710171127287],[-107.26677387775645,48.207083857497906],[-107.26678522564606,48.20703896652068],[-107.26678444499838,48.20702111276719],[-107.2665514238532,48.207039126431646]]]}"
00000000000000001510,5911,0,0,0,"{""type"":""Polygon"",""coordinates"":[[[-107.26653406896986,48.206950137828116],[-107.2665514238532,48.207039126431646],[-107.26678444499838,48.20702111276719],[-107.2667832230967,48.20699434001397],[-107.26678244244873,48.20697648627555],[-107.26678112406988,48.20694527394693],[-107.26678054175812,48.20693184409017],[-107.26653406896986,48.206950137828116]]]}"
0000000000000000150e,5912,0,0,0,"{""type"":""Polygon"",""coordinates"":[[[-107.26675756332438,48.206865293256044],[-107.26673570498124,48.20682553088506],[-107.2665239037234,48.20686996392586],[-107.26653118974673,48.20688321807627],[-107.26655236376087,48.206909566419924],[-107.26653294910858,48.20692334937195],[-107.26653406896986,48.206950137828116],[-107.26678054175812,48.20693184409017],[-107.26677931985563,48.20690507138217],[-107.26675756332438,48.206865293256044]]]}"
00000000000000001513,5913,0,0,0,"{""type"":""Polygon"",""coordinates"":[[[-107.26667956517831,48.206764179823885],[-107.26666485199962,48.206733160765964],[-107.26665086215759,48.2067200823665],[-107.26647442355069,48.206808365724726],[-107.26650146347365,48.20681677165869],[-107.2665239037234,48.20686996392586],[-107.26673570498124,48.20682553088506],[-107.26673541017682,48.206816667441316],[-107.26667956517831,48.206764179823885]]]}"
00000000000000001518,5914,0,0,0,"{""type"":""Polygon"",""coordinates"":[[[-107.26663659024301,48.20669798228471],[-107.26659575884915,48.20668092185455],[-107.26658881218127,48.2066766024434],[-107.26653507179924,48.20666872534272],[-107.2665215232391,48.20666456588936],[-107.26638503377823,48.20675207153567],[-107.26640625216876,48.206778491115195],[-107.26647442355069,48.206808365724726],[-107.26665086215759,48.2067200823665],[-107.26665072111393,48.20671557152363],[-107.26663659024301,48.20669798228471]]]}"
00000000000000001514,5915,0,0,0,"{""type"":""Polygon"",""coordinates"":[[[-107.26644670555999,48.206634780082425],[-107.2664323319684,48.20661269573227],[-107.26643199265413,48.206603761057885],[-107.26642484773575,48.20659501780101],[-107.26630181055047,48.20668224310108],[-107.26633613620267,48.20670390319128],[-107.26638503377823,48.20675207153567],[-107.2665215232391,48.20666456588936],[-107.26644670555999,48.206634780082425]]]}"
0000000000000000156d,5916,0,0,0,"{""type"":""Polygon"",""coordinates"":[[[-107.26640362941897,48.20656859831547],[-107.26638915944804,48.20654207441955],[-107.26636852336031,48.20652908470816],[-107.26621814657904,48.20660349573136],[-107.26621188396568,48.206612590347106],[-107.26625369360947,48.206651928405336],[-107.26630181055047,48.20668224310108],[-107.26642484773575,48.20659501780101],[-107.26640362941897,48.20656859831547]]]}"
00000000000000001567,5917,0,0,0,"{""type"":""Polygon"",""coordinates"":[[[-107.26636123746471,48.206515830631005],[-107.26634666568941,48.20648932248461],[-107.26631234021244,48.20646766248169],[-107.26613428476226,48.20652032456132],[-107.26614841525713,48.20653791382456],[-107.26619066584209,48.20658617080081],[-107.2662179483084,48.206599071890935],[-107.26621814657904,48.20660349573136],[-107.26636852336031,48.20652908470816],[-107.26636123746471,48.206515830631005]]]}"
00000000000000001568,5918,0,0,0,"{""type"":""Polygon"",""coordinates"":[[[-107.26628519877735,48.20645927227195],[-107.26629072550456,48.206432395378165],[-107.2662763520967,48.20641031108461],[-107.26626266269732,48.206401640793274],[-107.26610348456525,48.206427161496876],[-107.26609849520737,48.20646739686222],[-107.26613428476226,48.20652032456132],[-107.26631234021244,48.20646766248169],[-107.26628519877735,48.20645927227195]]]}"
00000000000000001572,5919,0,0,0,"{""type"":""Polygon"",""coordinates"":[[[-107.2660725380732,48.206333943050204],[-107.26608050773737,48.20636061109574],[-107.2661024613971,48.206404812848284],[-107.26610348456525,48.206427161496876],[-107.26626266269732,48.206401640793274],[-107.26625537686841,48.206388386738375],[-107.26625968205512,48.20633473744759],[-107.26625865878808,48.20631238884227],[-107.2660725380732,48.206333943050204]]]}"
0000000000000000150c,5920,0,0,0,"{""type"":""Polygon"",""coordinates"":[[[-107.26622145482285,48.20622380993596],[-107.26602902745852,48.20625438730065],[-107.26605122382551,48.20630308405875],[-107.26606515594183,48.20631624944757],[-107.2660725380732,48.206333943050204],[-107.26625865878808,48.20631238884227],[-107.26625181410762,48.20630805370295],[-107.26625758367976,48.20628567196519],[-107.26622145482285,48.20622380993596]]]}"
00000000000000001511,5921,0,0,0,"{""type"":""Polygon"",""coordinates"":[[[-107.26621450830754,48.20621949053124],[-107.2661988171059,48.2061661944241],[-107.26618448843278,48.20614418148729],[-107.26597812950554,48.2061615933536],[-107.26599988467812,48.206201371160944],[-107.26602902745852,48.20625438730065],[-107.26622145482285,48.20622380993596],[-107.26621450830754,48.20621949053124]]]}"
00000000000000001564,5922,0,0,0,"{""type"":""GeometryCollection"",""geometries"":[{""type"":""LineString"",""coordinates"":[[-107.2661778105638,48.20614429369974],[-107.266184486345,48.206144162042705]]},{""type"":""Polygon"",""coordinates"":[[[-107.2661556455737,48.206095573578196],[-107.26617486155098,48.20607736713186],[-107.2659464478369,48.20605059314336],[-107.2659685475938,48.20609485020873],[-107.26596414020715,48.206148514981784],[-107.26597812950554,48.2061615933536],[-107.26617784206456,48.20614427015749],[-107.2661839063234,48.206130751825434],[-107.2661556455737,48.206095573578196]]]}]}"
000000000000000014e8,5923,0,0,0,"{""type"":""Polygon"",""coordinates"":[[[-107.26607530999738,48.20594090081514],[-107.26604880840232,48.205945853229615],[-107.26602264603233,48.20595974020492],[-107.26599652822792,48.20597369844011],[-107.26597731226036,48.20599190481479],[-107.26593882299977,48.20602840456594],[-107.2659464478369,48.20605059314336],[-107.26617486155098,48.20607736713186],[-107.26620684537998,48.2060454667129],[-107.26607530999738,48.20594090081514]]]}"
00000000000000001508,5924,0,0,0,"{""type"":""Polygon"",""coordinates"":[[[-107.26624729836298,48.205901757768565],[-107.26620074322888,48.205907150225855],[-107.26615404711582,48.20590803188484],[-107.26609492242964,48.20593154200883],[-107.26607530999738,48.20594090081514],[-107.26620684537998,48.2060454667129],[-107.26622616317152,48.20602724454419],[-107.26627247560745,48.206017357003894],[-107.26624729836298,48.205901757768565]]]}"
0000000000000000150b,5925,0,0,0,"{""type"":""Polygon"",""coordinates"":[[[-107.26638730314353,48.205894514816],[-107.26635385504582,48.2058951479438],[-107.26632715514991,48.20589567665034],[-107.2663072034503,48.20589610094139],[-107.266267153628,48.205896893978434],[-107.26624729836298,48.205901757768565],[-107.26627247560745,48.206017357003894],[-107.26631858975547,48.20600304565324],[-107.26638567900821,48.20601065844395],[-107.26640099241638,48.205903185009554],[-107.26638730314353,48.205894514816]]]}"
0000000000000000150a,5926,0,0,0,"{""type"":""Polygon"",""coordinates"":[[[-107.26647482977344,48.20591069331074],[-107.26640803535433,48.205911943887465],[-107.26640099241638,48.205903185009554],[-107.26638567900821,48.20601065844395],[-107.26639242722429,48.20601055402916],[-107.26641966484092,48.20602338366535],[-107.26651962025873,48.20601693357725],[-107.26653493330683,48.20590946011785],[-107.26647482977344,48.20591069331074]]]}"
000000000000000014f9,5927,0,0,0,"{""type"":""Polygon"",""coordinates"":[[[-107.26662882444523,48.20591652822645],[-107.2665549296411,48.20590910704064],[-107.26653493330683,48.20590946011785],[-107.26651962025873,48.20601693357725],[-107.26655282563074,48.206011805333716],[-107.26665336342744,48.206018784728705],[-107.26666887444289,48.205915735033805],[-107.26662882444523,48.20591652822645]]]}"
0000000000000000150d,5928,0,0,0,"{""type"":""Polygon"",""coordinates"":[[[-107.26676266390618,48.20592281873868],[-107.26667552080549,48.20591564633014],[-107.26666887444289,48.205915735033805],[-107.26665336342744,48.206018784728705],[-107.26678720329582,48.20602507520855],[-107.26679620866321,48.2059266249755],[-107.26676266390618,48.20592281873868]]]}"
00000000000000001519,5929,0,0,0,"{""type"":""Polygon"",""coordinates"":[[[-107.26684320532758,48.205930151044775],[-107.26679620866321,48.2059266249755],[-107.26678720329582,48.20602507520855],[-107.26683400172885,48.20602417749679],[-107.2668950274847,48.20604530826311],[-107.26692867427154,48.206049098726886],[-107.26693063617975,48.20594188960352],[-107.26684320532758,48.205930151044775]]]}"
000000000000000014fc,5930,0,0,0,"{""type"":""Polygon"",""coordinates"":[[[-107.26693063617975,48.20594188960352],[-107.26692867427154,48.206049098726886],[-107.26696906399421,48.20605723997531],[-107.26706227174948,48.206050893759475],[-107.26706389379673,48.20593475008459],[-107.26693063617975,48.20594188960352]]]}"
000000000000000014fa,5931,0,0,0,"{""type"":""Polygon"",""coordinates"":[[[-107.26706389379673,48.20593475008459],[-107.26706227174948,48.206050893759475],[-107.26706902002202,48.20605078929562],[-107.26713635304293,48.206062896601395],[-107.26718310711686,48.20606192745063],[-107.26720448230975,48.205940935499534],[-107.26706389379673,48.20593475008459]]]}"
0000000000000000150f,5932,0,0,0,"{""type"":""Polygon"",""coordinates"":[[[-107.26733211780238,48.205956232759306],[-107.26721118599168,48.20594075976377],[-107.26720448230975,48.205940935499534],[-107.26718310711686,48.20606192745063],[-107.26721631268434,48.20605679896829],[-107.26731010317911,48.20606388213111],[-107.2673236963161,48.206068112688484],[-107.2673387642199,48.205956144008255],[-107.26733211780238,48.205956232759306]]]}"
000000000000000014fd,5933,0,0,0,"{""type"":""Polygon"",""coordinates"":[[[-107.26737847500722,48.20594641595635],[-107.2673387642199,48.205956144008255],[-107.2673236963161,48.206068112688484],[-107.26745773590198,48.20607882599696],[-107.26747192584781,48.20594456439533],[-107.26737847500722,48.20594641595635]]]}"
00000000000000001517,5934,0,0,0,"{""type"":""Polygon"",""coordinates"":[[[-107.26756537677667,48.20594271274119],[-107.26753867650228,48.205943241794735],[-107.26749212083116,48.20594863489609],[-107.26747192584781,48.20594456439533],[-107.26745773590198,48.20607882599696],[-107.26749802943944,48.20608252749523],[-107.26759290171546,48.20611187185736],[-107.26763906073845,48.2060976311018],[-107.26756537677667,48.20594271274119]]]}"
0000000000000000151a,5935,0,0,0,"{""type"":""Polygon"",""coordinates"":[[[-107.26767824172185,48.20592707808891],[-107.26764572067339,48.20594562057498],[-107.26756537677667,48.20594271274119],[-107.26763906073845,48.2060976311018],[-107.26769202008573,48.20608765407854],[-107.26777075752074,48.20605478372301],[-107.2677977009898,48.2060587496489],[-107.26767824172185,48.20592707808891]]]}"
000000000000000014f1,5936,0,0,0,"{""type"":""Polygon"",""coordinates"":[[[-107.267735746878,48.20586794729218],[-107.26771653144927,48.20588615396483],[-107.2677044039328,48.20591319067508],[-107.26767824172185,48.20592707808891],[-107.2677977009898,48.2060587496489],[-107.2678043028767,48.20605858960193],[-107.26782968398778,48.20602684872164],[-107.26784147180757,48.20599087738135],[-107.26785438047479,48.205981693988775],[-107.26786650792994,48.205954657226094],[-107.26788616489375,48.205945369314755],[-107.267735746878,48.20586794729218]]]}"
000000000000000014ef,5937,0,0,0,"{""type"":""MultiPolygon"",""coordinates"":[[[[-107.26799913197448,48.20592971854518],[-107.2679996701733,48.20594307686592],[-107.26801966683908,48.205942723475],[-107.26799913197448,48.20592971854518]]],[[[-107.26783908356151,48.205785482992304],[-107.26779981438489,48.20580412999469],[-107.26777971598358,48.205804499067874],[-107.2677679281898,48.20584047027302],[-107.267735746878,48.20586794729218],[-107.26788616489375,48.205945369314755],[-107.26788602369146,48.20594085854388],[-107.26794406685362,48.205895085921064],[-107.26795727581866,48.20589031057187],[-107.26783908356151,48.205785482992304]]]]}"
000000000000000014eb,5938,0,0,0,"{""type"":""Polygon"",""coordinates"":[[[-107.26799913197448,48.20592971854518],[-107.26801966683908,48.205942723475],[-107.2680666642823,48.20594624892668],[-107.2680795729097,48.2059370655126],[-107.26807742747387,48.20588792924033],[-107.26806329597676,48.20587034050285],[-107.26804344056292,48.20587520466576],[-107.2680361540377,48.20586195089574],[-107.26805581094494,48.2058526629674],[-107.26797013921411,48.20572929308159],[-107.26792426826769,48.20574810016951],[-107.26787810965489,48.20576234095756],[-107.26783908356151,48.205785482992304],[-107.26795727581866,48.20589031057187],[-107.2679900398469,48.20587626303423],[-107.26799913197448,48.20592971854518]],[[-107.2679900398469,48.20587626303423],[-107.26800989525645,48.20587139888236],[-107.26799634658951,48.205867239702606],[-107.2679900398469,48.20587626303423]]]}"
000000000000000014ea,5939,0,0,0,"{""type"":""MultiPolygon"",""coordinates"":[[[[-107.26806329597676,48.20587034050285],[-107.26807742747387,48.20588792924033],[-107.268089797845,48.20586538753244],[-107.26806329597676,48.20587034050285]]],[[[-107.268149856372,48.205712319272095],[-107.26807694022902,48.20572717635358],[-107.2680035877388,48.20572865938185],[-107.26799023761552,48.205728923969055],[-107.26797688749404,48.205729188554365],[-107.26797013921411,48.20572929308159],[-107.26805581094494,48.2058526629674],[-107.26806231617114,48.20584806340345],[-107.26810260979315,48.205851764629664],[-107.268190048039,48.205716036187006],[-107.268149856372,48.205712319272095]]]]}"
000000000000000014d7,5940,0,0,0,"{""type"":""Polygon"",""coordinates"":[[[-107.26829176566538,48.20574971459294],[-107.26827807571493,48.20574104471137],[-107.26825059398149,48.20572372067856],[-107.268190048039,48.205716036187006],[-107.26810260979315,48.205851764629664],[-107.26810965325767,48.20586052336087],[-107.268089797845,48.20586538753244],[-107.26807742747387,48.20588792924033],[-107.2680795729097,48.2059370655126],[-107.26809234030452,48.20592337133005],[-107.26813947900207,48.20593140751288],[-107.26815327082245,48.20594006171262],[-107.26819332149525,48.20593926786656],[-107.26831196081984,48.20575378490189],[-107.26829176566538,48.20574971459294]]]}"
000000000000000014ee,5941,0,0,0,"{""type"":""Polygon"",""coordinates"":[[[-107.26841396650501,48.20579202947798],[-107.26840017463512,48.205783375341205],[-107.26836584778327,48.20576171639681],[-107.26831196081984,48.20575378490189],[-107.26819332149525,48.20593926786656],[-107.26819996797164,48.20593917905443],[-107.26822036171417,48.205947673170606],[-107.2682359148652,48.205996457871805],[-107.26828339353631,48.206013428545035],[-107.26829009730707,48.206013252731445],[-107.26842775838323,48.20580068361399],[-107.26841396650501,48.20579202947798]]]}"
000000000000000014d9,5942,0,0,0,"{""type"":""Polygon"",""coordinates"":[[[-107.26849010567392,48.205853024839186],[-107.2684689303523,48.20582667748302],[-107.26844144841203,48.20580935348201],[-107.26842775838323,48.20580068361399],[-107.26829009730707,48.206013252731445],[-107.26832950794095,48.20599911622305],[-107.26836315537214,48.20600290616444],[-107.26840300766247,48.20599768844716],[-107.26842442613285,48.20602853094527],[-107.26844956373743,48.20599229488886],[-107.26843631014145,48.20599699905439],[-107.26842912528292,48.20598372955565],[-107.268449320608,48.20598779984941],[-107.26853710329624,48.20585655005006],[-107.26849010567392,48.205853024839186]]]}"
000000000000000014da,5943,0,1,0,"{""type"":""Polygon"",""coordinates"":[[[-107.26866884406566,48.20581377291151],[-107.26863539522688,48.205814406852014],[-107.2685908441479,48.20586442589709],[-107.26853710329624,48.20585655005006],[-107.268449320608,48.20598779984941],[-107.2684626708897,48.205987535193046],[-107.26844956373743,48.20599229488886],[-107.26842442613285,48.20602853094527],[-107.26843855791043,48.20604611967517],[-107.26846579688119,48.20605894870513],[-107.26850036722163,48.20608510277376],[-107.26852066448313,48.20608915732539],[-107.26854027691745,48.20607979799321],[-107.26870258821253,48.205822002215925],[-107.26866884406566,48.20581377291151]]]}"
00000000000000001504,5944,0,0,0,"{""type"":""Polygon"",""coordinates"":[[[-107.26873872188027,48.20588386271888],[-107.2687112396918,48.205866538782644],[-107.26870943328265,48.205826337130745],[-107.26870258821253,48.205822002215925],[-107.26854027691745,48.20607979799321],[-107.26856003063,48.20607494943773],[-107.26861445667464,48.20609623917527],[-107.26863372924953,48.206077945258826],[-107.26867358170391,48.20607272741765],[-107.26870082084594,48.20608555638306],[-107.26871485609875,48.20609870556756],[-107.26877897132802,48.20588749239181],[-107.26873872188027,48.20588386271888]]]}"
000000000000000014fe,5945,0,0,0,"{""type"":""Polygon"",""coordinates"":[[[-107.26887344829655,48.205907987794],[-107.26885965620855,48.20589933370976],[-107.26883295559767,48.20589986313136],[-107.26880591508876,48.2058914580148],[-107.26877897132802,48.20588749239181],[-107.26871485609875,48.20609870556756],[-107.26872170121891,48.206103040502946],[-107.26877622421931,48.206128769675004],[-107.2688509034171,48.20615404252458],[-107.26886224866116,48.20610915215907],[-107.26884845650765,48.206100498041934],[-107.26881359045503,48.20606548080272],[-107.2688267422257,48.206060792311455],[-107.26884693772507,48.206064862523085],[-107.26887339527727,48.20605983804965],[-107.2689004888528,48.205916392892966],[-107.26887344829655,48.205907987794]]]}"
00000000000000001503,5946,0,0,0,"{""type"":""MultiPolygon"",""coordinates"":[[[[-107.26896161888082,48.20593750650798],[-107.26894758355702,48.20592435740148],[-107.2689004888528,48.205916392892966],[-107.26887339527727,48.20605983804965],[-107.26892019479472,48.206058939292866],[-107.26897437804841,48.2060757337656],[-107.26901462783108,48.20607936334442],[-107.26902812737934,48.205931687813916],[-107.26896161888082,48.20593750650798]]],[[[-107.2689525662782,48.20618780744121],[-107.26894469618018,48.206161124046034],[-107.2688976011832,48.20615315950785],[-107.26886933699222,48.20611798213182],[-107.26886224866116,48.20610915215907],[-107.2688509034171,48.20615404252458],[-107.26887950752722,48.206198154510346],[-107.26891955878828,48.206197360342514],[-107.26893999758032,48.20620592559739],[-107.26898024748391,48.206209555196516],[-107.2689525662782,48.20618780744121]]]]}"
00000000000000001505,5947,0,0,0,"{""type"":""Polygon"",""coordinates"":[[[-107.26914788327635,48.205920457565014],[-107.26902812737934,48.205931687813916],[-107.26901462783108,48.20607936334442],[-107.26915419522773,48.20606319739612],[-107.26916094365436,48.20606309278129],[-107.26914788327635,48.205920457565014]]]}"
000000000000000014f4,5948,0,0,0,"{""type"":""Polygon"",""coordinates"":[[[-107.26926803655142,48.20591807470098],[-107.26925488482395,48.205922763238945],[-107.26915458709098,48.205920281690254],[-107.26914788327635,48.205920457565014],[-107.26916094365436,48.20606309278129],[-107.26924823136666,48.206074773647295],[-107.26927557274256,48.20608758670686],[-107.2693030555204,48.206104910539096],[-107.26932325120292,48.20610898064928],[-107.26926803655142,48.20591807470098]]]}"
00000000000000001506,5949,0,0,0,"{""type"":""Polygon"",""coordinates"":[[[-107.26934026843641,48.20588980282087],[-107.26930099923884,48.20590845047464],[-107.26926803655142,48.20591807470098],[-107.26932325120292,48.20610898064928],[-107.26936378904036,48.206117176384765],[-107.26939675192017,48.20610755208438],[-107.26942345284078,48.206107022496056],[-107.26949606977244,48.20608775620496],[-107.26953533915646,48.20606910840338],[-107.26934026843641,48.20588980282087]]]}"
000000000000000014cb,5950,0,0,0,"{""type"":""Polygon"",""coordinates"":[[[-107.26944496877593,48.20583861962312],[-107.26941254485372,48.20586160216402],[-107.26934026843641,48.20588980282087],[-107.26953533915646,48.20606910840338],[-107.26954844635675,48.2060643485512],[-107.2695871769345,48.2060323424141],[-107.26961309579488,48.20601395941927],[-107.26963250946288,48.20600017610662],[-107.26963915605361,48.206000087191846],[-107.26944496877593,48.20583861962312]]]}"
000000000000000014f5,5951,0,0,0,"{""type"":""Polygon"",""coordinates"":[[[-107.26955627090248,48.20578727619668],[-107.2694514739285,48.20583401996814],[-107.26944496877593,48.20583861962312],[-107.26963915605361,48.206000087191846],[-107.26968615457297,48.20600361182728],[-107.26973877431367,48.205984699141965],[-107.26976444981503,48.20596182109471],[-107.26955627090248,48.20578727619668]]]}"
00000000000000002178,5952,0,0,0,"{""type"":""Polygon"",""coordinates"":[[[-107.26961441468926,48.20574148699443],[-107.26956917931729,48.20577809261534],[-107.26955627090248,48.20578727619668],[-107.26976444981503,48.20596182109471],[-107.26977701813185,48.20594370292398],[-107.26982801618234,48.20588917058642],[-107.26984762846308,48.2058798110265],[-107.26987266810363,48.205839135235244],[-107.26961441468926,48.20574148699443]]]}"
000000000000000016e4,5953,0,0,0,"{""type"":""Polygon"",""coordinates"":[[[-107.2696710910055,48.20566443080493],[-107.26967153298386,48.2056733495545],[-107.26964619778298,48.20570516193651],[-107.26963362951336,48.205723280007106],[-107.26961441468926,48.20574148699443],[-107.26987266810363,48.205839135235244],[-107.26987882806839,48.205830056268255],[-107.2699770230042,48.205783472233655],[-107.26998934785668,48.20576085908853],[-107.2696710910055,48.20566443080493]]]}"
000000000000000024ec,5954,0,0,0,"{""type"":""Polygon"",""coordinates"":[[[-107.26968165304694,48.205601687573136],[-107.2696710910055,48.20566443080493],[-107.26998934785668,48.20576085908853],[-107.2700063176624,48.205689076560766],[-107.2700257310877,48.20567529325952],[-107.27003003082312,48.205621644662216],[-107.26968165304694,48.205601687573136]]]}"
00000000000000000f10,5955,0,0,0,"{""type"":""Polygon"",""coordinates"":[[[-107.27002391408594,48.205483329898065],[-107.26968541441913,48.20553468085878],[-107.26968165304694,48.205601687573136],[-107.27003003082312,48.205621644662216],[-107.27003120142169,48.20549658340166],[-107.27002391408594,48.205483329898065]]]}"
000000000000000014c7,5956,0,0,0,"{""type"":""Polygon"",""coordinates"":[[[-107.27005291105138,48.20523260732782],[-107.27004606582402,48.20522827256151],[-107.26964399806185,48.20550419269178],[-107.26968541441913,48.20553468085878],[-107.27002391408594,48.205483329898065],[-107.27000875589883,48.20544339347094],[-107.27001427993584,48.20541651694792],[-107.2699860148237,48.20538134041453],[-107.26998523256306,48.2053634872882],[-107.26992317847541,48.20532001074098],[-107.27000791988726,48.20527370774973],[-107.27008083592281,48.20525884933195],[-107.27008689884842,48.205245331013764],[-107.27009946677504,48.20522721305646],[-107.27005291105138,48.20523260732782]]]}"
000000000000000014d0,5957,0,0,0,"{""type"":""Polygon"",""coordinates"":[[[-107.26999892658631,48.205220237435476],[-107.26996552239535,48.205220943090694],[-107.2699068407823,48.20525337390593],[-107.26988820979074,48.20528501016323],[-107.26984229481705,48.20530374673509],[-107.26970248624502,48.20531541842267],[-107.26966883878904,48.205311629000626],[-107.26958252776615,48.205474145236415],[-107.26963695417379,48.20549543414296],[-107.26964399806185,48.20550419269178],[-107.27004606582402,48.20522827256151],[-107.26999892658631,48.205220237435476]]]}"
000000000000000014ce,5958,0,0,0,"{""type"":""Polygon"",""coordinates"":[[[-107.26961348149085,48.20511621547127],[-107.26959778000354,48.20521484016684],[-107.26957172032228,48.205228712162175],[-107.269526485606,48.205265317391024],[-107.26946809860617,48.2054540756572],[-107.26955538530352,48.20546575613502],[-107.26958252776615,48.205474145236415],[-107.26966883878904,48.205311629000626],[-107.26959480064018,48.20529969958037],[-107.26960526580064,48.20523251734921],[-107.26962467903175,48.2052187342531],[-107.26968101429365,48.20513274445011],[-107.26967372716936,48.205119491005846],[-107.26967979018758,48.20510597274669],[-107.26961348149085,48.20511621547127]]]}"
000000000000000014c8,5959,0,0,0,"{""type"":""Polygon"",""coordinates"":[[[-107.26951382064325,48.205278995845354],[-107.2694534729723,48.205275735937676],[-107.2694334763594,48.20527608962143],[-107.2694067760343,48.20527661918912],[-107.26939278529426,48.20526354157256],[-107.26933357118077,48.20543437534166],[-107.26938046694318,48.20543791584542],[-107.26942110091179,48.20545055093076],[-107.26946809860617,48.2054540756572],[-107.269526485606,48.205265317391024],[-107.26951382064325,48.205278995845354]]]}"
000000000000000014ca,5960,0,0,0,"{""type"":""Polygon"",""coordinates"":[[[-107.26936530302908,48.20524621802893],[-107.26936946218181,48.20518805917684],[-107.26936237384699,48.20517922939655],[-107.26934354388955,48.20520644180407],[-107.26933097570854,48.20522455966175],[-107.26933219955363,48.20525133143633],[-107.26927913903451,48.20526132492251],[-107.2692528806448,48.205270773131744],[-107.26919942869306,48.20542368054277],[-107.26920613242142,48.20542350466827],[-107.26933357118077,48.20543437534166],[-107.26939278529426,48.20526354157256],[-107.26936530302908,48.20524621802893]]]}"
000000000000000014f7,5961,0,0,0,"{""type"":""Polygon"",""coordinates"":[[[-107.26923948592378,48.20527096663029],[-107.26920608195614,48.20527167201627],[-107.26921116461476,48.20523587693227],[-107.26919072620893,48.2052273118826],[-107.26914402946275,48.205228195000565],[-107.26912397566988,48.205228635610965],[-107.26907140701275,48.2053993802557],[-107.26909810733098,48.20539885078022],[-107.26913859967303,48.20540697526303],[-107.26917899019374,48.205415115462536],[-107.26919942869306,48.20542368054277],[-107.2692528806448,48.205270773131744],[-107.26923948592378,48.20527096663029]]]}"
00000000000000001500,5962,0,0,0,"{""type"":""Polygon"",""coordinates"":[[[-107.26911062556748,48.20522890035093],[-107.26911634878265,48.20520644768317],[-107.26899575618863,48.205199911583556],[-107.26893732239117,48.20538859808864],[-107.26895751756982,48.20539266823336],[-107.26907140701275,48.2053993802557],[-107.26912397566988,48.205228635610965],[-107.26911062556748,48.20522890035093]]]}"
000000000000000014f8,5963,0,0,0,"{""type"":""Polygon"",""coordinates"":[[[-107.26894886096254,48.20519637089423],[-107.2689417727596,48.205187541078146],[-107.26886719715549,48.20516225298457],[-107.26880944269661,48.2053688081686],[-107.26891042352044,48.205384703793264],[-107.26893732239117,48.20538859808864],[-107.26899575618863,48.205199911583556],[-107.26894886096254,48.20519637089423]]]}"
000000000000000014db,5964,0,0,0,"{""type"":""Polygon"",""coordinates"":[[[-107.26886035216927,48.20515791813336],[-107.26877374689911,48.20516410586145],[-107.26873369681623,48.205164899923034],[-107.26873389540188,48.20516932363017],[-107.26868088355313,48.205331149202514],[-107.26871487044595,48.20534387342084],[-107.26872856042831,48.20535254317413],[-107.26876929564561,48.205365162797406],[-107.26880944269661,48.2053688081686],[-107.26886719715549,48.20516225298457],[-107.26886035216927,48.20515791813336]]]}"
000000000000000014d8,5965,0,0,0,"{""type"":""Polygon"",""coordinates"":[[[-107.26872112843964,48.205183017691596],[-107.26870733666236,48.20517436369635],[-107.26866650497541,48.20515730464634],[-107.268538091395,48.20527591734555],[-107.26854503819565,48.20528023649778],[-107.26859227313909,48.20529271182327],[-107.26861985669511,48.20531001988498],[-107.26868088355313,48.205331149202514],[-107.26873389540188,48.20516932363017],[-107.26872112843964,48.205183017691596]]]}"
000000000000000014d4,5966,0,0,0,"{""type"":""Polygon"",""coordinates"":[[[-107.26861193889083,48.205131504586525],[-107.2686042550945,48.20510940364287],[-107.26842796659504,48.20520219837996],[-107.26845510827475,48.205210587778076],[-107.26845564665642,48.20522394590977],[-107.26847628327705,48.20523693483813],[-107.26850376484829,48.205254258650804],[-107.268538091395,48.20527591734555],[-107.26866650497541,48.20515730464634],[-107.26861193889083,48.205131504586525]]]}"
000000000000000014d5,5967,0,0,0,"{""type"":""Polygon"",""coordinates"":[[[-107.2685822538685,48.2050651323615],[-107.26850723734448,48.20503092537244],[-107.26832542410088,48.205150596088615],[-107.26834606060788,48.205163585029794],[-107.26842796659504,48.20520219837996],[-107.2686042550945,48.20510940364287],[-107.2685822538685,48.2050651323615]]]}"
000000000000000014d6,5968,0,0,0,"{""type"":""Polygon"",""coordinates"":[[[-107.26847335273249,48.20501818541267],[-107.26845931797187,48.20500503644934],[-107.26840533532155,48.204992665668186],[-107.26838494199632,48.20498417173427],[-107.2682162802567,48.205099153797406],[-107.26823691667363,48.20511214275169],[-107.26830488946842,48.20513759141331],[-107.26831857922133,48.20514626119703],[-107.26832542410088,48.205150596088615],[-107.26850723734448,48.20503092537244],[-107.26847335273249,48.20501818541267]]]}"
000000000000000014ec,5969,0,0,0,"{""type"":""Polygon"",""coordinates"":[[[-107.26828298308911,48.20494599891702],[-107.26826905030558,48.204932834208456],[-107.26811994847203,48.205034088735154],[-107.26815383284298,48.205046828829595],[-107.26818195417374,48.20507749504829],[-107.2682162802567,48.205099153797406],[-107.26838494199632,48.20498417173427],[-107.26828298308911,48.20494599891702]]]}"
000000000000000014d3,5970,0,0,0,"{""type"":""Polygon"",""coordinates"":[[[-107.26823428267922,48.20490225690788],[-107.26821364637286,48.204889268001835],[-107.26819291341812,48.20487183967657],[-107.26817932047379,48.20486760933318],[-107.2680301169701,48.20496887932284],[-107.26804410691716,48.20498195708513],[-107.26807843278434,48.20500361584982],[-107.26811320030815,48.205034193268105],[-107.26811994847203,48.205034088735154],[-107.26826905030558,48.204932834208456],[-107.26823428267922,48.20490225690788]]]}"
000000000000000014e9,5971,0,0,0,"{""type"":""Polygon"",""coordinates"":[[[-107.26809037238436,48.20482023741986],[-107.26806313452167,48.2048074085561],[-107.26795359631619,48.20489887891528],[-107.26796024258898,48.20489879012666],[-107.267974572194,48.204920802255856],[-107.26801564608076,48.20494235649855],[-107.2680301169701,48.20496887932284],[-107.26817932047379,48.20486760933318],[-107.26809037238436,48.20482023741986]]]}"
000000000000000014f0,5972,0,0,0,"{""type"":""Polygon"",""coordinates"":[[[-107.26804269686822,48.20479884331244],[-107.26801501746743,48.20477709582181],[-107.2679807884999,48.204759876529366],[-107.26796690051506,48.204746783078214],[-107.26796015241456,48.20474688759823],[-107.26785110039965,48.20484734762355],[-107.2678787797019,48.204869095192855],[-107.26795359631619,48.20489887891528],[-107.26806313452167,48.2048074085561],[-107.26804269686822,48.20479884331244]]]}"
000000000000000014de,5973,0,0,0,"{""type"":""Polygon"",""coordinates"":[[[-107.26788499638437,48.20470816962053],[-107.26785101065006,48.204695445232176],[-107.26774171558938,48.20479141009412],[-107.26783002280607,48.20482544001472],[-107.26785110039965,48.20484734762355],[-107.26796015241456,48.20474688759823],[-107.26788499638437,48.20470816962053]]]}"
000000000000000014dc,5974,0,0,0,"{""type"":""Polygon"",""coordinates"":[[[-107.267815264035,48.20464259130336],[-107.26777365252391,48.20460767909499],[-107.2676135972296,48.20476712375439],[-107.26766161712462,48.2047929972852],[-107.26769471979715,48.20478788451856],[-107.26773501207813,48.20479158585877],[-107.26774171558938,48.20479141009412],[-107.26785101065006,48.204695445232176],[-107.26786930290919,48.20465487536884],[-107.267815264035,48.20464259130336]],[[-107.26782308843184,48.20466920279211],[-107.26780289401857,48.204665132445086],[-107.26781018025072,48.20467838593997],[-107.26782308843184,48.20466920279211]]]}"
000000000000000014fb,5975,0,0,0,"{""type"":""Polygon"",""coordinates"":[[[-107.26773830305953,48.20456367254229],[-107.26772451187772,48.204555018492236],[-107.2677039779012,48.204542013818404],[-107.26768334208964,48.204529024874404],[-107.26750445631103,48.2047156809532],[-107.26751120437277,48.20471557646624],[-107.26755853957914,48.20472803647594],[-107.26757267037868,48.20474562492509],[-107.2676135972296,48.20476712375439],[-107.26777365252391,48.20460767909499],[-107.26773830305953,48.20456367254229]]]}"
000000000000000014df,5976,0,0,0,"{""type"":""Polygon"",""coordinates"":[[[-107.2676627062968,48.2045160359287],[-107.26762827939918,48.20449439292583],[-107.26761380901169,48.20446787026649],[-107.26759947982528,48.20444585826157],[-107.26754740057969,48.20447812711807],[-107.26740216043869,48.20466857299165],[-107.2674227961596,48.204681562032704],[-107.26746342777282,48.204694197825404],[-107.26750445631103,48.2047156809532],[-107.26768334208964,48.204529024874404],[-107.2676627062968,48.2045160359287]]]}"
000000000000000014f6,5977,0,0,0,"{""type"":""Polygon"",""coordinates"":[[[-107.26729067745154,48.20456357127469],[-107.26732558479145,48.20459865941539],[-107.26734015682163,48.20462516645803],[-107.26735384602534,48.204633836309135],[-107.26740216043869,48.20466857299165],[-107.26754740057969,48.20447812711807],[-107.26729067745154,48.20456357127469]]]}"
00000000000000001524,5978,0,0,0,"{""type"":""Polygon"",""coordinates"":[[[-107.26757781998357,48.204410521551445],[-107.26721332137596,48.204475804853104],[-107.26722701047922,48.20448447470033],[-107.26726984345623,48.204546158568014],[-107.26729067745154,48.20456357127469],[-107.26754740057969,48.20447812711807],[-107.26759947982528,48.20444585826157],[-107.2675992367919,48.204441363349126],[-107.26759845567233,48.2044235104921],[-107.26757781998357,48.204410521551445]]]}"
00000000000000001522,5979,0,0,0,"{""type"":""Polygon"",""coordinates"":[[[-107.2675558651414,48.204366321834954],[-107.26754902054557,48.20436198694566],[-107.26743547607,48.20436420739643],[-107.26743625711151,48.2043820602367],[-107.2674095579976,48.20438258920928],[-107.26740877696916,48.20436473636828],[-107.26718858287825,48.204369127860645],[-107.26717048858893,48.20441412103756],[-107.26715669767883,48.20440546692354],[-107.26712437636499,48.204428432318124],[-107.26714490994696,48.204441437097955],[-107.26716618518095,48.20446776837354],[-107.26719953042785,48.2044671507361],[-107.26721332137596,48.204475804853104],[-107.26757781998357,48.204410521551445],[-107.2675558651414,48.204366321834954]],[[-107.26723151221519,48.20443525099996],[-107.2672446633548,48.2044305628861],[-107.26723097426331,48.204421893049954],[-107.26723151221519,48.20443525099996]],[[-107.26723151221519,48.20443525099996],[-107.26721165766321,48.20444011483688],[-107.26722622954297,48.20446662182106],[-107.26723151221519,48.20443525099996]],[[-107.26720325126753,48.20440007419519],[-107.26718990173627,48.20440033864944],[-107.26719034312293,48.20440925721202],[-107.26720325126753,48.20440007419519]]]}"
000000000000000014e5,5980,0,0,0,"{""type"":""GeometryCollection"",""geometries"":[{""type"":""LineString"",""coordinates"":[[-107.26722190165287,48.20436844411235],[-107.26720855056153,48.20436870753934],[-107.26718852392415,48.20436910267691]]},{""type"":""Polygon"",""coordinates"":[[[-107.26751479233488,48.2043447676032],[-107.26750036667404,48.204318316258224],[-107.26748579460134,48.20429180939495],[-107.26749792159686,48.20426477355538],[-107.26720477042184,48.2042839499047],[-107.26719856570365,48.20429295717862],[-107.26722188346504,48.20436843895834],[-107.26740877696916,48.20436473636828],[-107.2674140594747,48.20433336560187],[-107.2674278504594,48.20434201966521],[-107.26743547607,48.20436420739643],[-107.26754902054557,48.20436198694566],[-107.26751479233488,48.2043447676032]],[[-107.26747220205036,48.20428757898793],[-107.26745180952157,48.20427908494898],[-107.26743919646411,48.204297130988394],[-107.26747220205036,48.20428757898793]],[[-107.26743963791317,48.2043060495308],[-107.26742628838221,48.20430631401745],[-107.26743337595836,48.204315143814],[-107.26743963791317,48.2043060495308]]]}]}"
000000000000000014e1,5981,0,0,0,"{""type"":""GeometryCollection"",""geometries"":[{""type"":""LineString"",""coordinates"":[[-107.26746180271459,48.204202923794185],[-107.2674686661647,48.20420724871958]]},{""type"":""Polygon"",""coordinates"":[[[-107.26748873381402,48.20420688029378],[-107.2674686661647,48.20420724871958],[-107.26746863634513,48.204207249267036],[-107.26748222886673,48.204211479668885],[-107.26746966042592,48.20422959694823],[-107.26745650935534,48.204234285073326],[-107.26744394089675,48.20425240235756],[-107.26742354839935,48.20424390831747],[-107.26744237879876,48.20421669677118],[-107.26745552986257,48.20421200864975],[-107.26746179179355,48.20420291438347],[-107.26720712773755,48.20418559165822],[-107.26720477042184,48.2042839499047],[-107.26749792159686,48.20426477355538],[-107.26749733896386,48.20425134439256],[-107.26749689749997,48.20424242586003],[-107.26748873381402,48.20420688029378]]]}]}"
000000000000000014e4,5982,0,0,0,"{""type"":""Polygon"",""coordinates"":[[[-107.26726292728928,48.20408624703382],[-107.26724429528436,48.20411788210475],[-107.2672118724092,48.20414086312725],[-107.26720712773755,48.20418559165822],[-107.26748873381402,48.20420688029378],[-107.26748770972077,48.20418453262272],[-107.26750027813782,48.204166415357065],[-107.26726292728928,48.20408624703382]]]}"
00000000000000001489,5983,0,0,0,"{""type"":""Polygon"",""coordinates"":[[[-107.26733901701274,48.20399541232781],[-107.26730649770802,48.2040139539767],[-107.26728561940418,48.203996470188],[-107.26724581420895,48.204001758439794],[-107.26729368628489,48.20402757628598],[-107.26726292728928,48.20408624703382],[-107.26750027813782,48.204166415357065],[-107.26753856597148,48.20412549271598],[-107.26733901701274,48.20399541232781]]]}"
00000000000000001487,5984,0,0,0,"{""type"":""Polygon"",""coordinates"":[[[-107.26746898999662,48.203912509532245],[-107.26740263991289,48.203922679157955],[-107.26738380966387,48.203949890541196],[-107.26735711087605,48.203950419486574],[-107.26732254361376,48.20392426598514],[-107.26730249091281,48.2039247061765],[-107.26731055779975,48.20395581223064],[-107.26730469273127,48.203973753671924],[-107.26733823600786,48.20397755961649],[-107.26735202683963,48.2039862136363],[-107.26733901701274,48.20399541232781],[-107.26753856597148,48.20412549271598],[-107.2675448278712,48.204116398459966],[-107.26757152683187,48.20411586945633],[-107.26746898999662,48.203912509532245]]]}"
000000000000000014e3,5985,0,0,0,"{""type"":""Polygon"",""coordinates"":[[[-107.2678226251161,48.20405286172085],[-107.26780951868353,48.204057621136705],[-107.26768834908043,48.20403765428783],[-107.26772683511172,48.204001155292744],[-107.2675422418791,48.203906587726294],[-107.26754244032891,48.20391101133397],[-107.26752204796588,48.203902517366295],[-107.26751476198369,48.203889264037876],[-107.26748063606665,48.20387202909505],[-107.26748884428298,48.203907645697434],[-107.26746898999662,48.203912509532245],[-107.26757152683187,48.20411586945633],[-107.26758511934842,48.204120099836416],[-107.26761832324665,48.20411497144589],[-107.26767734311417,48.20409147699881],[-107.26775195942301,48.204116836861985],[-107.2678252118982,48.204110914802186],[-107.2678385614155,48.2041106502614],[-107.2678652604555,48.20411012117412],[-107.2679113723682,48.204095809631845],[-107.2678226251161,48.20405286172085]]]}"
000000000000000014e0,5986,0,0,0,"{""type"":""MultiPolygon"",""coordinates"":[[[[-107.26757232107987,48.2038300487141],[-107.26757970368094,48.2038477413562],[-107.2675422418791,48.203906587726294],[-107.26772683511172,48.204001155292744],[-107.26780394819569,48.20393266793565],[-107.26780942877423,48.20390572102034],[-107.26757232107987,48.2038300487141]]],[[[-107.26747056542051,48.203796299344425],[-107.2674780943906,48.20381404751303],[-107.26747290864444,48.20384985730416],[-107.26748063606665,48.20387202909505],[-107.26751476198369,48.203889264037876],[-107.2675074760068,48.203876010712094],[-107.26748703909861,48.20386744548226],[-107.26751970467431,48.20384895935609],[-107.26751183605414,48.20382227698739],[-107.26753853479367,48.203821748001474],[-107.26747056542051,48.203796299344425]]],[[[-107.26794497203069,48.2039477706675],[-107.26794541360812,48.20395668914534],[-107.26792609746947,48.203974910903824],[-107.26792179523217,48.20402855779791],[-107.26788805314062,48.20402032844635],[-107.26789387339466,48.20400231570009],[-107.2678731411162,48.20398488758125],[-107.26785362645468,48.203998685722034],[-107.2678605728991,48.20400300482838],[-107.267875241845,48.20403395083165],[-107.2678226251161,48.20405286172085],[-107.2679113723682,48.204095809631845],[-107.267984285174,48.20408095321956],[-107.26800325641892,48.20405825226584],[-107.2680286358745,48.204026512576874],[-107.26804154379013,48.204017329519694],[-107.26805455355345,48.20400813073077],[-107.26808066972785,48.20399417249645],[-107.26794497203069,48.2039477706675]]]]}"
000000000000000014d2,5987,0,0,0,"{""type"":""MultiPolygon"",""coordinates"":[[[[-107.26808082177968,48.203846767450244],[-107.26808096302409,48.20385127804095],[-107.26797592854913,48.20389352348377],[-107.26793734613234,48.203925583158956],[-107.26794497203069,48.2039477706675],[-107.26808066972785,48.20399417249645],[-107.26813934963577,48.203961743613725],[-107.26821548225685,48.203870979729004],[-107.26808082177968,48.203846767450244]]],[[[-107.26756895355058,48.203754143294155],[-107.26747462520414,48.20373815783882],[-107.26747530969115,48.203751571140266],[-107.2674491490666,48.20376545788316],[-107.26747056542051,48.203796299344425],[-107.26753853479367,48.203821748001474],[-107.26756503508722,48.20381679540794],[-107.26757232107987,48.2038300487141],[-107.26780942877423,48.20390572102034],[-107.26782179848743,48.20388318020951],[-107.26787231422597,48.20381520629534],[-107.26787187266466,48.203806287840635],[-107.26758914740056,48.20375821363446],[-107.26758244408693,48.20375838938],[-107.26757604108009,48.20376297298905],[-107.26756895355058,48.203754143294155]],[[-107.26756278832708,48.2037676768141],[-107.26757007431092,48.20378093010833],[-107.26757604108009,48.20376297298905],[-107.26756278832708,48.2037676768141]],[[-107.26758464629457,48.2038074367047],[-107.26754361862221,48.2037859539586],[-107.26756503508722,48.20381679540794],[-107.26758464629457,48.2038074367047]]]]}"
000000000000000014c9,5988,0,0,0,"{""type"":""MultiPolygon"",""coordinates"":[[[[-107.2682270804623,48.20367867109342],[-107.26808708155599,48.203685916275994],[-107.2680961290399,48.203739298303866],[-107.26809671190422,48.203752727327014],[-107.26809803156979,48.20378393771865],[-107.26808082177968,48.203846767450244],[-107.26821548225685,48.203870979729004],[-107.26824556026067,48.203794440587835],[-107.2682270804623,48.20367867109342]]],[[[-107.26788757745094,48.203707665973546],[-107.26788713588451,48.2036987475372],[-107.26788679616952,48.20368981337094],[-107.26746666004483,48.203707036198814],[-107.26747462520414,48.20373815783882],[-107.26756895355058,48.203754143294155],[-107.26756166757148,48.203740890006436],[-107.26758010069449,48.203704831519964],[-107.26762059020966,48.20371295645413],[-107.26758914740056,48.20375821363446],[-107.26787187266466,48.203806287840635],[-107.26789642613635,48.20375662445666],[-107.26788894152038,48.203738947605004],[-107.26789486356752,48.2037209192247],[-107.26788757745094,48.203707665973546]],[[-107.2676541334043,48.20371676227162],[-107.26766122095458,48.20372559195344],[-107.26767412879583,48.20371640899987],[-107.2676541334043,48.20371676227162]]]]}"
00000000000000001485,5989,0,0,0,"{""type"":""MultiPolygon"",""coordinates"":[[[[-107.26782156630482,48.20357501337395],[-107.26747252499035,48.203689094841344],[-107.26746602013947,48.203693694167825],[-107.26746666004483,48.203707036198814],[-107.26788679616952,48.20368981337094],[-107.26788523360632,48.20365410818385],[-107.26782156630482,48.20357501337395]]],[[[-107.26835133783936,48.20346630505644],[-107.26832923589767,48.20342205079717],[-107.26832205148943,48.203408781925816],[-107.2682562275802,48.20343246796034],[-107.26823857659579,48.2034863788939],[-107.2681076258853,48.20354700588126],[-107.2680560343152,48.20358826409975],[-107.26807823260776,48.20363695788265],[-107.26808708155599,48.203685916275994],[-107.2682270804623,48.20367867109342],[-107.26822629901396,48.20366081850762],[-107.26821798820177,48.20362521788534],[-107.26822293010385,48.20358491338882],[-107.26828903683476,48.20357024843277],[-107.26832874518082,48.2035605204891],[-107.26836835167204,48.20355080826277],[-107.26838620108892,48.20350132081163],[-107.26835133783936,48.20346630505644]]]]}"
00000000000000001482,5990,0,0,0,"{""type"":""MultiPolygon"",""coordinates"":[[[[-107.2683074789868,48.20338227565458],[-107.26826743102717,48.20338306944104],[-107.2682562275802,48.20343246796034],[-107.26832205148943,48.203408781925816],[-107.2683074789868,48.20338227565458]]],[[[-107.26781472179395,48.2035706785664],[-107.26778567944666,48.203517649966834],[-107.26778489820971,48.2034997974265],[-107.26776362287393,48.20347346677314],[-107.26750216261586,48.20360363774431],[-107.2675173171369,48.20364357326922],[-107.26747252499035,48.203689094841344],[-107.26782156630482,48.20357501337395],[-107.26781472179395,48.2035706785664]],[[-107.26756792949406,48.203580039134025],[-107.26757521545025,48.20359329238149],[-107.26760147254498,48.203583844963966],[-107.26756792949406,48.203580039134025]]]]}"
00000000000000001483,5991,0,0,0,"{""type"":""Polygon"",""coordinates"":[[[-107.26774935116875,48.20345136820967],[-107.26767487735174,48.203430519187705],[-107.26766020879217,48.203399573497556],[-107.26749761721487,48.203501032946484],[-107.26752451416948,48.2035049275474],[-107.2675056842272,48.20353213873155],[-107.26749155387246,48.203514550665325],[-107.26749781566205,48.20350545652036],[-107.2674522871911,48.20353319666065],[-107.26749355753019,48.20355917418955],[-107.26750216261586,48.20360363774431],[-107.26776362287393,48.20347346677314],[-107.26774935116875,48.20345136820967]],[[-107.26756006087213,48.203553356905175],[-107.26752587793781,48.20353620907159],[-107.26754064825661,48.20356713913365],[-107.26756006087213,48.203553356905175]]]}"
00000000000000001488,5992,0,0,0,"{""type"":""Polygon"",""coordinates"":[[[-107.26766020879217,48.203399573497556],[-107.26765976727748,48.20339065511087],[-107.26761913688831,48.20337801968204],[-107.26761869538342,48.203369101298556],[-107.26761791422395,48.203351248805106],[-107.26758314873265,48.20332067213011],[-107.2673819753271,48.20345419044796],[-107.26739610559265,48.20347177851247],[-107.26741023587296,48.20348936658039],[-107.26742436616802,48.20350695465172],[-107.2674522871911,48.20353319666065],[-107.26749781566205,48.20350545652036],[-107.26749761721487,48.203501032946484],[-107.26766020879217,48.203399573497556]],[[-107.26749761721487,48.203501032946484],[-107.26748974866052,48.20347435075007],[-107.26745576429684,48.203461626484255],[-107.26747718050859,48.203492467770246],[-107.26749761721487,48.203501032946484]]]}"
00000000000000001477,5993,0,0,0,"{""type"":""Polygon"",""coordinates"":[[[-107.2675344960403,48.203277002290974],[-107.2675201227214,48.203254919500495],[-107.26726575130809,48.203393918892694],[-107.2673262354279,48.20340169073439],[-107.26732721487028,48.203423966818825],[-107.26738173231477,48.20344969561881],[-107.2673819753271,48.20345419044796],[-107.26758314873265,48.20332067213011],[-107.2675344960403,48.203277002290974]]]}"
0000000000000000148d,5994,0,0,0,"{""type"":""Polygon"",""coordinates"":[[[-107.26718189267079,48.203310753610296],[-107.26712272767962,48.203334191843965],[-107.26713651820458,48.20334284579712],[-107.2671502068879,48.20335151547998],[-107.26720453087592,48.20336836576362],[-107.26723201017111,48.20338568938523],[-107.26726575130809,48.203393918892694],[-107.2675201227214,48.203254919500495],[-107.26749264329385,48.203237596007604],[-107.26744418929864,48.20319834973321],[-107.26719499881855,48.20330599435464],[-107.26719524180862,48.20331048917259],[-107.26718189267079,48.203310753610296]],[[-107.26719524180862,48.20331048917259],[-107.26720208615502,48.20331482400712],[-107.26722942426709,48.20332763706269],[-107.267303795413,48.20334850214106],[-107.26727553509498,48.20331332606532],[-107.26719524180862,48.20331048917259]]]}"
00000000000000001474,5995,0,0,0,"{""type"":""MultiPolygon"",""coordinates"":[[[[-107.267168300548,48.20330652322795],[-107.26710605649633,48.2032586227836],[-107.26706072664925,48.20329078616079],[-107.26710928199219,48.203330016979706],[-107.26712272767962,48.203334191843965],[-107.26718189267079,48.203310753610296],[-107.267168300548,48.20330652322795]]],[[[-107.26743734492553,48.20319401492617],[-107.26742355433582,48.203185361042266],[-107.26739563357813,48.20315911919105],[-107.26736815431312,48.203141795689824],[-107.26733383074095,48.20312013737638],[-107.26733363231101,48.20311571383401],[-107.2671646388291,48.2032217556913],[-107.26719896232552,48.203243414108826],[-107.26722644152998,48.20326073769335],[-107.26721387336961,48.20327885460599],[-107.26720096564411,48.203288037418695],[-107.26719499881855,48.20330599435464],[-107.26744418929864,48.20319834973321],[-107.26743734492553,48.20319401492617]]]]}"
00000000000000001478,5996,0,0,0,"{""type"":""MultiPolygon"",""coordinates"":[[[[-107.26699848283538,48.20324288565494],[-107.26701887461284,48.20325137964261],[-107.26702440013915,48.20322450436916],[-107.26699848283538,48.20324288565494]]],[[[-107.2670917280848,48.20323661118717],[-107.2670848837732,48.203232276350306],[-107.2670796012612,48.20326364644483],[-107.26705408072915,48.203290874875506],[-107.26706072664925,48.20329078616079],[-107.26710605649633,48.2032586227836],[-107.26710595994464,48.203254183498025],[-107.2670917280848,48.20323661118717]]],[[[-107.26728395628402,48.20304969682554],[-107.26726508190296,48.2030768364659],[-107.26718420659266,48.20306057069969],[-107.26707545379028,48.203169889354086],[-107.26708229808933,48.203174224186824],[-107.26710239491548,48.20317385531795],[-107.2671646388291,48.2032217556913],[-107.26733363231101,48.20311571383401],[-107.26728395628402,48.20304969682554]]]]}"
00000000000000001490,5997,0,0,0,"{""type"":""Polygon"",""coordinates"":[[[-107.26715706710604,48.20305218122814],[-107.2671018661459,48.20301303934961],[-107.26706812544423,48.20300480983285],[-107.2668836237962,48.20321389518826],[-107.26691085978098,48.20322672404725],[-107.26699848283538,48.20324288565494],[-107.26702440013915,48.20322450436916],[-107.26702386223579,48.20321114672294],[-107.26696059481206,48.20314089901801],[-107.26698709451655,48.20313594666277],[-107.26704777637038,48.20314814220502],[-107.26707545379028,48.203169889354086],[-107.26718420659266,48.20306057069969],[-107.26715706710604,48.20305218122814]]]}"
0000000000000000148f,5998,0,0,0,"{""type"":""Polygon"",""coordinates"":[[[-107.26693957850037,48.20296714991112],[-107.26677502693344,48.20317581054919],[-107.26678861890544,48.20318004098058],[-107.26681609774873,48.20319736467092],[-107.26685658620956,48.20320548987598],[-107.2668836237962,48.20321389518826],[-107.26706812544423,48.20300480983285],[-107.26693957850037,48.20296714991112]],[[-107.2669468044253,48.20313224506917],[-107.26688578321905,48.20311111538566],[-107.26688598159471,48.20311553892996],[-107.26684671531746,48.2031341845265],[-107.26692759033189,48.20315045060718],[-107.2669468044253,48.20313224506917]]]}"
00000000000000001491,5999,0,0,0,"{""type"":""Polygon"",""coordinates"":[[[-107.26691243920925,48.202958760380284],[-107.2668786540919,48.20295045954273],[-107.26685748173699,48.20292411320365],[-107.26683044436828,48.202915707924596],[-107.2668229159,48.202897959994324],[-107.26668608585871,48.203128438674206],[-107.26673375782643,48.20314983286872],[-107.2667481305174,48.20317191574892],[-107.26677502693344,48.20317581054919],[-107.26693957850037,48.20296714991112],[-107.26691243920925,48.202958760380284]],[[-107.26685057749854,48.203071620215425],[-107.26674995085033,48.20306020195142],[-107.26676417709838,48.203082229263295],[-107.26679737986309,48.203077101286205],[-107.26683766981293,48.20308080294224],[-107.26685057749854,48.203071620215425]]]}"
0000000000000000147a,6000,0,0,0,"{""type"":""Polygon"",""coordinates"":[[[-107.26681543201553,48.202880283327794],[-107.2667811092035,48.20285862490471],[-107.26669373027633,48.202846957967125],[-107.2666870844621,48.202847046653],[-107.26658423737774,48.20309024944662],[-107.26658437844468,48.20309475997942],[-107.26664481690412,48.20310246097494],[-107.26666569429774,48.20311994463015],[-107.26667948457143,48.20312859862021],[-107.26668608585871,48.203128438674206],[-107.2668229159,48.202897959994324],[-107.26681543201553,48.202880283327794]]]}"
0000000000000000148b,6001,0,0,0,"{""type"":""Polygon"",""coordinates"":[[[-107.2666870844621,48.202847046653],[-107.26663999526464,48.20283908136004],[-107.26657276500465,48.2028314135378],[-107.26653936417976,48.20283211788372],[-107.26646345714671,48.20307928661365],[-107.26647680609915,48.2030790222817],[-107.26651661005972,48.20307373447243],[-107.26658423737774,48.20309024944662],[-107.26660815204144,48.203027245169004],[-107.2666870844621,48.202847046653]],[[-107.26660815204144,48.203027245169004],[-107.26654791207044,48.203023967695835],[-107.26656184332987,48.20303713221708],[-107.26660815204144,48.203027245169004]],[[-107.26654120896272,48.20302414336103],[-107.26652077294636,48.203015578041025],[-107.26652839774715,48.203037765307656],[-107.26654120896272,48.20302414336103]]]}"
0000000000000000148e,6002,0,0,0,"{""type"":""Polygon"",""coordinates"":[[[-107.26646597403973,48.20283352822173],[-107.26639922974518,48.202834849837416],[-107.26637917782949,48.20283528980694],[-107.26636092518785,48.203027684030864],[-107.26638077888869,48.20302282052153],[-107.266413783191,48.20301326914794],[-107.26646111533879,48.2030257293747],[-107.26644796473092,48.203030417243056],[-107.26638200065827,48.20304959127044],[-107.26636963060011,48.203072131548794],[-107.26640947909686,48.20306691504465],[-107.26645006361987,48.203079479684725],[-107.26646345714671,48.20307928661365],[-107.26653936417976,48.20283211788372],[-107.26646597403973,48.20283352822173]]]}"
00000000000000001493,6003,0,0,0,"{""type"":""Polygon"",""coordinates"":[[[-107.26635248012965,48.2028358184342],[-107.26626079755685,48.202877796798155],[-107.26620265666007,48.20292358141386],[-107.26633486685861,48.203041554538984],[-107.26634117333468,48.20303253180707],[-107.26636092518785,48.203027684030864],[-107.26637917782949,48.20283528980694],[-107.26635248012965,48.2028358184342]]]}"
00000000000000001480,6004,0,0,0,"{""type"":""Polygon"",""coordinates"":[[[-107.26620265666007,48.20292358141386],[-107.2661899918309,48.20293725881996],[-107.26617664297027,48.202937523109],[-107.26614377977774,48.20295158490753],[-107.26612514772121,48.202983219083016],[-107.2661122399939,48.20299240169798],[-107.2661059334862,48.203001424408804],[-107.26626317850065,48.203083180105814],[-107.26631701540256,48.20309104122966],[-107.26631535249277,48.20305535211316],[-107.26633486685861,48.203041554538984],[-107.26620265666007,48.20292358141386]]]}"
00000000000000001486,6005,0,0,0,"{""type"":""Polygon"",""coordinates"":[[[-107.2661059334862,48.203001424408804],[-107.26609967155096,48.203010518379905],[-107.2660417731847,48.20306079782437],[-107.2660224570343,48.20307901889109],[-107.2661788251268,48.20313848311338],[-107.26618542638106,48.203138323202616],[-107.26622435338663,48.203110743789644],[-107.26624298545447,48.20307910951824],[-107.26626317850065,48.203083180105814],[-107.2661059334862,48.203001424408804]]]}"
0000000000000000148c,6006,0,0,0,"{""type"":""Polygon"",""coordinates"":[[[-107.2660224570343,48.20307901889109],[-107.2659844122177,48.20312443492131],[-107.26596631747472,48.20316942682256],[-107.26613515241579,48.203210790201126],[-107.26617329906026,48.20316535830809],[-107.2661788251268,48.20313848311338],[-107.2660224570343,48.20307901889109]]]}"
0000000000000000147c,6007,0,0,0,"{""type"":""Polygon"",""coordinates"":[[[-107.26596631747472,48.20316942682256],[-107.26595419001171,48.20319646191988],[-107.2659424017779,48.20323243113609],[-107.26593692010914,48.203259377628974],[-107.26610537149882,48.20329173574627],[-107.26611201735088,48.20329164709896],[-107.26612278217829,48.203233330521],[-107.26613515241579,48.203210790201126],[-107.26596631747472,48.20316942682256]]]}"
0000000000000000147b,6008,0,0,0,"{""type"":""Polygon"",""coordinates"":[[[-107.26593692010914,48.203259377628974],[-107.26593061351925,48.203268400375975],[-107.2659070369274,48.20334033892678],[-107.26590063391109,48.20334492238805],[-107.26607573144582,48.20337719196903],[-107.26609944879164,48.20330976388644],[-107.26610537149882,48.20329173574627],[-107.26593692010914,48.203259377628974]]]}"
00000000000000001479,6009,0,0,0,"{""type"":""Polygon"",""coordinates"":[[[-107.26590063391109,48.20334492238805],[-107.26589412904453,48.20334952157845],[-107.2658689917184,48.20338575514589],[-107.26586448851589,48.20343497784157],[-107.26603904882691,48.203453889813126],[-107.2660440893525,48.203418024807014],[-107.26607597429704,48.2033816867994],[-107.26607573144582,48.20337719196903],[-107.26590063391109,48.20334492238805]]]}"
00000000000000001476,6010,0,0,0,"{""type"":""Polygon"",""coordinates"":[[[-107.26586448851589,48.20343497784157],[-107.26586042636754,48.203493119005316],[-107.26584785764271,48.203511235833155],[-107.2658486379317,48.20352908841715],[-107.26600916563362,48.20353485144114],[-107.26600838526626,48.2035169988585],[-107.26602745882575,48.20349428279647],[-107.26603904882691,48.203453889813126],[-107.26586448851589,48.20343497784157]]]}"
00000000000000001498,6011,0,0,0,"{""type"":""Polygon"",""coordinates"":[[[-107.26599097425051,48.203575404385205],[-107.26600916563362,48.20353485144114],[-107.2658486379317,48.20352908841715],[-107.26583762975307,48.20358291045511],[-107.26583919031684,48.203618615678096],[-107.2660197706477,48.203623938812726],[-107.26599097425051,48.203575404385205]]]}"
00000000000000001481,6012,0,0,0,"{""type"":""Polygon"",""coordinates"":[[[-107.26583919031684,48.203618615678096],[-107.26584075088012,48.2036543209252],[-107.26583664406111,48.20371239107167],[-107.2660235760791,48.203708762637916],[-107.26600138095577,48.203660068233404],[-107.2660197706477,48.203623938812726],[-107.26583919031684,48.203618615678096]]]}"
00000000000000001496,6013,0,0,0,"{""type"":""Polygon"",""coordinates"":[[[-107.26583664406111,48.20371239107167],[-107.265831360459,48.20374376141028],[-107.26583394410038,48.2038018142852],[-107.26602767619146,48.203802449541],[-107.26602391533868,48.20371769682551],[-107.2660235760791,48.203708762637916],[-107.26583664406111,48.20371239107167]]]}"
00000000000000001494,6014,0,0,0,"{""type"":""Polygon"",""coordinates"":[[[-107.26583394410038,48.2038018142852],[-107.26583428331219,48.20381074849041],[-107.26582171445493,48.20382886542713],[-107.26582215551373,48.203837783907815],[-107.26582313402253,48.20386006021518],[-107.26583134049646,48.20389567699538],[-107.26602439455688,48.203878443811085],[-107.26602283382665,48.203842738419695],[-107.26602767619146,48.203802449541],[-107.26583394410038,48.2038018142852]]]}"
00000000000000001539,6015,0,0,0,"{""type"":""Polygon"",""coordinates"":[[[-107.26602673565132,48.20393200194339],[-107.26602629454361,48.203923083448984],[-107.26602551417888,48.203905230735195],[-107.26602439455688,48.203878443811085],[-107.26583134049646,48.20389567699538],[-107.26584004532035,48.203940125306644],[-107.26584174683414,48.20398034138354],[-107.26584869288527,48.20398466064393],[-107.26604164559078,48.20396744311265],[-107.2660408652198,48.20394959038416],[-107.26602673565132,48.20393200194339]]]}"
00000000000000001492,6016,0,0,0,"{""type"":""Polygon"",""coordinates"":[[[-107.26604218311813,48.20398080096518],[-107.26604164559078,48.20396744311265],[-107.26584869288527,48.20398466064393],[-107.26585631736687,48.2040068483791],[-107.26587240391578,48.204068989651354],[-107.26605933780273,48.204065361076076],[-107.26604218311813,48.20398080096518]]]}"
00000000000000001520,6017,0,0,0,"{""type"":""Polygon"",""coordinates"":[[[-107.26587240391578,48.204068989651354],[-107.2658800284257,48.204091177419336],[-107.26587596612374,48.20414931930994],[-107.26588305318255,48.20415814920782],[-107.26606323968515,48.204154624973036],[-107.26606290042275,48.204145690711755],[-107.26606167893256,48.204118919396166],[-107.26605933780273,48.204065361076076],[-107.26587240391578,48.204068989651354]]]}"
000000000000000014e6,6018,0,0,0,"{""type"":""Polygon"",""coordinates"":[[[-107.26606323968515,48.204154624973036],[-107.26588305318255,48.20415814920782],[-107.26589738098376,48.20418016138414],[-107.26589223829434,48.20421604263739],[-107.26589287761303,48.20422938482569],[-107.26589365790367,48.20424723765199],[-107.26606744168474,48.204248296934686],[-107.26606622019543,48.20422152556712],[-107.26607116445862,48.20418122066651],[-107.26606323968515,48.204154624973036]]]}"
0000000000000000152c,6019,0,0,0,"{""type"":""Polygon"",""coordinates"":[[[-107.26606744168474,48.204248296934686],[-107.26589365790367,48.20424723765199],[-107.26589423994669,48.20426066683847],[-107.26586885909268,48.204292406139345],[-107.2658640164458,48.20433269539089],[-107.26605853173811,48.20435118337867],[-107.26606371888512,48.204315373288544],[-107.26605565310733,48.20428426688978],[-107.26607506635354,48.20427048475847],[-107.26606744168474,48.204248296934686]]]}"
000000000000000014e2,6020,0,0,0,"{""type"":""Polygon"",""coordinates"":[[[-107.2658640164458,48.20433269539089],[-107.26585873272317,48.204364066102464],[-107.26586005044477,48.20439527693536],[-107.26585456846313,48.20442222402471],[-107.26604918604657,48.20444069632214],[-107.26605853173811,48.20435118337867],[-107.2658640164458,48.20433269539089]]]}"
000000000000000014dd,6021,0,0,0,"{""type"":""Polygon"",""coordinates"":[[[-107.26585456846313,48.20442222402471],[-107.26583657464782,48.204467201300886],[-107.2658381351604,48.20450290712293],[-107.26602032503905,48.204544007343536],[-107.26603069403902,48.20447684204855],[-107.26605020924934,48.20446304413949],[-107.26604918604657,48.20444069632214],[-107.26585456846313,48.20442222402471]]]}"
000000000000000014ed,6022,0,0,0,"{""type"":""Polygon"",""coordinates"":[[[-107.2658381351604,48.20450290712293],[-107.2658078540481,48.20457502298729],[-107.26578829963394,48.20458429448503],[-107.2659846195088,48.20464298353261],[-107.26600267055764,48.204597919089146],[-107.26601523965078,48.20457980185898],[-107.26601445931009,48.20456194892254],[-107.26602032503905,48.204544007343536],[-107.2658381351604,48.20450290712293]]]}"
00000000000000001523,6023,0,0,0,"{""type"":""Polygon"",""coordinates"":[[[-107.26578829963394,48.20458429448503],[-107.26569641426315,48.20462185013866],[-107.26568316123304,48.20462655378776],[-107.26588862696526,48.204738610701696],[-107.26588842872174,48.20473418701607],[-107.26591356708178,48.20469795249234],[-107.26593948569705,48.20467957095984],[-107.26595239407109,48.20467038805838],[-107.26597831265775,48.204652006525706],[-107.2659846195088,48.20464298353261],[-107.26578829963394,48.20458429448503]]]}"
000000000000000014e7,6024,0,0,0,"{""type"":""Polygon"",""coordinates"":[[[-107.26568316123304,48.20462655378776],[-107.26561157127892,48.20466816447516],[-107.2657449037425,48.20481292963139],[-107.2657641191049,48.20479472372489],[-107.26582280085174,48.20476229571997],[-107.26587541846433,48.20474338565041],[-107.26588862696526,48.204738610701696],[-107.26568316123304,48.20462655378776]]]}"
00000000000000001509,6025,0,0,0,"{""type"":""Polygon"",""coordinates"":[[[-107.26561157127892,48.20466816447516],[-107.26559195953043,48.20467752294158],[-107.26555919657721,48.20469156931482],[-107.26551890560017,48.204687867035425],[-107.26558627043545,48.20485180659935],[-107.26559937711777,48.20484704740911],[-107.26568578088163,48.20483643896976],[-107.26573179706998,48.20481768883816],[-107.2657449037425,48.20481292963139],[-107.26561157127892,48.20466816447516]]]}"
000000000000000014f2,6026,0,0,0,"{""type"":""Polygon"",""coordinates"":[[[-107.26551890560017,48.204687867035425],[-107.26547215408507,48.20468883528569],[-107.26544541073295,48.20468929244493],[-107.26539229107973,48.20484667559499],[-107.26543918366508,48.204850218065026],[-107.2654796729658,48.20485834408374],[-107.26549302241897,48.20485807986697],[-107.2655263674211,48.2048574628123],[-107.26558627043545,48.20485180659935],[-107.26551890560017,48.204687867035425]]]}"
00000000000000001561,6027,0,0,0,"{""type"":""GeometryCollection"",""geometries"":[{""type"":""LineString"",""coordinates"":[[-107.26537143146894,48.20467737036994],[-107.26537123520886,48.20467292198518]]},{""type"":""Polygon"",""coordinates"":[[[-107.26543206134733,48.20468955665252],[-107.26537143146894,48.20467737036994],[-107.26537137865408,48.20467735975441],[-107.26522955996846,48.20479186308863],[-107.26523616145127,48.20479170323233],[-107.26528451750656,48.20482651242063],[-107.26532510299981,48.20483907793022],[-107.26539229107973,48.20484667559499],[-107.26544541073295,48.20468929244493],[-107.26543206134733,48.20468955665252]]]}]}"
0000000000000000153b,6028,0,0,0,"{""type"":""Polygon"",""coordinates"":[[[-107.26534336264757,48.20464667712774],[-107.26509754740337,48.20467830822983],[-107.26510439158015,48.20468264333047],[-107.26507827464582,48.20469660095637],[-107.26508444079202,48.20468306733456],[-107.26505123696859,48.204688194902],[-107.2650514351109,48.20469261858807],[-107.26505319298472,48.204732748284485],[-107.26507989168121,48.20473221997428],[-107.26513255376555,48.20471338158709],[-107.26517313901886,48.20472594714008],[-107.26519513518525,48.20477021904667],[-107.26521576967842,48.2047832086182],[-107.26522955996846,48.20479186308863],[-107.26537128232526,48.20467292034221],[-107.26534336264757,48.20464667712774]],[[-107.26513133298178,48.204686609954024],[-107.26511113946164,48.20468253901685],[-107.26511818179216,48.20469129780239],[-107.26513133298178,48.204686609954024]]]}"
00000000000000001538,6029,0,0,0,"{""type"":""Polygon"",""coordinates"":[[[-107.2651597554389,48.20457438024776],[-107.2651620952051,48.204627939140465],[-107.26514312249996,48.20465063981461],[-107.26512170821553,48.20461979728286],[-107.26510229462669,48.204633579321225],[-107.265082779175,48.20464737708827],[-107.2650633655647,48.204661159126495],[-107.2650504571026,48.20467034190905],[-107.26505123696859,48.204688194902],[-107.26508444079202,48.20468306733456],[-107.26508399992474,48.20467414870292],[-107.26509754740337,48.20467830822983],[-107.26534336264757,48.20464667712774],[-107.26534311989444,48.20464218218539],[-107.26534732956634,48.204584095283494],[-107.2653468886334,48.20457517667144],[-107.26534654955253,48.20456624233188],[-107.2651597554389,48.20457438024776]]]}"
00000000000000001531,6030,0,0,0,"{""type"":""Polygon"",""coordinates"":[[[-107.26533590162073,48.20447708199324],[-107.26512240943894,48.20448574818572],[-107.26512309304479,48.20449916171609],[-107.26515135143177,48.204534339264086],[-107.2651597554389,48.20457438024776],[-107.26534654955253,48.20456624233188],[-107.26534610861955,48.20455732372283],[-107.26534532860559,48.204539470780254],[-107.2653445485915,48.20452161784372],[-107.26534376857728,48.204503764913206],[-107.26533590162073,48.20447708199324]]]}"
00000000000000001525,6031,0,0,0,"{""type"":""GeometryCollection"",""geometries"":[{""type"":""LineString"",""coordinates"":[[-107.26511360797153,48.20443682084174],[-107.26512028353577,48.20443668924997]]},{""type"":""Polygon"",""coordinates"":[[[-107.26532719738923,48.20443263316941],[-107.2653262764802,48.20441026961709],[-107.26532505554171,48.20438349814404],[-107.26528402961003,48.204362014153915],[-107.26527009855377,48.204348849111895],[-107.26512031244567,48.20443668436075],[-107.26512847367756,48.20447223034524],[-107.26512240943894,48.20448574818572],[-107.26533590162073,48.20447708199324],[-107.26532719738923,48.20443263316941]]]}]}"
00000000000000001530,6032,0,0,0,"{""type"":""Polygon"",""coordinates"":[[[-107.26522178766999,48.20431411147722],[-107.26514619673469,48.20426647295943],[-107.2651328475438,48.20426673711837],[-107.26501307765518,48.204429878977585],[-107.26511356460826,48.20443678867342],[-107.26527009855377,48.204348849111895],[-107.26522178766999,48.20431411147722]]]}"
0000000000000000152e,6033,0,0,0,"{""type"":""Polygon"",""coordinates"":[[[-107.26503187558826,48.20425083763213],[-107.2649912909493,48.20423827211686],[-107.26495080263821,48.20423014596248],[-107.26494439940775,48.20423472944262],[-107.2649531756242,48.204435534762794],[-107.26499972842437,48.204430143119836],[-107.26501307765518,48.204429878977585],[-107.2651328475438,48.20426673711837],[-107.26503187558826,48.20425083763213]]]}"
0000000000000000152d,6034,0,0,0,"{""type"":""Polygon"",""coordinates"":[[[-107.26489818585242,48.204249055320616],[-107.2648318363609,48.20425922321943],[-107.26479887566916,48.204268845560335],[-107.26484007487275,48.20444667066706],[-107.26489371443851,48.20445010910496],[-107.2649531756242,48.204435534762794],[-107.26494439940775,48.20423472944262],[-107.26489818585242,48.204249055320616]]]}"
0000000000000000152a,6035,0,0,0,"{""type"":""Polygon"",""coordinates"":[[[-107.26479887566916,48.204268845560335],[-107.26475916718931,48.20427857217788],[-107.26465965890824,48.204293938629874],[-107.26471973392341,48.204444623991584],[-107.26484007487275,48.20444667066706],[-107.26479887566916,48.204268845560335]]]}"
0000000000000000152f,6036,0,0,0,"{""type"":""Polygon"",""coordinates"":[[[-107.26465965890824,48.204293938629874],[-107.26463980466768,48.204298801914014],[-107.26458054187945,48.20431779967356],[-107.26452748425886,48.20432779028361],[-107.2646144551617,48.204482371339914],[-107.264640373882,48.20446399023047],[-107.26468008254338,48.204454263623326],[-107.26471973392341,48.204444623991584],[-107.26465965890824,48.204293938629874]]]}"
00000000000000001534,6037,0,0,0,"{""type"":""Polygon"",""coordinates"":[[[-107.26452748425886,48.20432779028361],[-107.26451433321347,48.204332478013754],[-107.26439697051998,48.20439733186013],[-107.26456912281812,48.204514534349116],[-107.26458863827368,48.20450073672109],[-107.2646144551617,48.204482371339914],[-107.26452748425886,48.20432779028361]]]}"
0000000000000000152b,6038,0,0,0,"{""type"":""Polygon"",""coordinates"":[[[-107.26439697051998,48.20439733186013],[-107.26435804150687,48.204424911254826],[-107.26429902117852,48.20444840382136],[-107.26429271407481,48.204457426676896],[-107.2644441359352,48.20455720039138],[-107.2644829632192,48.20452963661764],[-107.26451640941777,48.20452900420616],[-107.26454970920321,48.20452831624894],[-107.26456271951527,48.204519117830316],[-107.26456912281812,48.204514534349116],[-107.26439697051998,48.20439733186013]]]}"
00000000000000001535,6039,0,0,0,"{""type"":""Polygon"",""coordinates"":[[[-107.26429271407481,48.204457426676896],[-107.26426184909522,48.20451611277327],[-107.26423593025828,48.20453449380162],[-107.26422986574292,48.20454801160866],[-107.26437298077789,48.20461218387201],[-107.26437972859345,48.20461207961161],[-107.26439229825549,48.204593962574634],[-107.26443763076654,48.20456179959632],[-107.2644441359352,48.20455720039138],[-107.26429271407481,48.204457426676896]]]}"
00000000000000001533,6040,0,0,0,"{""type"":""GeometryCollection"",""geometries"":[{""type"":""LineString"",""coordinates"":[[-107.26415312798518,48.20462546938592],[-107.26415980357834,48.2046253378495]]},{""type"":""Polygon"",""coordinates"":[[[-107.26422986574292,48.20454801160866],[-107.264210452057,48.20456179345042],[-107.26417196344653,48.204598291488665],[-107.26415983434782,48.20462532713212],[-107.26430275138237,48.20468507590284],[-107.26432158366745,48.204657864693566],[-107.26437298077789,48.20461218387201],[-107.26422986574292,48.20454801160866]]]}]}"
00000000000000001540,6041,0,0,0,"{""type"":""Polygon"",""coordinates"":[[[-107.26415313111804,48.20462550263899],[-107.26405571785985,48.20468993265164],[-107.26421228392243,48.20475382558805],[-107.26423169771573,48.204740043693086],[-107.26429062232631,48.20471211160615],[-107.26430275138237,48.20468507590284],[-107.26415313111804,48.20462550263899]]]}"
00000000000000001537,6042,0,0,0,"{""type"":""Polygon"",""coordinates"":[[[-107.26405571785985,48.20468993265164],[-107.26404280928335,48.20469911530662],[-107.26401766962354,48.20473534937426],[-107.26397884196558,48.204762913076635],[-107.26413550423442,48.20483124565616],[-107.26415472005023,48.20481304005398],[-107.26420597674432,48.20476284849194],[-107.26421228392243,48.20475382558805],[-107.26405571785985,48.20468993265164]]]}"
0000000000000000153d,6043,0,0,0,"{""type"":""Polygon"",""coordinates"":[[[-107.26397884196558,48.204762913076635],[-107.26397233673454,48.20476751226955],[-107.26389477742505,48.20482707910433],[-107.26389497542615,48.204831502808005],[-107.26405168224238,48.20489990687638],[-107.26406439287157,48.204886300475664],[-107.26407740336768,48.2048771020558],[-107.26409031200699,48.204867919363636],[-107.26413550423442,48.20483124565616],[-107.26397884196558,48.204762913076635]]]}"
00000000000000001529,6044,0,0,0,"{""type"":""Polygon"",""coordinates"":[[[-107.26389497542615,48.204831502808005],[-107.26386333030456,48.20487233612823],[-107.26381833588306,48.20491343345176],[-107.2639946547239,48.20497247955429],[-107.26400096197925,48.20496345662651],[-107.26401901522956,48.2049183922268],[-107.26405168224238,48.20489990687638],[-107.26389497542615,48.204831502808005]]]}"
0000000000000000153e,6045,0,0,0,"{""type"":""Polygon"",""coordinates"":[[[-107.26381833588306,48.20491343345176],[-107.2638119324675,48.20491801692036],[-107.26379309976498,48.20494522817424],[-107.26376893695496,48.205003739197984],[-107.26393797143373,48.20504953156013],[-107.2639444767195,48.20504493234362],[-107.2639946547239,48.20497247955429],[-107.26381833588306,48.20491343345176]]]}"
00000000000000001542,6046,0,0,0,"{""type"":""Polygon"",""coordinates"":[[[-107.26376893695496,48.205003739197984],[-107.26376296833878,48.20502169654926],[-107.26373793008638,48.20505791504874],[-107.26371919338943,48.20508956581688],[-107.26391502860054,48.20513481461843],[-107.26391341272507,48.20509919528002],[-107.26393797143373,48.20504953156013],[-107.26376893695496,48.205003739197984]]]}"
00000000000000001552,6047,0,0,0,"{""type"":""Polygon"",""coordinates"":[[[-107.26371919338943,48.20508956581688],[-107.26370099903681,48.20513011959591],[-107.26369042781782,48.20519286184213],[-107.26387125370006,48.20520268409949],[-107.26388416248197,48.205193501374836],[-107.26391502860054,48.20513481461843],[-107.26371919338943,48.20508956581688]]]}"
00000000000000001555,6048,0,0,0,"{""type"":""Polygon"",""coordinates"":[[[-107.26386654948904,48.20524748473187],[-107.26386474838093,48.20520728332562],[-107.26387125370006,48.20520268409949],[-107.26369042781782,48.20519286184213],[-107.26367863685863,48.205228832208924],[-107.2637073344281,48.205272929448256],[-107.26371549428076,48.205308476150535],[-107.26388043556148,48.20526057894873],[-107.26386654948904,48.20524748473187]]]}"
00000000000000001556,6049,0,0,0,"{""type"":""Polygon"",""coordinates"":[[[-107.2637791970826,48.205387647772376],[-107.2639572455913,48.205334991365476],[-107.26392228484538,48.20529998840375],[-107.26388043556148,48.20526057894873],[-107.26371549428076,48.205308476150535],[-107.26372258084777,48.20531730641413],[-107.26373759047857,48.205352733197934],[-107.2637383696829,48.20537058644895],[-107.26377191250353,48.20537439375173],[-107.2637791970826,48.205387647772376]],[[-107.26377191250353,48.20537439375173],[-107.26378501934371,48.2053696347581],[-107.26377817530351,48.205365299503555],[-107.26377191250353,48.20537439375173]]]}"
0000000000000000153a,6050,0,0,0,"{""type"":""Polygon"",""coordinates"":[[[-107.26397943830347,48.20538368784771],[-107.2639648689764,48.205357179845834],[-107.26396408966089,48.205339326604005],[-107.2639572455913,48.205334991365476],[-107.2637791970826,48.205387647772376],[-107.26379386238813,48.205418595302675],[-107.26380061030831,48.205418491078724],[-107.2637998310749,48.205400637812765],[-107.26382652989615,48.20540010984125],[-107.26382730914264,48.2054179631065],[-107.26384099726226,48.20542663361607],[-107.26383546913861,48.20545350989254],[-107.26399576431696,48.20545032615167],[-107.2639955663079,48.20544590239658],[-107.26397943830347,48.20538368784771]]]}"
00000000000000001526,6051,0,0,0,"{""type"":""Polygon"",""coordinates"":[[[-107.26399576431696,48.20545032615167],[-107.26383546913861,48.20545350989254],[-107.26383615225191,48.20546692369032],[-107.26383668893938,48.205480281955666],[-107.26383746818856,48.20549813524784],[-107.26381135054335,48.20551209276259],[-107.26380504314848,48.20552111577516],[-107.2640010216005,48.205570875464154],[-107.26401403236024,48.20556167692698],[-107.26398553214786,48.20552200331594],[-107.26401673720946,48.20547225066146],[-107.26399576431696,48.20545032615167]]]}"
000000000000000014f3,6052,0,0,0,"{""type"":""Polygon"",""coordinates"":[[[-107.26380504314848,48.20552111577516],[-107.26378684861238,48.20556166990641],[-107.26374777740656,48.20558473894017],[-107.263747918103,48.205589249699536],[-107.26392545964804,48.20567506877386],[-107.26395181997954,48.205665606219284],[-107.26395093882506,48.20564776860061],[-107.26393681001278,48.20563017926766],[-107.2640010216005,48.205570875464154],[-107.26380504314848,48.20552111577516]]]}"
0000000000000000155d,6053,0,0,0,"{""type"":""Polygon"",""coordinates"":[[[-107.263747918103,48.205589249699536],[-107.26369618044676,48.20562599654394],[-107.26367652353316,48.205635283539976],[-107.26377620360181,48.20577626263859],[-107.26378295158581,48.20577615841357],[-107.26382255967451,48.20576644761473],[-107.26383557052593,48.20575724906536],[-107.26388090475972,48.205725085597955],[-107.26389920116479,48.205684515595216],[-107.26392545964804,48.20567506877386],[-107.263747918103,48.205589249699536]]]}"
00000000000000001554,6054,0,0,0,"{""type"":""Polygon"",""coordinates"":[[[-107.26367652353316,48.205635283539976],[-107.26363725426076,48.20565392878922],[-107.26360385193313,48.20565463218957],[-107.26356424400626,48.20566434287353],[-107.26354414659005,48.20566471103411],[-107.26366490071217,48.2058275993728],[-107.26373077314338,48.205803986576186],[-107.26377620360181,48.20577626263859],[-107.26367652353316,48.205635283539976]]]}"
0000000000000000155a,6055,0,0,0,"{""type"":""Polygon"",""coordinates"":[[[-107.26354414659005,48.20566471103411],[-107.26351118475488,48.20567433321795],[-107.26347231131643,48.205701825972085],[-107.263432403569,48.205707128558615],[-107.26348999660499,48.20579974779946],[-107.26358290662083,48.205784541786244],[-107.26357009368836,48.20579816409349],[-107.26355708279445,48.20580736261508],[-107.26354417375002,48.20581654540912],[-107.26351805584412,48.20583050293482],[-107.26358544192618,48.20584252579574],[-107.26359879146455,48.205842261835286],[-107.26363884009042,48.20584146994249],[-107.26366490071217,48.2058275993728],[-107.26354414659005,48.20566471103411]]]}"
0000000000000000155c,6056,0,0,0,"{""type"":""Polygon"",""coordinates"":[[[-107.263432403569,48.205707128558615],[-107.26342599998661,48.20571171207456],[-107.26339299354996,48.20572126296307],[-107.26336609668981,48.205717367038865],[-107.26335328373459,48.20573098930043],[-107.26330683175667,48.205736364576765],[-107.26336436715394,48.20582907094479],[-107.26337771665604,48.205828807016054],[-107.26346994370307,48.20580018721105],[-107.26348999660499,48.20579974779946],[-107.263432403569,48.205707128558615]]]}"
0000000000000000155b,6057,0,0,0,"{""type"":""Polygon"",""coordinates"":[[[-107.26330683175667,48.205736364576765],[-107.26325357456685,48.20574193100934],[-107.26324164238085,48.20577339093359],[-107.26318834059538,48.20577888607026],[-107.26323903165323,48.20586725725735],[-107.26329209109726,48.20585726702196],[-107.26336436715394,48.20582907094479],[-107.26330683175667,48.205736364576765]]]}"
00000000000000001578,6058,0,0,0,"{""type"":""Polygon"",""coordinates"":[[[-107.26318834059538,48.20577888607026],[-107.26307528198588,48.20579009150461],[-107.2630954046428,48.20594155822441],[-107.2631420547033,48.20594060682554],[-107.26322117494679,48.20591674615273],[-107.26323903165323,48.20586725725735],[-107.26318834059538,48.20577888607026]]]}"
00000000000000001577,6059,0,0,0,"{""type"":""Polygon"",""coordinates"":[[[-107.26307528198588,48.20579009150461],[-107.26297397067724,48.20576525485209],[-107.26295377730625,48.20576118337424],[-107.26294215073159,48.205953499673086],[-107.2630954046428,48.20594155822441],[-107.26307528198588,48.20579009150461]]]}"
00000000000000001579,6060,0,0,0,"{""type"":""Polygon"",""coordinates"":[[[-107.26287304264557,48.2057494239251],[-107.26277859972097,48.205880757065245],[-107.26282671102372,48.20591107320295],[-107.26287428610284,48.205928030934864],[-107.26293550463062,48.20595358811174],[-107.26294215073159,48.205953499673086],[-107.26295377730625,48.20576118337424],[-107.26287304264557,48.2057494239251]]]}"
00000000000000001593,6061,0,0,0,"{""type"":""Polygon"",""coordinates"":[[[-107.26285284931684,48.20574535242618],[-107.2628129989934,48.20575056776488],[-107.26278488332915,48.20571989943929],[-107.26268140089888,48.205797847545625],[-107.26269596924172,48.205824355988334],[-107.26276471399854,48.20586766252642],[-107.26277859972097,48.205880757065245],[-107.26287304264557,48.2057494239251],[-107.26285284931684,48.20574535242618]]]}"
00000000000000001553,6062,1,0,0,"{""type"":""Polygon"",""coordinates"":[[[-107.26277095308787,48.20570673367557],[-107.26275662714387,48.20568472034947],[-107.26272934757367,48.20567181842567],[-107.26271555794584,48.205663163435176],[-107.26270187017957,48.205654492717365],[-107.26257182970645,48.205737479042696],[-107.26267455699812,48.20579351217374],[-107.26268140089888,48.205797847545625],[-107.26278488332915,48.20571989943929],[-107.26278474275227,48.20571538866432],[-107.26277095308787,48.20570673367557]]]}"
00000000000000001599,6063,0,0,0,"{""type"":""Polygon"",""coordinates"":[[[-107.2626735122894,48.2056193293694],[-107.26263885271104,48.205588733761736],[-107.26248837687478,48.205663153274195],[-107.2625513940837,48.205728912427816],[-107.26257182970645,48.205737479042696],[-107.26270187017957,48.205654492717365],[-107.2626735122894,48.2056193293694]]]}"
00000000000000001544,6064,0,0,0,"{""type"":""Polygon"",""coordinates"":[[[-107.26263170915881,48.205579990355965],[-107.262590742053,48.20555841769852],[-107.26254893911064,48.20551907868963],[-107.26240496900854,48.205588898792115],[-107.26241201063795,48.20559765794422],[-107.26243992797592,48.205623902542875],[-107.2624677435071,48.205650162871564],[-107.26248817905002,48.20565872949351],[-107.26248837687478,48.205663153274195],[-107.26263885271104,48.205588733761736],[-107.26263170915881,48.205579990355965]]]}"
00000000000000001557,6065,0,0,0,"{""type"":""Polygon"",""coordinates"":[[[-107.26254063403316,48.205483476178216],[-107.26251315691529,48.20546615047067],[-107.26249916961504,48.20545307171551],[-107.26247873417533,48.20544450512665],[-107.26230850605461,48.20552377137107],[-107.26238399738621,48.205566973849606],[-107.26240496900854,48.205588898792115],[-107.26254893911064,48.20551907868963],[-107.26254199343076,48.20551475905564],[-107.26254791809012,48.20549673033289],[-107.26254063403316,48.205483476178216]]]}"
00000000000000001558,6066,0,0,0,"{""type"":""Polygon"",""coordinates"":[[[-107.26247189037457,48.20544016976678],[-107.2624507209501,48.20541382113979],[-107.26239552459883,48.20537467468845],[-107.26223180224336,48.20544934153272],[-107.26223194275455,48.20545385228745],[-107.26225908133365,48.205462243555715],[-107.26227320903101,48.2054798331079],[-107.2622873367431,48.2054974226635],[-107.26230841010326,48.20551933187509],[-107.26230850605461,48.20552377137107],[-107.26247873417533,48.20544450512665],[-107.26247189037457,48.20544016976678]]]}"
0000000000000000157c,6067,0,0,0,"{""type"":""Polygon"",""coordinates"":[[[-107.26237489143489,48.205361684331635],[-107.26236076371252,48.205344094834395],[-107.26232546675537,48.2053001567382],[-107.2621418901257,48.205379686225605],[-107.26214873385231,48.20538402160591],[-107.26221781509186,48.20543626273696],[-107.26223180224336,48.20544934153272],[-107.26239552459883,48.20537467468845],[-107.26237489143489,48.205361684331635]]]}"
00000000000000001560,6068,0,0,0,"{""type"":""GeometryCollection"",""geometries"":[{""type"":""LineString"",""coordinates"":[[-107.26231875152538,48.20530027926335],[-107.26232542721472,48.2053001478321]]},{""type"":""Polygon"",""coordinates"":[[[-107.26230459129728,48.205282671368494],[-107.26228395823391,48.20526968101221],[-107.26224259621718,48.20523926082188],[-107.26222880692795,48.20523060582375],[-107.26206542347494,48.205314206660745],[-107.2621064470644,48.205335692472865],[-107.2621346062653,48.20536643206451],[-107.2621418901257,48.205379686225605],[-107.26231871896383,48.20530026085497],[-107.26230459129728,48.205282671368494]]]}]}"
00000000000000001541,6069,0,0,0,"{""type"":""Polygon"",""coordinates"":[[[-107.26216623141795,48.2051737657855],[-107.26209880348699,48.205161670747735],[-107.26199678288,48.20527088429145],[-107.26201047024172,48.205279555057075],[-107.26203794684172,48.20529688086041],[-107.26205857977646,48.20530987127952],[-107.26206542347494,48.205314206660745],[-107.26222880692795,48.20523060582375],[-107.26216623141795,48.2051737657855]]]}"
0000000000000000159a,6070,0,0,0,"{""type"":""Polygon"",""coordinates"":[[[-107.26203714724113,48.20512719461852],[-107.26201695452389,48.20512312297624],[-107.2618861944791,48.205188167279495],[-107.26195551714143,48.20524490344132],[-107.26198299367496,48.20526222925071],[-107.26199678288,48.20527088429145],[-107.26209880348699,48.205161670747735],[-107.26208545440683,48.20516193448462],[-107.26207176705668,48.2051532637487],[-107.26206482153333,48.20514894410612],[-107.26203714724113,48.20512719461852]],[[-107.26206482153333,48.20514894410612],[-107.26205147246257,48.20514920783798],[-107.26205855847581,48.20515803821181],[-107.26206482153333,48.20514894410612]]]}"
0000000000000000155f,6071,0,0,0,"{""type"":""Polygon"",""coordinates"":[[[-107.26200336313204,48.205118891699016],[-107.26198923572474,48.205101302219944],[-107.26197554843263,48.20509263147878],[-107.26196098095441,48.20506612327201],[-107.26194729368535,48.20505745253202],[-107.26180259160122,48.20510948913449],[-107.26187264766622,48.205184007242416],[-107.2618861944791,48.205188167279495],[-107.26201695452389,48.20512312297624],[-107.26200336313204,48.205118891699016]]]}"
00000000000000001551,6072,0,0,0,"{""type"":""Polygon"",""coordinates"":[[[-107.26193350457356,48.20504879751676],[-107.26190524990844,48.20501361858473],[-107.261877773607,48.20499629282875],[-107.26186354446892,48.20497871909437],[-107.26175224381838,48.20503005277948],[-107.26176054801047,48.205065655075956],[-107.26180259160122,48.20510948913449],[-107.26194729368535,48.20505745253202],[-107.26193350457356,48.20504879751676]]]}"
000000000000000015ac,6073,0,0,0,"{""type"":""Polygon"",""coordinates"":[[[-107.26169442089645,48.20492848352061],[-107.26170180037798,48.204946177061636],[-107.26174442425119,48.20500344049185],[-107.26175224381838,48.20503005277948],[-107.26186354446892,48.20497871909437],[-107.26186344856593,48.20497427964253],[-107.26186223019313,48.20494750777458],[-107.2618606735961,48.204911801488166],[-107.26169442089645,48.20492848352061]]]}"
0000000000000000154f,6074,0,0,0,"{""type"":""Polygon"",""coordinates"":[[[-107.26167707905445,48.20483949726404],[-107.26168436263038,48.204852751334855],[-107.2616853385772,48.20487502817734],[-107.26168635909035,48.2048973762931],[-107.26169442089645,48.20492848352061],[-107.2618606735961,48.204911801488166],[-107.26186043127532,48.20490730650349],[-107.2618586769239,48.20486717652674],[-107.26185712032574,48.20483147029459],[-107.261856680251,48.20482255160299],[-107.26167707905445,48.20483949726404]]]}"
0000000000000000154e,6075,0,0,0,"{""type"":""Polygon"",""coordinates"":[[[-107.26165289375396,48.20474617578427],[-107.26164682843142,48.204759693502794],[-107.26167707905445,48.20483949726404],[-107.261856680251,48.20482255160299],[-107.26185536597313,48.20479134037543],[-107.26185356705308,48.204751139223106],[-107.26185322882824,48.20474220481977],[-107.26165289375396,48.20474617578427]]]}"
0000000000000000154d,6076,0,0,0,"{""type"":""Polygon"",""coordinates"":[[[-107.26183632668803,48.204662137578254],[-107.2618358866162,48.20465321891506],[-107.26162230507668,48.204657437762236],[-107.26162308326587,48.20467529082117],[-107.26165133735032,48.20471046962566],[-107.26165177737622,48.20471938830052],[-107.26165289375396,48.20474617578427],[-107.26185322882824,48.20474220481977],[-107.26185234867833,48.20472436746818],[-107.26185181269923,48.20471100936494],[-107.26185123215332,48.204697580001536],[-107.26183632668803,48.204662137578254]],[[-107.26181938788758,48.20473398887345],[-107.26180589853605,48.20472974186935],[-107.26181298440171,48.20473857219493],[-107.26181938788758,48.20473398887345]]]}"
000000000000000014c5,6077,0,0,0,"{""type"":""Polygon"",""coordinates"":[[[-107.26180170755106,48.20463606858834],[-107.26180543795942,48.20456899179973],[-107.261804659678,48.20455113878054],[-107.26163874686294,48.20457675493462],[-107.26162210735001,48.2046530140615],[-107.26162230507668,48.204657437762236],[-107.2618358866162,48.20465321891506],[-107.26183568886358,48.20464879521578],[-107.26183510832227,48.20463536586797],[-107.26180170755106,48.20463606858834]]]}"
000000000000000015cd,6078,0,0,0,"{""type"":""Polygon"",""coordinates"":[[[-107.26161320311826,48.204452151605366],[-107.26160029437916,48.20446133389474],[-107.26162898831598,48.20450543120669],[-107.26162976651275,48.204523284214],[-107.26165073698733,48.204545208917175],[-107.26163874686294,48.20457675493462],[-107.261804659678,48.20455113878054],[-107.261804079146,48.20453770945714],[-107.26180363908047,48.204528790814656],[-107.26180310311477,48.20451543276026],[-107.26180256714899,48.20450207470925],[-107.26161320311826,48.204452151605366]]]}"
00000000000000001548,6079,0,0,0,"{""type"":""Polygon"",""coordinates"":[[[-107.26170221734245,48.20434768309082],[-107.26168978729618,48.204370310376845],[-107.26166426350817,48.204397538027756],[-107.26165169297543,48.20441565466227],[-107.2616255759499,48.20442961128071],[-107.26161320311826,48.204452151605366],[-107.26180256714899,48.20450207470925],[-107.26180188476737,48.20448866112345],[-107.261839838581,48.20443880604664],[-107.26170221734245,48.20434768309082]]]}"
0000000000000000154c,6080,0,0,0,"{""type"":""Polygon"",""coordinates"":[[[-107.26181938328585,48.20427840890579],[-107.26179322180997,48.20429229426761],[-107.26175317564419,48.20429308530497],[-107.26172725645985,48.20431146558727],[-107.26170852487128,48.204338660413434],[-107.26170221734245,48.20434768309082],[-107.261839838581,48.20443880604664],[-107.26185260681363,48.20442511306103],[-107.26187866653414,48.20441124337094],[-107.26189794001533,48.204392951367176],[-107.26192410155745,48.204379065948686],[-107.26181938328585,48.20427840890579]]]}"
00000000000000001545,6081,0,0,0,"{""type"":""Polygon"",""coordinates"":[[[-107.26194427262546,48.20423130715792],[-107.2619177729462,48.2042362582233],[-107.26187175754498,48.20425500630054],[-107.26184550018304,48.20426445227784],[-107.26181938328585,48.20427840890579],[-107.26192410155745,48.204379065948686],[-107.26195002075204,48.20436068558945],[-107.26201025937677,48.20436396606465],[-107.26203642088824,48.204350080623946],[-107.26204976966913,48.20434981690552],[-107.26194427262546,48.20423130715792]]]}"
000000000000000014b4,6082,0,0,0,"{""type"":""Polygon"",""coordinates"":[[[-107.26211678539099,48.204205531042206],[-107.26209683549175,48.20420595439912],[-107.26203043010717,48.20421620730659],[-107.26194427262546,48.20423130715792],[-107.26204976966913,48.20434981690552],[-107.26211607345616,48.20433957967779],[-107.26214903391897,48.20432995825083],[-107.26211678539099,48.204205531042206]]]}"
0000000000000000154b,6083,0,0,0,"{""type"":""Polygon"",""coordinates"":[[[-107.26225721826859,48.204207213233325],[-107.26223716648985,48.20420765234571],[-107.2622166358728,48.20419464649868],[-107.26211678539099,48.204205531042206],[-107.26214903391897,48.20432995825083],[-107.2621950494196,48.20431121001157],[-107.26223509579334,48.204310418784374],[-107.2622683945756,48.204309731646674],[-107.26225721826859,48.204207213233325]]]}"
00000000000000001550,6084,0,0,0,"{""type"":""Polygon"",""coordinates"":[[[-107.26239050813507,48.20420015201002],[-107.262363810586,48.204200679537934],[-107.26235046181418,48.20420094329904],[-107.26225721826859,48.204207213233325],[-107.2622683945756,48.204309731646674],[-107.26234848739865,48.204308149112514],[-107.26240188265005,48.204307094051735],[-107.26239050813507,48.20420015201002]]]}"
0000000000000000153c,6085,0,0,0,"{""type"":""Polygon"",""coordinates"":[[[-107.26253118384231,48.20420632871062],[-107.26247788464698,48.2042118232242],[-107.26244390325483,48.204199096931355],[-107.26239050813507,48.20420015201002],[-107.26240188265005,48.204307094051735],[-107.2625423609395,48.20430884707033],[-107.26253118384231,48.20420632871062]]]}"
0000000000000000149b,6086,0,0,0,"{""type"":""Polygon"",""coordinates"":[[[-107.26265758587134,48.204194860586725],[-107.26261127666606,48.20420474596032],[-107.26259118024547,48.204205113886],[-107.26253118384231,48.20420632871062],[-107.2625423609395,48.20430884707033],[-107.2625690586172,48.20430831948841],[-107.26268235461073,48.204301610020345],[-107.26265758587134,48.204194860586725]]]}"
000000000000000014c2,6087,0,0,0,"{""type"":""Polygon"",""coordinates"":[[[-107.26278403256904,48.204183463558735],[-107.26274432454952,48.20419318931556],[-107.2627176269049,48.20419371694422],[-107.2627042780853,48.2041939807557],[-107.26266423163729,48.204194772178745],[-107.26265758587134,48.204194860586725],[-107.26268235461073,48.204301610020345],[-107.26274943735551,48.204309225271686],[-107.26276278622304,48.204308961452135],[-107.26282234844633,48.204294372763066],[-107.26278403256904,48.204183463558735]]]}"
00000000000000001543,6088,0,0,0,"{""type"":""Polygon"",""coordinates"":[[[-107.26286941159152,48.204150510096845],[-107.262849997919,48.204164291559465],[-107.26278403256904,48.204183463558735],[-107.26282234844633,48.204294372763066],[-107.26289471735204,48.20427061734244],[-107.26295427954835,48.2042560285828],[-107.26298684423647,48.2042375595648],[-107.26286941159152,48.204150510096845]]]}"
0000000000000000153f,6089,0,0,0,"{""type"":""Polygon"",""coordinates"":[[[-107.26298070932857,48.20409917604528],[-107.26290183558797,48.20412753050822],[-107.26286941159152,48.204150510096845],[-107.2629866017724,48.20423306464399],[-107.2630457235582,48.20420955726356],[-107.26310488987598,48.20418612112035],[-107.26298070932857,48.20409917604528]]]}"
00000000000000001536,6090,0,0,0,"{""type"":""Polygon"",""coordinates"":[[[-107.26300433601666,48.20402730830156],[-107.26303259141541,48.2040624862347],[-107.2629874569497,48.20409907188867],[-107.26298070932857,48.20409917604528],[-107.26310488987598,48.20418612112035],[-107.26313114722993,48.20417667481283],[-107.26315056086611,48.204162893291056],[-107.26317007634093,48.204149096042734],[-107.26318948995566,48.20413531452082],[-107.26324792866322,48.204098393600226],[-107.2632544338056,48.204093794516915],[-107.26300433601666,48.20402730830156]]]}"
00000000000000001532,6091,0,0,0,"{""type"":""Polygon"",""coordinates"":[[[-107.2629426355122,48.20399276222432],[-107.26299020833942,48.20400971934011],[-107.26300433601666,48.20402730830156],[-107.2632544338056,48.204093794516915],[-107.2632603005893,48.20407585323881],[-107.26327287043165,48.204057736527744],[-107.26328741190135,48.2039324146042],[-107.2629426355122,48.20399276222432]]]}"
00000000000000001495,6092,0,0,0,"{""type"":""Polygon"",""coordinates"":[[[-107.26325813475565,48.20387488918807],[-107.26320948883978,48.20383121652726],[-107.26318132944432,48.20380047814917],[-107.26316700381048,48.2037784656708],[-107.2631464728763,48.203765460136324],[-107.26293593248229,48.203992937639036],[-107.2629426355122,48.20399276222432],[-107.26328741190135,48.2039324146042],[-107.2632870733135,48.203923480353595],[-107.26325813475565,48.20387488918807]]]}"
00000000000000001499,6093,0,0,0,"{""type"":""Polygon"",""coordinates"":[[[-107.26313952738744,48.2037611406841],[-107.26311302785523,48.20376609203159],[-107.26307948678416,48.20376228457016],[-107.26293274705415,48.20376962623829],[-107.26286807130562,48.20396746975411],[-107.26292224520617,48.203984267214366],[-107.26293593248229,48.203992937639036],[-107.2631464728763,48.203765460136324],[-107.26313952738744,48.2037611406841]]]}"
0000000000000000149c,6094,0,0,0,"{""type"":""Polygon"",""coordinates"":[[[-107.26289270096707,48.20377041774112],[-107.26284052534818,48.203798244291725],[-107.26282125246661,48.20381653626356],[-107.26276101410684,48.20381325632448],[-107.26279380115969,48.20395104023053],[-107.26282030077435,48.20394608895172],[-107.26286807130562,48.20396746975411],[-107.26293274705415,48.20376962623829],[-107.26289270096707,48.20377041774112]]]}"
0000000000000000149a,6095,0,0,0,"{""type"":""Polygon"",""coordinates"":[[[-107.26276101410684,48.20381325632448],[-107.26274766541805,48.20381352013678],[-107.2627015545391,48.20382782909628],[-107.26268092200108,48.203814839169745],[-107.2626408314048,48.20381555930478],[-107.26264012150857,48.2039496069029],[-107.2627141490242,48.20396154165074],[-107.26279380115969,48.20395104023053],[-107.26276101410684,48.20381325632448]]]}"
000000000000000014c4,6096,0,0,0,"{""type"":""Polygon"",""coordinates"":[[[-107.26256098181037,48.203821636935174],[-107.2625408856082,48.20382200484212],[-107.26252753694754,48.20382226862314],[-107.26248575948917,48.20393475988871],[-107.26259983293393,48.2039459033896],[-107.26264012150857,48.2039496069029],[-107.2626408314048,48.20381555930478],[-107.26256098181037,48.203821636935174]]]}"
000000000000000014c3,6097,0,0,0,"{""type"":""Polygon"",""coordinates"":[[[-107.26251418828868,48.20382253240226],[-107.26247336369315,48.20380547097532],[-107.26247292345427,48.20379655246392],[-107.26246530131174,48.20377436448912],[-107.26243840621622,48.203770468403874],[-107.2623498350869,48.203883854912156],[-107.26239076149989,48.20390090069217],[-107.2624651270208,48.20392176988774],[-107.26248575948917,48.20393475988871],[-107.26252753694754,48.20382226862314],[-107.26251418828868,48.20382253240226]]]}"
000000000000000014c0,6098,0,0,0,"{""type"":""Polygon"",""coordinates"":[[[-107.26235089023847,48.203754286614945],[-107.26231020639987,48.20374173574279],[-107.26222780190244,48.203841588836084],[-107.26228906081971,48.203867216783884],[-107.2623498350869,48.203883854912156],[-107.26243840621622,48.203770468403874],[-107.26235089023847,48.203754286614945]]]}"
000000000000000014c1,6099,0,0,0,"{""type"":""Polygon"",""coordinates"":[[[-107.26230336292492,48.203737400502405],[-107.26223584144472,48.203720866484],[-107.26221496686074,48.203703381595396],[-107.26220142048558,48.20369922171054],[-107.26209872201657,48.203795018817544],[-107.2621195519993,48.20381243250041],[-107.26216003796407,48.203820559843976],[-107.2621870735022,48.20382896662868],[-107.26221421090837,48.20383735768126],[-107.26222780190244,48.203841588836084],[-107.26231020639987,48.20374173574279],[-107.26230336292492,48.203737400502405]]]}"
00000000000000001546,6100,0,0,0,"{""type"":""Polygon"",""coordinates"":[[[-107.26211952982172,48.20366060375902],[-107.26211215029926,48.20364291068174],[-107.26199566319517,48.2037300527888],[-107.26204396861729,48.20376479180115],[-107.26209207636289,48.20379510718286],[-107.26209872201657,48.203795018817544],[-107.26220142048558,48.20369922171054],[-107.26211952982172,48.20366060375902]]]}"
00000000000000001547,6101,0,0,0,"{""type"":""Polygon"",""coordinates"":[[[-107.26209811925709,48.20362976103668],[-107.26205709745857,48.20360827586944],[-107.26204923327492,48.20358159306223],[-107.26189216474283,48.20365616822357],[-107.26189910997147,48.20366048776403],[-107.2619275615017,48.20370008943851],[-107.26198207230229,48.203725821607485],[-107.26199566319517,48.2037300527888],[-107.26211215029926,48.20364291068174],[-107.26209811925709,48.20362976103668]]]}"
00000000000000001549,6102,0,0,0,"{""type"":""Polygon"",""coordinates"":[[[-107.26204238987796,48.20357725781441],[-107.26202122178543,48.20355090998816],[-107.26199272565762,48.20351123719218],[-107.26182153063024,48.20356822314534],[-107.26184250078175,48.20359014741842],[-107.26187085627053,48.203625309721986],[-107.26188498311363,48.20364289874131],[-107.26189216474283,48.20365616822357],[-107.26204923327492,48.20358159306223],[-107.26204238987796,48.20357725781441]]]}"
000000000000000014af,6103,0,0,0,"{""type"":""Polygon"",""coordinates"":[[[-107.26198568450496,48.2035024783432],[-107.26198422363717,48.20347121236499],[-107.26196956073764,48.203440265638164],[-107.26179069985274,48.2034749922873],[-107.2617977855049,48.20348382240966],[-107.26180012042968,48.203537380401244],[-107.26182153063024,48.20356822314534],[-107.26199272565762,48.20351123719218],[-107.26198568450496,48.2035024783432]]]}"
000000000000000014b0,6104,0,0,0,"{""type"":""Polygon"",""coordinates"":[[[-107.26194052871284,48.20338723513988],[-107.26193906787834,48.203355969228355],[-107.26176005425286,48.20338634342208],[-107.2617828804675,48.20344838078162],[-107.26179069985274,48.2034749922873],[-107.26196956073764,48.203440265638164],[-107.26194052871284,48.20338723513988]]]}"
000000000000000014ba,6105,0,0,0,"{""type"":""Polygon"",""coordinates"":[[[-107.26192162982349,48.203262546364954],[-107.26172271868496,48.20329771176667],[-107.26173806367393,48.20334207174676],[-107.26175981193553,48.20338184856688],[-107.26176005425286,48.20338634342208],[-107.26193906787834,48.203355969228355],[-107.26192162982349,48.203262546364954]]]}"
000000000000000014be,6106,0,0,0,"{""type"":""Polygon"",""coordinates"":[[[-107.26189313402328,48.20322287374769],[-107.26187900731433,48.20320528486602],[-107.26185153228388,48.20318795966342],[-107.26185109218945,48.203179041249776],[-107.26185099627052,48.20317460194958],[-107.26166601452687,48.20322293247159],[-107.2617145611646,48.203262166188985],[-107.26172271868496,48.20329771176667],[-107.26192162982349,48.203262546364954],[-107.26192104922073,48.20324911737166],[-107.26189313402328,48.20322287374769]]]}"
000000000000000014bb,6107,0,0,0,"{""type"":""Polygon"",""coordinates"":[[[-107.26180220719554,48.2031308735355],[-107.26178001891928,48.20308217851436],[-107.26158314996383,48.20316203822921],[-107.26166601452687,48.20322293247159],[-107.26185099627052,48.20317460194958],[-107.26180220719554,48.2031308735355]]]}"
000000000000000014bc,6108,0,0,0,"{""type"":""Polygon"",""coordinates"":[[[-107.26175054738202,48.20302022991623],[-107.26172957759344,48.20299830585041],[-107.26149970528772,48.20308771501827],[-107.26154858967308,48.20313588286264],[-107.26157606443319,48.203153208141714],[-107.26158314996383,48.20316203822921],[-107.26178001891928,48.20308217851436],[-107.26175054738202,48.20302022991623]]]}"
000000000000000014bf,6109,0,0,0,"{""type"":""Polygon"",""coordinates"":[[[-107.26169462178923,48.202963303500624],[-107.26167263150296,48.20291903215746],[-107.2616653482404,48.20290577856301],[-107.26141708370712,48.20303131559723],[-107.2614926643601,48.20307895619766],[-107.26149970528772,48.20308771501827],[-107.26172957759344,48.20299830585041],[-107.26169462178923,48.202963303500624]]]}"
000000000000000014b8,6110,0,0,0,"{""type"":""Polygon"",""coordinates"":[[[-107.26164286664296,48.20284822088663],[-107.2616013615308,48.202817746193695],[-107.26134712838837,48.20296123935367],[-107.26139665003872,48.20302274912588],[-107.26141708370712,48.20303131559723],[-107.2616653482404,48.20290577856301],[-107.26164286664296,48.20284822088663]]]}"
000000000000000014b7,6111,0,0,0,"{""type"":""Polygon"",""coordinates"":[[[-107.26153912928307,48.202769842284404],[-107.26128275990004,48.20286420130508],[-107.2612838760888,48.20289098785713],[-107.26131223040619,48.20292614988996],[-107.26134679025931,48.20295230524886],[-107.26134712838837,48.20296123935367],[-107.2616013615308,48.202817746193695],[-107.26153912928307,48.202769842284404]]]}"
000000000000000014b1,6112,0,0,0,"{""type"":""Polygon"",""coordinates"":[[[-107.26150481166633,48.2027481818887],[-107.26141069254608,48.20273661402884],[-107.26126939266234,48.20271263879835],[-107.26128275990004,48.20286420130508],[-107.26153912928307,48.202769842284404],[-107.26150481166633,48.2027481818887]]]}"
000000000000000014b9,6113,0,0,0,"{""type"":""Polygon"",""coordinates"":[[[-107.26126939266234,48.20271263879835],[-107.26125604458176,48.202712902382345],[-107.2611437307025,48.20274188575755],[-107.26113702802516,48.20274206103358],[-107.2611433093525,48.20288479357824],[-107.26116340474667,48.20288442599084],[-107.26120300919999,48.202874716896375],[-107.26122892741648,48.202856337280075],[-107.26128275990004,48.20286420130508],[-107.26126939266234,48.20271263879835]]]}"
000000000000000014bd,6114,0,0,0,"{""type"":""Polygon"",""coordinates"":[[[-107.26110402456108,48.20275161052294],[-107.26106286431958,48.20272561471186],[-107.26101529498091,48.20270865696488],[-107.26099648008052,48.2028876927266],[-107.26108331600949,48.20288600739016],[-107.2611433093525,48.20288479357824],[-107.26113702802516,48.20274206103358],[-107.26110402456108,48.20275161052294]]]}"
00000000000000001581,6115,0,0,0,"{""type"":""Polygon"",""coordinates"":[[[-107.2609677702727,48.2026917704594],[-107.26096092723789,48.202687435198335],[-107.26081425664142,48.20284667064559],[-107.2608413926264,48.2028550619662],[-107.26088265458934,48.20288104221549],[-107.26092973957444,48.202889010445304],[-107.26099648008052,48.2028876927266],[-107.26101529498091,48.20270865696488],[-107.2609677702727,48.2026917704594]]]}"
00000000000000001580,6116,0,0,0,"{""type"":""Polygon"",""coordinates"":[[[-107.2609402963022,48.20267444513758],[-107.26091282236493,48.20265711981274],[-107.26069674021612,48.202755181238665],[-107.26070475626187,48.202786216056516],[-107.26076678924305,48.20282969701071],[-107.26081425664142,48.20284667064559],[-107.26096092723789,48.202687435198335],[-107.2609402963022,48.20267444513758]]]}"
000000000000000014ae,6117,0,0,0,"{""type"":""Polygon"",""coordinates"":[[[-107.2608580722381,48.20262689268825],[-107.26085034952233,48.2026047207678],[-107.26067197830592,48.202648434244914],[-107.26068746201679,48.20269730441463],[-107.26068877540303,48.202728514443486],[-107.26069674021612,48.202755181238665],[-107.26091282236493,48.20265711981274],[-107.2608580722381,48.20262689268825]]]}"
000000000000000014a9,6118,0,0,0,"{""type"":""Polygon"",""coordinates"":[[[-107.26082918304047,48.20257837312301],[-107.26081505721693,48.202560784276976],[-107.26079991135687,48.202520848293446],[-107.26061483798591,48.202564736833175],[-107.26066493771121,48.20263967542799],[-107.26067197830592,48.202648434244914],[-107.26085034952233,48.2026047207678],[-107.26082918304047,48.20257837312301]]]}"
000000000000000014aa,6119,0,0,0,"{""type"":""Polygon"",""coordinates"":[[[-107.2607789426037,48.20249892420104],[-107.26074496394517,48.20248619765027],[-107.26070316694198,48.20244685997513],[-107.26057124345256,48.202485199555824],[-107.26059891462417,48.202506948457255],[-107.26061483798591,48.202564736833175],[-107.26079991135687,48.202520848293446],[-107.2607789426037,48.20249892420104]]]}"
000000000000000014b3,6120,0,0,0,"{""type"":""Polygon"",""coordinates"":[[[-107.26067501134051,48.20241612157139],[-107.26067389557744,48.2023893352423],[-107.26067292016029,48.20236705942439],[-107.2606591324759,48.20235840463075],[-107.26050115098833,48.20241061283738],[-107.26053648723556,48.20245462059565],[-107.26057124345256,48.202485199555824],[-107.26070316694198,48.20244685997513],[-107.26067501134051,48.20241612157139]]]}"
000000000000000014ad,6121,0,0,0,"{""type"":""Polygon"",""coordinates"":[[[-107.2606034077491,48.202305901718994],[-107.26058903997942,48.202283818156346],[-107.26042415869378,48.20233177787468],[-107.26045911227159,48.20236678032497],[-107.26049444841605,48.202410788064796],[-107.2606591324759,48.20235840463075],[-107.2606034077491,48.202305901718994]]]}"
000000000000000014a8,6122,0,0,0,"{""type"":""Polygon"",""coordinates"":[[[-107.26057535419869,48.20227514763974],[-107.26055452608712,48.20225773408123],[-107.26055903575399,48.202208512567935],[-107.2603998375505,48.202233949908475],[-107.26036721709515,48.20225250429393],[-107.26038960037894,48.202305622451945],[-107.26042415869378,48.20233177787468],[-107.26058903997942,48.202283818156346],[-107.26057535419869,48.20227514763974]]]}"
0000000000000000154a,6123,0,0,0,"{""type"":""Polygon"",""coordinates"":[[[-107.26054883976354,48.20212827361861],[-107.26037545923427,48.202136209098214],[-107.26037589898063,48.20214512735137],[-107.2603998375505,48.202233949908475],[-107.26055903575399,48.202208512567935],[-107.26055879357823,48.202204017806324],[-107.26054883976354,48.20212827361861]]]}"
0000000000000000141a,6124,0,0,0,"{""type"":""Polygon"",""coordinates"":[[[-107.26037783372772,48.202037854583715],[-107.26037545923427,48.202136209098214],[-107.26054883976354,48.20212827361861],[-107.26054864214957,48.202123850124615],[-107.26056771708033,48.202101135711644],[-107.26059377518706,48.20208726702143],[-107.26060556741673,48.20205129914056],[-107.26037783372772,48.202037854583715]]]}"
000000000000000014a5,6125,0,0,0,"{""type"":""Polygon"",""coordinates"":[[[-107.26064405510073,48.20201480431536],[-107.26041335114026,48.201934461642225],[-107.2604004432164,48.201943643311935],[-107.26037783372772,48.202037854583715],[-107.26060556741673,48.20205129914056],[-107.26061183012634,48.20204220567333],[-107.26063192494979,48.20204183821751],[-107.2606452727001,48.20204157473201],[-107.2606586204522,48.20204131124461],[-107.26066488315062,48.20203221777593],[-107.26064405510073,48.20201480431536]]]}"
000000000000000014a4,6126,0,0,0,"{""type"":""Polygon"",""coordinates"":[[[-107.26057075036711,48.20186882544224],[-107.26051735966783,48.20186987932056],[-107.26048440163147,48.201879499677766],[-107.26046518647047,48.20189770351771],[-107.26043907121274,48.20191165910328],[-107.260419856021,48.20192986294601],[-107.26041335114026,48.201934461642225],[-107.26064405510073,48.20201480431536],[-107.26057075036711,48.20186882544224]]]}"
000000000000000014a0,6127,0,0,0,"{""type"":""Polygon"",""coordinates"":[[[-107.26070267160235,48.20183048636681],[-107.26062424293642,48.2018677558106],[-107.26057075036711,48.20186882544224],[-107.26064405510073,48.20201480431536],[-107.26066488315062,48.20203221777593],[-107.26067152838591,48.202032129522955],[-107.2607112336603,48.20202240509089],[-107.26075049909134,48.202003762417576],[-107.26070267160235,48.20183048636681]]]}"
000000000000000014a7,6128,0,0,0,"{""type"":""Polygon"",""coordinates"":[[[-107.26081584447502,48.201667517343246],[-107.26080716407174,48.201774893317015],[-107.26079459426022,48.20179300892151],[-107.26077639929423,48.20183355963099],[-107.26070267160235,48.20183048636681],[-107.26075049909134,48.202003762417576],[-107.26082912569147,48.201970916246786],[-107.26086907314303,48.20196568650093],[-107.26081584447502,48.201667517343246]]]}"
000000000000000014ac,6129,0,0,0,"{""type"":""Polygon"",""coordinates"":[[[-107.26098345781146,48.20183394207719],[-107.26089046366019,48.20184470494969],[-107.26088769004981,48.201782230434404],[-107.26090710268892,48.201768450016246],[-107.26086787689674,48.201635182652495],[-107.26089393463418,48.20162131401254],[-107.26089359659488,48.201612380130484],[-107.26089291449428,48.20159896726493],[-107.26089237879552,48.201585609939606],[-107.26089004503659,48.20153205387544],[-107.26083563453288,48.20151076120521],[-107.2608359725596,48.20151969507059],[-107.26082719648042,48.201622631568696],[-107.26081584447502,48.201667517343246],[-107.26086907314303,48.20196568650093],[-107.26098856544982,48.20194997307536],[-107.26100201505945,48.20194969381694],[-107.26098345781146,48.20183394207719]]]}"
000000000000000014b2,6130,0,0,0,"{""type"":""Polygon"",""coordinates"":[[[-107.26110291123068,48.20181370238465],[-107.26098345781146,48.20183394207719],[-107.26100201505945,48.20194969381694],[-107.26110889310908,48.20195202466765],[-107.26116174847365,48.20193761303664],[-107.26116845100721,48.201937437765196],[-107.26110291123068,48.20181370238465]]]}"
000000000000000014ab,6131,0,0,0,"{""type"":""Polygon"",""coordinates"":[[[-107.26120793932894,48.20177146628587],[-107.26114824128298,48.20178154271465],[-107.26110291123068,48.20181370238465],[-107.26116845100721,48.201937437765196],[-107.26126799500031,48.20192214710161],[-107.26130075545476,48.20190810299246],[-107.26132104806258,48.201912158863365],[-107.26120793932894,48.20177146628587]]]}"
0000000000000000149e,6132,0,0,0,"{""type"":""Polygon"",""coordinates"":[[[-107.26127860624514,48.20170749877103],[-107.26125909185612,48.20172129496959],[-107.26122026672839,48.20174885591945],[-107.26120769707036,48.20176697156521],[-107.26120793932894,48.20177146628587],[-107.26132104806258,48.201912158863365],[-107.26134750139245,48.201907136965715],[-107.26144568678878,48.20186056535758],[-107.26145825640056,48.20184244964972],[-107.26127860624514,48.20170749877103]]]}"
000000000000000014b5,6133,0,0,0,"{""type"":""Polygon"",""coordinates"":[[[-107.26131058838044,48.20167560266499],[-107.26127860624514,48.20170749877103],[-107.26145825640056,48.20184244964972],[-107.26148921807504,48.20178820658914],[-107.2615088729207,48.20177892076969],[-107.26152100244695,48.20175188690717],[-107.26153357199038,48.20173377122846],[-107.26154536328679,48.20169780349657],[-107.26131058838044,48.20167560266499]]]}"
00000000000000001463,6134,0,1,0,"{""type"":""Polygon"",""coordinates"":[[[-107.26178250976086,48.20162165006339],[-107.26166193991078,48.20161510461987],[-107.26163490620961,48.20160669799306],[-107.2615611268511,48.20159925750074],[-107.26156088454782,48.20159476279675],[-107.2613072781839,48.201599771057765],[-107.26128145678923,48.20162258940501],[-107.26124913656406,48.201645551584214],[-107.26126976714457,48.20165854133456],[-107.26131039067096,48.201671179212894],[-107.26131058838044,48.20167560266499],[-107.26154536328679,48.20169780349657],[-107.2615577350613,48.201675264382814],[-107.26162389330132,48.20166051770883],[-107.26165025058766,48.20165105658248],[-107.26167650602677,48.20164161117469],[-107.26170286330132,48.20163215003759],[-107.26172955881316,48.201631622770755],[-107.26174290657178,48.20163135913449],[-107.26176960209443,48.20163083185627],[-107.26178935277086,48.20162598517905],[-107.26178250976086,48.20162165006339]]]}"
0000000000000000149d,6135,0,0,0,"{""type"":""Polygon"",""coordinates"":[[[-107.26152534965935,48.20154633271439],[-107.26151156192994,48.20153767817879],[-107.26151078370617,48.20151982618031],[-107.26149646007008,48.20149781435249],[-107.26130372571319,48.201519444860345],[-107.26130703591203,48.2015952763523],[-107.2613072781839,48.201599771057765],[-107.26156088454782,48.20159476279675],[-107.26152534965935,48.20154633271439]]]}"
0000000000000000149f,6136,0,0,0,"{""type"":""GeometryCollection"",""geometries"":[{""type"":""Point"",""coordinates"":[-107.26089003026948,48.20153204958092]},{""type"":""Polygon"",""coordinates"":[[[-107.26145208603857,48.20140042715584],[-107.26128007859978,48.20143948637187],[-107.26127523191526,48.20147977331816],[-107.26130328573154,48.201510526723055],[-107.26130372571319,48.201519444860345],[-107.26149646007008,48.20149781435249],[-107.26149631961496,48.20149330393308],[-107.26149510136818,48.201466533821545],[-107.26145208603857,48.20140042715584]]]}]}"
000000000000000014a1,6137,0,0,0,"{""type"":""MultiPolygon"",""coordinates"":[[[[-107.26143796021236,48.20138283879379],[-107.26142931864554,48.201338305101004],[-107.26143460515354,48.201306936359636],[-107.26122964053363,48.20135561597112],[-107.26127954275593,48.201426129092724],[-107.26128007859978,48.20143948637187],[-107.26145208603857,48.20140042715584],[-107.26143796021236,48.20138283879379]]],[[[-107.26087940845045,48.20144289787671],[-107.26083310319774,48.20145278177741],[-107.26083388109193,48.20147063376707],[-107.26083563453288,48.20151076120521],[-107.26089004503659,48.20153205387544],[-107.2608874690558,48.20147400316805],[-107.26088649347594,48.2014517277425],[-107.26087940845045,48.20144289787671]]]]}"
00000000000000001473,6138,0,0,0,"{""type"":""MultiPolygon"",""coordinates"":[[[[-107.26084367719112,48.20139004421792],[-107.26082955175245,48.201372455759994],[-107.26079004481691,48.201386603534324],[-107.26083208308934,48.20143043509966],[-107.26083310319774,48.20145278177741],[-107.26087940845045,48.20144289787671],[-107.26084367719112,48.20139004421792]]],[[[-107.26142047936936,48.201289348025085],[-107.2614199434708,48.20127599078609],[-107.26137756622109,48.20122322581559],[-107.26117944496215,48.201276240349664],[-107.26118672775212,48.201289493584056],[-107.26120085338877,48.20130708195679],[-107.26120138920653,48.20132043920693],[-107.26122964053363,48.20135561597112],[-107.26143460515354,48.201306936359636],[-107.26142047936936,48.201289348025085]]]]}"
000000000000000014a2,6139,0,0,0,"{""type"":""MultiPolygon"",""coordinates"":[[[[-107.26134887479796,48.20117913110489],[-107.26117413889678,48.20115578745075],[-107.26116739194269,48.201155891457205],[-107.26115482249662,48.201174006887285],[-107.26115550470176,48.20118741964041],[-107.26115681856496,48.20121862875859],[-107.26117944496215,48.201276240349664],[-107.26137756622109,48.20122322581559],[-107.26134887479796,48.20117913110489]]],[[[-107.26081245514686,48.201287969942875],[-107.26074391973421,48.2012490888842],[-107.26073198759165,48.201280545819635],[-107.26074567309038,48.2012892161578],[-107.26074635514252,48.201302628946976],[-107.26077314595237,48.201306541109034],[-107.26077514154454,48.201351163112314],[-107.26078994900854,48.20138216438091],[-107.26079004481691,48.201386603534324],[-107.26082955175245,48.201372455759994],[-107.26081245514686,48.201287969942875]]]]}"
00000000000000001470,6140,0,0,0,"{""type"":""Polygon"",""coordinates"":[[[-107.26120276595339,48.201047989643094],[-107.26117413889678,48.20115578745075],[-107.26134887479796,48.20117913110489],[-107.261368044746,48.201160856093146],[-107.26138769924736,48.20115157041754],[-107.2614002686039,48.20113345496693],[-107.26140633327195,48.2011199382086],[-107.26120276595339,48.201047989643094]]]}"
00000000000000001466,6141,0,0,0,"{""type"":""Polygon"",""coordinates"":[[[-107.26126561274185,48.20095741273433],[-107.26124047406066,48.200993643483265],[-107.2612084925374,48.20102553913857],[-107.26120276595339,48.201047989643094],[-107.26140633327195,48.2011199382086],[-107.26141910033628,48.201106246170625],[-107.26144404125108,48.20106559189802],[-107.26146995806421,48.20104721288179],[-107.26126561274185,48.20095741273433]]]}"
0000000000000000146d,6142,0,0,0,"{""type"":""Polygon"",""coordinates"":[[[-107.2613554922634,48.20087524255964],[-107.26134922990978,48.200884335865425],[-107.26130312296421,48.20089864326006],[-107.26127774208253,48.20093037932773],[-107.26126561274185,48.20095741273433],[-107.26146995806421,48.20104721288179],[-107.2615215938936,48.2010060314538],[-107.26156833880357,48.2010050653621],[-107.2613554922634,48.20087524255964]]]}"
0000000000000000146c,6143,0,0,0,"{""type"":""Polygon"",""coordinates"":[[[-107.26163982665618,48.200959021617656],[-107.26148667654299,48.20081912270753],[-107.26146658219854,48.2008194903216],[-107.26145323477145,48.200819753906984],[-107.26142697994335,48.20082919909123],[-107.26138751813212,48.2008434182103],[-107.2613554922634,48.20087524255964],[-107.26156833880357,48.2010050653621],[-107.2616150264585,48.201004186229525],[-107.26165492853445,48.20099888501427],[-107.26163982665618,48.200959021617656]]]}"
00000000000000001468,6144,0,0,0,"{""type"":""Polygon"",""coordinates"":[[[-107.26164901880239,48.20071318413878],[-107.26162970278497,48.20073140350847],[-107.2616102908384,48.20074518378456],[-107.26159738348102,48.200754365394076],[-107.26158437428006,48.2007635627271],[-107.2615718051311,48.20078167806967],[-107.2615191936766,48.200800584206355],[-107.26149327705814,48.20081896314512],[-107.26148667654299,48.20081912270753],[-107.26163982665618,48.200959021617656],[-107.26171497755604,48.20069401434617],[-107.26164901880239,48.20071318413878]]]}"
0000000000000000146b,6145,0,0,0,"{""type"":""Polygon"",""coordinates"":[[[-107.26190774287596,48.200520476758584],[-107.26189473379453,48.2005296740899],[-107.261795237714,48.200545036173274],[-107.26175093021264,48.20059954164084],[-107.26175380134886,48.20066645378058],[-107.26174147462737,48.200689063734934],[-107.26171497755604,48.20069401434617],[-107.26163982665618,48.200959021617656],[-107.26165492853445,48.20099888501427],[-107.2616746788561,48.20099403842762],[-107.2616947733398,48.20099367076526],[-107.26172817079166,48.20099296821472],[-107.26175486585052,48.20099244095872],[-107.26176151097795,48.20099235263478],[-107.26182036287406,48.2008125323838],[-107.26181376233733,48.20081269196922],[-107.26174576196405,48.20078716910719],[-107.2617436692156,48.20073810853644],[-107.261797199481,48.20074156437568],[-107.26181020865195,48.20073236701841],[-107.26182311597925,48.200723185384874],[-107.26183568501828,48.20070507003227],[-107.2618486941716,48.200695872676576],[-107.26185902387752,48.20062864133367],[-107.26189717095188,48.20058321334982],[-107.26192109025992,48.20052021311259],[-107.26190774287596,48.200520476758584]]]}"
00000000000000001472,6146,0,0,0,"{""type"":""MultiPolygon"",""coordinates"":[[[[-107.26192109025992,48.20052021311259],[-107.26189717095188,48.20058321334982],[-107.26196312952285,48.20056404343854],[-107.2619756984515,48.20054592812498],[-107.26199569091852,48.20054557613114],[-107.2620157406652,48.20054513715116],[-107.26202258353489,48.20054947216539],[-107.26202791395936,48.200518175134206],[-107.26192109025992,48.20052021311259]]],[[[-107.26191467552889,48.200828522906455],[-107.26188127815905,48.2008292255176],[-107.26185414305637,48.20082083479038],[-107.26182036287406,48.2008125323838],[-107.26176151097795,48.20099235263478],[-107.26176821338264,48.200992177327876],[-107.26182160352916,48.20099112278548],[-107.26190833394047,48.200989452580544],[-107.26194801563373,48.200827907265726],[-107.26191467552889,48.200828522906455]]]]}"
00000000000000001460,6147,0,0,0,"{""type"":""MultiPolygon"",""coordinates"":[[[[-107.26194801563373,48.200827907265726],[-107.26190833394047,48.200989452580544],[-107.26192168149332,48.20098918892784],[-107.26199516626778,48.20098776657131],[-107.26202846198105,48.20098707963788],[-107.26204180955013,48.200986815968086],[-107.26208212870812,48.20083861201034],[-107.26194801563373,48.200827907265726]]],[[[-107.26212940743426,48.20054743406788],[-107.26206795616535,48.200517384139225],[-107.26205460876156,48.200517647806116],[-107.26204126135956,48.20051791147112],[-107.26202791395936,48.200518175134206],[-107.26202258353489,48.20054947216539],[-107.26204321399494,48.200562461483024],[-107.26205694431602,48.200571202767776],[-107.262070731921,48.20057985706983],[-107.26214450979853,48.200587297064494],[-107.26215585990329,48.20054241209911],[-107.26212940743426,48.20054743406788]]]]}"
00000000000000001471,6148,0,0,0,"{""type"":""MultiPolygon"",""coordinates"":[[[[-107.26216911134756,48.200537709340786],[-107.26215585990329,48.20054241209911],[-107.26214450979853,48.200587297064494],[-107.26216460416272,48.20058692930965],[-107.26217828997606,48.200595599321744],[-107.26217571186002,48.20053754973238],[-107.26216911134756,48.200537709340786]]],[[[-107.26214280195086,48.200850810340455],[-107.26210896429255,48.20084259501822],[-107.26208212870812,48.20083861201034],[-107.26204180955013,48.200986815968086],[-107.26215577735888,48.20099352050435],[-107.2622026631143,48.20099706446981],[-107.26219619210676,48.200849755592344],[-107.26214280195086,48.200850810340455]]]]}"
0000000000000000148a,6149,0,0,0,"{""type"":""MultiPolygon"",""coordinates"":[[[[-107.2622228394482,48.20054558828209],[-107.2621827971457,48.200546379344544],[-107.26217571186002,48.20053754973238],[-107.26217828997606,48.200595599321744],[-107.26218533070877,48.20060435768521],[-107.26220464650126,48.200586138253264],[-107.26223134140263,48.20058561087284],[-107.2622228394482,48.20054558828209]]],[[[-107.26231690086273,48.2008608106732],[-107.26230335546441,48.200856651001814],[-107.26225622742874,48.20084861245563],[-107.26222953233095,48.20084913985058],[-107.26221618478478,48.200849403545206],[-107.26219619210676,48.200849755592344],[-107.2622026631143,48.20099706446981],[-107.26226959894987,48.20100016936737],[-107.262316286948,48.20099928988517],[-107.26235643163655,48.20099848302195],[-107.26231690086273,48.2008608106732]]]]}"
00000000000000001461,6150,0,0,0,"{""type"":""GeometryCollection"",""geometries"":[{""type"":""LineString"",""coordinates"":[[-107.26223130085953,48.200585594201684],[-107.26223149743757,48.200590056627384]]},{""type"":""Polygon"",""coordinates"":[[[-107.26232947843495,48.20053896836473],[-107.26226982652298,48.200549116473724],[-107.26226274120928,48.20054028686824],[-107.2622228394482,48.20054558828209],[-107.26223134140263,48.20058561087284],[-107.26224391024654,48.20056749551892],[-107.26226507706725,48.200593841840096],[-107.26228429099307,48.20057563812067],[-107.26235088772947,48.20056980926287],[-107.26232947843495,48.20053896836473]]]},{""type"":""Polygon"",""coordinates"":[[[-107.26245003815858,48.20084923975865],[-107.26244353358443,48.20085383849053],[-107.26234383839818,48.20086477788993],[-107.26231690086273,48.2008608106732],[-107.26235643163655,48.20099848302195],[-107.26239647450132,48.20099769186605],[-107.26245651019106,48.20099654859157],[-107.26246985782437,48.20099628486059],[-107.2624899079155,48.20099584576911],[-107.2624965530964,48.200995757392924],[-107.26245003815858,48.20084923975865]]]}]}"
00000000000000001497,6151,0,0,0,"{""type"":""Polygon"",""coordinates"":[[[-107.26254147346147,48.20080277213777],[-107.26252856617836,48.20081195388059],[-107.26245003815858,48.20084923975865],[-107.2624965530964,48.200995757392924],[-107.26254329847752,48.20099479081476],[-107.2625888693751,48.200967125647914],[-107.26260177670984,48.20095794386869],[-107.26264104084223,48.200939300830875],[-107.26265405000126,48.20093010332512],[-107.26254147346147,48.20080277213777]]]}"
000000000000000014b6,6152,0,0,0,"{""type"":""MultiPolygon"",""coordinates"":[[[[-107.26234947097394,48.20053861629544],[-107.26232947843495,48.20053896836473],[-107.26235088772947,48.20056980926287],[-107.26238398534589,48.200564698864135],[-107.26234947097394,48.20053861629544]]],[[[-107.26262596956406,48.200747530398],[-107.26261946501799,48.20075212913224],[-107.2625935486613,48.2007705083445],[-107.26254147346147,48.20080277213777],[-107.26265405000126,48.20093010332512],[-107.2627712039849,48.20086083276408],[-107.26262596956406,48.200747530398]]]]}"
0000000000000000147f,6153,0,0,0,"{""type"":""MultiPolygon"",""coordinates"":[[[[-107.26241620825823,48.20053729773021],[-107.26236976320152,48.20054267184916],[-107.26234947097394,48.20053861629544],[-107.26238398534589,48.200564698864135],[-107.26242291062657,48.20053712238003],[-107.26241620825823,48.20053729773021]]],[[[-107.26270361666602,48.20069240848511],[-107.26269721397368,48.200696991494745],[-107.26268420490659,48.200706188963416],[-107.26266537406723,48.20073339777911],[-107.26262596956406,48.200747530398],[-107.2627712039849,48.20086083276408],[-107.26277770854364,48.20085623400978],[-107.26283692079132,48.200837167501604],[-107.26288841494635,48.2007914751757],[-107.26270361666602,48.20069240848511]]]]}"
00000000000000001462,6154,0,0,0,"{""type"":""GeometryCollection"",""geometries"":[{""type"":""LineString"",""coordinates"":[[-107.26241623706106,48.20053729013853],[-107.26242291213107,48.20053715871126]]},{""type"":""Polygon"",""coordinates"":[[[-107.26276801788752,48.20063753461688],[-107.26276195371933,48.20065105132509],[-107.26271642783911,48.200678787654816],[-107.26270361666602,48.20069240848511],[-107.26288841494635,48.2007914751757],[-107.26291389087258,48.20076417788405],[-107.26295295685551,48.20074111142733],[-107.2629845986707,48.200700281684625],[-107.26276801788752,48.20063753461688]]]}]}"
0000000000000000147e,6155,0,0,0,"{""type"":""Polygon"",""coordinates"":[[[-107.26279139958027,48.20056117709087],[-107.26278489507764,48.20056577581899],[-107.26277354564296,48.20061066086161],[-107.26276801788752,48.20063753461688],[-107.2629845986707,48.200700281684625],[-107.26299740978402,48.200686660816324],[-107.26301380162879,48.20060591269739],[-107.26302010820304,48.20059689059721],[-107.26279139958027,48.20056117709087]]]}"
0000000000000000145f,6156,0,0,0,"{""type"":""Polygon"",""coordinates"":[[[-107.26282124108798,48.20048014969213],[-107.26280867247836,48.20049826508573],[-107.2627971252008,48.20053872672296],[-107.26279139958027,48.20056117709087],[-107.26302010820304,48.20059689059721],[-107.26302525264092,48.200561011912036],[-107.26304422384594,48.20053831345204],[-107.26304256975347,48.20049817113128],[-107.26282124108798,48.20048014969213]]]}"
0000000000000000145e,6157,0,0,0,"{""type"":""Polygon"",""coordinates"":[[[-107.26283107717703,48.20039963282499],[-107.26283161361106,48.20041298982089],[-107.26283327325245,48.200448677295086],[-107.26282124108798,48.20048014969213],[-107.26304256975347,48.20049817113128],[-107.26304483486842,48.20039983551748],[-107.26283107717703,48.20039963282499]]]}"
0000000000000000147d,6158,0,0,0,"{""type"":""Polygon"",""coordinates"":[[[-107.26303365639012,48.20029732483836],[-107.26280082632056,48.200319836141176],[-107.26280810966844,48.20033308899843],[-107.26283049617813,48.200386204575146],[-107.26283107717703,48.20039963282499],[-107.26304483486842,48.20039983551748],[-107.26304880436835,48.20033725873448],[-107.26303365639012,48.20029732483836]]]}"
0000000000000000145a,6159,0,0,0,"{""type"":""Polygon"",""coordinates"":[[[-107.26301146750525,48.200248632729625],[-107.26301015200754,48.200217424251505],[-107.26300286858958,48.20020417144038],[-107.26277057558667,48.2002400395653],[-107.2627707734831,48.20024446288978],[-107.26278567865602,48.20027990221115],[-107.26280082632056,48.200319836141176],[-107.26303365639012,48.20029732483836],[-107.26301146750525,48.200248632729625]]]}"
00000000000000001467,6160,0,0,0,"{""type"":""Polygon"",""coordinates"":[[[-107.26296126838,48.200169259793626],[-107.26293883718475,48.20011607321175],[-107.26274032497534,48.200160243097336],[-107.26276921572997,48.20020875982662],[-107.26277057558667,48.2002400395653],[-107.26300286858958,48.20020417144038],[-107.26296126838,48.200169259793626]]]}"
00000000000000001469,6161,0,0,0,"{""type"":""Polygon"",""coordinates"":[[[-107.26289479848816,48.200027622903654],[-107.26269672714879,48.20008071048964],[-107.26271149157256,48.20011163942042],[-107.26274032497534,48.200160243097336],[-107.26293883718475,48.20011607321175],[-107.26293863926705,48.20011164989892],[-107.26293786030466,48.20009379841276],[-107.26289479848816,48.200027622903654]]]}"
00000000000000001464,6162,0,0,0,"{""type"":""Polygon"",""coordinates"":[[[-107.26286600948308,48.19997909065617],[-107.26286454769412,48.19994782680043],[-107.26264614600605,48.199992332767856],[-107.26265401017591,48.20001901371328],[-107.26269672714879,48.20008071048964],[-107.26289479848816,48.200027622903654],[-107.26286600948308,48.19997909065617]]]}"
00000000000000001458,6163,0,0,0,"{""type"":""Polygon"",""coordinates"":[[[-107.26285458905437,48.19987208620985],[-107.26264811806092,48.19988513576783],[-107.26265573976892,48.19990732210535],[-107.2626366669335,48.19993003593649],[-107.26264614600605,48.199992332767856],[-107.26286454769412,48.19994782680043],[-107.26286323230667,48.19991661849526],[-107.26285458905437,48.19987208620985]]]}"
00000000000000001457,6164,0,0,0,"{""type"":""Polygon"",""coordinates"":[[[-107.26284419005933,48.1997874278971],[-107.26284399215085,48.19978300461135],[-107.26263053241709,48.19979166367019],[-107.26264811806092,48.19988513576783],[-107.26285458905437,48.19987208620985],[-107.26284419005933,48.1997874278971]]]}"
00000000000000001454,6165,0,0,0,"{""type"":""Polygon"",""coordinates"":[[[-107.26263314266068,48.19969780817175],[-107.2626304363714,48.19978722465869],[-107.26263053241709,48.19979166367019],[-107.26284399215085,48.19978300461135],[-107.26284277284422,48.19975623541072],[-107.26284199391864,48.19973838404298],[-107.26284165537423,48.19972945049912],[-107.26284087644842,48.199711599140436],[-107.2628401935944,48.199698186790556],[-107.26263314266068,48.19969780817175]]]}"
00000000000000001459,6166,0,0,0,"{""type"":""Polygon"",""coordinates"":[[[-107.26262230387478,48.199604232300196],[-107.26263250444654,48.19968446707845],[-107.26263314266068,48.19969780817175],[-107.2628401935944,48.199698186790556],[-107.2628398550498,48.19968925325351],[-107.26283829719756,48.19965355056933],[-107.26284988862551,48.19961316087209],[-107.26262230387478,48.199604232300196]]]}"
00000000000000001456,6167,0,0,0,"{""type"":""Polygon"",""coordinates"":[[[-107.26265174893784,48.1995143599105],[-107.26264846180246,48.19959034803489],[-107.26262210599194,48.19959980902869],[-107.26262230387478,48.199604232300196],[-107.26284988862551,48.19961316087209],[-107.2628496461511,48.19960866634472],[-107.2628458921224,48.19952392006125],[-107.26265174893784,48.1995143599105]]]}"
0000000000000000145c,6168,0,0,0,"{""type"":""Polygon"",""coordinates"":[[[-107.26266780218484,48.19942468015144],[-107.26266882348712,48.19944702593071],[-107.26265625522582,48.19946514094114],[-107.26265174893784,48.1995143599105],[-107.2628458921224,48.19952392006125],[-107.26283827033977,48.19950173390179],[-107.26285592560698,48.19944782791974],[-107.26285558705462,48.19943889442529],[-107.26266780218484,48.19942468015144]]]}"
00000000000000001453,6169,0,0,0,"{""type"":""Polygon"",""coordinates"":[[[-107.26267065466823,48.19933531981433],[-107.26266780218484,48.19942468015144],[-107.26285558705462,48.19943889442529],[-107.26285436772532,48.1994121253998],[-107.26286493760993,48.19934939014607],[-107.26267065466823,48.19933531981433]]]}"
0000000000000000144c,6170,0,0,0,"{""type"":""Polygon"",""coordinates"":[[[-107.26268000559803,48.19924581571917],[-107.26267394168292,48.1992593320592],[-107.26267065466823,48.19933531981433],[-107.26286493760993,48.19934939014607],[-107.26286435657602,48.199335962164355],[-107.26286337971388,48.199313687693184],[-107.26290128199048,48.199263766002424],[-107.26290108407146,48.19925934276093],[-107.26268000559803,48.19924581571917]]]}"
00000000000000001451,6171,0,0,0,"{""type"":""Polygon"",""coordinates"":[[[-107.2627159098459,48.19915127408487],[-107.26270940560414,48.1991558726785],[-107.2626976163406,48.199191838770666],[-107.26268000559803,48.19924581571917],[-107.26290108407146,48.19925934276093],[-107.2629005030223,48.19924591480272],[-107.26289928365206,48.199219145876654],[-107.26291131524287,48.199187674235866],[-107.26291757699491,48.19917858113559],[-107.2627159098459,48.19915127408487]]]}"
00000000000000001455,6172,0,0,0,"{""type"":""Polygon"",""coordinates"":[[[-107.2627520563663,48.19906122709217],[-107.26272187766384,48.19913331881472],[-107.2627159098459,48.19915127408487],[-107.26291757699491,48.19917858113559],[-107.26292310432598,48.19915170812487],[-107.2629360109496,48.199142526634375],[-107.26294779999324,48.1991065605521],[-107.2629605659415,48.19909286885945],[-107.2627520563663,48.19906122709217]]]}"
00000000000000001450,6173,0,0,0,"{""type"":""Polygon"",""coordinates"":[[[-107.2627817430627,48.19897585008141],[-107.26275738587749,48.19902993092561],[-107.2627581647818,48.19904778205509],[-107.2627520563663,48.19906122709217],[-107.2629605659415,48.19909286885945],[-107.26297313395258,48.199074753943236],[-107.26297157593508,48.19903905168087],[-107.26296991608218,48.199003365166995],[-107.2627817430627,48.19897585008141]]]}"
0000000000000000145b,6174,0,0,0,"{""type"":""Polygon"",""coordinates"":[[[-107.2627977956531,48.19888617123176],[-107.26278130268645,48.19896693239043],[-107.2627817430627,48.19897585008141],[-107.26296991608218,48.199003365166995],[-107.26296981998793,48.198998926223325],[-107.262995052017,48.198967135400295],[-107.26300708343601,48.198935663902034],[-107.26301290468892,48.19891765316042],[-107.2627977956531,48.19888617123176]]]}"
00000000000000001447,6175,0,0,0,"{""type"":""Polygon"",""coordinates"":[[[-107.2628205947912,48.19879638842452],[-107.26282137373305,48.19881423947358],[-107.26280332299818,48.19885929837639],[-107.2627977956531,48.19888617123176],[-107.26301290468892,48.19891765316042],[-107.26301653522555,48.198846144751826],[-107.26303594589118,48.19883236471942],[-107.26303570338915,48.19882787025968],[-107.2628205947912,48.19879638842452]]]}"
0000000000000000144d,6176,0,0,0,"{""type"":""Polygon"",""coordinates"":[[[-107.26282344095398,48.198711483804146],[-107.2628205947912,48.19879638842452],[-107.26303570338915,48.19882787025968],[-107.2630543349854,48.19879623918429],[-107.26307971320858,48.19876450399686],[-107.26308533645071,48.19874207011375],[-107.26282344095398,48.198711483804146]]]}"
00000000000000001449,6177,0,0,0,"{""type"":""Polygon"",""coordinates"":[[[-107.26274552904854,48.19861029507107],[-107.26275237172604,48.19861462987934],[-107.26276615892094,48.1986232837713],[-107.26277994612417,48.19863193766249],[-107.26282110411627,48.1986579307796],[-107.2628226620082,48.19869363278993],[-107.26282344095398,48.198711483804146],[-107.26308533645071,48.19874207011375],[-107.2630967865798,48.19869717092694],[-107.26312910357879,48.19867420948952],[-107.26312832448242,48.198656358494205],[-107.26274552904854,48.19861029507107]]]}"
00000000000000001428,6178,0,0,0,"{""type"":""Polygon"",""coordinates"":[[[-107.26277741143475,48.1985739615315],[-107.26272489919485,48.19859730636913],[-107.26273184369975,48.19860162545399],[-107.26274552904854,48.19861029507107],[-107.26312832448242,48.198656358494205],[-107.26313404950919,48.19863390893103],[-107.26312700880385,48.19862515096323],[-107.26312937490779,48.19852680313213],[-107.26277741143475,48.1985739615315]]]}"
00000000000000001448,6179,0,0,0,"{""type"":""Polygon"",""coordinates"":[[[-107.26308655669787,48.19846512407287],[-107.26303899061443,48.1984481686139],[-107.26300447734346,48.19842208729808],[-107.26298438397191,48.19842245518846],[-107.26277741143475,48.1985739615315],[-107.26312937490779,48.19852680313213],[-107.26313465943713,48.1984954360173],[-107.26308655669787,48.19846512407287]]]}"
0000000000000000144b,6180,0,0,0,"{""type"":""Polygon"",""coordinates"":[[[-107.26296680346296,48.19832453114556],[-107.2629267632418,48.198325322432225],[-107.26289278670177,48.19831259759354],[-107.2628732744725,48.19832639317856],[-107.26286036814663,48.19833557451117],[-107.26284726389719,48.198340332679145],[-107.26271121385851,48.19858863675091],[-107.26272489919485,48.19859730636913],[-107.26277741143475,48.1985739615315],[-107.26298438397191,48.19842245518846],[-107.26297103719197,48.19842271895647],[-107.26295031120722,48.198405291456275],[-107.26291653250674,48.19839698977753],[-107.26286236649892,48.19838019389083],[-107.26286114712103,48.198353425403326],[-107.26296088048014,48.19834255740359],[-107.2629942759926,48.1983418544971],[-107.26296680346296,48.19832453114556]]]}"
0000000000000000144e,6181,0,0,0,"{""type"":""Polygon"",""coordinates"":[[[-107.26283401325054,48.198345035315164],[-107.2627753415654,48.19837745729848],[-107.26273296463195,48.19832469581417],[-107.26263164302819,48.19845176199168],[-107.2626866896115,48.19848639325184],[-107.26270799644692,48.198517248611424],[-107.26272178359083,48.1985259024951],[-107.26270921570563,48.19854401718695],[-107.2626974266969,48.198579982855904],[-107.26271121385851,48.19858863675091],[-107.26284726389719,48.198340332679145],[-107.26283401325054,48.198345035315164]]]}"
0000000000000000144f,6182,0,0,0,"{""type"":""Polygon"",""coordinates"":[[[-107.26272612200812,48.19832036102695],[-107.26271199639889,48.198302773872626],[-107.26266579074856,48.19831709686677],[-107.26264482257471,48.198295174912204],[-107.26248205231028,48.19839219240516],[-107.26249583932334,48.198400846304104],[-107.26251646894208,48.19841383501291],[-107.26253709857956,48.19842682371999],[-107.26262480040205,48.19844742718688],[-107.26263164302819,48.19845176199168],[-107.26273296463195,48.19832469581417],[-107.26272612200812,48.19832036102695]]]}"
0000000000000000146a,6183,0,0,0,"{""type"":""Polygon"",""coordinates"":[[[-107.26258841652071,48.198229265174895],[-107.26258807801469,48.198220331884464],[-107.26239841686517,48.198313453343026],[-107.2624053612571,48.19831777243114],[-107.26246142272274,48.1983792036935],[-107.26248205231028,48.19839219240516],[-107.26264482257471,48.198295174912204],[-107.26258841652071,48.198229265174895]]]}"
00000000000000001441,6184,0,0,0,"{""type"":""Polygon"",""coordinates"":[[[-107.26255841000265,48.19815396605072],[-107.26254472488328,48.198145296476056],[-107.26228178236235,48.1982442632929],[-107.26234269407675,48.198260955412685],[-107.2623915743079,48.19830911853121],[-107.26239841686517,48.198313453343026],[-107.26258807801469,48.198220331884464],[-107.26258743978795,48.19820699116444],[-107.26255841000265,48.19815396605072]]]}"
00000000000000001452,6185,0,0,0,"{""type"":""Polygon"",""coordinates"":[[[-107.26250244466416,48.19809697397413],[-107.26246142822619,48.198075491094386],[-107.26224444923925,48.19815564040739],[-107.26225949958251,48.198191133971136],[-107.26228046738629,48.19821305597605],[-107.26228090764953,48.19822197354489],[-107.26228178236235,48.1982442632929],[-107.26254472488328,48.198145296476056],[-107.26250244466416,48.19809697397413]]]}"
00000000000000001444,6186,0,0,0,"{""type"":""Polygon"",""coordinates"":[[[-107.26244774317131,48.19806682151715],[-107.26244706043144,48.19805340957931],[-107.26238429752905,48.19799215400345],[-107.26217460178009,48.198085555359725],[-107.26222250498073,48.19811144443754],[-107.26224444923925,48.19815564040739],[-107.26246142822619,48.198075491094386],[-107.26244774317131,48.19806682151715]]]}"
0000000000000000146e,6187,0,0,0,"{""type"":""Polygon"",""coordinates"":[[[-107.26235658328987,48.19797033618352],[-107.26230188218048,48.19794018370601],[-107.26215638555921,48.19797429106542],[-107.2621785720594,48.19802298133523],[-107.2621722658412,48.19803200293137],[-107.26217935070916,48.19804083213547],[-107.26216047659686,48.198067968191644],[-107.26216775930529,48.198081220548566],[-107.26217460178009,48.198085555359725],[-107.26238429752905,48.19799215400345],[-107.26238405510266,48.19798765961166],[-107.26235658328987,48.19797033618352]]]}"
0000000000000000146f,6188,0,0,0,"{""type"":""Polygon"",""coordinates"":[[[-107.26212555702602,48.1978810701324],[-107.26213298025404,48.197898832554536],[-107.26212711428163,48.19791677164493],[-107.26215638555921,48.19797429106542],[-107.26230188218048,48.19794018370601],[-107.26229493787467,48.1979358646391],[-107.2623064845342,48.19789540507217],[-107.26231827358453,48.197859439916414],[-107.26212555702602,48.1978810701324]]]}"
0000000000000000145d,6189,0,0,0,"{""type"":""Polygon"",""coordinates"":[[[-107.26229608694227,48.197810749833295],[-107.26229477193193,48.19777954277371],[-107.26210137321213,48.19778776102229],[-107.26212555702602,48.1978810701324],[-107.26231827358453,48.197859439916414],[-107.26229608694227,48.197810749833295]]]}"
000000000000000014a3,6190,0,0,0,"{""type"":""Polygon"",""coordinates"":[[[-107.26209043989202,48.197689749601224],[-107.26209883952303,48.19772978577485],[-107.26209355435573,48.19776115239403],[-107.26210137321213,48.19778776102229],[-107.26229477193193,48.19777954277371],[-107.2622979186504,48.197699047171916],[-107.26209043989202,48.197689749601224]]]}"
00000000000000001438,6191,0,0,0,"{""type"":""Polygon"",""coordinates"":[[[-107.26210629531826,48.19759564992835],[-107.2620999891708,48.19760467144494],[-107.26208864026758,48.197649553876374],[-107.26209043989202,48.197689749601224],[-107.2622979186504,48.197699047171916],[-107.26229772079374,48.19769462405866],[-107.26228863824463,48.19764117609937],[-107.26229460592303,48.19762322137276],[-107.26210629531826,48.19759564992835]]]}"
0000000000000000143f,6192,0,0,0,"{""type"":""Polygon"",""coordinates"":[[[-107.26213549697026,48.1975012867892],[-107.26211842281262,48.19756861818324],[-107.26210629531826,48.19759564992835],[-107.26229460592303,48.19762322137276],[-107.26231750109012,48.19753787965509],[-107.26213549697026,48.1975012867892]]]}"
0000000000000000143e,6193,0,0,0,"{""type"":""Polygon"",""coordinates"":[[[-107.26219853309975,48.19741513865859],[-107.26213535640184,48.197496776714914],[-107.26213549697026,48.1975012867892],[-107.26231750109012,48.19753787965509],[-107.26232302845213,48.19751100751306],[-107.26234243847614,48.19749722798556],[-107.26234107884956,48.1974659498596],[-107.2623475827928,48.197461351445654],[-107.26219853309975,48.19741513865859]]]}"
0000000000000000143a,6194,0,0,0,"{""type"":""Polygon"",""coordinates"":[[[-107.26228111948018,48.197319721226755],[-107.26224880352757,48.19734268176323],[-107.26220503704072,48.19741054025878],[-107.26219853309975,48.19741513865859],[-107.2623475827928,48.197461351445654],[-107.2623667949184,48.19744314883514],[-107.26239314913252,48.1974336883383],[-107.26240527639212,48.197406656645825],[-107.26240503395967,48.19740216230406],[-107.26228111948018,48.197319721226755]]]}"
0000000000000000143d,6195,0,0,0,"{""type"":""Polygon"",""coordinates"":[[[-107.26239894433272,48.197263867891735],[-107.26238579592328,48.19726855463657],[-107.26232008570602,48.197292217824014],[-107.26229446576505,48.19731945757271],[-107.26228111948018,48.197319721226755],[-107.26240503395967,48.19740216230406],[-107.26245710412923,48.19736990078994],[-107.26246967164597,48.19735178654321],[-107.26248927944049,48.197342430112776],[-107.26239894433272,48.197263867891735]]]}"
00000000000000001439,6196,0,0,0,"{""type"":""Polygon"",""coordinates"":[[[-107.26258900974969,48.19733156278477],[-107.26261512143168,48.197317607915416],[-107.26250303963927,48.197199273789245],[-107.26239894433272,48.197263867891735],[-107.26248927944049,48.197342430112776],[-107.26252227811221,48.19733288124687],[-107.26254853042151,48.1973234364523],[-107.26256838065088,48.19731857434458],[-107.26258900974969,48.19733156278477]],[[-107.26256838065088,48.19731857434458],[-107.26258148452139,48.19731381631636],[-107.26257464210087,48.19730948159618],[-107.26256838065088,48.19731857434458]]]}"
00000000000000001431,6197,0,0,0,"{""type"":""Polygon"",""coordinates"":[[[-107.26271935741646,48.197257523562605],[-107.26270620900266,48.19726221035085],[-107.26269872828048,48.197244535169574],[-107.2627054300731,48.1972443598252],[-107.26261431561939,48.197147947470235],[-107.262594905833,48.19716172695553],[-107.26255598439853,48.19718930164923],[-107.26251594557834,48.197190092712034],[-107.26250303963927,48.197199273789245],[-107.26261512143168,48.197317607915416],[-107.2626543815288,48.197298966259574],[-107.26274032512907,48.1972794450818],[-107.26271935741646,48.197257523562605]]]}"
00000000000000001435,6198,0,0,0,"{""type"":""Polygon"",""coordinates"":[[[-107.26276607062823,48.197104747302625],[-107.26269239503621,48.1971017469033],[-107.26264022926107,48.19712956958197],[-107.26261431561939,48.197147947470235],[-107.2627054300731,48.1972443598252],[-107.26273226335499,48.197248342446194],[-107.26271935741646,48.197257523562605],[-107.26274032512907,48.1972794450818],[-107.26274682901689,48.19727484665846],[-107.26274629254328,48.19726149045682],[-107.26274551359408,48.197243639932225],[-107.26280496237248,48.19722906922351],[-107.26276607062823,48.197104747302625]]]}"
00000000000000001434,6199,0,0,0,"{""type"":""Polygon"",""coordinates"":[[[-107.26286580051993,48.197093879746596],[-107.26281275396956,48.19710386776197],[-107.26276607062823,48.197104747302625],[-107.26280496237248,48.19722906922351],[-107.26289110380479,48.1972139710088],[-107.26289780560538,48.1972137956509],[-107.26293957236226,48.19710131879225],[-107.26286580051993,48.197093879746596]]]}"
00000000000000001430,6200,0,0,0,"{""type"":""Polygon"",""coordinates"":[[[-107.2630542069049,48.19712588823299],[-107.26299373664673,48.19711811427233],[-107.2629800517159,48.197109444925005],[-107.26293957236226,48.19710131879225],[-107.26289780560538,48.1972137956509],[-107.26296589746889,48.197243754882535],[-107.2630962446078,48.19716971528516],[-107.2630542069049,48.19712588823299]]]}"
00000000000000001433,6201,0,0,0,"{""type"":""GeometryCollection"",""geometries"":[{""type"":""LineString"",""coordinates"":[[-107.26296591635624,48.197243737606286],[-107.26297259099587,48.19724360615379]]},{""type"":""Polygon"",""coordinates"":[[[-107.2631511883034,48.197204361188874],[-107.26313066077444,48.19719135718349],[-107.263103087105,48.197174049954754],[-107.2630962446078,48.19716971528516],[-107.2629725992801,48.197243579519046],[-107.26300109264683,48.197283247386224],[-107.26301497559203,48.19729633983312],[-107.26303540698959,48.19730490508885],[-107.26303618607884,48.197322755628235],[-107.26317283936783,48.197239694298766],[-107.2631511883034,48.197204361188874]]]}]}"
00000000000000001422,6202,0,0,0,"{""type"":""Polygon"",""coordinates"":[[[-107.26316538753753,48.197373829223295],[-107.2632686016971,48.197291399352146],[-107.26322764257397,48.19726983014926],[-107.2632070131367,48.19725684187007],[-107.26317954119284,48.197239518920505],[-107.26317283936783,48.197239694298766],[-107.26303618607884,48.197322755628235],[-107.26305128861367,48.19736261604377],[-107.26310535725877,48.19737497272537],[-107.26312612738957,48.197392471115826],[-107.26314573518518,48.197383114544074],[-107.26315179858433,48.197369598667564],[-107.26316538753753,48.197373829223295]],[[-107.26315179858433,48.197369598667564],[-107.26314475808236,48.197360840905596],[-107.26313160962181,48.19736552776248],[-107.26315179858433,48.197369598667564]]]}"
00000000000000001440,6203,0,0,0,"{""type"":""Polygon"",""coordinates"":[[[-107.26333655355997,48.197316848293276],[-107.26328909047608,48.19729987757312],[-107.2632686016971,48.197291399352146],[-107.26316538753753,48.197373829223295],[-107.26322659297583,48.19739938240753],[-107.263287944932,48.19742499109098],[-107.26337052954499,48.19732957274904],[-107.26333655355997,48.197316848293276]]]}"
00000000000000001442,6204,0,0,0,"{""type"":""Polygon"",""coordinates"":[[[-107.2634520260832,48.197359180890174],[-107.26343823906168,48.19735052729948],[-107.26338431653303,48.197338226346886],[-107.26337052954499,48.19732957274904],[-107.263287944932,48.19742499109098],[-107.26330813397857,48.19742906196564],[-107.26334973187188,48.19746397170933],[-107.26339739320903,48.19748536553527],[-107.26347949832052,48.19737650379359],[-107.2634520260832,48.197359180890174]]]}"
00000000000000001443,6205,0,0,0,"{""type"":""Polygon"",""coordinates"":[[[-107.26356073986479,48.19740177575654],[-107.26352036164027,48.19739363411706],[-107.26350701515449,48.19739389794699],[-107.26347949832052,48.19737650379359],[-107.26339739320903,48.19748536553527],[-107.26340433764975,48.19748968448217],[-107.26343122865838,48.19749357993718],[-107.2634720474936,48.19751063906401],[-107.26352581690531,48.1975185881602],[-107.26359447350693,48.19741000581174],[-107.26356073986479,48.19740177575654]]]}"
0000000000000000142a,6206,0,0,0,"{""type"":""Polygon"",""coordinates"":[[[-107.26367499317298,48.19741734014511],[-107.26359447350693,48.19741000581174],[-107.26352581690531,48.1975185881602],[-107.26353936144706,48.19752274741791],[-107.26361988129469,48.197530081808566],[-107.26366070034096,48.19754714086161],[-107.26370877146118,48.19742564141344],[-107.26367499317298,48.19741734014511]]]}"
0000000000000000142e,6207,0,0,0,"{""type"":""Polygon"",""coordinates"":[[[-107.26380341728714,48.19745056234528],[-107.26370877146118,48.19742564141344],[-107.26366070034096,48.19754714086161],[-107.26366778559988,48.197555969864865],[-107.26371608605437,48.19759070410105],[-107.26386584387238,48.19750288314505],[-107.26380341728714,48.19745056234528]],[[-107.2637904095522,48.197459759364655],[-107.26377022032761,48.19745568859356],[-107.26377750364367,48.1974689406593],[-107.2637904095522,48.197459759364655]]]}"
00000000000000001424,6208,0,0,0,"{""type"":""Polygon"",""coordinates"":[[[-107.26390040185723,48.19752903494639],[-107.26386584387238,48.19750288314505],[-107.26371608605437,48.19759070410105],[-107.26371642484568,48.19759963727375],[-107.26371744685315,48.197621982251704],[-107.26379850395895,48.197642672775686],[-107.26383228252107,48.197650974029045],[-107.26392239281498,48.19757330124414],[-107.26390040185723,48.19752903494639]]]}"
00000000000000001446,6209,0,0,0,"{""type"":""Polygon"",""coordinates"":[[[-107.26400267056249,48.1975761409596],[-107.26398932394248,48.1975764048609],[-107.26396927538238,48.197576844198245],[-107.26395592876686,48.197577108094784],[-107.26392239281498,48.19757330124414],[-107.26383228252107,48.197650974029045],[-107.26390732118679,48.19768525171253],[-107.26394105528729,48.19769348167851],[-107.26398245627936,48.19772396818628],[-107.26401601718429,48.1975758770564],[-107.26400267056249,48.1975761409596]]]}"
0000000000000000142b,6210,0,0,0,"{""type"":""GeometryCollection"",""geometries"":[{""type"":""LineString"",""coordinates"":[[-107.26398246930617,48.19772395895314],[-107.26398266510444,48.19772840068375]]},{""type"":""Polygon"",""coordinates"":[[[-107.26415104275452,48.197608939140856],[-107.26401601718429,48.1975758770564],[-107.26398245627936,48.19772396818628],[-107.26398246930617,48.19772395895314],[-107.26401487397474,48.19770099117768],[-107.26402875757547,48.197714083564925],[-107.26404860815356,48.19770922110633],[-107.26408942778066,48.19772628002023],[-107.26416438940922,48.19760867521604],[-107.26415104275452,48.197608939140856]]]}]}"
00000000000000001427,6211,0,0,0,"{""type"":""Polygon"",""coordinates"":[[[-107.264237626583,48.19760275701093],[-107.26420442938411,48.19760788343018],[-107.2641844825932,48.197608307089126],[-107.26416438940922,48.19760867521604],[-107.26408942778066,48.19772628002023],[-107.26413024746309,48.19774333892088],[-107.26415772049054,48.1977606617362],[-107.26419864210398,48.197777704891166],[-107.26420528683143,48.19777761641361],[-107.26429912108412,48.19763287517911],[-107.264237626583,48.19760275701093]]]}"
00000000000000001445,6212,0,0,0,"{""type"":""Polygon"",""coordinates"":[[[-107.26433994086028,48.19764993395804],[-107.26429912108412,48.19763287517911],[-107.26420528683143,48.19777761641361],[-107.2642261152081,48.197795027696245],[-107.26425314759379,48.19780343302007],[-107.26429401207292,48.19782056312333],[-107.26435468271536,48.1978327594245],[-107.26437531311755,48.19784574757426],[-107.26437964200197,48.19764020892068],[-107.26433994086028,48.19764993395804]]]}"
00000000000000001465,6213,0,0,0,"{""type"":""Polygon"",""coordinates"":[[[-107.26441910046003,48.19762598951934],[-107.2644060927221,48.19763518665276],[-107.26437964200197,48.19764020892068],[-107.26437531311755,48.19784574757426],[-107.26438215597823,48.19785008219896],[-107.26445583457604,48.197853081267795],[-107.26456842928965,48.19783295899694],[-107.26460186947926,48.197832326788244],[-107.26462812223615,48.19782288132432],[-107.26441910046003,48.19762598951934]]]}"
0000000000000000144a,6214,0,0,0,"{""type"":""Polygon"",""coordinates"":[[[-107.26445816266624,48.197602923916655],[-107.26441910046003,48.19762598951934],[-107.26462812223615,48.19782288132432],[-107.26464113002189,48.19781368412691],[-107.26468063325291,48.19779953581908],[-107.2646984832957,48.19775005442657],[-107.26471486980441,48.19766931064273],[-107.26445816266624,48.197602923916655]]]}"
00000000000000001475,6215,0,0,0,"{""type"":""Polygon"",""coordinates"":[[[-107.26447577015189,48.197548948403885],[-107.26447106855471,48.19759374250772],[-107.26445816266624,48.197602923916655],[-107.26471486980441,48.19766931064273],[-107.26472689946485,48.19763783974704],[-107.26472631770916,48.197624412230134],[-107.26473888453721,48.1976062976165],[-107.26473746559664,48.19757510649021],[-107.26473590576798,48.19753940531631],[-107.26447577015189,48.197548948403885]]]}"
00000000000000001426,6216,0,0,0,"{""type"":""Polygon"",""coordinates"":[[[-107.2647064317763,48.19747746418916],[-107.26467857492551,48.197451137237415],[-107.26467813406516,48.19744221982489],[-107.26449230336776,48.197468260484854],[-107.26448105340029,48.19751758182829],[-107.26447577015189,48.197548948403885],[-107.26473590576798,48.19753940531631],[-107.26474182783913,48.197521379246076],[-107.2647064317763,48.19747746418916]]]}"
0000000000000000142c,6217,0,0,0,"{""type"":""Polygon"",""coordinates"":[[[-107.26461400526792,48.19734968855073],[-107.2644753967415,48.19738820484844],[-107.26449084006563,48.19743699817873],[-107.26449230336776,48.197468260484854],[-107.26467813406516,48.19744221982489],[-107.26468410070645,48.19742426504372],[-107.26461400526792,48.19734968855073]]]}"
0000000000000000141c,6218,0,0,0,"{""type"":""Polygon"",""coordinates"":[[[-107.26443155431511,48.19730418293014],[-107.26447437426154,48.19736585998947],[-107.2644753967415,48.19738820484844],[-107.26461400526792,48.19734968855073],[-107.26460686247809,48.197340946636416],[-107.26460530276393,48.197305245615816],[-107.26460980599407,48.197256028691335],[-107.26443155431511,48.19730418293014]]]}"
0000000000000000142d,6219,0,0,0,"{""type"":""Polygon"",""coordinates"":[[[-107.26456058391706,48.19719893463678],[-107.26456640415947,48.19718092441896],[-107.2643941195983,48.19721112380593],[-107.2644021829084,48.19724222624109],[-107.26441664820037,48.19726874588515],[-107.26443155431511,48.19730418293014],[-107.26460980599407,48.197256028691335],[-107.26460966511928,48.1972515186494],[-107.26456058391706,48.19719893463678]]]}"
00000000000000001429,6220,0,0,0,"{""type"":""Polygon"",""coordinates"":[[[-107.2643563851198,48.19711365749782],[-107.26437070948464,48.19713566705317],[-107.26437148923185,48.197153517507815],[-107.2643868360532,48.19719787185748],[-107.2643941195983,48.19721112380593],[-107.26456640415947,48.19718092441896],[-107.26459075771567,48.197126845101494],[-107.2643563851198,48.19711365749782]]]}"
0000000000000000141f,6221,0,0,0,"{""type"":""Polygon"",""coordinates"":[[[-107.26457375463191,48.19704235123166],[-107.26455244099652,48.19701595167532],[-107.2643394343299,48.19703353111282],[-107.26433967700373,48.19703802541219],[-107.26435458296228,48.19707346231826],[-107.26435604616464,48.197104724413755],[-107.2643563851198,48.19711365749782],[-107.26459075771567,48.197126845101494],[-107.26459628348236,48.19709997307825],[-107.26457375463191,48.19704235123166]]]}"
0000000000000000141d,6222,0,0,0,"{""type"":""Polygon"",""coordinates"":[[[-107.26452462918066,48.19698969614902],[-107.2645241883521,48.196980778812915],[-107.26451006205201,48.196963192386825],[-107.26449417801018,48.19690548217111],[-107.2643033614187,48.19697175016131],[-107.26432555080115,48.19702043893741],[-107.2643394343299,48.19703353111282],[-107.26455244099652,48.19701595167532],[-107.26452462918066,48.19698969614902]]]}"
00000000000000001420,6223,0,0,0,"{""type"":""Polygon"",""coordinates"":[[[-107.26448675360714,48.1968877202955],[-107.26442432665887,48.19683540051822],[-107.26442388585292,48.19682648320714],[-107.26441704316042,48.196822148665184],[-107.26425311795234,48.19689231156844],[-107.26428092942609,48.19691856713365],[-107.26428161286316,48.19693197875251],[-107.26429607795153,48.196958498264095],[-107.2643033614187,48.19697175016131],[-107.26449417801018,48.19690548217111],[-107.26448675360714,48.1968877202955]]]}"
00000000000000001423,6224,0,0,0,"{""type"":""Polygon"",""coordinates"":[[[-107.26437495906517,48.19677825127446],[-107.26435354946773,48.19674741304966],[-107.26433336043341,48.196743342447085],[-107.26418966916476,48.19681764698844],[-107.26419651181254,48.196821981547366],[-107.26421063786789,48.19683956797878],[-107.26425311795234,48.19689231156844],[-107.26441704316042,48.196822148665184],[-107.26437495906517,48.19677825127446]]]}"
0000000000000000140f,6225,0,0,0,"{""type"":""GeometryCollection"",""geometries"":[{""type"":""LineString"",""coordinates"":[[-107.26408682064995,48.196757161635965],[-107.26409347219062,48.196757030573174]]},{""type"":""Polygon"",""coordinates"":[[[-107.26432651777273,48.19673900790468],[-107.26425822655848,48.19670462693608],[-107.2642173060217,48.19668758412556],[-107.26409346499514,48.19675702604307],[-107.26409347219062,48.196757030573174],[-107.26413472439783,48.19678300195997],[-107.26417598387539,48.19680897787002],[-107.26418966916476,48.19681764698844],[-107.26433336043341,48.196743342447085],[-107.26432651777273,48.19673900790468]]]}]}"
00000000000000001407,6226,0,0,0,"{""type"":""GeometryCollection"",""geometries"":[{""type"":""LineString"",""coordinates"":[[-107.26421068664456,48.19668772641574],[-107.26421736120622,48.196687594892104]]},{""type"":""Polygon"",""coordinates"":[[[-107.26418299106983,48.196665927114026],[-107.26416236139193,48.19665293919478],[-107.26414173173274,48.1966399512738],[-107.26409431325084,48.19662305241998],[-107.26399892221593,48.19673208996896],[-107.26400576481214,48.19673642453578],[-107.26407283532187,48.19674403808206],[-107.26408686502268,48.196757185758194],[-107.264210706053,48.19668774384889],[-107.26418299106983,48.196665927114026]]]}]}"
00000000000000001406,6227,0,0,0,"{""type"":""Polygon"",""coordinates"":[[[-107.26397195424043,48.196576315361085],[-107.26390271876983,48.19667146891233],[-107.26392344453834,48.19668889564018],[-107.26399892221593,48.19673208996896],[-107.26409431325084,48.19662305241998],[-107.26397195424043,48.196576315361085]]]}"
00000000000000001421,6228,0,0,0,"{""type"":""Polygon"",""coordinates"":[[[-107.26395860798465,48.196576579243875],[-107.26391016759845,48.19653733579092],[-107.26387619192025,48.19652461170927],[-107.26377365835332,48.19662490697393],[-107.26379414701128,48.196633384983166],[-107.2638211783506,48.19664179027025],[-107.26388228730755,48.19666290394558],[-107.26390271876983,48.19667146891233],[-107.26397195424043,48.196576315361085],[-107.26395860798465,48.196576579243875]]]}"
0000000000000000140d,6229,0,0,0,"{""type"":""Polygon"",""coordinates"":[[[-107.26380095749603,48.19648591169277],[-107.2637534949761,48.19646894145496],[-107.2636647482203,48.196577889920285],[-107.2636715907254,48.196582224500574],[-107.26368537757051,48.196590877936316],[-107.26375322697476,48.19661634198514],[-107.26377365835332,48.19662490697393],[-107.26387619192025,48.19652461170927],[-107.26380095749603,48.19648591169277]]]}"
0000000000000000140a,6230,0,0,0,"{""type"":""Polygon"",""coordinates"":[[[-107.26374679325015,48.19646911686823],[-107.26370617329448,48.19645648117504],[-107.26363822241065,48.19643103288537],[-107.26363157796511,48.196431121314276],[-107.26354947553315,48.196539981168996],[-107.26361664708533,48.196547579301495],[-107.26365096138765,48.19656923648339],[-107.2636647482203,48.196577889920285],[-107.2637534949761,48.19646894145496],[-107.26374679325015,48.19646911686823]]]}"
0000000000000000140e,6231,0,0,0,"{""type"":""Polygon"",""coordinates"":[[[-107.26362487625458,48.19643129671851],[-107.26359774333906,48.19642290712738],[-107.2634571969398,48.196416716478744],[-107.2634690597167,48.196532631076956],[-107.26354947553315,48.196539981168996],[-107.26363157796511,48.196431121314276],[-107.26362487625458,48.19643129671851]]]}"
00000000000000001409,6232,0,0,0,"{""type"":""Polygon"",""coordinates"":[[[-107.2634571969398,48.196416716478744],[-107.26339697002477,48.196413437107935],[-107.26336299482615,48.196400712862356],[-107.2633149689934,48.196522281012584],[-107.2633551035978,48.196525928369425],[-107.26337519602141,48.19652556043873],[-107.26340859004408,48.19652485745008],[-107.263441926812,48.196524241425415],[-107.26345571354811,48.19653289488741],[-107.2634690597167,48.196532631076956],[-107.2634571969398,48.196416716478744]]]}"
00000000000000001432,6233,0,0,0,"{""type"":""Polygon"",""coordinates"":[[[-107.26334945072696,48.196396553656925],[-107.26330354725445,48.19641528365744],[-107.26324938363423,48.19639848855886],[-107.26317276252364,48.19648040513851],[-107.26318630660589,48.19648456437591],[-107.26324775321277,48.196514611412226],[-107.2633149689934,48.196522281012584],[-107.26336299482615,48.196400712862356],[-107.26334945072696,48.196396553656925]]]}"
00000000000000001410,6234,0,0,0,"{""type"":""Polygon"",""coordinates"":[[[-107.26320866232057,48.19638586838388],[-107.26318163148514,48.19637746295229],[-107.26315449884223,48.196369073237534],[-107.26312736621959,48.19636068351591],[-107.26305128733343,48.19645150147894],[-107.26308516052366,48.196464241575214],[-107.26317276252364,48.19648040513851],[-107.26324938363423,48.19639848855886],[-107.26320866232057,48.19638586838388]]]}"
00000000000000001418,6235,0,0,0,"{""type"":""Polygon"",""coordinates"":[[[-107.26309305260342,48.19633902621503],[-107.26302578579725,48.19632698900588],[-107.26300491445366,48.196309506654664],[-107.2629362589455,48.19641808629075],[-107.26294994362135,48.19642675553726],[-107.26305128733343,48.19645150147894],[-107.26312736621959,48.19636068351591],[-107.26309305260342,48.19633902621503]]]}"
0000000000000000142f,6236,0,0,0,"{""type"":""GeometryCollection"",""geometries"":[{""type"":""LineString"",""coordinates"":[[-107.2628965531503,48.19627591685177],[-107.26289635654425,48.19627145442478]]},{""type"":""Polygon"",""coordinates"":[[[-107.26299103184657,48.196296414442415],[-107.26293012252934,48.196279723294175],[-107.26291633608453,48.196271069790804],[-107.26289658822441,48.19627591613698],[-107.2628073999095,48.196375946188574],[-107.2629022395146,48.196405290620646],[-107.2629362589455,48.19641808629075],[-107.26300491445366,48.196309506654664],[-107.26299103184657,48.196296414442415]]]}]}"
00000000000000001417,6237,0,0,0,"{""type"":""Polygon"",""coordinates"":[[[-107.26283514251767,48.19624586898892],[-107.26280801015112,48.196237479190124],[-107.26278738149342,48.196224491054934],[-107.26269101229741,48.19631125330876],[-107.26270479866898,48.19631990685292],[-107.26273877332116,48.196332631325824],[-107.2627594981014,48.19635005821818],[-107.26277328451293,48.19635871175786],[-107.26280075553358,48.19637603455812],[-107.2628073999095,48.196375946188574],[-107.26289634572454,48.19627142189442],[-107.26283514251767,48.19624586898892]]]}"
00000000000000001436,6238,0,0,0,"{""type"":""Polygon"",""coordinates"":[[[-107.26278053922069,48.19622015643511],[-107.26276675285442,48.19621150291804],[-107.26274598357935,48.1961940048195],[-107.26268511926241,48.19617738478883],[-107.26267827701754,48.19617305016488],[-107.26258146746798,48.19625089499085],[-107.26262228421874,48.19626795413034],[-107.26269101229741,48.19631125330876],[-107.26278738149342,48.196224491054934],[-107.26278053922069,48.19622015643511]]]}"
00000000000000001437,6239,0,0,0,"{""type"":""Polygon"",""coordinates"":[[[-107.26265686953145,48.196142211861634],[-107.26262939878376,48.196124889089994],[-107.26261483359129,48.19609838542523],[-107.26260168560486,48.19610307208544],[-107.26249138964647,48.196176670436344],[-107.26254710991431,48.19622916627211],[-107.26258146746798,48.19625089499085],[-107.26267827701754,48.19617305016488],[-107.26265686953145,48.196142211861634]]]}"
00000000000000001419,6240,0,0,0,"{""type"":""GeometryCollection"",""geometries"":[{""type"":""LineString"",""coordinates"":[[-107.26258853337484,48.196107796852246],[-107.2626016857831,48.196103071567244]]},{""type"":""Polygon"",""coordinates"":[[[-107.26256062658685,48.19608151875733],[-107.2625327156029,48.19605527877409],[-107.26251859086673,48.19603769232357],[-107.26251199113179,48.19603785192223],[-107.26238198637083,48.19612082197552],[-107.2624295043753,48.19613770585003],[-107.2624771630695,48.19615909966248],[-107.26249138964647,48.196176670436344],[-107.262588537617,48.19610775874432],[-107.26256062658685,48.19608151875733]]]}]}"
0000000000000000143b,6241,1,0,0,"{""type"":""Polygon"",""coordinates"":[[[-107.26247127078692,48.19602523149611],[-107.26242889676887,48.19597247215397],[-107.26229205003759,48.19605110734356],[-107.26229307122529,48.19607345170215],[-107.26235471372502,48.196107922105874],[-107.26238198637083,48.19612082197552],[-107.26251199113179,48.19603785192223],[-107.26247127078692,48.19602523149611]]]}"
00000000000000001415,6242,0,0,0,"{""type"":""Polygon"",""coordinates"":[[[-107.26242205460876,48.19596813752643],[-107.26240739359179,48.1959371952152],[-107.26234570671474,48.195902653700514],[-107.26220861779045,48.19597679444054],[-107.26223633053019,48.19599861151751],[-107.26226424117387,48.19602485156738],[-107.26229171157001,48.1960421744196],[-107.26229205003759,48.19605110734356],[-107.26242889676887,48.19597247215397],[-107.26242205460876,48.19596813752643]]]}"
00000000000000001414,6243,0,0,0,"{""type"":""Polygon"",""coordinates"":[[[-107.26232532093059,48.19589415975038],[-107.2622759588255,48.19583701030688],[-107.26213823781836,48.195893356299294],[-107.2621385762508,48.195902289199516],[-107.26217410754005,48.19595071397029],[-107.26220861779045,48.19597679444054],[-107.26234570671474,48.195902653700514],[-107.26232532093059,48.19589415975038]]]}"
0000000000000000143c,6244,0,0,0,"{""type"":""Polygon"",""coordinates"":[[[-107.26224066987815,48.1957930798852],[-107.26223236634127,48.195757483863986],[-107.26208085968254,48.195805176141896],[-107.26213779756027,48.195884439122935],[-107.26213823781836,48.195893356299294],[-107.2622759588255,48.19583701030688],[-107.26224066987815,48.1957930798852]]]}"
000000000000000013c0,6245,0,0,0,"{""type"":""Polygon"",""coordinates"":[[[-107.26224283949043,48.195690314370566],[-107.26206318043705,48.195707272431115],[-107.26208061728079,48.195800681934855],[-107.26208085968254,48.195805176141896],[-107.26223236634127,48.195757483863986],[-107.26223183002155,48.195744128039365],[-107.26225012185603,48.195703566133204],[-107.26224283949043,48.195690314370566]]]}"
00000000000000001413,6246,0,0,0,"{""type"":""GeometryCollection"",""geometries"":[{""type"":""LineString"",""coordinates"":[[-107.26201273566924,48.195623374320505],[-107.26201941010281,48.19562324292663]]},{""type"":""Polygon"",""coordinates"":[[[-107.26223453596411,48.19565471841856],[-107.26221337162616,48.19562837449183],[-107.26219216276287,48.19560195932144],[-107.26218532071228,48.19559762470467],[-107.2620194480652,48.195623236155335],[-107.26205511949675,48.19567617064359],[-107.26206318043705,48.195707272431115],[-107.26224283949043,48.195690314370566],[-107.26223453596411,48.19565471841856]]]}]}"
00000000000000001403,6247,0,0,0,"{""type"":""Polygon"",""coordinates"":[[[-107.26217803839195,48.19558437296255],[-107.26217759812015,48.1955754558389],[-107.26217021977553,48.1955577654448],[-107.26217604068222,48.195539755914844],[-107.26216841992951,48.19551757135002],[-107.26196857423884,48.19553045814867],[-107.2619573220898,48.195579777441615],[-107.26197839015383,48.19560168274601],[-107.26201274661392,48.195623411437765],[-107.26218532071228,48.19559762470467],[-107.26217803839195,48.19558437296255]]]}"
000000000000000013ff,6248,0,0,0,"{""type"":""Polygon"",""coordinates"":[[[-107.26215254032766,48.19545986221436],[-107.26215802277711,48.19543291989725],[-107.26193754981081,48.195432818495505],[-107.26193774763941,48.19543724142075],[-107.26195265042166,48.195472677705915],[-107.26197463761481,48.19551694282132],[-107.26196857423884,48.19553045814867],[-107.26216841992951,48.19551757135002],[-107.26215254032766,48.19545986221436]]]}"
00000000000000001401,6249,0,0,0,"{""type"":""Polygon"",""coordinates"":[[[-107.2621403433894,48.195335016894546],[-107.2619274916045,48.19535709994932],[-107.26193677120528,48.195414968573864],[-107.26193754981081,48.195432818495505],[-107.26215802277711,48.19543291989725],[-107.26215524636766,48.19537045307468],[-107.2621403433894,48.195335016894546]]]}"
00000000000000001402,6250,0,0,0,"{""type"":""Polygon"",""coordinates"":[[[-107.262118158192,48.19528632906147],[-107.26212378121214,48.195263896718004],[-107.26209573064469,48.19523314710815],[-107.26191103169235,48.195285963973255],[-107.26191147190258,48.19529488105079],[-107.2619274916045,48.19535709994932],[-107.2621403433894,48.195335016894546],[-107.262118158192,48.19528632906147]]]}"
000000000000000013fd,6251,0,0,0,"{""type"":""Polygon"",""coordinates"":[[[-107.26208184886225,48.19522005501042],[-107.26204607592955,48.19516713670317],[-107.26200559927514,48.1951590104071],[-107.26183488423095,48.19522490342865],[-107.2618556523706,48.19524240143191],[-107.26189026349151,48.19526846596908],[-107.26191103169235,48.195285963973255],[-107.26209573064469,48.19523314710815],[-107.26208184886225,48.19522005501042]]]}"
00000000000000001412,6252,0,0,0,"{""type"":""Polygon"",""coordinates"":[[[-107.2619852140368,48.19515051649055],[-107.26196400562769,48.1951241014973],[-107.26197006892355,48.195110586276286],[-107.26194866271628,48.19507974840325],[-107.26176416245312,48.1951369877106],[-107.26176494098213,48.19515483754161],[-107.26183488423095,48.19522490342865],[-107.26200559927514,48.1951590104071],[-107.2619852140368,48.19515051649055]]]}"
000000000000000013bf,6253,0,0,0,"{""type"":""Polygon"",""coordinates"":[[[-107.26194128457374,48.19506205815253],[-107.26193220282804,48.1950086128039],[-107.26171945512742,48.19503067948177],[-107.26172673715864,48.19504393112704],[-107.26176260539474,48.19510128806668],[-107.26176416245312,48.1951369877106],[-107.26194866271628,48.19507974840325],[-107.26194128457374,48.19506205815253]]]}"
00000000000000001404,6254,0,0,0,"{""type"":""Polygon"",""coordinates"":[[[-107.26172788704247,48.19491882315971],[-107.26171609872385,48.19495478622149],[-107.26170431038038,48.19499074930694],[-107.26171945512742,48.19503067948177],[-107.26193220282804,48.1950086128039],[-107.26194374859865,48.19496815554612],[-107.26198291011984,48.194945076453365],[-107.26172788704247,48.19491882315971]]]}"
000000000000000013fc,6255,0,0,0,"{""type"":""Polygon"",""coordinates"":[[[-107.26184332372635,48.19480935281943],[-107.2617781542462,48.19484637001814],[-107.26173981587871,48.19488736997387],[-107.26172788704247,48.19491882315971],[-107.26198291011984,48.194945076453365],[-107.26199527902045,48.194922540238174],[-107.26184332372635,48.19480935281943]]]}"
000000000000000013f7,6256,0,0,0,"{""type"":""Polygon"",""coordinates"":[[[-107.26197424323328,48.194748745196705],[-107.26196109575528,48.19475343163651],[-107.26192164060417,48.19476764917021],[-107.26188214088285,48.19478179544147],[-107.2618499677529,48.19480926452763],[-107.26184332372635,48.19480935281943],[-107.26199527902045,48.194922540238174],[-107.2620010998694,48.19490453093697],[-107.26202779062287,48.19490400377506],[-107.2620806358677,48.19488959381825],[-107.26197424323328,48.194748745196705]]]}"
000000000000000013fb,6257,0,0,0,"{""type"":""Polygon"",""coordinates"":[[[-107.26212598781515,48.194705548268225],[-107.26209963561807,48.194715008151775],[-107.26203994875235,48.19472508350498],[-107.26199409200028,48.194743883481884],[-107.26197424323328,48.194748745196705],[-107.2620806358677,48.19488959381825],[-107.26211358769308,48.19487997434403],[-107.26216012731453,48.194874585387346],[-107.26212598781515,48.194705548268225]]]}"
000000000000000013f2,6258,0,0,0,"{""type"":""Polygon"",""coordinates"":[[[-107.26216538564498,48.19469141764074],[-107.26212598781515,48.194705548268225],[-107.26216012731453,48.194874585387346],[-107.26217347270216,48.19487432178509],[-107.26219346215446,48.19487396986434],[-107.2622397593713,48.1948640867427],[-107.26226611168363,48.194854626791056],[-107.26227945707915,48.194854363173974],[-107.26227200766556,48.19468479895134],[-107.26216538564498,48.19469141764074]]]}"
000000000000000013fe,6259,0,0,0,"{""type"":""Polygon"",""coordinates"":[[[-107.26240668029364,48.19470892934732],[-107.26231248399283,48.194692925070385],[-107.26229869833784,48.19468427171837],[-107.26227200766556,48.19468479895134],[-107.26227945707915,48.194854363173974],[-107.26228620296796,48.194854259128796],[-107.26230614787559,48.19485383593409],[-107.26240034456781,48.19486984025608],[-107.26240709046822,48.194869736202094],[-107.26241332434272,48.19470884101614],[-107.26240668029364,48.19470892934732]]]}"
000000000000000013f5,6260,0,0,0,"{""type"":""Polygon"",""coordinates"":[[[-107.2625409574845,48.19472421383019],[-107.2624604002862,48.194716807491645],[-107.26244705491446,48.19471707113261],[-107.26241332434272,48.19470884101614],[-107.26240709046822,48.194869736202094],[-107.26244712673662,48.19486894528417],[-107.26247381759121,48.19486841799605],[-107.26250050845303,48.194867890700344],[-107.26251385388665,48.19486762704963],[-107.26256100419877,48.19472377486164],[-107.2625409574845,48.19472421383019]]]}"
000000000000000013f3,6261,0,0,0,"{""type"":""Polygon"",""coordinates"":[[[-107.2626756308324,48.19474834384865],[-107.26263515420226,48.19474021788186],[-107.26259477943067,48.19473207617594],[-107.2625676482616,48.194723686519396],[-107.26256100419877,48.19472377486164],[-107.26251385388665,48.19486762704963],[-107.26252059979488,48.194867522987465],[-107.26256801456856,48.19488442215072],[-107.26260829339381,48.19488812528919],[-107.26270916366929,48.1947521510101],[-107.2626756308324,48.19474834384865]]]}"
00000000000000001400,6262,0,0,0,"{""type"":""Polygon"",""coordinates"":[[[-107.26282320955934,48.19476329300689],[-107.26277652915915,48.19476417243906],[-107.26272945292253,48.19475620611884],[-107.26270916366929,48.1947521510101],[-107.26260829339381,48.19488812528919],[-107.26264182632322,48.194891932481895],[-107.26266851724971,48.19489140513759],[-107.26270234995908,48.19489961946231],[-107.26272311854258,48.19491711715886],[-107.26273666195456,48.194921276353526],[-107.26284359497687,48.194771786678665],[-107.26282320955934,48.19476329300689]]]}"
00000000000000001416,6263,0,0,0,"{""type"":""Polygon"",""coordinates"":[[[-107.26289746179637,48.19477972010374],[-107.26288411633989,48.19477998380791],[-107.26286402496741,48.194780351597025],[-107.26285067951547,48.19478061529643],[-107.26284359497687,48.194771786678665],[-107.26273666195456,48.194921276353526],[-107.26276359542051,48.1949252431095],[-107.26278422338974,48.19493823094766],[-107.26283144056967,48.19495070711438],[-107.26290613364111,48.19497605126647],[-107.26293282470324,48.1949755238444],[-107.26289746179637,48.19477972010374]]]}"
0000000000000000140c,6264,0,0,0,"{""type"":""Polygon"",""coordinates"":[[[-107.2629905413841,48.1947689414201],[-107.26291740679324,48.19477929678037],[-107.26289746179637,48.19477972010374],[-107.26293282470324,48.1949755238444],[-107.26295971372826,48.19497941929631],[-107.26299280642772,48.19497430935341],[-107.26301949751324,48.194973781906675],[-107.26309219204371,48.194954509410536],[-107.26311830192147,48.194940555078325],[-107.2629905413841,48.1947689414201]]]}"
000000000000000013f4,6265,0,0,0,"{""type"":""Polygon"",""coordinates"":[[[-107.26310962892411,48.194744224095984],[-107.26302383186515,48.1947682543551],[-107.26300388685172,48.1947686777009],[-107.2629905413841,48.1947689414201],[-107.26311830192147,48.194940555078325],[-107.26313144949225,48.19493586846109],[-107.26324296083737,48.19488903791851],[-107.26310962892411,48.194744224095984]]]}"
0000000000000000140b,6266,0,0,0,"{""type"":""Polygon"",""coordinates"":[[[-107.26318110325647,48.19469818500578],[-107.26316169493029,48.19471196392931],[-107.26314218477029,48.194725758575785],[-107.26311627303005,48.19474413571464],[-107.26310962892411,48.194744224095984],[-107.26324296083737,48.19488903791851],[-107.26325606383156,48.19488428003938],[-107.26329356462315,48.194825516785436],[-107.26335917423006,48.19479741556166],[-107.26318110325647,48.19469818500578]]]}"
00000000000000001408,6267,0,0,0,"{""type"":""Polygon"",""coordinates"":[[[-107.26327238173339,48.194647212684366],[-107.26322642325025,48.19466602894295],[-107.26318760663719,48.19469358679023],[-107.26318110325647,48.19469818500578],[-107.26335917423006,48.19479741556166],[-107.2633656776203,48.194792817325165],[-107.26337800125279,48.19477020976517],[-107.26341647913051,48.194733719109074],[-107.2634290452907,48.19471560567555],[-107.26344161143953,48.19469749224689],[-107.26327238173339,48.194647212684366]]]}"
00000000000000001411,6268,0,0,0,"{""type"":""GeometryCollection"",""geometries"":[{""type"":""LineString"",""coordinates"":[[-107.26327236656711,48.19464724831074],[-107.26327902909527,48.1946471170776]]},{""type"":""Polygon"",""coordinates"":[[[-107.26330886036659,48.1945661059932],[-107.26330337887353,48.19459304790943],[-107.26329125327409,48.194620078232816],[-107.26327902909527,48.1946471170776],[-107.26327902583365,48.19464712429207],[-107.26344161143953,48.19469749224689],[-107.26345339820821,48.194661529187826],[-107.26347930981758,48.19464315199005],[-107.26349143531496,48.19461612163369],[-107.26349774064096,48.19460710055716],[-107.26330886036659,48.1945661059932]]]}]}"
000000000000000013ed,6269,0,0,0,"{""type"":""Polygon"",""coordinates"":[[[-107.26333829875114,48.194476242137036],[-107.26333883550373,48.194489597623765],[-107.2633269525302,48.19452112198757],[-107.26330886036659,48.1945661059932],[-107.26349774064096,48.19460710055716],[-107.26350356079432,48.1945890912901],[-107.26352757472883,48.19452608226304],[-107.26333829875114,48.194476242137036]]]}"
000000000000000013f6,6270,0,0,0,"{""type"":""Polygon"",""coordinates"":[[[-107.26338069904466,48.194377110781055],[-107.26336769242062,48.194386307179634],[-107.26332887616455,48.19441386492898],[-107.26333829875114,48.194476242137036],[-107.26352757472883,48.19452608226304],[-107.26357895706639,48.19448041100431],[-107.26359132503603,48.194457874805444],[-107.26338069904466,48.194377110781055]]]}"
000000000000000013f1,6271,0,0,0,"{""type"":""Polygon"",""coordinates"":[[[-107.26346449591463,48.19430846446354],[-107.26345217250484,48.19433107183128],[-107.26338069904466,48.194377110781055],[-107.26359132503603,48.194457874805444],[-107.2636035522154,48.194430828809985],[-107.26361665504862,48.19442607092701],[-107.26362902297913,48.19440353474748],[-107.26364158893738,48.19438542140453],[-107.26364809223585,48.19438082318713],[-107.26346449591463,48.19430846446354]]]}"
000000000000000013ea,6272,0,0,0,"{""type"":""Polygon"",""coordinates"":[[[-107.26354145046241,48.19423548376075],[-107.26352844390796,48.19424468015467],[-107.26350297321987,48.19427197410646],[-107.26347706189306,48.19429035117425],[-107.26346449591463,48.19430846446354],[-107.26364809223585,48.19438082318713],[-107.26365337540885,48.19434945854103],[-107.2637056387217,48.19432162116207],[-107.26371126067744,48.19429918916252],[-107.26354145046241,48.19423548376075]]]}"
000000000000000013ec,6273,0,0,0,"{""type"":""Polygon"",""coordinates"":[[[-107.26361136464075,48.194153745897985],[-107.26359835812413,48.19416294228618],[-107.26356692110541,48.19420818981876],[-107.26354145046241,48.19423548376075],[-107.26371126067744,48.19429918916252],[-107.26372988917261,48.19426756074751],[-107.2637421161932,48.19424051483593],[-107.26377462692733,48.194221978042734],[-107.26361136464075,48.194153745897985]]]}"
000000000000000013eb,6274,0,0,0,"{""type"":""Polygon"",""coordinates"":[[[-107.26368807606406,48.194076271253465],[-107.26367531219341,48.19408996168938],[-107.26361136464075,48.194153745897985],[-107.26377462692733,48.194221978042734],[-107.26383319521713,48.19418511964738],[-107.26385852488127,48.194153315878275],[-107.26368807606406,48.194076271253465]]]}"
000000000000000013ca,6275,0,0,0,"{""type"":""Polygon"",""coordinates"":[[[-107.26373227668789,48.1940173333745],[-107.26369413863954,48.19406275621008],[-107.26368807606406,48.194076271253465],[-107.26385852488127,48.194153315878275],[-107.26388379724551,48.194121599094665],[-107.26390052742413,48.19404533934167],[-107.26373227668789,48.1940173333745]]]}"
000000000000000013e9,6276,0,0,0,"{""type"":""Polygon"",""coordinates"":[[[-107.26380130875448,48.193917762076325],[-107.26376249315702,48.193945319739726],[-107.2637318360154,48.1940084165328],[-107.26373227668789,48.1940173333745],[-107.26390052742413,48.19404533934167],[-107.26392653473857,48.1940314007723],[-107.2639395411723,48.19402220436466],[-107.26395244577955,48.19401302368058],[-107.26395841200224,48.193995070121225],[-107.26380130875448,48.193917762076325]]]}"
000000000000000013e8,6277,0,0,0,"{""type"":""Polygon"",""coordinates"":[[[-107.26387826204248,48.19384478167558],[-107.26387870275295,48.193853698488006],[-107.26386569637627,48.19386289485661],[-107.26385313069868,48.19388100804249],[-107.26383348030406,48.19389029284016],[-107.26380130875448,48.193917762076325],[-107.26395841200224,48.193995070121225],[-107.26398354336156,48.1939588436481],[-107.26401605380212,48.19394030687949],[-107.26402852317513,48.19391775514181],[-107.26387826204248,48.19384478167558]]]}"
000000000000000013e5,6278,0,0,0,"{""type"":""Polygon"",""coordinates"":[[[-107.26394153092969,48.19376313263977],[-107.26394162719176,48.19376757113806],[-107.26389058506005,48.19382217447134],[-107.26387826204248,48.19384478167558],[-107.26402852317513,48.19391775514181],[-107.264059716854,48.193868013693255],[-107.26407912456904,48.19385423482394],[-107.26409853227338,48.193840455954565],[-107.26394153092969,48.19376313263977]]]}"
000000000000000013ce,6279,0,0,0,"{""type"":""Polygon"",""coordinates"":[[[-107.26399785567425,48.19367716508902],[-107.26397976470304,48.19372214847176],[-107.26395385388527,48.19374052546393],[-107.26394153092969,48.19376313263977],[-107.26409853227338,48.193840455954565],[-107.26411163489976,48.19383569806248],[-107.26416942268378,48.193780990428294],[-107.26418902844621,48.193771634335036],[-107.26399785567425,48.19367716508902]]]}"
000000000000000013cc,6280,0,0,0,"{""type"":""Polygon"",""coordinates"":[[[-107.26402074400316,48.19359182951667],[-107.26401468161878,48.19360534445528],[-107.26400313841161,48.19364580085275],[-107.26400367542583,48.19365915611905],[-107.26399785567425,48.19367716508902],[-107.26418902844621,48.193771634335036],[-107.26419553160152,48.19376703613764],[-107.2642205607981,48.19373082549136],[-107.26423336897015,48.19371720633043],[-107.26425894072857,48.193689896766905],[-107.26402074400316,48.19359182951667]]]}"
000000000000000013d0,6281,0,0,0,"{""type"":""Polygon"",""coordinates"":[[[-107.2640385921962,48.19354235223693],[-107.26402074400316,48.19359182951667],[-107.26425894072857,48.193689896766905],[-107.26427150619115,48.19367178359894],[-107.26428441063368,48.19366260293535],[-107.2643079818746,48.19359067810147],[-107.2640385921962,48.19354235223693]]]}"
000000000000000013e3,6282,0,0,0,"{""type"":""Polygon"",""coordinates"":[[[-107.26409257723944,48.1934028373976],[-107.26408607414726,48.1934074355547],[-107.26407316977944,48.193416616145356],[-107.26405488094447,48.19345717656579],[-107.2640385921962,48.19354235223693],[-107.2643079818746,48.19359067810147],[-107.26434679690672,48.19356312041698],[-107.26436562269598,48.193535915094145],[-107.26409257723944,48.1934028373976]]]}"
000000000000000013dd,6283,0,0,0,"{""type"":""Polygon"",""coordinates"":[[[-107.26416952903563,48.193329857513035],[-107.26412455008553,48.19337094560593],[-107.26411164573524,48.19338012619497],[-107.26409257723944,48.1934028373976],[-107.26436562269598,48.193535915094145],[-107.26437178678322,48.19352238443026],[-107.26444985746744,48.19347618582801],[-107.26445616240643,48.193467164893136],[-107.26416952903563,48.193329857513035]]]}"
000000000000000013cd,6284,0,0,0,"{""type"":""Polygon"",""coordinates"":[[[-107.26425400612194,48.193274622640445],[-107.26423415795378,48.19327948467201],[-107.26416952903563,48.193329857513035],[-107.26445616240643,48.193467164893136],[-107.264501141284,48.19342607657183],[-107.26451292663714,48.19339011428466],[-107.26452583094986,48.19338093364089],[-107.26425400612194,48.193274622640445]]]}"
000000000000000013d2,6285,0,0,0,"{""type"":""Polygon"",""coordinates"":[[[-107.26431286710388,48.193246625840075],[-107.26429986099947,48.193255822154846],[-107.26426710854423,48.19326986478332],[-107.26425400612194,48.193274622640445],[-107.26452583094986,48.19338093364089],[-107.26455824444139,48.19335795844538],[-107.26458841435935,48.19328587425354],[-107.26460156135384,48.193281187596476],[-107.26431286710388,48.193246625840075]]]}"
000000000000000013dc,6286,0,0,0,"{""type"":""Polygon"",""coordinates"":[[[-107.2644755547415,48.193149702311985],[-107.26443615846766,48.193163833435385],[-107.26442335055248,48.193177452474096],[-107.26437055189669,48.193191934448656],[-107.26431286710388,48.193246625840075],[-107.26460156135384,48.193281187596476],[-107.26462747169523,48.193262810601446],[-107.2646402350355,48.1932491202669],[-107.2644755547415,48.193149702311985]]]}"
000000000000000013df,6287,0,0,0,"{""type"":""GeometryCollection"",""geometries"":[{""type"":""LineString"",""coordinates"":[[-107.26459313844394,48.193089283974416],[-107.26459294171255,48.19308482155017]]},{""type"":""Polygon"",""coordinates"":[[[-107.26468521351336,48.19320803203919],[-107.26467793047878,48.193194781104616],[-107.2647040834815,48.193180898089494],[-107.26459317984869,48.19308927012494],[-107.26454057944792,48.193108174882674],[-107.2644754138476,48.1931451926211],[-107.2644755547415,48.193149702311985],[-107.2646402350355,48.1932491202669],[-107.26464003686412,48.193244697539214],[-107.26465930322478,48.193226409029386],[-107.26465876596126,48.19321305388257],[-107.26468521351336,48.19320803203919]],[[-107.26465876596126,48.19321305388257],[-107.26465808231573,48.19319964321633],[-107.26464517808417,48.193208823844294],[-107.26465876596126,48.19321305388257]]]}]}"
000000000000000013d1,6288,0,0,0,"{""type"":""Polygon"",""coordinates"":[[[-107.26470366262367,48.19302009665962],[-107.26464480205541,48.193048093568976],[-107.26459298168193,48.19308484741044],[-107.2647040834815,48.193180898089494],[-107.26477628940263,48.19315263711878],[-107.26481060189374,48.19317429253957],[-107.26482374885194,48.19316960586291],[-107.26470366262367,48.19302009665962]]]}"
000000000000000013d5,6289,0,0,0,"{""type"":""Polygon"",""coordinates"":[[[-107.2648557405379,48.192985829357994],[-107.26482279014246,48.19299544939201],[-107.2647364148439,48.19300605395461],[-107.26470366262367,48.19302009665962],[-107.26482374885194,48.19316960586291],[-107.26487659212842,48.19315519489041],[-107.2649105655668,48.19316791786283],[-107.2648557405379,48.192985829357994]]]}"
000000000000000013d6,6290,0,0,0,"{""type"":""Polygon"",""coordinates"":[[[-107.2649551218035,48.19296602834269],[-107.26487583136587,48.19298546117838],[-107.26486248627403,48.192985725139344],[-107.2648557405379,48.192985829357994],[-107.2649105655668,48.19316791786283],[-107.26492435170626,48.19317657057897],[-107.2649507992745,48.19317154866549],[-107.26496472638449,48.19318471106765],[-107.26497167037665,48.19318902956078],[-107.26502218649331,48.19297364082967],[-107.2649551218035,48.19296602834269]]]}"
000000000000000013c8,6291,0,0,0,"{""type"":""Polygon"",""coordinates"":[[[-107.26513060971716,48.19300721124591],[-107.26507600795972,48.19298150153585],[-107.2650488767155,48.192973112860614],[-107.26502218649331,48.19297364082967],[-107.26497167037665,48.19318902956078],[-107.26497826977524,48.19318886981017],[-107.26499219690511,48.19320203221216],[-107.26502558850747,48.19320132876672],[-107.26517773011786,48.19301524738125],[-107.26513060971716,48.19300721124591]]]}"
000000000000000013db,6292,0,0,0,"{""type"":""Polygon"",""coordinates"":[[[-107.26523937249928,48.19304971393913],[-107.26519107526512,48.19301498337489],[-107.26517773011786,48.19301524738125],[-107.26502558850747,48.19320132876672],[-107.26509915668782,48.19320434302031],[-107.26510624168036,48.19321317119799],[-107.26531420653305,48.19307956498715],[-107.26523937249928,48.19304971393913]]]}"
000000000000000013da,6293,0,0,0,"{""type"":""GeometryCollection"",""geometries"":[{""type"":""LineString"",""coordinates"":[[-107.26538422469275,48.19315408332147],[-107.26539089753481,48.19315395176164]]},{""type"":""Polygon"",""coordinates"":[[[-107.2653496390805,48.193128001640325],[-107.26531420653305,48.19307956498715],[-107.26510624168036,48.19321317119799],[-107.2651131857049,48.19321748968238],[-107.26512628812213,48.19321273171327],[-107.26516690577284,48.193225366087766],[-107.26520738248607,48.19323349075186],[-107.26524115798792,48.19324179089395],[-107.26524819846819,48.1932505478195],[-107.26538422469275,48.19315408332147],[-107.26538425218695,48.19315406382361],[-107.2653496390805,48.193128001640325]]]}]}"
000000000000000013e2,6294,0,0,0,"{""type"":""Polygon"",""coordinates"":[[[-107.26543215333771,48.193179948933995],[-107.26540468249217,48.19316262793086],[-107.26539089617168,48.193153975290585],[-107.26524819846819,48.1932505478195],[-107.26527566925351,48.193267868897784],[-107.26532983059833,48.19328466191506],[-107.26535045920441,48.193297648782064],[-107.26536404730038,48.19330187872207],[-107.2654933552738,48.1932054987323],[-107.26543215333771,48.193179948933995]]]}"
000000000000000013e1,6295,0,0,0,"{""type"":""Polygon"",""coordinates"":[[[-107.26555518405296,48.19324454613174],[-107.26552810962583,48.19323607058982],[-107.26550019755149,48.19320983291116],[-107.2654933552738,48.1932054987323],[-107.26536404730038,48.19330187872207],[-107.26537108782922,48.19331063564735],[-107.26538477237561,48.19331930403986],[-107.26543277554913,48.193345173500944],[-107.26546611017964,48.193344556864716],[-107.26548649605853,48.19335304973534],[-107.26549333836027,48.1933573839262],[-107.26558251404249,48.19325735741887],[-107.26555518405296,48.19324454613174]]]}"
000000000000000013cb,6296,0,0,0,"{""type"":""Polygon"",""coordinates"":[[[-107.2656780743133,48.19330463353699],[-107.26561707025706,48.19328350654438],[-107.26558251404249,48.19325735741887],[-107.26549333836027,48.1933573839262],[-107.26556152936554,48.193387323471654],[-107.26558900048771,48.1934046444966],[-107.26560254412048,48.19340880316224],[-107.2656981209259,48.193304193927744],[-107.2656780743133,48.19330463353699]]]}"
000000000000000013de,6297,0,0,0,"{""type"":""Polygon"",""coordinates"":[[[-107.26580644469239,48.19333777945618],[-107.26577213109773,48.19331612435226],[-107.2656981209259,48.193304193927744],[-107.26560254412048,48.19340880316224],[-107.26564986366475,48.193421261842396],[-107.26564360350496,48.193430354089024],[-107.2656909231114,48.19344281275245],[-107.26571795320596,48.19345121702912],[-107.26582003292373,48.19334200933143],[-107.26580644469239,48.19333777945618]]]}"
000000000000000013cf,6298,0,0,0,"{""type"":""Polygon"",""coordinates"":[[[-107.26590875156828,48.19338495110841],[-107.26588798152734,48.19336745464581],[-107.26582003292373,48.19334200933143],[-107.26571795320596,48.19345121702912],[-107.26577905947539,48.193472328289424],[-107.2658002706789,48.19349874154253],[-107.26582730087061,48.19350714579485],[-107.2659291376704,48.193393443885874],[-107.26590875156828,48.19338495110841]]]}"
000000000000000013e7,6299,0,0,0,"{""type"":""Polygon"",""coordinates"":[[[-107.26603814632699,48.193440439893024],[-107.26602435966494,48.19343178730685],[-107.26599732942219,48.19342338312329],[-107.26598354278185,48.19341473053349],[-107.26595651257267,48.193406326340316],[-107.2659291376704,48.193393443885874],[-107.26582730087061,48.19350714579485],[-107.2658544329042,48.19351553431491],[-107.26586811770785,48.19352420266565],[-107.26588146313637,48.19352393855366],[-107.26594941214861,48.193549383901875],[-107.26604498875034,48.19344477404864],[-107.26603814632699,48.193440439893024]]]}"
000000000000000013c9,6300,0,0,0,"{""type"":""Polygon"",""coordinates"":[[[-107.26610687611877,48.19348373426378],[-107.26607246028607,48.19346209494361],[-107.26604498875034,48.19344477404864],[-107.26594941214861,48.193549383901875],[-107.26601736130374,48.19357482921064],[-107.26604483290802,48.193592150154444],[-107.2660585178116,48.19360081848807],[-107.26615409436991,48.19349620842541],[-107.26610687611877,48.19348373426378]]]}"
000000000000000013e6,6301,0,0,0,"{""type"":""Polygon"",""coordinates"":[[[-107.26624223168041,48.19352572354299],[-107.26615409436991,48.19349620842541],[-107.2660585178116,48.19360081848807],[-107.26607914700458,48.19361380526139],[-107.26619377712359,48.19363836944275],[-107.26626286094096,48.19353871025665],[-107.26624223168041,48.19352572354299]]]}"
000000000000000013f0,6302,0,0,0,"{""type"":""Polygon"",""coordinates"":[[[-107.2663439576629,48.1935594684035],[-107.26628349022023,48.193551696968576],[-107.26626286094096,48.19353871025665],[-107.26619377712359,48.19363836944275],[-107.26621406695178,48.1936424237149],[-107.26628861622763,48.193667709020744],[-107.26632909416556,48.193675833248896],[-107.2663359366856,48.19368016740066],[-107.26637064868231,48.19355894004088],[-107.2663439576629,48.1935594684035]]]}"
00000000000000001405,6303,0,0,0,"{""type"":""Polygon"",""coordinates"":[[[-107.26637735006612,48.1935587644628],[-107.26637064868231,48.19355894004088],[-107.2663359366856,48.19368016740066],[-107.26636951488341,48.193684044433],[-107.26643624268776,48.19368272348516],[-107.26648962496365,48.1936816666927],[-107.26649119971275,48.193565479050456],[-107.26637735006612,48.1935587644628]]]}"
0000000000000000141e,6304,0,0,0,"{""type"":""Polygon"",""coordinates"":[[[-107.26657679659338,48.193537023542795],[-107.26650454524466,48.19356521484901],[-107.26649119971275,48.193565479050456],[-107.26648962496365,48.1936816666927],[-107.26650991491437,48.19368572090254],[-107.26662978220273,48.19367884898148],[-107.2666627779874,48.19366929942826],[-107.26657679659338,48.193537023542795]]]}"
00000000000000001425,6305,0,0,0,"{""type"":""Polygon"",""coordinates"":[[[-107.26667569439115,48.19350823250421],[-107.26666259183732,48.193512990714886],[-107.26657679659338,48.193537023542795],[-107.2666627779874,48.19366929942826],[-107.26672208080446,48.19365021767815],[-107.26673542639963,48.19364995344257],[-107.26680019547004,48.19360408831381],[-107.26667569439115,48.19350823250421]]]}"
00000000000000001484,6306,0,0,0,"{""type"":""Polygon"",""coordinates"":[[[-107.26675366758595,48.1934575936021],[-107.26667569439115,48.19350823250421],[-107.26680019547004,48.19360408831381],[-107.26681960261546,48.19359030897381],[-107.26691043547879,48.193530417641604],[-107.26675366758595,48.1934575936021]]]}"
0000000000000000137a,6307,0,0,0,"{""type"":""Polygon"",""coordinates"":[[[-107.2668243120552,48.19339363264609],[-107.26681859015427,48.193416080122006],[-107.26675366758595,48.1934575936021],[-107.26691043547879,48.193530417641604],[-107.26694152929974,48.193476237241676],[-107.26697350078841,48.19344434449127],[-107.26698650669059,48.193435147786566],[-107.2668243120552,48.19339363264609]]]}"
000000000000000013c3,6308,0,0,0,"{""type"":""Polygon"",""coordinates"":[[[-107.26686034142425,48.193303610040886],[-107.2668243120552,48.19339363264609],[-107.26698650669059,48.193435147786566],[-107.26700591371267,48.19342136845612],[-107.26705020646801,48.193366868347],[-107.26705670940125,48.19336226999668],[-107.26686034142425,48.193303610040886]]]}"
00000000000000001379,6309,0,0,0,"{""type"":""Polygon"",""coordinates"":[[[-107.26691690346281,48.1932221356305],[-107.26691754337297,48.19323547501954],[-107.26686650472773,48.19329007929624],[-107.26686034142425,48.193303610040886],[-107.26705670940125,48.19336226999668],[-107.26707513672773,48.193326218840404],[-107.26709284008453,48.193272231643896],[-107.26691690346281,48.1932221356305]]]}"
000000000000000013c4,6310,0,0,0,"{""type"":""Polygon"",""coordinates"":[[[-107.2669461917124,48.193127763504364],[-107.26692888516043,48.19319059595009],[-107.26691690346281,48.1932221356305],[-107.26709284008453,48.193272231643896],[-107.26711024309252,48.19321383751508],[-107.26712931027824,48.19319112582761],[-107.2669461917124,48.193127763504364]]]}"
0000000000000000137e,6311,0,0,0,"{""type"":""Polygon"",""coordinates"":[[[-107.26699576438139,48.1930418997554],[-107.26698364158958,48.19306892967971],[-107.26696525891386,48.193105051886114],[-107.26694575024143,48.193118846847945],[-107.2669461917124,48.193127763504364],[-107.26712931027824,48.19319112582761],[-107.26712906723677,48.19318663187207],[-107.2671662218344,48.19311893677875],[-107.26719266972059,48.19311391424507],[-107.26699576438139,48.1930418997554]]]}"
000000000000000013c2,6312,0,0,0,"{""type"":""Polygon"",""coordinates"":[[[-107.2670723724695,48.19295998579008],[-107.26703976152989,48.192978538942484],[-107.26699576438139,48.1930418997554],[-107.26719266972059,48.19311391424507],[-107.26719247123884,48.193109491541854],[-107.26723847231298,48.19309074523493],[-107.26725685477075,48.19305462299154],[-107.26726986049768,48.193045426320786],[-107.2670723724695,48.19295998579008]]]}"
0000000000000000137d,6313,0,0,0,"{""type"":""Polygon"",""coordinates"":[[[-107.26720284273695,48.19289045674012],[-107.26719644172066,48.19289503933012],[-107.26713049601051,48.1929142097261],[-107.26709158074142,48.19294178388375],[-107.2670723724695,48.19295998579008],[-107.26726986049768,48.193045426320786],[-107.26728242466524,48.1930273130127],[-107.26731575966856,48.19302669572846],[-107.26736914149987,48.19302563847135],[-107.26720284273695,48.19289045674012]]]}"
000000000000000013b4,6314,0,0,0,"{""type"":""Polygon"",""coordinates"":[[[-107.26736152669471,48.19285157147751],[-107.26732833307965,48.19285669842471],[-107.26724860047057,48.19286721658555],[-107.26720284273695,48.19289045674012],[-107.26736914149987,48.19302563847135],[-107.2673824869622,48.19302537415231],[-107.2674083965423,48.19300699651509],[-107.26736152669471,48.19285157147751]]]}"
000000000000000013c1,6315,0,0,0,"{""type"":""Polygon"",""coordinates"":[[[-107.26749478224154,48.1928445055578],[-107.26748143682835,48.192844769890286],[-107.26741466522114,48.192846020279305],[-107.26736152669471,48.19285157147751],[-107.2674083965423,48.19300699651509],[-107.2674146563118,48.19299790423621],[-107.26742844336123,48.19300655654179],[-107.26745469269363,48.19299711125512],[-107.26752738455517,48.19297783618991],[-107.26753388739101,48.192973237843624],[-107.26749478224154,48.1928445055578]]]}"
000000000000000013c7,6316,0,0,0,"{""type"":""Polygon"",""coordinates"":[[[-107.26761386648194,48.19281978363109],[-107.26760076416267,48.192824541901814],[-107.26749478224154,48.1928445055578],[-107.26753388739101,48.192973237843624],[-107.26754028840429,48.192968655224405],[-107.26768674879774,48.192956815002745],[-107.26761386648194,48.19281978363109]]]}"
000000000000000013c6,6317,0,0,0,"{""type"":""Polygon"",""coordinates"":[[[-107.26771975168147,48.192795381451525],[-107.26770674609436,48.19280457813612],[-107.26767375098362,48.19281412787465],[-107.2676538060377,48.19281455216911],[-107.26761386648194,48.19281978363109],[-107.26768674879774,48.192956815002745],[-107.2677067956486,48.19295637497091],[-107.2678247017203,48.19290495839669],[-107.26783770733304,48.192895761677974],[-107.26771975168147,48.192795381451525]]]}"
000000000000000013c5,6318,0,0,0,"{""type"":""Polygon"",""coordinates"":[[[-107.26781742457736,48.19273982420151],[-107.2677326554428,48.19278620049412],[-107.26771975168147,48.192795381451525],[-107.26783770733304,48.192895761677974],[-107.26787011952268,48.19287278560843],[-107.26789681048146,48.1928722568299],[-107.26793528370824,48.192835765792566],[-107.26794158792205,48.19282674475662],[-107.26781742457736,48.19273982420151]]]}"
000000000000000014cf,6319,0,0,0,"{""type"":""Polygon"",""coordinates"":[[[-107.26786812164718,48.192676287732475],[-107.26784851661111,48.19268564436454],[-107.26781742457736,48.19273982420151],[-107.26794158792205,48.19282674475662],[-107.26797375687231,48.192799274766635],[-107.26798632070005,48.19278116145951],[-107.2680243520339,48.19273575387321],[-107.2680306562129,48.19272673284938],[-107.26786812164718,48.192676287732475]]]}"
0000000000000000141b,6320,0,0,0,"{""type"":""Polygon"",""coordinates"":[[[-107.26807934788579,48.19261858202247],[-107.26789852871111,48.19260869748486],[-107.26790639609555,48.19263537418763],[-107.26788126848639,48.19267160068432],[-107.26786812164718,48.192676287732475],[-107.2680306562129,48.19272673284938],[-107.26808697225417,48.19264076480811],[-107.26807934788579,48.19261858202247]]]}"
00000000000000001263,6321,0,0,0,"{""type"":""MultiPolygon"",""coordinates"":[[[[-107.26805711012064,48.19256982702579],[-107.26806791186546,48.192511593507824],[-107.2678620102849,48.192538006596834],[-107.26789852871111,48.19260869748486],[-107.26807934788579,48.19261858202247],[-107.26805711012064,48.19256982702579]]],[[[-107.2686391232789,48.19243781474113],[-107.26818073586215,48.192495963279335],[-107.2681876803572,48.192500281470714],[-107.26824086331307,48.19249480109974],[-107.26832777841194,48.19249754836425],[-107.26838194189673,48.19251433936022],[-107.26840849135998,48.19250930082744],[-107.26842197816873,48.19251354598577],[-107.26846143121733,48.192499326440995],[-107.26852795972785,48.19249358144051],[-107.26859414820511,48.19247890413546],[-107.2686461646945,48.19244657126039],[-107.2686391232789,48.19243781474113]]]]}"
0000000000000000137f,6322,0,0,0,"{""type"":""Polygon"",""coordinates"":[[[-107.26859527408897,48.19235380277385],[-107.26855015769857,48.192390382472546],[-107.26851090341115,48.19240902465878],[-107.26849599421084,48.192373591610995],[-107.26847008532751,48.192391969303564],[-107.26845067910759,48.19240574864097],[-107.26837153000479,48.19242969377002],[-107.26833721471569,48.192408039998455],[-107.26814305062345,48.19239842039564],[-107.2681292635086,48.19238976829403],[-107.26781884796192,48.19246740448772],[-107.26782588912455,48.19247616107847],[-107.26783981746522,48.19248932285892],[-107.2678620102849,48.192538006596834],[-107.26806791186546,48.192511593507824],[-107.2680729479786,48.19247573593839],[-107.2681338570471,48.19249242262752],[-107.26814695925472,48.1924876643168],[-107.26818073586215,48.192495963279335],[-107.2686391232789,48.19243781474113],[-107.26859527408897,48.19235380277385]]]}"
0000000000000000137b,6323,0,0,0,"{""type"":""Polygon"",""coordinates"":[[[-107.26811557822222,48.19238110046416],[-107.26809553159565,48.192381540570864],[-107.26806884093362,48.19238206939221],[-107.26801565821768,48.1923875496501],[-107.26799424688323,48.19235671484582],[-107.26799268357306,48.192321017341726],[-107.2677817022703,48.19238321637284],[-107.26779563055699,48.1923963781379],[-107.26781884796192,48.19246740448772],[-107.2681292635086,48.19238976829403],[-107.26811557822222,48.19238110046416]]]}"
0000000000000000137c,6324,0,0,0,"{""type"":""Polygon"",""coordinates"":[[[-107.26790924221842,48.19224671487433],[-107.26773790005937,48.1922992752837],[-107.26776581379394,48.19232551181706],[-107.26778092071997,48.19236536760443],[-107.2677815037121,48.192378793734015],[-107.2677817022703,48.19238321637284],[-107.26799268357306,48.192321017341726],[-107.2679922418355,48.192312100833135],[-107.26790924221842,48.19224671487433]]]}"
00000000000000001378,6325,0,0,0,"{""type"":""Polygon"",""coordinates"":[[[-107.26789535849328,48.19223362440712],[-107.26785365774727,48.19219873584459],[-107.2678399726331,48.19219006800242],[-107.26783894791357,48.19216772543603],[-107.26781856158344,48.1921592332671],[-107.26768173288588,48.192237870001875],[-107.26771702746728,48.19228179532226],[-107.26773790005937,48.1922992752837],[-107.26790924221842,48.19224671487433],[-107.26789535849328,48.19223362440712]]]}"
00000000000000001371,6326,0,0,0,"{""type"":""Polygon"",""coordinates"":[[[-107.26778458693181,48.19214651159768],[-107.26777090186232,48.1921378437531],[-107.26772959849691,48.19211180042513],[-107.26772915682112,48.192102883949104],[-107.2677288169644,48.192093951747616],[-107.26760479529202,48.1921589690776],[-107.26763955131105,48.192189539522374],[-107.26767508890049,48.19223795869192],[-107.26781856158344,48.1921592332671],[-107.26778458693181,48.19214651159768]]]}"
00000000000000001373,6327,0,0,0,"{""type"":""Polygon"",""coordinates"":[[[-107.26750253210687,48.192111871594484],[-107.26755645107434,48.19212416910682],[-107.26760479529202,48.1921589690776],[-107.2677288169644,48.192093951747616],[-107.26772861841062,48.1920895291328],[-107.26772803543174,48.19207610307613],[-107.26772759375588,48.19206718660613],[-107.26774059906401,48.19205799005425],[-107.26774006064832,48.1920446352495],[-107.26773937584538,48.19203122493141],[-107.26773883742953,48.19201787013343],[-107.26773590982559,48.1919508981904],[-107.2677354681462,48.19194198174167],[-107.26750253210687,48.192111871594484]]]}"
0000000000000000136f,6328,0,0,0,"{""type"":""Polygon"",""coordinates"":[[[-107.26772036140207,48.19190212626221],[-107.26742515367869,48.19202405422948],[-107.26743199612602,48.19202838816934],[-107.26742613358208,48.19204632550191],[-107.26743478189718,48.192090850647304],[-107.26750253210687,48.192111871594484],[-107.2677354681462,48.19194198174167],[-107.26772036140207,48.19190212626221]]]}"
00000000000000001389,6329,0,0,0,"{""type"":""Polygon"",""coordinates"":[[[-107.26732792794496,48.191941099474235],[-107.26734205435847,48.19195868381001],[-107.26735628260518,48.19197625242266],[-107.26739083965434,48.19200240025393],[-107.26742515367869,48.19202405422948],[-107.26772036140207,48.19190212626221],[-107.26771957986814,48.19188427765554],[-107.26771855521191,48.19186193521569],[-107.26771821535402,48.191853003054966],[-107.26732792794496,48.191941099474235]]]}"
00000000000000001381,6330,0,0,0,"{""type"":""Polygon"",""coordinates"":[[[-107.26770970800106,48.191812987705944],[-107.26730989487244,48.1918342720909],[-107.26732446281893,48.19186077283284],[-107.26729855407908,48.19187915002707],[-107.26729967516218,48.191905930812894],[-107.26732792794496,48.191941099474235],[-107.26771821535402,48.191853003054966],[-107.26771757512356,48.19183966402872],[-107.26771679358922,48.19182181544317],[-107.26770970800106,48.191812987705944]]]}"
0000000000000000130a,6331,0,1,0,"{""type"":""Polygon"",""coordinates"":[[[-107.26766068435478,48.191760323716785],[-107.26722513698186,48.19172876633823],[-107.26721257329851,48.19174687918098],[-107.26721447561404,48.191791508481735],[-107.26728892613588,48.191812353856484],[-107.26730989487244,48.1918342720909],[-107.26770970800106,48.191812987705944],[-107.26766068435478,48.191760323716785]]]}"
00000000000000001370,6332,0,0,0,"{""type"":""Polygon"",""coordinates"":[[[-107.26765340024762,48.191747073398545],[-107.2676327711108,48.19173408742132],[-107.26763198961494,48.191716238869795],[-107.26761820293461,48.19170758679557],[-107.26758916846362,48.19165456984911],[-107.26736880633284,48.19165446497182],[-107.26736934462163,48.191667819683154],[-107.26732930971127,48.191668612571355],[-107.26731596474477,48.19166887686363],[-107.26730848229732,48.19165120395782],[-107.26728179238454,48.19165173253402],[-107.26728257371097,48.191669581070876],[-107.26723701602981,48.19169724325897],[-107.26722513698186,48.19172876633823],[-107.26766068435478,48.191760323716785],[-107.26765340024762,48.191747073398545]]]}"
00000000000000001372,6333,0,0,0,"{""type"":""MultiPolygon"",""coordinates"":[[[[-107.26730119836182,48.19163795363588],[-107.26730027577095,48.191615595563206],[-107.26728648925392,48.191606943453706],[-107.2672728045626,48.19159827561714],[-107.26728179238454,48.19165173253402],[-107.26730848229732,48.19165120395782],[-107.26730119836182,48.19163795363588]]],[[[-107.26758188440465,48.19164131955077],[-107.26755304857524,48.191592725230834],[-107.26755857114881,48.19156585593479],[-107.26755094729553,48.19154367354581],[-107.26733180372982,48.19157478747579],[-107.26735379682322,48.19161904794129],[-107.26736880633284,48.19165446497182],[-107.26758916846362,48.19165456984911],[-107.26758188440465,48.19164131955077]]]]}"
0000000000000000136c,6334,0,0,0,"{""type"":""Polygon"",""coordinates"":[[[-107.26754366327097,48.191530423271544],[-107.26752641106492,48.191441445229216],[-107.2673080494944,48.19149040750203],[-107.26730829256798,48.191494901311906],[-107.26733024102333,48.191539090474365],[-107.2673249613799,48.19157045356355],[-107.26733180372982,48.19157478747579],[-107.26755094729553,48.19154367354581],[-107.26754366327097,48.191530423271544]]]}"
00000000000000001305,6335,0,0,0,"{""type"":""Polygon"",""coordinates"":[[[-107.26751712253635,48.191383581727095],[-107.26750241329164,48.1913525717309],[-107.26725760562404,48.19140655621726],[-107.2673080494944,48.19149040750203],[-107.26752641106492,48.191441445229216],[-107.26752552779574,48.191423612501175],[-107.26752474634353,48.191405764052654],[-107.26751712253635,48.191383581727095]]]}"
00000000000000001307,6336,0,0,0,"{""type"":""Polygon"",""coordinates"":[[[-107.26748804388112,48.19133049382288],[-107.26749410478148,48.191316979284984],[-107.26747347596037,48.19130399337133],[-107.26747841561775,48.19126369837369],[-107.26719401565987,48.19132739185635],[-107.26719425872031,48.19133188565296],[-107.26722285073377,48.19137598605902],[-107.2672507633174,48.19140222231245],[-107.26725760562404,48.19140655621726],[-107.26750241329164,48.1913525717309],[-107.26748804388112,48.19133049382288]]]}"
000000000000000012ff,6337,0,0,0,"{""type"":""Polygon"",""coordinates"":[[[-107.26742821461234,48.19118434132699],[-107.26713682670969,48.19124364512944],[-107.26715041455324,48.19124787465843],[-107.26715085609823,48.19125679099602],[-107.26715139431627,48.19127014560976],[-107.26715217558974,48.19128799402],[-107.26719401565987,48.19132739185635],[-107.26747841561775,48.19126369837369],[-107.26747787728004,48.191250343766434],[-107.26742821461234,48.19118434132699]]]}"
00000000000000001306,6338,0,0,0,"{""type"":""Polygon"",""coordinates"":[[[-107.2674211292216,48.19117551367007],[-107.26737180655732,48.19111844332728],[-107.26705265339972,48.191151566186065],[-107.26704106957904,48.19119194972511],[-107.26713570571694,48.19121686467542],[-107.26713673003809,48.191239206856956],[-107.26713682670969,48.19124364512944],[-107.26742821461234,48.19118434132699],[-107.2674211292216,48.19117551367007]]]}"
000000000000000012fa,6339,0,0,0,"{""type"":""Polygon"",""coordinates"":[[[-107.26736452267902,48.19110519314244],[-107.26733568754793,48.19105659923305],[-107.26726754241128,48.19102673347923],[-107.26724657411637,48.191004815559666],[-107.26724633104755,48.19100032179124],[-107.2670709381821,48.191111007068855],[-107.26707778040388,48.191115340964735],[-107.26713213910462,48.19113655484678],[-107.26705187217107,48.19113371782001],[-107.26705265339972,48.191151566186065],[-107.26737180655732,48.19111844332728],[-107.26736452267902,48.19110519314244]]]}"
00000000000000001303,6340,0,0,0,"{""type"":""Polygon"",""coordinates"":[[[-107.26721910337181,48.19098749578688],[-107.26719163266048,48.19097017601106],[-107.267143488976,48.19093979908504],[-107.26705638026664,48.19093262818477],[-107.26703032125687,48.19109837398758],[-107.26703696499186,48.19109828535042],[-107.26705075123579,48.191106937419306],[-107.2670709381821,48.191111007068855],[-107.26724633104755,48.19100032179124],[-107.26721910337181,48.19098749578688]]]}"
000000000000000012f9,6341,0,0,0,"{""type"":""Polygon"",""coordinates"":[[[-107.26696936833002,48.190929895450125],[-107.26690958907385,48.19093553475266],[-107.26691055852446,48.191109684134325],[-107.26692972122602,48.191091411680986],[-107.26694350742605,48.19110006376526],[-107.26697684057656,48.19109944666824],[-107.26699688627251,48.191099006829425],[-107.26703032125687,48.19109837398758],[-107.26705638026664,48.19093262818477],[-107.26696936833002,48.190929895450125]]]}"
00000000000000001300,6342,0,0,0,"{""type"":""MultiPolygon"",""coordinates"":[[[[-107.26684305388532,48.19109315688197],[-107.26679627428665,48.19109405386674],[-107.26680380092773,48.19111179787832],[-107.26688406757258,48.19111463511866],[-107.26684305388532,48.19109315688197]]],[[[-107.26681671471299,48.19095073880485],[-107.26674999155418,48.190952059830956],[-107.26678865102126,48.191071871600585],[-107.26690146950929,48.19105624344152],[-107.26690347331012,48.19110085644721],[-107.26690381298079,48.19110978848828],[-107.26691055852446,48.191109684134325],[-107.26690958907385,48.19093553475266],[-107.26681671471299,48.19095073880485]]]]}"
00000000000000001301,6343,0,0,0,"{""type"":""Polygon"",""coordinates"":[[[-107.26679627428665,48.19109405386674],[-107.26676958492038,48.191094582281096],[-107.26671576476888,48.19108672277203],[-107.26678865102126,48.191071871600585],[-107.26674999155418,48.190952059830956],[-107.26663648909769,48.19095427770762],[-107.26662998659502,48.190958875808796],[-107.26665710603541,48.191119142341776],[-107.2666902979173,48.19111401583937],[-107.26671038812515,48.19111364730461],[-107.26673707748832,48.1911131189066],[-107.26675702132512,48.19111269484439],[-107.26677036601208,48.1911124306397],[-107.26680380092773,48.19111179787832],[-107.26679627428665,48.19109405386674]]]}"
000000000000000012f8,6344,0,0,0,"{""type"":""Polygon"",""coordinates"":[[[-107.26662998659502,48.190958875808796],[-107.26655754203797,48.190982643118176],[-107.2665109091004,48.19098359547249],[-107.26648441830525,48.19098854633074],[-107.2665377850178,48.19113936834362],[-107.26657097689025,48.19113424188074],[-107.26665710603541,48.191119142341776],[-107.26662998659502,48.190958875808796]]]}"
00000000000000001302,6345,0,0,0,"{""type"":""Polygon"",""coordinates"":[[[-107.26648441830525,48.19098854633074],[-107.26640502982262,48.19100799533108],[-107.26633874820237,48.19101823237365],[-107.26643200708705,48.19116375259051],[-107.26643840782275,48.19115917020888],[-107.26647126012557,48.191145111725774],[-107.2665377850178,48.19113936834362],[-107.26648441830525,48.19098854633074]]]}"
00000000000000001380,6346,0,0,0,"{""type"":""Polygon"",""coordinates"":[[[-107.26633874820237,48.19101823237365],[-107.26630555648931,48.19102335874092],[-107.26627930864777,48.191032803322415],[-107.26624587399044,48.191033435893615],[-107.26621312360325,48.19104747854236],[-107.26631346696713,48.19120182672712],[-107.26637921097044,48.19117823505294],[-107.26643200708705,48.19116375259051],[-107.26633874820237,48.19101823237365]],[[-107.26640453686241,48.191146432519275],[-107.26638424830514,48.191142378446834],[-107.26639153176002,48.19115562872612],[-107.26640453686241,48.191146432519275]]]}"
0000000000000000136b,6347,0,0,0,"{""type"":""Polygon"",""coordinates"":[[[-107.26618720206572,48.19121773408698],[-107.2661942870726,48.19122656185178],[-107.26621389135514,48.19121720583525],[-107.26627343300987,48.19120261914381],[-107.26631360810386,48.19120633624312],[-107.26631346696713,48.19120182672712],[-107.26621312360325,48.19104747854236],[-107.26613441931951,48.19108033743993],[-107.26608842084902,48.19109908243788],[-107.2661801616262,48.19120897756646],[-107.26618686257173,48.19120880202062],[-107.26618720206572,48.19121773408698]],[[-107.26618686257173,48.19120880202062],[-107.26622019555059,48.1912081851894],[-107.2661931667702,48.191199781377904],[-107.26618686257173,48.19120880202062]]]}"
0000000000000000130b,6348,0,0,0,"{""type"":""GeometryCollection"",""geometries"":[{""type"":""LineString"",""coordinates"":[[-107.26606867221116,48.19125581005354],[-107.26607593505405,48.191269062872756]]},{""type"":""Polygon"",""coordinates"":[[[-107.26617429872992,48.191226914553084],[-107.2661942870726,48.19122656185178],[-107.26618720206572,48.19121773408698],[-107.26617385742371,48.19121799821001],[-107.26617429872992,48.191226914553084]]]},{""type"":""Polygon"",""coordinates"":[[[-107.26617385742371,48.19121799821001],[-107.26617351793297,48.191209066143465],[-107.2661801616262,48.19120897756646],[-107.26608842084902,48.19109908243788],[-107.26606881662775,48.191108438406275],[-107.26604212745784,48.191108966613555],[-107.26597662652634,48.19113705180873],[-107.26597012395565,48.19114164988287],[-107.26606866184149,48.19125580796288],[-107.26606867221116,48.19125581005354],[-107.26608884853782,48.19125987783677],[-107.26607594517621,48.19126905829764],[-107.26608303015638,48.19127788607991],[-107.26610297394346,48.1912774621535],[-107.26615547522768,48.191254118982634],[-107.26616129357382,48.19123611074412],[-107.26612776222522,48.191232305004235],[-107.26616095408643,48.191227178674396],[-107.26616051278349,48.19121826233111],[-107.26617385742371,48.19121799821001]]]}]}"
0000000000000000138a,6349,0,0,0,"{""type"":""Polygon"",""coordinates"":[[[-107.26607594517621,48.19126905829764],[-107.26597012395565,48.19114164988287],[-107.26595027679927,48.191146512047126],[-107.26585202527518,48.19118863976792],[-107.26596444520199,48.191315888631124],[-107.26597128724535,48.191320222627205],[-107.26603669197551,48.191287699048615],[-107.26608303015638,48.19127788607991],[-107.26607594517621,48.19126905829764]]]}"
00000000000000001374,6350,0,0,0,"{""type"":""Polygon"",""coordinates"":[[[-107.26585202527518,48.19118863976792],[-107.2658387772069,48.191193342116236],[-107.26580548893989,48.191194030054646],[-107.26576545520753,48.19119482225368],[-107.26571945659298,48.191213567119135],[-107.26585332905275,48.19137172221993],[-107.26586633429119,48.19136252604489],[-107.26587987727616,48.191366684526955],[-107.26589224293811,48.191344149419415],[-107.2659053446845,48.19133939152984],[-107.26591815156594,48.19132577279382],[-107.26594503919948,48.19132966717561],[-107.26595774425272,48.191316064161896],[-107.26596444520199,48.191315888631124],[-107.26585202527518,48.19118863976792]],[[-107.26591062538944,48.1913080286291],[-107.2658970824171,48.19130387015568],[-107.26590436568434,48.191317120517226],[-107.26591062538944,48.1913080286291]]]}"
0000000000000000136d,6351,0,0,0,"{""type"":""Polygon"",""coordinates"":[[[-107.26571945659298,48.191213567119135],[-107.26564070737777,48.19124635448098],[-107.265615041618,48.1912692248042],[-107.26573498673812,48.19141421837295],[-107.2657483313884,48.191413954309745],[-107.26576069713062,48.19139141919694],[-107.26582033545938,48.19138127102375],[-107.26584062395497,48.19138532523528],[-107.26585332905275,48.19137172221993],[-107.26571945659298,48.191213567119135]]]}"
00000000000000001348,6352,0,0,0,"{""type"":""GeometryCollection"",""geometries"":[{""type"":""LineString"",""coordinates"":[[-107.2657347993692,48.1914097792901],[-107.26573499618821,48.191414241712145]]},{""type"":""Polygon"",""coordinates"":[[[-107.265615041618,48.1912692248042],[-107.2655958338886,48.19128742582464],[-107.26556914472425,48.19128795390207],[-107.26549043990644,48.19132081243492],[-107.26563687551871,48.19146085564691],[-107.26564313529838,48.19145176374957],[-107.26568238870557,48.19143312309635],[-107.26570159649381,48.19141492200687],[-107.2657347884214,48.19140979580495],[-107.265615041618,48.1912692248042]]]}]}"
0000000000000000130c,6353,0,0,0,"{""type"":""Polygon"",""coordinates"":[[[-107.26549043990644,48.19132081243492],[-107.2654640900637,48.19133027257571],[-107.26544644313131,48.19138417053861],[-107.26540752906412,48.191411743183934],[-107.26540777190316,48.19141623699787],[-107.2655652106103,48.19150247096972],[-107.26559165706664,48.191497449067164],[-107.26559796142382,48.19148842841018],[-107.26561756587076,48.19147907246485],[-107.26563687551871,48.19146085564691],[-107.26549043990644,48.19132081243492]],[[-107.26557068991598,48.191475530557085],[-107.26558383626697,48.19147084394255],[-107.26557015228012,48.19146217586775],[-107.26557068991598,48.191475530557085]],[[-107.26557068991598,48.191475530557085],[-107.26555074613495,48.191475954374326],[-107.26556443011906,48.19148462245422],[-107.26557068991598,48.191475530557085]]]}"
00000000000000001309,6354,0,0,0,"{""type"":""Polygon"",""coordinates"":[[[-107.2655652106103,48.19150247096972],[-107.26540777190316,48.19141623699787],[-107.26539540598588,48.191438772080254],[-107.26537027756308,48.19147499711915],[-107.26534358832782,48.19147552513755],[-107.26531748120463,48.1914894790892],[-107.26547433767529,48.19156228737029],[-107.26550024655194,48.19154391077524],[-107.26553896244687,48.191511915442675],[-107.2655652106103,48.19150247096972]],[[-107.26553896244687,48.191511915442675],[-107.26553123816328,48.191489748605214],[-107.26551183199668,48.19150352711167],[-107.26553896244687,48.191511915442675]]]}"
0000000000000000136e,6355,0,0,0,"{""type"":""Polygon"",""coordinates"":[[[-107.26531748120463,48.1914894790892],[-107.26527236437748,48.191526056659576],[-107.26523995278305,48.1915490312508],[-107.26537094481122,48.19164028758263],[-107.26542232158721,48.191594617974935],[-107.26547433767529,48.19156228737029],[-107.26531748120463,48.1914894790892]]]}"
00000000000000001375,6356,0,0,0,"{""type"":""Polygon"",""coordinates"":[[[-107.26523995278305,48.1915490312508],[-107.26522694741064,48.191558227376866],[-107.26518109471006,48.191577027645494],[-107.2651553839884,48.191599826754796],[-107.26524643824298,48.19169631361036],[-107.26530534106993,48.19166838835194],[-107.26537104126614,48.19164472589612],[-107.26537094481122,48.19164028758263],[-107.26523995278305,48.1915490312508]]]}"
00000000000000001383,6357,0,0,0,"{""type"":""Polygon"",""coordinates"":[[[-107.2651553839884,48.191599826754796],[-107.26514888128894,48.19160442481687],[-107.26513587588641,48.19161362094101],[-107.26510258749066,48.191614308644425],[-107.26504446496688,48.191660082327616],[-107.26503776401994,48.191660257795256],[-107.26517521378382,48.19174684528456],[-107.26521393004735,48.191714849950735],[-107.26524643824298,48.19169631361036],[-107.2651553839884,48.191599826754796]]]}"
00000000000000001382,6358,0,0,0,"{""type"":""Polygon"",""coordinates"":[[[-107.26503776401994,48.191660257795256],[-107.2650181148925,48.19166954241269],[-107.2649858049147,48.19169250126172],[-107.26494038762701,48.191724671953025],[-107.26507103984345,48.19180699683376],[-107.26509044624792,48.191793218331185],[-107.26510334990618,48.1917840379041],[-107.26514930468875,48.19176522186808],[-107.26517521378382,48.19174684528456],[-107.26503776401994,48.191660257795256]]]}"
00000000000000001387,6359,0,0,0,"{""type"":""Polygon"",""coordinates"":[[[-107.26494038762701,48.191724671953025],[-107.26493398670918,48.191729254288475],[-107.264901574838,48.19175222886091],[-107.26486882377353,48.19176627125943],[-107.264843055552,48.191789157341645],[-107.26498714873578,48.19187565683255],[-107.26506453710078,48.19181159490928],[-107.26507103984345,48.19180699683376],[-107.26494038762701,48.191724671953025]]]}"
000000000000000013d4,6360,0,0,0,"{""type"":""Polygon"",""coordinates"":[[[-107.264843055552,48.191789157341645],[-107.2648112827682,48.19182547097711],[-107.26476620981704,48.19186211980479],[-107.26491006018924,48.19194412566939],[-107.26498714873578,48.19187565683255],[-107.264843055552,48.191789157341645]]]}"
00000000000000001386,6361,0,0,0,"{""type"":""Polygon"",""coordinates"":[[[-107.26476620981704,48.19186211980479],[-107.26472749319531,48.19189411505641],[-107.264689358385,48.19193953637836],[-107.2648399543053,48.192021438267986],[-107.26489065367244,48.19195790417774],[-107.26491006018924,48.19194412566939],[-107.26476620981704,48.19186211980479]]]}"
000000000000000013d3,6362,0,0,0,"{""type"":""Polygon"",""coordinates"":[[[-107.264689358385,48.19193953637836],[-107.26467645462623,48.191948716779386],[-107.26462443773242,48.19198104720882],[-107.26459872652418,48.19200384635587],[-107.26475640703394,48.19209457651411],[-107.26478129360596,48.19205385731546],[-107.26482079049718,48.19203971065416],[-107.2648399543053,48.192021438267986],[-107.264689358385,48.19193953637836]]]}"
00000000000000001388,6363,0,0,0,"{""type"":""Polygon"",""coordinates"":[[[-107.26459872652418,48.19200384635587],[-107.26459896925974,48.19200834022488],[-107.2645003707689,48.1920459891623],[-107.26466723306355,48.19219460000745],[-107.26467339678905,48.19218106967715],[-107.26469256071812,48.1921627972684],[-107.26470512543737,48.19214468458648],[-107.26473733953517,48.19211728726644],[-107.26475640703394,48.19209457651411],[-107.26459872652418,48.19200384635587]]]}"
000000000000000013d7,6364,0,0,0,"{""type"":""Polygon"",""coordinates"":[[[-107.2645003707689,48.1920459891623],[-107.26449386795225,48.19205058722186],[-107.26441580046162,48.19209678453134],[-107.26440269846567,48.19210154229222],[-107.26454942548945,48.19225045032527],[-107.264581837917,48.19222747564078],[-107.26460779203501,48.19220917028334],[-107.26466117115062,48.192208114617216],[-107.26466723306355,48.19219460000745],[-107.2645003707689,48.1920459891623]]]}"
000000000000000013d8,6365,0,0,0,"{""type"":""Polygon"",""coordinates"":[[[-107.26440269846567,48.19210154229222],[-107.26432374914472,48.19212990653957],[-107.26430390159703,48.192134768464385],[-107.26437808499558,48.192303004699454],[-107.26439768993316,48.19229364884643],[-107.2644377242688,48.192292857186004],[-107.26453652160043,48.19225963076486],[-107.26454942548945,48.19225045032527],[-107.26440269846567,48.19210154229222]]]}"
0000000000000000138b,6366,0,0,0,"{""type"":""Polygon"",""coordinates"":[[[-107.26430390159703,48.192134768464385],[-107.26425756277614,48.19214458074983],[-107.26423087337515,48.19214510846978],[-107.26420462479336,48.19215455270349],[-107.26417143254666,48.192159678456754],[-107.26423095356432,48.19229697500885],[-107.26425089750778,48.19229655145509],[-107.26430583625017,48.19233119362592],[-107.26435843549183,48.192312289304446],[-107.26437808499558,48.192303004699454],[-107.26430390159703,48.192134768464385]]]}"
000000000000000013d9,6367,0,0,0,"{""type"":""Polygon"",""coordinates"":[[[-107.26417143254666,48.192159678456754],[-107.26416492969187,48.1921642765049],[-107.26409874331547,48.19217895061542],[-107.26404560722756,48.19218449984623],[-107.26410512772694,48.19232179655403],[-107.26417082900397,48.192298134599305],[-107.26418417375011,48.19229787074668],[-107.26423095356432,48.19229697500885],[-107.26417143254666,48.192159678456754]]]}"
000000000000000013ef,6368,0,0,0,"{""type"":""Polygon"",""coordinates"":[[[-107.26404560722756,48.19218449984623],[-107.263979222757,48.19219475123707],[-107.2639517537161,48.19217743009568],[-107.26393840904633,48.192177693913465],[-107.26391842067376,48.19217804615218],[-107.26395212712215,48.19233815778934],[-107.2639654718516,48.19233789396733],[-107.26399216131594,48.19233736631764],[-107.26401885078747,48.192336838660346],[-107.26409187927756,48.19232649877189],[-107.26410512772694,48.19232179655403],[-107.26404560722756,48.19218449984623]]]}"
0000000000000000138c,6369,0,0,0,"{""type"":""Polygon"",""coordinates"":[[[-107.26391842067376,48.19217804615218],[-107.2639117197122,48.19217822154331],[-107.2638850303853,48.19217874916556],[-107.26383835270929,48.192179629001856],[-107.2638243246973,48.192166482386476],[-107.26378450992995,48.192323650052174],[-107.26379785463037,48.19232338625429],[-107.2638184818486,48.19233637324919],[-107.26395212712215,48.19233815778934],[-107.26391842067376,48.19217804615218]]]}"
0000000000000000138e,6370,0,0,0,"{""type"":""MultiPolygon"",""coordinates"":[[[[-107.26370066399357,48.19208854491415],[-107.26370144355623,48.19210639367255],[-107.26372759583049,48.19209251122816],[-107.26370066399357,48.19208854491415]]],[[[-107.26381748292289,48.19216214816108],[-107.26379787803917,48.19217150387094],[-107.26373115482833,48.19217282283067],[-107.2637102851209,48.19215534196684],[-107.26369009874547,48.192151271515606],[-107.26365708070165,48.192312702095975],[-107.26371740302224,48.19231596548878],[-107.26377116523132,48.19232391384816],[-107.26378450992995,48.192323650052174],[-107.2638243246973,48.192166482386476],[-107.26381748292289,48.19216214816108]]]]}"
000000000000000013f9,6371,0,0,0,"{""type"":""Polygon"",""coordinates"":[[[-107.26361375468608,48.192085793334954],[-107.26357269881615,48.1920642419998],[-107.26352329519041,48.19230640750868],[-107.26365708070165,48.192312702095975],[-107.26369009874547,48.192151271515606],[-107.26363652220633,48.192147903983816],[-107.26363608153335,48.192138987457454],[-107.26360905346279,48.192130582752206],[-107.26360861279632,48.192121666228466],[-107.26366869215171,48.19212043576447],[-107.26370144355623,48.19210639367255],[-107.26370066399357,48.19208854491415],[-107.26361375468608,48.192085793334954]]]}"
0000000000000000139a,6372,0,0,0,"{""type"":""Polygon"",""coordinates"":[[[-107.26354556901575,48.19205585300887],[-107.2635650776103,48.19204205901775],[-107.2635108180692,48.192025281030766],[-107.26351047924126,48.19201634880141],[-107.26346966614719,48.19199929132052],[-107.26346888669487,48.19198144259365],[-107.26346160438854,48.19196819185622],[-107.26343515793253,48.19197321321676],[-107.26342512915932,48.1920492945279],[-107.26343153021443,48.19204471226178],[-107.26344433791803,48.192031093652986],[-107.263458219316,48.19204418477266],[-107.26352538274845,48.192051782527926],[-107.26350147265693,48.19211477282753],[-107.26346124087637,48.192111141441295],[-107.26342130336847,48.192116371037415],[-107.26341470426901,48.19211653067017],[-107.26338965069222,48.19230462235297],[-107.26344943035411,48.1922989850858],[-107.26352329519041,48.19230640750868],[-107.26357269881615,48.1920642419998],[-107.26354556901575,48.19205585300887]]]}"
00000000000000001391,6373,0,0,0,"{""type"":""MultiPolygon"",""coordinates"":[[[[-107.26330750715424,48.19210972401462],[-107.26332633264002,48.192082519652274],[-107.26327925933458,48.19207455393196],[-107.26326314230192,48.19231603231967],[-107.26338965069222,48.19230462235297],[-107.26341470426901,48.19211653067017],[-107.26330750715424,48.19210972401462]]],[[[-107.26339522058286,48.191978442784354],[-107.26328260021805,48.191998489722785],[-107.2632831815634,48.1920119158281],[-107.26328968443461,48.19200731785254],[-107.2633363616204,48.192006438298336],[-107.26335034477098,48.19201951370688],[-107.26337761521103,48.19203241235072],[-107.2634121234138,48.192058490504714],[-107.26342512915932,48.1920492945279],[-107.26343515793253,48.19197321321676],[-107.26339522058286,48.191978442784354]]]]}"
0000000000000000139c,6374,0,0,0,"{""type"":""Polygon"",""coordinates"":[[[-107.2631826858088,48.19200493368988],[-107.2631764254922,48.19201402553566],[-107.26309928233938,48.192386257986605],[-107.26311238441545,48.192381500375916],[-107.26312494976791,48.19236338780973],[-107.26312363377218,48.19233218400612],[-107.26322980938022,48.19231664813562],[-107.26325649862018,48.192316120696354],[-107.26326314230192,48.19231603231967],[-107.26327925933458,48.19207455393196],[-107.2632590731466,48.19207048339157],[-107.26327003506194,48.19201660217944],[-107.2632831815634,48.1920119158281],[-107.26328260021805,48.191998489722785],[-107.2631826858088,48.19200493368988]]]}"
000000000000000013a2,6375,0,0,0,"{""type"":""Polygon"",""coordinates"":[[[-107.26283684987419,48.19234224807596],[-107.2629626479615,48.192469311096545],[-107.26298836005472,48.1924465121642],[-107.26303387515355,48.19241878030302],[-107.26305318604608,48.19240056364894],[-107.26309928233938,48.192386257986605],[-107.2631764254922,48.19201402553566],[-107.26283684987419,48.19234224807596]]]}"
000000000000000013a1,6376,0,0,0,"{""type"":""Polygon"",""coordinates"":[[[-107.2631757423706,48.192000615150185],[-107.26301482930889,48.191985930742455],[-107.26284410202761,48.192203703353634],[-107.26286472863043,48.19221669053963],[-107.26288389308156,48.19219841846637],[-107.2629445533151,48.19221061462387],[-107.26293223048746,48.19223322101175],[-107.26288545140157,48.192234116097175],[-107.26285998195416,48.19226140880745],[-107.26288769273124,48.19228322421087],[-107.2628427143941,48.19232431087303],[-107.26282306483216,48.19233359516898],[-107.2628233073462,48.19233808907618],[-107.26283684987419,48.19234224807596],[-107.2631764254922,48.19201402553566],[-107.2631826858088,48.19200493368988],[-107.2631757423706,48.192000615150185]]]}"
0000000000000000139e,6377,0,0,0,"{""type"":""Polygon"",""coordinates"":[[[-107.2629808582787,48.19197320732299],[-107.26288700661657,48.191966136512924],[-107.2628540128116,48.19197568441015],[-107.26283562762015,48.192011805141476],[-107.26280893871882,48.192012332452116],[-107.2627551946939,48.19215633682466],[-107.26277504211238,48.19215147522131],[-107.26279556683228,48.192164478132675],[-107.26284410202761,48.192203703353634],[-107.26301482930889,48.191985930742455],[-107.2629808582787,48.19197320732299]]]}"
00000000000000001399,6378,0,0,0,"{""type"":""Polygon"",""coordinates"":[[[-107.26262167618496,48.19200710689882],[-107.26258892485913,48.192021148593966],[-107.2627019128643,48.19216182976852],[-107.2627551946939,48.19215633682466],[-107.26280893871882,48.192012332452116],[-107.26262167618496,48.19200710689882]]]}"
00000000000000001392,6379,0,0,0,"{""type"":""Polygon"",""coordinates"":[[[-107.26258892485913,48.192021148593966],[-107.26256941612688,48.19203494238474],[-107.2625425866186,48.19203096001578],[-107.26252982326935,48.19204464975578],[-107.26249682943256,48.192054197545254],[-107.26246519559189,48.19209502023972],[-107.26262384446184,48.19220802574125],[-107.2627019128643,48.19216182976852],[-107.26258892485913,48.192021148593966]]]}"
0000000000000000139f,6380,0,0,0,"{""type"":""GeometryCollection"",""geometries"":[{""type"":""LineString"",""coordinates"":[[-107.26246541724613,48.19209948350779],[-107.26246522070628,48.19209502107621]]},{""type"":""Polygon"",""coordinates"":[[[-107.2623366671942,48.1922092429273],[-107.26231545991592,48.19218282945464],[-107.26212897641891,48.19219545173649],[-107.26235020954859,48.19221340198998],[-107.2623366671942,48.1922092429273]]]},{""type"":""Polygon"",""coordinates"":[[[-107.26246543806307,48.192099514128586],[-107.26245287258422,48.19211762652113],[-107.26244108603888,48.19215358771877],[-107.26240227200014,48.1921811438718],[-107.26239732689429,48.19222143944661],[-107.26259187196733,48.19223991632167],[-107.26259143155137,48.192230999768455],[-107.26261709902968,48.19220812979336],[-107.26262384446184,48.19220802574125],[-107.26246543806307,48.192099514128586]]]}]}"
000000000000000013b8,6381,0,0,0,"{""type"":""Polygon"",""coordinates"":[[[-107.26238865591712,48.19232879611704],[-107.26259479010099,48.192306889028195],[-107.26258042408395,48.19228480990047],[-107.262599153936,48.192253167201855],[-107.26259187196733,48.19223991632167],[-107.26239732689429,48.19222143944661],[-107.26239160285549,48.192243886214406],[-107.2623645753686,48.19223548112729],[-107.26235045200485,48.192217895889605],[-107.26235020954859,48.19221340198998],[-107.26212897641891,48.19219545173649],[-107.2621223328403,48.19219554003186],[-107.26201174924225,48.19226472514175],[-107.26197351580419,48.19230570738604],[-107.2619805551025,48.19231446442591],[-107.2619949206764,48.19233654366705],[-107.26206946103639,48.192361831849674],[-107.26238201229599,48.192328884431696],[-107.26237517077219,48.19232455008381],[-107.26238831736795,48.19231986382529],[-107.26238865591712,48.19232879611704]],[[-107.26238607671354,48.192270755648735],[-107.2623726361452,48.19226658086608],[-107.26237967556251,48.192275337867194],[-107.26238607671354,48.192270755648735]],[[-107.26238831736795,48.19231986382529],[-107.26240141940661,48.19231510631857],[-107.26239457788144,48.192310771973226],[-107.26238831736795,48.19231986382529]]]}"
000000000000000013b7,6382,0,0,0,"{""type"":""GeometryCollection"",""geometries"":[{""type"":""Point"",""coordinates"":[-107.26282327524139,48.19233808318993]},{""type"":""Polygon"",""coordinates"":[[[-107.26245131412719,48.1923856069496],[-107.26245243163383,48.1924123881396],[-107.26245262954569,48.19241681080864],[-107.26262459526735,48.19237775722391],[-107.26259498803086,48.19231131168765],[-107.26259479010099,48.192306889028195],[-107.26238865591712,48.19232879611704],[-107.26238201229599,48.192328884431696],[-107.26206946103639,48.192361831849674],[-107.26219258053408,48.192426416965006],[-107.26229385498644,48.19245124910379],[-107.26242638083477,48.192426254608016],[-107.26240443899881,48.192382063413994],[-107.26245131412719,48.1923856069496]],[[-107.2624097226906,48.19235070001066],[-107.26238943483128,48.192346644983765],[-107.26239715709491,48.19236881248505],[-107.2624097226906,48.19235070001066]],[[-107.26240443899881,48.192382063413994],[-107.26239725318435,48.19237325087202],[-107.26239085201495,48.192377833100586],[-107.26240443899881,48.192382063413994]]]}]}"
0000000000000000139d,6383,0,0,0,"{""type"":""MultiPolygon"",""coordinates"":[[[[-107.26268901013269,48.19247468841152],[-107.26270313379526,48.19249227367737],[-107.26273656850387,48.192491642321265],[-107.262743167623,48.19249148273351],[-107.26290354561918,48.19249281270702],[-107.2629432408508,48.19248308936337],[-107.2629626479615,48.192469311096545],[-107.26283684987419,48.19234224807596],[-107.2628233073462,48.19233808907618],[-107.26280390028761,48.192351867279264],[-107.26278381024768,48.19235223500088],[-107.26275163974812,48.19237970305837],[-107.26271864558015,48.192389250993095],[-107.26271292167864,48.19241169784793],[-107.26274669495328,48.19241999879486],[-107.2627206441727,48.19243386534466],[-107.26270137772647,48.19245215319303],[-107.26272220231965,48.19246956314172],[-107.26268901013269,48.19247468841152]],[[-107.26280477554273,48.1923741545307],[-107.26281327721354,48.19241417088374],[-107.26283840814003,48.19237794580617],[-107.26280477554273,48.1923741545307]],[[-107.26278008505562,48.19241929617891],[-107.2627881462415,48.19245039598073],[-107.26282778414594,48.192440759662915],[-107.26278008505562,48.19241929617891]]],[[[-107.2626736670007,48.192430337664725],[-107.262639599708,48.19241317563133],[-107.26262459526735,48.19237775722391],[-107.26245262954569,48.19241681080864],[-107.26247374097247,48.192438785969244],[-107.26245409133593,48.19244807021171],[-107.26243482480784,48.19246635801359],[-107.26242774078577,48.192457529739045],[-107.26243346485121,48.192435082877566],[-107.26242638083477,48.192426254608016],[-107.26229385498644,48.19245124910379],[-107.2623078377585,48.19246432478398],[-107.26238892640227,48.19248508605407],[-107.2624289600883,48.192484295244924],[-107.26243536127544,48.192479713004126],[-107.26244230465393,48.19248403163808],[-107.26244914621815,48.19248836599324],[-107.26268308825742,48.19249271262721],[-107.26267600415233,48.192483884368684],[-107.26268901013269,48.19247468841152],[-107.26270137772647,48.19245215319303],[-107.2626736670007,48.192430337664725]],[[-107.26242832180684,48.192470955974514],[-107.26242201671235,48.192479976609924],[-107.26243536127544,48.192479713004126],[-107.26242832180684,48.192470955974514]]]]}"
000000000000000013f8,6384,0,0,0,"{""type"":""MultiPolygon"",""coordinates"":[[[[-107.26238892640227,48.19248508605407],[-107.2624026095125,48.19249375477251],[-107.26241595407778,48.19249349116928],[-107.2624289600883,48.192484295244924],[-107.26238892640227,48.19248508605407]]],[[[-107.26273656850387,48.192491642321265],[-107.26270313379526,48.19249227367737],[-107.26270337629352,48.19249676759876],[-107.26268308825742,48.19249271262721],[-107.26244914621815,48.19248836599324],[-107.26245598778443,48.192492700348225],[-107.26249704294197,48.19251425235393],[-107.26245798604855,48.19253731480103],[-107.26265759030628,48.19267188893242],[-107.26267685688968,48.19265360101325],[-107.2626630718015,48.192644948033426],[-107.26267563741214,48.1926268354291],[-107.26267510086005,48.19261348040482],[-107.26267451975126,48.192600054136825],[-107.26267349821076,48.19257771126123],[-107.26268640240986,48.192568531008874],[-107.26271231261052,48.192550154782396],[-107.26271963923803,48.19256347697574],[-107.26271411324177,48.19259034658793],[-107.26273440134048,48.19259440155885],[-107.26270256921525,48.192630802071974],[-107.2627430436402,48.1926389277416],[-107.26280170575724,48.19260650954434],[-107.26280048618612,48.19257974398804],[-107.26282703479727,48.19257470701421],[-107.26289098013964,48.19251092529188],[-107.26290354561918,48.19249281270702],[-107.262743167623,48.19249148273351],[-107.26276359636768,48.192500047334875],[-107.26273026345848,48.192500662979214],[-107.26273656850387,48.192491642321265]],[[-107.26271705952925,48.192505436271134],[-107.2627311832197,48.19252302154237],[-107.26273026345848,48.192500662979214],[-107.26271705952925,48.192505436271134]],[[-107.26279912592182,48.19254846879783],[-107.26275811497136,48.192526988163166],[-107.26273284318869,48.19255870367768],[-107.26278636243313,48.19256215870968],[-107.26279912592182,48.19254846879783]],[[-107.26279970707755,48.192561895050765],[-107.26278636243313,48.19256215870968],[-107.26278714153517,48.19258000764731],[-107.26280048618612,48.19257974398804],[-107.26279970707755,48.192561895050765]]]]}"
000000000000000013e4,6385,0,0,0,"{""type"":""MultiPolygon"",""coordinates"":[[[[-107.26238892640227,48.19248508605407],[-107.2623078377585,48.19246432478398],[-107.2623291412497,48.192495176793344],[-107.26234923126941,48.19249480916639],[-107.26238266585403,48.192494177936645],[-107.2624026095125,48.19249375477251],[-107.26238892640227,48.19248508605407]]],[[[-107.26245798604855,48.19253731480103],[-107.26244498002107,48.19254651073898],[-107.26238553902083,48.192561079735334],[-107.2623656914135,48.19256594130066],[-107.26247461534163,48.19276475344799],[-107.26249446306772,48.192759891838826],[-107.2625339605979,48.19274574591299],[-107.26258656030755,48.19272684240201],[-107.2625995663883,48.192717646412106],[-107.26262547671831,48.192699270153874],[-107.26265759030628,48.19267188893242],[-107.26245798604855,48.19253731480103]],[[-107.26245795700935,48.192689198379306],[-107.26247193994575,48.19270227409035],[-107.26250547086048,48.192706081224145],[-107.26251803654952,48.19268796861749],[-107.26245795700935,48.192689198379306]]]]}"
000000000000000013b2,6386,0,0,0,"{""type"":""MultiPolygon"",""coordinates"":[[[[-107.2623078377585,48.19246432478398],[-107.26229385498644,48.19245124910379],[-107.26219258053408,48.192426416965006],[-107.26222238487176,48.19249728546706],[-107.2622426727555,48.19250134054021],[-107.26231579669616,48.19249544038421],[-107.2623291412497,48.192495176793344],[-107.2623078377585,48.19246432478398]]],[[[-107.2623656914135,48.19256594130066],[-107.26233968504957,48.192579879036174],[-107.26230547153618,48.192562661305864],[-107.26229896851049,48.19256725926703],[-107.26224603054744,48.19257723022],[-107.26230788026716,48.19276807626726],[-107.26231447940572,48.19276791670763],[-107.26233412922383,48.192758632432884],[-107.26233335034843,48.192740783425435],[-107.26236654269393,48.19273565824874],[-107.26238848464112,48.192779849744596],[-107.26247461534163,48.19276475344799],[-107.2623656914135,48.19256594130066]],[[-107.26231194491594,48.192709946997965],[-107.26229937914682,48.19272805958722],[-107.2623323290218,48.192718440481215],[-107.26231194491594,48.192709946997965]]]]}"
000000000000000013b3,6387,0,0,0,"{""type"":""MultiPolygon"",""coordinates"":[[[[-107.26224603054744,48.19257723022],[-107.26220653322054,48.192591375977074],[-107.26214014886907,48.192601626172205],[-107.26212802337982,48.19262865532627],[-107.26210817575895,48.19263351684492],[-107.26224755829105,48.192764811952074],[-107.26230788026716,48.19276807626726],[-107.26224603054744,48.19257723022]]],[[[-107.26219258053408,48.192426416965006],[-107.26206946103639,48.192361831849674],[-107.2619949206764,48.19233654366705],[-107.2619888579442,48.19235005816519],[-107.26198513135112,48.19241711934514],[-107.26201235662383,48.19242994724225],[-107.26202614138558,48.192438600288526],[-107.26204681219073,48.19245165896424],[-107.2620673366437,48.192464662111995],[-107.262094465951,48.19247305159814],[-107.26209480442604,48.192481983918725],[-107.26216196733806,48.19248958270407],[-107.26222238487176,48.19249728546706],[-107.26219258053408,48.192426416965006]]]]}"
000000000000000013e0,6388,0,0,0,"{""type"":""Polygon"",""coordinates"":[[[-107.26210817575895,48.19263351684492],[-107.26208813027107,48.19263395567043],[-107.26203553073728,48.192652858870595],[-107.26200903945835,48.19265780866268],[-107.26206797077405,48.19278168175101],[-107.2620746144537,48.192781593455855],[-107.26212139382567,48.19278069874898],[-107.26220752437948,48.19276560269549],[-107.26224755829105,48.192764811952074],[-107.26210817575895,48.19263351684492]]]}"
000000000000000013b5,6389,0,0,0,"{""type"":""Polygon"",""coordinates"":[[[-107.26200903945835,48.19265780866268],[-107.2619692481705,48.192663093239254],[-107.2619421187951,48.19265470368924],[-107.26186658279182,48.19275886923999],[-107.26190695497553,48.19276701101348],[-107.26198140000054,48.192787861028854],[-107.26206797077405,48.19278168175101],[-107.26200903945835,48.19265780866268]]]}"
000000000000000013ee,6390,0,0,0,"{""type"":""Polygon"",""coordinates"":[[[-107.26185991338237,48.19260716064706],[-107.26184710510468,48.19262077920764],[-107.26184026363394,48.19261644479633],[-107.26175030473274,48.192698617725256],[-107.26183911499453,48.19274154727748],[-107.26185988186928,48.192759044488845],[-107.26186658279182,48.19275886923999],[-107.2619421187951,48.19265470368924],[-107.26185991338237,48.19260716064706]]]}"
000000000000000013b1,6391,0,0,0,"{""type"":""MultiPolygon"",""coordinates"":[[[[-107.2619501395816,48.192382052636574],[-107.26198513135112,48.19241711934514],[-107.2619888579442,48.19235005816519],[-107.2619501395816,48.192382052636574]]],[[[-107.26179857100327,48.192581553144976],[-107.26173757294352,48.192560423824595],[-107.26164077263088,48.19263826214127],[-107.2616547996888,48.192651409217405],[-107.26168866854114,48.1926641489994],[-107.26170949253265,48.19268155925294],[-107.26175030473274,48.192698617725256],[-107.26184026363394,48.19261644479633],[-107.26179857100327,48.192581553144976]]]]}"
000000000000000013a8,6392,0,0,0,"{""type"":""MultiPolygon"",""coordinates"":[[[[-107.2619805551025,48.19231446442591],[-107.26194154289134,48.19233759781949],[-107.26192223172971,48.19235581423507],[-107.26194285787669,48.192368801668124],[-107.2619501395816,48.192382052636574],[-107.2619888579442,48.19235005816519],[-107.2619949206764,48.19233654366705],[-107.2619805551025,48.19231446442591]]],[[[-107.26171718919213,48.192551930231495],[-107.26166943393763,48.19253055309077],[-107.261654730179,48.19249954138582],[-107.26155075020594,48.19256411275569],[-107.26160602349617,48.192607689090444],[-107.26162645178015,48.19261625396433],[-107.26164077263088,48.19263826214127],[-107.26173757294352,48.192560423824595],[-107.26171718919213,48.192551930231495]]]]}"
000000000000000013bb,6393,0,0,0,"{""type"":""MultiPolygon"",""coordinates"":[[[[-107.26197351580419,48.19230570738604],[-107.26194154289134,48.19233759781949],[-107.2619805551025,48.19231446442591],[-107.26197351580419,48.19230570738604]]],[[[-107.26164769095253,48.192490784289525],[-107.26160463947443,48.192424617467914],[-107.2615979958925,48.192424705727475],[-107.26145412334486,48.19249457699753],[-107.26147494708499,48.19251198725239],[-107.26150241444196,48.192529309254944],[-107.26155075020594,48.19256411275569],[-107.261654730179,48.19249954138582],[-107.26164769095253,48.192490784289525]]]]}"
000000000000000013be,6394,0,0,0,"{""type"":""Polygon"",""coordinates"":[[[-107.26155014493915,48.192398890178715],[-107.26152849815814,48.19236355983377],[-107.26137700607397,48.19241124756553],[-107.2613989464496,48.19245543905583],[-107.26144626117947,48.192467899704944],[-107.26144703962878,48.19248574863814],[-107.26145412334486,48.19249457699753],[-107.2615979958925,48.192424705727475],[-107.26155014493915,48.192398890178715]]]}"
000000000000000013ba,6395,0,0,0,"{""type"":""Polygon"",""coordinates"":[[[-107.26149321326628,48.19231963192468],[-107.26141785086632,48.19227642317441],[-107.26130804495617,48.192363456491094],[-107.26136948228152,48.1923935026195],[-107.26137700607397,48.19241124756553],[-107.26152849815814,48.19236355983377],[-107.26149321326628,48.19231963192468]]]}"
000000000000000013bd,6396,0,0,0,"{""type"":""Polygon"",""coordinates"":[[[-107.26141090772275,48.19227210447739],[-107.26136975798008,48.19224611369023],[-107.26133554557858,48.19222889569492],[-107.26130885694734,48.19222942258384],[-107.2612949765777,48.192216331081376],[-107.26122564377975,48.19231149045068],[-107.2612462694996,48.19232447803331],[-107.26127373655011,48.19234180004753],[-107.26129436231359,48.192354787626186],[-107.26130804495617,48.192363456491094],[-107.26141785086632,48.19227642317441],[-107.26141090772275,48.19227210447739]]]}"
000000000000000013bc,6397,0,0,0,"{""type"":""Polygon"",""coordinates"":[[[-107.26128769518618,48.19220308009688],[-107.26125314461746,48.192176929805115],[-107.26123431799525,48.19220413383838],[-107.26122131196796,48.192213329552516],[-107.26120660875534,48.192182317951435],[-107.26109612644106,48.192251486282764],[-107.26111655430365,48.19226005121806],[-107.26115736551787,48.19227710983123],[-107.26117808712353,48.19229453580682],[-107.26122564377975,48.19231149045068],[-107.2612949765777,48.192216331081376],[-107.26128769518618,48.19220308009688]]]}"
000000000000000013a5,6398,0,0,0,"{""type"":""Polygon"",""coordinates"":[[[-107.2611253247347,48.19215713308711],[-107.26110358264171,48.19211736442132],[-107.26099377688958,48.1922043971123],[-107.26104812994869,48.192225615019936],[-107.26109612644106,48.192251486282764],[-107.26120660875534,48.192182317951435],[-107.26120616867789,48.192173401393],[-107.2611253247347,48.19215713308711]]]}"
000000000000000013ab,6399,0,0,0,"{""type"":""Polygon"",""coordinates"":[[[-107.26098788921229,48.19207053876546],[-107.26088488604006,48.19215738035297],[-107.26092569693428,48.19217443903956],[-107.26097359139872,48.19220032606366],[-107.26099377688958,48.1922043971123],[-107.26110358264171,48.19211736442132],[-107.26098788921229,48.19207053876546]]]}"
000000000000000013ad,6400,0,0,0,"{""type"":""Polygon"",""coordinates"":[[[-107.26094727610219,48.19205790278419],[-107.26090602530493,48.19203192760409],[-107.26089156474066,48.19200540994163],[-107.26076929486385,48.19211053866747],[-107.26088488604006,48.19215738035297],[-107.26098788921229,48.19207053876546],[-107.26094727610219,48.19205790278419]]]}"
000000000000000013b0,6401,0,0,0,"{""type"":""Polygon"",""coordinates"":[[[-107.26088462174651,48.19200109122494],[-107.26077631216162,48.19196750063411],[-107.2607696687211,48.19196758883199],[-107.26066636608853,48.19205002308623],[-107.26070057776778,48.19206724128],[-107.26075570841066,48.192106308130946],[-107.26076929486385,48.19211053866747],[-107.26089156474066,48.19200540994163],[-107.26088462174651,48.19200109122494]]]}"
000000000000000013fa,6402,0,0,0,"{""type"":""Polygon"",""coordinates"":[[[-107.26073550162168,48.19195044194189],[-107.26073428354007,48.19192367665422],[-107.26070565639573,48.1918795023723],[-107.26055703656348,48.191994089526354],[-107.26056387767925,48.191998423987016],[-107.26057790396895,48.19201157108063],[-107.26066636608853,48.19205002308623],[-107.2607696687211,48.19196758883199],[-107.26073550162168,48.19195044194189]]]}"
000000000000000014a6,6403,0,0,0,"{""type"":""Polygon"",""coordinates"":[[[-107.26069861757009,48.191870745299106],[-107.26049733425711,48.19185236843678],[-107.26049093308572,48.1918569504935],[-107.26049127117882,48.19186588272518],[-107.2604879819882,48.19194185982085],[-107.26055019544981,48.191989755065514],[-107.26055703656348,48.191994089526354],[-107.26070565639573,48.1918795023723],[-107.26069861757009,48.191870745299106]]]}"
000000000000000013ac,6404,0,0,0,"{""type"":""Polygon"",""coordinates"":[[[-107.26055996672802,48.19175738556079],[-107.26055366145056,48.1917664059562],[-107.26051518536508,48.19180289336849],[-107.26050383724053,48.191847770660985],[-107.26049733425711,48.19185236843678],[-107.26069861757009,48.191870745299106],[-107.26069133649487,48.19185749434812],[-107.26074413246317,48.19184301483118],[-107.2607566984283,48.19182490274419],[-107.26076300368214,48.19181588232604],[-107.26055996672802,48.19175738556079]]]}"
000000000000000013af,6405,0,0,0,"{""type"":""Polygon"",""coordinates"":[[[-107.26041981823049,48.19160824154178],[-107.26041321943003,48.19160840095908],[-107.26037925061073,48.19159567665396],[-107.26033853667408,48.19158305622268],[-107.26031184879103,48.191583582809024],[-107.26025891289947,48.19159355242794],[-107.2603338318009,48.191627845145504],[-107.26034805550877,48.191645414801684],[-107.26037474344662,48.19164488820328],[-107.26040220935336,48.19166221027285],[-107.26045592337874,48.19167008923539],[-107.26048338936569,48.19168741128797],[-107.26058330036814,48.1916809702553],[-107.26060392538797,48.19169395783855],[-107.26058451834894,48.19170773542438],[-107.26056544941254,48.19173044521812],[-107.26056613157719,48.19174385557779],[-107.26055996672802,48.19175738556079],[-107.26076300368214,48.19181588232604],[-107.2607759077937,48.19180670246519],[-107.26076838443166,48.19178895766436],[-107.26078139034583,48.19177976208838],[-107.26078789330113,48.19177516430037],[-107.2607539240646,48.19176244009821],[-107.26078569931202,48.19172612778652],[-107.26041981823049,48.19160824154178]]]}"
000000000000000013ae,6406,0,0,0,"{""type"":""GeometryCollection"",""geometries"":[{""type"":""LineString"",""coordinates"":[[-107.26041983392926,48.19160825369311],[-107.26045359624975,48.19161652209925],[-107.26048068465943,48.19162492179211]]},{""type"":""LineString"",""coordinates"":[[-107.26033856878121,48.19158305455092],[-107.26037920134547,48.19159565412935]]},{""type"":""Polygon"",""coordinates"":[[[-107.2606726775872,48.191585373996475],[-107.26065341105702,48.19160366114203],[-107.26064084514196,48.191621773138316],[-107.26060081314941,48.191622563145955],[-107.26056737998643,48.191623193708665],[-107.26051390816995,48.19161980867509],[-107.26048071726902,48.19162493306629],[-107.26078569931202,48.19172612778652],[-107.26080452589011,48.191698924088676],[-107.26082403470335,48.19168513074229],[-107.26084266351565,48.19165350444558],[-107.2606726775872,48.191585373996475]]]}]}"
000000000000000013a9,6407,0,0,0,"{""type"":""Polygon"",""coordinates"":[[[-107.26072283926584,48.19151294179549],[-107.26071051566763,48.19153554761895],[-107.26069110873377,48.191549325182294],[-107.26067898280891,48.19157635362559],[-107.2606726775872,48.191585373996475],[-107.26084266351565,48.19165350444558],[-107.26084222352053,48.191644587972725],[-107.26088822264308,48.19162584527827],[-107.26088069924567,48.19160810054792],[-107.2609054926884,48.191562944333505],[-107.26072283926584,48.19151294179549]]]}"
000000000000000013aa,6408,0,0,0,"{""type"":""Polygon"",""coordinates"":[[[-107.26077940775103,48.191431473601504],[-107.26074137214329,48.19147687730401],[-107.26072283926584,48.19151294179549],[-107.2609054926884,48.191562944333505],[-107.26090505267673,48.19155402787664],[-107.26095027344937,48.19151743656587],[-107.26092940603547,48.1914999552564],[-107.260975500899,48.19148565089414],[-107.26077940775103,48.191431473601504]]]}"
0000000000000000136a,6409,0,0,0,"{""type"":""Polygon"",""coordinates"":[[[-107.26088877126155,48.19133552606657],[-107.26085655644924,48.19136292170756],[-107.2608442329731,48.19138552748084],[-107.26081788326869,48.19139498635446],[-107.26077940775103,48.191431473601504],[-107.260975500899,48.19148565089414],[-107.26097530315978,48.191481228295686],[-107.26100063237976,48.191449426920784],[-107.26088877126155,48.19133552606657]]]}"
00000000000000001365,6410,0,0,0,"{""type"":""Polygon"",""coordinates"":[[[-107.26101381304419,48.19129286080334],[-107.26099396625627,48.191297721947514],[-107.26092094148483,48.19130805918365],[-107.26088877126155,48.19133552606657],[-107.26100063237976,48.191449426920784],[-107.2610066952238,48.191435912712784],[-107.2610584186621,48.19139472367016],[-107.26110504941367,48.19139377401241],[-107.26101381304419,48.19129286080334]]]}"
00000000000000001355,6411,0,0,0,"{""type"":""Polygon"",""coordinates"":[[[-107.2611658808549,48.19125860072405],[-107.26115253691165,48.19125886413156],[-107.26107999674178,48.19127818913387],[-107.26102031589622,48.191288263044626],[-107.26101381304419,48.19129286080334],[-107.26110504941367,48.19139377401241],[-107.26119161621291,48.19138759578878],[-107.2611658808549,48.19125860072405]]]}"
00000000000000001364,6412,0,0,0,"{""type"":""Polygon"",""coordinates"":[[[-107.26126525527297,48.19123880434985],[-107.26117922479995,48.19125833731463],[-107.2611658808549,48.19125860072405],[-107.26119161621291,48.19138759578878],[-107.26126483906364,48.1913816809117],[-107.26127842539564,48.19138591132116],[-107.26129758981651,48.19136763985289],[-107.26131093381952,48.19136737642315],[-107.26130528713452,48.19123801407423],[-107.26126525527297,48.19123880434985]]]}"
00000000000000001369,6413,0,0,0,"{""type"":""Polygon"",""coordinates"":[[[-107.26145251091526,48.191244032647674],[-107.26143242176562,48.191244400056206],[-107.26140539548932,48.19123599482749],[-107.2613588607625,48.191241382922776],[-107.26130528713452,48.19123801407423],[-107.26131093381952,48.19136737642315],[-107.26134412468032,48.19136225177095],[-107.26134636400012,48.19141135916049],[-107.26138619829297,48.191406146252824],[-107.2614134224717,48.19141897410186],[-107.26145921153525,48.19124385743996],[-107.26145251091526,48.191244032647674]]]}"
000000000000000013a6,6414,0,0,0,"{""type"":""Polygon"",""coordinates"":[[[-107.26159303435493,48.19125022620651],[-107.26157935198555,48.191241557558094],[-107.2615194731952,48.19124720919979],[-107.26145921153525,48.19124385743996],[-107.2614134224717,48.19141897410186],[-107.26144001456605,48.191414008895634],[-107.26146019979494,48.191418079792214],[-107.26152007883265,48.19141242816292],[-107.2615404618957,48.191420921631995],[-107.26159997735509,48.19125454481039],[-107.26159303435493,48.19125022620651]]]}"
0000000000000000135f,6415,0,0,0,"{""type"":""Polygon"",""coordinates"":[[[-107.26179251774376,48.19122840972754],[-107.26175932689985,48.19123353452135],[-107.2617257976546,48.19122972719081],[-107.26167276000709,48.19123971324123],[-107.26163956918083,48.19124483799429],[-107.26163370438293,48.19126277476398],[-107.26159997735509,48.19125454481039],[-107.2615404618957,48.191420921631995],[-107.26157443140009,48.191433645466724],[-107.26160092171867,48.19142869593371],[-107.26163489127357,48.19144141974765],[-107.26179911657239,48.19122825021585],[-107.26179251774376,48.19122840972754]],[[-107.26171401087133,48.19126568770036],[-107.26169372382599,48.19126163258915],[-107.26170100524534,48.19127488330582],[-107.26171401087133,48.19126568770036]],[[-107.26168688261885,48.191257298271836],[-107.26165335338699,48.19125349091394],[-107.26167431719685,48.19127541027205],[-107.26168688261885,48.191257298271836]]]}"
00000000000000001363,6416,0,0,0,"{""type"":""Polygon"",""coordinates"":[[[-107.26194638576095,48.19123433925487],[-107.26189252477903,48.19122640568094],[-107.26187918074412,48.19122666919162],[-107.26185923787794,48.19122709221679],[-107.2618194036353,48.19123230530178],[-107.26179911657239,48.19122825021585],[-107.26163489127357,48.19144141974765],[-107.26169554903979,48.19145361658201],[-107.26175600905252,48.19146139078605],[-107.26199248041708,48.19122003448156],[-107.2619923398117,48.19121552494456],[-107.26194638576095,48.19123433925487]],[[-107.26186259502455,48.191302980094484],[-107.2618631313092,48.19131633479854],[-107.26187613693419,48.19130713916392],[-107.26186259502455,48.191302980094484]],[[-107.26179485370488,48.19128195526394],[-107.2617746684362,48.19127788444924],[-107.26178184808104,48.19129115088314],[-107.26179485370488,48.19128195526394]],[[-107.26186259502455,48.191302980094484],[-107.2618550711294,48.19128523556166],[-107.26183546666708,48.19129459070467],[-107.26182173963554,48.191285850840494],[-107.26181581764571,48.19130387459966],[-107.26186259502455,48.191302980094484]]]}"
000000000000000013a7,6417,0,0,0,"{""type"":""MultiPolygon"",""coordinates"":[[[[-107.2620506311014,48.19132605571935],[-107.26203806577892,48.19134416778824],[-107.26204466464523,48.19134400825837],[-107.26206397519645,48.1913257921828],[-107.2620506311014,48.19132605571935]]],[[[-107.2620506311014,48.19132605571935],[-107.26205689148148,48.19131696406386],[-107.26206397519645,48.1913257921828],[-107.26212185645626,48.191275526743425],[-107.26208832700051,48.19127171954181],[-107.2620886654928,48.1912806516587],[-107.26202844789778,48.191277371512115],[-107.26205435726732,48.19125899593375],[-107.26206726103861,48.19124981600479],[-107.26202722883949,48.19125060660689],[-107.26199389731542,48.191251221945855],[-107.26201276754055,48.19122408952445],[-107.26199248041708,48.19122003448156],[-107.26175600905252,48.19146139078605],[-107.26177619441258,48.1914654616165],[-107.26187135841123,48.19150373685087],[-107.26201249481458,48.1913714755266],[-107.26200565352697,48.19136714122501],[-107.2620189976304,48.19136687769431],[-107.26202550044505,48.191362279862005],[-107.26201015854176,48.1913179299126],[-107.2620506311014,48.19132605571935]],[[-107.26208930367336,48.191293990633156],[-107.2621022074541,48.191284810693176],[-107.2620886654928,48.1912806516587],[-107.26208930367336,48.191293990633156]],[[-107.26193053432702,48.19132842746272],[-107.26193771404792,48.19134169389574],[-107.26195731853299,48.19133233872293],[-107.26193053432702,48.19132842746272]]]]}"
0000000000000000135d,6418,0,0,0,"{""type"":""GeometryCollection"",""geometries"":[{""type"":""LineString"",""coordinates"":[[-107.26202548915559,48.19136227263065],[-107.26201901177143,48.19136686644976]]},{""type"":""Polygon"",""coordinates"":[[[-107.26193987894065,48.19154261030678],[-107.2619740912541,48.191559827865106],[-107.26212876970764,48.19143172528932],[-107.26209402100818,48.19140115310286],[-107.26209984108878,48.191383145016395],[-107.26209266129048,48.19136987858705],[-107.26203297989392,48.191379953158815],[-107.26202583892056,48.191371211994856],[-107.26201249481458,48.1913714755266],[-107.26187135841123,48.19150373685087],[-107.2619053282274,48.19151646058057],[-107.26191915718438,48.19152518474765],[-107.26192599848248,48.19152951906812],[-107.26193987894065,48.19154261030678]],[[-107.26193910022356,48.19152476170327],[-107.26192541762595,48.191516093064884],[-107.26192599848248,48.19152951906812],[-107.26193910022356,48.19152476170327]]]},{""type"":""Polygon"",""coordinates"":[[[-107.26204466464523,48.19134400825837],[-107.26213327458218,48.191382513914476],[-107.26215390034628,48.191395501072435],[-107.26219975279318,48.19137670232077],[-107.26227063963206,48.19131724106238],[-107.2622560762861,48.19129073970983],[-107.26222929198876,48.191286828538374],[-107.26221672674347,48.19130494061523],[-107.26218935575545,48.19129205750801],[-107.26217703293445,48.191314663405414],[-107.26213641967976,48.191302028111814],[-107.26214854463203,48.191274999649565],[-107.26212185645626,48.191275526743425],[-107.26206397519645,48.1913257921828],[-107.26204466464523,48.19134400825837]],[[-107.2622237659529,48.19131369747351],[-107.26223104761273,48.19132694815695],[-107.26223735251568,48.191317927735966],[-107.2622237659529,48.19131369747351]],[[-107.2621444801226,48.191333127328285],[-107.26215165993781,48.19134639374409],[-107.26215796485823,48.19133737332456],[-107.2621444801226,48.191333127328285]],[[-107.2620645115542,48.19133914688967],[-107.26207751716721,48.19132995122408],[-107.26206397519645,48.1913257921828],[-107.2620645115542,48.19133914688967]]]}]}"
000000000000000013b6,6419,0,0,0,"{""type"":""MultiPolygon"",""coordinates"":[[[[-107.26221195000583,48.19150153826566],[-107.26218424037067,48.191479722961276],[-107.26215701564884,48.19146689532985],[-107.26214265023573,48.19144481647263],[-107.26212876970764,48.19143172528932],[-107.2619740912541,48.191559827865106],[-107.26198093256879,48.191564162184086],[-107.26203586678798,48.19159880528799],[-107.26207653753634,48.19161135372246],[-107.26221889316993,48.19150585684119],[-107.26221195000583,48.19150153826566]]],[[[-107.26233085747577,48.19132052105321],[-107.26230416921541,48.19132104820036],[-107.26229854713397,48.191343478855245],[-107.26229082508793,48.19132131177108],[-107.26227063963206,48.19131724106238],[-107.26219975279318,48.19137670232077],[-107.26217452612904,48.19140848822869],[-107.2622622112305,48.19142908971213],[-107.26229618126335,48.19144181328004],[-107.26233509631943,48.191414241855156],[-107.26232835105256,48.19141434588121],[-107.26232087143326,48.191396672600206],[-107.26236726606791,48.19138677445866],[-107.26238016985465,48.19137759446504],[-107.26237288812143,48.19136434378204],[-107.26239317544989,48.19136839875044],[-107.26241922546946,48.19135453258868],[-107.26242528787468,48.19134101832652],[-107.2624113626835,48.19132785596702],[-107.26239151574914,48.191332717407036],[-107.26235876504121,48.1913467588286],[-107.26233085747577,48.19132052105321]],[[-107.26234566335751,48.19135151623323],[-107.26235270261516,48.191360273088556],[-107.26235876504121,48.1913467588286],[-107.26234566335751,48.19135151623323]],[[-107.26229990702939,48.19137475334799],[-107.26228709932116,48.1913883716349],[-107.26232087143326,48.191396672600206],[-107.26229990702939,48.19137475334799]],[[-107.26225157159162,48.1913399510003],[-107.26227297628712,48.191370786659654],[-107.26228520299922,48.19134374242548],[-107.26225157159162,48.1913399510003]],[[-107.26222610253949,48.191367243070076],[-107.26223352484244,48.191385003316555],[-107.26226065347443,48.19139339260129],[-107.26227365908778,48.19138419689968],[-107.26222610253949,48.191367243070076]]]]}"
00000000000000001395,6420,0,0,0,"{""type"":""GeometryCollection"",""geometries"":[{""type"":""LineString"",""coordinates"":[[-107.26241277065434,48.19135911403654],[-107.26241257412417,48.19135465160422],[-107.26241924800152,48.19135452019579]]},{""type"":""Polygon"",""coordinates"":[[[-107.26251331750036,48.191366097653756],[-107.26250701263555,48.19137511810013],[-107.26251991640359,48.19136593809022],[-107.26251331750036,48.191366097653756]]]},{""type"":""Polygon"",""coordinates"":[[[-107.2624869677434,48.19137555698335],[-107.26247440255308,48.191393669122995],[-107.26247484295111,48.19140258553577],[-107.2625005098431,48.19137971596562],[-107.2624869677434,48.19137555698335]]]},{""type"":""Polygon"",""coordinates"":[[[-107.26233509631943,48.191414241855156],[-107.26229618126335,48.19144181328004],[-107.26232330996866,48.191450202554236],[-107.26235683969573,48.191454009679774],[-107.26235606077219,48.19143616111484],[-107.26236212321247,48.191422646834866],[-107.26233509631943,48.191414241855156]]]},{""type"":""Polygon"",""coordinates"":[[[-107.26253796285168,48.19132088574405],[-107.26253742632055,48.19130753104884],[-107.2625301445296,48.191294280396846],[-107.26251127453222,48.191321412950266],[-107.26248458621994,48.191321940148896],[-107.26251982028963,48.191361499788684],[-107.26254548713587,48.19133863022546],[-107.26255213059146,48.19133854190536],[-107.26255839088634,48.19132945021716],[-107.26253796285168,48.19132088574405]]]},{""type"":""Polygon"",""coordinates"":[[[-107.26227484900765,48.19156284220953],[-107.26228066904575,48.19154483405801],[-107.26225276142543,48.191518596162865],[-107.26221889316993,48.19150585684119],[-107.26207653753634,48.19161135372246],[-107.26209696551207,48.19161991834238],[-107.26211064821166,48.191628586970786],[-107.26218611257833,48.191671778922235],[-107.26230163351943,48.19156675338328],[-107.26227484900765,48.19156284220953]]]},{""type"":""Polygon"",""coordinates"":[[[-107.26242806514117,48.19140348035189],[-107.26244038787904,48.191380874386326],[-107.26241369954411,48.19138140156643],[-107.26242650722142,48.191367783265214],[-107.2624128244896,48.19135911472548],[-107.26239317544989,48.19136839875044],[-107.26240651960885,48.19136813516446],[-107.2623869151186,48.19137749043548],[-107.26236726606791,48.19138677445866],[-107.26238119125654,48.19139993683932],[-107.26242884410085,48.191421328904276],[-107.26241671925581,48.191448357474115],[-107.26243006344689,48.19144809388366],[-107.2624620352713,48.19141620385248],[-107.26242806514117,48.19140348035189]]]}]}"
000000000000000013b9,6421,0,0,0,"{""type"":""GeometryCollection"",""geometries"":[{""type"":""LineString"",""coordinates"":[[-107.26251994577457,48.19136593631885],[-107.26251974923504,48.19136147388687]]},{""type"":""Polygon"",""coordinates"":[[[-107.26237001428963,48.19160111698764],[-107.26235622968547,48.191592464124],[-107.26232934331955,48.19158856868556],[-107.2623085767123,48.19157107195692],[-107.26230163351943,48.19156675338328],[-107.26218611257833,48.191671778922235],[-107.2622201788443,48.19168894090156],[-107.26230190396197,48.19172304106547],[-107.26241038557899,48.191609258393534],[-107.26237001428963,48.19160111698764]]]},{""type"":""Polygon"",""coordinates"":[[[-107.26263889636296,48.19133678493459],[-107.26259910631843,48.191342069608446],[-107.26256513615448,48.19132934617509],[-107.26255839088634,48.19132945021716],[-107.26255213059146,48.19133854190536],[-107.26257925935917,48.19134693108923],[-107.26255368863573,48.19137423896706],[-107.26254548713587,48.19133863022546],[-107.26251982028963,48.191361499788684],[-107.26254000585257,48.1913655704457],[-107.2625270002734,48.19137476617927],[-107.26251991640359,48.19136593809022],[-107.26250701263555,48.19137511810013],[-107.2625005098431,48.19137971596562],[-107.26247484295111,48.19140258553577],[-107.26248168433544,48.19140691980438],[-107.26246887665549,48.19142053812312],[-107.2624620352713,48.19141620385248],[-107.26243006344689,48.19144809388366],[-107.26250362582552,48.1914511101732],[-107.26254443745908,48.19146816792467],[-107.2625635054568,48.19144545787449],[-107.26253725745303,48.19145490151248],[-107.26255544461078,48.19141435863723],[-107.2625757320273,48.191418413568655],[-107.26257651105878,48.19143626212308],[-107.26260848279863,48.1914043720524],[-107.26260178206891,48.19140454734366],[-107.26261478765163,48.19139535159467],[-107.26264651683556,48.19135896771238],[-107.26263889636296,48.19133678493459]],[[-107.26258610075409,48.19135126534556],[-107.26259338257863,48.191364516006765],[-107.26260628633385,48.19135533598742],[-107.26258610075409,48.19135126534556]],[[-107.26250890922636,48.19141974732487],[-107.26251599310162,48.19142857542359],[-107.26252899870211,48.19141937968159],[-107.26250890922636,48.19141974732487]]]}]}"
000000000000000013a0,6422,0,0,0,"{""type"":""MultiPolygon"",""coordinates"":[[[[-107.26261532420907,48.19140870631098],[-107.26266141917564,48.191394401161354],[-107.26264651683556,48.19135896771238],[-107.26261478765163,48.19139535159467],[-107.26261532420907,48.19140870631098]]],[[[-107.2625635054568,48.19144545787449],[-107.26254443745908,48.19146816792467],[-107.26257180880233,48.19148105096462],[-107.2625711258936,48.19146764070485],[-107.2625635054568,48.19144545787449]]],[[[-107.26261532420907,48.19140870631098],[-107.26260848279863,48.1914043720524],[-107.26257651105878,48.19143626212308],[-107.26260300154256,48.1914313123091],[-107.2626161032602,48.191426554861295],[-107.26261532420907,48.19140870631098]]],[[[-107.26249147255609,48.19163001928299],[-107.26243101162154,48.19162224554068],[-107.26243067305101,48.19161331336918],[-107.26241038557899,48.191609258393534],[-107.26230190396197,48.19172304106547],[-107.26235717744747,48.19176661626853],[-107.26239769527378,48.19177481322615],[-107.26241147995725,48.1917834661117],[-107.26252588333848,48.19165165926391],[-107.26249147255609,48.19163001928299]]]]}"
00000000000000001396,6423,0,0,0,"{""type"":""Polygon"",""coordinates"":[[[-107.2626085286539,48.19170811735163],[-107.26261434858199,48.19169010913312],[-107.26258062058896,48.191681879481905],[-107.26256693768948,48.19167321091681],[-107.26253980869764,48.19166482168329],[-107.26252588333848,48.19165165926391],[-107.26241147995725,48.1917834661117],[-107.26242516283466,48.19179213471762],[-107.26247223515594,48.19180010083907],[-107.2625190134882,48.19179920598146],[-107.26255274154818,48.19180743567092],[-107.26262207090299,48.19171227633916],[-107.2626085286539,48.19170811735163]]]}"
00000000000000001397,6424,0,0,0,"{""type"":""Polygon"",""coordinates"":[[[-107.26271650274342,48.19173277344158],[-107.26262207090299,48.19171227633916],[-107.26255274154818,48.19180743567092],[-107.26255938508822,48.191807347347364],[-107.26258695461128,48.191824653078186],[-107.26266755730933,48.19183642615334],[-107.2626811441751,48.191840656387186],[-107.26273702721318,48.19174577626866],[-107.26271650274342,48.19173277344158]]]}"
00000000000000001398,6425,0,0,0,"{""type"":""Polygon"",""coordinates"":[[[-107.26281069227062,48.191748776596526],[-107.26280521107232,48.19177571703908],[-107.26278512134422,48.19177608474904],[-107.2627505695094,48.19174993523983],[-107.26273702721318,48.19174577626866],[-107.2626811441751,48.191840656387186],[-107.26270817155124,48.19184906132513],[-107.26278217543906,48.19186099388508],[-107.26280280182799,48.19187398100549],[-107.26282323027517,48.19188254550154],[-107.26284500164994,48.19177043222286],[-107.26281069227062,48.191748776596526]]]}"
00000000000000001394,6426,0,0,0,"{""type"":""Polygon"",""coordinates"":[[[-107.26295792078841,48.191754792799394],[-107.26293865479427,48.19177308044867],[-107.2628656280283,48.19178341930776],[-107.26284500164994,48.19177043222286],[-107.26282323027517,48.19188254550154],[-107.26283657468025,48.19188228184697],[-107.26285089620326,48.191904289520345],[-107.26297221574393,48.191928681729124],[-107.26296047426814,48.191964714094915],[-107.26294654859299,48.1919515516698],[-107.2629068539429,48.19196127490218],[-107.26288700661657,48.191966136512924],[-107.2629808582787,48.19197320732299],[-107.26295792078841,48.191754792799394]]]}"
00000000000000001390,6427,0,0,0,"{""type"":""Polygon"",""coordinates"":[[[-107.26307879952526,48.19177026834053],[-107.26305211072865,48.191770795713694],[-107.26303206550682,48.191771234722374],[-107.26300401624265,48.1917404873791],[-107.26299125310831,48.19175417709967],[-107.26296456434818,48.19175470444741],[-107.26295792078841,48.191754792799394],[-107.2629808582787,48.19197320732299],[-107.26301482930889,48.191985930742455],[-107.2631757423706,48.192000615150185],[-107.26307879952526,48.19177026834053]]]}"
00000000000000001393,6428,0,0,0,"{""type"":""Polygon"",""coordinates"":[[[-107.26316317160429,48.19171505186237],[-107.26313692337949,48.19172449571815],[-107.26312469701713,48.19175154024699],[-107.26307879952526,48.19177026834053],[-107.2631757423706,48.192000615150185],[-107.2631826858088,48.19200493368988],[-107.26328260021805,48.191998489722785],[-107.26339522058286,48.191978442784354],[-107.26316317160429,48.19171505186237]]]}"
0000000000000000139b,6429,0,0,0,"{""type"":""MultiPolygon"",""coordinates"":[[[[-107.26350752657694,48.19179758216935],[-107.26352145248603,48.19181074446876],[-107.26358255340517,48.19183185660676],[-107.26358231079428,48.19182736274705],[-107.26350752657694,48.19179758216935]]],[[[-107.26320814894156,48.19167396554961],[-107.26318874231431,48.19168774364622],[-107.2631890810688,48.19169667582298],[-107.26317617724628,48.19170585598173],[-107.26316317160429,48.19171505186237],[-107.26339522058286,48.191978442784354],[-107.26343515793253,48.19197321321676],[-107.26346160438854,48.19196819185622],[-107.26345412405102,48.191950518496306],[-107.26343966128198,48.1919240013145],[-107.26342587615183,48.19191534856487],[-107.26342553734294,48.191906416353326],[-107.26342475790956,48.191888567657024],[-107.26343766177459,48.191879387432],[-107.26343717658919,48.191870399703205],[-107.26340970819166,48.19185307849683],[-107.26342271386031,48.191843882558075],[-107.2634222732358,48.19183496608084],[-107.26342115499266,48.191808185213766],[-107.26344706447397,48.1917898090719],[-107.2634597702615,48.1917762062516],[-107.26320814894156,48.19167396554961]]]]}"
000000000000000013a4,6430,0,0,0,"{""type"":""Polygon"",""coordinates"":[[[-107.26355856596632,48.19174298120335],[-107.26352357266585,48.19170791555495],[-107.2635298774203,48.19169889498774],[-107.26329864017423,48.191605147719024],[-107.26328015372934,48.191641283989725],[-107.26325346496834,48.19164181141667],[-107.26322115456352,48.19166476967056],[-107.26320814894156,48.19167396554961],[-107.2634597702615,48.1917762062516],[-107.26347175383805,48.19174466781893],[-107.26348431881858,48.19172655543363],[-107.26348587775264,48.19176225272004],[-107.26350752657694,48.19179758216935],[-107.26358231079428,48.19182736274705],[-107.263594677714,48.1918048277069],[-107.26355856596632,48.19174298120335]]]}"
0000000000000000138d,6431,0,0,0,"{""type"":""Polygon"",""coordinates"":[[[-107.26333589449227,48.1915418943603],[-107.26329864017423,48.191605147719024],[-107.2635298774203,48.19169889498774],[-107.26354219975605,48.19167628876444],[-107.2635609286305,48.191644646267754],[-107.26358483825275,48.191581656526225],[-107.26333589449227,48.1915418943603]]]}"
00000000000000001385,6432,0,0,0,"{""type"":""Polygon"",""coordinates"":[[[-107.26364218194333,48.19151803521028],[-107.26365474677675,48.191499922884184],[-107.26337227305223,48.19145635420751],[-107.26337955523786,48.19146960482631],[-107.26333589449227,48.1915418943603],[-107.26358483825275,48.191581656526225],[-107.26358464019785,48.19157723393311],[-107.2636228717155,48.19153625166145],[-107.26362903561551,48.19152272156253],[-107.26364218194333,48.19151803521028]],[[-107.26362903561551,48.19152272156253],[-107.2636283968757,48.1915093825547],[-107.26361549316816,48.191518562737016],[-107.26362903561551,48.19152272156253]]]}"
0000000000000000138f,6433,0,0,0,"{""type"":""Polygon"",""coordinates"":[[[-107.26367919309197,48.191450288009435],[-107.26365944778951,48.191455134005125],[-107.26363726201924,48.19140645011572],[-107.26364962874695,48.191383915253056],[-107.26337555630629,48.19138037786245],[-107.2633628506501,48.191393980566275],[-107.26335062455475,48.191421024947786],[-107.26337227305223,48.19145635420751],[-107.26365474677675,48.191499922884184],[-107.26368647541108,48.19146353860003],[-107.26367919309197,48.191450288009435]],[[-107.26364546467381,48.1914420587805],[-107.26362547676037,48.191442410941676],[-107.26363256099312,48.19145123895272],[-107.26364546467381,48.1914420587805]]]}"
00000000000000001384,6434,0,0,0,"{""type"":""MultiPolygon"",""coordinates"":[[[[-107.26372521532265,48.19127966421494],[-107.26373283652812,48.1913018468639],[-107.26375952518067,48.19130131930982],[-107.2637723325268,48.191287700858126],[-107.26379989708263,48.19130946006962],[-107.26383196990353,48.191277553964255],[-107.26372521532265,48.19127966421494]]],[[[-107.26368674154037,48.19131615250343],[-107.26365961220849,48.19130776365173],[-107.26367193432904,48.191285157584744],[-107.26339184499687,48.19129520579353],[-107.26340694618759,48.191335061636636],[-107.26338798040304,48.19135775607471],[-107.26337555630629,48.19138037786245],[-107.26364962874695,48.191383915253056],[-107.26365569079394,48.19137040091476],[-107.26369436272483,48.191338335171324],[-107.26368674154037,48.19131615250343]]]]}"
00000000000000001357,6435,0,0,0,"{""type"":""MultiPolygon"",""coordinates"":[[[[-107.26365096886767,48.191263238700714],[-107.26365669201438,48.19124079229745],[-107.26364192941418,48.19120986866175],[-107.26361421869636,48.191188053918125],[-107.26363386759924,48.19117876967842],[-107.2633616554069,48.19121533597644],[-107.26339184499687,48.19129520579353],[-107.26367193432904,48.191285157584744],[-107.26367173626153,48.19128073501699],[-107.26365096886767,48.191263238700714]]],[[[-107.26366055613508,48.19117824215606],[-107.26366783840267,48.19119149268109],[-107.26366197446194,48.191209429534815],[-107.26368318253213,48.19123584220287],[-107.26367095669,48.19126288653774],[-107.26372477461685,48.19127074783646],[-107.26372521532265,48.19127966421494],[-107.26383196990353,48.191277553964255],[-107.26384487349901,48.191268373797605],[-107.26388412681601,48.19124973394672],[-107.26391047653637,48.191240274257126],[-107.26393672443687,48.191230830284695],[-107.26398292116191,48.191216508827594],[-107.26404158063731,48.19118409081326],[-107.26405414520251,48.19116597855626],[-107.26407355140424,48.191152200431695],[-107.26409295759525,48.191138422307084],[-107.26411910911929,48.19112454002963],[-107.26411886643788,48.191120046233266],[-107.26366055613508,48.19117824215606]]]]}"
000000000000000013a3,6436,0,0,0,"{""type"":""Polygon"",""coordinates"":[[[-107.2641020639837,48.19103998437421],[-107.26383605462337,48.19106754714939],[-107.26382955195648,48.19107214507492],[-107.26382935386839,48.19106772252585],[-107.26381620770181,48.19107240885965],[-107.26380310609159,48.1910771664366],[-107.26380286344896,48.19107267264249],[-107.26373638484607,48.19107848532278],[-107.26375006799252,48.19108715361726],[-107.2637326616973,48.191145544867794],[-107.26369722796795,48.191101563322675],[-107.2637233794968,48.19108768116259],[-107.2637296395385,48.19107858944767],[-107.26331762386808,48.19112690059033],[-107.26332470795083,48.19113572857514],[-107.26334039039506,48.191189010206394],[-107.2633616554069,48.19121533597644],[-107.26363386759924,48.19117876967842],[-107.26366021725741,48.191169310071814],[-107.26366055613508,48.19117824215606],[-107.26411886643788,48.191120046233266],[-107.2641020639837,48.19103998437421]],[[-107.26360425895902,48.191112325998226],[-107.26358397136066,48.19110827131228],[-107.26359169425855,48.191130438181354],[-107.26360425895902,48.191112325998226]]]}"
0000000000000000135a,6437,0,0,0,"{""type"":""Polygon"",""coordinates"":[[[-107.26408671933928,48.19099563509699],[-107.26407821634368,48.19095561996567],[-107.26387218900705,48.19097751382882],[-107.26384764145946,48.19102716401582],[-107.26382129189831,48.19103662364594],[-107.26379558114115,48.19105942215854],[-107.26377417497058,48.191028587058],[-107.26374748651016,48.19102911460853],[-107.26374010796911,48.19101142586346],[-107.2637196795595,48.19100286170291],[-107.26372598414295,48.19099384124764],[-107.26359947988426,48.19100525126945],[-107.2633137268533,48.19103765847875],[-107.26331396943563,48.19104215227264],[-107.26330946615289,48.1910913633452],[-107.26330980494615,48.19110029541964],[-107.26331024555249,48.191109211773735],[-107.26331762386808,48.19112690059033],[-107.2637296395385,48.19107858944767],[-107.26373638484607,48.19107848532278],[-107.26380286344896,48.19107267264249],[-107.26380266536411,48.19106825009323],[-107.26381620770181,48.19107240885965],[-107.26382935386839,48.19106772252585],[-107.26382857421373,48.19104987412202],[-107.26384211655177,48.19105403288332],[-107.26383605462337,48.19106754714939],[-107.2641020639837,48.19103998437421],[-107.26408671933928,48.19099563509699]],[[-107.26362704965554,48.19102255643232],[-107.26360676209754,48.191018501757064],[-107.2636138016966,48.191027258456025],[-107.26362704965554,48.19102255643232]],[[-107.263582852967,48.19108149081957],[-107.26358989256897,48.19109024753066],[-107.26360303873737,48.19108556122621],[-107.263582852967,48.19108149081957]],[[-107.263582852967,48.19108149081957],[-107.26358241229354,48.191072574473104],[-107.26356926613035,48.19107726077345],[-107.263582852967,48.19108149081957]],[[-107.26356066748893,48.191032807249655],[-107.26354048176083,48.19102873683711],[-107.2635481028042,48.1910509193994],[-107.26356066748893,48.191032807249655]]]}"
0000000000000000135e,6438,0,0,0,"{""type"":""GeometryCollection"",""geometries"":[{""type"":""LineString"",""coordinates"":[[-107.26387883450113,48.190977400056354],[-107.26387216067945,48.19097753154876]]},{""type"":""Polygon"",""coordinates"":[[[-107.2632228217819,48.19094568028827],[-107.26322301979728,48.19095010283021],[-107.26323836324946,48.190994452237454],[-107.26324286659785,48.19094524125691],[-107.2632228217819,48.19094568028827]]]},{""type"":""Polygon"",""coordinates"":[[[-107.26406903539937,48.19089774079361],[-107.26406219379612,48.19089340668548],[-107.26390240217528,48.19090550438042],[-107.26389061734675,48.190941464886734],[-107.26389823861642,48.1909636473788],[-107.26387883249338,48.19097742541672],[-107.26407821634368,48.19095561996567],[-107.26406903539937,48.19089774079361]]]},{""type"":""Polygon"",""coordinates"":[[[-107.26359947988426,48.19100525126945],[-107.26372598414295,48.19099384124764],[-107.26373122192211,48.190962407386365],[-107.26371743701287,48.190953754830616],[-107.26371059546787,48.19094942069136],[-107.26368346638262,48.190941031898426],[-107.2636713424727,48.19096806035708],[-107.26364523558574,48.19098201371382],[-107.26361092611387,48.190960358699286],[-107.26359947988426,48.19100525126945]],[[-107.26369759016443,48.19095861650403],[-107.26371161769961,48.19097176284921],[-107.26371743701287,48.190953754830616],[-107.26369759016443,48.19095861650403]]]},{""type"":""Polygon"",""coordinates"":[[[-107.26358423774894,48.19096088620135],[-107.263610146563,48.19094251032735],[-107.26360970588108,48.19093359400471],[-107.26360936701201,48.19092466196146],[-107.26326955485452,48.19094471385266],[-107.26327683691362,48.190957964354034],[-107.26330464338338,48.19098421737779],[-107.26330508398995,48.190993133712304],[-107.2633137268533,48.19103765847875],[-107.26359947988426,48.19100525126945],[-107.26358423774894,48.19096088620135]],[[-107.26352469722572,48.19097547112939],[-107.26353261811624,48.1910020604937],[-107.26354498473314,48.19097952581997],[-107.26352469722572,48.19097547112939]]]}]}"
00000000000000001360,6439,0,0,0,"{""type"":""MultiPolygon"",""coordinates"":[[[[-107.2640352626787,48.190889440537184],[-107.26403506456442,48.190885018004515],[-107.26386760721739,48.19087486193967],[-107.26390215951938,48.19090101060151],[-107.26390240217528,48.19090550438042],[-107.26406219379612,48.19089340668548],[-107.2640352626787,48.190889440537184]]],[[[-107.26329170750029,48.19084160579247],[-107.26329190552474,48.190846028325325],[-107.26331409049766,48.19089471179789],[-107.26328662286984,48.190877390856926],[-107.26327171998611,48.19084195786586],[-107.26320455895734,48.190834360046296],[-107.2632228217819,48.19094568028827],[-107.26324286659785,48.19094524125691],[-107.26324892867726,48.19093172705579],[-107.26326183220382,48.1909225470294],[-107.26326955485452,48.19094471385266],[-107.26360936701201,48.19092466196146],[-107.26360892633005,48.19091574564182],[-107.2636266325285,48.19086176147764],[-107.26329170750029,48.19084160579247]]]]}"
00000000000000001359,6440,0,0,0,"{""type"":""MultiPolygon"",""coordinates"":[[[[-107.2640203589527,48.190854007675604],[-107.26402642078375,48.190840493455035],[-107.26400623500184,48.19083642315662],[-107.26396698215044,48.19085506289967],[-107.26397284589041,48.19083712615283],[-107.26396600431617,48.19083279204208],[-107.26390554335653,48.19082501934646],[-107.2638798327866,48.190847817785496],[-107.2638472233788,48.190866369072246],[-107.26386760721739,48.19087486193967],[-107.26403506456442,48.190885018004515],[-107.26404078742196,48.19086257174652],[-107.2640203589527,48.190854007675604]]],[[[-107.2632940705613,48.19074327253253],[-107.26329451116834,48.19075218882638],[-107.26329529057026,48.1907700371403],[-107.26326972060889,48.190797344891074],[-107.26326054102071,48.19073946578086],[-107.26318653878013,48.19072753380139],[-107.26318003614391,48.19073213165254],[-107.26320455895734,48.190834360046296],[-107.26327171998611,48.19084195786586],[-107.26326468052521,48.19083320116905],[-107.26327656204256,48.19080167905209],[-107.26329684937369,48.19080573378623],[-107.26329762877523,48.190823582118234],[-107.26329170750029,48.19084160579247],[-107.2636266325285,48.19086176147764],[-107.2636171524654,48.19079947554051],[-107.26362991509438,48.19078578599714],[-107.2632940705613,48.19074327253253]]]]}"
00000000000000001356,6441,0,0,0,"{""type"":""MultiPolygon"",""coordinates"":[[[[-107.26403136387543,48.190800198901556],[-107.26400447739512,48.19079630399362],[-107.26402588369791,48.19082713890378],[-107.26403136387543,48.190800198901556]]],[[[-107.26402588369791,48.19082713890378],[-107.26400623500184,48.19083642315662],[-107.26402642078375,48.190840493455035],[-107.26402588369791,48.19082713890378]]],[[[-107.263959162744,48.19082845793115],[-107.2639447961785,48.19080637963989],[-107.26390554335653,48.19082501934646],[-107.26396600431617,48.19083279204208],[-107.263959162744,48.19082845793115]]],[[[-107.2633297650261,48.19064432367463],[-107.26331079960669,48.19066701779122],[-107.2632940705613,48.19074327253253],[-107.26362991509438,48.19078578599714],[-107.26366212831671,48.1907583897654],[-107.26365426461136,48.19073171357013],[-107.26366008389915,48.190713705637556],[-107.2633297650261,48.19064432367463]]],[[[-107.26323049284848,48.19066410623045],[-107.26320380480489,48.19066463361564],[-107.26318653878013,48.19072753380139],[-107.26326054102071,48.19073946578086],[-107.26325301642686,48.19072172156476],[-107.26323933359822,48.190713053251386],[-107.26325898224904,48.190703769178356],[-107.26323049284848,48.19066410623045]]]]}"
00000000000000001358,6442,0,0,0,"{""type"":""Polygon"",""coordinates"":[[[-107.26365304433736,48.19070494899307],[-107.26362557657863,48.19068762821468],[-107.26363027742168,48.1906428400306],[-107.2636224583148,48.190616235134016],[-107.26339302855894,48.1905626800861],[-107.26338022140528,48.190576298295255],[-107.26338144148436,48.19060306281549],[-107.26334252766081,48.19063063420956],[-107.2633297650261,48.19064432367463],[-107.26366008389915,48.190713705637556],[-107.26365304433736,48.19070494899307]]]}"
0000000000000000134f,6443,0,0,0,"{""type"":""Polygon"",""coordinates"":[[[-107.2634362026735,48.19048140441149],[-107.26341737817661,48.19050860794514],[-107.26341791504724,48.19052196242468],[-107.26339909051723,48.190549165976506],[-107.26339302855894,48.1905626800861],[-107.2636224583148,48.190616235134016],[-107.26362143612553,48.19059389312463],[-107.26364050319108,48.19057118326032],[-107.2636330229665,48.19055351037921],[-107.26364524854462,48.19052646641931],[-107.2634362026735,48.19048140441149]]]}"
0000000000000000134e,6444,0,0,0,"{""type"":""Polygon"",""coordinates"":[[[-107.26346597538368,48.190400479538155],[-107.26345438844761,48.19044086214875],[-107.2634362026735,48.19048140441149],[-107.26364524854462,48.19052646641931],[-107.26365150849132,48.19051737480856],[-107.26364368938458,48.19049076997694],[-107.26366251375303,48.19046356641135],[-107.26366755338847,48.19042771037496],[-107.26346597538368,48.190400479538155]]]}"
000000000000000012f6,6445,0,0,0,"{""type"":""Polygon"",""coordinates"":[[[-107.26347581793434,48.19031981992412],[-107.26346597538368,48.190400479538155],[-107.26366755338847,48.19042771037496],[-107.26367855858904,48.19037390206888],[-107.26369776632768,48.19035570174681],[-107.26370348925302,48.19033325573229],[-107.26347581793434,48.19031981992412]]]}"
00000000000000001349,6446,0,0,0,"{""type"":""Polygon"",""coordinates"":[[[-107.26348560317066,48.19023924739911],[-107.26348740479864,48.19027943740538],[-107.26347561988396,48.19031539743641],[-107.26347581793434,48.19031981992412],[-107.26370348925302,48.19033325573229],[-107.26370941024915,48.190315232213315],[-107.26370877145615,48.1903018935125],[-107.2637205561703,48.19026593346713],[-107.26372021726377,48.19025700153821],[-107.2637194376395,48.190239153406864],[-107.2637191950023,48.190234659683746],[-107.26348560317066,48.19023924739911]]]}"
0000000000000000134b,6447,0,0,0,"{""type"":""Polygon"",""coordinates"":[[[-107.26348170561926,48.19015000680869],[-107.26348462560848,48.19021697678955],[-107.26348560317066,48.19023924739911],[-107.2637191950023,48.190234659683746],[-107.26371079433827,48.190194629361606],[-107.2637150542418,48.190140925409914],[-107.26348170561926,48.19015000680869]]]}"
0000000000000000134c,6448,0,0,0,"{""type"":""Polygon"",""coordinates"":[[[-107.26371799750596,48.190056019079044],[-107.26370421291641,48.19004736666187],[-107.26347770625436,48.19006078209069],[-107.26348576777808,48.19009188043584],[-107.26348170561926,48.19015000680869],[-107.2637150542418,48.190140925409914],[-107.26371485616117,48.190136502938444],[-107.26371329691094,48.19010080676321],[-107.26372630189076,48.19009161110607],[-107.26371799750596,48.190056019079044]]]}"
00000000000000001361,6449,0,0,0,"{""type"":""Polygon"",""coordinates"":[[[-107.26366790427367,48.18998109977003],[-107.26366028330239,48.18995891766502],[-107.26347380869696,48.18997154180182],[-107.26347434560029,48.18998489614433],[-107.26347580838116,48.190016154066605],[-107.26347770625436,48.19006078209069],[-107.26370421291641,48.19004736666187],[-107.26369053014564,48.19003869852209],[-107.26369639383164,48.19002076207091],[-107.26368897091363,48.19000300241215],[-107.2637086191572,48.18999371838231],[-107.26366790427367,48.18998109977003]]]}"
0000000000000000133f,6450,0,0,0,"{""type"":""Polygon"",""coordinates"":[[[-107.26364338038046,48.18987887317454],[-107.26364944212757,48.18986535922957],[-107.26345006489719,48.189887163171846],[-107.26345812637256,48.18991826141826],[-107.26347380869696,48.18997154180182],[-107.26366028330239,48.18995891766502],[-107.26364338038046,48.18987887317454]]]}"
00000000000000001344,6451,0,0,0,"{""type"":""Polygon"",""coordinates"":[[[-107.2636655883959,48.189775680193314],[-107.26343277908549,48.1897981156434],[-107.26344278293283,48.189873912950034],[-107.26345006489719,48.189887163171846],[-107.26364944212757,48.18986535922957],[-107.26367442967057,48.18982462633702],[-107.26367398895862,48.18981571020424],[-107.26367320934445,48.18979786222149],[-107.2636655883959,48.189775680193314]]]}"
00000000000000001347,6452,0,0,0,"{""type"":""Polygon"",""coordinates"":[[[-107.26363592329527,48.18970932523337],[-107.26364164611435,48.18968687950011],[-107.26339549370921,48.18970957854442],[-107.26339569175406,48.18971400098169],[-107.2634254971429,48.18978486544207],[-107.26343277908549,48.1897981156434],[-107.2636655883959,48.189775680193314],[-107.26363592329527,48.18970932523337]]]}"
00000000000000001343,6453,0,0,0,"{""type"":""Polygon"",""coordinates"":[[[-107.26363334186914,48.189651287735146],[-107.26359097198964,48.189598535170695],[-107.26337175021438,48.189625200306125],[-107.26337956898415,48.189651804732144],[-107.26339447162795,48.18968723691364],[-107.26339549370921,48.18970957854442],[-107.26364164611435,48.18968687950011],[-107.26364140348352,48.18968238582366],[-107.26363334186914,48.189651287735146]]]}"
00000000000000001345,6454,0,0,0,"{""type"":""Polygon"",""coordinates"":[[[-107.26357684872595,48.189580950989374],[-107.2635745100056,48.18952740729184],[-107.26356014415404,48.18950532946911],[-107.26332151758238,48.18954577200496],[-107.26332161381058,48.18955021015013],[-107.26333597949672,48.189572288031535],[-107.26335714188781,48.189598628738146],[-107.26337175021438,48.189625200306125],[-107.26359097198964,48.189598535170695],[-107.26357684872595,48.189580950989374]]]}"
00000000000000001353,6455,0,0,0,"{""type"":""Polygon"",""coordinates"":[[[-107.2635457783205,48.189483251653],[-107.26353111818763,48.18945231329174],[-107.26354994201066,48.189425110297265],[-107.2635429026964,48.18941635385219],[-107.26330403414283,48.18945230260283],[-107.26331985687463,48.1895100919352],[-107.26332151758238,48.18954577200496],[-107.26356014415404,48.18950532946911],[-107.2635457783205,48.189483251653]]]}"
00000000000000001362,6456,0,0,0,"{""type"":""Polygon"",""coordinates"":[[[-107.26353250253283,48.189331712407785],[-107.26329319392494,48.18935874500091],[-107.26328791161143,48.18939010664023],[-107.26330403414283,48.18945230260283],[-107.2635429026964,48.18941635385219],[-107.26352887577801,48.18940320785411],[-107.2635469645642,48.18935822829207],[-107.26353250253283,48.189331712407785]]]}"
00000000000000001340,6457,0,0,0,"{""type"":""Polygon"",""coordinates"":[[[-107.26352541868414,48.189322884734096],[-107.26351511482119,48.18924268155497],[-107.26326260966249,48.18927003324516],[-107.26329891685337,48.18933629943439],[-107.26329319392494,48.18935874500091],[-107.26353250253283,48.189331712407785],[-107.26352541868414,48.189322884734096]]]}"
00000000000000001351,6458,0,0,0,"{""type"":""Polygon"",""coordinates"":[[[-107.26350773667731,48.189224993380634],[-107.26349259143139,48.18918506789181],[-107.26347142911763,48.18915872741949],[-107.26322547863663,48.189185848095185],[-107.26323998490773,48.189212435202734],[-107.26325552590956,48.18926120555944],[-107.26326260966249,48.18927003324516],[-107.26351511482119,48.18924268155497],[-107.26350773667731,48.189224993380634]]]}"
00000000000000001354,6459,0,0,0,"{""type"":""Polygon"",""coordinates"":[[[-107.26346458792914,48.18915439340103],[-107.2634495835606,48.18911897730728],[-107.26344720043275,48.18906536282956],[-107.263208136307,48.189096888653985],[-107.26320891571362,48.18911473640876],[-107.26321091513343,48.18915934796157],[-107.26322547863663,48.189185848095185],[-107.26347142911763,48.18915872741949],[-107.26346458792914,48.18915439340103]]]}"
00000000000000001325,6460,0,0,0,"{""type"":""Polygon"",""coordinates"":[[[-107.2634304000262,48.18898530391754],[-107.26342995936325,48.1889763879242],[-107.26319089584915,48.189007913637035],[-107.26319133645313,48.18901682963829],[-107.26320623869361,48.18905226143297],[-107.263208136307,48.189096888653985],[-107.26344720043275,48.18906536282956],[-107.26344686157427,48.189056431101626],[-107.2634304000262,48.18898530391754]]]}"
0000000000000000135c,6461,0,0,0,"{""type"":""Polygon"",""coordinates"":[[[-107.26318015775149,48.18891434108121],[-107.26318875567124,48.18895879287323],[-107.26319011644831,48.1889900659181],[-107.26319069782426,48.18900349125799],[-107.26319089584915,48.189007913637035],[-107.26342995936325,48.1889763879242],[-107.26342708389687,48.18890949075835],[-107.26342630437775,48.18889164307761],[-107.26318015775149,48.18891434108121]]]}"
00000000000000001320,6462,0,0,0,"{""type"":""Polygon"",""coordinates"":[[[-107.26338125273442,48.18878087031693],[-107.26315695193843,48.18884331809667],[-107.26317107469261,48.18886090210696],[-107.26318015775149,48.18891434108121],[-107.26342630437775,48.18889164307761],[-107.2634256211057,48.18887823349098],[-107.26338125273442,48.18878087031693]]]}"
00000000000000001326,6463,0,0,0,"{""type"":""Polygon"",""coordinates"":[[[-107.26336698907845,48.188758777046665],[-107.26336654842814,48.18874986109096],[-107.2633101533888,48.18868396341423],[-107.26310079984745,48.188781913772836],[-107.26311467997489,48.18879500416858],[-107.26314282919898,48.1888257340898],[-107.26315695193843,48.18884331809667],[-107.26338125273442,48.18878087031693],[-107.26336698907845,48.188758777046665]]]}"
00000000000000001318,6464,0,0,0,"{""type"":""Polygon"",""coordinates"":[[[-107.2633031142724,48.188675207069515],[-107.26328963016812,48.18867096143223],[-107.26330277544302,48.188666275406355],[-107.26328112838141,48.188630947961975],[-107.26328059151828,48.18861759395993],[-107.26328015088733,48.18860867802721],[-107.26328587366075,48.188586232784374],[-107.26299127479,48.18872156402924],[-107.26301874069911,48.188738884390844],[-107.26303252456931,48.18874753671019],[-107.2630870159389,48.18877326145862],[-107.26310079984745,48.188781913772836],[-107.2633101533888,48.18868396341423],[-107.2633031142724,48.188675207069515]]]}"
00000000000000001366,6465,0,0,0,"{""type"":""Polygon"",""coordinates"":[[[-107.26323564243695,48.18850680596608],[-107.26293396066143,48.1886333092272],[-107.26297613033607,48.188681638819666],[-107.26299127479,48.18872156402924],[-107.26328587366075,48.188586232784374],[-107.2632855348342,48.188577301136135],[-107.26323564243695,48.18850680596608]]]}"
0000000000000000133e,6466,0,0,0,"{""type"":""GeometryCollection"",""geometries"":[{""type"":""LineString"",""coordinates"":[[-107.26322894814653,48.18850693811249],[-107.26323562165037,48.18850680666245]]},{""type"":""Polygon"",""coordinates"":[[[-107.26316824303477,48.188494714772915],[-107.26312631578128,48.18845087901384],[-107.26287683211059,48.18854963507705],[-107.26289843409744,48.18858489132973],[-107.26291983813233,48.18861572525214],[-107.26293396066143,48.1886333092272],[-107.2632288976333,48.18850691003794],[-107.26316824303477,48.188494714772915]]]}]}"
0000000000000000133d,6467,0,0,0,"{""type"":""MultiPolygon"",""coordinates"":[[[[-107.26306051985448,48.1884745540683],[-107.26312631578128,48.18845087901384],[-107.26311927676116,48.18844212269187],[-107.26306644073114,48.1884565312267],[-107.26306051985448,48.1884745540683]]],[[[-107.26306051985448,48.1884745540683],[-107.26304659530929,48.18846139249935],[-107.26306644073114,48.1884565312267],[-107.26305959974172,48.18845219723202],[-107.26301228859234,48.18843973823512],[-107.26299714419602,48.1883998132406],[-107.26281325885643,48.18847047167572],[-107.2628347589237,48.188505743613085],[-107.26287683211059,48.18854963507705],[-107.26306051985448,48.1884745540683]]]]}"
0000000000000000133c,6468,0,0,0,"{""type"":""Polygon"",""coordinates"":[[[-107.26298282370045,48.188377807024125],[-107.26292036843085,48.1883254230496],[-107.26274298570614,48.188391483621],[-107.26274982662397,48.188395817635076],[-107.26277773263153,48.188422053874376],[-107.26280553687992,48.188448305837746],[-107.26280597739671,48.18845722174846],[-107.26281325885643,48.18847047167572],[-107.26299714419602,48.1883998132406],[-107.26298282370045,48.188377807024125]]]}"
0000000000000000133a,6469,0,0,0,"{""type"":""Polygon"",""coordinates"":[[[-107.26291074909284,48.18825863071895],[-107.26289032251196,48.18825006678218],[-107.26287664067428,48.18824139879789],[-107.26267941306821,48.188312320352615],[-107.26269407200012,48.18834325820616],[-107.26274298570614,48.188391483621],[-107.26292036843085,48.1883254230496],[-107.2629135274922,48.188321089053964],[-107.26293967702121,48.18830720788936],[-107.26291074909284,48.18825863071895]]]}"
00000000000000001333,6470,0,0,0,"{""type"":""Polygon"",""coordinates"":[[[-107.26286265904957,48.18822832421752],[-107.26283617085068,48.188233273744835],[-107.26281456910807,48.18819801770683],[-107.2628002042629,48.18817594030094],[-107.26262180064562,48.188219659415275],[-107.26262952246313,48.188241825176036],[-107.26266407115769,48.18826797307052],[-107.26267917054825,48.188307826787955],[-107.26267941306821,48.188312320352615],[-107.26287664067428,48.18824139879789],[-107.26286265904957,48.18822832421752]]]}"
00000000000000001367,6471,0,0,0,"{""type"":""Polygon"",""coordinates"":[[[-107.26276531679255,48.18814086092353],[-107.26277015871779,48.18810058419987],[-107.26276297914026,48.188087318640086],[-107.26259141683204,48.18813537160589],[-107.26260612017354,48.188166380614014],[-107.26262180064562,48.188219659415275],[-107.2628002042629,48.18817594030094],[-107.26276531679255,48.18814086092353]]]}"
00000000000000001339,6472,0,0,0,"{""type"":""Polygon"",""coordinates"":[[[-107.26271289061448,48.18801240150784],[-107.2625472497009,48.18804243163463],[-107.26259141683204,48.18813537160589],[-107.26276297914026,48.188087318640086],[-107.26271289061448,48.18801240150784]]]}"
00000000000000001337,6473,0,0,0,"{""type"":""Polygon"",""coordinates"":[[[-107.26269565167433,48.18792342819169],[-107.26251016608519,48.18795831933458],[-107.2625472497009,48.18804243163463],[-107.26271289061448,48.18801240150784],[-107.26272345550228,48.18794967994147],[-107.26269565167433,48.18792342819169]]]}"
00000000000000001336,6474,0,0,0,"{""type"":""Polygon"",""coordinates"":[[[-107.26264610015738,48.187861865064264],[-107.26259845142637,48.1878404744454],[-107.26259117016113,48.187827224655074],[-107.26243495065853,48.187919624045506],[-107.2624827011089,48.18794099905997],[-107.26250996813559,48.187953897040174],[-107.26251016608519,48.18795831933458],[-107.26269565167433,48.18792342819169],[-107.26267458690685,48.18790152614709],[-107.26265484362833,48.18790637155903],[-107.26264610015738,48.187861865064264]],[[-107.26265484362833,48.18790637155903],[-107.26263499854518,48.18791123268732],[-107.2626485394612,48.18791539140576],[-107.26265484362833,48.18790637155903]]]}"
00000000000000001335,6475,0,0,0,"{""type"":""Polygon"",""coordinates"":[[[-107.26257670944995,48.18780070936249],[-107.26254196329654,48.18777013937667],[-107.26254152283562,48.18776122357941],[-107.26236467953115,48.18784063648695],[-107.26236545856092,48.18785848383332],[-107.26243495065853,48.187919624045506],[-107.26259117016113,48.187827224655074],[-107.26257670944995,48.18780070936249]]]}"
0000000000000000135b,6476,0,0,0,"{""type"":""Polygon"",""coordinates"":[[[-107.2625124997598,48.187708208772676],[-107.26231343015223,48.18773886939161],[-107.26234269538026,48.18779637782024],[-107.26236467953115,48.18784063648695],[-107.26254152283562,48.18776122357941],[-107.2625124997598,48.187708208772676]]]}"
00000000000000001331,6477,0,0,0,"{""type"":""Polygon"",""coordinates"":[[[-107.26245752563145,48.18767349713658],[-107.26246305070104,48.18764663006551],[-107.26245576952599,48.18763338031128],[-107.26227600880051,48.187645825963216],[-107.26228343057083,48.187663584967176],[-107.2622993083112,48.187721285605825],[-107.26231343015223,48.18773886939161],[-107.2625124997598,48.187708208772676],[-107.2625120593053,48.187699292985585],[-107.26245752563145,48.18767349713658]]]}"
00000000000000001330,6478,0,0,0,"{""type"":""Polygon"",""coordinates"":[[[-107.2624453720469,48.18754874154037],[-107.26225886718991,48.187561291137655],[-107.26226731040019,48.18760139088117],[-107.26226808938912,48.187619238148436],[-107.26227600880051,48.187645825963216],[-107.26245576952599,48.18763338031128],[-107.2624453720469,48.18754874154037]]]}"
00000000000000001368,6479,0,0,0,"{""type"":""Polygon"",""coordinates"":[[[-107.2622268695086,48.187441396757166],[-107.26224968956157,48.18750341542966],[-107.26225046854469,48.1875212626641],[-107.26225886718991,48.187561291137655],[-107.2624453720469,48.18754874154037],[-107.26246287965148,48.18749033879515],[-107.2622268695086,48.187441396757166]]]}"
00000000000000001329,6480,0,0,0,"{""type"":""Polygon"",""coordinates"":[[[-107.26223054970394,48.18737427069572],[-107.26223079217394,48.18737876418331],[-107.2622197863877,48.18743256928484],[-107.2622268695086,48.187441396757166],[-107.26246287965148,48.18749033879515],[-107.26246205601268,48.18747242033514],[-107.26246107897757,48.187450150869225],[-107.26246005739137,48.18742781017236],[-107.26245874171282,48.18739660926928],[-107.2624718419522,48.187391852242314],[-107.26223054970394,48.18737427069572]]]}"
0000000000000000132d,6481,0,0,0,"{""type"":""Polygon"",""coordinates"":[[[-107.26230637223016,48.18727452233813],[-107.26230661471013,48.18727901581678],[-107.26229361064125,48.18728821076848],[-107.26225591959503,48.187342542802796],[-107.26223054970394,48.18737427069572],[-107.2624718419522,48.187391852242314],[-107.26251109106077,48.18737321442849],[-107.26254330148831,48.187345820414315],[-107.26258288921578,48.18733611403197],[-107.26230637223016,48.18727452233813]]]}"
0000000000000000132e,6482,0,0,0,"{""type"":""Polygon"",""coordinates"":[[[-107.26254018496239,48.187274431774604],[-107.26254658518033,48.18726985000325],[-107.26243614612798,48.187187144894835],[-107.26239689722085,48.18720578260719],[-107.26233174200117,48.18724279448817],[-107.26230637223016,48.18727452233813],[-107.26258288921578,48.18733611403197],[-107.26258939124504,48.1873315165325],[-107.26259487160011,48.18730457839196],[-107.26254018496239,48.187274431774604]]]}"
00000000000000001332,6483,0,0,0,"{""type"":""Polygon"",""coordinates"":[[[-107.26252618576426,48.187109418236886],[-107.26250658363479,48.18711877271765],[-107.26248751810617,48.18714148083234],[-107.26247461590891,48.18715066006333],[-107.2624557482976,48.18717779041532],[-107.26243614612798,48.187187144894835],[-107.26254658518033,48.18726985000325],[-107.26258603211272,48.18725563444052],[-107.26261271752746,48.18725510732779],[-107.26265187030585,48.187232031555986],[-107.26252618576426,48.187109418236886]]]}"
0000000000000000132a,6484,0,0,0,"{""type"":""Polygon"",""coordinates"":[[[-107.26266411538472,48.1870575753812],[-107.26257824055965,48.187077163336646],[-107.26252618576426,48.187109418236886],[-107.26265187030585,48.187232031555986],[-107.2627037788949,48.18719972098874],[-107.26274390881146,48.187198914549015],[-107.26266411538472,48.1870575753812]]]}"
0000000000000000132c,6485,0,0,0,"{""type"":""Polygon"",""coordinates"":[[[-107.26284283252106,48.18717020262793],[-107.26285573468775,48.18716102334482],[-107.2628688348483,48.18715626628691],[-107.26278210403437,48.18700615551323],[-107.26273699188695,48.187042728666604],[-107.26266411538472,48.1870575753812],[-107.26274390881146,48.187198914549015],[-107.26277699442223,48.1871938056134],[-107.2628039223887,48.18719777191685],[-107.2628371098143,48.18719264724045],[-107.262836330535,48.18717480012942],[-107.26284283252106,48.18717020262793]],[[-107.262836330535,48.18717480012942],[-107.26282240654389,48.18716163883802],[-107.26280334111624,48.18718434703131],[-107.262836330535,48.18717480012942]],[[-107.26279630240693,48.18717559088792],[-107.26278295970117,48.18717585447028],[-107.26278329842684,48.18718478588569],[-107.26279630240693,48.18717559088792]]]}"
00000000000000001328,6486,0,0,0,"{""type"":""Polygon"",""coordinates"":[[[-107.26289456787948,48.18698160228761],[-107.26287482508219,48.18698644764813],[-107.26278210403437,48.18700615551323],[-107.2628688348483,48.18715626628691],[-107.26289542407193,48.187151301151374],[-107.26295407700145,48.18711888646428],[-107.26299376635741,48.187109164238656],[-107.26289456787948,48.18698160228761]]]}"
000000000000000012b6,6487,0,0,0,"{""type"":""Polygon"",""coordinates"":[[[-107.26301959499901,48.18693893830331],[-107.26298000762608,48.186948644783705],[-107.26294051645705,48.18696278917815],[-107.26290106982631,48.186977004800006],[-107.26289456787948,48.18698160228761],[-107.26299376635741,48.187109164238656],[-107.26304019465965,48.18710379161006],[-107.26311263080113,48.18708002891486],[-107.26301959499901,48.18693893830331]]]}"
00000000000000001327,6488,0,0,0,"{""type"":""Polygon"",""coordinates"":[[[-107.26319193135298,48.18690873280655],[-107.26307888617642,48.18691986153154],[-107.26305884357149,48.1869203004391],[-107.26304594151537,48.18692947970482],[-107.26301959499901,48.18693893830331],[-107.26311263080113,48.18708002891486],[-107.26315882209374,48.1870657091183],[-107.26319807079793,48.18704707114906],[-107.26321141351634,48.18704680750932],[-107.26319193135298,48.18690873280655]]]}"
0000000000000000132f,6489,0,0,0,"{""type"":""Polygon"",""coordinates"":[[[-107.26329207458197,48.186906783242904],[-107.26324496319201,48.1868987468836],[-107.26319193135298,48.18690873280655],[-107.26321141351634,48.18704680750932],[-107.26333193872657,48.187053350333606],[-107.2633717688907,48.187048137137225],[-107.26329207458197,48.186906783242904]]]}"
00000000000000001315,6490,0,0,0,"{""type"":""Polygon"",""coordinates"":[[[-107.26340273667452,48.186842042048255],[-107.26331817847829,48.18689283113536],[-107.26329867274546,48.18690662365808],[-107.26329207458197,48.186906783242904],[-107.2633717688907,48.187048137137225],[-107.26339821176312,48.18704311635355],[-107.26346438854222,48.18702844439713],[-107.2635046148728,48.18703207557059],[-107.26340273667452,48.186842042048255]]]}"
000000000000000012b5,6491,0,0,0,"{""type"":""MultiPolygon"",""coordinates"":[[[[-107.26359689562351,48.1870034513294],[-107.26358433251549,48.18702156206122],[-107.26360431803795,48.18702120999875],[-107.26359689562351,48.1870034513294]]],[[[-107.26358961405433,48.18699020183266],[-107.26359625680654,48.186990113465406],[-107.26357619157334,48.18683861424174],[-107.26352878569678,48.186821717926385],[-107.26342864244486,48.18682366773441],[-107.26340273667452,48.186842042048255],[-107.2635046148728,48.18703207557059],[-107.26353794314315,48.18703145983884],[-107.26353076339726,48.18701819460948],[-107.26353702268482,48.18700910362721],[-107.26352930042825,48.186986938468316],[-107.26358961405433,48.18699020183266]],[[-107.26351561877858,48.18697827077778],[-107.2634960167539,48.186987625434675],[-107.26352930042825,48.186986938468316],[-107.26351561877858,48.18697827077778]]],[[[-107.26355403014666,48.186638068106284],[-107.26354034860755,48.18662940047377],[-107.26351972451356,48.18661641474402],[-107.26349240051408,48.186603604329605],[-107.26347725606634,48.18656368080116],[-107.26342902648533,48.18652886639527],[-107.26340078221202,48.18649369997701],[-107.2633874396657,48.18649396363593],[-107.2633893376855,48.18653858867985],[-107.26339011725327,48.18655643556392],[-107.26339798017008,48.18658310969058],[-107.26349415782455,48.186643720322586],[-107.26350124121798,48.18665254756201],[-107.26353540602992,48.18666969180483],[-107.2635498672229,48.18669620637253],[-107.26356389322855,48.18670935171644],[-107.26355403014666,48.186638068106284]]]]}"
000000000000000012b4,6492,0,0,0,"{""type"":""MultiPolygon"",""coordinates"":[[[[-107.26372892615059,48.18681776247124],[-107.26367599607394,48.18682773292657],[-107.26357619157334,48.18683861424174],[-107.26359625680654,48.186990113465406],[-107.26360959956102,48.18698984976969],[-107.26359689562351,48.1870034513294],[-107.26360431803795,48.18702120999875],[-107.2636845727643,48.18702404999635],[-107.26376895428999,48.186816971328945],[-107.26372892615059,48.18681776247124]],[[-107.2636364831682,48.186993744580185],[-107.26363706475115,48.187007169404325],[-107.26365006857743,48.18699797432575],[-107.2636364831682,48.186993744580185]]],[[[-107.26389494305337,48.186492930066386],[-107.26382470643088,48.186565724552004],[-107.2637988009346,48.18658409887596],[-107.26376639358723,48.18660707071092],[-107.26378818111205,48.186646905838394],[-107.26378974063138,48.18668259966963],[-107.2637630552941,48.18668312710186],[-107.2637163845952,48.18668400661031],[-107.26363768993829,48.186716860500525],[-107.26356087091932,48.18664240192227],[-107.26355403014666,48.186638068106284],[-107.26356389322855,48.18670935171644],[-107.26357781744471,48.18672251278178],[-107.26360581944942,48.1867531858641],[-107.26366065323408,48.1867833870748],[-107.26373992966384,48.18676395788117],[-107.26376661505272,48.18676343045326],[-107.26379296146995,48.18675397168373],[-107.26385333483627,48.18660989342476],[-107.26385275316525,48.186596468705226],[-107.26386589769119,48.186591782805436],[-107.26390828567143,48.1864926663351],[-107.26389494305337,48.186492930066386]]]]}"
000000000000000012b0,6493,0,0,0,"{""type"":""MultiPolygon"",""coordinates"":[[[[-107.26385333483627,48.18660989342476],[-107.26379296146995,48.18675397168373],[-107.2638260469221,48.186748862433646],[-107.26390128338146,48.18663568938027],[-107.26385333483627,48.18660989342476]]],[[[-107.26398209894957,48.1868038202741],[-107.26396953605266,48.186821930982454],[-107.26395663412679,48.18683111035017],[-107.2638353289033,48.18680672137792],[-107.26376895428999,48.186816971328945],[-107.2636845727643,48.18702404999635],[-107.26369815819706,48.18702827973695],[-107.26372562348223,48.18704559935644],[-107.26375255172978,48.187049565375546],[-107.26375959071888,48.187058321420814],[-107.26401508815239,48.18679427304144],[-107.26398209894957,48.1868038202741]]],[[[-107.26413363275417,48.186604339037835],[-107.26411164664178,48.18656008186277],[-107.26402983273518,48.186521548496046],[-107.26390828567143,48.1864926663351],[-107.26386589769119,48.186591782805436],[-107.2639699603565,48.18652720099806],[-107.26401120899287,48.18655317220758],[-107.26403867419165,48.18657049158377],[-107.26405469557508,48.18663269980198],[-107.26405547546553,48.18665054670429],[-107.264078343241,48.186712635170906],[-107.26406587675797,48.18673518376358],[-107.26414897618764,48.186648684648496],[-107.26418724624959,48.186607777369595],[-107.26413363275417,48.186604339037835]]]]}"
000000000000000012b3,6494,0,0,0,"{""type"":""MultiPolygon"",""coordinates"":[[[[-107.26422903247573,48.18664710200176],[-107.26424081523265,48.18661114443225],[-107.26418724624959,48.186607777369595],[-107.26414897618764,48.186648684648496],[-107.26422903247573,48.18664710200176]]],[[[-107.26414897618764,48.186648684648496],[-107.26406587675797,48.18673518376358],[-107.26404793645362,48.18678021665165],[-107.26401508815239,48.18679427304144],[-107.26375959071888,48.187058321420814],[-107.26377351515288,48.187071482539274],[-107.26382058259689,48.18707944741088],[-107.26388147826525,48.18709613543157],[-107.26401570686316,48.18695947771854],[-107.26400216592451,48.18695531926885],[-107.26398154139346,48.186942333569206],[-107.2639609168811,48.18692934786785],[-107.26400060621287,48.1869196252615],[-107.26404655471883,48.18690081164655],[-107.26407876412212,48.18687341738837],[-107.26410466977744,48.18685504288408],[-107.26412441261428,48.18685019728169],[-107.26420076768945,48.18676380205273],[-107.26418742493229,48.18676406582955],[-107.26416743942362,48.18676441801135],[-107.2642062468491,48.1867368641403],[-107.264210210623,48.18667430364758],[-107.26419134419032,48.18670143406589],[-107.26419212414567,48.1867192809887],[-107.26417286135825,48.186737567059645],[-107.26414999883522,48.18667102497064],[-107.26414897618764,48.186648684648496]]]]}"
00000000000000001317,6495,0,0,0,"{""type"":""MultiPolygon"",""coordinates"":[[[[-107.26404947609056,48.186967777452416],[-107.26401570686316,48.18695947771854],[-107.26388147826525,48.18709613543157],[-107.26390186013985,48.18710462773488],[-107.26398318241937,48.18712987923662],[-107.2639968643018,48.18713854687951],[-107.26413133552492,48.18700638234246],[-107.26404947609056,48.186967777452416]]],[[[-107.26434127903907,48.186769991369914],[-107.26430091160373,48.18676185142464],[-107.26420076768945,48.18676380205273],[-107.26412441261428,48.18685019728169],[-107.26415726096592,48.18683614083831],[-107.26417016287304,48.18682696144323],[-107.26421063209193,48.18683508573277],[-107.26422397487792,48.186834821951635],[-107.26425725867253,48.18683413473182],[-107.26431615350934,48.186806212855316],[-107.26433643905318,48.18681026710816],[-107.264368405524,48.18677837938],[-107.26434127903907,48.186769991369914]]]]}"
00000000000000001313,6496,0,0,0,"{""type"":""MultiPolygon"",""coordinates"":[[[[-107.26444259957951,48.18679473190421],[-107.264368405524,48.18677837938],[-107.26433643905318,48.18681026710816],[-107.26438330840442,48.186813809472966],[-107.264457061606,48.18682124637693],[-107.26453716308451,48.18681973469043],[-107.26453599924841,48.186792885168835],[-107.26444259957951,48.18679473190421]]],[[[-107.26419296682002,48.187040845929815],[-107.26415880112988,48.187023701822724],[-107.2641380355668,48.187006206976505],[-107.26413133552492,48.18700638234246],[-107.2639968643018,48.18713854687951],[-107.26402432989414,48.18715586644194],[-107.26408596124993,48.18719033019408],[-107.26422829615147,48.18708483969547],[-107.26419296682002,48.187040845929815]]]]}"
00000000000000001316,6497,0,0,0,"{""type"":""Polygon"",""coordinates"":[[[-107.26429006864932,48.18712381244032],[-107.26427638665872,48.187115144844384],[-107.26423557801547,48.18709808916006],[-107.26422829615147,48.18708483969547],[-107.26408596124993,48.18719033019408],[-107.26408620395043,48.18719482365547],[-107.26412051063029,48.18721647702606],[-107.2641887850778,48.187250852338735],[-107.2643376220048,48.18714076396552],[-107.26429006864932,48.18712381244032]]]}"
00000000000000001314,6498,0,0,0,"{""type"":""Polygon"",""coordinates"":[[[-107.26442705889897,48.187201478347475],[-107.26434432208545,48.18714058858375],[-107.2643376220048,48.18714076396552],[-107.2641887850778,48.187250852338735],[-107.26420256888437,48.18725950424775],[-107.26427812546133,48.18730712903718],[-107.2644406445918,48.18720570799061],[-107.26442705889897,48.187201478347475]]]}"
0000000000000000133b,6499,0,0,0,"{""type"":""Polygon"",""coordinates"":[[[-107.26447539256472,48.1872362769161],[-107.26445501035921,48.18722778472177],[-107.26444748563338,48.18721004178321],[-107.2644406445918,48.18720570799061],[-107.26427812546133,48.18730712903718],[-107.26435260772205,48.187328046482214],[-107.26436628981537,48.18733671409966],[-107.26440631878658,48.187335922662704],[-107.26442010270685,48.187344574551545],[-107.26453032465768,48.18727091580607],[-107.26447539256472,48.1872362769161]]]}"
00000000000000001334,6500,0,0,0,"{""type"":""Polygon"",""coordinates"":[[[-107.2646061247173,48.18732303379899],[-107.26453032465768,48.18727091580607],[-107.26442010270685,48.187344574551545],[-107.26444106682871,48.1873664916743],[-107.2644763968219,48.18741048560333],[-107.26450372202598,48.187423295902974],[-107.26462630883132,48.18732710374267],[-107.2646061247173,48.18732303379899]]]}"
00000000000000001338,6501,0,0,0,"{""type"":""Polygon"",""coordinates"":[[[-107.26468036469363,48.18733945751271],[-107.26462630883132,48.18732710374267],[-107.26450372202598,48.187423295902974],[-107.26456495817042,48.187448915008446],[-107.26461280680995,48.18747472669237],[-107.26474179917275,48.1873694986955],[-107.26468036469363,48.18733945751271]]]}"
00000000000000001311,6502,0,0,0,"{""type"":""Polygon"",""coordinates"":[[[-107.26478944970333,48.18739088801395],[-107.26474179917275,48.1873694986955],[-107.26461280680995,48.18747472669237],[-107.26468796823521,48.187513506827806],[-107.2647354779077,48.18753038701962],[-107.26484360224141,48.187407679659195],[-107.26478944970333,48.18739088801395]]]}"
00000000000000001310,6503,0,0,0,"{""type"":""Polygon"",""coordinates"":[[[-107.26494608948994,48.187459269731406],[-107.26491153900159,48.18743312310437],[-107.26488441176654,48.18742473516272],[-107.26484360224141,48.187407679659195],[-107.2647354779077,48.18753038701962],[-107.26475566217538,48.18753445694817],[-107.26479715555524,48.187564921755055],[-107.26483796520316,48.18758197732603],[-107.26495963085496,48.18746342807685],[-107.26494608948994,48.187459269731406]]]}"
00000000000000001324,6504,0,0,0,"{""type"":""Polygon"",""coordinates"":[[[-107.26503396800959,48.18748428950649],[-107.26499359934999,48.187476149773374],[-107.26495963085496,48.18746342807685],[-107.26483796520316,48.18758197732603],[-107.26485150658301,48.18758613569602],[-107.26487857666713,48.1875946106317],[-107.26492036495033,48.18763393564609],[-107.26493395092727,48.18763816524686],[-107.26507570451587,48.18751924763983],[-107.26503396800959,48.18748428950649]]]}"
0000000000000000130f,6505,0,0,0,"{""type"":""Polygon"",""coordinates"":[[[-107.2650893869543,48.187527915176844],[-107.26507570451587,48.18751924763983],[-107.26493395092727,48.18763816524686],[-107.2649477351566,48.187646817101644],[-107.26497079798251,48.18771778244051],[-107.26499108423369,48.1877218366071],[-107.26517222827981,48.18758878895409],[-107.2650893869543,48.187527915176844]]]}"
0000000000000000131c,6506,0,0,0,"{""type"":""Polygon"",""coordinates"":[[[-107.26521406156277,48.18762818506426],[-107.26517222827981,48.18758878895409],[-107.26499108423369,48.1877218366071],[-107.26501815448754,48.18773031152091],[-107.26505706453855,48.18770274105838],[-107.26509821385157,48.18772872803885],[-107.26508531170384,48.18773790772161],[-107.26508609206698,48.187755754977324],[-107.26508662960916,48.18776910873398],[-107.2652756955802,48.1876626482935],[-107.26521406156277,48.18762818506426]]]}"
0000000000000000131d,6507,0,0,0,"{""type"":""Polygon"",""coordinates"":[[[-107.26532515087361,48.18772422541232],[-107.26531102713678,48.18770664212256],[-107.26529690341467,48.18768905883622],[-107.26528253686168,48.18766698205801],[-107.2652756955802,48.1876626482935],[-107.26508662960916,48.18776910873398],[-107.26515592987508,48.18782582443932],[-107.26535295724204,48.187750476236964],[-107.26532515087361,48.18772422541232]]]}"
0000000000000000131a,6508,0,0,0,"{""type"":""Polygon"",""coordinates"":[[[-107.2654087737279,48.187802946452],[-107.26535295724204,48.187750476236964],[-107.26515592987508,48.18782582443932],[-107.26515739419952,48.187857081018144],[-107.26517229829066,48.1878925116821],[-107.2654305194245,48.18784271080077],[-107.26543032112008,48.187838288531076],[-107.26542998175833,48.187829357030566],[-107.2654087737279,48.187802946452]]]}"
000000000000000012f0,6509,0,0,0,"{""type"":""Polygon"",""coordinates"":[[[-107.2654305194245,48.18784271080077],[-107.26517229829066,48.1878925116821],[-107.26517239475788,48.18789694968033],[-107.26518617916925,48.18790560153868],[-107.26518695957694,48.18792344884915],[-107.26520738703981,48.18793201222185],[-107.26520186372134,48.187958879551715],[-107.26520230483116,48.1879677953537],[-107.26520264413517,48.18797672687991],[-107.26520308524496,48.187985642684914],[-107.26519658322633,48.187990240418124],[-107.2654741573246,48.187922295086246],[-107.2654305194245,48.18784271080077]]]}"
000000000000000012d3,6510,0,0,0,"{""type"":""Polygon"",""coordinates"":[[[-107.26548959947522,48.18797107953718],[-107.26548881892087,48.18795323221678],[-107.26548828123587,48.18793987841942],[-107.2654741573246,48.187922295086246],[-107.26519658322633,48.187990240418124],[-107.26519008120647,48.187994838151326],[-107.26520386565866,48.188003490022155],[-107.2652042049625,48.188012421554404],[-107.26524584044449,48.18804739566652],[-107.26550528453352,48.1880243575539],[-107.26550494515635,48.18801542602255],[-107.26548959947522,48.18797107953718]]]}"
000000000000000012da,6511,0,0,0,"{""type"":""Polygon"",""coordinates"":[[[-107.26550528453352,48.1880243575539],[-107.26524584044449,48.18804739566652],[-107.26526924873417,48.18812283926269],[-107.26526958805212,48.18813177081455],[-107.26553635994563,48.18812205342851],[-107.26553499711501,48.18809078098333],[-107.26550528453352,48.1880243575539]]]}"
00000000000000001322,6512,0,0,0,"{""type"":""Polygon"",""coordinates"":[[[-107.26526958805212,48.18813177081455],[-107.26526430757072,48.18816313178707],[-107.26529357859795,48.18822063963124],[-107.26554026280839,48.18821129037195],[-107.26553308200225,48.18819802502269],[-107.26553635994563,48.18812205342851],[-107.26526958805212,48.18813177081455]]]}"
00000000000000001321,6513,0,0,0,"{""type"":""Polygon"",""coordinates"":[[[-107.26555585150436,48.18826013059146],[-107.26554026280839,48.18821129037195],[-107.26529357859795,48.18822063963124],[-107.26529377688315,48.188225061933736],[-107.26529083774236,48.18830996526293],[-107.2655709544823,48.18829998375708],[-107.26557031496814,48.18828664559623],[-107.26555585150436,48.18826013059146]],[[-107.26533536815019,48.188259964899245],[-107.26531542614848,48.18826038859666],[-107.2653224658289,48.18826914471069],[-107.26533536815019,48.188259964899245]]]}"
000000000000000012dd,6514,0,0,0,"{""type"":""Polygon"",""coordinates"":[[[-107.26529083774236,48.18830996526293],[-107.2652858000789,48.18834581989588],[-107.26528613939742,48.188354751485406],[-107.26528691984127,48.18837259894602],[-107.26531326750235,48.188363139439275],[-107.26533267193992,48.18834936183657],[-107.26532739145823,48.18838072294186],[-107.2653346740101,48.18839397263097],[-107.2655617567431,48.188393978549506],[-107.2655709544823,48.18829998375708],[-107.26529083774236,48.18830996526293]]]}"
000000000000000012e8,6515,0,0,0,"{""type"":""Polygon"",""coordinates"":[[[-107.2653346740101,48.18839397263097],[-107.26535622159894,48.188429315117475],[-107.26533109548534,48.18846553802219],[-107.26533163310111,48.1884788919552],[-107.26555265544118,48.188492411557114],[-107.26555153548924,48.18846563245408],[-107.26556253732062,48.18841182601775],[-107.2655617567431,48.188393978549506],[-107.2653346740101,48.18839397263097]]]}"
000000000000000012db,6516,0,0,0,"{""type"":""Polygon"",""coordinates"":[[[-107.26555265544118,48.188492411557114],[-107.26533163310111,48.1884788919552],[-107.26534247866921,48.18857244763158],[-107.26557000370472,48.18858136940535],[-107.26556922312837,48.18856352187981],[-107.26555265544118,48.188492411557114]]]}"
000000000000000012e4,6517,0,0,0,"{""type"":""Polygon"",""coordinates"":[[[-107.26534247866921,48.18857244763158],[-107.26534272151692,48.18857694120372],[-107.26533308195037,48.18866202056555],[-107.26556056294636,48.18867087112318],[-107.26555900180782,48.18863517601705],[-107.26557112366513,48.18860814856668],[-107.26557000370472,48.18858136940535],[-107.26534247866921,48.18857244763158]]]}"
0000000000000000131b,6518,0,0,0,"{""type"":""Polygon"",""coordinates"":[[[-107.26533308195037,48.18866202056555],[-107.26532721922887,48.1886799566305],[-107.26533464286643,48.18869771569915],[-107.2653285818521,48.18871122943298],[-107.26533606274403,48.18872890154821],[-107.26532364060594,48.188751522411714],[-107.26555092380866,48.18875595064743],[-107.26556372978168,48.188742332648296],[-107.26556056294636,48.18867087112318],[-107.26533308195037,48.18866202056555]],[[-107.26552995807234,48.188734033230986],[-107.26551641610871,48.18872987488107],[-107.26551705559442,48.188743213155014],[-107.26552995807234,48.188734033230986]]]}"
000000000000000012f2,6519,0,0,0,"{""type"":""Polygon"",""coordinates"":[[[-107.26532364060594,48.188751522411714],[-107.26531802070542,48.18877395209616],[-107.26531430100314,48.188841008687255],[-107.26552838209123,48.18885021025459],[-107.26552760154284,48.188832362637086],[-107.26552545820637,48.188783242168896],[-107.26555092380866,48.18875595064743],[-107.26532364060594,48.188751522411714]]]}"
000000000000000012ed,6520,0,0,0,"{""type"":""Polygon"",""coordinates"":[[[-107.26531430100314,48.188841008687255],[-107.26531116343277,48.188921490650415],[-107.265298159054,48.18893068630315],[-107.26551904291091,48.188939696706655],[-107.26551835886858,48.18892628714226],[-107.26552980212716,48.188881396186865],[-107.2655293609488,48.18887248023379],[-107.26552838209123,48.18885021025459],[-107.26531430100314,48.188841008687255]]]}"
00000000000000001350,6521,0,0,0,"{""type"":""Polygon"",""coordinates"":[[[-107.265298159054,48.18893068630315],[-107.26530563996236,48.18894835849382],[-107.26530192018848,48.189015415307836],[-107.26530225950052,48.18902434701078],[-107.26552274730807,48.189024512668475],[-107.26552152559253,48.18899774901742],[-107.26552040568558,48.18897096965648],[-107.2655196251445,48.18895312199788],[-107.26551904291091,48.188939696706655],[-107.265298159054,48.18893068630315]]]}"
00000000000000001352,6522,0,0,0,"{""type"":""Polygon"",""coordinates"":[[[-107.26530225950052,48.18902434701078],[-107.2653045043267,48.18907345199319],[-107.26529228031605,48.189100495380146],[-107.26529980580645,48.18911823886865],[-107.26551956556558,48.189104923667465],[-107.26552372615606,48.18904678272152],[-107.26552274730807,48.189024512668475],[-107.26530225950052,48.18902434701078]]]}"
00000000000000001342,6523,0,0,0,"{""type"":""Polygon"",""coordinates"":[[[-107.26551980843205,48.18910941728403],[-107.26551956556558,48.189104923667465],[-107.26529980580645,48.18911823886865],[-107.26533689778154,48.18920235172749],[-107.2653372370992,48.1892112834618],[-107.2655362743947,48.18918054416507],[-107.26551980843205,48.18910941728403]]]}"
000000000000000012f1,6524,0,0,0,"{""type"":""Polygon"",""coordinates"":[[[-107.2655362743947,48.18918054416507],[-107.2653372370992,48.1892112834618],[-107.26533767822617,48.1892201994743],[-107.26533943739874,48.18926031737521],[-107.26535434211918,48.18929574893695],[-107.26536122825672,48.189300154063766],[-107.26554017710734,48.189269782902024],[-107.2655441394027,48.189207219389175],[-107.2655362743947,48.18918054416507]]]}"
00000000000000001341,6525,0,0,0,"{""type"":""Polygon"",""coordinates"":[[[-107.26556280603516,48.18932738035903],[-107.26556158430269,48.18930061655533],[-107.26554041997538,48.18927427653253],[-107.26554017710734,48.189269782902024],[-107.26536122825672,48.189300154063766],[-107.26539011629231,48.189348660094566],[-107.26538385687557,48.18935775160394],[-107.26539123608715,48.18937543965149],[-107.2653851749537,48.18938895356544],[-107.26557067108479,48.18935405565413],[-107.26556280603516,48.18932738035903]]]}"
00000000000000001346,6526,0,0,0,"{""type"":""Polygon"",""coordinates"":[[[-107.26557931670217,48.1893985787641],[-107.2655779538983,48.18936730556249],[-107.26557067108479,48.18935405565413],[-107.2653851749537,48.18938895356544],[-107.26538697872769,48.189429142834165],[-107.2654160079295,48.18948215834504],[-107.26559466292031,48.18944292642096],[-107.26559442004654,48.18943843277638],[-107.26557931670217,48.1893985787641]]]}"
0000000000000000134d,6527,0,0,0,"{""type"":""Polygon"",""coordinates"":[[[-107.26561054686702,48.189500628299726],[-107.2655954434842,48.189460774244004],[-107.26559466292031,48.18944292642096],[-107.2654160079295,48.18948215834504],[-107.2654518788523,48.18953950779545],[-107.26544606055862,48.18955751541081],[-107.2654664444397,48.18956600772708],[-107.26563151305584,48.18952254600543],[-107.26561054686702,48.189500628299726]]]}"
0000000000000000134a,6528,0,0,0,"{""type"":""Polygon"",""coordinates"":[[[-107.2656670450377,48.18957096361411],[-107.2656317559337,48.18952703965697],[-107.26563151305584,48.18952254600543],[-107.2654664444397,48.18956600772708],[-107.26547430944457,48.18959268315181],[-107.2655157613116,48.18962307751717],[-107.26555065369935,48.18965815675538],[-107.26569421876471,48.18957942286823],[-107.2656670450377,48.18957096361411]]]}"
0000000000000000130d,6529,0,0,0,"{""type"":""Polygon"",""coordinates"":[[[-107.26574847186747,48.18960065273635],[-107.26570790215126,48.18958809063138],[-107.26569421876471,48.18957942286823],[-107.26555065369935,48.18965815675538],[-107.26557880628522,48.18968888637953],[-107.26561467769135,48.189746235981474],[-107.26565490811413,48.18974986633702],[-107.26577560109769,48.18960904072902],[-107.26574847186747,48.18960065273635]]]}"
000000000000000012f7,6530,0,0,0,"{""type"":""Polygon"",""coordinates"":[[[-107.2658300007099,48.18963032607708],[-107.26581621545083,48.189621674049945],[-107.26578918800095,48.18961327034356],[-107.26577560109769,48.18960904072902],[-107.26565490811413,48.18974986633702],[-107.26570202484626,48.18975790181218],[-107.26574249821951,48.18976602580169],[-107.26581650151218,48.189777955566825],[-107.26583018501432,48.18978662334222],[-107.26584310182832,48.1896255683664],[-107.2658300007099,48.18963032607708]]]}"
00000000000000001308,6531,0,0,0,"{""type"":""Polygon"",""coordinates"":[[[-107.26594301230759,48.18961912202065],[-107.26592306944632,48.18961954587701],[-107.26584310182832,48.1896255683664],[-107.26583018501432,48.18978662334222],[-107.26585081209436,48.189799609279845],[-107.26599705930676,48.18978335029216],[-107.26594301230759,48.18961912202065]]]}"
00000000000000001304,6532,0,0,0,"{""type"":""Polygon"",""coordinates"":[[[-107.26603568436906,48.189599496882586],[-107.26594975751048,48.18961901774578],[-107.26594301230759,48.18961912202065],[-107.26599705930676,48.18978335029216],[-107.26603650920794,48.189769132559185],[-107.26610929072851,48.189754298072586],[-107.26614820271824,48.18972672606129],[-107.26603568436906,48.189599496882586]]]}"
000000000000000012fc,6533,0,0,0,"{""type"":""Polygon"",""coordinates"":[[[-107.26614757572901,48.18956151294571],[-107.26612166846787,48.18957988898433],[-107.26610226346226,48.18959366708214],[-107.26607635616777,48.18961204312058],[-107.26605572905429,48.189599057278414],[-107.26603568436906,48.189599496882586],[-107.26614820271824,48.18972672606129],[-107.26616760779136,48.18971294791774],[-107.26622684676298,48.18969395503673],[-107.26626551569339,48.18966188935209],[-107.26614757572901,48.18956151294571]]]}"
000000000000000012fd,6534,0,0,0,"{""type"":""Polygon"",""coordinates"":[[[-107.26635682456852,48.189610990561555],[-107.26636972728345,48.189601810367726],[-107.26623820008757,48.18949720467185],[-107.26622529739811,48.18950638482917],[-107.26619939019415,48.189524760868125],[-107.266160478447,48.189552332788516],[-107.26614757572901,48.18956151294571],[-107.26626551569339,48.18966188935209],[-107.26627201797123,48.18965729139428],[-107.26628536206557,48.189657027279324],[-107.26629870616173,48.18965676316246],[-107.26631811117248,48.189642985008334],[-107.2663842936947,48.18962831017047],[-107.26635682456852,48.189610990561555]]]}"
000000000000000012f5,6535,0,0,0,"{""type"":""Polygon"",""coordinates"":[[[-107.26633601077852,48.189441708134446],[-107.26631660588329,48.18945548623673],[-107.26626410726298,48.18947882863274],[-107.26623820008757,48.18949720467185],[-107.26636972728345,48.189601810367726],[-107.26639549334928,48.18957892487875],[-107.26646705225099,48.18953732628374],[-107.26633601077852,48.189441708134446]]]}"
000000000000000012fe,6536,0,0,0,"{""type"":""Polygon"",""coordinates"":[[[-107.2664336749027,48.18938615604437],[-107.26639388582714,48.189391442071184],[-107.26633601077852,48.189441708134446],[-107.26646705225099,48.18953732628374],[-107.26651304871102,48.18951858170999],[-107.26653929545265,48.18950913736342],[-107.26657136519091,48.189477231509315],[-107.2664336749027,48.18938615604437]]]}"
000000000000000012e9,6537,0,0,0,"{""type"":""GeometryCollection"",""geometries"":[{""type"":""LineString"",""coordinates"":[[-107.26654500675897,48.1893348324938],[-107.26654480994527,48.18933037146136]]},{""type"":""Polygon"",""coordinates"":[[[-107.26654502764903,48.189334817676304],[-107.26654500675897,48.1893348324938],[-107.26651912063889,48.18935319373689],[-107.26649321360969,48.18937156979738],[-107.2664336749027,48.18938615604437],[-107.26657136519091,48.189477231509315],[-107.26660353150747,48.18944976378832],[-107.26664258419592,48.189426701110364],[-107.26666174601894,48.189408429315414],[-107.26654502764903,48.189334817676304]]]}]}"
000000000000000012e5,6538,0,0,0,"{""type"":""Polygon"",""coordinates"":[[[-107.26664899513607,48.18927024516437],[-107.26662308819553,48.18928862122878],[-107.26655739219684,48.189312283378804],[-107.26654482921977,48.18933039528706],[-107.26666174601894,48.189408429315414],[-107.26668105420015,48.189390213039246],[-107.26675931327483,48.18934843882006],[-107.26664899513607,48.18927024516437]]]}"
000000000000000012ea,6539,0,0,0,"{""type"":""Polygon"",""coordinates"":[[[-107.2667465620129,48.189210254848675],[-107.26669430678356,48.1892380909826],[-107.2666619995044,48.189261049269746],[-107.26664899513607,48.18927024516437],[-107.26675931327483,48.18934843882006],[-107.2667724588705,48.18934375225078],[-107.26685688031215,48.1892884482993],[-107.2667465620129,48.189210254848675]]]}"
000000000000000012ef,6540,0,0,0,"{""type"":""Polygon"",""coordinates"":[[[-107.26683708836681,48.18914150837475],[-107.26679211657024,48.18918259427586],[-107.2667465620129,48.189210254848675],[-107.26685688031215,48.1892884482993],[-107.2669479449684,48.18923305571685],[-107.26695444713091,48.189228457753096],[-107.26683708836681,48.18914150837475]]]}"
000000000000000012f4,6541,0,0,0,"{""type"":""Polygon"",""coordinates"":[[[-107.2669344117442,48.18907702441965],[-107.26686255365173,48.18911421632812],[-107.26683708836681,48.18914150837475],[-107.26695444713091,48.189228457753096],[-107.2670463374296,48.189190984088256],[-107.26705890017857,48.18917287216801],[-107.2669344117442,48.18907702441965]]]}"
000000000000000012ee,6542,0,0,0,"{""type"":""Polygon"",""coordinates"":[[[-107.26703197793216,48.18901703405095],[-107.2670254758133,48.189021632000426],[-107.26699331006003,48.18904909962571],[-107.2669344117442,48.18907702441965],[-107.26705890017857,48.18917287216801],[-107.26709082296293,48.189140910843285],[-107.26711022756278,48.18912713267411],[-107.2671232318303,48.189117936744495],[-107.26714927979833,48.189104069942495],[-107.26703197793216,48.18901703405095]]]}"
000000000000000012e6,6543,0,0,0,"{""type"":""Polygon"",""coordinates"":[[[-107.26711575837336,48.18894839193351],[-107.26710925627164,48.18895298988224],[-107.26708985176921,48.18896676800328],[-107.26707728911101,48.18898487985455],[-107.26703197793216,48.18901703405095],[-107.26714927979833,48.189104069942495],[-107.26716252712285,48.18909936761832],[-107.26720177782845,48.18908072724311],[-107.26722802427639,48.18907128279404],[-107.2672475306264,48.189057488891514],[-107.26726063156144,48.18905273104367],[-107.26711575837336,48.18894839193351]]]}"
000000000000000012fb,6544,0,0,0,"{""type"":""Polygon"",""coordinates"":[[[-107.26720628373019,48.1888796454778],[-107.26719381784727,48.18890219538732],[-107.26712866076338,48.188939211761145],[-107.26711575837336,48.18894839193351],[-107.26726063156144,48.18905273104367],[-107.26727353397543,48.189043550833084],[-107.2672928417808,48.189025334569344],[-107.26735833879505,48.18899724969908],[-107.26735819751076,48.188992740377074],[-107.26720628373019,48.1888796454778]]]}"
000000000000000012e2,6545,0,0,0,"{""type"":""Polygon"",""coordinates"":[[[-107.26731044800754,48.18881949519264],[-107.2672840999311,48.18882895533988],[-107.267251793185,48.18885191363404],[-107.26721894300728,48.18886597171956],[-107.26720628373019,48.1888796454778],[-107.26735819751076,48.188992740377074],[-107.26743571861938,48.188933189574406],[-107.26745556469908,48.18892832733425],[-107.26731044800754,48.18881949519264]]]}"
000000000000000012e0,6546,0,0,0,"{""type"":""Polygon"",""coordinates"":[[[-107.26742844220142,48.18876806775641],[-107.26735678336706,48.18880968213953],[-107.26731044800754,48.18881949519264],[-107.26745556469908,48.18892832733425],[-107.26750185566958,48.18891844294674],[-107.2675740976705,48.18889025360867],[-107.26742844220142,48.18876806775641]]]}"
000000000000000012f3,6547,0,0,0,"{""type"":""Polygon"",""coordinates"":[[[-107.26751960197473,48.18871711327699],[-107.26751320174655,48.188721695505826],[-107.26750019766759,48.18873089141446],[-107.26746094736829,48.18874953177781],[-107.26742844220142,48.18876806775641],[-107.2675740976705,48.18889025360867],[-107.2676134448705,48.188876051216454],[-107.26765313699885,48.188866326670315],[-107.26767254135834,48.18885254846527],[-107.26769395062851,48.18888338134667],[-107.26775382876666,48.18887772612342],[-107.26778780052253,48.18889044708936],[-107.26780778795134,48.1888900940909],[-107.26751960197473,48.18871711327699]]]}"
000000000000000012c2,6548,0,0,0,"{""type"":""Polygon"",""coordinates"":[[[-107.26760382292784,48.18865738704663],[-107.2675847585418,48.1886800968067],[-107.26751960197473,48.18871711327699],[-107.26780778795134,48.1888900940909],[-107.2678885371133,48.188901917639356],[-107.26798292586946,48.18892233719302],[-107.26810932601366,48.188910937629856],[-107.26811582805641,48.18890633961853],[-107.26796557128617,48.188833379366514],[-107.26793908181634,48.18883833039088],[-107.26792539782618,48.188829663084185],[-107.26795872928581,48.188829045715664],[-107.26784279003877,48.18877328407041],[-107.26780915827426,48.18876949478589],[-107.26781541715346,48.18876040323333],[-107.26780173323789,48.18875173591992],[-107.26760382292784,48.18865738704663]],[[-107.26780173323789,48.18875173591992],[-107.2677748466893,48.18874784222085],[-107.2677821303716,48.18876109178776],[-107.26780173323789,48.18875173591992]]]}"
000000000000000012c3,6549,0,0,0,"{""type"":""MultiPolygon"",""coordinates"":[[[[-107.26802252101437,48.18876075611291],[-107.26798273213694,48.18876604273062],[-107.26794323866099,48.18878018972879],[-107.2679296960457,48.18877603173221],[-107.26789650599636,48.18878115838958],[-107.26784279003877,48.18877328407041],[-107.26795872928581,48.188829045715664],[-107.26797207332173,48.18882878137186],[-107.26796557128617,48.188833379366514],[-107.26811582805641,48.18890633961853],[-107.26814891645996,48.18890122859524],[-107.26822238215968,48.188899802282556],[-107.26825498915146,48.188881250262135],[-107.26802252101437,48.18876075611291]]],[[[-107.26780623019587,48.18870252697848],[-107.26780500679128,48.18867576356262],[-107.26782407108715,48.18865305376298],[-107.26768750520553,48.188584306887],[-107.26768076006458,48.18858441128035],[-107.26764835183911,48.188607385318846],[-107.26762894761328,48.18862116345162],[-107.26761012638573,48.1886483667657],[-107.26760382292784,48.18865738704663],[-107.26780173323789,48.18875173591992],[-107.26781541715346,48.18876040323333],[-107.2678213806635,48.18874245128918],[-107.26786018918119,48.18871489488051],[-107.26780623019587,48.18870252697848]]]]}"
000000000000000012d4,6550,0,0,0,"{""type"":""MultiPolygon"",""coordinates"":[[[[-107.26808175869829,48.188741762462584],[-107.26804867045459,48.18874687344323],[-107.26803566642084,48.18875606942764],[-107.26802252101437,48.18876075611291],[-107.26825498915146,48.188881250262135],[-107.26808175869829,48.188741762462584]]],[[[-107.26779112987369,48.18851080253616],[-107.26773237386105,48.1885432367916],[-107.26770710797709,48.18857495107223],[-107.26768750520553,48.188584306887],[-107.26782407108715,48.18865305376298],[-107.26784313536236,48.18863034396984],[-107.26789494773962,48.18859359167845],[-107.26779112987369,48.18851080253616]]]]}"
000000000000000012e1,6551,0,0,0,"{""type"":""MultiPolygon"",""coordinates"":[[[[-107.2678887908216,48.18845525002608],[-107.26787588869007,48.18846443020987],[-107.26782363475321,48.1884922665324],[-107.26779112987369,48.18851080253616],[-107.26789494773962,48.18859359167845],[-107.26792061073319,48.188570721975196],[-107.26793395467074,48.18857045764049],[-107.2679598608055,48.1885520814928],[-107.26800595281198,48.18853777462631],[-107.2678887908216,48.18845525002608]]],[[[-107.26829971645529,48.188835670364945],[-107.26824623831594,48.18883674364234],[-107.26825240030239,48.188823213987106],[-107.26827864660295,48.18881376930061],[-107.26827844795994,48.18880934696402],[-107.26825747994874,48.188787430178834],[-107.2681909582913,48.18879317441471],[-107.26816362973085,48.18878036491733],[-107.26813601843328,48.188758536817474],[-107.26808161732285,48.18873725316579],[-107.26808175869829,48.188741762462584],[-107.26825498915146,48.188881250262135],[-107.26830714178362,48.18885342921321],[-107.26829971645529,48.188835670364945]]]]}"
000000000000000012ce,6552,0,0,0,"{""type"":""Polygon"",""coordinates"":[[[-107.26803322836945,48.18839880003223],[-107.26799363849288,48.18840850891227],[-107.26791513864745,48.188445789786215],[-107.2678887908216,48.18845525002608],[-107.26800595281198,48.18853777462631],[-107.26801245479,48.18853317665615],[-107.26804486285285,48.18851020253117],[-107.26807135210152,48.18850525151401],[-107.26803322836945,48.18839880003223]]]}"
000000000000000012c7,6553,0,0,0,"{""type"":""MultiPolygon"",""coordinates"":[[[[-107.26825747994874,48.188787430178834],[-107.26827844795994,48.18880934696402],[-107.26828436672116,48.18879132373998],[-107.2682841680773,48.18878690140531],[-107.26825747994874,48.188787430178834]]],[[[-107.268165885516,48.18837830905394],[-107.26813259895323,48.18837899771935],[-107.26809960784107,48.188388546702164],[-107.26803322836945,48.18839880003223],[-107.26807135210152,48.18850525151401],[-107.26812438784472,48.18849526249424],[-107.26817106301854,48.18849438069892],[-107.26819760951983,48.188489342683305],[-107.268165885516,48.18837830905394]]]]}"
000000000000000012c6,6554,0,0,0,"{""type"":""GeometryCollection"",""geometries"":[{""type"":""LineString"",""coordinates"":[[-107.26829065313794,48.188782294370064],[-107.26828417664383,48.18878688853031],[-107.26828437366602,48.18879135094652]]},{""type"":""Polygon"",""coordinates"":[[[-107.26833955007066,48.188830454843654],[-107.26829971645529,48.188835670364945],[-107.26830714178362,48.18885342921321],[-107.26831388701896,48.18885332477293],[-107.26836648147358,48.18883441962248],[-107.26833955007066,48.188830454843654]]]},{""type"":""Polygon"",""coordinates"":[[[-107.26830582656129,48.188371067324034],[-107.26829272585628,48.18837582524724],[-107.2682793819378,48.18837608963037],[-107.26821936294854,48.18837723584855],[-107.268165885516,48.18837830905394],[-107.26819760951983,48.188489342683305],[-107.26833026714785,48.18846885143048],[-107.26830582656129,48.188371067324034]]]}]}"
000000000000000012e3,6555,0,0,0,"{""type"":""Polygon"",""coordinates"":[[[-107.2684389703248,48.18835956304766],[-107.268419124467,48.1883644254331],[-107.26831907363987,48.188366364911815],[-107.26830582656129,48.188371067324034],[-107.26833026714785,48.18846885143048],[-107.26837010037404,48.18846363594263],[-107.2684501641783,48.188462049530365],[-107.26845686478647,48.188461873843764],[-107.2684389703248,48.18835956304766]]]}"
000000000000000012bf,6556,0,0,0,"{""type"":""MultiPolygon"",""coordinates"":[[[[-107.2686036463984,48.18861083639716],[-107.26861039161115,48.18861073193708],[-107.26861014835961,48.18860623838057],[-107.2686036463984,48.18861083639716]]],[[[-107.2685707042167,48.188316714877594],[-107.26855770039774,48.18832591085232],[-107.26853179455465,48.188344287075196],[-107.26850510667425,48.18834481590684],[-107.2684654149619,48.18835454069859],[-107.2684389703248,48.18835956304766],[-107.26845686478647,48.188461873843764],[-107.26856341795343,48.18845533620804],[-107.2685905478631,48.18846372320594],[-107.2685707042167,48.188316714877594]]]]}"
000000000000000012de,6557,0,0,0,"{""type"":""Polygon"",""coordinates"":[[[-107.26868566334335,48.18835020545736],[-107.2686727613329,48.188359385726905],[-107.26865267219569,48.18835975462594],[-107.26861836014952,48.188338102542204],[-107.26859773222303,48.18832511758032],[-107.26859044825302,48.18831186819203],[-107.2685707042167,48.188316714877594],[-107.2685905478631,48.18846372320594],[-107.2686309199845,48.188471861490875],[-107.26868552006515,48.188497567025195],[-107.26866748155288,48.18854261791571],[-107.26862217152319,48.1885747725641],[-107.26861014835961,48.18860623838057],[-107.26861039161115,48.18861073193708],[-107.26862373566108,48.188610467503445],[-107.26864885960234,48.18857424369257],[-107.26871455445206,48.18855058047126],[-107.26875795997645,48.18847379934683],[-107.26880429526304,48.188463985661166],[-107.26881079718645,48.18845938764474],[-107.26868566334335,48.18835020545736]]]}"
00000000000000001376,6558,0,0,0,"{""type"":""Polygon"",""coordinates"":[[[-107.26873635266145,48.188286674010094],[-107.2687308315976,48.18831354166632],[-107.26871782779617,48.18832273766174],[-107.26868566334335,48.18835020545736],[-107.26881079718645,48.18845938764474],[-107.26883020113979,48.188445609322216],[-107.26889633777986,48.18843086188044],[-107.26890870086973,48.18840832770303],[-107.268920038433,48.18836345260954],[-107.26894536070402,48.188331651193415],[-107.26894516197687,48.18832722890073],[-107.26873635266145,48.188286674010094]]]}"
0000000000000000126e,6559,0,0,0,"{""type"":""Polygon"",""coordinates"":[[[-107.26891275515032,48.188198332860686],[-107.26891251185899,48.188193839341054],[-107.26871988020496,48.18821554904737],[-107.26874104701223,48.18824188777789],[-107.26873635266145,48.188286674010094],[-107.26894516197687,48.18832722890073],[-107.26894985609711,48.18828244262977],[-107.26891275515032,48.188198332860686]]]}"
000000000000000012bb,6560,0,0,0,"{""type"":""Polygon"",""coordinates"":[[[-107.26889818698008,48.188171834204205],[-107.26890312440611,48.188131541580994],[-107.2688683703092,48.18810097389514],[-107.26885424421145,48.188083391061106],[-107.26884056012779,48.18807472401122],[-107.26867031503026,48.18815398903561],[-107.26868488299523,48.188180487722924],[-107.26871215423253,48.188193383893044],[-107.26871988020496,48.18821554904737],[-107.26891251185899,48.188193839341054],[-107.26889818698008,48.188171834204205]]]}"
000000000000000012b8,6561,0,0,0,"{""type"":""Polygon"",""coordinates"":[[[-107.26883357171349,48.18807033497482],[-107.26872999527924,48.187992041218145],[-107.26860090923881,48.18809283773296],[-107.26862916113558,48.18812800349325],[-107.26867017357742,48.18814947979187],[-107.26867031503026,48.18815398903561],[-107.26884056012779,48.18807472401122],[-107.26883357171349,48.18807033497482]]]}"
000000000000000012c1,6562,0,0,0,"{""type"":""Polygon"",""coordinates"":[[[-107.26872315327608,48.187987707690944],[-107.26860731126735,48.18793638583635],[-107.26860056617743,48.18793649029176],[-107.26849860974666,48.1880456734915],[-107.26855985236166,48.188071290186464],[-107.26860066598539,48.18808834422057],[-107.26872999527924,48.187992041218145],[-107.26872315327608,48.187987707690944]]]}"
000000000000000012bc,6563,0,0,0,"{""type"":""Polygon"",""coordinates"":[[[-107.26852646642327,48.18792012509172],[-107.26848574991065,48.18790750905989],[-107.26845896549447,48.18790359988024],[-107.26838379336165,48.188016692080716],[-107.26839727858611,48.18802093692139],[-107.26849860974666,48.1880456734915],[-107.26860056617743,48.18793649029176],[-107.26852646642327,48.18792012509172]]]}"
000000000000000012bd,6564,0,0,0,"{""type"":""Polygon"",""coordinates"":[[[-107.26839176019412,48.18789593486729],[-107.26829815526105,48.18789336330105],[-107.2682761592703,48.188000975602534],[-107.26830309005531,48.1880049403525],[-107.2683231343597,48.18800450029783],[-107.26837025089985,48.18801253420255],[-107.26838379336165,48.188016692080716],[-107.26845896549447,48.18790359988024],[-107.26839176019412,48.18789593486729]]]}"
000000000000000012be,6565,0,0,0,"{""type"":""Polygon"",""coordinates"":[[[-107.26820430723326,48.18788629814346],[-107.26816369282017,48.187873666249786],[-107.26814213832,48.18799019426288],[-107.26822254094888,48.18799753958618],[-107.26824937487255,48.18799706635701],[-107.2682761592703,48.188000975602534],[-107.26829815526105,48.18789336330105],[-107.26820430723326,48.18788629814346]]]}"
000000000000000012c8,6566,0,0,0,"{""type"":""Polygon"",""coordinates"":[[[-107.26815015046678,48.18786950834909],[-107.2680302557064,48.18787630974054],[-107.26801016696875,48.187876678491605],[-107.26802912961159,48.1880014004891],[-107.26803552967986,48.187996818292454],[-107.26812859593117,48.18798603635084],[-107.26814213832,48.18799019426288],[-107.26816369282017,48.187873666249786],[-107.26815015046678,48.18786950834909]]]}"
000000000000000012cb,6567,0,0,0,"{""type"":""Polygon"",""coordinates"":[[[-107.26801016696875,48.187876678491605],[-107.26799682327,48.18787694282738],[-107.26793054658214,48.1878871802366],[-107.26787697322737,48.18788381526253],[-107.2679114779641,48.18806175936539],[-107.26799926597073,48.188082338548966],[-107.26802912961159,48.1880014004891],[-107.26801016696875,48.187876678491605]]]}"
000000000000000012c5,6568,0,0,0,"{""type"":""Polygon"",""coordinates"":[[[-107.26787697322737,48.18788381526253],[-107.26785004270255,48.187879850395504],[-107.2678025295305,48.18786297172217],[-107.26775013513152,48.1878862984398],[-107.26778444594868,48.18790795067968],[-107.26774465806884,48.18791323708798],[-107.26777828368367,48.18806889603807],[-107.2678518442329,48.18807190808279],[-107.26789803741868,48.188057585688625],[-107.2679114779641,48.18806175936539],[-107.26787697322737,48.18788381526253]]]}"
000000000000000012ca,6569,0,0,0,"{""type"":""MultiPolygon"",""coordinates"":[[[[-107.26763081786098,48.18805839398454],[-107.26763145813395,48.18807173205472],[-107.2676443601443,48.18806255197518],[-107.26765086205158,48.18805795407269],[-107.26763081786098,48.18805839398454]]],[[[-107.26765086205158,48.18805795407269],[-107.26767104757704,48.18806202339702],[-107.26768439129611,48.18806175910509],[-107.26777828368367,48.18806889603807],[-107.26774465806884,48.18791323708798],[-107.26773151297748,48.18791792365059],[-107.2677302895955,48.18789116063106],[-107.26771660601209,48.18788249343986],[-107.26770282062964,48.187873841973285],[-107.26766479462543,48.18791924511467],[-107.2676180186202,48.18792014235479],[-107.26763047796538,48.18804946246811],[-107.26764382167417,48.188049198182135],[-107.26765086205158,48.18805795407269]]]]}"
000000000000000012cd,6570,0,0,0,"{""type"":""Polygon"",""coordinates"":[[[-107.2676180186202,48.18792014235479],[-107.26761141997622,48.187920302251754],[-107.26751811115898,48.187926590159734],[-107.26749132712075,48.18792268069909],[-107.26746717630229,48.18813304322162],[-107.26749488838145,48.18815485555592],[-107.26751326770828,48.188118736720526],[-107.26756688571271,48.18812217314897],[-107.26759885180998,48.188090283561856],[-107.26763179802943,48.18808066357493],[-107.26763145813395,48.18807173205472],[-107.26763081786098,48.18805839398454],[-107.26760398911965,48.18805441331063],[-107.26763047796538,48.18804946246811],[-107.2676180186202,48.18792014235479]],[[-107.26755935910195,48.18810443020148],[-107.26757270282042,48.18810416592487],[-107.26756566245993,48.1880954100205],[-107.26755935910195,48.18810443020148]],[[-107.26755935910195,48.18810443020148],[-107.26753961527172,48.18810927665069],[-107.26755329886487,48.18811794390414],[-107.26755935910195,48.18810443020148]]]}"
000000000000000012ec,6571,0,0,0,"{""type"":""MultiPolygon"",""coordinates"":[[[[-107.26745305107815,48.18811546014856],[-107.26746717630229,48.18813304322162],[-107.26746639478546,48.188115195886965],[-107.26745305107815,48.18811546014856]]],[[[-107.26745305107815,48.18811546014856],[-107.26745260941907,48.18810654434591],[-107.26746639478546,48.188115195886965],[-107.26749132712075,48.18792268069909],[-107.26745085454027,48.18791455771052],[-107.26739703837134,48.187906698955864],[-107.2673635094022,48.1879028938273],[-107.26732523278208,48.18809567316818],[-107.26733857646416,48.188095408925086],[-107.26733779500917,48.188077561600544],[-107.26737806914882,48.18808126237931],[-107.2674190802452,48.18810273922753],[-107.26745305107815,48.18811546014856]]]]}"
000000000000000012eb,6572,0,0,0,"{""type"":""Polygon"",""coordinates"":[[[-107.26726277624124,48.18789142285651],[-107.26723564743844,48.187883035546236],[-107.26720177108442,48.18802216847928],[-107.26720841428101,48.18802207984907],[-107.26723608148903,48.18804382098136],[-107.26729048062666,48.188065104882604],[-107.26732523278208,48.18809567316818],[-107.2673635094022,48.1879028938273],[-107.26726277624124,48.18789142285651]]]}"
000000000000000012df,6573,0,0,0,"{""type"":""Polygon"",""coordinates"":[[[-107.26721546215414,48.18787896613805],[-107.26714796287047,48.18786243997588],[-107.26711443405966,48.18785863475949],[-107.26705508787731,48.18802951282458],[-107.2671282112205,48.18801915592186],[-107.26720177108442,48.18802216847928],[-107.26723564743844,48.187883035546236],[-107.26721546215414,48.18787896613805]]]}"
000000000000000012e7,6574,0,0,0,"{""type"":""Polygon"",""coordinates"":[[[-107.2670138871888,48.187851743988865],[-107.26699311919599,48.18783424954741],[-107.26690752693118,48.18801457162711],[-107.26699467324697,48.188021813681196],[-107.2670286437023,48.18803453474247],[-107.26705508787731,48.18802951282458],[-107.26711443405966,48.18785863475949],[-107.2670138871888,48.187851743988865]]]}"
000000000000000012d5,6575,0,0,0,"{""type"":""Polygon"",""coordinates"":[[[-107.266946003901,48.18782621496234],[-107.26690553178932,48.18781809174681],[-107.26687200313377,48.18781428644501],[-107.26676524561651,48.18796826927098],[-107.26679251545424,48.18798116597008],[-107.26683318613743,48.187993711531036],[-107.26690092831973,48.1880147314747],[-107.26690752693118,48.18801457162711],[-107.26699311919599,48.18783424954741],[-107.266946003901,48.18782621496234]]]}"
000000000000000012d6,6576,0,0,0,"{""type"":""Polygon"",""coordinates"":[[[-107.26682513098912,48.187810745299025],[-107.26678387778266,48.18778477479573],[-107.26676995157246,48.18777161398113],[-107.26676325120748,48.18777178954152],[-107.26664281032892,48.18791710476695],[-107.26673103238657,48.18795105461488],[-107.26676524561651,48.18796826927098],[-107.26687200313377,48.18781428644501],[-107.26682513098912,48.187810745299025]]]}"
000000000000000012d8,6577,0,0,0,"{""type"":""Polygon"",""coordinates"":[[[-107.266668483039,48.18774236639937],[-107.2666479977607,48.18773389034559],[-107.26652022917126,48.187865884629055],[-107.26653381565541,48.18787011400914],[-107.26655464058894,48.18788752160659],[-107.26662922379919,48.1879128753997],[-107.26664281032892,48.18791710476695],[-107.26676325120748,48.18777178954152],[-107.266668483039,48.18774236639937]]]}"
000000000000000012dc,6578,0,0,0,"{""type"":""Polygon"",""coordinates"":[[[-107.26656603524638,48.18769084925736],[-107.26655186617651,48.18767319494235],[-107.26639837746015,48.187828144877464],[-107.26645273074455,48.187849357960395],[-107.26652022917126,48.187865884629055],[-107.2666479977607,48.18773389034559],[-107.26656603524638,48.18769084925736]]]}"
000000000000000012d9,6579,0,0,0,"{""type"":""Polygon"",""coordinates"":[[[-107.26653104135472,48.18765578741215],[-107.26648348519758,48.187638836879145],[-107.26646926413187,48.18761681583638],[-107.26646251925526,48.18761692013552],[-107.26629452206804,48.18774528390028],[-107.26637110798622,48.18781524809457],[-107.26639837746015,48.187828144877464],[-107.26655186617651,48.18767319494235],[-107.26653104135472,48.18765578741215]]]}"
000000000000000012d7,6580,0,0,0,"{""type"":""Polygon"",""coordinates"":[[[-107.26638876243581,48.187609484752016],[-107.26640132479908,48.187591373470326],[-107.26642742894269,48.18757742033004],[-107.26638671446165,48.18756480343832],[-107.26636677261142,48.18756522734471],[-107.26620463767875,48.18767565504505],[-107.26621920333149,48.187702153925],[-107.26629452206804,48.18774528390028],[-107.26646251925526,48.18761692013552],[-107.26638876243581,48.187609484752016]]]}"
000000000000000012d2,6581,0,0,0,"{""type"":""Polygon"",""coordinates"":[[[-107.26631945970269,48.18755277023174],[-107.26631183727184,48.18753058939481],[-107.2663180961728,48.187521498152755],[-107.26631105630295,48.18751274224059],[-107.26612693206452,48.187578912250125],[-107.26613431142482,48.187596599640635],[-107.2661836273876,48.18765366698118],[-107.26620463767875,48.18767565504505],[-107.26636677261142,48.18756522734471],[-107.26631945970269,48.18755277023174]]]}"
00000000000000001319,6582,0,0,0,"{""type"":""Polygon"",""coordinates"":[[[-107.26628270593467,48.18747759184723],[-107.26627508353972,48.187455411038066],[-107.26609551567235,48.18747228617544],[-107.26610293955888,48.187490044772],[-107.26609868368995,48.18754374603001],[-107.26611280786987,48.18756132913837],[-107.26612693206452,48.187578912250125],[-107.26631105630295,48.18751274224059],[-107.26628270593467,48.18747759184723]]]}"
0000000000000000131e,6583,0,0,0,"{""type"":""Polygon"",""coordinates"":[[[-107.26623975066931,48.187411417806565],[-107.26625173047091,48.18737988173067],[-107.26626463236535,48.187370701959836],[-107.26606482304713,48.18738359437314],[-107.26606526437561,48.18739251006842],[-107.26607391041844,48.187437031468335],[-107.26609551567235,48.18747228617544],[-107.26627508353972,48.187455411038066],[-107.26627450099616,48.18744198614027],[-107.26623975066931,48.187411417806565]]]}"
0000000000000000131f,6584,0,0,0,"{""type"":""Polygon"",""coordinates"":[[[-107.26624972720887,48.187335271842805],[-107.26624068413662,48.18728190611208],[-107.26604757557226,48.187294622935596],[-107.26606370267103,48.187356815849455],[-107.26606482304713,48.18738359437314],[-107.26626463236535,48.187370701959836],[-107.26627137718285,48.187370597676576],[-107.26624972720887,48.187335271842805]]]}"
000000000000000012d1,6585,0,0,0,"{""type"":""Polygon"",""coordinates"":[[[-107.2662298934858,48.1871882659223],[-107.26601718336524,48.18721033790085],[-107.26600442263833,48.187224026785984],[-107.2660397104224,48.18726794872299],[-107.26604757557226,48.187294622935596],[-107.26624068413662,48.18728190611208],[-107.26623359977086,48.187273078994195],[-107.2662123912556,48.187246668883844],[-107.26623717624292,48.18720151523837],[-107.2662298934858,48.1871882659223]]]}"
00000000000000001312,6586,0,0,0,"{""type"":""Polygon"",""coordinates"":[[[-107.26621342655896,48.187117141869614],[-107.26621264562648,48.187099294853475],[-107.26599983424741,48.187121382466024],[-107.2660000326258,48.1871258046726],[-107.26601493743908,48.18716123469646],[-107.26602988683909,48.18719673597929],[-107.26601698498534,48.18720591568728],[-107.26601718336524,48.18721033790085],[-107.2662298934858,48.1871882659223],[-107.26623439204431,48.18713905847168],[-107.26621342655896,48.187117141869614]]]}"
00000000000000001323,6587,0,0,0,"{""type"":""Polygon"",""coordinates"":[[[-107.26598864748215,48.18701889812135],[-107.26598512783995,48.187090374669495],[-107.26599983424741,48.187121382466024],[-107.26621264562648,48.187099294853475],[-107.26621612028309,48.18702774705786],[-107.26598864748215,48.18701889812135]]]}"
0000000000000000130e,6588,0,0,0,"{""type"":""Polygon"",""coordinates"":[[[-107.26618552939046,48.186939040319594],[-107.2659845004174,48.18692516981637],[-107.26597785750515,48.18692525835282],[-107.26596509687806,48.18693894715626],[-107.26599334468307,48.18697411302712],[-107.26598864748215,48.18701889812135],[-107.26621612028309,48.18702774705786],[-107.26621480137514,48.18699654652474],[-107.26618552939046,48.186939040319594]]]}"
000000000000000012af,6589,0,0,0,"{""type"":""Polygon"",""coordinates"":[[[-107.26602732554858,48.18683496749167],[-107.2660355301533,48.186870572818684],[-107.26603025056161,48.18690193306133],[-107.2659845004174,48.18692516981637],[-107.26618552939046,48.186939040319594],[-107.26621515223584,48.18685361110172],[-107.26602732554858,48.18683496749167]]]}"
000000000000000012b1,6590,0,0,0,"{""type"":""Polygon"",""coordinates"":[[[-107.26606985027733,48.186740358856355],[-107.26605088818764,48.18676305175118],[-107.26603866555087,48.18679009401447],[-107.26602634631537,48.18681269838683],[-107.26602732554858,48.18683496749167],[-107.26621515223584,48.18685361110172],[-107.26621490927012,48.1868491176815],[-107.2662246871804,48.18676855036146],[-107.26606985027733,48.186740358856355]]]}"
000000000000000012b2,6591,0,0,0,"{""type"":""Polygon"",""coordinates"":[[[-107.26609283027291,48.18665501853817],[-107.2660761090676,48.186731267769005],[-107.26606985027733,48.186740358856355],[-107.2662246871804,48.18676855036146],[-107.26622434760804,48.186759619050136],[-107.26624355259652,48.186741419534826],[-107.26624947177761,48.1867233971318],[-107.26628123879259,48.186687086676834],[-107.26609283027291,48.18665501853817]]]}"
000000000000000012a4,6592,0,0,0,"{""type"":""Polygon"",""coordinates"":[[[-107.26613579596932,48.18656932576148],[-107.26610417012716,48.186610145210004],[-107.26609283027291,48.18665501853817],[-107.26628123879259,48.186687086676834],[-107.26629424222884,48.18667789130575],[-107.26630465970857,48.18661066196665],[-107.26632406301178,48.18659688464983],[-107.26613579596932,48.18656932576148]]]}"
000000000000000012ab,6593,0,0,0,"{""type"":""Polygon"",""coordinates"":[[[-107.26611180384393,48.18648045997598],[-107.26611908643653,48.186493709127475],[-107.26614209927386,48.18656030593771],[-107.26613579596932,48.18656932576148],[-107.26632406301178,48.18659688464983],[-107.26633716302999,48.18659212717308],[-107.26634112327034,48.1865295668536],[-107.2663335975924,48.186511824321784],[-107.26633990085169,48.186502804495994],[-107.26611180384393,48.18648045997598]]]}"
000000000000000012a3,6594,0,0,0,"{""type"":""Polygon"",""coordinates"":[[[-107.26610242151772,48.18641816383462],[-107.2660906403973,48.18645412145961],[-107.26611180384393,48.18648045997598],[-107.26633990085169,48.186502804495994],[-107.26635154060156,48.18646233770214],[-107.26637700406681,48.18643504721592],[-107.26638194366303,48.18639475599336],[-107.26610242151772,48.18641816383462]]]}"
000000000000000012ae,6595,0,0,0,"{""type"":""Polygon"",""coordinates"":[[[-107.26614984075417,48.18628319356431],[-107.26613693925312,48.18629237312057],[-107.26612495981486,48.18632390852307],[-107.26613346466134,48.18636391991469],[-107.26610164061972,48.186400317053085],[-107.26610242151772,48.18641816383462],[-107.26638194366303,48.18639475599336],[-107.26638047821987,48.18636350032767],[-107.26614984075417,48.18628319356431]]]}"
000000000000000012ad,6596,0,0,0,"{""type"":""GeometryCollection"",""geometries"":[{""type"":""LineString"",""coordinates"":[[-107.26614990386288,48.186283207711234],[-107.26615657706459,48.186283076096146]]},{""type"":""Polygon"",""coordinates"":[[[-107.26624583760571,48.186187513937085],[-107.26618776948023,48.18623335459341],[-107.26615658536564,48.186283089296495],[-107.26638047821987,48.18636350032767],[-107.26638644182387,48.18634554928559],[-107.26642510690456,48.18631348566865],[-107.26624583760571,48.186187513937085]]]}]}"
000000000000000012aa,6597,0,0,0,"{""type"":""Polygon"",""coordinates"":[[[-107.26636324053308,48.18612266603366],[-107.26627804550736,48.18616011934935],[-107.26624583760571,48.186187513937085],[-107.26642510690456,48.18631348566865],[-107.26649656249089,48.18626745193875],[-107.26650262266978,48.186253938778115],[-107.26636324053308,48.18612266603366]]]}"
000000000000000012a7,6598,0,0,0,"{""type"":""Polygon"",""coordinates"":[[[-107.26648826552737,48.186079998280086],[-107.26644823702443,48.18608079055444],[-107.26636324053308,48.18612266603366],[-107.26650262266978,48.186253938778115],[-107.26653424787177,48.18621311949009],[-107.26655418903026,48.18621269557731],[-107.26660702248833,48.186198285800764],[-107.26648826552737,48.186079998280086]]]}"
000000000000000012a8,6599,0,0,0,"{""type"":""Polygon"",""coordinates"":[[[-107.26666152409486,48.18607214277865],[-107.26662853525606,48.18608169078088],[-107.26652159400447,48.18607938151834],[-107.26648826552737,48.186079998280086],[-107.26660702248833,48.186198285800764],[-107.26664671150141,48.186188562243146],[-107.26668649717732,48.186183276518555],[-107.26666152409486,48.18607214277865]]]}"
000000000000000012a9,6600,0,0,0,"{""type"":""Polygon"",""coordinates"":[[[-107.26680145434948,48.18606490383181],[-107.2667950545745,48.18606948577101],[-107.26676108601505,48.18605676505264],[-107.26674099853525,48.1860571334935],[-107.26666152409486,48.18607214277865],[-107.26668649717732,48.186183276518555],[-107.26669314000769,48.18618318793638],[-107.2667401118356,48.18618671336762],[-107.26677989753776,48.186181427603834],[-107.26680658337123,48.18618089932539],[-107.26681332801178,48.18618079501091],[-107.26680145434948,48.18606490383181]]]}"
000000000000000012ac,6601,0,0,0,"{""type"":""Polygon"",""coordinates"":[[[-107.26691460229029,48.18605375515516],[-107.26680145434948,48.18606490383181],[-107.26681332801178,48.18618079501091],[-107.26686625816382,48.18617082294606],[-107.26694621903886,48.18616480016965],[-107.26694128807016,48.186053226841906],[-107.26691460229029,48.18605375515516]]]}"
000000000000000012a6,6602,0,0,0,"{""type"":""Polygon"",""coordinates"":[[[-107.26706743413705,48.18603733620281],[-107.26698757525138,48.18604334333694],[-107.26697423235753,48.18604360750098],[-107.26694788633525,48.18605306700627],[-107.26694128807016,48.186053226841906],[-107.26694621903886,48.18616480016965],[-107.26708590695665,48.1861530674204],[-107.26706743413705,48.18603733620281]]]}"
0000000000000000129f,6603,0,0,0,"{""type"":""Polygon"",""coordinates"":[[[-107.26720076653682,48.18603025651206],[-107.26706743413705,48.18603733620281],[-107.26708590695665,48.1861530674204],[-107.2670990513874,48.18614838111968],[-107.26715184030108,48.186133899824206],[-107.26721879817097,48.18613707220544],[-107.26720076653682,48.18603025651206]]]}"
00000000000000001298,6604,0,0,0,"{""type"":""Polygon"",""coordinates"":[[[-107.26733361286648,48.1860141899476],[-107.26726073651507,48.18602903985854],[-107.26722070773792,48.18602983246121],[-107.26720076653682,48.18603025651206],[-107.26721879817097,48.18613707220544],[-107.26725208239826,48.186136383945374],[-107.2673453864569,48.18613009662996],[-107.26733361286648,48.1860141899476]]]}"
0000000000000000128f,6605,0,0,0,"{""type"":""Polygon"",""coordinates"":[[[-107.26746020087236,48.18600721424405],[-107.26741303026574,48.1859992670777],[-107.26733361286648,48.1860141899476],[-107.2673453864569,48.18613009662996],[-107.26745863188292,48.18612338511936],[-107.26747231476111,48.18613205207633],[-107.26748038524306,48.186011283479615],[-107.26746020087236,48.18600721424405]]]}"
000000000000000012a0,6606,0,0,0,"{""type"":""Polygon"",""coordinates"":[[[-107.26748722666603,48.18601561694783],[-107.26748038524306,48.186011283479615],[-107.26747231476111,48.18613205207633],[-107.26750608533254,48.186140350430016],[-107.26753321304658,48.18614873741451],[-107.26754049620882,48.18616198636044],[-107.26764108388808,48.186021537036446],[-107.26748722666603,48.18601561694783]]]}"
0000000000000000129d,6607,0,0,0,"{""type"":""Polygon"",""coordinates"":[[[-107.26773615000694,48.18605536470412],[-107.26764108388808,48.186021537036446],[-107.26754049620882,48.18616198636044],[-107.26754777937636,48.186175235309],[-107.2675548194139,48.186183990904304],[-107.2677846285408,48.18609466983332],[-107.26781654804381,48.18606271021463],[-107.26773615000694,48.18605536470412]]]}"
000000000000000012cc,6608,0,0,0,"{""type"":""Polygon"",""coordinates"":[[[-107.2675548194139,48.186183990904304],[-107.26757558695907,48.18620148468854],[-107.26760349639046,48.18622771834724],[-107.26765765026262,48.186244508001096],[-107.26771204736994,48.186265790989296],[-107.26773198880586,48.18626536682439],[-107.2677846285408,48.18609466983332],[-107.2675548194139,48.186183990904304]]]}"
000000000000000012c9,6609,0,0,0,"{""type"":""Polygon"",""coordinates"":[[[-107.26785985053769,48.18613335942595],[-107.2678298910642,48.18606244593021],[-107.26781654804381,48.18606271021463],[-107.2677846285408,48.18609466983332],[-107.26773198880586,48.18626536682439],[-107.26775183345195,48.18626050480513],[-107.26787969093573,48.18628036190177],[-107.26788609069354,48.1862757798724],[-107.26788653664339,48.18613283084086],[-107.26785985053769,48.18613335942595]]]}"
000000000000000012c4,6610,0,0,0,"{""type"":""Polygon"",""coordinates"":[[[-107.26796615319358,48.18612232957878],[-107.26788653664339,48.18613283084086],[-107.26788609069354,48.1862757798724],[-107.26793282019568,48.18627481134288],[-107.2680268052388,48.18628638574782],[-107.268080036376,48.18628081937979],[-107.26807925450707,48.18626297268543],[-107.26796615319358,48.18612232957878]]]}"
0000000000000000129e,6611,0,0,0,"{""type"":""Polygon"",""coordinates"":[[[-107.26811180505344,48.18609264428298],[-107.26798619640874,48.186121889637796],[-107.26796615319358,48.18612232957878],[-107.26807925450707,48.18626297268543],[-107.26815775252416,48.18607382902132],[-107.26811180505344,48.18609264428298]]]}"
000000000000000012ba,6612,0,0,0,"{""type"":""Polygon"",""coordinates"":[[[-107.26823189277607,48.18609026527211],[-107.26819152345584,48.18608212711556],[-107.2681643954407,48.18607374033532],[-107.26815775252416,48.18607382902132],[-107.26807925450707,48.18626297268543],[-107.268080036376,48.18628081937979],[-107.26815969792857,48.18627038915246],[-107.26819332762507,48.18627417818721],[-107.2682657629725,48.186250411997314],[-107.26823189277607,48.18609026527211]]]}"
000000000000000012cf,6613,0,0,0,"{""type"":""Polygon"",""coordinates"":[[[-107.26835300588615,48.186110226081496],[-107.26827314590278,48.18611623432127],[-107.26823189277607,48.18609026527211],[-107.2682657629725,48.186250411997314],[-107.26828550585579,48.18624556559347],[-107.2683987526562,48.18623885292425],[-107.26841273641737,48.1862519261512],[-107.26843922408534,48.186246975284476],[-107.26835300588615,48.186110226081496]]]}"
000000000000000012d0,6614,0,0,0,"{""type"":""Polygon"",""coordinates"":[[[-107.26846566896648,48.1860900888391],[-107.26846591221494,48.18609458218182],[-107.26843956609557,48.18610404210812],[-107.26840623691355,48.18610465955395],[-107.26835300588615,48.186110226081496],[-107.26843922408534,48.186246975284476],[-107.26852534273905,48.186231875733704],[-107.26854474548841,48.18621809808095],[-107.2686029140138,48.186172240321994],[-107.26846566896648,48.1860900888391]]]}"
000000000000000012b9,6615,0,0,0,"{""type"":""Polygon"",""coordinates"":[[[-107.26871493675736,48.186138765186456],[-107.26868771151742,48.18612594071822],[-107.26869983051724,48.186098914230314],[-107.26854259931909,48.18601711610413],[-107.26852353682688,48.186039824866455],[-107.26846566896648,48.1860900888391],[-107.2686029140138,48.186172240321994],[-107.26862881821785,48.186153864877795],[-107.26865550455676,48.186153336072806],[-107.26868219090288,48.186152807260235],[-107.26872906212253,48.18615634741169],[-107.26871493675736,48.186138765186456]]]}"
0000000000000000129c,6616,0,0,0,"{""type"":""Polygon"",""coordinates"":[[[-107.26860598762855,48.185939985716146],[-107.26857422277321,48.18597629637157],[-107.26854259931909,48.18601711610413],[-107.26869983051724,48.186098914230314],[-107.26873101193475,48.186049178943065],[-107.26875027306907,48.18603089223795],[-107.26860598762855,48.185939985716146]]]}"
00000000000000001278,6617,0,0,0,"{""type"":""Polygon"",""coordinates"":[[[-107.2688039861683,48.185886902006295],[-107.26862382591064,48.18589051500787],[-107.26862524873538,48.18592169907466],[-107.26860598762855,48.185939985716146],[-107.26875027306907,48.18603089223795],[-107.26876967567122,48.18601711459595],[-107.26878648830292,48.185945303886186],[-107.26881161006258,48.18590908191735],[-107.2688039861683,48.185886902006295]]]}"
00000000000000001289,6618,0,0,0,"{""type"":""Polygon"",""coordinates"":[[[-107.26879670249656,48.18587365323823],[-107.26876923410097,48.1858563355332],[-107.26876845188303,48.18583848899687],[-107.26876791295236,48.1858251357846],[-107.26876668872391,48.18579837386105],[-107.26864679997108,48.18580517560323],[-107.2686216781777,48.18584139745847],[-107.2686303273603,48.185885917239894],[-107.26862382591064,48.18589051500787],[-107.2688039861683,48.185886902006295],[-107.26879670249656,48.18587365323823]]]}"
00000000000000001285,6619,0,0,0,"{""type"":""Polygon"",""coordinates"":[[[-107.26878986114055,48.18571745665459],[-107.26877573588251,48.18569987458181],[-107.26861630005497,48.18572090964572],[-107.26863042521936,48.18573849175132],[-107.26864679997108,48.18580517560323],[-107.26876668872391,48.18579837386105],[-107.26876654723881,48.18579386481954],[-107.2687791080725,48.185775753888585],[-107.26880501194391,48.18575737854334],[-107.26878986114055,48.18571745665459]]]}"
00000000000000001288,6620,0,0,0,"{""type"":""Polygon"",""coordinates"":[[[-107.26876175212469,48.18568680154442],[-107.26871072720824,48.18558953579374],[-107.26869714095287,48.18558530689874],[-107.2685666411141,48.18565491461526],[-107.26861630005497,48.18572090964572],[-107.26877573588251,48.18569987458181],[-107.26876175212469,48.18568680154442]]]}"
00000000000000001296,6621,0,0,0,"{""type"":""Polygon"",""coordinates"":[[[-107.26866317144558,48.18557258699421],[-107.2686349212002,48.185537422904844],[-107.2684828715326,48.18557169064062],[-107.26850363941753,48.18558918401247],[-107.26856649965234,48.18565040558511],[-107.2685666411141,48.18565491461526],[-107.26869714095287,48.18558530689874],[-107.26866317144558,48.18557258699421]]]}"
00000000000000001284,6622,0,0,0,"{""type"":""Polygon"",""coordinates"":[[[-107.2686210393706,48.18552433415845],[-107.2686204559229,48.18551090978909],[-107.26860608757089,48.18548883446512],[-107.268592302675,48.18548018350634],[-107.2685776387507,48.18544924835861],[-107.26843262969592,48.185492271347975],[-107.26846693910541,48.1855139223974],[-107.2684478768728,48.18553663092158],[-107.2684828715326,48.18557169064062],[-107.2686349212002,48.185537422904844],[-107.2686210393706,48.18552433415845]]]}"
00000000000000001292,6623,0,0,0,"{""type"":""Polygon"",""coordinates"":[[[-107.26856248832172,48.185409326657584],[-107.26853546238691,48.18540092435664],[-107.26852290161416,48.185419035125534],[-107.26848164892166,48.18539306651577],[-107.26845418110186,48.18537574886371],[-107.26835716461139,48.185449089381706],[-107.26841200335465,48.185479287006174],[-107.26843262969592,48.185492271347975],[-107.2685776387507,48.18544924835861],[-107.26856248832172,48.185409326657584]]]}"
00000000000000001293,6624,0,0,0,"{""type"":""Polygon"",""coordinates"":[[[-107.26848961527847,48.18512045380904],[-107.26850295805545,48.18512018944195],[-107.26850892051445,48.18510223872],[-107.26852930345412,48.18511072969292],[-107.26852832263354,48.1850884613815],[-107.26854792344325,48.18507910606454],[-107.26854680114567,48.18505232878796],[-107.2685724612558,48.18502946051819],[-107.26859860788265,48.185015578751596],[-107.26859108116936,48.18499783693204],[-107.26853179233606,48.185016916354044],[-107.2683750063956,48.18509589579409],[-107.26832950209511,48.185123626065895],[-107.26832994400695,48.185132541354164],[-107.26834968628718,48.18512769505508],[-107.26835618760767,48.18512309737541],[-107.26837661505147,48.18513165961982],[-107.26836503504629,48.18517203861581],[-107.2683373687941,48.18515029896772],[-107.26833072603043,48.18515038766025],[-107.26829597097344,48.18542354495293],[-107.26830931383196,48.18542328060917],[-107.26835716461139,48.185449089381706],[-107.26845418110186,48.18537574886371],[-107.26844039630397,48.185367097899174],[-107.26843961423302,48.18534925152189],[-107.26842548931805,48.18533166951156],[-107.26841136441784,48.185314087504636],[-107.26835056827015,48.18529738725376],[-107.26851336992418,48.1852048232964],[-107.26846361492825,48.185134391084716],[-107.26841561803768,48.18510852700375],[-107.26845510749682,48.18509438089737],[-107.26846864895111,48.18509853855922],[-107.26848829433143,48.18508925448655],[-107.26848961527847,48.18512045380904]],[[-107.26852832263354,48.1850884613815],[-107.26852123790786,48.18507963480846],[-107.26851497986436,48.18508872575175],[-107.26852832263354,48.1850884613815]],[[-107.26848829433143,48.18508925448655],[-107.268501637097,48.1850889901201],[-107.26849455237969,48.1850801635448],[-107.26848829433143,48.18508925448655]]]}"
00000000000000001291,6625,0,0,0,"{""type"":""Polygon"",""coordinates"":[[[-107.26823800690204,48.18517010006064],[-107.26815403806494,48.18523431594611],[-107.2681764240511,48.18543927708109],[-107.26819651150439,48.185438908344835],[-107.26829597097344,48.18542354495293],[-107.26833072603043,48.18515038766025],[-107.26831009992576,48.185137403374675],[-107.26832994400695,48.185132541354164],[-107.26832950209511,48.185123626065895],[-107.26823800690204,48.18517010006064]]]}"
00000000000000001297,6626,0,0,0,"{""type"":""Polygon"",""coordinates"":[[[-107.26815403806494,48.18523431594611],[-107.2681147916799,48.18525295524252],[-107.26804402392574,48.1853123978206],[-107.26801733508317,48.18546478856521],[-107.26803727615291,48.18546436435261],[-107.2681764240511,48.18543927708109],[-107.26815403806494,48.18523431594611]]]}"
0000000000000000129b,6627,0,0,0,"{""type"":""Polygon"",""coordinates"":[[[-107.26781861406738,48.1853525279904],[-107.26781939583462,48.18537037438156],[-107.26784050812614,48.185392345406406],[-107.26789519969122,48.18542248780407],[-107.26799060485874,48.18546524593386],[-107.2680105904854,48.18546489296179],[-107.26801733508317,48.18546478856521],[-107.26804402392574,48.1853123978206],[-107.26781861406738,48.1853525279904]]]}"
000000000000000012a5,6628,0,0,0,"{""type"":""Polygon"",""coordinates"":[[[-107.26781392346146,48.18524544977014],[-107.26781426344542,48.18525438080914],[-107.26780214426003,48.18528140675743],[-107.26780395095342,48.18532159277878],[-107.2678049313238,48.18534386120741],[-107.26781861406738,48.1853525279904],[-107.26804402392574,48.1853123978206],[-107.2681147916799,48.18525295524252],[-107.26781392346146,48.18524544977014]]]}"
0000000000000000128e,6629,0,0,0,"{""type"":""Polygon"",""coordinates"":[[[-107.26786338540387,48.185155160991734],[-107.26783860356213,48.185200313226346],[-107.2678126999093,48.185218688111284],[-107.26781392346146,48.18524544977014],[-107.2681147916799,48.18525295524252],[-107.26815403806494,48.18523431594611],[-107.26823800690204,48.18517010006064],[-107.26786338540387,48.185155160991734]]]}"
00000000000000001295,6630,0,0,0,"{""type"":""Polygon"",""coordinates"":[[[-107.26834812222027,48.1850920024651],[-107.26832872007148,48.18510577976885],[-107.26832143673238,48.1850925311524],[-107.26787257591522,48.18506117193073],[-107.26786338540387,48.185155160991734],[-107.26823800690204,48.18517010006064],[-107.26832950209511,48.185123626065895],[-107.2683750063956,48.18509589579409],[-107.26834812222027,48.1850920024651]]]}"
00000000000000001294,6631,0,0,0,"{""type"":""MultiPolygon"",""coordinates"":[[[[-107.26838443888025,48.18500640007227],[-107.2684129317055,48.18504605715203],[-107.26838736841236,48.18507336313503],[-107.26837378242557,48.18506913422881],[-107.26834812222027,48.1850920024651],[-107.2683750063956,48.18509589579409],[-107.26852514958229,48.18501700505954],[-107.26838443888025,48.18500640007227]]],[[[-107.26830002865228,48.18506170059547],[-107.26823923303154,48.185045000340594],[-107.2682505698751,48.18500012820433],[-107.26825707117673,48.18499553054297],[-107.2679021935007,48.18497574536568],[-107.26788313135319,48.184998453543955],[-107.26788357315732,48.18500736881585],[-107.26787213411446,48.1850522566496],[-107.26787257591522,48.18506117193073],[-107.26832143673238,48.1850925311524],[-107.26830002865228,48.18506170059547]]]]}"
000000000000000012a2,6632,0,0,0,"{""type"":""MultiPolygon"",""coordinates"":[[[[-107.26836303077506,48.18497556958035],[-107.26838443888025,48.18500640007227],[-107.26852514958229,48.18501700505954],[-107.26836303077506,48.18497556958035]]],[[[-107.26797169739466,48.18488501710766],[-107.26793259277531,48.184908165165695],[-107.26790825300478,48.18496223246421],[-107.2679021935007,48.18497574536568],[-107.26825707117673,48.18499553054297],[-107.26827691517543,48.184990668548586],[-107.26827569127306,48.184963907033705],[-107.2682821925666,48.18495930937401],[-107.26797169739466,48.18488501710766]]]]}"
0000000000000000125b,6633,0,0,0,"{""type"":""Polygon"",""coordinates"":[[[-107.26858423970843,48.184993503627055],[-107.26848311520175,48.184973190389144],[-107.26842784003483,48.18492962436432],[-107.26842759678424,48.18492513112075],[-107.26802129987342,48.184799237845965],[-107.2679824957926,48.18482679216267],[-107.26792785719812,48.1848010166291],[-107.26790747469552,48.18479252556723],[-107.26788885446335,48.184824148905804],[-107.26794358986989,48.1848543622037],[-107.26797169739466,48.18488501710766],[-107.2682821925666,48.18495930937401],[-107.26830125453277,48.18493660113794],[-107.268292747315,48.18489659108076],[-107.26832691463633,48.18491373298411],[-107.26835574744169,48.18496232099904],[-107.26836303077506,48.18497556958035],[-107.26852514958229,48.18501700505954],[-107.26853179233606,48.185016916354044],[-107.26859108116936,48.18499783693204],[-107.26858423970843,48.184993503627055]]]}"
0000000000000000128c,6634,0,0,0,"{""type"":""GeometryCollection"",""geometries"":[{""type"":""LineString"",""coordinates"":[[-107.26802130896161,48.18479919920704],[-107.26802798196202,48.184799067486345]]},{""type"":""Polygon"",""coordinates"":[[[-107.26836889309526,48.184805774004175],[-107.26836239183496,48.18481037165552],[-107.26834182312517,48.18479730049769],[-107.26806421490232,48.18471347614077],[-107.26805815549424,48.18472698898596],[-107.26803269408424,48.184754278982645],[-107.26802799978928,48.18479906221905],[-107.26842759678424,48.18492513112075],[-107.26844342852407,48.184831053755055],[-107.26836889309526,48.184805774004175]]]}]}"
0000000000000000128d,6635,0,0,0,"{""type"":""MultiPolygon"",""coordinates"":[[[[-107.26842764272628,48.184773341818],[-107.2684142555222,48.18477353493572],[-107.2684012530171,48.184782730238524],[-107.2683882950698,48.18479199677504],[-107.26836889309526,48.184805774004175],[-107.26844342852407,48.184831053755055],[-107.26845350135741,48.18475489570017],[-107.26842764272628,48.184773341818]]],[[[-107.26808014915106,48.184619383469766],[-107.26807667871226,48.184690927960574],[-107.26806421490232,48.18471347614077],[-107.26834182312517,48.18479730049769],[-107.26832119719737,48.18478431629689],[-107.26832041516819,48.184766470114674],[-107.26836459814542,48.184707540945894],[-107.26808014915106,48.184619383469766]]]]}"
00000000000000001259,6636,0,0,0,"{""type"":""Polygon"",""coordinates"":[[[-107.26807579771258,48.184521237684706],[-107.26806387762208,48.18455268525901],[-107.26809862772627,48.184583251282106],[-107.26808645174133,48.18461036386973],[-107.26808014915106,48.184619383469766],[-107.26836459814542,48.184707540945894],[-107.26836439946376,48.184703118954566],[-107.26839577853599,48.18465780710496],[-107.26852260646294,48.18465532348447],[-107.26807579771258,48.184521237684706]]]}"
0000000000000000123c,6637,0,0,0,"{""type"":""Polygon"",""coordinates"":[[[-107.26853193658819,48.184565844234655],[-107.26851273346288,48.184584043410204],[-107.26846038849052,48.184607440176194],[-107.2684913254279,48.18455321319189],[-107.26809124537765,48.18441815895376],[-107.26807834477093,48.18442733842382],[-107.26805894295298,48.184441115491126],[-107.2680799531731,48.18446310180783],[-107.26805405012104,48.18448147648595],[-107.26808205572297,48.18451214686865],[-107.26807579771258,48.184521237684706],[-107.26852260646294,48.18465532348447],[-107.26852920458904,48.184655163547895],[-107.2685745095249,48.184623011460744],[-107.26859401316428,48.18460921851602],[-107.2686132162815,48.18459101931573],[-107.26853193658819,48.184565844234655]]]}"
00000000000000001246,6638,0,0,0,"{""type"":""MultiPolygon"",""coordinates"":[[[[-107.26877176313728,48.18455215445708],[-107.26875998502516,48.184588111061835],[-107.26879889039822,48.18456054084298],[-107.26877176313728,48.18455215445708]]],[[[-107.26854357341298,48.18452537873459],[-107.26855779504272,48.184547398165755],[-107.26853193658819,48.184565844234655],[-107.2686132162815,48.18459101931573],[-107.2686516797049,48.18455453396518],[-107.26869796540859,48.18454464995367],[-107.26872431039199,48.18453519026482],[-107.26858863490087,48.184488733518734],[-107.26857587579187,48.18450242199865],[-107.26856273193384,48.18450710834088],[-107.268549972812,48.18452079682245],[-107.26854357341298,48.18452537873459]]],[[[-107.26854860722035,48.184489526624155],[-107.26856160960035,48.18448033135566],[-107.26816133107822,48.18434085563029],[-107.26815527177355,48.18435436838356],[-107.26812188702858,48.18435507262562],[-107.26810292712366,48.184377764844605],[-107.26813093271188,48.18440843515312],[-107.26809124537765,48.18441815895376],[-107.2684913254279,48.18455321319189],[-107.26850364261331,48.184530609523065],[-107.26854357341298,48.18452537873459],[-107.26854860722035,48.184489526624155]]]]}"
0000000000000000124e,6639,0,0,0,"{""type"":""Polygon"",""coordinates"":[[[-107.26821103416668,48.18425506146075],[-107.26819339508971,48.184308952504104],[-107.26816739037841,48.184327342880216],[-107.26816133107822,48.18434085563029],[-107.26856160960035,48.18448033135566],[-107.26861277477211,48.1844302445958],[-107.26861433913524,48.18446593672634],[-107.26858863490087,48.184488733518734],[-107.26872431039199,48.18453519026482],[-107.26873765299175,48.184534925872555],[-107.26878373995834,48.18452061984949],[-107.26877176313728,48.18455215445708],[-107.26879889039822,48.18456054084298],[-107.26881849090701,48.184551185572],[-107.26883139148376,48.18454200598169],[-107.26884282927023,48.18449711849957],[-107.26884184823676,48.18447485045569],[-107.26821103416668,48.18425506146075]]]}"
00000000000000001248,6640,0,1,0,"{""type"":""Polygon"",""coordinates"":[[[-107.2683015017198,48.18418624918885],[-107.2682757403587,48.18420913273156],[-107.26821651010835,48.18422812468176],[-107.26821103416668,48.18425506146075],[-107.26884184823676,48.18447485045569],[-107.26886535964171,48.18440286617702],[-107.26886457733568,48.18438502013526],[-107.2683015017198,48.18418624918885]]]}"
00000000000000001254,6641,0,0,0,"{""type"":""Polygon"",""coordinates"":[[[-107.26839827145527,48.184108417397084],[-107.2683460240645,48.184136251540274],[-107.26833346371679,48.18415436183952],[-107.2683015017198,48.18418624918885],[-107.26886457733568,48.18438502013526],[-107.26888793444333,48.18430868525376],[-107.26839827145527,48.184108417397084]]]}"
0000000000000000124a,6642,0,0,0,"{""type"":""Polygon"",""coordinates"":[[[-107.26850848016548,48.184034758937095],[-107.26846341923539,48.1840714037859],[-107.26845041699885,48.18408059896619],[-107.26843751655481,48.18408977842167],[-107.26839827145527,48.184108417397084],[-107.26888793444333,48.18430868525376],[-107.2688876911322,48.184304192065774],[-107.26888735087145,48.18429526119842],[-107.26888050947423,48.18429092797062],[-107.2688518177534,48.1842468496505],[-107.26869381114142,48.18414720850665],[-107.26868711129669,48.184147384176065],[-107.26850848016548,48.184034758937095]],[[-107.26868711129669,48.184147384176065],[-107.26867352555794,48.18414315538019],[-107.26868061017616,48.18415198178806],[-107.26868711129669,48.184147384176065]]]}"
0000000000000000124b,6643,0,0,0,"{""type"":""Polygon"",""coordinates"":[[[-107.26882884493288,48.184180327757566],[-107.2686457183981,48.18396504915642],[-107.26861917511934,48.18397008678231],[-107.26854088389292,48.18401178671294],[-107.26850848016548,48.184034758937095],[-107.2688518177534,48.1842468496505],[-107.26882884493288,48.184180327757566]]]}"
0000000000000000124f,6644,0,0,0,"{""type"":""Polygon"",""coordinates"":[[[-107.26871178958413,48.18395039025978],[-107.2686457183981,48.18396504915642],[-107.26882884493288,48.184180327757566],[-107.26884384766797,48.183916476504734],[-107.26871178958413,48.18395039025978]],[[-107.26879898627514,48.18410940148855],[-107.26877880247413,48.18410533266243],[-107.2687858871194,48.184114159055525],[-107.26879898627514,48.18410940148855]]]}"
00000000000000001253,6645,0,0,0,"{""type"":""Polygon"",""coordinates"":[[[-107.2689579148614,48.183927680749946],[-107.26885709311237,48.18391177445665],[-107.26884384766797,48.183916476504734],[-107.26882884493288,48.184180327757566],[-107.2688518177534,48.1842468496505],[-107.26888050947423,48.18429092797062],[-107.26899814087373,48.183931309416145],[-107.2689579148614,48.183927680749946]],[[-107.26887859898586,48.18409889996977],[-107.26884507270519,48.18409509556501],[-107.26885885721822,48.18410374627013],[-107.26887859898586,48.18409889996977]]]}"
00000000000000001245,6646,0,0,0,"{""type"":""Polygon"",""coordinates"":[[[-107.26913303308501,48.183959919221564],[-107.26911900517402,48.18394677542465],[-107.26903157011084,48.183930676109064],[-107.26901172662373,48.183935538148816],[-107.26899814087373,48.183931309416145],[-107.26888050947423,48.18429092797062],[-107.26888735087145,48.18429526119842],[-107.26917325922774,48.18396354781329],[-107.26913303308501,48.183959919221564]]]}"
0000000000000000123f,6647,0,0,0,"{""type"":""MultiPolygon"",""coordinates"":[[[[-107.26944518295146,48.18377062043748],[-107.26943228272515,48.18377979996719],[-107.26940593826873,48.18378925970155],[-107.26940672085632,48.18380710553025],[-107.26936713574544,48.18381681401106],[-107.26935457587594,48.183834924322156],[-107.26944777415615,48.18382865106418],[-107.26949215345954,48.1837741443944],[-107.26944518295146,48.18377062043748]]],[[[-107.26921445400438,48.18398960239746],[-107.2692000856995,48.18396752779765],[-107.26917325922774,48.18396354781329],[-107.26888735087145,48.18429526119842],[-107.2688876911322,48.184304192065774],[-107.26894027895655,48.18428528839875],[-107.2691299069465,48.18419225196796],[-107.26928239106806,48.184015041093694],[-107.26921445400438,48.18398960239746]]]]}"
00000000000000001247,6648,0,0,0,"{""type"":""Polygon"",""coordinates"":[[[-107.26990748688577,48.18395354899905],[-107.2698303591316,48.18387024010792],[-107.26976789635233,48.18381786525331],[-107.26967469781988,48.18382413882721],[-107.26963994645286,48.18379357384644],[-107.26959283422474,48.1837855410978],[-107.2695523646469,48.183777419555845],[-107.26949215345954,48.1837741443944],[-107.26944777415615,48.18382865106418],[-107.26949430252502,48.18382325996629],[-107.26957538333782,48.18384401196642],[-107.26961047511332,48.183883507789616],[-107.26979121142523,48.18389331720863],[-107.26983930559658,48.1839236176449],[-107.26985411666955,48.18395460719117],[-107.26982821436124,48.183972982152085],[-107.26966091715067,48.18396734593258],[-107.26962895599578,48.18399923358952],[-107.26954992686716,48.18402315968921],[-107.26953692475963,48.18403235500499],[-107.26951102232819,48.18405072991052],[-107.26946449366486,48.18405612104721],[-107.26945809439908,48.1840607029766],[-107.26944509226809,48.18406989828708],[-107.2694588770045,48.184078548896224],[-107.26947255995121,48.184087215230505],[-107.26944744006413,48.18412343607422],[-107.2693948524371,48.18414233995609],[-107.2693940698648,48.184124494013524],[-107.26935819564655,48.18406715200407],[-107.26932320108953,48.18403209360116],[-107.26928239106806,48.184015041093694],[-107.2691299069465,48.18419225196796],[-107.26994615293317,48.184073343442904],[-107.26994472889051,48.184042160518885],[-107.26990748688577,48.18395354899905]]]}"
00000000000000001244,6649,0,0,0,"{""type"":""Polygon"",""coordinates"":[[[-107.26994615293317,48.184073343442904],[-107.2691299069465,48.18419225196796],[-107.26894027895655,48.18428528839875],[-107.26996521893432,48.184202493577075],[-107.26996443608482,48.18418464762584],[-107.26994615293317,48.184073343442904]],[[-107.26950237554124,48.184158069989884],[-107.26946884891017,48.18415426580763],[-107.26947691521343,48.18418536004795],[-107.26950394078975,48.184193761899365],[-107.26948981558623,48.184176180437966],[-107.26950237554124,48.184158069989884]]]}"
00000000000000001252,6650,0,0,0,"{""type"":""Polygon"",""coordinates"":[[[-107.26996521893432,48.184202493577075],[-107.26894027895655,48.18428528839875],[-107.2688876911322,48.184304192065774],[-107.26888793444333,48.18430868525376],[-107.26886457733568,48.18438502013526],[-107.26886535964171,48.18440286617702],[-107.2699946379332,48.18426450441586],[-107.26996521893432,48.184202493577075]]]}"
00000000000000001257,6651,0,0,0,"{""type"":""Polygon"",""coordinates"":[[[-107.26905532996862,48.18447061969688],[-107.26997881023446,48.18435858092476],[-107.26999483681548,48.18426892636197],[-107.2699946379332,48.18426450441586],[-107.26886535964171,48.18440286617702],[-107.26884184823676,48.18447485045569],[-107.26884282927023,48.18449711849957],[-107.26889575763401,48.18448714567923],[-107.26894096526398,48.18445055583772],[-107.2689937520671,48.18443607404883],[-107.26904062133124,48.18443961398259],[-107.26905532996862,48.18447061969688]],[[-107.26904062133124,48.18443961398259],[-107.26905396394154,48.18443934954656],[-107.26904028103525,48.18443068309376],[-107.26904062133124,48.18443961398259]]]}"
00000000000000001258,6652,0,0,0,"{""type"":""MultiPolygon"",""coordinates"":[[[[-107.26884282927023,48.18449711849957],[-107.26883139148376,48.18454200598169],[-107.26889575763401,48.18448714567923],[-107.26884282927023,48.18449711849957]]],[[[-107.26905532996862,48.18447061969688],[-107.26905552873563,48.18447504166514],[-107.26908201521752,48.18447009081785],[-107.26913079458319,48.1845138003255],[-107.26915904477572,48.18454896358815],[-107.26997602450177,48.18444798679858],[-107.26995525616452,48.18443049413507],[-107.2699801324919,48.184389779761474],[-107.26997881023446,48.18435858092476],[-107.26905532996862,48.18447061969688]]]]}"
0000000000000000123a,6653,0,0,0,"{""type"":""Polygon"",""coordinates"":[[[-107.26997602450177,48.18444798679858],[-107.26915904477572,48.18454896358815],[-107.26918685289849,48.18457521167827],[-107.26918294243328,48.18463784089912],[-107.27004655556422,48.18453145648942],[-107.27004631211118,48.18452696328899],[-107.26997602450177,48.18444798679858]]]}"
00000000000000001256,6654,0,0,0,"{""type"":""Polygon"",""coordinates"":[[[-107.27004655556422,48.18453145648942],[-107.26918294243328,48.18463784089912],[-107.26917967284987,48.184713807389855],[-107.27008576196825,48.184664605060945],[-107.2700917236725,48.1846466544148],[-107.27004655556422,48.18453145648942]]]}"
0000000000000000124d,6655,0,0,0,"{""type"":""Polygon"",""coordinates"":[[[-107.26917967284987,48.184713807389855],[-107.26917987163027,48.1847182293779],[-107.26918065408107,48.1847360755261],[-107.26917610265801,48.184785367722355],[-107.27007188508796,48.18480337676638],[-107.27008410453894,48.18477633508851],[-107.27008576196825,48.184664605060945],[-107.26917967284987,48.184713807389855]]]}"
00000000000000001235,6656,0,0,0,"{""type"":""Polygon"",""coordinates"":[[[-107.26917610265801,48.184785367722355],[-107.26917732722845,48.18481212911825],[-107.26918671490282,48.184874422927415],[-107.27003557187643,48.18488897938076],[-107.27007188508796,48.18480337676638],[-107.26917610265801,48.184785367722355]]]}"
00000000000000001277,6657,0,0,0,"{""type"":""Polygon"",""coordinates"":[[[-107.27003557187643,48.18488897938076],[-107.26918671490282,48.184874422927415],[-107.26918749735252,48.18489226912842],[-107.26918827980212,48.18491011533546],[-107.26920323207924,48.18494561453669],[-107.26921095791073,48.18496777829098],[-107.27007311563604,48.18498199867345],[-107.27003557187643,48.18488897938076]],[[-107.26969682040819,48.18493139028608],[-107.26966304959146,48.18492309289943],[-107.26967786080102,48.18495408305643],[-107.26969682040819,48.18493139028608]],[[-107.2696825532331,48.184909299655054],[-107.26966226691009,48.18490524669776],[-107.26966955080654,48.18491849515132],[-107.2696825532331,48.184909299655054]]]}"
00000000000000001283,6658,0,0,0,"{""type"":""Polygon"",""coordinates"":[[[-107.27007311563604,48.18498199867345],[-107.26921095791073,48.18496777829098],[-107.2692185819504,48.18498995777971],[-107.26923368850576,48.18502980780877],[-107.2692352980071,48.18506557155387],[-107.26923549679184,48.185069993571155],[-107.2700749248498,48.1850221843601],[-107.2700807402658,48.18500417808472],[-107.27007311563604,48.18498199867345]]]}"
00000000000000001290,6659,0,0,0,"{""type"":""Polygon"",""coordinates"":[[[-107.26923549679184,48.185069993571155],[-107.26929302408752,48.18516266031184],[-107.27007077226523,48.18508032086631],[-107.2700749248498,48.1850221843601],[-107.26923549679184,48.185069993571155]]]}"
00000000000000001281,6660,0,0,0,"{""type"":""Polygon"",""coordinates"":[[[-107.26929302408752,48.18516266031184],[-107.26930724648557,48.18518467987841],[-107.26930827234327,48.18520701944433],[-107.26930377819706,48.185256225125485],[-107.26972205020431,48.18519887503184],[-107.27007121460396,48.185089236128405],[-107.27007077226523,48.18508032086631],[-107.26929302408752,48.18516266031184]]]}"
00000000000000001282,6661,0,0,0,"{""type"":""Polygon"",""coordinates"":[[[-107.26930377819706,48.185256225125485],[-107.26930514439759,48.18528749575194],[-107.26934009542568,48.1853224837353],[-107.26936961567208,48.18538448036967],[-107.26936971266932,48.18538891813932],[-107.26972205020431,48.18519887503184],[-107.26930377819706,48.185256225125485]]]}"
00000000000000001287,6662,0,0,0,"{""type"":""Polygon"",""coordinates"":[[[-107.26972205020431,48.18519887503184],[-107.26936971266932,48.18538891813932],[-107.26942489314679,48.18542804616918],[-107.26945300274424,48.18545870092009],[-107.27007278035613,48.18512492864569],[-107.27007121460396,48.185089236128405],[-107.26972205020431,48.18519887503184]]]}"
00000000000000001286,6663,0,0,0,"{""type"":""Polygon"",""coordinates"":[[[-107.26945300274424,48.18545870092009],[-107.26945338769085,48.185467703213384],[-107.26953565217586,48.185515146315566],[-107.26954933564676,48.18552381286155],[-107.26985592664845,48.18535700642693],[-107.2700548423847,48.18517441457886],[-107.2700731208934,48.18513385964225],[-107.27007278035613,48.18512492864569],[-107.26945300274424,48.18545870092009]]]}"
0000000000000000128b,6664,0,0,0,"{""type"":""Polygon"",""coordinates"":[[[-107.26954933564676,48.18552381286155],[-107.26960427321752,48.185558447584945],[-107.26972607287384,48.18559181508191],[-107.26973291465822,48.185596148346434],[-107.26985592664845,48.18535700642693],[-107.26954933564676,48.18552381286155]]]}"
0000000000000000127e,6665,0,0,0,"{""type"":""Polygon"",""coordinates"":[[[-107.26985592664845,48.18535700642693],[-107.26973291465822,48.185596148346434],[-107.26976644270097,48.18559995250462],[-107.26986106969358,48.185624862360626],[-107.26994640032243,48.185440052995844],[-107.26990617217307,48.1854364246775],[-107.26988540338031,48.18541893168275],[-107.2698443479638,48.185397385740316],[-107.26991580016757,48.18535135035023],[-107.27001178871045,48.185255668857394],[-107.2700548423847,48.18517441457886],[-107.26985592664845,48.18535700642693]]]}"
0000000000000000127c,6666,0,0,0,"{""type"":""Polygon"",""coordinates"":[[[-107.27002782575335,48.1854697362],[-107.26999327143287,48.185443592484965],[-107.26994640032243,48.185440052995844],[-107.26986106969358,48.185624862360626],[-107.26999528413067,48.18564006301516],[-107.27006829745517,48.1854778577481],[-107.27002782575335,48.1854697362]]]}"
0000000000000000127d,6667,0,0,0,"{""type"":""Polygon"",""coordinates"":[[[-107.27010202443938,48.185486083826994],[-107.27006829745517,48.1854778577481],[-107.26999528413067,48.18564006301516],[-107.27012368334844,48.18567326998192],[-107.27020251176317,48.1854930580738],[-107.27010202443938,48.185486083826994]]]}"
0000000000000000127b,6668,0,0,0,"{""type"":""Polygon"",""coordinates"":[[[-107.27022259968042,48.18549268890143],[-107.27020251176317,48.1854930580738],[-107.27012368334844,48.18567326998192],[-107.27017158123029,48.18569914914197],[-107.27025912378699,48.185715232087006],[-107.27032338320463,48.18550852284243],[-107.27022259968042,48.18549268890143]]]}"
0000000000000000128a,6669,0,0,0,"{""type"":""Polygon"",""coordinates"":[[[-107.27033696986487,48.18551275149085],[-107.27032338320463,48.18550852284243],[-107.27025912378699,48.185715232087006],[-107.27025936725936,48.18571972538758],[-107.27028683671246,48.18573704259453],[-107.27032686648012,48.18573624869258],[-107.27034568459668,48.18570904642587],[-107.27038708146424,48.1857395233559],[-107.27039382628442,48.18573941878615],[-107.2704573020523,48.18551486297985],[-107.27033696986487,48.18551275149085]]]}"
0000000000000000129a,6670,0,0,0,"{""type"":""Polygon"",""coordinates"":[[[-107.27056483079473,48.18553059208965],[-107.2705050584512,48.18553623287876],[-107.27049068866874,48.18551415786259],[-107.27046400226845,48.185514687172905],[-107.2704573020523,48.18551486297985],[-107.27039382628442,48.18573941878615],[-107.27045438194537,48.18575162450387],[-107.27050189512924,48.185768501189095],[-107.27052198325991,48.18576813194672],[-107.27058511775518,48.185534644888065],[-107.27056483079473,48.18553059208965]]]}"
00000000000000001279,6671,0,0,0,"{""type"":""Polygon"",""coordinates"":[[[-107.27066630095347,48.18555983428587],[-107.2706120031526,48.1855385375922],[-107.27058511775518,48.185534644888065],[-107.27052198325991,48.18576813194672],[-107.27056905407883,48.18577609322706],[-107.27059612592082,48.18578456621514],[-107.27062281255284,48.18578403685951],[-107.27064994166352,48.185792422871145],[-107.2707136151494,48.18557228875332],[-107.27066630095347,48.18555983428587]]]}"
0000000000000000126b,6672,0,0,0,"{""type"":""Polygon"",""coordinates"":[[[-107.27076117293683,48.185589236485555],[-107.27072035996291,48.18557218416113],[-107.2707136151494,48.18557228875332],[-107.27064994166352,48.185792422871145],[-107.27071699899355,48.185800030532185],[-107.27077125735744,48.18581680249735],[-107.27077765687989,48.185812220321424],[-107.27084143154929,48.185592070324084],[-107.27076117293683,48.185589236485555]]]}"
00000000000000001268,6673,0,0,0,"{""type"":""Polygon"",""coordinates"":[[[-107.27096894747228,48.185607445398226],[-107.27094167656942,48.18559455049266],[-107.27092833327542,48.18559481521421],[-107.27084143154929,48.185592070324084],[-107.27077765687989,48.185812220321424],[-107.2708709186299,48.185805858326646],[-107.27089012179933,48.185787658256814],[-107.2709298111423,48.18577793299562],[-107.2709756923107,48.18560734078739],[-107.27096894747228,48.185607445398226]]]}"
0000000000000000126a,6674,0,0,0,"{""type"":""Polygon"",""coordinates"":[[[-107.27110306675851,48.185618206664316],[-107.27108992243878,48.185622893463396],[-107.2709756923107,48.18560734078739],[-107.2709298111423,48.18577793299562],[-107.27093640963538,48.185777772880876],[-107.27096255662528,48.185763890264305],[-107.27102985777006,48.18577599099756],[-107.27105718609096,48.18578879895585],[-107.27111641008577,48.1856179419175],[-107.27110306675851,48.185618206664316]]]}"
00000000000000001274,6675,0,0,0,"{""type"":""Polygon"",""coordinates"":[[[-107.27117682449646,48.18562563812174],[-107.27116294134738,48.18561254975458],[-107.2711232521431,48.18562227507815],[-107.27111641008577,48.1856179419175],[-107.27105718609096,48.18578879895585],[-107.27107067124142,48.18579304324365],[-107.27112492996953,48.18580981499744],[-107.27114531447447,48.185818305489],[-107.27129065696101,48.18563234644475],[-107.27117682449646,48.18562563812174]]]}"
00000000000000001271,6676,0,0,0,"{""type"":""GeometryCollection"",""geometries"":[{""type"":""LineString"",""coordinates"":[[-107.27161510088682,48.18556787004825],[-107.27161490359777,48.185563407639826]]},{""type"":""Polygon"",""coordinates"":[[[-107.27162022610472,48.18553205682095],[-107.27161495120254,48.18556341645625],[-107.27163376854666,48.18553621404571],[-107.27162022610472,48.18553205682095]]]},{""type"":""Polygon"",""coordinates"":[[[-107.27160170508857,48.18556811904906],[-107.27160239143515,48.185581527658336],[-107.27161504846862,48.185567854231856],[-107.27160170508857,48.18556811904906]]]},{""type"":""Polygon"",""coordinates"":[[[-107.27160170508857,48.18556811904906],[-107.27159486294819,48.185563785929055],[-107.27157447837178,48.185555295575725],[-107.27158992891911,48.18560407664405],[-107.27160239143515,48.185581527658336],[-107.2715886053479,48.185572877144885],[-107.27160170508857,48.18556811904906]]]},{""type"":""Polygon"",""coordinates"":[[[-107.27153074044267,48.185623142445515],[-107.27151681254395,48.185609982901475],[-107.27147589705312,48.18559294663833],[-107.27144281086906,48.185598058431665],[-107.2714025817313,48.18559443075465],[-107.27133606398782,48.185600176723085],[-107.27129740182733,48.18563224181056],[-107.27129065696101,48.18563234644475],[-107.27114531447447,48.185818305489],[-107.27115195755995,48.18581821659241],[-107.27117864437407,48.185817687077304],[-107.27119277118746,48.18583526879626],[-107.27120689801554,48.18585285051863],[-107.27151930507306,48.18566803114446],[-107.27157052698229,48.18561785473137],[-107.27153074044267,48.185623142445515]],[[-107.27152443824873,48.18563216243474],[-107.27153172307654,48.18564541090587],[-107.27154462378194,48.1856362307573],[-107.27152443824873,48.18563216243474]]]}]}"
00000000000000001276,6677,0,0,0,"{""type"":""Polygon"",""coordinates"":[[[-107.27120689801554,48.18585285051863],[-107.27126149778816,48.185878553319945],[-107.27134356806533,48.18592157304117],[-107.27136355465504,48.185921219343506],[-107.27151930507306,48.18566803114446],[-107.27120689801554,48.18585285051863]]]}"
000000000000000012b7,6678,0,0,0,"{""type"":""Polygon"",""coordinates"":[[[-107.27157052698229,48.18561785473137],[-107.27151930507306,48.18566803114446],[-107.27136355465504,48.185921219343506],[-107.27142401434142,48.18592898665223],[-107.2714378004886,48.18593763724618],[-107.27147817183085,48.185945773963894],[-107.2715186450135,48.1859538949362],[-107.27158411401254,48.185622083202645],[-107.27157052698229,48.18561785473137]]]}"
00000000000000001299,6679,0,0,0,"{""type"":""MultiPolygon"",""coordinates"":[[[[-107.27165317042801,48.18552243596832],[-107.27166025621923,48.18553126235723],[-107.27166685471914,48.18553110219285],[-107.27166631472264,48.18551774910167],[-107.27165317042801,48.18552243596832]]],[[[-107.27158411401254,48.185622083202645],[-107.2715186450135,48.1859538949362],[-107.27153198852055,48.185953630125375],[-107.27157235994294,48.185961766803906],[-107.27165286378977,48.18596909325778],[-107.27166665003939,48.18597774382284],[-107.2716832354221,48.185597785113664],[-107.2716826508498,48.18558436077276],[-107.27166964837413,48.18559355665882],[-107.27161583208614,48.18558570061794],[-107.27164217795128,48.18557623991927],[-107.27162785186883,48.185554236311745],[-107.27164041161679,48.18553612511619],[-107.27163376854666,48.18553621404571],[-107.27158992891911,48.18560407664405],[-107.27159071252333,48.18562192304294],[-107.27158411401254,48.185622083202645]],[[-107.27159799737852,48.185635171505766],[-107.27161099987713,48.18562597562157],[-107.27159071252333,48.18562192304294],[-107.27159799737852,48.185635171505766]]]]}"
000000000000000012c0,6680,0,0,0,"{""type"":""Polygon"",""coordinates"":[[[-107.2716832354221,48.185597785113664],[-107.27166665003939,48.18597774382284],[-107.2716732931909,48.18597765488823],[-107.27174671128628,48.185976154800755],[-107.27180067009401,48.185988519853424],[-107.27183341576041,48.185974476764336],[-107.27185345971624,48.18597403599829],[-107.2716832354221,48.185597785113664]]]}"
0000000000000000126f,6681,0,0,0,"{""type"":""Polygon"",""coordinates"":[[[-107.2718380816271,48.185625966717886],[-107.27171812087721,48.18548099707233],[-107.27170477751376,48.18548126190301],[-107.27166631472264,48.18551774910167],[-107.27166685471914,48.18553110219285],[-107.27170712850494,48.185534800985806],[-107.2717010700102,48.18554831424809],[-107.27170835490197,48.185561562683134],[-107.2716826508498,48.18558436077276],[-107.2716832354221,48.185597785113664],[-107.27185345971624,48.18597403599829],[-107.27191357894735,48.18597287187061],[-107.27192647973547,48.18596369161165],[-107.27197907023536,48.18594478561741],[-107.2718380816271,48.185625966717886]],[[-107.2717974094884,48.1856134238772],[-107.27177766663242,48.18561827094458],[-107.27169716340156,48.185610944628465],[-107.27172507662759,48.18563717669894],[-107.27176486324119,48.18563188890097],[-107.27177845032803,48.185636117344416],[-107.2717974094884,48.1856134238772]]]}"
00000000000000001377,6682,0,0,0,"{""type"":""Polygon"",""coordinates"":[[[-107.2718380816271,48.185625966717886],[-107.27197907023536,48.18594478561741],[-107.27200541637895,48.1859353247476],[-107.27208425116439,48.18590697356463],[-107.2721499414595,48.185883309303826],[-107.27215644272779,48.185878711302266],[-107.2718380816271,48.185625966717886]]]}"
0000000000000000126d,6683,0,0,0,"{""type"":""GeometryCollection"",""geometries"":[{""type"":""LineString"",""coordinates"":[[-107.27194366046686,48.185597104239235],[-107.27195053087112,48.185601434696565]]},{""type"":""Polygon"",""coordinates"":[[[-107.27195738881791,48.18560573659199],[-107.27194428905693,48.18561049474025],[-107.27194360258491,48.18559708612925],[-107.27173718177622,48.185458287956536],[-107.27172403750193,48.1854629748271],[-107.2717316633269,48.18548515427905],[-107.27171812087721,48.18548099707233],[-107.2718380816271,48.185625966717886],[-107.27215644272779,48.185878711302266],[-107.27226083956485,48.18582305264737],[-107.27226714166906,48.18581403257943],[-107.27195738881791,48.18560573659199]]]}]}"
0000000000000000126c,6684,0,0,0,"{""type"":""Polygon"",""coordinates"":[[[-107.27200014322882,48.18551562116242],[-107.27178248661156,48.18542613386849],[-107.27176284114411,48.18543541867682],[-107.27175028147772,48.185453529851756],[-107.27173718177622,48.185458287956536],[-107.27195054660237,48.18560140349615],[-107.27195718970691,48.18560131454371],[-107.27195738881791,48.18560573659199],[-107.27226714166906,48.18581403257943],[-107.27233116653623,48.18575023757519],[-107.2723644522236,48.18574954751044],[-107.27200014322882,48.18551562116242]]]}"
000000000000000014cd,6685,0,0,0,"{""type"":""Polygon"",""coordinates"":[[[-107.27200014322882,48.18551562116242],[-107.2723644522236,48.18574954751044],[-107.27237779577725,48.185749282581895],[-107.2724094161161,48.18570846187214],[-107.27247279854727,48.18563132953106],[-107.27200014322882,48.18551562116242]]]}"
00000000000000001264,6686,0,0,0,"{""type"":""GeometryCollection"",""geometries"":[{""type"":""LineString"",""coordinates"":[[-107.271789157704,48.1854259731329],[-107.27178248463959,48.18542610507321]]},{""type"":""Polygon"",""coordinates"":[[[-107.27192970640093,48.18543213581325],[-107.27178918690464,48.18542595796739],[-107.27200014322882,48.18551562116242],[-107.27247279854727,48.18563132953106],[-107.27247885683029,48.185617816204186],[-107.27249654858461,48.18556383618986],[-107.27250866510505,48.185536809571914],[-107.27192970640093,48.18543213581325]]]}]}"
0000000000000000125f,6687,0,0,0,"{""type"":""Polygon"",""coordinates"":[[[-107.27192970640093,48.18543213581325],[-107.27250866510505,48.185536809571914],[-107.27250832397942,48.18552787853072],[-107.27251931528711,48.185474074559565],[-107.27253656396253,48.18541117939698],[-107.27192970640093,48.18543213581325]]]}"
00000000000000001260,6688,0,0,0,"{""type"":""Polygon"",""coordinates"":[[[-107.27253924212123,48.18532178769295],[-107.27188575749872,48.18534369880494],[-107.27187319791055,48.185361809962515],[-107.27180096283338,48.18539000047543],[-107.27180804864938,48.18539882683066],[-107.27180208750183,48.18541677782514],[-107.27178918690464,48.18542595796739],[-107.27192970640093,48.18543213581325],[-107.27253656396253,48.18541117939698],[-107.27255381257197,48.18534828430793],[-107.27253924212123,48.18532178769295]]]}"
00000000000000001265,6689,0,0,0,"{""type"":""MultiPolygon"",""coordinates"":[[[[-107.27300830213186,48.18520533114928],[-107.2729810747546,48.18519250817983],[-107.2727681203527,48.18521010105264],[-107.27280243370707,48.18523175033655],[-107.27283674711332,48.18525339961576],[-107.27286421823636,48.18527071588975],[-107.27289193319298,48.185292525409906],[-107.27293137855264,48.185278306168655],[-107.273024441587,48.185267520117634],[-107.27300830213186,48.18520533114928]]],[[[-107.27250976015321,48.185259863498956],[-107.27250179270128,48.18522875322564],[-107.27195569384709,48.18526633592715],[-107.2719296936818,48.185280274175476],[-107.27193673494868,48.185289029269725],[-107.27193057476796,48.185302558209585],[-107.27190457457381,48.18531649646141],[-107.27188575749872,48.18534369880494],[-107.27253924212123,48.18532178769295],[-107.27250976015321,48.185259863498956]]]]}"
00000000000000001261,6690,0,0,0,"{""type"":""MultiPolygon"",""coordinates"":[[[[-107.27194728411118,48.18522631032454],[-107.27196771325663,48.18523487177828],[-107.27195569384709,48.18526633592715],[-107.27250179270128,48.18522875322564],[-107.27249372345746,48.18519765869927],[-107.2724647819541,48.185149087615116],[-107.27249664540231,48.18511276059341],[-107.27194728411118,48.18522631032454]]],[[[-107.27292667293399,48.18517122873003],[-107.27291254524673,48.18515364750965],[-107.27289738951472,48.18511372685107],[-107.27283673061258,48.18510153858843],[-107.27281600450459,48.18508411761851],[-107.27277528759207,48.18507150409423],[-107.27276160303117,48.185062838110056],[-107.2725429327831,48.185102874580764],[-107.27256961947755,48.18510234468917],[-107.27260471666072,48.18514184022236],[-107.27263345919177,48.18518598924208],[-107.27270564932377,48.18515772698914],[-107.27272607878102,48.18516628826246],[-107.2727398651672,48.18517493853831],[-107.27275354975829,48.18518360454323],[-107.2727681203527,48.18521010105264],[-107.2729810747546,48.18519250817983],[-107.27292667293399,48.18517122873003]]]]}"
00000000000000001272,6691,0,0,0,"{""type"":""Polygon"",""coordinates"":[[[-107.2727129185639,48.185019114438205],[-107.27271090723734,48.184974506885624],[-107.27198945331577,48.18512277134191],[-107.27198373599066,48.185145215492156],[-107.27195749223151,48.18515466047063],[-107.27194448994516,48.18516385631424],[-107.27190436280125,48.18516021314356],[-107.27190041206286,48.1852227718279],[-107.27190681141701,48.185218189632536],[-107.27191883084163,48.18518672551812],[-107.2719335998167,48.18521764419013],[-107.27194728411118,48.18522631032454],[-107.27249664540231,48.18511276059341],[-107.27250314650828,48.18510816263963],[-107.2725429327831,48.185102874580764],[-107.27276160303117,48.185062838110056],[-107.2727129185639,48.185019114438205]],[[-107.27218457198087,48.18515465079809],[-107.2721241128647,48.18514688406791],[-107.27216536952648,48.18517285089041],[-107.27218457198087,48.18515465079809]],[[-107.27215607385814,48.18511499489071],[-107.27213588839729,48.18511092673509],[-107.27214331531572,48.1851286839929],[-107.27215607385814,48.18511499489071]]]}"
00000000000000001269,6692,0,0,0,"{""type"":""GeometryCollection"",""geometries"":[{""type"":""LineString"",""coordinates"":[[-107.2720261589692,48.18504611689429],[-107.27203283198314,48.185045984940615]]},{""type"":""Polygon"",""coordinates"":[[[-107.27263632049953,48.18494915931891],[-107.2726178451806,48.18498529254798],[-107.27253172719126,48.185000395396735],[-107.27248461131208,48.18499236397635],[-107.27243572823173,48.18494421821756],[-107.2724080584953,48.184922479925014],[-107.27203284893189,48.185045993975265],[-107.27203363276844,48.1850638401759],[-107.27199394400651,48.18507356574714],[-107.27200773007729,48.18508221612093],[-107.27199595444952,48.18511817342089],[-107.27198945331577,48.18512277134191],[-107.27271090723734,48.184974506885624],[-107.2727166241329,48.184952062775565],[-107.27263632049953,48.18494915931891]],[[-107.27211471993628,48.18508459035772],[-107.27209429080246,48.18507602895934],[-107.27208173139053,48.185094140047845],[-107.27211471993628,48.18508459035772]]]}]}"
00000000000000001267,6693,0,0,0,"{""type"":""Polygon"",""coordinates"":[[[-107.272401171738,48.18491807568483],[-107.27237370121665,48.184900759378785],[-107.27235957396796,48.184883178156014],[-107.27234578783016,48.18487452786707],[-107.27233796251187,48.1848479267459],[-107.27198890009582,48.184957557659665],[-107.27200537860683,48.18502867751685],[-107.27199237637265,48.185037873343674],[-107.2720261041188,48.185046098658624],[-107.2724080584953,48.184922479925014],[-107.272401171738,48.18491807568483]],[[-107.27205043908593,48.18499203035198],[-107.27203675483229,48.184983364269726],[-107.27204438080152,48.18500554349159],[-107.27205043908593,48.18499203035198]],[[-107.27205190945521,48.185023284993704],[-107.27203832251261,48.18501905663441],[-107.27204560746773,48.18503230490938],[-107.27205190945521,48.185023284993704]],[[-107.27202321247937,48.184979207143115],[-107.27200962556,48.184974978782705],[-107.27201031206792,48.184988387234256],[-107.27202321247937,48.184979207143115]]]}"
00000000000000001270,6694,0,0,0,"{""type"":""Polygon"",""coordinates"":[[[-107.27233053552662,48.18483016959934],[-107.2722882513315,48.18478186369548],[-107.27228746736247,48.18476401759565],[-107.27194504878143,48.184873559182535],[-107.27194583257993,48.18489140532654],[-107.2719466163783,48.18490925147656],[-107.27192721488557,48.184923029443304],[-107.27198807170673,48.18493964026207],[-107.27198890009582,48.184957557659665],[-107.27233796251187,48.1848479267459],[-107.27233053552662,48.18483016959934]],[[-107.27203293295221,48.184898571181044],[-107.27201949243234,48.18489439833084],[-107.27202667555719,48.18490766230561],[-107.27203293295221,48.184898571181044]]]}"
0000000000000000125a,6695,0,0,0,"{""type"":""Polygon"",""coordinates"":[[[-107.27225788889204,48.18469765625737],[-107.27222959011853,48.18466242267782],[-107.27192148468028,48.18479361327177],[-107.27192876954828,48.18480686150121],[-107.27190345169734,48.18483866146811],[-107.27194504878143,48.184873559182535],[-107.27228746736247,48.18476401759565],[-107.27228668339335,48.18474617150185],[-107.27225788889204,48.18469765625737]]]}"
00000000000000001273,6696,0,0,0,"{""type"":""Polygon"",""coordinates"":[[[-107.27221570676032,48.18464933470711],[-107.2722144799536,48.1846225734893],[-107.27221345229565,48.18460023424756],[-107.2721856410775,48.18457398710034],[-107.27185789133576,48.184714462004756],[-107.27188594599465,48.18474520253108],[-107.27192148468028,48.18479361327177],[-107.27222959011853,48.18466242267782],[-107.27221570676032,48.18464933470711]]]}"
00000000000000001280,6697,0,0,0,"{""type"":""Polygon"",""coordinates"":[[[-107.27216457017832,48.18455208868405],[-107.2721423743501,48.18450341338304],[-107.27213494752647,48.18448565633316],[-107.27178109708564,48.18464008456478],[-107.27180226501045,48.18466642080748],[-107.27185789133576,48.184714462004756],[-107.2721856410775,48.18457398710034],[-107.27216457017832,48.18455208868405]]]}"
00000000000000001237,6698,0,0,0,"{""type"":""Polygon"",""coordinates"":[[[-107.27212766261938,48.18447240820101],[-107.27212589568133,48.184432294261306],[-107.2721038991059,48.18438804100419],[-107.27171120241385,48.184569953233016],[-107.27171828806506,48.18457877946186],[-107.27175934457236,48.184600324240876],[-107.27175304261675,48.184609344064235],[-107.27177391411004,48.184626820635124],[-107.27178109708564,48.18464008456478],[-107.27213494752647,48.18448565633316],[-107.27212766261938,48.18447240820101]]]}"
0000000000000000127f,6699,0,0,0,"{""type"":""Polygon"",""coordinates"":[[[-107.27208248732849,48.18435721179629],[-107.27206645165882,48.1842950079633],[-107.27164090988633,48.184490978022126],[-107.27165592201933,48.18452638953263],[-107.27171120241385,48.184569953233016],[-107.2721038991059,48.18438804100419],[-107.27208248732849,48.18435721179629]]]}"
0000000000000000127a,6700,0,0,0,"{""type"":""Polygon"",""coordinates"":[[[-107.27157071949598,48.184411987141154],[-107.27159917177566,48.18445157149466],[-107.27162702688462,48.18447788999977],[-107.27164090988633,48.184490978022126],[-107.27206645165882,48.1842950079633],[-107.27206586691773,48.184281583960434],[-107.27204264380181,48.18421056979814],[-107.2720883897397,48.184187331458006],[-107.27214904642771,48.18419952003851],[-107.27218784852363,48.18417196441545],[-107.27216037868298,48.18415464827594],[-107.27220568166139,48.184122494829644],[-107.27157071949598,48.184411987141154]]]}"
00000000000000001275,6701,0,0,0,"{""type"":""Polygon"",""coordinates"":[[[-107.27218290117906,48.18406039598634],[-107.2714870401526,48.18433320559865],[-107.27151533776863,48.18436843920664],[-107.27152912340954,48.184377089544476],[-107.27154280725847,48.184385755609796],[-107.27157071949598,48.184411987141154],[-107.27220568166139,48.184122494829644],[-107.27222532638771,48.1841132101805],[-107.27218290117906,48.18406039598634]]]}"
0000000000000000123d,6702,0,0,0,"{""type"":""MultiPolygon"",""coordinates"":[[[[-107.27218290117906,48.18406039598634],[-107.27214096353337,48.18401656811179],[-107.27212170448333,48.18403485474629],[-107.27206482557592,48.1841073866237],[-107.27218290117906,48.18406039598634]]],[[[-107.27206482557592,48.1841073866237],[-107.27199141093188,48.1841088868138],[-107.27195035469721,48.1840873423278],[-107.27194981456482,48.18407398960701],[-107.2719490307413,48.18405614374014],[-107.27194208699443,48.18405182649269],[-107.27189619933067,48.18407055581991],[-107.27191056970362,48.18409263000677],[-107.27191091070557,48.18410156081029],[-107.27191135350729,48.1841104758868],[-107.2718650229781,48.18412029014188],[-107.27184419625092,48.184102884984625],[-107.27182401143294,48.184098816825134],[-107.27183833719042,48.18412081980473],[-107.27181199238727,48.18413028026938],[-107.27181086765529,48.18410350357425],[-107.27142359055426,48.18425856358311],[-107.2714870401526,48.18433320559865],[-107.27206482557592,48.1841073866237]]]]}"
00000000000000001233,6703,0,0,0,"{""type"":""GeometryCollection"",""geometries"":[{""type"":""Point"",""coordinates"":[-107.27182398125838,48.18409879065937]},{""type"":""Polygon"",""coordinates"":[[[-107.27192053366687,48.18401648856181],[-107.27184629097037,48.18400007155066],[-107.27185401846778,48.18402223465281],[-107.27186770231998,48.184030900613436],[-107.27189619933067,48.18407055581991],[-107.27194208699443,48.18405182649269],[-107.27192053366687,48.18401648856181]]]},{""type"":""Polygon"",""coordinates"":[[[-107.2717970820003,48.18409485332207],[-107.27180304287232,48.18407690278459],[-107.27176916974759,48.18406862201457],[-107.27174717385542,48.184024368963385],[-107.27135999942256,48.184179412732725],[-107.27138141034041,48.1842102420197],[-107.27142359055426,48.18425856358311],[-107.27181086765529,48.18410350357425],[-107.27181066855174,48.184099081651375],[-107.2717970820003,48.18409485332207]]]}]}"
00000000000000001230,6704,0,0,0,"{""type"":""Polygon"",""coordinates"":[[[-107.27171936350068,48.18399812194562],[-107.27169897968949,48.18398963185123],[-107.2717047942112,48.18397162585251],[-107.27169111044232,48.183962959876276],[-107.27129606773764,48.18409133114207],[-107.27131727950032,48.184117738467684],[-107.27133199031168,48.18414874358883],[-107.27135315756787,48.18417507970228],[-107.27135999942256,48.184179412732725],[-107.27174717385542,48.184024368963385],[-107.27171936350068,48.18399812194562]]]}"
00000000000000001249,6705,0,0,0,"{""type"":""Polygon"",""coordinates"":[[[-107.27168402490209,48.18395413374561],[-107.271675757495,48.18391861796974],[-107.27165498823337,48.18390112587293],[-107.2716610464117,48.18388761304341],[-107.2712388763827,48.184007598401635],[-107.27124640443083,48.18402533964674],[-107.27126111514275,48.184056344726976],[-107.27129606773764,48.18409133114207],[-107.27169111044232,48.183962959876276],[-107.27168402490209,48.18395413374561]]]}"
0000000000000000124c,6706,0,0,0,"{""type"":""Polygon"",""coordinates"":[[[-107.27163357717482,48.18387029683115],[-107.2715933497856,48.18386666930851],[-107.2715996070549,48.18385757839472],[-107.27120079008725,48.18390122866231],[-107.27122982596079,48.18395423669266],[-107.27123183554691,48.18399884345789],[-107.2712388763827,48.184007598401635],[-107.2716610464117,48.18388761304341],[-107.2716339181126,48.18387922759966],[-107.27163357717482,48.18387029683115]],[[-107.2716339181126,48.18387922759966],[-107.27162057533741,48.18387949239567],[-107.27163436084935,48.183888142641514],[-107.2716339181126,48.18387922759966]]]}"
0000000000000000123b,6707,0,0,0,"{""type"":""Polygon"",""coordinates"":[[[-107.27159681335064,48.18379512598262],[-107.27116980200529,48.18380352707493],[-107.2711839281453,48.18382110814118],[-107.27117092628042,48.183830303636924],[-107.2711862785131,48.18387464556812],[-107.27120079008725,48.18390122866231],[-107.2715996070549,48.18385757839472],[-107.27161158157055,48.183826043907914],[-107.27163132343543,48.183821197064454],[-107.27159075517183,48.183808638784406],[-107.27159681335064,48.18379512598262]],[[-107.27159075517183,48.183808638784406],[-107.27157741242814,48.18380890357328],[-107.2715911978989,48.18381755381479],[-107.27159075517183,48.183808638784406]]]}"
00000000000000001238,6708,0,0,0,"{""type"":""GeometryCollection"",""geometries"":[{""type"":""LineString"",""coordinates"":[[-107.27156679153818,48.18371977299618],[-107.2715534458502,48.18372003684363]]},{""type"":""Polygon"",""coordinates"":[[[-107.2715679760121,48.18374654013102],[-107.2715800923538,48.183719514565595],[-107.2715667496437,48.18371977935167],[-107.27155419057496,48.183737889896946],[-107.2715467641966,48.1837201330479],[-107.2714798516206,48.18371703504312],[-107.27147335072338,48.18372163280108],[-107.27147320888761,48.18371712394992],[-107.27115869762454,48.1837054877735],[-107.27115229851128,48.18371006978151],[-107.27114579759866,48.18371466751709],[-107.2711539099668,48.18374583255037],[-107.27116837690347,48.18377234435538],[-107.27116960297738,48.183799105173954],[-107.27116980200529,48.18380352707493],[-107.27159681335064,48.18379512598262],[-107.27160957150814,48.18378143730879],[-107.27157638513269,48.183786564660004],[-107.27156147511384,48.18375113789755],[-107.2715679760121,48.18374654013102]],[[-107.27156147511384,48.18375113789755],[-107.27156113419176,48.18374220715006],[-107.27154813239501,48.18375140268142],[-107.27156147511384,48.18375113789755]],[[-107.27152110605044,48.18374300149547],[-107.27154109150437,48.183742647804266],[-107.27152736330842,48.18373391060799],[-107.27152110605044,48.18374300149547]],[[-107.27152144696274,48.18375193224348],[-107.27152873148952,48.18376518025039],[-107.27154163149484,48.18375600044708],[-107.27152144696274,48.18375193224348]],[[-107.27152907240334,48.18377411100209],[-107.2715088878658,48.183770042794585],[-107.27151617238998,48.183783290807064],[-107.27152907240334,48.18377411100209]],[[-107.27152144696274,48.18375193224348],[-107.27152110605044,48.18374300149547],[-107.2715144060804,48.18374317736406],[-107.27149363702172,48.183725685285346],[-107.27148791973046,48.183748128810954],[-107.27152144696274,48.18375193224348]]]}]}"
00000000000000001232,6709,0,0,0,"{""type"":""Polygon"",""coordinates"":[[[-107.27114818226431,48.183616419156444],[-107.2711499481794,48.18365653251983],[-107.27113694637282,48.18366572798081],[-107.27116519853479,48.18370089003792],[-107.27115869762454,48.1837054877735],[-107.27147320888761,48.18371712394992],[-107.27146606622779,48.183708384800106],[-107.27148635251659,48.18371243728513],[-107.2714798516206,48.18371703504312],[-107.2715467641966,48.1837201330479],[-107.2715534069354,48.18372004413585],[-107.2715800923538,48.183719514565595],[-107.27158659324515,48.18371491680072],[-107.27155755689887,48.18366190913071],[-107.27160955940488,48.18362958040603],[-107.27114818226431,48.183616419156444]],[[-107.27150452707437,48.18367189898213],[-107.27155183965591,48.18368435263177],[-107.27151728520576,48.183658210353215],[-107.27150452707437,48.18367189898213]],[[-107.27153928059575,48.183702463162724],[-107.2715190960929,48.183698394962],[-107.27152638061011,48.18371164295589],[-107.27153928059575,48.183702463162724]],[[-107.27150452707437,48.18367189898213],[-107.27149138345989,48.18367658564543],[-107.27150516885143,48.18368523587962],[-107.27150452707437,48.18367189898213]],[[-107.27147882438176,48.18369469616626],[-107.2714586399033,48.183690627952814],[-107.27146469809757,48.183677115189184],[-107.27143781368117,48.183673222836305],[-107.27143825637252,48.18368213784542],[-107.27141841280249,48.18368700036188],[-107.27141255365056,48.183704935016976],[-107.27143219816944,48.1836956506089],[-107.27144608080837,48.1837087384746],[-107.27147882438176,48.18369469616626]]]}"
00000000000000001231,6710,0,0,0,"{""type"":""Polygon"",""coordinates"":[[[-107.27157895575844,48.183540881422616],[-107.27155931132981,48.183550165831214],[-107.27154596868357,48.18355043061194],[-107.27154532688894,48.183537093749244],[-107.27115756305358,48.18352685462169],[-107.27115770485217,48.18353136345801],[-107.2711989587156,48.18355732997182],[-107.27117384043761,48.18359355086273],[-107.27114793866971,48.18361192604033],[-107.27114818226431,48.183616419156444],[-107.27160955940488,48.18362958040603],[-107.27157895575844,48.183540881422616]]]}"
00000000000000001234,6711,0,0,0,"{""type"":""Polygon"",""coordinates"":[[[-107.27150270447221,48.183479857911514],[-107.2715223488636,48.18347057352782],[-107.27154317504119,48.18348797856025],[-107.27156247850922,48.18346976346552],[-107.27154205047817,48.18346120218365],[-107.27153456691944,48.18344353238374],[-107.27150133629925,48.18344858843763],[-107.27150099538716,48.183439657740884],[-107.27117383003609,48.1834416944575],[-107.2711683562314,48.18346863094947],[-107.27114167111046,48.18346916039521],[-107.27118326572429,48.18350405759665],[-107.27115756305358,48.18352685462169],[-107.27154532688894,48.183537093749244],[-107.27154518504274,48.18353258491422],[-107.27157772937359,48.18351412074814],[-107.2715504595354,48.18350122650007],[-107.27153105877042,48.18351500400062],[-107.27151693251282,48.183497423090444],[-107.27150998894741,48.18349310585285],[-107.27150270447221,48.183479857911514]],[[-107.27148217919294,48.18346685901541],[-107.2715152634587,48.183461747463625],[-107.2714882373354,48.18345334630893],[-107.27148217919294,48.18346685901541]],[[-107.27148330371182,48.183493635396715],[-107.27149092908925,48.18351581405139],[-107.27150998894741,48.18349310585285],[-107.27148330371182,48.183493635396715]],[[-107.27148217919294,48.18346685901541],[-107.27146897842502,48.18347163261373],[-107.27148252010002,48.18347578971695],[-107.27148217919294,48.18346685901541]],[[-107.27148330371182,48.183493635396715],[-107.27148296280482,48.183484704692155],[-107.27146976203034,48.183489478292366],[-107.27148330371182,48.183493635396715]]]}"
00000000000000001236,6712,0,0,0,"{""type"":""MultiPolygon"",""coordinates"":[[[[-107.27150416265673,48.18335925554322],[-107.27152376241253,48.18334989995195],[-107.2715102207711,48.18334574286362],[-107.271503476305,48.183345847498074],[-107.27150416265673,48.18335925554322]]],[[[-107.27150416265673,48.18335925554322],[-107.27149057644853,48.183355027221126],[-107.271503476305,48.183345847498074],[-107.27119009692696,48.18335653443032],[-107.27119063679784,48.183369886980444],[-107.2711916638712,48.18339222572707],[-107.27117383003609,48.1834416944575],[-107.27150099538716,48.183439657740884],[-107.27148667010458,48.183417654982954],[-107.27149238732517,48.18339521159978],[-107.27148510287327,48.1833819636811],[-107.27150416265673,48.18335925554322]]]]}"
0000000000000000121b,6713,0,0,0,"{""type"":""Polygon"",""coordinates"":[[[-107.2711597908467,48.18327669517978],[-107.2711887290157,48.18332526501843],[-107.27119009692696,48.18335653443032],[-107.2715102207711,48.18334574286362],[-107.27149643549541,48.18333709268287],[-107.27148250838775,48.18332393368392],[-107.27152199606715,48.18330978683948],[-107.27151895879972,48.18324284198896],[-107.2711597908467,48.18327669517978]]]}"
00000000000000001241,6714,0,0,0,"{""type"":""Polygon"",""coordinates"":[[[-107.27152598761684,48.18309974140619],[-107.27110387156796,48.183219795370334],[-107.27113759717388,48.18322802076832],[-107.27115891015355,48.183254411984194],[-107.27115945001533,48.18326776450888],[-107.2711597908467,48.18327669517978],[-107.27151895879972,48.18324284198896],[-107.27151211707556,48.183238509043434],[-107.27153821756613,48.183224555757064],[-107.27155423989448,48.183134902968696],[-107.27152598761684,48.18309974140619]]]}"
00000000000000001239,6715,0,0,0,"{""type"":""Polygon"",""coordinates"":[[[-107.27151186150012,48.18308216063005],[-107.27148405202145,48.1830559139906],[-107.27150246982853,48.183019869265614],[-107.27149504358745,48.183002112650726],[-107.27104048191136,48.18314506765037],[-107.27106189197993,48.1831758964258],[-107.27107581882308,48.18318905545558],[-107.27109052910527,48.18322006008143],[-107.27110387156796,48.183219795370334],[-107.27152598761684,48.18309974140619],[-107.27151186150012,48.18308216063005]]]}"
0000000000000000122f,6716,0,0,0,"{""type"":""Polygon"",""coordinates"":[[[-107.27097723431953,48.18307484878522],[-107.27099140466363,48.18309250087635],[-107.27104028289462,48.18314064580402],[-107.27104048191136,48.18314506765037],[-107.27149504358745,48.183002112650726],[-107.27149460087352,48.18299319775735],[-107.27149401631492,48.18297977407758],[-107.2714930336105,48.18295750674356],[-107.27150514968037,48.182930481598646],[-107.27151736752843,48.18290344073881],[-107.27152948356226,48.18287641561945],[-107.27153574065109,48.18286732488502],[-107.27097723431953,48.18307484878522]]]}"
0000000000000000122c,6717,0,0,0,"{""type"":""Polygon"",""coordinates"":[[[-107.27092678957506,48.182991012820764],[-107.27094081808285,48.18300415610029],[-107.27096198440069,48.1830304917525],[-107.27097723431953,48.18307484878522],[-107.27153574065109,48.18286732488502],[-107.2715473738741,48.18282686041481],[-107.27154008948874,48.182813612641326],[-107.2715642241524,48.182755124965176],[-107.27092678957506,48.182991012820764]]]}"
00000000000000001240,6718,0,0,0,"{""type"":""Polygon"",""coordinates"":[[[-107.27086320174612,48.18291186345894],[-107.27090537974165,48.18296018411726],[-107.27092678957506,48.182991012820764],[-107.2715642241524,48.182755124965176],[-107.27158225620776,48.18271007863491],[-107.27157384720479,48.18267005492003],[-107.27159266288785,48.182642854051295],[-107.27159246380074,48.18263843224995],[-107.27086320174612,48.18291186345894]]]}"
00000000000000001242,6719,0,0,0,"{""type"":""Polygon"",""coordinates"":[[[-107.27158537851197,48.182629606327204],[-107.27152965826744,48.182577129260814],[-107.27152237392961,48.18256388154747],[-107.27081275750665,48.182828027680735],[-107.27081979801726,48.182836782469195],[-107.27083392361595,48.18285436327856],[-107.27084809379598,48.182872015321244],[-107.27086320174612,48.18291186345894],[-107.27159246380074,48.18263843224995],[-107.27158537851197,48.182629606327204]]]}"
0000000000000000122d,6720,0,0,0,"{""type"":""Polygon"",""coordinates"":[[[-107.27150018002173,48.1825152078834],[-107.27147921252553,48.18249329440283],[-107.27075567099651,48.18274428085301],[-107.27076329576985,48.18276645926582],[-107.27079154686406,48.1828016208607],[-107.2708056724333,48.18281920166324],[-107.27081275750665,48.182828027680735],[-107.27152237392961,48.18256388154747],[-107.27150018002173,48.1825152078834]]]}"
0000000000000000122e,6721,0,0,0,"{""type"":""Polygon"",""coordinates"":[[[-107.27142984697869,48.18243616426164],[-107.27070498370342,48.182655952235024],[-107.27072697745588,48.18270020443158],[-107.27074794443642,48.182722118175484],[-107.27075567099651,48.18274428085301],[-107.27147921252553,48.18249329440283],[-107.27142984697869,48.18243616426164]]]}"
00000000000000001243,6722,0,0,0,"{""type"":""Polygon"",""coordinates"":[[[-107.27139475376468,48.18239667022346],[-107.27137275919543,48.1823524184552],[-107.27064779593476,48.18257222132934],[-107.2706557659442,48.18259887698636],[-107.2706762902966,48.18261187586884],[-107.27068401679162,48.18263403850747],[-107.27070478472399,48.18265153042802],[-107.27070498370342,48.182655952235024],[-107.27142984697869,48.18243616426164],[-107.27139475376468,48.18239667022346]]]}"
0000000000000000122b,6723,0,0,0,"{""type"":""Polygon"",""coordinates"":[[[-107.27135036655834,48.18229932316912],[-107.27057066843152,48.18248891520767],[-107.27057770881,48.18249766996097],[-107.27064075552192,48.182563466569675],[-107.27064779593476,48.18257222132934],[-107.27137275919543,48.1823524184552],[-107.27135036655834,48.18229932316912]]]}"
0000000000000000122a,6724,0,0,0,"{""type"":""Polygon"",""coordinates"":[[[-107.27130134692345,48.182246670430345],[-107.27129347823718,48.18221999928962],[-107.2705269251514,48.182404904127964],[-107.27052736763588,48.18241381893222],[-107.27052829254137,48.18243617301705],[-107.27055620242345,48.18246240393391],[-107.27057066843152,48.18248891520767],[-107.27135036655834,48.18229932316912],[-107.27130134692345,48.182246670430345]]]}"
0000000000000000123e,6725,0,0,0,"{""type"":""Polygon"",""coordinates"":[[[-107.27126321714267,48.18214023300965],[-107.2704631403805,48.18232133354899],[-107.2705269251514,48.182404904127964],[-107.27129347823718,48.18221999928962],[-107.27126321714267,48.18214023300965]]]}"
00000000000000001229,6726,0,0,0,"{""type"":""Polygon"",""coordinates"":[[[-107.27124850702292,48.182109229040684],[-107.27122005676522,48.182069646289236],[-107.27043249605397,48.18223256507159],[-107.2704609898943,48.18227221943294],[-107.2704560555021,48.182312507585515],[-107.2704631403805,48.18232133354899],[-107.27126321714267,48.18214023300965],[-107.27124850702292,48.182109229040684]]]}"
00000000000000001228,6727,0,0,0,"{""type"":""Polygon"",""coordinates"":[[[-107.27121277264385,48.182056398674334],[-107.27119737633673,48.18201198703438],[-107.27118975137589,48.18198980897797],[-107.2704082952899,48.1821392861439],[-107.2704242301725,48.18219705030807],[-107.27042501330297,48.182214895576166],[-107.27043249605397,48.18223256507159],[-107.27122005676522,48.182069646289236],[-107.27121277264385,48.182056398674334]]]}"
0000000000000000120f,6728,0,0,0,"{""type"":""Polygon"",""coordinates"":[[[-107.27036421213037,48.182046345055795],[-107.27039246224355,48.1820815063131],[-107.27040614486333,48.18209017219458],[-107.27040658732226,48.182099086946856],[-107.27040692798798,48.18210801742682],[-107.27040795462432,48.18213035565865],[-107.2704082952899,48.1821392861439],[-107.27118975137589,48.18198980897797],[-107.27116721739776,48.181932205302466],[-107.27115387538927,48.18193247000441],[-107.27093502709128,48.18196807815758],[-107.27036421213037,48.182046345055795]],[[-107.27093703645443,48.18201268325549],[-107.27095017944738,48.182007996831665],[-107.27094309446682,48.18199917095914],[-107.27093703645443,48.18201268325549]],[[-107.27093703645443,48.18201268325549],[-107.27091699483428,48.18201312373787],[-107.27093077942638,48.18202177380209],[-107.27093703645443,48.18201268325549]],[[-107.27093502709128,48.18196807815758],[-107.27093581047797,48.181985923337564],[-107.2709758364736,48.18198512931709],[-107.27097505306732,48.18196728413821],[-107.27093502709128,48.18196807815758]]]}"
00000000000000001215,6729,0,0,0,"{""type"":""MultiPolygon"",""coordinates"":[[[[-107.27115387538927,48.18193247000441],[-107.2709470013084,48.18193654489054],[-107.27096058687022,48.1819407731923],[-107.27094734210857,48.18194547533766],[-107.27093502709128,48.18196807815758],[-107.27115387538927,48.18193247000441]]],[[[-107.27093502709128,48.18196807815758],[-107.27091484371337,48.181964009934994],[-107.27088757538942,48.18195111583903],[-107.27087437519126,48.181955889204],[-107.27086089144008,48.181951645161774],[-107.27084769124222,48.1819564185231],[-107.27083420749793,48.181952174476926],[-107.27080810789109,48.18196612721297],[-107.27077335673208,48.18193556371357],[-107.27030599956406,48.18194027670603],[-107.27030624306438,48.181944769684314],[-107.27032016910577,48.18195792853701],[-107.27036005309468,48.18195262607598],[-107.27036039375133,48.18196155653155],[-107.27036176102065,48.18199282516331],[-107.27034099366561,48.1819753333723],[-107.27031533643822,48.181998200718034],[-107.27036421213037,48.182046345055795],[-107.27093502709128,48.18196807815758]]]]}"
00000000000000001223,6730,0,0,0,"{""type"":""MultiPolygon"",""coordinates"":[[[[-107.27115172394335,48.18188335629017],[-107.2711442408435,48.181865686976614],[-107.27091674124306,48.18185677890378],[-107.27093716814335,48.181865340087064],[-107.27095877648868,48.181900589898774],[-107.2709470013084,48.18193654489054],[-107.27115387538927,48.18193247000441],[-107.27116721739776,48.181932205302466],[-107.27115172394335,48.18188335629017]]],[[[-107.27075248732409,48.18191808776367],[-107.2707639219028,48.181873202366255],[-107.27074305253346,48.181855726433966],[-107.27029504397761,48.181842296207904],[-107.27030443340384,48.18190458635713],[-107.27030501754798,48.1819180097811],[-107.27030545998434,48.18192692450534],[-107.27030599956406,48.18194027670603],[-107.27077335673208,48.18193556371357],[-107.27075248732409,48.18191808776367]]]]}"
00000000000000001227,6731,0,0,0,"{""type"":""MultiPolygon"",""coordinates"":[[[[-107.27100138586425,48.181805972634386],[-107.27098760131972,48.18179732261447],[-107.27097391857623,48.18178865686711],[-107.27095349169942,48.181780095703495],[-107.27091360771828,48.18178539839356],[-107.27088008252939,48.181781594838675],[-107.27090325751546,48.1818525348749],[-107.27091674124306,48.18185677890378],[-107.2711442408435,48.181865686976614],[-107.27111383852186,48.181781412483545],[-107.27107987061302,48.18176869431064],[-107.27103984480664,48.181769488366434],[-107.27106101060477,48.18179582339371],[-107.27104096907553,48.181796263897844],[-107.27100822724324,48.181810305507405],[-107.27100138586425,48.181805972634386]],[[-107.27099508432157,48.18181499191983],[-107.27100216928797,48.18182381775806],[-107.27100822724324,48.181810305507405],[-107.27099508432157,48.18181499191983]]],[[[-107.2703148864357,48.18183743412187],[-107.27029504397761,48.181842296207904],[-107.27074305253346,48.181855726433966],[-107.27072780328481,48.18181137037198],[-107.27074744677489,48.181802086463335],[-107.2707270199949,48.18179352524688],[-107.27071949258102,48.181775784695404],[-107.27069226908088,48.18176296181191],[-107.270284384501,48.18175317508191],[-107.2702928936803,48.18179318252923],[-107.27027202468342,48.18177570651161],[-107.27027168404545,48.18176677608671],[-107.2702710426823,48.18175343965542],[-107.27021103313449,48.181754586735416],[-107.27023244163395,48.18178541492317],[-107.2702469071448,48.181811925918154],[-107.27028087449027,48.18182464441053],[-107.27028009141924,48.18180679927175],[-107.27029343325842,48.181806534696186],[-107.2703148864357,48.18183743412187]],[[-107.27067419213856,48.181807935945926],[-107.27066040771992,48.181799285875506],[-107.27065415068485,48.18180837636749],[-107.27067419213856,48.181807935945926]],[[-107.27064125131372,48.18181755569658],[-107.27065596073658,48.18184855960487],[-107.27065415068485,48.18180837636749],[-107.27064125131372,48.18181755569658]],[[-107.2703067750994,48.18180627011873],[-107.27029973492031,48.18179751545523],[-107.27029343325842,48.181806534696186],[-107.2703067750994,48.18180627011873]]]]}"
0000000000000000121e,6732,0,0,0,"{""type"":""MultiPolygon"",""coordinates"":[[[[-107.27103231722081,48.18175174785192],[-107.27103984480664,48.181769488366434],[-107.27107987061302,48.18176869431064],[-107.27103231722081,48.18175174785192]]],[[[-107.27062139994973,48.18167056650261],[-107.2706279005056,48.181665968989726],[-107.27016743322996,48.181675085300256],[-107.27017471683281,48.18168833291188],[-107.27017505744831,48.181697263324416],[-107.27018278346699,48.18171942563128],[-107.2702026258476,48.181714563581735],[-107.27021650719438,48.181727651166625],[-107.27021103313449,48.181754586735416],[-107.2702710426823,48.18175343965542],[-107.27026160876373,48.1816910784509],[-107.27028223421108,48.181704061485775],[-107.27028345971954,48.18173082128096],[-107.270284384501,48.18175317508191],[-107.27069226908088,48.18176296181191],[-107.27071186798008,48.181753606691196],[-107.27073028560199,48.18171756300877],[-107.27072285999023,48.18169980675648],[-107.2706884499021,48.18167817377644],[-107.27073497601188,48.18167278235421],[-107.2707278911552,48.18166395651874],[-107.27063449824584,48.1816658089273],[-107.27063494076609,48.18167472360527],[-107.27062139994973,48.18167056650261]],[[-107.2706420255951,48.1816835494501],[-107.27065512389632,48.18167879187068],[-107.27063494076609,48.18167472360527],[-107.2706420255951,48.1816835494501]],[[-107.27063655182737,48.18171048501324],[-107.27064417637074,48.18173266300676],[-107.27065673497718,48.18171455328056],[-107.27063655182737,48.18171048501324]]]]}"
00000000000000001206,6733,0,0,0,"{""type"":""Polygon"",""coordinates"":[[[-107.2707064821858,48.181633128524375],[-107.27071244299493,48.18161517889373],[-107.27069773358805,48.181584175130844],[-107.27067040844372,48.18157136801025],[-107.27063058200258,48.181576583599245],[-107.27063116627369,48.18159000693456],[-107.27062383792189,48.18157668815862],[-107.27039032800806,48.18158136220152],[-107.27039052695673,48.181585783920255],[-107.27037058747499,48.18158620855023],[-107.27037034396459,48.18158171560289],[-107.27024376754656,48.18158869426488],[-107.27027089349158,48.18159707979717],[-107.27026576013537,48.18163294570148],[-107.27021116759468,48.1816072442185],[-107.27016484068548,48.181617057095565],[-107.27017920895301,48.18163913056854],[-107.27016709261598,48.18166615489142],[-107.27016743322996,48.181675085300256],[-107.2706279005056,48.181665968989726],[-107.27063449824584,48.1816658089273],[-107.2707278911552,48.18166395651874],[-107.27072104985552,48.181659623635746],[-107.27072690887202,48.18164168972154],[-107.2707064821858,48.181633128524375]],[[-107.27065311485475,48.181634187040984],[-107.2706329317489,48.18163011877799],[-107.27064001656989,48.181638944615706],[-107.27065311485475,48.181634187040984]]]}"
0000000000000000121c,6734,0,0,0,"{""type"":""GeometryCollection"",""geometries"":[{""type"":""LineString"",""coordinates"":[[-107.27066373967517,48.181571462439436],[-107.27067041224447,48.18157133057193]]},{""type"":""Polygon"",""coordinates"":[[[-107.27063058200258,48.181576583599245],[-107.27066376615296,48.181571456846214],[-107.27064939754183,48.181549383482796],[-107.27062901550443,48.18154089351026],[-107.27063058200258,48.181576583599245]]]},{""type"":""Polygon"",""coordinates"":[[[-107.27062901550443,48.18154089351026],[-107.27062877196184,48.18153640056825],[-107.27060154868748,48.18152357771148],[-107.27061352296094,48.18149204475029],[-107.27059269845759,48.181474640132116],[-107.2705921141982,48.18146121682563],[-107.27032122530574,48.18152907873547],[-107.27031560964717,48.181551505535026],[-107.27030910909684,48.181556103016646],[-107.27029635149393,48.18156979092622],[-107.27024924154793,48.18156175878041],[-107.27023692635329,48.181584361350865],[-107.27024376754656,48.18158869426488],[-107.27037034396459,48.18158171560289],[-107.27034917892566,48.18155538051094],[-107.27038270365956,48.18155918424649],[-107.27039032800806,48.18158136220152],[-107.27062383792189,48.18157668815862],[-107.27061601443857,48.18155008851317],[-107.27062901550443,48.18154089351026]]]}]}"
0000000000000000121f,6735,0,0,0,"{""type"":""Polygon"",""coordinates"":[[[-107.27057696244995,48.181421298493305],[-107.27058267973081,48.181398856012],[-107.27053537081744,48.18138640233112],[-107.27052124589373,48.18136882194986],[-107.27031125172353,48.181453365722405],[-107.270311592376,48.18146229609374],[-107.27032571719843,48.181479876539576],[-107.27032122530574,48.18152907873547],[-107.2705921141982,48.18146121682563],[-107.27057696244995,48.181421298493305]]]}"
0000000000000000121a,6736,0,0,0,"{""type"":""Polygon"",""coordinates"":[[[-107.27050354571077,48.181270947101],[-107.27048883661924,48.18123994350038],[-107.27024879164303,48.18140099351139],[-107.27026863385535,48.18139613148182],[-107.27028300212928,48.181418204846665],[-107.27031125172353,48.181453365722405],[-107.27052124589373,48.18136882194986],[-107.27048605310195,48.181329344048336],[-107.27049881057042,48.18131565617934],[-107.27051967949075,48.181333131997214],[-107.2705317954857,48.18130610780911],[-107.27050354571077,48.181270947101]],[[-107.27049152688505,48.18130240868799],[-107.27047134400979,48.18129834041074],[-107.27047862768568,48.18131158790284],[-107.27049152688505,48.18130240868799]]]}"
00000000000000001207,6737,0,0,0,"{""type"":""Polygon"",""coordinates"":[[[-107.2704974791078,48.18113260937783],[-107.27048266827481,48.181101621582236],[-107.27043477560619,48.18107574470005],[-107.27016009086591,48.18135806504156],[-107.27017367601398,48.18136229341882],[-107.27018760179072,48.18137545215217],[-107.27021448406303,48.181379344740044],[-107.27022885229063,48.18140141810714],[-107.27024879164303,48.18140099351139],[-107.27048883661924,48.18123994350038],[-107.27047471177343,48.181222363159094],[-107.27044724529593,48.18120504741211],[-107.27043346117428,48.18119639740042],[-107.27041977885159,48.1811877316621],[-107.27042461121603,48.18114746010216],[-107.27048604456111,48.18117749411261],[-107.27049288573244,48.18118182697602],[-107.27052606949265,48.18117670031885],[-107.2704974791078,48.18113260937783]]]}"
0000000000000000121d,6738,0,0,0,"{""type"":""Polygon"",""coordinates"":[[[-107.27039362699581,48.18104976326558],[-107.27037255935927,48.181027865835865],[-107.27035819114487,48.18100579264624],[-107.270317286203,48.18098430410557],[-107.27030316155016,48.180966723819346],[-107.2700645938268,48.181310874839774],[-107.27007847496736,48.18132396234971],[-107.27011908397154,48.181336592002665],[-107.27014655028631,48.181353907890866],[-107.27016009086591,48.18135806504156],[-107.27043477560619,48.18107574470005],[-107.27039362699581,48.18104976326558]]]}"
00000000000000001221,6739,0,0,0,"{""type"":""MultiPolygon"",""coordinates"":[[[[-107.27022823328548,48.180785050021555],[-107.27021611731969,48.18081207390371],[-107.27026219971503,48.18079776829622],[-107.27022823328548,48.180785050021555]]],[[[-107.27022970993438,48.18096815115265],[-107.27020966902889,48.180968591460484],[-107.2701704274974,48.18098722996728],[-107.2701308453273,48.18099693816955],[-107.2701042594075,48.18100190464611],[-107.2700424931328,48.181114789540956],[-107.2700562770749,48.18112343959997],[-107.27006365766303,48.18114112449349],[-107.27003013345406,48.18113732066335],[-107.26994339106528,48.18129093342271],[-107.27004396870976,48.18129789184651],[-107.2700645938268,48.181310874839774],[-107.27030316155016,48.180966723819346],[-107.27022970993438,48.18096815115265]]]]}"
0000000000000000120a,6740,0,0,0,"{""type"":""GeometryCollection"",""geometries"":[{""type"":""LineString"",""coordinates"":[[-107.26994324028966,48.181286456276275],[-107.26994343740407,48.181290918693215]]},{""type"":""Polygon"",""coordinates"":[[[-107.26990907766681,48.181117434755436],[-107.2698957361301,48.18111769926644],[-107.26987555355271,48.1811136308706],[-107.26984907534248,48.18127043139492],[-107.26986925799439,48.18127449980653],[-107.26994324939655,48.18128642477277],[-107.27003013345406,48.18113732066335],[-107.26990907766681,48.181117434755436]]]},{""type"":""Polygon"",""coordinates"":[[[-107.27009111680101,48.181006590854956],[-107.27005153462413,48.18101629902826],[-107.27000011960894,48.181062048430846],[-107.2699807199716,48.18107582495252],[-107.27000134493669,48.181088807908566],[-107.27001502706375,48.181097473695246],[-107.2700424931328,48.181114789540956],[-107.2701042594075,48.18100190464611],[-107.27009111680101,48.181006590854956]]]},{""type"":""Polygon"",""coordinates"":[[[-107.27018082829899,48.180768158906865],[-107.27006656986197,48.18075253494035],[-107.27005376794801,48.18076615137528],[-107.26996824538153,48.18079467357036],[-107.26992172067169,48.1808000644957],[-107.26988473713287,48.18101964899198],[-107.2699037961934,48.180996942206924],[-107.26992979336818,48.180983005714616],[-107.26992925390448,48.18096965375114],[-107.26992813041433,48.18094287860649],[-107.26997216011608,48.1808838976413],[-107.27003148691576,48.18086489021924],[-107.27005738685837,48.1808465163459],[-107.27015019302057,48.180831241441815],[-107.27021611731969,48.18081207390371],[-107.27022823328548,48.180785050021555],[-107.27018082829899,48.180768158906865]]]}]}"
00000000000000001222,6741,0,0,0,"{""type"":""Polygon"",""coordinates"":[[[-107.26986899621959,48.1808144587141],[-107.26985599534873,48.180823653482534],[-107.2698104969583,48.18085138206116],[-107.26978337178376,48.18084299649775],[-107.26970871676394,48.181268759151],[-107.26984907534248,48.18127043139492],[-107.26987555355271,48.1811136308706],[-107.26986196857183,48.18110940246684],[-107.26987955900073,48.18105544326048],[-107.26987877610419,48.18103759837418],[-107.26988473713287,48.18101964899198],[-107.26992172067169,48.1808000644957],[-107.26986899621959,48.1808144587141]]]}"
0000000000000000120b,6742,0,0,0,"{""type"":""Polygon"",""coordinates"":[[[-107.26970904091809,48.18082214121172],[-107.26973929736852,48.18090190610657],[-107.26973548591644,48.18096896833615],[-107.26974423779612,48.181013468158156],[-107.26973910410035,48.18104933364616],[-107.2697056772077,48.18104996710558],[-107.26968573815888,48.18105039157799],[-107.26967239667802,48.18105065605619],[-107.26963291159966,48.181064801468075],[-107.26968021933502,48.1810772555477],[-107.26962059631076,48.181087403748954],[-107.26958057186137,48.18108819715158],[-107.26960095814093,48.18124853708612],[-107.26962842399433,48.181265853105366],[-107.26970871676394,48.181268759151],[-107.26978337178376,48.18084299649775],[-107.26970904091809,48.18082214121172]]]}"
00000000000000001220,6743,0,0,0,"{""type"":""Polygon"",""coordinates"":[[[-107.26958057186137,48.18108819715158],[-107.26944691374793,48.181086348793315],[-107.2694675428209,48.1812511816899],[-107.26949378362414,48.18124173816582],[-107.26960095814093,48.18124853708612],[-107.26958057186137,48.18108819715158]]]}"
0000000000000000120e,6744,0,0,0,"{""type"":""Polygon"",""coordinates"":[[[-107.26944691374793,48.181086348793315],[-107.26936662162643,48.181083442522294],[-107.26932034015985,48.181093326100346],[-107.26932816637375,48.18127177553856],[-107.26936115111803,48.181262227582884],[-107.26940141905419,48.18126592719223],[-107.26942785869986,48.18126090537979],[-107.26944120022162,48.18126064093347],[-107.2694675428209,48.1812511816899],[-107.26944691374793,48.181086348793315]]]}"
00000000000000001210,6745,0,0,0,"{""type"":""Polygon"",""coordinates"":[[[-107.2693135962621,48.18109343056207],[-107.2693002548186,48.18109369498782],[-107.26924038854347,48.1810993500405],[-107.26923457358029,48.181117354920936],[-107.26920192936925,48.181135833129936],[-107.26918849090987,48.18113166012871],[-107.26918297496351,48.18131037413607],[-107.26922930123287,48.18130056180613],[-107.26932816637375,48.18127177553856],[-107.26932034015985,48.181093326100346],[-107.2693135962621,48.18109343056207]]]}"
00000000000000001224,6746,0,0,0,"{""type"":""Polygon"",""coordinates"":[[[-107.26916840557615,48.18113202898867],[-107.2691550641394,48.18113229339426],[-107.26911459768492,48.181124171996956],[-107.26906089163808,48.1811162992505],[-107.26904911787801,48.18130410351869],[-107.2690828851204,48.18131240064287],[-107.2691831165386,48.18131488279154],[-107.26918297496351,48.18131037413607],[-107.26918849090987,48.18113166012871],[-107.26916840557615,48.18113202898867]]]}"
00000000000000001225,6747,0,0,0,"{""type"":""Polygon"",""coordinates"":[[[-107.26893231144511,48.181078671594655],[-107.2689081768198,48.18128900678594],[-107.26893530184667,48.1812973926713],[-107.26900205374986,48.18129614199814],[-107.26904911787801,48.18130410351869],[-107.26906089163808,48.1811162992505],[-107.26902042526382,48.181108177813904],[-107.2689672584254,48.18111365702556],[-107.26899340211504,48.18109977625615],[-107.26899295998936,48.18109086165775],[-107.26902589997043,48.18108124262663],[-107.2690387022343,48.181067626238594],[-107.26893744588016,48.1810428061111],[-107.26893856863973,48.18106958133659],[-107.26894531250593,48.181069476902074],[-107.26894565283094,48.18107840722158],[-107.26893231144511,48.181078671594655]],[[-107.26894565283094,48.18107840722158],[-107.26894609494518,48.181087321818374],[-107.26895919299722,48.18108256453045],[-107.26894565283094,48.18107840722158]]]}"
00000000000000001226,6748,0,0,0,"{""type"":""Polygon"",""coordinates"":[[[-107.26893856863973,48.18106958133659],[-107.26893744588016,48.1810428061111],[-107.2689305032439,48.18103848886423],[-107.2688747905564,48.180986011647775],[-107.26884942933548,48.18101773724776],[-107.26884967266116,48.181022230155605],[-107.26884317213535,48.18102682749121],[-107.26879841104773,48.18107232939502],[-107.26877378123359,48.18126938371765],[-107.2689081768198,48.18128900678594],[-107.26893231144511,48.181078671594655],[-107.26891897006108,48.18107893596583],[-107.2689186297426,48.18107000564598],[-107.26893856863973,48.18106958133659]],[[-107.2689186297426,48.18107000564598],[-107.26891154556134,48.18106117976016],[-107.2688983457288,48.181065952763596],[-107.2689186297426,48.18107000564598]],[[-107.26889092124259,48.18104819656035],[-107.26886399518268,48.18104423237811],[-107.26886477758289,48.18106207728752],[-107.26889092124259,48.18104819656035]],[[-107.2688512374487,48.18105791996614],[-107.26883765275964,48.18105369141448],[-107.26883809484775,48.181062606008254],[-107.2688512374487,48.18105791996614]]]}"
00000000000000001250,6749,0,0,0,"{""type"":""Polygon"",""coordinates"":[[[-107.26855670300861,48.181193247347466],[-107.26856354381017,48.18119758035905],[-107.2686043502128,48.18121463235331],[-107.26864515667069,48.18123168433432],[-107.26867228151792,48.181240070289455],[-107.26868606497341,48.181248720578104],[-107.26872647404343,48.18125692913211],[-107.2687669403791,48.1812650507165],[-107.26877378123359,48.18126938371765],[-107.26879841104773,48.18107232939502],[-107.26855670300861,48.181193247347466]]]}"
00000000000000001251,6750,0,0,0,"{""type"":""MultiPolygon"",""coordinates"":[[[[-107.26883608798515,48.181018001606255],[-107.26884942933548,48.18101773724776],[-107.2688747905564,48.180986011647775],[-107.26886794973116,48.18098167867635],[-107.26882846477768,48.18099582373567],[-107.26883608798515,48.181018001606255]]],[[[-107.26883608798515,48.181018001606255],[-107.26881590581588,48.18101393298497],[-107.26882846477768,48.18099582373567],[-107.26847230177144,48.1810966938778],[-107.2684884317406,48.18115887900667],[-107.26855670300861,48.181193247347466],[-107.26879841104773,48.18107232939502],[-107.26884317213535,48.18102682749121],[-107.26883653007336,48.18102691619401],[-107.26883608798515,48.181018001606255]]]]}"
00000000000000001255,6751,0,0,0,"{""type"":""Polygon"",""coordinates"":[[[-107.26886086558065,48.18097285280079],[-107.26883364384712,48.18096002954054],[-107.26881219268817,48.18092913024652],[-107.26847406450466,48.18098495585713],[-107.26847464799539,48.180998379074815],[-107.26845637056651,48.18103893050112],[-107.26847230177144,48.1810966938778],[-107.26886794973116,48.18098167867635],[-107.26886086558065,48.18097285280079]]]}"
00000000000000001200,6752,0,0,0,"{""type"":""Polygon"",""coordinates"":[[[-107.26880515312372,48.180920375603364],[-107.26877778511468,48.1809074968338],[-107.26878408686277,48.180898477843854],[-107.2684827124825,48.18087762229558],[-107.26847352557277,48.180971603871484],[-107.26847406450466,48.18098495585713],[-107.26881219268817,48.18092913024652],[-107.26880515312372,48.180920375603364]]]}"
00000000000000001219,6753,0,0,0,"{""type"":""Polygon"",""coordinates"":[[[-107.26873326591519,48.18080564246115],[-107.26846521689342,48.180784169494515],[-107.26848774548964,48.18084177268726],[-107.2684827124825,48.18087762229558],[-107.26878408686277,48.180898477843854],[-107.26878394533311,48.18089396922222],[-107.26877622039046,48.18087180712222],[-107.26879586341877,48.18086252378999],[-107.26873326591519,48.18080564246115]]]}"
00000000000000001218,6754,0,0,0,"{""type"":""Polygon"",""coordinates"":[[[-107.26848090420977,48.180685590975045],[-107.2684749426668,48.180703540169446],[-107.26844904250692,48.180721913571524],[-107.26846497361386,48.1807796766048],[-107.26846521689342,48.180784169494515],[-107.26873326591519,48.18080564246115],[-107.26874997825101,48.180729401555126],[-107.26848090420977,48.180685590975045]]]}"
0000000000000000120c,6755,0,0,0,"{""type"":""Polygon"",""coordinates"":[[[-107.26848989223144,48.18058718826705],[-107.2684900909566,48.180591609912085],[-107.2684849562226,48.18062747507254],[-107.26848573844924,48.18064531984848],[-107.26848090420977,48.180685590975045],[-107.26874997825101,48.180729401555126],[-107.26874953618021,48.18072048701681],[-107.26877563503646,48.18070653518896],[-107.26878618706543,48.180643821965546],[-107.26848989223144,48.18058718826705]],[[-107.26855107851345,48.1806127304174],[-107.26851755549728,48.18060892606685],[-107.26852483820775,48.180622173558575],[-107.26855107851345,48.1806127304174]]]}"
0000000000000000120d,6756,0,0,0,"{""type"":""Polygon"",""coordinates"":[[[-107.26849849539605,48.18047978429184],[-107.26847987808144,48.18051140508623],[-107.26848144253626,48.180547094565654],[-107.26848202603908,48.18056051767159],[-107.26848989223144,48.18058718826705],[-107.26878618706543,48.180643821965546],[-107.2687919051454,48.180621379901375],[-107.26881130471106,48.18060760374045],[-107.26880368157953,48.180585426038476],[-107.26882308112326,48.180571649885124],[-107.26849849539605,48.18047978429184]]]}"
00000000000000001212,6757,0,0,0,"{""type"":""Polygon"",""coordinates"":[[[-107.26863547651683,48.18040558671574],[-107.26862897609577,48.180410183980435],[-107.26861519295332,48.180401533813146],[-107.2685957934729,48.18041530987846],[-107.26859623550995,48.180424224366774],[-107.26862374457575,48.18044161166496],[-107.2685915429473,48.180469003911625],[-107.26856486071648,48.18046953253767],[-107.26849849539605,48.18047978429184],[-107.26882308112326,48.180571649885124],[-107.2688486407846,48.18054434620791],[-107.26886075745225,48.18051732261771],[-107.26886691756692,48.18050379510347],[-107.26863547651683,48.18040558671574]],[[-107.26859896717836,48.18048675994955],[-107.26856544425164,48.18048295562254],[-107.26857272696301,48.180496203078974],[-107.26859896717836,48.18048675994955]]]}"
00000000000000001211,6758,0,0,0,"{""type"":""Polygon"",""coordinates"":[[[-107.26872573485522,48.18033235770722],[-107.26871273404859,48.18034155223514],[-107.26867271079094,48.18034234521779],[-107.26865936970867,48.18034260954155],[-107.26863864895112,48.18032518910537],[-107.26860444080941,48.18030797748119],[-107.2685767331133,48.180286168599494],[-107.26852395245415,48.18030064886424],[-107.26852473470912,48.18031849352858],[-107.26855992379893,48.18035797148662],[-107.26860801202555,48.18038827066019],[-107.26861519295332,48.180401533813146],[-107.26862843709442,48.180396832142904],[-107.26864099588182,48.18037872313439],[-107.26871395846129,48.18036831138705],[-107.26869489928913,48.18039101766811],[-107.26863547651683,48.18040558671574],[-107.26886691756692,48.18050379510347],[-107.26887331620581,48.18049921353829],[-107.26889921611226,48.18048084010573],[-107.26891177483833,48.1804627310345],[-107.2689241920022,48.18044011338603],[-107.26893059062633,48.18043553182293],[-107.26872573485522,48.18033235770722]],[[-107.26868683420808,48.1803599255672],[-107.26866665243881,48.18035585695513],[-107.26867373642526,48.18036468274597],[-107.26868683420808,48.1803599255672]]]}"
000000000000000011ff,6759,0,0,0,"{""type"":""Polygon"",""coordinates"":[[[-107.26880343423389,48.18027723771021],[-107.26879751746998,48.18029525800771],[-107.26877787475611,48.18030454123248],[-107.26872451043242,48.18030559857395],[-107.2687453775861,48.18032307448778],[-107.26872573485522,48.18033235770722],[-107.26893059062633,48.18043553182293],[-107.2689502334082,48.180426248542126],[-107.26896274753584,48.18040806825631],[-107.26898864735583,48.18038969483356],[-107.2690202650546,48.18034887945346],[-107.26880343423389,48.18027723771021]]]}"
00000000000000001209,6760,0,0,0,"{""type"":""Polygon"",""coordinates"":[[[-107.2688335841268,48.18020517055768],[-107.26882752584973,48.18021868226813],[-107.26883563560175,48.180249845498636],[-107.26881599291418,48.18025912872256],[-107.26880343423389,48.18027723771021],[-107.2690202650546,48.18034887945346],[-107.26903282368748,48.18033077041406],[-107.26906399914319,48.180281040606744],[-107.26908271773391,48.18024940412604],[-107.2688335841268,48.18020517055768]]]}"
00000000000000001208,6761,0,0,0,"{""type"":""Polygon"",""coordinates"":[[[-107.26883641576467,48.180115843099685],[-107.26884536035284,48.180169216978626],[-107.2688335841268,48.18020517055768],[-107.26908271773391,48.18024940412604],[-107.26908921810164,48.18024480684598],[-107.2691001098038,48.180191024322255],[-107.2691118858012,48.18015507072594],[-107.26883641576467,48.180115843099685]]]}"
000000000000000011ec,6762,0,0,0,"{""type"":""Polygon"",""coordinates"":[[[-107.26887932278566,48.1800300888457],[-107.26888113099345,48.18007027080886],[-107.26883641576467,48.180115843099685],[-107.2691118858012,48.18015507072594],[-107.2691115454213,48.180146140564716],[-107.26910973696447,48.180105958554435],[-107.26914233567084,48.18008740953433],[-107.26914155310736,48.180069564961016],[-107.26887932278566,48.1800300888457]]]}"
000000000000000011ed,6763,0,0,0,"{""type"":""Polygon"",""coordinates"":[[[-107.2688881679048,48.179927178819064],[-107.26887932278566,48.1800300888457],[-107.26914155310736,48.180069564961016],[-107.26915884795932,48.18000674803363],[-107.26916466272522,48.179988743541834],[-107.2688881679048,48.179927178819064]]]}"
000000000000000011ef,6764,0,0,0,"{""type"":""Polygon"",""coordinates"":[[[-107.26884320714096,48.17981641199235],[-107.26885811292253,48.179851836642406],[-107.26887306329033,48.17988733254025],[-107.2688881679048,48.179927178819064],[-107.26916466272522,48.179988743541834],[-107.26917722116829,48.17997063461197],[-107.26920903713963,48.1799342410939],[-107.26922799405807,48.17991155064331],[-107.26884320714096,48.17981641199235]]]}"
000000000000000011e6,6765,0,0,0,"{""type"":""Polygon"",""coordinates"":[[[-107.26882214140758,48.17979451468604],[-107.26882238473706,48.17979900748969],[-107.26884320714096,48.17981641199235],[-107.26922799405807,48.17991155064331],[-107.26924045541448,48.179889004426364],[-107.26925726323674,48.179817202096224],[-107.26926923777233,48.179785670316],[-107.26882214140758,48.17979451468604]]]}"
000000000000000011e4,6766,0,0,0,"{""type"":""Polygon"",""coordinates"":[[[-107.26925824053822,48.17968762240073],[-107.26882551202853,48.179718539585586],[-107.26883255140082,48.17972729403267],[-107.26879927236678,48.17972798262538],[-107.26878749628585,48.179763935894385],[-107.26881339566015,48.17974556275457],[-107.2688281026151,48.17977656578787],[-107.26882214140758,48.17979451468604],[-107.26926923777233,48.179785670316],[-107.26926879556238,48.179776755943074],[-107.26926552342623,48.1797008696004],[-107.26925824053822,48.17968762240073]],[[-107.26901238631741,48.17971482294831],[-107.2689921029966,48.17971077017228],[-107.26900061042011,48.17975077622985],[-107.26901238631741,48.17971482294831]]]}"
000000000000000011e9,6767,0,0,0,"{""type"":""Polygon"",""coordinates"":[[[-107.26922271057856,48.17963921513775],[-107.26922192796314,48.179621370718],[-107.26920677846574,48.179581453504476],[-107.2688098239112,48.179665270574944],[-107.26881744691458,48.17968744789283],[-107.26883098655634,48.17969160512348],[-107.26881788901517,48.17969636225551],[-107.26882551202853,48.179718539585586],[-107.26925824053822,48.17968762240073],[-107.26922271057856,48.17963921513775]]]}"
000000000000000011e5,6768,0,0,0,"{""type"":""GeometryCollection"",""geometries"":[{""type"":""LineString"",""coordinates"":[[-107.26880980550642,48.1796652406394],[-107.26880313317591,48.17966537239505]]},{""type"":""Polygon"",""coordinates"":[[[-107.26885239002824,48.17957058701387],[-107.26881920811483,48.179575712889545],[-107.26883279227603,48.17957994133873],[-107.26884711431671,48.17960194297443],[-107.26881451602132,48.17962049171314],[-107.26883489622266,48.179628981808456],[-107.26882922293862,48.17965149467371],[-107.2688098239112,48.179665270574944],[-107.26920677846574,48.179581453504476],[-107.26920623923476,48.17956810188576],[-107.26916465142179,48.17953320625862],[-107.26914300179816,48.179497886315296],[-107.26893815281616,48.179546559335435],[-107.26896698317442,48.17959514228634],[-107.2689465583719,48.17958658099903],[-107.26892495354105,48.17955133219135],[-107.26891225361622,48.179564932435184],[-107.2688987139978,48.17956077522539],[-107.26887862957685,48.17956114399059],[-107.26887257144215,48.17957465553532],[-107.26886607118908,48.17957925273941],[-107.26885239002824,48.17957058701387]],[[-107.26886607118908,48.17957925273941],[-107.26884613310861,48.17957967700103],[-107.26885981427016,48.17958834272894],[-107.26886607118908,48.17957925273941]]]}]}"
000000000000000011ee,6769,0,0,0,"{""type"":""GeometryCollection"",""geometries"":[{""type"":""Point"",""coordinates"":[-107.26886079406968,48.179458783427386]},{""type"":""Point"",""coordinates"":[-107.26892498208247,48.17955130843724]},{""type"":""Polygon"",""coordinates"":[[[-107.26888493104572,48.17955212523128],[-107.26887862957685,48.17956114399059],[-107.2688987139978,48.17956077522539],[-107.26888493104572,48.17955212523128]]]},{""type"":""Polygon"",""coordinates"":[[[-107.26882428506936,48.17953993539034],[-107.26877820447068,48.179554239920876],[-107.26881920811483,48.179575712889545],[-107.26885239002824,48.17957058701387],[-107.26882428506936,48.17953993539034]]]},{""type"":""Polygon"",""coordinates"":[[[-107.26889397468211,48.179453637690614],[-107.2689080979443,48.17947121771523],[-107.26888903936576,48.17949392363366],[-107.26891024655919,48.17952032930595],[-107.26893067131023,48.17952889059155],[-107.26893815281616,48.179546559335435],[-107.26914300179816,48.179497886315296],[-107.26914266140045,48.17948895626589],[-107.26916621271486,48.179417050060096],[-107.26889397468211,48.179453637690614]]]}]}"
000000000000000011f0,6770,0,0,0,"{""type"":""GeometryCollection"",""geometries"":[{""type"":""LineString"",""coordinates"":[[-107.26867433813322,48.179319543248226],[-107.26868787969747,48.17932374217527]]},{""type"":""Polygon"",""coordinates"":[[[-107.26868789979267,48.1793237066469],[-107.2687230310602,48.17936327076553],[-107.26881236510323,48.17941953499307],[-107.26883982908295,48.17943685068514],[-107.2688539523054,48.17945443071314],[-107.26886079286511,48.179458763566856],[-107.26886631187021,48.17943190046382],[-107.26889397468211,48.179453637690614],[-107.26916621271486,48.179417050060096],[-107.26917222617207,48.179403467314],[-107.26917774495897,48.17937660422675],[-107.26868789979267,48.1793237066469]]]}]}"
000000000000000011e3,6771,0,0,0,"{""type"":""Polygon"",""coordinates"":[[[-107.26854085003419,48.1791703638151],[-107.26842938795515,48.17921718531389],[-107.26847713438544,48.17923855392374],[-107.26854417795519,48.17924616250646],[-107.2685652431817,48.179268059659],[-107.26862661357015,48.17929818088433],[-107.2686743603184,48.17931954942082],[-107.26917774495897,48.17937660422675],[-107.26918199437844,48.17932291130756],[-107.2691879553371,48.17930496255382],[-107.26854085003419,48.1791703638151]]]}"
000000000000000011e2,6772,0,0,0,"{""type"":""Polygon"",""coordinates"":[[[-107.2689549547532,48.179171068482205],[-107.26894923707437,48.17919350992894],[-107.26894982077818,48.17920693268252],[-107.26893726255253,48.17922504131494],[-107.26890955530014,48.17920323296577],[-107.26888233476846,48.17919041011899],[-107.26888130896629,48.17916807309452],[-107.26888096862733,48.17915914309852],[-107.26882052205812,48.179151374852225],[-107.26880732293083,48.17915614765247],[-107.26880718138324,48.17915163918023],[-107.26879364193827,48.17914748198378],[-107.26875396024273,48.17915720494581],[-107.26871985480678,48.17913997799715],[-107.26864586901168,48.179128052430904],[-107.2686061873643,48.179137775327035],[-107.2685538504189,48.179161169525294],[-107.26854085003419,48.1791703638151],[-107.2691879553371,48.17930496255382],[-107.26919376994607,48.179286958303756],[-107.26919669746908,48.17920206966762],[-107.2689549547532,48.179171068482205]],[[-107.26883498550129,48.17917788478874],[-107.26882154782362,48.179173711871194],[-107.26882188814785,48.17918264187025],[-107.26883498550129,48.17917788478874]]]}"
000000000000000011e7,6773,0,0,0,"{""type"":""MultiPolygon"",""coordinates"":[[[[-107.26879364193827,48.17914748198378],[-107.26880718138324,48.17915163918023],[-107.26880698260975,48.17914721765778],[-107.26879364193827,48.17914748198378]]],[[[-107.26871291254542,48.17913566088074],[-107.268678365089,48.17910951965685],[-107.26864586901168,48.179128052430904],[-107.26871985480678,48.17913997799715],[-107.26871291254542,48.17913566088074]]],[[[-107.26880698260975,48.17914721765778],[-107.26882052205812,48.179151374852225],[-107.26888096862733,48.17915914309852],[-107.26889171856753,48.17910085324294],[-107.26877189595827,48.17910772495645],[-107.26880698260975,48.17914721765778]],[[-107.26886034531357,48.17914616033476],[-107.26887344265438,48.179141403251634],[-107.2688600049794,48.17913723034228],[-107.26886034531357,48.17914616033476]]],[[[-107.26920495750807,48.179085738537346],[-107.2689450812528,48.179099795874215],[-107.26896023028158,48.17913971277647],[-107.2689606724241,48.179148627044874],[-107.26896101278267,48.17915755703831],[-107.2689549547532,48.179171068482205],[-107.26919669746908,48.17920206966762],[-107.2692020300401,48.179170626985126],[-107.26921302290226,48.1791168298358],[-107.26920495750807,48.179085738537346]]]]}"
000000000000000011dd,6774,0,0,0,"{""type"":""Polygon"",""coordinates"":[[[-107.26919552570808,48.17902338032774],[-107.26919331944569,48.17897435616612],[-107.2687565038475,48.17906331530088],[-107.26873710513831,48.179077091025725],[-107.26875772834474,48.179090073801696],[-107.26877189595827,48.17910772495645],[-107.26889171856753,48.17910085324294],[-107.26889137822499,48.17909192325845],[-107.26889073731459,48.17907858748264],[-107.26889689712816,48.17906506034305],[-107.26893701610915,48.17906870455695],[-107.2689450812528,48.179099795874215],[-107.26920495750807,48.179085738537346],[-107.26919552570808,48.17902338032774]]]}"
000000000000000011e0,6775,0,0,0,"{""type"":""Polygon"",""coordinates"":[[[-107.26916581095382,48.17895696950022],[-107.26913780783345,48.178926302599976],[-107.26909675997877,48.17890475879736],[-107.26906909736113,48.17888302185026],[-107.26905561516699,48.178878777762186],[-107.26877580555909,48.17904510233865],[-107.2687565038475,48.17906331530088],[-107.26919331944569,48.17897435616612],[-107.26916581095382,48.17895696950022]]]}"
000000000000000011df,6776,0,0,0,"{""type"":""GeometryCollection"",""geometries"":[{""type"":""LineString"",""coordinates"":[[-107.26889937066686,48.17897119361695],[-107.268873272723,48.17898510791845]]},{""type"":""Polygon"",""coordinates"":[[[-107.26904183239084,48.17887012789797],[-107.26894663983592,48.17883179730178],[-107.26889855303482,48.17880149915566],[-107.26882501256307,48.17895033123754],[-107.26883855194673,48.17895448841558],[-107.2688257950034,48.17896817543796],[-107.2688252113401,48.17895475274336],[-107.26877580555909,48.17904510233865],[-107.26887324100197,48.178985137961234],[-107.2688658168434,48.1789673824481],[-107.26889933856229,48.178971186591546],[-107.26905561516699,48.178878777762186],[-107.26904183239084,48.17887012789797]]]}]}"
000000000000000011db,6777,0,0,0,"{""type"":""MultiPolygon"",""coordinates"":[[[[-107.26863130396619,48.179101558209474],[-107.26862446351225,48.17909722536607],[-107.2686061873643,48.179137775327035],[-107.26864586901168,48.179128052430904],[-107.268678365089,48.17910951965685],[-107.26863130396619,48.179101558209474]]],[[[-107.26889191136709,48.17880158784854],[-107.26875806375865,48.17879531688315],[-107.26867333061074,48.17899352426921],[-107.26870651196208,48.17898839851478],[-107.26871369271373,48.17900166131288],[-107.26870763464233,48.17901517270229],[-107.26871491718208,48.1790284197837],[-107.26870866034335,48.17903750966644],[-107.26872904019038,48.17904599969939],[-107.26872312365266,48.17906401956599],[-107.26873710513831,48.179077091025725],[-107.2687565038475,48.17906331530088],[-107.26877580555909,48.17904510233865],[-107.2688252113401,48.17895475274336],[-107.26882501256307,48.17895033123754],[-107.26889855303482,48.17880149915566],[-107.26889191136709,48.17880158784854]],[[-107.26871760238058,48.178939038821675],[-107.26870416481736,48.178934865903685],[-107.26871154432288,48.17895255019495],[-107.26877140683287,48.1789468957977],[-107.26871760238058,48.178939038821675]]]]}"
000000000000000011e1,6778,0,0,0,"{""type"":""MultiPolygon"",""coordinates"":[[[[-107.26856347826218,48.17907610545561],[-107.2685538504189,48.179161169525294],[-107.2686061873643,48.179137775327035],[-107.26862446351225,48.17909722536607],[-107.26856347826218,48.17907610545561]]],[[[-107.26873118391782,48.17879142401641],[-107.26865031383146,48.17877509447868],[-107.26861693393367,48.17877579869548],[-107.26861029229079,48.17877588736822],[-107.26858947238962,48.178910326284395],[-107.26859617128089,48.178910150663405],[-107.26862343598863,48.17892304475873],[-107.26867054144086,48.17893107741463],[-107.26863800097034,48.17894953889331],[-107.26865876558406,48.17896703011904],[-107.26863262344936,48.178980910196714],[-107.26865324654527,48.17899389297426],[-107.26867333061074,48.17899352426921],[-107.26875806375865,48.17879531688315],[-107.26873118391782,48.17879142401641]]]]}"
000000000000000011de,6779,0,0,0,"{""type"":""MultiPolygon"",""coordinates"":[[[[-107.26853014747547,48.178777488818945],[-107.26847624650738,48.17876519450689],[-107.2684550413665,48.17889063219749],[-107.26849574829102,48.17890324632972],[-107.26858947238962,48.178910326284395],[-107.26861029229079,48.17877588736822],[-107.26853014747547,48.178777488818945]]],[[[-107.26854319543355,48.1790720526213],[-107.26852379668667,48.179085828306285],[-107.26855126021267,48.17910314398288],[-107.26847805694959,48.1791090625436],[-107.26844375305873,48.17908741398637],[-107.2684239122761,48.179092275389706],[-107.26840945016168,48.17921760947462],[-107.2684225475203,48.17921285244611],[-107.26842938795515,48.17921718531389],[-107.26854085003419,48.1791703638151],[-107.2685538504189,48.179161169525294],[-107.26856347826218,48.17907610545561],[-107.26854319543355,48.1790720526213]]]]}"
000000000000000011fc,6780,0,0,0,"{""type"":""MultiPolygon"",""coordinates"":[[[[-107.26838442943087,48.17910641970629],[-107.2683232017776,48.17923265098938],[-107.26838286582074,48.17922257526687],[-107.26840945016168,48.17921760947462],[-107.2684239122761,48.179092275389706],[-107.26838442943087,48.17910641970629]]],[[[-107.26844248188533,48.178756897503476],[-107.26834225822765,48.17875441450499],[-107.26832105267617,48.17887985215078],[-107.268374556216,48.17888330357089],[-107.26840114030824,48.17887833781918],[-107.26844820098289,48.17888629935707],[-107.2684550413665,48.17889063219749],[-107.26847624650738,48.17876519450689],[-107.26844248188533,48.178756897503476]]]]}"
000000000000000011eb,6781,0,0,0,"{""type"":""Polygon"",""coordinates"":[[[-107.26823509259475,48.17874761427552],[-107.26819507126068,48.17874840698629],[-107.26820034752271,48.17886889462521],[-107.26826749195192,48.17887648764868],[-107.26832105267617,48.17887985215078],[-107.26834225822765,48.17875441450499],[-107.26823509259475,48.17874761427552]]]}"
000000000000000011f3,6782,0,0,0,"{""type"":""Polygon"",""coordinates"":[[[-107.26818832787076,48.17874851135142],[-107.2680808223171,48.1787327810136],[-107.26806073851999,48.17873314958606],[-107.2680606412745,48.17888055548504],[-107.26812758689815,48.17888372710695],[-107.26806806496846,48.178898311043],[-107.26806142334311,48.178898399677514],[-107.26806323072067,48.17893858081512],[-107.2681430304525,48.17893250273923],[-107.26815324249719,48.17886086173722],[-107.26820034752271,48.17886889462521],[-107.26819507126068,48.17874840698629],[-107.26818832787076,48.17874851135142]]]}"
000000000000000011f1,6783,0,0,0,"{""type"":""MultiPolygon"",""coordinates"":[[[[-107.26802746065093,48.178733837868656],[-107.26800033791581,48.17872545207614],[-107.26792713576602,48.17873137014612],[-107.26792699343595,48.17887870482725],[-107.2679670147964,48.17887791222564],[-107.26800727940717,48.17888161233694],[-107.26802037663552,48.17887685539691],[-107.2680606412745,48.17888055548504],[-107.26806073851999,48.17873314958606],[-107.26802746065093,48.178733837868656]]],[[[-107.26800234331823,48.17892189781713],[-107.26796804004846,48.17890024915095],[-107.26792835877384,48.17890997171543],[-107.26793192867825,48.178990262825025],[-107.26794585250974,48.17900342134126],[-107.26797195016117,48.17898947021657],[-107.26795088556501,48.17896757303348],[-107.26799584314321,48.17892649490342],[-107.2680366466398,48.17894354647862],[-107.26806323072067,48.17893858081512],[-107.26806142334311,48.178898399677514],[-107.26800234331823,48.17892189781713]]]]}"
000000000000000011fa,6784,0,0,0,"{""type"":""MultiPolygon"",""coordinates"":[[[[-107.26790851813524,48.17891483299223],[-107.26789102344571,48.17897322691133],[-107.26785178397827,48.178991863712945],[-107.26793192867825,48.178990262825025],[-107.26792835877384,48.17890997171543],[-107.26790851813524,48.17891483299223]]],[[[-107.26779368732288,48.178733940781434],[-107.26778698851977,48.17873411634359],[-107.26780101256244,48.17889910229191],[-107.26786018942215,48.1788800415142],[-107.26790045397647,48.178883741671896],[-107.26792699343595,48.17887870482725],[-107.26792713576602,48.17873137014612],[-107.26779368732288,48.178733940781434]]]]}"
000000000000000011f8,6785,0,0,0,"{""type"":""Polygon"",""coordinates"":[[[-107.26778698851977,48.17873411634359],[-107.26777306486035,48.178720957867135],[-107.2677397871039,48.17872164604698],[-107.26766086685473,48.178750005109805],[-107.26764772512465,48.178754690761856],[-107.26767478853411,48.17891500686302],[-107.26774036872015,48.17888691186293],[-107.26779451238144,48.17890369936272],[-107.26780101256244,48.17889910229191],[-107.26778698851977,48.17873411634359]]]}"
000000000000000011f5,6786,0,0,0,"{""type"":""Polygon"",""coordinates"":[[[-107.26764772512465,48.178754690761856],[-107.26758116471491,48.178760519962694],[-107.26755492580342,48.17876996247182],[-107.26752150174387,48.17877059507145],[-107.26750840456356,48.17877535193261],[-107.26756254541884,48.178943982885315],[-107.26756884699434,48.17893496431522],[-107.2675827260673,48.17894805164905],[-107.26760256669444,48.17894319043683],[-107.26762870888479,48.1789293106482],[-107.26765514655128,48.17892428959664],[-107.26767478853411,48.17891500686302],[-107.26764772512465,48.178754690761856]]]}"
000000000000000011f9,6787,0,0,0,"{""type"":""Polygon"",""coordinates"":[[[-107.26750840456356,48.17877535193261],[-107.26735042245947,48.17882756124066],[-107.26747541954292,48.178936742074164],[-107.26748206113302,48.17893665348103],[-107.2675095237507,48.17895396942975],[-107.2675356659566,48.17894008966322],[-107.26755604521725,48.17894857994442],[-107.26756254541884,48.178943982885315],[-107.26750840456356,48.17877535193261]]]}"
000000000000000011f7,6788,0,0,0,"{""type"":""Polygon"",""coordinates"":[[[-107.26735042245947,48.17882756124066],[-107.26731748471919,48.178837179229085],[-107.26729080402426,48.17883770744569],[-107.26723753945953,48.17884320108228],[-107.26721144185505,48.178857151967414],[-107.26737108608035,48.17899245901049],[-107.26737748451727,48.17898787768139],[-107.26742386459816,48.178977979793046],[-107.26743016620415,48.178968961225465],[-107.26744990504652,48.178964115764735],[-107.26744268029879,48.17895078164087],[-107.26747541954292,48.178936742074164],[-107.26735042245947,48.17882756124066]]]}"
000000000000000011f4,6789,0,0,0,"{""type"":""Polygon"",""coordinates"":[[[-107.26721144185505,48.178857151967414],[-107.26715984233535,48.178898318256245],[-107.26714518187228,48.178867386660905],[-107.26712475828816,48.17885882507316],[-107.26707198000432,48.178873304087496],[-107.26707251847124,48.178886655561726],[-107.26726660608153,48.17904812039225],[-107.26727916481804,48.17903001202618],[-107.26730682593573,48.17905174958771],[-107.26732632663314,48.17903795843158],[-107.26733868674853,48.179015428542876],[-107.26735828423715,48.17900607462984],[-107.26737108608035,48.17899245901049],[-107.26721144185505,48.178857151967414]],[[-107.26715378382498,48.178911829532254],[-107.26712690455132,48.17890793619329],[-107.26713418638182,48.17892118338568],[-107.26715378382498,48.178911829532254]]]}"
000000000000000011fb,6790,0,0,0,"{""type"":""Polygon"",""coordinates"":[[[-107.26707251847124,48.178886655561726],[-107.2670872234214,48.17891765840779],[-107.26706704295516,48.17891358953761],[-107.2670280020614,48.1789366474945],[-107.26699516103012,48.17895070263004],[-107.2669889039061,48.178959792394515],[-107.26698182068672,48.178950966694934],[-107.26696872345039,48.178955723500145],[-107.2669903256651,48.17899097241645],[-107.26709572851932,48.17895766409167],[-107.26710921022192,48.17896190847384],[-107.2671108752063,48.17899758123761],[-107.26705819350289,48.17901649752899],[-107.26704529480205,48.17902567587211],[-107.2672089477719,48.17910279819526],[-107.26724212888107,48.17909767294257],[-107.26724774567842,48.17907524733709],[-107.26726030443199,48.179057138963735],[-107.26726660608153,48.17904812039225],[-107.26707251847124,48.178886655561726]],[[-107.26712822464874,48.17893913190094],[-107.26711468572074,48.178934974471325],[-107.26711532598391,48.17894831023909],[-107.26712822464874,48.17893913190094]]]}"
00000000000000001201,6791,0,0,0,"{""type"":""Polygon"",""coordinates"":[[[-107.26704529480205,48.17902567587211],[-107.26699305472465,48.17905350641205],[-107.26698093753853,48.1790805290298],[-107.26696153854664,48.179094304407485],[-107.26713891638747,48.17918016412829],[-107.26714493040208,48.17916658155605],[-107.2672089477719,48.17910279819526],[-107.26704529480205,48.17902567587211]]]}"
000000000000000011ea,6792,0,0,0,"{""type"":""Polygon"",""coordinates"":[[[-107.26696153854664,48.179094304407485],[-107.26692923577852,48.17912171110197],[-107.26686981556772,48.17913627864108],[-107.26709146737676,48.17931504511597],[-107.26710460930066,48.179310359485385],[-107.2671226437619,48.17926531687311],[-107.26713417790248,48.17922487135354],[-107.26713305638472,48.17919809701172],[-107.26713891638747,48.17918016412829],[-107.26696153854664,48.179094304407485]]]}"
0000000000000000132b,6793,0,0,0,"{""type"":""Polygon"",""coordinates"":[[[-107.26686981556772,48.17913627864108],[-107.26685671826574,48.17914103544938],[-107.26680941536786,48.179128580312714],[-107.26685299854752,48.17935992434329],[-107.266952683653,48.17934905733209],[-107.26697902474784,48.17933959915232],[-107.26709146737676,48.17931504511597],[-107.26686981556772,48.17913627864108]]]}"
000000000000000011fd,6794,0,0,0,"{""type"":""Polygon"",""coordinates"":[[[-107.26680941536786,48.179128580312714],[-107.26674193206344,48.17911205620032],[-107.26666994674014,48.17929657640502],[-107.26667678685102,48.17930090941279],[-107.26669115173252,48.179322982524596],[-107.26676567400952,48.17934826128466],[-107.2668464982317,48.17936452139349],[-107.26685299854752,48.17935992434329],[-107.26680941536786,48.179128580312714]]]}"
00000000000000001214,6795,0,0,0,"{""type"":""Polygon"",""coordinates"":[[[-107.26672859169794,48.17911232023139],[-107.26670191097239,48.17911284828782],[-107.26668182726547,48.17911321657214],[-107.26666892848992,48.17912239488341],[-107.26663599055509,48.17913201269668],[-107.26662880563666,48.17912320266113],[-107.26654035414552,48.17923660942622],[-107.2665607776602,48.179245171201394],[-107.26664966442958,48.17929252314053],[-107.26666994674014,48.17929657640502],[-107.26674193206344,48.17911205620032],[-107.26672859169794,48.17911232023139]]]}"
000000000000000012a1,6796,0,0,0,"{""type"":""Polygon"",""coordinates"":[[[-107.26658766345938,48.179097220393714],[-107.26654720089765,48.179089098128685],[-107.26652677747126,48.179080536373725],[-107.2664114466999,48.17919004939311],[-107.26644516593308,48.17919827597292],[-107.26648596829632,48.17921532832389],[-107.26654035414552,48.17923660942622],[-107.26662880563666,48.17912320266113],[-107.26658766345938,48.179097220393714]]]}"
000000000000000011fe,6797,0,0,0,"{""type"":""Polygon"",""coordinates"":[[[-107.26647937822334,48.17906364383139],[-107.26643124992756,48.17903327301145],[-107.2663016958591,48.17912522119774],[-107.26631523464022,48.17912937876074],[-107.26634977953866,48.17915552090985],[-107.26637724143232,48.179172837272716],[-107.2664047033592,48.17919015363258],[-107.2664114466999,48.17919004939311],[-107.26652677747126,48.179080536373725],[-107.26647937822334,48.17906364383139]]]}"
00000000000000001217,6798,0,0,0,"{""type"":""Polygon"",""coordinates"":[[[-107.2664172696283,48.17902020119662],[-107.26639586656378,48.17898937363611],[-107.26636826353305,48.17896754886828],[-107.26619854759811,48.17905578024443],[-107.26619966843711,48.179082554542155],[-107.26624697075115,48.17909500998325],[-107.2663016958591,48.17912522119774],[-107.26643124992756,48.17903327301145],[-107.2664172696283,48.17902020119662]]]}"
00000000000000001216,6799,0,0,0,"{""type"":""Polygon"",""coordinates"":[[[-107.26633327727355,48.17893249255368],[-107.26631289857932,48.1789240020011],[-107.2662922768769,48.17891101870261],[-107.26612779433817,48.17896782311338],[-107.26614997823637,48.17901649500038],[-107.2662046064199,48.17904226898395],[-107.26619854759811,48.17905578024443],[-107.26636826353305,48.17896754886828],[-107.26633327727355,48.17893249255368]]]}"
000000000000000011bf,6800,0,0,0,"{""type"":""Polygon"",""coordinates"":[[[-107.26627151395496,48.17889352694064],[-107.26625773225072,48.178884876647075],[-107.26624395055482,48.178876226352735],[-107.26622890676302,48.17883629341313],[-107.2660640277007,48.17888425459633],[-107.26607096940477,48.17888857189787],[-107.26608509069851,48.178906152199424],[-107.26609930867262,48.178928169742356],[-107.2661205129409,48.17895457582194],[-107.26612779433817,48.17896782311338],[-107.2662922768769,48.17891101870261],[-107.26629203385494,48.17890652596038],[-107.26627151395496,48.17889352694064]]]}"
000000000000000011d6,6801,0,0,0,"{""type"":""Polygon"",""coordinates"":[[[-107.2661719799412,48.17875705817817],[-107.26602030021674,48.17880024680281],[-107.26603442144926,48.17881782708394],[-107.2660640277007,48.17888425459633],[-107.26622890676302,48.17883629341313],[-107.26622792712533,48.17881402769632],[-107.2661719799412,48.17875705817817]]]}"
00000000000000001203,6802,0,0,0,"{""type"":""Polygon"",""coordinates"":[[[-107.26615761563569,48.178734985210866],[-107.26613621298864,48.17870415774855],[-107.26614168907591,48.17867722391822],[-107.26596298983554,48.17871201030693],[-107.26597725220611,48.178734099017824],[-107.26599239743584,48.178774016208024],[-107.26602030021674,48.17880024680281],[-107.2661719799412,48.17875705817817],[-107.26615761563569,48.178734985210866]]]}"
000000000000000011c2,6803,0,0,0,"{""type"":""Polygon"",""coordinates"":[[[-107.266132505776,48.178619358469476],[-107.26610460300357,48.17859312799703],[-107.26590582093728,48.17862828235748],[-107.26595472907536,48.17867649739873],[-107.26594876690267,48.178694445768635],[-107.26596298983554,48.17871201030693],[-107.26614168907591,48.17867722391822],[-107.2661411509443,48.17866387248327],[-107.266132505776,48.178619358469476]]]}"
00000000000000001202,6804,0,0,0,"{""type"":""Polygon"",""coordinates"":[[[-107.26609752012516,48.178584302284904],[-107.26608320048281,48.17856230060259],[-107.26608261781927,48.178548877969256],[-107.26608227815383,48.178539948051075],[-107.26608149704266,48.17852210393945],[-107.26605403582731,48.17850478768839],[-107.2660469529796,48.17849596198653],[-107.2658231946121,48.178571840618815],[-107.26585114163386,48.178598142396964],[-107.26590562251181,48.17862386086408],[-107.26590582093728,48.17862828235748],[-107.26610460300357,48.17859312799703],[-107.26609752012516,48.178584302284904]]]}"
000000000000000011d9,6805,0,0,0,"{""type"":""Polygon"",""coordinates"":[[[-107.26603991468615,48.17848720751215],[-107.26599114782252,48.17844350110973],[-107.26593666708487,48.17841778277555],[-107.26576099137394,48.17852396070853],[-107.26576851550456,48.17854170063851],[-107.2658093165587,48.17855875309805],[-107.2658231946121,48.178571840618815],[-107.2660469529796,48.17849596198653],[-107.26603991468615,48.17848720751215]]]}"
00000000000000001204,6806,0,0,0,"{""type"":""Polygon"",""coordinates"":[[[-107.26572132066701,48.17838183991802],[-107.2657152618346,48.1783953509791],[-107.26577120754531,48.17845232041017],[-107.26574530851492,48.17847069227003],[-107.26573958925438,48.17849313326773],[-107.26576099137394,48.17852396070853],[-107.26593666708487,48.17841778277555],[-107.26592860481868,48.17838669153455],[-107.26593510499788,48.17838209463518],[-107.26572132066701,48.17838183991802]]]}"
000000000000000011d4,6807,0,0,0,"{""type"":""Polygon"",""coordinates"":[[[-107.26578353306354,48.17827787768672],[-107.26577097410014,48.17829598560468],[-107.26574531814443,48.178318850101874],[-107.2657340780874,48.17836815344824],[-107.26572132066701,48.17838183991802],[-107.26593510499788,48.17838209463518],[-107.26598724247457,48.17835428076606],[-107.26578353306354,48.17827787768672]]]}"
000000000000000011d8,6808,0,0,0,"{""type"":""MultiPolygon"",""coordinates"":[[[[-107.26580944122075,48.178107664336196],[-107.26580494444231,48.17815686329944],[-107.26587926469588,48.17817772082386],[-107.26580944122075,48.178107664336196]]],[[[-107.26588634743763,48.178186546487545],[-107.26586739017536,48.17820923554494],[-107.26582165127125,48.17823246810926],[-107.26578959185224,48.17826436665252],[-107.26578353306354,48.17827787768672],[-107.26598724247457,48.17835428076606],[-107.26599394108274,48.17835410533572],[-107.26600674298138,48.178340490065196],[-107.26602017962841,48.178344663337],[-107.2660331799605,48.17833546953383],[-107.26588634743763,48.178186546487545]]]]}"
000000000000000011ce,6809,0,0,0,"{""type"":""Polygon"",""coordinates"":[[[-107.2659976651157,48.1781352205393],[-107.26595764539591,48.178136012267075],[-107.26592891753066,48.178091866776235],[-107.26592153970762,48.17807418251694],[-107.26592779684667,48.17806509297426],[-107.26592759841466,48.178060671528264],[-107.26592085531435,48.17806077572541],[-107.26584105908825,48.17806685176462],[-107.26578823766867,48.17808125859368],[-107.26580944122075,48.178107664336196],[-107.26587926469588,48.17817772082386],[-107.26588600781444,48.17817761662894],[-107.26588634743763,48.178186546487545],[-107.2660331799605,48.17833546953383],[-107.26604598184326,48.178321854263295],[-107.26607275848167,48.17832576360349],[-107.26608522068206,48.17830321845251],[-107.26613755647313,48.17827982601],[-107.2659976651157,48.1781352205393]]]}"
000000000000000011d7,6810,0,0,0,"{""type"":""GeometryCollection"",""geometries"":[{""type"":""LineString"",""coordinates"":[[-107.26592088606233,48.17806078276963],[-107.26592755819794,48.178060651184545]]},{""type"":""Polygon"",""coordinates"":[[[-107.26610888083866,48.17808391023644],[-107.26608948227086,48.178097685166875],[-107.26606436468468,48.17813390095506],[-107.26603094172998,48.178134533000026],[-107.2659976651157,48.1781352205393],[-107.26613755647313,48.17827982601],[-107.2661887713594,48.17822965967245],[-107.26624271398451,48.17824202644375],[-107.26625571425538,48.17823283262988],[-107.26610888083866,48.17808391023644]]]}]}"
000000000000000011c5,6811,0,0,0,"{""type"":""MultiPolygon"",""coordinates"":[[[[-107.26625571425538,48.17823283262988],[-107.26626197136677,48.178223743038785],[-107.2662417915461,48.17821967403225],[-107.26625571425538,48.17823283262988]]],[[[-107.2662417915461,48.17821967403225],[-107.26626152987312,48.178214828897794],[-107.26626769028712,48.178201302133196],[-107.26629373025618,48.17818743863482],[-107.26630614774741,48.17816482229223],[-107.26635886761493,48.17815043086994],[-107.26621403777065,48.17804611085669],[-107.2662076394476,48.17805069202356],[-107.2661812993309,48.178060149735735],[-107.26617397350434,48.17804683144726],[-107.26611455526114,48.178061398172105],[-107.26611499672079,48.17807031228871],[-107.26611557940649,48.17808373479952],[-107.26610888083866,48.17808391023644],[-107.2662417915461,48.17821967403225]]]]}"
000000000000000011c8,6812,0,0,0,"{""type"":""MultiPolygon"",""coordinates"":[[[[-107.26628978683011,48.17794630649484],[-107.26629662663524,48.17795063942654],[-107.26631670963002,48.177950271248996],[-107.26631626811947,48.1779413571549],[-107.26628978683011,48.17794630649484]]],[[[-107.26632374792176,48.177959025614],[-107.26631074776056,48.177968219386585],[-107.26629784937333,48.17797739743891],[-107.26625861090868,48.17799603321201],[-107.26621403777065,48.17804611085669],[-107.26635886761493,48.17815043086994],[-107.2664382279265,48.17813098736072],[-107.26632374792176,48.177959025614]]]]}"
000000000000000011cb,6813,0,0,0,"{""type"":""Polygon"",""coordinates"":[[[-107.26647566732488,48.17792032994081],[-107.26646892421029,48.177920434176556],[-107.26643442479175,48.17789436388449],[-107.26634866670827,48.17791838845414],[-107.26631626811947,48.1779413571549],[-107.26631670963002,48.177950271248996],[-107.26633664629946,48.177949847561635],[-107.26632374792176,48.177959025614],[-107.2664382279265,48.17813098736072],[-107.26645816471881,48.178130563643556],[-107.26653038485973,48.17810238140803],[-107.26647566732488,48.17792032994081]]]}"
000000000000000011ca,6814,0,0,0,"{""type"":""Polygon"",""coordinates"":[[[-107.26652228382063,48.17791937825633],[-107.26651568703272,48.17791953800062],[-107.26647566732488,48.17792032994081],[-107.26653038485973,48.17810238140803],[-107.26658282211454,48.178078973099296],[-107.26660872068055,48.178060601161675],[-107.26670762062986,48.178031890833715],[-107.26652228382063,48.17791937825633]]]}"
000000000000000011f6,6815,0,0,0,"{""type"":""Polygon"",""coordinates"":[[[-107.26660022220689,48.177868755318606],[-107.26656846381236,48.177905059592085],[-107.2665356237277,48.17791911427153],[-107.26652228382063,48.17791937825633],[-107.26670762062986,48.178031890833715],[-107.26672071752364,48.17802713415614],[-107.2667531160892,48.1780041652821],[-107.26681800989257,48.17796266468708],[-107.26682431140543,48.17795364633521],[-107.26660022220689,48.177868755318606]]]}"
000000000000000011f2,6816,0,0,0,"{""type"":""Polygon"",""coordinates"":[[[-107.26663853781358,48.17782776721987],[-107.26665299892936,48.17785427687898],[-107.26661297923343,48.177855068875154],[-107.26660022220689,48.177868755318606],[-107.26682431140543,48.17795364633521],[-107.26686242841176,48.177908236654055],[-107.26685255924197,48.177836965427296],[-107.26685827775995,48.177814524661294],[-107.26663853781358,48.17782776721987]]]}"
000000000000000011c4,6817,0,0,0,"{""type"":""Polygon"",""coordinates"":[[[-107.26738753015603,48.17770137592234],[-107.26732811214852,48.17771594329702],[-107.2672740674745,48.17770359298704],[-107.26719480957289,48.17772302129265],[-107.26710827002303,48.17772920263756],[-107.26705412874375,48.177712415064065],[-107.26704054571584,48.177708186484125],[-107.26699402601383,48.17771357554814],[-107.26690670510922,48.17770191288965],[-107.26689356377906,48.177706598335206],[-107.26688002534767,48.17770244095704],[-107.266854127105,48.17772081283491],[-107.26680018464639,48.17770844652518],[-107.26678630638852,48.177695359365075],[-107.26677956329225,48.177695463621724],[-107.26658337245001,48.177788642841605],[-107.2666171350977,48.17779694039672],[-107.26663853781358,48.17782776721987],[-107.26685827775995,48.177814524661294],[-107.2668694716721,48.17776515051591],[-107.26702979372195,48.177766474645544],[-107.26705623044899,48.17776145389344],[-107.26709693506469,48.17777406840739],[-107.2671372948142,48.177782205985466],[-107.26718449952074,48.177790223539844],[-107.26727035437895,48.177770635418476],[-107.26736945236301,48.177746345993015],[-107.26740185050004,48.17772337703317],[-107.26738753015603,48.17770137592234]]]}"
000000000000000011cd,6818,0,0,0,"{""type"":""Polygon"",""coordinates"":[[[-107.2667589419568,48.177682480716555],[-107.26675029609635,48.17763796760413],[-107.26675322860365,48.17755308156981],[-107.26673358734776,48.17756236385675],[-107.26671677659138,48.1776341627502],[-107.26667005857968,48.17763513023784],[-107.26665559751818,48.17760862069006],[-107.2666221748259,48.17760925292794],[-107.26659549521183,48.17760978091157],[-107.26658885392291,48.177609869433496],[-107.26656299424205,48.177780152513904],[-107.26658337245001,48.177788642841605],[-107.26677956329225,48.177695463621724],[-107.2667589419568,48.177682480716555]]]}"
000000000000000011c6,6819,0,0,0,"{""type"":""MultiPolygon"",""coordinates"":[[[[-107.2661813892134,48.177305315314186],[-107.26620259275197,48.17733172058176],[-107.26621510664175,48.17731354172665],[-107.26622756837313,48.17729099700174],[-107.2661813892134,48.177305315314186]]],[[[-107.26652835464138,48.17760218680305],[-107.26644167463873,48.177603859161756],[-107.266454233101,48.177585751406355],[-107.2664802725999,48.177571888031075],[-107.26637297166415,48.17756057737711],[-107.26638553013345,48.17754246964539],[-107.26640556837583,48.17754203023202],[-107.26644416628278,48.17751005915472],[-107.26642398678054,48.17750599023347],[-107.2663513263258,48.17752525801633],[-107.26633172962353,48.17753461144126],[-107.26647543068793,48.1777639967947],[-107.26650211037882,48.17776346884094],[-107.26652937292134,48.177776363305654],[-107.26656299424205,48.177780152513904],[-107.26658885392291,48.177609869433496],[-107.26652835464138,48.17760218680305]],[[-107.26638103423392,48.17759166808616],[-107.2663886552828,48.1776138447747],[-107.26640121376732,48.17759573702225],[-107.26638103423392,48.17759166808616]]]]}"
000000000000000011cc,6820,0,0,0,"{""type"":""Polygon"",""coordinates"":[[[-107.26633172962353,48.17753461144126],[-107.26625345213084,48.17757630407169],[-107.26625447637782,48.17759864048962],[-107.26625539884695,48.17762099263705],[-107.26621523832985,48.177617276100605],[-107.26618689466949,48.17758213210075],[-107.26618651786357,48.177421291593085],[-107.26620381544647,48.177358478282464],[-107.26620279122231,48.17733614196511],[-107.2661813892134,48.177305315314186],[-107.26612217064425,48.177324303190865],[-107.26612333605281,48.177351147835196],[-107.2661191795606,48.177409275816906],[-107.26610818335934,48.177463070955106],[-107.26615592506593,48.177484440128715],[-107.26615748741962,48.1775201276514],[-107.26604856764018,48.17747321605727],[-107.26596750552599,48.177452463110285],[-107.26592176761326,48.17747569536385],[-107.26590178673727,48.17747604772719],[-107.26590886936951,48.17748487327457],[-107.26599809034106,48.17754115412363],[-107.26609235117624,48.17755713480912],[-107.26610607512819,48.17756587186726],[-107.26614609429603,48.17756508010016],[-107.26614653576972,48.17757399413237],[-107.26614707392773,48.17758734529075],[-107.26614809810918,48.17760968171616],[-107.26616221902782,48.17762726158967],[-107.26615650017446,48.177649702243045],[-107.26642465826937,48.17782307689014],[-107.26643755658608,48.177813898849415],[-107.26646345498365,48.177795527047586],[-107.26646233389486,48.17776875341253],[-107.26646873215263,48.17776417225483],[-107.26647543068793,48.1777639967947],[-107.26633172962353,48.17753461144126]]]}"
000000000000000011c3,6821,0,0,0,"{""type"":""MultiPolygon"",""coordinates"":[[[[-107.26598519208078,48.17755033205642],[-107.26599809034106,48.17754115412363],[-107.26590886936951,48.17748487327457],[-107.26590920900902,48.1774938030154],[-107.26593833332889,48.17754679082668],[-107.26596637643445,48.177577529199446],[-107.26597365754485,48.177590776164024],[-107.26598675426382,48.177586019630795],[-107.26597869206019,48.177554928882664],[-107.26598519208078,48.17755033205642]],[[-107.26597165394364,48.177546174554976],[-107.26595851269008,48.17755085985675],[-107.26597869206019,48.177554928882664],[-107.26597165394364,48.177546174554976]]],[[[-107.26637901663841,48.17785074668155],[-107.26639875984326,48.17784144869182],[-107.26641165816947,48.17783227065114],[-107.26642465826937,48.17782307689014],[-107.26615650017446,48.177649702243045],[-107.26615708288442,48.17766312464596],[-107.2660762186608,48.177646793140255],[-107.26608486364967,48.17769130634295],[-107.26611960552187,48.17772186931608],[-107.2661261055666,48.17771727246514],[-107.26616636791972,48.17772097332447],[-107.26620741149387,48.177742518005225],[-107.26615439201223,48.177752503518235],[-107.26634866670827,48.17791838845414],[-107.26643442479175,48.17789436388449],[-107.26637901663841,48.17785074668155]]]]}"
000000000000000011c9,6822,0,0,0,"{""type"":""MultiPolygon"",""coordinates"":[[[[-107.26608510665315,48.17769579898267],[-107.26606727055182,48.17774526148057],[-107.26611960552187,48.17772186931608],[-107.26608510665315,48.17769579898267]]],[[[-107.26615439201223,48.177752503518235],[-107.26607464840698,48.177762945617566],[-107.26616244670413,48.177935434941766],[-107.26628294702704,48.17794197356296],[-107.26628978683011,48.17794630649484],[-107.26631626811947,48.1779413571549],[-107.26634866670827,48.17791838845414],[-107.26615439201223,48.177752503518235]]]]}"
000000000000000011c7,6823,0,0,0,"{""type"":""MultiPolygon"",""coordinates"":[[[[-107.26593833332889,48.17754679082668],[-107.26594731777547,48.177600233720725],[-107.26595401624455,48.177600058299205],[-107.26595381780619,48.177595636892406],[-107.26597365754485,48.177590776164024],[-107.26596637643445,48.177577529199446],[-107.26593833332889,48.17754679082668]],[[-107.26595279374322,48.17757330046787],[-107.26595337637994,48.177586722854436],[-107.26596637643445,48.177577529199446],[-107.26595279374322,48.17757330046787]]],[[[-107.26607464840698,48.177762945617566],[-107.26607567253808,48.177785282119395],[-107.26604317733427,48.17780381352495],[-107.26600975468455,48.177804445550855],[-107.26599675454932,48.17781363925331],[-107.26598341475672,48.17781390315979],[-107.26600246516705,48.17794303915364],[-107.26613576698604,48.17793596280352],[-107.26616244670413,48.177935434941766],[-107.26607464840698,48.177762945617566]]]]}"
000000000000000011d2,6824,0,0,0,"{""type"":""MultiPolygon"",""coordinates"":[[[[-107.2659048326949,48.17799857795604],[-107.26585123034862,48.17799514086165],[-107.26584105908825,48.17806685176462],[-107.26592085531435,48.17806077572541],[-107.2659048326949,48.17799857795604]]],[[[-107.26593833332889,48.17754679082668],[-107.26590920900902,48.1774938030154],[-107.2658974314428,48.17752975444478],[-107.2658925952907,48.17757002311108],[-107.26589923652244,48.177569934638825],[-107.2659196143172,48.177578425084086],[-107.26593373508128,48.1775960049847],[-107.26594731777547,48.177600233720725],[-107.26593833332889,48.17754679082668]]],[[[-107.26598341475672,48.17781390315979],[-107.26594325418249,48.17781018649741],[-107.26592379851405,48.177824048265215],[-107.26586941537691,48.177802767314645],[-107.26585630961961,48.1779593645327],[-107.26589632910559,48.177958572855765],[-107.26591011034866,48.17796722306102],[-107.26594934880326,48.17794858744081],[-107.26600246516705,48.17794303915364],[-107.26598341475672,48.17781390315979]],[[-107.26595033688338,48.177819012095895],[-107.26595067652784,48.17782794189303],[-107.26596367667314,48.17781874819406],[-107.26595033688338,48.177819012095895]]]]}"
000000000000000011d3,6825,0,0,0,"{""type"":""MultiPolygon"",""coordinates"":[[[[-107.26587925560051,48.17757028699927],[-107.2658925952907,48.17757002311108],[-107.2658974314428,48.17752975444478],[-107.26587925560051,48.17757028699927]]],[[[-107.26580291496055,48.17780850816162],[-107.26577525603824,48.177786770623364],[-107.26570126669216,48.17792668354158],[-107.26584296979453,48.17795962842122],[-107.26585630961961,48.1779593645327],[-107.26586941537691,48.177802767314645],[-107.26580291496055,48.17780850816162]]],[[[-107.26581101242404,48.17799151108006],[-107.26574485129278,48.17800618174425],[-107.26577983598474,48.17804123769748],[-107.26577445643319,48.17807260835205],[-107.26578823766867,48.17808125859368],[-107.26584105908825,48.17806685176462],[-107.26585123034862,48.17799514086165],[-107.26581101242404,48.17799151108006]]]]}"
000000000000000011cf,6826,0,0,0,"{""type"":""MultiPolygon"",""coordinates"":[[[[-107.26572209545212,48.177792247534214],[-107.26570875570624,48.17779251140122],[-107.26567421267478,48.17776636964957],[-107.26566077116729,48.17776664922886],[-107.2655660641681,48.17788914163178],[-107.26560744685368,48.17791961646529],[-107.26570126669216,48.17792668354158],[-107.26577525603824,48.177786770623364],[-107.26572209545212,48.177792247534214]]],[[[-107.26590178673727,48.17747604772719],[-107.26588160743488,48.17747197868947],[-107.26586840898247,48.17747675091654],[-107.2658244760262,48.17754016330949],[-107.26584485377121,48.177548653767076],[-107.26587255714206,48.177570462415204],[-107.26587925560051,48.17757028699927],[-107.2658974314428,48.17752975444478],[-107.26590920900902,48.1774938030154],[-107.26590886936951,48.17748487327457],[-107.26590178673727,48.17747604772719]]]]}"
000000000000000011d5,6827,0,0,0,"{""type"":""MultiPolygon"",""coordinates"":[[[[-107.2658030297725,48.17750926522181],[-107.26579677271921,48.17751835465839],[-107.2657836314795,48.1775230399334],[-107.26578407286499,48.177531953962415],[-107.2658244760262,48.17754016330949],[-107.26586840898247,48.17747675091654],[-107.2658030297725,48.17750926522181]]],[[[-107.26560037423121,48.17775895025684],[-107.26559979172798,48.17774552782092],[-107.26553915194381,48.177733336165005],[-107.26544420184536,48.17785133571803],[-107.26545778449983,48.1778555645448],[-107.26547166213773,48.17786865195245],[-107.26551168136191,48.177867860443875],[-107.2655660641681,48.17788914163178],[-107.26566077116729,48.17776664922886],[-107.26560037423121,48.17775895025684]]]]}"
000000000000000011b1,6828,0,0,0,"{""type"":""Polygon"",""coordinates"":[[[-107.26550539000009,48.177725038222874],[-107.2654645901001,48.177707985874406],[-107.26545027121816,48.177685984443904],[-107.26543693154912,48.17768624827068],[-107.26542359188187,48.17768651209555],[-107.26531608273658,48.17782261912756],[-107.26532292233243,48.177826952123795],[-107.26539026052134,48.1778389685566],[-107.26544420184536,48.17785133571803],[-107.26553915194381,48.177733336165005],[-107.26550539000009,48.177725038222874]]]}"
000000000000000011d1,6829,0,0,0,"{""type"":""Polygon"",""coordinates"":[[[-107.26541684888612,48.177686616253894],[-107.2653548461841,48.177643158242255],[-107.26534150654402,48.177643422054814],[-107.26531448777712,48.17763501990213],[-107.26530094978668,48.177630862295715],[-107.26520731799549,48.177780056477864],[-107.26525495731413,48.17780144196246],[-107.2653092431428,48.177818286131156],[-107.26531608273658,48.17782261912756],[-107.26542359188187,48.17768651209555],[-107.26541684888612,48.177686616253894]]]}"
000000000000000011b2,6830,0,0,0,"{""type"":""Polygon"",""coordinates"":[[[-107.26528736725338,48.177626633461685],[-107.26524656765628,48.17760958104467],[-107.26524578692735,48.17759173723128],[-107.26524534567439,48.17758282318632],[-107.26519120657086,48.1775660345535],[-107.26517024676541,48.17754412155584],[-107.26511620435653,48.177531770013736],[-107.26509544296506,48.177514278415934],[-107.26513392122688,48.17778155079092],[-107.26520061954629,48.17778023184738],[-107.26520731799549,48.177780056477864],[-107.26530094978668,48.177630862295715],[-107.26528736725338,48.177626633461685]]]}"
000000000000000011d0,6831,0,0,0,"{""type"":""Polygon"",""coordinates"":[[[-107.26509544296506,48.177514278415934],[-107.2650816621943,48.17750562815602],[-107.26505488653893,48.177501718575215],[-107.26504838648,48.17750631533521],[-107.26496652019316,48.177771397736095],[-107.26500003898525,48.17777520322919],[-107.26501406268852,48.17778834619714],[-107.26513392122688,48.17778155079092],[-107.26509544296506,48.177514278415934]]]}"
000000000000000011b5,6832,0,0,0,"{""type"":""Polygon"",""coordinates"":[[[-107.26499062718533,48.177561005906234],[-107.2649973701273,48.177560901779444],[-107.26498436998017,48.17757009530264],[-107.26494571415006,48.17760215279159],[-107.26494591246622,48.17760657420411],[-107.26493931584348,48.17760673383493],[-107.26481069984544,48.17772087147973],[-107.2648776406802,48.17772404541986],[-107.26489860033512,48.17774595855998],[-107.26491888123088,48.1777500121115],[-107.26493984093285,48.17777192525221],[-107.26496652019316,48.177771397736095],[-107.26504838648,48.17750631533521],[-107.26499062718533,48.177561005906234]]]}"
00000000000000001205,6833,0,0,0,"{""type"":""MultiPolygon"",""coordinates"":[[[[-107.264905311514,48.17759394305167],[-107.26491137042542,48.17758043224497],[-107.26488963028704,48.177540675371176],[-107.2646483800749,48.177674941750276],[-107.26473594083998,48.17769109917959],[-107.26479052077853,48.17771680218779],[-107.26481069984544,48.17772087147973],[-107.26493931584348,48.17760673383493],[-107.264905311514,48.17759394305167]]],[[[-107.26502102331479,48.17749343620529],[-107.26501364608822,48.17747575206172],[-107.26490277151458,48.177535990217294],[-107.2649227076622,48.177535566840156],[-107.26494571415006,48.17760215279159],[-107.264984127112,48.177565602667414],[-107.26498378769939,48.1775566729054],[-107.26499062718533,48.177561005906234],[-107.26504838648,48.17750631533521],[-107.26505488653893,48.177501718575215],[-107.26502102331479,48.17749343620529]]]]}"
000000000000000011b3,6834,0,0,0,"{""type"":""Polygon"",""coordinates"":[[[-107.265006122545,48.17745801241615],[-107.2646229363874,48.17755038703388],[-107.26453262419443,48.17762369518176],[-107.2646483800749,48.177674941750276],[-107.26488963028704,48.177540675371176],[-107.26488943197725,48.17753625396388],[-107.26490277151458,48.177535990217294],[-107.26501364608822,48.17747575206172],[-107.265006122545,48.17745801241615]]]}"
000000000000000011b6,6835,0,0,0,"{""type"":""Polygon"",""coordinates"":[[[-107.26499200241187,48.177440432409064],[-107.26494456214334,48.177423468318906],[-107.26490532420723,48.17744210332971],[-107.26486666848757,48.17747416070622],[-107.26484546614408,48.17744775504195],[-107.26483212664664,48.17744801877912],[-107.26481208878903,48.17744845785348],[-107.26475086807409,48.177422843369776],[-107.26471744622866,48.17742347492074],[-107.26463721115252,48.17742063580487],[-107.2646229363874,48.17755038703388],[-107.265006122545,48.17745801241615],[-107.26499200241187,48.177440432409064]]]}"
000000000000000011b4,6836,0,0,0,"{""type"":""Polygon"",""coordinates"":[[[-107.26460291242952,48.17739898643701],[-107.26457574790298,48.17739052859332],[-107.26443574245756,48.17754516471036],[-107.26449168426042,48.17760213406804],[-107.26453262419443,48.17762369518176],[-107.2646229363874,48.17755038703388],[-107.26463721115252,48.17742063580487],[-107.26460291242952,48.17739898643701]]]}"
00000000000000001213,6837,0,0,0,"{""type"":""Polygon"",""coordinates"":[[[-107.2645150132267,48.177373899218374],[-107.26450089343133,48.17735631915851],[-107.26433753812039,48.17743989214925],[-107.26435942380753,48.17747970459996],[-107.26443574245756,48.17754516471036],[-107.26457574790298,48.17739052859332],[-107.2645150132267,48.177373899218374]]]}"
000000000000000011c1,6838,0,0,0,"{""type"":""Polygon"",""coordinates"":[[[-107.26452186675998,48.1772263931023],[-107.26426747721786,48.17736534276213],[-107.26432991849529,48.1774177153349],[-107.26433753812039,48.17743989214925],[-107.26450089343133,48.17735631915851],[-107.26444504842192,48.17730378717144],[-107.26445682710782,48.1772678360459],[-107.26447802899352,48.177294241717554],[-107.2645312455334,48.17728867863587],[-107.26452992757048,48.17725748381446],[-107.2645287060999,48.17723072611263],[-107.26452186675998,48.1772263931023]]]}"
0000000000000000125c,6839,0,0,0,"{""type"":""Polygon"",""coordinates"":[[[-107.26451492564675,48.177222075809816],[-107.26450808631097,48.1772177427991],[-107.26450120243169,48.17721333856245],[-107.26449998098037,48.177186580882164],[-107.26444686637744,48.17719212821372],[-107.26445434502041,48.17720979659692],[-107.2644345056286,48.17721465696737],[-107.26443352702857,48.177192391890465],[-107.26418373806543,48.177282127340455],[-107.26418407728703,48.17729105706366],[-107.26423903972747,48.17732576117769],[-107.26426043967041,48.177356588326006],[-107.26426747721786,48.17736534276213],[-107.26452186675998,48.1772263931023],[-107.26451492564675,48.177222075809816]],[[-107.26444261090208,48.17724581890787],[-107.26443005187404,48.177263926297734],[-107.264462987862,48.17725430963135],[-107.26444261090208,48.17724581890787]],[[-107.2644421698413,48.1772369049128],[-107.26445526640265,48.17723214862443],[-107.26444818427272,48.17722332299933],[-107.2644421698413,48.1772369049128]],[[-107.26444261090208,48.17724581890787],[-107.2644421698413,48.1772369049128],[-107.26442233043576,48.17724176528358],[-107.26444261090208,48.17724581890787]]]}"
0000000000000000119b,6840,0,0,0,"{""type"":""GeometryCollection"",""geometries"":[{""type"":""LineString"",""coordinates"":[[-107.26442684030988,48.1771925092957],[-107.2644335123397,48.177192377799095]]},{""type"":""Polygon"",""coordinates"":[[[-107.26416503368401,48.17716192213251],[-107.26418017619315,48.177201838487896],[-107.26417547934724,48.177246615190015],[-107.2641835398394,48.17727770595126],[-107.26418373806543,48.177282127340455],[-107.2644267841945,48.17719249597418],[-107.26416503368401,48.17716192213251]]]}]}"
000000000000000011bd,6841,0,0,0,"{""type"":""Polygon"",""coordinates"":[[[-107.26443768601985,48.17713426415739],[-107.26443094319605,48.17713436824103],[-107.26443070039372,48.17712987563984],[-107.26418722915588,48.17705875421684],[-107.26418747192854,48.17706324681333],[-107.26416293581435,48.17711288369999],[-107.26415799620236,48.17715316772098],[-107.26416503368401,48.17716192213251],[-107.2644267841945,48.17719249597418],[-107.26442522351444,48.17715680860257],[-107.26443216459887,48.17716112589694],[-107.26444686637744,48.17719212821372],[-107.26449998098037,48.177186580882164],[-107.26450570062805,48.17716414050437],[-107.26451200238378,48.17715512243467],[-107.26443768601985,48.17713426415739]]]}"
000000000000000011b9,6842,0,0,0,"{""type"":""MultiPolygon"",""coordinates"":[[[[-107.26447643802815,48.17710664425613],[-107.2644707629225,48.17712915583346],[-107.26443768601985,48.17713426415739],[-107.26451200238378,48.17715512243467],[-107.26452509891654,48.17715036614487],[-107.26453159893538,48.177145769452366],[-107.26447643802815,48.17710664425613]]],[[[-107.26429062397551,48.176980849136335],[-107.26427806499757,48.17699895641408],[-107.26421190620252,48.1770136256864],[-107.26419958995888,48.177036225560244],[-107.26418722915588,48.17705875421684],[-107.26443070039372,48.17712987563984],[-107.26443036110943,48.17712094594639],[-107.26442992005008,48.177112031972335],[-107.26444213973147,48.177084994948885],[-107.26429062397551,48.176980849136335]]]]}"
000000000000000011c0,6843,0,0,0,"{""type"":""Polygon"",""coordinates"":[[[-107.26455021680718,48.17711415142701],[-107.26453361484623,48.17703853220243],[-107.26450571477342,48.177012301982884],[-107.26450449331053,48.176985544404936],[-107.26451691116543,48.17696292879992],[-107.2643022616429,48.17694038994655],[-107.26430313839722,48.176962670637934],[-107.26429062397551,48.176980849136335],[-107.26444213973147,48.177084994948885],[-107.26445425761987,48.1770579736561],[-107.2644733165607,48.17703526965752],[-107.26448015585835,48.177039602656684],[-107.26447643802815,48.17710664425613],[-107.26453159893538,48.177145769452366],[-107.26453790068308,48.1771367513843],[-107.26456443832859,48.177131715682115],[-107.26455021680718,48.17711415142701]]]}"
000000000000000011b0,6844,0,0,0,"{""type"":""Polygon"",""coordinates"":[[[-107.26428531571364,48.1768602940518],[-107.2642855584996,48.176864786630816],[-107.2643022616429,48.17694038994655],[-107.26451691116543,48.17696292879992],[-107.26454138955523,48.17691337891972],[-107.26455302695356,48.17687291975811],[-107.26455224654282,48.176855076180225],[-107.26428531571364,48.1768602940518]]]}"
000000000000000011af,6845,0,0,0,"{""type"":""Polygon"",""coordinates"":[[[-107.26453261951694,48.176712520233295],[-107.26450447685218,48.176681797607415],[-107.26451703562856,48.176663690414046],[-107.26450291606723,48.17664611058526],[-107.26450213567458,48.17662826708323],[-107.26428487468645,48.176851380120304],[-107.26428531571364,48.1768602940518],[-107.26455224654282,48.176855076180225],[-107.26455146613196,48.17683723260836],[-107.264550442902,48.1768148964689],[-107.26453261951694,48.176712520233295]]]}"
000000000000000011ba,6846,0,0,0,"{""type"":""Polygon"",""coordinates"":[[[-107.26448601428145,48.1765660864079],[-107.26447131265779,48.17653508446115],[-107.26447547141258,48.17647695745682],[-107.2644411736603,48.176455308393884],[-107.26444015048483,48.17643297241359],[-107.2644394666067,48.17641956601559],[-107.26441122775846,48.17638440649476],[-107.26439710835643,48.17636682673947],[-107.26437009098684,48.17635842448889],[-107.26436964993252,48.17634951064329],[-107.2643688695966,48.17633166723908],[-107.26434766829324,48.17630526201042],[-107.26431605101118,48.176346072712256],[-107.26428917471573,48.17634217869256],[-107.26427314077694,48.176431819019015],[-107.26431359897941,48.17643994194395],[-107.26432180051347,48.176475540480666],[-107.26426820144466,48.17647210251842],[-107.26424781001566,48.176615448829644],[-107.26424937055293,48.17665113584149],[-107.26424253136666,48.176646802854975],[-107.26421089846382,48.17683945141063],[-107.26428477821938,48.17684694305019],[-107.26450213567458,48.17662826708323],[-107.26448601428145,48.1765660864079]],[[-107.26442817387128,48.17646450163997],[-107.26436671243651,48.1764343947943],[-107.26436021254273,48.176438991410485],[-107.26433431472874,48.17645736215758],[-107.26442817387128,48.17646450163997]]]}"
000000000000000011bc,6847,0,0,0,"{""type"":""Polygon"",""coordinates"":[[[-107.26425585578149,48.17634279432355],[-107.2642017194729,48.176326005456474],[-107.26417504146964,48.17632653271369],[-107.26407672648068,48.17682424412914],[-107.26409050662629,48.17683289443743],[-107.26421089846382,48.17683945141063],[-107.26424253136666,48.176646802854975],[-107.26419489458179,48.17662541727181],[-107.26416777536359,48.176617030642454],[-107.26416011142838,48.17659478292954],[-107.26424038880785,48.176597693681664],[-107.26424781001566,48.176615448829644],[-107.26426820144466,48.17647210251842],[-107.26422134510501,48.17646856046175],[-107.26422604170342,48.17642378442415],[-107.26423254160122,48.17641918781828],[-107.26427314077694,48.176431819019015],[-107.26428917471573,48.17634217869256],[-107.26425585578149,48.17634279432355]]]}"
000000000000000011bb,6848,0,0,0,"{""type"":""Polygon"",""coordinates"":[[[-107.26414162081747,48.176327164020776],[-107.26410452643782,48.176394907232606],[-107.2640737336204,48.17645363260102],[-107.26409401354836,48.17645768625204],[-107.26407437281937,48.17646696778871],[-107.26406923505652,48.17650282998546],[-107.26405609422511,48.1765075149234],[-107.26402574220354,48.176575154292024],[-107.26404611862125,48.17658364500978],[-107.26407357695687,48.17660096127761],[-107.26401352248183,48.17660219100213],[-107.26400780268979,48.176624631115196],[-107.26401474360027,48.17662894840059],[-107.26400140451537,48.17662921200777],[-107.26393503196846,48.1767912971335],[-107.26404902523124,48.17680243521748],[-107.26407672648068,48.17682424412914],[-107.26417504146964,48.17632653271369],[-107.26414162081747,48.176327164020776]]]}"
0000000000000000119c,6849,0,0,0,"{""type"":""MultiPolygon"",""coordinates"":[[[[-107.26405351093058,48.17644949200359],[-107.2640737336204,48.17645363260102],[-107.26410452643782,48.176394907232606],[-107.26405351093058,48.17644949200359]]],[[[-107.26398401840704,48.176540202630655],[-107.26399154123558,48.17655794206577],[-107.26398523950637,48.176566959998524],[-107.26402574220354,48.176575154292024],[-107.26405609422511,48.1765075149234],[-107.26398401840704,48.176540202630655]]],[[[-107.26399432262936,48.176620386443886],[-107.26400780268979,48.176624631115196],[-107.26401352248183,48.17660219100213],[-107.26399334427694,48.17659812160705],[-107.26394682712423,48.176603509016275],[-107.26392640619784,48.17659494704811],[-107.2638058969817,48.17674024280366],[-107.26392843556101,48.176791456686914],[-107.26393503196846,48.1767912971335],[-107.26400140451537,48.17662921200777],[-107.26398816186567,48.17663391266603],[-107.26399432262936,48.176620386443886]],[[-107.26395488732024,48.17663459942514],[-107.2639752637368,48.176643090167545],[-107.26398816186567,48.17663391266603],[-107.26395488732024,48.17663459942514]]]]}"
0000000000000000119f,6850,0,0,0,"{""type"":""MultiPolygon"",""coordinates"":[[[[-107.26412828182305,48.17632742764178],[-107.26402821080788,48.1763294482098],[-107.26392598152617,48.17643419624656],[-107.26393345976243,48.17645186442677],[-107.26397293941272,48.17643772273368],[-107.26402663466787,48.176445597901925],[-107.26405351093058,48.17644949200359],[-107.26410452643782,48.176394907232606],[-107.26414162081747,48.176327164020776],[-107.26412828182305,48.17632742764178]]],[[[-107.2639197080527,48.1765951223166],[-107.26389264623116,48.17658664866773],[-107.26386552720021,48.17657826195439],[-107.26385218815471,48.176578525539576],[-107.26382453181824,48.17655678788057],[-107.26381769273024,48.17655245486903],[-107.26367104253637,48.17671162847107],[-107.26373211970169,48.17673273507589],[-107.2638058969817,48.17674024280366],[-107.26392640619784,48.17659494704811],[-107.2639197080527,48.1765951223166]]]]}"
0000000000000000119e,6851,0,0,0,"{""type"":""MultiPolygon"",""coordinates"":[[[[-107.26401462907313,48.176325219279775],[-107.26396879596423,48.17634401304597],[-107.2639481769602,48.17633102981053],[-107.26394221444487,48.1763489772664],[-107.26390288121002,48.17636317442842],[-107.26392598152617,48.17643419624656],[-107.26402821080788,48.1763294482098],[-107.26401462907313,48.176325219279775]]],[[[-107.26380411097253,48.176548225891935],[-107.26378471291045,48.17656199994274],[-107.26375177762876,48.17657161623226],[-107.26366422084278,48.17655545814725],[-107.2635549085121,48.17665138067321],[-107.26357552745431,48.17666436407356],[-107.26359614641521,48.17667734747219],[-107.26363048808571,48.176699068169576],[-107.26365760707768,48.17670745496951],[-107.26367104253637,48.17671162847107],[-107.26381769273024,48.17655245486903],[-107.26380411097253,48.176548225891935]]]]}"
000000000000000011be,6852,0,0,0,"{""type"":""Polygon"",""coordinates"":[[[-107.26365063912478,48.17655122914717],[-107.26360950306216,48.17652524671518],[-107.26358116341851,48.1764901025717],[-107.26357432438897,48.17648576954683],[-107.26345851219219,48.17658628841094],[-107.26351367068375,48.17662541386739],[-107.2635478713065,48.17664262629469],[-107.2635549085121,48.17665138067321],[-107.26366422084278,48.17655545814725],[-107.26365063912478,48.17655122914717]]]}"
0000000000000000119a,6853,0,0,0,"{""type"":""Polygon"",""coordinates"":[[[-107.26356748536149,48.17648143652177],[-107.26355336645967,48.17646385659734],[-107.26352624769495,48.17645546980092],[-107.26349214902629,48.17643824170577],[-107.26334237915928,48.17652604047398],[-107.26338341855173,48.17654758598015],[-107.26340417824663,48.17656507767067],[-107.26345851219219,48.17658628841094],[-107.26357432438897,48.17648576954683],[-107.26356748536149,48.17648143652177]]]}"
000000000000000011ac,6854,0,0,0,"{""type"":""Polygon"",""coordinates"":[[[-107.26344441155561,48.17641687152379],[-107.26338949614468,48.176382238714936],[-107.26326548360394,48.176447158497446],[-107.26328668395237,48.176473564060366],[-107.26332772323214,48.17649510957176],[-107.26334237915928,48.17652604047398],[-107.26349214902629,48.17643824170577],[-107.26344441155561,48.17641687152379]]]}"
000000000000000011a6,6855,0,0,0,"{""type"":""Polygon"",""coordinates"":[[[-107.26336179581426,48.1763604297644],[-107.26336101597136,48.17634258633581],[-107.263332778535,48.17630742651321],[-107.26319498659218,48.17636369575217],[-107.2632161868323,48.176390101291624],[-107.26323030549693,48.176407681247085],[-107.26325150579241,48.17643408679936],[-107.26326548360394,48.176447158497446],[-107.26338949614468,48.176382238714936],[-107.26336179581426,48.1763604297644]]]}"
000000000000000011ab,6856,0,0,0,"{""type"":""Polygon"",""coordinates"":[[[-107.26331865983893,48.176289846607034],[-107.26329037794928,48.17625461557979],[-107.2632765983138,48.176245965238536],[-107.26326956126263,48.176237210902976],[-107.2631443286945,48.176275373080635],[-107.26317383092676,48.17633736144569],[-107.26319498659218,48.17636369575217],[-107.263332778535,48.17630742651321],[-107.26331865983893,48.176289846607034]]]}"
00000000000000001197,6857,0,0,0,"{""type"":""Polygon"",""coordinates"":[[[-107.26325564075054,48.17622405231438],[-107.26326092007722,48.17619269857745],[-107.26323288098502,48.17616196011961],[-107.26306083795252,48.17619665078137],[-107.26305433803672,48.17620124728897],[-107.2630474991586,48.176196914246454],[-107.26294166482502,48.17622130230972],[-107.26294200375996,48.17623023186499],[-107.26302975686632,48.176250811862595],[-107.26305589743058,48.17623693406895],[-107.26307471381492,48.17620973816896],[-107.26313729168005,48.176266618729564],[-107.2631443286945,48.176275373080635],[-107.26326956126263,48.176237210902976],[-107.26325564075054,48.17622405231438]]]}"
000000000000000011ad,6858,0,0,0,"{""type"":""Polygon"",""coordinates"":[[[-107.2632279596101,48.17605040751045],[-107.26322776149142,48.17604598621981],[-107.26290590583201,48.17616840301781],[-107.26291992791835,48.176181545932316],[-107.26294166482502,48.17622130230972],[-107.2630474991586,48.176196914246454],[-107.2630394398608,48.1761658239966],[-107.26308023592124,48.17618287697463],[-107.26306083795252,48.17619665078137],[-107.26323288098502,48.17616196011961],[-107.2632326828665,48.17615753881962],[-107.26323234385949,48.176148609279515],[-107.26323112329531,48.17612185210073],[-107.26324915972562,48.17607681288894],[-107.2632279596101,48.17605040751045]]]}"
0000000000000000119d,6859,0,0,0,"{""type"":""Polygon"",""coordinates"":[[[-107.26317304504026,48.176015774797065],[-107.26315926553303,48.17600712447489],[-107.26309257185238,48.176008441838086],[-107.26306453307555,48.17597770343044],[-107.2629491053642,48.17608722144171],[-107.26295682562761,48.176109382119066],[-107.2629362073322,48.176096398706036],[-107.26287825062231,48.176146665226625],[-107.26288519123032,48.176150982562255],[-107.26290590583201,48.17616840301781],[-107.26322776149142,48.17604598621981],[-107.26322742248388,48.17603705669858],[-107.26317304504026,48.176015774797065]]]}"
00000000000000001198,6860,0,0,0,"{""type"":""MultiPolygon"",""coordinates"":[[[[-107.26305055552574,48.17596463181281],[-107.26301679664344,48.175956333196055],[-107.26300917813222,48.17593415687239],[-107.26287788752569,48.17598582873573],[-107.26292688326568,48.17603848013215],[-107.2629491053642,48.17608722144171],[-107.26306453307555,48.17597770343044],[-107.26305055552574,48.17596463181281]]],[[[-107.26292932395428,48.17609199443759],[-107.26291510381309,48.176074430251475],[-107.2629014261563,48.1760657641648],[-107.26283195309,48.17600463754272],[-107.26273339887557,48.176042272126004],[-107.26278845911357,48.17607696063403],[-107.26283023251099,48.176116278351635],[-107.26287825062231,48.176146665226625],[-107.2629362073322,48.176096398706036],[-107.26292932395428,48.17609199443759]]]]}"
000000000000000011a8,6861,0,0,0,"{""type"":""MultiPolygon"",""coordinates"":[[[[-107.26298753759332,48.17589883772052],[-107.26299301514742,48.17587190546506],[-107.262813892331,48.17589776992278],[-107.26281433301028,48.17590668370869],[-107.26287118956425,48.175986003924365],[-107.26287788752569,48.17598582873573],[-107.26300917813222,48.17593415687239],[-107.26300873740558,48.17592524308393],[-107.26298753759332,48.17589883772052]]],[[[-107.26280425351818,48.175982828568195],[-107.2627010221737,48.17591340323555],[-107.26260823316741,48.17592866907938],[-107.2626494692224,48.175954635976126],[-107.26267066874209,48.175981041449546],[-107.2626910442296,48.1759895323829],[-107.26272680268488,48.176042431589096],[-107.26273339887557,48.176042272126004],[-107.26283195309,48.17600463754272],[-107.26280425351818,48.175982828568195]]]]}"
000000000000000011a5,6862,0,0,0,"{""type"":""MultiPolygon"",""coordinates"":[[[[-107.2626665285703,48.17588733243391],[-107.26266594710567,48.17587391043013],[-107.26257413573268,48.17591144079891],[-107.26260823316741,48.17592866907938],[-107.2627010221737,48.17591340323555],[-107.2626665285703,48.17588733243391]]],[[[-107.26297152096886,48.175836641858886],[-107.26294201945251,48.175774654001984],[-107.26293473995887,48.17576140722259],[-107.26277095617216,48.175831608368526],[-107.26281189247517,48.17585316958446],[-107.2628126720635,48.1758710128584],[-107.262813892331,48.17589776992278],[-107.26299301514742,48.17587190546506],[-107.2629929188265,48.17586746847233],[-107.26297152096886,48.175836641858886]]]]}"
000000000000000011a2,6863,0,0,0,"{""type"":""MultiPolygon"",""coordinates"":[[[[-107.26265202702416,48.175860751833724],[-107.26263824777226,48.17585210145571],[-107.26261807042712,48.1758480318076],[-107.26255371579991,48.175902878625884],[-107.26257413573268,48.17591144079891],[-107.26266594710567,48.17587391043013],[-107.26266570451408,48.17586941792649],[-107.26265202702416,48.175860751833724]]],[[[-107.2629279011795,48.17575707420517],[-107.26290044431262,48.17573975784944],[-107.26288608345767,48.175717685567754],[-107.26281807391112,48.175687808764174],[-107.2628047353347,48.17568807218746],[-107.2626884841105,48.17577967479441],[-107.2627022633567,48.17578832515348],[-107.26271594084109,48.17579699122733],[-107.26272972010392,48.17580564158488],[-107.26277095617216,48.175831608368526],[-107.26293473995887,48.17576140722259],[-107.2629279011795,48.17575707420517]]]]}"
000000000000000011aa,6864,0,0,0,"{""type"":""MultiPolygon"",""coordinates"":[[[[-107.26261123169401,48.175843698759344],[-107.26259745246382,48.17583504837772],[-107.26257077526958,48.175835575163646],[-107.26255723863626,48.1758314172777],[-107.26253309784546,48.17588989516845],[-107.26255371579991,48.175902878625884],[-107.26261807042712,48.1758480318076],[-107.26261123169401,48.175843698759344]]],[[[-107.26273735921468,48.17567598303876],[-107.2626693054341,48.175646034921044],[-107.26265596689385,48.17564629832253],[-107.26264252658575,48.17564657743754],[-107.26259389389928,48.175754761585175],[-107.2626072324697,48.175754498191004],[-107.26263435025305,48.17576288516048],[-107.26267480664265,48.175771008719074],[-107.2626884841105,48.17577967479441],[-107.2628047353347,48.17568807218746],[-107.26273735921468,48.17567598303876]]]]}"
000000000000000011a3,6865,0,0,0,"{""type"":""MultiPolygon"",""coordinates"":[[[[-107.2626291880491,48.17564684083522],[-107.26258257633955,48.17564779046681],[-107.26253581834305,48.17564868456582],[-107.26252214097924,48.17564001848761],[-107.26250880246207,48.175640281868034],[-107.26250186201624,48.17563596454288],[-107.26246006769934,48.17574848165804],[-107.26247350801832,48.17574820256777],[-107.26259389389928,48.175754761585175],[-107.26264252658575,48.17564657743754],[-107.2626291880491,48.17564684083522]]],[[[-107.2625025234385,48.175801205563864],[-107.26247540569783,48.17579281854998],[-107.26246026572704,48.175752902927634],[-107.26242966953734,48.17581604836422],[-107.26246362597024,48.175828768453435],[-107.26249108256096,48.175846084970345],[-107.26251820034756,48.17585447198711],[-107.2625195612029,48.175885737273155],[-107.26253309784546,48.17588989516845],[-107.26255723863626,48.1758314172777],[-107.2625025234385,48.175801205563864]]]]}"
000000000000000011a9,6866,0,0,0,"{""type"":""Polygon"",""coordinates"":[[[-107.26248750149583,48.17561389223651],[-107.26246834632325,48.17563215825325],[-107.26244122872006,48.17562377125311],[-107.26244044930631,48.17560592805536],[-107.26243966989243,48.17558808486365],[-107.26241299292067,48.17558861159762],[-107.26238549202941,48.175571223912165],[-107.26231510048207,48.175791486436744],[-107.26232868157648,48.17579571558069],[-107.26240924972103,48.17580748617298],[-107.26242966953734,48.17581604836422],[-107.26246026572704,48.175752902927634],[-107.26246006769934,48.17574848165804],[-107.26250186201624,48.17563596454288],[-107.26248750149583,48.17561389223651]]]}"
000000000000000011a4,6867,0,0,0,"{""type"":""Polygon"",""coordinates"":[[[-107.26237865338882,48.17556689086774],[-107.26235119707793,48.17554957440324],[-107.26225210738028,48.17557385742648],[-107.26217927552466,48.17574060583239],[-107.2622197315851,48.17574872958769],[-107.26226780565635,48.17577902964847],[-107.26230151939279,48.175787257291105],[-107.26231510048207,48.175791486436744],[-107.26238549202941,48.175571223912165],[-107.26237865338882,48.17556689086774]]]}"
00000000000000001199,6868,0,0,0,"{""type"":""Polygon"",""coordinates"":[[[-107.26223798960908,48.1755562775824],[-107.26221737201759,48.17554329413328],[-107.26217163615091,48.17556652370721],[-107.26215785718693,48.17555787330119],[-107.26202939069162,48.17567205821491],[-107.26203622928286,48.17567639129411],[-107.2620699873281,48.175684690232906],[-107.26213237685545,48.17573699152412],[-107.26217927552466,48.17574060583239],[-107.2622522481533,48.17557836562221],[-107.26225210738028,48.17557385742648],[-107.26225166683436,48.17556494369086],[-107.26223798960908,48.1755562775824]]]}"
000000000000000011da,6869,0,0,0,"{""type"":""Polygon"",""coordinates"":[[[-107.26211042203045,48.175540908286266],[-107.2620827679613,48.17551917049559],[-107.26206865031509,48.17550159064167],[-107.26193241985129,48.17559354351634],[-107.26193925841032,48.17559787659683],[-107.26196103829011,48.17563770402102],[-107.26199499422795,48.17565042424556],[-107.26202939069162,48.17567205821491],[-107.26215785718693,48.17555787330119],[-107.26211042203045,48.175540908286266]]]}"
0000000000000000117e,6870,0,0,0,"{""type"":""Polygon"",""coordinates"":[[[-107.26204037052892,48.17546635971933],[-107.2620130552937,48.17545355136882],[-107.26201271657342,48.17544462193632],[-107.26182841303132,48.17550627448965],[-107.26184311169693,48.17553727631143],[-107.26186978846981,48.175536749741404],[-107.26188390600223,48.175554329639176],[-107.26193241985129,48.17559354351634],[-107.26206865031509,48.17550159064167],[-107.26204037052892,48.17546635971933]]]}"
0000000000000000117d,6871,0,0,0,"{""type"":""Polygon"",""coordinates"":[[[-107.26196968089786,48.17537847624965],[-107.26196954015784,48.17537396806975],[-107.26178406200093,48.175408934811095],[-107.26178425994904,48.17541335605563],[-107.26178484109938,48.175426777955515],[-107.26180681864508,48.175471026542034],[-107.26182841303132,48.17550627448965],[-107.26201271657342,48.17544462193632],[-107.26196968089786,48.17537847624965]]]}"
0000000000000000118d,6872,0,0,0,"{""type"":""Polygon"",""coordinates"":[[[-107.26195220412687,48.175285031527046],[-107.26177992402138,48.17531522671811],[-107.26178773955442,48.17534182414113],[-107.26178348085048,48.17539551291575],[-107.26178406200093,48.175408934811095],[-107.26196954015784,48.17537396806975],[-107.26196890170769,48.17536063312539],[-107.26196754129784,48.17532936813152],[-107.26195220412687,48.175285031527046]]]}"
00000000000000001195,6873,0,0,0,"{""type"":""Polygon"",""coordinates"":[[[-107.26193794590345,48.17526294355738],[-107.26193750543048,48.17525402987101],[-107.26192338796373,48.17523645007956],[-107.26190883004519,48.17520995661229],[-107.26190849134655,48.17520102722012],[-107.26175604974677,48.17522636267708],[-107.26176308615536,48.175235116972104],[-107.26177992402138,48.17531522671811],[-107.26195220412687,48.175285031527046],[-107.26193794590345,48.17526294355738]]]}"
00000000000000001191,6874,0,0,0,"{""type"":""Polygon"",""coordinates"":[[[-107.26189437391567,48.17518344744115],[-107.261865117455,48.17512595240037],[-107.26186453626867,48.17511253057844],[-107.26169239778294,48.175147233651636],[-107.26170695549197,48.17517372712552],[-107.26175604974677,48.17522636267708],[-107.26190849134655,48.17520102722012],[-107.26189437391567,48.17518344744115]]]}"
00000000000000001194,6875,0,0,0,"{""type"":""Polygon"",""coordinates"":[[[-107.26184919930118,48.17506819413463],[-107.26183406032429,48.175028278936715],[-107.26166178156214,48.17505847373467],[-107.26166861997685,48.17506280679413],[-107.26168991989083,48.175089196358314],[-107.26169205913614,48.175138304267996],[-107.26169239778294,48.175147233651636],[-107.26186453626867,48.17511253057844],[-107.26186409581175,48.17510361691675],[-107.26184919930118,48.17506819413463]]]}"
00000000000000001192,6876,0,0,0,"{""type"":""Polygon"",""coordinates"":[[[-107.26181760561498,48.174957170211925],[-107.26181702444252,48.17494374843231],[-107.26181658399506,48.174934834798684],[-107.26157839397302,48.17498418870849],[-107.2616062896909,48.175010418880646],[-107.26164732569661,48.175031964595775],[-107.26166178156214,48.17505847373467],[-107.26183406032429,48.175028278936715],[-107.26181760561498,48.174957170211925]]]}"
0000000000000000118c,6877,0,0,0,"{""type"":""Polygon"",""coordinates"":[[[-107.26178229014239,48.17491318531986],[-107.2617605553792,48.17487342961161],[-107.26173993841891,48.17486044621202],[-107.26172557872574,48.17483837409524],[-107.26156877818126,48.17491741304119],[-107.26160351222644,48.17494797623981],[-107.26157819604691,48.17497976749895],[-107.26157839397302,48.17498418870849],[-107.26181658399506,48.174934834798684],[-107.26178229014239,48.17491318531986]]]}"
00000000000000001193,6878,0,0,0,"{""type"":""Polygon"",""coordinates"":[[[-107.26170160301834,48.17474952654977],[-107.26168162451361,48.17474987795637],[-107.26162861085123,48.17475986025564],[-107.26149970612985,48.17486512905373],[-107.26152716130959,48.17488244556574],[-107.26156193981085,48.17491307998544],[-107.26156877818126,48.17491741304119],[-107.26172557872574,48.17483837409524],[-107.26170418272748,48.17480754775362],[-107.26173677751143,48.174789003210876],[-107.26170160301834,48.17474952654977]]]}"
0000000000000000117a,6879,0,0,0,"{""type"":""Polygon"",""coordinates"":[[[-107.26146733475888,48.174736262488196],[-107.26146083503582,48.174740858755726],[-107.26146239295447,48.174776544610864],[-107.26146307576657,48.174789950639465],[-107.26146385472566,48.17480779358062],[-107.26147908932516,48.174852145596205],[-107.26149970612985,48.17486512905373],[-107.26162861085123,48.17475986025564],[-107.26146733475888,48.174736262488196]]]}"
00000000000000001188,6880,0,0,0,"{""type"":""Polygon"",""coordinates"":[[[-107.26153618933762,48.17463222200971],[-107.26150995368633,48.174641662044884],[-107.26149817363128,48.17467761105351],[-107.26146733475888,48.174736262488196],[-107.26162861085123,48.17475986025564],[-107.26168162451361,48.17474987795637],[-107.26153618933762,48.17463222200971]]]}"
00000000000000001186,6881,0,0,0,"{""type"":""Polygon"",""coordinates"":[[[-107.26164725398452,48.1745764124332],[-107.26159434235149,48.174586378960065],[-107.26153618933762,48.17463222200971],[-107.26168162451361,48.17474987795637],[-107.26170160301834,48.17474952654977],[-107.26170146230581,48.17474501842255],[-107.26169970620887,48.17470491141277],[-107.2617377217861,48.17465952226893],[-107.26164725398452,48.1745764124332]]]}"
0000000000000000118a,6882,0,0,0,"{""type"":""Polygon"",""coordinates"":[[[-107.26177145848231,48.174515918365195],[-107.26172558317799,48.174534639132624],[-107.26170676706433,48.174561833897556],[-107.26164725398452,48.1745764124332],[-107.2617377217861,48.17465952226893],[-107.26175047868661,48.17464583730761],[-107.26177715479196,48.17464531078915],[-107.26181683027843,48.174635591700124],[-107.26185000607897,48.174630468879805],[-107.26177145848231,48.174515918365195]]]}"
00000000000000001185,6883,0,0,0,"{""type"":""Polygon"",""coordinates"":[[[-107.26191066088103,48.174490830864535],[-107.26189058070499,48.174491198024704],[-107.2618305310402,48.174492426212375],[-107.26178465576555,48.174511146998945],[-107.26177145848231,48.174515918365195],[-107.26185000607897,48.174630468879805],[-107.26185640399522,48.174625888310764],[-107.26186940335668,48.174616695744284],[-107.26188274141487,48.17461643246945],[-107.26196184984755,48.1745925018022],[-107.26191066088103,48.174490830864535]]]}"
0000000000000000118b,6884,0,0,0,"{""type"":""Polygon"",""coordinates"":[[[-107.26203651973235,48.174470459062476],[-107.26201008619782,48.17447547803798],[-107.26191066088103,48.174490830864535],[-107.26196184984755,48.1745925018022],[-107.2619815858129,48.17458765794081],[-107.26202164454634,48.17458693928747],[-107.26208717234998,48.174558779429994],[-107.26209367200694,48.174554183137595],[-107.26203651973235,48.174470459062476]]]}"
00000000000000001190,6885,0,0,0,"{""type"":""Polygon"",""coordinates"":[[[-107.26214806881323,48.17442363385968],[-107.26213482701817,48.17442833404402],[-107.26213429025479,48.17441498362746],[-107.26213351095683,48.17439714083323],[-107.26209427619571,48.17441577354528],[-107.26209559222261,48.17444696676851],[-107.26203651973235,48.174470459062476],[-107.26209367200694,48.174554183137595],[-107.26215298717344,48.17453518315991],[-107.2621924200668,48.1745209715459],[-107.26221215601406,48.17451612764414],[-107.26214806881323,48.17442363385968]]]}"
00000000000000001183,6886,0,0,0,"{""type"":""Polygon"",""coordinates"":[[[-107.2622793090836,48.17437189344894],[-107.262266213608,48.174376649154986],[-107.26225399373386,48.17440368451799],[-107.26221397963596,48.17440447448653],[-107.26214806881323,48.17442363385968],[-107.26221215601406,48.17451612764414],[-107.26221865565665,48.17451153134736],[-107.26224533179844,48.17451100469921],[-107.26228500722323,48.17450128544298],[-107.26232458087838,48.17449158188689],[-107.2622793090836,48.17437189344894]]]}"
00000000000000001180,6887,0,0,0,"{""type"":""Polygon"",""coordinates"":[[[-107.26241885021709,48.17435573452515],[-107.26239847571118,48.174347243772154],[-107.26234580122022,48.174366155626885],[-107.26230578712367,48.17436694563311],[-107.2622793090836,48.17437189344894],[-107.26232458087838,48.17449158188689],[-107.26237133731082,48.17449068795006],[-107.26242435082266,48.17448070529536],[-107.2624576674322,48.17448009038076],[-107.26241885021709,48.17435573452515]]]}"
0000000000000000118f,6888,0,0,0,"{""type"":""Polygon"",""coordinates"":[[[-107.26255203267381,48.174348679793546],[-107.262532296787,48.17435352374828],[-107.26246550475935,48.1743548562626],[-107.26242549062397,48.17435564631954],[-107.26241885021709,48.17435573452515],[-107.2624576674322,48.17448009038076],[-107.26248434361932,48.174479563665344],[-107.26253735715163,48.17446958094983],[-107.26256403335384,48.17446905421199],[-107.26258406912429,48.17446861568461],[-107.26259070956324,48.174468527466566],[-107.26255203267381,48.174348679793546]]]}"
000000000000000011a7,6889,0,0,0,"{""type"":""Polygon"",""coordinates"":[[[-107.26263764026532,48.1743201524],[-107.26258486950839,48.17433462751069],[-107.26255203267381,48.174348679793546],[-107.26259070956324,48.174468527466566],[-107.26272272961707,48.17443462919036],[-107.2627422284173,48.17442084022073],[-107.26263764026532,48.1743201524]]]}"
000000000000000011a1,6890,0,0,0,"{""type"":""Polygon"",""coordinates"":[[[-107.26273594711559,48.17427802689703],[-107.26270335294033,48.17429657158396],[-107.26269035378404,48.17430576420238],[-107.26263764026532,48.1743201524],[-107.2627422284173,48.17442084022073],[-107.26281419825867,48.17438817058128],[-107.2628593509582,48.1743515196482],[-107.26273594711559,48.17427802689703]]]}"
000000000000000011a0,6891,0,0,0,"{""type"":""Polygon"",""coordinates"":[[[-107.26282677656206,48.1742182337824],[-107.26280107817391,48.17424102444896],[-107.26273594711559,48.17427802689703],[-107.2628593509582,48.1743515196482],[-107.26290464445184,48.174319376805975],[-107.2629376221238,48.17430983249496],[-107.26296977554178,48.17428237421363],[-107.26282677656206,48.1742182337824]]]}"
0000000000000000117f,6892,0,0,0,"{""type"":""Polygon"",""coordinates"":[[[-107.26288346510383,48.17414114180766],[-107.26287168640484,48.17417709060926],[-107.26285233406591,48.17419093504499],[-107.26282677656206,48.1742182337824],[-107.26296977554178,48.17428237421363],[-107.2629827746608,48.17427318156239],[-107.26302636764798,48.17420084521111],[-107.26303242643529,48.1741873353953],[-107.26288346510383,48.17414114180766]]]}"
00000000000000001181,6893,0,0,0,"{""type"":""Polygon"",""coordinates"":[[[-107.26288660331053,48.174060682451675],[-107.26288054450549,48.17407419222627],[-107.26288952392143,48.174127632015406],[-107.26288346510383,48.17414114180766],[-107.26303242643529,48.1741873353953],[-107.26305710230076,48.174142209648565],[-107.26307504135171,48.174092735343514],[-107.26288660331053,48.174060682451675]]]}"
000000000000000011b7,6894,0,0,0,"{""type"":""Polygon"",""coordinates"":[[[-107.26292315957683,48.17397959244093],[-107.26292393927262,48.173997435077375],[-107.26288660331053,48.174060682451675],[-107.26307504135171,48.174092735343514],[-107.26309869466634,48.174025274675984],[-107.26311125289953,48.17400716859233],[-107.2631109138887,48.17399823941596],[-107.26292315957683,48.17397959244093]]]}"
00000000000000001163,6895,0,0,0,"{""type"":""Polygon"",""coordinates"":[[[-107.26293919486413,48.1738899564736],[-107.26292687925213,48.173912554829656],[-107.26293391581166,48.173921308816944],[-107.2629146599556,48.173939590024204],[-107.26292315957683,48.17397959244093],[-107.2631109138887,48.17399823941596],[-107.26311346989573,48.17390435878937],[-107.26293919486413,48.1738899564736]]]}"
0000000000000000116b,6896,0,0,0,"{""type"":""Polygon"",""coordinates"":[[[-107.2629483916088,48.17379598779509],[-107.26295767096894,48.173853832686405],[-107.26293919486413,48.1738899564736],[-107.26311346989573,48.17390435878937],[-107.26311874880344,48.1738730064499],[-107.26313164598864,48.173863829569406],[-107.26314328344229,48.17382337291662],[-107.2629483916088,48.17379598779509]]]}"
00000000000000001169,6897,0,0,0,"{""type"":""Polygon"",""coordinates"":[[[-107.26302496112842,48.173714107909646],[-107.26301865978589,48.1737231252829],[-107.26299960217283,48.173745827533224],[-107.2629483916088,48.17379598779509],[-107.26314328344229,48.17382337291662],[-107.26316659740108,48.17374698345196],[-107.2631728987228,48.17373796606545],[-107.26302496112842,48.173714107909646]]]}"
0000000000000000115f,6898,0,0,0,"{""type"":""Polygon"",""coordinates"":[[[-107.26305433387596,48.17362420895905],[-107.26304377606196,48.1736869133534],[-107.26302496112842,48.173714107909646],[-107.2631728987228,48.17373796606545],[-107.26319821303467,48.1737061751817],[-107.26321604989145,48.17365671698553],[-107.26305433387596,48.17362420895905]]]}"
00000000000000001168,6899,0,0,0,"{""type"":""Polygon"",""coordinates"":[[[-107.26309734419445,48.17353845208914],[-107.26309758685312,48.17354294439143],[-107.2630531705644,48.173597366121186],[-107.26305433387596,48.17362420895905],[-107.26321604989145,48.17365671698553],[-107.26325260508571,48.17357562749768],[-107.26325236240808,48.17357113519347],[-107.26309734419445,48.17353845208914]]]}"
00000000000000001162,6900,0,0,0,"{""type"":""Polygon"",""coordinates"":[[[-107.26312012085167,48.17344871289554],[-107.26309734419445,48.17353845208914],[-107.26325236240808,48.17357113519347],[-107.26326492041181,48.17355302925145],[-107.26328867475196,48.17348555353093],[-107.26312012085167,48.17344871289554]]]}"
0000000000000000116d,6901,0,0,0,"{""type"":""Polygon"",""coordinates"":[[[-107.26317660950222,48.173367200851246],[-107.26317680763316,48.17337162191711],[-107.26317738933926,48.17338504327487],[-107.26317772837585,48.17339397234651],[-107.26316483137035,48.17340314914687],[-107.2631525160562,48.173425747315726],[-107.26311987818967,48.173444220601425],[-107.26312012085167,48.17344871289554],[-107.26328867475196,48.17348555353093],[-107.26328847660827,48.17348113245606],[-107.2633012327099,48.173467447614705],[-107.26332566506782,48.173417830144935],[-107.26333832475056,48.17339970853277],[-107.26317660950222,48.173367200851246]]]}"
000000000000000011b8,6902,0,0,0,"{""type"":""Polygon"",""coordinates"":[[[-107.26319992301873,48.173290812050496],[-107.2632005619601,48.17330414645085],[-107.26317660950222,48.173367200851246],[-107.26333832475056,48.17339970853277],[-107.26334966189312,48.17335484687241],[-107.26338753367416,48.17330495031366],[-107.26338709282133,48.173296036974506],[-107.26319992301873,48.173290812050496]]]}"
0000000000000000116c,6903,0,0,0,"{""type"":""Polygon"",""coordinates"":[[[-107.26335627488996,48.173202859752756],[-107.263348854696,48.17318510565895],[-107.26320325842576,48.17321477505775],[-107.26321078030588,48.17323251345961],[-107.26319992301873,48.173290812050496],[-107.26338709282133,48.173296036974506],[-107.26339872978889,48.17325558073866],[-107.26335627488996,48.173202859752756]]]}"
00000000000000001160,6904,0,0,0,"{""type"":""Polygon"",""coordinates"":[[[-107.26334181812766,48.17317635182451],[-107.26332770046322,48.173158772937164],[-107.26331358281352,48.17314119405322],[-107.26326468609237,48.17309298243682],[-107.26312064989204,48.173158336334794],[-107.2631815226038,48.17317502097841],[-107.26320325842576,48.17321477505775],[-107.263348854696,48.17318510565895],[-107.26334181812766,48.17317635182451]]]}"
00000000000000001157,6905,0,0,0,"{""type"":""Polygon"",""coordinates"":[[[-107.26314812316176,48.1730238246838],[-107.26313478549649,48.17302408811652],[-107.26305220367756,48.17311954773026],[-107.26307941619253,48.17313237095749],[-107.26310003303294,48.173145353646994],[-107.26311381152462,48.173154003534044],[-107.26312064989204,48.173158336334794],[-107.26326468609237,48.17309298243682],[-107.26314812316176,48.1730238246838]]]}"
00000000000000001159,6906,0,0,0,"{""type"":""Polygon"",""coordinates"":[[[-107.2630807514123,48.17301173627597],[-107.26299960677068,48.17298654547828],[-107.26295645616193,48.173067793414184],[-107.2630451226753,48.173110722661235],[-107.26305220367756,48.17311954773026],[-107.26313478549649,48.17302408811652],[-107.2630807514123,48.17301173627597]]]}"
00000000000000001161,6907,0,0,0,"{""type"":""Polygon"",""coordinates"":[[[-107.26295211671996,48.172969668583036],[-107.26288494337672,48.17296200107519],[-107.26287140767431,48.172957843436485],[-107.2628284549779,48.173043512315154],[-107.26288248887089,48.17305586431004],[-107.26294975872227,48.17306796858538],[-107.26295645616193,48.173067793414184],[-107.26299960677068,48.17298654547828],[-107.26295211671996,48.172969668583036]]]}"
0000000000000000115e,6908,0,0,0,"{""type"":""Polygon"",""coordinates"":[[[-107.26281063742087,48.172941142932665],[-107.26273667054517,48.172929213734264],[-107.26270695347964,48.173014634856145],[-107.26278800139305,48.1730353891703],[-107.2628284549779,48.173043512315154],[-107.26287140767431,48.172957843436485],[-107.26281063742087,48.172941142932665]]]}"
0000000000000000115a,6909,0,0,0,"{""type"":""Polygon"",""coordinates"":[[[-107.26270955470966,48.17292082719492],[-107.26262908866909,48.17291349409645],[-107.26260891288938,48.17290942463347],[-107.26257279801573,48.17299942615655],[-107.26268677762008,48.17301056540376],[-107.26270695347964,48.173014634856145],[-107.26273667054517,48.172929213734264],[-107.26270955470966,48.17292082719492]]]}"
00000000000000001166,6910,0,0,0,"{""type"":""Polygon"",""coordinates"":[[[-107.26250152932987,48.172898125881225],[-107.26248101472667,48.17288512739775],[-107.26246777349257,48.172889827476666],[-107.26245198041426,48.17298395393304],[-107.26248549373912,48.17298776009733],[-107.2625392846388,48.17299562002322],[-107.26257279801573,48.17299942615655],[-107.26260891288938,48.17290942463347],[-107.26250152932987,48.172898125881225]]]}"
00000000000000001164,6911,0,0,0,"{""type"":""Polygon"",""coordinates"":[[[-107.26244109845358,48.17289035414247],[-107.26240054901345,48.17287779410435],[-107.2623339577693,48.17288354744913],[-107.26231826064759,48.17298211063182],[-107.26234483944687,48.17297714724695],[-107.26245198041426,48.17298395393304],[-107.26246777349257,48.172889827476666],[-107.26244109845358,48.17289035414247]]]}"
000000000000000010f9,6912,0,0,0,"{""type"":""Polygon"",""coordinates"":[[[-107.26226727029169,48.1728848640036],[-107.26225335142423,48.172871706064356],[-107.26219350216525,48.17287735541001],[-107.26218522420581,48.172993672698205],[-107.26220530363445,48.172993305505784],[-107.26224497739094,48.172983586588124],[-107.2622849899691,48.17298279666649],[-107.26231826064759,48.17298211063182],[-107.2623339577693,48.17288354744913],[-107.26226727029169,48.1728848640036]]]}"
00000000000000001175,6913,0,0,0,"{""type"":""Polygon"",""coordinates"":[[[-107.26217332655075,48.172873285854074],[-107.26216012986326,48.17287805711046],[-107.26207326693698,48.1728753039627],[-107.26205968694352,48.17287107498889],[-107.26205790794505,48.17298279611632],[-107.2620714434421,48.172986953876915],[-107.2621122352771,48.173004006345636],[-107.26218522420581,48.172993672698205],[-107.26219350216525,48.17287735541001],[-107.26217332655075,48.172873285854074]]]}"
0000000000000000115d,6914,0,0,0,"{""type"":""Polygon"",""coordinates"":[[[-107.26198572106725,48.17285914520234],[-107.26192543146648,48.17285588109535],[-107.2619242905532,48.17298093653695],[-107.26193762803094,48.17298067327739],[-107.2620243948287,48.172978989797826],[-107.26205790794505,48.17298279611632],[-107.26205968694352,48.17287107498889],[-107.26198572106725,48.17285914520234]]]}"
000000000000000010f6,6915,0,0,0,"{""type"":""Polygon"",""coordinates"":[[[-107.2619187913639,48.172855969256155],[-107.26176591907536,48.17287239007014],[-107.2618179295071,48.17299197156177],[-107.26183732587216,48.17297819888379],[-107.2619242905532,48.17298093653695],[-107.26192543146648,48.17285588109535],[-107.2619187913639,48.172855969256155]]]}"
0000000000000000115b,6916,0,0,0,"{""type"":""Polygon"",""coordinates"":[[[-107.26176591907536,48.17287239007014],[-107.26173274488872,48.172877512649684],[-107.26164152239586,48.17292846106258],[-107.26174674156916,48.17304248185628],[-107.26176647667116,48.17303763820338],[-107.2618179295071,48.17299197156177],[-107.26176591907536,48.17287239007014]]]}"
00000000000000001153,6917,0,0,0,"{""type"":""Polygon"",""coordinates"":[[[-107.26164152239586,48.17292846106258],[-107.26160248717318,48.17295151405284],[-107.26157033448914,48.17297897116464],[-107.26155733571164,48.17298816339034],[-107.26152518297599,48.17301562050741],[-107.26171434636368,48.1730654467948],[-107.2617269047045,48.17304734121905],[-107.26174674156916,48.17304248185628],[-107.26164152239586,48.17292846106258]]]}"
000000000000000010f7,6918,0,0,0,"{""type"":""Polygon"",""coordinates"":[[[-107.26152518297599,48.17301562050741],[-107.26150612517615,48.17303832216138],[-107.26150754253237,48.17306949887566],[-107.2614950286411,48.173087675654315],[-107.26149536727172,48.17309660469185],[-107.26149580766405,48.17310551801766],[-107.26167783359283,48.17314660618775],[-107.2616822898047,48.17309734076897],[-107.26171434636368,48.1730654467948],[-107.26152518297599,48.17301562050741]]]}"
000000000000000010fb,6919,0,0,0,"{""type"":""Polygon"",""coordinates"":[[[-107.26149580766405,48.17310551801766],[-107.26149614629459,48.17311444705822],[-107.26147146977516,48.17315957154084],[-107.26145255256662,48.1731867812432],[-107.26164195903145,48.17324110010508],[-107.26166785499198,48.17322273125163],[-107.26167783359283,48.17314660618775],[-107.26149580766405,48.17310551801766]]]}"
00000000000000001167,6920,0,0,0,"{""type"":""Polygon"",""coordinates"":[[[-107.26145255256662,48.1731867812432],[-107.26144669143498,48.17320471177047],[-107.26141473637192,48.17323659003303],[-107.26139523803513,48.17325037841161],[-107.26138234090006,48.173259554950775],[-107.26137584144969,48.173264151076935],[-107.26157213065396,48.17332287432071],[-107.26157863010532,48.17331827817612],[-107.26161034268742,48.17328190752091],[-107.26162256248914,48.17325487281674],[-107.26164195903145,48.17324110010508],[-107.26145255256662,48.1731867812432]]]}"
0000000000000000116a,6921,0,0,0,"{""type"":""Polygon"",""coordinates"":[[[-107.26137584144969,48.173264151076935],[-107.26134310735154,48.17327818692312],[-107.2613301529726,48.17328745039587],[-107.26130391831386,48.17329689010885],[-107.26129091938992,48.173306082357605],[-107.2614623854659,48.17340987501521],[-107.261468642481,48.17340078657014],[-107.26150128052522,48.17338231385659],[-107.26154599213085,48.17333675089176],[-107.26157213065396,48.17332287432071],[-107.26137584144969,48.173264151076935]]]}"
00000000000000001184,6922,0,0,0,"{""type"":""Polygon"",""coordinates"":[[[-107.26129091938992,48.173306082357605],[-107.26120595268057,48.17334794237706],[-107.26131756878848,48.173457384148456],[-107.26138973469668,48.173429137300715],[-107.26144924582265,48.17341455929143],[-107.2614623854659,48.17340987501521],[-107.26129091938992,48.173306082357605]]]}"
00000000000000001182,6923,0,0,0,"{""type"":""Polygon"",""coordinates"":[[[-107.26120595268057,48.17334794237706],[-107.2611209858557,48.17338980235746],[-107.26109464936798,48.17339925774621],[-107.26119239114405,48.173495612727294],[-107.26124457940288,48.17346771723858],[-107.26126479955613,48.17347185825797],[-107.26131756878848,48.173457384148456],[-107.26120595268057,48.17334794237706]]]}"
00000000000000001170,6924,0,0,0,"{""type"":""Polygon"",""coordinates"":[[[-107.26122843885622,48.173557368006925],[-107.26117949389685,48.17350478928472],[-107.26119239114405,48.173495612727294],[-107.26109464936798,48.17339925774621],[-107.26108800922789,48.17339934585139],[-107.26104207813717,48.173418152794675],[-107.26099736605752,48.17346371560714],[-107.26099756392372,48.173468136692314],[-107.26121239997543,48.1736470032143],[-107.26122520114266,48.17363338981505],[-107.2612506571558,48.17360610751305],[-107.2612500761628,48.17359268606929],[-107.26124909937778,48.173570422442886],[-107.26122843885622,48.173557368006925]]]}"
00000000000000001172,6925,0,0,0,"{""type"":""Polygon"",""coordinates"":[[[-107.26099756392372,48.173468136692314],[-107.26098446880219,48.17347289213302],[-107.26095216909738,48.17350029381777],[-107.26090633964016,48.173519085022555],[-107.26089431716181,48.17355054087705],[-107.26118058503364,48.173683389718086],[-107.26118708457263,48.17367879356636],[-107.26120008364698,48.17366960126287],[-107.26121239997543,48.1736470032143],[-107.26099756392372,48.173468136692314]]]}"
00000000000000001171,6926,0,1,0,"{""type"":""Polygon"",""coordinates"":[[[-107.26089431716181,48.17355054087705],[-107.26088214134374,48.17357764687685],[-107.26087022058685,48.17360908705154],[-107.26084174572503,48.17356943587523],[-107.26080289478645,48.17359706809776],[-107.2607432429329,48.17360713772578],[-107.26111603551743,48.17373381213852],[-107.26114862938367,48.1737152681963],[-107.26117496610577,48.17370581273015],[-107.26118058503364,48.173683389718086],[-107.26089431716181,48.17355054087705]]]}"
00000000000000001187,6927,0,0,0,"{""type"":""Polygon"",""coordinates"":[[[-107.2607432429329,48.17360713772578],[-107.2608129492397,48.17367275563872],[-107.2607934505654,48.17368654401767],[-107.2608586551766,48.17380135678637],[-107.26087863299438,48.1738010055748],[-107.26091830739306,48.17379128704034],[-107.26100459034693,48.17378061976211],[-107.26107646290887,48.17374351503041],[-107.26109639620823,48.17374309255055],[-107.26111603551743,48.17373381213852],[-107.2607432429329,48.17360713772578]]]}"
00000000000000001174,6928,0,0,0,"{""type"":""Polygon"",""coordinates"":[[[-107.2607934505654,48.17368654401767],[-107.26078695100492,48.17369114014396],[-107.26066667058487,48.173689015696766],[-107.26070602266199,48.17382226861165],[-107.2607589328986,48.173812302754236],[-107.26083187817606,48.17380189873193],[-107.2608586551766,48.17380135678637],[-107.2607934505654,48.17368654401767]]]}"
00000000000000001189,6929,0,0,0,"{""type"":""Polygon"",""coordinates"":[[[-107.26066667058487,48.173689015696766],[-107.2606467374055,48.173689438083905],[-107.26060550602425,48.173663471323614],[-107.26056583182248,48.17367318970026],[-107.26053834927828,48.1738077025036],[-107.26064617265794,48.173827917113265],[-107.26070602266199,48.17382226861165],[-107.26066667058487,48.173689015696766]]]}"
00000000000000001176,6930,0,0,0,"{""type"":""Polygon"",""coordinates"":[[[-107.26052625937997,48.17368289234995],[-107.26043929452452,48.173680153398195],[-107.2604326543813,48.173680241458584],[-107.2603978933174,48.173801507737586],[-107.26047166141471,48.173809017843446],[-107.26053834927828,48.1738077025036],[-107.26056583182248,48.17367318970026],[-107.26052625937997,48.17368289234995]]]}"
00000000000000001173,6931,0,0,0,"{""type"":""Polygon"",""coordinates"":[[[-107.26039195940183,48.17366762485379],[-107.26033157368984,48.173659922880745],[-107.26031159606511,48.17366027397264],[-107.26029762070178,48.173647202473084],[-107.26027717300116,48.1737904693372],[-107.26035788066042,48.17380229688687],[-107.26037785837154,48.173801945782216],[-107.2603978933174,48.173801507737586],[-107.2604326543813,48.173680241458584],[-107.26039195940183,48.17366762485379]]]}"
0000000000000000118e,6932,0,0,0,"{""type"":""Polygon"",""coordinates"":[[[-107.26027696069441,48.1736341478003],[-107.26017632044963,48.17362274249416],[-107.26011823933662,48.17382039742815],[-107.26015107571031,48.17380634613029],[-107.26021106596068,48.173805206000196],[-107.26023032248797,48.17378692536485],[-107.26027717300116,48.1737904693372],[-107.26029762070178,48.173647202473084],[-107.26027696069441,48.1736341478003]],[[-107.26023840904396,48.173666185228015],[-107.26022496979874,48.173666463967116],[-107.26022540987286,48.17367537740313],[-107.26023840904396,48.173666185228015]],[[-107.26018495736118,48.17366725303672],[-107.2601716198856,48.173667516056135],[-107.26017205994663,48.17367642949289],[-107.26018495736118,48.17366725303672]]]}"
00000000000000001196,6933,0,0,0,"{""type"":""Polygon"",""coordinates"":[[[-107.26010909713409,48.17361070732033],[-107.25996719540358,48.173725163878146],[-107.26000134596511,48.173742305539115],[-107.26009024994893,48.17378973052736],[-107.26005111171905,48.17381279900678],[-107.26003293292358,48.17385332767272],[-107.26005916793953,48.17384388819844],[-107.26011823933662,48.17382039742815],[-107.26017632044963,48.17362274249416],[-107.26010909713409,48.17361070732033]]]}"
00000000000000001155,6934,0,0,0,"{""type"":""Polygon"",""coordinates"":[[[-107.2600884817868,48.17359772383602],[-107.26006122635874,48.173584828383426],[-107.26005414622632,48.17357600299385],[-107.25988255275891,48.173624051825776],[-107.25988381550012,48.17365087906305],[-107.25990496672212,48.17367721286584],[-107.25991874416222,48.173685863325424],[-107.25993344035683,48.17371686443218],[-107.25996719540358,48.173725163878146],[-107.26010909713409,48.17361070732033],[-107.2600884817868,48.17359772383602]]]}"
000000000000000014c6,6935,0,0,0,"{""type"":""Polygon"",""coordinates"":[[[-107.26003353092888,48.173563019505],[-107.26003823162588,48.17351824603515],[-107.25985790598831,48.173517347474935],[-107.25988255275891,48.173624051825776],[-107.26005414622632,48.17357600299385],[-107.26003353092888,48.173563019505]]]}"
0000000000000000117b,6936,0,0,0,"{""type"":""Polygon"",""coordinates"":[[[-107.25986667002843,48.17341446617371],[-107.259860852719,48.17343246792269],[-107.25985726827439,48.17350401296729],[-107.25985790598831,48.173517347474935],[-107.26003823162588,48.17351824603515],[-107.26003779159558,48.17350933262372],[-107.26005485359747,48.173442032598864],[-107.25986667002843,48.17341446617371]]]}"
00000000000000001177,6937,0,0,0,"{""type"":""Polygon"",""coordinates"":[[[-107.25988965128981,48.173329148862706],[-107.25987889091375,48.17338743159609],[-107.25986667002843,48.17341446617371],[-107.26005485359747,48.173442032598864],[-107.26006023656073,48.1734106649325],[-107.26008545064069,48.17337889073996],[-107.26008433403265,48.17335211915888],[-107.25988965128981,48.173329148862706]]]}"
0000000000000000117c,6938,0,0,0,"{""type"":""Polygon"",""coordinates"":[[[-107.25991263243148,48.17324383168726],[-107.2598938161233,48.17327102543612],[-107.25988965128981,48.173329148862706],[-107.26008433403265,48.17335211915888],[-107.26007549953022,48.173303187792655],[-107.26010027923382,48.17325804779813],[-107.25991263243148,48.17324383168726]]]}"
0000000000000000116e,6939,0,0,0,"{""type"":""Polygon"",""coordinates"":[[[-107.25991557895311,48.17315895257886],[-107.25993169098332,48.17322113024211],[-107.25991263243148,48.17324383168726],[-107.26010027923382,48.17325804779813],[-107.26011909542684,48.17323085401839],[-107.26011001859605,48.17317743048043],[-107.26012277529885,48.17316374612503],[-107.25991557895311,48.17315895257886]]]}"
0000000000000000116f,6940,0,0,0,"{""type"":""Polygon"",""coordinates"":[[[-107.26013144244436,48.1730564287449],[-107.2599122236886,48.173083090678126],[-107.25990636193627,48.17310102109181],[-107.2599071401823,48.17311886349226],[-107.25990816069505,48.1731411981848],[-107.25991557895311,48.17315895257886],[-107.26012277529885,48.17316374612503],[-107.26012907703117,48.17315472902765],[-107.26011946413507,48.173087955458136],[-107.26013872027981,48.173069675099505],[-107.26013144244436,48.1730564287449]]]}"
00000000000000001178,6941,0,0,0,"{""type"":""Polygon"",""coordinates"":[[[-107.2598876729987,48.172980824188166],[-107.25988791526395,48.172985316461045],[-107.25991658615898,48.1730293885782],[-107.2599184809111,48.17307400238516],[-107.2599122236886,48.173083090678126],[-107.26013144244436,48.1730564287449],[-107.26013100238534,48.17304751541269],[-107.26013512224498,48.17298932107484],[-107.2598876729987,48.172980824188166]]]}"
00000000000000001138,6942,0,0,0,"{""type"":""Polygon"",""coordinates"":[[[-107.26009859266108,48.17291858144794],[-107.26011105550263,48.17289603936754],[-107.25987040011138,48.17289180422136],[-107.25987748007196,48.172900629514345],[-107.25987219884365,48.172931981156296],[-107.25989339422804,48.172958385834534],[-107.2598876729987,48.172980824188166],[-107.26013512224498,48.17298932107484],[-107.26014558829753,48.172922180966474],[-107.26009859266108,48.17291858144794]]]}"
0000000000000000115c,6943,0,0,0,"{""type"":""Polygon"",""coordinates"":[[[-107.26009334200262,48.17279810630786],[-107.26009300370951,48.17278917730736],[-107.25986078772736,48.172825030945866],[-107.25986830767116,48.17284276952763],[-107.25986928363955,48.172865032881596],[-107.25987040011138,48.17289180422136],[-107.26011105550263,48.17289603936754],[-107.26011633653532,48.17286468773877],[-107.26009334200262,48.17279810630786]]]}"
0000000000000000114f,6944,0,0,0,"{""type"":""Polygon"",""coordinates"":[[[-107.26007039207639,48.1727315961757],[-107.26007587086312,48.17270466567286],[-107.25985001437314,48.17273141525873],[-107.25985137309878,48.172762678785176],[-107.2598533695503,48.17280727665795],[-107.25986078772736,48.172825030945866],[-107.26009300370951,48.17278917730736],[-107.26007039207639,48.1727315961757]]]}"
00000000000000001179,6945,0,0,0,"{""type"":""Polygon"",""coordinates"":[[[-107.25981920685177,48.17263823763518],[-107.25981978733921,48.172651658857504],[-107.25985001437314,48.17273141525873],[-107.26007587086312,48.17270466567286],[-107.2600721769205,48.1726198754691],[-107.25981920685177,48.17263823763518]]]}"
00000000000000001152,6946,0,0,0,"{""type"":""Polygon"",""coordinates"":[[[-107.26006120525544,48.172521839173015],[-107.25978908170865,48.172558465650624],[-107.25981745268909,48.17259813214412],[-107.25981823090594,48.17261597437589],[-107.25981886862307,48.17262930865915],[-107.25981920685177,48.17263823763518],[-107.2600721769205,48.1726198754691],[-107.2600756589407,48.17254834734434],[-107.26006120525544,48.172521839173015]]]}"
00000000000000001151,6947,0,0,0,"{""type"":""Polygon"",""coordinates"":[[[-107.26005392754115,48.17250859294708],[-107.26002589457343,48.17247785554445],[-107.26002511625119,48.17246001336379],[-107.26002447845525,48.17244667912669],[-107.2599770492295,48.17242971390801],[-107.25976622847385,48.17249639245056],[-107.25978214232865,48.172554148354095],[-107.25978908170865,48.172558465650624],[-107.26006120525544,48.172521839173015],[-107.26005392754115,48.17250859294708]]]}"
00000000000000001154,6948,0,0,0,"{""type"":""Polygon"",""coordinates"":[[[-107.25995677283711,48.172425659607214],[-107.25992830001786,48.17238600899796],[-107.25994149648123,48.17238123809861],[-107.25975389899493,48.17236709301414],[-107.25973464314335,48.1723853730446],[-107.25975783448465,48.17245637507005],[-107.25976622847385,48.17249639245056],[-107.2599770492295,48.17242971390801],[-107.25995677283711,48.172425659607214]]]}"
0000000000000000114d,6949,0,0,0,"{""type"":""Polygon"",""coordinates"":[[[-107.25985612290032,48.17226235763439],[-107.25981791084668,48.17230332294433],[-107.25979133295229,48.17230828554316],[-107.25977901648277,48.17233088283931],[-107.25975389899493,48.17236709301414],[-107.25994149648123,48.17238123809861],[-107.25996739214689,48.172362870010886],[-107.25998028909328,48.17235369382265],[-107.2599936260692,48.17235343084906],[-107.26000662476798,48.17234423894774],[-107.25985612290032,48.17226235763439]]]}"
00000000000000001147,6950,0,0,0,"{""type"":""Polygon"",""coordinates"":[[[-107.25996034294045,48.17220221972065],[-107.25992819033887,48.17222967589017],[-107.25986262224023,48.17225776170123],[-107.25985612290032,48.17226235763439],[-107.26000662476798,48.17234423894774],[-107.2600462974134,48.172334521086604],[-107.260058856049,48.172316415972574],[-107.26009183157198,48.1723068730562],[-107.26009764855239,48.1722888716858],[-107.25996034294045,48.17220221972065]]]}"
00000000000000001150,6951,0,0,0,"{""type"":""Polygon"",""coordinates"":[[[-107.26007120259632,48.17214199374336],[-107.26001193622157,48.172161062685824],[-107.25996034294045,48.17220221972065],[-107.26009764855239,48.1722888716858],[-107.26009745078711,48.172284450695074],[-107.26011650871325,48.17226174964212],[-107.2601559389857,48.172247539543775],[-107.26020288928572,48.172251067787435],[-107.26020894851739,48.17223755863808],[-107.26007120259632,48.17214199374336]]]}"
00000000000000001149,6952,0,0,0,"{""type"":""Polygon"",""coordinates"":[[[-107.26012793602732,48.1720649776432],[-107.26010257669073,48.172096695519166],[-107.26007784243832,48.17214190571817],[-107.26007120259632,48.17214199374336],[-107.26020894851739,48.17223755863808],[-107.26023406558916,48.172201348443686],[-107.26024638179366,48.17217875115138],[-107.26029191570255,48.17215110311406],[-107.26012793602732,48.1720649776432]]]}"
00000000000000001148,6953,0,0,0,"{""type"":""Polygon"",""coordinates"":[[[-107.26019796158629,48.1719876274088],[-107.26016594982428,48.17201959143908],[-107.26012793602732,48.1720649776432],[-107.26029191570255,48.17215110311406],[-107.26029841499937,48.172146507162196],[-107.26031141358945,48.172137315258425],[-107.26037673912535,48.17210473701551],[-107.26038255594457,48.17208673570094],[-107.26019796158629,48.1719876274088]]]}"
00000000000000001141,6954,0,0,0,"{""type"":""Polygon"",""coordinates"":[[[-107.26028136827952,48.171910085455785],[-107.2602617744858,48.17191943657209],[-107.26021735763786,48.17197385532841],[-107.26019796158629,48.1719876274088],[-107.26038255594457,48.17208673570094],[-107.2603882767137,48.172064297709916],[-107.26041461219215,48.172054842779936],[-107.26042750897794,48.17204566658929],[-107.26045384444426,48.172036211652184],[-107.260473482827,48.172026931695484],[-107.26028136827952,48.171910085455785]]]}"
00000000000000001145,6955,0,0,0,"{""type"":""Polygon"",""coordinates"":[[[-107.26036511306022,48.17184147238711],[-107.26031308032783,48.171873716213916],[-107.26030076427485,48.17189631338022],[-107.26028136827952,48.171910085455785],[-107.260473482827,48.172026931695484],[-107.26055878491148,48.17199400230968],[-107.26057779795615,48.17197123007819],[-107.26036511306022,48.17184147238711]]]}"
00000000000000001140,6956,0,0,0,"{""type"":""Polygon"",""coordinates"":[[[-107.26053625818831,48.171784511409896],[-107.2605099229036,48.17179396631988],[-107.26046361095553,48.171803772311094],[-107.2604176819245,48.171822578334336],[-107.2603977052708,48.171822929407284],[-107.26036511306022,48.17184147238711],[-107.26057779795615,48.17197123007819],[-107.26059743629915,48.171961950108575],[-107.26061077322191,48.17196168705253],[-107.26061727246696,48.17195709109689],[-107.26053625818831,48.171784511409896]]]}"
00000000000000001144,6957,0,0,0,"{""type"":""Polygon"",""coordinates"":[[[-107.26066254674636,48.171773055830656],[-107.26056899092222,48.17177047627101],[-107.26053625818831,48.171784511409896],[-107.26061727246696,48.17195709109689],[-107.26063666843699,48.17194331894182],[-107.26066300383653,48.171933863967375],[-107.26070815434066,48.17189721580755],[-107.2607346303277,48.171892268709335],[-107.26066254674636,48.171773055830656]]]}"
0000000000000000113f,6958,0,0,0,"{""type"":""Polygon"",""coordinates"":[[[-107.2607608466297,48.171730934561666],[-107.26074125295062,48.171740285741166],[-107.26068218497703,48.17176377588144],[-107.26066928832235,48.171772952053914],[-107.26066254674636,48.171773055830656],[-107.2607346303277,48.171892268709335],[-107.26080703543252,48.17186851539141],[-107.2608264313238,48.17185474322313],[-107.26085252427465,48.17184079604384],[-107.2608726027931,48.17184042916131],[-107.26087919810733,48.17184026986055],[-107.2607608466297,48.171730934561666]]]}"
000000000000000010f8,6959,0,0,0,"{""type"":""Polygon"",""coordinates"":[[[-107.26079929977917,48.17169446151128],[-107.26079290235002,48.17169904174289],[-107.2607608466297,48.171730934561666],[-107.26087919810733,48.17184026986055],[-107.26088545492055,48.171831181729125],[-107.2609048507789,48.17181740955559],[-107.26096304393143,48.17177164066708],[-107.26097399988507,48.17171778059449],[-107.26079929977917,48.17169446151128]]]}"
00000000000000001121,6960,0,0,0,"{""type"":""Polygon"",""coordinates"":[[[-107.26098892063968,48.17160137806288],[-107.26080952171745,48.171622830871144],[-107.26083839097507,48.1716713224966],[-107.26079929977917,48.17169446151128],[-107.26097399988507,48.17171778059449],[-107.26097380200966,48.17171335965625],[-107.26099261684917,48.17168616653618],[-107.26099600074006,48.17161020305386],[-107.26098892063968,48.17160137806288]]]}"
0000000000000000113d,6961,0,0,0,"{""type"":""Polygon"",""coordinates"":[[[-107.26095350749891,48.17155741127322],[-107.26095902997068,48.17153055256116],[-107.26093783428668,48.171504148840775],[-107.26089724296956,48.17149151721042],[-107.26074089719482,48.171579462493995],[-107.26079502315126,48.17159625206421],[-107.26080952171745,48.171622830871144],[-107.26098892063968,48.17160137806288],[-107.26095350749891,48.17155741127322]]]}"
00000000000000001139,6962,0,0,0,"{""type"":""Polygon"",""coordinates"":[[[-107.26088370830912,48.17148735938095],[-107.26081488601884,48.1714395702499],[-107.26076759787763,48.17142711358091],[-107.2607540187433,48.171422884516744],[-107.26067221565364,48.1715361810302],[-107.26069283026989,48.17154916390014],[-107.26072028253498,48.17156647962803],[-107.26074089719482,48.171579462493995],[-107.26089724296956,48.17149151721042],[-107.26088370830912,48.17148735938095]]]}"
0000000000000000113a,6963,0,0,0,"{""type"":""Polygon"",""coordinates"":[[[-107.26069339393719,48.17141069088179],[-107.26064586356841,48.17139374202306],[-107.26062568926135,48.17138967222318],[-107.26056303935087,48.171484704403895],[-107.26058995520603,48.17148867045436],[-107.26064476344663,48.17151886529705],[-107.26067221565364,48.1715361810302],[-107.2607540187433,48.171422884516744],[-107.26069339393719,48.17141069088179]]]}"
00000000000000001142,6964,0,0,0,"{""type"":""Polygon"",""coordinates"":[[[-107.26052505452427,48.17137826762839],[-107.26048504442731,48.17137905672947],[-107.26047834746629,48.17137923171048],[-107.26044281090293,48.17148265079656],[-107.26056303935087,48.171484704403895],[-107.26062568926135,48.17138967222318],[-107.26052505452427,48.17137826762839]]]}"
00000000000000001132,6965,0,0,0,"{""type"":""Polygon"",""coordinates"":[[[-107.26043159590039,48.171380124549145],[-107.26041084094003,48.1713626338154],[-107.26033712223996,48.171355195107935],[-107.26031623672681,48.17148954262864],[-107.26040255839068,48.1714789477251],[-107.26044281090293,48.17148265079656],[-107.26047834746629,48.17137923171048],[-107.26043159590039,48.171380124549145]]]}"
00000000000000001143,6966,0,0,0,"{""type"":""Polygon"",""coordinates"":[[[-107.26030370743607,48.171355824871135],[-107.26025744062774,48.17136570188614],[-107.26021743065843,48.171366490872245],[-107.26019071282525,48.171366945633224],[-107.26020988143,48.17150057541383],[-107.26021662292362,48.1715004716715],[-107.26031623672681,48.17148954262864],[-107.26033712223996,48.171355195107935],[-107.26030370743607,48.171355824871135]]]}"
0000000000000000113e,6967,0,0,0,"{""type"":""Polygon"",""coordinates"":[[[-107.26019071282525,48.171366945633224],[-107.26018401588708,48.17136712059309],[-107.26015690250527,48.17135873351889],[-107.26014356586384,48.17135899650172],[-107.26012989089968,48.171350330726725],[-107.26008313954404,48.17135122338984],[-107.26005646628933,48.17135174933239],[-107.2600760744458,48.17149429218259],[-107.260155316142,48.171474872459406],[-107.26017583440269,48.17148341879942],[-107.26019654473002,48.17150083840622],[-107.26020988143,48.17150057541383],[-107.26019071282525,48.171366945633224]]]}"
0000000000000000114a,6968,0,0,0,"{""type"":""Polygon"",""coordinates"":[[[-107.26005646628933,48.17135174933239],[-107.26004312966468,48.171352012300815],[-107.26000975949741,48.17135271317924],[-107.25997644656839,48.171353327114474],[-107.25994933330612,48.171344939980806],[-107.25991457382005,48.17146620067462],[-107.25994115112083,48.17146123813598],[-107.25996816270477,48.17146964099949],[-107.26002854458378,48.171477342978456],[-107.2600760744458,48.17149429218259],[-107.26005646628933,48.17135174933239]]]}"
0000000000000000114b,6969,0,0,0,"{""type"":""Polygon"",""coordinates"":[[[-107.25990874294217,48.171332307946415],[-107.25984767911943,48.17131120073208],[-107.25983414479892,48.17130704276022],[-107.25976718856721,48.17145568780747],[-107.2597943463398,48.171464146231266],[-107.25982101960085,48.17146362036029],[-107.25986146951917,48.17147174460635],[-107.25991457382005,48.17146620067462],[-107.25994933330612,48.171344939980806],[-107.25990874294217,48.171332307946415]]]}"
00000000000000001137,6970,0,0,0,"{""type"":""Polygon"",""coordinates"":[[[-107.25980025146409,48.17129423575152],[-107.25977294060391,48.17128142766594],[-107.25964326821214,48.17136884494415],[-107.25965738295912,48.171386423850635],[-107.25968459206189,48.171399247705295],[-107.25973333967883,48.171442951961716],[-107.25976718856721,48.17145568780747],[-107.25983414479892,48.17130704276022],[-107.25980025146409,48.17129423575152]]]}"
0000000000000000114c,6971,0,0,0,"{""type"":""Polygon"",""coordinates"":[[[-107.2597525243905,48.17127286555444],[-107.25970445917368,48.17124256659853],[-107.25970334275098,48.171215796092866],[-107.25955359259255,48.17130357975628],[-107.2595745446288,48.1713254915843],[-107.25963618858019,48.1713600198819],[-107.25964326821214,48.17136884494415],[-107.25977294060391,48.17128142766594],[-107.2597525243905,48.17127286555444]]]}"
00000000000000001131,6972,0,0,0,"{""type"":""Polygon"",""coordinates"":[[[-107.2596892280315,48.17119821724932],[-107.25967487107718,48.17117614628911],[-107.25967462882757,48.17117165416943],[-107.25949587151096,48.17120643817356],[-107.2595035314747,48.171228684086465],[-107.25951764608709,48.17124626297019],[-107.25953981611991,48.171294929610546],[-107.25955359259255,48.17130357975628],[-107.25970334275098,48.171215796092866],[-107.2596892280315,48.17119821724932]]]}"
0000000000000000114e,6973,0,0,0,"{""type"":""Polygon"",""coordinates"":[[[-107.25965773962862,48.17109163712963],[-107.25947180724013,48.17111315939714],[-107.2594658439577,48.17113110481874],[-107.25948781615756,48.1711753504675],[-107.25949587151096,48.17120643817356],[-107.25967462882757,48.17117165416943],[-107.25965773962862,48.17109163712963]]]}"
00000000000000001136,6974,0,0,0,"{""type"":""Polygon"",""coordinates"":[[[-107.25964114996125,48.17101602538247],[-107.25946767456328,48.17101945870311],[-107.25946981113724,48.171068562940356],[-107.25947034700266,48.17108191254743],[-107.25947180724013,48.17111315939714],[-107.25965773962862,48.17109163712963],[-107.25964114996125,48.17101602538247]]]}"
0000000000000000112d,6975,0,0,0,"{""type"":""Polygon"",""coordinates"":[[[-107.25963396863399,48.17100721608808],[-107.25961204083056,48.170963041837226],[-107.25959676536729,48.17091862148324],[-107.25943720727255,48.17093521262009],[-107.25945074135744,48.17093937062457],[-107.25945195936154,48.17096612528696],[-107.2594522975266,48.17097505398428],[-107.25946767456328,48.17101945870311],[-107.25964114996125,48.17101602538247],[-107.25963396863399,48.17100721608808]]]}"
00000000000000001134,6976,0,0,0,"{""type"":""GeometryCollection"",""geometries"":[{""type"":""LineString"",""coordinates"":[[-107.25959008221804,48.170918771633616],[-107.2595967534563,48.17091864043045]]},{""type"":""Polygon"",""coordinates"":[[[-107.25957987640975,48.17083860480761],[-107.2595724586892,48.17082085115519],[-107.25931436138288,48.17087506922636],[-107.25936872705137,48.17089635153764],[-107.25936950509715,48.17091419320157],[-107.25943720727255,48.17093521262009],[-107.25959006855182,48.17091879639705],[-107.25960854544603,48.17088267526976],[-107.25957987640975,48.17083860480761]]]}]}"
00000000000000001130,6977,0,0,0,"{""type"":""Polygon"",""coordinates"":[[[-107.25956460102627,48.1707941845513],[-107.25953748837686,48.1707857973747],[-107.25952371209004,48.17077714730687],[-107.25952181765408,48.17073253542733],[-107.25951473816627,48.17072371045896],[-107.25924510350104,48.170818366452295],[-107.25926673711558,48.170853683220884],[-107.25931436138288,48.17087506922636],[-107.2595724586892,48.17082085115519],[-107.25956460102627,48.1707941845513]]]}"
00000000000000001135,6978,0,0,0,"{""type"":""Polygon"",""coordinates"":[[[-107.25948349281677,48.17062162329369],[-107.25916900868181,48.170757330768126],[-107.25922357168311,48.17078303399145],[-107.25924476538411,48.17080943777956],[-107.25924510350104,48.170818366452295],[-107.25951473816627,48.17072371045896],[-107.2595006237288,48.17070613174459],[-107.25951899881092,48.17067002649189],[-107.25953102108613,48.17063857253304],[-107.2595304406616,48.170625151819735],[-107.25948349281677,48.17062162329369]]]}"
0000000000000000219c,6979,0,0,0,"{""type"":""Polygon"",""coordinates"":[[[-107.25947665558793,48.17061729041341],[-107.25914838416718,48.17059245598893],[-107.25914896445194,48.17060587669977],[-107.25909484163218,48.170589086437204],[-107.25909459945079,48.17058459436434],[-107.25908126323868,48.170584857184835],[-107.25906264569464,48.17061647022686],[-107.25901696037495,48.17063976719492],[-107.25904582608287,48.17068825854545],[-107.25908665726045,48.170705382907926],[-107.25914034038914,48.17071326026059],[-107.25916900868181,48.170757330768126],[-107.25948349281677,48.17062162329369],[-107.25947665558793,48.17061729041341]]]}"
0000000000000000112c,6980,0,0,0,"{""type"":""MultiPolygon"",""coordinates"":[[[[-107.25908116733783,48.17058042062235],[-107.25908126323868,48.170584857184835],[-107.25909459945079,48.17058459436434],[-107.25908116733783,48.17058042062235]]],[[[-107.25938678441484,48.17054760509745],[-107.25938014490775,48.17054769306368],[-107.25937994721741,48.17054327221556],[-107.25927615995307,48.17046042906724],[-107.25927024125252,48.1704784454727],[-107.25920400014088,48.17048867258127],[-107.25917238463408,48.17052947704294],[-107.25914838416718,48.17059245598893],[-107.25947665558793,48.17061729041341],[-107.25938678441484,48.17054760509745]]]]}"
0000000000000000112a,6981,0,0,0,"{""type"":""MultiPolygon"",""coordinates"":[[[[-107.25952160722265,48.17057622290592],[-107.25950143372701,48.170572152912285],[-107.25952126903447,48.17056729427698],[-107.25950691241209,48.17054522354732],[-107.25945996468204,48.1705416950122],[-107.25938678441484,48.17054760509745],[-107.25947665558793,48.17061729041341],[-107.25948349281677,48.17062162329369],[-107.2595304406616,48.170625151819735],[-107.25952160722265,48.17057622290592]]],[[[-107.25941392898568,48.17040417233242],[-107.25937469847548,48.17042280241433],[-107.25934812202433,48.17042776467686],[-107.25932202999456,48.17044171105011],[-107.25928246130536,48.17045141249733],[-107.25927615995307,48.17046042906724],[-107.25937994721741,48.17054327221556],[-107.25941883969664,48.170515713464376],[-107.25946466528389,48.17049692413811],[-107.25948450054682,48.17049206551846],[-107.25941392898568,48.17040417233242]]]]}"
0000000000000000112f,6982,0,0,0,"{""type"":""Polygon"",""coordinates"":[[[-107.25956678802704,48.170387756368555],[-107.25950670196355,48.170388911581604],[-107.25948666905067,48.17038934936033],[-107.25942042799954,48.17039957659943],[-107.25941392898568,48.17040417233242],[-107.25948450054682,48.17049206551846],[-107.25959051407256,48.17047210522626],[-107.25961776702192,48.170485000114176],[-107.25956678802704,48.170387756368555]]]}"
00000000000000001111,6983,0,0,0,"{""type"":""Polygon"",""coordinates"":[[[-107.2597197431738,48.17037577670544],[-107.25971314820069,48.170375935913455],[-107.25968657172827,48.170380898265826],[-107.25966639828115,48.170376828320684],[-107.25956678802704,48.170387756368555],[-107.25961776702192,48.170485000114176],[-107.25964501999808,48.17049789499683],[-107.25965835625902,48.1704976320972],[-107.25972547758312,48.17050523047516],[-107.25973881385815,48.17050496756396],[-107.2597197431738,48.17037577670544]]]}"
00000000000000001129,6984,0,0,0,"{""type"":""Polygon"",""coordinates"":[[[-107.25985276725923,48.170364218943256],[-107.25984637002699,48.170368798991234],[-107.25978608607419,48.17036553355156],[-107.25975999412702,48.1703794800253],[-107.2597197431738,48.17037577670544],[-107.25973881385815,48.17050496756396],[-107.25977218316652,48.17050426681277],[-107.2598386668449,48.17049853136258],[-107.25987227846083,48.170502322637084],[-107.25985276725923,48.170364218943256]]]}"
00000000000000001127,6985,0,0,0,"{""type"":""Polygon"",""coordinates"":[[[-107.25999331109439,48.17037039874444],[-107.25994582722653,48.17035352104246],[-107.25985276725923,48.170364218943256],[-107.25987227846083,48.170502322637084],[-107.25988561475567,48.170502059704994],[-107.2599450189121,48.17048749928026],[-107.26000530318281,48.17049076461962],[-107.25999331109439,48.17037039874444]]]}"
00000000000000001125,6986,0,0,0,"{""type"":""Polygon"",""coordinates"":[[[-107.26011930039338,48.170350086957654],[-107.26009922284335,48.170350453647686],[-107.2600592140367,48.17035124252318],[-107.25999331109439,48.17037039874444],[-107.26000530318281,48.17049076461962],[-107.26011907334785,48.17049748584062],[-107.26013263666859,48.1703498239925],[-107.26011930039338,48.170350086957654]]]}"
0000000000000000112e,6987,0,0,0,"{""type"":""Polygon"",""coordinates"":[[[-107.2602601830104,48.170365194942505],[-107.26024684671154,48.17036545792604],[-107.26020693386428,48.17037068340514],[-107.26015950701051,48.17035371888435],[-107.26013263666859,48.1703498239925],[-107.26011907334785,48.17049748584062],[-107.26015244278426,48.17049678495408],[-107.26020656659202,48.170513574565874],[-107.26025345752474,48.170517189653154],[-107.26026677801961,48.17036503569602],[-107.2602601830104,48.170365194942505]]]}"
00000000000000001133,6988,0,0,0,"{""type"":""Polygon"",""coordinates"":[[[-107.26039398625565,48.1703714778774],[-107.2603741509758,48.17037633667431],[-107.26027351931106,48.17036493195706],[-107.26026677801961,48.17036503569602],[-107.26025345752474,48.170517189653154],[-107.26041379346547,48.17051843881766],[-107.26039398625565,48.1703714778774]]]}"
00000000000000001146,6989,0,0,0,"{""type"":""Polygon"",""coordinates"":[[[-107.26049306088879,48.17034719954958],[-107.26046032946276,48.170361234250564],[-107.26044752937507,48.17037484667571],[-107.2604139175981,48.1703710556159],[-107.26039398625565,48.1703714778774],[-107.26041379346547,48.17051843881766],[-107.26043376942015,48.17051808776778],[-107.26049327550614,48.17050351128371],[-107.2605585979966,48.170470934003674],[-107.2605717365424,48.17046625013868],[-107.26049306088879,48.17034719954958]]]}"
00000000000000001128,6990,0,0,0,"{""type"":""Polygon"",""coordinates"":[[[-107.26053834999446,48.17031506037582],[-107.26052545386449,48.17032423626355],[-107.26051245597644,48.17033342786246],[-107.26049955983699,48.17034260375016],[-107.26049306088879,48.17034719954958],[-107.2605717365424,48.17046625013868],[-107.26061062856988,48.170438690956324],[-107.26066979044316,48.17041963804813],[-107.26070766129111,48.17036974534767],[-107.26053834999446,48.17031506037582]]]}"
0000000000000000113c,6991,1,0,0,"{""type"":""Polygon"",""coordinates"":[[[-107.2608642441051,48.1702862943089],[-107.26058897633011,48.17025148419537],[-107.26057074292852,48.17029209708957],[-107.26053834999446,48.17031506037582],[-107.26070766129111,48.17036974534767],[-107.26070756519228,48.17036530880994],[-107.26073893701209,48.1703200119617],[-107.26079956012161,48.170332205358704],[-107.26083384907199,48.17035385343231],[-107.26088665819597,48.170339451751694],[-107.2608642441051,48.1702862943089]]]}"
00000000000000001123,6992,0,0,0,"{""type"":""Polygon"",""coordinates"":[[[-107.2608032824981,48.170265172397954],[-107.26074915840974,48.170248383208836],[-107.26077291392042,48.170180912309725],[-107.26061845232564,48.17016157614407],[-107.26060075530216,48.170215538343015],[-107.2605886378764,48.170242555631916],[-107.26058897633011,48.17025148419537],[-107.2608642441051,48.1702862943089],[-107.2608032824981,48.170265172397954]]]}"
00000000000000001124,6993,0,0,0,"{""type"":""Polygon"",""coordinates"":[[[-107.26062159413524,48.17008112284263],[-107.26062397470783,48.170134718164554],[-107.26061845232564,48.17016157614407],[-107.26077291392042,48.170180912309725],[-107.26078478881969,48.170149403006384],[-107.26081034413474,48.17012210697443],[-107.26080854419345,48.1700819322286],[-107.26062159413524,48.17008112284263]]]}"
000000000000000010ef,6994,0,0,0,"{""type"":""Polygon"",""coordinates"":[[[-107.26080484819516,48.16999714632243],[-107.26080426728858,48.16998372579233],[-107.26061770072695,48.169991916124125],[-107.26061779681858,48.16999635263071],[-107.26061881787348,48.170018685979414],[-107.26062095607419,48.17006778921778],[-107.26062159413524,48.17008112284263],[-107.26080854419345,48.1700819322286],[-107.26081270674723,48.17002381239916],[-107.26080484819516,48.16999714632243]]]}"
00000000000000001120,6995,0,0,0,"{""type"":""Polygon"",""coordinates"":[[[-107.26080037342005,48.169894519257674],[-107.26061376278666,48.16990263833836],[-107.26061487993422,48.16992940814834],[-107.26061623945455,48.169960669982544],[-107.26061770072695,48.169991916124125],[-107.26080426728858,48.16998372579233],[-107.2608038270256,48.169974812987746],[-107.26080285038528,48.16995255088057],[-107.26080754929256,48.16990778048395],[-107.26080037342005,48.169894519257674]]]}"
00000000000000001126,6996,0,0,0,"{""type"":""Polygon"",""coordinates"":[[[-107.26077146083723,48.169845958006306],[-107.26077660001248,48.16981010047696],[-107.2606298004604,48.16981300962625],[-107.26061142673836,48.16984911447023],[-107.26061332256924,48.16989372554545],[-107.26061376278666,48.16990263833836],[-107.26080037342005,48.169894519257674],[-107.26077146083723,48.169845958006306]]]}"
0000000000000000111c,6997,0,0,0,"{""type"":""Polygon"",""coordinates"":[[[-107.2606058296742,48.16972417014898],[-107.26060660835792,48.16974201139006],[-107.26063571845278,48.1697949933823],[-107.2606298004604,48.16981300962625],[-107.26077660001248,48.16981010047696],[-107.26078735747691,48.16975182167066],[-107.26079243939266,48.169716051134415],[-107.2606058296742,48.16972417014898]]]}"
00000000000000001117,6998,0,0,0,"{""type"":""Polygon"",""coordinates"":[[[-107.26081561347854,48.16963516047762],[-107.2606350627079,48.16962977102382],[-107.26063608378593,48.169652104216475],[-107.26060447015104,48.16969290845492],[-107.2606058296742,48.16972417014898],[-107.26079243939266,48.169716051134415],[-107.26080417344272,48.16968003441436],[-107.26082347198941,48.16966182637143],[-107.26081561347854,48.16963516047762]]]}"
0000000000000000111d,6999,0,0,0,"{""type"":""Polygon"",""coordinates"":[[[-107.2606310285765,48.16953605738626],[-107.26062588933424,48.169571914723136],[-107.2606350627079,48.16962977102382],[-107.26081561347854,48.16963516047762],[-107.26081537107889,48.1696306684959],[-107.26082739200469,48.16959921502893],[-107.26085328540945,48.16958084772866],[-107.26085920325976,48.169562831553854],[-107.2606310285765,48.16953605738626]]]}"
00000000000000001122,7000,0,0,0,"{""type"":""Polygon"",""coordinates"":[[[-107.26064056719012,48.169451025028565],[-107.26063664690959,48.16951363619418],[-107.2606310285765,48.16953605738626],[-107.26085920325976,48.169562831553854],[-107.26085168326257,48.16954509415443],[-107.26087781902986,48.169531218840106],[-107.26088129863103,48.16945969493718],[-107.26064056719012,48.169451025028565]]]}"
00000000000000001118,7001,0,0,0,"{""type"":""Polygon"",""coordinates"":[[[-107.26064337025379,48.16936164440394],[-107.26064370873458,48.16937057281734],[-107.26064056719012,48.169451025028565],[-107.26088129863103,48.16945969493718],[-107.26088546090479,48.169401575797586],[-107.26089719474632,48.16936555928627],[-107.26064337025379,48.16936164440394]]]}"
00000000000000001119,7002,0,0,0,"{""type"":""Polygon"",""coordinates"":[[[-107.26087996456577,48.169276616867684],[-107.26065276812359,48.169272104666184],[-107.26064337025379,48.16936164440394],[-107.26089719474632,48.16936555928627],[-107.26090271676692,48.169338701705364],[-107.26087996456577,48.169276616867684]]]}"
000000000000000010f0,7003,1,0,1,"{""type"":""Polygon"",""coordinates"":[[[-107.26086482851409,48.16923670582638],[-107.26086918863221,48.16918300766002],[-107.2606624083103,48.16918705702561],[-107.26065276812359,48.169272104666184],[-107.26087996456577,48.169276616867684],[-107.26086482851409,48.16923670582638]]]}"
000000000000000010fa,7004,0,0,0,"{""type"":""Polygon"",""coordinates"":[[[-107.26080598849076,48.16911279947874],[-107.26078425776392,48.169073047819886],[-107.2606190433108,48.16911198997895],[-107.2606191839392,48.16911649762835],[-107.26063373878787,48.16914298830777],[-107.26066118934509,48.16916030330569],[-107.2606624083103,48.16918705702561],[-107.26086918863221,48.16918300766002],[-107.26086816739539,48.16916067467257],[-107.26080598849076,48.16911279947874]]]}"
0000000000000000111a,7005,0,0,0,"{""type"":""Polygon"",""coordinates"":[[[-107.26077698028217,48.16905980250923],[-107.26074040778023,48.168988997140424],[-107.2605354285305,48.16903322010631],[-107.26057723586871,48.16907260503835],[-107.26060468633364,48.16908992003165],[-107.2606190433108,48.16911198997895],[-107.26078425776392,48.169073047819886],[-107.26077698028217,48.16905980250923]]]}"
00000000000000001116,7006,0,0,0,"{""type"":""Polygon"",""coordinates"":[[[-107.26071164215585,48.168940492193656],[-107.26069670427445,48.168905002075746],[-107.26050486353321,48.16894454115815],[-107.2605049596214,48.1689489775768],[-107.2605354285305,48.16903322010631],[-107.26074040778023,48.168988997140424],[-107.26071164215585,48.168940492193656]]]}"
0000000000000000111e,7007,0,0,0,"{""type"":""Polygon"",""coordinates"":[[[-107.26067317391885,48.1688250767502],[-107.26048065106323,48.16885121117868],[-107.26049050669667,48.168922471260295],[-107.26050486353321,48.16894454115815],[-107.26069670427445,48.168905002075746],[-107.26067317391885,48.1688250767502]]]}"
0000000000000000112b,7008,0,0,0,"{""type"":""Polygon"",""coordinates"":[[[-107.26045556397487,48.168735604044016],[-107.26042942876342,48.168749479019894],[-107.26043069210282,48.16877630375488],[-107.26047303530221,48.168829037571804],[-107.26048065106323,48.16885121117868],[-107.26067317391885,48.1688250767502],[-107.26066569866713,48.16880741079552],[-107.26068519461529,48.16879362378746],[-107.26069770712779,48.16877544862953],[-107.26045556397487,48.168735604044016]]]}"
00000000000000001112,7009,0,0,0,"{""type"":""Polygon"",""coordinates"":[[[-107.2604704395829,48.16861913697564],[-107.26046676161702,48.168686239050324],[-107.26048795545323,48.16871264151052],[-107.26045556397487,48.168735604044016],[-107.26069770712779,48.16877544862953],[-107.26070400790772,48.16876643226897],[-107.26072282117453,48.16873924076146],[-107.26074167894372,48.1687121204814],[-107.2604704395829,48.16861913697564]]]}"
00000000000000001110,7010,0,0,0,"{""type"":""Polygon"",""coordinates"":[[[-107.26060650346844,48.16852269139562],[-107.26058075143276,48.16854556584255],[-107.26055461637235,48.168559440798674],[-107.2605289660404,48.168582299538215],[-107.2604704395829,48.16861913697564],[-107.26074167894372,48.1687121204814],[-107.26076024976088,48.16868043709489],[-107.26077358552682,48.16868017406195],[-107.26060650346844,48.16852269139562]]]}"
0000000000000000110d,7011,0,0,0,"{""type"":""Polygon"",""coordinates"":[[[-107.26079936331328,48.16850548518177],[-107.26075915832678,48.168501853609044],[-107.26063317484498,48.16852216537611],[-107.26060650346844,48.16852269139562],[-107.26077358552682,48.16868017406195],[-107.26082717101526,48.168683613811616],[-107.26079936331328,48.16850548518177]]]}"
000000000000000010ee,7012,0,0,0,"{""type"":""Polygon"",""coordinates"":[[[-107.26093999794146,48.168516099895285],[-107.26092612575597,48.168503014015215],[-107.26085250827558,48.16850001235727],[-107.26080600255708,48.16850539712746],[-107.26079936331328,48.16850548518177],[-107.26082717101526,48.168683613811616],[-107.26084050679184,48.16868335076908],[-107.26088725516276,48.16868245785797],[-107.26091392673399,48.16868193175391],[-107.26092042534839,48.16867733607961],[-107.26095357609712,48.168520328724824],[-107.26093999794146,48.168516099895285]]]}"
00000000000000001115,7013,0,0,0,"{""type"":""Polygon"",""coordinates"":[[[-107.2610675395538,48.16853146935789],[-107.26104770521928,48.16853632810044],[-107.26095357609712,48.168520328724824],[-107.26092042534839,48.16867733607961],[-107.2609599923986,48.16866763432521],[-107.26107283877366,48.16865200581045],[-107.26109267317375,48.168647147050386],[-107.2610675395538,48.16853146935789]]]}"
00000000000000001114,7014,0,0,0,"{""type"":""Polygon"",""coordinates"":[[[-107.26118072422506,48.16852476903003],[-107.26117402773089,48.16852494403825],[-107.26113387973844,48.168521225699685],[-107.26112112503266,48.168534908934],[-107.26107417882153,48.16853138128438],[-107.2610675395538,48.16853146935789],[-107.26109267317375,48.168647147050386],[-107.26119252241364,48.168640709762506],[-107.26124508664935,48.16862181652095],[-107.26124494593978,48.16861730891682],[-107.26118072422506,48.16852476903003]]]}"
00000000000000001113,7015,0,0,0,"{""type"":""Polygon"",""coordinates"":[[[-107.26127173751702,48.16846940493149],[-107.26125884214956,48.16847858057722],[-107.26122678972351,48.16851047152013],[-107.26118072422506,48.16852476903003],[-107.26124494593978,48.16861730891682],[-107.2613173445366,48.168593556854375],[-107.26137596686306,48.16856115530916],[-107.26127173751702,48.16846940493149]]]}"
000000000000000010f1,7016,0,0,0,"{""type"":""Polygon"",""coordinates"":[[[-107.2613898625616,48.16842242711133],[-107.26134301807346,48.16841888388997],[-107.2613300209835,48.16842807524716],[-107.26131062708826,48.168441846571554],[-107.26129123318233,48.168455617895894],[-107.26127173751702,48.16846940493149],[-107.26137596686306,48.16856115530916],[-107.2613890601967,48.16855640030335],[-107.26141495270709,48.16853803323753],[-107.26144108768194,48.168524158054964],[-107.26148095436739,48.1685188610713],[-107.2613898625616,48.16842242711133]]]}"
000000000000000010f2,7017,0,0,0,"{""type"":""Polygon"",""coordinates"":[[[-107.26150560543876,48.168321855716414],[-107.26143403101338,48.16836351975766],[-107.26141517380637,48.16839063998016],[-107.26139655905239,48.16842225208847],[-107.2613898625616,48.16842242711133],[-107.26148095436739,48.1685188610713],[-107.26148735117332,48.16851428108588],[-107.26155921291739,48.16847717997277],[-107.26156590942996,48.16847700493735],[-107.26150560543876,48.168321855716414]]]}"
000000000000000010f3,7018,0,0,0,"{""type"":""Polygon"",""coordinates"":[[[-107.26165356296649,48.16834578561322],[-107.26162733191205,48.16835522443852],[-107.26157882721402,48.168316015557494],[-107.2615913392298,48.168297840460326],[-107.26160433624428,48.16828864909237],[-107.26162373000862,48.16827487775196],[-107.26163022851048,48.16827028206795],[-107.26161455511223,48.16821702307119],[-107.26155505247272,48.1682315995308],[-107.2615368783663,48.168272124073],[-107.26152432181202,48.16829022793894],[-107.26151234644895,48.168321751901615],[-107.26150560543876,48.168321855716414],[-107.26156590942996,48.16847700493735],[-107.26162608994404,48.16848028489685],[-107.26167855774474,48.1684569551077],[-107.26169189356081,48.168456691947],[-107.26165356296649,48.16834578561322]]]}"
0000000000000000111b,7019,0,0,0,"{""type"":""MultiPolygon"",""coordinates"":[[[[-107.26162114983343,48.16821686374546],[-107.26161455511223,48.16821702307119],[-107.26163022851048,48.16827028206795],[-107.26166969901017,48.168256143748025],[-107.26162114983343,48.16821686374546]]],[[[-107.2617391560877,48.16831726263531],[-107.26165356296649,48.16834578561322],[-107.26169189356081,48.168456691947],[-107.26174465555778,48.16844221916283],[-107.26180405684586,48.16842765822922],[-107.26185080537522,48.16842676484914],[-107.2618641412049,48.168426501664314],[-107.2617391560877,48.16831726263531]]]]}"
0000000000000000113b,7020,0,0,0,"{""type"":""MultiPolygon"",""coordinates"":[[[[-107.26182391261857,48.16827098580167],[-107.261752293869,48.16831257881944],[-107.2617391560877,48.16831726263531],[-107.2618641412049,48.168426501664314],[-107.26196243180677,48.16838438207365],[-107.2619873021212,48.16834368230795],[-107.26182391261857,48.16827098580167]]],[[[-107.26167395599585,48.16820246229054],[-107.26165422353432,48.1682073054133],[-107.26162114983343,48.16821686374546],[-107.26166969901017,48.168256143748025],[-107.26170242848669,48.16824210924445],[-107.26170228771761,48.16823760167497],[-107.2617426337112,48.16824574039815],[-107.26176271047493,48.16824537339897],[-107.26167395599585,48.16820246229054]]]]}"
00000000000000001158,7021,0,0,0,"{""type"":""Polygon"",""coordinates"":[[[-107.26183306468863,48.16817695603157],[-107.26182622742665,48.16817262352037],[-107.26183432908395,48.168203780430005],[-107.26182099333859,48.16820404360742],[-107.26179432185324,48.168204569956586],[-107.26176090936755,48.168205200130586],[-107.26173423789844,48.168205726462645],[-107.26169379020476,48.16819760345255],[-107.26167395599585,48.16820246229054],[-107.26176271047493,48.16824537339897],[-107.26181581096208,48.16823982885143],[-107.26182391261857,48.16827098580167],[-107.2619873021212,48.16834368230795],[-107.2620002991125,48.16833449087897],[-107.26203792376704,48.16828010785938],[-107.26205731746,48.16826633643542],[-107.26183306468863,48.16817695603157]],[[-107.26184272501366,48.168243794352314],[-107.26184394488321,48.16827054756921],[-107.2618821509669,48.16822958473729],[-107.26184272501366,48.168243794352314]],[[-107.26184272501366,48.168243794352314],[-107.26183564520437,48.16823496997983],[-107.26182255197989,48.16823972501481],[-107.26184272501366,48.168243794352314]]]}"
000000000000000010ec,7022,0,0,0,"{""type"":""Polygon"",""coordinates"":[[[-107.26197146356473,48.16813403139538],[-107.26196574449874,48.16815646776507],[-107.26189988967198,48.16817569562206],[-107.26183306468863,48.16817695603157],[-107.26205731746,48.16826633643542],[-107.26212703821528,48.16818013364829],[-107.26213309606229,48.1681666254556],[-107.26197146356473,48.16813403139538]]]}"
000000000000000010eb,7023,0,0,0,"{""type"":""Polygon"",""coordinates"":[[[-107.26200083271823,48.16804414237145],[-107.26199085718612,48.16812026002482],[-107.26197786027419,48.16812945141316],[-107.26197146356473,48.16813403139538],[-107.26213309606229,48.1681666254556],[-107.26213915390483,48.16815311726608],[-107.26217770398058,48.1681166305486],[-107.26218273972113,48.168080789875],[-107.26200083271823,48.16804414237145]]]}"
000000000000000010e8,7024,0,0,0,"{""type"":""Polygon"",""coordinates"":[[[-107.2620371407286,48.167958570262456],[-107.26202458446936,48.16797667407868],[-107.26200577232433,48.16800386541957],[-107.26200083271823,48.16804414237145],[-107.26218273972113,48.168080789875],[-107.2621996539147,48.168008989026674],[-107.26221230642884,48.16799532150893],[-107.2620371407286,48.167958570262456]]]}"
000000000000000010e4,7025,0,0,0,"{""type"":""Polygon"",""coordinates"":[[[-107.26206661131017,48.167868665813764],[-107.26204867497422,48.167918134021946],[-107.2620371407286,48.167958570262456],[-107.26221230642884,48.16799532150893],[-107.26225085628472,48.16795883487686],[-107.26228906173809,48.16791787214115],[-107.26206661131017,48.167868665813764]]]}"
000000000000000010e5,7026,0,0,0,"{""type"":""Polygon"",""coordinates"":[[[-107.26211625461698,48.1677828307616],[-107.26211639544084,48.16778733829021],[-107.26208410699122,48.167810285225784],[-107.26207111020508,48.16781947656952],[-107.26207164709346,48.16783282531348],[-107.26207266911267,48.167855157705795],[-107.26206661131017,48.167868665813764],[-107.26228906173809,48.16791787214115],[-107.26228886367717,48.16791345152893],[-107.26230205853892,48.16790868075038],[-107.2623273116499,48.16787698063843],[-107.26235340152964,48.16786303418125],[-107.26211625461698,48.1677828307616]]]}"
000000000000000010ca,7027,0,0,0,"{""type"":""Polygon"",""coordinates"":[[[-107.26221240290697,48.167691610495694],[-107.26219974506478,48.16770972995103],[-107.26218685007542,48.16771890557961],[-107.26216198041237,48.16775960489819],[-107.26211625461698,48.1677828307616],[-107.26235340152964,48.16786303418125],[-107.26235989991707,48.16785843848663],[-107.26221240290697,48.167691610495694]]]}"
000000000000000010ed,7028,0,0,0,"{""type"":""Polygon"",""coordinates"":[[[-107.26229769476524,48.16765868253155],[-107.26226496583199,48.167672717068996],[-107.2622519691159,48.16768190841145],[-107.26221240290697,48.167691610495694],[-107.26235989991707,48.16785843848663],[-107.26243049530582,48.167794513035545],[-107.26245448879845,48.16773153678801],[-107.26246098715608,48.16772694109877],[-107.26229769476524,48.16765868253155]]]}"
000000000000000010bb,7029,0,0,0,"{""type"":""Polygon"",""coordinates"":[[[-107.26250902566916,48.16760535390939],[-107.26232872366221,48.16760445949175],[-107.2623293051802,48.16761787939149],[-107.26233692203286,48.16764005231401],[-107.26229769476524,48.16765868253155],[-107.26246098715608,48.16772694109877],[-107.26246704481358,48.167713433005915],[-107.26248527497528,48.16767282182001],[-107.26251766494127,48.167649859102845],[-107.26250902566916,48.16760535390939]]]}"
000000000000000010c7,7030,1,0,0,"{""type"":""Polygon"",""coordinates"":[[[-107.26250043094416,48.16756091996633],[-107.26247059656419,48.16749001345998],[-107.26245682028564,48.16748136435361],[-107.26244290314867,48.16746820774634],[-107.2622869151406,48.16756507644935],[-107.2623005896355,48.167573741306846],[-107.26231436588566,48.167582390451514],[-107.26232872366221,48.16760445949175],[-107.26250902566916,48.16760535390939],[-107.26250043094416,48.16756091996633]]]}"
000000000000000010e0,7031,0,0,0,"{""type"":""Polygon"",""coordinates"":[[[-107.26240851338693,48.16744657712075],[-107.2623272798269,48.16742140380022],[-107.26230002724883,48.16740851042142],[-107.2621917644939,48.167526746309754],[-107.26221901708391,48.16753963974791],[-107.26223279329068,48.167548288899795],[-107.2622869151406,48.16756507644935],[-107.26244290314867,48.16746820774634],[-107.26240851338693,48.16744657712075]]]}"
000000000000000010e2,7032,0,0,0,"{""type"":""Polygon"",""coordinates"":[[[-107.26226607833068,48.16739579211479],[-107.26218548379035,48.167383951606],[-107.26213878093832,48.16738491631627],[-107.26209695300527,48.1674973441776],[-107.26213744475324,48.167505538136126],[-107.26217823089097,48.16752258894863],[-107.2621917644939,48.167526746309754],[-107.26230002724883,48.16740851042142],[-107.26226607833068,48.16739579211479]]]}"
000000000000000010db,7033,0,0,0,"{""type"":""Polygon"",""coordinates"":[[[-107.26207894065944,48.167390564774905],[-107.26201827643206,48.16737830156562],[-107.26199140745581,48.167374407379256],[-107.2619827930401,48.16748178436921],[-107.26200946405926,48.16748125798672],[-107.26206280611919,48.167480205199],[-107.26208361747656,48.16749760738249],[-107.26209695300527,48.1674973441776],[-107.26213878093832,48.16738491631627],[-107.26207894065944,48.167390564774905]]]}"
000000000000000010e1,7034,0,0,0,"{""type"":""Polygon"",""coordinates"":[[[-107.26185131197818,48.16737714300851],[-107.2618493935229,48.16748434495356],[-107.26189589834016,48.16747895980501],[-107.26193604563586,48.16748267776902],[-107.26194948288467,48.167482398873716],[-107.2619761538948,48.167481872500716],[-107.2619827930401,48.16748178436921],[-107.26199140745581,48.167374407379256],[-107.26185131197818,48.16737714300851]]]}"
000000000000000010e6,7035,0,0,0,"{""type"":""Polygon"",""coordinates"":[[[-107.26181780395595,48.16737333689332],[-107.26171795755344,48.16737977460492],[-107.26171617949272,48.167491484067455],[-107.26180918905597,48.1674807138778],[-107.2618493935229,48.16748434495356],[-107.26185131197818,48.16737714300851],[-107.26181780395595,48.16737333689332]]]}"
000000000000000010ea,7036,0,0,0,"{""type"":""Polygon"",""coordinates"":[[[-107.26158392031356,48.16736900187174],[-107.26158258234183,48.16748962369275],[-107.26160959199852,48.167498025510326],[-107.26171617949272,48.167491484067455],[-107.26171795755344,48.16737977460492],[-107.26158392031356,48.16736900187174]]]}"
000000000000000010dc,7037,0,0,0,"{""type"":""Polygon"",""coordinates"":[[[-107.26147679662566,48.16736219450341],[-107.26145696289356,48.1673670532075],[-107.26144204658854,48.16748344635109],[-107.2614885512518,48.167478061403905],[-107.26151580334951,48.167490955042304],[-107.26156904891234,48.16748546624427],[-107.26158258234183,48.16748962369275],[-107.26158392031356,48.16736900187174],[-107.26147679662566,48.16736219450341]]]}"
000000000000000010e9,7038,0,0,0,"{""type"":""Polygon"",""coordinates"":[[[-107.2613772892659,48.167377559917995],[-107.2613565356827,48.167360070681546],[-107.2613100312184,48.16736545554768],[-107.26132158735595,48.16747690190899],[-107.2613283281993,48.16747679811301],[-107.2613887048768,48.1674844987851],[-107.26142201483442,48.16748388448019],[-107.26143545201028,48.167483605658695],[-107.26144204658854,48.16748344635109],[-107.26145696289356,48.1673670532075],[-107.2613772892659,48.167377559917995]]]}"
000000000000000010f5,7039,0,0,0,"{""type"":""Polygon"",""coordinates"":[[[-107.2613100312184,48.16736545554768],[-107.26117657585922,48.16736810208173],[-107.26118823332524,48.16747953276445],[-107.26119482788563,48.167479373474315],[-107.26124157491593,48.167478480445034],[-107.26128822022244,48.167477603103386],[-107.2613016573769,48.167477324301196],[-107.26132158735595,48.16747690190899],[-107.2613100312184,48.16736545554768]]]}"
000000000000000010dd,7040,0,0,0,"{""type"":""Polygon"",""coordinates"":[[[-107.26117657585922,48.16736810208173],[-107.26115014761244,48.16737312001035],[-107.26108982297049,48.16736978426312],[-107.26104375894883,48.167384081360495],[-107.26105555669544,48.167500019612504],[-107.26106225299611,48.16749984462084],[-107.26108848340223,48.16749040611954],[-107.26112145463155,48.16748086383181],[-107.26116146079482,48.16748007462359],[-107.26118823332524,48.16747953276445],[-107.26117657585922,48.16736810208173]]]}"
000000000000000010da,7041,0,0,0,"{""type"":""Polygon"",""coordinates"":[[[-107.26104375894883,48.167384081360495],[-107.26100409153877,48.1673937985887],[-107.26096452587083,48.16740350009181],[-107.26092485845398,48.16741321729102],[-107.26090482684758,48.16741365530784],[-107.26089168941344,48.167418338919056],[-107.26097666195048,48.167528366500264],[-107.26102282789377,48.16751405368083],[-107.26105555669544,48.167500019612504],[-107.26104375894883,48.167384081360495]]]}"
000000000000000010fe,7042,0,0,0,"{""type"":""Polygon"",""coordinates"":[[[-107.26089168941344,48.167418338919056],[-107.26084600844268,48.16744163523417],[-107.2607740525336,48.16747429874115],[-107.26086425942539,48.16755290687128],[-107.26089034918716,48.16753896090048],[-107.26091701993698,48.16753843482781],[-107.26096352447279,48.1675330501326],[-107.26097666195048,48.167528366500264],[-107.26089168941344,48.167418338919056]]]}"
000000000000000010f4,7043,0,0,0,"{""type"":""Polygon"",""coordinates"":[[[-107.2607740525336,48.16747429874115],[-107.26076731173096,48.16747440249718],[-107.26069569427199,48.16751599406542],[-107.26065602678104,48.16752571117613],[-107.26077358686567,48.16761719767993],[-107.260805638669,48.1675853074445],[-107.26086425942539,48.16755290687128],[-107.2607740525336,48.16747429874115]]]}"
00000000000000001107,7044,0,0,0,"{""type"":""Polygon"",""coordinates"":[[[-107.26065602678104,48.16752571117613],[-107.26061646103234,48.1675354125621],[-107.2605699566238,48.16754079708617],[-107.26060212299568,48.16766522595146],[-107.26070163059545,48.16764986125057],[-107.2607479373154,48.16764005604964],[-107.26077358686567,48.16761719767993],[-107.26065602678104,48.16752571117613]]]}"
0000000000000000110f,7045,0,0,0,"{""type"":""Polygon"",""coordinates"":[[[-107.2605699566238,48.16754079708617],[-107.2605234522259,48.167546181587994],[-107.26047752867707,48.1675649859823],[-107.26045711409407,48.167556424582806],[-107.26044893550275,48.16767271433388],[-107.26049621872096,48.16768517039773],[-107.26060212299568,48.16766522595146],[-107.2605699566238,48.16754079708617]]]}"
0000000000000000110a,7046,0,0,0,"{""type"":""Polygon"",""coordinates"":[[[-107.26043010500504,48.16754802241725],[-107.26041676969497,48.167548285385266],[-107.26040333264118,48.167548564061406],[-107.26037666203007,48.167549089987936],[-107.26035629202757,48.167540599783294],[-107.26028681224444,48.16763129208706],[-107.26035436923519,48.167647802140834],[-107.26036804301236,48.16765646730545],[-107.26040848923965,48.16766459082801],[-107.26044893550275,48.16767271433388],[-107.26045711409407,48.167556424582806],[-107.26043010500504,48.16754802241725]]]}"
0000000000000000110e,7047,0,0,0,"{""type"":""Polygon"",""coordinates"":[[[-107.26029509305116,48.16751498671935],[-107.26029475462654,48.167506058617526],[-107.26029407210874,48.1674926544249],[-107.26024698712001,48.16748461888277],[-107.26015849659446,48.16759808120642],[-107.26020563887862,48.16760602988222],[-107.26026664005772,48.16762722244835],[-107.26028681224444,48.16763129208706],[-107.26035629202757,48.167540599783294],[-107.26029509305116,48.16751498671935]]]}"
0000000000000000110c,7048,0,0,0,"{""type"":""Polygon"",""coordinates"":[[[-107.2602268150246,48.16748054924471],[-107.26021284180479,48.16746747921036],[-107.26015838389269,48.16744176237111],[-107.26002256608578,48.167542697050656],[-107.26007732350257,48.16757281890202],[-107.26013808214039,48.16758951973042],[-107.2601518575595,48.16759816920912],[-107.26015849659446,48.16759808120642],[-107.26024698712001,48.16748461888277],[-107.2602268150246,48.16748054924471]]]}"
00000000000000001105,7049,0,0,0,"{""type"":""Polygon"",""coordinates"":[[[-107.26006241500004,48.16738551841616],[-107.25993289796152,48.16747743676303],[-107.2599736820525,48.167494488555086],[-107.26000190941168,48.16752964374543],[-107.26002256608578,48.167542697050656],[-107.26015838389269,48.16744176237111],[-107.26006241500004,48.16738551841616]]]}"
0000000000000000111f,7050,0,0,0,"{""type"":""Polygon"",""coordinates"":[[[-107.26000179733941,48.16737332509691],[-107.25998016453472,48.16733801080465],[-107.25995935473365,48.16732060817832],[-107.25981083980321,48.16743513818531],[-107.25985132994525,48.167443333139275],[-107.25985836447018,48.16745208632962],[-107.25990544912968,48.16746012206576],[-107.25992625896438,48.167477524748975],[-107.25993289796152,48.16747743676303],[-107.26006241500004,48.16738551841616],[-107.26000179733941,48.16737332509691]]]}"
00000000000000001104,7051,0,0,0,"{""type"":""Polygon"",""coordinates"":[[[-107.25995217963657,48.16730734751971],[-107.2599519373299,48.167302855731776],[-107.2597380333017,48.16729816519313],[-107.25971999867778,48.167343196201955],[-107.25974944398557,48.167405104219064],[-107.25977063650504,48.16743150622945],[-107.25981083980321,48.16743513818531],[-107.25995935473365,48.16732060817832],[-107.25995217963657,48.16730734751971]]]}"
00000000000000001106,7052,0,0,0,"{""type"":""Polygon"",""coordinates"":[[[-107.25980033827815,48.16719421321081],[-107.25978734149037,48.16720340413795],[-107.25975000951307,48.167266642042364],[-107.2597380333017,48.16729816519313],[-107.2599519373299,48.167302855731776],[-107.25997705075125,48.16726664908603],[-107.25998354914793,48.167262053604055],[-107.25980033827815,48.16719421321081]]]}"
00000000000000001103,7053,0,0,0,"{""type"":""Polygon"",""coordinates"":[[[-107.259896584123,48.16710743251033],[-107.25989008575087,48.16711202797231],[-107.2598777713742,48.16713462300113],[-107.25984513892105,48.16715309283221],[-107.25980033827815,48.16719421321081],[-107.25998354914793,48.167262053604055],[-107.26003567115548,48.16723424922362],[-107.26004842561046,48.16722056647747],[-107.259896584123,48.16710743251033]]]}"
00000000000000001102,7054,0,0,0,"{""type"":""Polygon"",""coordinates"":[[[-107.26004787309456,48.16705533643551],[-107.2599947305798,48.16706080860248],[-107.25994128855466,48.167061875896806],[-107.25992921652696,48.167088962679],[-107.259896584123,48.16710743251033],[-107.26004842561046,48.16722056647747],[-107.26008653565258,48.167175168904656],[-107.26009962845585,48.167170414213174],[-107.26004787309456,48.16705533643551]]]}"
000000000000000010ff,7055,0,0,0,"{""type"":""Polygon"",""coordinates"":[[[-107.26021696364322,48.16665002793837],[-107.26019053607116,48.16665504551731],[-107.26017977913776,48.16671332082016],[-107.26011455959701,48.16675033158068],[-107.26010268560056,48.16678183874683],[-107.26017203463407,48.1668429729281],[-107.26018736692703,48.16688730284286],[-107.26016521484514,48.1669905211788],[-107.26016643353582,48.167017273810934],[-107.26016799062707,48.16705295448127],[-107.26008768054102,48.16705012715339],[-107.26004787309456,48.16705533643551],[-107.26009962845585,48.167170414213174],[-107.26011946195666,48.16716555581356],[-107.26014579382517,48.1671561019273],[-107.26019165962578,48.16713738477527],[-107.26020519256991,48.16714154240284],[-107.26021897816955,48.16684650097382],[-107.26021194363129,48.1668377479108],[-107.26014908712953,48.16677647026494],[-107.2601740594115,48.166735756495214],[-107.26020654516576,48.16671723120486],[-107.26022715701201,48.16673021305848],[-107.2602255037683,48.166690096379945],[-107.26023190030118,48.16668551664398],[-107.26023029860194,48.16664976501149],[-107.26021696364322,48.16665002793837]]]}"
00000000000000001108,7056,0,0,0,"{""type"":""MultiPolygon"",""coordinates"":[[[[-107.26023029860194,48.16664976501149],[-107.26023190030118,48.16668551664398],[-107.2602709860137,48.16666238019761],[-107.2602703034889,48.1666489762195],[-107.26023029860194,48.16664976501149]]],[[[-107.26030077043602,48.16673321519813],[-107.26024665185847,48.16671642671063],[-107.2602255037683,48.166690096379945],[-107.26022715701201,48.16673021305848],[-107.26023409546035,48.16673452986962],[-107.26025465011321,48.16674759864461],[-107.26030843030352,48.16675545916191],[-107.26030077043602,48.16673321519813]]],[[[-107.26033509104043,48.16705862355159],[-107.26025527816421,48.16706462175954],[-107.26022763155113,48.16704288673948],[-107.26025958133735,48.16701101275036],[-107.2602705361123,48.16695715765088],[-107.26025462291491,48.166899407942275],[-107.26025374824472,48.16687713141273],[-107.26021897816955,48.16684650097382],[-107.26020519256991,48.16714154240284],[-107.26021202934162,48.16714587495718],[-107.26022584916068,48.167154595570324],[-107.26025295960939,48.1671629820307],[-107.26030033810795,48.167179874361146],[-107.26034650351575,48.1671655619752],[-107.26033509104043,48.16705862355159]]]]}"
0000000000000000110b,7057,0,0,0,"{""type"":""Polygon"",""coordinates"":[[[-107.2604408527663,48.167034172096834],[-107.26043415659336,48.16703434704035],[-107.26036825962503,48.167053502162396],[-107.26033509104043,48.16705862355159],[-107.26034650351575,48.1671655619752],[-107.26045186987166,48.167132269337806],[-107.26048479617667,48.1671226561292],[-107.2604408527663,48.167034172096834]]]}"
00000000000000001109,7058,0,0,0,"{""type"":""MultiPolygon"",""coordinates"":[[[[-107.26030077043602,48.16673321519813],[-107.26030843030352,48.16675545916191],[-107.26032768279532,48.1667371810534],[-107.26030077043602,48.16673321519813]]],[[[-107.26056658857033,48.167009369530334],[-107.26054049917374,48.167023315263755],[-107.2604408527663,48.167034172096834],[-107.26048479617667,48.1671226561292],[-107.26060999594729,48.167084504875774],[-107.26056658857033,48.167009369530334]]]]}"
000000000000000010df,7059,0,0,0,"{""type"":""Polygon"",""coordinates"":[[[-107.26069198585188,48.16697563880267],[-107.2606384474293,48.16697227023875],[-107.26056658857033,48.167009369530334],[-107.26060999594729,48.167084504875774],[-107.26063632777598,48.167075050870494],[-107.26074267065455,48.16706401885383],[-107.26069198585188,48.16697563880267]]]}"
000000000000000010de,7060,0,0,0,"{""type"":""Polygon"",""coordinates"":[[[-107.26081010592164,48.16692866315318],[-107.26077795860438,48.166956116727256],[-107.2606986248143,48.16697555076547],[-107.26069198585188,48.16697563880267],[-107.26074267065455,48.16706401885383],[-107.2608414939895,48.167035250154335],[-107.26086796646837,48.16703030356449],[-107.26081010592164,48.16692866315318]]]}"
00000000000000001100,7061,0,0,0,"{""type"":""Polygon"",""coordinates"":[[[-107.26092114654926,48.16687286317895],[-107.26091445037179,48.16687303815555],[-107.26086814458597,48.16688284327046],[-107.26081010592164,48.16692866315318],[-107.26086796646837,48.16703030356449],[-107.26094739660019,48.1670153056152],[-107.26096664906306,48.166997027289156],[-107.26099312153458,48.16699208066857],[-107.26092114654926,48.16687286317895]]]}"
000000000000000010d6,7062,0,0,0,"{""type"":""Polygon"",""coordinates"":[[[-107.26104634561528,48.16683471155502],[-107.2610333490893,48.16684390258155],[-107.26099378401621,48.16685360398044],[-107.26094112064959,48.16687251209479],[-107.26092114654926,48.16687286317895],[-107.26099312153458,48.16699208066857],[-107.26099961982801,48.166987485144354],[-107.26105204092366,48.16696408519947],[-107.2611048451406,48.16694968444921],[-107.26111143960094,48.16694952516894],[-107.26104634561528,48.16683471155502]]]}"
000000000000000010d9,7063,0,0,0,"{""type"":""Polygon"",""coordinates"":[[[-107.26116466317164,48.16679215612975],[-107.26115146874287,48.16679692663993],[-107.26113813360035,48.16679718970017],[-107.26111190369959,48.16680662807811],[-107.26108557204898,48.1668160821612],[-107.26105260143099,48.16682562430078],[-107.26104634561528,48.16683471155502],[-107.26111143960094,48.16694952516894],[-107.2611444103387,48.166939982983685],[-107.26119111213677,48.16693901879211],[-107.26124391634538,48.16692461797239],[-107.26116466317164,48.16679215612975]]]}"
000000000000000010d3,7064,0,0,0,"{""type"":""Polygon"",""coordinates"":[[[-107.26133748354644,48.16677538766053],[-107.26127056528564,48.16677221133864],[-107.26121780582145,48.166786683339524],[-107.26119089306387,48.166782717740205],[-107.26116466317164,48.16679215612975],[-107.26124391634538,48.16692461797239],[-107.26134923772226,48.16689125329979],[-107.26133748354644,48.16677538766053]]]}"
000000000000000010d4,7065,0,0,0,"{""type"":""Polygon"",""coordinates"":[[[-107.26148519213436,48.16679482554199],[-107.26139126465684,48.166783247551926],[-107.26136415387425,48.166774861481926],[-107.26135081870945,48.166775124572176],[-107.26133748354644,48.16677538766053],[-107.26134923772226,48.16689125329979],[-107.26136907118422,48.16688639466867],[-107.26138298757716,48.16689955130531],[-107.26145010412614,48.166907148079936],[-107.26151933793619,48.16681196453076],[-107.26148519213436,48.16679482554199]]]}"
000000000000000010cf,7066,0,0,0,"{""type"":""Polygon"",""coordinates"":[[[-107.26162180744434,48.166863610802686],[-107.26159353395437,48.16682838536],[-107.26156700428751,48.16683341905483],[-107.26151933793619,48.16681196453076],[-107.26145010412614,48.166907148079936],[-107.26145694109785,48.16691148052128],[-107.2614913294766,48.16693311130332],[-107.26150500344696,48.1669417761836],[-107.26151916243025,48.16695942456148],[-107.26162996045431,48.166899131992665],[-107.26162312345132,48.16689479956545],[-107.26162918118986,48.16688129173663],[-107.26162180744434,48.166863610802686]]]}"
000000000000000010d7,7067,0,0,0,"{""type"":""Polygon"",""coordinates"":[[[-107.2616792873538,48.16695625132303],[-107.2616576527513,48.16692093773384],[-107.26162996045431,48.166899131992665],[-107.26151916243025,48.16695942456148],[-107.2615739211659,48.166989545192365],[-107.26158861693894,48.167020542119566],[-107.26159589445135,48.16703378685559],[-107.26170693520554,48.166977985857834],[-107.2617190506619,48.1669509701506],[-107.2616792873538,48.16695625132303]]]}"
000000000000000010d0,7068,0,0,0,"{""type"":""Polygon"",""coordinates"":[[[-107.26170693520554,48.166977985857834],[-107.26159589445135,48.16703378685559],[-107.2616192283103,48.16710928865349],[-107.26170046008687,48.167134462469434],[-107.26177397389509,48.16713747915951],[-107.26180054834556,48.16713251658579],[-107.26170693520554,48.166977985857834]]]}"
000000000000000010d1,7069,0,0,0,"{""type"":""Polygon"",""coordinates"":[[[-107.26177229553396,48.166945481313554],[-107.2617190506619,48.1669509701506],[-107.26170693520554,48.166977985857834],[-107.26180054834556,48.16713251658579],[-107.26184055442259,48.167131727101925],[-107.2618672251496,48.167131200769866],[-107.26190533364256,48.1670858025912],[-107.26190406915013,48.167058978765],[-107.2619235639252,48.1670451919924],[-107.26192336590255,48.16704077145164],[-107.26177229553396,48.166945481313554]]]}"
000000000000000010d2,7070,0,0,0,"{""type"":""Polygon"",""coordinates"":[[[-107.2618298931116,48.1668907485768],[-107.26181230139721,48.1669446918497],[-107.26177229553396,48.166945481313554],[-107.26192336590255,48.16704077145164],[-107.26198262412902,48.16702170338753],[-107.26200885422152,48.167012264728285],[-107.26203284767429,48.166949289521604],[-107.2618298931116,48.1668907485768]]]}"
000000000000000010cc,7071,0,0,0,"{""type"":""Polygon"",""coordinates"":[[[-107.26202982612564,48.166882364736765],[-107.26202318708418,48.16688245286789],[-107.26189272974118,48.16680014465634],[-107.2618601423934,48.16681868625399],[-107.26184211020497,48.166863717190154],[-107.2618298931116,48.1668907485768],[-107.26203284767429,48.166949289521604],[-107.2620446240656,48.1669133458089],[-107.26206421503299,48.166903995288216],[-107.26202982612564,48.166882364736765]]]}"
000000000000000010cd,7072,0,0,0,"{""type"":""Polygon"",""coordinates"":[[[-107.26204304048734,48.16672578504712],[-107.26195706772795,48.16674530817052],[-107.26189272974118,48.16680014465634],[-107.26202318708418,48.16688245286789],[-107.26202240762707,48.16686461262559],[-107.2620490782137,48.16686408624923],[-107.26202982612564,48.166882364736765],[-107.26206421503299,48.166903995288216],[-107.2621034414798,48.16688536545361],[-107.26204304048734,48.16672578504712]]]}"
000000000000000010ce,7073,0,0,0,"{""type"":""Polygon"",""coordinates"":[[[-107.26220292270756,48.16671811922643],[-107.26215641873841,48.166723504424496],[-107.26207576855253,48.16671175085945],[-107.26204963497304,48.166725625702426],[-107.26204304048734,48.16672578504712],[-107.2621034414798,48.16688536545361],[-107.26212303242981,48.16687601492633],[-107.2621606997903,48.16682170462256],[-107.26218781102726,48.166830090463506],[-107.26222333765075,48.16672668010934],[-107.26220292270756,48.16671811922643]]]}"
000000000000000010c2,7074,0,0,0,"{""type"":""Polygon"",""coordinates"":[[[-107.26233338092094,48.16680042686624],[-107.26230490850259,48.16676078118183],[-107.26225020625971,48.16673057419225],[-107.26222333765075,48.16672668010934],[-107.26218781102726,48.166830090463506],[-107.26222815585,48.16683822879502],[-107.26225003368572,48.16687803392228],[-107.26225023174906,48.16688245444769],[-107.26236688867871,48.166804232766765],[-107.26233338092094,48.16680042686624]]]}"
000000000000000010e3,7075,0,0,0,"{""type"":""Polygon"",""coordinates"":[[[-107.26245486180305,48.16682930191768],[-107.2624141724791,48.16681668766586],[-107.26236688867871,48.166804232766765],[-107.26225023174906,48.16688245444769],[-107.2623133305345,48.166952674409934],[-107.26249564752098,48.16684635238723],[-107.26250844580385,48.16683274064575],[-107.26245486180305,48.16682930191768]]]}"
000000000000000010c9,7076,0,0,0,"{""type"":""Polygon"",""coordinates"":[[[-107.2623133305345,48.166952674409934],[-107.26233452525815,48.16697907557173],[-107.26245150851607,48.16705713919244],[-107.26249151478928,48.16705634943342],[-107.26249564752098,48.16684635238723],[-107.2623133305345,48.166952674409934]]]}"
000000000000000010c6,7077,0,0,0,"{""type"":""Polygon"",""coordinates"":[[[-107.26251504034092,48.16683258126746],[-107.26250844580385,48.16683274064575],[-107.26249564752098,48.16684635238723],[-107.26249151478928,48.16705634943342],[-107.2624981538955,48.16705626126797],[-107.26258432572983,48.16704115805715],[-107.26262297065708,48.16700910821514],[-107.26268236983647,48.16699454718729],[-107.26269536625087,48.16698535591405],[-107.26251504034092,48.16683258126746]]]}"
000000000000000010c8,7078,0,0,0,"{""type"":""Polygon"",""coordinates"":[[[-107.26265455309833,48.16681642503106],[-107.26260838783494,48.16683073842865],[-107.26253511650567,48.16683221413173],[-107.26252178115385,48.1668324773897],[-107.26251504034092,48.16683258126746],[-107.26269536625087,48.16698535591405],[-107.2627279536411,48.16696681397313],[-107.262760342885,48.16694385149991],[-107.26277323752693,48.16693467593797],[-107.26279209318157,48.16690755623704],[-107.26265455309833,48.16681642503106]]]}"
000000000000000010cb,7079,0,0,0,"{""type"":""Polygon"",""coordinates"":[[[-107.26271181069946,48.16675276397252],[-107.26268024593328,48.166793637753514],[-107.26267438663831,48.16681156613516],[-107.26265455309833,48.16681642503106],[-107.26279209318157,48.16690755623704],[-107.26279878949711,48.16690738112582],[-107.26286288433191,48.16684805220075],[-107.2628817398896,48.16682093252923],[-107.26271181069946,48.16675276397252]]]}"
000000000000000010c5,7080,0,0,0,"{""type"":""Polygon"",""coordinates"":[[[-107.26276169377684,48.166671422194526],[-107.26272436624575,48.166734660504765],[-107.26271181069946,48.16675276397252],[-107.2628817398896,48.16682093252923],[-107.26290079356447,48.166798233383595],[-107.26291154659694,48.16673995778094],[-107.26293113744033,48.16673060711722],[-107.26276169377684,48.166671422194526]]]}"
000000000000000010b9,7081,0,0,0,"{""type"":""Polygon"",""coordinates"":[[[-107.26279833772855,48.16659478002603],[-107.2627863639694,48.16662630309316],[-107.26277380848663,48.166644406530196],[-107.26276169377684,48.166671422194526],[-107.26293113744033,48.16673060711722],[-107.26295063187362,48.166716820230576],[-107.26298785734825,48.16665359757411],[-107.26300085360364,48.16664440632299],[-107.26279833772855,48.16659478002603]]]}"
000000000000000010c4,7082,0,0,0,"{""type"":""Polygon"",""coordinates"":[[[-107.262842118582,48.16652687504471],[-107.26283586313642,48.16653596235471],[-107.26282364676226,48.166562993681524],[-107.26281109131696,48.166581097100746],[-107.26279833772855,48.16659478002603],[-107.26300085360364,48.16664440632299],[-107.26303871794259,48.166594516440526],[-107.26305127331419,48.166576412988796],[-107.26307086406261,48.16656706232797],[-107.26307678035485,48.16654904708585],[-107.262842118582,48.16652687504471]]]}"
000000000000000010c1,7083,0,0,0,"{""type"":""Polygon"",""coordinates"":[[[-107.26307366042822,48.16647768669159],[-107.2630588615963,48.16644670605677],[-107.26285858980006,48.16644616406673],[-107.262880807349,48.1664948966415],[-107.262842118582,48.16652687504471],[-107.26307678035485,48.16654904708585],[-107.26308777571926,48.16649526344912],[-107.26307366042822,48.16647768669159]]]}"
0000000000000000103e,7084,0,0,0,"{""type"":""Polygon"",""coordinates"":[[[-107.26304460538991,48.16642462190237],[-107.26304396637039,48.16641128924268],[-107.26304318640105,48.166393449181115],[-107.26304832269574,48.16635759395135],[-107.26284794965933,48.16635706763968],[-107.26285547028832,48.16637480379412],[-107.26285703004444,48.166410483918355],[-107.26285736911132,48.16641941180931],[-107.2628581489891,48.16643725188351],[-107.26285858980006,48.16644616406673],[-107.2630588615963,48.16644670605677],[-107.26305876517632,48.166442269859644],[-107.26304460538991,48.16642462190237]]]}"
000000000000000010a2,7085,0,0,0,"{""type"":""Polygon"",""coordinates"":[[[-107.26281049824465,48.16626399055028],[-107.2628040001792,48.16626858612823],[-107.2628124415513,48.16630866968597],[-107.2628405307812,48.166339315778245],[-107.26284794965933,48.16635706763968],[-107.26304832269574,48.16635759395135],[-107.26305199544477,48.16629049487402],[-107.2630577135217,48.16626805925883],[-107.26281049824465,48.16626399055028]]]}"
000000000000000010fd,7086,0,0,0,"{""type"":""Polygon"",""coordinates"":[[[-107.26285935783649,48.166160317836926],[-107.26285310246479,48.16616940508298],[-107.26282363529597,48.16625930678871],[-107.26281049824465,48.16626399055028],[-107.2630577135217,48.16626805925883],[-107.26306323342445,48.16624120318532],[-107.2630611880624,48.166196539832185],[-107.26285935783649,48.166160317836926]]]}"
000000000000000010be,7087,0,0,0,"{""type"":""Polygon"",""coordinates"":[[[-107.26290215995756,48.166070152994045],[-107.26289702359847,48.16610600802211],[-107.26288412927777,48.16611518344829],[-107.26287191310186,48.16614221456046],[-107.26285935783649,48.166160317836926],[-107.2630611880624,48.166196539832185],[-107.26308415664785,48.166111233756915],[-107.26290215995756,48.166070152994045]]]}"
000000000000000010bf,7088,0,0,0,"{""type"":""Polygon"",""coordinates"":[[[-107.26291838807103,48.16598495105712],[-107.26290665732652,48.16602096542746],[-107.26290215995756,48.166070152994045],[-107.26308415664785,48.166111233756915],[-107.26309481267737,48.16604852274401],[-107.26310688240962,48.166021436156534],[-107.26291838807103,48.16598495105712]]]}"
00000000000000001096,7089,0,0,0,"{""type"":""Polygon"",""coordinates"":[[[-107.26294135676692,48.16589964535562],[-107.26294169586234,48.165908573159044],[-107.2629423793848,48.16592197690458],[-107.26291838807103,48.16598495105712],[-107.26310688240962,48.166021436156534],[-107.26313145533261,48.16597188138684],[-107.2631311161919,48.16596295357452],[-107.26315720458724,48.16594900744287],[-107.26315642454946,48.16593116754039],[-107.26294135676692,48.16589964535562]]]}"
00000000000000001095,7090,0,0,0,"{""type"":""Polygon"",""coordinates"":[[[-107.26295762921349,48.16581451490413],[-107.26293217989094,48.16584179345764],[-107.26294115861307,48.16589522491634],[-107.26294135676692,48.16589964535562],[-107.26315642454946,48.16593116754039],[-107.26316829601689,48.1658996605691],[-107.26318085107408,48.165881557347014],[-107.26319248508909,48.16584110689986],[-107.26295762921349,48.16581451490413]]]}"
000000000000000010a0,7091,0,0,0,"{""type"":""Polygon"",""coordinates"":[[[-107.26302080091497,48.16573283997058],[-107.26298337840605,48.16579164107664],[-107.26295762921349,48.16581451490413],[-107.26319248508909,48.16584110689986],[-107.26321623317507,48.165773641224625],[-107.2632958026942,48.16576314907988],[-107.26302080091497,48.16573283997058]]]}"
00000000000000001099,7092,0,0,0,"{""type"":""Polygon"",""coordinates"":[[[-107.26311010506404,48.165637290308936],[-107.2630973519026,48.16565097301815],[-107.2630772762564,48.16565134025008],[-107.26305788418412,48.16566511115592],[-107.26302080091497,48.16573283997058],[-107.2632958026942,48.16576314907988],[-107.2633621388985,48.16575290452055],[-107.26311010506404,48.165637290308936]]]}"
0000000000000000109c,7093,0,0,0,"{""type"":""Polygon"",""coordinates"":[[[-107.26322016276862,48.165559228972846],[-107.26317399904228,48.16557354226212],[-107.26314161118519,48.16559650424286],[-107.26311010506404,48.165637290308936],[-107.2633621388985,48.16575290452055],[-107.26337537751677,48.16574820502079],[-107.26322016276862,48.165559228972846]]]}"
0000000000000000109f,7094,0,0,0,"{""type"":""Polygon"",""coordinates"":[[[-107.26333823376685,48.16551218037874],[-107.26331190297772,48.165521634818575],[-107.26327272264683,48.16554033583581],[-107.26322016276862,48.165559228972846],[-107.26337537751677,48.16574820502079],[-107.26346008284294,48.16570185795576],[-107.26349280995046,48.16568782358182],[-107.26333823376685,48.16551218037874]]]}"
0000000000000000109a,7095,0,0,0,"{""type"":""Polygon"",""coordinates"":[[[-107.26342162091964,48.16543464571632],[-107.26340198627764,48.16544392502095],[-107.26339079358546,48.16549328719542],[-107.26333823376685,48.16551218037874],[-107.26349280995046,48.16568782358182],[-107.26353853287776,48.16566459805839],[-107.26359700881781,48.16562768975579],[-107.26342162091964,48.16543464571632]]]}"
000000000000000010a1,7096,0,0,0,"{""type"":""Polygon"",""coordinates"":[[[-107.26356112938788,48.16541848869948],[-107.2634947936971,48.16542873331832],[-107.26344639125978,48.165389511831826],[-107.26338655354822,48.16539516082672],[-107.26342039977641,48.165407893990924],[-107.26342811879724,48.165430050174024],[-107.26342162091964,48.16543464571632],[-107.26359700881781,48.16562768975579],[-107.26362289868761,48.165609323181734],[-107.26368743137152,48.165558907271794],[-107.26356112938788,48.16541848869948]]]}"
000000000000000010bd,7097,0,0,0,"{""type"":""Polygon"",""coordinates"":[[[-107.26362658306628,48.165390420039756],[-107.26358052124482,48.16540471776187],[-107.26356776827804,48.16541840046827],[-107.26356112938788,48.16541848869948],[-107.26368743137152,48.165558907271794],[-107.26369417203823,48.165558803317914],[-107.26372006183666,48.16554043674346],[-107.26375846179452,48.1655038957991],[-107.26379734727487,48.165476338085675],[-107.26380946089344,48.16544932293076],[-107.26362658306628,48.165390420039756]]]}"
00000000000000001063,7098,0,0,0,"{""type"":""GeometryCollection"",""geometries"":[{""type"":""LineString"",""coordinates"":[[-107.26362662352108,48.165390406517425],[-107.2636332940238,48.16539027509122]]},{""type"":""Polygon"",""coordinates"":[[[-107.26386345224694,48.16530979686541],[-107.26367094322751,48.16533593559883],[-107.26365819030734,48.165349618298215],[-107.26363327916633,48.165390244880825],[-107.26380946089344,48.16544932293076],[-107.26387062874097,48.16532305669371],[-107.26386345224694,48.16530979686541]]]}]}"
00000000000000001098,7099,0,0,0,"{""type"":""Polygon"",""coordinates"":[[[-107.26384651007479,48.16522971846297],[-107.26364012903731,48.165242772439875],[-107.26365410324195,48.16525584139873],[-107.26368325511237,48.165313340917564],[-107.26367094322751,48.16533593559883],[-107.26386345224694,48.16530979686541],[-107.26384651007479,48.16522971846297]]]}"
0000000000000000108e,7100,0,0,0,"{""type"":""Polygon"",""coordinates"":[[[-107.26383835494664,48.16519419863991],[-107.26383708895597,48.1651673758397],[-107.26377466752281,48.16511501460918],[-107.26358406470052,48.165181308169686],[-107.26356481399345,48.16519958634659],[-107.263619617725,48.16522977600347],[-107.26364012903731,48.165242772439875],[-107.26384651007479,48.16522971846297],[-107.26383835494664,48.16519419863991]]]}"
00000000000000001088,7101,0,0,0,"{""type"":""Polygon"",""coordinates"":[[[-107.2637331021093,48.16508012562463],[-107.26371190700497,48.165053725732356],[-107.26369779179768,48.165036149545124],[-107.26369701146989,48.16501830996334],[-107.26350811067167,48.16512478975068],[-107.2635424994868,48.165146419053656],[-107.26356994953163,48.165163731920146],[-107.26357028879185,48.16517265959252],[-107.26358406470052,48.165181308169686],[-107.26377466752281,48.16511501460918],[-107.2637331021093,48.16508012562463]]]}"
00000000000000001089,7102,0,0,0,"{""type"":""Polygon"",""coordinates"":[[[-107.2636421114179,48.16498368439545],[-107.26362013615528,48.164939444971374],[-107.2635997215108,48.164930884668216],[-107.26341262423155,48.16507753484969],[-107.26348041794589,48.16510298529722],[-107.26350811067167,48.16512478975068],[-107.26369701146989,48.16501830996334],[-107.2636421114179,48.16498368439545]]]}"
0000000000000000109b,7103,0,0,0,"{""type"":""Polygon"",""coordinates"":[[[-107.263545403753,48.16490967828538],[-107.26347882623554,48.164915431206694],[-107.26343174208874,48.16490739759828],[-107.26332329145984,48.165021208527435],[-107.2633439042336,48.165034189270564],[-107.26340510348875,48.165059799178266],[-107.26341262423155,48.16507753484969],[-107.2635997215108,48.164930884668216],[-107.263545403753,48.16490967828538]]]}"
0000000000000000108f,7104,0,0,0,"{""type"":""GeometryCollection"",""geometries"":[{""type"":""LineString"",""coordinates"":[[-107.26332309688375,48.165016784509085],[-107.26332329175894,48.16502121168869]]},{""type"":""Polygon"",""coordinates"":[[[-107.26341840730154,48.164907660956864],[-107.26336428800197,48.16489087482686],[-107.26331036698885,48.164878509021214],[-107.26328975431531,48.16486552830669],[-107.26322872678918,48.164996300378675],[-107.26332309325367,48.16501678816393],[-107.26332309688375,48.165016784509085],[-107.26343174208874,48.16490739759828],[-107.26341840730154,48.164907660956864]]]}]}"
0000000000000000108a,7105,0,0,0,"{""type"":""Polygon"",""coordinates"":[[[-107.26324227397596,48.164848653908045],[-107.26317511485931,48.16484098742337],[-107.26308058057568,48.164967953828814],[-107.26314105651777,48.16497563738304],[-107.26322872678918,48.164996300378675],[-107.26328975431531,48.16486552830669],[-107.26324227397596,48.164848653908045]]]}"
00000000000000001092,7106,0,0,0,"{""type"":""Polygon"",""coordinates"":[[[-107.26316178013245,48.164841250744445],[-107.26310712386358,48.16481111651654],[-107.26306643616049,48.16479850298304],[-107.26291348397866,48.164962289666015],[-107.26292681871377,48.16496202637861],[-107.26297971681248,48.16495206127975],[-107.26305391105933,48.1649684804457],[-107.26308058057568,48.164967953828814],[-107.26317511485931,48.16484098742337],[-107.26316178013245,48.164841250744445]]]}"
0000000000000000109d,7107,0,0,0,"{""type"":""Polygon"",""coordinates"":[[[-107.26303918493045,48.16478561042141],[-107.2629979600129,48.16475964890951],[-107.26298428621674,48.16475098459619],[-107.26273095078088,48.16491231310721],[-107.26277809162407,48.164920260151206],[-107.26279176539886,48.16492892452227],[-107.2628322548747,48.16493711784612],[-107.26287303895067,48.16495416758496],[-107.26291348397866,48.164962289666015],[-107.26306643616049,48.16479850298304],[-107.26303918493045,48.16478561042141]]]}"
00000000000000001094,7108,0,0,0,"{""type"":""Polygon"",""coordinates"":[[[-107.26295009644633,48.16473377557436],[-107.26289519794193,48.164699149726914],[-107.26288142246688,48.16469050111899],[-107.26267366834058,48.16482409717559],[-107.26263580571393,48.16487398519508],[-107.2626495811576,48.16488263386915],[-107.26268352814539,48.164895351482784],[-107.26273080985659,48.16490780582788],[-107.26273095078088,48.16491231310721],[-107.26298428621674,48.16475098459619],[-107.26295009644633,48.16473377557436]],[[-107.26276564931989,48.164790995673314],[-107.26275221827014,48.16478682287667],[-107.26275275547526,48.16480017084087],[-107.26276564931989,48.164790995673314]]]}"
00000000000000001081,7109,0,0,0,"{""type"":""Polygon"",""coordinates"":[[[-107.26283355912794,48.164664627753915],[-107.26279277539217,48.164647578083326],[-107.26277910171376,48.1646389137562],[-107.26275199171162,48.16463052839952],[-107.26272483720106,48.164622071826],[-107.26267366834058,48.16482409717559],[-107.26288142246688,48.16469050111899],[-107.26283355912794,48.164664627753915]]]}"
00000000000000001093,7110,0,0,0,"{""type"":""Polygon"",""coordinates"":[[[-107.26269113308445,48.16461384583011],[-107.26257771610851,48.164616055635776],[-107.26255754475662,48.164611986690105],[-107.26262213201825,48.164865320808815],[-107.26262872621326,48.164865161437326],[-107.26263580571393,48.16487398519508],[-107.26267366834058,48.16482409717559],[-107.26272483720106,48.164622071826],[-107.26269113308445,48.16461384583011]]]}"
00000000000000001084,7111,0,0,0,"{""type"":""Polygon"",""coordinates"":[[[-107.26255754475662,48.164611986690105],[-107.26253713077163,48.1646034261974],[-107.26247767833863,48.16461807329583],[-107.26246478452882,48.16462724839373],[-107.26242556060404,48.164645877514005],[-107.26242634032101,48.164663716995555],[-107.26249323858694,48.164818695508124],[-107.262519709726,48.164813748704724],[-107.26258168728906,48.164857198612346],[-107.26262213201825,48.164865320808815],[-107.26255754475662,48.164611986690105]]]}"
0000000000000000109e,7112,0,0,0,"{""type"":""GeometryCollection"",""geometries"":[{""type"":""LineString"",""coordinates"":[[-107.26243333570363,48.16467247030632],[-107.26242629775749,48.164663708084476]]},{""type"":""Polygon"",""coordinates"":[[[-107.26243337519611,48.16467246952677],[-107.26243333570363,48.16467247030632],[-107.26240670607615,48.16467299595083],[-107.26238555695879,48.16464666714277],[-107.26237881655278,48.16464677099634],[-107.262257567275,48.16477419135704],[-107.26228423642537,48.164773664972635],[-107.26232472539381,48.16478185849931],[-107.26237860081955,48.164794153652444],[-107.26243979837048,48.164819764102226],[-107.26249323858694,48.164818695508124],[-107.26243337519611,48.16467246952677]]]}]}"
000000000000000010d5,7113,0,0,0,"{""type"":""Polygon"",""coordinates"":[[[-107.26233881292652,48.164647560605154],[-107.26230350517372,48.164603584308715],[-107.26213355658422,48.164687378135305],[-107.26213375464854,48.16469179847723],[-107.26213477681326,48.164714129534595],[-107.26215592572711,48.16474045843676],[-107.26220378832373,48.164766332195796],[-107.262257567275,48.16477419135704],[-107.26237881655278,48.16464677099634],[-107.26233881292652,48.164647560605154]]]}"
000000000000000010d8,7114,0,0,0,"{""type"":""Polygon"",""coordinates"":[[[-107.26228289322658,48.16459060342724],[-107.26226194234782,48.16456869495999],[-107.26225388530018,48.164537611442896],[-107.26205586247899,48.16459060157178],[-107.26209083092252,48.164625650363256],[-107.26213355658422,48.164687378135305],[-107.26230350517372,48.164603584308715],[-107.26228289322658,48.16459060342724]]]}"
000000000000000010fc,7115,0,0,0,"{""type"":""Polygon"",""coordinates"":[[[-107.26224524671005,48.164493108835856],[-107.26223064740371,48.16446654952548],[-107.26204454663527,48.164483652993844],[-107.26205294238198,48.16452366407875],[-107.26204882773601,48.16458184902316],[-107.26205586247899,48.16459060157178],[-107.26225388530018,48.164537611442896],[-107.26224524671005,48.164493108835856]]]}"
00000000000000001101,7116,0,0,0,"{""type"":""Polygon"",""coordinates"":[[[-107.26209316250603,48.16437549267459],[-107.26205427773895,48.16440304910402],[-107.26203600463808,48.16444358643873],[-107.26204454663527,48.164483652993844],[-107.26223064740371,48.16446654952548],[-107.26221599630806,48.164435625404536],[-107.26223538782136,48.16442185500417],[-107.26224838331638,48.16441266426333],[-107.26209316250603,48.16437549267459]]]}"
00000000000000001085,7117,0,0,0,"{""type"":""Polygon"",""coordinates"":[[[-107.26216966711286,48.1642935574072],[-107.26211275206856,48.164366142629795],[-107.26209316250603,48.16437549267459],[-107.26224838331638,48.16441266426333],[-107.26225483653478,48.16440799768293],[-107.26226773028452,48.16439882265293],[-107.26228072576761,48.16438963191203],[-107.26229361950786,48.164380456881986],[-107.26230661498143,48.16437126614102],[-107.26233328385601,48.16437073975401],[-107.26216966711286,48.1642935574072]]]}"
00000000000000001087,7118,0,0,0,"{""type"":""Polygon"",""coordinates"":[[[-107.26225988928215,48.164220357765025],[-107.26220777209986,48.16424816164113],[-107.26216966711286,48.1642935574072],[-107.26233328385601,48.16437073975401],[-107.26234583860968,48.16435263717392],[-107.26234549963547,48.164343709628845],[-107.26240431275602,48.16431573056203],[-107.26225988928215,48.164220357765025]]]}"
00000000000000001086,7119,0,0,0,"{""type"":""Polygon"",""coordinates"":[[[-107.26237785944042,48.16416887565276],[-107.26230536783407,48.16419264201098],[-107.26225988928215,48.164220357765025],[-107.26240431275602,48.16431573056203],[-107.26242394680307,48.16430645167517],[-107.26244299921322,48.16428375373523],[-107.26246239060664,48.16426998333172],[-107.26247538602158,48.164260792588664],[-107.26237785944042,48.16416887565276]]]}"
00000000000000001082,7120,0,0,0,"{""type"":""Polygon"",""coordinates"":[[[-107.26248889099104,48.16411307701651],[-107.2624558654749,48.16412270601062],[-107.26237785944042,48.16416887565276],[-107.26247538602158,48.164260792588664],[-107.26250753015965,48.16423333993046],[-107.26254695174036,48.164219131234276],[-107.26258675687082,48.16421392125479],[-107.26258651422037,48.16420942974581],[-107.26248889099104,48.16411307701651]]]}"
00000000000000001083,7121,0,0,0,"{""type"":""Polygon"",""coordinates"":[[[-107.26260006325315,48.16406178552309],[-107.26257441698031,48.16408464275603],[-107.26254100792711,48.164085273065254],[-107.26248889099104,48.16411307701651],[-107.26258651422037,48.16420942974581],[-107.2626189009226,48.16418646858589],[-107.26267761736004,48.16415405343675],[-107.26269075363552,48.164149369900535],[-107.26260006325315,48.16406178552309]]]}"
00000000000000001079,7122,0,0,0,"{""type"":""Polygon"",""coordinates"":[[[-107.26270450036179,48.16400614612397],[-107.26263211076487,48.164029896937464],[-107.26260006325315,48.16406178552309],[-107.26269075363552,48.164149369900535],[-107.26274942546732,48.16411688352289],[-107.26280222587081,48.164102482713425],[-107.26270450036179,48.16400614612397]]]}"
0000000000000000107a,7123,0,0,0,"{""type"":""Polygon"",""coordinates"":[[[-107.26276532924443,48.16387095658433],[-107.2627531139036,48.16389798650936],[-107.26278784001585,48.16392854309365],[-107.26280199881052,48.163946190278295],[-107.26274406263799,48.16399644461494],[-107.26270450036179,48.16400614612397],[-107.26280222587081,48.164102482713425],[-107.26283529061318,48.16409737652368],[-107.26289376416604,48.16406046980738],[-107.26276532924443,48.16387095658433]]]}"
0000000000000000107f,7124,0,0,0,"{""type"":""Polygon"",""coordinates"":[[[-107.26285506435823,48.16378877406836],[-107.26283547513898,48.163798124153516],[-107.2627972747553,48.1638390837769],[-107.26278427953135,48.163848274485176],[-107.26276532924443,48.16387095658433],[-107.26289376416604,48.16406046980738],[-107.26293948505491,48.16403724533806],[-107.2630191523758,48.164026738156636],[-107.26285506435823,48.16378877406836]]]}"
0000000000000000107b,7125,1,0,0,"{""type"":""Polygon"",""coordinates"":[[[-107.26288789145083,48.16377472474317],[-107.26285506435823,48.16378877406836],[-107.2630191523758,48.164026738156636],[-107.26303228861178,48.164022054585985],[-107.26308484622103,48.164003162160334],[-107.26309828237328,48.16400288315044],[-107.26316998835262,48.16396572875005],[-107.26288789145083,48.16377472474317]]]}"
00000000000000001077,7126,0,0,0,"{""type"":""Polygon"",""coordinates"":[[[-107.2630138605195,48.16375441221174],[-107.26288789145083,48.16377472474317],[-107.26316998835262,48.16396572875005],[-107.26324223691667,48.163937470366946],[-107.26329557458098,48.16393641707642],[-107.2633147674363,48.16391822632844],[-107.2630138605195,48.16375441221174]]]}"
0000000000000000107d,7127,0,0,0,"{""type"":""Polygon"",""coordinates"":[[[-107.26310452136667,48.16369012429502],[-107.26305113963656,48.16369110625413],[-107.26306505580654,48.16370426185507],[-107.2630605592344,48.16375344724708],[-107.2630138605195,48.16375441221174],[-107.2633147674363,48.16391822632844],[-107.2633399331089,48.163881934332814],[-107.26339932736033,48.1638673738501],[-107.26341862188544,48.163849167395],[-107.26310452136667,48.16369012429502]]]}"
00000000000000000fec,7128,0,0,0,"{""type"":""Polygon"",""coordinates"":[[[-107.26372596475633,48.16370464186541],[-107.26311761295241,48.16368536953713],[-107.26310452136667,48.16369012429502],[-107.26341862188544,48.163849167395],[-107.26343171353511,48.16384441257829],[-107.26343801288574,48.1638353969179],[-107.26346409968015,48.16382145130632],[-107.26348349065796,48.163807680827844],[-107.26349682505895,48.1638074174755],[-107.26352349386634,48.16380689076514],[-107.26352393487369,48.163815802495606],[-107.26352427414363,48.163824729939606],[-107.26348549217076,48.16385227092207],[-107.26349974787975,48.163874353945936],[-107.2636253785252,48.163845113103015],[-107.26365772009129,48.16382208055818],[-107.26370582621124,48.163852444570736],[-107.26371266309306,48.163856776602636],[-107.26373171473213,48.16383407862009],[-107.26373718911707,48.163807152564544],[-107.26373484797118,48.16375363509022],[-107.26372596475633,48.16370464186541]]]}"
00000000000000000fe5,7129,0,0,0,"{""type"":""Polygon"",""coordinates"":[[[-107.26370184712523,48.163611306437865],[-107.26368729135177,48.16358481902677],[-107.2636310308729,48.16351893642779],[-107.26362395128221,48.16351011297257],[-107.26356929620272,48.16347997973868],[-107.2635423848445,48.163476015011916],[-107.26311761295241,48.16368536953713],[-107.26372596475633,48.16370464186541],[-107.26372576649233,48.163700221614604],[-107.26370184712523,48.163611306437865]]]}"
00000000000000001080,7130,0,1,0,"{""type"":""Polygon"",""coordinates"":[[[-107.26347424939293,48.163446089596654],[-107.2634269688486,48.163433635933536],[-107.26301441245452,48.16361595994969],[-107.26302124916221,48.16362029201581],[-107.26299580153604,48.16364756940765],[-107.26305113963656,48.16369110625413],[-107.26310452136667,48.16369012429502],[-107.26311761295241,48.16368536953713],[-107.2635423848445,48.163476015011916],[-107.26347424939293,48.163446089596654]]]}"
0000000000000000107c,7131,0,0,0,"{""type"":""Polygon"",""coordinates"":[[[-107.26337954734362,48.16341667510013],[-107.26329851898528,48.16339592457561],[-107.26328532576586,48.16340069504106],[-107.26327218975224,48.1634053785855],[-107.26327199154113,48.16340095835752],[-107.26326535303309,48.1634010465552],[-107.26293749724204,48.16353702518332],[-107.26298535933749,48.163562897974614],[-107.26301441245452,48.16361595994969],[-107.2634269688486,48.163433635933536],[-107.26337954734362,48.16341667510013]]]}"
0000000000000000107e,7132,0,0,0,"{""type"":""Polygon"",""coordinates"":[[[-107.26262945971156,48.16336447432685],[-107.26261895044989,48.163427237579704],[-107.26259262122115,48.16343669140868],[-107.26256693088955,48.163459477148145],[-107.26252673034313,48.16345584655071],[-107.2624872650762,48.1634699838029],[-107.26246879480925,48.163506100237484],[-107.26247631478827,48.16352383547887],[-107.26253614898701,48.16351818734107],[-107.26257009469465,48.163530904698085],[-107.26258186921459,48.163494963297794],[-107.26262792846349,48.16348066663817],[-107.26264907723123,48.163506994819265],[-107.2627230255672,48.16351892242358],[-107.26276918660115,48.163504609977394],[-107.26278252079172,48.16350434673114],[-107.26282926360476,48.16350345310298],[-107.26284841181501,48.163485191392205],[-107.2628886570969,48.16348889306008],[-107.26292182304087,48.163483771202316],[-107.26290335309817,48.163519887721755],[-107.26293749724204,48.16353702518332],[-107.26326535303309,48.1634010465552],[-107.26262945971156,48.16336447432685]]]}"
00000000000000000feb,7133,0,0,0,"{""type"":""GeometryCollection"",""geometries"":[{""type"":""LineString"",""coordinates"":[[-107.26329848694215,48.16339595978983],[-107.263285342864,48.163400685046334]]},{""type"":""Polygon"",""coordinates"":[[[-107.26325709699913,48.16336554360554],[-107.26298554221071,48.16326364868059],[-107.26296595328606,48.16327299869177],[-107.26294748350288,48.16330911507122],[-107.26290845923472,48.1633321641088],[-107.26288179094341,48.163332690630455],[-107.26285590262339,48.16335105617205],[-107.26282297949972,48.16336066942548],[-107.26277545694491,48.163343724010794],[-107.2627487886831,48.16334425049485],[-107.26273501373446,48.16333560207487],[-107.26273389474397,48.16330883568449],[-107.26269389240927,48.16330962538849],[-107.26267328090697,48.16329664489823],[-107.26263439752853,48.16332420096343],[-107.26264201397235,48.163346372066115],[-107.26262945971156,48.16336447432685],[-107.26326535303309,48.1634010465552],[-107.26327199154113,48.16340095835752],[-107.26327790708763,48.16338294420397],[-107.26325709699913,48.16336554360554]],[[-107.26323018584982,48.163361578794564],[-107.26319668074748,48.16335777337659],[-107.2632040993764,48.163375524212746],[-107.26323018584982,48.163361578794564]],[[-107.26290254354421,48.16335017822589],[-107.26288906843477,48.16334593434237],[-107.26289614776553,48.163354757830895],[-107.26290254354421,48.16335017822589]]]}]}"
00000000000000000fe9,7134,0,0,0,"{""type"":""Polygon"",""coordinates"":[[[-107.26314620492977,48.16312202261182],[-107.26313961100882,48.16312218200663],[-107.26308661377792,48.16313216249294],[-107.26305447089521,48.1631596147397],[-107.2630215033965,48.16316915681454],[-107.26299619708503,48.16320094109566],[-107.26297006618317,48.16321481519723],[-107.26295707121093,48.16322400581364],[-107.26298373944549,48.16322347927361],[-107.26299707356547,48.16322321600074],[-107.26301050942261,48.16322293701474],[-107.26305109367598,48.16323556594968],[-107.26301167314753,48.16324977456108],[-107.26298554221071,48.16326364868059],[-107.26325709699913,48.16336554360554],[-107.26325001755232,48.16335672014477],[-107.26325671325856,48.16335654502886],[-107.26314620492977,48.16312202261182]]]}"
00000000000000000fed,7135,0,0,0,"{""type"":""Polygon"",""coordinates"":[[[-107.26336362971315,48.163358929898145],[-107.2633437979991,48.16336378857191],[-107.26332992633104,48.16335070430505],[-107.26330257420334,48.163337827862684],[-107.26334829411054,48.16331460354192],[-107.26335498981607,48.16331442841932],[-107.26330689803633,48.16313226598041],[-107.26325253861819,48.163110988875026],[-107.26321209533566,48.163102867177834],[-107.26314620492977,48.16312202261182],[-107.26325671325856,48.16335654502886],[-107.26327018846912,48.16336078885906],[-107.26325709699913,48.16336554360554],[-107.26327790708763,48.16338294420397],[-107.26327746613495,48.16337403254415],[-107.26331165499599,48.16339124102849],[-107.26329851898528,48.16339592457561],[-107.26337954734362,48.16341667510013],[-107.26336362971315,48.163358929898145]],[[-107.26329627492612,48.16334684342723],[-107.26327590579598,48.16333835449684],[-107.26328396363348,48.16336943720088],[-107.26329627492612,48.16334684342723]]]}"
00000000000000000fea,7136,0,0,0,"{""type"":""MultiPolygon"",""coordinates"":[[[[-107.26344969156773,48.163343842890555],[-107.26336362971315,48.163358929898145],[-107.26337954734362,48.16341667510013],[-107.2634269688486,48.163433635933536],[-107.26347424939293,48.163446089596654],[-107.2634760207627,48.16333438884398],[-107.26344969156773,48.163343842890555]]],[[[-107.26342792830889,48.163152226413814],[-107.26336833699682,48.163162366479725],[-107.26334748242913,48.16314489476476],[-107.26330689803633,48.16313226598041],[-107.26335498981607,48.16331442841932],[-107.26342132160829,48.163304184406904],[-107.26342771735052,48.16329960477222],[-107.26347465846374,48.16330313105004],[-107.26346759152004,48.16314250907237],[-107.26342792830889,48.163152226413814]]]]}"
00000000000000000fef,7137,0,0,0,"{""type"":""Polygon"",""coordinates"":[[[-107.26356229305603,48.16317192334205],[-107.26351487173916,48.16315496265494],[-107.26348742312435,48.16313765039622],[-107.26346759152004,48.16314250907237],[-107.26347465846374,48.16330313105004],[-107.26349463118859,48.16330277949321],[-107.26350215171223,48.16332051457198],[-107.2634760207627,48.16333438884398],[-107.26347424939293,48.163446089596654],[-107.2635423848445,48.163476015011916],[-107.26356929620272,48.16347997973868],[-107.26359987854043,48.163416849062685],[-107.26360120849183,48.16329623673631],[-107.26360082466545,48.16328723817501],[-107.26360923409267,48.16317544954746],[-107.26356229305603,48.16317192334205]]]}"
00000000000000000fe7,7138,0,0,0,"{""type"":""Polygon"",""coordinates"":[[[-107.2637163487382,48.16318225422472],[-107.26360923409267,48.16317544954746],[-107.26360082466545,48.16328723817501],[-107.26367457540351,48.16329474476254],[-107.26366226430926,48.16331733855735],[-107.26360848629228,48.163309480376675],[-107.26360120849183,48.16329623673631],[-107.26359987854043,48.163416849062685],[-107.26377720624535,48.163198935719414],[-107.2637163487382,48.16318225422472]]]}"
00000000000000000fdf,7139,0,0,0,"{""type"":""Polygon"",""coordinates"":[[[-107.26389935746815,48.163245661866455],[-107.2638927634729,48.16324582131526],[-107.26385149463292,48.16321978970541],[-107.26377720624535,48.163198935719414],[-107.26359987854043,48.163416849062685],[-107.26356929620272,48.16347997973868],[-107.26362395128221,48.16351011297257],[-107.26379047199664,48.16335055792749],[-107.26389935746815,48.163245661866455]],[[-107.26379047199664,48.16335055792749],[-107.2637632213048,48.163337665911925],[-107.2637708385201,48.16335983691113],[-107.26379047199664,48.16335055792749]]]}"
00000000000000000fe8,7140,0,0,0,"{""type"":""Polygon"",""coordinates"":[[[-107.26402263426363,48.163314702589055],[-107.26398194741915,48.163302089779954],[-107.26395449834175,48.163284777618216],[-107.26393388612142,48.163271797423],[-107.26389935746815,48.163245661866455],[-107.26379047199664,48.16335055792749],[-107.26362395128221,48.16351011297257],[-107.2636310308729,48.16351893642779],[-107.26402947111411,48.16331903455498],[-107.26402263426363,48.163314702589055]]]}"
00000000000000000fe3,7141,0,0,0,"{""type"":""Polygon"",""coordinates"":[[[-107.2636310308729,48.16351893642779],[-107.26368729135177,48.16358481902677],[-107.26411264379857,48.16338888121659],[-107.26410532123401,48.1633755663928],[-107.2641324755964,48.16338402237954],[-107.26413897305324,48.163379426978565],[-107.26413189332492,48.16337060358765],[-107.26411128095721,48.163357623413134],[-107.26409189032775,48.163371393892035],[-107.26407181570164,48.163371761290215],[-107.2640506656566,48.163345433522565],[-107.26402947111411,48.16331903455498],[-107.26389231150137,48.163388708459124],[-107.2636310308729,48.16351893642779]],[[-107.2639341182314,48.16342808772761],[-107.26391394705637,48.16342401915421],[-107.26392112327746,48.16343727851128],[-107.2639341182314,48.16342808772761]],[[-107.26389939115683,48.16339753187258],[-107.26390666910395,48.16341077551208],[-107.26391956231294,48.16340160044748],[-107.26389939115683,48.16339753187258]],[[-107.26389939115683,48.16339753187258],[-107.26389231150137,48.163388708459124],[-107.26388605684599,48.163397795276516],[-107.26389939115683,48.16339753187258]]]}"
00000000000000000fe1,7142,0,0,0,"{""type"":""MultiPolygon"",""coordinates"":[[[[-107.2641324755964,48.16338402237954],[-107.26413917136951,48.16338384720028],[-107.26413897305324,48.163379426978565],[-107.2641324755964,48.16338402237954]]],[[[-107.26417618333524,48.16346800697596],[-107.26413379392372,48.16341520899025],[-107.26411264379857,48.16338888121659],[-107.26368729135177,48.16358481902677],[-107.26370184712523,48.163611306437865],[-107.26418370426677,48.16348574204658],[-107.26417618333524,48.16346800697596]]]]}"
00000000000000000fe2,7143,0,0,0,"{""type"":""Polygon"",""coordinates"":[[[-107.2641928830141,48.16354359119165],[-107.26418370426677,48.16348574204658],[-107.26370184712523,48.163611306437865],[-107.26372576649233,48.163700221614604],[-107.26422761056811,48.163574147012994],[-107.2641928830141,48.16354359119165]]]}"
00000000000000000fee,7144,0,0,0,"{""type"":""Polygon"",""coordinates"":[[[-107.26427786078048,48.16365360763037],[-107.2642833347632,48.163626681646065],[-107.26423444750277,48.163578478983524],[-107.26422761056811,48.163574147012994],[-107.26372576649233,48.163700221614604],[-107.26372596475633,48.16370464186541],[-107.26373484797118,48.16375363509022],[-107.26429163643611,48.163662255863166],[-107.26427786078048,48.16365360763037]]]}"
00000000000000001060,7145,0,0,0,"{""type"":""MultiPolygon"",""coordinates"":[[[[-107.26432870622878,48.16374632908799],[-107.26430765235179,48.16372443716302],[-107.26431224906639,48.16367523606731],[-107.26429173303143,48.16366669182064],[-107.26429163643611,48.163662255863166],[-107.26373484797118,48.16375363509022],[-107.26373718911707,48.163807152564544],[-107.26433592721325,48.16375965969727],[-107.26432870622878,48.16374632908799]]],[[[-107.26457039906462,48.16362544903071],[-107.26455271108276,48.163679405038685],[-107.26454049687484,48.16370643506421],[-107.26452896679615,48.16374686826781],[-107.26458210655012,48.163741394004596],[-107.26458098622408,48.16371462746356],[-107.26459295750995,48.16368310597651],[-107.26459115300125,48.16364293632428],[-107.26460414796405,48.163633745413804],[-107.26460346378694,48.16362034227858],[-107.26457039906462,48.16362544903071]]]]}"
00000000000000001074,7146,0,0,0,"{""type"":""MultiPolygon"",""coordinates"":[[[[-107.26464115335564,48.16386970545948],[-107.26464061544014,48.1638563577595],[-107.26463353547379,48.16384753433178],[-107.26460798666092,48.16387482796789],[-107.26446760552585,48.16386871076254],[-107.26445446931602,48.16387339451535],[-107.2647488539015,48.16388992789963],[-107.26475535142177,48.16388533241121],[-107.26476184894085,48.16388073692279],[-107.26464115335564,48.16386970545948]]],[[[-107.26458210655012,48.163741394004596],[-107.26452896679615,48.16374686826781],[-107.26452246929031,48.16375146372846],[-107.26445691690797,48.1637795477624],[-107.26434340374743,48.16377732364208],[-107.26433592721325,48.16375965969727],[-107.26373718911707,48.163807152564544],[-107.26373171473213,48.16383407862009],[-107.26373855161576,48.1638384106486],[-107.26435418868019,48.16387092263281],[-107.26435384920848,48.16386199518905],[-107.26435785841866,48.16380382674719],[-107.26443151433774,48.16380689681203],[-107.26451757784281,48.163791808676805],[-107.26459016565049,48.163772476804624],[-107.26458210655012,48.163741394004596]]]]}"
0000000000000000106c,7147,0,0,0,"{""type"":""GeometryCollection"",""geometries"":[{""type"":""LineString"",""coordinates"":[[-107.26460568822864,48.163973165275046],[-107.26459923079913,48.16397774759675]]},{""type"":""Polygon"",""coordinates"":[[[-107.26460568057801,48.16397318207578],[-107.26461887403354,48.16396841137102],[-107.26473596059584,48.16389910316308],[-107.2647488539015,48.16388992789963],[-107.26445446931602,48.16387339451535],[-107.26444171712964,48.16388707692058],[-107.26442110431441,48.16387409669676],[-107.26439677730627,48.16392814122171],[-107.26435418868019,48.16387092263281],[-107.26373855161576,48.1638384106486],[-107.26438011248126,48.16400442821514],[-107.26445997895829,48.16399834009578],[-107.26445895534548,48.16397600940319],[-107.26448644982246,48.163993392833945],[-107.26450637860304,48.163992969838816],[-107.2645786718186,48.1639647816403],[-107.26459200643167,48.16396451812964],[-107.26461183858804,48.16395965913137],[-107.26460568822864,48.163973165275046],[-107.26460568057801,48.16397318207578]],[[-107.26461183858804,48.16395965913137],[-107.26462493030019,48.16395490414037],[-107.2646180932254,48.16395057217028],[-107.26461183858804,48.16395965913137]]]}]}"
00000000000000001076,7148,0,0,0,"{""type"":""Polygon"",""coordinates"":[[[-107.26373855161576,48.1638384106486],[-107.26373171473213,48.16383407862009],[-107.26371266309306,48.163856776602636],[-107.263741673141,48.16390976740781],[-107.26379423064208,48.163890874636714],[-107.26382134067303,48.16389925958061],[-107.26385508936482,48.16390755627546],[-107.26390373350013,48.16395126796058],[-107.26398530159724,48.16398536587951],[-107.26399951837611,48.16400292596572],[-107.26400034341164,48.16402083640544],[-107.26400068279463,48.16402976387961],[-107.26430747973758,48.164023688815426],[-107.26438011248126,48.16400442821514],[-107.26373855161576,48.1638384106486]]]}"
00000000000000001078,7149,0,0,0,"{""type"":""Polygon"",""coordinates"":[[[-107.26400068279463,48.16402976387961],[-107.2640011239159,48.164038675642686],[-107.26400146329881,48.16404760311988],[-107.26402891293938,48.16406491550447],[-107.26402969345638,48.16408275475608],[-107.26403105619183,48.16411401299341],[-107.2640720833346,48.1641355534446],[-107.26408585907774,48.16414420178378],[-107.26409289438847,48.164152954096046],[-107.26430747973758,48.164023688815426],[-107.26400068279463,48.16402976387961]]]}"
00000000000000001091,7150,0,0,0,"{""type"":""Polygon"",""coordinates"":[[[-107.26438011248126,48.16400442821514],[-107.26430747973758,48.164023688815426],[-107.26409953309049,48.16415286583494],[-107.26411350715806,48.16416593446018],[-107.26415443270182,48.16418749060662],[-107.26417582610955,48.16421831025927],[-107.26444990838583,48.164074467706115],[-107.26444287297589,48.16406571543557],[-107.26446212279568,48.164047437498255],[-107.26446090083235,48.16402068651092],[-107.26445997895829,48.16399834009578],[-107.26438011248126,48.16400442821514]]]}"
00000000000000001090,7151,0,0,0,"{""type"":""Polygon"",""coordinates"":[[[-107.26417582610955,48.16421831025927],[-107.26418280941579,48.1642226977797],[-107.26423712696081,48.16424390353084],[-107.2642641357362,48.1642523041065],[-107.26427791159412,48.16426095243436],[-107.26429163025327,48.16426968768317],[-107.26431200033542,48.16427817652384],[-107.26443344191011,48.164155175205494],[-107.2644130718371,48.16414668641018],[-107.26445195559353,48.16411912918482],[-107.2644377956967,48.16410148221364],[-107.26445034961648,48.16408337947192],[-107.26444990838583,48.164074467706115],[-107.26417582610955,48.16421831025927]]]}"
0000000000000000108b,7152,0,0,0,"{""type"":""Polygon"",""coordinates"":[[[-107.26448154948442,48.16418553898426],[-107.26443344191011,48.164155175205494],[-107.26431200033542,48.16427817652384],[-107.26431893914669,48.16428249282969],[-107.26435952555866,48.16429512141048],[-107.2644066096326,48.16430315447231],[-107.26446742517057,48.16431976461037],[-107.26450138175164,48.16418067998563],[-107.26448154948442,48.16418553898426]]]}"
0000000000000000108d,7153,0,0,0,"{""type"":""MultiPolygon"",""coordinates"":[[[[-107.26459928477222,48.1639777618491],[-107.26458673094504,48.16399586457168],[-107.26460802298199,48.16402669971986],[-107.26462057681374,48.164008596983784],[-107.26461887403354,48.16396841137102],[-107.26459928477222,48.1639777618491]]],[[[-107.26458866822689,48.1641923427145],[-107.26456141642767,48.16417945074775],[-107.26453488820971,48.16418448497317],[-107.26450797595544,48.16418052048689],[-107.26450138175164,48.16418067998563],[-107.26446742517057,48.16431976461037],[-107.26448109939102,48.16432842863076],[-107.26450117462268,48.16432806112495],[-107.26451450935532,48.16432779762021],[-107.26453512246006,48.16434077792836],[-107.26461557220702,48.16434810865023],[-107.2646147551896,48.16417839669147],[-107.26458866822689,48.1641923427145]]]]}"
00000000000000001073,7154,0,0,0,"{""type"":""MultiPolygon"",""coordinates"":[[[[-107.26461887403354,48.16396841137102],[-107.26462057681374,48.164008596983784],[-107.26463904573416,48.16397247982496],[-107.26473888567902,48.16396603965481],[-107.26473596059584,48.16389910316308],[-107.26461887403354,48.16396841137102]]],[[[-107.2647339866503,48.164158185685096],[-107.2647078997125,48.16417213173454],[-107.26469442383642,48.164167888057754],[-107.26466789560543,48.16417292231915],[-107.26463438909418,48.16416911738024],[-107.2646147551896,48.16417839669147],[-107.26461557220702,48.16434810865023],[-107.26467574839502,48.16435138655062],[-107.26475575701703,48.16434980534247],[-107.26474800557503,48.16417132541939],[-107.2647339866503,48.164158185685096]],[[-107.26468895000635,48.1641948143381],[-107.26469603004793,48.16420363781795],[-107.26470228471777,48.16419455080849],[-107.26468895000635,48.1641948143381]]]]}"
0000000000000000108c,7155,0,0,0,"{""type"":""MultiPolygon"",""coordinates"":[[[[-107.26475535142177,48.16388533241121],[-107.2647488539015,48.16388992789963],[-107.26473596059584,48.16389910316308],[-107.26473888567902,48.16396603965481],[-107.26478538712611,48.16396065355126],[-107.26475535142177,48.16388533241121]]],[[[-107.26483954384061,48.16412931060354],[-107.26482039581788,48.16414757292996],[-107.2647744766117,48.16416637805751],[-107.26476167985274,48.164179989373956],[-107.26474800557503,48.16417132541939],[-107.26475575701703,48.16434980534247],[-107.2647959076255,48.16434907020776],[-107.26483591197713,48.16434827956094],[-107.26487591634493,48.16434748889705],[-107.26490258593249,48.16434696177831],[-107.26491567779149,48.16434220670897],[-107.26483954384061,48.16412931060354]]]]}"
0000000000000000106f,7156,0,0,0,"{""type"":""MultiPolygon"",""coordinates"":[[[[-107.26495887705788,48.16410908362264],[-107.26493176627716,48.164100698985685],[-107.2649061207401,48.16412355683986],[-107.2648525389605,48.16412011957065],[-107.26483954384061,48.16412931060354],[-107.26491567779149,48.16434220670897],[-107.264955585518,48.164336979999504],[-107.26500218419041,48.16433602975018],[-107.26505542674713,48.16433053942297],[-107.26495887705788,48.16410908362264]]],[[[-107.26487707111622,48.16391869437601],[-107.26487682818104,48.16391420290521],[-107.26485679762582,48.16391464169103],[-107.26484312340267,48.16390597779224],[-107.2648159682936,48.16389752194176],[-107.26477518354972,48.16388047338722],[-107.26476184894085,48.16388073692279],[-107.26475535142177,48.16388533241121],[-107.26478538712611,48.16396065355126],[-107.2648120564098,48.16396012646925],[-107.26484546616045,48.163959495353325],[-107.26487213546038,48.163958968254214],[-107.26489288977913,48.16397645558351],[-107.26489914437069,48.16396736860236],[-107.26487707111622,48.16391869437601]]]]}"
00000000000000001070,7157,0,0,0,"{""type"":""MultiPolygon"",""coordinates"":[[[[-107.26487707111622,48.16391869437601],[-107.26489914437069,48.16396736860236],[-107.26491194101779,48.16395375732531],[-107.26487707111622,48.16391869437601]]],[[[-107.26509144329277,48.164088608630614],[-107.26507810856415,48.16408887221421],[-107.26505807787187,48.16408931104696],[-107.26499272329406,48.16412181592154],[-107.26495887705788,48.16410908362264],[-107.26505542674713,48.16433053942297],[-107.26510192877444,48.16432515311409],[-107.26512859841014,48.16432462593154],[-107.26515482665297,48.16431518694246],[-107.2651809136594,48.16430124073196],[-107.26509144329277,48.164088608630614]]]]}"
0000000000000000105e,7158,0,0,0,"{""type"":""Polygon"",""coordinates"":[[[-107.26518424833435,48.16407341574536],[-107.2651379450273,48.16408322233643],[-107.26510443837172,48.16407941757175],[-107.26509144329277,48.164088608630614],[-107.2651809136594,48.16430124073196],[-107.26520724362707,48.164291786019135],[-107.26531929896005,48.16425831476902],[-107.26532569478043,48.16425373492297],[-107.26518424833435,48.16407341574536]]]}"
0000000000000000106d,7159,0,0,0,"{""type"":""Polygon"",""coordinates"":[[[-107.26529552184348,48.16402210546709],[-107.26526255330593,48.164031648494195],[-107.2652498012415,48.16404533104477],[-107.26522391287331,48.16406369747462],[-107.26518424833435,48.16407341574536],[-107.26532569478043,48.16425373492297],[-107.26534552716186,48.16424887574074],[-107.26537185709769,48.16423942099297],[-107.26538475046475,48.1642302455833],[-107.26539774556693,48.164221054459425],[-107.2654298885598,48.16419360087229],[-107.26543662910498,48.16419349680182],[-107.26529552184348,48.16402210546709]]]}"
0000000000000000106a,7160,0,0,0,"{""type"":""Polygon"",""coordinates"":[[[-107.26538090689623,48.16398916155823],[-107.26536791187931,48.163998352637215],[-107.26530177637359,48.164013018453396],[-107.26529552184348,48.16402210546709],[-107.26543662910498,48.16419349680182],[-107.26556895307176,48.16416852960951],[-107.26558253091957,48.16417275744332],[-107.26560212025679,48.16416340672805],[-107.26538090689623,48.16398916155823]],[[-107.26535692064363,48.16405213388278],[-107.26537025539864,48.164051870259954],[-107.26535647919076,48.164043222132065],[-107.26535692064363,48.16405213388278]],[[-107.26535692064363,48.16405213388278],[-107.2653231709217,48.164043837719376],[-107.26534461004223,48.16407472820554],[-107.26535692064363,48.16405213388278]]]}"
00000000000000001071,7161,0,0,0,"{""type"":""Polygon"",""coordinates"":[[[-107.26547835936427,48.16392913184223],[-107.26546580586067,48.16394723465489],[-107.26543947613568,48.163956689370664],[-107.26542648113693,48.16396588045147],[-107.26538730266371,48.16398458173279],[-107.26538090689623,48.16398916155823],[-107.26560212025679,48.16416340672805],[-107.26563494766509,48.164149356355445],[-107.26568774870212,48.164134953933676],[-107.26572023130525,48.16411642777128],[-107.26547835936427,48.16392913184223]]]}"
0000000000000000106b,7162,0,0,0,"{""type"":""Polygon"",""coordinates"":[[[-107.26556980018033,48.16388268056983],[-107.26554302899801,48.16388322357987],[-107.26551714081097,48.16390159002773],[-107.2654912526049,48.16391995647548],[-107.26547835936427,48.16392913184223],[-107.26572023130525,48.16411642777128],[-107.2657267288185,48.16411183219753],[-107.26575305866896,48.16410237737193],[-107.26577894695778,48.164084010787896],[-107.2658383422051,48.164069448714805],[-107.26585109414602,48.1640557660829],[-107.26556980018033,48.16388268056983]]]}"
00000000000000001067,7163,0,0,0,"{""type"":""Polygon"",""coordinates"":[[[-107.26568116979999,48.16383580601286],[-107.26565552470834,48.1638586639411],[-107.26562807395314,48.16384135211774],[-107.2656215764856,48.16384594766006],[-107.26560858154691,48.16385513874468],[-107.2655758561486,48.16386917330871],[-107.26558269339426,48.16387350519955],[-107.265596610916,48.16388666044466],[-107.26556980018033,48.16388268056983],[-107.26585109414602,48.1640557660829],[-107.2658958347376,48.164010280753644],[-107.26591405962024,48.16396967190334],[-107.26591386109297,48.16396525164153],[-107.26568116979999,48.16383580601286]]]}"
00000000000000001066,7164,0,0,0,"{""type"":""Polygon"",""coordinates"":[[[-107.26572586568699,48.1637902497496],[-107.26570002214187,48.16380868741902],[-107.2657004636818,48.16381759912629],[-107.26568116979999,48.16383580601286],[-107.26591386109297,48.16396525164153],[-107.26597077043942,48.16389266486167],[-107.26598879664743,48.1638476358397],[-107.26572586568699,48.1637902497496]]]}"
00000000000000000fc1,7165,0,0,0,"{""type"":""Polygon"",""coordinates"":[[[-107.2657498511989,48.16372727766452],[-107.26577046470838,48.163740257549215],[-107.26575097238077,48.16375404417663],[-107.26573886058937,48.16378105866135],[-107.26572586568699,48.1637902497496],[-107.26598879664743,48.1638476358397],[-107.2659939296658,48.16381178226711],[-107.26601307717333,48.16379351983599],[-107.26600491995126,48.16375800121796],[-107.26602431050327,48.163744230253535],[-107.26603730535797,48.1637350391341],[-107.2657498511989,48.16372727766452]]]}"
00000000000000001075,7166,0,0,0,"{""type"":""Polygon"",""coordinates"":[[[-107.26566828041518,48.163693181480305],[-107.26572161910681,48.163692126820415],[-107.26573607495673,48.16371862964524],[-107.2657498511989,48.16372727766452],[-107.26603730535797,48.1637350391341],[-107.26605665135632,48.163721196962534],[-107.26605586983854,48.16370335787517],[-107.26600199252452,48.16369106508846],[-107.26600130783369,48.16367766196166],[-107.26600072488161,48.16366424312363],[-107.26600018646505,48.163650895496005],[-107.26599916189735,48.163628564991264],[-107.26569998126706,48.16365681641117],[-107.26571395597894,48.163669884664046],[-107.26566828041518,48.163693181480305]],[[-107.26571395597894,48.163669884664046],[-107.26572103625783,48.16367870797439],[-107.26572729064726,48.163669620995734],[-107.26571395597894,48.163669884664046]]]}"
00000000000000000fd9,7167,0,0,0,"{""type"":""Polygon"",""coordinates"":[[[-107.26597146796331,48.163606761906124],[-107.26596990500441,48.16357108381154],[-107.26596854058187,48.163539825966524],[-107.26564943195373,48.163568500456755],[-107.2656497717461,48.16357742783809],[-107.2656572489868,48.16359509160155],[-107.26565133439175,48.16361310595011],[-107.26569841857636,48.16362113827149],[-107.2656729721523,48.16364841634306],[-107.26569998126706,48.16365681641117],[-107.26599916189735,48.163628564991264],[-107.2660052176878,48.16361505777268],[-107.26597146796331,48.163606761906124]]]}"
00000000000000000fd2,7168,0,0,0,"{""type"":""Polygon"",""coordinates"":[[[-107.2659528615056,48.16348657260141],[-107.26595252163784,48.163477645238444],[-107.2659384055393,48.163460069928874],[-107.26591696608494,48.16342917994405],[-107.26590343294637,48.16342502341952],[-107.26562149534494,48.16354220585171],[-107.2656287740689,48.16355544937726],[-107.26565582762963,48.16356392065231],[-107.26564943195373,48.163568500456755],[-107.26596854058187,48.163539825966524],[-107.2659528615056,48.16348657260141]]]}"
00000000000000000fdc,7169,0,0,0,"{""type"":""Polygon"",""coordinates"":[[[-107.26585556742509,48.16339915223797],[-107.26580828488159,48.16338669980973],[-107.26578606420638,48.163337970865406],[-107.26578572437703,48.16332904352605],[-107.26558798894067,48.1635384012885],[-107.26562129685017,48.16353778562432],[-107.26562149534494,48.16354220585171],[-107.26590343294637,48.16342502341952],[-107.26585556742509,48.16339915223797]]]}"
00000000000000000fd8,7170,0,0,0,"{""type"":""Polygon"",""coordinates"":[[[-107.26573150306314,48.16331227495479],[-107.26571021017499,48.163281440495396],[-107.26572960050551,48.16326766972064],[-107.26572881913475,48.16324983078038],[-107.2657279932293,48.163231920639575],[-107.26566132069193,48.16323323893174],[-107.26572564911595,48.163178403873175],[-107.26566000105116,48.163202052482994],[-107.26563577280868,48.16326053249974],[-107.26563659866804,48.163278442652235],[-107.26562996001194,48.163278531017006],[-107.26554012366992,48.16351252988763],[-107.26554026495141,48.16351703703446],[-107.26553386927819,48.16352161682707],[-107.26554104622248,48.16353487606922],[-107.26558798894067,48.1635384012885],[-107.26578572437703,48.16332904352605],[-107.26573150306314,48.16331227495479]]]}"
00000000000000001069,7171,0,0,0,"{""type"":""MultiPolygon"",""coordinates"":[[[[-107.26564676332342,48.163206752048254],[-107.26563577280868,48.16326053249974],[-107.26566000105116,48.163202052482994],[-107.26564676332342,48.163206752048254]]],[[[-107.26553386927819,48.16352161682707],[-107.26554026495141,48.16351703703446],[-107.26553362625954,48.16351712539389],[-107.26553386927819,48.16352161682707]]],[[[-107.26553362625954,48.16351712539389],[-107.26554012366992,48.16351252988763],[-107.2655399251848,48.16350810966231],[-107.26562996001194,48.163278531017006],[-107.26560958985291,48.16327004261898],[-107.2655819932683,48.16325267547195],[-107.26538841139326,48.163403920009685],[-107.2654635853951,48.16344259605381],[-107.26551247476108,48.16349079791262],[-107.2655135957794,48.163517564311555],[-107.26553362625954,48.16351712539389]]]]}"
00000000000000000fd6,7172,0,0,0,"{""type"":""Polygon"",""coordinates"":[[[-107.26555532427452,48.16325320275347],[-107.26554165000921,48.163244539063996],[-107.26550828518813,48.16324524161036],[-107.26548728779531,48.16322326324989],[-107.26527172902577,48.16333026985826],[-107.2653191522917,48.16334722968429],[-107.26536096115859,48.163386608246086],[-107.26538841139326,48.163403920009685],[-107.2655819932683,48.16325267547195],[-107.26555532427452,48.16325320275347]]]}"
00000000000000000fe4,7173,0,0,0,"{""type"":""Polygon"",""coordinates"":[[[-107.26545847360505,48.163174693926344],[-107.26545803211613,48.16316578232538],[-107.26515358178062,48.16322537767882],[-107.26515382475404,48.16322986908926],[-107.26520168920527,48.16325574056481],[-107.26522366594939,48.16329997817607],[-107.26525771012047,48.163317130409624],[-107.26527172902577,48.16333026985826],[-107.26548728779531,48.16322326324989],[-107.26545847360505,48.163174693926344]]]}"
00000000000000000fe0,7174,0,0,0,"{""type"":""Polygon"",""coordinates"":[[[-107.26544235396356,48.16311252923136],[-107.26524145486529,48.1630986601442],[-107.26524189630207,48.16310757173614],[-107.26515865820544,48.163189611479076],[-107.26514630331724,48.163212134193564],[-107.26515358178062,48.16322537767882],[-107.26545803211613,48.16316578232538],[-107.26547058531942,48.16314767978975],[-107.26544235396356,48.16311252923136]]]}"
00000000000000000fdd,7175,0,0,0,"{""type"":""Polygon"",""coordinates"":[[[-107.26528420352658,48.16300842849609],[-107.26527770619768,48.163013023938994],[-107.26525831594029,48.163026794554064],[-107.26524145486529,48.1630986601442],[-107.26544235396356,48.16311252923136],[-107.26543507539171,48.163099285799106],[-107.26544020873493,48.16306343275694],[-107.26543918449002,48.163041102486936],[-107.26544524032839,48.163027595453016],[-107.26528420352658,48.16300842849609]]]}"
00000000000000000fe6,7176,0,0,0,"{""type"":""Polygon"",""coordinates"":[[[-107.26533329535592,48.16290925258159],[-107.26532679804811,48.16291384801863],[-107.26528420352658,48.16300842849609],[-107.26544524032839,48.163027595453016],[-107.26545173765149,48.16302299999765],[-107.2654712296136,48.1630092136315],[-107.2654966756425,48.16298193595425],[-107.26533329535592,48.16290925258159]]]}"
00000000000000000fde,7177,0,0,0,"{""type"":""Polygon"",""coordinates"":[[[-107.26540329495417,48.16283191264141],[-107.26537818873447,48.162868117477984],[-107.26536577687304,48.1628907269975],[-107.26535264100272,48.162895410777715],[-107.26533329535592,48.16290925258159],[-107.2654966756425,48.16298193595425],[-107.26551606583818,48.162968165304314],[-107.26554684351487,48.16290945487564],[-107.26555983810519,48.16290026397312],[-107.26540329495417,48.16283191264141]]]}"
00000000000000000fd7,7178,0,0,0,"{""type"":""Polygon"",""coordinates"":[[[-107.2654393471778,48.16274185666305],[-107.26542761989145,48.16277786903792],[-107.26540856953429,48.16280056686971],[-107.26541604652182,48.16281823039803],[-107.26540329495417,48.16283191264141],[-107.26555983810519,48.16290026397312],[-107.26559852161468,48.16286828680801],[-107.26565733197768,48.162840306601105],[-107.26565708893978,48.162835815226785],[-107.2654393471778,48.16274185666305]]]}"
00000000000000000fd5,7179,0,0,0,"{""type"":""Polygon"",""coordinates"":[[[-107.26550939082084,48.16266458810949],[-107.26550333507411,48.162678095052094],[-107.26549078206429,48.16269619742582],[-107.2654393471778,48.16274185666305],[-107.26565708893978,48.162835815226785],[-107.26566964194612,48.16281771278344],[-107.26568913375942,48.16280392643051],[-107.26569484966072,48.162781492197404],[-107.26569406829317,48.16276365342134],[-107.2657067180333,48.16274998687334],[-107.26550939082084,48.16266458810949]]]}"
00000000000000000fd0,7180,0,0,0,"{""type"":""Polygon"",""coordinates"":[[[-107.26559262717508,48.162582548923815],[-107.26554041122998,48.16261036938389],[-107.26551588807258,48.16265999268324],[-107.26550939082084,48.16266458810949],[-107.2657067180333,48.16274998687334],[-107.26571301677964,48.16274097126616],[-107.26568498389555,48.16271024120841],[-107.26575087411233,48.16269108418602],[-107.26576362554798,48.16267740193638],[-107.26559262717508,48.162582548923815]]]}"
00000000000000000fce,7181,0,0,0,"{""type"":""Polygon"",""coordinates"":[[[-107.26571620577899,48.162508646055954],[-107.26570970856582,48.162513241481584],[-107.26569031865452,48.16252701204457],[-107.26566432977565,48.16254539374694],[-107.26564493983938,48.16255916430979],[-107.26563204712107,48.16256833944705],[-107.26560571840223,48.162577793935576],[-107.26559262717508,48.162582548923815],[-107.26576362554798,48.16267740193638],[-107.26579601000626,48.16265444042877],[-107.26584231166184,48.16264463382795],[-107.2658488088929,48.16264003838143],[-107.26571620577899,48.162508646055954]]]}"
00000000000000000fca,7182,0,0,0,"{""type"":""Polygon"",""coordinates"":[[[-107.26580661837374,48.16243986589834],[-107.26574209288444,48.16249028006722],[-107.26572260125566,48.162504066344205],[-107.26571620577899,48.162508646055954],[-107.2658488088929,48.16264003838143],[-107.26592745038975,48.16260719902286],[-107.2659600332829,48.162588657638814],[-107.26580661837374,48.16243986589834]]]}"
00000000000000000fc9,7183,0,0,0,"{""type"":""Polygon"",""coordinates"":[[[-107.26595237225993,48.16241461978372],[-107.26593288070586,48.1624284060817],[-107.26589961821561,48.162429093024045],[-107.26580661837374,48.16243986589834],[-107.2659600332829,48.162588657638814],[-107.26601854778383,48.16255182137187],[-107.26607892070487,48.1625595184697],[-107.26607344814951,48.162586443975016],[-107.26609259494197,48.16256818197074],[-107.26595237225993,48.16241461978372]]]}"
00000000000000000fcb,7184,0,0,0,"{""type"":""Polygon"",""coordinates"":[[[-107.26612415448527,48.162375514459235],[-107.26605714329534,48.16236790579972],[-107.26603061615428,48.162372940238185],[-107.26595237225993,48.16241461978372],[-107.26609259494197,48.16256818197074],[-107.26610558934867,48.16255899105851],[-107.26612365914258,48.1625140343801],[-107.26613699345357,48.162513770669726],[-107.26612415448527,48.162375514459235]]]}"
00000000000000000fcc,7185,0,0,0,"{""type"":""Polygon"",""coordinates"":[[[-107.2662852922599,48.16239466408161],[-107.26623801058841,48.16238221208025],[-107.26621817914675,48.16238707125096],[-107.26612415448527,48.162375514459235],[-107.26613699345357,48.162513770669726],[-107.26619736641813,48.16252146768638],[-107.26620430528766,48.16252578371059],[-107.26630590538853,48.16240764353278],[-107.2662852922599,48.16239466408161]]]}"
00000000000000000fcd,7186,0,0,0,"{""type"":""Polygon"",""coordinates"":[[[-107.26640813238649,48.16245478902629],[-107.26638068201935,48.16243747786944],[-107.26630590538853,48.16240764353278],[-107.26620430528766,48.16252578371059],[-107.26622447675281,48.162529851725964],[-107.26624444964966,48.16252949959771],[-107.26629925348594,48.162559686192644],[-107.2662862590987,48.16256887713072],[-107.2662867007979,48.162577788621626],[-107.26642180671465,48.1624634524609],[-107.26640813238649,48.16245478902629]]]}"
00000000000000000fc8,7187,0,0,0,"{""type"":""Polygon"",""coordinates"":[[[-107.26650464435362,48.16252436859368],[-107.26647661071179,48.16249363891265],[-107.26642180671465,48.1624634524609],[-107.2662867007979,48.162577788621626],[-107.26629353795866,48.16258212035784],[-107.26632064838702,48.16259050437752],[-107.2663343227281,48.16259916784658],[-107.26634809881347,48.1626078156003],[-107.26636177317108,48.16261647906788],[-107.26651910051982,48.162550870705346],[-107.26650464435362,48.16252436859368]]]}"
00000000000000000fcf,7188,0,0,0,"{""type"":""Polygon"",""coordinates"":[[[-107.26658826413977,48.16260312341401],[-107.2665744434272,48.16259440449256],[-107.266553830046,48.16258142505947],[-107.2665332166835,48.16256844562467],[-107.26651910051982,48.162550870705346],[-107.26636177317108,48.16261647906788],[-107.26638922364724,48.16263379028616],[-107.26640563258452,48.1627005167798],[-107.26661571478174,48.16262043455893],[-107.26658826413977,48.16260312341401]]]}"
00000000000000000fd4,7189,0,0,0,"{""type"":""Polygon"",""coordinates"":[[[-107.2666433640816,48.162642165847345],[-107.26661571478174,48.16262043455893],[-107.26640563258452,48.1627005167798],[-107.26640572944369,48.16270495264751],[-107.26640617117039,48.16271386416017],[-107.26649584651886,48.16277911231995],[-107.2664960451248,48.16278353247909],[-107.26669806690664,48.16267236797564],[-107.2666433640816,48.162642165847345]]]}"
00000000000000000fdb,7190,0,0,0,"{""type"":""Polygon"",""coordinates"":[[[-107.26673933848576,48.162698398021654],[-107.26671868041863,48.16268534739683],[-107.26669806690664,48.16267236797564],[-107.2664960451248,48.16278353247909],[-107.26653135798594,48.1628275055851],[-107.26656603056138,48.162858147009395],[-107.26677474856349,48.1627468068289],[-107.26673933848576,48.162698398021654]]]}"
00000000000000000fda,7191,0,0,0,"{""type"":""Polygon"",""coordinates"":[[[-107.26682325489661,48.16278600890057],[-107.26680913847794,48.16276843395782],[-107.26677499174002,48.1627512981893],[-107.26677474856349,48.1627468068289],[-107.26656603056138,48.162858147009395],[-107.2665729695612,48.162862463031225],[-107.26664940805337,48.162932410876095],[-107.26668335621574,48.16294512657472],[-107.26669009662514,48.162945022422136],[-107.26681778278473,48.16281293455278],[-107.26681108692677,48.162813109919156],[-107.26683057856295,48.16279932334011],[-107.26683697403571,48.162794743528956],[-107.26682325489661,48.16278600890057]]]}"
00000000000000000fbc,7192,0,0,0,"{""type"":""GeometryCollection"",""geometries"":[{""type"":""LineString"",""coordinates"":[[-107.26683698162883,48.162794705039055],[-107.26683050819405,48.16279929908685]]},{""type"":""Polygon"",""coordinates"":[[[-107.26690565238272,48.162838013486876],[-107.26681778278473,48.16281293455278],[-107.26669009662514,48.162945022422136],[-107.26673737938374,48.16295747430617],[-107.26675125264747,48.162970557942444],[-107.26683194506973,48.16298237800889],[-107.26693276331548,48.16284639736158],[-107.26690565238272,48.162838013486876]]]}]}"
00000000000000000fd1,7193,0,0,0,"{""type"":""Polygon"",""coordinates"":[[[-107.26703421095557,48.162875703725824],[-107.26702019130582,48.16286256466684],[-107.26697290842037,48.16285011294776],[-107.26693276331548,48.16284639736158],[-107.26683194506973,48.16298237800889],[-107.26687209026473,48.162986093644555],[-107.26696040220851,48.163020084157516],[-107.26704764246074,48.16287987576042],[-107.26703421095557,48.162875703725824]]]}"
00000000000000000fd3,7194,0,0,0,"{""type"":""Polygon"",""coordinates"":[[[-107.26716809560037,48.16288641260057],[-107.26714166964032,48.16289143169417],[-107.26704764246074,48.16287987576042],[-107.26696040220851,48.163020084157516],[-107.26701472133865,48.163041287812696],[-107.26708207959268,48.16305337151611],[-107.26709555571023,48.16305761476181],[-107.2671748360343,48.16288630841344],[-107.26716809560037,48.16288641260057]]]}"
00000000000000000fc3,7195,0,0,0,"{""type"":""Polygon"",""coordinates"":[[[-107.26725586898804,48.162907055348235],[-107.26722895653549,48.16290309172601],[-107.26720820112288,48.16288560528574],[-107.26719500801623,48.16289037623955],[-107.2671748360343,48.16288630841344],[-107.26709555571023,48.16305761476181],[-107.26710249484748,48.1630619307582],[-107.26720971094512,48.16307316730362],[-107.26724370417358,48.16308595403022],[-107.26728229497776,48.16290203622094],[-107.26725586898804,48.162907055348235]]]}"
00000000000000000fc5,7196,0,0,0,"{""type"":""MultiPolygon"",""coordinates"":[[[[-107.267478261677,48.16280437689532],[-107.26741607945469,48.16275651184002],[-107.26739668966935,48.1627702828081],[-107.26744533854553,48.1628139916348],[-107.26747870366486,48.16281328841324],[-107.267478261677,48.16280437689532]]],[[[-107.26747870366486,48.16281328841324],[-107.26747220648441,48.16281788398392],[-107.26743298487523,48.162836514452216],[-107.26742101596406,48.162868035726916],[-107.2673949302057,48.16288198213539],[-107.26739546914872,48.162895329547105],[-107.26728229497776,48.16290203622094],[-107.26724370417358,48.16308595403022],[-107.26728449034137,48.163103001242696],[-107.26756872246509,48.16288746285883],[-107.26752657047227,48.16283915846511],[-107.26749911897537,48.16282184753055],[-107.26747870366486,48.16281328841324]]]]}"
00000000000000000fc2,7197,0,0,0,"{""type"":""Polygon"",""coordinates"":[[[-107.26756872246509,48.16288746285883],[-107.26728449034137,48.163103001242696],[-107.26733255596687,48.16313329171499],[-107.26736694675492,48.163154918780464],[-107.26738814437746,48.16318131685069],[-107.26757937434432,48.162976552600085],[-107.267585429537,48.162963045464075],[-107.26758274240326,48.16290060183659],[-107.26758249912781,48.16289611046803],[-107.26756872246509,48.16288746285883]]]}"
00000000000000001068,7198,0,0,0,"{""type"":""Polygon"",""coordinates"":[[[-107.26757937434432,48.162976552600085],[-107.26738814437746,48.16318131685069],[-107.26738828588883,48.16318582396064],[-107.2674355695486,48.16319827553474],[-107.26748309652591,48.163215218483046],[-107.26758269383252,48.16320428403603],[-107.26760926636777,48.16319932027303],[-107.26757937434432,48.162976552600085]]]}"
00000000000000000fb1,7199,0,0,0,"{""type"":""Polygon"",""coordinates"":[[[-107.267585429537,48.162963045464075],[-107.26757937434432,48.162976552600085],[-107.26760926636777,48.16319932027303],[-107.26765532589474,48.16318502127399],[-107.26776122173696,48.16316507084573],[-107.26780738297855,48.16315075606729],[-107.267585429537,48.162963045464075]]]}"
00000000000000000fb7,7200,0,0,0,"{""type"":""Polygon"",""coordinates"":[[[-107.26765254498365,48.16297063736241],[-107.26763876826799,48.1629619897524],[-107.26763798595559,48.16294415095503],[-107.26761723023468,48.162926664597414],[-107.26759661607655,48.16291368532617],[-107.26759617406111,48.16290477379252],[-107.26758274240326,48.16290060183659],[-107.267585429537,48.162963045464075],[-107.26780738297855,48.16315075606729],[-107.26781397722881,48.16315059634335],[-107.26787269081794,48.16311817872551],[-107.2679046330606,48.163086304756405],[-107.26793052014993,48.16306793797655],[-107.26777382625373,48.16299508343488],[-107.26776049153722,48.162995347385355],[-107.26776674543856,48.16298626040401],[-107.26771901971038,48.16296489750124],[-107.2676593824756,48.16297496902523],[-107.26765254498365,48.16297063736241]],[[-107.2676593824756,48.16297496902523],[-107.2676327130913,48.16297549689111],[-107.2676531285577,48.16298405599805],[-107.2676593824756,48.16297496902523]]]}"
00000000000000000fac,7201,0,0,0,"{""type"":""MultiPolygon"",""coordinates"":[[[[-107.26771901971038,48.16296489750124],[-107.26776674543856,48.16298626040401],[-107.26777885571249,48.16295924610925],[-107.26771901971038,48.16296489750124]]],[[[-107.26758249912781,48.16289611046803],[-107.26758274240326,48.16290060183659],[-107.26759617406111,48.16290477379252],[-107.26759607706049,48.162900337912774],[-107.26759583378339,48.16289584654432],[-107.26758249912781,48.16289611046803]]],[[[-107.26781715346888,48.16291826958148],[-107.26781793586956,48.162936108366374],[-107.2678002523904,48.16299006415287],[-107.26777382625373,48.16299508343488],[-107.26793052014993,48.16306793797655],[-107.26793701735393,48.16306334235245],[-107.26794952511845,48.16304516834543],[-107.26801375440884,48.162985896116524],[-107.26801976493513,48.16297231774888],[-107.26781715346888,48.16291826958148]]]]}"
00000000000000000fad,7202,0,0,0,"{""type"":""MultiPolygon"",""coordinates"":[[[[-107.26799274901906,48.16281212134036],[-107.26780830909313,48.1628693488607],[-107.26780909149088,48.1628871876292],[-107.26781715346888,48.16291826958148],[-107.26801976493513,48.16297231774888],[-107.26802132377532,48.16285619810743],[-107.26799274901906,48.16281212134036]]],[[[-107.2683740862296,48.16283137512859],[-107.26836016764926,48.16281822057647],[-107.2683863949171,48.16280878099882],[-107.26837271971179,48.1628001178096],[-107.26835860231115,48.16278254311496],[-107.2683257761927,48.162796594022005],[-107.26823814769311,48.162776007819275],[-107.26820498115126,48.16278113146047],[-107.26815081525059,48.16276427755423],[-107.26811139494156,48.162778488127536],[-107.26813884688166,48.16279579886148],[-107.26829461707139,48.1628463066884],[-107.26839548348075,48.16286219295018],[-107.2683740862296,48.16283137512859]]]]}"
00000000000000000fbf,7203,0,0,0,"{""type"":""MultiPolygon"",""coordinates"":[[[[-107.26813435031602,48.16269318671082],[-107.26816101963983,48.16269265870991],[-107.2681739121448,48.1626834832167],[-107.26813435031602,48.16269318671082]]],[[[-107.26823990460164,48.16266430876595],[-107.26818040926429,48.16267888761178],[-107.2682004398574,48.16267844814169],[-107.26822710918938,48.162677920122356],[-107.26825377852856,48.16267739209544],[-107.26823990460164,48.16266430876595]]],[[[-107.26767188555246,48.16280499794942],[-107.26752657047227,48.16283915846511],[-107.26756872246509,48.16288746285883],[-107.26758249912781,48.16289611046803],[-107.26759583378339,48.16289584654432],[-107.26759525022852,48.16288242793031],[-107.26767999193146,48.16283615107328],[-107.26767188555246,48.16280499794942]]],[[[-107.26800872086892,48.16272243278608],[-107.26811139494156,48.162778488127536],[-107.26814411930789,48.1627644530156],[-107.26813020086738,48.16275129844329],[-107.26810299230539,48.1627384790723],[-107.26812819360211,48.16270670952338],[-107.26813469072827,48.162702113919366],[-107.26813435031602,48.16269318671082],[-107.26800872086892,48.16272243278608]]],[[[-107.26795719054205,48.16276365748792],[-107.2679691590276,48.162732136219596],[-107.26774451683943,48.162785735285475],[-107.26777904928743,48.162811869134345],[-107.26779336509496,48.162833864089755],[-107.26781412089231,48.16285135037655],[-107.26780830909313,48.1628693488607],[-107.26799274901906,48.16281212134036],[-107.26795719054205,48.16276365748792]]]]}"
00000000000000000fba,7204,0,0,0,"{""type"":""Polygon"",""coordinates"":[[[-107.26742257662649,48.16275191627872],[-107.26741607945469,48.16275651184002],[-107.267478261677,48.16280437689532],[-107.267484560129,48.162795361170055],[-107.26751167133777,48.16280374486744],[-107.26749911897537,48.16282184753055],[-107.26752657047227,48.16283915846511],[-107.26767188555246,48.16280499794942],[-107.26773074015232,48.16277708771827],[-107.26774451683943,48.162785735285475],[-107.2679691590276,48.162732136219596],[-107.26796837654724,48.16271429750697],[-107.26799484705109,48.16270934940722],[-107.26800872086892,48.16272243278608],[-107.2681739121448,48.1626834832167],[-107.26817377053258,48.16267897615342],[-107.26818040926429,48.16267888761178],[-107.26823990460164,48.16266430876595],[-107.26819843250122,48.16263385928719],[-107.26817845913021,48.16263421183478],[-107.26815842856567,48.1626346512992],[-107.26757424690243,48.16270865335135],[-107.26756129712776,48.16271791569108],[-107.26756105385388,48.162713424337994],[-107.2675212488347,48.16271863622926],[-107.26749496446796,48.162728162472696],[-107.26747557471063,48.16274193344858],[-107.26742257662649,48.16275191627872]],[[-107.26817332837291,48.16267006466579],[-107.2681597949082,48.16266590852756],[-107.26816043587289,48.16267924015645],[-107.26817332837291,48.16267006466579]],[[-107.26796837654724,48.16271429750697],[-107.26796793443829,48.162705386011126],[-107.26795504190402,48.16271456148122],[-107.26796837654724,48.16271429750697]],[[-107.26794732019164,48.162692406871955],[-107.26792714806288,48.16268833922296],[-107.26793442766008,48.16270158233694],[-107.26794732019164,48.162692406871955]],[[-107.26793320309501,48.16267483214294],[-107.26791303098031,48.162670764491985],[-107.26792031056854,48.16268400760285],[-107.26793320309501,48.16267483214294]],[[-107.26747557471063,48.16274193344858],[-107.26746951952977,48.162755440520705],[-107.26747689592487,48.162773119560185],[-107.2675450364714,48.162803041622595],[-107.2675769785794,48.16277116795654],[-107.26758816504521,48.16272180800119],[-107.26753516695383,48.162731790889865],[-107.26752319815849,48.162763312111736],[-107.26747557471063,48.16274193344858]]]}"
00000000000000000fc4,7205,0,0,0,"{""type"":""Polygon"",""coordinates"":[[[-107.26762010705468,48.162689934372395],[-107.26757424690243,48.16270865335135],[-107.26815842856567,48.1626346512992],[-107.26767564601505,48.16258609123337],[-107.26764326210103,48.1626090533316],[-107.26762210905989,48.16258272680799],[-107.26761522710416,48.16257832396816],[-107.26757594857051,48.16259704132396],[-107.26755788018902,48.16264199831077],[-107.26755856547236,48.16265540114807],[-107.26754591144663,48.16267351948041],[-107.26753414141501,48.162709460815556],[-107.2675212488347,48.16271863622926],[-107.26756105385388,48.162713424337994],[-107.26756002829856,48.16269109427217],[-107.26755948929089,48.16267774691473],[-107.26760540660186,48.162658941033996],[-107.26762010705468,48.162689934372395]],[[-107.26760540660186,48.162658941033996],[-107.26765190746964,48.162653553689935],[-107.26761820214557,48.16264532976204],[-107.26760540660186,48.162658941033996]]]}"
00000000000000000fc0,7206,0,0,0,"{""type"":""GeometryCollection"",""geometries"":[{""type"":""LineString"",""coordinates"":[[-107.2680362281636,48.16258791751479],[-107.26804287871602,48.16258778622466]]},{""type"":""Polygon"",""coordinates"":[[[-107.26761522710416,48.16257832396816],[-107.26762210905989,48.16258272680799],[-107.26762186577773,48.16257823546678],[-107.26761522710416,48.16257832396816]]]},{""type"":""Polygon"",""coordinates"":[[[-107.26773802209294,48.162486579893375],[-107.26771428372628,48.16255404223346],[-107.26767564601505,48.16258609123337],[-107.26815842856567,48.1626346512992],[-107.26817845913021,48.16263421183478],[-107.2681241392003,48.16261300902227],[-107.2680711410933,48.1626229921867],[-107.26802347267049,48.16260154265886],[-107.26803626809902,48.16258793134892],[-107.2680362281636,48.16258791751479],[-107.26791420514272,48.16254564712083],[-107.26773802209294,48.162486579893375]],[[-107.26789495713092,48.162563925183804],[-107.26792812340362,48.162558801677676],[-107.26791420514272,48.16254564712083],[-107.26789495713092,48.162563925183804]],[[-107.26785529374615,48.16257364425255],[-107.26787590787785,48.16258662338516],[-107.26789495713092,48.162563925183804],[-107.26785529374615,48.16257364425255]]]}]}"
00000000000000000fbd,7207,0,0,0,"{""type"":""Polygon"",""coordinates"":[[[-107.26818353267684,48.16259844594926],[-107.2681698130824,48.16258971155745],[-107.26781431600229,48.16240022324539],[-107.26776859778532,48.16242344924769],[-107.26773802209294,48.162486579893375],[-107.26791420514272,48.16254564712083],[-107.26804286226506,48.1625877716131],[-107.26814978254373,48.162590151019025],[-107.26813747383102,48.16261274502536],[-107.2681241392003,48.16261300902227],[-107.26817845913021,48.16263421183478],[-107.26819843250122,48.16263385928719],[-107.26818353267684,48.16259844594926]],[[-107.26797872935724,48.16249523147103],[-107.26795845558588,48.162491179557776],[-107.2679655363795,48.162500002492166],[-107.26797872935724,48.16249523147103]]]}"
00000000000000000fb6,7208,0,0,0,"{""type"":""Polygon"",""coordinates"":[[[-107.26816849126726,48.16255852557915],[-107.2680639121495,48.16245786609331],[-107.26804417755899,48.162467161494526],[-107.26804339503448,48.16244932287333],[-107.26804989211672,48.16244472729862],[-107.26793139555033,48.162330913379535],[-107.26785900843414,48.16235466731728],[-107.26782745174265,48.162395539175584],[-107.26781431600229,48.16240022324539],[-107.2681698130824,48.16258971155745],[-107.26816277674897,48.16258095982956],[-107.26817586802304,48.16257620448971],[-107.26816849126726,48.16255852557915]]]}"
00000000000000000fb5,7209,0,0,0,"{""type"":""Polygon"",""coordinates"":[[[-107.26806830634149,48.1622567439297],[-107.26801657795156,48.16229354817023],[-107.26796436283335,48.162321369775476],[-107.26793139555033,48.162330913379535],[-107.26804989211672,48.16244472729862],[-107.2680893120551,48.162430516849966],[-107.26809580913147,48.16242592127392],[-107.2681227215971,48.16242988461688],[-107.2680639121495,48.16245786609331],[-107.26816849126726,48.16255852557915],[-107.26816545800907,48.16249160685938],[-107.26806830634149,48.1622567439297]]]}"
00000000000000000fb3,7210,0,0,0,"{""type"":""Polygon"",""coordinates"":[[[-107.2683026101758,48.16211817943023],[-107.26828961615833,48.16212737055316],[-107.26827662213613,48.162136561676064],[-107.268264512486,48.16216357559612],[-107.26822744069345,48.16223130163175],[-107.26812052134683,48.162228922304884],[-107.26806830634149,48.1622567439297],[-107.26816545800907,48.16249160685938],[-107.26830900544665,48.16211359958529],[-107.2683026101758,48.16211817943023]]]}"
00000000000000000fb4,7211,0,0,0,"{""type"":""GeometryCollection"",""geometries"":[{""type"":""LineString"",""coordinates"":[[-107.26831555730874,48.16241267315516],[-107.26832201686311,48.16240808874737]]},{""type"":""Polygon"",""coordinates"":[[[-107.26840967562404,48.1619731127892],[-107.26837240542305,48.16203641853816],[-107.26835458156168,48.16208586646226],[-107.26830900544665,48.16211359958529],[-107.26816545800907,48.16249160685938],[-107.26816849126726,48.16255852557915],[-107.26817586802304,48.16257620448971],[-107.26820903437235,48.16257108088337],[-107.26831555730874,48.16241267315516],[-107.2683155622702,48.162412665777076],[-107.26830852592022,48.162403914089694],[-107.26832186050197,48.16240365006946],[-107.2683971272817,48.16229496324414],[-107.26837651299914,48.16228198429913],[-107.26834847738509,48.16225125535621],[-107.26832156495482,48.16224729208909],[-107.26833436018157,48.16223368083602],[-107.26833255146344,48.162193512465656],[-107.26835135693409,48.1621663230514],[-107.26842159444121,48.16209347343414],[-107.26843199686836,48.162026275578626],[-107.26845026284158,48.16198573906641],[-107.26840967562404,48.1619731127892]]]}]}"
00000000000000000fb9,7212,0,0,0,"{""type"":""MultiPolygon"",""coordinates"":[[[[-107.26829748954017,48.162609576914406],[-107.26818353267684,48.16259844594926],[-107.26819843250122,48.16263385928719],[-107.26823990460164,48.16266430876595],[-107.26825377852856,48.16267739209544],[-107.26828024905213,48.16267244391993],[-107.26833065594809,48.16260445326132],[-107.26829748954017,48.162609576914406]]],[[[-107.26839659588903,48.16243341154545],[-107.26843738242614,48.16245045804757],[-107.26851938950678,48.162341666758024],[-107.26841808207031,48.16231686932783],[-107.26840382315737,48.16229478776839],[-107.2683971272817,48.16229496324414],[-107.26832186050197,48.16240365006946],[-107.26832205933168,48.16240807018765],[-107.26820903437235,48.16257108088337],[-107.26824200190579,48.16256153713411],[-107.2683010548748,48.162538046823116],[-107.26837466733004,48.16254104255659],[-107.26842483052161,48.16246856069879],[-107.2684110536814,48.16245991328516],[-107.26837632201038,48.16242935972794],[-107.26839659588903,48.16243341154545]],[[-107.26836890062462,48.16241160968022],[-107.2683288968561,48.16241240175571],[-107.26837632201038,48.16242935972794],[-107.26836890062462,48.16241160968022]]]]}"
00000000000000000fb8,7213,0,0,0,"{""type"":""MultiPolygon"",""coordinates"":[[[[-107.2683789657609,48.162639234244324],[-107.26837051828738,48.16259915412141],[-107.26833065594809,48.16260445326132],[-107.26828024905213,48.16267244391993],[-107.26836011548954,48.162666352710104],[-107.26837930623368,48.16264816144133],[-107.26838580333607,48.16264356582603],[-107.2683789657609,48.162639234244324]]],[[[-107.26862137826336,48.16238431838486],[-107.26853292295178,48.16234582282049],[-107.26851938950678,48.162341666758024],[-107.26843738242614,48.16245045804757],[-107.26845105753614,48.162459121172525],[-107.26849882799667,48.16248055470553],[-107.26853311760964,48.16250219678793],[-107.26853981353229,48.1625020213008],[-107.26864155046316,48.16238838586267],[-107.26862137826336,48.16238431838486]]],[[[-107.26843919124367,48.16249062660929],[-107.26842483052161,48.16246856069879],[-107.26837466733004,48.16254104255659],[-107.2683880019705,48.162540778524985],[-107.26841422903641,48.16253133899454],[-107.26844089832336,48.162530810918426],[-107.26846722712139,48.16252135565858],[-107.2684805617679,48.16252109161406],[-107.26849365302597,48.16251633623666],[-107.26843919124367,48.16249062660929]]]]}"
00000000000000000fa7,7214,0,0,0,"{""type"":""Polygon"",""coordinates"":[[[-107.26875594971538,48.16240842767305],[-107.26871550348962,48.16240030847783],[-107.26864155046316,48.16238838586267],[-107.26853981353229,48.1625020213008],[-107.26854689451174,48.162510844189406],[-107.2685743466035,48.16252815470704],[-107.26860101593364,48.162527626585366],[-107.26862163047379,48.162540605536115],[-107.26864888377554,48.162553495911055],[-107.26878261901103,48.16240789950298],[-107.26875594971538,48.16240842767305]]]}"
00000000000000000fbb,7215,0,0,0,"{""type"":""Polygon"",""coordinates"":[[[-107.2688231098311,48.162416089873616],[-107.26878261901103,48.16240789950298],[-107.26864888377554,48.162553495911055],[-107.26865592025716,48.16256224759498],[-107.26867711880594,48.16258864506017],[-107.26871052869997,48.16258801261164],[-107.26873719811184,48.16258748444945],[-107.26876386753091,48.162586956279675],[-107.26881070932103,48.16259049555602],[-107.26885056207082,48.16243340027737],[-107.2688231098311,48.162416089873616]]]}"
00000000000000000fa9,7216,0,0,0,"{""type"":""Polygon"",""coordinates"":[[[-107.26895299417889,48.16248496304754],[-107.26893193712759,48.16246307274143],[-107.26885056207082,48.16243340027737],[-107.26881070932103,48.16259049555602],[-107.26885095692083,48.16259419460215],[-107.26888466293713,48.16260241807159],[-107.26901419712082,48.16251056804662],[-107.26895299417889,48.16248496304754]]]}"
00000000000000000fa2,7217,0,0,0,"{""type"":""Polygon"",""coordinates"":[[[-107.26910319335548,48.16256241055534],[-107.26906865967885,48.162536277337765],[-107.26901419712082,48.16251056804662],[-107.26888466293713,48.16260241807159],[-107.2689317482652,48.16261044862376],[-107.26893878484508,48.16261920029392],[-107.26896628185627,48.162636581929554],[-107.26898733902367,48.16265847229725],[-107.26911067237147,48.162580073664536],[-107.26910319335548,48.16256241055534]]]}"
00000000000000000fab,7218,0,0,0,"{""type"":""Polygon"",""coordinates"":[[[-107.26917310115614,48.162632428719974],[-107.26915932396973,48.162623781395645],[-107.26913870907472,48.1626108025489],[-107.26911067237147,48.162580073664536],[-107.26898733902367,48.16265847229725],[-107.26900873684522,48.162689289866556],[-107.26905660538579,48.162715159050535],[-107.26905694602272,48.16272408625383],[-107.26919444196749,48.16266333314963],[-107.26917310115614,48.162632428719974]]]}"
00000000000000000fa5,7219,0,0,0,"{""type"":""Polygon"",""coordinates"":[[[-107.2692843238383,48.16273299858991],[-107.26928373965936,48.16271958004346],[-107.26920147863862,48.16267208480699],[-107.26919444196749,48.16266333314963],[-107.26905694602272,48.16272408625383],[-107.26905044893944,48.16272868192111],[-107.2691060400862,48.162776705623735],[-107.26910682312074,48.16279454433412],[-107.26929844180637,48.162750573117464],[-107.2692843238383,48.16273299858991]]]}"
00000000000000000fa3,7220,0,0,0,"{""type"":""Polygon"",""coordinates"":[[[-107.26932647883787,48.162781302038056],[-107.26931236084192,48.16276372750507],[-107.26929844180637,48.162750573117464],[-107.26910682312074,48.16279454433412],[-107.26912367531258,48.16287463352759],[-107.26935618397056,48.16284769268968],[-107.26935540081567,48.16282985396638],[-107.26935437416576,48.16280752389817],[-107.26932647883787,48.162781302038056]]]}"
00000000000000000f9f,7221,0,0,0,"{""type"":""Polygon"",""coordinates"":[[[-107.26912367531258,48.16287463352759],[-107.2691238742362,48.162879053681245],[-107.26910462636938,48.162897332098765],[-107.26909173388036,48.16290650775383],[-107.26907873964777,48.16291569912652],[-107.26932204649556,48.16298235489446],[-107.26932126336114,48.16296451612478],[-107.2693338151472,48.16294641318898],[-107.26935755132807,48.16287895000157],[-107.26935618397056,48.16284769268968],[-107.26912367531258,48.16287463352759]]]}"
00000000000000000fa6,7222,0,0,0,"{""type"":""Polygon"",""coordinates"":[[[-107.26907214535144,48.162915858937815],[-107.26906584714926,48.16292487478154],[-107.26905285290714,48.162934066154186],[-107.26903996039913,48.16294324180917],[-107.26903326436171,48.16294341733555],[-107.26919949495188,48.1630785932342],[-107.26921922530387,48.16307374908509],[-107.26923905739442,48.16306888921451],[-107.26924472689429,48.163046383499896],[-107.26927061367958,48.16302801638022],[-107.26929010506052,48.16301422925193],[-107.26932238719309,48.16299128214054],[-107.26932204649556,48.16298235489446],[-107.26907214535144,48.162915858937815]]]}"
00000000000000000faa,7223,0,0,0,"{""type"":""Polygon"",""coordinates"":[[[-107.26903326436171,48.16294341733555],[-107.2690014645304,48.16297979866098],[-107.26898183141589,48.1629890786361],[-107.26896346814425,48.16302518013988],[-107.26895697099975,48.16302977582863],[-107.26909472208875,48.163125311324734],[-107.26912002485292,48.16309352557136],[-107.26915333362022,48.163092908664865],[-107.26919949495188,48.1630785932342],[-107.26903326436171,48.16294341733555]]]}"
00000000000000000fa8,7224,0,0,0,"{""type"":""Polygon"",""coordinates"":[[[-107.26895697099975,48.16302977582863],[-107.26893792190101,48.16305247443749],[-107.268925710536,48.1630795046274],[-107.26890612190604,48.163088855810756],[-107.2689136008921,48.1631065191125],[-107.26889435283786,48.16312479757149],[-107.26889459627407,48.16312928895214],[-107.26903019740104,48.16317572833951],[-107.26903645111567,48.16316664124906],[-107.26905525678491,48.16313945118984],[-107.26908856557039,48.16313883430482],[-107.26909472208875,48.163125311324734],[-107.26895697099975,48.16302977582863]]]}"
00000000000000000fae,7225,0,0,0,"{""type"":""Polygon"",""coordinates"":[[[-107.26889459627407,48.16312928895214],[-107.2688885414352,48.163142796204376],[-107.26886924881136,48.16316100346678],[-107.2688634373907,48.163179002110965],[-107.2688441892814,48.16319728058643],[-107.26884517106362,48.16321953962857],[-107.26898662830337,48.16324805168541],[-107.2689978132821,48.163198691156886],[-107.26902389914115,48.163184744226406],[-107.26903019740104,48.16317572833951],[-107.26889459627407,48.16312928895214]]]}"
0000000000000000105f,7226,0,0,0,"{""type"":""Polygon"",""coordinates"":[[[-107.26884517106362,48.16321953962857],[-107.26883378700633,48.16326447997582],[-107.26880765653037,48.163278355672595],[-107.26878885065138,48.163305545760295],[-107.26897017139366,48.163328758454824],[-107.26896958734291,48.16331533975154],[-107.26897441688824,48.16327508198307],[-107.26898662830337,48.16324805168541],[-107.26884517106362,48.16321953962857]]]}"
00000000000000000fbe,7227,0,0,0,"{""type"":""Polygon"",""coordinates"":[[[-107.26897017139366,48.163328758454824],[-107.26878885065138,48.163305545760295],[-107.26877629853716,48.163323648756496],[-107.26874494047283,48.16336894187087],[-107.26876028345296,48.16341326722318],[-107.26897960151364,48.16339109817109],[-107.26897173729866,48.16336443626174],[-107.2689772081042,48.16333751023813],[-107.26897017139366,48.163328758454824]]]}"
00000000000000000faf,7228,0,0,0,"{""type"":""Polygon"",""coordinates"":[[[-107.26876028345296,48.16341326722318],[-107.26876140685428,48.16344003348431],[-107.26876199082585,48.16345345222262],[-107.26879652495434,48.16347958599386],[-107.26879091231655,48.16350200495259],[-107.268976820159,48.163480468364966],[-107.26896133516153,48.16343163587456],[-107.26898038446906,48.16340893709247],[-107.26897960151364,48.16339109817109],[-107.26876028345296,48.16341326722318]]]}"
00000000000000000fb0,7229,0,0,0,"{""type"":""Polygon"",""coordinates"":[[[-107.26897838606193,48.163516146274524],[-107.26898410034181,48.16349371158352],[-107.268976820159,48.163480468364966],[-107.26879091231655,48.16350200495259],[-107.26879183685747,48.163524351048004],[-107.26883487639638,48.163590478708066],[-107.26900710904086,48.16356027877518],[-107.26897838606193,48.163516146274524]]]}"
00000000000000000fc6,7230,0,0,0,"{""type"":""MultiPolygon"",""coordinates"":[[[[-107.26912165422073,48.16358482762493],[-107.26910226423384,48.163598599159116],[-107.26913518826261,48.163588983685365],[-107.26912165422073,48.16358482762493]]],[[[-107.2690288479424,48.163600024207916],[-107.26901472986296,48.16358244936026],[-107.26901428750901,48.16357353772866],[-107.26900710904086,48.16356027877518],[-107.26883487639638,48.163590478708066],[-107.26883497353954,48.163594914641024],[-107.2688495783652,48.163621472367474],[-107.26886369635339,48.16363904725474],[-107.26888523621486,48.1636743725611],[-107.26889921255045,48.16368744031334],[-107.26904330665614,48.16362652641561],[-107.2690288479424,48.163600024207916]]]]}"
00000000000000001062,7231,0,0,0,"{""type"":""Polygon"",""coordinates"":[[[-107.26913518826261,48.163588983685365],[-107.26910226423384,48.163598599159116],[-107.26909596590414,48.16360761512484],[-107.2690845819511,48.163652555830076],[-107.26905024627015,48.16363084230567],[-107.26904330665614,48.16362652641561],[-107.26889921255045,48.16368744031334],[-107.26892680742301,48.163709258236864],[-107.26894239418846,48.163758075271545],[-107.26900359912206,48.16378368084536],[-107.26916244263036,48.163601874143836],[-107.26913518826261,48.163588983685365]]]}"
00000000000000001056,7232,0,1,0,"{""type"":""GeometryCollection"",""geometries"":[{""type"":""LineString"",""coordinates"":[[-107.26916264936439,48.16360632831194],[-107.26916245243993,48.16360186587882]]},{""type"":""Polygon"",""coordinates"":[[[-107.26917973753284,48.16369087619444],[-107.26917915341281,48.163677457401995],[-107.26916537586166,48.16366880991633],[-107.26916459282317,48.163650970910595],[-107.26916425217438,48.163642043550986],[-107.26916264155368,48.1636062943584],[-107.26900359912206,48.16378368084536],[-107.2690037980249,48.16378810107604],[-107.26905088491715,48.16379613171074],[-107.26906602952859,48.163836037124916],[-107.2691544447642,48.163874461967424],[-107.26919307270097,48.16369061203183],[-107.26917973753284,48.16369087619444]]]}]}"
0000000000000000104f,7233,0,0,0,"{""type"":""Polygon"",""coordinates"":[[[-107.26929335860031,48.16369307871654],[-107.26919307270097,48.16369061203183],[-107.2691544447642,48.163874461967424],[-107.26917486140094,48.16388302086697],[-107.26922840128721,48.16388638443485],[-107.26922727756325,48.16385961796069],[-107.26921877175471,48.163819623936924],[-107.26927925127319,48.16382730336537],[-107.26933297744014,48.16383524523384],[-107.26929335860031,48.16369307871654]]]}"
0000000000000000104e,7234,0,0,0,"{""type"":""Polygon"",""coordinates"":[[[-107.2693992569787,48.163673126224325],[-107.26933995861346,48.16369212633879],[-107.26929335860031,48.16369307871654],[-107.26933297744014,48.16383524523384],[-107.26937342560936,48.16384336434059],[-107.26950507002786,48.16380053707017],[-107.2693992569787,48.163673126224325]]]}"
00000000000000001061,7235,0,0,0,"{""type"":""Polygon"",""coordinates"":[[[-107.26962352085742,48.163762481032826],[-107.26961746610733,48.16377598849106],[-107.26960334759836,48.16375841368223],[-107.26961643932921,48.163753658028064],[-107.26951736662181,48.16362614306752],[-107.2694847387003,48.16364461483135],[-107.269432181108,48.16366351063255],[-107.2694059531736,48.16367295066597],[-107.2693992569787,48.163673126224325],[-107.26950507002786,48.16380053707017],[-107.26951820631653,48.16379585263059],[-107.26953188230654,48.16380451580036],[-107.26954521756554,48.16380425158595],[-107.26961883364254,48.16380724634526],[-107.26963763938046,48.163780055839695],[-107.26962352085742,48.163762481032826]]]}"
00000000000000001053,7236,0,0,0,"{""type"":""Polygon"",""coordinates"":[[[-107.26962352085742,48.163762481032826],[-107.26963763938046,48.163780055839695],[-107.26966943958043,48.16374367374174],[-107.26970333343809,48.16375647541831],[-107.26974299845332,48.16374675532636],[-107.26971451777702,48.16370711434634],[-107.2697074362292,48.163698291358045],[-107.2697141769949,48.16369818698255],[-107.26964207056963,48.163578999955035],[-107.26962233990449,48.16358384424545],[-107.26956328516849,48.16360733588035],[-107.26953695552893,48.16361679165705],[-107.26951736662181,48.16362614306752],[-107.26961643932921,48.163753658028064],[-107.26962977458194,48.16375339380231],[-107.26962352085742,48.163762481032826]],[[-107.2696754943087,48.16373016628906],[-107.2696553210494,48.16372609895188],[-107.26966240258534,48.16373492194898],[-107.2696754943087,48.16373016628906]],[[-107.26962977458194,48.16375339380231],[-107.26964960708162,48.16374853377384],[-107.26963548856148,48.163730958979166],[-107.26962977458194,48.16375339380231]]]}"
00000000000000000f9e,7237,0,0,0,"{""type"":""Polygon"",""coordinates"":[[[-107.26978137999238,48.163558414259114],[-107.26968173537958,48.16356927992634],[-107.26964207056963,48.163578999955035],[-107.2697141769949,48.16369818698255],[-107.26972771123269,48.16370234296339],[-107.26971451777702,48.16370711434634],[-107.26974299845332,48.16374675532636],[-107.26978300426339,48.163745962589594],[-107.26980884691636,48.163727523865376],[-107.26983556200443,48.16372706656295],[-107.26985559351488,48.163726626715395],[-107.26978137999238,48.163558414259114]],[[-107.26976727445164,48.16369263859143],[-107.26973376593544,48.16368883551827],[-107.26974084749004,48.16369765850286],[-107.26976727445164,48.16369263859143]]]}"
00000000000000000fa4,7238,0,0,0,"{""type"":""Polygon"",""coordinates"":[[[-107.26992054765728,48.16353332123897],[-107.26983399465469,48.163539431384045],[-107.26978807619338,48.16355823867433],[-107.26978137999238,48.163558414259114],[-107.26985559351488,48.163726626715395],[-107.26987566957438,48.16372625806862],[-107.26994757266955,48.163693519066086],[-107.26994737365175,48.163689098848224],[-107.26990678344546,48.16367647287188],[-107.2699458068115,48.16365342086119],[-107.26992054765728,48.16353332123897]]]}"
00000000000000000fa1,7239,0,0,0,"{""type"":""GeometryCollection"",""geometries"":[{""type"":""LineString"",""coordinates"":[[-107.26994740164267,48.1636890851345],[-107.26994759863581,48.163693547565146],[-107.26995426888936,48.16369341577559]]},{""type"":""Polygon"",""coordinates"":[[[-107.27006723514,48.16353041420884],[-107.27002742846989,48.16353562726219],[-107.2699472180925,48.163532792705105],[-107.26992054765728,48.16353332123897],[-107.2699458068115,48.16365342086119],[-107.26999309325919,48.16366587121504],[-107.26996056710523,48.16368432743495],[-107.27000741100841,48.16368786614731],[-107.27004082236684,48.16368723318536],[-107.27008076941154,48.16353457012582],[-107.27006723514,48.16353041420884]]]}]}"
00000000000000001065,7240,0,0,0,"{""type"":""Polygon"",""coordinates"":[[[-107.27020752740684,48.16353208704803],[-107.27014744562909,48.16353324866266],[-107.27008076941154,48.16353457012582],[-107.27004082236684,48.16368723318536],[-107.27005415765596,48.16368696890005],[-107.27010749883043,48.163685911739876],[-107.27010671533202,48.163668072747726],[-107.27014647762444,48.1636627884393],[-107.27017383444438,48.16367566289149],[-107.27022086266386,48.163531822741156],[-107.27020752740684,48.16353208704803]]]}"
00000000000000000fa0,7241,0,0,0,"{""type"":""Polygon"",""coordinates"":[[[-107.27031543578963,48.163556723094175],[-107.27022086266386,48.163531822741156],[-107.27017383444438,48.16367566289149],[-107.27020084595502,48.163684061636545],[-107.2702141812657,48.16368379732848],[-107.27022795922765,48.16369244465563],[-107.2703014739593,48.16369545459411],[-107.2703489444656,48.16356052595067],[-107.27031543578963,48.163556723094175]]]}"
00000000000000001052,7242,0,0,0,"{""type"":""Polygon"",""coordinates"":[[[-107.2704508432715,48.16359874050517],[-107.27043706525588,48.16359009322675],[-107.27039647476566,48.16357746748842],[-107.27035582712547,48.16356492865867],[-107.2703489444656,48.16356052595067],[-107.2703014739593,48.16369545459411],[-107.27033512904025,48.163699312948],[-107.27042945915566,48.163719721829295],[-107.27047751390437,48.16359821181828],[-107.2704508432715,48.16359874050517]]]}"
00000000000000001050,7243,0,0,0,"{""type"":""Polygon"",""coordinates"":[[[-107.27055786683562,48.16360555305042],[-107.27047751390437,48.16359821181828],[-107.27042945915566,48.163719721829295],[-107.27047668890755,48.16373225887206],[-107.27057751652951,48.16374807175676],[-107.27059811648442,48.16360925138313],[-107.27055786683562,48.16360555305042]]]}"
0000000000000000104c,7244,0,0,0,"{""type"":""MultiPolygon"",""coordinates"":[[[[-107.27069492064211,48.16398691845199],[-107.27072808885728,48.16398179379066],[-107.27072686229577,48.1639550430332],[-107.27069492064211,48.16398691845199]]],[[[-107.27069703536448,48.16358045886],[-107.27067754388024,48.163594246424736],[-107.27066465129334,48.16360342241489],[-107.27065165695981,48.163612614124645],[-107.27062464526139,48.16360421552262],[-107.27061165092347,48.16361340722721],[-107.27059811648442,48.16360925138313],[-107.27057751652951,48.16374807175676],[-107.27059085191672,48.1637478073941],[-107.27062426353717,48.16374717422167],[-107.27065752887974,48.16374648555232],[-107.27068434596687,48.16374601228729],[-107.27071135779656,48.16375441089178],[-107.27072523334436,48.16376749409347],[-107.27072370605413,48.163579930103424],[-107.27069703536448,48.16358045886]]]]}"
0000000000000000104a,7245,0,0,0,"{""type"":""MultiPolygon"",""coordinates"":[[[[-107.27091623873741,48.16385753456162],[-107.27088326972101,48.16386707950179],[-107.27073316041228,48.16394602690644],[-107.27072686229577,48.1639550430332],[-107.27072808885728,48.16398179379066],[-107.2708612447378,48.16397472959382],[-107.27094071760507,48.16395979549498],[-107.27091623873741,48.16385753456162]]],[[[-107.27083712970999,48.163577710545674],[-107.2708043028855,48.16359176253034],[-107.27072370605413,48.163579930103424],[-107.27072523334436,48.16376749409347],[-107.27072547700303,48.16377198551859],[-107.2707921541051,48.163770663579164],[-107.27081960880204,48.16378797380224],[-107.27084573949263,48.16377409741808],[-107.27087339336263,48.16379582784755],[-107.27089346967799,48.16379545898091],[-107.27083712970999,48.163577710545674]],[[-107.27073036204673,48.16373164043168],[-107.2707374439239,48.163740463341725],[-107.27075058021629,48.163735778738705],[-107.27073036204673,48.16373164043168]]]]}"
0000000000000000104b,7246,0,0,0,"{""type"":""MultiPolygon"",""coordinates"":[[[[-107.27103488932764,48.16382389694922],[-107.27091623873741,48.16385753456162],[-107.27094071760507,48.16395979549498],[-107.27098742051268,48.16395882656324],[-107.27098707942389,48.163949899169126],[-107.27100055689029,48.163954141904455],[-107.2709941614186,48.163958722093774],[-107.27101409155686,48.16395829771321],[-107.27106733625826,48.16395280403589],[-107.27103488932764,48.16382389694922]]],[[[-107.2709702842767,48.163570646285045],[-107.27096364518503,48.1635707350303],[-107.27093697443385,48.16357126385499],[-107.27089002835909,48.16356774133492],[-107.27085022139758,48.1635729547406],[-107.27083712970999,48.163577710545674],[-107.27089346967799,48.16379545898091],[-107.270920140578,48.16379493016227],[-107.27093347603072,48.163794665750096],[-107.27100699160081,48.163797675132756],[-107.27102648314907,48.16378388744628],[-107.2709702842767,48.163570646285045]],[[-107.27090967939445,48.16371025983699],[-107.27091012221048,48.163719171471236],[-107.27092325849866,48.16371448684661],[-107.27090967939445,48.16371025983699]]]]}"
0000000000000000104d,7247,1,0,1,"{""type"":""MultiPolygon"",""coordinates"":[[[[-107.27114123208483,48.16381285409529],[-107.27105472199378,48.16381903661967],[-107.27103488932764,48.16382389694922],[-107.27106733625826,48.16395280403589],[-107.27114710575773,48.16394672595713],[-107.27116044129724,48.16394646151048],[-107.27114123208483,48.16381285409529]]],[[[-107.27112978721271,48.163705924580114],[-107.27106286628651,48.16370275533794],[-107.27108919605031,48.16369329912406],[-107.27112886124874,48.16368357846636],[-107.27111683158074,48.163563230477564],[-107.2711034961852,48.1635634949126],[-107.27105699287084,48.16356888408407],[-107.27103032209448,48.16356941293534],[-107.27099031594342,48.16357020619801],[-107.2709702842767,48.163570646285045],[-107.27102648314907,48.16378388744628],[-107.27106727351018,48.163800933170506],[-107.27111391908588,48.163800051108275],[-107.27114059005181,48.16379952222666],[-107.27112978721271,48.163705924580114]]]]}"
00000000000000001038,7248,0,0,0,"{""type"":""Polygon"",""coordinates"":[[[-107.27117440024621,48.163807729298014],[-107.27114123208483,48.16381285409529],[-107.27116044129724,48.16394646151048],[-107.2712002487587,48.16394124792649],[-107.27125212459025,48.16390449627445],[-107.27128382215994,48.16386812929858],[-107.27126304436395,48.16369884415461],[-107.27124970889889,48.1636991086124],[-107.27126245947836,48.163685425392245],[-107.27124964529952,48.163547238499724],[-107.27123001193843,48.16355651904092],[-107.27119708770992,48.163566135232415],[-107.27116367604825,48.163566768603125],[-107.27115034064477,48.1635670330449],[-107.27111683158074,48.163563230477564],[-107.27112886124874,48.16368357846636],[-107.27113525666263,48.16367899829344],[-107.27114219669106,48.16368331402602],[-107.27115587326921,48.16369197693096],[-107.27123637343563,48.16369937306829],[-107.27118391304883,48.16372270578808],[-107.27114332182575,48.16371008035244],[-107.27112978721271,48.163705924580114],[-107.27114059005181,48.16379952222666],[-107.27118079568068,48.16380314911074],[-107.27117440024621,48.163807729298014]],[[-107.27118079568068,48.16380314911074],[-107.2711940337481,48.16379844872039],[-107.2711804545423,48.16379422174493],[-107.27118079568068,48.16380314911074]],[[-107.2711804545423,48.16379422174493],[-107.27117341706416,48.16378547006681],[-107.27116017900198,48.163790170453034],[-107.2711804545423,48.16379422174493]]]}"
00000000000000001048,7249,0,0,0,"{""type"":""MultiPolygon"",""coordinates"":[[[[-107.2713097471029,48.163697875075094],[-107.2712829744194,48.163698419722394],[-107.27126304436395,48.16369884415461],[-107.27128382215994,48.16386812929858],[-107.27136783822264,48.16380392234972],[-107.27138326282216,48.16370088416023],[-107.27137622529574,48.1636921325137],[-107.2713097471029,48.163697875075094]]],[[[-107.27137622529574,48.1636921325137],[-107.27138292163278,48.16369195681376],[-107.2714026900286,48.163535226363514],[-107.27136258201355,48.16353603550433],[-107.27126923410665,48.16353788675223],[-107.27124964529952,48.163547238499724],[-107.27126245947836,48.163685425392245],[-107.27128184918189,48.163671653406155],[-107.27136938696307,48.1636878010781],[-107.27137622529574,48.1636921325137]]]]}"
00000000000000001034,7250,0,0,0,"{""type"":""MultiPolygon"",""coordinates"":[[[[-107.27144274086623,48.16353450412996],[-107.2714026900286,48.163535226363514],[-107.27138292163278,48.16369195681376],[-107.27146317829846,48.163694861339586],[-107.27149702886202,48.16370759113482],[-107.27151002314496,48.16369839929532],[-107.27154883938859,48.16351896949754],[-107.27144274086623,48.16353450412996]]],[[[-107.27146410446646,48.16371720744972],[-107.27142385422592,48.16371350948761],[-107.27140387958384,48.163713862745915],[-107.2713835065625,48.16370537557593],[-107.27136783822264,48.16380392234972],[-107.27141311487883,48.16377178235038],[-107.27141287113521,48.16376729092918],[-107.27147114202461,48.163725959093156],[-107.27146410446646,48.16371720744972]]]]}"
00000000000000001032,7251,0,0,0,"{""type"":""Polygon"",""coordinates"":[[[-107.27191471141487,48.163489376844375],[-107.2718946795957,48.16348981712755],[-107.27191978177949,48.163453610261804],[-107.27187269318313,48.163445581130034],[-107.27183528364812,48.163504382806174],[-107.27180758456821,48.16348258158706],[-107.27183156115548,48.16341960857638],[-107.27179712127416,48.16339791191382],[-107.27180185042691,48.16335321811248],[-107.27176204342027,48.16335843187629],[-107.27170176169531,48.16335517429758],[-107.27170962810737,48.16338183592279],[-107.27170411455508,48.16340869087538],[-107.27172497513537,48.163426160709264],[-107.27174012296064,48.163466065339804],[-107.27172131850105,48.16349325606291],[-107.27167437203796,48.16348973394155],[-107.2716416470461,48.163503770466185],[-107.27154883938859,48.16351896949754],[-107.27151002314496,48.16369839929532],[-107.27175523475665,48.16365785565879],[-107.27176168732672,48.1636531885225],[-107.27177423853372,48.1636350850457],[-107.27179308759771,48.163607965441564],[-107.27181164829256,48.16357628324185],[-107.27186523410677,48.16357971648809],[-107.27187700088236,48.16354377411101],[-107.27190377362338,48.16354322929815],[-107.27192966023567,48.163524861292515],[-107.27196204390995,48.16350189735508],[-107.27198118958773,48.16348363388718],[-107.27191471141487,48.163489376844375]],[[-107.27167169878965,48.16357908849855],[-107.2716516224244,48.163579457527746],[-107.27165870456793,48.16358828033758],[-107.27167169878965,48.16357908849855]]]}"
00000000000000001033,7252,0,0,0,"{""type"":""MultiPolygon"",""coordinates"":[[[[-107.27136783822264,48.16380392234972],[-107.27140090468578,48.163798813194354],[-107.27141369981794,48.163785201132455],[-107.27141311487883,48.16377178235038],[-107.27136783822264,48.16380392234972]]],[[[-107.27151002314496,48.16369839929532],[-107.27149702886202,48.16370759113482],[-107.27154475968779,48.163728952330544],[-107.27153279334823,48.16376047458644],[-107.27150632150514,48.16376542379466],[-107.27149175885027,48.163738937664526],[-107.27147808212632,48.16373027480344],[-107.27147114202461,48.163725959093156],[-107.27141287113521,48.16376729092918],[-107.27145332062706,48.16377540911536],[-107.27148731754603,48.16378819441562],[-107.2715338212994,48.16378280500208],[-107.27155341022753,48.16377345315171],[-107.27156024861044,48.16377778457998],[-107.27174626374433,48.163756226653774],[-107.27173898231068,48.163742983610526],[-107.27172349313207,48.16369415142867],[-107.27175523475665,48.16365785565879],[-107.27151002314496,48.16369839929532]],[[-107.27147236914136,48.16375270971074],[-107.27147945125692,48.16376153256352],[-107.27149254302353,48.163756776652235],[-107.27147236914136,48.16375270971074]]]]}"
00000000000000001037,7253,0,0,0,"{""type"":""MultiPolygon"",""coordinates"":[[[[-107.27148731754603,48.16378819441562],[-107.27149415591873,48.16379252585007],[-107.27151432982936,48.163796592789325],[-107.27152732414393,48.16378740093118],[-107.2715338212994,48.16378280500208],[-107.27148731754603,48.16378819441562]]],[[[-107.27174626374433,48.163756226653774],[-107.27156024861044,48.16377778457998],[-107.27158814688667,48.163804006211784],[-107.27156206078335,48.16381795400927],[-107.2715832627096,48.16384435137577],[-107.27157080882525,48.16386689084799],[-107.27177020456558,48.1638451395251],[-107.2717628785576,48.16383182525775],[-107.27178192698123,48.16380912576971],[-107.27174626374433,48.163756226653774]]],[[[-107.27150984399007,48.16384577839063],[-107.27143510078454,48.1638160187398],[-107.2714223056454,48.163829630812685],[-107.27140134762087,48.1638077248383],[-107.27140090468578,48.163798813194354],[-107.27136783822264,48.16380392234972],[-107.27128382215994,48.16386812929858],[-107.27125212459025,48.16390449627445],[-107.2715642141867,48.16386705084207],[-107.27150984399007,48.16384577839063]]]]}"
00000000000000001035,7254,0,0,0,"{""type"":""Polygon"",""coordinates"":[[[-107.27177020456558,48.1638451395251],[-107.27157080882525,48.16386689084799],[-107.2715710525878,48.1638713822768],[-107.2715642141867,48.16386705084207],[-107.27125212459025,48.16390449627445],[-107.2712002487587,48.16394124792649],[-107.2712412831653,48.163962785058025],[-107.27179454396567,48.16394289299618],[-107.2717919472287,48.16388488445132],[-107.27177020456558,48.1638451395251]],[[-107.27157813475432,48.163880205140856],[-107.27155791622862,48.16387606700585],[-107.27156524215349,48.16388938130213],[-107.27157813475432,48.163880205140856]],[[-107.27157936194322,48.16390695583354],[-107.27155908620875,48.16390290462217],[-107.27156636758913,48.16391614772059],[-107.27157936194322,48.16390695583354]],[[-107.27158014615456,48.163924794876436],[-107.2715598704103,48.16392074366411],[-107.27156715179387,48.16393398676688],[-107.27158014615456,48.163924794876436]]]}"
00000000000000001028,7255,0,0,0,"{""type"":""MultiPolygon"",""coordinates"":[[[[-107.27159597642192,48.16398255469109],[-107.27157131657738,48.164027673530946],[-107.27178571495128,48.16404577169148],[-107.27180241053351,48.16396955490715],[-107.27179454396567,48.16394289299618],[-107.27155460039918,48.163952090324024],[-107.27159597642192,48.16398255469109]]],[[[-107.27155460039918,48.163952090324024],[-107.2712412831653,48.163962785058025],[-107.27128271599202,48.16399316265115],[-107.27128959890919,48.16399756532179],[-107.27131578260638,48.16398805350293],[-107.27132208062793,48.16397903733428],[-107.27133585912068,48.16398768453736],[-107.27135671973896,48.164005154642226],[-107.2714840214765,48.16401601740786],[-107.27150341133101,48.1640022452868],[-107.27151093645709,48.16401997985646],[-107.27151753111913,48.164019819864976],[-107.2715240283187,48.164015223915165],[-107.27155460039918,48.163952090324024]],[[-107.27131499852604,48.16397021443314],[-107.27130874505374,48.16397930180444],[-107.27132208062793,48.16397903733428],[-107.27131499852604,48.16397021443314]]]]}"
0000000000000000100f,7256,0,0,0,"{""type"":""GeometryCollection"",""geometries"":[{""type"":""LineString"",""coordinates"":[[-107.27151086650352,48.16401995608105],[-107.27151753679216,48.16401982420012]]},{""type"":""Polygon"",""coordinates"":[[[-107.27157131657738,48.164027673530946],[-107.27152730705495,48.16409108744295],[-107.27173667953438,48.16414502394825],[-107.27173609448423,48.16413160507935],[-107.27175572814858,48.16412232432569],[-107.27177497597852,48.164104044952595],[-107.27178571495128,48.16404577169148],[-107.27157131657738,48.164027673530946]]]},{""type"":""Polygon"",""coordinates"":[[[-107.27135671973896,48.164005154642226],[-107.27137059569863,48.16401823780241],[-107.27139907887288,48.16405787846159],[-107.27142476677861,48.16403509016102],[-107.27146497281541,48.16403871693192],[-107.27145109680097,48.164025633781684],[-107.27141060249488,48.164017444358116],[-107.27147752427476,48.1640206133551],[-107.2714840214765,48.16401601740786],[-107.27135671973896,48.164005154642226]]]}]}"
000000000000000010b6,7257,0,0,0,"{""type"":""GeometryCollection"",""geometries"":[{""type"":""Point"",""coordinates"":[-107.2713990485607,48.164057897404746]},{""type"":""Polygon"",""coordinates"":[[[-107.27152730705495,48.16409108744295],[-107.271521252802,48.16410459509288],[-107.27149595063479,48.16413638207391],[-107.27149619438649,48.16414087352615],[-107.27167553537835,48.16427129177449],[-107.2716949253463,48.164257519545146],[-107.2717247131617,48.164176546477755],[-107.27173667953438,48.16414502394825],[-107.27152730705495,48.16409108744295]]]}]}"
00000000000000001047,7258,0,0,0,"{""type"":""Polygon"",""coordinates"":[[[-107.27177892666028,48.16449700055326],[-107.27177188887808,48.16448824881005],[-107.27173813491711,48.16447995494143],[-107.27168356443181,48.164454262094964],[-107.2716286082654,48.1644195705546],[-107.27161527248933,48.164419835074696],[-107.27161448827479,48.164401995864615],[-107.27161414703984,48.16439306840137],[-107.27164359389977,48.164303167695806],[-107.27167553537835,48.16427129177449],[-107.27149619438649,48.16414087352615],[-107.27146459414348,48.16418167673536],[-107.27144461924067,48.164182030011915],[-107.27142478634048,48.16418689046144],[-107.27165065963936,48.1646156801443],[-107.2717157703969,48.164578678943954],[-107.27179954406436,48.1645099792337],[-107.27177892666028,48.16449700055326]]]}"
0000000000000000105b,7259,0,0,0,"{""type"":""MultiPolygon"",""coordinates"":[[[[-107.27128271599202,48.16399316265115],[-107.271283101701,48.164002161254416],[-107.27128959890919,48.16399756532179],[-107.27128271599202,48.16399316265115]]],[[[-107.27142478634048,48.16418689046144],[-107.27141179186567,48.16419608237945],[-107.2713111609321,48.164184690552105],[-107.2713830125963,48.16460307553621],[-107.27145721684708,48.1646194878434],[-107.27160493899108,48.16463890901206],[-107.27165065963936,48.1646156801443],[-107.27142478634048,48.16418689046144]]]]}"
0000000000000000105a,7260,0,0,0,"{""type"":""MultiPolygon"",""coordinates"":[[[[-107.2713111609321,48.164184690552105],[-107.27129098688323,48.16418062354369],[-107.27123774175193,48.16418611737972],[-107.27121107048045,48.16418664629997],[-107.27117780454745,48.16418733518189],[-107.27119779796729,48.16433878272525],[-107.27129105038684,48.164332495483784],[-107.27123233550772,48.16436491597242],[-107.27120542039471,48.16436095342311],[-107.27123533562451,48.16458372522885],[-107.27128238061488,48.164591683617324],[-107.2713830125963,48.16460307553621],[-107.2713111609321,48.164184690552105]]],[[[-107.2712412831653,48.163962785058025],[-107.2712002487587,48.16394124792649],[-107.27116044129724,48.16394646151048],[-107.27114710575773,48.16394672595713],[-107.27114793430506,48.163964636227114],[-107.27116810819119,48.16396870325306],[-107.27116239498751,48.16399113824895],[-107.2711889241333,48.16398610218662],[-107.27121662300361,48.16400790379788],[-107.2712371380845,48.164020898213785],[-107.271258782701,48.16405620744653],[-107.27127177713896,48.16404701557456],[-107.27126425214297,48.16402928097375],[-107.27127646250966,48.164002250024566],[-107.271283101701,48.164002161254416],[-107.27128271599202,48.16399316265115],[-107.2712412831653,48.163962785058025]],[[-107.27122839049913,48.16397196119008],[-107.27122130842807,48.163963138282426],[-107.2712150549408,48.163972225646795],[-107.27122839049913,48.16397196119008]],[[-107.27120181680878,48.163976926057174],[-107.27120889887597,48.16398574896867],[-107.2712150549408,48.163972225646795],[-107.27120181680878,48.163976926057174]]]]}"
00000000000000001057,7261,0,0,0,"{""type"":""MultiPolygon"",""coordinates"":[[[[-107.27101409155686,48.16395829771321],[-107.27101453439526,48.163967209388346],[-107.27103416799031,48.16395792881298],[-107.27101409155686,48.16395829771321]]],[[[-107.27103416799031,48.16395792881298],[-107.27106254891574,48.163997585259686],[-107.27108863519378,48.163983637546],[-107.2710812120535,48.1639658872291],[-107.27114105142125,48.163960233548224],[-107.27114793430506,48.163964636227114],[-107.27114710575773,48.16394672595713],[-107.27106733625826,48.16395280403589],[-107.27103416799031,48.16395792881298]]],[[[-107.27120542039471,48.16436095342311],[-107.27116507218939,48.164352819333445],[-107.27114411411344,48.16433091308674],[-107.2711368328518,48.164317669849055],[-107.27115700692185,48.1643217368999],[-107.27119779796729,48.16433878272525],[-107.27117780454745,48.16418733518189],[-107.27117106358668,48.1641874396661],[-107.27112446204396,48.164188392980684],[-107.27108445518523,48.16418918630987],[-107.27104434659887,48.16418999534221],[-107.27109352701896,48.16454628852984],[-107.27111394489808,48.164554847094465],[-107.27120842035421,48.16457976266794],[-107.27123533562451,48.16458372522885],[-107.27120542039471,48.16436095342311]]]]}"
00000000000000001058,7262,0,0,0,"{""type"":""GeometryCollection"",""geometries"":[{""type"":""LineString"",""coordinates"":[[-107.27086953319389,48.16401030271194],[-107.27086933611858,48.16400584028438]]},{""type"":""Polygon"",""coordinates"":[[[-107.27104434659887,48.16418999534221],[-107.27101753343099,48.16418601702802],[-107.27099144699717,48.16419996477988],[-107.2709316073171,48.16420561840113],[-107.27092545112126,48.16421914176802],[-107.27091211551709,48.16421940618505],[-107.27096416899504,48.16449076367501],[-107.27103929837251,48.164529522756105],[-107.27109352701896,48.16454628852984],[-107.27104434659887,48.16418999534221]],[[-107.27100460124187,48.16434708090394],[-107.27103264128758,48.16437781018043],[-107.27105814305332,48.16435044343188],[-107.27100460124187,48.16434708090394]]]},{""type"":""Polygon"",""coordinates"":[[[-107.27091068488514,48.164036276570116],[-107.27093096047318,48.164040327932426],[-107.27094375580243,48.16402671586581],[-107.27095664851821,48.1640175397612],[-107.27098170721362,48.16398126154659],[-107.27101453439526,48.163967209388346],[-107.27101409155686,48.16395829771321],[-107.2709941614186,48.163958722093774],[-107.27098766420262,48.163963318003205],[-107.27098742051268,48.16395882656324],[-107.27094071760507,48.16395979549498],[-107.2708612447378,48.16397472959382],[-107.27086911055851,48.16400139161632],[-107.27088244607819,48.164001127208515],[-107.2708695533609,48.16401030330032],[-107.2708774191932,48.164036965339854],[-107.27088367275192,48.164027877984516],[-107.27089680915265,48.16402319333319],[-107.27091068488514,48.164036276570116]],[[-107.27091014468411,48.164022928921135],[-107.27089646808696,48.16401426592727],[-107.27089680915265,48.16402319333319],[-107.27091014468411,48.164022928921135]]]}]}"
00000000000000001055,7263,0,0,0,"{""type"":""GeometryCollection"",""geometries"":[{""type"":""LineString"",""coordinates"":[[-107.27087738594064,48.16403694543325],[-107.27087758301687,48.16404140786074]]},{""type"":""LineString"",""coordinates"":[[-107.27069492326686,48.16398695594377],[-107.27068825297866,48.163987087776896]]},{""type"":""Polygon"",""coordinates"":[[[-107.27094657277533,48.16439290445258],[-107.2708870738622,48.16440748554517],[-107.27095063415385,48.16448660782168],[-107.27096416899504,48.16449076367501],[-107.27094657277533,48.16439290445258]]]},{""type"":""Polygon"",""coordinates"":[[[-107.27068985295983,48.1641746438342],[-107.27068144714457,48.16413463402558],[-107.27071417272754,48.164120597645336],[-107.27069341424523,48.16410311163275],[-107.27068647423037,48.164098795833],[-107.27067040185605,48.16403654425341],[-107.27066986174277,48.16402319660078],[-107.27066292174644,48.1640188808054],[-107.27062448274852,48.16405535213764],[-107.27061251561815,48.16408687449407],[-107.27063367223145,48.16411320101926],[-107.27068985295983,48.1641746438342]],[[-107.27064568390473,48.16408174984968],[-107.27062551013354,48.16407768270229],[-107.27063367223145,48.16411320101926],[-107.27064568390473,48.16408174984968]]]},{""type"":""Polygon"",""coordinates"":[[[-107.27086930968585,48.16400581185568],[-107.27086911055851,48.16400139161632],[-107.27086896862659,48.16399688445243],[-107.2708612447378,48.16397472959382],[-107.27072808885728,48.16398179379066],[-107.27069492064211,48.16398691845199],[-107.27074909096228,48.16400377120123],[-107.27076375042257,48.1640346935537],[-107.27080287577311,48.164011625311865],[-107.27084893675517,48.16399732452291],[-107.27084322337306,48.164019759516506],[-107.27086364086064,48.16402831805881],[-107.2708774191932,48.164036965339854],[-107.27086930968585,48.16400581185568]],[[-107.27080243298705,48.16400271362691],[-107.27081542745151,48.16399352182538],[-107.27079515192727,48.16398947044064],[-107.27080243298705,48.16400271362691]]]},{""type"":""Polygon"",""coordinates"":[[[-107.2707395366182,48.164240682601],[-107.27077920235179,48.164230961973274],[-107.2707789586892,48.164226470509284],[-107.27082580377694,48.16423000882855],[-107.2707934191316,48.164252972724455],[-107.27076069342786,48.16426700917003],[-107.2708802355009,48.16440315401665],[-107.27089904092762,48.16437596296443],[-107.27094657277533,48.16439290445258],[-107.27091211551709,48.16421940618505],[-107.27085169112307,48.164211640855726],[-107.27087128031047,48.16420228906191],[-107.27087777757718,48.164197693138235],[-107.27086424286207,48.16419353729262],[-107.27085012342843,48.16417596255142],[-107.27081739779614,48.164189998994004],[-107.2708036194337,48.164181351680014],[-107.27077739106649,48.16419079219194],[-107.27076327168854,48.16417321743746],[-107.27073694158528,48.16418267365663],[-107.270722777688,48.16416502769301],[-107.27071593940012,48.16416069617084],[-107.27070206372444,48.16414761287345],[-107.27068985295983,48.1641746438342],[-107.2707395366182,48.164240682601]]]}]}"
00000000000000001049,7264,0,0,0,"{""type"":""Polygon"",""coordinates"":[[[-107.2708870738622,48.16440748554517],[-107.2708805765566,48.16441208148876],[-107.2708802355009,48.16440315401665],[-107.27076069342786,48.16426700917003],[-107.27072147042084,48.164285641529915],[-107.2707395366182,48.164240682601],[-107.27061251561815,48.16408687449407],[-107.27060621745352,48.16409589063824],[-107.2706069038324,48.1641092937957],[-107.27059390930327,48.16411848559081],[-107.27059469302705,48.16413632472572],[-107.27058180022989,48.164145500804445],[-107.27056230841018,48.1641592885021],[-107.27057120136296,48.16420828126943],[-107.2705589904966,48.16423531224723],[-107.27055347599398,48.16426216759268],[-107.27062240770098,48.16430992732084],[-107.27064262614206,48.16431406568914],[-107.27063612884153,48.16431866160791],[-107.2707948490826,48.16443610311129],[-107.27082152041525,48.16443557430266],[-107.27082880155764,48.16444881759691],[-107.27093729844992,48.16448687224607],[-107.27095063415385,48.16448660782168],[-107.2708870738622,48.16440748554517]],[[-107.27070813482173,48.1642859059188],[-107.27064785240377,48.164282647638395],[-107.27066221539289,48.16430471391822],[-107.27070813482173,48.1642859059188]]]}"
00000000000000001051,7265,0,0,0,"{""type"":""Polygon"",""coordinates"":[[[-107.27063612884153,48.16431866160791],[-107.27062948964007,48.16431875033408],[-107.27062240770098,48.16430992732084],[-107.27055347599398,48.16426216759268],[-107.27054780694252,48.16428467389237],[-107.27056940631789,48.164319912269384],[-107.27060340307555,48.164332698018924],[-107.27063007427948,48.16433216926779],[-107.27059197589372,48.16437756828219],[-107.2705743967364,48.16443151027016],[-107.27078171253272,48.16444078778913],[-107.27077467507308,48.16443203597396],[-107.2707948490826,48.16443610311129],[-107.27063612884153,48.16431866160791]],[[-107.27058845549688,48.16429721278884],[-107.27056828163035,48.16429314561521],[-107.2705753635495,48.16430196863014],[-107.27058845549688,48.16429721278884]]]}"
00000000000000001064,7266,0,0,0,"{""type"":""MultiPolygon"",""coordinates"":[[[[-107.27082880155764,48.16444881759691],[-107.27083765037008,48.16449773939275],[-107.27093729844992,48.16448687224607],[-107.27082880155764,48.16444881759691]]],[[[-107.27078171253272,48.16444078778913],[-107.2705743967364,48.16443151027016],[-107.27056824038934,48.16444503367594],[-107.27056892674774,48.16445843692296],[-107.27056980779328,48.164480712174345],[-107.27059203645842,48.164529440864754],[-107.27079114597268,48.16450312855841],[-107.2707841084998,48.16449437673391],[-107.27078923732103,48.16445852257149],[-107.27078171253272,48.16444078778913]]]]}"
0000000000000000106e,7267,0,0,0,"{""type"":""Polygon"",""coordinates"":[[[-107.27096416899504,48.16449076367501],[-107.27095063415385,48.16448660782168],[-107.27093729844992,48.16448687224607],[-107.27083765037008,48.16449773939275],[-107.27084551624394,48.164524401680396],[-107.27080570825768,48.16452961518824],[-107.27079114597268,48.16450312855841],[-107.27059203645842,48.164529440864754],[-107.27059951660625,48.1645471044884],[-107.27062085987988,48.1645780096611],[-107.27060953435574,48.16462286441754],[-107.27082783556867,48.16457835957948],[-107.27082626791804,48.164542681025445],[-107.27086627504804,48.164541887791685],[-107.27088059373797,48.1645638829354],[-107.27088733474604,48.16456377846964],[-107.2708993018752,48.164532255793766],[-107.27091263759002,48.16453199137415],[-107.27095342863274,48.16454903737142],[-107.27103929837251,48.164529522756105],[-107.27096416899504,48.16449076367501]]]}"
00000000000000001054,7268,0,0,0,"{""type"":""MultiPolygon"",""coordinates"":[[[[-107.27088059373797,48.1645638829354],[-107.27088767580099,48.16457270596895],[-107.27088733474604,48.16456377846964],[-107.27088059373797,48.1645638829354]]],[[[-107.2708098138024,48.16462339002177],[-107.27083668439309,48.164627281495335],[-107.27082783556867,48.16457835957948],[-107.27060953435574,48.16462286441754],[-107.27060973344737,48.16462728471046],[-107.2706385569604,48.16467585358933],[-107.27066034308096,48.164715670631935],[-107.27084479395222,48.16465843534826],[-107.2708098138024,48.16462339002177]]],[[[-107.27109352701896,48.16454628852984],[-107.27103929837251,48.164529522756105],[-107.27095342863274,48.16454903737142],[-107.27096690630046,48.1645532801546],[-107.27099426427927,48.16456615456106],[-107.27103505543252,48.16458320053188],[-107.27101566518087,48.16459697272019],[-107.27102250360166,48.16460130425347],[-107.27111394489808,48.164554847094465],[-107.27109352701896,48.16454628852984]]]]}"
0000000000000000103c,7269,0,0,0,"{""type"":""GeometryCollection"",""geometries"":[{""type"":""Point"",""coordinates"":[-107.27102248160693,48.16460130038993]},{""type"":""Polygon"",""coordinates"":[[[-107.2708586698725,48.164671518745614],[-107.27084479395222,48.16465843534826],[-107.27066034308096,48.164715670631935],[-107.27067490531918,48.1647421573896],[-107.27074417911903,48.16479884497726],[-107.27075101752213,48.16480317654693],[-107.2708932073287,48.16469765228192],[-107.27089262260037,48.16468423325903],[-107.2708586698725,48.164671518745614]]]}]}"
0000000000000000105d,7270,0,0,0,"{""type"":""MultiPolygon"",""coordinates"":[[[[-107.27111394489808,48.164554847094465],[-107.27102250360166,48.16460130425347],[-107.271038434829,48.16465904920095],[-107.2710781984778,48.16465376437275],[-107.27107741453231,48.1646359250723],[-107.2711245040197,48.16464395475299],[-107.27120842035421,48.16457976266794],[-107.27111394489808,48.164554847094465]]],[[[-107.27094240470555,48.16475470855468],[-107.27090811082246,48.16473306651652],[-107.2708932073287,48.16469765228192],[-107.27075101752213,48.16480317654693],[-107.27076513710107,48.16482075150816],[-107.2708399256965,48.16485058343272],[-107.27086679646116,48.164854474910214],[-107.27097640211565,48.164767494261014],[-107.27094240470555,48.16475470855468]]]]}"
0000000000000000103b,7271,0,0,0,"{""type"":""MultiPolygon"",""coordinates"":[[[[-107.27100385764359,48.16478480473768],[-107.27099018074817,48.16477614163952],[-107.27097640211565,48.164767494261014],[-107.27086679646116,48.164854474910214],[-107.2708802742131,48.164858717727995],[-107.27094168267267,48.16488874280235],[-107.27093587176483,48.164906742149],[-107.27095648889278,48.16491972111843],[-107.27097641953948,48.164919296725046],[-107.27107850461024,48.16481012921507],[-107.27100385764359,48.16478480473768]]],[[[-107.27123533562451,48.16458372522885],[-107.27120842035421,48.16457976266794],[-107.2711245040197,48.16464395475299],[-107.27113134246956,48.16464828628164],[-107.27114453629888,48.16464351460926],[-107.2711584569152,48.16465666916146],[-107.27117159355204,48.16465198441065],[-107.27117056585226,48.16462965361654],[-107.27121145897866,48.16464668380658],[-107.27122410818248,48.16463301605674],[-107.27123143408178,48.16464633057036],[-107.27128238061488,48.164591683617324],[-107.27123533562451,48.16458372522885]]]]}"
0000000000000000105c,7272,0,0,0,"{""type"":""MultiPolygon"",""coordinates"":[[[[-107.2713830125963,48.16460307553621],[-107.27128238061488,48.164591683617324],[-107.27123143408178,48.16464633057036],[-107.27123871543716,48.16465957388107],[-107.27130583739992,48.164667163303655],[-107.27135111520651,48.16463502277799],[-107.27138560861822,48.16466108490069],[-107.27139874526141,48.164656400118254],[-107.27140582750381,48.1646652231245],[-107.27145721684708,48.1646194878434],[-107.2713830125963,48.16460307553621]]],[[[-107.27111939350318,48.16483161124859],[-107.27107850461024,48.16481012921507],[-107.27097641953948,48.164919296725046],[-107.27098316061905,48.16491919225004],[-107.27099703669744,48.1649322756881],[-107.27102429321549,48.164945165891815],[-107.2710452515019,48.16496707241463],[-107.27107842068725,48.164961947512325],[-107.27109791287948,48.16494815949044],[-107.27119418270013,48.16486144288798],[-107.27111939350318,48.16483161124859]]]]}"
00000000000000001059,7273,0,0,0,"{""type"":""MultiPolygon"",""coordinates"":[[[[-107.27145721684708,48.1646194878434],[-107.27140582750381,48.1646652231245],[-107.27143372622473,48.16469144523141],[-107.27160493899108,48.16463890901206],[-107.27145721684708,48.1646194878434]]],[[[-107.2712628730381,48.16490471112023],[-107.27124225574033,48.16489173222461],[-107.27122163846126,48.164878753327294],[-107.27120796144943,48.164870090247675],[-107.27119418270013,48.16486144288798],[-107.27109791287948,48.16494815949044],[-107.27114637155539,48.16498744769901],[-107.27116103171522,48.16501837055015],[-107.27132432669136,48.164934807165544],[-107.2712628730381,48.16490471112023]]]]}"
00000000000000001039,7274,0,0,0,"{""type"":""Polygon"",""coordinates"":[[[-107.27140142415321,48.1650180857182],[-107.27138573593393,48.164964831979255],[-107.27132432669136,48.164934807165544],[-107.27116103171522,48.16501837055015],[-107.27124187586708,48.16503469437124],[-107.27124344389618,48.165070373241925],[-107.27140884763152,48.165035836356104],[-107.27140142415321,48.1650180857182]]]}"
00000000000000001043,7275,0,0,0,"{""type"":""Polygon"",""coordinates"":[[[-107.27141749813883,48.165080338293734],[-107.27140884763152,48.165035836356104],[-107.27124344389618,48.165070373241925],[-107.27125332109252,48.16514162655975],[-107.27125366222782,48.16515055415359],[-107.27142713195143,48.16514710005925],[-107.27141985043592,48.16513385664441],[-107.27144495422372,48.16509764873284],[-107.27141749813883,48.165080338293734]]]}"
00000000000000001041,7276,0,0,0,"{""type"":""Polygon"",""coordinates"":[[[-107.27143397054624,48.165151431604016],[-107.27142713195143,48.16514710005925],[-107.27125366222782,48.16515055415359],[-107.27125098745113,48.165239911553186],[-107.27142440039098,48.165236544374636],[-107.2714240146651,48.165227545561635],[-107.27143636741175,48.16520502123222],[-107.27145497382425,48.165173409318044],[-107.27143397054624,48.165151431604016]]]}"
0000000000000000103a,7277,0,0,0,"{""type"":""Polygon"",""coordinates"":[[[-107.27142719560746,48.1652989747801],[-107.27142616777319,48.16527664371803],[-107.27142440039098,48.165236544374636],[-107.27125098745113,48.165239911553186],[-107.27124664287332,48.16529360577985],[-107.27126154694339,48.16532902034534],[-107.27143481832934,48.165321145856154],[-107.27142719560746,48.1652989747801]]]}"
00000000000000001097,7278,0,0,0,"{""type"":""Polygon"",""coordinates"":[[[-107.27143481832934,48.165321145856154],[-107.27126154694339,48.16532902034534],[-107.27129262663233,48.165426672219716],[-107.27144449674341,48.16538797913006],[-107.27144326971401,48.16536122767998],[-107.27144268479768,48.16534780849628],[-107.27144209988126,48.16533438931599],[-107.27143481832934,48.165321145856154]]]}"
00000000000000001072,7279,0,0,0,"{""type"":""Polygon"",""coordinates"":[[[-107.27144503710905,48.165401327117536],[-107.27144449674341,48.16538797913006],[-107.27129262663233,48.165426672219716],[-107.27130024928086,48.165448843362036],[-107.27135643332196,48.16551028725967],[-107.27150747514223,48.16545368322225],[-107.27144503710905,48.165401327117536]]]}"
000000000000000010a4,7280,0,0,0,"{""type"":""Polygon"",""coordinates"":[[[-107.27152901902772,48.16548900904928],[-107.27151431380528,48.165458014784754],[-107.27150747514223,48.16545368322225],[-107.27135643332196,48.16551028725967],[-107.27135657530067,48.16551479455106],[-107.2713573593578,48.16553263414385],[-107.27137113840298,48.16554128158272],[-107.27141227209276,48.16556725533702],[-107.27142663607655,48.16558932201499],[-107.2715572596362,48.16552415916715],[-107.27155706043591,48.16551973880373],[-107.27152901902772,48.16548900904928]]]}"
0000000000000000103d,7281,0,0,0,"{""type"":""Polygon"",""coordinates"":[[[-107.2716059189408,48.16556786790385],[-107.27157162371532,48.16554622580297],[-107.27155784459087,48.16553757839408],[-107.2715572596362,48.16552415916715],[-107.27142663607655,48.16558932201499],[-107.27144129670145,48.16562024516461],[-107.27146879772855,48.16563762697103],[-107.27146958183705,48.16565546660318],[-107.2714968963649,48.16566826990086],[-107.27165369671755,48.16558930094505],[-107.2716059189408,48.16556786790385]]]}"
0000000000000000103f,7282,0,0,0,"{""type"":""Polygon"",""coordinates"":[[[-107.27166029166862,48.16558914093167],[-107.27165369671755,48.16558930094505],[-107.2714968963649,48.16566826990086],[-107.27153773368654,48.165685387180226],[-107.27156655938981,48.16573395669978],[-107.27157384106516,48.16574720025021],[-107.27173640791949,48.16565016018534],[-107.27166029166862,48.16558914093167]]]}"
00000000000000001045,7283,0,0,0,"{""type"":""Polygon"",""coordinates"":[[[-107.27179279245323,48.16571602440856],[-107.2717646934479,48.16568538154696],[-107.27177080514224,48.16567178654213],[-107.27173640791949,48.16565016018534],[-107.27157384106516,48.16574720025021],[-107.27158977355556,48.165804946329445],[-107.2718149218494,48.16576476961645],[-107.27179279245323,48.16571602440856]]]}"
00000000000000001040,7284,0,0,0,"{""type"":""MultiPolygon"",""coordinates"":[[[[-107.27182514151617,48.165844951489674],[-107.2718305134963,48.16581358796192],[-107.2718149218494,48.16576476961645],[-107.27158977355556,48.165804946329445],[-107.27159681149801,48.16581369830055],[-107.27162642155862,48.16588010762117],[-107.27185953899328,48.16586657788813],[-107.27182514151617,48.165844951489674]]],[[[-107.27185953899328,48.16586657788813],[-107.27204604853226,48.165858453271],[-107.27202562954042,48.16584989472124],[-107.27199724607044,48.165810237230296],[-107.27194247414411,48.165780123555116],[-107.27188170505593,48.16576343103792],[-107.271862212525,48.165777219440834],[-107.27188395622689,48.165816965776735],[-107.27187140421199,48.16583507003776],[-107.27185953899328,48.16586657788813]]]]}"
00000000000000001042,7285,0,0,0,"{""type"":""Polygon"",""coordinates"":[[[-107.27224957755011,48.16593031871773],[-107.27222212026821,48.16591300826574],[-107.27219544747548,48.165913537515465],[-107.27211361648878,48.16587495421415],[-107.27204624778943,48.16586287366036],[-107.27204604853226,48.165858453271],[-107.27162642155862,48.16588010762117],[-107.27167039601377,48.16596858380616],[-107.27187034382736,48.16596017923867],[-107.2718695595316,48.165942339511425],[-107.2718823108256,48.16592865560846],[-107.27189677277072,48.1659551584751],[-107.27190351410523,48.16595505392693],[-107.27220341216422,48.165944636492846],[-107.27224332386197,48.165939406493344],[-107.2722564164384,48.16593465026081],[-107.27224957755011,48.16593031871773]],[[-107.27186671906891,48.16587983716762],[-107.27185328524939,48.16587566562874],[-107.2718538257534,48.1658890137339],[-107.27186671906891,48.16587983716762]]]}"
000000000000000010bc,7286,0,0,0,"{""type"":""MultiPolygon"",""coordinates"":[[[[-107.27190351410523,48.16595505392693],[-107.27194509188053,48.16598993963815],[-107.27195227201284,48.16600319894083],[-107.27220341216422,48.165944636492846],[-107.27190351410523,48.16595505392693]]],[[[-107.27187034382736,48.16596017923867],[-107.27167039601377,48.16596858380616],[-107.27167723479685,48.16597291539632],[-107.27167176519818,48.165999842889505],[-107.27168608496679,48.166021838494046],[-107.271700250091,48.16603948490599],[-107.2717145698939,48.16606148052195],[-107.27187303798688,48.166022626192444],[-107.27187816618243,48.165986770948194],[-107.27187034382736,48.16596017923867]]]]}"
000000000000000010c0,7287,0,0,0,"{""type"":""MultiPolygon"",""coordinates"":[[[[-107.27220341216422,48.165944636492846],[-107.27195227201284,48.16600319894083],[-107.27196649449658,48.16602075837421],[-107.27201372842288,48.16603329510197],[-107.27202066903298,48.16603761094904],[-107.27224332386197,48.165939406493344],[-107.27220341216422,48.165944636492846]]],[[[-107.27190826452777,48.16606216360965],[-107.27187303798688,48.166022626192444],[-107.2717145698939,48.16606148052195],[-107.27172199370496,48.166079231478555],[-107.27174418035582,48.166127890108214],[-107.27175878854483,48.16615444858285],[-107.27191588768738,48.16608433495739],[-107.27190826452777,48.16606216360965]]]]}"
000000000000000010b8,7288,0,0,0,"{""type"":""MultiPolygon"",""coordinates"":[[[[-107.2719321621462,48.166151009088914],[-107.27193743236342,48.166119661095344],[-107.27191642820961,48.16609768311457],[-107.27191588768738,48.16608433495739],[-107.27175878854483,48.16615444858285],[-107.27177344967514,48.166185372000434],[-107.27179420997857,48.16620285842397],[-107.27182156965252,48.166215732954505],[-107.27183544659326,48.16622881657128],[-107.27195986316558,48.16617281132659],[-107.2719321621462,48.166151009088914]]],[[[-107.2722911557858,48.16596520425099],[-107.27227703486517,48.165947629166716],[-107.2722564164384,48.16593465026081],[-107.27224332386197,48.165939406493344],[-107.27202066903298,48.16603761094904],[-107.27208891992629,48.16607196744158],[-107.27212086285785,48.16604009026553],[-107.27215378944463,48.16603047324594],[-107.27218168985236,48.1660566957718],[-107.27220860657265,48.166060658134015],[-107.27226742160484,48.16603267206341],[-107.27219897120396,48.165993895329365],[-107.27223815145594,48.16597519050939],[-107.27223917976359,48.165997521846705],[-107.2722531013956,48.16601067655226],[-107.27228021739666,48.16601905929237],[-107.27228705630611,48.16602339084002],[-107.27233297795966,48.166004581393494],[-107.27233277866871,48.1660001609937],[-107.27233219343906,48.16598674166071],[-107.2722911557858,48.16596520425099]]]]}"
000000000000000010c3,7289,0,0,0,"{""type"":""GeometryCollection"",""geometries"":[{""type"":""LineString"",""coordinates"":[[-107.27221113578426,48.16611867927407],[-107.27219151852061,48.166127999892886]]},{""type"":""Polygon"",""coordinates"":[[[-107.27212605698655,48.16615611212836],[-107.27213323722395,48.16616937145664],[-107.27219151182187,48.166128037205574],[-107.27212605698655,48.16615611212836]]]},{""type"":""Polygon"",""coordinates"":[[[-107.27233297795966,48.166004581393494],[-107.27228705630611,48.16602339084002],[-107.27229389521764,48.16602772238748],[-107.27233459155384,48.16604033208399],[-107.27236707502095,48.166021802980396],[-107.27233297795966,48.166004581393494]]]},{""type"":""Polygon"",""coordinates"":[[[-107.27228114397873,48.16604140636946],[-107.27226742160484,48.16603267206341],[-107.27220860657265,48.166060658134015],[-107.27221544547545,48.16606498969036],[-107.27222956639608,48.166082564822815],[-107.27225018488406,48.16609554376935],[-107.272295464219,48.16606340188846],[-107.27228114397873,48.16604140636946]]]},{""type"":""Polygon"",""coordinates"":[[[-107.27203539614446,48.16622041157438],[-107.27200872318369,48.16622094077956],[-107.27196670203966,48.16617714291059],[-107.27195986316558,48.16617281132659],[-107.27183544659326,48.16622881657128],[-107.27184272846512,48.16624206022065],[-107.27189094609035,48.166276857315395],[-107.27191909018902,48.16630757167756],[-107.27204247884829,48.16622923478373],[-107.27203539614446,48.16622041157438]]]}]}"
000000000000000010ba,7290,0,0,0,"{""type"":""GeometryCollection"",""geometries"":[{""type"":""LineString"",""coordinates"":[[-107.27215284406145,48.166160039718456],[-107.27213973165013,48.16616475465232]]},{""type"":""Polygon"",""coordinates"":[[[-107.27213973479518,48.166164775268285],[-107.27213323722395,48.16616937145664],[-107.27214721605726,48.166182439291056],[-107.27215991018299,48.16616884221742],[-107.27213973479518,48.166164775268285]]]},{""type"":""Polygon"",""coordinates"":[[[-107.27206343861974,48.166251141580176],[-107.27204247884829,48.16622923478373],[-107.27191909018902,48.16630757167756],[-107.27194713259004,48.16633830177005],[-107.27200229115084,48.16637741474384],[-107.27214527029653,48.16628972518211],[-107.27206343861974,48.166251141580176]]]},{""type"":""Polygon"",""coordinates"":[[[-107.27215991018299,48.16616884221742],[-107.27217974423424,48.166163981404026],[-107.27224789808692,48.16619390171461],[-107.27228141003451,48.16619770400365],[-107.27248266259711,48.16606867997373],[-107.27242951594914,48.166074159028106],[-107.27237391394765,48.16602613452165],[-107.27236707502095,48.166021802980396],[-107.27233459155384,48.16604033208399],[-107.27236136202151,48.166044238916356],[-107.27233591675011,48.1660715199792],[-107.27231642411537,48.16608530855757],[-107.272295464219,48.16606340188846],[-107.27225018488406,48.16609554376935],[-107.27227060410799,48.16610410230534],[-107.27221110202518,48.16611868477253],[-107.27215282745202,48.16616001902752],[-107.27215284406145,48.166160039718456],[-107.27215991018299,48.16616884221742]],[[-107.2723033314828,48.16609006481331],[-107.27231017040893,48.16609439636473],[-107.27231642411537,48.16608530855757],[-107.2723033314828,48.16609006481331]]]}]}"
000000000000000010b0,7291,0,0,0,"{""type"":""GeometryCollection"",""geometries"":[{""type"":""LineString"",""coordinates"":[[-107.272002247109,48.16637739068125],[-107.27200889349652,48.166377259245664]]},{""type"":""Polygon"",""coordinates"":[[[-107.27255604192368,48.1660671808168],[-107.27248266259711,48.16606867997373],[-107.27228141003451,48.16619770400365],[-107.27231512128887,48.16620592669758],[-107.27232811642527,48.16619673428999],[-107.2723831736767,48.16623586265105],[-107.27239675406541,48.166240089622136],[-107.27252625370421,48.166148157056845],[-107.2725649379009,48.16611617509598],[-107.27258408489007,48.1660979105687],[-107.27255604192368,48.1660671808168]]]},{""type"":""Polygon"",""coordinates"":[[[-107.27222104772004,48.16634181700992],[-107.27220018529523,48.16632434636429],[-107.27215973258569,48.16631622818194],[-107.27214527029653,48.16628972518211],[-107.2720088862663,48.16637725469993],[-107.27200889349652,48.166377259245664],[-107.2720432843818,48.16639888123473],[-107.2720638011752,48.166411876019914],[-107.27210508287249,48.16643790534837],[-107.27210528213286,48.166442325786115],[-107.2722412232292,48.16634588395254],[-107.27222104772004,48.16634181700992]]]}]}"
000000000000000010e7,7292,0,0,0,"{""type"":""MultiPolygon"",""coordinates"":[[[[-107.27239675406541,48.166240089622136],[-107.27242387030445,48.166248472352095],[-107.2724375482598,48.16625713546104],[-107.27252625370421,48.166148157056845],[-107.27239675406541,48.166240089622136]]],[[[-107.2723206573826,48.166330876683794],[-107.2723217832651,48.16635764432187],[-107.27230219293327,48.16636699682317],[-107.27225475906572,48.166350039745204],[-107.2722412232292,48.16634588395254],[-107.27210528213286,48.166442325786115],[-107.27214646215906,48.166468370832014],[-107.27219419708705,48.16648973271952],[-107.27222805062473,48.16650246285644],[-107.27236774990291,48.16633890593575],[-107.2723206573826,48.166330876683794]]]]}"
000000000000000011dc,7293,0,0,0,"{""type"":""MultiPolygon"",""coordinates"":[[[[-107.27252625370421,48.166148157056845],[-107.2724375482598,48.16625713546104],[-107.2724854253624,48.1662830044686],[-107.2725649379009,48.16611617509598],[-107.27252625370421,48.166148157056845]]],[[[-107.27244274335615,48.16637315775989],[-107.27241528561905,48.166355847229276],[-107.27239462234657,48.16634279705277],[-107.27236774990291,48.16633890593575],[-107.27222805062473,48.16650246285644],[-107.27226200594913,48.166515177261175],[-107.2723028003092,48.16653222324211],[-107.27235717521359,48.166553496209076],[-107.27241842382162,48.16642720669049],[-107.27240385952018,48.166400719403015],[-107.27240957257358,48.166378283311445],[-107.27244274335615,48.16637315775989]],[[-107.27240248972878,48.16636946010781],[-107.27237615794674,48.16637891721329],[-107.27240957257358,48.166378283311445],[-107.27240248972878,48.16636946010781]]]]}"
000000000000000010b2,7294,0,0,0,"{""type"":""GeometryCollection"",""geometries"":[{""type"":""LineString"",""coordinates"":[[-107.27244270330856,48.16637314593183],[-107.27244937389801,48.166373013992036]]},{""type"":""Polygon"",""coordinates"":[[[-107.27269440362215,48.1661761353839],[-107.27265961905314,48.16614551022756],[-107.27258408489007,48.1660979105687],[-107.2725649379009,48.16611617509598],[-107.2724854253624,48.1662830044686],[-107.27249212224531,48.16628282866876],[-107.27251209850319,48.16628247512574],[-107.27253350186858,48.166313293887384],[-107.27260087189465,48.16632537416873],[-107.27262104752232,48.16632944102723],[-107.27270124263858,48.16618046691224],[-107.27269440362215,48.1661761353839]]]},{""type"":""Polygon"",""coordinates"":[[[-107.27253356955869,48.16646517186518],[-107.27251315002434,48.1664566133344],[-107.27249922810898,48.166443458562455],[-107.27242550668107,48.16643602990225],[-107.27241842382162,48.16642720669049],[-107.27235717521359,48.166553496209076],[-107.27237759472733,48.166562054789296],[-107.2723982135499,48.16657503381361],[-107.27241883239117,48.16658801283621],[-107.27247921742952,48.166595706189575],[-107.27254710551422,48.16646932762302],[-107.27253356955869,48.16646517186518]]]}]}"
000000000000000010b5,7295,0,0,0,"{""type"":""MultiPolygon"",""coordinates"":[[[[-107.27274931931258,48.166210756159735],[-107.27274326499662,48.166224264431555],[-107.27270124263858,48.16618046691224],[-107.27262104752232,48.16632944102723],[-107.27272144218021,48.16633634011838],[-107.27274421587872,48.16639841814007],[-107.27283173765174,48.16626275850776],[-107.27274931931258,48.166210756159735]]],[[[-107.27264124672634,48.166485314699315],[-107.27254710551422,48.16646932762302],[-107.27247921742952,48.166595706189575],[-107.2725061346555,48.16659966849604],[-107.27254727075575,48.16662564222425],[-107.27256105064019,48.16663428965029],[-107.27258122641872,48.16663835653716],[-107.27268174449365,48.16649350389924],[-107.27264124672634,48.166485314699315]]]]}"
000000000000000011ae,7296,0,0,0,"{""type"":""MultiPolygon"",""coordinates"":[[[[-107.27283173765174,48.16626275850776],[-107.27274421587872,48.16639841814007],[-107.27274445977143,48.166402909778306],[-107.27277137696801,48.166406871996635],[-107.27279121120509,48.166402011030215],[-107.27280488935507,48.1664106741071],[-107.27283857670956,48.166267090032385],[-107.27283173765174,48.16626275850776]]],[[[-107.27276983159764,48.166522999195585],[-107.27268174449365,48.16649350389924],[-107.27258122641872,48.16663835653716],[-107.2725948070024,48.16664258350755],[-107.27265680615764,48.16668602786789],[-107.27274410895595,48.166697683319384],[-107.2727831682938,48.16652273448118],[-107.27276983159764,48.166522999195585]],[[-107.27267472973892,48.16663655915773],[-107.2726821096201,48.16665423901041],[-107.27270844161662,48.16664478176615],[-107.27267472973892,48.16663655915773]]]]}"
000000000000000010ad,7297,0,0,0,"{""type"":""MultiPolygon"",""coordinates"":[[[[-107.27290344255177,48.1665248436138],[-107.2727831682938,48.16652273448118],[-107.27274410895595,48.166697683319384],[-107.27275094807169,48.166702014884514],[-107.27285808543945,48.166708809236944],[-107.27292967271046,48.16651540205736],[-107.27290344255177,48.1665248436138]]],[[[-107.27292967271046,48.16651540205736],[-107.27293636966648,48.16651522622389],[-107.27300210122453,48.16633974845673],[-107.2729679015993,48.16632254273528],[-107.27288606824717,48.16628395985322],[-107.27283857670956,48.166267090032385],[-107.27280488935507,48.1664106741071],[-107.27281842536277,48.16641482982104],[-107.27280177461577,48.16649112151798],[-107.27292967271046,48.16651540205736]]]]}"
000000000000000010b3,7298,0,0,0,"{""type"":""Polygon"",""coordinates"":[[[-107.27304303825593,48.166361301410056],[-107.27300210122453,48.16633974845673],[-107.27293636966648,48.16651522622389],[-107.27292967271046,48.16651540205736],[-107.27285808543945,48.166708809236944],[-107.27299238440564,48.16672405730262],[-107.2731119786968,48.16640906103046],[-107.27304303825593,48.166361301410056]]]}"
000000000000000010ae,7299,0,0,0,"{""type"":""Polygon"",""coordinates"":[[[-107.27317998813206,48.166438925286684],[-107.2731119786968,48.16640906103046],[-107.27299238440564,48.16672405730262],[-107.27304607316475,48.16673192614012],[-107.27314592850101,48.166725476496296],[-107.27319391039279,48.16645207995],[-107.27317998813206,48.166438925286684]]]}"
00000000000000001165,7300,0,0,0,"{""type"":""Polygon"",""coordinates"":[[[-107.27323470553902,48.16646912549447],[-107.27319391039279,48.16645207995],[-107.27314592850101,48.166725476496296],[-107.2732658623203,48.166718657310994],[-107.27332526392321,48.166704089715275],[-107.27323470553902,48.16646912549447]]]}"
00000000000000001156,7301,0,0,0,"{""type"":""Polygon"",""coordinates"":[[[-107.27334444187433,48.1665339305747],[-107.27332426589564,48.1665298638614],[-107.2733236231171,48.166516531339084],[-107.27328190066191,48.166477138573896],[-107.27323470553902,48.16646912549447],[-107.27332526392321,48.166704089715275],[-107.27338476727087,48.16668950636332],[-107.2734235048211,48.16666188868786],[-107.27343684165999,48.16666162387829],[-107.27349023359031,48.166660635828094],[-107.27334444187433,48.1665339305747]]]}"
0000000000000000102c,7302,0,0,0,"{""type"":""Polygon"",""coordinates"":[[[-107.27328849588397,48.16647697843905],[-107.27328190066191,48.166477138573896],[-107.2733236231171,48.166516531339084],[-107.27332987672823,48.166507443395545],[-107.27336349122321,48.16651122958561],[-107.27335108166709,48.16653384164197],[-107.27334444187433,48.1665339305747],[-107.27349023359031,48.166660635828094],[-107.27353640006234,48.166646317211985],[-107.27358163509918,48.16661410317496],[-107.27359384513913,48.16658707061369],[-107.27361245097809,48.166555457467],[-107.27328849588397,48.16647697843905]]]}"
00000000000000001030,7303,0,0,0,"{""type"":""Polygon"",""coordinates"":[[[-107.27364032561812,48.16642987279078],[-107.27362615913582,48.16641222656895],[-107.27338131214562,48.166461776654145],[-107.27337550193654,48.166479776667906],[-107.27334814106405,48.166466902546276],[-107.27328849588397,48.16647697843905],[-107.27361245097809,48.166555457467],[-107.27361850510331,48.166541949060324],[-107.27363027164613,48.16650600445426],[-107.27366128680673,48.16645177928571],[-107.27364032561812,48.16642987279078]]]}"
000000000000000010aa,7304,0,0,0,"{""type"":""MultiPolygon"",""coordinates"":[[[[-107.27338106817454,48.166457285014495],[-107.27338131214562,48.166461776654145],[-107.27339440493387,48.166457020213876],[-107.27338106817454,48.166457285014495]]],[[[-107.27338106817454,48.166457285014495],[-107.27337388734675,48.166444025722136],[-107.2733801854913,48.16643500899521],[-107.27336616138977,48.16642187008903],[-107.27339991804746,48.166430163622195],[-107.27339440493387,48.166457020213876],[-107.27362615913582,48.16641222656895],[-107.27362571568936,48.16640331450791],[-107.2735840374445,48.16636399317403],[-107.2735684430322,48.16631517467387],[-107.27335775218224,48.166381858895136],[-107.27338496669364,48.166394677511455],[-107.27335898057406,48.16640861080414],[-107.27335125463244,48.16638645518434],[-107.27317998813206,48.166438925286684],[-107.27319391039279,48.16645207995],[-107.27323470553902,48.16646912549447],[-107.27328190066191,48.166477138573896],[-107.27328849588397,48.16647697843905],[-107.27334814106405,48.166466902546276],[-107.27338106817454,48.166457285014495]]]]}"
000000000000000010af,7305,0,0,0,"{""type"":""Polygon"",""coordinates"":[[[-107.27358450654754,48.16622546376325],[-107.2733071773019,48.16629354305766],[-107.27331455748475,48.16631122273901],[-107.27332912255493,48.16633770982383],[-107.27330953226695,48.166347062526086],[-107.27328754248175,48.16630282454033],[-107.27328084553947,48.166303000397235],[-107.27327454740347,48.166312017094846],[-107.27326750885165,48.166303265179494],[-107.27325437156614,48.16630795038039],[-107.27324900058764,48.16633931425656],[-107.27323478129219,48.16631730306177],[-107.27322232719673,48.166339843811116],[-107.27321470310974,48.16631767248321],[-107.27304303825593,48.166361301410056],[-107.2731119786968,48.16640906103046],[-107.27317998813206,48.166438925286684],[-107.27335125463244,48.16638645518434],[-107.27335091300448,48.16637752740114],[-107.27335775218224,48.166381858895136],[-107.2735684430322,48.16631517467387],[-107.27355236473586,48.16625292110964],[-107.27359183374101,48.166238778466095],[-107.27358450654754,48.16622546376325]]]}"
000000000000000010ab,7306,0,0,0,"{""type"":""GeometryCollection"",""geometries"":[{""type"":""LineString"",""coordinates"":[[-107.27328082959345,48.1663029694515],[-107.2732806322931,48.16629850703319]]},{""type"":""Polygon"",""coordinates"":[[[-107.27325392820934,48.16629903833298],[-107.27325437156614,48.16630795038039],[-107.27326750885165,48.166303265179494],[-107.27326726489372,48.166298773552725],[-107.27325392820934,48.16629903833298]]]},{""type"":""Polygon"",""coordinates"":[[[-107.27321436151401,48.166308744710356],[-107.27322769819628,48.166308479935594],[-107.27322691324693,48.166290640118156],[-107.27320033754016,48.166295605808166],[-107.27321436151401,48.166308744710356]]]},{""type"":""Polygon"",""coordinates"":[[[-107.27321436151401,48.166308744710356],[-107.27318143455729,48.16631836215394],[-107.27320033754016,48.166295605808166],[-107.27314049331147,48.16630126114684],[-107.2731124941299,48.16627060266526],[-107.2729679015993,48.16632254273528],[-107.27300210122453,48.16633974845673],[-107.27304303825593,48.166361301410056],[-107.27321470310974,48.16631767248321],[-107.27321436151401,48.166308744710356]]]},{""type"":""Polygon"",""coordinates"":[[[-107.27357746791265,48.166216711887095],[-107.27355000940682,48.16619940175199],[-107.27355503437168,48.16616356205914],[-107.27353505795482,48.16616391582246],[-107.27348835100658,48.16616488613701],[-107.27344125787079,48.16615685747702],[-107.2734410584466,48.16615243707014],[-107.2732111771865,48.1662373142687],[-107.27327185087607,48.16624956989767],[-107.27328597252418,48.16626714491779],[-107.27330009418702,48.166284719941295],[-107.2733071773019,48.16629354305766],[-107.27358450654754,48.16622546376325],[-107.27357746791265,48.166216711887095]]]}]}"
000000000000000010b4,7307,0,0,0,"{""type"":""MultiPolygon"",""coordinates"":[[[[-107.273091289548,48.16624420448888],[-107.27307131318689,48.16624455815481],[-107.27304453816363,48.166245103379204],[-107.27301786489853,48.1662456328728],[-107.2729841531887,48.16623741043107],[-107.27288606824717,48.16628395985322],[-107.2729679015993,48.16632254273528],[-107.2731124941299,48.16627060266526],[-107.273091289548,48.16624420448888]]],[[[-107.27343304802942,48.16612126689625],[-107.27342498042891,48.16609018366968],[-107.2733640097596,48.16606907164766],[-107.27313485676912,48.16617187521613],[-107.2731695973815,48.166202428993756],[-107.27319011472564,48.166215423475776],[-107.27320423631086,48.16623299849812],[-107.2732111771865,48.1662373142687],[-107.2734410584466,48.16615243707014],[-107.27340651696834,48.166126303831504],[-107.27343304802942,48.16612126689625]],[[-107.27339889278649,48.16610413261045],[-107.27339303810255,48.166122061294715],[-107.27340651696834,48.166126303831504],[-107.27339889278649,48.16610413261045]]]]}"
000000000000000010a5,7308,1,0,0,"{""type"":""GeometryCollection"",""geometries"":[{""type"":""LineString"",""coordinates"":[[-107.27268730946824,48.16616732304121],[-107.272694374527,48.16617611592806]]},{""type"":""Polygon"",""coordinates"":[[[-107.27265961905314,48.16614551022756],[-107.27268732072076,48.16616731223655],[-107.27268609281171,48.16614056042916],[-107.27265961905314,48.16614551022756]]]},{""type"":""Polygon"",""coordinates"":[[[-107.27334978637731,48.166051512428076],[-107.2732685956152,48.166026262470105],[-107.27306341987948,48.166066089230064],[-107.27307754133531,48.166083664224544],[-107.27309200437489,48.16611016696125],[-107.27313362853201,48.16614512342048],[-107.27313441343983,48.16616296319049],[-107.27313485676912,48.16617187521613],[-107.2733640097596,48.16606907164766],[-107.27334978637731,48.166051512428076]]]},{""type"":""Polygon"",""coordinates"":[[[-107.27296397748832,48.16623334365785],[-107.27294927060262,48.16620234921773],[-107.27294232978385,48.166198033429616],[-107.27292963582221,48.1662116306101],[-107.2729156565816,48.16619856289274],[-107.27289626571486,48.16621233589866],[-107.27287082055612,48.16623961718746],[-107.27283740588972,48.16624025124923],[-107.27281658763822,48.16622285198773],[-107.27276915344038,48.16620589521874],[-107.27275537362404,48.16619724789111],[-107.27274931931258,48.166210756159735],[-107.27283173765174,48.16626275850776],[-107.27283857670956,48.166267090032385],[-107.27288606824717,48.16628395985322],[-107.2729841531887,48.16623741043107],[-107.27296397748832,48.16623334365785]]]}]}"
000000000000000010b1,7309,0,0,0,"{""type"":""MultiPolygon"",""coordinates"":[[[[-107.27318160932008,48.165871729918216],[-107.2730839687412,48.16592719117755],[-107.27305182702021,48.16595464819866],[-107.27306810369046,48.16602132191742],[-107.27306341987948,48.166066089230064],[-107.2732685956152,48.166026262470105],[-107.27318160932008,48.165871729918216]]],[[[-107.27268359660644,48.16608253379802],[-107.2725693784256,48.16606691613931],[-107.27255604192368,48.1660671808168],[-107.27258408489007,48.1660979105687],[-107.27265961905314,48.16614551022756],[-107.27268609281171,48.16614056042916],[-107.27269146418544,48.16610919669272],[-107.27268359660644,48.16608253379802]]]]}"
000000000000000010ac,7310,0,0,0,"{""type"":""MultiPolygon"",""coordinates"":[[[[-107.2733642533937,48.16577431748056],[-107.27338531577486,48.165796208054125],[-107.27338565742022,48.1658051357383],[-107.27340022239139,48.165831622560546],[-107.27341725779635,48.165764330636456],[-107.2733642533937,48.16577431748056]]],[[[-107.2732821052338,48.16587861265236],[-107.27318160932008,48.165871729918216],[-107.2732685956152,48.166026262470105],[-107.27334978637731,48.166051512428076],[-107.27339485163729,48.16586298615577],[-107.2732821052338,48.16587861265236]]],[[[-107.27342559539012,48.16565246538275],[-107.27330029814668,48.16568619622],[-107.27327612239056,48.1657447519261],[-107.2732498927822,48.16575419342522],[-107.27323714186313,48.16576787745509],[-107.27332345885881,48.16575727220032],[-107.27334212157794,48.16572557268246],[-107.27336835116897,48.1657161311637],[-107.27338134601423,48.1657069387063],[-107.27342765348133,48.165697127730475],[-107.27343449255687,48.165701459165696],[-107.27343893186641,48.16565220058717],[-107.27342559539012,48.16565246538275]]]]}"
000000000000000010a3,7311,0,0,0,"{""type"":""MultiPolygon"",""coordinates"":[[[[-107.27343893186641,48.16565220058717],[-107.27343449255687,48.165701459165696],[-107.2734621500591,48.165723189551656],[-107.27350240357553,48.165726886716804],[-107.2734996048503,48.165664455954015],[-107.27343893186641,48.16565220058717]]],[[[-107.27346376477527,48.16575894000387],[-107.27344358916856,48.165754873366],[-107.27343709174072,48.16575946960324],[-107.27341725779635,48.165764330636456],[-107.27340022239139,48.165831622560546],[-107.27340080801693,48.165845041837485],[-107.27342723712233,48.16584002065934],[-107.27344135873273,48.165857595521],[-107.27339485163729,48.16586298615577],[-107.27334978637731,48.166051512428076],[-107.2733640097596,48.16606907164766],[-107.27342498042891,48.16609018366968],[-107.27341794186648,48.16608143180245],[-107.27345829341883,48.16608956512683],[-107.2734647909075,48.16608496885783],[-107.27350480082491,48.16608417443027],[-107.27349987619336,48.165820752333],[-107.27349279309603,48.16581192930955],[-107.27349156458168,48.16578517770818],[-107.27350490111503,48.1657849129013],[-107.27350411601549,48.16576707326714],[-107.27346376477527,48.16575894000387]]]]}"
000000000000000010a7,7312,0,0,0,"{""type"":""MultiPolygon"",""coordinates"":[[[[-107.27350630169259,48.16566428008652],[-107.2734996048503,48.165664455954015],[-107.27350240357553,48.165726886716804],[-107.27353591570535,48.16573068852951],[-107.27350630169259,48.16566428008652]]],[[[-107.27354398336149,48.165761771533354],[-107.27352439339894,48.16577112416903],[-107.27350411601549,48.16576707326714],[-107.27350490111503,48.1657849129013],[-107.27354515472118,48.165788610050576],[-107.27355140815288,48.16577952222265],[-107.27354398336149,48.165761771533354]]],[[[-107.27361108006323,48.16592125141266],[-107.27359149001471,48.16593060409251],[-107.2735448405266,48.16593148749384],[-107.27352240717073,48.165878337941145],[-107.27350794382792,48.16585183539354],[-107.27350715872876,48.16583399573673],[-107.27349987619336,48.165820752333],[-107.27350480082491,48.16608417443027],[-107.27357055668692,48.16606050328415],[-107.27367041070201,48.16605405321032],[-107.27361108006323,48.16592125141266]]]]}"
000000000000000010b7,7313,0,0,0,"{""type"":""MultiPolygon"",""coordinates"":[[[[-107.2737433191926,48.165891835697444],[-107.27364370955421,48.16590277740835],[-107.273617821516,48.16592114674114],[-107.27361108006323,48.16592125141266],[-107.27367041070201,48.16605405321032],[-107.27369708401466,48.16605352353608],[-107.27376342559394,48.166043271594866],[-107.27379639692015,48.16603372521261],[-107.2737433191926,48.165891835697444]]],[[[-107.27370563682008,48.165794344106175],[-107.27369879767625,48.16579001268437],[-107.27370539280501,48.165789852525336],[-107.27369014413902,48.16574551043011],[-107.27368193408692,48.16570992015372],[-107.27365461810997,48.165697117504536],[-107.27367420802736,48.16568776485655],[-107.27365221802796,48.16564352751307],[-107.2736388815245,48.16564379233895],[-107.27365358892546,48.165674786331905],[-107.27362691589751,48.16567531598302],[-107.27360693972813,48.16567566975176],[-107.27350630169259,48.16566428008652],[-107.27353591570535,48.16573068852951],[-107.27355687645601,48.165752594767774],[-107.27354398336149,48.165761771533354],[-107.27355140815288,48.16577952222265],[-107.27357090042663,48.165765733482594],[-107.27358673463023,48.165823494886325],[-107.27365523180171,48.16586234165499],[-107.27366778320868,48.16584423716673],[-107.2736880606883,48.16584828803753],[-107.27370115325805,48.16584353161631],[-107.27372054379461,48.16582975855251],[-107.27370563682008,48.165794344106175]]]]}"
000000000000000010a6,7314,0,0,0,"{""type"":""MultiPolygon"",""coordinates"":[[[[-107.27369561234259,48.16571858298723],[-107.27368193408692,48.16570992015372],[-107.27369014413902,48.16574551043011],[-107.27369561234259,48.16571858298723]]],[[[-107.27371917284744,48.165798499644],[-107.27370563682008,48.165794344106175],[-107.27372054379461,48.16582975855251],[-107.2737594265859,48.16580219670099],[-107.27373196822586,48.165784886750366],[-107.27371917284744,48.165798499644]]],[[[-107.27369014413902,48.16574551043011],[-107.27370539280501,48.165789852525336],[-107.27373196822586,48.165784886750366],[-107.2737313824773,48.16577146749387],[-107.27375057350447,48.165753274072195],[-107.273743490339,48.165744451080265],[-107.27372355866385,48.16574487608101],[-107.27369014413902,48.16574551043011]]],[[[-107.2738761441054,48.16587583909433],[-107.2737894847125,48.16587751719258],[-107.2737433191926,48.165891835697444],[-107.27379639692015,48.16603372521261],[-107.27382932368445,48.166024107614845],[-107.27388267036412,48.16602304816987],[-107.27390934371473,48.166022518435994],[-107.27392213913626,48.166008905458064],[-107.2738761441054,48.16587583909433]]],[[[-107.27366339844163,48.165594164313376],[-107.27365734451942,48.165607672474856],[-107.2736706810125,48.165607407646874],[-107.27367229593942,48.16564315801169],[-107.27365221802796,48.16564352751307],[-107.27367420802736,48.16568776485655],[-107.2737070367528,48.165673711283226],[-107.273711276247,48.16562003236626],[-107.27373091067616,48.165610750927044],[-107.27370365193023,48.16559786138578],[-107.27374971531856,48.165583558713216],[-107.27376212431086,48.16556094702724],[-107.27374697334953,48.165521041209416],[-107.27372758298982,48.16553481419341],[-107.27368908676793,48.16557137473188],[-107.27368323231529,48.16558930324678],[-107.27366339844163,48.165594164313376]],[[-107.27368357403655,48.16559823089294],[-107.27369681282057,48.16559352997911],[-107.27368323231529,48.16558930324678],[-107.27368357403655,48.16559823089294]],[[-107.2736844037847,48.16561614167172],[-107.27368583190469,48.16564731354388],[-107.27369818375874,48.165624788766635],[-107.2736844037847,48.16561614167172]]]]}"
000000000000000010a9,7315,0,0,0,"{""type"":""MultiPolygon"",""coordinates"":[[[[-107.27400208532963,48.16585543970064],[-107.27398269482198,48.16586921282731],[-107.27392309492345,48.16587936018759],[-107.2738761441054,48.16587583909433],[-107.27392213913626,48.166008905458064],[-107.27392863658613,48.16600430916568],[-107.27394856844407,48.16600388411561],[-107.27401491005054,48.16599363200951],[-107.27402824673314,48.16599336712509],[-107.27405447654705,48.16598392536519],[-107.27400208532963,48.16585543970064]]],[[[-107.27377960245079,48.16550256730904],[-107.27376660772278,48.165511759781744],[-107.27375361299,48.165520952254404],[-107.27374697334953,48.165521041209416],[-107.27376212431086,48.16556094702724],[-107.27376851993537,48.165556366510366],[-107.27378254394708,48.1655695051443],[-107.2737740326013,48.16552951036742],[-107.2737932806728,48.16551123009542],[-107.27379874875606,48.1654843027694],[-107.27377960245079,48.16550256730904]]]]}"
00000000000000001031,7316,0,0,0,"{""type"":""Polygon"",""coordinates"":[[[-107.27412177325002,48.16584412802142],[-107.27410868067233,48.16584888450027],[-107.2740217198804,48.16584615815741],[-107.27400208532963,48.16585543970064],[-107.27405447654705,48.16598392536519],[-107.27418617485473,48.16594116090355],[-107.27420576488971,48.16593180810079],[-107.27412177325002,48.16584412802142]]]}"
00000000000000001262,7317,0,0,0,"{""type"":""Polygon"",""coordinates"":[[[-107.27421927085435,48.165784158508394],[-107.27418668610717,48.16580270386763],[-107.27415450036409,48.165830089974],[-107.27412177325002,48.16584412802142],[-107.27420576488971,48.16593180810079],[-107.27432343865144,48.16587590485487],[-107.27421927085435,48.165784158508394]]]}"
0000000000000000102e,7318,0,0,0,"{""type"":""GeometryCollection"",""geometries"":[{""type"":""LineString"",""coordinates"":[[-107.27432329076854,48.165871436254555],[-107.27432348815637,48.165875898669945]]},{""type"":""Polygon"",""coordinates"":[[[-107.2742961487471,48.16571121058443],[-107.27425165605483,48.16576119277533],[-107.27421927085435,48.165784158508394],[-107.27432329631135,48.16587139754618],[-107.27439627759966,48.16586105620574],[-107.27445509209198,48.16583306891418],[-107.2742961487471,48.16571121058443]]]}]}"
0000000000000000102b,7319,0,0,0,"{""type"":""Polygon"",""coordinates"":[[[-107.27441426540817,48.16566421940647],[-107.27434812375026,48.16567889207616],[-107.27430914349584,48.16570201800473],[-107.2742961487471,48.16571121058443],[-107.27445509209198,48.16583306891418],[-107.27452064802944,48.16580497686695],[-107.274566711789,48.16579067373666],[-107.27457345328739,48.165790568997124],[-107.27441426540817,48.16566421940647]]]}"
0000000000000000102f,7320,0,0,0,"{""type"":""Polygon"",""coordinates"":[[[-107.2745380490979,48.165594721072374],[-107.27446589839566,48.16562297322145],[-107.2744474360104,48.16565909323609],[-107.27441426540817,48.16566421940647],[-107.27457345328739,48.165790568997124],[-107.27464619041783,48.16577573590871],[-107.27465268778704,48.165771139589665],[-107.2745380490979,48.165594721072374]]]}"
00000000000000000ff9,7321,0,0,0,"{""type"":""Polygon"",""coordinates"":[[[-107.27459587792708,48.165544473959365],[-107.27458982429057,48.16555798215968],[-107.2745702344748,48.16556733496894],[-107.27456427864011,48.16558527925144],[-107.2745380490979,48.165594721072374],[-107.27465268778704,48.165771139589665],[-107.27471662765969,48.16570729705437],[-107.2747425153131,48.165688927509464],[-107.27477490029074,48.165665961646994],[-107.27459587792708,48.165544473959365]]]}"
00000000000000000ff8,7322,0,0,0,"{""type"":""Polygon"",""coordinates"":[[[-107.27472831594649,48.165519477461835],[-107.2747158095917,48.16553765316963],[-107.2746674869369,48.1655028737899],[-107.27463417404357,48.16550349274313],[-107.27460842888465,48.165526369468665],[-107.27459587792708,48.165544473959365],[-107.27477490029074,48.165665961646994],[-107.27482096390564,48.16565165843606],[-107.27487396860187,48.16564167080324],[-107.27491216289148,48.16560070512736],[-107.27472831594649,48.165519477461835]]]}"
00000000000000001029,7323,0,0,0,"{""type"":""Polygon"",""coordinates"":[[[-107.27477143604618,48.165438236641066],[-107.27476493874543,48.16544283293736],[-107.27474637885955,48.165474516809645],[-107.27474760830694,48.165501268213625],[-107.27472831594649,48.165519477461835],[-107.27491216289148,48.16560070512736],[-107.27493145524777,48.165582495814235],[-107.27495005963677,48.16555088304749],[-107.27496256591488,48.16553270730654],[-107.27496827740005,48.16551027147191],[-107.27477143604618,48.165438236641066]]]}"
00000000000000000ffc,7324,0,0,0,"{""type"":""Polygon"",""coordinates"":[[[-107.27483497597149,48.165365553781356],[-107.27477143604618,48.165438236641066],[-107.27496827740005,48.16551027147191],[-107.27498609589048,48.1654608192432],[-107.27501710851465,48.16540659477603],[-107.27483497597149,48.165365553781356]]]}"
00000000000000000fff,7325,0,0,0,"{""type"":""Polygon"",""coordinates"":[[[-107.27489153397609,48.165284032437654],[-107.27487273010297,48.16531122470117],[-107.27484122909624,48.165356465950104],[-107.27483497597149,48.165365553781356],[-107.27501710851465,48.16540659477603],[-107.27504221001942,48.165370385794155],[-107.27505314445715,48.16531653120099],[-107.27489153397609,48.165284032437654]]]}"
00000000000000001003,7326,0,0,0,"{""type"":""Polygon"",""coordinates"":[[[-107.27490773625233,48.1651988304012],[-107.27490876622092,48.16522116133885],[-107.27489153397609,48.165284032437654],[-107.27505314445715,48.16531653120099],[-107.27507062066732,48.16525815156736],[-107.2750827275314,48.165231135273196],[-107.2750957220199,48.165221942677306],[-107.27510197507135,48.165212854855696],[-107.27490773625233,48.1651988304012]]]}"
00000000000000001023,7327,0,0,0,"{""type"":""Polygon"",""coordinates"":[[[-107.27491050408345,48.1651094574653],[-107.27490773625233,48.1651988304012],[-107.27510197507135,48.165212854855696],[-107.27512550454801,48.16514096720705],[-107.27513155794261,48.16512745908596],[-107.27491050408345,48.1651094574653]]]}"
00000000000000001025,7328,0,0,0,"{""type"":""Polygon"",""coordinates"":[[[-107.27510076838558,48.165034213873675],[-107.27492650659053,48.16501983540777],[-107.2749155275577,48.165073618480086],[-107.27491050408345,48.1651094574653],[-107.27513155794261,48.16512745908596],[-107.27514239426566,48.16506916870448],[-107.27510076838558,48.165034213873675]]]}"
00000000000000001024,7329,0,0,0,"{""type"":""Polygon"",""coordinates"":[[[-107.27512586954361,48.164998005134514],[-107.27513876219133,48.16498882830074],[-107.27512405352049,48.16495783497093],[-107.27513684826437,48.1649442221232],[-107.27491593789118,48.16493072777524],[-107.27492650659053,48.16501983540777],[-107.27510076838558,48.165034213873675],[-107.27511366104936,48.16502503703657],[-107.27516666492954,48.16501504938153],[-107.27511937234348,48.16500260141386],[-107.27512586954361,48.164998005134514]],[[-107.27511937234348,48.16500260141386],[-107.2751062800549,48.165007357945534],[-107.2751133189703,48.165016109501664],[-107.27511937234348,48.16500260141386]]]}"
0000000000000000101f,7330,0,0,0,"{""type"":""MultiPolygon"",""coordinates"":[[[[-107.27530747773953,48.16487825996397],[-107.27532789772543,48.164886817632535],[-107.2753343948932,48.16488222134997],[-107.27530747773953,48.16487825996397]]],[[[-107.27542149729325,48.16488945369491],[-107.27542272725967,48.16491620478015],[-107.27544871210445,48.164902271355515],[-107.27545500959216,48.16489325477282],[-107.27542149729325,48.16488945369491]]],[[[-107.27495871481204,48.16484056029976],[-107.27495950064856,48.16485839958976],[-107.27493361366017,48.1648767688869],[-107.27491593789118,48.16493072777524],[-107.27513684826437,48.1649442221232],[-107.27514984263973,48.16493502957288],[-107.27516239316897,48.164916925229925],[-107.27517524122374,48.164907677202386],[-107.27517469948499,48.16489432939578],[-107.2752136786795,48.16487120349692],[-107.27522017585017,48.16486660722338],[-107.27495871481204,48.16484056029976]]]]}"
00000000000000001005,7331,0,0,0,"{""type"":""Polygon"",""coordinates"":[[[-107.27550462473197,48.16480741835714],[-107.27533022057499,48.16478853347233],[-107.27529178327732,48.16482500716326],[-107.27523135403793,48.164817244625084],[-107.27513174609255,48.16482818761433],[-107.27514917732746,48.16476973731414],[-107.2749613361005,48.164751132496775],[-107.2749555269064,48.164769131996295],[-107.27495689896314,48.16480039024857],[-107.27495788441698,48.164822649811946],[-107.27495871481204,48.16484056029976],[-107.27522017585017,48.16486660722338],[-107.27523317018796,48.16485741467629],[-107.27528036094384,48.16486987828073],[-107.27530747773953,48.16487825996397],[-107.2753343948932,48.16488222134997],[-107.27534670111469,48.16485962551105],[-107.27536574870412,48.16483692489024],[-107.27541171341244,48.16481818563583],[-107.27543267524881,48.16484009105766],[-107.27541387191573,48.16486728318449],[-107.27542149729325,48.16488945369491],[-107.27545500959216,48.16489325477282],[-107.27546800391596,48.164884062189635],[-107.27548759332473,48.164874709328686],[-107.27550644118345,48.164847588388035],[-107.27553902486673,48.16482904294376],[-107.27550462473197,48.16480741835714]]]}"
00000000000000001020,7332,0,0,0,"{""type"":""MultiPolygon"",""coordinates"":[[[[-107.27545035031318,48.16478613218481],[-107.27539026314615,48.16478729724602],[-107.27537022988867,48.16478773830197],[-107.27533671772423,48.164783937198656],[-107.27533022057499,48.16478853347233],[-107.27550462473197,48.16480741835714],[-107.27545035031318,48.16478613218481]]],[[[-107.27498418132213,48.1646613905627],[-107.27497822584978,48.164679334553284],[-107.27496763364276,48.16474211597054],[-107.2749613361005,48.164751132496775],[-107.27514917732746,48.16476973731414],[-107.27518170379717,48.1647512789477],[-107.27518545643167,48.1646841662818],[-107.27498418132213,48.1646613905627]]]]}"
0000000000000000101c,7333,0,0,0,"{""type"":""Polygon"",""coordinates"":[[[-107.2750268559853,48.16457123925517],[-107.27500151090737,48.164602956196454],[-107.27498886256966,48.16461662441435],[-107.27499023466251,48.16464788257479],[-107.27498418132213,48.1646613905627],[-107.27518545643167,48.1646841662818],[-107.27519574687477,48.16461698037495],[-107.27521523824298,48.16460319162803],[-107.2750268559853,48.16457123925517]]]}"
00000000000000001017,7334,0,0,0,"{""type"":""Polygon"",""coordinates"":[[[-107.27506958762856,48.16448100116012],[-107.27506470687581,48.16452134693255],[-107.27503926397671,48.164548627863724],[-107.2750268559853,48.16457123925517],[-107.27521523824298,48.16460319162803],[-107.27523168358987,48.16452248212999],[-107.27506958762856,48.16448100116012]]]}"
00000000000000001018,7335,0,0,0,"{""type"":""Polygon"",""coordinates"":[[[-107.27511900315703,48.164390745364116],[-107.27511250607041,48.16439534158717],[-107.2750881912813,48.16444938904588],[-107.27507485500331,48.16444965405957],[-107.27506958762856,48.16448100116012],[-107.27523168358987,48.16452248212999],[-107.27525028716286,48.16449086996148],[-107.27526249536108,48.1644638383235],[-107.27528872410421,48.16445439652742],[-107.27511900315703,48.164390745364116]]]}"
00000000000000001004,7336,0,0,0,"{""type"":""Polygon"",""coordinates"":[[[-107.27514819848946,48.16429635232797],[-107.27514977037825,48.16433203053707],[-107.27511900315703,48.164390745364116],[-107.27528872410421,48.16445439652742],[-107.27530831328129,48.164445043785186],[-107.27534011058268,48.16440865942292],[-107.27535266084189,48.16439055524273],[-107.2753589582467,48.164381538755975],[-107.27514819848946,48.16429635232797]]]}"
00000000000000001010,7337,0,0,0,"{""type"":""Polygon"",""coordinates"":[[[-107.27515883476686,48.164233642637065],[-107.27513900150052,48.16423850386816],[-107.27515312365983,48.16425607793006],[-107.27514819848946,48.16429635232797],[-107.2753589582467,48.164381538755975],[-107.27536521108972,48.164372451067386],[-107.27540306143943,48.164322558813225],[-107.27542245086305,48.16430878583124],[-107.27542874823995,48.1642997693546],[-107.27546177534799,48.16429013582377],[-107.2754680281554,48.164281048145156],[-107.27515883476686,48.164233642637065]]]}"
00000000000000001007,7338,0,0,0,"{""type"":""MultiPolygon"",""coordinates"":[[[[-107.27547325910167,48.16409790108937],[-107.27544053359539,48.164111939084364],[-107.27548132833839,48.164128982927416],[-107.27547325910167,48.16409790108937]]],[[[-107.27546936464697,48.16416050584616],[-107.2754353645173,48.16414772194764],[-107.27543403657744,48.16411653530313],[-107.27515883476686,48.164233642637065],[-107.2754680281554,48.164281048145156],[-107.27549169874347,48.1642136688736],[-107.27546936464697,48.16416050584616]]]]}"
00000000000000001015,7339,0,0,0,"{""type"":""Polygon"",""coordinates"":[[[-107.27535609765472,48.16401535148512],[-107.27511597994697,48.164171937616445],[-107.27511622414578,48.164176429051174],[-107.27513900150052,48.16423850386816],[-107.27515883476686,48.164233642637065],[-107.27543403657744,48.16411653530313],[-107.27543369440615,48.16410760792559],[-107.27544053359539,48.164111939084364],[-107.27547325910167,48.16409790108937],[-107.27546558924385,48.164075659711415],[-107.27537931930503,48.16408633769364],[-107.27538537241347,48.16407282983406],[-107.27535845581626,48.16406886850906],[-107.27538492850682,48.16406391818835],[-107.27538375572117,48.16403708060791],[-107.27537041954942,48.164037345657896],[-107.27535609765472,48.16401535148512]],[[-107.27543369440615,48.16410760792559],[-107.27542636674376,48.16409429391358],[-107.27541337271185,48.16410348634599],[-107.27543369440615,48.16410760792559]],[[-107.27537041954942,48.164037345657896],[-107.27534408936175,48.16404680311877],[-107.27536450892734,48.16405536065521],[-107.27537041954942,48.164037345657896]]]}"
00000000000000001013,7340,0,0,0,"{""type"":""Polygon"",""coordinates"":[[[-107.27529566965731,48.164007589075176],[-107.2753015802982,48.163989574097954],[-107.27507750875965,48.16405661079698],[-107.27511382179038,48.16412284069999],[-107.27511597994697,48.164171937616445],[-107.27535609765472,48.16401535148512],[-107.27535585342534,48.16401086006551],[-107.27529566965731,48.164007589075176]]]}"
0000000000000000101a,7341,0,0,0,"{""type"":""GeometryCollection"",""geometries"":[{""type"":""LineString"",""coordinates"":[[-107.27526215475534,48.16400377981238],[-107.27527527116432,48.16399906279286]]},{""type"":""Polygon"",""coordinates"":[[[-107.27527525014837,48.163999031530416],[-107.2753015802982,48.163989574097954],[-107.27530138063379,48.16398515388278],[-107.27527525014837,48.163999031530416]]]},{""type"":""Polygon"",""coordinates"":[[[-107.27527186186802,48.16392318418585],[-107.27524109520239,48.1639818985825],[-107.27520881366429,48.16400484810091],[-107.27520108681283,48.16398269366343],[-107.27520050048587,48.16396927488938],[-107.27518657804241,48.16395612114139],[-107.27519208941516,48.16392926576514],[-107.27503372594633,48.163972559800236],[-107.27504100885865,48.16398580261367],[-107.27504159512662,48.163999221394384],[-107.27507750875965,48.16405661079698],[-107.27526215822355,48.16400378798355],[-107.27526215475534,48.16400377981238],[-107.27525463099458,48.16398605376685],[-107.27529385338568,48.16396741967591],[-107.27529877832607,48.1639271455277],[-107.27527186186802,48.16392318418585]]]}]}"
00000000000000001019,7342,0,0,0,"{""type"":""Polygon"",""coordinates"":[[[-107.27514913692221,48.16386312517966],[-107.2751549458485,48.16384512598461],[-107.27498314882662,48.16388424893936],[-107.27499761283825,48.1639107502584],[-107.27499839871997,48.16392858923225],[-107.27501256524559,48.163946234419],[-107.27502688685959,48.16396822862133],[-107.27503372594633,48.163972559800236],[-107.27519208941516,48.16392926576514],[-107.27514913692221,48.16386312517966]]]}"
00000000000000001022,7343,0,0,0,"{""type"":""Polygon"",""coordinates"":[[[-107.2750919163098,48.163779355255606],[-107.27511096337926,48.163756655163816],[-107.27511076373636,48.163752234967234],[-107.27493950886948,48.16380470529201],[-107.27495343113587,48.16381785904255],[-107.2749542169986,48.1638356979858],[-107.27498314882662,48.16388424893936],[-107.2751549458485,48.16384512598461],[-107.27516031475677,48.16381376353837],[-107.2750919163098,48.163779355255606]]]}"
0000000000000000100d,7344,0,0,0,"{""type"":""Polygon"",""coordinates"":[[[-107.27507327843301,48.16365916812393],[-107.2748628464517,48.16373034331373],[-107.27492538699445,48.16378713134197],[-107.27493950886948,48.16380470529201],[-107.27511076373636,48.163752234967234],[-107.27510230823815,48.16371215479428],[-107.27510689121485,48.16366295354229],[-107.27507327843301,48.16365916812393]]]}"
00000000000000001044,7345,0,0,0,"{""type"":""Polygon"",""coordinates"":[[[-107.27500625641791,48.163651565802574],[-107.27498436334504,48.1636117664068],[-107.27482545975354,48.16364171230598],[-107.27484026946334,48.16367268920143],[-107.2748560074396,48.16372601214066],[-107.2748628464517,48.16373034331373],[-107.27507327843301,48.16365916812393],[-107.27500625641791,48.163651565802574]]]}"
00000000000000001036,7346,0,0,0,"{""type"":""Polygon"",""coordinates"":[[[-107.27497698263431,48.16359408777266],[-107.27484053321568,48.16352974682372],[-107.27481079636995,48.163610790904045],[-107.27482545975354,48.16364171230598],[-107.27498436334504,48.1636117664068],[-107.27497698263431,48.16359408777266]]]}"
00000000000000001046,7347,0,0,0,"{""type"":""GeometryCollection"",""geometries"":[{""type"":""LineString"",""coordinates"":[[-107.2750218708243,48.163552982127584],[-107.2750287384691,48.16355731245887]]},{""type"":""Polygon"",""coordinates"":[[[-107.2749708506566,48.16345572602491],[-107.27495751475247,48.16345599100781],[-107.27484043534865,48.16352531092072],[-107.27484053321568,48.16352974682372],[-107.27497698263431,48.16359408777266],[-107.27496969981246,48.1635808450505],[-107.27502187108594,48.16355294774892],[-107.2749708506566,48.16345572602491]]]}]}"
0000000000000000101e,7348,0,0,0,"{""type"":""Polygon"",""coordinates"":[[[-107.27507733831341,48.16344918592209],[-107.2749708506566,48.16345572602491],[-107.2750287101003,48.163557278895894],[-107.27507604537638,48.16356979781639],[-107.27511659501428,48.16358235027758],[-107.27512333615141,48.16358224551297],[-107.27513132549859,48.16346145762697],[-107.27507733831341,48.16344918592209]]]}"
00000000000000001006,7349,0,0,0,"{""type"":""Polygon"",""coordinates"":[[[-107.27523850143118,48.163468320258566],[-107.27515824157007,48.16346541898335],[-107.27513132549859,48.16346145762697],[-107.27512333615141,48.16358224551297],[-107.27522968185639,48.163571198104755],[-107.2752362766968,48.163571037854574],[-107.27527176815434,48.16346762995851],[-107.27523850143118,48.163468320258566]]]}"
00000000000000001021,7350,0,0,0,"{""type"":""Polygon"",""coordinates"":[[[-107.2753388918398,48.163475216345184],[-107.27531157634931,48.16346241469803],[-107.27527176815434,48.16346762995851],[-107.2752362766968,48.163571037854574],[-107.27531028416406,48.16358302660668],[-107.2753306589123,48.16359151287958],[-107.27534399491812,48.163591247841566],[-107.27541289923745,48.16348720499814],[-107.27541265499796,48.163482713623935],[-107.2753388918398,48.163475216345184]]]}"
0000000000000000100c,7351,0,0,0,"{""type"":""Polygon"",""coordinates"":[[[-107.27549390097114,48.16350787367326],[-107.27542657739652,48.163495867222125],[-107.27541289923745,48.16348720499814],[-107.27534399491812,48.163591247841566],[-107.27541775830937,48.16359874512698],[-107.27543862159868,48.16361621414791],[-107.27546563584714,48.163624611332224],[-107.27553483763764,48.16352942441513],[-107.27549390097114,48.16350787367326]]]}"
0000000000000000100e,7352,0,0,0,"{""type"":""Polygon"",""coordinates"":[[[-107.27558965610349,48.16355960590595],[-107.27553483763764,48.16352942441513],[-107.27546563584714,48.163624611332224],[-107.27549959098019,48.163637323902265],[-107.27557478444987,48.163675991703215],[-107.27558747685816,48.16366239486638],[-107.2755806377179,48.16365806375377],[-107.27558733434368,48.16365788775325],[-107.27565062558418,48.163580715539176],[-107.27558965610349,48.16355960590595]]]}"
00000000000000001016,7353,0,0,0,"{""type"":""MultiPolygon"",""coordinates"":[[[[-107.27558747685816,48.16366239486638],[-107.27557478444987,48.163675991703215],[-107.2755952039263,48.16368454913263],[-107.2756153791533,48.163688615168105],[-107.27558747685816,48.16366239486638]]],[[[-107.27568880077423,48.163687184943186],[-107.27571557092901,48.16369109067351],[-107.27577851979444,48.16360499104024],[-107.27576508574433,48.16360082023478],[-107.27569122024705,48.16359333895021],[-107.27565062558418,48.163580715539176],[-107.27558733434368,48.16365788775325],[-107.27564776203805,48.16366564993573],[-107.27566144034915,48.16367431215171],[-107.27568171733857,48.163678362446994],[-107.27568880077423,48.163687184943186]],[[-107.27569485371126,48.163673677170735],[-107.27568796998933,48.16366927486351],[-107.27568171733857,48.163678362446994],[-107.27569485371126,48.163673677170735]]]]}"
0000000000000000100b,7354,0,0,0,"{""type"":""Polygon"",""coordinates"":[[[-107.27585351399313,48.163639238403924],[-107.27577851979444,48.16360499104024],[-107.27571557092901,48.16369109067351],[-107.27576970158972,48.16370786916806],[-107.27578348170829,48.16371651564684],[-107.27581064251466,48.16372496822038],[-107.27583765703604,48.16373336531039],[-107.27590060578622,48.1636472655309],[-107.27585351399313,48.163639238403924]]]}"
00000000000000001011,7355,0,0,0,"{""type"":""Polygon"",""coordinates"":[[[-107.27600178391998,48.16367199978038],[-107.27597432529907,48.16365469117745],[-107.27590060578622,48.1636472655309],[-107.27583765703604,48.16373336531039],[-107.27592574343615,48.163762856183695],[-107.27595285979108,48.163771237519725],[-107.27602244790376,48.16368504850101],[-107.27600178391998,48.16367199978038]]]}"
0000000000000000100a,7356,0,0,0,"{""type"":""Polygon"",""coordinates"":[[[-107.27610369527174,48.16371020809533],[-107.27602928713391,48.163689379582074],[-107.27602244790376,48.16368504850101],[-107.27595285979108,48.163771237519725],[-107.2759867136583,48.163783965666],[-107.27602755311632,48.16380108036885],[-107.2760682054975,48.163813616732256],[-107.27615112969117,48.16372716240785],[-107.27610369527174,48.16371020809533]]]}"
00000000000000001008,7357,0,0,0,"{""type"":""Polygon"",""coordinates"":[[[-107.27625299695153,48.16376529939055],[-107.27618528518208,48.16374429493527],[-107.27615112969117,48.16372716240785],[-107.2760682054975,48.163813616732256],[-107.27608178600808,48.1638178429846],[-107.27608212834198,48.16382677030663],[-107.27608291475606,48.16384460922967],[-107.27611003125182,48.16385299053072],[-107.27614378728317,48.16386128271056],[-107.27615766562192,48.163874365082506],[-107.2762671196566,48.16378287311689],[-107.27625299695153,48.16376529939055]]]}"
00000000000000001009,7358,0,0,0,"{""type"":""Polygon"",""coordinates"":[[[-107.27637562683961,48.163820920876105],[-107.27632149537932,48.163804142707605],[-107.27629437880627,48.163795761476024],[-107.2762673639999,48.16378736451186],[-107.27615766562192,48.163874365082506],[-107.27617832980162,48.16388741381471],[-107.27623246122803,48.16390419209132],[-107.27626695931919,48.16393025197949],[-107.2763824661613,48.163825251940835],[-107.27637562683961,48.163820920876105]]]}"
00000000000000001012,7359,0,0,0,"{""type"":""Polygon"",""coordinates"":[[[-107.27639033640729,48.16385191332283],[-107.27639604675943,48.16382947814741],[-107.2763824661613,48.163825251940835],[-107.27626695931919,48.16393025197949],[-107.27632147785076,48.16395602875944],[-107.27634918130038,48.16397782876069],[-107.27641586276484,48.16397650279833],[-107.27645824844289,48.16387733786442],[-107.27639033640729,48.16385191332283]]]}"
00000000000000000ffa,7360,0,0,0,"{""type"":""Polygon"",""coordinates"":[[[-107.27650592778963,48.16389878344451],[-107.27645824844289,48.16387733786442],[-107.27641586276484,48.16397650279833],[-107.27642235970644,48.16397190652724],[-107.27645631583492,48.16398461881731],[-107.2764568580619,48.16399796637392],[-107.27649164540811,48.16402858883583],[-107.27660656539476,48.16391016959386],[-107.27650592778963,48.16389878344451]]]}"
0000000000000000101b,7361,0,0,0,"{""type"":""Polygon"",""coordinates"":[[[-107.27669420933796,48.16393074820646],[-107.2766267410804,48.16391423542251],[-107.27660656539476,48.16391016959386],[-107.27649164540811,48.16402858883583],[-107.27650542591707,48.16403723525367],[-107.27660581950832,48.164044130008726],[-107.27665271253622,48.16404773658781],[-107.27670129313607,48.16393957066097],[-107.27669420933796,48.16393074820646]]]}"
00000000000000001014,7362,0,0,0,"{""type"":""Polygon"",""coordinates"":[[[-107.27678883919462,48.16395571326175],[-107.27670823428817,48.163943885983876],[-107.27670129313607,48.16393957066097],[-107.27665271253622,48.16404773658781],[-107.27669956103593,48.164051271941474],[-107.27679355972775,48.16406274706558],[-107.27682929249265,48.16396382911452],[-107.27678883919462,48.16395571326175]]]}"
00000000000000001027,7363,0,0,0,"{""type"":""Polygon"",""coordinates"":[[[-107.2768900197426,48.1639804466583],[-107.27682929249265,48.16396382911452],[-107.27679355972775,48.16406274706558],[-107.2768273163552,48.16407103902287],[-107.27684670541906,48.164057265828006],[-107.27692751059729,48.16407351321844],[-107.27694094875076,48.16407323221939],[-107.27693701461479,48.163984037365175],[-107.2768900197426,48.1639804466583]]]}"
00000000000000000ffe,7364,0,0,0,"{""type"":""Polygon"",""coordinates"":[[[-107.27706388153511,48.16398598086909],[-107.27704404823099,48.163990842471996],[-107.27693701461479,48.163984037365175],[-107.27694094875076,48.16407323221939],[-107.27696796411385,48.16408162902537],[-107.27701471472751,48.16408072828036],[-107.27704296132218,48.16411587569296],[-107.27706293738643,48.164115521222186],[-107.27708848079467,48.1640882242834],[-107.27706388153511,48.16398598086909]]]}"
00000000000000001002,7365,0,0,0,"{""type"":""Polygon"",""coordinates"":[[[-107.27719690294927,48.16397440053915],[-107.2771633906384,48.16397060013605],[-107.27706388153511,48.16398598086909],[-107.27708848079467,48.1640882242834],[-107.27709473327906,48.164079136541815],[-107.27716121556568,48.16407338982784],[-107.27720826430692,48.16408134513926],[-107.27719690294927,48.16397440053915]]]}"
00000000000000000ffd,7366,0,0,0,"{""type"":""Polygon"",""coordinates"":[[[-107.27720374245585,48.163978731553286],[-107.27719690294927,48.16397440053915],[-107.27720826430692,48.16408134513926],[-107.27724896248291,48.16409395223963],[-107.27730333980108,48.164115221359104],[-107.27735034490995,48.16397137710279],[-107.27720374245585,48.163978731553286]]]}"
00000000000000001001,7367,0,0,0,"{""type"":""Polygon"",""coordinates"":[[[-107.27737027639871,48.16397095136788],[-107.27735034490995,48.16397137710279],[-107.27730333980108,48.164115221359104],[-107.27731677443477,48.16411939197514],[-107.27737012035574,48.164118330649266],[-107.27739098528448,48.16413579937637],[-107.27738586252924,48.16417165351797],[-107.2774459054133,48.16417041601215],[-107.27746589453568,48.16401817490176],[-107.27737027639871,48.16397095136788]]]}"
00000000000000001026,7368,0,0,0,"{""type"":""Polygon"",""coordinates"":[[[-107.27755870718056,48.164002969877934],[-107.27753257686526,48.164016848140534],[-107.27747957366977,48.164026836895665],[-107.27746589453568,48.16401817490176],[-107.2774459054133,48.16417041601215],[-107.27745264682623,48.164170311075765],[-107.27753266594402,48.164168718955025],[-107.27759934859161,48.16416739213555],[-107.27759871659606,48.16400217378785],[-107.27755870718056,48.164002969877934]]]}"
00000000000000000ffb,7369,0,0,0,"{""type"":""Polygon"",""coordinates"":[[[-107.27770516393002,48.16399555939249],[-107.27765226245761,48.16400553251222],[-107.27759871659606,48.16400217378785],[-107.27759934859161,48.16416739213555],[-107.2776059882667,48.164167302915445],[-107.27763266134014,48.16416677217248],[-107.27767936782803,48.16416579988957],[-107.27772567442403,48.16415598714894],[-107.27773833378608,48.16399043226594],[-107.27770516393002,48.16399555939249]]]}"
0000000000000000102d,7370,0,0,0,"{""type"":""Polygon"",""coordinates"":[[[-107.27784994808641,48.163948034889],[-107.2778240623701,48.16396640461621],[-107.27779783388462,48.16397584701122],[-107.27777150364521,48.163985305128335],[-107.27773833378608,48.16399043226594],[-107.27772567442403,48.16415598714894],[-107.27779176991,48.164141241414875],[-107.27779122719878,48.164127893841815],[-107.27787749886852,48.16411721363917],[-107.27784994808641,48.163948034889]]]}"
0000000000000000102a,7371,0,0,0,"{""type"":""Polygon"",""coordinates"":[[[-107.27797042111645,48.163954557798476],[-107.27795024495934,48.163950492261165],[-107.27793041159404,48.16395535404552],[-107.27791707509016,48.16395561945741],[-107.27787706558932,48.16395641568168],[-107.27784994808641,48.163948034889],[-107.27787749886852,48.16411721363917],[-107.27793734199521,48.16411155560914],[-107.27802272812526,48.16407860037022],[-107.27797042111645,48.163954557798476]]]}"
00000000000000001000,7372,0,0,0,"{""type"":""Polygon"",""coordinates"":[[[-107.27811087055582,48.16396072586093],[-107.278090938916,48.16396115175339],[-107.27803188331701,48.163984648789274],[-107.27798375762752,48.163954292379],[-107.27797042111645,48.163954557798476],[-107.27802272812526,48.16407860037022],[-107.27804895669475,48.164069157893216],[-107.27810859982796,48.16405907955425],[-107.27814822213827,48.164049284684275],[-107.27811087055582,48.16396072586093]]]}"
000000000000000011e8,7373,0,0,0,"{""type"":""Polygon"",""coordinates"":[[[-107.27821643256489,48.16393183605283],[-107.27815683416198,48.16394198563129],[-107.27811761197889,48.163960620878],[-107.27811087055582,48.16396072586093],[-107.27814822213827,48.164049284684275],[-107.27824753215025,48.16402948258115],[-107.27831455793026,48.164037082597915],[-107.27821643256489,48.16393183605283]]]}"
00000000000000000f8b,7374,0,0,0,"{""type"":""Polygon"",""coordinates"":[[[-107.27831446560135,48.16388521224591],[-107.27830181828472,48.16389888068838],[-107.27824960248222,48.16392670875422],[-107.27821643256489,48.16393183605283],[-107.27831455793026,48.164037082597915],[-107.278321299382,48.164036977599785],[-107.27834989047894,48.16408105190064],[-107.27836952391564,48.16407176980865],[-107.27832631950817,48.16400113925026],[-107.27839221487918,48.16398197294882],[-107.27841126075243,48.16395927214513],[-107.27831446560135,48.16388521224591]]]}"
00000000000000000ff7,7375,0,0,0,"{""type"":""Polygon"",""coordinates"":[[[-107.27842539382401,48.16382495968809],[-107.27841240019909,48.16383415246925],[-107.2783731781514,48.16385278777884],[-107.2783274592554,48.16387601946837],[-107.27831446560135,48.16388521224591],[-107.27841126075243,48.16395927214513],[-107.27841751298097,48.16395018434608],[-107.27844364317495,48.16393630586318],[-107.27845663683499,48.16392711305909],[-107.27851564778467,48.163903544588855],[-107.27842539382401,48.16382495968809]]]}"
00000000000000000ff5,7376,0,0,0,"{""type"":""Polygon"",""coordinates"":[[[-107.27852288354526,48.163764988300564],[-107.27851638674963,48.163769584692105],[-107.2784639265594,48.16379292141732],[-107.27842539382401,48.16382495968809],[-107.27851564778467,48.163903544588855],[-107.27852878429881,48.16389885890109],[-107.2785599343242,48.163849142150475],[-107.27859354894106,48.163852926314746],[-107.27861313767781,48.16384357301586],[-107.27852288354526,48.163764988300564]]]}"
00000000000000000f9a,7377,0,0,0,"{""type"":""Polygon"",""coordinates"":[[[-107.2786207160033,48.163713944165885],[-107.2786013274044,48.16372771761763],[-107.27852927859176,48.163760407637184],[-107.27852288354526,48.163764988300564],[-107.27861313767781,48.16384357301586],[-107.27867233595187,48.16382458280355],[-107.27869178177586,48.16381072238214],[-107.27872396390737,48.16378333589503],[-107.2786207160033,48.163713944165885]]]}"
00000000000000000ff2,7378,0,0,0,"{""type"":""Polygon"",""coordinates"":[[[-107.27871132100354,48.163649570642875],[-107.27866604712341,48.16368171394016],[-107.2786207160033,48.163713944165885],[-107.27872396390737,48.16378333589503],[-107.2787431078692,48.16376507102427],[-107.27881515667548,48.16373238084145],[-107.27882120869701,48.16371887288348],[-107.27871132100354,48.163649570642875]]]}"
00000000000000000f99,7379,0,0,0,"{""type"":""Polygon"",""coordinates"":[[[-107.2788156498375,48.163593930042076],[-107.27881584993031,48.16359835020626],[-107.27872431452873,48.16364037785598],[-107.27871132100354,48.163649570642875],[-107.27882120869701,48.16371887288348],[-107.27884675101369,48.163691575709855],[-107.27891835488666,48.16364997396149],[-107.2788156498375,48.163593930042076]]]}"
00000000000000000ff0,7380,0,0,0,"{""type"":""Polygon"",""coordinates"":[[[-107.27888587803729,48.16352107102988],[-107.27887962597346,48.16353015878127],[-107.27886673425301,48.16353933584006],[-107.2788156498375,48.163593930042076],[-107.27891835488666,48.16364997396149],[-107.27894458317763,48.16364053132357],[-107.27900191960283,48.163576849237465],[-107.27888587803729,48.16352107102988]]]}"
00000000000000000f9d,7381,0,0,0,"{""type"":""Polygon"",""coordinates"":[[[-107.27897593918341,48.16344335012809],[-107.27895019700401,48.16346622704852],[-107.27891083247302,48.163480355354025],[-107.27888587803729,48.16352107102988],[-107.27900191960283,48.163576849237465],[-107.27903966394267,48.16352697213897],[-107.2790722459249,48.16350842600298],[-107.27897593918341,48.16344335012809]]]}"
00000000000000000f9c,7382,0,0,0,"{""type"":""Polygon"",""coordinates"":[[[-107.27910694025086,48.16338717833379],[-107.27909380391213,48.16339186405076],[-107.27906087897375,48.16340148292796],[-107.27898243589443,48.163438753736024],[-107.27897593918341,48.16344335012809],[-107.2790722459249,48.16350842600298],[-107.2791173764832,48.16347177554827],[-107.27915738598952,48.163470978814104],[-107.27910694025086,48.16338717833379]]]}"
00000000000000000ff1,7383,0,0,0,"{""type"":""Polygon"",""coordinates"":[[[-107.27923971719156,48.163371103954645],[-107.27922618056779,48.163366949401926],[-107.27913976679496,48.163373123570956],[-107.27910694025086,48.16338717833379],[-107.27915738598952,48.163470978814104],[-107.27917736215853,48.163470623904914],[-107.27928449914444,48.16347741067684],[-107.27923971719156,48.163371103954645]]]}"
00000000000000000f98,7384,0,0,0,"{""type"":""GeometryCollection"",""geometries"":[{""type"":""LineString"",""coordinates"":[[-107.2793978596979,48.163323322924626],[-107.27940393642722,48.16330980338255]]},{""type"":""Polygon"",""coordinates"":[[[-107.2793716077638,48.163332754837114],[-107.27932568949824,48.163351566611915],[-107.27927313155601,48.16337046770606],[-107.27923971719156,48.163371103954645],[-107.27928449914444,48.16347741067684],[-107.27929808039003,48.163481636428436],[-107.27936451832771,48.16347581704801],[-107.27939783584043,48.1633233121376],[-107.2793716077638,48.163332754837114]]]}]}"
00000000000000000ff3,7385,0,0,0,"{""type"":""Polygon"",""coordinates"":[[[-107.27950339650695,48.163294421297365],[-107.27946318687039,48.163290798036655],[-107.27941663619961,48.16329612010225],[-107.27940388760777,48.16330980425416],[-107.27936451832771,48.16347581704801],[-107.27942460591542,48.16347464951689],[-107.2794512790071,48.163474118275005],[-107.27947795210599,48.16347358702552],[-107.27953129832531,48.16347252450379],[-107.27950339650695,48.163294421297365]]]}"
00000000000000000ff6,7386,0,0,0,"{""type"":""Polygon"",""coordinates"":[[[-107.2796184062112,48.16332786847208],[-107.27961146460315,48.16332355342167],[-107.27958503633015,48.16332857604193],[-107.27957169981674,48.16332884168084],[-107.27957032373587,48.1632975844694],[-107.27956953560216,48.16327974580374],[-107.27950339650695,48.163294421297365],[-107.27953129832531,48.16347252450379],[-107.27956471288503,48.163471888147505],[-107.27966318939723,48.16343417489908],[-107.27967652596146,48.16343390924564],[-107.2796184062112,48.16332786847208]]]}"
00000000000000000ff4,7387,0,0,0,"{""type"":""Polygon"",""coordinates"":[[[-107.2797301171041,48.16328990535178],[-107.2797038890389,48.163299348135844],[-107.27969094030985,48.16330861218945],[-107.27965171892413,48.16332724781895],[-107.2796184062112,48.16332786847208],[-107.27967652596146,48.16343390924564],[-107.27970949556517,48.16342436134835],[-107.27976884895598,48.16340971956807],[-107.27980851542311,48.1633999953432],[-107.2797301171041,48.16328990535178]]]}"
00000000000000000f93,7388,0,0,0,"{""type"":""Polygon"",""coordinates"":[[[-107.27983454628396,48.16323424832934],[-107.27982784943686,48.16323442463042],[-107.27975590346313,48.1632670995078],[-107.27973661374787,48.16328530892376],[-107.2797301171041,48.16328990535178],[-107.27980851542311,48.1633999953432],[-107.27982824690754,48.163395148954756],[-107.27991441975477,48.16338003120813],[-107.27994064788723,48.16337058835037],[-107.27983454628396,48.16323424832934]]]}"
00000000000000001266,7389,0,0,0,"{""type"":""Polygon"",""coordinates"":[[[-107.27990649218526,48.16320157341521],[-107.27988710407085,48.16321534698054],[-107.27986023081954,48.163211458212714],[-107.27984733931847,48.163220635342185],[-107.27983454628396,48.16323424832934],[-107.27994064788723,48.16337058835037],[-107.27998681098713,48.163356267610844],[-107.28007076176448,48.16329214080167],[-107.27990649218526,48.16320157341521]]]}"
00000000000000000f45,7390,0,0,0,"{""type"":""Polygon"",""coordinates"":[[[-107.27993124530646,48.163156437626625],[-107.27992450389792,48.16315654273499],[-107.27991274400631,48.16319248565974],[-107.27990649218526,48.16320157341521],[-107.28007076176448,48.16329214080167],[-107.28009660194762,48.16327369952886],[-107.28013493632739,48.163232789242365],[-107.28015452467099,48.16322343574889],[-107.28015954294224,48.16318759790371],[-107.27993124530646,48.163156437626625]]]}"
00000000000000000f7e,7391,0,0,0,"{""type"":""Polygon"",""coordinates"":[[[-107.27993434384429,48.16307599548531],[-107.27995609685584,48.16311573771902],[-107.27993124530646,48.163156437626625],[-107.28015954294224,48.16318759790371],[-107.28017017085202,48.163124889189085],[-107.28018306228427,48.16311571203467],[-107.28018193050048,48.16308894628506],[-107.27993434384429,48.16307599548531]]]}"
00000000000000000f87,7392,0,0,0,"{""type"":""Polygon"",""coordinates"":[[[-107.28017794373784,48.162999682235245],[-107.28017065873442,48.162986440112505],[-107.27993798587102,48.16300890072111],[-107.27993434384429,48.16307599548531],[-107.28018193050048,48.16308894628506],[-107.28018168566942,48.163084454971944],[-107.28019172531522,48.16300832792787],[-107.28017794373784,48.162999682235245]]]}"
00000000000000000f8e,7393,0,0,0,"{""type"":""Polygon"",""coordinates"":[[[-107.28016219739162,48.16294636111611],[-107.28013439272127,48.162920126880636],[-107.28010648635023,48.16289390837853],[-107.2800925617709,48.16288075566484],[-107.27989625687702,48.16296951361873],[-107.27990368480816,48.16298726279653],[-107.27993798587102,48.16300890072111],[-107.28017065873442,48.162986440112505],[-107.28016219739162,48.16294636111611]]]}"
00000000000000000f95,7394,0,0,0,"{""type"":""Polygon"",""coordinates"":[[[-107.28002351456227,48.16282856864251],[-107.28006249055483,48.16280544176201],[-107.2800490110918,48.16280120044244],[-107.28000959004734,48.16281541593146],[-107.28000368162213,48.162833430741046],[-107.27999639672147,48.16282018864425],[-107.27983222844021,48.16288148873466],[-107.27986047779366,48.16291663444826],[-107.27986092281002,48.16292554585112],[-107.27987504751208,48.162943118715845],[-107.27989625687702,48.16296951361873],[-107.2800925617709,48.16288075566484],[-107.28002351456227,48.16282856864251]]]}"
00000000000000000f8a,7395,0,0,0,"{""type"":""MultiPolygon"",""coordinates"":[[[[-107.28002213806987,48.1627973117447],[-107.28000959004734,48.16281541593146],[-107.2800490110918,48.16280120044244],[-107.28002213806987,48.1627973117447]]],[[[-107.27996775939394,48.16277604473196],[-107.27995954311929,48.16274045715565],[-107.27974842461153,48.16279823906028],[-107.27974866939073,48.16280273035142],[-107.279776130339,48.16282003753561],[-107.27979025495262,48.162837610379874],[-107.27983222844021,48.16288148873466],[-107.27999639672147,48.16282018864425],[-107.27996775939394,48.16277604473196]]]]}"
00000000000000000f9b,7396,0,0,0,"{""type"":""Polygon"",""coordinates"":[[[-107.27994463009796,48.162705045907565],[-107.2799502365386,48.162682626793114],[-107.27992947230172,48.162665143401505],[-107.27992927206763,48.1626607233215],[-107.27971722279752,48.162696159581834],[-107.27975211145545,48.16273121584896],[-107.27974763637675,48.16278040056765],[-107.27974842461153,48.16279823906028],[-107.27995954311929,48.16274045715565],[-107.27994463009796,48.162705045907565]]]}"
00000000000000000f92,7397,0,0,0,"{""type"":""MultiPolygon"",""coordinates"":[[[[-107.28003847273739,48.162564738108706],[-107.28003163292706,48.16256040742049],[-107.28000516057152,48.16256535887321],[-107.28003847273739,48.162564738108706]]],[[[-107.28000516057152,48.16256535887321],[-107.27969306109225,48.162602831080214],[-107.2796869078063,48.16261635452392],[-107.27968897377086,48.16266101396481],[-107.27971722279752,48.162696159581834],[-107.27992927206763,48.1626607233215],[-107.27993532354522,48.16264721558173],[-107.27992730755457,48.16261604816424],[-107.27997302463787,48.16259281631396],[-107.28000516057152,48.16256535887321]]]]}"
0000000000000000101d,7398,0,0,0,"{""type"":""Polygon"",""coordinates"":[[[-107.2800247931188,48.162556076732095],[-107.27972775248551,48.16248158534433],[-107.27970791976206,48.162486447344236],[-107.27969557195787,48.162508971450926],[-107.27970560914216,48.162584727007165],[-107.27969306109225,48.162602831080214],[-107.28000516057152,48.16256535887321],[-107.28003163292706,48.16256040742049],[-107.2800247931188,48.162556076732095]]]}"
00000000000000000f97,7399,0,0,0,"{""type"":""Polygon"",""coordinates"":[[[-107.27987149813178,48.16241172966796],[-107.27986475686285,48.16241183476709],[-107.2798385294348,48.16242127741447],[-107.27981224482345,48.162430806983686],[-107.2797342489779,48.162476988990804],[-107.27972775248551,48.16248158534433],[-107.2800247931188,48.162556076732095],[-107.27987149813178,48.16241172966796]]]}"
00000000000000000f94,7400,0,0,0,"{""type"":""Polygon"",""coordinates"":[[[-107.28010845252344,48.162487388452924],[-107.27997582291793,48.16235608921545],[-107.27995584717826,48.16235644427245],[-107.2798978272993,48.162402271284286],[-107.27987149813178,48.16241172966796],[-107.2800247931188,48.162556076732095],[-107.28003163292706,48.16256040742049],[-107.28003847273739,48.162564738108706],[-107.28007838315057,48.162559505219],[-107.2800917194593,48.16255923951875],[-107.28011106260654,48.16254539489555],[-107.28013182690987,48.16256287820646],[-107.28013114022684,48.16254502407211],[-107.28010845252344,48.162487388452924]]]}"
00000000000000000f89,7401,0,0,0,"{""type"":""Polygon"",""coordinates"":[[[-107.28006061684584,48.16230971508784],[-107.2800413723273,48.16232799541618],[-107.27997582291793,48.16235608921545],[-107.28010845252344,48.162487388452924],[-107.28012729794597,48.16230838659799],[-107.28006061684584,48.16230971508784]]]}"
00000000000000000f88,7402,0,0,0,"{""type"":""Polygon"",""coordinates"":[[[-107.2802339877996,48.16230626091557],[-107.28017394615446,48.162307500090456],[-107.2801339374701,48.162308297209975],[-107.28012729794597,48.16230838659799],[-107.28010845252344,48.162487388452924],[-107.28013114022684,48.16254502407211],[-107.28028128146448,48.16231870569876],[-107.2802339877996,48.16230626091557]]]}"
00000000000000000f96,7403,0,0,0,"{""type"":""Polygon"",""coordinates"":[[[-107.28034899613455,48.16233970662238],[-107.28028128146448,48.16231870569876],[-107.28013114022684,48.16254502407211],[-107.28013182690987,48.16256287820646],[-107.28015244815214,48.16257585451873],[-107.28019270196828,48.1625795486495],[-107.28025209867523,48.162564978034936],[-107.28029230796542,48.16256860092399],[-107.28032513374167,48.162554545993494],[-107.28038250851127,48.16234350579386],[-107.2803823082201,48.16233908574323],[-107.28034899613455,48.16233970662238]]]}"
00000000000000000f7c,7404,0,0,0,"{""type"":""Polygon"",""coordinates"":[[[-107.28049082054385,48.162377127676976],[-107.28046434824661,48.16238207923766],[-107.28041764262352,48.162383052821085],[-107.28038250851127,48.16234350579386],[-107.28032513374167,48.162554545993494],[-107.28041021427656,48.16251718535822],[-107.28044358371977,48.162516477523454],[-107.28050342557046,48.162510818097566],[-107.28049082054385,48.162377127676976]]]}"
00000000000000000f8d,7405,0,0,0,"{""type"":""Polygon"",""coordinates"":[[[-107.28060321877102,48.16235256684082],[-107.28058988246397,48.16235283261106],[-107.28052398958147,48.16237199976586],[-107.28051065327868,48.16237226552508],[-107.28049082054385,48.162377127676976],[-107.28050342557046,48.162510818097566],[-107.280543234321,48.162505600747615],[-107.28063466802617,48.16245913655777],[-107.28064800437778,48.16245887077963],[-107.28060321877102,48.16235256684082]]]}"
00000000000000000f86,7406,0,0,0,"{""type"":""Polygon"",""coordinates"":[[[-107.28073565005168,48.162327563738515],[-107.28065622054439,48.16234257671398],[-107.28060321877102,48.16235256684082],[-107.28064800437778,48.16245887077963],[-107.2807805792436,48.16243837453865],[-107.28073565005168,48.162327563738515]]]}"
00000000000000000f8c,7407,0,0,0,"{""type"":""Polygon"",""coordinates"":[[[-107.280834266685,48.16229435715646],[-107.28077466992409,48.16230450800359],[-107.28074898637034,48.16232729794785],[-107.28073565005168,48.162327563738515],[-107.2807805792436,48.16243837453865],[-107.28080061237945,48.162437932376115],[-107.28083392471382,48.162437311332724],[-107.28086069920565,48.16243676398818],[-107.28088063061166,48.162436337538736],[-107.28090730337011,48.162435805911095],[-107.28092669089139,48.16242203235844],[-107.280834266685,48.16229435715646]]]}"
00000000000000000f90,7408,0,0,0,"{""type"":""Polygon"",""coordinates"":[[[-107.28088667999556,48.162270948660385],[-107.2808609393282,48.162293825546065],[-107.280834266685,48.16229435715646],[-107.28092669089139,48.16242203235844],[-107.28093318731142,48.16241743593079],[-107.28095267656437,48.16240364664778],[-107.28102269939613,48.16232636779784],[-107.2810353455026,48.16231269943534],[-107.28088667999556,48.162270948660385]]]}"
00000000000000000f84,7409,0,0,0,"{""type"":""Polygon"",""coordinates"":[[[-107.28093662502738,48.16219404105142],[-107.2809192033885,48.16225248930268],[-107.28088667999556,48.162270948660385],[-107.2810353455026,48.16231269943534],[-107.28106088575333,48.16228540245315],[-107.28107889574214,48.16224037238281],[-107.28109188849736,48.162231179540704],[-107.28093662502738,48.16219404105142]]]}"
00000000000000000f81,7410,0,0,0,"{""type"":""Polygon"",""coordinates"":[[[-107.28099946396011,48.16210350496857],[-107.28100015108049,48.16212135893603],[-107.28097471267279,48.162148640084396],[-107.28094267611371,48.16218053337765],[-107.28093662502738,48.16219404105142],[-107.28109188849736,48.162231179540704],[-107.28113760494996,48.16220794732129],[-107.28122367397874,48.16219284452261],[-107.28099946396011,48.16210350496857]]]}"
00000000000000000f85,7411,0,0,0,"{""type"":""Polygon"",""coordinates"":[[[-107.28107130306933,48.161918965565675],[-107.28105762327435,48.16191030444689],[-107.2810159923121,48.161875354405645],[-107.2809478322833,48.16184544292968],[-107.2809472883686,48.16183209598641],[-107.28088528129221,48.16178866118344],[-107.280831147933,48.161771886253696],[-107.28079030620393,48.16175477431153],[-107.28074325770581,48.16174682110116],[-107.28068440602556,48.161774738692145],[-107.2805976927497,48.161776509650075],[-107.28056575809966,48.16180838685844],[-107.28060635478835,48.161821007714515],[-107.28060714346968,48.16183884586403],[-107.28074336085157,48.161898685014464],[-107.2808704266162,48.16190504345942],[-107.28093144464735,48.16192622017095],[-107.28095969475395,48.16196136490483],[-107.28102056978962,48.16197803463306],[-107.28102135866897,48.1619958728273],[-107.28102431381441,48.162062805640474],[-107.28101201136352,48.162085400912645],[-107.28099946396011,48.16210350496857],[-107.28122367397874,48.16219284452261],[-107.28123037073557,48.162192668129904],[-107.28107130306933,48.161918965565675]]]}"
00000000000000000f73,7412,0,0,0,"{""type"":""GeometryCollection"",""geometries"":[{""type"":""LineString"",""coordinates"":[[-107.28130008863478,48.161959099521816],[-107.28130048314445,48.16196799225936]]},{""type"":""Polygon"",""coordinates"":[[[-107.28131066801483,48.16189632639523],[-107.28129083546757,48.161901188663784],[-107.28127203689573,48.16192838030121],[-107.28129969882171,48.161950106760685],[-107.28130008702837,48.16195910491138],[-107.28130008863478,48.161959099521816],[-107.2813175079577,48.161900656934336],[-107.28131066801483,48.16189632639523]]]},{""type"":""Polygon"",""coordinates"":[[[-107.28122002489768,48.161960628870254],[-107.2812072772212,48.16197431289174],[-107.28116623454568,48.161952781043965],[-107.28109920976051,48.16194518329407],[-107.28107130306933,48.161918965565675],[-107.28123037073557,48.162192668129904],[-107.2812435066794,48.16218798223713],[-107.28126343803262,48.16218755571153],[-107.28130063106906,48.16197245188162],[-107.28128148883019,48.161990716597586],[-107.2812282423991,48.16199621578095],[-107.28122002489768,48.161960628870254]],[[-107.28121490613145,48.161996481635256],[-107.28122199103896,48.16200530340415],[-107.2812282423991,48.16199621578095],[-107.28121490613145,48.161996481635256]]]}]}"
00000000000000000f7b,7413,0,0,0,"{""type"":""Polygon"",""coordinates"":[[[-107.28144860922676,48.16199634785672],[-107.28144802056133,48.16198292968596],[-107.28140697762693,48.16196139794418],[-107.2813926518679,48.16193940563668],[-107.28136435665888,48.161904189861765],[-107.28132459288175,48.1619094786792],[-107.2813175079577,48.161900656934336],[-107.28130053240909,48.161968016136406],[-107.28130063106906,48.16197245188162],[-107.28126343803262,48.16218755571153],[-107.28133022151228,48.16218621064233],[-107.28133686110094,48.16218612116966],[-107.28143808558514,48.16205903957546],[-107.28143138883789,48.16205921598197],[-107.28137745493406,48.162046861319034],[-107.28134974830138,48.16202506364876],[-107.28136263920312,48.16201588654087],[-107.28146352371645,48.16203175835766],[-107.28147582593391,48.16200916305653],[-107.28144860922676,48.16199634785672]]]}"
00000000000000000f83,7414,0,0,0,"{""type"":""MultiPolygon"",""coordinates"":[[[[-107.28147582593391,48.16200916305653],[-107.28146352371645,48.16203175835766],[-107.28147686003206,48.1620314924674],[-107.2814896076695,48.16201780839626],[-107.28147582593391,48.16200916305653]]],[[[-107.28153222900227,48.162075016537145],[-107.28149143088312,48.162057976016065],[-107.28143808558514,48.16205903957546],[-107.28133686110094,48.16218612116966],[-107.28150383923082,48.1621872453684],[-107.28155240536206,48.16207908117159],[-107.28153222900227,48.162075016537145]]]]}"
00000000000000000f7f,7415,0,0,0,"{""type"":""Polygon"",""coordinates"":[[[-107.28162755005599,48.16211782980132],[-107.28158616309072,48.16208737111501],[-107.28155240536206,48.16207908117159],[-107.28150383923082,48.1621872453684],[-107.28162411170499,48.16218934344448],[-107.28166392044805,48.162184125661675],[-107.28166047410376,48.16210821030043],[-107.28162755005599,48.16211782980132]]]}"
00000000000000000f80,7416,0,0,0,"{""type"":""Polygon"",""coordinates"":[[[-107.28177252844702,48.162074721252594],[-107.28172011546465,48.162098130137004],[-107.28166047410376,48.16210821030043],[-107.28166392044805,48.162184125661675],[-107.28173025872269,48.16217386905008],[-107.28181037589631,48.16217670920028],[-107.28177252844702,48.162074721252594]]]}"
00000000000000000f82,7417,0,0,0,"{""type"":""Polygon"",""coordinates"":[[[-107.28189781735882,48.162040981877595],[-107.28186430452918,48.16203718326858],[-107.28184526113476,48.16205988386674],[-107.28179236113296,48.16206985886497],[-107.28177252844702,48.162074721252594],[-107.28181037589631,48.16217670920028],[-107.28195068200534,48.16217836447867],[-107.28195717832743,48.16217376800544],[-107.28189781735882,48.162040981877595]]]}"
00000000000000000f79,7418,0,0,0,"{""type"":""Polygon"",""coordinates"":[[[-107.28203836816373,48.16204712824691],[-107.28203142631088,48.16204281348261],[-107.28198502257085,48.16204819211758],[-107.28195160843084,48.16204882928871],[-107.28193827204163,48.16204909524688],[-107.28189781735882,48.162040981877595],[-107.28195717832743,48.16217376800544],[-107.28201007853319,48.162163792891526],[-107.28204974404481,48.16215406799443],[-107.28206308048759,48.162153802018885],[-107.28208291324317,48.162148939562144],[-107.28203836816373,48.16204712824691]]]}"
00000000000000000f7d,7419,0,0,0,"{""type"":""Polygon"",""coordinates"":[[[-107.28216365711096,48.16201338854161],[-107.28215726257515,48.16201796928237],[-107.28211134598192,48.162036781878264],[-107.28206538479198,48.16205552326308],[-107.28203836816373,48.16204712824691],[-107.28208291324317,48.162148939562144],[-107.28215554744622,48.162129666157774],[-107.28221548832126,48.162128441454065],[-107.28216365711096,48.16201338854161]]]}"
00000000000000000e96,7420,0,0,0,"{""type"":""Polygon"",""coordinates"":[[[-107.28228880265091,48.16197514175776],[-107.28226887119517,48.16197556849718],[-107.28220957367446,48.16199457592979],[-107.28216365711096,48.16201338854161],[-107.28221548832126,48.162128441454065],[-107.28230249358276,48.16213123137952],[-107.28234830855286,48.162112434387005],[-107.28228880265091,48.16197514175776]]]}"
00000000000000000f74,7421,0,0,0,"{""type"":""Polygon"",""coordinates"":[[[-107.28240646175253,48.161919233170316],[-107.28240006724667,48.16192381391831],[-107.28230863532929,48.16197027927281],[-107.28228880265091,48.16197514175776],[-107.28234830855286,48.162112434387005],[-107.28235504994754,48.162112329110805],[-107.28236789620486,48.162103080658156],[-107.28238088877706,48.162093887670125],[-107.28242595870945,48.16205732365882],[-107.28245898453524,48.16204768816249],[-107.28240646175253,48.161919233170316]]]}"
00000000000000000f4a,7422,0,0,0,"{""type"":""Polygon"",""coordinates"":[[[-107.28253972711332,48.16191213711869],[-107.28253288693266,48.16190780667178],[-107.28251305426805,48.16191266919695],[-107.28242570538454,48.161900952531994],[-107.28240646175253,48.161919233170316],[-107.28245898453524,48.16204768816249],[-107.28248521179252,48.162038244870246],[-107.28251188472017,48.16203771279636],[-107.28259190354622,48.16203611652916],[-107.28259180473137,48.162031680783855],[-107.28253972711332,48.16191213711869]]]}"
00000000000000000f4b,7423,0,0,0,"{""type"":""Polygon"",""coordinates"":[[[-107.2826797882547,48.16190930011933],[-107.28264617342383,48.16190551753128],[-107.28256684565694,48.16192051623607],[-107.28253972711332,48.16191213711869],[-107.28259180473137,48.162031680783855],[-107.28259111390052,48.16201827835366],[-107.28263077935857,48.16200855324463],[-107.28271729447414,48.16200236037027],[-107.2826797882547,48.16190930011933]]]}"
00000000000000000f44,7424,1,0,0,"{""type"":""MultiPolygon"",""coordinates"":[[[[-107.28273931839192,48.16174735565276],[-107.28273272335511,48.161747516417954],[-107.28272598199929,48.161747621718966],[-107.28272701687168,48.161769950985914],[-107.28275482340045,48.161796183850555],[-107.28276156476716,48.161796078547155],[-107.28273931839192,48.16174735565276]]],[[[-107.28279095084474,48.16185798762936],[-107.28275802690173,48.16186760746974],[-107.2827125116507,48.16189526029611],[-107.2826797882547,48.16190930011933],[-107.28271729447414,48.16200236037027],[-107.28285031537106,48.16199077265341],[-107.28285695503394,48.161990683074016],[-107.28279095084474,48.16185798762936]]]]}"
00000000000000000f8f,7425,0,0,0,"{""type"":""Polygon"",""coordinates"":[[[-107.28287475234137,48.16178935341952],[-107.28276623634069,48.161751314698876],[-107.28273931839192,48.16174735565276],[-107.28276156476716,48.161796078547155],[-107.28280157401782,48.16179528032557],[-107.28280270777715,48.161822045337146],[-107.28284316283326,48.16183015828179],[-107.2828041884441,48.16185328582294],[-107.28279095084474,48.16185798762936],[-107.28285695503394,48.161990683074016],[-107.28292934396937,48.16196691794189],[-107.2829682196005,48.161939354561454],[-107.28298131091277,48.16193459725898],[-107.28298805232106,48.16193449193832],[-107.28287475234137,48.16178935341952]]]}"
000000000000000010a8,7426,0,0,0,"{""type"":""Polygon"",""coordinates"":[[[-107.28297514823312,48.16179624115931],[-107.28287475234137,48.16178935341952],[-107.28298805232106,48.16193449193832],[-107.28300148768315,48.16193866156752],[-107.28308583387992,48.16188337398959],[-107.28309188426849,48.161869866277655],[-107.28297514823312,48.16179624115931]]]}"
0000000000000000125d,7427,0,0,0,"{""type"":""Polygon"",""coordinates"":[[[-107.28312096043935,48.161771040125025],[-107.28312026940884,48.16175763776999],[-107.28297514823312,48.16179624115931],[-107.28309188426849,48.161869866277655],[-107.28309783577505,48.161851922840846],[-107.28313622081849,48.161815377080565],[-107.28312096043935,48.161771040125025]]]}"
00000000000000000f48,7428,0,0,0,"{""type"":""Polygon"",""coordinates"":[[[-107.28309132855908,48.16170464008256],[-107.28309063753827,48.16169123774396],[-107.28308974876087,48.16166896398307],[-107.28276623634069,48.161751314698876],[-107.28287475234137,48.16178935341952],[-107.28297514823312,48.16179624115931],[-107.28312026940884,48.16175763776999],[-107.28312017052768,48.16175320205034],[-107.28309132855908,48.16170464008256]]]}"
00000000000000000f46,7429,0,0,0,"{""type"":""GeometryCollection"",""geometries"":[{""type"":""LineString"",""coordinates"":[[-107.28273934689307,48.16174735984466],[-107.28273267925545,48.16174749232634]]},{""type"":""Polygon"",""coordinates"":[[[-107.28306750193285,48.161620241293754],[-107.28301233145265,48.16158113851231],[-107.28280953812134,48.16167449653714],[-107.28280978328532,48.161678987714936],[-107.2827972366628,48.16169709184648],[-107.28277922874032,48.16174212172267],[-107.28274581459297,48.161742759166806],[-107.28273931839192,48.16174735565276],[-107.28273934689307,48.16174735984466],[-107.28276623634069,48.161751314698876],[-107.28308974876087,48.16166896398307],[-107.28306750193285,48.161620241293754]]]}]}"
00000000000000000f49,7430,0,0,0,"{""type"":""Polygon"",""coordinates"":[[[-107.2829848688604,48.161563832702726],[-107.28292310358526,48.16152489068709],[-107.28291601821923,48.161516069135835],[-107.2827785280471,48.161576840428914],[-107.28279324330983,48.16160783043001],[-107.28282129496199,48.161638554370114],[-107.28280953812134,48.16167449653714],[-107.28301233145265,48.16158113851231],[-107.2829848688604,48.161563832702726]]]}"
00000000000000000f4c,7431,0,0,0,"{""type"":""Polygon"",""coordinates"":[[[-107.28285321817779,48.16145479796698],[-107.28284613284552,48.16144597642144],[-107.28271449278283,48.1614888199672],[-107.28273511496458,48.16150179543622],[-107.28277832746045,48.16157242045507],[-107.2827785280471,48.161576840428914],[-107.28291601821923,48.161516069135835],[-107.28285321817779,48.16145479796698]]]}"
00000000000000000f47,7432,0,0,0,"{""type"":""Polygon"",""coordinates"":[[[-107.28279076238516,48.161402453667094],[-107.28276920705537,48.161367133397874],[-107.28263835699117,48.16142781473427],[-107.28266567581876,48.1614406137171],[-107.28268688707897,48.16146700720264],[-107.28271449278283,48.1614888199672],[-107.28284613284552,48.16144597642144],[-107.28279076238516,48.161402453667094]]]}"
00000000000000000f38,7433,0,0,0,"{""type"":""Polygon"",""coordinates"":[[[-107.28274095506059,48.16133198964083],[-107.28271344827647,48.161314612630605],[-107.28269248221864,48.161292710371455],[-107.28269228164048,48.16128829042106],[-107.28258166534332,48.16135294899098],[-107.282595390108,48.1613616809861],[-107.28258954023936,48.16137960849586],[-107.28258988419867,48.161388535340386],[-107.28259047329638,48.16140195334183],[-107.28263835699117,48.16142781473427],[-107.28276920705537,48.161367133397874],[-107.28274095506059,48.16133198964083]]]}"
00000000000000000f3e,7434,0,0,0,"{""type"":""Polygon"",""coordinates"":[[[-107.28267003560876,48.16123956797137],[-107.28262259781762,48.1612226177667],[-107.28262215210398,48.16121370668229],[-107.28249824438815,48.16127870229706],[-107.28251866577843,48.16128725781556],[-107.28254691746322,48.16132240161606],[-107.28258166534332,48.16135294899098],[-107.28269228164048,48.16128829042106],[-107.28267003560876,48.16123956797137]]]}"
00000000000000000f40,7435,0,0,0,"{""type"":""Polygon"",""coordinates"":[[[-107.28252564030043,48.16114421737832],[-107.28241526949178,48.16121336671028],[-107.28243623528138,48.16123526900381],[-107.2824499153761,48.161243929807526],[-107.28248446251897,48.16127005722682],[-107.28249824438815,48.16127870229706],[-107.28262215210398,48.16121370668229],[-107.28262889335528,48.161213601392305],[-107.28252564030043,48.16114421737832]]]}"
00000000000000000f7a,7436,0,0,0,"{""type"":""Polygon"",""coordinates"":[[[-107.2825119602108,48.16113555660165],[-107.28245778148128,48.16111871162261],[-107.28241653785543,48.16109276073408],[-107.28233239374433,48.161152466795485],[-107.28235306010271,48.16116551346895],[-107.2823942019869,48.161191480151935],[-107.28241526949178,48.16121336671028],[-107.28252564030043,48.16114421737832],[-107.2825119602108,48.16113555660165]]]}"
00000000000000000f75,7437,0,0,0,"{""type"":""Polygon"",""coordinates"":[[[-107.28240969783948,48.16108843034152],[-107.28237539604754,48.16106679410737],[-107.28237460648046,48.16104895625619],[-107.28234744408157,48.161040506009925],[-107.28231373139491,48.16103228768201],[-107.28222958736224,48.16109199358277],[-107.28225045415522,48.16110946020301],[-107.28232555373435,48.16114813639188],[-107.28233239374433,48.161152466795485],[-107.28241653785543,48.16109276073408],[-107.28240969783948,48.16108843034152]]]}"
00000000000000000f71,7438,0,0,0,"{""type"":""Polygon"",""coordinates"":[[[-107.28225821909683,48.16098425807043],[-107.28222391754102,48.160962621818896],[-107.28212722701738,48.161040431377025],[-107.28213386645835,48.16104034185491],[-107.28217441900695,48.161052890657686],[-107.28222958736224,48.16109199358277],[-107.2823134862885,48.1610277965566],[-107.28225821909683,48.16098425807043]]]}"
00000000000000000f72,7439,0,0,0,"{""type"":""Polygon"",""coordinates"":[[[-107.28212849624789,48.160919825778414],[-107.28210787471966,48.16090685030576],[-107.28202496582283,48.160993304762144],[-107.28212722701738,48.161040431377025],[-107.28222391754102,48.160962621818896],[-107.28212849624789,48.160919825778414]]]}"
00000000000000000f77,7440,0,0,0,"{""type"":""Polygon"",""coordinates"":[[[-107.28208710987337,48.16088936798555],[-107.28199173363443,48.160846643051144],[-107.28192274956963,48.160946249266104],[-107.28194337101102,48.160959224790446],[-107.28197038682377,48.160967619680754],[-107.28198416838933,48.16097626478291],[-107.28202496582283,48.160993304762144],[-107.28210787471966,48.16090685030576],[-107.28208710987337,48.16088936798555]]]}"
00000000000000000f70,7441,0,0,0,"{""type"":""Polygon"",""coordinates"":[[[-107.28198489374279,48.16084231264539],[-107.28184444930754,48.16083615049025],[-107.28182107794017,48.16091254038726],[-107.28183461438097,48.16091669438512],[-107.28186177642003,48.16092514476581],[-107.28191590967417,48.16094191884735],[-107.28192274956963,48.160946249266104],[-107.28199173363443,48.160846643051144],[-107.28198489374279,48.16084231264539]]]}"
00000000000000000f6f,7442,0,0,0,"{""type"":""Polygon"",""coordinates"":[[[-107.28173731635125,48.16082936681395],[-107.28171064451217,48.16082989863275],[-107.28168712962257,48.160901781645336],[-107.28174755828961,48.160909539556556],[-107.28182107794017,48.16091254038726],[-107.28184444930754,48.16083615049025],[-107.28173731635125,48.16082936681395]]]}"
00000000000000000f78,7443,0,0,0,"{""type"":""GeometryCollection"",""geometries"":[{""type"":""LineString"",""coordinates"":[[-107.28158052510311,48.160756522539295],[-107.28158072308496,48.16076098493617],[-107.28158092106683,48.16076544733304]]},{""type"":""Polygon"",""coordinates"":[[[-107.28170390339717,48.16083000385401],[-107.28167644233456,48.160812697877866],[-107.28160941909447,48.16080510060949],[-107.28159563773315,48.16079645547641],[-107.28157507374927,48.1607833929848],[-107.28156666077376,48.16089526367308],[-107.28160711401345,48.160903377042175],[-107.28166025728986,48.16089789352895],[-107.28168712962257,48.160901781645336],[-107.28171064451217,48.16082989863275],[-107.28170390339717,48.16083000385401]]]}]}"
00000000000000000f76,7444,0,0,0,"{""type"":""Polygon"",""coordinates"":[[[-107.28154067128452,48.16076177228075],[-107.28114272139453,48.1609706470629],[-107.28117667829277,48.16098335693941],[-107.28129891272492,48.16103012918932],[-107.281299902178,48.16105238699369],[-107.28130069121983,48.1610702248682],[-107.28135053928307,48.161140760584715],[-107.28135999129285,48.16120309593982],[-107.2813565527028,48.16127460833818],[-107.28141673668146,48.161277875352816],[-107.28141515849592,48.16124219947377],[-107.28141412440881,48.16121987039637],[-107.28141924281043,48.16118401815833],[-107.28139645471757,48.16112194870207],[-107.28138277507134,48.16111328775686],[-107.2813540795881,48.16106923263867],[-107.2813536913553,48.16106023464079],[-107.28135225646444,48.16102906576759],[-107.28139369921303,48.16105943705262],[-107.28139325379803,48.161050525982546],[-107.28139212103775,48.161023761320806],[-107.28141116401667,48.16100106126941],[-107.28137676152187,48.16097944041807],[-107.28139497081986,48.16093883135995],[-107.28142779508143,48.16092477652536],[-107.28151410625543,48.16091416502666],[-107.2815599196573,48.160895368884404],[-107.28156666077376,48.16089526367308],[-107.28157507374927,48.1607833929848],[-107.28156813220706,48.16077907828258],[-107.28158092391742,48.160765465732105],[-107.28158067889999,48.160760974625305],[-107.28154067128452,48.16076177228075]],[[-107.28136263652361,48.16096186843664],[-107.28132100610321,48.16092691914294],[-107.28127415865089,48.160923386228184],[-107.28126185676568,48.160945981029506],[-107.28133719915968,48.16098914905438],[-107.28136263652361,48.16096186843664]]]}"
00000000000000000f91,7445,0,0,0,"{""type"":""Polygon"",""coordinates"":[[[-107.2812961907129,48.16066838685627],[-107.28128354528693,48.16068205480942],[-107.28127154257963,48.160713505053685],[-107.28125879538956,48.16072718874584],[-107.28124649357433,48.160749783459295],[-107.28123350139023,48.160758976049436],[-107.28123483445083,48.160790160496894],[-107.2812355248049,48.160803562636616],[-107.28123586844275,48.16081248939657],[-107.28122469922815,48.16086184871559],[-107.28122662088305,48.160906451120475],[-107.28117475670436,48.160938754466756],[-107.28112701862463,48.16091739937555],[-107.28106717904164,48.16092305896163],[-107.28099366005078,48.16092005753604],[-107.28096103615957,48.16093853215046],[-107.28099523784246,48.16095573321393],[-107.28113588164537,48.16096631658284],[-107.28114272139453,48.1609706470629],[-107.28154067128452,48.16076177228075],[-107.2812961907129,48.16066838685627]]]}"
00000000000000000f6e,7446,0,0,0,"{""type"":""Polygon"",""coordinates"":[[[-107.28150729803185,48.16061060416592],[-107.28142782732097,48.16062554601064],[-107.28131543394139,48.16065010688471],[-107.2812961907129,48.16066838685627],[-107.28154067128452,48.16076177228075],[-107.28158067889999,48.160760974625305],[-107.28158058019467,48.1607565389835],[-107.28159347060064,48.160747362078084],[-107.28159972165281,48.16073827465542],[-107.28150729803185,48.16061060416592]]]}"
00000000000000000f6c,7447,0,0,0,"{""type"":""Polygon"",""coordinates"":[[[-107.2816532028237,48.16058984171136],[-107.28162023559153,48.160599389702696],[-107.28156005255039,48.16059612283395],[-107.28150729803185,48.16061060416592],[-107.28159972165281,48.16073827465542],[-107.28163210024952,48.16071530879834],[-107.28168440945502,48.1606919163583],[-107.2817044864098,48.16069154523564],[-107.2816532028237,48.16058984171136]]]}"
00000000000000000f6a,7448,0,0,0,"{""type"":""Polygon"",""coordinates"":[[[-107.28177878874781,48.16056050773782],[-107.28176559621818,48.16056528046941],[-107.28175841264927,48.16055202335619],[-107.28171269841008,48.16057525508518],[-107.28166639536023,48.16058506899282],[-107.2816532028237,48.16058984171136],[-107.2817044864098,48.16069154523564],[-107.28175704061684,48.160672643865546],[-107.28180320049727,48.160658323067125],[-107.28182293066966,48.16065347655399],[-107.28177878874781,48.16056050773782]]]}"
00000000000000000f69,7449,0,0,0,"{""type"":""Polygon"",""coordinates"":[[[-107.28189063783815,48.16052259976609],[-107.28189039278105,48.16051810868178],[-107.28189019229475,48.16051368879235],[-107.2818639661761,48.16052313161991],[-107.28184502239127,48.160550267166684],[-107.28181131043846,48.1605420487201],[-107.28177878874781,48.16056050773782],[-107.28182293066966,48.16065347655399],[-107.28186259449522,48.16064375205572],[-107.2819690364657,48.16063713348878],[-107.28189063783815,48.16052259976609]]]}"
00000000000000000f6b,7450,0,0,0,"{""type"":""Polygon"",""coordinates"":[[[-107.28200120729275,48.16045787187474],[-107.28190943527105,48.16049540876173],[-107.28189019229475,48.16051368879235],[-107.28190372861312,48.16051784275212],[-107.28189063783815,48.16052259976609],[-107.2819690364657,48.16063713348878],[-107.28204221194235,48.160631207420025],[-107.2820952116798,48.16062121687643],[-107.28200120729275,48.16045787187474]]]}"
00000000000000000f66,7451,0,0,0,"{""type"":""Polygon"",""coordinates"":[[[-107.28216773331329,48.1604500840856],[-107.28213432054739,48.160450721266166],[-107.2820142980461,48.16045311485208],[-107.28200120729275,48.16045787187474],[-107.2820952116798,48.16062121687643],[-107.28214151488437,48.16061140275123],[-107.28218801860994,48.160606008500835],[-107.28216773331329,48.1604500840856]]]}"
00000000000000000f41,7452,0,0,0,"{""type"":""Polygon"",""coordinates"":[[[-107.28220114609053,48.16044944689313],[-107.28216773331329,48.1604500840856],[-107.28218801860994,48.160606008500835],[-107.28224101835796,48.16059601788122],[-107.28231979864229,48.16056767329797],[-107.28237176368069,48.1605353538516],[-107.28238451054662,48.16052167006964],[-107.28220114609053,48.16044944689313]]]}"
00000000000000000f65,7453,0,0,0,"{""type"":""Polygon"",""coordinates"":[[[-107.28226462266613,48.160376695277165],[-107.28222107671196,48.16044902020129],[-107.28220114609053,48.16044944689313],[-107.28238451054662,48.16052167006964],[-107.2824096031555,48.16048546274277],[-107.2823889816897,48.16047248743588],[-107.28242706619997,48.16042708745513],[-107.28226462266613,48.160376695277165]]]}"
00000000000000000f2b,7454,0,0,0,"{""type"":""Polygon"",""coordinates"":[[[-107.2823077228093,48.16029545950445],[-107.28230191761298,48.160313457825396],[-107.28228971524578,48.160340488082],[-107.28227716896164,48.16035859167715],[-107.28226462266613,48.160376695277165],[-107.28242706619997,48.16042708745513],[-107.28242603146576,48.16040475875044],[-107.28246977761796,48.16033685367441],[-107.2823077228093,48.16029545950445]]]}"
00000000000000000f33,7455,0,0,0,"{""type"":""Polygon"",""coordinates"":[[[-107.28234398291453,48.16020989351312],[-107.2823375887211,48.16021447410044],[-107.28231397364947,48.16028637211858],[-107.2823077228093,48.16029545950445],[-107.28246977761796,48.16033685367441],[-107.28248881977328,48.16031415372597],[-107.28251450124232,48.160291364239555],[-107.282547869428,48.16029065573492],[-107.28255996988153,48.16026364120666],[-107.28234398291453,48.16020989351312]]]}"
00000000000000000f3b,7456,0,0,0,"{""type"":""Polygon"",""coordinates"":[[[-107.28242615698096,48.16010551567195],[-107.28240061900496,48.16013281183066],[-107.28237463826406,48.16014674577236],[-107.28234398291453,48.16020989351312],[-107.28255996988153,48.16026364120666],[-107.28257797712534,48.16021861265215],[-107.28259096896963,48.16020941998289],[-107.28242615698096,48.16010551567195]]]}"
00000000000000000f34,7457,0,0,0,"{""type"":""Polygon"",""coordinates"":[[[-107.28259814316596,48.16007080233705],[-107.28257821266807,48.16007122910101],[-107.2825516399642,48.160076196718116],[-107.28251143210927,48.16007257491058],[-107.28244539957709,48.160087235685104],[-107.28242615698096,48.16010551567195],[-107.28259096896963,48.16020941998289],[-107.28262984273294,48.16018185770613],[-107.28264957272062,48.160177011071546],[-107.28259814316596,48.16007080233705]]]}"
00000000000000000f31,7458,0,0,0,"{""type"":""Polygon"",""coordinates"":[[[-107.28273036718053,48.16004137788845],[-107.28271053551876,48.16004624025678],[-107.28259814316596,48.16007080233705],[-107.28264957272062,48.160177011071546],[-107.28267610094154,48.160171972221924],[-107.28274154452711,48.16014389357764],[-107.28276811731132,48.160138925899524],[-107.28273036718053,48.16004137788845]]]}"
00000000000000000f39,7459,0,0,0,"{""type"":""Polygon"",""coordinates"":[[[-107.28286943109697,48.16001628354878],[-107.28283001295077,48.160030499371565],[-107.28279020618973,48.160035717374555],[-107.28274999824774,48.16003209567196],[-107.28273036718053,48.16004137788845],[-107.28276811731132,48.160138925899524],[-107.2828345512549,48.1601331045874],[-107.2828807105849,48.16011878343129],[-107.28289404641396,48.1601185173661],[-107.28286943109697,48.16001628354878]]]}"
00000000000000000f30,7460,0,0,0,"{""type"":""Polygon"",""coordinates"":[[[-107.28300928494657,48.16000902649819],[-107.28300269020018,48.16000918726926],[-107.2829689334607,48.160000898125936],[-107.28288256627766,48.16001159764454],[-107.28286943109697,48.16001628354878],[-107.28289404641396,48.1601185173661],[-107.2830143141546,48.16012061373766],[-107.28302095349476,48.16012052415829],[-107.28300928494657,48.16000902649819]]]}"
00000000000000000f3f,7461,0,0,0,"{""type"":""Polygon"",""coordinates"":[[[-107.28314234356378,48.159997510181896],[-107.28307541927121,48.159994349624405],[-107.28300928494657,48.16000902649819],[-107.28302095349476,48.16012052415829],[-107.28307370760112,48.160106042139375],[-107.28315352209711,48.16010002570765],[-107.28314234356378,48.159997510181896]]]}"
00000000000000000f3c,7462,0,0,0,"{""type"":""Polygon"",""coordinates"":[[[-107.28327590252817,48.159999268927535],[-107.28314234356378,48.159997510181896],[-107.28315352209711,48.16010002570765],[-107.28316685795814,48.160099759603845],[-107.2832196120634,48.160085277510454],[-107.2832867372973,48.16009285781216],[-107.28327590252817,48.159999268927535]]]}"
00000000000000000f2d,7463,0,0,0,"{""type"":""Polygon"",""coordinates"":[[[-107.28340871617624,48.159983261206634],[-107.28340197509185,48.15998336654471],[-107.2832825418654,48.15999917933034],[-107.28327590252817,48.159999268927535],[-107.2832867372973,48.16009285781216],[-107.28330031840838,48.1600970827294],[-107.28338682957883,48.160090889576175],[-107.28342683725677,48.16009009115966],[-107.28340871617624,48.159983261206634]]]}"
00000000000000000f3d,7464,0,0,0,"{""type"":""Polygon"",""coordinates"":[[[-107.2835285382499,48.15997644605564],[-107.28350890723708,48.15998572842022],[-107.28345546483504,48.15998235744388],[-107.28342874854329,48.159982818535596],[-107.28340871617624,48.159983261206634],[-107.28342683725677,48.16009009115966],[-107.28348702090305,48.160093356810975],[-107.28352643915659,48.16007914069864],[-107.28356624618897,48.16007392237908],[-107.2835285382499,48.15997644605564]]]}"
00000000000000000f2c,7465,0,0,0,"{""type"":""Polygon"",""coordinates"":[[[-107.28365412320473,48.159947109994036],[-107.2835285382499,48.15997644605564],[-107.28356624618897,48.16007392237908],[-107.28357298730174,48.16007381702857],[-107.28364512722378,48.160045561281585],[-107.28367829488238,48.16004043254215],[-107.28367429914405,48.15995117402893],[-107.28365412320473,48.159947109994036]]]}"
00000000000000000f28,7466,0,0,0,"{""type"":""Polygon"",""coordinates"":[[[-107.28372808868058,48.15995902017209],[-107.28367429914405,48.15995117402893],[-107.28367829488238,48.16004043254215],[-107.28369163079644,48.16004016636437],[-107.28371864688529,48.1600485606091],[-107.28374601002471,48.16006143014901],[-107.28378680810825,48.16007846906693],[-107.28382227484101,48.159975065489895],[-107.28372808868058,48.15995902017209]]]}"
00000000000000000f24,7467,0,0,0,"{""type"":""Polygon"",""coordinates"":[[[-107.28393029758065,48.160004119743164],[-107.28390967548339,48.15999114489759],[-107.28382227484101,48.159975065489895],[-107.28378680810825,48.16007846906693],[-107.283827606247,48.160095507971626],[-107.28388153967765,48.16010786081212],[-107.2838953216838,48.1601165054876],[-107.28395051821803,48.16000825491401],[-107.28393029758065,48.160004119743164]]]}"
00000000000000000f29,7468,0,0,0,"{""type"":""Polygon"",""coordinates"":[[[-107.28406552777692,48.16004169467749],[-107.28401100461885,48.16001592432866],[-107.28395051821803,48.16000825491401],[-107.2838953216838,48.1601165054876],[-107.28389542067401,48.16012094106591],[-107.28391608740571,48.16013398713793],[-107.28410003107291,48.160067749707885],[-107.28406552777692,48.16004169467749]]]}"
00000000000000000f3a,7469,0,0,0,"{""type"":""Polygon"",""coordinates"":[[[-107.28413536945838,48.16011171342088],[-107.2841343782435,48.16008945608778],[-107.28410003107291,48.160067749707885],[-107.28391608740571,48.16013398713793],[-107.28393670958081,48.16014696201532],[-107.28401181048811,48.1601856361445],[-107.28403267806908,48.1602031020568],[-107.28414974126167,48.16013377571175],[-107.28413536945838,48.16011171342088]]]}"
00000000000000000f2e,7470,0,0,0,"{""type"":""Polygon"",""coordinates"":[[[-107.28418483443772,48.16017324841635],[-107.28416386774288,48.160151346969194],[-107.28414974126167,48.16013377571175],[-107.28403267806908,48.1602031020568],[-107.28407441057044,48.16024248520404],[-107.28412854519922,48.16025925778528],[-107.28414862244394,48.16025888614697],[-107.28425894457436,48.16018966498523],[-107.28426534137174,48.16018063295944],[-107.28418483443772,48.16017324841635]]]}"
00000000000000000f43,7471,0,0,0,"{""type"":""Polygon"",""coordinates"":[[[-107.28425894457436,48.16018966498523],[-107.28414862244394,48.16025888614697],[-107.28419100205402,48.160311600052054],[-107.28429099414694,48.16030964655843],[-107.28433085882828,48.160304340960586],[-107.28425894457436,48.16018966498523]]]}"
00000000000000000f25,7472,0,0,0,"{""type"":""Polygon"",""coordinates"":[[[-107.28435106295245,48.160156601394156],[-107.28429885369188,48.1601844306091],[-107.28426534137174,48.16018063295944],[-107.28425894457436,48.16018966498523],[-107.28433085882828,48.160304340960586],[-107.28434399414483,48.16029965482725],[-107.28438365804153,48.16028992935049],[-107.28440358903838,48.16028950219714],[-107.28446125828634,48.16023474782399],[-107.28435106295245,48.160156601394156]]]}"
00000000000000000f37,7473,0,0,0,"{""type"":""Polygon"",""coordinates"":[[[-107.28440863027568,48.16010186292845],[-107.2843966300307,48.16013331315481],[-107.28435106295245,48.160156601394156],[-107.28446125828634,48.16023474782399],[-107.284467754116,48.160230151362825],[-107.28451976260945,48.160197902181515],[-107.28453181728277,48.16017081629005],[-107.2845438174469,48.16013936602647],[-107.28440863027568,48.16010186292845]]]}"
00000000000000000f22,7474,0,0,0,"{""type"":""Polygon"",""coordinates"":[[[-107.2844382467384,48.16001638624457],[-107.28440863027568,48.16010186292845],[-107.2845438174469,48.16013936602647],[-107.28455656367204,48.16012568207509],[-107.28458106461034,48.160076056862636],[-107.28459360998612,48.1600579530864],[-107.2844382467384,48.16001638624457]]]}"
00000000000000000f23,7475,0,0,0,"{""type"":""Polygon"",""coordinates"":[[[-107.28447450246513,48.15993082001251],[-107.2844565963711,48.15998028418805],[-107.28443780056526,48.16000747538423],[-107.2844382467384,48.16001638624457],[-107.28459360998612,48.1600579530864],[-107.28460615535055,48.160039849315034],[-107.28461835622825,48.1600128189559],[-107.2846567383447,48.15997627393711],[-107.28447450246513,48.15993082001251]]]}"
00000000000000000f27,7476,0,0,0,"{""type"":""Polygon"",""coordinates"":[[[-107.28451779903595,48.15985400386591],[-107.28451209392391,48.1598764376991],[-107.28447425708535,48.15992632899343],[-107.28447450246513,48.15993082001251],[-107.2846567383447,48.15997627393711],[-107.28466303329004,48.159967257657556],[-107.28469928853096,48.15988169143267],[-107.28451779903595,48.15985400386591]]]}"
00000000000000000f2a,7477,0,0,0,"{""type"":""Polygon"",""coordinates"":[[[-107.28458048090414,48.15976341427226],[-107.28456763574782,48.15977266258257],[-107.28454323410786,48.159826723050934],[-107.28453034434762,48.15983590017586],[-107.28451779903595,48.15985400386591],[-107.28469928853096,48.15988169143267],[-107.2847057842823,48.15987709498818],[-107.28471832953774,48.15985899126705],[-107.28473083020481,48.15984081635869],[-107.28474371994626,48.15983163920646],[-107.28475021568595,48.159827042763624],[-107.28458048090414,48.15976341427226]]]}"
00000000000000000f1c,7478,0,0,0,"{""type"":""Polygon"",""coordinates"":[[[-107.284751131486,48.159697513595916],[-107.28469857847203,48.159716416225606],[-107.28465891514541,48.15972614171222],[-107.28463268949459,48.15973558514344],[-107.28461265700585,48.1597360280668],[-107.28458048090414,48.15976341427226],[-107.28475021568595,48.159827042763624],[-107.28475787261631,48.15969740816247],[-107.284751131486,48.159697513595916]]]}"
00000000000000000f16,7479,0,0,0,"{""type"":""Polygon"",""coordinates"":[[[-107.2849331662927,48.15973854699075],[-107.28481121640286,48.15969634284376],[-107.28475787261631,48.15969740816247],[-107.28475021568595,48.159827042763624],[-107.28477589605066,48.15980425291074],[-107.28482968627253,48.15981209839717],[-107.28494010830464,48.15974286135245],[-107.2849331662927,48.15973854699075]]]}"
00000000000000000f1b,7480,0,0,0,"{""type"":""Polygon"",""coordinates"":[[[-107.28498346805463,48.159817989671204],[-107.28496771484933,48.15976467273386],[-107.28494010830464,48.15974286135245],[-107.28482968627253,48.15981209839717],[-107.2848365265358,48.15981642850607],[-107.2848379072971,48.15984768345846],[-107.28485248039365,48.15987416534234],[-107.28485952152226,48.15988291527506],[-107.28499814039473,48.159848907065914],[-107.28498346805463,48.159817989671204]]]}"
00000000000000000f26,7481,0,0,0,"{""type"":""Polygon"",""coordinates"":[[[-107.2850052261426,48.15985772817468],[-107.28499814039473,48.159848907065914],[-107.28485952152226,48.15988291527506],[-107.28486695176967,48.15990066297035],[-107.28490229122644,48.15994462623437],[-107.28485111860368,48.15999478408434],[-107.28493842162464,48.16000642695831],[-107.28496533922768,48.16001038526559],[-107.28504568058163,48.15986583990411],[-107.2850052261426,48.15985772817468]]]}"
00000000000000000f35,7482,0,0,0,"{""type"":""Polygon"",""coordinates"":[[[-107.28509927023103,48.159869265421996],[-107.28508593417867,48.15986953179804],[-107.28504568058163,48.15986583990411],[-107.28496533922768,48.16001038526559],[-107.28504580209167,48.160017697926016],[-107.28507306433251,48.1600305827924],[-107.28510052747843,48.160047887486854],[-107.28509929021634,48.16002113918206],[-107.28509870016732,48.160007721571745],[-107.28511124533713,48.15998961775655],[-107.2851046058703,48.159989707483525],[-107.28511031068699,48.159967273574374],[-107.28513481091163,48.15991764838783],[-107.28509927023103,48.159869265421996]]]}"
00000000000000002c88,7482,0,0,0,"{""type"":""Polygon"",""coordinates"":[[[-107.28513481091163,48.15991764838783],[-107.28511031068699,48.159967273574374],[-107.2851046058703,48.159989707483525],[-107.28511124533713,48.15998961775655],[-107.28513653652597,48.15995782996633],[-107.2851419958563,48.159930905053784],[-107.28513481091163,48.15991764838783]]]}"
00000000000000000f20,7483,0,0,0,"{""type"":""GeometryCollection"",""geometries"":[{""type"":""LineString"",""coordinates"":[[-107.28515240476015,48.15986372691887],[-107.28515887616078,48.15985913186843]]},{""type"":""Polygon"",""coordinates"":[[[-107.28513253720985,48.159868571744546],[-107.28510586509799,48.15986910450421],[-107.28509927023103,48.159869265421996],[-107.28513481091163,48.15991764838783],[-107.2851523689945,48.15986370888897],[-107.28513253720985,48.159868571744546]]]}]}"
00000000000000002c86,7483,0,0,0,"{""type"":""Polygon"",""coordinates"":[[[-107.28515886471934,48.159859112416044],[-107.2851523689945,48.15986370888897],[-107.28513481091163,48.15991764838783],[-107.2851419958563,48.159930905053784],[-107.28517869650122,48.15985424955597],[-107.28515886471934,48.159859112416044]]]}"
00000000000000000f36,7482,0,0,0,"{""type"":""Polygon"",""coordinates"":[[[-107.2851419958563,48.159930905053784],[-107.28513653652597,48.15995782996633],[-107.28511124533713,48.15998961775655],[-107.285151109919,48.159984311852696],[-107.2851775812384,48.15997935924933],[-107.2851419958563,48.159930905053784]]]}"
00000000000000002c89,7482,0,0,0,"{""type"":""Polygon"",""coordinates"":[[[-107.28513481091163,48.15991764838783],[-107.28511031068699,48.159967273574374],[-107.2851046058703,48.159989707483525],[-107.28511124533713,48.15998961775655],[-107.28513653652597,48.15995782996633],[-107.2851419958563,48.159930905053784],[-107.28513481091163,48.15991764838783]]]}"
00000000000000000f21,7483,0,0,0,"{""type"":""Polygon"",""coordinates"":[[[-107.28520437674672,48.159831459579685],[-107.28518474586494,48.159840742258204],[-107.28517185616542,48.1598499194702],[-107.28515886471934,48.159859112416044],[-107.28517869650122,48.15985424955597],[-107.2851419958563,48.159930905053784],[-107.2851775812384,48.15997935924933],[-107.28519741308774,48.15997449637257],[-107.28522909820957,48.15993812781945],[-107.28525542577398,48.15992866845058],[-107.28529464304648,48.15991003183716],[-107.28520437674672,48.159831459579685]]]}"
00000000000000002c87,7483,0,0,0,"{""type"":""Polygon"",""coordinates"":[[[-107.28515886471934,48.159859112416044],[-107.2851523689945,48.15986370888897],[-107.28513481091163,48.15991764838783],[-107.2851419958563,48.159930905053784],[-107.28517869650122,48.15985424955597],[-107.28515886471934,48.159859112416044]]]}"
00000000000000000f13,7484,0,0,0,"{""type"":""Polygon"",""coordinates"":[[[-107.28529496686072,48.15976708496156],[-107.2852882702571,48.1597672616259],[-107.28524320470571,48.159803825281315],[-107.28520437674672,48.159831459579685],[-107.28529464304648,48.15991003183716],[-107.2853140284796,48.15989625811133],[-107.28534640533908,48.15987329141212],[-107.28538547879378,48.159850148041286],[-107.2853918727622,48.15984556728826],[-107.28529496686072,48.15976708496156]]]}"
00000000000000000f17,7485,0,0,0,"{""type"":""Polygon"",""coordinates"":[[[-107.28541261806517,48.1597111752315],[-107.28539264258741,48.15971153139568],[-107.28532758909061,48.1597486093267],[-107.28529496686072,48.15976708496156],[-107.2853918727622,48.15984556728826],[-107.28547783940347,48.159826025885195],[-107.28551051627268,48.1598119145207],[-107.28541261806517,48.1597111752315]]]}"
00000000000000000f11,7486,0,0,0,"{""type"":""Polygon"",""coordinates"":[[[-107.28553037080334,48.15965524968759],[-107.28549036269895,48.159656048985305],[-107.28546482644089,48.159683345683],[-107.28544598675452,48.15971046571418],[-107.28541261806517,48.1597111752315],[-107.28551051627268,48.1598119145207],[-107.28554333944935,48.159797858606545],[-107.28558452819235,48.15982389438167],[-107.28564412279735,48.159813741080164],[-107.28553037080334,48.15965524968759]]]}"
00000000000000000f18,7487,0,0,0,"{""type"":""Polygon"",""coordinates"":[[[-107.28563384977915,48.15958169777105],[-107.28561609153196,48.15963121725354],[-107.28555704288192,48.15965471681296],[-107.28553037080334,48.15965524968759],[-107.28564412279735,48.159813741080164],[-107.28569052761603,48.15980390966183],[-107.28575558111716,48.15976683144576],[-107.28563384977915,48.15958169777105]]]}"
00000000000000000f1e,7488,0,0,0,"{""type"":""Polygon"",""coordinates"":[[[-107.2856858123949,48.159549377196356],[-107.28563350504938,48.159572771263065],[-107.28563384977915,48.15958169777105],[-107.28575558111716,48.15976683144576],[-107.28577521194075,48.159757548664956],[-107.28578854805063,48.15975728219223],[-107.28584075643258,48.15972945241471],[-107.28588656834074,48.15971065466744],[-107.28590585433489,48.159692445345],[-107.2856858123949,48.159549377196356]]]}"
0000000000000000125e,7489,0,0,0,"{""type"":""Polygon"",""coordinates"":[[[-107.28581237687249,48.159542453718764],[-107.2857995865734,48.1595560664815],[-107.28573177039128,48.15953063504998],[-107.2856858123949,48.159549377196356],[-107.28590585433489,48.159692445345],[-107.28593798529033,48.15966498755518],[-107.2859889109999,48.15961033849019],[-107.28599461525761,48.15958790470416],[-107.28581237687249,48.159542453718764]]]}"
00000000000000000dda,7490,0,0,0,"{""type"":""GeometryCollection"",""geometries"":[{""type"":""LineString"",""coordinates"":[[-107.28583013500793,48.15949293801627],[-107.28582351478727,48.15949306973528]]},{""type"":""Polygon"",""coordinates"":[[[-107.28599493625296,48.15944495877158],[-107.28583013484264,48.159492934290405],[-107.28583013500793,48.15949293801627],[-107.28583171744096,48.159528608800564],[-107.28581237687249,48.159542453718764],[-107.28599461525761,48.15958790470416],[-107.2860049867942,48.1595207089252],[-107.28600374884745,48.15949396091703],[-107.28600305920469,48.159476107939604],[-107.28599493625296,48.15944495877158]]]}]}"
00000000000000000f12,7491,0,0,0,"{""type"":""Polygon"",""coordinates"":[[[-107.28598789484015,48.159436209002116],[-107.28593213212432,48.15938369212937],[-107.28589782840307,48.15936205790317],[-107.28574715466435,48.159427603932585],[-107.28577441695025,48.15944048845429],[-107.28578919170228,48.15947138975514],[-107.28582353999231,48.1594930952564],[-107.28599493625296,48.15944495877158],[-107.28598789484015,48.159436209002116]]]}"
00000000000000000f09,7492,0,0,0,"{""type"":""GeometryCollection"",""geometries"":[{""type"":""LineString"",""coordinates"":[[-107.28589112872062,48.15936220083969],[-107.28589779833875,48.15936206813385]]},{""type"":""Polygon"",""coordinates"":[[[-107.28582911937507,48.159318805171054],[-107.28579511600356,48.15930602619951],[-107.28578143528483,48.15929736620699],[-107.28567751079494,48.15936200712365],[-107.28569222826388,48.159392995321745],[-107.28574715466435,48.159427603932585],[-107.28589113183033,48.159362234607414],[-107.28582911937507,48.159318805171054]]]}]}"
00000000000000000f07,7493,0,0,0,"{""type"":""Polygon"",""coordinates"":[[[-107.28574713178354,48.15927573195678],[-107.28571317308804,48.15926302415497],[-107.28567941538206,48.159254736106995],[-107.28563896116951,48.159246624733036],[-107.28560965055057,48.159336504495464],[-107.28564340828706,48.15934479258006],[-107.28567751079494,48.15936200712365],[-107.28578143528483,48.15929736620699],[-107.28574713178354,48.15927573195678]]]}"
00000000000000000f19,7494,0,0,0,"{""type"":""Polygon"",""coordinates"":[[[-107.28559186762523,48.15923860309927],[-107.28553069165747,48.15921308190053],[-107.28550401990387,48.15921361475513],[-107.28548164852631,48.15931225995007],[-107.28552165625626,48.1593114606707],[-107.28555541391778,48.15931974878422],[-107.28556919629764,48.15932839308053],[-107.28560965055057,48.159336504495464],[-107.28563896116951,48.159246624733036],[-107.28559186762523,48.15923860309927]]]}"
00000000000000000f08,7495,0,0,0,"{""type"":""Polygon"",""coordinates"":[[[-107.28543080038332,48.159219472099664],[-107.28542991008764,48.15919719944373],[-107.2853964972877,48.1591978377458],[-107.28532756781131,48.15929751422859],[-107.28536836653846,48.159314552210795],[-107.285435246945,48.15931763991984],[-107.28548164852631,48.15931225995007],[-107.28550401990387,48.15921361475513],[-107.28543080038332,48.159219472099664]]]}"
00000000000000000f14,7496,0,0,0,"{""type"":""Polygon"",""coordinates"":[[[-107.28536312907697,48.15919854722687],[-107.28536174783407,48.15916729267928],[-107.2852097955066,48.15920156729772],[-107.28521137751501,48.159237241635815],[-107.28525960644528,48.159272027102226],[-107.2853071461795,48.159288959636996],[-107.28532756781131,48.15929751422859],[-107.2853964972877,48.1591978377458],[-107.28536312907697,48.15919854722687]]]}"
00000000000000000f06,7497,0,0,0,"{""type"":""Polygon"",""coordinates"":[[[-107.28534510395153,48.159091703859964],[-107.28519201374174,48.159103666048715],[-107.28520009132521,48.1591347439121],[-107.28519566868071,48.1591839965197],[-107.2852097955066,48.15920156729772],[-107.28536174783407,48.15916729267928],[-107.28534510395153,48.159091703859964]]]}"
00000000000000000f0b,7498,0,0,0,"{""type"":""Polygon"",""coordinates"":[[[-107.28532423601808,48.159074238610366],[-107.28530813781065,48.159011996074256],[-107.28528731452158,48.15899460203203],[-107.28513590848016,48.159042222569646],[-107.2851500797986,48.15905986450218],[-107.28519132448301,48.159085813187936],[-107.28519201374174,48.159103666048715],[-107.28534510395153,48.159091703859964],[-107.28532423601808,48.159074238610366]]]}"
00000000000000000f0e,7499,0,0,0,"{""type"":""Polygon"",""coordinates"":[[[-107.28522530375925,48.15895117246555],[-107.28521103326929,48.1589290951081],[-107.2851767306364,48.15890746078316],[-107.28508723366356,48.158998526498806],[-107.28509476564464,48.15901625814526],[-107.28513570759068,48.15903780282101],[-107.28513590848016,48.159042222569646],[-107.28528731452158,48.15899460203203],[-107.28522530375925,48.15895117246555]]]}"
00000000000000000f0a,7500,0,0,0,"{""type"":""Polygon"",""coordinates"":[[[-107.28516998961918,48.15890756624158],[-107.28516964499221,48.15889863984352],[-107.28512076939934,48.15885052417304],[-107.28512499116448,48.15879685215188],[-107.28508543050502,48.15880656188804],[-107.28498501526137,48.15895147610024],[-107.28507310698225,48.15898095576679],[-107.28508723366356,48.158998526498806],[-107.2851767306364,48.15890746078316],[-107.28516998961918,48.15890756624158]]]}"
00000000000000000f0d,7501,0,0,0,"{""type"":""Polygon"",""coordinates"":[[[-107.28497165964295,48.15879987176723],[-107.28496516410709,48.158804468130285],[-107.28486282229828,48.15890478165998],[-107.2848765025275,48.15891344173134],[-107.28493029156152,48.15892128705889],[-107.28496459396848,48.15894292148332],[-107.28498501526137,48.15895147610024],[-107.28508543050502,48.15880656188804],[-107.28497165964295,48.15879987176723]]]}"
00000000000000000f1a,7502,0,0,0,"{""type"":""Polygon"",""coordinates"":[[[-107.28482472216365,48.1587983105117],[-107.28481449265541,48.15887001194371],[-107.28486282229828,48.15890478165998],[-107.28496516410709,48.158804468130285],[-107.28482472216365,48.1587983105117]]]}"
00000000000000000f03,7503,0,0,0,"{""type"":""Polygon"",""coordinates"":[[[-107.28488056137247,48.15870339257913],[-107.28486806119726,48.1587215671022],[-107.28486885204798,48.15873940411246],[-107.28482998058998,48.158766966483185],[-107.28482472216365,48.1587983105117],[-107.28496516410709,48.158804468130285],[-107.28497165964295,48.15879987176723],[-107.28488056137247,48.15870339257913]]]}"
00000000000000000efc,7504,0,0,0,"{""type"":""Polygon"",""coordinates"":[[[-107.28492331017294,48.15861323203102],[-107.28491011830003,48.15861800500184],[-107.28493861667577,48.15865763719429],[-107.28489310611256,48.158685289251466],[-107.28488056137247,48.15870339257913],[-107.28497165964295,48.15879987176723],[-107.28508543050502,48.15880656188804],[-107.28512499116448,48.15879685215188],[-107.28512346637771,48.15876109118511],[-107.28492331017294,48.15861323203102]]]}"
00000000000000000f0c,7505,0,0,0,"{""type"":""Polygon"",""coordinates"":[[[-107.2849231093063,48.158608812317354],[-107.28492331017294,48.15861323203102],[-107.28512346637771,48.15876109118511],[-107.28512188442856,48.158725417166444],[-107.28512064709709,48.15869866953499],[-107.28512030247894,48.158689743171905],[-107.28511926603719,48.158667415275765],[-107.28513122059049,48.15863589467196],[-107.28514317512237,48.15860437408606],[-107.2849231093063,48.158608812317354]]]}"
00000000000000000efe,7506,0,0,0,"{""type"":""Polygon"",""coordinates"":[[[-107.28519118135112,48.15848286973642],[-107.28511855357661,48.158502143941384],[-107.28512687648148,48.15853771235632],[-107.28510020532795,48.158538245076635],[-107.28508548871504,48.15850725726871],[-107.28492694213482,48.15854614301482],[-107.28492911392024,48.158595234169],[-107.28492960480764,48.15860421597508],[-107.2849231093063,48.158608812317354],[-107.28514317512237,48.15860437408606],[-107.28514297422903,48.158599954374274],[-107.28518194456356,48.158576827414],[-107.285198812474,48.15850503663829],[-107.28519118135112,48.15848286973642]]]}"
00000000000000000efb,7507,0,0,0,"{""type"":""MultiPolygon"",""coordinates"":[[[[-107.28517705477519,48.15846529918897],[-107.28516174800235,48.158420894232684],[-107.28514692962666,48.158389922237156],[-107.28510087395323,48.15840422823146],[-107.28510875047006,48.158430885996694],[-107.28510353691554,48.15846230102315],[-107.28511855357661,48.158502143941384],[-107.28519118135112,48.15848286973642],[-107.28517705477519,48.15846529918897]]],[[[-107.28507150592154,48.1584941933224],[-107.28502987281392,48.15845924734245],[-107.28502189721463,48.158428154123705],[-107.28490985305741,48.15846164438961],[-107.28491009849951,48.15846613528116],[-107.28493323675586,48.15853712697048],[-107.28492694213482,48.15854614301482],[-107.28508548871504,48.15850725726871],[-107.28507150592154,48.1584941933224]]]]}"
00000000000000000f04,7508,0,0,0,"{""type"":""MultiPolygon"",""coordinates"":[[[[-107.28511892207541,48.15835927207291],[-107.28509632900034,48.158301626658016],[-107.28502394707434,48.158325391593856],[-107.28503807350738,48.158342962120805],[-107.2850865465723,48.15838223800105],[-107.28510087395323,48.15840422823146],[-107.28514692962666,48.158389922237156],[-107.28511892207541,48.15835927207291]]],[[[-107.28501381988903,48.15839707665553],[-107.28499885795243,48.158361598031576],[-107.28499831248129,48.15834825203316],[-107.2849977224339,48.15833483484816],[-107.2848725885305,48.1583730822271],[-107.28487997398162,48.15839075822836],[-107.28490871760842,48.15843488115257],[-107.28490985305741,48.15846164438961],[-107.28502189721463,48.158428154123705],[-107.28501381988903,48.15839707665553]]]]}"
00000000000000000eff,7509,0,0,0,"{""type"":""Polygon"",""coordinates"":[[[-107.28522921635368,48.158138183720055],[-107.28520963098663,48.15814753727117],[-107.28518990187239,48.158152384223236],[-107.28503898773982,48.15821343663826],[-107.28496055689358,48.15825070835279],[-107.28495351600289,48.158241958692486],[-107.28480250238523,48.15829857542776],[-107.28482346867317,48.15832047597562],[-107.28485787219599,48.15834209447434],[-107.2848725885305,48.1583730822271],[-107.2849977224339,48.15833483484816],[-107.28498998973518,48.15831268373093],[-107.28501026699055,48.15831673163646],[-107.28502394707434,48.158325391593856],[-107.28509632900034,48.158301626658016],[-107.28508948894755,48.158297296686776],[-107.28507570711072,48.158288652476955],[-107.28509257501837,48.15821686211261],[-107.28513883134671,48.15820697585768],[-107.2851649567376,48.1581930971792],[-107.28521805311055,48.15818754084723],[-107.28530933081997,48.158136569726615],[-107.2853823026076,48.158126221791505],[-107.28539484695007,48.158108118606634],[-107.28543288177357,48.15806264841042],[-107.28522921635368,48.158138183720055]]]}"
00000000000000000f05,7510,0,0,0,"{""type"":""MultiPolygon"",""coordinates"":[[[[-107.28512377017097,48.15816706197457],[-107.28511102481933,48.15818074547048],[-107.28509744390531,48.15817652095812],[-107.28503898773982,48.15821343663826],[-107.28518990187239,48.158152384223236],[-107.28512377017097,48.15816706197457]]],[[[-107.28543050833741,48.15800913812144],[-107.28537716662521,48.15801020369764],[-107.28534066943976,48.15809127619197],[-107.28532063768898,48.158091719230576],[-107.28522921635368,48.158138183720055],[-107.28543288177357,48.15806264841042],[-107.28544542607388,48.15804454524186],[-107.28543050833741,48.15800913812144]]],[[[-107.28492566506438,48.158215657040174],[-107.28486345531851,48.15816780815745],[-107.28485671445836,48.158167913588386],[-107.28468710735308,48.15825614007811],[-107.28476761072642,48.1582635240215],[-107.28480250238523,48.15829857542776],[-107.28495351600289,48.158241958692486],[-107.28492566506438,48.158215657040174]]]]}"
00000000000000000ef6,7511,0,0,0,"{""type"":""Polygon"",""coordinates"":[[[-107.28483599365461,48.15815050397497],[-107.2848084874484,48.15813312859969],[-107.28468802277146,48.158126614782255],[-107.28466707565177,48.158256582980414],[-107.28468710735308,48.15825614007811],[-107.28485671445836,48.158167913588386],[-107.28483599365461,48.15815050397497]]]}"
00000000000000000f01,7512,0,0,0,"{""type"":""Polygon"",""coordinates"":[[[-107.28468118282755,48.158122284793535],[-107.28459388450194,48.158110641982745],[-107.2845212576496,48.158129915576104],[-107.28460689406495,48.15825331813074],[-107.28466707565177,48.158256582980414],[-107.28468802277146,48.158126614782255],[-107.28468118282755,48.158122284793535]]]}"
00000000000000000ef9,7513,0,0,0,"{""type"":""GeometryCollection"",""geometries"":[{""type"":""LineString"",""coordinates"":[[-107.2845282511282,48.15828612623329],[-107.28452844934849,48.158290588622926]]},{""type"":""Polygon"",""coordinates"":[[[-107.2845212576496,48.158129915576104],[-107.28440420135719,48.15819923956291],[-107.28452821768006,48.1582860986452],[-107.28458101398662,48.15827168755225],[-107.28460025494483,48.158253407811074],[-107.28460689406495,48.15825331813074],[-107.2845212576496,48.158129915576104]]]}]}"
00000000000000000f02,7514,0,0,0,"{""type"":""Polygon"",""coordinates"":[[[-107.28440420135719,48.15819923956291],[-107.28438540655829,48.15822642980422],[-107.28434599029192,48.15824064571912],[-107.28435347716616,48.15825830599201],[-107.28430013570697,48.15825937096817],[-107.28447203406286,48.15837208930413],[-107.284478673195,48.15837199963216],[-107.28451705352917,48.158335455852416],[-107.28452846307604,48.15829058952394],[-107.28440420135719,48.15819923956291]]]}"
00000000000000000f0f,7515,0,0,0,"{""type"":""Polygon"",""coordinates"":[[[-107.28430013570697,48.15825937096817],[-107.28427326419784,48.15825548375754],[-107.28426632257502,48.158251169459504],[-107.28421260924226,48.15839510604745],[-107.28431314409333,48.15840204758857],[-107.2843401593578,48.15841044141829],[-107.28438725094249,48.158418463589946],[-107.28441436799493,48.158426841667605],[-107.28443350735007,48.158408577635164],[-107.28445313746167,48.15839929538215],[-107.28447203406286,48.15837208930413],[-107.28430013570697,48.15825937096817]]]}"
00000000000000000f1f,7516,0,0,0,"{""type"":""Polygon"",""coordinates"":[[[-107.2842518076713,48.15822460135365],[-107.2840419932024,48.15830920581162],[-107.28408358019426,48.15834408096929],[-107.28411138578775,48.15837031175919],[-107.28416521800047,48.158378228660574],[-107.2841926793036,48.158395533118934],[-107.28421260924226,48.15839510604745],[-107.28426632257502,48.158251169459504],[-107.2842518076713,48.15822460135365]]]}"
00000000000000000f2f,7517,0,0,0,"{""type"":""Polygon"",""coordinates"":[[[-107.28423792713377,48.1582115216105],[-107.28420293456419,48.15817648576816],[-107.28402328087967,48.15818896246175],[-107.28402137191979,48.15829623138672],[-107.2840419932024,48.15830920581162],[-107.2842518076713,48.15822460135365],[-107.28423792713377,48.1582115216105]]]}"
00000000000000000edf,7518,0,0,0,"{""type"":""GeometryCollection"",""geometries"":[{""type"":""LineString"",""coordinates"":[[-107.28419629332952,48.15817660220459],[-107.28420296280184,48.158176469599525]]},{""type"":""Polygon"",""coordinates"":[[[-107.28405815499842,48.15807214544645],[-107.2840467896117,48.15811708273365],[-107.28402760574045,48.158135275396255],[-107.28402328087967,48.15818896246175],[-107.28419629548682,48.15817657541933],[-107.28422729070249,48.15812235591282],[-107.28405815499842,48.15807214544645]]]}]}"
00000000000000000efa,7519,0,0,0,"{""type"":""Polygon"",""coordinates"":[[[-107.28411458413504,48.157990646370436],[-107.28410248551036,48.15801765988303],[-107.28405770889376,48.15806323491139],[-107.28405815499842,48.15807214544645],[-107.28422729070249,48.15812235591282],[-107.28422708991681,48.158117936236806],[-107.28425660295174,48.158032478602316],[-107.28411458413504,48.157990646370436]]]}"
00000000000000000ef1,7520,0,0,0,"{""type"":""Polygon"",""coordinates"":[[[-107.28416437401422,48.15790923704039],[-107.2841455792587,48.15793642708398],[-107.28412048982909,48.15797263303258],[-107.28411458413504,48.157990646370436],[-107.28425660295174,48.158032478602316],[-107.28428055732431,48.157969509558974],[-107.28429350357769,48.15796024588754],[-107.28430619186798,48.15794664947696],[-107.28416437401422,48.15790923704039]]]}"
00000000000000000ef7,7521,0,0,0,"{""type"":""Polygon"",""coordinates"":[[[-107.28420121747259,48.157837091452],[-107.28418365945554,48.1578910287006],[-107.28417066864286,48.157900221154854],[-107.28416437401422,48.15790923704039],[-107.28430619186798,48.15794664947696],[-107.28433738753586,48.15789684983689],[-107.28434894072828,48.157856490478096],[-107.28420121747259,48.157837091452]]]}"
00000000000000000ef3,7522,0,0,0,"{""type"":""Polygon"",""coordinates"":[[[-107.28421749683655,48.157751884777134],[-107.28422616311514,48.15779637900875],[-107.28420712309834,48.15781907816304],[-107.28420121747259,48.157837091452],[-107.28434894072828,48.157856490478096],[-107.28436109630427,48.15782939010051],[-107.28438643083732,48.15779767503195],[-107.28438480498033,48.15776193044698],[-107.28421749683655,48.157751884777134]]]}"
00000000000000000ef8,7523,0,0,0,"{""type"":""Polygon"",""coordinates"":[[[-107.28423996894328,48.15765767812462],[-107.28422058459738,48.15767145102076],[-107.28421690706344,48.157738467732244],[-107.28421749683655,48.157751884777134],[-107.28438480498033,48.15776193044698],[-107.28438789238804,48.15768149667884],[-107.28439438774289,48.157676900457425],[-107.28423996894328,48.15765767812462]]]}"
00000000000000000ef2,7524,0,0,0,"{""type"":""Polygon"",""coordinates"":[[[-107.28428291832445,48.157571939286164],[-107.28427627934943,48.15757202893924],[-107.28426412382657,48.15759912917237],[-107.28424646430123,48.15765308191521],[-107.28423996894328,48.15765767812462],[-107.28439438774289,48.157676900457425],[-107.28441888690374,48.15762727763766],[-107.28444442206393,48.15759998231126],[-107.28444417667434,48.15759549149101],[-107.28428291832445,48.157571939286164]]]}"
00000000000000000eed,7525,0,0,0,"{""type"":""Polygon"",""coordinates"":[[[-107.28405709446245,48.15744687003156],[-107.28419935646876,48.15749319278439],[-107.28429349261746,48.15750916583754],[-107.28428291832445,48.157571939286164],[-107.28444417667434,48.15759549149101],[-107.28445410369918,48.15751938793883],[-107.28452727462447,48.15751346044135],[-107.28405709446245,48.15744687003156]]]}"
00000000000000000ed6,7526,0,0,0,"{""type"":""Polygon"",""coordinates"":[[[-107.28387791642884,48.157320912378886],[-107.28391305143387,48.15736045433457],[-107.28402338393082,48.157438652810015],[-107.28405709446245,48.15744687003156],[-107.28452727462447,48.15751346044135],[-107.28462691501863,48.157502580717],[-107.28477871609195,48.15746380177867],[-107.28387791642884,48.157320912378886]]]}"
00000000000000000ed2,7527,0,0,0,"{""type"":""Polygon"",""coordinates"":[[[-107.2846604058789,48.157354511572834],[-107.28405525132311,48.157254839749],[-107.2839083660594,48.157253348131334],[-107.28386403638558,48.15730783279344],[-107.28387791642884,48.157320912378886],[-107.28477871609195,48.15746380177867],[-107.28479195211234,48.15745910013021],[-107.28485050622977,48.157426620505944],[-107.2846604058789,48.157354511572834]]]}"
00000000000000000ed1,7528,0,0,0,"{""type"":""Polygon"",""coordinates"":[[[-107.28447424159499,48.15721971888471],[-107.28405525132311,48.157254839749],[-107.2846604058789,48.157354511572834],[-107.28447424159499,48.15721971888471]]]}"
00000000000000000ece,7529,0,0,0,"{""type"":""Polygon"",""coordinates"":[[[-107.28472661547465,48.157192403694374],[-107.28459758898448,48.157141380407154],[-107.28453750834177,48.157142550860364],[-107.28447424159499,48.15721971888471],[-107.2846604058789,48.157354511572834],[-107.28485050622977,48.157426620505944],[-107.28494172493305,48.15737573743933],[-107.28472661547465,48.157192403694374]]]}"
00000000000000000ed4,7530,0,0,0,"{""type"":""Polygon"",""coordinates"":[[[-107.28449671265545,48.15712551315013],[-107.28395711934047,48.15714961278594],[-107.28394437411292,48.15716329585953],[-107.2839083660594,48.157253348131334],[-107.28405525132311,48.157254839749],[-107.28447424159499,48.15721971888471],[-107.28453750834177,48.157142550860364],[-107.28449671265545,48.15712551315013]]]}"
00000000000000000ede,7531,0,0,0,"{""type"":""Polygon"",""coordinates"":[[[-107.28442636577934,48.1568946517626],[-107.28437302623932,48.15689571670303],[-107.28426029819884,48.156911352970255],[-107.28416833447655,48.156944469682884],[-107.28408980459527,48.156981755451405],[-107.2840382914499,48.15702298385931],[-107.28398082808232,48.15708215410091],[-107.28395711934047,48.15714961278594],[-107.28449671265545,48.15712551315013],[-107.28442636577934,48.1568946517626]]]}"
00000000000000000ecf,7532,0,0,0,"{""type"":""Polygon"",""coordinates"":[[[-107.28449933461953,48.15688430481757],[-107.28442636577934,48.1568946517626],[-107.28449671265545,48.15712551315013],[-107.28453750834177,48.157142550860364],[-107.28459758898448,48.157141380407154],[-107.28462629020122,48.15688622266302],[-107.28449933461953,48.15688430481757]]]}"
00000000000000000ecd,7533,0,1,0,"{""type"":""Polygon"",""coordinates"":[[[-107.28469479185091,48.15692505485171],[-107.28463962511606,48.15688595639479],[-107.28462629020122,48.15688622266302],[-107.28459758898448,48.157141380407154],[-107.28472661547465,48.157192403694374],[-107.28474484435021,48.157000002744766],[-107.28469479185091,48.15692505485171]]]}"
00000000000000000ef0,7534,0,0,0,"{""type"":""Polygon"",""coordinates"":[[[-107.28492871399756,48.15723306374793],[-107.28490809275947,48.15722008977744],[-107.28487374731894,48.15719838481258],[-107.28491842045894,48.157152825928364],[-107.28497087058429,48.157129488871064],[-107.2849836155674,48.157115805676135],[-107.28474484435021,48.157000002744766],[-107.28472661547465,48.157192403694374],[-107.28494172493305,48.15737573743933],[-107.28503127238098,48.15728903891423],[-107.28504292638758,48.15724866422803],[-107.28492871399756,48.15723306374793]]]}"
00000000000000000f15,7535,0,0,0,"{""type"":""Polygon"",""coordinates"":[[[-107.28469479185091,48.15692505485171],[-107.28474484435021,48.157000002744766],[-107.2849836155674,48.157115805676135],[-107.28501475259353,48.157066093559706],[-107.285031820701,48.15699872446679],[-107.28469479185091,48.15692505485171]]]}"
00000000000000000efd,7536,0,0,0,"{""type"":""Polygon"",""coordinates"":[[[-107.28468508882493,48.156858234271816],[-107.28465900895807,48.15687218363213],[-107.28463962511606,48.15688595639479],[-107.28469479185091,48.15692505485171],[-107.285031820701,48.15699872446679],[-107.28503811500345,48.15698970868843],[-107.28505394566795,48.15689559297486],[-107.28468508882493,48.156858234271816]]]}"
00000000000000000f00,7537,0,0,0,"{""type"":""Polygon"",""coordinates"":[[[-107.28503547556996,48.15677984387752],[-107.2847372930951,48.15683040673006],[-107.28471121325322,48.156844356096556],[-107.28468508882493,48.156858234271816],[-107.28505394566795,48.15689559297486],[-107.28505370019897,48.15689110221822],[-107.28505256457643,48.15686433978503],[-107.28505654044694,48.15680617905147],[-107.28503547556996,48.15677984387752]]]}"
00000000000000000ec1,7538,0,0,0,"{""type"":""Polygon"",""coordinates"":[[[-107.28502065783402,48.15674887281093],[-107.28501986685336,48.15673103647908],[-107.28500614274513,48.15672230558137],[-107.2849572700249,48.15667419174215],[-107.28494368968444,48.156669967314265],[-107.2847372930951,48.15683040673006],[-107.28503547556996,48.15677984387752],[-107.28503523010258,48.156775353130655],[-107.28502065783402,48.15674887281093]]]}"
00000000000000000ec4,7539,0,0,0,"{""type"":""Polygon"",""coordinates"":[[[-107.2849099793096,48.156661750521366],[-107.28484797286062,48.15661832252448],[-107.28478115493321,48.1566151475093],[-107.28471121325322,48.156844356096556],[-107.2847372930951,48.15683040673006],[-107.28494368968444,48.156669967314265],[-107.2849099793096,48.156661750521366]]]}"
00000000000000000ec7,7540,0,0,0,"{""type"":""Polygon"",""coordinates"":[[[-107.28465420004804,48.15661322986092],[-107.28463357929058,48.15660025597188],[-107.28461301571072,48.15658719516121],[-107.28459923465114,48.156578551143795],[-107.28465900895807,48.15687218363213],[-107.28468508882493,48.156858234271816],[-107.28471121325322,48.156844356096556],[-107.28478115493321,48.1566151475093],[-107.28465420004804,48.15661322986092]]]}"
00000000000000000ec2,7541,0,0,0,"{""type"":""Polygon"",""coordinates"":[[[-107.28459923465114,48.156578551143795],[-107.28448709729264,48.156607604311404],[-107.28449933461953,48.15688430481757],[-107.28462629020122,48.15688622266302],[-107.28463962511606,48.15688595639479],[-107.28465900895807,48.15687218363213],[-107.28459923465114,48.156578551143795]]]}"
00000000000000000ec9,7542,0,0,0,"{""type"":""Polygon"",""coordinates"":[[[-107.2844803567431,48.15660770970492],[-107.28434759874645,48.15662378879038],[-107.28437302623932,48.15689571670303],[-107.28442636577934,48.1568946517626],[-107.28449933461953,48.15688430481757],[-107.28448709729264,48.156607604311404],[-107.2844803567431,48.15660770970492]]]}"
00000000000000000eca,7543,0,0,0,"{""type"":""Polygon"",""coordinates"":[[[-107.28434759874645,48.15662378879038],[-107.28431443402854,48.15662891735397],[-107.2842482063342,48.156639158716345],[-107.28420830108904,48.15664439262098],[-107.28426029819884,48.156911352970255],[-107.28437302623932,48.15689571670303],[-107.28434759874645,48.15662378879038]]]}"
00000000000000000ecb,7544,0,0,0,"{""type"":""Polygon"",""coordinates"":[[[-107.28420830108904,48.15664439262098],[-107.28416854215502,48.15664968196594],[-107.28414221704152,48.15665914038581],[-107.28412888227878,48.15665940657992],[-107.28406924884158,48.15666948699883],[-107.28416833447655,48.156944469682884],[-107.28426029819884,48.156911352970255],[-107.28420830108904,48.15664439262098]]]}"
00000000000000000ed0,7545,0,0,0,"{""type"":""Polygon"",""coordinates"":[[[-107.28406924884158,48.15666948699883],[-107.28398412532981,48.15670693329181],[-107.28393772759875,48.156712312173845],[-107.28408980459527,48.156981755451405],[-107.28416833447655,48.156944469682884],[-107.28413821262833,48.15686909450639],[-107.28406924884158,48.15666948699883]],[[-107.28413821262833,48.15686909450639],[-107.2841040564277,48.15685196706241],[-107.28409215903008,48.15688339955103],[-107.28413821262833,48.15686909450639]]]}"
00000000000000000eda,7546,0,0,0,"{""type"":""Polygon"",""coordinates"":[[[-107.28393772759875,48.156712312173845],[-107.28390456289601,48.15671744060403],[-107.28387823774331,48.156726898964635],[-107.2838520143169,48.15673634158856],[-107.28381269873245,48.15675499213449],[-107.2840382914499,48.15702298385931],[-107.28408980459527,48.156981755451405],[-107.28393772759875,48.156712312173845]]]}"
00000000000000000ed3,7547,0,0,0,"{""type"":""Polygon"",""coordinates"":[[[-107.28381269873245,48.15675499213449],[-107.28378022538553,48.1567735215966],[-107.28374726140065,48.156783069544694],[-107.28370725715232,48.156783867957685],[-107.28368073123013,48.15678890671002],[-107.28391882271193,48.157038725129766],[-107.28398082808232,48.15708215410091],[-107.2840382914499,48.15702298385931],[-107.28381269873245,48.15675499213449]]]}"
00000000000000000edc,7548,0,0,0,"{""type"":""Polygon"",""coordinates"":[[[-107.28368073123013,48.15678890671002],[-107.2836475665178,48.15679403505908],[-107.28358758877779,48.156795189149044],[-107.28358872333017,48.156821951591596],[-107.28355034419701,48.15685849391986],[-107.2837414732552,48.156952931744314],[-107.28375411671574,48.15693926448446],[-107.2837806873309,48.15693429688314],[-107.28377557207735,48.15697014627581],[-107.28391882271193,48.157038725129766],[-107.28368073123013,48.15678890671002]]]}"
00000000000000000ed5,7549,0,0,0,"{""type"":""MultiPolygon"",""coordinates"":[[[[-107.28391882271193,48.157038725129766],[-107.28377557207735,48.15697014627581],[-107.28375712197602,48.15700626183897],[-107.28376018439607,48.15707317235833],[-107.28394437411292,48.15716329585953],[-107.28395711934047,48.15714961278594],[-107.28398082808232,48.15708215410091],[-107.28391882271193,48.157038725129766]]],[[[-107.28355034419701,48.15685849391986],[-107.28353105916959,48.15687670176505],[-107.28349779543913,48.15687739476559],[-107.28346497493126,48.15689144913337],[-107.28343270210875,48.156914398108775],[-107.28364414881847,48.15701740663555],[-107.28367706843419,48.15700778748638],[-107.28372907235908,48.156975540821605],[-107.2837414732552,48.156952931744314],[-107.28355034419701,48.15685849391986]]]]}"
00000000000000000ecc,7550,0,0,0,"{""type"":""MultiPolygon"",""coordinates"":[[[[-107.28376018439607,48.15707317235833],[-107.28375561413586,48.15712236754812],[-107.28381512050323,48.15725964661292],[-107.28386403638558,48.15730783279344],[-107.2839083660594,48.157253348131334],[-107.28394437411292,48.15716329585953],[-107.28376018439607,48.15707317235833]]],[[[-107.28343270210875,48.156914398108775],[-107.28339284138396,48.15691970289186],[-107.28340716701712,48.156941692809056],[-107.2834009170141,48.156950779668065],[-107.28348766616517,48.156949077749125],[-107.28346872531071,48.15697621170151],[-107.2834095821481,48.15699527332595],[-107.28353393529717,48.15709105800289],[-107.28354063129449,48.15709088148533],[-107.28358534983118,48.157045394482736],[-107.28361142991609,48.15703144536282],[-107.28362417516857,48.15701776236706],[-107.28364414881847,48.15701740663555],[-107.28343270210875,48.156914398108775]]]]}"
00000000000000000ef4,7551,0,0,0,"{""type"":""Polygon"",""coordinates"":[[[-107.2834095821481,48.15699527332595],[-107.28333675719601,48.15701012596195],[-107.2833701368413,48.157161282949325],[-107.28341629243397,48.15714696243811],[-107.28344901144483,48.157132923743845],[-107.28349531055355,48.15712310971909],[-107.28350830114388,48.157113917497476],[-107.28353393529717,48.15709105800289],[-107.2834095821481,48.15699527332595]]]}"
00000000000000000edd,7552,0,0,0,"{""type"":""Polygon"",""coordinates"":[[[-107.28333675719601,48.15701012596195],[-107.28329660935894,48.15700641770172],[-107.28327008334098,48.15701145636426],[-107.28324946317896,48.15699848206464],[-107.28318870867454,48.1571336650627],[-107.28319564989337,48.15713797935742],[-107.28324933329903,48.15714584119233],[-107.28327679304336,48.15716314554758],[-107.28333721711911,48.157170902023935],[-107.2833701368413,48.157161282949325],[-107.28333675719601,48.15701012596195]]]}"
00000000000000000ee0,7553,0,0,0,"{""type"":""Polygon"",""coordinates"":[[[-107.28320886949163,48.15698586340546],[-107.28318195476074,48.156981904759874],[-107.28312212051215,48.156987565069215],[-107.2830539814067,48.15710507222127],[-107.28312110116418,48.15711265234901],[-107.28318870867454,48.1571336650627],[-107.28324946317896,48.15699848206464],[-107.28320886949163,48.15698586340546]]]}"
00000000000000000f1d,7554,0,0,0,"{""type"":""Polygon"",""coordinates"":[[[-107.28310878577611,48.15698783112254],[-107.28305451334693,48.15696655235811],[-107.28302739804441,48.156958174084025],[-107.28300677805068,48.1569451997411],[-107.28292564813066,48.15707189885802],[-107.2830202272068,48.15709678348841],[-107.28303390610306,48.15710544355909],[-107.2830539814067,48.15710507222127],[-107.28312212051215,48.156987565069215],[-107.28310878577611,48.15698783112254]]]}"
00000000000000000f32,7555,0,0,0,"{""type"":""Polygon"",""coordinates"":[[[-107.28298640328894,48.15693671616839],[-107.28294556466717,48.1569196066347],[-107.28289202529956,48.15691625115026],[-107.28279033241635,48.15702988877391],[-107.28280401120091,48.157038548869195],[-107.28285813997122,48.15705532129581],[-107.2829054739722,48.15706783484263],[-107.28292564813066,48.15707189885802],[-107.28300677805068,48.1569451997411],[-107.28298640328894,48.15693671616839]]]}"
00000000000000000ee9,7556,0,0,0,"{""type"":""Polygon"",""coordinates"":[[[-107.2828250078431,48.15690865514585],[-107.28281118279378,48.15689993961502],[-107.2827703889406,48.15688290120286],[-107.28265516064769,48.15699238502835],[-107.28266863876263,48.15699662554858],[-107.28272911919652,48.15700429548416],[-107.2827901317973,48.15702546918231],[-107.28289202529956,48.15691625115026],[-107.2828250078431,48.15690865514585]]]}"
00000000000000000eea,7557,0,0,0,"{""type"":""Polygon"",""coordinates"":[[[-107.28275685367605,48.15687874762513],[-107.28273412207254,48.1568165966555],[-107.28268033782167,48.156808750289095],[-107.2825462128862,48.15694543880523],[-107.28255315394772,48.156949753134995],[-107.28258075644992,48.156971564149366],[-107.28264138020441,48.15698374064766],[-107.28265516064769,48.15699238502835],[-107.2827703889406,48.15688290120286],[-107.28275685367605,48.15687874762513]]]}"
00000000000000000eeb,7558,0,0,0,"{""type"":""Polygon"",""coordinates"":[[[-107.2826330489054,48.15679630786884],[-107.28258561661204,48.15677935893568],[-107.2825647963735,48.1567619649624],[-107.28254482309174,48.15676232045819],[-107.28245149158745,48.15691604724544],[-107.2825462128862,48.15694543880523],[-107.28268033782167,48.156808750289095],[-107.2826330489054,48.15679630786884]]]}"
00000000000000000ef5,7559,0,0,0,"{""type"":""Polygon"",""coordinates"":[[[-107.28244419611275,48.15675094181005],[-107.28243691111346,48.15673770142943],[-107.28228965191146,48.156879074943724],[-107.28231686559937,48.156891888737164],[-107.28236395379268,48.15689991175647],[-107.28241773791648,48.15690775831699],[-107.2824447511295,48.15691615249426],[-107.28245149158745,48.15691604724544],[-107.28254482309174,48.15676232045819],[-107.28244419611275,48.15675094181005]]]}"
00000000000000000eee,7560,0,0,0,"{""type"":""Polygon"",""coordinates"":[[[-107.28242313084287,48.15672905705482],[-107.28242239829366,48.15671113375716],[-107.28236098551173,48.15668112079714],[-107.28232053626624,48.15667300829458],[-107.28222218942481,48.15686256815622],[-107.28224905911166,48.156866455884625],[-107.28228965191146,48.156879074943724],[-107.28243691111346,48.15673770142943],[-107.28242313084287,48.15672905705482]]]}"
00000000000000000f62,7561,1,0,0,"{""type"":""Polygon"",""coordinates"":[[[-107.28228018878741,48.15666488004572],[-107.28214069250427,48.1566810612768],[-107.28213419722103,48.15668565725699],[-107.28221544899321,48.15686267338816],[-107.28222218942481,48.15686256815622],[-107.28232053626624,48.15667300829458],[-107.28228018878741,48.15666488004572]]]}"
00000000000000000ee7,7562,0,0,0,"{""type"":""Polygon"",""coordinates"":[[[-107.28213419722103,48.15668565725699],[-107.28211481309508,48.156699429468105],[-107.28211436744853,48.15669051914455],[-107.28197768534683,48.15676911965437],[-107.2820053889417,48.15679091504632],[-107.28203914226174,48.15679920411034],[-107.28215468248042,48.15684599013418],[-107.28220197104524,48.15685843281081],[-107.28221544899321,48.15686267338816],[-107.28213419722103,48.15668565725699]]]}"
00000000000000000f6d,7563,0,0,0,"{""type"":""Polygon"",""coordinates"":[[[-107.28209906537057,48.156646115076455],[-107.28209827581453,48.156628278719204],[-107.28208459744343,48.156619618580265],[-107.28207081734998,48.156610974169936],[-107.2819072660991,48.15668568668189],[-107.28190746661355,48.15669010624949],[-107.28193654852167,48.156743154843745],[-107.28197768534683,48.15676911965437],[-107.28211436744853,48.15669051914455],[-107.28209906537057,48.156646115076455]]]}"
00000000000000000f67,7564,0,0,0,"{""type"":""Polygon"",""coordinates"":[[[-107.28206397817166,48.15660664409982],[-107.28188821754225,48.156556520395],[-107.28186932065533,48.15658372503401],[-107.28188684740785,48.15667713171195],[-107.2819072660991,48.15668568668189],[-107.28207081734998,48.156610974169936],[-107.28206397817166,48.15660664409982]]]}"
00000000000000000f68,7565,0,0,0,"{""type"":""Polygon"",""coordinates"":[[[-107.28197151672374,48.1564789127078],[-107.28190715602527,48.1565338379689],[-107.28188821754225,48.156556520395],[-107.28206397817166,48.15660664409982],[-107.28205019809067,48.156597999688344],[-107.28207607743734,48.15657963155141],[-107.2821149027195,48.15655200029203],[-107.28197151672374,48.1564789127078]]]}"
00000000000000000ec0,7566,0,0,0,"{""type"":""Polygon"",""coordinates"":[[[-107.28206135541947,48.15639678031004],[-107.28203523110746,48.15641065764307],[-107.28202282962499,48.156433266282036],[-107.28197151672374,48.1564789127078],[-107.2821149027195,48.15655200029203],[-107.28212789323663,48.15654280835878],[-107.28219239717217,48.15649238941202],[-107.28206135541947,48.15639678031004]]]}"
00000000000000000f64,7567,0,0,0,"{""type"":""Polygon"",""coordinates"":[[[-107.28216507262984,48.15632772758161],[-107.28215173826676,48.15632799348917],[-107.28209372984159,48.15637381629531],[-107.28206135541947,48.15639678031004],[-107.28219239717217,48.15649238941202],[-107.28219869186508,48.15648337389665],[-107.28224961610414,48.15642873015307],[-107.28226274995802,48.15642404468635],[-107.28216507262984,48.15632772758161]]]}"
00000000000000000eec,7568,0,0,0,"{""type"":""Polygon"",""coordinates"":[[[-107.28226957921173,48.15627651106701],[-107.28217796132793,48.15631855141232],[-107.28216507262984,48.15632772758161],[-107.28226274995802,48.15642404468635],[-107.2822757404121,48.15641485275701],[-107.28232199374189,48.156404968273975],[-107.28236794765637,48.15638622896046],[-107.28238787613003,48.15638580232136],[-107.28226957921173,48.15627651106701]]]}"
00000000000000000ee3,7569,0,0,0,"{""type"":""Polygon"",""coordinates"":[[[-107.28240154405289,48.15624259882939],[-107.28236862527439,48.15625221738008],[-107.28226957921173,48.15627651106701],[-107.28238787613003,48.15638580232136],[-107.28242083960043,48.15637625492527],[-107.28244032522869,48.15636246701294],[-107.28246630317388,48.15634853412508],[-107.2824857887796,48.15633474621136],[-107.28240154405289,48.15624259882939]]]}"
00000000000000000ee5,7570,0,0,0,"{""type"":""GeometryCollection"",""geometries"":[{""type"":""LineString"",""coordinates"":[[-107.28248556592466,48.156330277293684],[-107.28248576395423,48.15633473969119]]},{""type"":""Polygon"",""coordinates"":[[[-107.2825400485863,48.156204161658984],[-107.28252671421444,48.15620442761825],[-107.2824937508891,48.156213975015895],[-107.28247416649606,48.15622332764244],[-107.2824145344248,48.15623340691501],[-107.28240154405289,48.15624259882939],[-107.28248554362462,48.15633025548799],[-107.28253228722104,48.156329352365994],[-107.28257229047914,48.156328554474825],[-107.282592218965,48.15632812779344],[-107.2825400485863,48.156204161658984]]]}]}"
00000000000000000ee4,7571,0,0,0,"{""type"":""Polygon"",""coordinates"":[[[-107.28267929832785,48.15618348931869],[-107.28264008501345,48.156202123444935],[-107.28259338609179,48.15620309780296],[-107.2825400485863,48.156204161658984],[-107.282592218965,48.15632812779344],[-107.28267168087876,48.15631318642631],[-107.28270484492818,48.15630805847813],[-107.28267929832785,48.15618348931869]]]}"
00000000000000000ed8,7572,0,0,0,"{""type"":""Polygon"",""coordinates"":[[[-107.28280639230897,48.156189916114094],[-107.2827127074454,48.15618285209255],[-107.2826989272606,48.1561742078464],[-107.28267929832785,48.15618348931869],[-107.28270484492818,48.15630805847813],[-107.28277117303621,48.15629780254866],[-107.2828245108075,48.15629673855553],[-107.28281972671532,48.15618965011517],[-107.28280639230897,48.156189916114094]]]}"
00000000000000000ee8,7573,0,0,0,"{""type"":""Polygon"",""coordinates"":[[[-107.28295297196314,48.15618255477149],[-107.28281972671532,48.15618965011517],[-107.2828245108075,48.15629673855553],[-107.28285117970393,48.156296206547594],[-107.28296459574365,48.15629397315823],[-107.28295297196314,48.15618255477149]]]}"
00000000000000000eab,7574,0,0,0,"{""type"":""Polygon"",""coordinates"":[[[-107.2830865169497,48.15618431400793],[-107.28301280481618,48.156176894689516],[-107.28295297196314,48.15618255477149],[-107.28296459574365,48.15629397315823],[-107.28302497358005,48.15630165855725],[-107.28309931993289,48.15632256576308],[-107.28310601576095,48.15632238928271],[-107.2830865169497,48.15618431400793]]]}"
00000000000000000ed9,7575,0,0,0,"{""type"":""Polygon"",""coordinates"":[[[-107.28321282146916,48.1561729040678],[-107.28319289293559,48.15617333087801],[-107.28310673526867,48.1561884491156],[-107.2830865169497,48.15618431400793],[-107.28310601576095,48.15632238928271],[-107.28325249464108,48.156315043170174],[-107.28327291376795,48.15632359777969],[-107.28321282146916,48.1561729040678]]]}"
00000000000000000ebe,7576,0,0,0,"{""type"":""Polygon"",""coordinates"":[[[-107.28333189795244,48.15614816688587],[-107.28328578822011,48.15616255824025],[-107.28325911929645,48.156163090368324],[-107.28321956184783,48.15617279876853],[-107.28321282146916,48.1561729040678],[-107.28327291376795,48.15632359777969],[-107.28327960960837,48.15632342128689],[-107.28339278098157,48.156316696657754],[-107.2833972497642,48.15626751796176],[-107.28333189795244,48.15614816688587]]]}"
00000000000000000eb8,7577,0,0,0,"{""type"":""Polygon"",""coordinates"":[[[-107.283450917274,48.15612351648635],[-107.2833975793962,48.15612458082685],[-107.2833515268459,48.15613888528732],[-107.28333189795244,48.15614816688587],[-107.2833972497642,48.15626751796176],[-107.28349161197207,48.15613611912415],[-107.283450917274,48.15612351648635]]]}"
00000000000000000edb,7578,0,0,0,"{""type"":""Polygon"",""coordinates"":[[[-107.28356591408313,48.156156954706596],[-107.28352546458848,48.15614884279894],[-107.28349161197207,48.15613611912415],[-107.2833972497642,48.15626751796176],[-107.28339278098157,48.156316696657754],[-107.28343927973998,48.15631130236671],[-107.28350698799073,48.15633229883099],[-107.2836463827545,48.15631613144651],[-107.28356591408313,48.156156954706596]]]}"
00000000000000000ebc,7579,0,0,0,"{""type"":""Polygon"",""coordinates"":[[[-107.28369103981014,48.15611871084757],[-107.28367804961145,48.15612790291036],[-107.28363932701843,48.156155518824534],[-107.28359258308947,48.156156422491215],[-107.28356591408313,48.156156954706596],[-107.2836463827545,48.15631613144651],[-107.28369268087394,48.156306317503756],[-107.2837193500236,48.15630578524802],[-107.28369103981014,48.15611871084757]]]}"
00000000000000000ebb,7580,0,0,0,"{""type"":""GeometryCollection"",""geometries"":[{""type"":""LineString"",""coordinates"":[[-107.28372604391892,48.156305625263705],[-107.28372624205589,48.15631008765735]]},{""type"":""Polygon"",""coordinates"":[[[-107.28383855446947,48.156133690714086],[-107.28376400671013,48.15610836466327],[-107.28374403352387,48.15610872040182],[-107.28373069901548,48.156108986531365],[-107.28370392827365,48.15610953451569],[-107.28369103981014,48.15611871084757],[-107.2837193500236,48.15630578524802],[-107.28372604589211,48.15630560872342],[-107.28384539390878,48.15613802061225],[-107.28383855446947,48.156133690714086]]]}]}"
00000000000000000ebd,7581,0,0,0,"{""type"":""Polygon"",""coordinates"":[[[-107.28391935215133,48.15614992996538],[-107.28387934851241,48.15615072842506],[-107.28386566961838,48.15614206863176],[-107.28384539390878,48.15613802061225],[-107.28372629120048,48.156310099437626],[-107.28373997009854,48.156318759278314],[-107.28389201096066,48.156284473465924],[-107.28395277854118,48.15630115541488],[-107.28396655925465,48.15630979948839],[-107.28397989386872,48.15630953332237],[-107.28399982264175,48.15630910634156],[-107.28391935215133,48.15614992996538]]]}"
00000000000000000ec6,7582,0,0,0,"{""type"":""Polygon"",""coordinates"":[[[-107.28403114343257,48.15611195182035],[-107.28402454930828,48.15611211263398],[-107.2839794307911,48.15614875997204],[-107.28395935580642,48.15614913148864],[-107.28393942712788,48.15614955845736],[-107.28391935215133,48.15614992996538],[-107.28399982264175,48.15630910634156],[-107.28412007963014,48.15631120144861],[-107.28415973912396,48.15630147691224],[-107.28403114343257,48.15611195182035]]]}"
00000000000000000ec5,7583,0,0,0,"{""type"":""Polygon"",""coordinates"":[[[-107.28415414280633,48.1560246897306],[-107.28409475575035,48.15603926070674],[-107.28404998175996,48.15608483395356],[-107.28403743773508,48.15610293625937],[-107.28403114343257,48.15611195182035],[-107.28415973912396,48.15630147691224],[-107.28420579198715,48.156287172011815],[-107.28423231762888,48.15628213316945],[-107.28415414280633,48.1560246897306]]]}"
00000000000000000eb4,7584,1,0,0,"{""type"":""Polygon"",""coordinates"":[[[-107.28425536011213,48.15604948302594],[-107.28424886505518,48.15605407908842],[-107.28417397240008,48.156019827487526],[-107.28415414280633,48.1560246897306],[-107.28423231762888,48.15628213316945],[-107.28427177630762,48.15626798907206],[-107.28433136459726,48.15625783743115],[-107.2843956657799,48.15620299781088],[-107.28425536011213,48.15604948302594]]]}"
00000000000000000ec8,7585,0,0,0,"{""type"":""Polygon"",""coordinates"":[[[-107.28448874377631,48.15604478073139],[-107.28426101996625,48.15602697966747],[-107.28425536011213,48.15604948302594],[-107.2843956657799,48.15620299781088],[-107.28442154435119,48.15618462919882],[-107.28444742290345,48.156166260586666],[-107.28449696398057,48.15608036329844],[-107.28448874377631,48.15604478073139]]]}"
00000000000000000ed7,7586,0,0,0,"{""type"":""Polygon"",""coordinates"":[[[-107.28447656989661,48.15592001778742],[-107.28428472731207,48.15595952238018],[-107.28427985812496,48.155999861803565],[-107.28426101996625,48.15602697966747],[-107.28448874377631,48.15604478073139],[-107.28447656989661,48.15592001778742]]]}"
00000000000000000eb3,7587,0,0,0,"{""type"":""Polygon"",""coordinates"":[[[-107.28446790350078,48.155875525165975],[-107.28444644793639,48.15584464417618],[-107.28444634883881,48.15584020896113],[-107.28423413193585,48.155871230286145],[-107.28425509653383,48.15589312999211],[-107.28429077616109,48.155946016150224],[-107.28428472731207,48.15595952238018],[-107.28447656989661,48.15592001778742],[-107.28446790350078,48.155875525165975]]]}"
00000000000000000eb2,7588,0,0,0,"{""type"":""Polygon"",""coordinates"":[[[-107.28441819748699,48.155809504556856],[-107.28441627157024,48.1557649066384],[-107.28419013088383,48.155782777484795],[-107.28419810537314,48.155813869239694],[-107.28421306563615,48.15584934631538],[-107.28423413193585,48.155871230286145],[-107.28444634883881,48.15584020896113],[-107.28441819748699,48.155809504556856]]]}"
00000000000000000eb0,7589,0,0,0,"{""type"":""MultiPolygon"",""coordinates"":[[[[-107.28489278469111,48.155523190421846],[-107.28482026467289,48.15554244743349],[-107.2846793889587,48.15552737956792],[-107.28464508977413,48.155505746362245],[-107.28457955302845,48.15553383934719],[-107.28467334030829,48.15554088571001],[-107.28480157077645,48.155574071531326],[-107.28488772793683,48.15555895196122],[-107.28491340503997,48.155536164000324],[-107.28489278469111,48.155523190421846]]],[[[-107.28415479600078,48.155738817315004],[-107.28418259990698,48.15576504683005],[-107.28418329143912,48.155778447640536],[-107.28419013088383,48.155782777484795],[-107.28441627157024,48.1557649066384],[-107.28441543628519,48.15574699944107],[-107.2843865960609,48.15569844335345],[-107.28435859117408,48.15566779446543],[-107.28437842059127,48.15566293221753],[-107.28444509280926,48.15566160112075],[-107.28450354490394,48.15562468769359],[-107.28452779690363,48.15557057617635],[-107.28456656313966,48.155543031420336],[-107.28415479600078,48.155738817315004]]]]}"
00000000000000000eac,7590,0,0,0,"{""type"":""Polygon"",""coordinates"":[[[-107.2846313090772,48.15549710251768],[-107.28451858512108,48.15551273856959],[-107.28444793404567,48.15557667992878],[-107.2843825979865,48.155609192284295],[-107.28433088624027,48.155646000251416],[-107.2842559942244,48.15561174896362],[-107.28420137527006,48.15558599647037],[-107.2840990420255,48.155686302840714],[-107.28410588143811,48.15569063268422],[-107.28409254702862,48.15569089885941],[-107.28407316376033,48.1557046711843],[-107.28408024852666,48.155713491692445],[-107.28414795657045,48.155734487471484],[-107.28415479600078,48.155738817315004],[-107.28456656313966,48.155543031420336],[-107.28457955302845,48.15553383934719],[-107.28464508977413,48.155505746362245],[-107.2846313090772,48.15549710251768]]]}"
00000000000000000ead,7591,0,0,0,"{""type"":""MultiPolygon"",""coordinates"":[[[[-107.28404570440841,48.155687367526006],[-107.28407316376033,48.1557046711843],[-107.28409254702862,48.15569089885941],[-107.28404570440841,48.155687367526006]]],[[[-107.28418075530793,48.155573022716816],[-107.28407225387764,48.155534989590606],[-107.28405891952885,48.15553525575882],[-107.28400432096088,48.15565691351013],[-107.28406488688854,48.15566917574032],[-107.2840990420255,48.155686302840714],[-107.28420137527006,48.15558599647037],[-107.28418075530793,48.155573022716816]]]]}"
00000000000000000eb9,7592,0,0,0,"{""type"":""Polygon"",""coordinates"":[[[-107.28403899115906,48.15553568273541],[-107.2839241959474,48.15550666491303],[-107.28388991439198,48.15563689262908],[-107.28390324875332,48.155636626483535],[-107.28400432096088,48.15565691351013],[-107.28405891952885,48.15553525575882],[-107.28403899115906,48.15553568273541]]]}"
00000000000000000eb6,7593,0,0,0,"{""type"":""Polygon"",""coordinates"":[[[-107.28390402228642,48.155502601215666],[-107.28389024187705,48.15549395725791],[-107.28383690465496,48.15549502181323],[-107.283796455684,48.15548691010845],[-107.28375553516733,48.15561722734342],[-107.28378264990766,48.155625605212784],[-107.28385660707575,48.15563751452571],[-107.28388991439198,48.15563689262908],[-107.2839241959474,48.15550666491303],[-107.28390402228642,48.155502601215666]]]}"
00000000000000000eba,7594,0,0,0,"{""type"":""Polygon"",""coordinates"":[[[-107.28376899669624,48.155469606433265],[-107.28374311852531,48.155487974609905],[-107.28370311567512,48.155488772966066],[-107.28367620181034,48.155484814549624],[-107.2836137273853,48.1555798154917],[-107.28367394848357,48.15558315211387],[-107.28375553516733,48.15561722734342],[-107.283796455684,48.15548691010845],[-107.2837957669948,48.15546905844869],[-107.28376899669624,48.155469606433265]]]}"
00000000000000000eb5,7595,0,0,0,"{""type"":""Polygon"",""coordinates"":[[[-107.28364244867089,48.15547652626362],[-107.28358069171092,48.15543758895889],[-107.28356711217309,48.155433364415],[-107.28348539793207,48.155546643740394],[-107.28349213821676,48.15554653842561],[-107.28351974060229,48.15556834859194],[-107.2836137273853,48.1555798154917],[-107.28367620181034,48.155484814549624],[-107.28364244867089,48.15547652626362]]]}"
00000000000000000eb7,7596,0,0,0,"{""type"":""Polygon"",""coordinates"":[[[-107.28353989868995,48.155420551325655],[-107.28351288595101,48.15541215768292],[-107.28349871688127,48.155394516672956],[-107.28347184773646,48.15539062938932],[-107.28335627868641,48.1554956358809],[-107.28339707161835,48.15551267361873],[-107.28347171939784,48.155537983981105],[-107.28348539793207,48.155546643740394],[-107.28356711217309,48.155433364415],[-107.28353989868995,48.155420551325655]]]}"
00000000000000000ea9,7597,0,0,0,"{""type"":""Polygon"",""coordinates"":[[[-107.28339764621947,48.15537422917568],[-107.28335650919304,48.15534826566629],[-107.28324709089479,48.15543975016554],[-107.28325393010064,48.15544408005475],[-107.28326760851853,48.15545273983258],[-107.28330840132436,48.15546977759744],[-107.28335627868641,48.1554956358809],[-107.28347184773646,48.15539062938932],[-107.28339764621947,48.15537422917568]]]}"
00000000000000000e9c,7598,0,0,0,"{""type"":""Polygon"",""coordinates"":[[[-107.28332914960878,48.155335397076314],[-107.28330838674744,48.15531791681848],[-107.28323364068507,48.15528817124429],[-107.28322700219378,48.155288260808625],[-107.28315247095968,48.15541479526023],[-107.28321313737159,48.155427042273104],[-107.28322681576789,48.15543570205451],[-107.28324709089479,48.15543975016554],[-107.28335650919304,48.15534826566629],[-107.28332914960878,48.155335397076314]]]}"
00000000000000000e9d,7599,0,0,0,"{""type"":""Polygon"",""coordinates"":[[[-107.28307304170563,48.15527794722634],[-107.28303816839848,48.15539475766786],[-107.28306498021121,48.15539873199467],[-107.28315247095968,48.15541479526023],[-107.28322700219378,48.155288260808625],[-107.28307304170563,48.15527794722634]]]}"
00000000000000000ee1,7600,0,0,0,"{""type"":""Polygon"",""coordinates"":[[[-107.28304627175058,48.155278494998605],[-107.28297217272053,48.155262078741714],[-107.28293880890769,48.155262787215335],[-107.28291063089428,48.15537942112442],[-107.28292396502412,48.15537915512212],[-107.28299772006977,48.15538664562555],[-107.28303816839848,48.15539475766786],[-107.28307304170563,48.15527794722634],[-107.28304627175058,48.155278494998605]]]}"
00000000000000000ea1,7601,0,0,0,"{""type"":""Polygon"",""coordinates"":[[[-107.28291883635288,48.15526314276041],[-107.28287209390706,48.15526404602322],[-107.2828320916691,48.15526484399737],[-107.28280487878025,48.1552520307255],[-107.28278309367649,48.155364084408696],[-107.2828303809498,48.15537652645845],[-107.2829039352502,48.15537959758333],[-107.28291063089428,48.15537942112442],[-107.28293880890769,48.155262787215335],[-107.28291883635288,48.15526314276041]]]}"
00000000000000000ee2,7602,0,0,0,"{""type"":""Polygon"",""coordinates"":[[[-107.28277776482044,48.15524365261947],[-107.28267050312952,48.15523236397345],[-107.28265555674508,48.15534874752066],[-107.28271597736168,48.15535650420879],[-107.28278309367649,48.155364084408696],[-107.28280487878025,48.1552520307255],[-107.28277776482044,48.15524365261947]]]}"
00000000000000000ea8,7603,0,0,0,"{""type"":""Polygon"",""coordinates"":[[[-107.28264383504906,48.15523289589974],[-107.28259049890973,48.155233959729564],[-107.28254980588308,48.15522135688305],[-107.28251483233738,48.15533373186348],[-107.28256851262448,48.15534159388911],[-107.28260896061747,48.1553497061139],[-107.28264222266425,48.155349013484276],[-107.28265555674508,48.15534874752066],[-107.28267050312952,48.15523236397345],[-107.28264383504906,48.15523289589974]]]}"
00000000000000000ea7,7604,0,0,0,"{""type"":""Polygon"",""coordinates"":[[[-107.28250921462913,48.15520873829184],[-107.28244209885283,48.155201157909076],[-107.28236003879765,48.15530551000789],[-107.28244767176572,48.15532608028514],[-107.28251483233738,48.15533373186348],[-107.28254980588308,48.15522135688305],[-107.28250921462913,48.15520873829184]]]}"
00000000000000000ea5,7605,0,0,0,"{""type"":""Polygon"",""coordinates"":[[[-107.28239525786583,48.15519762576143],[-107.28236780016013,48.1551803217478],[-107.28237212653514,48.155126637784235],[-107.28235205244802,48.15512700893462],[-107.28233345893982,48.1551586166071],[-107.28232676337606,48.15515879302296],[-107.28222487420402,48.15526800670173],[-107.28226546529508,48.155280625431544],[-107.28236003879765,48.15530551000789],[-107.28244209885283,48.155201157909076],[-107.28239525786583,48.15519762576143]]]}"
00000000000000000ee6,7606,0,0,0,"{""type"":""Polygon"",""coordinates"":[[[-107.28231318426963,48.15515456831306],[-107.28228676148372,48.15515959075943],[-107.2822312572265,48.155111566281256],[-107.28222441827512,48.155107236340044],[-107.28208946497091,48.15522601258855],[-107.28210314286451,48.155234672509835],[-107.28212356089675,48.15524322721623],[-107.28222487420402,48.15526800670173],[-107.28232676337606,48.15515879302296],[-107.28231318426963,48.15515456831306]]]}"
00000000000000000ea4,7607,0,0,0,"{""type"":""Polygon"",""coordinates"":[[[-107.28220330945219,48.15508528100652],[-107.28212217239303,48.15506011474674],[-107.28211533347155,48.15505578480121],[-107.28196763526535,48.15518824307018],[-107.2820826260272,48.15522168262764],[-107.28208946497091,48.15522601258855],[-107.28222441827512,48.155107236340044],[-107.28220330945219,48.15508528100652]]]}"
00000000000000000ebf,7608,0,0,0,"{""type"":""Polygon"",""coordinates"":[[[-107.28210839282583,48.15505147058433],[-107.28209471499324,48.15504281069238],[-107.28206725762661,48.155025506635],[-107.28204014421652,48.15501712834264],[-107.2820268103422,48.155017394213836],[-107.2820130879872,48.155008663127624],[-107.28198597461764,48.155000284821604],[-107.28188625327415,48.15515858593126],[-107.28192639836115,48.1551622947212],[-107.28195410080946,48.15518408949232],[-107.28196763526535,48.15518824307018],[-107.28211533347155,48.15505578480121],[-107.28210839282583,48.15505147058433]]]}"
00000000000000000f42,7609,0,0,0,"{""type"":""Polygon"",""coordinates"":[[[-107.28195123285937,48.1549697407585],[-107.2818907147408,48.15495754846197],[-107.28188377415576,48.15495323423534],[-107.28176397868496,48.1551119061257],[-107.28185913986576,48.15515020756655],[-107.28188625327415,48.15515858593126],[-107.28198597461764,48.155000284821604],[-107.28195123285937,48.1549697407585]]]}"
00000000000000000f63,7610,0,0,0,"{""type"":""Polygon"",""coordinates"":[[[-107.28187693529865,48.15494890428],[-107.28179609834476,48.15493259235792],[-107.28178256402413,48.15492843877259],[-107.28161376038378,48.1550344898676],[-107.28170950996807,48.15508620781734],[-107.28176397868496,48.1551119061257],[-107.28188377415576,48.15495323423534],[-107.28187693529865,48.15494890428]]]}"
00000000000000000f61,7611,0,0,0,"{""type"":""Polygon"",""coordinates"":[[[-107.28176864128491,48.15491528824354],[-107.28174118425822,48.15489798412612],[-107.28169330961083,48.15487212526137],[-107.28150319750019,48.15495180120733],[-107.28154502254513,48.15499116603415],[-107.28160702032825,48.155034595043624],[-107.28161376038378,48.1550344898676],[-107.28178256402413,48.15492843877259],[-107.28178231894783,48.15492394816531],[-107.28176864128491,48.15491528824354]]]}"
00000000000000000f60,7612,0,0,0,"{""type"":""Polygon"",""coordinates"":[[[-107.28168622573965,48.15486330469517],[-107.28166402882047,48.15481465902482],[-107.28164956185238,48.154788163359804],[-107.28142594395855,48.154864040668365],[-107.28143302774748,48.154872861255996],[-107.28150319750019,48.15495180120733],[-107.28169330961083,48.15487212526137],[-107.28168622573965,48.15486330469517]]]}"
00000000000000000f5e,7613,0,0,0,"{""type"":""Polygon"",""coordinates"":[[[-107.28160670242923,48.15472647241392],[-107.28162618725457,48.154712685119044],[-107.28163243713492,48.15470359876473],[-107.28136153446806,48.154767033238954],[-107.28136965249803,48.15479818015837],[-107.2814115759248,48.15484198008052],[-107.28142594395855,48.154864040668365],[-107.28164956185238,48.154788163359804],[-107.28160670242923,48.15472647241392]]]}"
00000000000000000f5d,7614,0,0,0,"{""type"":""Polygon"",""coordinates"":[[[-107.28161044086568,48.15465937262384],[-107.28160920594371,48.15463262695021],[-107.28160906261188,48.15462812063908],[-107.28132349343733,48.154660639880525],[-107.28132403764887,48.15467398499766],[-107.2813386505847,48.15470053612167],[-107.28133953855793,48.1547228069736],[-107.28136153446806,48.154767033238954],[-107.28163243713492,48.15470359876473],[-107.28163893207228,48.15469900300018],[-107.28161044086568,48.15465937262384]]]}"
00000000000000000fb2,7615,0,0,0,"{""type"":""Polygon"",""coordinates"":[[[-107.28155414923488,48.154593512482265],[-107.28156624799662,48.154566501043114],[-107.28157923782555,48.15455730954801],[-107.28133145830186,48.154539872549336],[-107.28130537987002,48.15455382034804],[-107.28130774755016,48.15460732737561],[-107.28132349343733,48.154660639880525],[-107.28160906261188,48.15462812063908],[-107.28163474008205,48.1546053339488],[-107.28155414923488,48.154593512482265]]]}"
00000000000000000f53,7616,0,0,0,"{""type"":""Polygon"",""coordinates"":[[[-107.28141204154753,48.1543998358812],[-107.28139890845262,48.1544045210322],[-107.28138149235814,48.154462960586706],[-107.28136269815315,48.15449014829278],[-107.28133795322391,48.15453527681982],[-107.28133145830186,48.154539872549336],[-107.28157923782555,48.15455730954801],[-107.28161156608834,48.154534275351466],[-107.28163074858466,48.15451608445013],[-107.28141204154753,48.1543998358812]]]}"
00000000000000000f5f,7617,0,0,0,"{""type"":""Polygon"",""coordinates"":[[[-107.28151108209549,48.154375544084594],[-107.28141204154753,48.1543998358812],[-107.28163074858466,48.15451608445013],[-107.28166937119138,48.1544840351246],[-107.28168078215211,48.154439172378574],[-107.28172678774821,48.154424798055494],[-107.28151108209549,48.154375544084594]]]}"
00000000000000000f58,7618,0,0,0,"{""type"":""Polygon"",""coordinates"":[[[-107.2816806275037,48.154287258954305],[-107.28162069963723,48.154288482811765],[-107.28160770991327,48.15429767426292],[-107.28159516573407,48.154315775639326],[-107.28155629823337,48.15434333426962],[-107.28153740542749,48.15436608684164],[-107.28151108209549,48.154375544084594],[-107.28172678774821,48.154424798055494],[-107.2816806275037,48.154287258954305]]]}"
00000000000000000f5c,7619,0,0,0,"{""type"":""Polygon"",""coordinates"":[[[-107.28181352053738,48.15427124001478],[-107.28178744234465,48.15428518786729],[-107.28168736742886,48.15428715377792],[-107.2816806275037,48.154287258954305],[-107.28172678774821,48.154424798055494],[-107.28181249488489,48.154400771749096],[-107.2818525974815,48.1543999585194],[-107.28181352053738,48.15427124001478]]]}"
00000000000000000e95,7620,0,0,0,"{""type"":""Polygon"",""coordinates"":[[[-107.28181352053738,48.15427124001478],[-107.2818525974815,48.1543999585194],[-107.2819392375139,48.15439827399839],[-107.28199931204999,48.154397105387666],[-107.2819400176257,48.15426425172998],[-107.28192668403616,48.15426451757623],[-107.28192623840489,48.15425560766324],[-107.28193253270918,48.15424659255794],[-107.28193169860259,48.1542286858252],[-107.2818721145652,48.154238835477244],[-107.28186561972595,48.15424343121495],[-107.28181352053738,48.15427124001478]],[[-107.28186561972595,48.15424343121495],[-107.28187334969596,48.15426558094228],[-107.2819127042887,48.15425145414445],[-107.28186561972595,48.15424343121495]]]}"
00000000000000000f59,7621,0,0,0,"{""type"":""MultiPolygon"",""coordinates"":[[[[-107.28193169860259,48.1542286858252],[-107.28193253270918,48.15424659255794],[-107.28194503217998,48.15422841997874],[-107.28193169860259,48.1542286858252]]],[[[-107.2820580968646,48.15421726230251],[-107.28199211678299,48.15423644286597],[-107.28195335121703,48.154263985881826],[-107.2819400176257,48.15426425172998],[-107.28199931204999,48.154397105387666],[-107.28205264665077,48.154396041942356],[-107.28214598227127,48.15439418084002],[-107.2820580968646,48.15421726230251]]]]}"
00000000000000000ea3,7622,0,0,0,"{""type"":""Polygon"",""coordinates"":[[[-107.28220456589935,48.15420991833276],[-107.28209809764363,48.15421646470388],[-107.28206469051554,48.154217101641805],[-107.2820580968646,48.15421726230251],[-107.28214598227127,48.15439418084002],[-107.28219931695108,48.15439311731124],[-107.28225230767478,48.154383128092306],[-107.28220456589935,48.15420991833276]]]}"
00000000000000000ea2,7623,0,0,0,"{""type"":""Polygon"",""coordinates"":[[[-107.28233696890756,48.15418491760181],[-107.28228442416399,48.15420381672214],[-107.2822710905473,48.15420408261663],[-107.28220456589935,48.15420991833276],[-107.28225230767478,48.154383128092306],[-107.28233821545896,48.15436352070372],[-107.2823448537211,48.15436343120824],[-107.28235133742515,48.15420697776367],[-107.28233696890756,48.15418491760181]]]}"
00000000000000000ea6,7624,0,0,0,"{""type"":""GeometryCollection"",""geometries"":[{""type"":""LineString"",""coordinates"":[[-107.28235149240018,48.154211407961405],[-107.28235129550616,48.1542069705598]]},{""type"":""Polygon"",""coordinates"":[[[-107.28235143628613,48.154211412849385],[-107.2823448537211,48.15436343120824],[-107.28235818740553,48.15436316530098],[-107.28237117707745,48.154353973738125],[-107.28240453987208,48.15435326549992],[-107.28248375222577,48.15433383440682],[-107.28248442862997,48.15419982807715],[-107.28235149240018,48.154211407961405],[-107.28235143628613,48.154211412849385]]]}]}"
00000000000000000eaa,7625,0,0,0,"{""type"":""Polygon"",""coordinates"":[[[-107.28259704795032,48.154179759867624],[-107.2825837142979,48.15418002580633],[-107.28253766433896,48.15419432928252],[-107.28248442862997,48.15419982807715],[-107.28248375222577,48.15433383440682],[-107.28255637086295,48.15431456395242],[-107.28263592726692,48.154304058390125],[-107.28259704795032,48.154179759867624]]]}"
00000000000000000e9a,7626,0,0,0,"{""type"":""Polygon"",""coordinates"":[[[-107.28270312794162,48.15416421613347],[-107.28269653425579,48.15416437683878],[-107.28263045523444,48.154179122740864],[-107.28259704795032,48.154179759867624],[-107.28263592726692,48.154304058390125],[-107.28277437992651,48.15426555129544],[-107.28270312794162,48.15416421613347]]]}"
00000000000000000e99,7627,0,0,0,"{""type"":""Polygon"",""coordinates"":[[[-107.282787945887,48.154117918512625],[-107.28270312794162,48.15416421613347],[-107.28277437992651,48.15426555129544],[-107.28286658180029,48.154236928323776],[-107.28289290508457,48.154227470735094],[-107.28291248836103,48.154218118405744],[-107.282787945887,48.154117918512625]]]}"
00000000000000000e9e,7628,0,0,0,"{""type"":""Polygon"",""coordinates"":[[[-107.28287866629366,48.15405805974688],[-107.28284649488168,48.15408544230082],[-107.282787945887,48.154117918512625],[-107.28291248836103,48.154218118405744],[-107.2829454499109,48.15420857127101],[-107.28295833774042,48.15419939538806],[-107.28295681480878,48.154163637460286],[-107.2829955799539,48.15413609410221],[-107.28287866629366,48.15405805974688]]]}"
00000000000000000e8d,7629,0,0,0,"{""type"":""Polygon"",""coordinates"":[[[-107.28298931659234,48.15399332345895],[-107.2829041548577,48.154030695545565],[-107.28287866629366,48.15405805974688],[-107.2829955799539,48.15413609410221],[-107.2830085694757,48.154126902496515],[-107.2830877815541,48.1541074709953],[-107.28310716408045,48.15409369930582],[-107.28298931659234,48.15399332345895]]]}"
00000000000000000ea0,7630,0,0,0,"{""type"":""Polygon"",""coordinates"":[[[-107.28310040978333,48.15394194776379],[-107.28308068314719,48.1539467938325],[-107.28305436006148,48.15395625141727],[-107.28302808153691,48.15396578018187],[-107.28298931659234,48.15399332345895],[-107.28310716408045,48.15409369930582],[-107.28312664832042,48.15407991188674],[-107.28317840279273,48.154043176894696],[-107.28320472594719,48.15403371925856],[-107.28310040978333,48.15394194776379]]]}"
00000000000000000e94,7631,0,0,0,"{""type"":""Polygon"",""coordinates"":[[[-107.28323856162815,48.15389458591063],[-107.28319261091401,48.15391332467356],[-107.28310040978333,48.15394194776379],[-107.28320472594719,48.15403371925856],[-107.28323090280395,48.15402420616151],[-107.28325722594657,48.154014748514676],[-107.28331036000905,48.154009265038404],[-107.28323856162815,48.15389458591063]]]}"
00000000000000000e8f,7632,0,0,0,"{""type"":""Polygon"",""coordinates"":[[[-107.28338429797915,48.153869317864014],[-107.28325144931077,48.15388541004672],[-107.28323856162815,48.15389458591063],[-107.28331036000905,48.154009265038404],[-107.28337018951517,48.154003605052004],[-107.28342248876673,48.1539802148969],[-107.28338429797915,48.153869317864014]]]}"
00000000000000000e90,7633,0,0,0,"{""type"":""Polygon"",""coordinates"":[[[-107.28341735825593,48.15386420568921],[-107.28338429797915,48.153869317864014],[-107.28342248876673,48.1539802148969],[-107.28344231717612,48.153975353023746],[-107.28351606999772,48.153982842985606],[-107.28352940371157,48.15398257691678],[-107.28354430194987,48.15386612515762],[-107.28341735825593,48.15386420568921]]]}"
00000000000000000e93,7634,0,0,0,"{""type"":""Polygon"",""coordinates"":[[[-107.28367104508975,48.15386362513201],[-107.28354430194987,48.15386612515762],[-107.28352940371157,48.15398257691678],[-107.28354283915155,48.153982295116094],[-107.28359651835095,48.15399015639259],[-107.28362239543335,48.15397178880534],[-107.28365600364029,48.153975570650005],[-107.28368462410015,48.153867849548696],[-107.28367104508975,48.15386362513201]]]}"
00000000000000000e97,7635,0,0,0,"{""type"":""Polygon"",""coordinates"":[[[-107.28368462410015,48.153867849548696],[-107.28365600364029,48.153975570650005],[-107.28368951014222,48.1539793682128],[-107.28379017605752,48.15399081628429],[-107.28380620836694,48.15390112543488],[-107.28368462410015,48.153867849548696]]]}"
00000000000000000e9b,7636,0,0,0,"{""type"":""Polygon"",""coordinates"":[[[-107.28392576583732,48.15388982055604],[-107.28383322019783,48.15390951877733],[-107.28380620836694,48.15390112543488],[-107.28379017605752,48.15399081628429],[-107.28381684357052,48.15399028406637],[-107.28394437803395,48.15400561907817],[-107.28392576583732,48.15388982055604]]]}"
00000000000000000e98,7637,0,0,0,"{""type"":""Polygon"",""coordinates"":[[[-107.28405203972268,48.154025744742455],[-107.28414631067523,48.15404622336237],[-107.28413912708714,48.15403296806804],[-107.28401821240845,48.15386568720287],[-107.28397900174222,48.153884320989214],[-107.28395208890898,48.15388036274452],[-107.28392576583732,48.15388982055604],[-107.28394437803395,48.15400561907817],[-107.28395097177813,48.15400545828612],[-107.28397159079393,48.154018431727025],[-107.2839852689983,48.15402709117364],[-107.28404509888199,48.154021430754945],[-107.28405203972268,48.154025744742455]],[[-107.28404509888199,48.154021430754945],[-107.2840649273705,48.15401656874734],[-107.28405124913901,48.15400790931449],[-107.28404509888199,48.154021430754945]]]}"
00000000000000000e8a,7638,0,0,0,"{""type"":""MultiPolygon"",""coordinates"":[[[[-107.28413912708714,48.15403296806804],[-107.28414631067523,48.15404622336237],[-107.28415964450126,48.154045957202804],[-107.28416593838041,48.154036941997695],[-107.28413912708714,48.15403296806804]]],[[[-107.28413912708714,48.15403296806804],[-107.2841520147287,48.15402379206012],[-107.28413809108854,48.15401064212352],[-107.28416475871451,48.15401010980585],[-107.28416593838041,48.154036941997695],[-107.28417868236808,48.15402325973811],[-107.28419108188402,48.154000651904695],[-107.2841373004624,48.153992806702455],[-107.28412908089173,48.15395722549851],[-107.28414162405359,48.1539391239399],[-107.28417478629382,48.15393399576071],[-107.28417458548599,48.15392957643651],[-107.28418812008357,48.15393372959869],[-107.28416409303672,48.153844924202005],[-107.2841574547367,48.15384501382341],[-107.28402490785724,48.15386551067623],[-107.28401821240845,48.15386568720287],[-107.28413912708714,48.15403296806804]]]]}"
00000000000000000e8c,7639,0,0,0,"{""type"":""Polygon"",""coordinates"":[[[-107.28427656880375,48.153820347924025],[-107.28419017070486,48.15383097583351],[-107.28416409303672,48.153844924202005],[-107.28418812008357,48.15393372959869],[-107.28422221665728,48.15395094304199],[-107.28422891213579,48.153950766500095],[-107.28435815288695,48.153854421567],[-107.28427656880375,48.153820347924025]]]}"
00000000000000000e8b,7640,0,0,0,"{""type"":""GeometryCollection"",""geometries"":[{""type"":""LineString"",""coordinates"":[[-107.28421166848973,48.15401367450237],[-107.28422500635517,48.15401340930713]]},{""type"":""Polygon"",""coordinates"":[[[-107.284204559356,48.154004891984734],[-107.28419108188402,48.154000651904695],[-107.28417868236808,48.15402325973811],[-107.28421164388142,48.1540137122047],[-107.284204559356,48.154004891984734]]]},{""type"":""Polygon"",""coordinates"":[[[-107.28441400402056,48.15391136916618],[-107.28437867033568,48.15386741061003],[-107.28435815288695,48.153854421567],[-107.28422891213579,48.153950766500095],[-107.28427624347815,48.153963278700864],[-107.28428421781318,48.15399436937868],[-107.28444249861718,48.15395099806138],[-107.28444057253806,48.153906401720874],[-107.28441400402056,48.15391136916618]]]}]}"
00000000000000000e8e,7641,0,0,0,"{""type"":""GeometryCollection"",""geometries"":[{""type"":""LineString"",""coordinates"":[[-107.28415970413691,48.15404597202659],[-107.28416596118498,48.15403693712678]]},{""type"":""Polygon"",""coordinates"":[[[-107.2844583484866,48.154008744324194],[-107.28443738466984,48.15398684542617],[-107.28444249861718,48.15395099806138],[-107.28428421781318,48.15399436937868],[-107.28429184767158,48.154016534496286],[-107.2842711293771,48.15399912606904],[-107.28424614217606,48.1540397643286],[-107.28422576837343,48.154031281462544],[-107.28423167319502,48.15401326949368],[-107.28422497770505,48.15401344603628],[-107.28417868236808,48.15402325973811],[-107.28416593838041,48.154036941997695],[-107.28416596118498,48.15403693712678],[-107.28421229088659,48.154027041383735],[-107.28421992070068,48.15404920652194],[-107.28421401586668,48.15406721850267],[-107.28427488201372,48.154083883894984],[-107.28432856195163,48.1540917447584],[-107.28432900817266,48.154100654617565],[-107.28448467166679,48.15399928634248],[-107.2844583484866,48.154008744324194]]]}]}"
00000000000000000eae,7642,0,0,0,"{""type"":""Polygon"",""coordinates"":[[[-107.28448467166679,48.15399928634248],[-107.28432900817266,48.154100654617565],[-107.28436458737231,48.15414910390977],[-107.28452483963825,48.15415040000419],[-107.28455775673541,48.154140781140256],[-107.28448467166679,48.15399928634248]]]}"
00000000000000000e89,7643,0,0,0,"{""type"":""Polygon"",""coordinates"":[[[-107.28456353944694,48.153970928096165],[-107.28455055014227,48.15398011987962],[-107.28453721628443,48.15398038609398],[-107.28448467166679,48.15399928634248],[-107.28455775673541,48.154140781140256],[-107.2846366248355,48.1541124227496],[-107.2846625017962,48.154094054842325],[-107.28467583571266,48.15409378860849],[-107.28468788785752,48.15406670589947],[-107.28469418164977,48.15405769065837],[-107.28456353944694,48.153970928096165]]]}"
00000000000000000eaf,7644,0,0,0,"{""type"":""Polygon"",""coordinates"":[[[-107.28461425687453,48.153911866534195],[-107.28458336795494,48.1539660659856],[-107.28456353944694,48.153970928096165],[-107.28469418164977,48.15405769065837],[-107.28471297386726,48.15403050257347],[-107.28473063054712,48.15397655352671],[-107.28474966814697,48.15395385598542],[-107.28461425687453,48.153911866534195]]]}"
00000000000000000eb1,7645,0,0,0,"{""type"":""Polygon"",""coordinates"":[[[-107.28463796193017,48.15384441192607],[-107.28463899824037,48.153866737786835],[-107.28461425687453,48.153911866534195],[-107.28474966814697,48.15395385598542],[-107.28478169499026,48.15392196664723],[-107.28481199357186,48.153854351139614],[-107.28463796193017,48.15384441192607]]]}"
00000000000000000e83,7646,0,0,0,"{""type"":""Polygon"",""coordinates"":[[[-107.28464764393549,48.153759372565716],[-107.28464798851422,48.15376829809615],[-107.28463544559408,48.15378639965613],[-107.28463648190471,48.15380872549231],[-107.28463761735505,48.15383548638259],[-107.28463796193017,48.15384441192607],[-107.28481199357186,48.153854351139614],[-107.28482429099871,48.153831759037395],[-107.28480957612113,48.15380077391127],[-107.28479589767659,48.15379211462544],[-107.28482122885711,48.15376040195748],[-107.28464764393549,48.153759372565716]]]}"
00000000000000000e84,7647,0,0,0,"{""type"":""Polygon"",""coordinates"":[[[-107.28478367811461,48.153667285899594],[-107.28479007097266,48.15366270575237],[-107.28461776830517,48.15368849256203],[-107.2846469521952,48.153745972277434],[-107.28464764393549,48.153759372565716],[-107.28482122885711,48.15376040195748],[-107.28482451500254,48.15368439363883],[-107.28478367811461,48.153667285899594]]]}"
00000000000000000e85,7648,0,0,0,"{""type"":""Polygon"",""coordinates"":[[[-107.28461967395513,48.15358123309055],[-107.28461376938603,48.15359924492915],[-107.28461456025597,48.15361708020685],[-107.28461717829883,48.15367507656031],[-107.28461776830517,48.15368849256203],[-107.28479007097266,48.15366270575237],[-107.28480251462975,48.153640169189444],[-107.28484693763568,48.15359012305794],[-107.28461967395513,48.15358123309055]]]}"
00000000000000000e80,7649,0,0,0,"{""type"":""Polygon"",""coordinates"":[[[-107.2848259737097,48.15356822442159],[-107.28482439176041,48.153532553914104],[-107.2848235562147,48.153514647485736],[-107.28466196978823,48.15348217184063],[-107.28464883696184,48.153486857347986],[-107.28463688416797,48.15351837476656],[-107.28463722874778,48.153527300256194],[-107.28461967395513,48.15358123309055],[-107.28484693763568,48.15359012305794],[-107.284853231308,48.153581107891014],[-107.2848259737097,48.15356822442159]]]}"
00000000000000000e82,7650,0,0,0,"{""type"":""Polygon"",""coordinates"":[[[-107.28473098987743,48.153382491388385],[-107.28469236983005,48.153414541211],[-107.28467495889491,48.153472980134],[-107.28466196978823,48.15348217184063],[-107.2848235562147,48.153514647485736],[-107.28482197426476,48.1534789770145],[-107.28486871543322,48.15347807286495],[-107.28473098987743,48.153382491388385]]]}"
00000000000000000e81,7651,0,0,0,"{""type"":""Polygon"",""coordinates"":[[[-107.28486136356305,48.15331290750443],[-107.28484782900729,48.153308754485096],[-107.28484153538692,48.153317769603746],[-107.28477604724296,48.153345932637265],[-107.28473098987743,48.153382491388385],[-107.28486871543322,48.15347807286495],[-107.28487541087165,48.15347789628054],[-107.28494207951583,48.15347656498435],[-107.28486136356305,48.15331290750443]]]}"
00000000000000000e27,7652,0,0,0,"{""type"":""Polygon"",""coordinates"":[[[-107.28486136356305,48.15331290750443],[-107.28494207951583,48.15347656498435],[-107.28500146260559,48.1534619942933],[-107.28502733900586,48.15344362652865],[-107.28507107218299,48.15337572956747],[-107.28510949109854,48.15333926035156],[-107.28486136356305,48.15331290750443]]]}"
00000000000000000e7c,7653,0,0,0,"{""type"":""Polygon"",""coordinates"":[[[-107.28490390395955,48.153218337119135],[-107.28489111587103,48.1532319480708],[-107.2848658297074,48.15326373161105],[-107.28484782900729,48.153308754485096],[-107.28486136356305,48.15331290750443],[-107.28510949109854,48.15333926035156],[-107.28512203368113,48.15332115889184],[-107.28512611022136,48.153262986362336],[-107.28490390395955,48.153218337119135]]]}"
00000000000000000e7f,7654,0,0,0,"{""type"":""Polygon"",""coordinates"":[[[-107.28492780889934,48.15315530260828],[-107.28492800980366,48.15315972186351],[-107.28492859993513,48.15317313772888],[-107.28492919006653,48.15318655359768],[-107.28490365848776,48.153213846675634],[-107.28490390395955,48.153218337119135],[-107.28512611022136,48.153262986362336],[-107.28513396310039,48.15313778726007],[-107.28492780889934,48.15315530260828]]]}"
00000000000000000e38,7655,0,0,0,"{""type"":""Polygon"",""coordinates"":[[[-107.28506284842024,48.15304096234235],[-107.28490442747584,48.15307982767887],[-107.28492780889934,48.15315530260828],[-107.28513396310039,48.15313778726007],[-107.28513317196328,48.153119952155706],[-107.28506284842024,48.15304096234235]]]}"
00000000000000000e79,7656,0,0,0,"{""type"":""Polygon"",""coordinates"":[[[-107.28504084800748,48.15299673848882],[-107.28499238145235,48.15295746643511],[-107.28482785567317,48.15300992398605],[-107.28486180823852,48.153022630748396],[-107.28489714198516,48.153066588420124],[-107.28490442747584,48.15307982767887],[-107.28506284842024,48.15304096234235],[-107.28506270465058,48.153036456183656],[-107.28504084800748,48.15299673848882]]]}"
00000000000000000e7d,7657,0,0,0,"{""type"":""Polygon"",""coordinates"":[[[-107.28496457861937,48.15293123852536],[-107.28492983501624,48.152900696787086],[-107.28490907227297,48.152883217680476],[-107.28490213146603,48.15287890384767],[-107.28473210346428,48.15295821125271],[-107.28475252150501,48.152966765029866],[-107.28477334133319,48.15298415728588],[-107.28482785567317,48.15300992398605],[-107.28499238145235,48.15295746643511],[-107.28496457861937,48.15293123852536]]]}"
00000000000000000e72,7658,0,0,0,"{""type"":""Polygon"",""coordinates"":[[[-107.28487294764116,48.152821425154336],[-107.28483860603414,48.15279972189185],[-107.2846358061569,48.15289315384653],[-107.28463600702766,48.15289757308122],[-107.2846496851028,48.15290623225216],[-107.28469825277134,48.152945488725365],[-107.28473210346428,48.15295821125271],[-107.28490213146603,48.15287890384767],[-107.28490119668356,48.15285656268233],[-107.2849004056523,48.15283872766858],[-107.28487294764116,48.152821425154336]]]}"
00000000000000000e7a,7659,0,0,0,"{""type"":""Polygon"",""coordinates"":[[[-107.28484149006431,48.152714876529295],[-107.28481482317723,48.15271540900319],[-107.28457183516333,48.15280506203587],[-107.28459245391615,48.152818035054395],[-107.28460613194714,48.15282669421958],[-107.28460657825204,48.152835603861355],[-107.28462030086425,48.15284433421001],[-107.28460126385066,48.1528670312327],[-107.2846358061569,48.15289315384653],[-107.28483860603414,48.15279972189185],[-107.28483166525545,48.15279540806008],[-107.28483132061693,48.15278648269665],[-107.28483087425644,48.152777573065634],[-107.2848300832573,48.152759738077236],[-107.28486939434792,48.15274108864293],[-107.28488877583601,48.15272731697716],[-107.28484149006431,48.152714876529295]]]}"
00000000000000000e7e,7660,0,0,0,"{""type"":""Polygon"",""coordinates"":[[[-107.28453717055666,48.15262710230369],[-107.28454470125054,48.152644831881666],[-107.28454549211345,48.15266266683696],[-107.28453319501516,48.15268525839372],[-107.28449467480196,48.15272174264589],[-107.28452292330137,48.152756880232516],[-107.28454963470487,48.15275641902346],[-107.2845512164292,48.15279208901563],[-107.28457183516333,48.15280506203587],[-107.28481482317723,48.15271540900319],[-107.28453717055666,48.15262710230369]],[[-107.28453467500583,48.15272094406884],[-107.28451450262072,48.152716880682334],[-107.28452203331565,48.15273461029227],[-107.28453467500583,48.15272094406884]]]}"
00000000000000000e71,7661,0,0,0,"{""type"":""Polygon"",""coordinates"":[[[-107.28463947260522,48.15237494941779],[-107.28459238835383,48.15236692810409],[-107.28456710268352,48.152398711031175],[-107.28460144368147,48.152420414241035],[-107.2845626809496,48.15244795728951],[-107.28461655966598,48.15246023699895],[-107.28459756744095,48.15248300503224],[-107.28453714976928,48.152475249877156],[-107.28452416102243,48.1524844413819],[-107.28448416107801,48.152485239944404],[-107.28448460735737,48.15249414952963],[-107.28448574275353,48.15252090975524],[-107.28448736899772,48.152556650772794],[-107.2845087784198,48.15258745868334],[-107.28453717055666,48.15262710230369],[-107.28481482317723,48.15271540900319],[-107.28484149006431,48.152714876529295],[-107.28463947260522,48.15237494941779]]]}"
00000000000000000e36,7662,0,0,0,"{""type"":""GeometryCollection"",""geometries"":[{""type"":""LineString"",""coordinates"":[[-107.28472070996102,48.15240013803235],[-107.2847273786823,48.15240000540871]]},{""type"":""Polygon"",""coordinates"":[[[-107.28485887820345,48.15250458595705],[-107.28483925136747,48.1525138671714],[-107.28479092945267,48.15247910146485],[-107.28474821187099,48.15241747019058],[-107.28472075426836,48.1524001677608],[-107.2846462123977,48.15237484404078],[-107.28463947260522,48.15237494941779],[-107.28484149006431,48.152714876529295],[-107.28488877583601,48.15272731697716],[-107.28489502476334,48.152718230777026],[-107.28496694898871,48.15268555914052],[-107.28485887820345,48.15250458595705]]]}]}"
00000000000000000e88,7663,0,0,0,"{""type"":""Polygon"",""coordinates"":[[[-107.28487846046372,48.15249523355818],[-107.28485887820345,48.15250458595705],[-107.28496694898871,48.15268555914052],[-107.28501285356842,48.15266674882196],[-107.28503872937252,48.152648381346665],[-107.285077938605,48.15262974760089],[-107.28512408861617,48.152615427641734],[-107.28513618447576,48.15258841684045],[-107.28514267883803,48.15258382103789],[-107.28487846046372,48.15249523355818]]]}"
00000000000000000e6d,7664,0,0,0,"{""type"":""Polygon"",""coordinates"":[[[-107.2849492484998,48.15243580190206],[-107.28494959317248,48.15244472720479],[-107.28491746862917,48.15247218073826],[-107.28487846046372,48.15249523355818],[-107.28514267883803,48.15258382103789],[-107.28516171547355,48.15256112403942],[-107.28517421316586,48.152542951666206],[-107.28518675541756,48.15252485048007],[-107.28518517305731,48.15248918069549],[-107.28518482832786,48.15248025538752],[-107.2849492484998,48.15243580190206]]]}"
00000000000000000e33,7665,0,0,0,"{""type"":""Polygon"",""coordinates"":[[[-107.2851690768265,48.15242694586536],[-107.28515416110366,48.15239154242627],[-107.28515253419728,48.15235580154885],[-107.28492700305478,48.15238708814643],[-107.2849492484998,48.15243580190206],[-107.28518482832786,48.15248025538752],[-107.28518423808755,48.15246683970295],[-107.2851690768265,48.15242694586536]]]}"
00000000000000000e37,7666,0,0,0,"{""type"":""MultiPolygon"",""coordinates"":[[[[-107.28473280571082,48.1523730859347],[-107.2847254212433,48.15235541191611],[-107.2846462123977,48.15237484404078],[-107.28472734778097,48.15240000692619],[-107.28473359667323,48.15239092079391],[-107.28474658536366,48.15238172927857],[-107.28473280571082,48.1523730859347]]],[[[-107.28510922574752,48.15228075495812],[-107.28510169479283,48.15226302555362],[-107.2848905341231,48.152316370916914],[-107.28491174294994,48.15234275940205],[-107.28492700305478,48.15238708814643],[-107.28515253419728,48.15235580154885],[-107.28515243498126,48.15235136663127],[-107.28510922574752,48.15228075495812]]]]}"
00000000000000000e73,7667,0,0,0,"{""type"":""MultiPolygon"",""coordinates"":[[[[-107.2847179922131,48.15233766672057],[-107.2846462123977,48.15237484404078],[-107.2847254212433,48.15235541191611],[-107.2847179922131,48.15233766672057]]],[[[-107.28508584427595,48.15220528132723],[-107.28507068321498,48.1521653876671],[-107.28505006452362,48.15215241491051],[-107.28484811656904,48.15226359396972],[-107.28485520100874,48.15227241385278],[-107.28488344966492,48.15230755102958],[-107.2848905341231,48.152316370916914],[-107.28510169479283,48.15226302555362],[-107.28510135008025,48.15225410028325],[-107.28510705323244,48.152231669710254],[-107.28508584427595,48.15220528132723]]]]}"
00000000000000000e53,7668,0,0,0,"{""type"":""MultiPolygon"",""coordinates"":[[[[-107.28500263555411,48.152135468581676],[-107.28494806505604,48.152109789295906],[-107.28494098061401,48.15210096944699],[-107.28478439131368,48.15217999370199],[-107.28481986798653,48.15222845680998],[-107.28484811656904,48.15226359396972],[-107.28505006452362,48.15215241491051],[-107.28500263555411,48.152135468581676]]],[[[-107.28469053468892,48.15232036430636],[-107.28467675507902,48.15231172096342],[-107.2846637664077,48.15232091245661],[-107.28465087945217,48.15233008821921],[-107.28462500380631,48.15234845547492],[-107.284597890935,48.15234007831731],[-107.2845504621807,48.15232313169915],[-107.28459238835383,48.15236692810409],[-107.28463947260522,48.15237494941779],[-107.2846462123977,48.15237484404078],[-107.2847179922131,48.15233766672057],[-107.28469053468892,48.15232036430636]]]]}"
00000000000000000e6b,7669,0,0,0,"{""type"":""Polygon"",""coordinates"":[[[-107.28492021827088,48.15208349059801],[-107.2849060939865,48.15206592208676],[-107.28485801798523,48.152035647041124],[-107.2846942428584,48.15210586691679],[-107.28470132722317,48.15211468678671],[-107.28478419042007,48.152175574528385],[-107.28478439131368,48.15217999370199],[-107.28494098061401,48.15210096944699],[-107.28492021827088,48.15208349059801]]]}"
00000000000000000e6c,7670,0,0,0,"{""type"":""Polygon"",""coordinates"":[[[-107.284816882722,48.152009685758465],[-107.28478838888238,48.151970058415706],[-107.28477466650651,48.151961328229994],[-107.28463066201782,48.15202677285344],[-107.284651280401,48.152039745677016],[-107.2846942428584,48.15210586691679],[-107.28485801798523,48.152035647041124],[-107.284816882722,48.152009685758465]]]}"
00000000000000000e77,7671,0,0,0,"{""type"":""Polygon"",""coordinates"":[[[-107.28475404809252,48.15194835545303],[-107.28472034200475,48.15194013922118],[-107.28469868722028,48.151904841401226],[-107.28469150372625,48.15189158668471],[-107.28453432267357,48.151961645249884],[-107.28454869212412,48.15198370412799],[-107.28463066201782,48.15202677285344],[-107.28477466650651,48.151961328229994],[-107.28475404809252,48.15194835545303]]]}"
00000000000000000e58,7672,0,0,0,"{""type"":""Polygon"",""coordinates"":[[[-107.28467713419802,48.15186952786855],[-107.28465627043902,48.15185206476196],[-107.28461513559938,48.15182610347257],[-107.28461479099875,48.15181717827165],[-107.284464349956,48.15188713124342],[-107.28449899041506,48.15191768832891],[-107.28449968213455,48.151931088153674],[-107.28453432267357,48.151961645249884],[-107.28469150372625,48.15189158668471],[-107.28467713419802,48.15186952786855]]]}"
00000000000000000e65,7673,0,0,0,"{""type"":""Polygon"",""coordinates"":[[[-107.28456612566421,48.151773487688246],[-107.28459210004708,48.15175955552903],[-107.2845713381231,48.15174207670723],[-107.28438035282356,48.151799483648006],[-107.28440210630829,48.15183921635713],[-107.284464349956,48.15188713124342],[-107.28461479099875,48.15181717827165],[-107.28456612566421,48.151773487688246]]]}"
00000000000000000e64,7674,0,0,0,"{""type"":""Polygon"",""coordinates"":[[[-107.2845820530166,48.15168381629702],[-107.2843420586235,48.15168860736031],[-107.28434225946687,48.15169302649526],[-107.28435731776355,48.151732935669244],[-107.28437193242075,48.15175948480529],[-107.28437282235171,48.15178175433605],[-107.28438035282356,48.151799483648006],[-107.2845713381231,48.15174207670723],[-107.28457113725233,48.15173765756934],[-107.28458229845755,48.1516883066117],[-107.28458879267941,48.15168371092872],[-107.2845820530166,48.15168381629702]]]}"
00000000000000000e55,7675,0,0,0,"{""type"":""Polygon"",""coordinates"":[[[-107.28439295302707,48.15148211811896],[-107.28438704880091,48.15150012921713],[-107.28436196452556,48.15153633067486],[-107.28436354613481,48.151571999846794],[-107.28433964168288,48.15163503231],[-107.2843420586235,48.15168860736031],[-107.2845820530166,48.15168381629702],[-107.28439295302707,48.15148211811896]]]}"
00000000000000000e5a,7676,0,0,0,"{""type"":""Polygon"",""coordinates"":[[[-107.28457474654778,48.15151872770058],[-107.2845302815037,48.15156870049264],[-107.28449692046098,48.151569409387996],[-107.28447556870127,48.15153851514596],[-107.28449803484675,48.15144431969487],[-107.28444253141491,48.15139629986176],[-107.28441174390632,48.151454931456364],[-107.28439875552904,48.15146412275671],[-107.28439295302707,48.15148211811896],[-107.2845820530166,48.15168381629702],[-107.28458879267941,48.15168371092872],[-107.2846537322768,48.151642204688144],[-107.28468599987565,48.15161925773131],[-107.28457474654778,48.15151872770058]]]}"
00000000000000000e59,7677,0,0,0,"{""type"":""MultiPolygon"",""coordinates"":[[[[-107.2846653153833,48.15145436437328],[-107.28457474654778,48.15151872770058],[-107.28468599987565,48.15161925773131],[-107.28471276765697,48.15161870959485],[-107.28473898737411,48.15160926774711],[-107.28480402595588,48.15157219632139],[-107.2846653153833,48.15145436437328]]],[[[-107.28449507221468,48.15137740066714],[-107.28444228598954,48.15139180957122],[-107.28444253141491,48.15139629986176],[-107.28449803484675,48.15144431969487],[-107.2844976902688,48.151435394557645],[-107.28452356525894,48.15141702767129],[-107.28449507221468,48.15137740066714]]]]}"
00000000000000000e6e,7678,1,0,0,"{""type"":""Polygon"",""coordinates"":[[[-107.28479091613089,48.151425103480214],[-107.28475239749223,48.151461586923034],[-107.28469143580915,48.151440487728514],[-107.2846653153833,48.15145436437328],[-107.28480402595588,48.15157219632139],[-107.28486955540593,48.15154410548092],[-107.28490192457656,48.15152114276746],[-107.28492130537727,48.15150737143152],[-107.28479091613089,48.151425103480214]]]}"
00000000000000000e1e,7679,0,0,0,"{""type"":""Polygon"",""coordinates"":[[[-107.28483523700665,48.15137062469719],[-107.2848230397381,48.1513976505586],[-107.28479091613089,48.151425103480214],[-107.28492130537727,48.15150737143152],[-107.28493429371743,48.15149818005384],[-107.28494728205284,48.15148898867613],[-107.28496016866505,48.15147981302895],[-107.28497311242174,48.15147055047031],[-107.28505197469782,48.15144219332357],[-107.2850572312687,48.151410853706075],[-107.28483523700665,48.15137062469719]]]}"
00000000000000000e1c,7680,0,0,0,"{""type"":""Polygon"",""coordinates"":[[[-107.28500515565852,48.15129133542392],[-107.28495123366505,48.15127898499176],[-107.28494439484813,48.15127465555602],[-107.28480753458912,48.151348832334776],[-107.28483479062733,48.15136171530617],[-107.28483523700665,48.15137062469719],[-107.2850572312687,48.151410853706075],[-107.28505564897263,48.15137518467212],[-107.28500515565852,48.15129133542392]]]}"
00000000000000000e51,7681,0,0,0,"{""type"":""Polygon"",""coordinates"":[[[-107.2848472653786,48.15119169471792],[-107.28474474555496,48.1512875739474],[-107.28476491725772,48.15129163719255],[-107.2847800776788,48.15133153025545],[-107.28480753458912,48.151348832334776],[-107.28494439484813,48.15127465555602],[-107.2848472653786,48.15119169471792]]]}"
00000000000000000e52,7682,0,0,0,"{""type"":""Polygon"",""coordinates"":[[[-107.28474561353997,48.15115799467565],[-107.28474526889724,48.15114906958948],[-107.28474482253715,48.15114016023502],[-107.28473114503277,48.151131501353504],[-107.28462346752234,48.15126315466873],[-107.28474474555496,48.1512875739474],[-107.2848472653786,48.15119169471792],[-107.28484706447065,48.151187275627734],[-107.28474561353997,48.15115799467565]]]}"
00000000000000000e56,7683,0,0,0,"{""type"":""Polygon"",""coordinates"":[[[-107.28471052707442,48.15111852876],[-107.28468282494129,48.15109673645866],[-107.28461512436725,48.15107574271593],[-107.28452088134185,48.151207113863066],[-107.28454838253398,48.15122448716372],[-107.28458971755019,48.15125486729978],[-107.28462346752234,48.15126315466873],[-107.28473114503277,48.151131501353504],[-107.28471052707442,48.15111852876]]]}"
00000000000000000e42,7684,0,0,0,"{""type"":""Polygon"",""coordinates"":[[[-107.28460848652992,48.15107583235207],[-107.28448100533899,48.15106057003554],[-107.28447416665034,48.15105624058097],[-107.28440579816113,48.15116924478435],[-107.28447280689993,48.151176839078495],[-107.28452088134185,48.151207113863066],[-107.28461512436725,48.15107574271593],[-107.28460848652992,48.15107583235207]]]}"
00000000000000000e5b,7685,0,0,0,"{""type"":""Polygon"",""coordinates"":[[[-107.28444666563206,48.151038867310135],[-107.2844192092145,48.151021565216865],[-107.28437247136426,48.151022469021136],[-107.28435913859454,48.151022735168205],[-107.28426469425025,48.15114968685388],[-107.28428486571903,48.151153750195235],[-107.28438552492652,48.15116519719828],[-107.28440579816113,48.15116924478435],[-107.28447416665034,48.15105624058097],[-107.28444666563206,48.151038867310135]]]}"
00000000000000000e45,7686,1,0,1,"{""type"":""Polygon"",""coordinates"":[[[-107.28429213023863,48.15101514080718],[-107.28426442855108,48.150993348416534],[-107.28413499757677,48.15108526863622],[-107.2841833168463,48.1511200338202],[-107.28422390510667,48.15113265079986],[-107.28426469425025,48.15114968685388],[-107.28435913859454,48.151022735168205],[-107.28429213023863,48.15101514080718]]]}"
00000000000000000e41,7687,0,0,0,"{""type"":""Polygon"",""coordinates"":[[[-107.28422993284397,48.15096729774026],[-107.28415494827065,48.150933064912905],[-107.28414831049189,48.150933154515506],[-107.28404599126017,48.1510334516142],[-107.28408678013696,48.15105048771852],[-107.2840806304901,48.15106400838663],[-107.28411437998781,48.15107229591665],[-107.28413499757677,48.15108526863622],[-107.28426442855108,48.150993348416534],[-107.28422993284397,48.15096729774026]]]}"
00000000000000000e43,7688,0,0,0,"{""type"":""Polygon"",""coordinates"":[[[-107.28400641735692,48.15089576188499],[-107.28395197067188,48.151021914673606],[-107.28401179565553,48.151016254722926],[-107.28404599126017,48.1510334516142],[-107.28414831049189,48.150933154515506],[-107.28400641735692,48.15089576188499]]]}"
00000000000000000e3a,7689,0,0,0,"{""type"":""Polygon"",""coordinates"":[[[-107.28393896339716,48.15087925796273],[-107.2838730907152,48.1508984227305],[-107.28383993129572,48.15090355043834],[-107.28389204663293,48.15102313977647],[-107.28389863984323,48.151022979010676],[-107.28395197067188,48.151021914673606],[-107.28400641735692,48.15089576188499],[-107.28393896339716,48.15087925796273]]]}"
00000000000000000e3f,7690,0,0,0,"{""type"":""Polygon"",""coordinates"":[[[-107.28383993129572,48.15090355043834],[-107.28383343718181,48.15090814599983],[-107.28380721801285,48.15091758746054],[-107.28374089917287,48.15092784282349],[-107.28369519760969,48.150951070931534],[-107.2838056553776,48.15103376660179],[-107.28382528142556,48.15102448587963],[-107.2838586417406,48.151023777243566],[-107.28389204663293,48.15102313977647],[-107.28383993129572,48.15090355043834]]]}"
00000000000000000e46,7691,0,0,0,"{""type"":""Polygon"",""coordinates"":[[[-107.28369519760969,48.150951070931534],[-107.28368874804508,48.15095573766867],[-107.2836359625987,48.150970145994094],[-107.28361077916983,48.15100191208407],[-107.28359813524558,48.151020028268675],[-107.28359838056885,48.15102451853227],[-107.28372758465564,48.151079956913],[-107.28374002778374,48.151057421606275],[-107.2838056553776,48.15103376660179],[-107.28369519760969,48.150951070931534]]]}"
00000000000000000e3c,7692,0,0,0,"{""type"":""Polygon"",""coordinates"":[[[-107.28359838056885,48.15102451853227],[-107.28356020876342,48.15106547576243],[-107.28354939095243,48.15112375113395],[-107.28369044869594,48.15114323896614],[-107.28372758465564,48.151079956913],[-107.28359838056885,48.15102451853227]]]}"
00000000000000000e62,7693,0,0,0,"{""type"":""Polygon"",""coordinates"":[[[-107.28354939095243,48.15112375113395],[-107.28354993605507,48.151137095319825],[-107.28352406107457,48.15115546184577],[-107.28351269808307,48.15120039310927],[-107.28350664995314,48.151213898055225],[-107.2836744180006,48.15123292505939],[-107.28368429891339,48.151156759636095],[-107.28369044869594,48.15114323896614],[-107.28354939095243,48.15112375113395]]]}"
00000000000000000e5e,7694,0,0,0,"{""type"":""Polygon"",""coordinates"":[[[-107.28350664995314,48.151213898055225],[-107.28350173654913,48.151254162614954],[-107.28347645110925,48.15128594457736],[-107.28359807126667,48.151319290497746],[-107.28359792766213,48.15131478447994],[-107.28364992313989,48.15128254155706],[-107.2836744180006,48.15123292505939],[-107.28350664995314,48.151213898055225]]]}"
00000000000000000e5c,7695,0,0,0,"{""type"":""Polygon"",""coordinates"":[[[-107.28347645110925,48.15128594457736],[-107.28345195599638,48.15133556108084],[-107.28342608084763,48.15135392765384],[-107.28341958662824,48.1513585232293],[-107.28356910895229,48.15141808115475],[-107.2835751571046,48.15140457615193],[-107.28358769946965,48.15138647556313],[-107.28359807126667,48.151319290497746],[-107.28347645110925,48.15128594457736]]]}"
00000000000000000e60,7696,0,0,0,"{""type"":""GeometryCollection"",""geometries"":[{""type"":""LineString"",""coordinates"":[[-107.28336986450246,48.15143993481969],[-107.28337653310564,48.151439802276364]]},{""type"":""Polygon"",""coordinates"":[[[-107.28341958662824,48.1513585232293],[-107.28341358300449,48.151372099392994],[-107.28338928848613,48.15142613508244],[-107.2833765453088,48.15143981654206],[-107.2834860693479,48.151500172715934],[-107.28352424169886,48.15145921516339],[-107.28355011690611,48.15144084852572],[-107.28356910895229,48.15141808115475],[-107.28341958662824,48.1513585232293]]]}]}"
00000000000000000e67,7697,0,0,0,"{""type"":""Polygon"",""coordinates"":[[[-107.28336980577815,48.151439921821385],[-107.28335042477661,48.151453692831424],[-107.2833183005582,48.15148114530477],[-107.28327923604928,48.15150428393096],[-107.28340913211763,48.15157312298129],[-107.28347342518612,48.15151828906152],[-107.2834860693479,48.151500172715934],[-107.28336980577815,48.151439921821385]]]}"
00000000000000000e5f,7698,0,0,0,"{""type"":""Polygon"",""coordinates"":[[[-107.28327923604928,48.15150428393096],[-107.28324672291974,48.151522740062575],[-107.28320240029915,48.15157721831348],[-107.28332584664109,48.151650724341565],[-107.28337110313325,48.151618586626405],[-107.28339658961838,48.1515912236143],[-107.28340913211763,48.15157312298129],[-107.28327923604928,48.15150428393096]]]}"
00000000000000000e57,7699,0,0,0,"{""type"":""Polygon"",""coordinates"":[[[-107.28320240029915,48.15157721831348],[-107.28319595059153,48.15158188507659],[-107.28315694310012,48.151604936789965],[-107.28310454561394,48.151628341385916],[-107.28309815304424,48.15163292123666],[-107.28324895345763,48.15172374588224],[-107.28329382122686,48.15168261178263],[-107.28332584664109,48.151650724341565],[-107.28320240029915,48.15157721831348]]]}"
00000000000000000e68,7700,0,0,0,"{""type"":""Polygon"",""coordinates"":[[[-107.28309815304424,48.15163292123666],[-107.28307262182794,48.15166021301325],[-107.28305963323713,48.15166940417358],[-107.28302125964971,48.15170594257555],[-107.28314490648258,48.15178386817031],[-107.28319095343967,48.151769565133414],[-107.28322327868499,48.151746531689504],[-107.28324895345763,48.15172374588224],[-107.28309815304424,48.15163292123666]]]}"
00000000000000000e63,7701,0,0,0,"{""type"":""Polygon"",""coordinates"":[[[-107.28302125964971,48.15170594257555],[-107.28298205130969,48.151724575131546],[-107.282949681458,48.15174753730336],[-107.2829238058988,48.15176590389499],[-107.28292405113444,48.15177039422611],[-107.28311608616254,48.15188716566987],[-107.28309325434404,48.151825036364656],[-107.28313157361342,48.15178413415318],[-107.28314490648258,48.15178386817031],[-107.28302125964971,48.15170594257555]]]}"
00000000000000000e74,7702,0,0,0,"{""type"":""Polygon"",""coordinates"":[[[-107.28292405113444,48.15177039422611],[-107.28290432292859,48.15177969063501],[-107.28287844733609,48.15179805722648],[-107.28286639502214,48.15182513854616],[-107.28285419640784,48.15185216442464],[-107.28283495860255,48.151870441514774],[-107.28309645961563,48.151896446411655],[-107.2831162868561,48.151891584827844],[-107.28311608616254,48.15188716566987],[-107.28292405113444,48.15177039422611]]]}"
00000000000000000e76,7703,0,0,0,"{""type"":""Polygon"",""coordinates"":[[[-107.28283495860255,48.151870441514774],[-107.28281577793514,48.15188863169682],[-107.28280323510799,48.15190673236902],[-107.28277740396429,48.15192517016309],[-107.28282011685613,48.151986801857575],[-107.28286011555487,48.15198600402786],[-107.28309645961563,48.151896446411655],[-107.28283495860255,48.151870441514774]]]}"
00000000000000000e6f,7704,1,0,1,"{""type"":""Polygon"",""coordinates"":[[[-107.2831162868561,48.151891584827844],[-107.28309645961563,48.151896446411655],[-107.28286011555487,48.15198600402786],[-107.28305081624036,48.152071596829515],[-107.28307713794234,48.1520621396192],[-107.28309114424326,48.15192787316364],[-107.28312346966204,48.15190483967973],[-107.2831162868561,48.151891584827844]]]}"
00000000000000000e70,7705,0,0,0,"{""type"":""Polygon"",""coordinates"":[[[-107.28286011555487,48.15198600402786],[-107.28282011685613,48.151986801857575],[-107.28282036207769,48.15199129220815],[-107.28278774671809,48.15200976409634],[-107.28291336259052,48.15213235649646],[-107.28293294470863,48.152123004564295],[-107.28299847521532,48.15209491468102],[-107.28303748328116,48.15207186280304],[-107.28305081624036,48.152071596829515],[-107.28286011555487,48.15198600402786]]]}"
00000000000000000e75,7706,0,0,0,"{""type"":""Polygon"",""coordinates"":[[[-107.28278774671809,48.15200976409634],[-107.28278125234323,48.15201435968976],[-107.28280954277804,48.152049568558354],[-107.28277057925958,48.15207269151718],[-107.28275700112647,48.15206846709288],[-107.28273092464258,48.15208241457516],[-107.28271759172489,48.152082680503256],[-107.2827890410062,48.15218843091995],[-107.28281491690849,48.15217006420862],[-107.2828282498714,48.15216979826541],[-107.2828415828361,48.15216953232032],[-107.28291336259052,48.15213235649646],[-107.28278774671809,48.15200976409634]]]}"
00000000000000000e91,7707,0,0,0,"{""type"":""Polygon"",""coordinates"":[[[-107.28271759172489,48.152082680503256],[-107.28267070990165,48.15207907742171],[-107.28265092716339,48.152084010115246],[-107.28258367335364,48.15207192405582],[-107.28257717895676,48.152076519641405],[-107.28265718963328,48.15222677562837],[-107.28273605329738,48.152198419942586],[-107.2827890410062,48.15218843091995],[-107.28271759172489,48.152082680503256]]]}"
00000000000000000e87,7708,0,0,0,"{""type"":""Polygon"",""coordinates"":[[[-107.28257717895676,48.152076519641405],[-107.28255789638344,48.152094725576056],[-107.28254505385966,48.152103972202795],[-107.28254594266524,48.152126241924684],[-107.2824800680156,48.15214540623983],[-107.28252578398165,48.152274029754786],[-107.28259131477563,48.15224594006173],[-107.2826179806943,48.15224540823504],[-107.28265718963328,48.15222677562837],[-107.28257717895676,48.152076519641405]]]}"
00000000000000000e92,7709,1,0,1,"{""type"":""Polygon"",""coordinates"":[[[-107.2824800680156,48.15214540623983],[-107.28242732564134,48.15215988544678],[-107.2823869828873,48.1521517578193],[-107.28237354827506,48.15215203942737],[-107.28236021538306,48.1521523053055],[-107.28234708309145,48.15215699036599],[-107.28238654925913,48.15229469995725],[-107.28240657725765,48.15229425767498],[-107.28252602916518,48.15227852013157],[-107.28252578398165,48.152274029754786],[-107.2824800680156,48.15214540623983]]]}"
00000000000000000e78,7710,0,0,0,"{""type"":""Polygon"",""coordinates"":[[[-107.28234708309145,48.15215699036599],[-107.28233433940092,48.15217067189006],[-107.282247258469,48.15216344701886],[-107.2822335815762,48.15215478759762],[-107.28220954156963,48.15236516612578],[-107.28226837748842,48.15233725298496],[-107.28236657841967,48.152295055323854],[-107.28238654925913,48.15229469995725],[-107.28234708309145,48.15215699036599]]]}"
00000000000000000e9f,7711,0,0,0,"{""type"":""Polygon"",""coordinates"":[[[-107.28218605366254,48.15213785553343],[-107.28217237680217,48.15212919610685],[-107.28202414688118,48.15224830228579],[-107.28202493652383,48.15226613715855],[-107.28195999473873,48.15230764216725],[-107.2819084874664,48.15234886562511],[-107.28168331485912,48.15254092225356],[-107.2817382256002,48.152575529054836],[-107.28183750641082,48.15255572828987],[-107.28187671574209,48.15253709588237],[-107.28190299317612,48.15252756771915],[-107.28201751961105,48.15240024377692],[-107.28209593788395,48.15236297892529],[-107.28212304944938,48.152371356826535],[-107.28215050502584,48.152388660041524],[-107.28220319052289,48.15237426782823],[-107.28220954156963,48.15236516612578],[-107.28223333642806,48.15215029722974],[-107.28218605366254,48.15213785553343]]]}"
00000000000000000e7b,7712,0,0,0,"{""type"":""GeometryCollection"",""geometries"":[{""type"":""LineString"",""coordinates"":[[-107.28188901081889,48.15236262517656],[-107.28190842315169,48.1523488405903]]},{""type"":""Polygon"",""coordinates"":[[[-107.28216568179674,48.15212937248717],[-107.28214413168243,48.152094058161296],[-107.28211018189273,48.152081350591004],[-107.28208996609632,48.15207721553179],[-107.28192053033041,48.15216993232209],[-107.28192761382819,48.15217875242949],[-107.28200249515974,48.15221300357322],[-107.28202995053373,48.15223030677582],[-107.28202414688118,48.15224830228579],[-107.28217237680217,48.15212919610685],[-107.28216568179674,48.15212937248717]]]},{""type"":""Polygon"",""coordinates"":[[[-107.28184295646734,48.15237695491196],[-107.28181663458348,48.15238641184488],[-107.28177629199764,48.152378283921436],[-107.28170244239213,48.15237080845285],[-107.28165501645502,48.15235386032229],[-107.28164168359245,48.15235412610087],[-107.28160109608916,48.15234150771721],[-107.28160089558217,48.1523370885136],[-107.28149010647242,48.152397314930084],[-107.28154560562052,48.152445337492104],[-107.2816646116443,48.15242069137782],[-107.28169856141055,48.152433399188205],[-107.28175189301781,48.152432336025626],[-107.28176591662772,48.15244547023132],[-107.28170687996364,48.15246896391301],[-107.2816746524487,48.152496432132715],[-107.2816282608982,48.15250180931155],[-107.28168331485912,48.15254092225356],[-107.28188900401312,48.15236265232383],[-107.28184295646734,48.15237695491196]]]}]}"
00000000000000000eef,7713,0,0,0,"{""type"":""GeometryCollection"",""geometries"":[{""type"":""LineString"",""coordinates"":[[-107.28208327091552,48.15207738740811],[-107.28208993820516,48.15207725496599]]},{""type"":""Polygon"",""coordinates"":[[[-107.28157968989304,48.152310699219996],[-107.28151223633793,48.152294193138275],[-107.28149216396739,48.152294564045285],[-107.28147804177422,48.15227699490605],[-107.28147144850892,48.15227715551076],[-107.28140611811541,48.15230966365978],[-107.28146948973541,48.15238434129748],[-107.28149010647242,48.152397314930084],[-107.28160089558217,48.1523370885136],[-107.28157968989304,48.152310699219996]],[[-107.28153983473256,48.15231600262876],[-107.28154062413668,48.152333837534464],[-107.28155336806832,48.152320156067304],[-107.28153983473256,48.15231600262876]]]},{""type"":""Polygon"",""coordinates"":[[[-107.28205399134266,48.15201992881092],[-107.28202639268973,48.15199811959744],[-107.28171300896979,48.152156189647044],[-107.281713798463,48.15217402449496],[-107.28168713285223,48.152174556061865],[-107.28168043787264,48.15217473240782],[-107.28166081112316,48.15218401291178],[-107.28166164515204,48.15220191895381],[-107.28164865621426,48.15221111002648],[-107.28164910180345,48.15222001959603],[-107.28163655844351,48.15223812024312],[-107.28163734789707,48.15225595512041],[-107.28166401355222,48.152255423565386],[-107.28171576589854,48.152218690688414],[-107.28172954433171,48.152227334471114],[-107.28174243154916,48.15221815911209],[-107.28176909720695,48.152217627528174],[-107.28178243003855,48.15221736173338],[-107.28178085098737,48.152181692016995],[-107.28181401108563,48.15217656487905],[-107.28182011706426,48.15216297286448],[-107.28182734390884,48.15217629907843],[-107.28184678270445,48.15216244125998],[-107.28185912542261,48.15213992142831],[-107.28189262943292,48.15214371954935],[-107.28192053033041,48.15216993232209],[-107.28208327110606,48.1520773919058],[-107.28208327091552,48.15207738740811],[-107.28208213745036,48.15205063183295],[-107.28205399134266,48.15201992881092]],[[-107.28181159789676,48.1521229891736],[-107.28182650979792,48.15215839304863],[-107.28184554750764,48.15213569686411],[-107.28181159789676,48.1521229891736]],[[-107.2816818163084,48.15220598293144],[-107.28168885517462,48.152214731880676],[-107.28169514912342,48.15220571714926],[-107.2816818163084,48.15220598293144]]]}]}"
00000000000000000f5b,7714,0,0,0,"{""type"":""GeometryCollection"",""geometries"":[{""type"":""LineString"",""coordinates"":[[-107.28168043783452,48.1521747154394],[-107.28167376912825,48.15217484788582]]},{""type"":""Polygon"",""coordinates"":[[[-107.28166046724866,48.15217508762119],[-107.28166081112316,48.15218401291178],[-107.28167380004953,48.15217482184248],[-107.28166046724866,48.15217508762119]]]},{""type"":""Polygon"",""coordinates"":[[[-107.28142471054568,48.1522780579037],[-107.28141103393081,48.15226939833933],[-107.2813709338254,48.152270211288425],[-107.28140611811541,48.15230966365978],[-107.28147144850892,48.15227715551076],[-107.28142471054568,48.1522780579037]]]},{""type"":""Polygon"",""coordinates"":[[[-107.28199185399141,48.15197199639672],[-107.28196941281728,48.15191886309555],[-107.28176691951344,48.152016690762615],[-107.28180234636024,48.15206508378604],[-107.28177558199037,48.15206118046824],[-107.28174980476555,48.15208398177322],[-107.28175108445633,48.15211079732922],[-107.28171163050486,48.15212493915415],[-107.28171280844798,48.152151770459575],[-107.28171300896979,48.152156189647044],[-107.28202639268973,48.15199811959744],[-107.28199185399141,48.15197199639672]]]}]}"
00000000000000000e6a,7715,0,0,0,"{""type"":""Polygon"",""coordinates"":[[[-107.28195470138176,48.1518878785696],[-107.281941814309,48.15189705389594],[-107.28192040796706,48.15186624573839],[-107.28189295292913,48.15184894261552],[-107.28188611460413,48.15184461290249],[-107.28168372049646,48.151946875143096],[-107.28176667442214,48.15201220040388],[-107.28176691951344,48.152016690762615],[-107.28196941281728,48.15191886309555],[-107.28196769016716,48.15187868751576],[-107.28195470138176,48.1518878785696]],[[-107.28188040979745,48.15186704316118],[-107.28188744867005,48.15187579203939],[-107.28190058084914,48.15187110706965],[-107.28188040979745,48.15186704316118]],[[-107.28188040979745,48.15186704316118],[-107.28187332636641,48.1518582231008],[-107.28186683197332,48.15186281861958],[-107.28188040979745,48.15186704316118]]]}"
00000000000000000f56,7716,0,0,0,"{""type"":""Polygon"",""coordinates"":[[[-107.28180404906753,48.151801557554855],[-107.28179696567153,48.15179273749892],[-107.28161955949378,48.15185436351779],[-107.28164760327753,48.151885082313285],[-107.2816620693268,48.15191157654173],[-107.28168372049646,48.151946875143096],[-107.28188611460413,48.15184461290249],[-107.28180404906753,48.151801557554855]]]}"
00000000000000000f5a,7717,0,0,0,"{""type"":""Polygon"",""coordinates"":[[[-107.28178992684107,48.15178398862681],[-107.28177580462932,48.15176641970216],[-107.28177383708845,48.15172175389614],[-107.28176005881345,48.15171311019875],[-107.28156223707974,48.15176618173519],[-107.28159835402711,48.15182797446454],[-107.28161955949378,48.15185436351779],[-107.28179696567153,48.15179273749892],[-107.28178992684107,48.15178398862681]]]}"
00000000000000000f55,7718,0,0,0,"{""type"":""Polygon"",""coordinates"":[[[-107.28172300873958,48.151628976947414],[-107.28151844805453,48.1516821534578],[-107.28156120258166,48.151743856685535],[-107.28156199201227,48.151761691396686],[-107.28156223707974,48.15176618173519],[-107.28176005881345,48.15171311019875],[-107.28175971490748,48.15170418498911],[-107.28172300873958,48.151628976947414]]]}"
00000000000000000f54,7719,0,0,0,"{""type"":""Polygon"",""coordinates"":[[[-107.28171572487209,48.15161573777064],[-107.28170042480448,48.15157133786542],[-107.28169294043256,48.15155367956365],[-107.28146742003612,48.15158495728151],[-107.28149625286821,48.15163351064233],[-107.28151844805453,48.1516821534578],[-107.28172300873958,48.151628976947414],[-107.28171572487209,48.15161573777064]]]}"
00000000000000000f57,7720,0,0,0,"{""type"":""Polygon"",""coordinates"":[[[-107.28167055710657,48.1515004596873],[-107.28166956709444,48.15147820593597],[-107.28143651842166,48.15149175405366],[-107.28145772356783,48.15151814298236],[-107.28146033678263,48.151576137233384],[-107.28146742003612,48.15158495728151],[-107.28169294043256,48.15155367956365],[-107.28167055710657,48.1515004596873]]]}"
00000000000000000fc7,7721,0,0,0,"{""type"":""Polygon"",""coordinates"":[[[-107.28139868002194,48.15138978641037],[-107.28141418011562,48.15143860535111],[-107.28141462565722,48.15144751479228],[-107.28143651842166,48.15149175405366],[-107.28166956709444,48.15147820593597],[-107.28166922320692,48.15146928076535],[-107.28166759966322,48.151433540369396],[-107.2816660206803,48.15139787118019],[-107.28139868002194,48.15138978641037]]]}"
00000000000000000e69,7722,0,0,0,"{""type"":""Polygon"",""coordinates"":[[[-107.28138829605649,48.15130512205564],[-107.28139056241595,48.151358641497936],[-107.28139868002194,48.15138978641037],[-107.2816660206803,48.15139787118019],[-107.28166543170997,48.15138445571747],[-107.28166852295962,48.15130403167621],[-107.28138829605649,48.15130512205564]]]}"
00000000000000000e61,7723,0,0,0,"{""type"":""Polygon"",""coordinates"":[[[-107.2816645309201,48.15121478778603],[-107.28139763711928,48.151215612408784],[-107.28138829605649,48.15130512205564],[-107.28166852295962,48.15130403167621],[-107.28167865287892,48.15123235654946],[-107.2816645309201,48.15121478778603]]]}"
00000000000000000e66,7724,0,0,0,"{""type"":""Polygon"",""coordinates"":[[[-107.28163545300255,48.15116174457505],[-107.28165390124381,48.15112563347364],[-107.28140034049996,48.15112619232352],[-107.28139763711928,48.151215612408784],[-107.2816645309201,48.15121478778603],[-107.28163545300255,48.15116174457505]]]}"
00000000000000000f52,7725,0,0,0,"{""type"":""Polygon"",""coordinates"":[[[-107.28163805699596,48.15106788976574],[-107.28163761139493,48.151058980391326],[-107.28163702242783,48.15104556501466],[-107.28163657682678,48.15103665564402],[-107.28142266996784,48.151027492157695],[-107.28142350391106,48.15104539781079],[-107.2813998949578,48.151117282936646],[-107.28140034049996,48.15112619232352],[-107.28165390124381,48.15112563347364],[-107.28166019498714,48.151116618936115],[-107.28163805699596,48.15106788976574]]]}"
00000000000000000f50,7726,0,0,0,"{""type"":""Polygon"",""coordinates"":[[[-107.28145218122098,48.150942046932194],[-107.28144617709376,48.150955622878236],[-107.28141435189393,48.150991928369386],[-107.28142266996784,48.151027492157695],[-107.28163657682678,48.15103665564402],[-107.28163588905414,48.15101880545362],[-107.28163440888456,48.15098757136098],[-107.28164660787095,48.15096054607174],[-107.28165285702282,48.15095146038179],[-107.28145218122098,48.150942046932194]]]}"
00000000000000000f51,7727,0,0,0,"{""type"":""Polygon"",""coordinates"":[[[-107.28150746871177,48.15083380115966],[-107.2814829718703,48.150883416778434],[-107.28145833161827,48.150928526444815],[-107.28145218122098,48.150942046932194],[-107.28165285702282,48.15095146038179],[-107.28167656422715,48.15088401024175],[-107.28150746871177,48.15083380115966]]]}"
00000000000000000f4e,7728,0,0,0,"{""type"":""Polygon"",""coordinates"":[[[-107.28155710829603,48.15074789843873],[-107.28154653280222,48.15081066355989],[-107.28150746871177,48.15083380115966],[-107.28167656422715,48.15088401024175],[-107.28169481174291,48.150843480250295],[-107.28173367527597,48.15081592349557],[-107.28173967928971,48.15080234757043],[-107.28155710829603,48.15074789843873]]]}"
00000000000000000f4f,7729,0,0,0,"{""type"":""Polygon"",""coordinates"":[[[-107.28161318468598,48.15065748735506],[-107.2816066905046,48.15066208274609],[-107.2815937021383,48.15067127352814],[-107.28155666271077,48.15073898911767],[-107.28155710829603,48.15074789843873],[-107.28173967928971,48.15080234757043],[-107.28175896135203,48.150784142259866],[-107.28180362823925,48.15073859053115],[-107.28161318468598,48.15065748735506]]]}"
00000000000000000e5d,7730,0,0,0,"{""type"":""Polygon"",""coordinates"":[[[-107.28171014584858,48.150588548214074],[-107.28163211990419,48.150634807606],[-107.28161318468598,48.15065748735506],[-107.28180362823925,48.15073859053115],[-107.28182286568692,48.1507203140496],[-107.28184795109036,48.150684113787875],[-107.28188052078272,48.15066557153063],[-107.28171014584858,48.150588548214074]]]}"
00000000000000000e50,7731,0,0,0,"{""type"":""Polygon"",""coordinates"":[[[-107.28177375049454,48.150515866455144],[-107.28175584716884,48.15056532121746],[-107.28171014584858,48.150588548214074],[-107.28188052078272,48.15066557153063],[-107.28188681439771,48.15065655706024],[-107.28193010229477,48.1505797558227],[-107.28193659644421,48.150575160417766],[-107.28177375049454,48.150515866455144]]]}"
00000000000000000e4c,7732,0,0,0,"{""type"":""Polygon"",""coordinates"":[[[-107.28176975808802,48.1504266239141],[-107.28178387985207,48.15044419240409],[-107.28178570410614,48.150484351168984],[-107.28178663707081,48.15050669140458],[-107.28177375049454,48.150515866455144],[-107.28193659644421,48.150575160417766],[-107.28197531332746,48.1505475482608],[-107.28200084418806,48.15052025736172],[-107.28201373074266,48.150511082280445],[-107.28202637501641,48.15049296647079],[-107.28176975808802,48.1504266239141]]]}"
00000000000000000e40,7733,0,0,0,"{""type"":""Polygon"",""coordinates"":[[[-107.28186012553293,48.150357845554126],[-107.28184094545398,48.150376035004015],[-107.28180813091893,48.15039008691925],[-107.28177988741083,48.15035494998579],[-107.28175892763832,48.150333051919105],[-107.28175208959986,48.150328722313866],[-107.28175322308864,48.15035548152001],[-107.28175401265199,48.1503733157561],[-107.28175583687757,48.150413474468245],[-107.28176975808802,48.1504266239141],[-107.28202637501641,48.15049296647079],[-107.28204413171713,48.15044345628083],[-107.28206262377878,48.15040741679311],[-107.28186012553293,48.150357845554126]]]}"
00000000000000000e4f,7734,0,0,0,"{""type"":""GeometryCollection"",""geometries"":[{""type"":""LineString"",""coordinates"":[[-107.28175207121924,48.15032869636793],[-107.28175893761089,48.150333026325185]]},{""type"":""Polygon"",""coordinates"":[[[-107.28187640480039,48.150272651375545],[-107.28187035637227,48.150286155988056],[-107.28185998213354,48.15035333961078],[-107.28186012553293,48.150357845554126],[-107.28206262377878,48.15040741679311],[-107.28207492114305,48.15038482652319],[-107.28213906955155,48.15032548882585],[-107.2821453184948,48.15031640321868],[-107.28187640480039,48.150272651375545]]]}]}"
00000000000000000e44,7735,0,0,0,"{""type"":""Polygon"",""coordinates"":[[[-107.28191969218547,48.1501958507155],[-107.28190680573846,48.1502050257265],[-107.28189485232747,48.15023654085551],[-107.28187640480039,48.150272651375545],[-107.2821453184948,48.15031640321868],[-107.28215707117123,48.15028046898655],[-107.28218314636985,48.15026652216996],[-107.28221492583748,48.150230145772895],[-107.28191969218547,48.1501958507155]]]}"
00000000000000000e4d,7736,0,0,0,"{""type"":""Polygon"",""coordinates"":[[[-107.28193572609497,48.15010616659981],[-107.28194438857993,48.15015065467624],[-107.28193189068452,48.1501688258086],[-107.28191934821716,48.15018692576511],[-107.28191969218547,48.1501958507155],[-107.28221492583748,48.150230145772895],[-107.2822274682191,48.150212045765066],[-107.2822662291678,48.150184504874304],[-107.28228526556818,48.150161809486306],[-107.28228433228607,48.15013946940991],[-107.28193572609497,48.15010616659981]]]}"
00000000000000000e4a,7737,0,0,0,"{""type"":""Polygon"",""coordinates"":[[[-107.28228433228607,48.15013946940991],[-107.28227645918851,48.15011281552165],[-107.28231384092875,48.1500540254263],[-107.2823334219181,48.15004467401412],[-107.28228658744422,48.150041141993974],[-107.28224093142354,48.15006444017391],[-107.2821820992741,48.150092351997806],[-107.2821546452592,48.15007504950662],[-107.28219975666948,48.150038407432014],[-107.28195864249152,48.150020883382886],[-107.28195293811682,48.15004331285827],[-107.28194039570539,48.150061412772985],[-107.28192844237705,48.15009292781815],[-107.28193572609497,48.15010616659981],[-107.28215705912181,48.15012862310323],[-107.28228433228607,48.15013946940991]],[[-107.28227586996663,48.15009940039637],[-107.28226233722371,48.15009524721978],[-107.28226292644071,48.15010866234421],[-107.28227586996663,48.15009940039637]],[[-107.28219577543769,48.150101011105825],[-107.28217560522764,48.150096947374614],[-107.28218327764921,48.15011918225109],[-107.28219577543769,48.150101011105825]],[[-107.28215705912181,48.15012862310323],[-107.28216994551468,48.150119448073305],[-107.28214973074246,48.15011531315472],[-107.28215705912181,48.15012862310323]]]}"
00000000000000000e4e,7738,0,0,0,"{""type"":""MultiPolygon"",""coordinates"":[[[[-107.28230994884977,48.14996476799826],[-107.28230641359677,48.15003628077634],[-107.28228658744422,48.150041141993974],[-107.2823334219181,48.15004467401412],[-107.28234665514853,48.15003997343579],[-107.28235816236597,48.1499995491913],[-107.28235781828772,48.149990624278544],[-107.28235722903335,48.14997720918571],[-107.28235702841867,48.14997279018476],[-107.28230994884977,48.14996476799826]]],[[[-107.2821903040791,48.149976085383194],[-107.28220260121375,48.14995349528774],[-107.28198780766412,48.14992651477316],[-107.28197571100773,48.149953523832735],[-107.28196355718171,48.14998061981236],[-107.28195864249152,48.150020883382886],[-107.28219975666948,48.150038407432014],[-107.28220555979361,48.15002041267985],[-107.28222484128338,48.15000220756048],[-107.2821903040791,48.149976085383194]],[[-107.28217082200271,48.149989871483115],[-107.28217790521747,48.14999869121416],[-107.28219109386659,48.14999391948152],[-107.28217082200271,48.149989871483115]]]]}"
00000000000000000e3b,7739,0,0,0,"{""type"":""MultiPolygon"",""coordinates"":[[[[-107.28233523394252,48.149932987149256],[-107.28231575191255,48.149946773266166],[-107.28230994884977,48.14996476799826],[-107.28235702841867,48.14997279018476],[-107.28233523394252,48.149932987149256]]],[[[-107.28202415752523,48.1498409503189],[-107.28202470209965,48.149854294201816],[-107.28199395769754,48.14991299452139],[-107.28198780766412,48.14992651477316],[-107.28220260121375,48.14995349528774],[-107.28220909523196,48.149948899922336],[-107.28218164129527,48.149931597484006],[-107.2821941835728,48.14991349758577],[-107.28223300134877,48.14988586996552],[-107.2822320109375,48.14986361691231],[-107.28202415752523,48.1498409503189]]]]}"
00000000000000000e49,7740,0,0,0,"{""type"":""Polygon"",""coordinates"":[[[-107.2820332512563,48.14974695299037],[-107.28202115469858,48.14977396196109],[-107.28202149869807,48.14978288684033],[-107.28202415752523,48.1498409503189],[-107.2822320109375,48.14986361691231],[-107.28222255830397,48.1498012950746],[-107.28223495706648,48.1497786893251],[-107.2820332512563,48.14974695299037]]]}"
00000000000000000e3d,7741,0,0,0,"{""type"":""Polygon"",""coordinates"":[[[-107.2820693556709,48.14965689866246],[-107.28202970382284,48.14966662091449],[-107.28203915610167,48.14972894262084],[-107.2820332512563,48.14974695299037],[-107.28223495706648,48.1497786893251],[-107.28224691004759,48.1497471744386],[-107.28226446543484,48.14969324594895],[-107.2820693556709,48.14965689866246]]]}"
00000000000000000e47,7742,0,0,0,"{""type"":""MultiPolygon"",""coordinates"":[[[[-107.2820574895798,48.14954100398724],[-107.28206595157795,48.14958107260335],[-107.28207972923198,48.14958971592269],[-107.28209143710103,48.149553711020815],[-107.2820574895798,48.14954100398724]]],[[[-107.28211859124097,48.14956215970673],[-107.28211913585606,48.14957550351745],[-107.28209581899554,48.14965194808259],[-107.2820693556709,48.14965689866246],[-107.28226446543484,48.14969324594895],[-107.28225600319085,48.14965317727124],[-107.28228118917862,48.14961696193135],[-107.28211859124097,48.14956215970673]]]]}"
00000000000000000e4b,7743,0,0,0,"{""type"":""Polygon"",""coordinates"":[[[-107.28233017908678,48.14951773280863],[-107.2820082867694,48.14948397002253],[-107.28200873248099,48.14949287912598],[-107.28200907648177,48.14950180395762],[-107.28204907215643,48.149501006580294],[-107.2820574895798,48.14954100398724],[-107.28209143710103,48.149553711020815],[-107.28209064734988,48.149535877069816],[-107.28210318950566,48.14951777732256],[-107.28211859124097,48.14956215970673],[-107.28228118917862,48.14961696193135],[-107.28229383019804,48.149603296829035],[-107.28233795043425,48.14954440211933],[-107.28233017908678,48.14951773280863]]]}"
00000000000000000c7c,7744,0,0,0,"{""type"":""Polygon"",""coordinates"":[[[-107.28232092692052,48.149459830351226],[-107.28230635935888,48.149433353177294],[-107.2823185573225,48.149406328626085],[-107.28200745249688,48.149466064913696],[-107.28200804163357,48.14947947988146],[-107.2820082867694,48.14948397002253],[-107.28233017908678,48.14951773280863],[-107.28232092692052,48.149459830351226]]]}"
00000000000000000c7b,7745,0,0,0,"{""type"":""Polygon"",""coordinates"":[[[-107.28227570175552,48.149344644184076],[-107.28227456784018,48.1493178855085],[-107.28200336050742,48.14937238950051],[-107.28200493993349,48.14940805730121],[-107.28200666278428,48.14944823099069],[-107.28200745249688,48.149466064913696],[-107.2823185573225,48.149406328626085],[-107.28231831214792,48.14940183849342],[-107.28227570175552,48.149344644184076]]]}"
00000000000000000f4d,7746,0,0,0,"{""type"":""Polygon"",""coordinates"":[[[-107.28202248352552,48.14920228598405],[-107.28198224304992,48.14919859322009],[-107.28198485730677,48.14925658487633],[-107.28198658014529,48.14929675845095],[-107.28200336050742,48.14937238950051],[-107.28227456784018,48.1493178855085],[-107.2822862754334,48.14928188077569],[-107.28229256870988,48.14927286652412],[-107.28202248352552,48.14920228598405]]]}"
00000000000000000dd5,7747,0,0,0,"{""type"":""Polygon"",""coordinates"":[[[-107.28229413540743,48.14915669118879],[-107.28202248352552,48.14920228598405],[-107.28229256870988,48.14927286652412],[-107.28231156001533,48.149250100357975],[-107.28230998028083,48.149214432677134],[-107.28229413540743,48.14915669118879]]]}"
00000000000000000dd3,7748,0,0,0,"{""type"":""Polygon"",""coordinates"":[[[-107.28198612266928,48.14913600635185],[-107.281981899051,48.149189668439696],[-107.28198224304992,48.14919859322009],[-107.28202248352552,48.14920228598405],[-107.28229413540743,48.14915669118879],[-107.28228626243772,48.149130037795466],[-107.28230584291747,48.14912068656591],[-107.2823053971285,48.14911177752875],[-107.28230268344468,48.14904935140356],[-107.28198612266928,48.14913600635185]]]}"
00000000000000000dd0,7749,0,0,0,"{""type"":""Polygon"",""coordinates"":[[[-107.28227601991239,48.14904988304984],[-107.28223598006726,48.149050609325926],[-107.28221481997176,48.14902429297214],[-107.28222652749336,48.14898828844916],[-107.28198793540531,48.14902432140247],[-107.2819896582622,48.14906449479938],[-107.28198612266928,48.14913600635185],[-107.28230268344468,48.14904935140356],[-107.28227601991239,48.14904988304984]]]}"
00000000000000000e48,7750,0,0,0,"{""type"":""Polygon"",""coordinates"":[[[-107.28202905226148,48.148898440250946],[-107.28201060563448,48.148934549856484],[-107.28198690055389,48.149001997528565],[-107.28198793540531,48.14902432140247],[-107.28222652749336,48.14898828844916],[-107.28223257555663,48.14897478415625],[-107.28225855088273,48.14895640304684],[-107.28227793065537,48.14894263294145],[-107.28202905226148,48.148898440250946]]]}"
00000000000000000dcd,7751,0,0,0,"{""type"":""Polygon"",""coordinates"":[[[-107.28233578296843,48.148892310992935],[-107.2820842902198,48.148790127293516],[-107.28207130260367,48.14879931779449],[-107.28205841669167,48.148808492568996],[-107.28204739714378,48.14886234639399],[-107.28202905226148,48.148898440250946],[-107.28227793065537,48.14894263294145],[-107.28229091830413,48.14893344238666],[-107.28233612705823,48.14890123571936],[-107.2823426208725,48.14889664044192],[-107.28233578296843,48.148892310992935]]]}"
00000000000000000dce,7752,0,0,0,"{""type"":""Polygon"",""coordinates"":[[[-107.28224746100821,48.148706501905366],[-107.28222739042057,48.14870687289566],[-107.28220156154367,48.148725309357076],[-107.28216815932215,48.14872594614014],[-107.28214149606043,48.148726477738904],[-107.2820842902198,48.148790127293516],[-107.28233578296843,48.148892310992935],[-107.28224746100821,48.148706501905366]]]}"
00000000000000000dcf,7753,0,0,0,"{""type"":""Polygon"",""coordinates"":[[[-107.28240861938016,48.148730141558296],[-107.2823544582582,48.14871330004053],[-107.28224746100821,48.148706501905366],[-107.28233578296843,48.148892310992935],[-107.2823426208725,48.14889664044192],[-107.28236121069664,48.14886503661855],[-107.28237454240757,48.148864770786844],[-107.28238787412027,48.148864504953224],[-107.28239461311215,48.14886439976168],[-107.28242205275829,48.148729859994916],[-107.28240861938016,48.148730141558296]]]}"
00000000000000000dd2,7754,0,0,0,"{""type"":""Polygon"",""coordinates"":[[[-107.282475379453,48.14872879662964],[-107.28242205275829,48.148729859994916],[-107.28239461311215,48.14886439976168],[-107.2824212765448,48.14886386808685],[-107.28252778685305,48.148857235499726],[-107.28256220746697,48.148731530944254],[-107.282475379453,48.14872879662964]]]}"
00000000000000000dc6,7755,0,0,0,"{""type"":""Polygon"",""coordinates"":[[[-107.28265577456513,48.14873415996847],[-107.28256220746697,48.148731530944254],[-107.28252778685305,48.148857235499726],[-107.28257417413835,48.14885185836632],[-107.28264127871263,48.148859438027195],[-107.28266149298216,48.14886357275638],[-107.2826957696876,48.148733362347244],[-107.28265577456513,48.14873415996847]]]}"
00000000000000000dd1,7756,0,0,0,"{""type"":""Polygon"",""coordinates"":[[[-107.28280252513578,48.148731219546626],[-107.28279578613851,48.148731324766686],[-107.28274245925832,48.14873238831478],[-107.2826957696876,48.148733362347244],[-107.28266149298216,48.14886357275638],[-107.28270168891048,48.148867194033045],[-107.28274921330501,48.14888412487969],[-107.28281621639417,48.148891720144405],[-107.28280252513578,48.148731219546626]]]}"
00000000000000000dcb,7757,0,0,0,"{""type"":""Polygon"",""coordinates"":[[[-107.28290372065672,48.14875601138723],[-107.28286372542132,48.148756809098344],[-107.28286293527057,48.14873897543369],[-107.28286244477917,48.148729995288924],[-107.28280252513578,48.148731219546626],[-107.28281621639417,48.148891720144405],[-107.28282954817925,48.148891454247455],[-107.28286998947497,48.1488995655388],[-107.28289006030461,48.148899194406596],[-107.28291672390289,48.148898662589545],[-107.28293664847055,48.148898235996235],[-107.28294996440778,48.148746128281644],[-107.28290372065672,48.14875601138723]]]}"
00000000000000000dd4,7758,0,0,0,"{""type"":""Polygon"",""coordinates"":[[[-107.28305627420401,48.1487350762243],[-107.28296978991268,48.148741267062924],[-107.28294996440778,48.148746128281644],[-107.28293664847055,48.148898235996235],[-107.28295671931374,48.148897864849744],[-107.28299002026117,48.148897243506546],[-107.28308969319296,48.14888628087579],[-107.28310302501488,48.14888601493994],[-107.28305627420401,48.1487350762243]]]}"
00000000000000000dca,7759,0,0,0,"{""type"":""Polygon"",""coordinates"":[[[-107.2831896364755,48.148732488027704],[-107.28316292835711,48.14873294873966],[-107.28312957034818,48.14873365704454],[-107.28309626949795,48.148734278431775],[-107.28305627420401,48.1487350762243],[-107.28310302501488,48.14888601493994],[-107.28312993394191,48.1488899731465],[-107.28322246645963,48.14887027781344],[-107.28323579829464,48.1488700118589],[-107.2831896364755,48.148732488027704]]]}"
00000000000000000dc7,7760,0,0,0,"{""type"":""Polygon"",""coordinates"":[[[-107.28331518233541,48.1487031596621],[-107.28325546049213,48.1487132534432],[-107.28320296825633,48.1487322220798],[-107.2831896364755,48.148732488027704],[-107.28323579829464,48.1488700118589],[-107.28330186787142,48.14885526726587],[-107.28332853155497,48.14885473533268],[-107.28336818275149,48.14884501271035],[-107.28337482010093,48.148844923176185],[-107.28331518233541,48.1487031596621]]]}"
00000000000000000dbd,7761,0,0,0,"{""type"":""Polygon"",""coordinates"":[[[-107.2834137621247,48.14866995995115],[-107.28338105088858,48.14868399618086],[-107.2833480943333,48.148693542337156],[-107.28331518233541,48.1487031596621],[-107.28337482010093,48.148844923176185],[-107.28346755338463,48.1488296465223],[-107.28352703017484,48.148815062504255],[-107.2834137621247,48.14866995995115]]]}"
00000000000000000dc9,7762,0,0,0,"{""type"":""Polygon"",""coordinates"":[[[-107.28353202372021,48.14862739304944],[-107.28350615060995,48.148645758647916],[-107.2834137621247,48.14866995995115],[-107.28352703017484,48.148815062504255],[-107.28362664617713,48.14880418623348],[-107.28366605202794,48.148789973424606],[-107.28353202372021,48.14862739304944]]]}"
00000000000000000dc5,7763,0,0,0,"{""type"":""Polygon"",""coordinates"":[[[-107.2836504288307,48.148589331822826],[-107.28358535089762,48.14862632905715],[-107.28354535551188,48.148627127054205],[-107.28353202372021,48.14862739304944],[-107.28366605202794,48.148789973424606],[-107.28367254575352,48.148785378069114],[-107.28369876335803,48.14877593706711],[-107.28375799476706,48.14875686285186],[-107.2837909514259,48.148747316540664],[-107.2836504288307,48.148589331822826]],[[-107.28369841893397,48.14876701237529],[-107.28367824892956,48.14876294905764],[-107.28368543149114,48.14877620308631],[-107.28369841893397,48.14876701237529]]]}"
00000000000000000dc2,7764,0,0,0,"{""type"":""Polygon"",""coordinates"":[[[-107.28379535379656,48.148546232642765],[-107.28369573835461,48.148557109021176],[-107.2836504288307,48.148589331822826],[-107.2837909514259,48.148747316540664],[-107.28387035284508,48.148732305557566],[-107.28379535379656,48.148546232642765]]]}"
00000000000000000dc3,7765,0,0,0,"{""type"":""Polygon"",""coordinates"":[[[-107.28388104763745,48.14852220750775],[-107.28383520554402,48.14854092876346],[-107.28379535379656,48.148546232642765],[-107.28387035284508,48.148732305557566],[-107.28389691750199,48.14872733884911],[-107.28391024938134,48.14872707280046],[-107.28396773296441,48.148520434738245],[-107.28388104763745,48.14852220750775]]]}"
00000000000000000db7,7766,0,0,0,"{""type"":""Polygon"",""coordinates"":[[[-107.28406154649741,48.14852755240273],[-107.28402814379123,48.148528189843155],[-107.28399439659631,48.148519902624734],[-107.28396773296441,48.148520434738245],[-107.28391024938134,48.14872707280046],[-107.28399727971134,48.148734224666676],[-107.28401100067227,48.14874295446454],[-107.28412191285437,48.1485352362698],[-107.28406154649741,48.14852755240273]]]}"
00000000000000000dc8,7767,0,0,0,"{""type"":""Polygon"",""coordinates"":[[[-107.28421607116933,48.14855127842835],[-107.28420273930976,48.14855154451811],[-107.28418906290482,48.14854288595701],[-107.28416239920116,48.148543418126685],[-107.28412191285437,48.1485352362698],[-107.28401100067227,48.14874295446454],[-107.28405178711209,48.14875998990466],[-107.28415854417706,48.148757845553334],[-107.28417851349602,48.14875748987626],[-107.28422276567242,48.14855110192972],[-107.28421607116933,48.14855127842835]]]}"
00000000000000000dc4,7768,0,0,0,"{""type"":""Polygon"",""coordinates"":[[[-107.28425843926814,48.14860398088167],[-107.2842843121932,48.14858561509962],[-107.28425730386853,48.14857722264354],[-107.28422276567242,48.14855110192972],[-107.28417851349602,48.14875748987626],[-107.28429220810114,48.14876410928823],[-107.28433244937948,48.14876780103267],[-107.28433139151142,48.148593636113745],[-107.28425843926814,48.14860398088167]]]}"
00000000000000000e13,7769,0,0,0,"{""type"":""Polygon"",""coordinates"":[[[-107.28444419574545,48.14857798715027],[-107.28443106471921,48.14858267214589],[-107.28440440091829,48.14858320438568],[-107.2843647498197,48.14859292738535],[-107.28433139151142,48.148593636113745],[-107.28433244937948,48.14876780103267],[-107.2844327131029,48.14877025176469],[-107.2845066576065,48.148782159348066],[-107.28444419574545,48.14857798715027]]]}"
00000000000000000e1d,7770,0,0,0,"{""type"":""Polygon"",""coordinates"":[[[-107.28455006004243,48.14855802453238],[-107.28453731821824,48.148571705366756],[-107.28448394601395,48.14857269872141],[-107.28444419574545,48.14857798715027],[-107.2845066576065,48.148782159348066],[-107.28454704276474,48.148790356796866],[-107.28465960231789,48.14877021743605],[-107.28468547528492,48.14875185148679],[-107.28455006004243,48.14855802453238]]]}"
00000000000000000e3e,7771,0,0,0,"{""type"":""Polygon"",""coordinates"":[[[-107.28467481509308,48.14851086092823],[-107.28465498955919,48.1485157224787],[-107.28462867039755,48.14852517942055],[-107.28460200658189,48.148525711715045],[-107.28456929549235,48.14853974830764],[-107.28455006004243,48.14855802453238],[-107.28468547528492,48.14875185148679],[-107.28469196895136,48.148747256067146],[-107.28471784189465,48.14872889011777],[-107.28473082921444,48.1487196992784],[-107.28475016390874,48.148705857571265],[-107.28476954315823,48.148692087041454],[-107.28477603680919,48.14868749162173],[-107.28467481509308,48.14851086092823]]]}"
00000000000000000db9,7772,0,0,0,"{""type"":""Polygon"",""coordinates"":[[[-107.28478047842606,48.14848647921906],[-107.28470752615483,48.14849682430807],[-107.28468130871492,48.14850626553147],[-107.28467481509308,48.14851086092823],[-107.28477603680919,48.14868749162173],[-107.28479551775492,48.14867370536249],[-107.28488666920833,48.14862276020082],[-107.28478047842606,48.14848647921906]]]}"
00000000000000000e0b,7773,0,0,0,"{""type"":""Polygon"",""coordinates"":[[[-107.28479867718062,48.14844587941194],[-107.28478047842606,48.14848647921906],[-107.28488666920833,48.14862276020082],[-107.28501018686447,48.14854885362303],[-107.285022727626,48.1485307538688],[-107.28479867718062,48.14844587941194]]]}"
00000000000000000dc0,7774,0,0,0,"{""type"":""Polygon"",""coordinates"":[[[-107.2850505029574,48.148405139048826],[-107.28481052857407,48.14840993047779],[-107.28481087327486,48.14841885509808],[-107.28479867718062,48.14844587941194],[-107.285022727626,48.1485307538688],[-107.28504741979124,48.14848555856722],[-107.28504608285802,48.14845438155399],[-107.28505734130133,48.148409468253135],[-107.2850505029574,48.148405139048826]]]}"
00000000000000000d71,7775,0,0,0,"{""type"":""Polygon"",""coordinates"":[[[-107.28503637980965,48.148387571754874],[-107.2850404551463,48.148329404708385],[-107.28502618822424,48.14830733168417],[-107.28501924819429,48.148303018214904],[-107.28482085235487,48.14834267798797],[-107.28482124162493,48.148351673773554],[-107.28480904556385,48.1483786980534],[-107.28480949197446,48.148387606939146],[-107.28481052857407,48.14840993047779],[-107.2850505029574,48.148405139048826],[-107.28503637980965,48.148387571754874]]]}"
00000000000000000dc1,7776,0,0,0,"{""type"":""Polygon"",""coordinates"":[[[-107.28500512510008,48.14828545094907],[-107.28498253674702,48.148227816410724],[-107.28496841370087,48.14821024916334],[-107.28479043400901,48.148258461813924],[-107.28480455695896,48.148276029106015],[-107.28482551820362,48.14829792561479],[-107.28482040594092,48.14833376910997],[-107.28482085235487,48.14834267798797],[-107.28501924819429,48.148303018214904],[-107.28500512510008,48.14828545094907]]]}"
00000000000000000dba,7777,0,0,0,"{""type"":""Polygon"",""coordinates"":[[[-107.28495118306101,48.148121261329486],[-107.28491177787035,48.14813547446889],[-107.28490469410019,48.14812665526578],[-107.28473365231123,48.1481836314881],[-107.28478335025683,48.1482496425808],[-107.28479043400901,48.148258461813924],[-107.28496841370087,48.14821024916334],[-107.28496806895845,48.14820132458003],[-107.2849651051238,48.14813440971783],[-107.28495118306101,48.148121261329486]]]}"
00000000000000000dbe,7778,0,0,0,"{""type"":""Polygon"",""coordinates"":[[[-107.28497581782723,48.14807615330994],[-107.28494915423575,48.14807668569066],[-107.28492244608574,48.148077146887395],[-107.28484304558376,48.14809215853104],[-107.2848348259974,48.14805658137393],[-107.28483437957641,48.14804767254458],[-107.28457858237444,48.148146563040015],[-107.28461936870694,48.1481635980487],[-107.28466600137041,48.1481627099905],[-107.28472636767557,48.14817039342538],[-107.28473365231123,48.1481836314881],[-107.28490469410019,48.14812665526578],[-107.28488348737757,48.148100268838064],[-107.28491664450019,48.14809514110083],[-107.28496997169844,48.14809407634928],[-107.2850025831349,48.14807560519227],[-107.28497581782723,48.14807615330994]]]}"
00000000000000000db8,7779,0,0,0,"{""type"":""Polygon"",""coordinates"":[[[-107.28479221186437,48.14799938973797],[-107.28479707858443,48.1479590564779],[-107.28475103628811,48.147973359132415],[-107.28474434185229,48.147973535664256],[-107.28452214602083,48.14808065729553],[-107.28453730518491,48.1481205479965],[-107.28457858237444,48.148146563040015],[-107.28483437957641,48.14804767254458],[-107.28484072931806,48.14803857144879],[-107.28479221186437,48.14799938973797]]]}"
00000000000000000d7c,7780,0,0,0,"{""type"":""Polygon"",""coordinates"":[[[-107.28472313535764,48.147947149272035],[-107.284709012568,48.14792958207361],[-107.28470866788453,48.14792065753544],[-107.28466822639925,48.14791254717458],[-107.28465430456266,48.14789939879281],[-107.28448543595634,48.14800545558363],[-107.28450039416508,48.14804092740771],[-107.28450084050445,48.14804983623955],[-107.28451496320271,48.14806740351106],[-107.28452214602083,48.14808065729553],[-107.28474434185229,48.147973535664256],[-107.28472313535764,48.147947149272035]]]}"
00000000000000000dbf,7781,0,0,0,"{""type"":""Polygon"",""coordinates"":[[[-107.28462705105679,48.14788651655282],[-107.2845995966771,48.14786921549508],[-107.28457169597122,48.1478430056368],[-107.28456461235727,48.14783418645361],[-107.28443504975364,48.147921595534406],[-107.28446938675722,48.147943297048],[-107.28448405491415,48.14797420765874],[-107.28448543595634,48.14800545558363],[-107.28465430456266,48.14789939879281],[-107.28462705105679,48.14788651655282]]]}"
00000000000000000d78,7782,0,0,0,"{""type"":""Polygon"",""coordinates"":[[[-107.2844889439536,48.14778210675133],[-107.28435047068369,48.1478205397957],[-107.28435755422764,48.1478293589942],[-107.284398684634,48.14785531853639],[-107.28440075736626,48.147899965192586],[-107.28443504975364,48.147921595534406],[-107.28456461235727,48.14783418645361],[-107.2844889439536,48.14778210675133]]]}"
00000000000000000dcc,7783,0,0,0,"{""type"":""Polygon"",""coordinates"":[[[-107.28434488979488,48.14769563553244],[-107.28429963877495,48.14772777117423],[-107.28430101967145,48.14775901895922],[-107.28434343170747,48.14781179177442],[-107.28435047068369,48.1478205397957],[-107.2844889439536,48.14778210675133],[-107.28448869850152,48.14777761676974],[-107.28450694165319,48.147737088744854],[-107.28452012951475,48.14773231691702],[-107.28434488979488,48.14769563553244]]]}"
00000000000000000d79,7784,0,0,0,"{""type"":""Polygon"",""coordinates"":[[[-107.28446097633817,48.14760398738542],[-107.28442142800714,48.14761369447223],[-107.2843580776381,48.14769086373109],[-107.28434488979488,48.14769563553244],[-107.28452012951475,48.14773231691702],[-107.2845659705755,48.14771359564777],[-107.28457266495188,48.14771341913074],[-107.28446097633817,48.14760398738542]]]}"
00000000000000000d77,7785,0,0,0,"{""type"":""Polygon"",""coordinates"":[[[-107.28459202059801,48.14754781074761],[-107.28455965505917,48.14757077153207],[-107.28450087182767,48.147598754521425],[-107.28446746980102,48.1475993920863],[-107.28446097633817,48.14760398738542],[-107.28457266495188,48.14771341913074],[-107.28461870689287,48.14769911664143],[-107.28466415867075,48.14767139966566],[-107.28459202059801,48.14754781074761]]]}"
00000000000000000d76,7786,0,0,0,"{""type"":""Polygon"",""coordinates"":[[[-107.28473773291492,48.14752254430015],[-107.28471770699835,48.14752298697605],[-107.28470437543707,48.147523253122735],[-107.28459851404365,48.14754321544496],[-107.28459202059801,48.14754781074761],[-107.28466415867075,48.14767139966566],[-107.28471610385944,48.14763908736486],[-107.284769675776,48.14764251272158],[-107.28473773291492,48.14752254430015]]]}"
00000000000000000d6f,7787,0,0,0,"{""type"":""Polygon"",""coordinates"":[[[-107.28485806179734,48.14752907333772],[-107.28478436483168,48.14752165621419],[-107.28473773291492,48.14752254430015],[-107.284769675776,48.14764251272158],[-107.28482300224034,48.147641448079476],[-107.28488247745153,48.14762686359042],[-107.28488911469194,48.14762677395633],[-107.28489146389987,48.14752843563581],[-107.28485806179734,48.14752907333772]]]}"
00000000000000000d7b,7788,0,0,0,"{""type"":""Polygon"",""coordinates"":[[[-107.2849656520131,48.14754483259179],[-107.28493854235337,48.14753645621298],[-107.28490479548954,48.14752816946239],[-107.28489146389987,48.14752843563581],[-107.28488911469194,48.14762677395633],[-107.28498253781012,48.147624894965965],[-107.28500920108644,48.14762436258852],[-107.2850225327273,48.14762409639697],[-107.28502502539725,48.14753026377328],[-107.2849656520131,48.14754483259179]]]}"
00000000000000000d7a,7789,0,0,0,"{""type"":""Polygon"",""coordinates"":[[[-107.28515150335917,48.14752327263511],[-107.28502502539725,48.14753026377328],[-107.2850225327273,48.14762409639697],[-107.28516293300024,48.14763025347709],[-107.28515150335917,48.14752327263511]]]}"
00000000000000000d7e,7790,0,0,0,"{""type"":""Polygon"",""coordinates"":[[[-107.28526405943911,48.14750313313796],[-107.28523114831725,48.147512750880395],[-107.28520482986882,48.14752220778208],[-107.28517152936786,48.14752282986635],[-107.28515150335917,48.14752327263511],[-107.28516293300024,48.14763025347709],[-107.28532335964188,48.147635967541966],[-107.28526405943911,48.14750313313796]]]}"
00000000000000000d65,7791,0,0,0,"{""type"":""Polygon"",""coordinates"":[[[-107.28545657732072,48.147628870574025],[-107.28539572010948,48.147612207746825],[-107.28539468312479,48.14758988456244],[-107.28542774060914,48.14758032219342],[-107.28543433331394,48.147580161345445],[-107.28538940132447,48.14746938404367],[-107.28531000191964,48.14748439587262],[-107.28526405943911,48.14750313313796],[-107.28532335964188,48.147635967541966],[-107.28533669133147,48.14763570130546],[-107.2853837702488,48.147643721668764],[-107.28543105021373,48.147656160798945],[-107.28546376048143,48.14764212416895],[-107.28545657732072,48.147628870574025]]]}"
00000000000000000d6d,7792,0,0,0,"{""type"":""MultiPolygon"",""coordinates"":[[[[-107.28545657732072,48.147628870574025],[-107.28546376048143,48.14764212416895],[-107.28549028003818,48.14763708596023],[-107.28545657732072,48.147628870574025]]],[[[-107.28553525796116,48.14744862208857],[-107.28545585853097,48.14746363403294],[-107.28540253196304,48.147464699025775],[-107.28538940132447,48.14746938404367],[-107.28543433331394,48.147580161345445],[-107.28554713535597,48.14756451144218],[-107.2855485896135,48.14744835582452],[-107.28553525796116,48.14744862208857]]]]}"
00000000000000000d6e,7793,0,0,0,"{""type"":""Polygon"",""coordinates"":[[[-107.28569627508128,48.14746774990988],[-107.28564260345269,48.147459890589246],[-107.2855485896135,48.14744835582452],[-107.28554713535597,48.14756451144218],[-107.28558029214769,48.14755938353618],[-107.28560026112557,48.147559027579995],[-107.28563361895257,48.14755831843664],[-107.28566062728693,48.147566710342716],[-107.28570301405945,48.147467644489126],[-107.28569627508128,48.14746774990988]]]}"
00000000000000000d73,7794,0,0,0,"{""type"":""Polygon"",""coordinates"":[[[-107.28580376477775,48.14748352390559],[-107.28570301405945,48.147467644489126],[-107.28566062728693,48.147566710342716],[-107.28571499132882,48.14758796836264],[-107.28578224054945,48.14760005131507],[-107.28582413586538,48.147492005451014],[-107.28580376477775,48.14748352390559]]]}"
00000000000000000d70,7795,0,0,0,"{""type"":""Polygon"",""coordinates"":[[[-107.28590585576379,48.14752612939495],[-107.2858512459616,48.147500381561464],[-107.28582413586538,48.147492005451014],[-107.28578224054945,48.14760005131507],[-107.28580226673326,48.14759960840958],[-107.28585642993392,48.14761644757237],[-107.28587680111526,48.14762492912565],[-107.28595997440283,48.14754289730048],[-107.28590585576379,48.14752612939495]]]}"
00000000000000000d63,7796,0,0,0,"{""type"":""Polygon"",""coordinates"":[[[-107.28602860619078,48.14758622768607],[-107.2860282611802,48.14757730321912],[-107.28601443813001,48.14756858964287],[-107.28598698289852,48.14755128910815],[-107.28595997440283,48.14754289730048],[-107.28587680111526,48.14762492912565],[-107.28588354013506,48.14762482369083],[-107.28591113925755,48.147646629972165],[-107.28593859449634,48.14766393055973],[-107.28595271797303,48.14768149747115],[-107.2860701850093,48.14762109509154],[-107.28602860619078,48.14758622768607]]]}"
00000000000000000d72,7797,0,0,0,"{""type"":""Polygon"",""coordinates"":[[[-107.28614030132765,48.14769565740429],[-107.28612514029852,48.14765576732574],[-107.2860701850093,48.14762109509154],[-107.28595271797303,48.14768149747115],[-107.28597437220358,48.14771679219171],[-107.28599626976829,48.14776102715722],[-107.28614713975975,48.14769998647037],[-107.28614030132765,48.14769565740429]]]}"
00000000000000000d7d,7798,0,0,0,"{""type"":""Polygon"",""coordinates"":[[[-107.28617538701467,48.14773512025199],[-107.286154424942,48.14771322429309],[-107.28614713975975,48.14769998647037],[-107.28599626976829,48.14776102715722],[-107.28609304985079,48.147835057029],[-107.28624937606077,48.14774709743433],[-107.28617538701467,48.14773512025199]]]}"
00000000000000000d75,7799,0,0,0,"{""type"":""Polygon"",""coordinates"":[[[-107.28626280731545,48.14775126558847],[-107.28624937606077,48.14774709743433],[-107.28609304985079,48.147835057029],[-107.28611391255937,48.14785251851795],[-107.28613487466879,48.14787441454267],[-107.2861618834899,48.147882806345685],[-107.28620941008609,48.14789973510626],[-107.28621600290192,48.14789957420077],[-107.28632386683636,48.14777234667435],[-107.28626280731545,48.14775126558847]]]}"
00000000000000000d68,7800,0,0,0,"{""type"":""Polygon"",""coordinates"":[[[-107.28639309050637,48.14782909143923],[-107.28633074988582,48.14777674690768],[-107.28632386683636,48.14777234667435],[-107.28621600290192,48.14789957420077],[-107.2862564454107,48.14790768388134],[-107.28627095880164,48.147934246519334],[-107.28631160249154,48.14794677498999],[-107.28642724077366,48.14784621528544],[-107.28639309050637,48.14782909143923]]]}"
00000000000000000d6a,7801,0,0,0,"{""type"":""Polygon"",""coordinates"":[[[-107.28649611968757,48.14789403552993],[-107.28646900897273,48.147885659554746],[-107.28645528735339,48.14787693026719],[-107.28644161031153,48.14786827215423],[-107.28642748646477,48.14785070526185],[-107.28631160249154,48.14794677498999],[-107.28635218908623,48.14795939035153],[-107.28639381330908,48.147994329018196],[-107.2863941584024,48.1480032535524],[-107.28640109864615,48.148007566892254],[-107.28651708213253,48.14791593147991],[-107.28649611968757,48.14789403552993]]]}"
00000000000000000d67,7802,0,0,0,"{""type"":""Polygon"",""coordinates"":[[[-107.28657887707978,48.14795493267745],[-107.28653086092953,48.14792457385784],[-107.28651708213253,48.14791593147991],[-107.28640109864615,48.148007566892254],[-107.28641512081839,48.1480251495708],[-107.28640952098766,48.14804756265833],[-107.28661485733456,48.148012213140916],[-107.28661465619093,48.148007794327185],[-107.28657887707978,48.14795493267745]]]}"
00000000000000000db5,7803,0,0,0,"{""type"":""MultiPolygon"",""coordinates"":[[[[-107.28640952098766,48.14804756265833],[-107.28640544780664,48.148105729396946],[-107.28660626474002,48.14811963778353],[-107.28661485733456,48.148012213140916],[-107.28640952098766,48.14804756265833]]],[[[-107.2869900289399,48.14804498032996],[-107.28696985821722,48.14804091777814],[-107.2869598388743,48.148117023390526],[-107.2869677154657,48.14814367579574],[-107.28702128966034,48.148147099870364],[-107.28698729524776,48.148134323803774],[-107.2870061274024,48.148107209620235],[-107.28702491496078,48.148080024272296],[-107.2869900289399,48.14804498032996]]]]}"
00000000000000000daa,7804,0,0,0,"{""type"":""MultiPolygon"",""coordinates"":[[[[-107.28702128966034,48.148147099870364],[-107.2869677154657,48.14814367579574],[-107.28696830645283,48.14815709034921],[-107.28702301810945,48.14818727236572],[-107.28704829914089,48.1481554914506],[-107.28702128966034,48.148147099870364]]],[[[-107.28640544780664,48.148105729396946],[-107.28640226590547,48.14818616415705],[-107.28659044374739,48.14821373782849],[-107.28660056328215,48.14814206665142],[-107.28660626474002,48.14811963778353],[-107.28640544780664,48.148105729396946]]]]}"
00000000000000000d66,7805,0,0,0,"{""type"":""Polygon"",""coordinates"":[[[-107.28640226590547,48.14818616415705],[-107.28639923025271,48.14826665448565],[-107.28656104484129,48.14830361444931],[-107.28656059800119,48.14829470559684],[-107.28658007845308,48.14828091909067],[-107.28659202771985,48.148249404653505],[-107.28659044374739,48.14821373782849],[-107.28640226590547,48.14818616415705]]]}"
00000000000000000d74,7806,0,0,0,"{""type"":""Polygon"",""coordinates"":[[[-107.28639923025271,48.14826665448565],[-107.28639753265989,48.14837832183951],[-107.28655697182123,48.14836178147311],[-107.28655638098958,48.14834836686103],[-107.28656104484129,48.14830361444931],[-107.28639923025271,48.14826665448565]]]}"
00000000000000000db3,7807,0,0,0,"{""type"":""Polygon"",""coordinates"":[[[-107.28653169035032,48.14839356239443],[-107.28655697182123,48.14836178147311],[-107.28639753265989,48.14837832183951],[-107.28639266748733,48.14841865546258],[-107.28643538466649,48.14848028133584],[-107.28656702289368,48.14843751561855],[-107.28653169035032,48.14839356239443]]]}"
00000000000000000db6,7808,0,0,0,"{""type"":""Polygon"",""coordinates"":[[[-107.28662956616597,48.14849427946927],[-107.28660210982014,48.1484769788347],[-107.28658149215474,48.148464007289604],[-107.28656702289368,48.14843751561855],[-107.28643538466649,48.14848028133584],[-107.28648523090405,48.148550797576675],[-107.2865126872106,48.14856809826993],[-107.28651962757598,48.148572411644395],[-107.28664314406323,48.148498503064936],[-107.28662956616597,48.14849427946927]]]}"
00000000000000000db4,7809,0,0,0,"{""type"":""Polygon"",""coordinates"":[[[-107.28671778089871,48.14852825807158],[-107.28668407665998,48.14852004301609],[-107.28666331491965,48.14850256571733],[-107.28664314406323,48.148498503064936],[-107.28651962757598,48.148572411644395],[-107.2865401435503,48.148585398960165],[-107.28656764449332,48.14860277082363],[-107.28658142354801,48.148611413300486],[-107.28662176534839,48.14861953864249],[-107.28663554442981,48.14862818111366],[-107.28664238311781,48.14863251021462],[-107.28673819752142,48.1485368107428],[-107.28671778089871,48.14852825807158]]]}"
00000000000000000dbb,7810,0,0,0,"{""type"":""Polygon"",""coordinates"":[[[-107.28681238994699,48.14855320647549],[-107.28677239326657,48.148554005849356],[-107.28673819752142,48.1485368107428],[-107.28664238311781,48.14863251021462],[-107.28665616221168,48.14864115268463],[-107.2866904574151,48.14866278245338],[-107.286737091736,48.14866189333817],[-107.28678382779087,48.148660988468286],[-107.28679736121722,48.14866514087676],[-107.28682537698727,48.14854401539038],[-107.28681238994699,48.14855320647549]]]}"
00000000000000000da5,7811,0,0,0,"{""type"":""Polygon"",""coordinates"":[[[-107.28692751542195,48.148591142020834],[-107.28689445909379,48.1485962547929],[-107.28686730310183,48.14858780766044],[-107.28690695464958,48.1485780836162],[-107.28691334645843,48.14857350379669],[-107.28689297430711,48.14856502233531],[-107.28691265603602,48.14855565454622],[-107.28691245486004,48.14855123568833],[-107.2869037861256,48.14850674957016],[-107.28689079910728,48.14851594065881],[-107.28685159453866,48.14853457357157],[-107.28682537698727,48.14854401539038],[-107.28679736121722,48.14866514087676],[-107.28680419994278,48.14866946996827],[-107.28682496186717,48.148686947287274],[-107.28690520132076,48.148689838511565],[-107.2869513465247,48.14867551886681],[-107.28692751542195,48.148591142020834]]]}"
00000000000000000dad,7812,0,0,0,"{""type"":""MultiPolygon"",""coordinates"":[[[[-107.28699126637486,48.14852280750077],[-107.2869426008695,48.14847912085971],[-107.2869037861256,48.14850674957016],[-107.28691245486004,48.14855123568833],[-107.2869510684702,48.14851918809485],[-107.28699141042006,48.148527313263436],[-107.28699126637486,48.14852280750077]]],[[[-107.28699141042006,48.148527313263436],[-107.28697866915816,48.14854099439975],[-107.28699904133593,48.1485494758384],[-107.28699299476672,48.14856298028472],[-107.28695904458012,48.14855027529193],[-107.28694734120357,48.148586279987605],[-107.28692751542195,48.148591142020834],[-107.2869513465247,48.14867551886681],[-107.28699089647158,48.14866581050054],[-107.28703054812706,48.14865608638809],[-107.28706390744652,48.14865537669486],[-107.28710960565692,48.148632148080026],[-107.28699141042006,48.148527313263436]]]]}"
00000000000000000dac,7813,0,0,0,"{""type"":""Polygon"",""coordinates"":[[[-107.28706774576868,48.148440949992676],[-107.28700767763137,48.148442121481644],[-107.2869426008695,48.14847912085971],[-107.28699126637486,48.14852280750077],[-107.28699755869422,48.14851379309485],[-107.2870045986197,48.14852254101396],[-107.28699141042006,48.148527313263436],[-107.28710960565692,48.148632148080026],[-107.28712269218538,48.14862739153562],[-107.2871623438228,48.14861766737626],[-107.28720110147071,48.14859012540971],[-107.28722068149176,48.14858077328478],[-107.28706774576868,48.148440949992676]]]}"
00000000000000000daf,7814,0,0,0,"{""type"":""MultiPolygon"",""coordinates"":[[[[-107.28711613261378,48.148328306349136],[-107.28710373671676,48.148350912034],[-107.28713723985229,48.14835470807293],[-107.28711613261378,48.148328306349136]]],[[[-107.28715785778296,48.14836767946496],[-107.28715205707454,48.14838567389056],[-107.28710670444845,48.148417827006334],[-107.28708732571168,48.148431597923434],[-107.28707433874024,48.14844078902263],[-107.28706774576868,48.148440949992676],[-107.28722068149176,48.14858077328478],[-107.2872274207825,48.148580667746806],[-107.28726628008093,48.148553110042904],[-107.28727961237567,48.14855284351646],[-107.28729249765624,48.14854366810139],[-107.28733214923298,48.148533943888864],[-107.28715785778296,48.14836767946496]]]]}"
00000000000000000dae,7815,0,0,0,"{""type"":""Polygon"",""coordinates"":[[[-107.28736478165591,48.14836799493371],[-107.28727125479003,48.14836544180524],[-107.28724945462135,48.148325641245215],[-107.287216296747,48.14833076983006],[-107.28720296454102,48.148331036344345],[-107.28717526208436,48.14830924592414],[-107.28717387875494,48.14827799791578],[-107.2872392008714,48.14824548853871],[-107.28719211982877,48.14823746904804],[-107.28714390130112,48.14820269157475],[-107.28713696087948,48.14819837827715],[-107.28712432148643,48.148212043611636],[-107.28710365908485,48.148199001072776],[-107.2871232834641,48.14818972021798],[-107.28711599778207,48.14817648236171],[-107.28707561155063,48.1481682861169],[-107.28704829914089,48.1481554914506],[-107.28702301810945,48.14818727236572],[-107.28704383708137,48.14820466257263],[-107.28708566372593,48.14824401990176],[-107.28712138685634,48.148296968530566],[-107.28711613261378,48.148328306349136],[-107.28713723985229,48.14835470807293],[-107.28716410547217,48.14835859390057],[-107.28715785778296,48.14836767946496],[-107.28733214923298,48.148533943888864],[-107.28735836679684,48.148524501933075],[-107.28738468606673,48.148515044239886],[-107.28740402023236,48.148501202065226],[-107.28736478165591,48.14836799493371]]]}"
00000000000000000da9,7816,0,0,0,"{""type"":""Polygon"",""coordinates"":[[[-107.28753948458157,48.14839577784021],[-107.28748501771913,48.14837008603942],[-107.28736478165591,48.14836799493371],[-107.28740402023236,48.148501202065226],[-107.28741051371316,48.1484966064882],[-107.28745100223071,48.148504786896424],[-107.28755306268549,48.14840000129397],[-107.28753948458157,48.14839577784021]]]}"
00000000000000000da8,7817,0,0,0,"{""type"":""Polygon"",""coordinates"":[[[-107.28766898191743,48.148455769271905],[-107.28760743012884,48.148421258491766],[-107.28755306268549,48.14840000129397],[-107.28745100223071,48.148504786896424],[-107.28747786808444,48.148508672641356],[-107.28750606041321,48.14854389342248],[-107.28768960020858,48.14846874056543],[-107.28766898191743,48.148455769271905]]]}"
00000000000000000dab,7818,0,0,0,"{""type"":""Polygon"",""coordinates"":[[[-107.28775239187789,48.148529993680384],[-107.2877102185184,48.14848171185724],[-107.28768984605199,48.148473230587825],[-107.28768960020858,48.14846874056543],[-107.28750606041321,48.14854389342248],[-107.28750626166112,48.148548312276674],[-107.28750705408542,48.14856614578079],[-107.28752122342219,48.148583783905345],[-107.28753534820126,48.14860135085761],[-107.28758867761304,48.14860028458428],[-107.28760245706145,48.148608926904124],[-107.28777964786751,48.14854287512706],[-107.28775239187789,48.148529993680384]]]}"
00000000000000000db1,7819,0,0,0,"{""type"":""Polygon"",""coordinates"":[[[-107.28780026626795,48.14855584641549],[-107.28777964786751,48.14854287512706],[-107.28760245706145,48.148608926904124],[-107.28767143925853,48.148661181498284],[-107.28767223176037,48.148679015037295],[-107.28783049134219,48.14863564304727],[-107.28782994462168,48.14862229956058],[-107.28780026626795,48.14855584641549]]]}"
00000000000000000da3,7820,0,0,0,"{""type"":""MultiPolygon"",""coordinates"":[[[[-107.28821747942028,48.148632384943994],[-107.2882050839199,48.148654990891586],[-107.28822490985246,48.14865012858467],[-107.28821747942028,48.148632384943994]]],[[[-107.28783940715007,48.14868461919943],[-107.28783836870606,48.1486622956239],[-107.28783049134219,48.14863564304727],[-107.28767223176037,48.148679015037295],[-107.28767951776582,48.14869225296945],[-107.28767371720927,48.14871024753363],[-107.2877093972186,48.148763125199594],[-107.28786800263252,48.1487286777121],[-107.28783940715007,48.14868461919943]]]]}"
00000000000000000d9c,7821,0,0,0,"{""type"":""Polygon"",""coordinates"":[[[-107.28822490985246,48.14865012858467],[-107.2882050839199,48.148654990891586],[-107.28819869216285,48.14865957080293],[-107.28812632911222,48.14868333324995],[-107.28809534751277,48.148737543955384],[-107.28806278044499,48.14875608757655],[-107.28799041722326,48.14877984996897],[-107.28791076783843,48.148790374379494],[-107.28788217225168,48.148746315830614],[-107.28786800263252,48.1487286777121],[-107.2877093972186,48.148763125199594],[-107.2877237680215,48.14878518222831],[-107.28770611833252,48.14883912633121],[-107.28788652528051,48.14884447954705],[-107.28788627941496,48.148839989494064],[-107.28797906008265,48.14882477958612],[-107.28810381649507,48.14877761125036],[-107.28813479812447,48.14872340050018],[-107.28816067034495,48.148705033649165],[-107.28818004906958,48.14869126244411],[-107.28823199476004,48.148658947601454],[-107.28822490985246,48.14865012858467]]]}"
00000000000000000db2,7822,0,0,0,"{""type"":""Polygon"",""coordinates"":[[[-107.28770611833252,48.14883912633121],[-107.28770120982352,48.14887938916616],[-107.28768242215365,48.14890657506199],[-107.2876898523274,48.14892431884303],[-107.28787720034374,48.14893398538617],[-107.28788652528051,48.14884447954705],[-107.28770611833252,48.14883912633121]]]}"
00000000000000000da2,7823,0,0,0,"{""type"":""Polygon"",""coordinates"":[[[-107.2876898523274,48.14892431884303],[-107.28769089067167,48.14894664253378],[-107.28768622796083,48.1489913955179],[-107.28769420481169,48.14902248291381],[-107.2878609346357,48.149019178072905],[-107.28786034333889,48.149005763313184],[-107.28787813708888,48.14895632480887],[-107.28787720034374,48.14893398538617],[-107.2876898523274,48.14892431884303]]]}"
00000000000000000da4,7824,0,0,0,"{""type"":""Polygon"",""coordinates"":[[[-107.2878609346357,48.149019178072905],[-107.28769420481169,48.14902248291381],[-107.28769638105256,48.14907156501777],[-107.28769821189829,48.149111722456205],[-107.28788486785598,48.14910798994051],[-107.2878609346357,48.149019178072905]]]}"
00000000000000000db0,7825,0,0,0,"{""type"":""Polygon"",""coordinates"":[[[-107.28769821189829,48.149111722456205],[-107.2876944857795,48.149178815103724],[-107.28770905797452,48.149205291214024],[-107.28788842824324,48.149188320618805],[-107.28788138793027,48.14917957266378],[-107.28788545915964,48.14912140472594],[-107.28788486785598,48.14910798994051],[-107.28769821189829,48.149111722456205]]]}"
00000000000000000da0,7826,0,0,0,"{""type"":""Polygon"",""coordinates"":[[[-107.28788842824324,48.149188320618805],[-107.28770905797452,48.149205291214024],[-107.28773804357334,48.149258346108276],[-107.28774532969993,48.149271584177974],[-107.28774577681753,48.14928049318316],[-107.28774612222081,48.1492894179226],[-107.28774636806644,48.149293908014776],[-107.28791889977825,48.14927260825547],[-107.28788842824324,48.149188320618805]]]}"
00000000000000000dbc,7827,0,0,0,"{""type"":""Polygon"",""coordinates"":[[[-107.28774636806644,48.149293908014776],[-107.28774125821712,48.149329752282185],[-107.28777054693992,48.149387210479205],[-107.28792290737948,48.14936184819927],[-107.28791468440711,48.14932627053417],[-107.28791889977825,48.14927260825547],[-107.28774636806644,48.149293908014776]]]}"
00000000000000000e0e,7828,0,0,0,"{""type"":""Polygon"",""coordinates"":[[[-107.2879380711498,48.14940173921652],[-107.28792290737948,48.14936184819927],[-107.28777054693992,48.149387210479205],[-107.28777793266165,48.14940488323561],[-107.28777897104362,48.14942720712816],[-107.2877741070404,48.14946754159492],[-107.28778114736724,48.1494762896053],[-107.28795358040219,48.14945055502559],[-107.28795278778448,48.14943272123057],[-107.2879380711498,48.14940173921652]]]}"
00000000000000000d9b,7829,0,0,0,"{""type"":""Polygon"",""coordinates"":[[[-107.28795367998322,48.14945498968676],[-107.28795358040219,48.14945055502559],[-107.28778114736724,48.1494762896053],[-107.28781058039402,48.149538253791384],[-107.28781102752423,48.149547162841046],[-107.28796477261584,48.14955304912126],[-107.28795367998322,48.14945498968676]]]}"
00000000000000000da1,7830,0,0,0,"{""type"":""Polygon"",""coordinates"":[[[-107.28796477261584,48.14955304912126],[-107.28781102752423,48.149547162841046],[-107.28781354929659,48.149605170220816],[-107.287801399072,48.149632266669144],[-107.28794909799183,48.14965165774995],[-107.28795500034204,48.14963364711235],[-107.28797358699448,48.14960204183997],[-107.28797319696598,48.14959304587285],[-107.28797240434267,48.14957521202989],[-107.28796477261584,48.14955304912126]]]}"
00000000000000000e04,7831,0,0,0,"{""type"":""Polygon"",""coordinates"":[[[-107.287801399072,48.149632266669144],[-107.28780184619876,48.149641175734835],[-107.28778965137859,48.149668201023744],[-107.28777849491219,48.14971755034132],[-107.28791310716818,48.14974169824644],[-107.28791955628084,48.14973703134444],[-107.28794909799183,48.14965165774995],[-107.287801399072,48.149632266669144]]]}"
00000000000000000e10,7832,0,0,0,"{""type"":""Polygon"",""coordinates"":[[[-107.28777849491219,48.14971755034132],[-107.28777324086114,48.14974888903635],[-107.28774736778199,48.14976725616874],[-107.28775445272416,48.14977607540698],[-107.28774820486422,48.1497851612587],[-107.28775559063308,48.14980283414916],[-107.28774909692518,48.1498074298693],[-107.28789704227894,48.14983131121779],[-107.28791310716818,48.14974169824644],[-107.28777849491219,48.14971755034132]]]}"
00000000000000000e0c,7833,0,0,0,"{""type"":""Polygon"",""coordinates"":[[[-107.28774909692518,48.1498074298693],[-107.28773089997313,48.149848031239905],[-107.28771176637053,48.149866292816164],[-107.28770626639607,48.14989314145427],[-107.28788063186651,48.149911999495984],[-107.28788043058252,48.149907580529074],[-107.28789704227894,48.14983131121779],[-107.28774909692518,48.1498074298693]]]}"
00000000000000000e0f,7834,0,0,0,"{""type"":""Polygon"",""coordinates"":[[[-107.28770626639607,48.14989314145427],[-107.28770710345471,48.14991104658799],[-107.28768816889885,48.149938177588155],[-107.28767646555806,48.14997418332072],[-107.28765728729492,48.14999237375454],[-107.28787041210603,48.14998368891216],[-107.28788063186651,48.149911999495984],[-107.28770626639607,48.14989314145427]]]}"
00000000000000000e17,7835,0,0,0,"{""type"":""Polygon"",""coordinates"":[[[-107.28787100338585,48.149997103921336],[-107.28787041210603,48.14998368891216],[-107.28765728729492,48.14999237375454],[-107.2876505922909,48.14999255051035],[-107.2876658554514,48.15003687676365],[-107.28768047246923,48.150063424480955],[-107.28768081784455,48.15007234935402],[-107.28768126493628,48.15008125849561],[-107.28788125866545,48.15007725918746],[-107.28788755113341,48.15006824445333],[-107.28788012067638,48.15005050030936],[-107.28788592142213,48.15003250526996],[-107.28787100338585,48.149997103921336]]]}"
00000000000000000dea,7836,0,0,0,"{""type"":""Polygon"",""coordinates"":[[[-107.28768126493628,48.15008125849561],[-107.28768834990971,48.15009007779052],[-107.2876780851418,48.150161696261875],[-107.28787227852297,48.15017569202586],[-107.28786167783923,48.150086611733364],[-107.28788125866545,48.15007725918746],[-107.28768126493628,48.15008125849561]]]}"
00000000000000000dfe,7837,0,0,0,"{""type"":""Polygon"",""coordinates"":[[[-107.28787227852297,48.15017569202586],[-107.2876780851418,48.150161696261875],[-107.28767366794496,48.15021094045685],[-107.28766112745161,48.15022904112819],[-107.2876613732813,48.15023353130109],[-107.28783707944409,48.15028356748966],[-107.28784961989756,48.15026546677758],[-107.2878682069887,48.15023386113534],[-107.28788015613334,48.15020234537219],[-107.28787227852297,48.15017569202586]]]}"
00000000000000000e24,7838,0,0,0,"{""type"":""Polygon"",""coordinates"":[[[-107.2876613732813,48.15023353130109],[-107.28764313142054,48.150274061814144],[-107.28761794863536,48.1503102789319],[-107.28774765382695,48.15037469127787],[-107.28775999308033,48.150352171539566],[-107.2878180897563,48.15030633515504],[-107.28783707944409,48.15028356748966],[-107.2876613732813,48.15023353130109]]]}"
00000000000000000e2c,7839,0,0,0,"{""type"":""Polygon"",""coordinates"":[[[-107.28761794863536,48.1503102789319],[-107.28760589972869,48.15033735999536],[-107.28753353340312,48.150361122835434],[-107.28763062522881,48.15044400829216],[-107.28774765382695,48.15037469127787],[-107.28761794863536,48.1503102789319]]]}"
00000000000000000e14,7840,0,0,0,"{""type"":""Polygon"",""coordinates"":[[[-107.28753353340312,48.150361122835434],[-107.28752703957927,48.150365718592205],[-107.2874674150679,48.15037579969186],[-107.28741442847854,48.15038579092563],[-107.28750586306732,48.15049117765103],[-107.28756514244124,48.15047217155661],[-107.2876176375588,48.150453199833834],[-107.28763062522881,48.15044400829216],[-107.28753353340312,48.150361122835434]]]}"
00000000000000000e2f,7841,0,0,0,"{""type"":""Polygon"",""coordinates"":[[[-107.28741442847854,48.15038579092563],[-107.28740109550604,48.150386057497286],[-107.28726855813623,48.15040655724302],[-107.28722855926384,48.150407356890796],[-107.28742120155319,48.15053753144226],[-107.28744058141638,48.15052375987847],[-107.28747294897626,48.15050079678347],[-107.28750586306732,48.15049117765103],[-107.28741442847854,48.15038579092563]]]}"
00000000000000000e16,7842,0,0,0,"{""type"":""Polygon"",""coordinates"":[[[-107.28722855926384,48.150407356890796],[-107.28721522630997,48.15040762343626],[-107.2872426844627,48.150424924483765],[-107.28719678275135,48.15044373499562],[-107.28727726037883,48.15060289120034],[-107.28732355214967,48.15059307673141],[-107.28740182167931,48.15055130300598],[-107.28742120155319,48.15053753144226],[-107.28722855926384,48.150407356890796]]]}"
00000000000000000e31,7843,0,0,0,"{""type"":""Polygon"",""coordinates"":[[[-107.28719678275135,48.15044373499562],[-107.28716386873728,48.15045335401142],[-107.28715008881883,48.15044471133784],[-107.28716303195995,48.15043544868146],[-107.28716952581541,48.15043085294244],[-107.28712303310131,48.150436248285324],[-107.28710984419536,48.15044102074241],[-107.28711706293797,48.15060167070803],[-107.28714348319549,48.15059664743045],[-107.28718313698975,48.15058692284416],[-107.28721014827154,48.15059531472191],[-107.28726417312625,48.15060764796264],[-107.28727726037883,48.15060289120034],[-107.28719678275135,48.15044373499562]]]}"
00000000000000000e15,7844,0,0,0,"{""type"":""Polygon"",""coordinates"":[[[-107.28706345320776,48.15044640032473],[-107.28704338064662,48.15044677238474],[-107.28703004770485,48.15044703890436],[-107.2870234543797,48.15044719988648],[-107.28696321340087,48.15059579875397],[-107.28698928843072,48.15058185055216],[-107.28702486925839,48.1506302955802],[-107.28709049639009,48.15060663853272],[-107.28711706293797,48.15060167070803],[-107.28710984419536,48.15044102074241],[-107.28706345320776,48.15044640032473]]]}"
00000000000000000e18,7845,0,0,0,"{""type"":""Polygon"",""coordinates"":[[[-107.28698335385083,48.150448015163526],[-107.28691723554697,48.150462691664266],[-107.2868133379822,48.15052732228816],[-107.28695008158354,48.15060048429389],[-107.28696321340087,48.15059579875397],[-107.2870234543797,48.15044719988648],[-107.28698335385083,48.150448015163526]]]}"
00000000000000000e19,7846,0,0,0,"{""type"":""Polygon"",""coordinates"":[[[-107.2868133379822,48.15052732228816],[-107.28680694580757,48.15053190228021],[-107.28675430434711,48.15055081814262],[-107.28673833804042,48.150640416644016],[-107.28693188344438,48.150641086154465],[-107.28693074617507,48.150614326960394],[-107.28695008158354,48.15060048429389],[-107.2868133379822,48.15052732228816]]]}"
00000000000000000e54,7847,0,0,0,"{""type"":""Polygon"",""coordinates"":[[[-107.28673833804042,48.150640416644016],[-107.28672801644196,48.15070767221899],[-107.28674991648384,48.15075190946189],[-107.28693509635772,48.15071249427404],[-107.28692825725557,48.15070816503348],[-107.286933914516,48.15068566386491],[-107.28692642735571,48.15066800633907],[-107.28693188344438,48.150641086154465],[-107.28673833804042,48.150640416644016]]]}"
00000000000000000e1a,7848,0,0,0,"{""type"":""Polygon"",""coordinates"":[[[-107.28694351963782,48.15075249202371],[-107.28694942263834,48.15073448105502],[-107.28693509635772,48.15071249427404],[-107.28674991648384,48.15075190946189],[-107.2867647340696,48.15078287673964],[-107.2867999672431,48.150826847544785],[-107.28682058626069,48.150839819590615],[-107.28698490180594,48.15078294196925],[-107.28694351963782,48.15075249202371]]]}"
00000000000000000e1b,7849,0,0,0,"{""type"":""Polygon"",""coordinates"":[[[-107.28702068396527,48.150835806228905],[-107.28699882580447,48.15079609067793],[-107.28698490180594,48.15078294196925],[-107.28682058626069,48.150839819590615],[-107.28681453918078,48.15085332462596],[-107.2868626163966,48.15088359798097],[-107.2869377496554,48.150922334510156],[-107.28704085618986,48.15083986894752],[-107.28702068396527,48.150835806228905]]]}"
00000000000000000e32,7850,0,0,0,"{""type"":""Polygon"",""coordinates"":[[[-107.28708853133207,48.15086130407129],[-107.28706147535377,48.15085284094109],[-107.28706102842335,48.150843931661996],[-107.28704085618986,48.15083986894752],[-107.2869377496554,48.150922334510156],[-107.28694458879622,48.150926663766676],[-107.28698503501826,48.15093477351208],[-107.28702621625374,48.1509608044791],[-107.28707350174055,48.15097324344336],[-107.28713616197957,48.15088266799912],[-107.28708853133207,48.15086130407129]]]}"
00000000000000000e35,7851,0,0,0,"{""type"":""Polygon"",""coordinates"":[[[-107.28714310287015,48.15088698150472],[-107.28713616197957,48.15088266799912],[-107.28707350174055,48.15097324344336],[-107.28712078728357,48.150985682385816],[-107.28716113196796,48.150993807794194],[-107.28720157840665,48.151001917453165],[-107.2872082164169,48.15100182763337],[-107.28725719807727,48.15090259359545],[-107.28714310287015,48.15088698150472]]]}"
00000000000000000e30,7852,0,0,0,"{""type"":""Polygon"",""coordinates"":[[[-107.28735840736945,48.15092738141058],[-107.28729090476433,48.15091080875915],[-107.28725719807727,48.15090259359545],[-107.2872082164169,48.15100182763337],[-107.2872486628957,48.15100993727271],[-107.28729609269648,48.15102688210819],[-107.28733629347595,48.15103050146898],[-107.28738507369316,48.1509268482622],[-107.28735840736945,48.15092738141058]]]}"
00000000000000000e34,7853,0,0,0,"{""type"":""Polygon"",""coordinates"":[[[-107.28750631163398,48.150951192601994],[-107.28747964525839,48.150951725785625],[-107.28745263358374,48.15094333393693],[-107.2874121870392,48.15093522439549],[-107.28738507369316,48.1509268482622],[-107.28733629347595,48.15103050146898],[-107.28738323402871,48.15103401524709],[-107.28743066399173,48.15105096001969],[-107.28746441548839,48.15105924631865],[-107.28751305137578,48.150951087027764],[-107.28750631163398,48.150951192601994]]]}"
00000000000000000e2d,7854,0,0,0,"{""type"":""Polygon"",""coordinates"":[[[-107.28758714777514,48.15096749850171],[-107.28751305137578,48.150951087027764],[-107.28746441548839,48.15105924631865],[-107.28747111067197,48.15105906956771],[-107.28748478920845,48.151067728020585],[-107.28757232076397,48.151083857210565],[-107.28759273912125,48.15109241007098],[-107.28764127303944,48.150984266386565],[-107.28758714777514,48.15096749850171]]]}"
00000000000000000e25,7855,0,0,0,"{""type"":""Polygon"",""coordinates"":[[[-107.28775036086,48.15103570759048],[-107.28771646509976,48.15102291542585],[-107.28769539838456,48.15100103424418],[-107.28764127303944,48.150984266386565],[-107.28759273912125,48.15109241007098],[-107.28763353130212,48.151109444602874],[-107.28767432353816,48.15112647912152],[-107.28768790264323,48.15113070274981],[-107.28776389537767,48.15103986002217],[-107.28775036086,48.15103570759048]]]}"
00000000000000000e2e,7856,0,0,0,"{""type"":""Polygon"",""coordinates"":[[[-107.28781781966197,48.15105220875957],[-107.28779740122268,48.15104365595567],[-107.28776389537767,48.15103986002217],[-107.28768790264323,48.15113070274981],[-107.28770138003401,48.15113494210978],[-107.28776279209097,48.15116494851089],[-107.28781007846611,48.15117738713786],[-107.28789221964205,48.15107302334577],[-107.28781781966197,48.15105220875957]]]}"
00000000000000000e2a,7857,0,0,0,"{""type"":""Polygon"",""coordinates"":[[[-107.28798068851425,48.15111149248709],[-107.28789221964205,48.15107302334577],[-107.28781007846611,48.15117738713786],[-107.28793170805629,48.15121072725741],[-107.28793830158018,48.15121056620551],[-107.28800755643799,48.15111537822352],[-107.28798068851425,48.15111149248709]]]}"
00000000000000000e2b,7858,0,0,0,"{""type"":""Polygon"",""coordinates"":[[[-107.28804110704263,48.15111924525152],[-107.28800755643799,48.15111537822352],[-107.28793830158018,48.15121056620551],[-107.28795916731704,48.15122802833559],[-107.28801958601328,48.151235781126466],[-107.28808684419172,48.15124786307329],[-107.28811506027903,48.15113115036359],[-107.28804110704263,48.15111924525152]]]}"
00000000000000000e29,7859,0,0,0,"{""type"":""Polygon"",""coordinates"":[[[-107.2882431397708,48.15115982299745],[-107.28811506027903,48.15113115036359],[-107.28808684419172,48.15124786307329],[-107.28811371225552,48.15125174878649],[-107.28818870440438,48.151285978535086],[-107.28824997920424,48.151164152173024],[-107.2882431397708,48.15115982299745]]]}"
00000000000000000e28,7860,0,0,0,"{""type"":""Polygon"",""coordinates"":[[[-107.28824997920424,48.151164152173024],[-107.28818870440438,48.151285978535086],[-107.28820912315035,48.15129453128729],[-107.28826324953233,48.15131129889706],[-107.28827692846116,48.15131995726854],[-107.28837889645767,48.15121073019664],[-107.28824997920424,48.151164152173024]]]}"
00000000000000000e39,7861,0,0,0,"{""type"":""Polygon"",""coordinates"":[[[-107.28845914285235,48.151213620083865],[-107.28838553458975,48.151210640291964],[-107.28837889645767,48.15121073019664],[-107.28827692846116,48.15131995726854],[-107.2882840138289,48.15132877671689],[-107.2883313008566,48.15134121510912],[-107.28839172006323,48.15134896766939],[-107.28844688543934,48.151388059894444],[-107.28850785172953,48.151409156565165],[-107.28854160418956,48.15141744251714],[-107.28845914285235,48.151213620083865]]]}"
00000000000000000e26,7862,0,0,0,"{""type"":""Polygon"",""coordinates"":[[[-107.28858425323078,48.15117537382315],[-107.28853790325704,48.151185275948635],[-107.28849855163267,48.15119940456579],[-107.28846573641331,48.151213458994775],[-107.28845914285235,48.151213620083865],[-107.28854160418956,48.15141744251714],[-107.28856197858852,48.151425924030825],[-107.28858909290874,48.151434299886205],[-107.28860242642642,48.15143403313034],[-107.28862765190395,48.15140233671281],[-107.28863846249509,48.151344060643915],[-107.28858425323078,48.15117537382315]]]}"
00000000000000000e23,7863,0,0,0,"{""type"":""Polygon"",""coordinates"":[[[-107.28871074802599,48.15116837708217],[-107.28870370712778,48.151159628873444],[-107.28867704026268,48.151160162404366],[-107.28865696696961,48.15116053482553],[-107.28864363354246,48.151160801585284],[-107.2886236048339,48.151161245177846],[-107.28858425323078,48.15117537382315],[-107.28863846249509,48.151344060643915],[-107.2887652649605,48.1511941405914],[-107.28871074802599,48.15116837708217]]]}"
00000000000000000e20,7864,0,0,0,"{""type"":""Polygon"",""coordinates"":[[[-107.288847299097,48.15123711797584],[-107.2887652649605,48.1511941405914],[-107.28863846249509,48.151344060643915],[-107.28862765190395,48.15140233671281],[-107.28888198888288,48.15126774415997],[-107.288847299097,48.15123711797584]]]}"
00000000000000000e22,7865,0,0,0,"{""type"":""Polygon"",""coordinates"":[[[-107.2889706616069,48.1513106315478],[-107.28893715496498,48.15130683602497],[-107.28892263816758,48.15128027217565],[-107.28888893017873,48.151272057560554],[-107.28888198888288,48.15126774415997],[-107.28862765190395,48.15140233671281],[-107.28860242642642,48.15143403313034],[-107.2886294836308,48.151442495888325],[-107.28866319161526,48.15145071062127],[-107.28870993214201,48.1514498046518],[-107.2889785402583,48.15133728535189],[-107.2889706616069,48.1513106315478]]]}"
00000000000000000dff,7866,0,0,0,"{""type"":""Polygon"",""coordinates"":[[[-107.28898686631456,48.151372848514875],[-107.2889785402583,48.15133728535189],[-107.28870993214201,48.1514498046518],[-107.28874309318971,48.15144467516652],[-107.28890016418941,48.15152640381084],[-107.2889069041367,48.15152629813234],[-107.28904620248007,48.15135820478366],[-107.28898686631456,48.151372848514875]]]}"
00000000000000000e86,7867,0,0,0,"{""type"":""Polygon"",""coordinates"":[[[-107.2890593346183,48.15135351888132],[-107.28904620248007,48.15135820478366],[-107.2889069041367,48.15152629813234],[-107.28899374537819,48.151529026436364],[-107.28908693640291,48.151522652682],[-107.28912024188527,48.15152202906514],[-107.28913332950574,48.15151727195778],[-107.2890593346183,48.15135351888132]]]}"
00000000000000000ec3,7868,0,0,0,"{""type"":""Polygon"",""coordinates"":[[[-107.28910558321662,48.151343632198554],[-107.28909249566006,48.15134838928483],[-107.2890593346183,48.15135351888132],[-107.28913332950574,48.15151727195778],[-107.28919851303071,48.151480253096395],[-107.28925754826992,48.15145675528286],[-107.28927712980746,48.15144740219075],[-107.28929001595925,48.15143822598103],[-107.28910558321662,48.151343632198554]]]}"
00000000000000000e08,7869,0,0,0,"{""type"":""Polygon"",""coordinates"":[[[-107.28919639435053,48.15128375515701],[-107.28910558321662,48.151343632198554],[-107.28929001595925,48.15143822598103],[-107.28936729216785,48.15137419643743],[-107.28938028000441,48.151365004494],[-107.28919639435053,48.15128375515701]]]}"
00000000000000000e05,7870,0,0,0,"{""type"":""Polygon"",""coordinates"":[[[-107.28926009073375,48.151215502483865],[-107.2892352560757,48.151256195179684],[-107.28919639435053,48.15128375515701],[-107.28938028000441,48.151365004494],[-107.28938677392088,48.15136040852225],[-107.28943163749759,48.151319271943],[-107.28944393175566,48.15129668041652],[-107.28946296594084,48.15127398318161],[-107.28926009073375,48.151215502483865]]]}"
00000000000000000dd8,7871,0,0,0,"{""type"":""Polygon"",""coordinates"":[[[-107.28949132250024,48.151161776084365],[-107.28929052627653,48.151147944716534],[-107.28926499820837,48.15117523780945],[-107.28926623888376,48.15120198148294],[-107.28926009073375,48.151215502483865],[-107.28946296594084,48.15127398318161],[-107.28948849399539,48.15124668998521],[-107.28945429360728,48.151229495085296],[-107.28948016742854,48.151211126963894],[-107.2895129826343,48.15119707218894],[-107.28952482927704,48.151165571399815],[-107.28949806242417,48.15116167036567],[-107.28950490209996,48.15116599944579],[-107.2894848286263,48.15116637204476],[-107.28949132250024,48.151161776084365]],[[-107.2894848286263,48.15116637204476],[-107.28946510292455,48.151171219146825],[-107.28948621379188,48.151197621687004],[-107.2894848286263,48.15116637204476]]]}"
00000000000000000e02,7872,0,0,0,"{""type"":""Polygon"",""coordinates"":[[[-107.28952091972988,48.15107631282431],[-107.2892996030336,48.15105394479799],[-107.28929052627653,48.151147944716534],[-107.28949132250024,48.151161776084365],[-107.28949806242417,48.15116167036567],[-107.28952482927704,48.151165571399815],[-107.28953588451955,48.15111178576467],[-107.28952091972988,48.15107631282431]]]}"
00000000000000000e07,7873,0,0,0,"{""type"":""Polygon"",""coordinates"":[[[-107.28951363253883,48.15106307446281],[-107.2894669938194,48.15106396507963],[-107.28945950518643,48.15104630766199],[-107.28945915939224,48.151037382640915],[-107.28945787398918,48.15101056787934],[-107.28948399369663,48.15099669006518],[-107.28949024148761,48.15098760389318],[-107.28930218786697,48.150960090459655],[-107.2892996030336,48.15105394479799],[-107.28952091972988,48.15107631282431],[-107.28951363253883,48.15106307446281]]]}"
00000000000000000dfb,7874,0,0,0,"{""type"":""Polygon"",""coordinates"":[[[-107.28933158380744,48.15087020854069],[-107.28930664775731,48.15091091671497],[-107.28930218786697,48.150960090459655],[-107.28949024148761,48.15098760389318],[-107.2895089296692,48.150955981780484],[-107.28950813633374,48.15093814750676],[-107.28952018435068,48.1509110659181],[-107.2895264766984,48.15090205093682],[-107.28933158380744,48.15087020854069]]]}"
00000000000000000e01,7875,0,0,0,"{""type"":""Polygon"",""coordinates"":[[[-107.28940757332414,48.150779365042304],[-107.28938249308798,48.15081556721445],[-107.28936995295287,48.150833668307826],[-107.28935741280641,48.150851769406074],[-107.28933158380744,48.15087020854069],[-107.2895264766984,48.15090205093682],[-107.2895445729298,48.15085701366413],[-107.28958387966128,48.15084281354019],[-107.28940757332414,48.150779365042304]]]}"
00000000000000000e03,7876,0,0,0,"{""type"":""Polygon"",""coordinates"":[[[-107.28947717044502,48.15069310182996],[-107.28947092270866,48.15070218794891],[-107.2894464344189,48.15075180525936],[-107.28942680869199,48.15076108707501],[-107.28940757332414,48.150779365042304],[-107.28958387966128,48.15084281354019],[-107.28960906149877,48.15080659556434],[-107.28963468890231,48.15078373734846],[-107.28966100992108,48.15077427858077],[-107.28947717044502,48.15069310182996]]]}"
00000000000000000df5,7877,0,0,0,"{""type"":""Polygon"",""coordinates"":[[[-107.28958770507961,48.15062837815844],[-107.28958131302987,48.15063295834092],[-107.28953541103431,48.150651770052995],[-107.28947717044502,48.15069310182996],[-107.28966100992108,48.15077427858077],[-107.28966764806714,48.15077418858779],[-107.28968004371974,48.150751581537726],[-107.28971900448111,48.15072845642338],[-107.28973179053708,48.15071484552686],[-107.28958770507961,48.15062837815844]]]}"
00000000000000000e00,7878,0,0,0,"{""type"":""Polygon"",""coordinates"":[[[-107.28967792212934,48.150555086401326],[-107.28963281363943,48.15059173227686],[-107.28959989922451,48.150601352165445],[-107.28958770507961,48.15062837815844],[-107.28973179053708,48.15071484552686],[-107.28975117014407,48.15070107345656],[-107.28980981364546,48.15066857955063],[-107.28982269945287,48.150659403413805],[-107.28967792212934,48.150555086401326]]]}"
00000000000000000dec,7879,0,0,0,"{""type"":""Polygon"",""coordinates"":[[[-107.28975519601326,48.15049105767794],[-107.28975539752034,48.15049547668423],[-107.2897228290464,48.15051402152349],[-107.28967792212934,48.150555086401326],[-107.28982269945287,48.150659403413805],[-107.28991271483235,48.15058169238317],[-107.28975519601326,48.15049105767794]]]}"
00000000000000000e06,7880,0,0,0,"{""type"":""Polygon"",""coordinates"":[[[-107.28980575844786,48.15042749163052],[-107.28978731685946,48.15046360365142],[-107.28975519601326,48.15049105767794],[-107.28991271483235,48.15058169238317],[-107.2899193083818,48.150581531196416],[-107.28998310433653,48.150513263272266],[-107.28999519648234,48.15048625303081],[-107.28980575844786,48.15042749163052]]]}"
00000000000000000dde,7881,0,0,0,"{""type"":""Polygon"",""coordinates"":[[[-107.2898564651082,48.15036843154446],[-107.2898569127284,48.150377340712595],[-107.28983103960685,48.15039570862705],[-107.28980575844786,48.15042749163052],[-107.28999519648234,48.15048625303081],[-107.29003187779128,48.15040960990955],[-107.29005007303643,48.15036900771299],[-107.2898564651082,48.15036843154446]]]}"
00000000000000000de9,7882,0,0,0,"{""type"":""Polygon"",""coordinates"":[[[-107.29003217957852,48.15026668935387],[-107.28979307372244,48.150293762805944],[-107.28980060700657,48.150311491120235],[-107.28983470516776,48.15032870134529],[-107.2898564651082,48.15036843154446],[-107.29005007303643,48.15036900771299],[-107.29005577311264,48.150346577726765],[-107.29003217957852,48.15026668935387]]]}"
00000000000000000ded,7883,0,0,0,"{""type"":""Polygon"",""coordinates"":[[[-107.29001994166515,48.150141870115554],[-107.29001399549297,48.15015980985825],[-107.29000031629317,48.150151151932015],[-107.28976363627079,48.150231798451365],[-107.28976447433031,48.15024970365686],[-107.28979307372244,48.150293762805944],[-107.29003217957852,48.15026668935387],[-107.29003183363268,48.15025776447081],[-107.29004194788374,48.15018609028316],[-107.29005686840635,48.1502214913582],[-107.29009587308839,48.15019843751682],[-107.29009528099539,48.15018502249071],[-107.29009880161799,48.15011350959547],[-107.29001994166515,48.150141870115554]]]}"
00000000000000000dfc,7884,0,0,0,"{""type"":""Polygon"",""coordinates"":[[[-107.29010286973154,48.150055340611104],[-107.2900367956481,48.15007009033741],[-107.29003699719212,48.15007450930683],[-107.2899649769148,48.15010719871544],[-107.28991793611343,48.150099251565315],[-107.28992442976534,48.15009465567436],[-107.28971927877042,48.150134433058156],[-107.2897628427907,48.150213964428644],[-107.28976363627079,48.150231798451365],[-107.29000031629317,48.150151151932015],[-107.2899793498557,48.150129255915004],[-107.28999209104505,48.150115573969494],[-107.29002598765516,48.15012836508831],[-107.29001994166515,48.150141870115554],[-107.29009880161799,48.15011350959547],[-107.29010425548063,48.15008658957042],[-107.29011644910234,48.15005956380307],[-107.29010286973154,48.150055340611104]]]}"
00000000000000000dfd,7885,0,0,0,"{""type"":""MultiPolygon"",""coordinates"":[[[[-107.29008929036583,48.150051117417426],[-107.29009395057332,48.15000636347955],[-107.2900408638441,48.15001192140153],[-107.2900367956481,48.15007009033741],[-107.29010286973154,48.150055340611104],[-107.29008929036583,48.150051117417426]]],[[[-107.28990138409783,48.150028111449906],[-107.28990103818023,48.15001918660609],[-107.28970134175634,48.15003204389065],[-107.28970331911427,48.15007670785174],[-107.28970515210668,48.15011686596383],[-107.28971927877042,48.150134433058156],[-107.28992442976534,48.15009465567436],[-107.28993043119438,48.15008107948834],[-107.28994356288335,48.15007639359001],[-107.28990138409783,48.150028111449906]]]]}"
00000000000000000e21,7886,0,0,0,"{""type"":""MultiPolygon"",""coordinates"":[[[[-107.29005712562147,48.14992672683911],[-107.29004527797188,48.14996267736158],[-107.2900408638441,48.15001192140153],[-107.29009395057332,48.15000636347955],[-107.29009747114623,48.14993485082822],[-107.29011021223498,48.149921168920066],[-107.29005712562147,48.14992672683911]]],[[[-107.28967740334315,48.149943231049605],[-107.2897009958876,48.1500231190442],[-107.28970134175634,48.15003204389065],[-107.28990103818023,48.15001918660609],[-107.28989211931177,48.149970209482056],[-107.28989722736182,48.14993436470988],[-107.28967740334315,48.149943231049605]]]]}"
00000000000000000e11,7887,0,0,0,"{""type"":""MultiPolygon"",""coordinates"":[[[[-107.29006619990305,48.14983272909045],[-107.29005667794662,48.149917817749525],[-107.29005712562147,48.14992672683911],[-107.29011021223498,48.149921168920066],[-107.29011001068103,48.1499167499639],[-107.29012627224853,48.14983155554904],[-107.29006619990305,48.14983272909045]]],[[[-107.28988637548939,48.14984079505118],[-107.28968672463654,48.14985372341274],[-107.28966907674184,48.149907668925685],[-107.28967740334315,48.149943231049605],[-107.28989722736182,48.14993436470988],[-107.28989608789004,48.14990760596593],[-107.28988637548939,48.14984079505118]]]]}"
00000000000000000df7,7888,0,0,0,"{""type"":""MultiPolygon"",""coordinates"":[[[[-107.28987849631422,48.14981414209224],[-107.28985673660841,48.14977441231025],[-107.28986913177651,48.149751805677205],[-107.28967607482448,48.14976457280459],[-107.289676566987,48.14977355304849],[-107.28969808037235,48.14980879275129],[-107.28968672463654,48.14985372341274],[-107.28988637548939,48.14984079505118],[-107.28987849631422,48.14981414209224]]],[[[-107.29010228820671,48.14974267200283],[-107.29008246150643,48.149747534818026],[-107.29006446821315,48.149792555476985],[-107.2900661000713,48.149828294406035],[-107.29006619990305,48.14983272909045],[-107.29012627224853,48.14983155554904],[-107.29013777192017,48.14979113072332],[-107.29015700652488,48.14977285297199],[-107.29018312525857,48.149758975318356],[-107.29019541855001,48.149736384389385],[-107.29010228820671,48.14974267200283]]]]}"
00000000000000000e0d,7889,0,0,0,"{""type"":""MultiPolygon"",""coordinates"":[[[[-107.29010476888905,48.149648835776745],[-107.2901150738011,48.1497290613217],[-107.29010228820671,48.14974267200283],[-107.29019541855001,48.149736384389385],[-107.29020840568836,48.14972719263741],[-107.29021147824794,48.14964677132652],[-107.29010476888905,48.149648835776745]]],[[[-107.28986511947097,48.1496625652733],[-107.28963880355022,48.149676027284464],[-107.28966001555884,48.1497024133165],[-107.2896752813741,48.1497467389386],[-107.28967607482448,48.14976457280459],[-107.28986913177651,48.149751805677205],[-107.28988063166109,48.14971138093811],[-107.28986511947097,48.1496625652733]]]]}"
00000000000000000e12,7890,0,0,0,"{""type"":""MultiPolygon"",""coordinates"":[[[[-107.28985669289946,48.14962256869139],[-107.28985485970979,48.1495824109641],[-107.28985426769232,48.149568996091496],[-107.28964148686713,48.14958661009077],[-107.28964183272805,48.14959553486366],[-107.28963845769127,48.14966710249788],[-107.28963880355022,48.149676027284464],[-107.28986511947097,48.1496625652733],[-107.28985669289946,48.14962256869139]]],[[[-107.29017336728563,48.14954032128689],[-107.29007374391475,48.14955120469337],[-107.2900811755255,48.149568948469955],[-107.29010942897858,48.14960408218297],[-107.29011026722476,48.1496219871673],[-107.29015081402206,48.14963453002622],[-107.29012439397985,48.14963955403459],[-107.29010442291603,48.14963991099934],[-107.29010476888905,48.149648835776745],[-107.29021147824794,48.14964677132652],[-107.29021009238551,48.1496155226326],[-107.29017336728563,48.14954032128689]],[[-107.29018342620279,48.149616056549206],[-107.29019046731061,48.14962480438765],[-107.29020345440766,48.14961561265686],[-107.29018342620279,48.149616056549206]]]]}"
00000000000000000df9,7891,0,0,0,"{""type"":""GeometryCollection"",""geometries"":[{""type"":""LineString"",""coordinates"":[[-107.290173367242,48.14954030510554],[-107.29016003059105,48.14954057097263]]},{""type"":""Polygon"",""coordinates"":[[[-107.29014566134019,48.14951853131248],[-107.29010586375689,48.14952375107561],[-107.2900584776128,48.14950687931158],[-107.29007374391475,48.14955120469337],[-107.29016003422562,48.14954058823984],[-107.29014566134019,48.14951853131248]]]},{""type"":""Polygon"",""coordinates"":[[[-107.28983875558158,48.1495201805524],[-107.28983840967148,48.14951125579424],[-107.28982344502992,48.1494757839753],[-107.2896176485713,48.14950223263577],[-107.28964148686713,48.14958661009077],[-107.28985426769232,48.149568996091496],[-107.28983875558158,48.1495201805524]]]}]}"
00000000000000000df4,7892,0,0,0,"{""type"":""Polygon"",""coordinates"":[[[-107.28981259336742,48.149382215117676],[-107.2895674922903,48.149422863400936],[-107.28954137375554,48.1494367407934],[-107.28956828569707,48.14944069715926],[-107.28957591850029,48.149462859865764],[-107.2896176485713,48.14950223263577],[-107.28982344502992,48.1494757839753],[-107.28982299740657,48.1494668749596],[-107.28982244997724,48.14945353129164],[-107.28982185796893,48.14944011645144],[-107.28982106443827,48.14942228269856],[-107.28981259336742,48.149382215117676]]]}"
00000000000000000df2,7893,0,0,0,"{""type"":""Polygon"",""coordinates"":[[[-107.28979687985135,48.149328980833694],[-107.28980174173667,48.14928864642427],[-107.28977369039822,48.14925793171809],[-107.28973289820536,48.14924089869515],[-107.28971227832999,48.149227927690696],[-107.28967818122926,48.14921071775495],[-107.2895674922903,48.149422863400936],[-107.28981259336742,48.149382215117676],[-107.28979687985135,48.149328980833694]]]}"
00000000000000000df1,7894,0,0,0,"{""type"":""Polygon"",""coordinates"":[[[-107.2896508218223,48.14919785246218],[-107.28961002980483,48.14918081940198],[-107.2896088905108,48.14915406103299],[-107.28958222483026,48.14915459476509],[-107.28956889199269,48.14915486162829],[-107.28943312365723,48.14940320811648],[-107.28945329592817,48.14940727021627],[-107.28952134578753,48.14943718454001],[-107.28954137375554,48.1494367407934],[-107.2895674922903,48.149422863400936],[-107.28967818122926,48.14921071775495],[-107.2896508218223,48.14919785246218]]]}"
00000000000000000df8,7895,0,0,0,"{""type"":""Polygon"",""coordinates"":[[[-107.28956215242798,48.14915496733882],[-107.2895484737481,48.149146309500175],[-107.28953514091829,48.149146576358454],[-107.28927695204888,48.14934375185359],[-107.28931094918133,48.14935652733338],[-107.2893855920292,48.14938628059707],[-107.28943312365723,48.14940320811648],[-107.28956889199269,48.14915486162829],[-107.28956215242798,48.14915496733882]]]}"
00000000000000000e1f,7896,0,0,0,"{""type"":""Polygon"",""coordinates"":[[[-107.28949573433407,48.149160791692445],[-107.28944339786582,48.1491841116549],[-107.28942941602998,48.14917105063117],[-107.28916548533245,48.14923881288809],[-107.28916662429806,48.14926557131375],[-107.28920082273011,48.14928276572462],[-107.28922297168191,48.14933149122014],[-107.2892634177313,48.14933959976395],[-107.28927695204888,48.14934375185359],[-107.28953514091829,48.149146576358454],[-107.28949573433407,48.149160791692445]]]}"
00000000000000000e0a,7897,0,0,0,"{""type"":""Polygon"",""coordinates"":[[[-107.28938778633848,48.14913611263947],[-107.28939427983703,48.14913151687233],[-107.2892195685031,48.14910373716809],[-107.28921421400699,48.149135091278836],[-107.28918838625827,48.14915352974216],[-107.28917550094573,48.14916270551888],[-107.28917663992199,48.149189463905486],[-107.28915760682074,48.14921216015778],[-107.28916548533245,48.14923881288809],[-107.28942941602998,48.14917105063117],[-107.28938778633848,48.14913611263947]]]}"
00000000000000000d9f,7898,0,0,0,"{""type"":""MultiPolygon"",""coordinates"":[[[[-107.28953514091829,48.149146576358454],[-107.2895484737481,48.149146309500175],[-107.28954827225694,48.14914189060626],[-107.28953514091829,48.149146576358454]]],[[[-107.2892220511804,48.14900990205266],[-107.2892195685031,48.14910373716809],[-107.28939427983703,48.14913151687233],[-107.28939700813827,48.14904217177498],[-107.2892220511804,48.14900990205266]]]]}"
00000000000000000d97,7899,0,0,0,"{""type"":""Polygon"",""coordinates"":[[[-107.28921095509102,48.14891184386256],[-107.28921883360415,48.14893849643646],[-107.28924108413982,48.14898720587834],[-107.28922160369831,48.14900099310939],[-107.2892220511804,48.14900990205266],[-107.28939700813827,48.14904217177498],[-107.28940266370375,48.14901967121566],[-107.28944028193354,48.148965369862],[-107.28944013759138,48.148960864073054],[-107.28921095509102,48.14891184386256]]]}"
00000000000000000de4,7900,0,0,0,"{""type"":""Polygon"",""coordinates"":[[[-107.28918756563806,48.14883637626124],[-107.28918840345236,48.14885428100358],[-107.28920356864376,48.148894171400315],[-107.28921095509102,48.14891184386256],[-107.28944013759138,48.148960864073054],[-107.28945768346813,48.148906935314216],[-107.28947577854973,48.14886189978976],[-107.28918756563806,48.14883637626124]]]}"
00000000000000000d94,7901,0,0,0,"{""type"":""Polygon"",""coordinates"":[[[-107.28918424837427,48.14876053628008],[-107.28918642663851,48.14880961805476],[-107.28918756563806,48.14883637626124],[-107.28947577854973,48.14886189978976],[-107.28948162295963,48.14884397625822],[-107.28950105869562,48.14883011784376],[-107.2894806852302,48.148821636923806],[-107.28953183733162,48.14877148776363],[-107.28918424837427,48.14876053628008]]]}"
00000000000000000d9e,7902,0,0,0,"{""type"":""Polygon"",""coordinates"":[[[-107.28953045200794,48.14874023956558],[-107.28930479216906,48.14861970888673],[-107.28928561512019,48.14863789914735],[-107.28926013353907,48.14866526206463],[-107.28923460734896,48.14869255381526],[-107.28920873535776,48.14871092094566],[-107.28918345513611,48.14874270274464],[-107.28918424837427,48.14876053628008],[-107.28953183733162,48.14877148776363],[-107.2895380846845,48.14876240198353],[-107.28953045200794,48.14874023956558]]]}"
00000000000000000d96,7903,0,0,0,"{""type"":""Polygon"",""coordinates"":[[[-107.28951524369256,48.14854850880002],[-107.28933676709497,48.14858775026934],[-107.28930479216906,48.14861970888673],[-107.28953045200794,48.14874023956558],[-107.2895294125309,48.14871791601098],[-107.28955563031515,48.14870847341625],[-107.28951524369256,48.14854850880002]]]}"
00000000000000000d95,7904,0,0,0,"{""type"":""Polygon"",""coordinates"":[[[-107.28960995741498,48.14857788891158],[-107.28958284457231,48.14856951376143],[-107.28954909400748,48.14856122857566],[-107.28952857630466,48.14854824195306],[-107.28951524369256,48.14854850880002],[-107.28955563031515,48.14870847341625],[-107.28957545639958,48.14870361082148],[-107.28965569856956,48.14870649967771],[-107.28969040086045,48.14858519658407],[-107.28960995741498,48.14857788891158]]]}"
00000000000000000d9d,7905,0,0,0,"{""type"":""Polygon"",""coordinates"":[[[-107.28978407536003,48.14859225303818],[-107.28969040086045,48.14858519658407],[-107.28965569856956,48.14870649967771],[-107.28976944553314,48.14871318357061],[-107.28978971926419,48.14871722981817],[-107.28982476710418,48.148604851263585],[-107.28978407536003,48.14859225303818]]]}"
00000000000000000d98,7906,0,0,0,"{""type"":""Polygon"",""coordinates"":[[[-107.28989861575361,48.14861677024039],[-107.28986535718002,48.14861746520839],[-107.28982476710418,48.148604851263585],[-107.28978971926419,48.14871722981817],[-107.2899110993832,48.14874607592281],[-107.28995923352106,48.148628940336785],[-107.28989861575361,48.14861677024039]]]}"
00000000000000000d9a,7907,0,0,0,"{""type"":""Polygon"",""coordinates"":[[[-107.29006777326254,48.14866703315423],[-107.2900065632322,48.14864144848843],[-107.28995923352106,48.148628940336785],[-107.2899110993832,48.14874607592281],[-107.28993796640448,48.14874996096711],[-107.28997835517758,48.14875815603318],[-107.29000546836238,48.148766531092896],[-107.29003247985291,48.14877492188081],[-107.29008794535474,48.14867109506836],[-107.29006777326254,48.14866703315423]]]}"
00000000000000000d93,7908,0,0,0,"{""type"":""Polygon"",""coordinates"":[[[-107.29021567489796,48.148690839214346],[-107.29018856165555,48.148682464227534],[-107.29008794535474,48.14867109506836],[-107.29003247985291,48.14877492188081],[-107.29006608647629,48.148778701147606],[-107.29014722284461,48.148803857707364],[-107.29023584705232,48.14869490109764],[-107.29021567489796,48.148690839214346]]]}"
00000000000000000d90,7909,0,0,0,"{""type"":""Polygon"",""coordinates"":[[[-107.29028397086086,48.14872524262111],[-107.29024942597745,48.14869912417299],[-107.29023584705232,48.14869490109764],[-107.29014722284461,48.148803857707364],[-107.29018771353036,48.14881203695351],[-107.2902492700986,48.148846546213214],[-107.29035851420639,48.14875056016951],[-107.29028397086086,48.14872524262111]]]}"
00000000000000000d91,7910,0,0,0,"{""type"":""Polygon"",""coordinates"":[[[-107.29044753046152,48.148802368837835],[-107.29041343311032,48.148785159308765],[-107.2903857274671,48.14876336970845],[-107.29035851420639,48.14875056016951],[-107.2902492700986,48.148846546213214],[-107.29026280450158,48.148850698122764],[-107.29027717725785,48.14887275475616],[-107.2903049827482,48.14889897903824],[-107.29031182219047,48.14890330788078],[-107.2904753360774,48.14882859303232],[-107.29044753046152,48.148802368837835]]]}"
00000000000000000d87,7911,0,0,0,"{""type"":""Polygon"",""coordinates"":[[[-107.29051136918919,48.14888594394936],[-107.29047637612963,48.14885091660899],[-107.29048242172664,48.14883741189399],[-107.2904753360774,48.14882859303232],[-107.29031182219047,48.14890330788078],[-107.2903267872053,48.148938779228494],[-107.29035504055032,48.14897391245153],[-107.29051979644105,48.14892593989708],[-107.29051136918919,48.14888594394936]]]}"
00000000000000000d92,7912,0,0,0,"{""type"":""Polygon"",""coordinates"":[[[-107.29056940701507,48.14899196429477],[-107.29055572800276,48.148983306634946],[-107.29052747439852,48.14894817347132],[-107.29051979644105,48.14892593989708],[-107.29035504055032,48.14897391245153],[-107.29036896565333,48.148987060191494],[-107.29039885130983,48.14905793182342],[-107.29058353385078,48.149009530882275],[-107.29056940701507,48.14899196429477]]]}"
00000000000000000d8f,7913,0,0,0,"{""type"":""Polygon"",""coordinates"":[[[-107.2906518309899,48.149043934205565],[-107.29062481898345,48.14903554356223],[-107.2906106921131,48.149017976973006],[-107.29058353385078,48.149009530882275],[-107.29039885130983,48.14905793182342],[-107.2904129780599,48.14907549846022],[-107.2904155040085,48.149133505146075],[-107.29042883695848,48.149133238162484],[-107.2904292847342,48.14914214711506],[-107.29044945719984,48.14914620898034],[-107.29042963079411,48.14915107180472],[-107.2904300785698,48.149159980760295],[-107.29041674561005,48.14916024774445],[-107.29042358511879,48.149164576598814],[-107.2904504972255,48.149168532692606],[-107.29065891673073,48.14905275308795],[-107.2906518309899,48.149043934205565]]]}"
00000000000000000df3,7914,0,0,0,"{""type"":""Polygon"",""coordinates"":[[[-107.29066630401363,48.149070425470164],[-107.29065891673073,48.14905275308795],[-107.2904504972255,48.149168532692606],[-107.29048400268411,48.14917232756294],[-107.29050556131978,48.149207637840355],[-107.29060642585222,48.14922349669575],[-107.29062000506255,48.14922771975382],[-107.29072012830427,48.14907833749826],[-107.29066630401363,48.149070425470164]]]}"
00000000000000000df6,7915,0,0,0,"{""type"":""Polygon"",""coordinates"":[[[-107.29076914715777,48.14913094722052],[-107.29072171626306,48.14911400473946],[-107.29072092228371,48.14909617111585],[-107.29072047443607,48.14908726217425],[-107.29072012830427,48.14907833749826],[-107.29062000506255,48.14922771975382],[-107.29064687271361,48.149231604619175],[-107.29070739049828,48.1492437900769],[-107.29076805466046,48.14925603093612],[-107.29078138770447,48.149255763900534],[-107.29080230658361,48.14912581729062],[-107.29076914715777,48.14913094722052]]]}"
00000000000000000dfa,7916,0,0,0,"{""type"":""Polygon"",""coordinates"":[[[-107.29088116439468,48.14909745672904],[-107.29086803304467,48.14910214265998],[-107.29082213300937,48.14912095439106],[-107.29080230658361,48.14912581729062],[-107.29078138770447,48.149255763900534],[-107.29090124066218,48.149248854688054],[-107.2909357867262,48.1492749731442],[-107.29096165878472,48.149256605349684],[-107.29098148529644,48.14925174240294],[-107.29088116439468,48.14909745672904]]]}"
00000000000000000df0,7917,0,0,0,"{""type"":""Polygon"",""coordinates"":[[[-107.29100706244401,48.14907704261602],[-107.29098723602547,48.14908190554956],[-107.29094723699866,48.14908270673125],[-107.29090758416538,48.149092432570896],[-107.29088116439468,48.14909745672904],[-107.29098148529644,48.14925174240294],[-107.29108690783845,48.1492228631996],[-107.2910928087863,48.14920485255123],[-107.29100706244401,48.14907704261602]]]}"
00000000000000000d8b,7918,0,0,0,"{""type"":""Polygon"",""coordinates"":[[[-107.29114584560298,48.149047452329775],[-107.29111942582674,48.14905247654937],[-107.29109310601379,48.14906193537728],[-107.29104022187636,48.149071912608996],[-107.29100706244401,48.14907704261602],[-107.2910928087863,48.14920485255123],[-107.29111184111373,48.14918215593786],[-107.29117121884873,48.149167582752746],[-107.29119788498933,48.14916704856726],[-107.29114584560298,48.149047452329775]]]}"
00000000000000000d8e,7919,0,0,0,"{""type"":""Polygon"",""coordinates"":[[[-107.29127803538773,48.14901802313076],[-107.29123862884359,48.14903223914482],[-107.29119862976337,48.149033040431895],[-107.29115897693875,48.149042766366044],[-107.29114584560298,48.149047452329775],[-107.29119788498933,48.14916704856726],[-107.29121121806233,48.149166781471656],[-107.2912312462424,48.1491663373692],[-107.29125131900854,48.149165964436996],[-107.29132427612662,48.14915561411829],[-107.29127803538773,48.14901802313076]]]}"
00000000000000000d89,7920,0,0,0,"{""type"":""Polygon"",""coordinates"":[[[-107.29141047145608,48.14899308381208],[-107.29131703850588,48.14899496935948],[-107.29129116671547,48.14901333715176],[-107.29127803538773,48.14901802313076],[-107.29132427612662,48.14915561411829],[-107.29139718868089,48.14914519257125],[-107.29143010196421,48.14913557236085],[-107.29143039786848,48.14899265540743],[-107.29141047145608,48.14899308381208]]]}"
00000000000000000d86,7921,0,0,0,"{""type"":""Polygon"",""coordinates"":[[[-107.29157651336341,48.14897637339367],[-107.29151039615523,48.148991052621405],[-107.29143039786848,48.14899265540743],[-107.29143010196421,48.14913557236085],[-107.29143684166077,48.14913546651581],[-107.29146350785362,48.14913493225549],[-107.29149681203782,48.149134307874974],[-107.29153031796449,48.149138102365605],[-107.29159693244793,48.148984925041326],[-107.29157651336341,48.14897637339367]]]}"
00000000000000000d84,7922,0,0,0,"{""type"":""MultiPolygon"",""coordinates"":[[[[-107.29165755250956,48.14899709409167],[-107.29161720693703,48.14898897090439],[-107.29159693244793,48.148984925041326],[-107.29153031796449,48.149138102365605],[-107.29161096645541,48.14914982730553],[-107.29161111106251,48.14915433310064],[-107.2917668469954,48.14905294753879],[-107.29169914066459,48.14903195975495],[-107.29169150647677,48.149009797433834],[-107.29165755250956,48.14899709409167]]],[[[-107.29169150647677,48.149009797433834],[-107.2917116792945,48.14901385901462],[-107.29172546047961,48.14902250076615],[-107.29173879357548,48.1490222335974],[-107.29178647170603,48.14904366557138],[-107.29185779520985,48.1489975765553],[-107.29181036340593,48.14898063467836],[-107.29175088408704,48.14899522394086],[-107.29173755099917,48.14899549111096],[-107.29171088482879,48.14899602544545],[-107.29169150647677,48.149009797433834]]]]}"
00000000000000000d8a,7923,0,0,0,"{""type"":""GeometryCollection"",""geometries"":[{""type"":""LineString"",""coordinates"":[[-107.29179306472477,48.1490435054659],[-107.29178643158926,48.149043637792005]]},{""type"":""Polygon"",""coordinates"":[[[-107.2917668469954,48.14905294753879],[-107.29161111106251,48.14915433310064],[-107.29163218006921,48.14917621259721],[-107.2916604798003,48.14921141672288],[-107.2919831981938,48.1491156591669],[-107.29198201257515,48.14908882972935],[-107.29196788483168,48.149071263344325],[-107.29195375710295,48.14905369696271],[-107.29192629625959,48.14903639778208],[-107.29189195109771,48.149014698693776],[-107.29187112831553,48.148997309368035],[-107.29185779520985,48.1489975765553],[-107.291793065112,48.14904350426423],[-107.29179306472477,48.1490435054659],[-107.29178726620736,48.14906149915514],[-107.2917668469954,48.14905294753879]],[[-107.29178726620736,48.14906149915514],[-107.29179430772709,48.14907024677333],[-107.29180069937388,48.14906566658957],[-107.29178726620736,48.14906149915514]]]}]}"
00000000000000000d8c,7924,0,0,0,"{""type"":""Polygon"",""coordinates"":[[[-107.29202433876083,48.14914161581627],[-107.29202364586283,48.14912376647289],[-107.2919831981938,48.1491156591669],[-107.2916604798003,48.14921141672288],[-107.29169026676917,48.1492823039146],[-107.29170439440759,48.14929987041356],[-107.29186870440279,48.14924298623315],[-107.2918820375982,48.14924271904085],[-107.29195425776258,48.149214447665244],[-107.29203836648757,48.149154747595496],[-107.29202433876083,48.14914161581627]],[[-107.2920251333756,48.14915944942836],[-107.2920049603756,48.149155387906866],[-107.29201204656306,48.14916420669667],[-107.2920251333756,48.14915944942836]]]}"
00000000000000000deb,7925,0,0,0,"{""type"":""MultiPolygon"",""coordinates"":[[[[-107.2918820375982,48.14924271904085],[-107.29193581854065,48.149250559207246],[-107.29195425776258,48.149214447665244],[-107.2918820375982,48.14924271904085]]],[[[-107.29190994668622,48.149268927257125],[-107.29188932553517,48.149255956745996],[-107.29186870440279,48.14924298623315],[-107.29170439440759,48.14929987041356],[-107.29171143594068,48.149308618077086],[-107.29171227498128,48.149326522926806],[-107.29176050159342,48.14936129864124],[-107.29179431132692,48.14936949621173],[-107.2918213241852,48.149377886557424],[-107.2918484833648,48.149386332333606],[-107.29191678650163,48.14927325600621],[-107.29190994668622,48.149268927257125]]]]}"
00000000000000000de8,7926,0,0,0,"{""type"":""MultiPolygon"",""coordinates"":[[[[-107.29203836648757,48.149154747595496],[-107.29195425776258,48.149214447665244],[-107.29193581854065,48.149250559207246],[-107.29194915174831,48.14925029200528],[-107.29196912299646,48.14924993465453],[-107.29199425735983,48.149213646047286],[-107.29201422859789,48.149213288687655],[-107.29204010038943,48.14919492063066],[-107.29206617395779,48.149180971457376],[-107.29203836648757,48.149154747595496]]],[[[-107.29201779805769,48.14929361914298],[-107.2919507854821,48.14928603048668],[-107.29193695953475,48.149277317554485],[-107.29191678650163,48.14927325600621],[-107.2918484833648,48.149386332333606],[-107.29186181660886,48.14938606514215],[-107.29191653693613,48.14941624485259],[-107.29196392479598,48.14943311562644],[-107.29204491269789,48.149301993674634],[-107.29201779805769,48.14929361914298]]]]}"
00000000000000000def,7927,0,0,0,"{""type"":""Polygon"",""coordinates"":[[[-107.29212605330484,48.1493271487035],[-107.2921123735768,48.14931849122865],[-107.29211157892385,48.14930065756439],[-107.29205175254502,48.14930632241601],[-107.29204491269789,48.149301993674634],[-107.29196392479598,48.14943311562644],[-107.29198419964754,48.14943716143719],[-107.29202513875943,48.14945869932837],[-107.2920789201258,48.14946653943594],[-107.29209225343133,48.14946627221051],[-107.2921540072826,48.14935342805735],[-107.29212605330484,48.1493271487035]],[[-107.2920990403215,48.149318758454854],[-107.29207886721213,48.149314696939385],[-107.29208605352916,48.149327950382656],[-107.2920990403215,48.149318758454854]]]}"
00000000000000000de2,7928,0,0,0,"{""type"":""Polygon"",""coordinates"":[[[-107.29224768674926,48.14936048208321],[-107.29223459985926,48.14936523940197],[-107.29216768703871,48.14936208553131],[-107.2921540072826,48.14935342805735],[-107.29209225343133,48.14946627221051],[-107.292199961026,48.14948645813988],[-107.29228704736136,48.149493673474645],[-107.29224768674926,48.14936048208321]]]}"
00000000000000000ddd,7929,0,0,0,"{""type"":""Polygon"",""coordinates"":[[[-107.29238741301529,48.14934877889729],[-107.29234657375336,48.149331675845026],[-107.29231341378183,48.14933680634249],[-107.29224768674926,48.14936048208321],[-107.29228704736136,48.149493673474645],[-107.29234062716328,48.149497094524634],[-107.29240778808202,48.1493572592443],[-107.29238741301529,48.14934877889729]]]}"
00000000000000000dee,7930,0,0,0,"{""type"":""Polygon"",""coordinates"":[[[-107.29250959552954,48.149395455552266],[-107.29245487438713,48.149365276212656],[-107.29240778808202,48.1493572592443],[-107.29234062716328,48.149497094524634],[-107.29234722068828,48.14949693317499],[-107.2924223616124,48.14953566419518],[-107.2924228098707,48.14954457319426],[-107.29252313072028,48.149399607166266],[-107.29250959552954,48.149395455552266]]]}"
00000000000000000de5,7931,0,0,0,"{""type"":""Polygon"",""coordinates"":[[[-107.29261135871243,48.14943358059762],[-107.29259063693006,48.149416175569876],[-107.29252313072028,48.149399607166266],[-107.2924228098707,48.14954457319426],[-107.29243693805778,48.14956213965893],[-107.29257874636963,48.14959953418493],[-107.29261210849998,48.14959882247867],[-107.29262473666725,48.149433384470896],[-107.29261135871243,48.14943358059762]]]}"
00000000000000000de1,7932,0,0,0,"{""type"":""Polygon"",""coordinates"":[[[-107.29273021753069,48.1494044164201],[-107.29262473666725,48.149433384470896],[-107.29261210849998,48.14959882247867],[-107.2927189207191,48.14960118982728],[-107.2927706088756,48.14941261034739],[-107.29273021753069,48.1494044164201]]]}"
00000000000000000de3,7933,0,0,0,"{""type"":""Polygon"",""coordinates"":[[[-107.29287931441878,48.14945504806444],[-107.29279088398675,48.14941665597952],[-107.2927706088756,48.14941261034739],[-107.2927189207191,48.14960118982728],[-107.29282583479807,48.14960354131515],[-107.29289948787061,48.14945910941374],[-107.29287931441878,48.14945504806444]]]}"
00000000000000000ddf,7934,0,0,0,"{""type"":""Polygon"",""coordinates"":[[[-107.29295966160743,48.14946236871748],[-107.2929266030934,48.14946748370777],[-107.29289948787061,48.14945910941374],[-107.29282583479807,48.14960354131515],[-107.29296611127955,48.14960518084767],[-107.29304015520492,48.14946974473708],[-107.29295966160743,48.14946236871748]]]}"
00000000000000000de6,7935,0,0,0,"{""type"":""Polygon"",""coordinates"":[[[-107.29310900592118,48.149517490118384],[-107.29308779073948,48.149491105022015],[-107.29306032871838,48.14947380605214],[-107.29304015520492,48.14946974473708],[-107.29296611127955,48.14960518084767],[-107.29303961879296,48.14960817274892],[-107.2931200682039,48.149615477537566],[-107.29314886154353,48.14951218217461],[-107.29310900592118,48.149517490118384]]]}"
00000000000000000e09,7936,0,0,0,"{""type"":""Polygon"",""coordinates"":[[[-107.29321428529069,48.149484102574114],[-107.29318866004039,48.149506961127294],[-107.29314886154353,48.14951218217461],[-107.2931200682039,48.149615477537566],[-107.29320740243102,48.14962718210956],[-107.29328670860086,48.14961217865799],[-107.2933334491141,48.149611270468355],[-107.29333994250025,48.14960667439558],[-107.29321428529069,48.149484102574114]]]}"
00000000000000000ddb,7937,0,0,0,"{""type"":""Polygon"",""coordinates"":[[[-107.29325255049599,48.149443127206],[-107.2932404035617,48.149470224176106],[-107.29322077865912,48.14947950652095],[-107.29321428529069,48.149484102574114],[-107.29333994250025,48.14960667439558],[-107.29337890130603,48.14958354834754],[-107.29344244492681,48.14951078948514],[-107.29346147649551,48.149488092293126],[-107.29325255049599,48.149443127206]]]}"
00000000000000000dd7,7938,0,0,0,"{""type"":""Polygon"",""coordinates"":[[[-107.29330231208574,48.14936172706259],[-107.29328936998729,48.14937099033176],[-107.29327762698578,48.149406925060816],[-107.29325839345208,48.14942520328351],[-107.29325255049599,48.149443127206],[-107.29346147649551,48.149488092293126],[-107.2934804063247,48.149465410846645],[-107.29351842477136,48.14941994532164],[-107.2935183245201,48.149415510686225],[-107.29330231208574,48.14936172706259]]]}"
00000000000000000dd9,7939,0,0,0,"{""type"":""Polygon"",""coordinates"":[[[-107.29338537845281,48.149279701966385],[-107.29337933362564,48.149293206958156],[-107.29330231208574,48.14936172706259],[-107.2935183245201,48.149415510686225],[-107.29353141145195,48.14941075318675],[-107.29354940101231,48.149365732298804],[-107.29338537845281,48.149279701966385]]]}"
00000000000000000d8d,7940,0,0,0,"{""type"":""Polygon"",""coordinates"":[[[-107.29344197966758,48.14920263064607],[-107.2934294861518,48.14922080283747],[-107.29341660125014,48.14922997918502],[-107.29339712131151,48.149243767314566],[-107.29338537845281,48.149279701966385],[-107.29354940101231,48.149365732298804],[-107.29356763709156,48.14932520150881],[-107.29359350864837,48.14930683299988],[-107.29361194663545,48.14927072113206],[-107.29344197966758,48.14920263064607]]]}"
00000000000000000ac2,7941,1,0,0,"{""type"":""Polygon"",""coordinates"":[[[-107.2934857403954,48.149134806923065],[-107.29349302901672,48.1491480444619],[-107.29344197966758,48.14920263064607],[-107.29361194663545,48.14927072113206],[-107.29364247406487,48.149207599308816],[-107.29366750551404,48.14917132606186],[-107.2934857403954,48.149134806923065]]]}"
00000000000000000d1f,7942,0,0,0,"{""type"":""Polygon"",""coordinates"":[[[-107.29347532760606,48.14905014823426],[-107.2934857403954,48.149134806923065],[-107.29366750551404,48.14917132606186],[-107.29369268322374,48.1491351082686],[-107.29369654362017,48.1490725214912],[-107.29347532760606,48.14905014823426]]]}"
00000000000000000d22,7943,0,0,0,"{""type"":""Polygon"",""coordinates"":[[[-107.29371779968889,48.148951499567055],[-107.29348623037411,48.1489963090267],[-107.29346115434696,48.1490325109324],[-107.2934748790841,48.14904123933042],[-107.29347532760606,48.14905014823426],[-107.29369654362017,48.1490725214912],[-107.29370199486725,48.14904560186016],[-107.29373921719821,48.14898230310391],[-107.29371779968889,48.148951499567055]]]}"
00000000000000000d2f,7944,0,0,0,"{""type"":""Polygon"",""coordinates"":[[[-107.29369683079524,48.148929604923474],[-107.29362852871391,48.14889520396772],[-107.2935672131759,48.148865187007],[-107.29346401780458,48.148947671901986],[-107.2935052616298,48.14897361205568],[-107.29348623037411,48.1489963090267],[-107.29371779968889,48.148951499567055],[-107.29369683079524,48.148929604923474]]]}"
00000000000000000d31,7945,0,0,0,"{""type"":""Polygon"",""coordinates"":[[[-107.29355343133368,48.14885654556249],[-107.29349221622205,48.148830963157216],[-107.29347784105586,48.14880890708409],[-107.29345732095223,48.14879592130146],[-107.2933557162152,48.14891407296406],[-107.29336265796569,48.14891838583671],[-107.29341678643983,48.14893514972987],[-107.29345713315963,48.148943272123056],[-107.29346401780458,48.148947671901986],[-107.2935672131759,48.148865187007],[-107.29355343133368,48.14885654556249]]]}"
00000000000000000de0,7946,0,0,0,"{""type"":""Polygon"",""coordinates"":[[[-107.29339937351143,48.148694337922414],[-107.29324022819534,48.14886722068455],[-107.29325390820316,48.14887587791732],[-107.29326768993636,48.14888451941079],[-107.29329474781743,48.14889298042643],[-107.29330852957233,48.14890162191629],[-107.2933557162152,48.14891407296406],[-107.29345732095223,48.14879592130146],[-107.29345037920483,48.14879160844561],[-107.2934415571527,48.14874261717882],[-107.29347287962248,48.148697329475574],[-107.29339937351143,48.148694337922414]]]}"
00000000000000000d81,7947,0,0,0,"{""type"":""Polygon"",""coordinates"":[[[-107.2932642044582,48.14865685498555],[-107.29314401691829,48.14880661181508],[-107.29320468283596,48.14881885098762],[-107.29322565126876,48.14884074570438],[-107.29321985300628,48.14885874059631],[-107.29324022819534,48.14886722068455],[-107.29339937351143,48.148694337922414],[-107.2932642044582,48.14865685498555]]]}"
00000000000000000d29,7948,0,0,0,"{""type"":""MultiPolygon"",""coordinates"":[[[[-107.2932642044582,48.14865685498555],[-107.2932435828402,48.14864388492808],[-107.29322614209842,48.148702248561115],[-107.2932642044582,48.14865685498555]]],[[[-107.29322614209842,48.148702248561115],[-107.29319298249256,48.148707379291956],[-107.29315912942477,48.14869466083642],[-107.29313246306738,48.148695195567676],[-107.29307139357807,48.14867411869827],[-107.29302991807492,48.14879100743768],[-107.2930969753832,48.14879866643833],[-107.29314401691829,48.14880661181508],[-107.29322614209842,48.148702248561115]]]]}"
00000000000000000dd6,7949,0,0,0,"{""type"":""Polygon"",""coordinates"":[[[-107.29306455364305,48.14866979008377],[-107.29303000578054,48.14864367273985],[-107.29297038190386,48.148653756913184],[-107.29294430880127,48.1486677061807],[-107.29293746889184,48.14866337755703],[-107.29289593591426,48.14878035313469],[-107.29300304977303,48.14878712328863],[-107.29302991807492,48.14879100743768],[-107.29307139357807,48.14867411869827],[-107.29306455364305,48.14866979008377]]]}"
00000000000000000ddc,7950,0,0,0,"{""type"":""Polygon"",""coordinates"":[[[-107.29286371684913,48.14865589557278],[-107.29282292246431,48.148638864113856],[-107.29280934287767,48.148634641424316],[-107.2927685044195,48.148765015771176],[-107.29280176415011,48.14876431976558],[-107.29284255864732,48.14878135127123],[-107.29289593591426,48.14878035313469],[-107.29293746889184,48.14866337755703],[-107.29286371684913,48.14865589557278]]]}"
00000000000000000de7,7951,0,0,0,"{""type"":""Polygon"",""coordinates"":[[[-107.29276914167313,48.14863102453191],[-107.2927416359071,48.148613654559036],[-107.29272795618708,48.148604997289034],[-107.29272111633016,48.14860066865376],[-107.29260701707089,48.148736991041616],[-107.29264117336268,48.14875411281842],[-107.2927685044195,48.148765015771176],[-107.29280934287767,48.148634641424316],[-107.29276914167313,48.14863102453191]]]}"
00000000000000000d85,7952,0,0,0,"{""type"":""Polygon"",""coordinates"":[[[-107.29270733490661,48.14859202712051],[-107.29270723474505,48.14858759255168],[-107.2924945542871,48.14860964711458],[-107.29250496470902,48.14869430526174],[-107.29253247034754,48.14871167533229],[-107.29258645292337,48.14872393390355],[-107.29260013262974,48.14873259121362],[-107.29260701707089,48.148736991041616],[-107.29272111633016,48.14860066865376],[-107.29270733490661,48.14859202712051]]]}"
00000000000000000d88,7953,0,0,0,"{""type"":""Polygon"",""coordinates"":[[[-107.29269796542775,48.148529692553545],[-107.29255001414614,48.14850581934802],[-107.29255026058962,48.14851030934588],[-107.29249435243555,48.148605228281035],[-107.2924945542871,48.14860964711458],[-107.29270723474505,48.14858759255168],[-107.29269796542775,48.148529692553545]]]}"
00000000000000000d7f,7954,0,0,0,"{""type"":""Polygon"",""coordinates"":[[[-107.2925856475054,48.148406854957614],[-107.29257940075311,48.14841594085956],[-107.29255001414614,48.14850581934802],[-107.29269796542775,48.148529692553545],[-107.29269771896614,48.14852520255486],[-107.292709462086,48.14848926849541],[-107.29270886899664,48.14847585394608],[-107.29272116059626,48.148453263286875],[-107.2925856475054,48.148406854957614]]]}"
00000000000000000d82,7955,0,0,0,"{""type"":""Polygon"",""coordinates"":[[[-107.29264898799559,48.14832967946858],[-107.29263054983224,48.14836579051053],[-107.2925856475054,48.148406854957614],[-107.29272116059626,48.148453263286875],[-107.29272745191588,48.148444248542496],[-107.29279113893152,48.14837599744303],[-107.29264898799559,48.14832967946858]]]}"
00000000000000000d28,7956,0,0,0,"{""type"":""Polygon"",""coordinates"":[[[-107.29269180732568,48.14824396850632],[-107.29268576250047,48.14825747318874],[-107.29264898799559,48.14832967946858],[-107.29279113893152,48.14837599744303],[-107.29279763211397,48.14837140151993],[-107.29281012552232,48.14835322970663],[-107.29284898285249,48.14832566991085],[-107.29285423259924,48.148294331894114],[-107.29269180732568,48.14824396850632]]]}"
00000000000000000d2b,7957,0,0,0,"{""type"":""Polygon"",""coordinates"":[[[-107.29274830757169,48.14816246459842],[-107.29274201631036,48.14817147929445],[-107.29272382477906,48.148212080213],[-107.29269180732568,48.14824396850632],[-107.29285423259924,48.148294331894114],[-107.29285993071596,48.148271902674665],[-107.29288506370101,48.14823561454298],[-107.2928979482875,48.14822643844808],[-107.29291093458427,48.148217246615225],[-107.29291073267963,48.14821282781683],[-107.29274830757169,48.14816246459842]]]}"
00000000000000000d24,7958,0,0,0,"{""type"":""Polygon"",""coordinates"":[[[-107.29283132711105,48.14808037073439],[-107.29281174754993,48.14808972390366],[-107.29274830757169,48.14816246459842],[-107.29291073267963,48.14821282781683],[-107.2929238191613,48.14820807052029],[-107.29297462096213,48.14814899570436],[-107.29283132711105,48.14808037073439]]]}"
00000000000000000d27,7959,0,0,0,"{""type"":""Polygon"",""coordinates"":[[[-107.29294799823194,48.14800212629081],[-107.29292827393924,48.148006973777825],[-107.29287563569844,48.14802589200972],[-107.2928636910097,48.14805740697934],[-107.29283132711105,48.14808037073439],[-107.29297462096213,48.14814899570436],[-107.29300069367848,48.14813504657581],[-107.29301952271395,48.14810793129091],[-107.29294799823194,48.14800212629081]]]}"
00000000000000000d07,7960,0,0,0,"{""type"":""Polygon"",""coordinates"":[[[-107.2931283122363,48.14800303486358],[-107.2930877202228,48.14799042249545],[-107.29300702782737,48.14797862786558],[-107.29294799823194,48.14800212629081],[-107.29301952271395,48.14810793129091],[-107.29305302845204,48.14811172518065],[-107.29307340317324,48.14812020519587],[-107.29313490555033,48.14800287346974],[-107.2931283122363,48.14800303486358]]]}"
00000000000000000d5b,7961,0,0,0,"{""type"":""Polygon"",""coordinates"":[[[-107.2932506943906,48.14805412822382],[-107.29325653706043,48.14803620478146],[-107.29319577211517,48.148019531274365],[-107.29314823847972,48.14800260611454],[-107.29313490555033,48.14800287346974],[-107.29307340317324,48.14812020519587],[-107.29308024301547,48.14812453376692],[-107.29312718348365,48.148128044543434],[-107.29313441465818,48.148141368774816],[-107.29328479350045,48.1480713364611],[-107.2932506943906,48.14805412822382]]]}"
00000000000000000d62,7962,0,0,0,"{""type"":""Polygon"",""coordinates"":[[[-107.29332256684118,48.1481688575671],[-107.29330110559009,48.14813798321956],[-107.29328642860693,48.148107074084855],[-107.29328479350045,48.1480713364611],[-107.29313441465818,48.148141368774816],[-107.29313486310815,48.14815027752984],[-107.29316207775152,48.148163086100254],[-107.29316995934116,48.14818973789268],[-107.29331002909692,48.148186958205024],[-107.29332336211728,48.14818669082225],[-107.29333000006353,48.1481866005854],[-107.29332256684118,48.1481688575671]]]}"
00000000000000000d83,7963,0,0,0,"{""type"":""Polygon"",""coordinates"":[[[-107.2933467607722,48.14826215625073],[-107.29333000006353,48.1481866005854],[-107.29332336211728,48.14818669082225],[-107.29331037587404,48.14819588270423],[-107.29331002909692,48.148186958205024],[-107.29316995934116,48.14818973789268],[-107.29318492734325,48.148225208238166],[-107.29317922941192,48.14824763745233],[-107.29318745777286,48.148283213800724],[-107.29335419402219,48.14827989929789],[-107.2933467607722,48.14826215625073]]]}"
00000000000000000da7,7964,0,0,0,"{""type"":""Polygon"",""coordinates"":[[[-107.29338349259551,48.148337354385994],[-107.29336287107415,48.14832438443038],[-107.29336123590471,48.14828864666205],[-107.29335419402219,48.14827989929789],[-107.29318745777286,48.148283213800724],[-107.29320366950061,48.14834542630106],[-107.29317140563951,48.148372824849396],[-107.2933914746335,48.14836844079043],[-107.29338349259551,48.148337354385994]]]}"
00000000000000000d80,7965,0,0,0,"{""type"":""Polygon"",""coordinates"":[[[-107.29317140563951,48.148372824849396],[-107.29315227437918,48.14839108693948],[-107.29314959978127,48.14848050198013],[-107.29314980171301,48.1484849207998],[-107.29338786047896,48.148435516713256],[-107.29337348552019,48.14841346078485],[-107.2933919231435,48.148377349581146],[-107.2933914746335,48.14836844079043],[-107.29317140563951,48.148372824849396]]]}"
00000000000000000d3f,7966,0,0,0,"{""type"":""Polygon"",""coordinates"":[[[-107.29339549573982,48.14845767863051],[-107.29338786047896,48.148435516713256],[-107.29314980171301,48.1484849207998],[-107.29315862332571,48.14853391186483],[-107.29315337376306,48.14856525003612],[-107.29318142848891,48.148595963264256],[-107.29321597647534,48.148622080526856],[-107.2934026824976,48.14847093174829],[-107.2934021337397,48.14845758838684],[-107.29339549573982,48.14845767863051]]]}"
00000000000000000d2d,7967,0,0,0,"{""type"":""Polygon"",""coordinates"":[[[-107.2934026824976,48.14847093174829],[-107.29321597647534,48.148622080526856],[-107.2932435828402,48.14864388492808],[-107.2932642044582,48.14865685498555],[-107.29339937351143,48.148694337922414],[-107.29347287962248,48.148697329475574],[-107.29347917086008,48.14868831464221],[-107.29351094178035,48.1486519358115],[-107.29351743497776,48.14864733981524],[-107.2934026824976,48.14847093174829]]]}"
00000000000000000d2a,7968,0,0,0,"{""type"":""Polygon"",""coordinates"":[[[-107.29350216082801,48.148455539386944],[-107.2934754945452,48.148456074209214],[-107.29344882826956,48.1484566090239],[-107.2934021337397,48.14845758838684],[-107.2934026824976,48.14847093174829],[-107.29351743497776,48.14864733981524],[-107.29354350801725,48.14863339039898],[-107.29358007953024,48.14855676456161],[-107.29361928369946,48.148538128902025],[-107.29350216082801,48.148455539386944]]]}"
00000000000000000d25,7969,0,0,0,"{""type"":""Polygon"",""coordinates"":[[[-107.29357942669436,48.148391510339955],[-107.29356688895294,48.14840961108791],[-107.29354810461294,48.14843679780513],[-107.29352803174905,48.148437171215136],[-107.29351514714895,48.148446347431715],[-107.29350216082801,48.148455539386944],[-107.29361928369946,48.148538128902025],[-107.29365868983871,48.14852391205391],[-107.29370265135016,48.148460507951775],[-107.29370914450192,48.1484559119604],[-107.29357942669436,48.148391510339955]]]}"
00000000000000000d2c,7970,0,0,0,"{""type"":""Polygon"",""coordinates"":[[[-107.29364935920097,48.14831417282015],[-107.29363116839014,48.14835477400247],[-107.29360529755176,48.14837314217125],[-107.29359231126746,48.14838233412498],[-107.29357942669436,48.148391510339955],[-107.29370914450192,48.1484559119604],[-107.29374001786724,48.14840171563672],[-107.29378616359456,48.14838739277005],[-107.29378591699772,48.14838290278973],[-107.29364935920097,48.14831417282015]]]}"
00000000000000000d2e,7971,0,0,0,"{""type"":""Polygon"",""coordinates"":[[[-107.29371929145482,48.148236835369374],[-107.29371974004665,48.14824574413422],[-107.29372013150986,48.1482547398114],[-107.29366759455819,48.14827364283879],[-107.29364935920097,48.14831417282015],[-107.29378591699772,48.14838290278973],[-107.29385574891563,48.1483011305994],[-107.29371929145482,48.148236835369374]]]}"
00000000000000000d26,7972,0,0,0,"{""type"":""Polygon"",""coordinates"":[[[-107.29379641175775,48.148168300729886],[-107.2937965566416,48.1481728064307],[-107.29375735288755,48.148191442022906],[-107.29371919116804,48.1482324008347],[-107.29371929145482,48.148236835369374],[-107.29385574891563,48.1483011305994],[-107.29385550230971,48.148296640626846],[-107.2938678378872,48.148274121085066],[-107.293920229957,48.148250712240134],[-107.29394620095354,48.14823677856685],[-107.29379641175775,48.148168300729886]]]}"
00000000000000000d21,7973,0,0,0,"{""type"":""Polygon"",""coordinates"":[[[-107.29386614149396,48.148086544615914],[-107.29381464689678,48.14812777083836],[-107.29379641175775,48.148168300729886],[-107.29394620095354,48.14823677856685],[-107.29400523096434,48.14821327941227],[-107.29402346594539,48.14817274945047],[-107.29402995902687,48.14816815346427],[-107.29386614149396,48.148086544615914]]]}"
00000000000000000d30,7974,0,0,0,"{""type"":""Polygon"",""coordinates"":[[[-107.29394381027775,48.14803135330799],[-107.29388537409953,48.14806826675956],[-107.29386614149396,48.148086544615914],[-107.29402995902687,48.14816815346427],[-107.29404919163346,48.14814987554673],[-107.29407387501696,48.14810467847242],[-107.29409305044767,48.14808648748009],[-107.29411912302406,48.14807253806774],[-107.29394381027775,48.14803135330799]]]}"
00000000000000000d20,7975,0,0,0,"{""type"":""Polygon"",""coordinates"":[[[-107.29398687345272,48.14795013226583],[-107.29397388736585,48.14795932419236],[-107.29396134992851,48.14797742483559],[-107.2939502016216,48.14802677307908],[-107.29394381027775,48.14803135330799],[-107.29411912302406,48.14807253806774],[-107.29412561608189,48.14806794208442],[-107.29416228767268,48.1479913011503],[-107.2941686789978,48.1479867209108],[-107.29398687345272,48.14795013226583]]]}"
00000000000000000d17,7976,0,0,0,"{""type"":""Polygon"",""coordinates"":[[[-107.29403663150963,48.147868734138946],[-107.29402493434318,48.14790473907411],[-107.29398652650686,48.14794120781501],[-107.29398687345272,48.14795013226583],[-107.2941686789978,48.1479867209108],[-107.29417948003139,48.14792844823978],[-107.2941988128081,48.14791460488548],[-107.29420451011768,48.14789217576839],[-107.29403663150963,48.147868734138946]]]}"
00000000000000000afb,7977,0,0,0,"{""type"":""Polygon"",""coordinates"":[[[-107.29405302833514,48.14778804828363],[-107.29406031698987,48.147801285439996],[-107.29403663150963,48.147868734138946],[-107.29420451011768,48.14789217576839],[-107.29421471740034,48.14782048884168],[-107.29421347296038,48.14779374704487],[-107.29405302833514,48.14778804828363]]]}"
00000000000000000aff,7978,0,0,0,"{""type"":""Polygon"",""coordinates"":[[[-107.29417480113402,48.14767395948927],[-107.2941543815574,48.14766540861557],[-107.29401733756836,48.147735174228885],[-107.29403816120744,48.14775256265036],[-107.29403226179471,48.1477705729442],[-107.29405302833514,48.14778804828363],[-107.29421347296038,48.14779374704487],[-107.2942128793038,48.1477803326964],[-107.29421049213771,48.14772683341796],[-107.29417480113402,48.14767395948927]]]}"
00000000000000000d23,7979,0,0,0,"{""type"":""Polygon"",""coordinates"":[[[-107.29407844529334,48.1476088472696],[-107.29404469288126,48.14760056386318],[-107.29392806857204,48.147678880158296],[-107.29398278946975,48.14770905769753],[-107.29401733756836,48.147735174228885],[-107.2941543815574,48.14766540861557],[-107.29407844529334,48.1476088472696]]]}"
00000000000000000d19,7980,0,0,0,"{""type"":""Polygon"",""coordinates"":[[[-107.29401757838609,48.147592190163515],[-107.29399705859801,48.14757920478834],[-107.29394188920523,48.14754011868327],[-107.29382546703553,48.14762285350418],[-107.29383914684101,48.14763151045408],[-107.29392806857204,48.147678880158296],[-107.29404469288126,48.14760056386318],[-107.29401757838609,48.147592190163515]]]}"
00000000000000000d15,7981,0,0,0,"{""type"":""Polygon"",""coordinates"":[[[-107.29390074807522,48.14751416365974],[-107.29387928652743,48.14748328983289],[-107.2937084909888,48.147544771274205],[-107.29374908302347,48.147557383272456],[-107.29377049988184,48.14758818600337],[-107.29379800573537,48.14760555534084],[-107.29382546703553,48.14762285350418],[-107.29394188920523,48.14754011868327],[-107.29390074807522,48.14751416365974]]]}"
00000000000000000d13,7982,0,0,0,"{""type"":""Polygon"",""coordinates"":[[[-107.29383105904725,48.147448516445564],[-107.29381043772774,48.14743554679993],[-107.29377568809623,48.147405011604455],[-107.29376884824364,48.14740068314239],[-107.29364023588603,48.14751044234177],[-107.29368147842428,48.1475363817444],[-107.2937084909888,48.147544771274205],[-107.29387928652743,48.14748328983289],[-107.29383105904725,48.147448516445564]]]}"
00000000000000000d14,7983,0,0,0,"{""type"":""Polygon"",""coordinates"":[[[-107.29375432844924,48.147374122070346],[-107.29373370721275,48.14736115242444],[-107.29371992582774,48.147352511239056],[-107.29367145215066,48.1473132479584],[-107.29355156176163,48.147467562399214],[-107.29359860197808,48.14747550738572],[-107.29361981664026,48.147501891372464],[-107.29364023588603,48.14751044234177],[-107.29376884824364,48.14740068314239],[-107.29375432844924,48.147374122070346]]]}"
00000000000000000d1a,7984,0,0,0,"{""type"":""GeometryCollection"",""geometries"":[{""type"":""LineString"",""coordinates"":[[-107.29355136775678,48.147463061132896],[-107.29355156668409,48.14746752350283]]},{""type"":""Polygon"",""coordinates"":[[[-107.29361910307011,48.14718480430535],[-107.29360646409695,48.147202920369814],[-107.2936332312291,48.147202369807445],[-107.29361910307011,48.14718480430535]]]},{""type"":""Polygon"",""coordinates"":[[[-107.29366461233397,48.14730891949555],[-107.29365093270675,48.147300262569274],[-107.29363715137485,48.14729162138064],[-107.29354441563085,48.14730690747902],[-107.29353069146502,48.147298179363894],[-107.29342343841917,48.14743882767126],[-107.29343013336658,48.14743865052269],[-107.29345739229143,48.14745153001506],[-107.29352395592365,48.147445758560316],[-107.29355141690183,48.14746305675777],[-107.29367145215066,48.1473132479584],[-107.29366461233397,48.14730891949555]]]}]}"
00000000000000000d16,7985,0,0,0,"{""type"":""Polygon"",""coordinates"":[[[-107.29347883465596,48.147183165598115],[-107.29331399908574,48.14737847218813],[-107.29334145985536,48.147395770428865],[-107.29339583271543,48.14741702380398],[-107.29342343841917,48.14743882767126],[-107.29353069146502,48.147298179363894],[-107.2934749744253,48.147245750117094],[-107.29348771372914,48.147232068504415],[-107.29351437913584,48.1472315337134],[-107.29354024914066,48.14721316598848],[-107.29360646409695,48.147202920369814],[-107.29361910307011,48.14718480430535],[-107.29359198909327,48.147176430538394],[-107.29353841174897,48.14717301027554],[-107.2934921673396,48.147182898205514],[-107.29347883465596,48.147183165598115]],[[-107.2934921673396,48.147182898205514],[-107.293492962726,48.14720073112257],[-107.2935329608072,48.147199928932295],[-107.29353216540123,48.147182096016344],[-107.2934921673396,48.147182898205514]]]}"
00000000000000000d12,7986,0,0,0,"{""type"":""Polygon"",""coordinates"":[[[-107.29339844719249,48.14717577441652],[-107.2933254357745,48.147186212760225],[-107.29319202277557,48.14733621695997],[-107.29320570223815,48.147344873961764],[-107.29323990240623,48.1473620662619],[-107.29329323327308,48.14736099680622],[-107.29331399908574,48.14737847218813],[-107.29347883465596,48.147183165598115],[-107.29339844719249,48.14717577441652]]]}"
00000000000000000d61,7987,0,0,0,"{""type"":""Polygon"",""coordinates"":[[[-107.29329193073089,48.14718241901467],[-107.29284829318297,48.14726269446771],[-107.29286246546597,48.147280331292116],[-107.29303644017352,48.147290183494114],[-107.2930691500142,48.14727614437986],[-107.29309630836988,48.14728458948669],[-107.29313685505957,48.14729713052984],[-107.29319202277557,48.14733621695997],[-107.2933254357745,48.147186212760225],[-107.29329193073089,48.14718241901467]]]}"
00000000000000000d57,7988,0,0,0,"{""type"":""Polygon"",""coordinates"":[[[-107.2931346132155,48.14709621442593],[-107.29308951093589,48.14713285936196],[-107.29306364089867,48.147151226938156],[-107.2930389127335,48.14719635176828],[-107.29297259634042,48.14720661272466],[-107.29291847077131,48.14718984905747],[-107.29286434528298,48.147173085363036],[-107.29284664605784,48.14707519263537],[-107.29283133210716,48.147030798685726],[-107.29281467455179,48.14695522892317],[-107.29278731468011,48.14694236508752],[-107.2927597098843,48.14692056121976],[-107.29267946852953,48.14691767503658],[-107.29260551830116,48.14690577431834],[-107.29255278154352,48.14692025750727],[-107.29250926903853,48.14699256777605],[-107.29260249625558,48.14698626254046],[-107.29264304224,48.14699880373912],[-107.29268338638443,48.147006926224314],[-107.29271213436351,48.147051037165944],[-107.29268779717346,48.147105157317014],[-107.2926893871647,48.14714082313765],[-107.29269018216014,48.14715865605702],[-107.29271119391726,48.14718062139904],[-107.29275184190485,48.14719314685329],[-107.29284829318297,48.14726269446771],[-107.29329193073089,48.14718241901467],[-107.2931346132155,48.14709621442593]]]}"
00000000000000000d11,7989,0,0,0,"{""type"":""MultiPolygon"",""coordinates"":[[[[-107.2928903457216,48.146708065064686],[-107.29287746169895,48.14671724087969],[-107.29285798308976,48.14673102820816],[-107.29288464795783,48.14673049361091],[-107.29291805220028,48.14672985307019],[-107.2928903457216,48.146708065064686]]],[[[-107.29323829498024,48.1470271628231],[-107.2931922527782,48.147041469272516],[-107.2931346132155,48.14709621442593],[-107.29329193073089,48.14718241901467],[-107.2933254357745,48.147186212760225],[-107.29339844719249,48.14717577441652],[-107.29323829498024,48.1470271628231]]]]}"
00000000000000000d0e,7990,0,0,0,"{""type"":""MultiPolygon"",""coordinates"":[[[[-107.29306877184669,48.14666874736556],[-107.29299561681702,48.14667467975139],[-107.29296235889107,48.14667537575078],[-107.2928903457216,48.146708065064686],[-107.29291805220028,48.14672985307019],[-107.29308508315273,48.146735392405475],[-107.29313181994236,48.14673448445812],[-107.29306877184669,48.14666874736556]]],[[[-107.29353122513523,48.14715975749091],[-107.29352448564558,48.14715986347383],[-107.29336294407597,48.14698000513989],[-107.29334981344971,48.14698469120367],[-107.29331769722405,48.14701214449185],[-107.29330436462652,48.14701241185716],[-107.29327100457695,48.14701312371635],[-107.29323829498024,48.1470271628231],[-107.29339844719249,48.14717577441652],[-107.29347883465596,48.147183165598115],[-107.29353841174897,48.14717301027554],[-107.29353122513523,48.14715975749091]]]]}"
00000000000000000d10,7991,0,0,0,"{""type"":""MultiPolygon"",""coordinates"":[[[[-107.29357781638325,48.147158793867376],[-107.29353122513523,48.14715975749091],[-107.29353841174897,48.14717301027554],[-107.29359198909327,48.147176430538394],[-107.29357781638325,48.147158793867376]]],[[[-107.29322192163302,48.14666121087213],[-107.29320848893481,48.14665704381507],[-107.29306877184669,48.14666874736556],[-107.29313181994236,48.14673448445812],[-107.29327813045458,48.14672261939868],[-107.29328476813589,48.146722529174184],[-107.29322192163302,48.14666121087213]]],[[[-107.2934812018571,48.14693742743916],[-107.29346162294861,48.14694678052149],[-107.29343530458807,48.14695623957677],[-107.29339595731156,48.1469703689574],[-107.29336294407597,48.14698000513989],[-107.29352448564558,48.14715986347383],[-107.29353747147883,48.14715067175412],[-107.29356368827364,48.1471412283704],[-107.29351605508403,48.14711986921536],[-107.29353543209857,48.14710609738669],[-107.29356130200544,48.147087729702335],[-107.29359327334127,48.14705577068744],[-107.2934812018571,48.14693742743916]]]]}"
00000000000000000d0d,7992,0,0,0,"{""type"":""MultiPolygon"",""coordinates"":[[[[-107.29338136247698,48.146644659662805],[-107.29332872765606,48.146659127462804],[-107.29322192163302,48.14666121087213],[-107.29328476813589,48.146722529174184],[-107.29336496507615,48.146725343665985],[-107.29344475814155,48.14671932074829],[-107.29338136247698,48.146644659662805]]],[[[-107.2935992575217,48.146890430946506],[-107.29357943206313,48.14689529418938],[-107.29357998092026,48.146908637151434],[-107.2935268971142,48.1469141966009],[-107.29348794130324,48.14693732146083],[-107.2934812018571,48.14693742743916],[-107.29359327334127,48.14705577068744],[-107.29359956423953,48.1470467561358],[-107.29362563608818,48.14703280715142],[-107.29367073797818,48.146996162042896],[-107.2936907083811,48.14699580437058],[-107.2935992575217,48.146890430946506]]]]}"
00000000000000000d09,7993,0,0,0,"{""type"":""MultiPolygon"",""coordinates"":[[[[-107.29369630061994,48.14682146939004],[-107.29364376576997,48.14684037183655],[-107.29361234353317,48.14688567368747],[-107.2935992575217,48.146890430946506],[-107.2936907083811,48.14699580437058],[-107.29379028321068,48.14698484666707],[-107.29380955979781,48.14696664039391],[-107.29369630061994,48.14682146939004]]],[[[-107.29353416577953,48.14662819843223],[-107.29351374704598,48.146619647570624],[-107.29346705479567,48.146620626873165],[-107.29338136247698,48.146644659662805],[-107.29344475814155,48.14671932074829],[-107.2934580906537,48.14671905336713],[-107.29351816012868,48.14671787784449],[-107.29362175595381,48.14679615539565],[-107.29368217254743,48.1468039040221],[-107.29353416577953,48.14662819843223]]]]}"
00000000000000000d18,7994,0,0,0,"{""type"":""GeometryCollection"",""geometries"":[{""type"":""LineString"",""coordinates"":[[-107.29396798075283,48.1469277144785],[-107.29396817971254,48.14693217684756]]},{""type"":""Polygon"",""coordinates"":[[[-107.29396816253853,48.14693218406631],[-107.29401079410114,48.146989370025054],[-107.29403745948179,48.1469888350918],[-107.29396816253853,48.14693218406631]]]},{""type"":""Polygon"",""coordinates"":[[[-107.29382233814857,48.146805558186614],[-107.29376960129392,48.14682004201924],[-107.29379473251988,48.14678375469441],[-107.29370446870432,48.146705209945885],[-107.29367051530919,48.14669250785744],[-107.29365634271035,48.14667487135728],[-107.29364290989346,48.14667070436296],[-107.29360915857275,48.146662420923214],[-107.293581698103,48.14664512299239],[-107.29356127933876,48.14663657213894],[-107.29353416577953,48.14662819843223],[-107.29368217254743,48.1468039040221],[-107.2937088377016,48.14680336918781],[-107.29372241687946,48.14680759161358],[-107.29369630061994,48.14682146939004],[-107.29380955979781,48.14696664039391],[-107.29382879178326,48.146948362953346],[-107.29391423834012,48.146919839749046],[-107.29396791591083,48.14692769421131],[-107.29382233814857,48.146805558186614]],[[-107.29367245317127,48.146737097605204],[-107.29367974149194,48.146750334534765],[-107.29370605971107,48.14674087545301],[-107.29367245317127,48.146737097605204]]]}]}"
00000000000000000d1b,7995,0,0,0,"{""type"":""MultiPolygon"",""coordinates"":[[[[-107.2937446683572,48.14670882635352],[-107.29370446870432,48.146705209945885],[-107.29379473251988,48.14678375469441],[-107.29380102333066,48.146774740178365],[-107.29379883870631,48.14672566056653],[-107.2937446683572,48.14670882635352]]],[[[-107.29386644203355,48.146746661720826],[-107.29384890302764,48.14680058889908],[-107.29382233814857,48.146805558186614],[-107.29403745948179,48.1469888350918],[-107.2940707626548,48.14698820986901],[-107.29402902834006,48.14694884102302],[-107.29403403021202,48.146913013939155],[-107.29408343958427,48.14682269317415],[-107.29408299088563,48.14681378465446],[-107.29386644203355,48.146746661720826]]]]}"
00000000000000000d1d,7996,0,0,0,"{""type"":""GeometryCollection"",""geometries"":[{""type"":""LineString"",""coordinates"":[[-107.29364284920712,48.14667069220122],[-107.2936495171446,48.146670559071715],[-107.2936563840129,48.14667488831206]]},{""type"":""Polygon"",""coordinates"":[[[-107.2937446683572,48.14670882635352],[-107.29379883870631,48.14672566056653],[-107.29379839007606,48.1467167520602],[-107.2937446683572,48.14670882635352]]]},{""type"":""Polygon"",""coordinates"":[[[-107.29388973532602,48.14667021911215],[-107.29387903615292,48.146728474615976],[-107.29386644203355,48.146746661720826],[-107.29408299088563,48.14681378465446],[-107.29409135985,48.14670194388913],[-107.29388973532602,48.14667021911215]]]}]}"
00000000000000000d0b,7997,0,0,0,"{""type"":""Polygon"",""coordinates"":[[[-107.29391262443866,48.14658493929844],[-107.29390133177057,48.14662978064908],[-107.29388918635055,48.14665687621529],[-107.29388973532602,48.14667021911215],[-107.29409135985,48.14670194388913],[-107.29409750566037,48.14668842379686],[-107.29411628869953,48.146661237907715],[-107.29413472471093,48.146625127803766],[-107.29413427599725,48.146616219318126],[-107.29391262443866,48.14658493929844]]]}"
00000000000000000d0a,7998,0,0,0,"{""type"":""Polygon"",""coordinates"":[[[-107.29394196161883,48.14649499262448],[-107.29393651109442,48.14652191094697],[-107.2939118859554,48.14656701969098],[-107.29391262443866,48.14658493929844],[-107.29413427599725,48.146616219318126],[-107.29415132258218,48.146548862514784],[-107.29416385940057,48.14653076235349],[-107.29394196161883,48.14649499262448]]]}"
00000000000000000d0c,7999,0,0,0,"{""type"":""Polygon"",""coordinates"":[[[-107.29395801075805,48.146405384718406],[-107.29395172004595,48.146414399179015],[-107.29394196161883,48.14649499262448],[-107.29416385940057,48.14653076235349],[-107.29417035216733,48.1465261665091],[-107.2941600382171,48.146445946508436],[-107.29416632889945,48.14643693202952],[-107.29395801075805,48.146405384718406]]]}"
00000000000000000d05,8000,0,0,0,"{""type"":""Polygon"",""coordinates"":[[[-107.2940274467048,48.14631462024199],[-107.29402779368559,48.146323544416106],[-107.29400821513408,48.14633289749187],[-107.29401564846351,48.14635063983571],[-107.29399567833833,48.146350997564234],[-107.29398314153123,48.146369097641475],[-107.29397060471278,48.14638719772359],[-107.29395801075805,48.146405384718406],[-107.29416632889945,48.14643693202952],[-107.29418396899236,48.14638298944287],[-107.29420354756577,48.14637363632179],[-107.2942098382266,48.14636462185296],[-107.2940274467048,48.14631462024199]]]}"
00000000000000000cfe,8001,0,0,0,"{""type"":""Polygon"",""coordinates"":[[[-107.29407700007991,48.1462288060632],[-107.29407070942258,48.146237820499984],[-107.29403675617375,48.14622511865018],[-107.29404324888975,48.14622052284235],[-107.29398238423082,48.146203866096066],[-107.29397693379752,48.146230784269704],[-107.29399735253894,48.14623933496939],[-107.29399106186584,48.14624834940316],[-107.29401911599473,48.14627906105022],[-107.29407893847117,48.14627339539666],[-107.29406040228031,48.146305070873936],[-107.29403349074506,48.14630111599322],[-107.2940274467048,48.14631462024199],[-107.2942098382266,48.14636462185296],[-107.29424240224893,48.14634607706495],[-107.29426014256023,48.14629656892983],[-107.29427292591232,48.14628295864229],[-107.29407700007991,48.1462288060632]]]}"
00000000000000000d08,8002,0,0,0,"{""type"":""Polygon"",""coordinates"":[[[-107.29413334835269,48.14614724917221],[-107.29411481227083,48.14617892458135],[-107.29400676374978,48.146149817769306],[-107.29396651996686,48.14614613032923],[-107.29396037422774,48.146159650272054],[-107.29398099497226,48.14617261958579],[-107.29398238423082,48.146203866096066],[-107.29404324888975,48.14622052284235],[-107.29408869650887,48.146192802286315],[-107.29409518921615,48.146188206478],[-107.29410886863218,48.14619686316348],[-107.29408953680017,48.14621070602412],[-107.29407700007991,48.1462288060632],[-107.29427292591232,48.14628295864229],[-107.29431698401434,48.14622399141526],[-107.29432996941613,48.1462147997626],[-107.29433621543785,48.14620571414505],[-107.29413334835269,48.14614724917221]]]}"
00000000000000000afe,8003,0,0,0,"{""type"":""Polygon"",""coordinates"":[[[-107.29434472830847,48.14609838019644],[-107.29435087392183,48.14608486024791],[-107.29415078623718,48.14608888827853],[-107.29415178404496,48.146111139425564],[-107.29413334835269,48.14614724917221],[-107.29433621543785,48.14620571414505],[-107.29435504265902,48.14617859963757],[-107.29437402736392,48.14615583258964],[-107.29434472830847,48.14609838019644]]]}"
00000000000000000d01,8004,0,0,0,"{""type"":""Polygon"",""coordinates"":[[[-107.29433351777337,48.145995894034115],[-107.29431254986082,48.14597400072906],[-107.29412134269981,48.14602693036291],[-107.29414335287153,48.14607114603427],[-107.29415078623718,48.14608888827853],[-107.29435087392183,48.14608486024791],[-107.29434844182545,48.146031291535465],[-107.29433351777337,48.145995894034115]]]}"
00000000000000000cfa,8005,0,0,0,"{""type"":""Polygon"",""coordinates"":[[[-107.2942915373904,48.14595203625915],[-107.29426268737166,48.14590349241788],[-107.29424171956391,48.145881599133105],[-107.29405849528773,48.145965613441916],[-107.29406548124456,48.14596999720066],[-107.29409978129351,48.145991623100954],[-107.29412134269981,48.14602693036291],[-107.29431254986082,48.14597400072906],[-107.2942915373904,48.14595203625915]]]}"
00000000000000000d02,8006,0,0,0,"{""type"":""Polygon"",""coordinates"":[[[-107.29422075178445,48.14585970585213],[-107.29419259599734,48.14582901024576],[-107.2941786700154,48.14581586387148],[-107.29415825141344,48.14580731327562],[-107.29398176679486,48.14589122129022],[-107.29399559235974,48.145899933377244],[-107.29403103495234,48.1459483158652],[-107.29405849528773,48.145965613441916],[-107.29424171956391,48.145881599133105],[-107.29422075178445,48.14585970585213]]]}"
00000000000000000cf8,8007,0,0,0,"{""type"":""MultiPolygon"",""coordinates"":[[[[-107.29430623268031,48.145683785525264],[-107.29428581408932,48.14567523497771],[-107.29430508979581,48.145657029080155],[-107.29425196288824,48.1456625175927],[-107.29424502153464,48.145658205040974],[-107.29421231319405,48.145672244086654],[-107.29432080954555,48.145710258755635],[-107.29430623268031,48.145683785525264]]],[[[-107.29414457211236,48.14579865665832],[-107.29408860920509,48.14574173948819],[-107.29408176957821,48.14573741117942],[-107.29387906944275,48.14583076214988],[-107.29387941639476,48.14583968624325],[-107.29394667130089,48.145851762928004],[-107.29398176679486,48.14589122129022],[-107.29415825141344,48.14580731327562],[-107.29414457211236,48.14579865665832]]]]}"
00000000000000000cfb,8008,0,0,0,"{""type"":""GeometryCollection"",""geometries"":[{""type"":""LineString"",""coordinates"":[[-107.29418048082131,48.14555677019215],[-107.29419341846344,48.14554757913611]]},{""type"":""Polygon"",""coordinates"":[[[-107.2942209278388,48.14556489549647],[-107.29424734558533,48.14555987080718],[-107.29426127151568,48.145573017108894],[-107.29431588958045,48.14559875900358],[-107.2943423073667,48.145593734283906],[-107.2943491470191,48.14559806256163],[-107.29437546441918,48.145588603524054],[-107.29435449667713,48.145566710393176],[-107.29430741368883,48.1455586948511],[-107.29426498502994,48.1455059291206],[-107.2941934676548,48.14554759809404],[-107.29420050934937,48.1455563449475],[-107.2942209278388,48.14556489549647]]]},{""type"":""Polygon"",""coordinates"":[[[-107.29420050934937,48.1455563449475],[-107.29418048248903,48.14555678960577],[-107.29398496998118,48.145663392810036],[-107.29398521661831,48.14566788255694],[-107.29397837702408,48.14566355424606],[-107.29379619600466,48.14576988985732],[-107.29382330909628,48.14577826336535],[-107.29384392956358,48.14579123262165],[-107.29386449292552,48.14580428878298],[-107.29387906944275,48.14583076214988],[-107.29408176957821,48.14573741117942],[-107.29404058556618,48.14571138589276],[-107.2940322549182,48.14567582710794],[-107.29415818847859,48.1456554815856],[-107.29421231319405,48.145672244086654],[-107.29424502153464,48.145658205040974],[-107.2942169675641,48.14562749381807],[-107.29417072494874,48.14563738173935],[-107.29413722088171,48.145633588375766],[-107.29408399237417,48.1456390925284],[-107.29408968925607,48.14561666439822],[-107.29412874519545,48.145593524175794],[-107.29417478566899,48.145579217714264],[-107.29420050934937,48.1455563449475]]]}]}"
00000000000000000cf6,8009,0,0,0,"{""type"":""MultiPolygon"",""coordinates"":[[[[-107.29386894104007,48.145603201345736],[-107.29373349604116,48.145708628424096],[-107.29374692854532,48.14571279533754],[-107.29378935642933,48.145765561524094],[-107.29379619600466,48.14576988985732],[-107.29397837702408,48.14566355424606],[-107.29386894104007,48.145603201345736]]],[[[-107.29406104184297,48.14557253936172],[-107.29406163549031,48.14558595314893],[-107.29405638730705,48.145617289580244],[-107.29400385419288,48.14563619174759],[-107.29398496998118,48.145663392810036],[-107.29426498502994,48.1455059291206],[-107.29425794332344,48.14549718228055],[-107.2942047149593,48.14550268648226],[-107.29418578768419,48.145525366300035],[-107.29416496508196,48.145507978619754],[-107.29415124129589,48.14549925088195],[-107.29413746039515,48.14549061004979],[-107.29411163638373,48.14550904846729],[-107.29415208163653,48.145517154382134],[-107.29413235724076,48.14552645189868],[-107.29414013888344,48.14554866796008],[-107.29413399331658,48.14556218775625],[-107.29411243211938,48.145526880803466],[-107.29410559252486,48.14552255251324],[-107.29410048933401,48.14555839438312],[-107.29409419881082,48.14556740870327],[-107.29406104184297,48.14557253936172]],[[-107.29415971699747,48.1455393150078],[-107.29416031068178,48.145552728785],[-107.2941731941396,48.145543553015],[-107.29415971699747,48.1455393150078]],[[-107.29409479247047,48.145580822488654],[-107.294107777654,48.14557163098388],[-107.29409419881082,48.14556740870327],[-107.29409479247047,48.145580822488654]]]]}"
00000000000000000cfd,8010,0,0,0,"{""type"":""Polygon"",""coordinates"":[[[-107.29384143651666,48.14558583265534],[-107.29380064446192,48.14556880254591],[-107.2937594038269,48.14554286411547],[-107.29373239264336,48.14553447488391],[-107.29364656169301,48.14570592023043],[-107.29364676370373,48.145710338814226],[-107.29369280426398,48.145696032550035],[-107.29373349604116,48.145708628424096],[-107.29386894104007,48.145603201345736],[-107.29384143651666,48.14558583265534]]]}"
00000000000000000d04,8011,0,0,0,"{""type"":""Polygon"",""coordinates"":[[[-107.29370523518756,48.145526030214974],[-107.29366444332008,48.14550900006222],[-107.29362385351716,48.14549638846217],[-107.2936105214208,48.14549665584959],[-107.29353792198695,48.14566339927649],[-107.29356538174484,48.14568069691539],[-107.29359219093884,48.14568466763459],[-107.29360537821847,48.14567989475887],[-107.29361930386254,48.145693041190995],[-107.2936320425432,48.14567935997839],[-107.29364656169301,48.14570592023043],[-107.29373239264336,48.14553447488391],[-107.29370523518756,48.145526030214974]]]}"
00000000000000000cf9,8012,0,0,0,"{""type"":""Polygon"",""coordinates"":[[[-107.2935566441733,48.14548438277626],[-107.29354286350745,48.14547574185518],[-107.29349578123431,48.145467725910535],[-107.29347581169517,48.145468083509996],[-107.2934158488346,48.14562116132335],[-107.29344296162033,48.14562953492296],[-107.29352414126626,48.14565475832473],[-107.29353792198695,48.14566339927649],[-107.2936105214208,48.14549665584959],[-107.2935566441733,48.14548438277626]]]}"
00000000000000000cf4,8013,0,0,0,"{""type"":""MultiPolygon"",""coordinates"":[[[[-107.29340190367296,48.1453087872204],[-107.29343411997357,48.14528131909612],[-107.29339128927776,48.14521971611963],[-107.29337246211392,48.14524682994274],[-107.2933579879331,48.1452203410392],[-107.29333802119939,48.145372616027075],[-107.2933899604693,48.1453403005917],[-107.29339551280229,48.14531336716437],[-107.29340190367296,48.1453087872204]],[[-107.29336646267217,48.145260405047324],[-107.29337385089703,48.145278075924494],[-107.29337999663049,48.14526455624574],[-107.29336646267217,48.145260405047324]],[[-107.29338847140055,48.14530462028476],[-107.29337523967978,48.14530932192476],[-107.29339551280229,48.14531336716437],[-107.29338847140055,48.14530462028476]]],[[[-107.29343502009819,48.14545105327159],[-107.29340790744266,48.14544267969481],[-107.29340756059956,48.14543375566425],[-107.29332687327893,48.14542196174725],[-107.29330760130995,48.145587635381645],[-107.29331429591505,48.145587458256074],[-107.29333550936857,48.145613841390336],[-107.2934158488346,48.14562116132335],[-107.29347581169517,48.145468083509996],[-107.29343502009819,48.14545105327159]],[[-107.29337440391244,48.14543888606527],[-107.29338144533195,48.14544763296776],[-107.29338793793576,48.14544303727498],[-107.29337440391244,48.14543888606527]]]]}"
00000000000000000cfc,8014,0,0,0,"{""type"":""Polygon"",""coordinates"":[[[-107.2933579879331,48.1452203410392],[-107.2933379614326,48.14522078550965],[-107.29328973746733,48.14518601325519],[-107.29327640552987,48.14518628059058],[-107.29326223368105,48.14516864451768],[-107.29324161387362,48.145155675272996],[-107.29322144259363,48.1451516142724],[-107.29319841052468,48.145384303624084],[-107.29319275779491,48.14540680278182],[-107.29321997056505,48.14541961071601],[-107.29321451979958,48.14544652845384],[-107.29318810230048,48.14545155284167],[-107.29317403401029,48.14558581898783],[-107.29318756803272,48.1455899702374],[-107.29326106784194,48.14559296193635],[-107.29330760130995,48.145587635381645],[-107.29332687327893,48.14542196174725],[-107.29332672842924,48.14541745628024],[-107.29329961585462,48.145409082676146],[-107.293286732357,48.145418258306414],[-107.29327295181837,48.14540961735419],[-107.2932592729955,48.145400960663935],[-107.29327101434967,48.14536502871252],[-107.29329847369542,48.14538232634025],[-107.29331899194588,48.14539531136205],[-107.29333802119939,48.145372616027075],[-107.29335208876351,48.14523835041897],[-107.2933579879331,48.1452203410392]],[[-107.29335208876351,48.14523835041897],[-107.29333851023863,48.14523412805006],[-107.29334604473421,48.14525185435197],[-107.29335208876351,48.14523835041897]],[[-107.29332483145083,48.145225471397104],[-107.2933114994942,48.14522573873807],[-107.29331184631707,48.14523466273423],[-107.29332483145083,48.145225471397104]],[[-107.29328404024655,48.14520844116303],[-107.29328438706298,48.14521736515652],[-107.29329737219308,48.14520817382622],[-107.29328404024655,48.14520844116303]],[[-107.29328404024655,48.14520844116303],[-107.29327675234477,48.14519520458039],[-107.29326386892434,48.14520438016836],[-107.29328404024655,48.14520844116303]],[[-107.29333024157154,48.1453459499305],[-107.29331670759761,48.14534179871905],[-107.29331705441996,48.1453507227349],[-107.29333024157154,48.1453459499305]],[[-107.29331760321548,48.14536406530861],[-107.29330417094583,48.14535989835673],[-107.29330451776487,48.14536882237576],[-107.29331760321548,48.14536406530861]],[[-107.29326903229712,48.14532036894024],[-107.29326070250796,48.145284810330715],[-107.29322050464478,48.14528119377272],[-107.2932152558714,48.14531252999161],[-107.29326903229712,48.14532036894024]]]}"
00000000000000000d1e,8015,0,0,0,"{""type"":""MultiPolygon"",""coordinates"":[[[[-107.29322144259363,48.1451516142724],[-107.29320786413408,48.14514739189031],[-107.29314720743893,48.145282620594344],[-107.29314735226777,48.14528712605061],[-107.293175461916,48.14531775051887],[-107.29315647721216,48.14534051696725],[-107.29317209332129,48.14539376229715],[-107.29319275779491,48.14540680278182],[-107.29319841052468,48.145384303624084],[-107.29322144259363,48.1451516142724]],[[-107.29318487657189,48.145380152390494],[-107.29318532506886,48.14538906067693],[-107.29319841052468,48.145384303624084],[-107.29318487657189,48.145380152390494]]],[[[-107.29317497223734,48.14545623873122],[-107.29315539413696,48.14546559146745],[-107.29313477423739,48.145452622129],[-107.29309487844705,48.14545785837712],[-107.29308095314953,48.14544471191882],[-107.29307436029397,48.145444873289485],[-107.29302619486243,48.145561931849365],[-107.29307966783914,48.14556536809819],[-107.29317403401029,48.14558581898783],[-107.29318810230048,48.14545155284167],[-107.29317497223734,48.14545623873122]]]]}"
00000000000000000d0f,8016,0,0,0,"{""type"":""MultiPolygon"",""coordinates"":[[[[-107.29298708050825,48.145433240444525],[-107.29296621421022,48.145415781343395],[-107.29295288223608,48.14541604863594],[-107.2928981236751,48.14553326843651],[-107.29292513441776,48.14554165791393],[-107.29297925767115,48.14555842111139],[-107.29302619486243,48.145561931849365],[-107.29307436029397,48.145444873289485],[-107.29298708050825,48.145433240444525]]],[[[-107.29312058486508,48.14513575921941],[-107.29315314789514,48.14511721525904],[-107.2931656845053,48.14509911572557],[-107.29307999588772,48.14512314745774],[-107.29306200843345,48.14516816457712],[-107.29306884776578,48.14517249291925],[-107.29305576238964,48.14517724993326],[-107.29303707989236,48.14520886912254],[-107.29309144932422,48.14523012187443],[-107.29309873715052,48.14524335848183],[-107.29312599432849,48.14525623757571],[-107.29314720743893,48.145282620594344],[-107.29320786413408,48.14514739189031],[-107.29312058486508,48.14513575921941]],[[-107.29316196916939,48.14516620319919],[-107.2931749542928,48.14515701189456],[-107.29316162238202,48.14515727921319],[-107.29316196916939,48.14516620319919]],[[-107.29315433454195,48.145144042632545],[-107.29314145112795,48.145153218195],[-107.29316162238202,48.14515727921319],[-107.29315433454195,48.145144042632545]]]]}"
00000000000000000d5d,8017,0,0,0,"{""type"":""MultiPolygon"",""coordinates"":[[[[-107.292879136551,48.14540856696364],[-107.29282486882613,48.14538729828263],[-107.29275726947563,48.14551821474583],[-107.29281025072257,48.14550822162096],[-107.292857634663,48.14552509080089],[-107.2928981236751,48.14553326843651],[-107.29295288223608,48.14541604863594],[-107.292879136551,48.14540856696364]]],[[[-107.29305506739654,48.145163851971766],[-107.29306200843345,48.14516816457712],[-107.29307999588772,48.14512314745774],[-107.29307350332809,48.14512774310064],[-107.29300094461915,48.1451470889306],[-107.29295535329354,48.145170302945466],[-107.29294236814272,48.145179494223385],[-107.29295570003039,48.1451792269357],[-107.2929560467672,48.14518815092745],[-107.29298236381112,48.14517869235465],[-107.29297691294133,48.14520560995845],[-107.29299128655656,48.14522766463675],[-107.2930031282922,48.14519616711337],[-107.29301715517278,48.14520929778708],[-107.29303707989236,48.14520886912254],[-107.29305576238964,48.14517724993326],[-107.29305506739654,48.145163851971766]],[[-107.2930356913941,48.14517762316977],[-107.29304277724647,48.145186441225796],[-107.29305576238964,48.14517724993326],[-107.2930356913941,48.14517762316977]],[[-107.29303514269733,48.145164280639165],[-107.29302215755693,48.145173471926576],[-107.2930356913941,48.14517762316977],[-107.29303514269733,48.145164280639165]],[[-107.29299569570416,48.145178425061275],[-107.29300278154403,48.14518724312071],[-107.29301576669158,48.14517805183334],[-107.29299569570416,48.145178425061275]]]]}"
00000000000000000d5f,8018,0,0,0,"{""type"":""Polygon"",""coordinates"":[[[-107.29281133497048,48.14538314699363],[-107.29277758528782,48.145374863422376],[-107.29275751424503,48.14537523660328],[-107.29273085038683,48.14537577112581],[-107.29271796684316,48.14538494667507],[-107.29267732079639,48.14537242158735],[-107.2926573514833,48.14537277901008],[-107.29267098685398,48.1455288325289],[-107.29268431882866,48.14552856527495],[-107.29275726947563,48.14551821474583],[-107.29282486882613,48.14538729828263],[-107.29281133497048,48.14538314699363]]]}"
00000000000000000d06,8019,0,0,0,"{""type"":""Polygon"",""coordinates"":[[[-107.2926573514833,48.14537277901008],[-107.2926042703027,48.145378337720366],[-107.29258419929515,48.14537871086416],[-107.29248225661097,48.14548792966629],[-107.29252270074961,48.14549603629296],[-107.29267098685398,48.1455288325289],[-107.2926573514833,48.14537277901008]]]}"
00000000000000000d59,8020,0,0,0,"{""type"":""Polygon"",""coordinates"":[[[-107.29257750477888,48.14537888793583],[-107.29256357977148,48.145365741414814],[-107.29251594985826,48.14534438240037],[-107.29247511468718,48.145327280599574],[-107.29236008650362,48.14544125612525],[-107.29243497324376,48.14547549460909],[-107.29248225661097,48.14548792966629],[-107.29258419929515,48.14537871086416],[-107.29257750477888,48.14537888793583]]]}"
00000000000000000d5a,8021,1,0,0,"{""type"":""Polygon"",""coordinates"":[[[-107.29242099229172,48.14531051716956],[-107.29237252313011,48.1452712546408],[-107.29236582864806,48.14527143169647],[-107.29225774138031,48.145389719655],[-107.29236008650362,48.14544125612525],[-107.29247511468718,48.145327280599574],[-107.29242099229172,48.14531051716956]]]}"
00000000000000000d60,8022,0,0,0,"{""type"":""Polygon"",""coordinates"":[[[-107.29225174181815,48.14525582713658],[-107.29223112255079,48.14524285763956],[-107.29214251147961,48.14535180861616],[-107.29216292891871,48.145360359596516],[-107.29224396124917,48.14538107854934],[-107.29225774138031,48.145389719655],[-107.29236582864806,48.14527143169647],[-107.29225174181815,48.14525582713658]]]}"
00000000000000000d5e,8023,0,0,0,"{""type"":""Polygon"",""coordinates"":[[[-107.29212248748023,48.14520033533936],[-107.29201974978885,48.14529172098255],[-107.29206053992519,48.14530875180815],[-107.29214251147961,48.14535180861616],[-107.29223112255079,48.14524285763956],[-107.29212248748023,48.14520033533936]]]}"
00000000000000000d64,8024,0,0,0,"{""type"":""Polygon"",""coordinates"":[[[-107.29210207014373,48.14519178437379],[-107.29208124917147,48.14517439631014],[-107.29203357544596,48.14515296594563],[-107.2920520121525,48.14511685725858],[-107.29190397244842,48.1452404671402],[-107.29191775239944,48.14524910827618],[-107.29193143065271,48.14525776514718],[-107.29196517972412,48.14526604901315],[-107.29198600066198,48.14528343713313],[-107.29201974978885,48.14529172098255],[-107.29212248748023,48.14520033533936],[-107.29210207014373,48.14519178437379]]]}"
00000000000000000d99,8025,0,0,0,"{""type"":""Polygon"",""coordinates"":[[[-107.29204393006675,48.14508578835606],[-107.29200472961564,48.14510442205594],[-107.29195744713496,48.145091986831495],[-107.29194352254031,48.145078840281634],[-107.29178780453839,48.14518021802399],[-107.29187691787662,48.145232006235304],[-107.29190397244842,48.1452404671402],[-107.2920520121525,48.14511685725858],[-107.29204393006675,48.14508578835606]]]}"
00000000000000000da6,8026,0,0,0,"{""type"":""Polygon"",""coordinates"":[[[-107.29191606445025,48.145061542334005],[-107.2918954454781,48.14504857280522],[-107.29186759639283,48.14502227970784],[-107.29169056682348,48.14509283964293],[-107.2916974058784,48.14509716808366],[-107.29171326593675,48.14515490318211],[-107.29176054828457,48.14516733854511],[-107.29178780453839,48.14518021802399],[-107.29194352254031,48.145078840281634],[-107.29191606445025,48.145061542334005]]]}"
00000000000000000d69,8027,0,0,0,"{""type"":""Polygon"",""coordinates"":[[[-107.29185381653983,48.145013638599394],[-107.29185302189309,48.14499580639069],[-107.29185222724622,48.14497797418803],[-107.2918510415491,48.14495114685896],[-107.29160621316831,48.144996285963124],[-107.29162831931217,48.14504493572341],[-107.2916557771686,48.14506223375387],[-107.29168327963714,48.145079602950176],[-107.29169056682348,48.14509283964293],[-107.29186759639283,48.14502227970784],[-107.29185381653983,48.145013638599394]]]}"
00000000000000000d54,8028,0,0,0,"{""type"":""GeometryCollection"",""geometries"":[{""type"":""LineString"",""coordinates"":[[-107.29151828030257,48.14497121748318],[-107.29155102272902,48.1449571653311]]},{""type"":""Polygon"",""coordinates"":[[[-107.29183577415081,48.14490682565971],[-107.29181411430062,48.14487153428806],[-107.29176668760958,48.144854593587276],[-107.29159020705391,48.14493849558169],[-107.29158396079758,48.144947580807795],[-107.29157712179028,48.14494325237007],[-107.29155100673707,48.14495712904066],[-107.29159833327887,48.14496963561544],[-107.29160621316831,48.144996285963124],[-107.2918510415491,48.14495114685896],[-107.29185708596023,48.14493764308756],[-107.29183577415081,48.14490682565971]]]}]}"
00000000000000000d56,8029,0,0,0,"{""type"":""Polygon"",""coordinates"":[[[-107.29171256662808,48.14483782987229],[-107.29171138102762,48.144811002610425],[-107.2916831287319,48.14477587253755],[-107.291540150669,48.14486356851913],[-107.29156810101829,48.144889845908224],[-107.2915694882747,48.14492109174296],[-107.29151764915548,48.14495784019988],[-107.29149063956581,48.14494945039002],[-107.2914500520775,48.14493683794572],[-107.29145064477909,48.144950251611114],[-107.29147116173768,48.144963236954275],[-107.29149202675299,48.14498069626301],[-107.29151834358647,48.14497123813435],[-107.29157712179028,48.14494325237007],[-107.29157667368104,48.144934344141696],[-107.29159020705391,48.14493849558169],[-107.29176668760958,48.144854593587276],[-107.29171256662808,48.14483782987229]]]}"
00000000000000000d53,8030,0,0,0,"{""type"":""Polygon"",""coordinates"":[[[-107.29163505238795,48.14474560508659],[-107.29162762063426,48.14472786305918],[-107.29146263695876,48.14477134353563],[-107.2914842963417,48.144806634931314],[-107.2914850908136,48.144824467083424],[-107.29151943196294,48.144846164692495],[-107.291540150669,48.14486356851913],[-107.2916831287319,48.14477587253755],[-107.29168288237392,48.144771382853705],[-107.29163505238795,48.14474560508659]]]}"
00000000000000000d6c,8031,0,0,0,"{""type"":""Polygon"",""coordinates"":[[[-107.29161974076473,48.144701212848624],[-107.29144296232711,48.14462879562255],[-107.29143706247957,48.14464680469943],[-107.2914117866526,48.14467858452107],[-107.29143379230271,48.14472279979635],[-107.29146263695876,48.14477134353563],[-107.29162762063426,48.14472786305918],[-107.29161974076473,48.144701212848624]]]}"
00000000000000000d55,8032,0,0,0,"{""type"":""Polygon"",""coordinates"":[[[-107.29153316182055,48.14455551091654],[-107.2915134824601,48.144564878881596],[-107.29150059909283,48.144574054121605],[-107.29146724187345,48.14457476524894],[-107.29144925312444,48.14461978162995],[-107.29144296232711,48.14462879562255],[-107.29161974076473,48.144701212848624],[-107.29161220732206,48.14468348656984],[-107.29170463334368,48.14465935055248],[-107.29171771850604,48.144654593774945],[-107.29153316182055,48.14455551091654]]]}"
00000000000000000d49,8033,0,0,0,"{""type"":""Polygon"",""coordinates"":[[[-107.29166409283333,48.14449934390119],[-107.29164451521204,48.14450869614701],[-107.29161899325837,48.144535986270135],[-107.29156611551257,48.144545962771986],[-107.29153979898928,48.14455542082948],[-107.29171771850604,48.144654593774945],[-107.2918020181178,48.14459931785868],[-107.29166409283333,48.14449934390119]]]}"
00000000000000000d51,8034,0,0,0,"{""type"":""Polygon"",""coordinates"":[[[-107.29177480863747,48.14443904433288],[-107.29172331839156,48.14448026646696],[-107.2916969018311,48.1444852903282],[-107.29167083170519,48.14449923806994],[-107.29166409283333,48.14449934390119],[-107.2918020181178,48.14459931785868],[-107.29182159578399,48.14458996556349],[-107.2918610420589,48.14457582180038],[-107.29188656393434,48.14454853159421],[-107.29177480863747,48.14443904433288]]]}"
00000000000000000d4e,8035,0,0,0,"{""type"":""Polygon"",""coordinates"":[[[-107.29188577059475,48.14438323436092],[-107.29182015438705,48.14440689161484],[-107.29177480863747,48.14443904433288],[-107.29188656393434,48.14454853159421],[-107.29191159300211,48.14451226207501],[-107.29196457251454,48.14450226965203],[-107.29198419470092,48.144492988510336],[-107.29188577059475,48.14438323436092]]]}"
00000000000000000d4a,8036,0,0,0,"{""type"":""Polygon"",""coordinates"":[[[-107.29201759740648,48.144344883307475],[-107.29199801988209,48.14435423559554],[-107.29197878886288,48.14437251174419],[-107.29195208136713,48.14437297484846],[-107.29191208700543,48.14437377624232],[-107.29188577059475,48.14438323436092],[-107.29198419470092,48.144492988510336],[-107.29206314258806,48.144469063950766],[-107.29208901082816,48.14445069762551],[-107.29209570514267,48.14445052059615],[-107.29201759740648,48.144344883307475]]]}"
00000000000000000d6b,8037,0,0,0,"{""type"":""Polygon"",""coordinates"":[[[-107.29207602798837,48.14430797374549],[-107.29205089748932,48.14434425889552],[-107.29201759740648,48.144344883307475],[-107.29209570514267,48.14445052059615],[-107.29214823636964,48.144431619947035],[-107.29216701911525,48.144404435612124],[-107.29220666705228,48.14439471024213],[-107.2922321886347,48.144367420045334],[-107.29207602798837,48.14430797374549]]]}"
00000000000000000d5c,8038,0,0,0,"{""type"":""Polygon"",""coordinates"":[[[-107.2922995850713,48.144232088373414],[-107.29208093088873,48.144267714324464],[-107.2920952018197,48.144289784504586],[-107.29207557974914,48.14429906563022],[-107.29207602798837,48.14430797374549],[-107.2922321886347,48.144367420045334],[-107.29224472527382,48.14434932088922],[-107.29225760848108,48.144340145592516],[-107.29227683940479,48.14432186940165],[-107.29230662595405,48.14424083516791],[-107.2922995850713,48.144232088373414]]]}"
00000000000000000d4c,8039,0,0,0,"{""type"":""MultiPolygon"",""coordinates"":[[[[-107.29227837328591,48.144205705660184],[-107.2922642469739,48.14418814091143],[-107.2922226183978,48.144153207427316],[-107.29220804386456,48.14412673460192],[-107.29218019508441,48.14410044204787],[-107.2921658670267,48.14407845886273],[-107.29204673439834,48.14425052252828],[-107.29206700650994,48.144254567992874],[-107.29208093088873,48.144267714324464],[-107.2922995850713,48.144232088373414],[-107.29227837328591,48.144205705660184]]],[[[-107.29247937319803,48.143924799381125],[-107.2924130629923,48.1439350591563],[-107.29231959874504,48.143932424120955],[-107.29228099261395,48.14396447089332],[-107.29226800784602,48.14397366185977],[-107.29225502307331,48.143982852826184],[-107.29222256267647,48.144001380322976],[-107.29221582385497,48.14400148619068],[-107.29218450483705,48.14404676935744],[-107.29225745226633,48.144036419581255],[-107.29232956022763,48.1440081667204],[-107.292369207761,48.14399844136667],[-107.2924701614641,48.14401873115714],[-107.29259083900493,48.144029723930416],[-107.2926178485282,48.14403811328569],[-107.29247937319803,48.143924799381125]]]]}"
00000000000000000d47,8040,0,0,0,"{""type"":""Polygon"",""coordinates"":[[[-107.29216923724502,48.14400244897747],[-107.29201897553968,48.14407690789009],[-107.29193790073099,48.144203582272816],[-107.29199281579287,48.14423817761804],[-107.29204673439834,48.14425052252828],[-107.2921658670267,48.14407845886273],[-107.29215159611073,48.144056388781316],[-107.29218450483705,48.14404676935744],[-107.29221582385497,48.14400148619068],[-107.29216923724502,48.14400244897747]]]}"
00000000000000000d4d,8041,0,0,0,"{""type"":""Polygon"",""coordinates"":[[[-107.29176702291586,48.14411315737727],[-107.29177435456302,48.14412646499124],[-107.29178803237485,48.1441351217093],[-107.29180181189786,48.14414376269138],[-107.29185593199551,48.14416052615747],[-107.29185707315114,48.1441872819151],[-107.29181950756328,48.14424165025214],[-107.2918206486887,48.144268406052205],[-107.29186029641414,48.14425868085583],[-107.29187203846247,48.14422274983755],[-107.2918904747386,48.14418664183041],[-107.29192422283779,48.144194925566936],[-107.29193790073099,48.144203582272816],[-107.29201897553968,48.14407690789009],[-107.29176702291586,48.14411315737727]]]}"
00000000000000000d46,8042,0,0,0,"{""type"":""Polygon"",""coordinates"":[[[-107.29209584168285,48.144003890611984],[-107.29206803767883,48.14397766924892],[-107.29200832009089,48.143987767463656],[-107.29200876831757,48.143996675526886],[-107.29200172756866,48.14398792874769],[-107.29174328316674,48.14402877356545],[-107.29174546523518,48.14407785077511],[-107.29176702291586,48.14411315737727],[-107.29201897553968,48.14407690789009],[-107.29216923724502,48.14400244897747],[-107.29209584168285,48.144003890611984]]]}"
00000000000000000d48,8043,0,0,0,"{""type"":""MultiPolygon"",""coordinates"":[[[[-107.29205401170209,48.14396453872067],[-107.29203245375145,48.1439292322895],[-107.29200603754059,48.143934256174404],[-107.29201481249135,48.143983171996375],[-107.29200832009089,48.143987767463656],[-107.29206803767883,48.14397766924892],[-107.29205401170209,48.14396453872067]]],[[[-107.29195360716854,48.14395759072884],[-107.2919530588397,48.14394424849189],[-107.29193854173283,48.14391768882046],[-107.29195142481106,48.14390851364336],[-107.29196416318915,48.14389483312357],[-107.29173277308024,48.14394413851985],[-107.29174739171752,48.14397068250502],[-107.29174328316674,48.14402877356545],[-107.29200172756866,48.14398792874769],[-107.29195360716854,48.14395759072884]]]]}"
00000000000000000d50,8044,0,0,0,"{""type"":""GeometryCollection"",""geometries"":[{""type"":""LineString"",""coordinates"":[[-107.29198529069936,48.143769387403346],[-107.29201823100888,48.14375979750736]]},{""type"":""Polygon"",""coordinates"":[[[-107.29198531967299,48.14376938930437],[-107.29169604869936,48.14386894583776],[-107.29169684330085,48.143886777667255],[-107.29173277308024,48.14394413851985],[-107.29196416318915,48.14389483312357],[-107.29197045375435,48.143885819228345],[-107.2919623273276,48.143854679872256],[-107.29197496556394,48.14383656519502],[-107.2919743155225,48.143823238724444],[-107.29199319970785,48.14379603900904],[-107.29198531967299,48.14376938930437]]]}]}"
00000000000000000d4f,8045,0,0,0,"{""type"":""Polygon"",""coordinates"":[[[-107.29200761726379,48.14367070127395],[-107.29201327026395,48.143648202921064],[-107.2920385895343,48.14361649475846],[-107.29205108137144,48.14359832472475],[-107.29202387062774,48.143585516850685],[-107.29189933363132,48.143637103603815],[-107.29164019537362,48.14381201339082],[-107.29167483766592,48.14384256315401],[-107.29169604869936,48.14386894583776],[-107.29201822811956,48.14375976999706],[-107.2920311111309,48.14375059483848],[-107.29202372388389,48.14373292434578],[-107.29205663230141,48.1437233050327],[-107.29206253169728,48.14370529624507],[-107.29208215343971,48.14369601523509],[-107.29200761726379,48.14367070127395]]]}"
00000000000000000d52,8046,0,0,0,"{""type"":""Polygon"",""coordinates"":[[[-107.29157552171863,48.1437105440314],[-107.2915824622152,48.14371485663844],[-107.29158305499124,48.14372826998981],[-107.29162606959427,48.143794448665936],[-107.29164019537362,48.14381201339082],[-107.29189933363132,48.143637103603815],[-107.29157552171863,48.1437105440314]]]}"
00000000000000000d43,8047,0,0,0,"{""type"":""Polygon"",""coordinates"":[[[-107.29200320778047,48.143572476524106],[-107.29152491859064,48.14362227651064],[-107.2915483112052,48.14369773598933],[-107.29156868292566,48.14370621568932],[-107.29157552171863,48.1437105440314],[-107.29189933363132,48.143637103603815],[-107.29202387062774,48.143585516850685],[-107.29200320778047,48.143572476524106]]]}"
00000000000000000d45,8048,0,0,0,"{""type"":""Polygon"",""coordinates"":[[[-107.29198932825454,48.143559401514565],[-107.29196197129853,48.14354653819926],[-107.29154707251284,48.14351908352578],[-107.29154172112766,48.143550434362204],[-107.29151020019474,48.143591298507715],[-107.29152491859064,48.14362227651064],[-107.29200320778047,48.143572476524106],[-107.29198932825454,48.143559401514565]]]}"
00000000000000000d42,8049,0,0,0,"{""type"":""Polygon"",""coordinates"":[[[-107.29192767542148,48.14352491243323],[-107.29158954074667,48.14342445729691],[-107.29156342681935,48.14343833354202],[-107.29154707251284,48.14351908352578],[-107.29196197129853,48.14354653819926],[-107.29192767542148,48.14352491243323]]]}"
00000000000000000d3b,8050,0,0,0,"{""type"":""Polygon"",""coordinates"":[[[-107.29190666615494,48.143502948381474],[-107.29165203387818,48.143329387161565],[-107.29162165425731,48.1433970065266],[-107.29160252537814,48.14341526652162],[-107.29158954074667,48.14342445729691],[-107.29192767542148,48.14352491243323],[-107.29190666615494,48.143502948381474]]]}"
00000000000000000d36,8051,0,0,0,"{""type"":""Polygon"",""coordinates"":[[[-107.29178910617428,48.14325970234291],[-107.29177577514163,48.14325996943707],[-107.29176299238517,48.1432735785954],[-107.29165183209284,48.143324968767665],[-107.29165203387818,48.143329387161565],[-107.29190666615494,48.143502948381474],[-107.29178910617428,48.14325970234291]]]}"
00000000000000000d44,8052,0,0,0,"{""type"":""Polygon"",""coordinates"":[[[-107.29193495291598,48.14323893257127],[-107.2918616607474,48.14324035822775],[-107.29181552186182,48.14325467859537],[-107.29178910617428,48.14325970234291],[-107.29190666615494,48.143502948381474],[-107.29192767542148,48.14352491243323],[-107.29196197129853,48.14354653819926],[-107.29198932825454,48.143559401514565],[-107.29199314532327,48.14349675023437],[-107.29193495291598,48.14323893257127]]]}"
00000000000000000d33,8053,0,0,0,"{""type"":""Polygon"",""coordinates"":[[[-107.29210870493604,48.1432443678428],[-107.29203496437843,48.143236885700226],[-107.29201514105873,48.14324174822818],[-107.29198164015197,48.143237954204366],[-107.29194848578547,48.14324308383983],[-107.29193495291598,48.14323893257127],[-107.29199314532327,48.14349675023437],[-107.29202936672037,48.14341120885291],[-107.29210870493604,48.1432443678428]],[[-107.29202936672037,48.14341120885291],[-107.29200255977558,48.14340723781146],[-107.29199645859032,48.14342082809234],[-107.29201033807315,48.14343390306752],[-107.29202936672037,48.14341120885291]]]}"
00000000000000000d40,8054,0,0,0,"{""type"":""Polygon"",""coordinates"":[[[-107.29205627537995,48.143415164151605],[-107.2921297698883,48.14341815672802],[-107.29213611745519,48.143409056004884],[-107.29212883034236,48.14339581976741],[-107.29218924016529,48.143403569005216],[-107.29222913295882,48.1432508714364],[-107.29219597852305,48.143256001160395],[-107.29216202924381,48.14324329926586],[-107.29211554375374,48.14324869610779],[-107.29210870493604,48.1432443678428],[-107.29199314532327,48.14349675023437],[-107.29198932825454,48.143559401514565],[-107.29200320778047,48.143572476524106],[-107.29202387062774,48.143585516850685],[-107.29205108137144,48.14359832472475],[-107.29206327123177,48.143571302135314],[-107.29211371870025,48.14350775929641],[-107.29210549205263,48.14347218603891],[-107.29211118953562,48.14344975893401],[-107.29210375771069,48.14343201738197],[-107.2920774419835,48.143441475366615],[-107.29205627537995,48.143415164151605]],[[-107.2920774419835,48.143441475366615],[-107.29205761854811,48.14344633792516],[-107.29207119610122,48.14345056035661],[-107.2920774419835,48.143441475366615]]]}"
00000000000000000d3a,8055,0,0,0,"{""type"":""Polygon"",""coordinates"":[[[-107.29224831822746,48.14353189859556],[-107.29218850114908,48.14353756267589],[-107.29217596480476,48.14355566153813],[-107.29220991436826,48.14356836349589],[-107.29224935954305,48.1435542198755],[-107.29225640029806,48.14356296656431],[-107.2922697315077,48.143562699397336],[-107.292270078102,48.1435716231212],[-107.29228990162514,48.14356676050494],[-107.29230288623843,48.143557569610486],[-107.29231576914533,48.14354839445158],[-107.29232875374909,48.14353920355706],[-107.29234163664651,48.143530028398125],[-107.29234812894424,48.14352543295085],[-107.29233662126836,48.14326663688597],[-107.29225579514795,48.143250337117195],[-107.29222913295882,48.1432508714364],[-107.29218924016529,48.143403569005216],[-107.29222943545396,48.143407185931586],[-107.29224311319393,48.143415842468336],[-107.29227626778545,48.14341071270852],[-107.29231115694982,48.143445751564954],[-107.29229866526235,48.14346392157607],[-107.29227255136347,48.143477798023866],[-107.29225966847835,48.14348697316412],[-107.2922194730877,48.14348335624753],[-107.29220669034505,48.14349696552237],[-107.29218062099282,48.143510913121176],[-107.29221481695123,48.14352810464163],[-107.29222769985623,48.143518929499734],[-107.29224831822746,48.14353189859556]],[[-107.29222769985623,48.143518929499734],[-107.29222061453879,48.143510111649206],[-107.29220752978502,48.143514868381565],[-107.29222769985623,48.143518929499734]]]}"
00000000000000000d39,8056,0,0,0,"{""type"":""Polygon"",""coordinates"":[[[-107.2924780147353,48.14329503284633],[-107.29243048762588,48.143278108683994],[-107.29234346013381,48.14327096513533],[-107.29233662126836,48.14326663688597],[-107.29234812894424,48.14352543295085],[-107.29235462124078,48.14352083750357],[-107.29238083533566,48.14351139516251],[-107.29240715112626,48.14350193708049],[-107.29242499347266,48.143452416214856],[-107.29241770622659,48.143439179991816],[-107.29243069077904,48.14342998910388],[-107.29243708135212,48.14342540939555],[-107.29249159234647,48.14329925520467],[-107.2924780147353,48.14329503284633]]]}"
00000000000000000d41,8057,0,0,0,"{""type"":""Polygon"",""coordinates"":[[[-107.29264550693836,48.14301033740494],[-107.29264179128135,48.143077422205],[-107.2926165173482,48.143109201348636],[-107.29265775413471,48.14313513916898],[-107.29260720615922,48.14319869754966],[-107.29257598845427,48.14324841424341],[-107.29250502368245,48.143303422130906],[-107.29249159234647,48.14329925520467],[-107.29243708135212,48.14342540939555],[-107.29252400912286,48.14342811873459],[-107.29252515079935,48.14345487409886],[-107.29243867130363,48.143461072728854],[-107.29242499347266,48.143452416214856],[-107.29240715112626,48.14350193708049],[-107.29247301219795,48.143482769441235],[-107.29251241271513,48.14346855457136],[-107.29253223620394,48.14346369191543],[-107.29281460404779,48.1430605193608],[-107.29264550693836,48.14301033740494]],[[-107.29272520484125,48.14315163461822],[-107.29270503479867,48.14314757363225],[-107.29271226500265,48.14316089665979],[-107.29272520484125,48.14315163461822]]]}"
00000000000000000d38,8058,0,0,0,"{""type"":""Polygon"",""coordinates"":[[[-107.29253223620394,48.14346369191543],[-107.29261187683001,48.143453164955844],[-107.29266738507522,48.1435011726987],[-107.29269325246914,48.143482806569644],[-107.29269949824908,48.14347372153618],[-107.29273978057195,48.14333001844066],[-107.29267961686995,48.14332675912403],[-107.29269899189235,48.143312988506906],[-107.29273016495914,48.14326320054772],[-107.29274998835547,48.14325833786812],[-107.29276331952568,48.14325807063512],[-107.29278016424553,48.14318629999342],[-107.29276638467647,48.14317765931015],[-107.2927660379551,48.14316873565809],[-107.2927651982317,48.14315083292867],[-107.2927856147996,48.14315938344116],[-107.29281460404779,48.1430605193608],[-107.29253223620394,48.14346369191543]]]}"
00000000000000000d3e,8059,0,0,0,"{""type"":""MultiPolygon"",""coordinates"":[[[[-107.29278016424553,48.14318629999342],[-107.29276331952568,48.14325807063512],[-107.29278348964647,48.14326213161538],[-107.29280796843858,48.143212520751185],[-107.29278016424553,48.14318629999342]]],[[[-107.29283481866054,48.143064651482874],[-107.29281460404779,48.1430605193608],[-107.2927856147996,48.14315938344116],[-107.29285980441992,48.14317577289496],[-107.29291392427047,48.143192535462354],[-107.29294246478749,48.143084763387705],[-107.29283481866054,48.143064651482874]]],[[[-107.29274053359383,48.143495241085844],[-107.29276050191457,48.14349488368372],[-107.29280718988163,48.14349390489181],[-107.29280758118816,48.1435028997649],[-107.2928338524093,48.14349337040092],[-107.29287413430254,48.14334966720625],[-107.2928607028536,48.143345500330895],[-107.29273978057195,48.14333001844066],[-107.29269949824908,48.14347372153618],[-107.29270623700982,48.14347361563711],[-107.29274053359383,48.143495241085844]],[[-107.2927328994943,48.14347308117558],[-107.29273998496761,48.143481898978116],[-107.29276640096836,48.14347687493963],[-107.2927328994943,48.14347308117558]],[[-107.2927259588173,48.14346876867613],[-107.29271228087289,48.143460112204714],[-107.29270623700982,48.14347361563711],[-107.2927259588173,48.14346876867613]]]]}"
00000000000000000ce3,8060,0,0,0,"{""type"":""MultiPolygon"",""coordinates"":[[[[-107.29299540365895,48.1433740726085],[-107.29292166193763,48.1433665911585],[-107.29287413430254,48.14334966720625],[-107.2928338524093,48.14349337040092],[-107.29292037687713,48.143487242567126],[-107.29306344851902,48.14340398111988],[-107.29306320198268,48.14339949156109],[-107.29299540365895,48.1433740726085]]],[[[-107.29332302972098,48.14323797690733],[-107.29322023937885,48.14317753562405],[-107.29311115926026,48.143126108118814],[-107.29301655276063,48.143101168431784],[-107.29296267945624,48.14308889548331],[-107.29294246478749,48.143084763387705],[-107.29291392427047,48.143192535462354],[-107.29296818902627,48.14321380328173],[-107.29298097149102,48.1432001939857],[-107.29302116699456,48.14320381056096],[-107.29302721071065,48.14319030718166],[-107.29299960825945,48.14316850487716],[-107.29302606865508,48.14316355196743],[-107.29306140710437,48.14320749828465],[-107.29307553359381,48.14322506258437],[-107.2930821706354,48.14322497239612],[-107.29313847479138,48.143290811241286],[-107.29320012921589,48.14332529935088],[-107.29333695439551,48.14325112279529],[-107.29333670782451,48.143246633251124],[-107.29332302972098,48.14323797690733]],[[-107.29300426340288,48.14312375677581],[-107.29300530519477,48.14314607786241],[-107.2930178410931,48.14312797904393],[-107.29300426340288,48.14312375677581]]]]}"
00000000000000000cf0,8061,0,0,0,"{""type"":""MultiPolygon"",""coordinates"":[[[[-107.29320012921589,48.14332529935088],[-107.29326168209218,48.14335980317605],[-107.29329563226655,48.143372504686894],[-107.29333105562746,48.143269131489994],[-107.29333695439551,48.14325112279529],[-107.29320012921589,48.14332529935088]]],[[[-107.29311955090647,48.14346540179688],[-107.29310562627016,48.143452255822886],[-107.29305775155959,48.143426408248544],[-107.29306344851902,48.14340398111988],[-107.29292037687713,48.143487242567126],[-107.29309909329692,48.143604242604276],[-107.29312461387681,48.14357695260528],[-107.29315058149659,48.143563020469735],[-107.29311955090647,48.14346540179688]]]]}"
00000000000000000d4b,8062,0,0,0,"{""type"":""Polygon"",""coordinates"":[[[-107.29309929525559,48.14360866101418],[-107.29309909329692,48.143604242604276],[-107.29292037687713,48.143487242567126],[-107.2928338524093,48.14349337040092],[-107.29280758118816,48.1435028997649],[-107.29280802961641,48.143511807737234],[-107.29280837634276,48.14352073144717],[-107.2928085782668,48.143525149851534],[-107.29296657518486,48.143624747090975],[-107.29310068388513,48.14363990603159],[-107.2931198570568,48.14362171683347],[-107.29309929525559,48.14360866101418]],[[-107.29309319435578,48.143622251409546],[-107.2930797181732,48.14361801338095],[-107.2930800649642,48.14362693710626],[-107.29309319435578,48.143622251409546]]]}"
00000000000000000d3c,8063,0,0,0,"{""type"":""Polygon"",""coordinates"":[[[-107.29280882477097,48.14352963942252],[-107.29278295736577,48.14354800559936],[-107.29277031952142,48.14356612027379],[-107.29274445208111,48.143584486453854],[-107.29274494507295,48.143593465607054],[-107.29275907149083,48.143611030083946],[-107.29278177200798,48.143673091588],[-107.29296657518486,48.143624747090975],[-107.29280882477097,48.14352963942252]]]}"
00000000000000000cee,8064,0,0,0,"{""type"":""Polygon"",""coordinates"":[[[-107.29296657518486,48.143624747090975],[-107.29278177200798,48.143673091588],[-107.29279024589027,48.1437131544914],[-107.29285244907308,48.1437609852725],[-107.29308829265278,48.14366251035834],[-107.29310068388513,48.14363990603159],[-107.29296657518486,48.143624747090975]]]}"
00000000000000000d58,8065,0,0,0,"{""type"":""MultiPolygon"",""coordinates"":[[[[-107.29285244907308,48.1437609852725],[-107.29285953463207,48.14376980311224],[-107.29288758581212,48.14380051371924],[-107.29294274830258,48.14383959782968],[-107.29298308929098,48.1438477197816],[-107.29308968127026,48.14369375540818],[-107.29308829265278,48.14366251035834],[-107.29285244907308,48.1437609852725]]],[[[-107.29278991521741,48.14400344937703],[-107.29270784342923,48.14396040992362],[-107.2926797923469,48.14392969916832],[-107.29263900309253,48.14391266902967],[-107.29247937319803,48.143924799381125],[-107.2926178485282,48.14403811328569],[-107.29262483386395,48.144042497004605],[-107.29265913086014,48.14406412270564],[-107.29270516918893,48.14404981741925],[-107.29277202836386,48.144052899660025],[-107.2928326863125,48.144065138165004],[-107.29286400478571,48.1440198547847],[-107.29278991521741,48.14400344937703]]]]}"
00000000000000000cf2,8066,0,0,0,"{""type"":""MultiPolygon"",""coordinates"":[[[[-107.29308968127026,48.14369375540818],[-107.29298308929098,48.1438477197816],[-107.29306411961142,48.14386843749754],[-107.29309058052517,48.14386348449103],[-107.29314410824188,48.14386683375049],[-107.29317706148504,48.143857285188936],[-107.29318355380144,48.14385268965609],[-107.29308968127026,48.14369375540818]]],[[[-107.29333924348101,48.14420237404202],[-107.29332511650152,48.1441848094675],[-107.2933114380798,48.14417615297587],[-107.2932839795571,48.144158855727234],[-107.29322981337249,48.14414202193856],[-107.29320270174951,48.14413364848578],[-107.2931356972353,48.14412606119602],[-107.29313524873463,48.14411715312312],[-107.29304703186207,48.144083183321264],[-107.29302616621436,48.144065724664344],[-107.29297873931877,48.14404878482713],[-107.29297169825676,48.144040038118405],[-107.2928708438824,48.14402418305252],[-107.29286400478571,48.1440198547847],[-107.2928326863125,48.144065138165004],[-107.29285285688522,48.14406919918147],[-107.2928737224129,48.14408665788027],[-107.29288740063505,48.14409531442466],[-107.29291485880772,48.14411261177479],[-107.29307702078403,48.14415848163539],[-107.29312434765728,48.14417098725936],[-107.2931847150208,48.144178664763714],[-107.29322470971361,48.14417786283395],[-107.29324478020901,48.14417748957769],[-107.29329275633694,48.14420777159459],[-107.2933340396285,48.14423378078361],[-107.29340694346489,48.14422335890476],[-107.29333924348101,48.14420237404202]]]]}"
00000000000000000cf7,8067,0,0,0,"{""type"":""GeometryCollection"",""geometries"":[{""type"":""Point"",""coordinates"":[-107.2934069592959,48.14422337947174]},{""type"":""Polygon"",""coordinates"":[[[-107.29320386649768,48.14370934285607],[-107.29319167725528,48.14373636564558],[-107.29313131059429,48.14372868819227],[-107.29313012390467,48.14370186154074],[-107.29312169420635,48.143661869852274],[-107.2931214476643,48.14365738027178],[-107.29310068388513,48.14363990603159],[-107.29308829265278,48.14366251035834],[-107.29308968127026,48.14369375540818],[-107.29318355380144,48.14385268965609],[-107.29320313101002,48.143843337223245],[-107.29324927083042,48.14382901600451],[-107.29332082958759,48.1437874203424],[-107.29320386649768,48.14370934285607]]]}]}"
00000000000000000cf3,8068,0,0,0,"{""type"":""MultiPolygon"",""coordinates"":[[[[-107.2931198570568,48.14362171683347],[-107.29310068388513,48.14363990603159],[-107.2931214476643,48.14365738027178],[-107.29312655129385,48.14362153973695],[-107.2931198570568,48.14362171683347]]],[[[-107.29326739911866,48.14363659250499],[-107.29326105170384,48.14364569333844],[-107.29320976541067,48.14369133401493],[-107.29320386649768,48.14370934285607],[-107.29332082958759,48.1437874203424],[-107.29333371247535,48.14377824500723],[-107.2933591885008,48.14375088368871],[-107.29341196537987,48.143736472207706],[-107.29343119564166,48.143718196011825],[-107.29326739911866,48.14363659250499]]]]}"
00000000000000000cec,8069,0,0,0,"{""type"":""Polygon"",""coordinates"":[[[-107.29335773911734,48.14356781288353],[-107.29335124686321,48.14357240840172],[-107.29331888727707,48.143595370255845],[-107.29328652766122,48.14361833210983],[-107.29327368940945,48.14362757857551],[-107.29326739911866,48.14363659250499],[-107.29343119564166,48.143718196011825],[-107.29346935241233,48.14367724095149],[-107.29348813403178,48.14365005677604],[-107.29348803372902,48.143645622627815],[-107.29335773911734,48.14356781288353]]]}"
00000000000000000ced,8070,0,0,0,"{""type"":""MultiPolygon"",""coordinates"":[[[[-107.29333105562746,48.143269131489994],[-107.29329563226655,48.143372504686894],[-107.29343117419965,48.143418979141614],[-107.29333105562746,48.143269131489994]]],[[[-107.29348807293232,48.143498231259905],[-107.29345511998216,48.14350777985572],[-107.29340363202762,48.143549002104216],[-107.29336423137029,48.14356321736534],[-107.29335773911734,48.14356781288353],[-107.29348803372902,48.143645622627815],[-107.29355989436223,48.14361287949623],[-107.29348807293232,48.143498231259905]]]]}"
00000000000000000cf1,8071,0,0,0,"{""type"":""MultiPolygon"",""coordinates"":[[[[-107.29342363611818,48.14324934175265],[-107.29333670782451,48.143246633251124],[-107.29333695439551,48.14325112279529],[-107.29333105562746,48.143269131489994],[-107.29343117419965,48.143418979141614],[-107.2935788610009,48.14343835957682],[-107.29342363611818,48.14324934175265]]],[[[-107.29359298789292,48.14345592386716],[-107.29358649567175,48.143460519390665],[-107.29354695020766,48.14347022940185],[-107.29350125940579,48.143493458617144],[-107.29348807293232,48.143498231259905],[-107.29355989436223,48.14361287949623],[-107.29359329603905,48.14361223882346],[-107.29362520694347,48.14358036889424],[-107.29365797049044,48.14356624375219],[-107.29368443128153,48.14356129061345],[-107.29359298789292,48.14345592386716]]]]}"
00000000000000000cf5,8072,0,0,0,"{""type"":""Polygon"",""coordinates"":[[[-107.29359951879523,48.143303937532856],[-107.2934569357177,48.14324871687795],[-107.29342363611818,48.14324934175265],[-107.2935788610009,48.14343835957682],[-107.29361236284709,48.143442153033554],[-107.29359298789292,48.14345592386716],[-107.29368443128153,48.14356129061345],[-107.29373751031974,48.1435557315518],[-107.29378969339977,48.14352790665199],[-107.29380976366474,48.14352753328799],[-107.29381635623051,48.14352737188003],[-107.29359951879523,48.143303937532856]]]}"
00000000000000000cef,8073,0,0,0,"{""type"":""Polygon"",""coordinates"":[[[-107.29361993582579,48.143312487880955],[-107.29359951879523,48.143303937532856],[-107.29381635623051,48.14352737188003],[-107.29388072800296,48.14347252421232],[-107.29391967988973,48.1434494008142],[-107.29392592544917,48.143440315712255],[-107.29361993582579,48.143312487880955]]]}"
00000000000000000ce7,8074,0,0,0,"{""type"":""Polygon"",""coordinates"":[[[-107.29361993582579,48.143312487880955],[-107.29392592544917,48.143440315712255],[-107.29393196894506,48.14342681222087],[-107.29395808267125,48.14341293533927],[-107.29397706594908,48.143390169601965],[-107.29399574677078,48.1433585513644],[-107.29401512160854,48.14334478047787],[-107.2940684471419,48.14334371080825],[-107.29408827070371,48.14333884784051],[-107.29361993582579,48.143312487880955]]]}"
00000000000000000ce4,8075,0,0,0,"{""type"":""Polygon"",""coordinates"":[[[-107.29455872902585,48.14326245715599],[-107.29451789417105,48.14324535689279],[-107.29449727463391,48.14323238838485],[-107.29438392917366,48.14323470535401],[-107.29436475656847,48.14325289465664],[-107.29427158182239,48.143259272122286],[-107.294224501766,48.143251256816434],[-107.2942037374197,48.14323378296414],[-107.29417707469004,48.143234317838186],[-107.29404365944747,48.14323700783197],[-107.29402369099145,48.14323736550281],[-107.2934896418417,48.14323467879221],[-107.2934569357177,48.14324871687795],[-107.29359951879523,48.143303937532856],[-107.29361993582579,48.143312487880955],[-107.29408827070371,48.14333884784051],[-107.29416003028292,48.143301670350674],[-107.29426692810436,48.143304020364134],[-107.2943732322569,48.143292957054626],[-107.29449380889098,48.14330396300042],[-107.29447988360958,48.14329081728256],[-107.29445242479629,48.143273520666554],[-107.29449217233926,48.1432682286938],[-107.2945410913479,48.14331639655328],[-107.29457434682044,48.143315700113355],[-107.29455872902585,48.14326245715599]]]}"
00000000000000000ccb,8076,0,0,0,"{""type"":""MultiPolygon"",""coordinates"":[[[[-107.2940835531124,48.14323177146415],[-107.29404365944747,48.14323700783197],[-107.29417707469004,48.143234317838186],[-107.2940835531124,48.14323177146415]]],[[[-107.29445673116027,48.143219848803085],[-107.29439042131186,48.14323010979837],[-107.29438392917366,48.14323470535401],[-107.29449727463391,48.14323238838485],[-107.29445673116027,48.143219848803085]]],[[[-107.29400307174471,48.14322439688327],[-107.29396554667211,48.14313137469179],[-107.2935885124792,48.14320587504052],[-107.2935818182848,48.143206052166796],[-107.29352894183353,48.1432160294655],[-107.2934896418417,48.14323467879221],[-107.29402369099145,48.14323736550281],[-107.29400307174471,48.14322439688327]],[[-107.29363559200745,48.14321389066495],[-107.29364302465754,48.14323163200389],[-107.29365576239664,48.14321795145162],[-107.29363559200745,48.14321389066495]]]]}"
00000000000000000ce6,8077,0,0,0,"{""type"":""MultiPolygon"",""coordinates"":[[[[-107.29359420910488,48.14318344798276],[-107.2936004546698,48.143174362947754],[-107.29356789350085,48.14319290632841],[-107.29359420910488,48.14318344798276]]],[[[-107.29356789350085,48.14319290632841],[-107.29355480883817,48.14319766321353],[-107.29352894183353,48.1432160294655],[-107.2935818182848,48.143206052166796],[-107.29356789350085,48.14319290632841]]],[[[-107.29359420910488,48.14318344798276],[-107.2935885124792,48.14320587504052],[-107.29396554667211,48.14313137469179],[-107.2939654017244,48.14312686942425],[-107.29394239540547,48.143060406273136],[-107.29389452014208,48.14303455932273],[-107.29360709173999,48.143174272722554],[-107.29362750870588,48.143182823049614],[-107.29359420910488,48.14318344798276]]]]}"
00000000000000000ce9,8078,0,0,0,"{""type"":""GeometryCollection"",""geometries"":[{""type"":""LineString"",""coordinates"":[[-107.29356124002169,48.14319304024238],[-107.29355477143199,48.143197635732875]]},{""type"":""Polygon"",""coordinates"":[[[-107.29386701737548,48.14301719144245],[-107.29384605134628,48.14299529922626],[-107.29381175412685,48.142973674394185],[-107.29379109055768,48.14296063462251],[-107.29376442814132,48.14296116937118],[-107.2935929649324,48.143156708526114],[-107.29359965911867,48.14315653139943],[-107.29358028432226,48.14317030215177],[-107.29356130101175,48.143193067716325],[-107.29356789350085,48.14319290632841],[-107.2936004546698,48.143174362947754],[-107.29360709173999,48.143174272722554],[-107.29389452014208,48.14303455932273],[-107.29386701737548,48.14301719144245]],[[-107.29363945085923,48.14315131096673],[-107.29361928051088,48.14314725018073],[-107.29362656823598,48.143160486226975],[-107.29363945085923,48.14315131096673]]]}]}"
00000000000000000ceb,8079,1,0,1,"{""type"":""MultiPolygon"",""coordinates"":[[[[-107.293565910933,48.14314824841778],[-107.2935929649324,48.143156708526114],[-107.29376442814132,48.14296116937118],[-107.29372443453019,48.142961971479934],[-107.29366208593831,48.14290963675235],[-107.29352134612415,48.14304647965293],[-107.29352898069936,48.14306863930883],[-107.29356917636149,48.14307225564145],[-107.29359702586066,48.143098547260635],[-107.29358449017447,48.14311664613927],[-107.29359861696345,48.14313421032407],[-107.29356546231483,48.143139340515326],[-107.293565910933,48.14314824841778]]],[[[-107.293565910933,48.14314824841778],[-107.29355237767177,48.143144097394774],[-107.29356546231483,48.143139340515326],[-107.29355703217271,48.14309934930366],[-107.2935172405136,48.14310456969496],[-107.29350252029083,48.14307359234864],[-107.29350207168724,48.14306468445815],[-107.29332302972098,48.14323797690733],[-107.29333670782451,48.143246633251124],[-107.29342363611818,48.14324934175265],[-107.2934569357177,48.14324871687795],[-107.2934896418417,48.14323467879221],[-107.29352894183353,48.1432160294655],[-107.29355480883817,48.14319766321353],[-107.29358028432226,48.14317030215177],[-107.293565910933,48.14314824841778]],[[-107.29351783401323,48.143117982860524],[-107.29345767006103,48.143114724051244],[-107.29346555119021,48.143141373275846],[-107.29347898272633,48.14314554004816],[-107.29349984822025,48.14316299830537],[-107.29352546859634,48.14314014254659],[-107.29351783401323,48.143117982860524]]]]}"
00000000000000000ce0,8080,0,0,0,"{""type"":""Polygon"",""coordinates"":[[[-107.29350197137722,48.14306025035942],[-107.29351450707017,48.14304215151077],[-107.29352134612415,48.14304647965293],[-107.29366208593831,48.14290963675235],[-107.29364146707098,48.1428966681262],[-107.29357342219286,48.14286676031342],[-107.29355280339914,48.1428537916769],[-107.29342480128672,48.142976953813985],[-107.29339309285122,48.14301324165764],[-107.29340701748544,48.14302638748034],[-107.29342545187487,48.14299028004665],[-107.29344517348429,48.14298543298736],[-107.29345246110745,48.142998669008726],[-107.29347287791023,48.143007219344305],[-107.29344096747188,48.143039088864086],[-107.29337386297904,48.143031517591275],[-107.29322023937885,48.14317753562405],[-107.29332302972098,48.14323797690733],[-107.29350207168724,48.14306468445815],[-107.29349523263384,48.1430603563131],[-107.29350197137722,48.14306025035942]],[[-107.29349523263384,48.1430603563131],[-107.29348819157298,48.143051609806456],[-107.29348190143088,48.14306062364762],[-107.29349523263384,48.1430603563131]],[[-107.29347471548603,48.143047371876854],[-107.29345444354699,48.143043326798065],[-107.29346173118343,48.143056562832946],[-107.29347471548603,48.143047371876854]]]}"
00000000000000000ce2,8081,0,0,0,"{""type"":""MultiPolygon"",""coordinates"":[[[[-107.29341167212444,48.14298163949283],[-107.29340562856372,48.14299514283889],[-107.29342480128672,48.142976953813985],[-107.29341167212444,48.14298163949283]]],[[[-107.2936932333979,48.14256063697563],[-107.29356523265854,48.142683798579405],[-107.29361067579805,48.14265608022547],[-107.29363015200235,48.142642293872264],[-107.29364348307607,48.142642026522545],[-107.29368917276089,48.142618797643536],[-107.29376301414726,48.14263071247568],[-107.29378873573667,48.142607841153264],[-107.2936932333979,48.14256063697563]],[[-107.2937357583857,48.14261783416907],[-107.293748742496,48.142608643257375],[-107.29372871732244,48.14260908775366],[-107.2937357583857,48.14261783416907]]],[[[-107.29341167212444,48.14298163949283],[-107.29341791768225,48.14297255450472],[-107.29342480128672,48.142976953813985],[-107.29355280339914,48.1428537916769],[-107.293511622987,48.14282776749723],[-107.29350319294404,48.142787776515],[-107.2935160754414,48.14277860133948],[-107.29354040817303,48.142724485538515],[-107.29356707035585,48.142723950860436],[-107.29355329064303,48.14271531036971],[-107.29354620503986,48.142706492758926],[-107.29327107303214,48.14297107658945],[-107.29329793730274,48.14297496033674],[-107.29328540156074,48.14299305913522],[-107.29325853728231,48.1429891753833],[-107.29325179856949,48.14298928131897],[-107.29323267037259,48.14300754148026],[-107.29325933267148,48.143007006881874],[-107.29324055130589,48.14303419067405],[-107.29321398926837,48.14303915936561],[-107.2932199326181,48.143021221922076],[-107.29311115926026,48.143126108118814],[-107.29322023937885,48.14317753562405],[-107.29337386297904,48.143031517591275],[-107.29336716883114,48.14303169470082],[-107.29337911110866,48.143000182737644],[-107.29339309285122,48.14301324165764],[-107.29340562856372,48.14299514283889],[-107.2933785176575,48.142986769600014],[-107.29341167212444,48.14298163949283]],[[-107.293344567762,48.14297406820449],[-107.29335230390717,48.1429962121108],[-107.2933785176575,48.142986769600014],[-107.293344567762,48.14297406820449]],[[-107.29329481622482,48.1430554582406],[-107.29330210379337,48.14306869429238],[-107.29330834938709,48.14305960929546],[-107.29329481622482,48.1430554582406]],[[-107.29326617167023,48.14301133504074],[-107.29327345921922,48.143024571084084],[-107.2932797493902,48.14301555726204],[-107.29326617167023,48.14301133504074]],[[-107.29320551942972,48.14314655818228],[-107.2932131538042,48.143168717910534],[-107.29321919745651,48.14315521452975],[-107.29320551942972,48.14314655818228]],[[-107.2932216682138,48.1430613902136],[-107.29321482921503,48.143057062047454],[-107.29320204685705,48.143070671334954],[-107.29321621797045,48.14308830673264],[-107.29324332886262,48.143096680033885],[-107.2932216682138,48.1430613902136]]]]}"
00000000000000000ce1,8082,0,0,0,"{""type"":""MultiPolygon"",""coordinates"":[[[[-107.29323267037259,48.14300754148026],[-107.29325179856949,48.14298928131897],[-107.29324520613851,48.142989442683074],[-107.29323187499647,48.142989709980945],[-107.29322583138098,48.14300321331913],[-107.29323267037259,48.14300754148026]]],[[[-107.29322583138098,48.14300321331913],[-107.29319926936842,48.14300818200306],[-107.29317364898448,48.14303103761764],[-107.29314004601262,48.14302725975903],[-107.29312671487192,48.14302752704245],[-107.29309945924781,48.143014648454525],[-107.29313206489508,48.14299617646356],[-107.29315793181692,48.1429778103974],[-107.29313087817398,48.14296935018611],[-107.29301655276063,48.143101168431784],[-107.29311115926026,48.143126108118814],[-107.2932199326181,48.143021221922076],[-107.29322583138098,48.14300321331913]],[[-107.29310793342529,48.14305471082132],[-107.2931209177633,48.14304551991254],[-107.29310734007488,48.143041297665555],[-107.29310793342529,48.14305471082132]]],[[[-107.29365893670085,48.142539012254225],[-107.29349302121926,48.14256015762665],[-107.2932005979323,48.14288760288106],[-107.29320743689917,48.1428919310351],[-107.29319435235296,48.1428966878409],[-107.29317532446453,48.14291938204551],[-107.29321576633146,48.14292748804221],[-107.29321086492328,48.14296774645851],[-107.29327107303214,48.14297107658945],[-107.29354620503986,48.142706492758926],[-107.29353936603955,48.14270216464514],[-107.29356523265854,48.142683798579405],[-107.2936932333979,48.14256063697563],[-107.29365893670085,48.142539012254225]],[[-107.2935749900125,48.14260321103317],[-107.29360130518411,48.14259375280249],[-107.29356790442108,48.14259439344247],[-107.2935749900125,48.14260321103317]],[[-107.29354693885087,48.1425725013251],[-107.29352791128885,48.142595195451584],[-107.29356790442108,48.14259439344247],[-107.29354693885087,48.1425725013251]],[[-107.29348142610728,48.142600592881],[-107.29350263823275,48.142626974515295],[-107.29352791128885,48.142595195451584],[-107.29348142610728,48.142600592881]],[[-107.2932496143926,48.14294020521182],[-107.29325669994081,48.14294902288505],[-107.29326319208302,48.142944427430514],[-107.2932496143926,48.14294020521182]],[[-107.29324743021488,48.1428911291504],[-107.29323395424791,48.14288689119685],[-107.29324198002622,48.14291804558246],[-107.29326888882794,48.142922000500405],[-107.29324743021488,48.1428911291504]]]]}"
00000000000000000cdd,8083,0,0,0,"{""type"":""Polygon"",""coordinates"":[[[-107.29349302121926,48.14256015762665],[-107.29345966510577,48.142560869391374],[-107.29343959543853,48.1425612426601],[-107.29330787621015,48.142599578482375],[-107.29325573900496,48.142627473761465],[-107.29327382641837,48.14258244308605],[-107.29326708777828,48.14258254902013],[-107.29296267945624,48.14308889548331],[-107.29301655276063,48.143101168431784],[-107.29313087817398,48.14296935018611],[-107.29310356546749,48.14295655851414],[-107.29310901575643,48.142929642067706],[-107.29310123664384,48.142902977176796],[-107.2931610531626,48.14289731260991],[-107.29312824564401,48.14291136622213],[-107.29317532446453,48.14291938204551],[-107.29319435235296,48.1428966878409],[-107.2931939609425,48.14288769307561],[-107.2932005979323,48.14288760288106],[-107.29348003710102,48.142569348495485],[-107.29349302121926,48.14256015762665]],[[-107.29348003710102,48.142569348495485],[-107.29345986711516,48.142565287711655],[-107.29346705297802,48.142578539364266],[-107.29348003710102,48.142569348495485]],[[-107.29344088410339,48.142588052983186],[-107.2934202209503,48.1425750132166],[-107.29340793198904,48.1425976013765],[-107.29344088410339,48.142588052983186]],[[-107.29312581508002,48.14285780066858],[-107.2931123837371,48.14285363386469],[-107.29311273054776,48.14286255745983],[-107.29312581508002,48.14285780066858]]]}"
00000000000000000d32,8084,0,0,0,"{""type"":""Polygon"",""coordinates"":[[[-107.29321376379318,48.142583618189626],[-107.29311415677341,48.1425945028998],[-107.29283481866054,48.143064651482874],[-107.29294246478749,48.143084763387705],[-107.29296267945624,48.14308889548331],[-107.29326708777828,48.14258254902013],[-107.29321376379318,48.142583618189626]],[[-107.29317109812798,48.14267382517952],[-107.29315102846151,48.14267419838868],[-107.29316480800462,48.14268283893473],[-107.29317109812798,48.14267382517952]],[[-107.29317109812798,48.14267382517952],[-107.29321654134819,48.142646107015466],[-107.2932222380541,48.142623680216204],[-107.29317630175501,48.14264241938306],[-107.29313675725702,48.142652129049786],[-107.29316425920562,48.1426694970397],[-107.29317109812798,48.14267382517952]]]}"
00000000000000000d37,8085,0,0,0,"{""type"":""Polygon"",""coordinates"":[[[-107.29308055421987,48.142590725041075],[-107.29301518771113,48.1426188717183],[-107.29267310805626,48.14288022904287],[-107.29266235170206,48.142938567120524],[-107.29264981575383,48.14295666582869],[-107.29264550693836,48.14301033740494],[-107.29281460404779,48.1430605193608],[-107.29283481866054,48.143064651482874],[-107.29311415677341,48.1425945028998],[-107.29308055421987,48.142590725041075]]]}"
00000000000000000d3d,8086,0,0,0,"{""type"":""Polygon"",""coordinates"":[[[-107.29266229122385,48.1426392833754],[-107.2926758686521,48.14264350565972],[-107.29267666376631,48.142661337053035],[-107.29267805208057,48.14269258152233],[-107.29268003359441,48.14273723909151],[-107.29268221702128,48.14278631504145],[-107.29267245774106,48.142866902826036],[-107.29267310805626,48.14288022904287],[-107.29301518771113,48.1426188717183],[-107.29266229122385,48.1426392833754]]]}"
00000000000000000d35,8087,0,0,0,"{""type"":""Polygon"",""coordinates"":[[[-107.29306712298221,48.142586558249306],[-107.29276408011042,48.14252556529791],[-107.29270624595755,48.14257588698746],[-107.29259345325218,48.142591543586775],[-107.29264886007887,48.1426351165189],[-107.29266229122385,48.1426392833754],[-107.29301518771113,48.1426188717183],[-107.29308055421987,48.142590725041075],[-107.29306712298221,48.142586558249306]]]}"
00000000000000000d34,8088,0,0,0,"{""type"":""Polygon"",""coordinates"":[[[-107.29287948897793,48.142420590557116],[-107.2928410867264,48.14245705489954],[-107.2928155668723,48.1424843442242],[-107.29278325274404,48.1425073765657],[-107.29276408011042,48.14252556529791],[-107.29306712298221,48.142586558249306],[-107.29287948897793,48.142420590557116]]]}"
00000000000000000cdf,8089,0,0,0,"{""type"":""Polygon"",""coordinates"":[[[-107.29297631816229,48.14234721758154],[-107.29295649524336,48.142352080211644],[-107.29291749981722,48.14237513154577],[-107.29288598104043,48.14241599517626],[-107.29287948897793,48.142420590557116],[-107.29306712298221,48.142586558249306],[-107.29308055421987,48.142590725041075],[-107.29311415677341,48.1425945028998],[-107.29321376379318,48.142583618189626],[-107.29297631816229,48.14234721758154]]]}"
00000000000000000cde,8090,0,0,0,"{""type"":""MultiPolygon"",""coordinates"":[[[[-107.29345282614719,48.142556541282325],[-107.29343959543853,48.1425612426601],[-107.29345966510577,48.142560869391374],[-107.29345282614719,48.142556541282325]]],[[[-107.29307493965597,48.14231392544432],[-107.29305511674626,48.14231878809149],[-107.29302890349686,48.14232823038141],[-107.29297631816229,48.14234721758154],[-107.29321376379318,48.142583618189626],[-107.29326708777828,48.14258254902013],[-107.29327382641837,48.14258244308605],[-107.29328007192318,48.14257335817714],[-107.29329295436375,48.142564183070384],[-107.29329260750457,48.142555259527704],[-107.29333260049366,48.142554457620925],[-107.29333215192513,48.14254554981659],[-107.29333135648751,48.14252771847614],[-107.29334478917721,48.14252743543433],[-107.2933588139203,48.142545015202955],[-107.29337179804179,48.142535824354695],[-107.29339811315587,48.142526366193316],[-107.29339786657314,48.1425218767114],[-107.29307493965597,48.14231392544432]],[[-107.29329781100915,48.14252385379849],[-107.29330514307462,48.14253716088315],[-107.29331138856519,48.14252807598038],[-107.29329781100915,48.14252385379849]],[[-107.29318793714376,48.14245459566024],[-107.29318897907055,48.14247691645771],[-107.29321484559318,48.14245855056746],[-107.29318793714376,48.14245459566024]]]]}"
00000000000000000cdb,8091,0,0,0,"{""type"":""GeometryCollection"",""geometries"":[{""type"":""LineString"",""coordinates"":[[-107.29339766157698,48.14251745650626],[-107.29339785890389,48.142521884044186]]},{""type"":""Polygon"",""coordinates"":[[[-107.29316607171612,48.14226297906383],[-107.29314104526026,48.142299247294446],[-107.29307493965597,48.14231392544432],[-107.29339766157698,48.14251745650626],[-107.29339766457096,48.14251745839445],[-107.29340376515754,48.142503868272875],[-107.29347924159187,48.142551517150004],[-107.29345282614719,48.142556541282325],[-107.29345966510577,48.142560869391374],[-107.29349302121926,48.14256015762665],[-107.29365893670085,48.142539012254225],[-107.29365709889109,48.142498860118856],[-107.29365675194211,48.14248993659085],[-107.29316607171612,48.14226297906383]],[[-107.29334860373557,48.142464785392],[-107.29333507077237,48.14246063438466],[-107.29334235826369,48.14247387028578],[-107.29334860373557,48.142464785392]],[[-107.29334111424714,48.14244713118232],[-107.29330756883593,48.1424432665123],[-107.29331490089274,48.14245657357606],[-107.29334111424714,48.14244713118232]]]}]}"
00000000000000000cd3,8092,0,0,0,"{""type"":""Polygon"",""coordinates"":[[[-107.2936409895663,48.142436638848395],[-107.29323564507438,48.142176727679576],[-107.29321037217221,48.14220850640978],[-107.29316607171612,48.14226297906383],[-107.29365675194211,48.14248993659085],[-107.29365650532722,48.14248544711353],[-107.2936409895663,48.142436638848395]]]}"
00000000000000000cd5,8093,0,0,0,"{""type"":""Polygon"",""coordinates"":[[[-107.29362481809689,48.142222595838014],[-107.29325977566586,48.14211819428819],[-107.29324842708398,48.142163118627536],[-107.29323564507438,48.142176727679576],[-107.2936409895663,48.142436638848395],[-107.29362481809689,48.142222595838014]]]}"
00000000000000000cd1,8094,0,0,0,"{""type"":""Polygon"",""coordinates"":[[[-107.29356524277978,48.14208529150166],[-107.29329713529555,48.14205940940181],[-107.29327151565731,48.142082264611695],[-107.29325977566586,48.14211819428819],[-107.29362481809689,48.142222595838014],[-107.29363651324607,48.142186594888216],[-107.2936332862797,48.142115198911256],[-107.29356524277978,48.14208529150166]]]}"
00000000000000000cd6,8095,0,0,0,"{""type"":""Polygon"",""coordinates"":[[[-107.29345259127439,48.14195354617775],[-107.29343950706621,48.14195830292363],[-107.29341423444829,48.14199008156847],[-107.29336205358247,48.142017905395136],[-107.29333514538716,48.14201395055585],[-107.29329713529555,48.14205940940181],[-107.29356524277978,48.14208529150166],[-107.29345259127439,48.14195354617775]]]}"
00000000000000000cd0,8096,0,0,0,"{""type"":""Polygon"",""coordinates"":[[[-107.29368268883249,48.14202488675585],[-107.29351750930364,48.14191204215591],[-107.29345259127439,48.14195354617775],[-107.29356524277978,48.14208529150166],[-107.2936332862797,48.142115198911256],[-107.2936840780388,48.14205613081023],[-107.29368977436557,48.14203370424416],[-107.29368268883249,48.14202488675585]]]}"
00000000000000000cd4,8097,0,0,0,"{""type"":""Polygon"",""coordinates"":[[[-107.29367474513133,48.14184641739924],[-107.29359555598946,48.141865852532376],[-107.29355591056444,48.14187557794539],[-107.29354372226788,48.14190259981439],[-107.29351750930364,48.14191204215591],[-107.29368268883249,48.14202488675585],[-107.29370140672134,48.1418458827078],[-107.29367474513133,48.14184641739924]]]}"
00000000000000000ccf,8098,0,0,0,"{""type"":""Polygon"",""coordinates"":[[[-107.29386276578039,48.141873918339364],[-107.2938221796613,48.14186130760048],[-107.29380156124496,48.14184833925553],[-107.29370140672134,48.1418458827078],[-107.29368268883249,48.14202488675585],[-107.29368977436557,48.14203370424416],[-107.29391792724701,48.14191300048485],[-107.29386276578039,48.141873918339364]]]}"
00000000000000000cd2,8099,0,0,0,"{""type"":""Polygon"",""coordinates"":[[[-107.29414372018313,48.14203801043785],[-107.29412216067396,48.14200270580773],[-107.29403464084241,48.14198658507591],[-107.29400718327355,48.14196928872943],[-107.29397947907997,48.1419475029504],[-107.29394538470808,48.141930296841124],[-107.29391792724701,48.14191300048485],[-107.29368977436557,48.14203370424416],[-107.2936840780388,48.14205613081023],[-107.29415055918577,48.142042338453905],[-107.29414372018313,48.14203801043785]]]}"
00000000000000000cd8,8100,0,0,0,"{""type"":""Polygon"",""coordinates"":[[[-107.2936840780388,48.14205613081023],[-107.2936332862797,48.142115198911256],[-107.29363651324607,48.142186594888216],[-107.29366297303308,48.14218164191067],[-107.2936561341005,48.142177313846624],[-107.29368220234291,48.1421633662284],[-107.29366133723353,48.142145908332594],[-107.29366723562936,48.14212790001125],[-107.29365984771299,48.14211023020616],[-107.29369275482985,48.14210061066142],[-107.2937118823869,48.14208235073922],[-107.29373150318138,48.14207306970212],[-107.29373090958121,48.14205965680666],[-107.29374448708808,48.14206387889128],[-107.29376743545119,48.14213042775349],[-107.29375549380593,48.14216193922834],[-107.29403985182947,48.1421026378041],[-107.29415080586422,48.14204682789055],[-107.29415055918577,48.142042338453905],[-107.2936840780388,48.14205613081023]]]}"
00000000000000000cd9,8101,0,0,0,"{""type"":""Polygon"",""coordinates"":[[[-107.29375549380593,48.14216193922834],[-107.29377631440856,48.142179325943175],[-107.29375753379253,48.14220650939014],[-107.29374999953409,48.142188784139854],[-107.29371060035126,48.14220299913852],[-107.29366297303308,48.14218164191067],[-107.29363651324607,48.142186594888216],[-107.29362481809689,48.142222595838014],[-107.2936409895663,48.142436638848395],[-107.29365650532722,48.14248544711353],[-107.29403985182947,48.1421026378041],[-107.29375549380593,48.14216193922834]]]}"
00000000000000000cc8,8102,0,0,0,"{""type"":""Polygon"",""coordinates"":[[[-107.29425235115177,48.14208052799967],[-107.29419788436775,48.1420548430886],[-107.29415784696708,48.14205557418056],[-107.29415080586422,48.14204682789055],[-107.29403985182947,48.1421026378041],[-107.29365650532722,48.14248544711353],[-107.29365675194211,48.14248993659085],[-107.29365709889109,48.142498860118856],[-107.29426127537198,48.14212949724445],[-107.29427356374818,48.14210690919094],[-107.29425235115177,48.14208052799967]]]}"
00000000000000000cdc,8103,0,0,0,"{""type"":""Polygon"",""coordinates"":[[[-107.29365709889109,48.142498860118856],[-107.29365893670085,48.142539012254225],[-107.2936932333979,48.14256063697563],[-107.29378873573667,48.142607841153264],[-107.29378828705723,48.14259893334484],[-107.29381564453989,48.14261179589454],[-107.29384091740523,48.14258001676237],[-107.29386188322118,48.14260190881241],[-107.29391441187933,48.14258300792518],[-107.2939266002308,48.142555985658454],[-107.29396639141957,48.14255076516372],[-107.29398562085498,48.14253248928931],[-107.29398502717116,48.14251907628048],[-107.29399186622592,48.14252340434608],[-107.29424928949743,48.1421609376076],[-107.29426127537198,48.14212949724445],[-107.29365709889109,48.142498860118856]],[[-107.29390677711152,48.142560848509255],[-107.29387986830753,48.1425568937974],[-107.29388091065425,48.14257921462006],[-107.29390677711152,48.142560848509255]]]}"
00000000000000000ccc,8104,0,0,0,"{""type"":""Polygon"",""coordinates"":[[[-107.294052623341,48.14254007580734],[-107.29412483006668,48.14251180673774],[-107.29420436789297,48.142501294411694],[-107.29420347162814,48.142479029057554],[-107.29422988713686,48.14247400472435],[-107.29425085321958,48.142495896638536],[-107.29427102343325,48.14249995724492],[-107.29424928949743,48.1421609376076],[-107.29399186622592,48.14252340434608],[-107.29399850320786,48.142523314097154],[-107.29398562085498,48.14253248928931],[-107.29396659349038,48.142555183480525],[-107.29397323047618,48.14255509323321],[-107.29400613803271,48.14254547348854],[-107.29403869854255,48.142526930203935],[-107.294052623341,48.14254007580734]],[[-107.29415733341165,48.14249335032722],[-107.29413042455374,48.14248939569207],[-107.29413771239754,48.14250263153107],[-107.29415733341165,48.14249335032722]],[[-107.29403869854255,48.142526930203935],[-107.2940653607247,48.14252639538942],[-107.29404498848524,48.14251791642271],[-107.29403869854255,48.142526930203935]]]}"
00000000000000000cea,8105,0,0,0,"{""type"":""Polygon"",""coordinates"":[[[-107.29430126831429,48.142128694941576],[-107.29428793733173,48.14212896237776],[-107.29427356374818,48.14210690919094],[-107.29426127537198,48.14212949724445],[-107.29424928949743,48.1421609376076],[-107.29427102343325,48.14249995724492],[-107.29430467105644,48.142503805831936],[-107.29432449418067,48.142498942904076],[-107.2943446644206,48.14250300349457],[-107.29439714838895,48.14248403121725],[-107.29444828707514,48.14243388581269],[-107.29430126831429,48.142128694941576]]]}"
00000000000000000ce5,8106,0,0,0,"{""type"":""MultiPolygon"",""coordinates"":[[[[-107.29469582682191,48.142446867588816],[-107.29468329176885,48.14246496637091],[-107.29472487749048,48.14249982645948],[-107.2947390493775,48.14251746142139],[-107.29476626113825,48.14253026823978],[-107.29481473084832,48.14256952750139],[-107.294856708685,48.14261338229446],[-107.29487698086467,48.14261742703785],[-107.29469582682191,48.142446867588816]]],[[[-107.29436188014664,48.14214086090785],[-107.2943486495718,48.142145562370466],[-107.29430126831429,48.142128694941576],[-107.29444828707514,48.14243388581269],[-107.29449303537149,48.14238832017906],[-107.29451300347097,48.142387962425346],[-107.29458500776387,48.14235527480104],[-107.29459888819912,48.14236834911297],[-107.29460572734634,48.14237267712007],[-107.29461246604535,48.1423725710909],[-107.29436188014664,48.14214086090785]]]]}"
00000000000000000d03,8107,0,0,0,"{""type"":""Polygon"",""coordinates"":[[[-107.294707521167,48.14241086637551],[-107.29469582682191,48.142446867588816],[-107.29487698086467,48.14261742703785],[-107.29494443331296,48.14263392072053],[-107.295113613163,48.14253678077957],[-107.29515176745225,48.14249582603219],[-107.29442124723808,48.142126287930516],[-107.29436188014664,48.14214086090785],[-107.29461246604535,48.1423725710909],[-107.29461201716153,48.142363663331324],[-107.2946190584615,48.14237240963512],[-107.2946859608069,48.14237556164362],[-107.2947067250539,48.14239303510922],[-107.29471366592627,48.14239734737231],[-107.294707521167,48.14241086637551]],[[-107.29488107293665,48.14241187819126],[-107.29484073220354,48.14240375725239],[-107.29482834227704,48.14242636123996],[-107.29486878472622,48.14243446644923],[-107.29488107293665,48.14241187819126]],[[-107.29471366592627,48.14239734737231],[-107.29472714211306,48.14240158507303],[-107.2947417182999,48.14242805660634],[-107.29480792515852,48.14241781129516],[-107.29480014474937,48.14239114683415],[-107.2947263014065,48.142383682646624],[-107.29471366592627,48.14239734737231]]]}"
00000000000000000ce8,8108,0,0,0,"{""type"":""Polygon"",""coordinates"":[[[-107.29516880973276,48.14242847442844],[-107.29514179999586,48.14242008605318],[-107.29510735573751,48.142398406514324],[-107.2950132411559,48.142382448102595],[-107.29504604816603,48.142368393999924],[-107.29497755303956,48.1423295797659],[-107.2949960863098,48.142297906577234],[-107.29506992976088,48.14230537054223],[-107.29513738188838,48.14232186399965],[-107.2944990473453,48.14207560794274],[-107.29444072302066,48.14211250156222],[-107.29442124723808,48.142126287930516],[-107.29515176745225,48.14249582603219],[-107.29519651532074,48.14245026002771],[-107.29516880973276,48.14242847442844]]]}"
00000000000000000cc9,8109,0,0,0,"{""type"":""Polygon"",""coordinates"":[[[-107.29456921216237,48.142002768825606],[-107.29455722655878,48.14203420914466],[-107.2944990473453,48.14207560794274],[-107.29513738188838,48.14232186399965],[-107.29515071306069,48.142321596439636],[-107.29521776086595,48.14232925325839],[-107.29529145832076,48.142336661624874],[-107.29534224872576,48.14227759243192],[-107.29456921216237,48.142002768825606]]]}"
00000000000000000cc6,8110,0,0,0,"{""type"":""Polygon"",""coordinates"":[[[-107.29456469508288,48.14190011349049],[-107.29456559158926,48.141922378590294],[-107.29456628719768,48.14193577570035],[-107.29457555902812,48.14199366820356],[-107.29456921216237,48.142002768825606],[-107.29534224872576,48.14227759243192],[-107.29534204648651,48.14227317414557],[-107.29537296909227,48.142218896958504],[-107.29539873442842,48.14219609656776],[-107.29456469508288,48.14190011349049]]]}"
00000000000000000cc7,8111,0,0,0,"{""type"":""Polygon"",""coordinates"":[[[-107.29456736422252,48.141810709723224],[-107.29456424620481,48.141891205810495],[-107.29456469508288,48.14190011349049],[-107.29539873442842,48.14219609656776],[-107.29545587010217,48.14213237653411],[-107.29547430239192,48.14209626937323],[-107.29456736422252,48.141810709723224]]]}"
00000000000000000cc4,8112,0,0,0,"{""type"":""Polygon"",""coordinates"":[[[-107.29503722138953,48.14187281368895],[-107.29503628001034,48.14185047745902],[-107.29457087397493,48.14173920831262],[-107.29456472930687,48.14175272713535],[-107.29456736422252,48.141810709723224],[-107.29547430239192,48.14209626937323],[-107.29552290493707,48.141988125278836],[-107.2955630434172,48.14199182760486],[-107.29556894098533,48.14197381924034],[-107.2950968921369,48.14186264288921],[-107.29509054538742,48.141871743520134],[-107.29507117153857,48.14188551421342],[-107.29504555261354,48.1419083698034],[-107.29503083123743,48.1418773934247],[-107.29503722138953,48.14187281368895]],[[-107.29503083123743,48.1418773934247],[-107.29502374530615,48.141868576071715],[-107.29501076160317,48.14187776701641],[-107.29503083123743,48.1418773934247]],[[-107.29500471873567,48.141891270162446],[-107.29499118553927,48.14188711943985],[-107.29499173502225,48.1419004611088],[-107.29500471873567,48.141891270162446]]]}"
00000000000000000c7f,8113,0,0,0,"{""type"":""MultiPolygon"",""coordinates"":[[[[-107.29457587413897,48.14170338478873],[-107.29457087397493,48.14173920831262],[-107.29503628001034,48.14185047745902],[-107.29502874508943,48.141832752445836],[-107.29504777161672,48.141810058376656],[-107.29506075529058,48.141800867439514],[-107.2950601611964,48.14178745463417],[-107.29505946540351,48.14177405757012],[-107.29505891589304,48.14176071593428],[-107.29505811959022,48.141742884895955],[-107.29457587413897,48.14170338478873]]],[[[-107.29554668384121,48.1419251179213],[-107.29552696261909,48.141929965305096],[-107.29550311252626,48.141845601880696],[-107.29545513626337,48.14181532233115],[-107.29542743087865,48.14179353706416],[-107.29540736120477,48.14179391073924],[-107.29539403018563,48.14179417832834],[-107.29533282367518,48.141768600310186],[-107.29527370374025,48.141787663152066],[-107.29520958300242,48.14184699930533],[-107.29515605675293,48.14184365128942],[-107.29511651276783,48.14185336161176],[-107.29510318176858,48.141853629160245],[-107.2950968921369,48.14186264288921],[-107.29556894098533,48.14197381924034],[-107.29558028697686,48.14192889485381],[-107.29554668384121,48.1419251179213]],[[-107.2952764848987,48.141850150882],[-107.29528936686522,48.14184097564526],[-107.29526919666084,48.14183691530354],[-107.2952764848987,48.141850150882]],[[-107.29526211066091,48.14182809797667],[-107.29525586564587,48.14183718287356],[-107.29526919666084,48.14183691530354],[-107.29526211066091,48.14182809797667]]]]}"
00000000000000000cce,8114,0,0,0,"{""type"":""Polygon"",""coordinates"":[[[-107.29505394839688,48.14164915349652],[-107.29458627997623,48.14163612457597],[-107.2945801353336,48.14164964337257],[-107.29457587413897,48.14170338478873],[-107.29505811959022,48.141742884895955],[-107.29505717819356,48.141720548721814],[-107.29507006013445,48.14171137353775],[-107.29505394839688,48.14164915349652]]]}"
00000000000000000cc0,8115,0,0,0,"{""type"":""Polygon"",""coordinates"":[[[-107.29459038356818,48.14157803615974],[-107.29458627997623,48.14163612457597],[-107.29505394839688,48.14164915349652],[-107.2950536010943,48.14164023012658],[-107.2950641511895,48.1415774750931],[-107.29506370218523,48.14156856747323],[-107.29506290587473,48.14155073650022],[-107.29459038356818,48.14157803615974]]]}"
00000000000000000ca8,8116,0,0,0,"{""type"":""Polygon"",""coordinates"":[[[-107.29503311603408,48.14147986083671],[-107.29501210523559,48.141457898357025],[-107.29464696968662,48.14150097578437],[-107.29460103481907,48.141519715197354],[-107.2946017304479,48.14153311220417],[-107.29460951058118,48.14155977625367],[-107.29459038356818,48.14157803615974],[-107.29506290587473,48.14155073650022],[-107.2950627607788,48.141546231373354],[-107.29503311603408,48.14147986083671]]]}"
00000000000000000cc1,8117,0,0,0,"{""type"":""GeometryCollection"",""geometries"":[{""type"":""LineString"",""coordinates"":[[-107.29466028829907,48.141500679198415],[-107.29464695996182,48.14150094542939]]},{""type"":""Polygon"",""coordinates"":[[[-107.29463630772935,48.141411840176524],[-107.29463690167574,48.141425252892525],[-107.29463769778168,48.14144308383177],[-107.29463814668333,48.141451991435],[-107.29465227358467,48.14146955490642],[-107.29465286753573,48.141482967636925],[-107.29466028829907,48.141500679198415],[-107.2946603004945,48.1415007083059],[-107.29501210523559,48.141457898357025],[-107.29502116323101,48.141363915670816],[-107.29463630772935,48.141411840176524]],[[-107.29479836303196,48.141453270974104],[-107.29478503222154,48.14145353847156],[-107.29478537946152,48.14146246181243],[-107.29479836303196,48.141453270974104]]]}]}"
00000000000000000cbc,8118,0,0,0,"{""type"":""Polygon"",""coordinates"":[[[-107.29499137359689,48.14129304024064],[-107.29499082410064,48.141279698725974],[-107.2945856535908,48.141323507124916],[-107.29461509513544,48.14138545941369],[-107.29464235060993,48.14139833717631],[-107.29463630772935,48.141411840176524],[-107.29502116323101,48.141363915670816],[-107.29502061372546,48.14135057413859],[-107.29499137359689,48.14129304024064]]]}"
00000000000000000cbd,8119,0,0,0,"{""type"":""Polygon"",""coordinates"":[[[-107.29499349203077,48.14119029603121],[-107.29452816076206,48.14123084626456],[-107.29453534688236,48.14124409749471],[-107.2945361875258,48.14126199953687],[-107.29457048396772,48.14128362342662],[-107.2945856535908,48.141323507124916],[-107.29499082410064,48.141279698725974],[-107.29500092513618,48.14120803657144],[-107.29499349203077,48.14119029603121]]]}"
00000000000000000cbe,8120,0,0,0,"{""type"":""Polygon"",""coordinates"":[[[-107.29496325357826,48.141110513278655],[-107.29496221051988,48.14108819310853],[-107.29451264406026,48.14118203932747],[-107.29449945841766,48.1411868118786],[-107.29449306836429,48.14119139151635],[-107.29452816076206,48.14123084626456],[-107.29499349203077,48.14119029603121],[-107.29496325357826,48.141110513278655]]]}"
00000000000000000cb9,8121,0,0,0,"{""type"":""MultiPolygon"",""coordinates"":[[[[-107.29517230452372,48.14086068480661],[-107.29519143097023,48.14084242504773],[-107.29521229648617,48.14085988216819],[-107.29527290720823,48.1408720472939],[-107.29523597437588,48.14079244235001],[-107.29509915963061,48.14086661788453],[-107.29517230452372,48.14086068480661]]],[[[-107.29509915963061,48.14086661788453],[-107.29451264406026,48.14118203932747],[-107.29496221051988,48.14108819310853],[-107.29496141424559,48.14107036229647],[-107.29493311574977,48.141035164555824],[-107.2949580394767,48.140994462866836],[-107.29501036365875,48.140971143835635],[-107.2950097695656,48.140957731241365],[-107.29500942226319,48.14094880798846],[-107.2950287955979,48.14093503756573],[-107.29506739713334,48.14090299164851],[-107.29510030330333,48.14089337186566],[-107.29509915963061,48.14086661788453]]]]}"
00000000000000000cbb,8122,0,0,0,"{""type"":""Polygon"",""coordinates"":[[[-107.29514473323461,48.140691500777606],[-107.29512936088081,48.14064719950871],[-107.29504992703252,48.140662146032966],[-107.29503788638463,48.14068922285793],[-107.2950115725534,48.14069868110641],[-107.29499799519297,48.140694459306886],[-107.29502406222637,48.14068051174764],[-107.2950235127047,48.14066717038905],[-107.29502916342756,48.14064467319988],[-107.29453652544838,48.141119017428075],[-107.29449945841766,48.1411868118786],[-107.29451264406026,48.14118203932747],[-107.29509915963061,48.14086661788453],[-107.29520327051546,48.140806480322325],[-107.29523597437588,48.14079244235001],[-107.29523562701578,48.14078351912741],[-107.29519479414581,48.14076641990716],[-107.29520687931445,48.14073941418565],[-107.29517848019402,48.14069978284851],[-107.29511217457492,48.14071004374407],[-107.29509824985584,48.14069689874942],[-107.29514473323461,48.140691500777606]],[[-107.29520327051546,48.140806480322325],[-107.29521615210153,48.14079730528699],[-107.2951961847076,48.140797663158324],[-107.29520327051546,48.140806480322325]],[[-107.29511252190605,48.14071896695541],[-107.29509919131488,48.14071923448723],[-107.295106277079,48.14072805164637],[-107.29511252190605,48.14071896695541]],[[-107.29509824985584,48.14069689874942],[-107.29509120868224,48.140688152755956],[-107.29507822542823,48.14069734349229],[-107.29509824985584,48.14069689874942]]]}"
00000000000000000cb5,8123,0,0,0,"{""type"":""Polygon"",""coordinates"":[[[-107.29501958823656,48.140577930211464],[-107.2949110601759,48.140539848550596],[-107.29489832373842,48.140553528540536],[-107.2948724589823,48.140571894175174],[-107.2948599247162,48.140589992315746],[-107.29478192592055,48.14063625292568],[-107.29476779921362,48.14061868974645],[-107.29475481595264,48.14062788042706],[-107.29472231441277,48.14064633634016],[-107.29472999404213,48.14066856603962],[-107.29468351084762,48.14067396380347],[-107.29467746812392,48.14068746661646],[-107.29465080708934,48.14068800155328],[-107.29464490940501,48.140706009424456],[-107.29461800162245,48.14070205503303],[-107.29460487326806,48.14070674065218],[-107.29461230608284,48.14072448106692],[-107.29459317954236,48.14074274067183],[-107.29453652544838,48.141119017428075],[-107.29502916342756,48.14064467319988],[-107.29500899394569,48.1406406128774],[-107.29502152817972,48.14062251470076],[-107.29503381560654,48.140599927220606],[-107.29501958823656,48.140577930211464]]]}"
00000000000000000cb4,8124,0,0,0,"{""type"":""Polygon"",""coordinates"":[[[-107.2944801441658,48.140753909516526],[-107.29446765427465,48.14077207883537],[-107.29445452589776,48.14077676444073],[-107.29443366095688,48.14075930716845],[-107.2944213731853,48.140781894648875],[-107.29443453326027,48.14107641064234],[-107.29444821104906,48.14108506648026],[-107.29444865990887,48.14109397402485],[-107.29444950051376,48.14111187601769],[-107.29446432151661,48.141147285988694],[-107.29449306836429,48.14119139151635],[-107.29449945841766,48.1411868118786],[-107.29453652544838,48.141119017428075],[-107.29459317954236,48.14074274067183],[-107.29454818677108,48.14078381554361],[-107.2945272213054,48.14076192439072],[-107.29456547566402,48.14072095556161],[-107.29453906137114,48.140725979789046],[-107.29451215361745,48.140722025365704],[-107.29449337423026,48.14074920817301],[-107.2944801441658,48.140753909516526]],[[-107.29449337423026,48.14074920817301],[-107.29450041522631,48.14075795422499],[-107.29451329686657,48.1407487792911],[-107.29449337423026,48.14074920817301]],[[-107.29445452589776,48.14077676444073],[-107.29444119537912,48.14077703187958],[-107.29445487306751,48.140785687669855],[-107.29445452589776,48.14077676444073]]]}"
00000000000000000ca9,8125,0,0,0,"{""type"":""Polygon"",""coordinates"":[[[-107.29440120383393,48.14077783418473],[-107.29435273692538,48.140738575979334],[-107.29435208595471,48.14072525033266],[-107.29433107609891,48.140703287994754],[-107.29433562866284,48.14065410808668],[-107.29430812720098,48.14063674108509],[-107.29430896774917,48.14065464292509],[-107.2943093148853,48.1406635661349],[-107.29430990872736,48.14067697866492],[-107.2943111535255,48.14070371683687],[-107.2942842458804,48.14069976234852],[-107.29427775421067,48.140704357664205],[-107.2942987946697,48.14102552134756],[-107.29436579477047,48.14103310749024],[-107.29440707601128,48.141059114701235],[-107.29442075378353,48.14106777054062],[-107.29443453326027,48.14107641064234],[-107.2944213731853,48.140781894648875],[-107.29440120383393,48.14077783418473]]]}"
00000000000000000cba,8126,0,0,0,"{""type"":""Polygon"",""coordinates"":[[[-107.29427775421067,48.140704357664205],[-107.29427150924077,48.140713442301944],[-107.2942648725627,48.14071353255893],[-107.29425922141098,48.1407360297434],[-107.29425154209366,48.14071379996985],[-107.29423821162642,48.14071406737887],[-107.29423835662823,48.140718572438146],[-107.29413837897214,48.14101982272763],[-107.29421207275475,48.141027231832076],[-107.29427877023406,48.14102596592655],[-107.2942987946697,48.14102552134756],[-107.29427775421067,48.140704357664205]]]}"
00000000000000000ccd,8127,0,0,0,"{""type"":""Polygon"",""coordinates"":[[[-107.29398257251192,48.14096930639398],[-107.29400284352062,48.14097335122542],[-107.29410487903223,48.14101602958075],[-107.29413837897214,48.14101982272763],[-107.29423835662823,48.140718572438146],[-107.29398257251192,48.14096930639398]]]}"
00000000000000000cb1,8128,0,0,0,"{""type"":""Polygon"",""coordinates"":[[[-107.29421134858435,48.14071018403047],[-107.29416367795534,48.140688756462865],[-107.29384693729675,48.14091840078444],[-107.29388846314977,48.14095334717977],[-107.29398257251192,48.14096930639398],[-107.29423835662823,48.140718572438146],[-107.29423821162642,48.14071406737887],[-107.29421134858435,48.14071018403047]]]}"
00000000000000000cac,8129,0,0,0,"{""type"":""Polygon"",""coordinates"":[[[-107.2941074752119,48.14062735533835],[-107.29399226386387,48.140736904002],[-107.29397393294488,48.14077299421767],[-107.29392700116502,48.14076948412532],[-107.2938924591333,48.140743370862616],[-107.29376452275756,48.14086644139833],[-107.29381239522459,48.14089228742006],[-107.29384693729675,48.14091840078444],[-107.29416367795534,48.140688756462865],[-107.29415014540385,48.140684605700095],[-107.29416649265498,48.14060385979947],[-107.2941074752119,48.14062735533835]],[[-107.29397448208125,48.140786335618856],[-107.29396115162722,48.14078660298942],[-107.29396149867651,48.14079552622505],[-107.29397448208125,48.140786335618856]]]}"
00000000000000000cae,8130,0,0,0,"{""type"":""Polygon"",""coordinates"":[[[-107.29388537375054,48.14073455360159],[-107.29384458674888,48.14071752495185],[-107.29380306119802,48.14068257868643],[-107.29376911301921,48.1406698779535],[-107.29376202768768,48.14066106069437],[-107.29367645702804,48.14083697918698],[-107.29375758233638,48.14086212918055],[-107.29376452275756,48.14086644139833],[-107.2938924591333,48.140743370862616],[-107.29388537375054,48.14073455360159]]]}"
00000000000000000cab,8131,0,0,0,"{""type"":""Polygon"",""coordinates"":[[[-107.29373352892239,48.14062144467259],[-107.29368610556116,48.14060450620359],[-107.29367906484605,48.140595760110216],[-107.29355380524736,48.140781332331414],[-107.29357412059115,48.14078544840739],[-107.29360876265679,48.140815995721816],[-107.29367645702804,48.14083697918698],[-107.29376202768768,48.14066106069437],[-107.29373352892239,48.14062144467259]]]}"
00000000000000000cb2,8132,0,0,0,"{""type"":""Polygon"",""coordinates"":[[[-107.2936382335994,48.14057866024734],[-107.2936050812562,48.14058379014475],[-107.29342456195221,48.14072584672411],[-107.29346539315773,48.14074294672678],[-107.29349284946144,48.140760242857475],[-107.29355380524736,48.140781332331414],[-107.29367906484605,48.140595760110216],[-107.2936382335994,48.14057866024734]]]}"
00000000000000000cb0,8133,0,0,0,"{""type"":""MultiPolygon"",""coordinates"":[[[[-107.29358956610874,48.140534983618885],[-107.2935691951304,48.14052650483991],[-107.2935562117816,48.140535695344475],[-107.29355641381642,48.140540113493934],[-107.29358956610874,48.140534983618885]]],[[[-107.29355641381642,48.140540113493934],[-107.29354308351012,48.140540380801404],[-107.2933145923531,48.1406521570843],[-107.29333535475841,48.140669630321355],[-107.29340394435503,48.14071287855267],[-107.29342456195221,48.14072584672411],[-107.2936050812562,48.14058379014475],[-107.29359120192615,48.14057071610423],[-107.29357742295052,48.140562075951685],[-107.29355641381642,48.140540113493934]]]]}"
00000000000000000caf,8134,0,0,0,"{""type"":""Polygon"",""coordinates"":[[[-107.2935595781457,48.14045969062323],[-107.2935391626417,48.14045114068691],[-107.29341463658173,48.140502726057875],[-107.29344189065928,48.14051560398101],[-107.29341582361532,48.14052955106696],[-107.29340794288744,48.14050290315024],[-107.2932309355884,48.1405734593051],[-107.29326543217631,48.14059950158154],[-107.2933145923531,48.1406521570843],[-107.29354308351012,48.140540380801404],[-107.29352955117403,48.140536229957334],[-107.29354937315264,48.14053136740044],[-107.2935562117816,48.140535695344475],[-107.2935691951304,48.14052650483991],[-107.2935354492896,48.14051822220186],[-107.29354843263395,48.14050903170328],[-107.29356780594753,48.140495261691136],[-107.2935595781457,48.14045969062323]],[[-107.29349660092205,48.1405457779617],[-107.29347643200552,48.14054171731033],[-107.29348371925279,48.14055495272444],[-107.29349660092205,48.1405457779617]]]}"
00000000000000000cd7,8135,0,0,0,"{""type"":""Polygon"",""coordinates"":[[[-107.2934983762539,48.140434111966115],[-107.29347657168161,48.140394318927854],[-107.29346903785917,48.140376594254626],[-107.29335104830378,48.1404236553884],[-107.29340779798572,48.14049839810563],[-107.29338093543318,48.14049451452822],[-107.29334559872889,48.14045057054917],[-107.29333792007753,48.140428340806146],[-107.29315407460719,48.14049456875109],[-107.2931609131536,48.14049889672236],[-107.29319624960678,48.14054284081616],[-107.2932309355884,48.1405734593051],[-107.29340794288744,48.14050290315024],[-107.29341463658173,48.140502726057875],[-107.2935391626417,48.14045114068691],[-107.2934983762539,48.140434111966115]]]}"
00000000000000000cc2,8136,0,0,0,"{""type"":""MultiPolygon"",""coordinates"":[[[[-107.29335080171472,48.14041916608586],[-107.29335104830378,48.1404236553884],[-107.29346903785917,48.140376594254626],[-107.29345456513319,48.14035010777913],[-107.29343414973484,48.14034155783557],[-107.29343276065849,48.140310314791925],[-107.29343231203728,48.14030140736912],[-107.29330084763916,48.14034423062254],[-107.29332765293711,48.140348201112026],[-107.29333712457812,48.140410510184466],[-107.29335080171472,48.14041916608586]]],[[[-107.29333712457812,48.140410510184466],[-107.29333028601292,48.140406182233484],[-107.29331571170533,48.140379711454806],[-107.2932886598082,48.14037125166125],[-107.29328102578538,48.140349093107645],[-107.29308374884708,48.14041560380864],[-107.29309068905984,48.14041991604388],[-107.29311224657795,48.14045521989476],[-107.29315407460719,48.14049456875109],[-107.29333792007753,48.140428340806146],[-107.29333712457812,48.140410510184466]]]]}"
00000000000000000cc3,8137,0,0,0,"{""type"":""MultiPolygon"",""coordinates"":[[[[-107.29325377192866,48.14033621517396],[-107.29321094647192,48.14027461777029],[-107.29302671041856,48.14033185092825],[-107.29306888502994,48.140380122909924],[-107.29308374884708,48.14041560380864],[-107.29328102578538,48.140349093107645],[-107.29328057720178,48.14034018567663],[-107.29325377192866,48.14033621517396]]],[[[-107.29328057720178,48.14034018567663],[-107.29330084763916,48.14034423062254],[-107.29343231203728,48.14030140736912],[-107.29342373747502,48.14025691326549],[-107.29342818938431,48.14020774952669],[-107.29338215586995,48.14022205399383],[-107.29337566424363,48.14022664920567],[-107.2933689260237,48.1402267551315],[-107.29332963071192,48.14024095365319],[-107.29325703714642,48.140260226472854],[-107.29325718203165,48.14026473149772],[-107.29329880808321,48.14029966201683],[-107.29326645153907,48.14032262234863],[-107.29328023031155,48.14033126251169],[-107.29328057720178,48.14034018567663]],[[-107.29333656956555,48.140249715452974],[-107.29334955282964,48.14024052503022],[-107.29332963071192,48.14024095365319],[-107.29333656956555,48.140249715452974]],[[-107.29331338235049,48.14032613275884],[-107.29328627337706,48.14031775986938],[-107.29328023031155,48.14033126251169],[-107.29331338235049,48.14032613275884]]]]}"
00000000000000000ca3,8138,0,0,0,"{""type"":""MultiPolygon"",""coordinates"":[[[[-107.29342075731076,48.14019000917555],[-107.29338215586995,48.14022205399383],[-107.29342818938431,48.14020774952669],[-107.29342075731076,48.14019000917555]]],[[[-107.29320386138261,48.14026580053001],[-107.29318899747611,48.14023031975315],[-107.29317442334818,48.140203849036865],[-107.2931526193112,48.14016405608548],[-107.29296481441001,48.14029287524855],[-107.29301897488673,48.140309708100844],[-107.29301962537802,48.140323033663535],[-107.29302671041856,48.14033185092825],[-107.29321094647192,48.14027461777029],[-107.29320386138261,48.14026580053001]]],[[[-107.2934615812762,48.14005965615089],[-107.29336965950533,48.14009277001905],[-107.2933427526789,48.140088815291804],[-107.29333046465791,48.14011140235114],[-107.29330484649564,48.14013425668672],[-107.29328988082297,48.14009879175138],[-107.29331574555017,48.14008042670916],[-107.29330216885808,48.14007620470228],[-107.29329512835074,48.140067458663246],[-107.29320434890019,48.14012732602554],[-107.29321163596241,48.140140561360816],[-107.29323874477134,48.14014893424735],[-107.2932475656605,48.14019791756647],[-107.29326773431784,48.140201978246],[-107.29324801423779,48.140206824973724],[-107.29326203815747,48.140224404002424],[-107.29323607300687,48.140238335221945],[-107.29325703714642,48.140260226472854],[-107.2933689260237,48.1402267551315],[-107.2933421653733,48.14022285582251],[-107.29335132849138,48.14012885967655],[-107.29342377555002,48.14010953141375],[-107.29348279211871,48.14008603654874],[-107.29349438616453,48.14004560325272],[-107.2934615812762,48.14005965615089]]]]}"
00000000000000000ca6,8139,0,0,0,"{""type"":""MultiPolygon"",""coordinates"":[[[[-107.29310315775388,48.14010254899907],[-107.29303532057466,48.140077060359936],[-107.29302119515368,48.140059497077495],[-107.29289722363062,48.140271875715015],[-107.29293780733715,48.14028448652559],[-107.29296481441001,48.14029287524855],[-107.2931526193112,48.14016405608548],[-107.29315241732273,48.14015963796555],[-107.29310315775388,48.14010254899907]]],[[[-107.29320063079633,48.1400425046874],[-107.2932148009024,48.14006013909644],[-107.29320201968717,48.14007374758017],[-107.29322962020873,48.14009554859371],[-107.29319671496994,48.14010516756556],[-107.29320434890019,48.14012732602554],[-107.29329512835074,48.140067458663246],[-107.29328145135656,48.14005880280814],[-107.29330082445951,48.14004503297303],[-107.29329998438972,48.14002713131937],[-107.29329963748997,48.14001820820781],[-107.29329918889766,48.14000930083309],[-107.2933388322363,48.13999957592387],[-107.29335681626853,48.139954563258925],[-107.29327034430752,48.139960762035145],[-107.2932577094126,48.139974425925324],[-107.29325805630282,48.139983349029855],[-107.2932450731257,48.13999253939311],[-107.29324552170499,48.14000144676558],[-107.29321257197265,48.14001099456221],[-107.29322684238163,48.14003306280278],[-107.29320063079633,48.1400425046874]],[[-107.29323412943864,48.14004629811277],[-107.29324041903848,48.140037284817744],[-107.29322684238163,48.14003306280278],[-107.29323412943864,48.14004629811277]]]]}"
00000000000000000ca7,8140,0,0,0,"{""type"":""Polygon"",""coordinates"":[[[-107.29301435670976,48.14005516912978],[-107.29300082468367,48.14005101824154],[-107.2927465717861,48.1401855909075],[-107.29282269284467,48.140246563896746],[-107.29287011491526,48.14026350271005],[-107.29289722363062,48.140271875715015],[-107.29302119515368,48.140059497077495],[-107.29301435670976,48.14005516912978]]]}"
00000000000000000cda,8141,0,0,0,"{""type"":""Polygon"",""coordinates"":[[[-107.29298040965031,48.14004246824078],[-107.2929667327861,48.14003381234161],[-107.29292629416811,48.1400257066031],[-107.29269488287203,48.14007493894075],[-107.29270905266894,48.140092573443184],[-107.29270950111588,48.140101480838446],[-107.29271019462499,48.14011932710294],[-107.29272615679852,48.14017704082962],[-107.29273983361921,48.140185696787725],[-107.2927465717861,48.1401855909075],[-107.29300082468367,48.14005101824154],[-107.29298040965031,48.14004246824078]]]}"
00000000000000000ca1,8142,0,0,0,"{""type"":""Polygon"",""coordinates"":[[[-107.29291271759868,48.14002148454238],[-107.29289765213323,48.13998158576868],[-107.29289036523367,48.13996835044541],[-107.29265017888645,48.139968670566915],[-107.29265132080475,48.139995424165356],[-107.292652507299,48.14002224893904],[-107.29266663247529,48.14003981226953],[-107.29268075766629,48.14005737560343],[-107.29269488287203,48.14007493894075],[-107.29292629416811,48.1400257066031],[-107.29291271759868,48.14002148454238]]]}"
00000000000000000ca0,8143,0,0,0,"{""type"":""Polygon"",""coordinates"":[[[-107.29272495155035,48.13985101931883],[-107.29267985859367,48.139887658783174],[-107.29265864860983,48.13986127828546],[-107.2926439302498,48.13983030266864],[-107.29256613423911,48.13988097888664],[-107.2926333771544,48.139893055429184],[-107.29265538230989,48.13993726641772],[-107.29265017888645,48.139968670566915],[-107.29289036523367,48.13996835044541],[-107.29286915501044,48.13994196995986],[-107.29289522166566,48.13992802318797],[-107.29272495155035,48.13985101931883]]]}"
00000000000000000ca2,8144,0,0,0,"{""type"":""Polygon"",""coordinates"":[[[-107.29280844373271,48.139777917452115],[-107.29277598729638,48.139796443555774],[-107.29275046943948,48.13982373143322],[-107.29273793472751,48.13984182905066],[-107.29272495155035,48.13985101931883],[-107.29289522166566,48.13992802318797],[-107.29290820485429,48.139918832883026],[-107.29293362102098,48.13989156064918],[-107.29296558585025,48.139859606376525],[-107.29280844373271,48.139777917452115]]]}"
00000000000000000c9d,8145,0,0,0,"{""type"":""MultiPolygon"",""coordinates"":[[[[-107.29288609454954,48.139722736165254],[-107.29287395130031,48.13974982799328],[-107.29280844373271,48.139777917452115],[-107.29296558585025,48.139859606376525],[-107.2929849588904,48.13984583665889],[-107.29301047665895,48.139818548709876],[-107.29305497596549,48.13976849682366],[-107.29288609454954,48.139722736165254]]],[[[-107.29339992639306,48.13987326830071],[-107.29339308790813,48.13986894039634],[-107.29335914073911,48.139856239689045],[-107.29331464157356,48.13990629179619],[-107.29329447305757,48.13990223114574],[-107.2932744048633,48.1399026043237],[-107.29328193850375,48.139920328857215],[-107.2932822854007,48.13992925195233],[-107.2932829805733,48.13994264857549],[-107.29327034430752,48.139960762035145],[-107.29335681626853,48.139954563258925],[-107.29336296092849,48.139941044975544],[-107.29336216540327,48.13992321451979],[-107.29337410641557,48.139891704450065],[-107.29341409656895,48.13989090262183],[-107.29342742662367,48.13989063534196],[-107.29339992639306,48.13987326830071]]]]}"
00000000000000000c9f,8146,0,0,0,"{""type"":""MultiPolygon"",""coordinates"":[[[[-107.29264421555311,48.139535510152115],[-107.29264480880737,48.13954892241992],[-107.29266636537477,48.139584225810935],[-107.29276755436109,48.1396090031089],[-107.29280011231633,48.13959046134379],[-107.29264421555311,48.139535510152115]]],[[[-107.29293563958039,48.13963693353181],[-107.29293118719028,48.1396860967268],[-107.2928923841465,48.13971372294852],[-107.29288609454954,48.139722736165254],[-107.29305497596549,48.13976849682366],[-107.29307434894096,48.139754727113456],[-107.29307275816197,48.13971906632254],[-107.29308524813341,48.13970089754672],[-107.29309153769184,48.13969188432165],[-107.29293563958039,48.13963693353181]]]]}"
00000000000000000c96,8147,0,0,0,"{""type"":""MultiPolygon"",""coordinates"":[[[[-107.29290436530744,48.13953483276767],[-107.2926371753416,48.13952676414713],[-107.29264421555311,48.139535510152115],[-107.29280011231633,48.13959046134379],[-107.29283930662129,48.13957182942653],[-107.29289797547631,48.13953941214983],[-107.29292478003926,48.1395433827098],[-107.29290436530744,48.13953483276767]]],[[[-107.29295188827517,48.13955175559694],[-107.29294643862828,48.13957867029104],[-107.29293563958039,48.13963693353181],[-107.29309153769184,48.13969188432165],[-107.29311111260557,48.13968253270497],[-107.29313663019316,48.13965524481165],[-107.29316249462072,48.13963687997311],[-107.29318172262464,48.13961860530774],[-107.29295188827517,48.13955175559694]]]]}"
00000000000000000c94,8148,0,0,0,"{""type"":""Polygon"",""coordinates"":[[[-107.29295188827517,48.13955175559694],[-107.29318172262464,48.13961860530774],[-107.29318846072061,48.13961849939942],[-107.29321428053296,48.13960006339989],[-107.29323934942822,48.13956386822481],[-107.29327854367611,48.139545236138964],[-107.29330485659214,48.13953577859625],[-107.29334380421142,48.13951265726934],[-107.29337670892623,48.139503038368616],[-107.293383200417,48.1394984432233],[-107.29335599166434,48.13948563667397],[-107.29335574506928,48.1394811474516],[-107.29334890666028,48.1394768195744],[-107.29334206825334,48.13947249169702],[-107.29333533017274,48.139472597615445],[-107.29333522984847,48.13946816381945],[-107.29332828975467,48.139463851676865],[-107.2932550039533,48.139465278133834],[-107.29290436530744,48.13953483276767],[-107.29292478003926,48.1395433827098],[-107.29295164173035,48.1395472663666],[-107.29295188827517,48.13955175559694]],[[-107.29295164173035,48.1395472663666],[-107.2929648713171,48.13954256535374],[-107.29295104836338,48.13953385410399],[-107.29295164173035,48.1395472663666]]]}"
00000000000000000c9b,8149,0,0,0,"{""type"":""Polygon"",""coordinates"":[[[-107.29299840887265,48.13939897894208],[-107.29299201907145,48.13940355831792],[-107.29292571681718,48.139413817364485],[-107.29288374538748,48.13936996422959],[-107.2928701690611,48.1393657422093],[-107.2924249789797,48.139258527392634],[-107.29236953529096,48.13936233644186],[-107.29243747194572,48.13938780952765],[-107.29251745038576,48.139386206698],[-107.29255803285555,48.139398817488406],[-107.29260184061205,48.139482820651956],[-107.2926371753416,48.13952676414713],[-107.29290436530744,48.13953483276767],[-107.2932550039533,48.139465278133834],[-107.29299840887265,48.13939897894208]]]}"
00000000000000000c75,8150,0,0,0,"{""type"":""GeometryCollection"",""geometries"":[{""type"":""LineString"",""coordinates"":[[-107.29330711371705,48.139437450783575],[-107.29331397957013,48.13944178006538]]},{""type"":""LineString"",""coordinates"":[[-107.29282960166387,48.13935319587185],[-107.29287017984223,48.13936577832846]]},{""type"":""Polygon"",""coordinates"":[[[-107.2933208578493,48.13944611156443],[-107.29331436636514,48.13945070670077],[-107.29330707936795,48.13943747154512],[-107.2932651072858,48.139393618573905],[-107.29307491646598,48.139317044669674],[-107.29303072004659,48.139375947963096],[-107.29301788334081,48.13938519361019],[-107.29299840887265,48.13939897894208],[-107.2932550039533,48.139465278133834],[-107.29332828975467,48.139463851676865],[-107.2933208578493,48.13944611156443]]]},{""type"":""Polygon"",""coordinates"":[[[-107.29280921636649,48.139344652789774],[-107.29281029830904,48.13921959286377],[-107.2928098498264,48.13921068561912],[-107.29261292384183,48.13913421687161],[-107.2925995941743,48.13913448402465],[-107.29257962823358,48.139134841303296],[-107.29256119549285,48.13917094588823],[-107.29252883981371,48.139193905457],[-107.29249420042743,48.139163358626035],[-107.29246902963608,48.139199569070385],[-107.29243726709127,48.13923594081294],[-107.2924249789797,48.139258527392634],[-107.29282960166387,48.13935319587185],[-107.29282963095483,48.13935320272491],[-107.29280921636649,48.139344652789774]]]}]}"
00000000000000000c77,8151,0,0,0,"{""type"":""MultiPolygon"",""coordinates"":[[[[-107.29321168155852,48.13924280317364],[-107.2931391346059,48.139262146647326],[-107.29309389774878,48.139294280928986],[-107.29307491646598,48.139317044669674],[-107.2932651072858,48.139393618573905],[-107.29321168155852,48.13924280317364]]],[[[-107.29280266477801,48.13919743474443],[-107.29267897893055,48.139119468916896],[-107.29262635520071,48.13913393398239],[-107.29261292384183,48.13913421687161],[-107.2928098498264,48.13921068561912],[-107.29280266477801,48.13919743474443]]]]}"
00000000000000000c7a,8152,0,0,0,"{""type"":""Polygon"",""coordinates"":[[[-107.29334487924383,48.13923569689376],[-107.29323813914168,48.13923785064614],[-107.29321168155852,48.13924280317364],[-107.2932651072858,48.139393618573905],[-107.29331401945304,48.1394417836873],[-107.29332061125831,48.13944162234523],[-107.29332006233085,48.13942828127581],[-107.29332630721869,48.13941919692389],[-107.29337153886473,48.139235162370454],[-107.29334487924383,48.13923569689376]]]}"
00000000000000000c79,8153,0,0,0,"{""type"":""MultiPolygon"",""coordinates"":[[[[-107.29334206825334,48.13947249169702],[-107.29334890666028,48.1394768195744],[-107.29334866006602,48.13947233035273],[-107.29334206825334,48.13947249169702]]],[[[-107.29337153886473,48.139235162370454],[-107.29332630721869,48.13941919692389],[-107.2933515779141,48.139387419903],[-107.2933645608537,48.139378229637],[-107.29336376531204,48.13936039937233],[-107.29345033628063,48.139358634402285],[-107.29349081911683,48.13936681098668],[-107.29348550903701,48.13924633045174],[-107.29337153886473,48.139235162370454]]],[[[-107.29334866006602,48.13947233035273],[-107.29336893006285,48.13947637522875],[-107.29335574506928,48.1394811474516],[-107.293383200417,48.1394984432233],[-107.2933955898635,48.13947584069176],[-107.29339514124092,48.13946693341003],[-107.29339479430938,48.13945801039459],[-107.29339434568678,48.13944910311588],[-107.29343339488403,48.13942596605833],[-107.29340653308431,48.13942208254813],[-107.293380668867,48.13944044737217],[-107.29336689036452,48.13943180736291],[-107.29335321356126,48.13942315161772],[-107.29332006233085,48.13942828127581],[-107.29332061125831,48.13944162234523],[-107.29332734933223,48.13944151642807],[-107.2933208578493,48.13944611156443],[-107.29332828975467,48.139463851676865],[-107.29333522984847,48.13946816381945],[-107.29334161964383,48.13946358441528],[-107.29334866006602,48.13947233035273]],[[-107.29336084749984,48.13944530977793],[-107.29336848144682,48.139467467946645],[-107.29338126239374,48.139453859604295],[-107.29336084749984,48.13944530977793]]]]}"
00000000000000000c73,8154,0,0,0,"{""type"":""Polygon"",""coordinates"":[[[-107.2936048839879,48.13923051268032],[-107.29349210081944,48.13924616909906],[-107.29348550903701,48.13924633045174],[-107.29349081911683,48.13936681098668],[-107.29349751261188,48.13936663389742],[-107.29357139200596,48.13937861946798],[-107.29359884744936,48.13939591514187],[-107.29363862873124,48.13923879511917],[-107.2936048839879,48.13923051268032]]]}"
00000000000000000c72,8155,0,0,0,"{""type"":""Polygon"",""coordinates"":[[[-107.29363862873124,48.13923879511917],[-107.29359884744936,48.13939591514187],[-107.29360578758366,48.13940022725831],[-107.29365990290184,48.13941698831773],[-107.29366674136051,48.13942131616657],[-107.293786993666,48.139276020057046],[-107.29363862873124,48.13923879511917]]]}"
00000000000000000c74,8156,0,0,0,"{""type"":""Polygon"",""coordinates"":[[[-107.29386925999248,48.1393234729946],[-107.29380042524353,48.13927573699715],[-107.293786993666,48.139276020057046],[-107.29366674136051,48.13942131616657],[-107.29372818852924,48.13945138347607],[-107.29391668196051,48.13934041099619],[-107.29386925999248,48.1393234729946]]]}"
00000000000000000c76,8157,0,0,0,"{""type"":""GeometryCollection"",""geometries"":[{""type"":""LineString"",""coordinates"":[[-107.29372812920226,48.139451376913264],[-107.29373479620442,48.13945124379368]]},{""type"":""Polygon"",""coordinates"":[[[-107.29399988954054,48.139410199078945],[-107.29394393555434,48.139353288504616],[-107.29391668196051,48.13934041099619],[-107.29373478036494,48.13945122210474],[-107.2937489506124,48.13946885623321],[-107.2937968213609,48.13949470162007],[-107.29380365985932,48.13949902946455],[-107.29400717683637,48.13942343416755],[-107.29399988954054,48.139410199078945]]]}]}"
00000000000000000c95,8158,0,0,0,"{""type"":""Polygon"",""coordinates"":[[[-107.29404855639999,48.13945387458199],[-107.29400717683637,48.13942343416755],[-107.29380365985932,48.13949902946455],[-107.29384524131655,48.139533888078454],[-107.29387224834029,48.13954227642761],[-107.29387958018009,48.1395555827204],[-107.29408448717028,48.13951122969876],[-107.29404855639999,48.13945387458199]],[[-107.29390505274749,48.13952822353937],[-107.29389172275522,48.13952849088218],[-107.29389206980684,48.13953741390472],[-107.29390505274749,48.13952822353937]]]}"
00000000000000000c9c,8159,0,0,0,"{""type"":""MultiPolygon"",""coordinates"":[[[[-107.29461863152801,48.13951841912804],[-107.29458572666371,48.139528038461286],[-107.29465862180852,48.139517616783536],[-107.29465841963335,48.13951319872578],[-107.29461863152801,48.13951841912804]]],[[[-107.29410119034081,48.13958685969046],[-107.29409900476097,48.13953778681016],[-107.29408448717028,48.13951122969876],[-107.29387958018009,48.1395555827204],[-107.29388641870494,48.13955991056331],[-107.29393428973326,48.13958575591919],[-107.2939496601492,48.139630056535395],[-107.29411531628575,48.13960442264289],[-107.29410119034081,48.13958685969046]]]]}"
00000000000000000c9a,8160,0,0,0,"{""type"":""MultiPolygon"",""coordinates"":[[[[-107.29458572666371,48.139528038461286],[-107.29453983891615,48.13954684823821],[-107.2945409822363,48.13957360156417],[-107.29454282119836,48.139613751422154],[-107.29453008503002,48.1396274311157],[-107.29456982864615,48.139622139576915],[-107.29465862180852,48.139517616783536],[-107.29458572666371,48.139528038461286]]],[[[-107.29415783920986,48.1396616164896],[-107.29412260366304,48.13961765776951],[-107.29411531628575,48.13960442264289],[-107.2939496601492,48.139630056535395],[-107.29395674536875,48.13963887361082],[-107.29398573584915,48.13969191685482],[-107.29398653168533,48.13970974721916],[-107.29398698044946,48.139718654535606],[-107.2941657204248,48.13968826390647],[-107.29415783920986,48.1396616164896]]]]}"
00000000000000000ca5,8161,0,0,0,"{""type"":""MultiPolygon"",""coordinates"":[[[[-107.29453008503002,48.1396274311157],[-107.29449168685429,48.13966389408053],[-107.29446701051917,48.1397090838379],[-107.29451324567542,48.1396991970765],[-107.29456982864615,48.139622139576915],[-107.29453008503002,48.1396274311157]]],[[[-107.29420224543408,48.1397590315215],[-107.29420110236997,48.139732278090754],[-107.29417325453221,48.13970598828598],[-107.2941657204248,48.13968826390647],[-107.29398698044946,48.139718654535606],[-107.29400110636612,48.139736217549554],[-107.29401721565256,48.13979843556871],[-107.29402430092145,48.13980725266608],[-107.29420933075494,48.139767848597295],[-107.29420224543408,48.1397590315215]]]]}"
00000000000000000c9e,8162,0,0,0,"{""type"":""Polygon"",""coordinates"":[[[-107.29446701051917,48.1397090838379],[-107.29444228954493,48.139754202468865],[-107.29442930657449,48.139763392947124],[-107.29442980002652,48.13977237142824],[-107.29437727544459,48.13979127148505],[-107.29430482749156,48.13981504989909],[-107.29428431154955,48.13980206640583],[-107.29423758291578,48.139802974588015],[-107.29421766084549,48.13980340339061],[-107.29421637149974,48.13977659451345],[-107.29420933075494,48.139767848597295],[-107.29402430092145,48.13980725266608],[-107.29403193537252,48.139829410921585],[-107.29403367206618,48.139869576735116],[-107.29405513003456,48.13990044615372],[-107.2944826271967,48.13976232324469],[-107.29450755029504,48.13972162267288],[-107.29451324567542,48.1396991970765],[-107.29446701051917,48.1397090838379]]]}"
00000000000000000c98,8163,0,0,0,"{""type"":""Polygon"",""coordinates"":[[[-107.29405513003456,48.13990044615372],[-107.29407609467815,48.139922337072356],[-107.29411851742292,48.13997509744034],[-107.29429007299483,48.13993145545364],[-107.2942482438047,48.13989210754296],[-107.29430156450915,48.13989103793646],[-107.29431489468975,48.139890770530094],[-107.2943548852423,48.13988996829961],[-107.2943941814733,48.13987131989882],[-107.29443417203862,48.139870517635266],[-107.2944826271967,48.13976232324469],[-107.29405513003456,48.13990044615372]]]}"
00000000000000000ca4,8164,1,0,1,"{""type"":""Polygon"",""coordinates"":[[[-107.29431812323492,48.139962163427136],[-107.29429007299483,48.13993145545364],[-107.29411851742292,48.13997509744034],[-107.29413264350741,48.13999266051622],[-107.29413378651017,48.140019414081685],[-107.29415579387785,48.14006362477609],[-107.29436054647745,48.14001492371541],[-107.29435985090961,48.14000152709168],[-107.29431812323492,48.139962163427136]]]}"
00000000000000000caa,8165,0,0,0,"{""type"":""Polygon"",""coordinates"":[[[-107.29437467272767,48.14003248676474],[-107.29436054647745,48.14001492371541],[-107.29415579387785,48.14006362477609],[-107.29418488666896,48.140116652635996],[-107.29421328403369,48.14015628387274],[-107.29436367340475,48.140086332513896],[-107.29438185859325,48.14004573771118],[-107.29437467272767,48.14003248676474]]]}"
00000000000000000cb7,8166,0,0,0,"{""type"":""GeometryCollection"",""geometries"":[{""type"":""LineString"",""coordinates"":[[-107.29448148777627,48.140334067900866],[-107.29448168673449,48.140338530273475],[-107.29448835384798,48.140338397108344]]},{""type"":""Polygon"",""coordinates"":[[[-107.29436367340475,48.140086332513896],[-107.29421328403369,48.14015628387274],[-107.29424841974117,48.14019580914072],[-107.29426234385816,48.14020895414887],[-107.29431805297439,48.14026137613243],[-107.29433187671245,48.14027008728574],[-107.29435933335851,48.14028738300441],[-107.29441300186096,48.140295236458336],[-107.29446677211223,48.14030307414532],[-107.29436367340475,48.140086332513896]]]}]}"
00000000000000000cad,8167,0,0,0,"{""type"":""Polygon"",""coordinates"":[[[-107.29474591369045,48.14027962704797],[-107.29473258330906,48.14027989452129],[-107.29471221194365,48.14027141603591],[-107.29468555119813,48.14027195097082],[-107.29469085478391,48.14024053083227],[-107.29444226503624,48.14005348512314],[-107.29442913692286,48.14005817065438],[-107.29441615383722,48.14006736118686],[-107.29439702761347,48.140085620516686],[-107.29438185859325,48.14004573771118],[-107.29436367340475,48.140086332513896],[-107.29446677211223,48.14030307414532],[-107.29448010246425,48.14030280670956],[-107.29448149243719,48.140334049710845],[-107.29448833121194,48.14033837756851],[-107.29452287354513,48.14036449040814],[-107.29456331359351,48.140372595489616],[-107.29457703577117,48.140381322359424],[-107.29460414547115,48.14038969487585],[-107.2946446860738,48.14040223379404],[-107.29491193332295,48.14041036779673],[-107.29491154145394,48.14040137347489],[-107.29474591369045,48.14027962704797]],[[-107.29466593142902,48.140281231859454],[-107.29464576226175,48.14027717148066],[-107.29465284780899,48.14028598860476],[-107.29466593142902,48.140281231859454]],[[-107.29463971960617,48.140290674187774],[-107.29461944874843,48.14028662953951],[-107.29462653428894,48.1402954466673],[-107.29463971960617,48.140290674187774]]]}"
00000000000000000c8f,8168,0,0,0,"{""type"":""MultiPolygon"",""coordinates"":[[[[-107.29474591369045,48.14027962704797],[-107.2947597376012,48.14028833813827],[-107.29475949083742,48.14028384885532],[-107.29474591369045,48.14027962704797]]],[[[-107.2947597376012,48.14028833813827],[-107.29491154145394,48.14040137347489],[-107.29491074518526,48.14038354289492],[-107.29488515968181,48.14025901563721],[-107.29487876981958,48.14026359521508],[-107.29486474367602,48.140250466028284],[-107.29483912591283,48.14027332082379],[-107.29481850773111,48.14026035308263],[-107.29481816046466,48.140251429946325],[-107.29476399816667,48.14023459817452],[-107.29475695717434,48.14022585222875],[-107.29477653232847,48.14021650017133],[-107.29469516001441,48.14018686207908],[-107.29468787229601,48.14017362686149],[-107.29470744742355,48.1401642748281],[-107.29471234661231,48.140124018535616],[-107.29472532968894,48.14011482795339],[-107.29454682270506,48.140002256614785],[-107.2945071791442,48.14001198202926],[-107.29448111256185,48.14002592925949],[-107.29444226503624,48.14005348512314],[-107.29469085478391,48.14024053083227],[-107.29469734634573,48.14023593553187],[-107.29472435431246,48.14024432372912],[-107.29473188881862,48.14026204824189],[-107.29475949083742,48.14028384885532],[-107.29476598240385,48.14027925354637],[-107.29477871876686,48.14026557364717],[-107.29479993095842,48.140291953822796],[-107.2947597376012,48.14028833813827]],[[-107.29485870109049,48.14026396874057],[-107.29487252503962,48.14027267981104],[-107.29487876981958,48.14026359521508],[-107.29485870109049,48.14026396874057]],[[-107.29468926245303,48.14020486977843],[-107.29469634800203,48.140213686887144],[-107.29471592315143,48.14020433484436],[-107.29468926245303,48.14020486977843]]]]}"
00000000000000000c93,8169,0,0,0,"{""type"":""MultiPolygon"",""coordinates"":[[[[-107.2946567271065,48.13992412882874],[-107.29462357511922,48.139929259005264],[-107.29455970405962,48.139993081813614],[-107.29454682270506,48.140002256614785],[-107.29472532968894,48.14011482795339],[-107.29475035335389,48.14007856088536],[-107.29477017519321,48.14007369812206],[-107.2946567271065,48.13992412882874]]],[[[-107.29455171092356,48.139814548380876],[-107.29456469390067,48.139805357876945],[-107.29457133043793,48.139805267604345],[-107.29450755029504,48.13972162267288],[-107.2944826271967,48.13976232324469],[-107.29443417203862,48.139870517635266],[-107.29444750223064,48.139870250210286],[-107.29449408478011,48.13986928649598],[-107.29452748342048,48.13986864562061],[-107.29454081362506,48.13986837818236],[-107.29455414383145,48.139868110742206],[-107.29456702513541,48.13985893596474],[-107.29458000812758,48.13984974545061],[-107.29455171092356,48.139814548380876]]]]}"
00000000000000000c99,8170,0,0,0,"{""type"":""MultiPolygon"",""coordinates"":[[[[-107.29481529985902,48.13988967647065],[-107.29480870787049,48.139889837921444],[-107.29474205663705,48.13989117528618],[-107.2946831408375,48.139919104659704],[-107.2946567271065,48.13992412882874],[-107.29477017519321,48.14007369812206],[-107.29478350550586,48.140073430646304],[-107.29482780145572,48.140018959625536],[-107.29483498751705,48.14003221052967],[-107.29481529985902,48.13988967647065]]],[[[-107.29465862180852,48.139517616783536],[-107.29456982864615,48.139622139576915],[-107.29451324567542,48.1396991970765],[-107.29450755029504,48.13972162267288],[-107.29457133043793,48.139805267604345],[-107.29458431340957,48.139796077099525],[-107.29457365167899,48.13970694436589],[-107.29458663461355,48.139697753878856],[-107.29459916862903,48.13967965608711],[-107.29463732001095,48.13963870384086],[-107.2946476230907,48.13957146202319],[-107.29466650340649,48.13954426407665],[-107.29465862180852,48.139517616783536]]]]}"
00000000000000000c97,8171,0,0,0,"{""type"":""Polygon"",""coordinates"":[[[-107.29492833290469,48.13987850747361],[-107.29481529985902,48.13988967647065],[-107.29483498751705,48.14003221052967],[-107.29484901357102,48.140045339668646],[-107.29486095357171,48.14001382936644],[-107.29492795240654,48.14002141500289],[-107.29493528478747,48.1400347213224],[-107.29497550980552,48.1398909558384],[-107.29492833290469,48.13987850747361]]]}"
00000000000000000c8e,8172,0,0,0,"{""type"":""GeometryCollection"",""geometries"":[{""type"":""LineString"",""coordinates"":[[-107.295162627808,48.13989615824597],[-107.29516929486104,48.139896025042255]]},{""type"":""Polygon"",""coordinates"":[[[-107.2951487029965,48.139883044335356],[-107.2950674312788,48.139857840566236],[-107.29504077072966,48.13985837559067],[-107.29504240800503,48.139894107554966],[-107.29504365337165,48.13992084530532],[-107.29498908687603,48.13989517758403],[-107.29497550980552,48.1398909558384],[-107.29493528478747,48.1400347213224],[-107.29494941140642,48.14005228428436],[-107.29496249494657,48.14004752752176],[-107.29494777423075,48.140016552208564],[-107.29498127368227,48.14002034500152],[-107.29500293495187,48.14005563237022],[-107.29502265510774,48.14005078529379],[-107.295035435908,48.140037176583995],[-107.29504212963225,48.14003699937889],[-107.29515633822439,48.13990520251358],[-107.2951561359916,48.139900784425805],[-107.29516262746607,48.13989618912579],[-107.29516238065027,48.139891699878646],[-107.2951487029965,48.139883044335356]],[[-107.29514280568813,48.13990105195222],[-107.29512933026827,48.13989681449171],[-107.29513651644211,48.139910065339656],[-107.29514280568813,48.13990105195222]],[[-107.295122838792,48.139901409789566],[-107.29510266967358,48.13989734953489],[-107.2951103048722,48.13991950772354],[-107.295122838792,48.139901409789566]]]}]}"
00000000000000000c92,8173,0,0,0,"{""type"":""GeometryCollection"",""geometries"":[{""type"":""LineString"",""coordinates"":[[-107.29516929486104,48.139896025042255],[-107.295162627808,48.13989615824597]]},{""type"":""Polygon"",""coordinates"":[[[-107.2949919045906,48.14025685988869],[-107.29495830322908,48.14025308282509],[-107.29495250745838,48.14027107482361],[-107.29494497282711,48.1402533503283],[-107.29491182047465,48.14025848064577],[-107.29488515968181,48.14025901563721],[-107.29491074518526,48.14038354289492],[-107.29501836319841,48.14025190674886],[-107.2949919045906,48.14025685988869]]]},{""type"":""Polygon"",""coordinates"":[[[-107.29525009948081,48.13991223711047],[-107.2952234388408,48.13991277218852],[-107.29522264240619,48.139894941780845],[-107.29516932117376,48.13989601191271],[-107.29516317705554,48.13990953028647],[-107.29515633822439,48.13990520251358],[-107.29504212963225,48.14003699937889],[-107.29506254560715,48.140045548916184],[-107.29507820791524,48.14009885970023],[-107.2951186480527,48.14010696450447],[-107.2951192422038,48.14012037687982],[-107.29512593594892,48.14012019966806],[-107.29514496145404,48.14009750634384],[-107.2951311820422,48.140088866503184],[-107.295143671438,48.14007069734636],[-107.29515759596846,48.14008384218284],[-107.29528419319917,48.1399294421131],[-107.29525049144019,48.139921231345056],[-107.29525009948081,48.13991223711047]],[[-107.29523736335847,48.13992591697431],[-107.29524444903447,48.139934733992604],[-107.29525049144019,48.139921231345056],[-107.29523736335847,48.13992591697431]],[[-107.29509684150766,48.14006717213181],[-107.29511830071074,48.14009804139718],[-107.29513034107526,48.140070964873416],[-107.29509684150766,48.14006717213181]]]}]}"
00000000000000000cb6,8174,0,0,0,"{""type"":""MultiPolygon"",""coordinates"":[[[[-107.29514496145404,48.14009750634384],[-107.29512593594892,48.14012019966806],[-107.2951661739086,48.14012388634758],[-107.29514496145404,48.14009750634384]]],[[[-107.2953034653649,48.13991123809174],[-107.29528419319917,48.1399294421131],[-107.29515759596846,48.14008384218284],[-107.2951645365246,48.140088154232174],[-107.29521161334368,48.140096168677324],[-107.29520571601724,48.140114176371426],[-107.2952258852853,48.14011823661736],[-107.29528555324224,48.140108066110095],[-107.29531256142928,48.140116454115805],[-107.2953369648921,48.13991503075099],[-107.2953034653649,48.13991123809174]]],[[[-107.29525438578514,48.14015785177314],[-107.29524125761674,48.140162537426185],[-107.29522098662574,48.14015849291823],[-107.2952272759054,48.14014947948187],[-107.29527375864004,48.14014408152003],[-107.29521320619081,48.14013182963576],[-107.29519352940353,48.140141197503105],[-107.29518713957899,48.14014577709032],[-107.29514690158433,48.140142090418934],[-107.29513396312288,48.140151352222645],[-107.29516186935182,48.140177555040616],[-107.29517614128227,48.140199623022454],[-107.2952040475868,48.14022582585027],[-107.29517124255179,48.14023987938483],[-107.29511087974842,48.140232203588965],[-107.29505186289312,48.140255699527955],[-107.29501836319841,48.14025190674886],[-107.29491074518526,48.14038354289492],[-107.29491154145394,48.14040137347489],[-107.29491193332295,48.14041036779673],[-107.29493195756048,48.1404099230958],[-107.29495257588547,48.1404228908458],[-107.29497194893494,48.14040912057936],[-107.29499860986023,48.14040858555892],[-107.2950760585207,48.140348983710844],[-107.29518215262321,48.1403335022002],[-107.2952362709202,48.14035026259209],[-107.29528899863446,48.14033577996511],[-107.29530181014316,48.14017478929794],[-107.29530815652365,48.14016568895576],[-107.29530691097305,48.14013895108914],[-107.2953002743234,48.140139041416056],[-107.29529437702512,48.14015704912955],[-107.2952618188809,48.14017559194546],[-107.29525438578514,48.14015785177314]],[[-107.29528847972063,48.140175056849],[-107.2952955208714,48.140183802743316],[-107.29530181014316,48.14017478929794],[-107.29528847972063,48.140175056849]],[[-107.29523515804837,48.14017612703432],[-107.2952555296021,48.140184605388534],[-107.2952618188809,48.14017559194546],[-107.29523515804837,48.14017612703432]],[[-107.29518828334722,48.140172530701605],[-107.29520894628011,48.14018556949791],[-107.29522098662574,48.14015849291823],[-107.29518828334722,48.140172530701605]],[[-107.29516766501557,48.140159563064124],[-107.29517475070836,48.14016838012628],[-107.29518773375439,48.14015918947451],[-107.29516766501557,48.140159563064124]]]]}"
00000000000000000cb3,8175,0,0,0,"{""type"":""MultiPolygon"",""coordinates"":[[[[-107.29537854892429,48.13994988891053],[-107.2953569889523,48.139914585970054],[-107.2953369648921,48.13991503075099],[-107.29533251548615,48.13996419424142],[-107.29537854892429,48.13994988891053]]],[[[-107.29533251548615,48.13996419424142],[-107.29531256142928,48.140116454115805],[-107.2953463079807,48.14012473604755],[-107.29539313813717,48.14012826113846],[-107.29539358724004,48.140137168510556],[-107.29534026556263,48.14013823875364],[-107.29534061295811,48.140147161865585],[-107.29532044363631,48.1401431016429],[-107.29530691097305,48.14013895108914],[-107.29530790969145,48.14016119968642],[-107.29530815652365,48.14016568895576],[-107.2953216320851,48.14016992640921],[-107.29530181014316,48.14017478929794],[-107.29528899863446,48.14033577996511],[-107.2953613461089,48.14031201627949],[-107.29539509286256,48.140320298219706],[-107.29550982149118,48.14034922335238],[-107.29565080695211,48.14036877690044],[-107.29549294261871,48.14012179279867],[-107.29539292263824,48.13997194102485],[-107.29535352579579,48.13998615604013],[-107.29533251548615,48.13996419424142]],[[-107.29534769870354,48.14015597891155],[-107.29537401214992,48.140146520678165],[-107.29534061295811,48.140147161865585],[-107.29534769870354,48.14015597891155]],[[-107.29546048622832,48.14014031993034],[-107.29548669797332,48.14013087740673],[-107.29548655281323,48.14012637240365],[-107.29539942738135,48.140119247696894],[-107.29539313813717,48.14012826113846],[-107.29546048622832,48.14014031993034]]]]}"
00000000000000000cb8,8176,0,0,0,"{""type"":""MultiPolygon"",""coordinates"":[[[[-107.29542948074628,48.13989532742763],[-107.29540326917571,48.139904769888936],[-107.29537046443863,48.13991882339833],[-107.2953569889523,48.139914585970054],[-107.29537854892429,48.13994988891053],[-107.29543781213304,48.139930882168215],[-107.29545773452936,48.139930453102956],[-107.29547106488806,48.139930185531234],[-107.29542948074628,48.13989532742763]]],[[[-107.29543211720151,48.139953307906794],[-107.29539292263824,48.13997194102485],[-107.29549294261871,48.14012179279867],[-107.29565080695211,48.14036877690044],[-107.29569763760175,48.14037230184655],[-107.2959102315771,48.14035017353772],[-107.29594987576223,48.14034044746517],[-107.29549193013261,48.13994764229525],[-107.29547235515037,48.1399569944465],[-107.29546586368032,48.13996158977267],[-107.29543211720151,48.139953307906794]],[[-107.2954731517052,48.13997482487007],[-107.29548603295437,48.13996564995199],[-107.29546586368032,48.13996158977267],[-107.2954731517052,48.13997482487007]],[[-107.29550627305112,48.14012152521922],[-107.29549259518569,48.14011286969254],[-107.29549294261871,48.14012179279867],[-107.29550627305112,48.14012152521922]]]]}"
00000000000000000cbf,8177,0,0,0,"{""type"":""MultiPolygon"",""coordinates"":[[[[-107.29550307306297,48.139898301581155],[-107.29548929358184,48.13988966182639],[-107.29544281108834,48.139895059860436],[-107.29542948074628,48.13989532742763],[-107.29547106488806,48.139930185531234],[-107.29548404781465,48.139920994884],[-107.29553032807837,48.139911178739375],[-107.29550307306297,48.139898301581155]]],[[[-107.2955961387062,48.13989193925255],[-107.29558954666315,48.139892100758395],[-107.29556348026011,48.13990604824637],[-107.29553112466277,48.139929009146186],[-107.29549193013261,48.13994764229525],[-107.29594987576223,48.14034044746517],[-107.29608134098784,48.1402976205641],[-107.2960878324894,48.14029302516615],[-107.2955961387062,48.13989193925255]]]]}"
00000000000000000c87,8178,0,0,0,"{""type"":""Polygon"",""coordinates"":[[[-107.2960509097192,48.13991413821422],[-107.29607697608738,48.139900190592556],[-107.29608995894091,48.13989099987042],[-107.29610343461286,48.139895237189144],[-107.29611537365676,48.139863726844965],[-107.2961427307407,48.13987658807294],[-107.29615581423856,48.13987183116456],[-107.29617598369578,48.13987589118728],[-107.29620229696955,48.13986643278143],[-107.29617424464702,48.139835725467485],[-107.29610773778155,48.13984156877695],[-107.29608871280624,48.1398642621683],[-107.29602250997131,48.139874507764176],[-107.29600244120758,48.13987488152701],[-107.29600997637375,48.13989260579825],[-107.29599734107067,48.139910719575404],[-107.29597915739855,48.1399513145417],[-107.29594541062096,48.13994303286558],[-107.29596304443639,48.13988909676456],[-107.29592350243621,48.139898807008585],[-107.29593068895713,48.13991205778874],[-107.29593113819416,48.13992096511833],[-107.2959315303211,48.13992995934737],[-107.29592548811493,48.13994346203498],[-107.29593312388067,48.13996562016318],[-107.29588014967344,48.139975613781644],[-107.29586032778701,48.139980476766404],[-107.29585314128609,48.13996722596324],[-107.29582429256607,48.139918688076754],[-107.2958883645388,48.139859282632614],[-107.29562908859565,48.139882390654954],[-107.2955961387062,48.13989193925255],[-107.2960878324894,48.14029302516615],[-107.29623113602592,48.14021425369811],[-107.29633305592344,48.14010504243188],[-107.29635693383322,48.14004202145708],[-107.29634964541111,48.14002878641999],[-107.29625864872307,48.139932336678434],[-107.29625191034769,48.1399324428101],[-107.29621191894249,48.13993324585357],[-107.2962194542351,48.1399509701248],[-107.29619938538784,48.1399513439315],[-107.2961860549183,48.13995161160733],[-107.2961258940326,48.139948354589315],[-107.29610527527421,48.13993538721938],[-107.29606563150358,48.13994511327078],[-107.29604591131125,48.13994996055278],[-107.2960509097192,48.13991413821422]],[[-107.29580641166343,48.13996813493746],[-107.29579287893411,48.13996398446773],[-107.29579353044625,48.13997730989817],[-107.29580641166343,48.13996813493746]],[[-107.29586032778701,48.139980476766404],[-107.29583352172098,48.13997650703173],[-107.2958142942473,48.139994782339336],[-107.29584140432782,48.14000315443504],[-107.29586032778701,48.139980476766404]],[[-107.29604591131125,48.13994996055278],[-107.29599942853314,48.139955358869905],[-107.29597311520219,48.13996481723755],[-107.296040361933,48.13997689131465],[-107.29606018383382,48.139972028292675],[-107.29604591131125,48.13994996055278]]]}"
00000000000000000c88,8179,0,0,0,"{""type"":""GeometryCollection"",""geometries"":[{""type"":""LineString"",""coordinates"":[[-107.29614079334304,48.13983642714342],[-107.2961077560908,48.139841540506595]]},{""type"":""Polygon"",""coordinates"":[[[-107.29605648656754,48.13973982693543],[-107.29603552038604,48.13971793656447],[-107.2960420117814,48.13971334122293],[-107.29600073004022,48.13968733539299],[-107.29557298528776,48.13982097564905],[-107.295614222088,48.139846910578285],[-107.29562894341596,48.13987788567386],[-107.29562908859565,48.139882390654954],[-107.2958883645388,48.139859282632614],[-107.29590124570235,48.13985010768111],[-107.29592790648954,48.13984957241162],[-107.29594123688582,48.139849304774025],[-107.2959545672839,48.13984903713455],[-107.29597265027795,48.13980400843926],[-107.2960059476921,48.13980338277628],[-107.29603944745789,48.13980717517643],[-107.296045591297,48.13979365677994],[-107.29608593006354,48.139801776859485],[-107.29610005733039,48.13981933955787],[-107.29610689632871,48.13982366725218],[-107.29610739019434,48.139832645724454],[-107.29614079334304,48.13983642714342],[-107.29614089003451,48.139836438089404],[-107.29617424464702,48.139835725467485],[-107.29616695633771,48.139822490465534],[-107.296160117328,48.13981816277589],[-107.29615387285763,48.13982724737052],[-107.29613286196758,48.1398052858281],[-107.29615303138178,48.13980934585161],[-107.29611814015952,48.139774310864745],[-107.296090233232,48.13974810854338],[-107.29608339424986,48.13974378085369],[-107.29606377481535,48.13975306192654],[-107.29605648656754,48.13973982693543]],[[-107.29610689632871,48.13982366725218],[-107.296120126085,48.13981896577525],[-107.29611328708494,48.13981463808231],[-107.29610689632871,48.13982366725218]],[[-107.29606377481535,48.13975306192654],[-107.29603725928983,48.139758102200574],[-107.29604479445757,48.13977582642973],[-107.29606377481535,48.13975306192654]],[[-107.29602517500416,48.13978510750083],[-107.29601164228185,48.1397809570762],[-107.2960186835945,48.13978970284785],[-107.29602517500416,48.13978510750083]]]}]}"
00000000000000000c8b,8180,0,0,0,"{""type"":""Polygon"",""coordinates"":[[[-107.29596643359534,48.13966571267031],[-107.2958636006148,48.139605207111565],[-107.29578931352351,48.13958438721635],[-107.29551083989526,48.1397730632967],[-107.29552511195786,48.139795131053695],[-107.29557298528776,48.13982097564905],[-107.29600073004022,48.13968733539299],[-107.29596643359534,48.13966571267031]]]}"
00000000000000000c8c,8181,0,0,0,"{""type"":""Polygon"",""coordinates"":[[[-107.29574817848575,48.13955843675217],[-107.29569401618102,48.13954160572714],[-107.2956347981573,48.13956068363133],[-107.29542113590782,48.13970787146951],[-107.29545592556883,48.13973847288047],[-107.29550375416189,48.13976424632662],[-107.29551083989526,48.1397730632967],[-107.29578931352351,48.13958438721635],[-107.29574817848575,48.13955843675217]]]}"
00000000000000000c90,8182,0,0,0,"{""type"":""Polygon"",""coordinates"":[[[-107.2953160165591,48.13959385857615],[-107.29533028841715,48.13961592629217],[-107.29537916006853,48.13966401929321],[-107.29540017026527,48.13968598095933],[-107.29542113590782,48.13970787146951],[-107.2956347981573,48.13956068363133],[-107.2953160165591,48.13959385857615]]]}"
00000000000000000c91,8183,0,0,0,"{""type"":""Polygon"",""coordinates"":[[[-107.29565218524523,48.13950225876428],[-107.29557710202783,48.13946360847965],[-107.29555019475123,48.13945965443016],[-107.29529281929271,48.139522824128676],[-107.29529376091335,48.139545159362285],[-107.2953160165591,48.13959385857615],[-107.2956347981573,48.13956068363133],[-107.29569401618102,48.13954160572714],[-107.29565218524523,48.13950225876428]]]}"
00000000000000000c8d,8184,0,0,0,"{""type"":""Polygon"",""coordinates"":[[[-107.29548864426131,48.139425154568784],[-107.29529448720996,48.13941117615245],[-107.29528170670616,48.13942478472739],[-107.29529281929271,48.139522824128676],[-107.29555019475123,48.13945965443016],[-107.29548864426131,48.139425154568784]]]}"
00000000000000000c71,8185,0,0,0,"{""type"":""Polygon"",""coordinates"":[[[-107.29543035449929,48.13931466739448],[-107.29534537370637,48.139356544132106],[-107.29529448720996,48.13941117615245],[-107.29548864426131,48.139425154568784],[-107.29543035449929,48.13931466739448]]]}"
00000000000000000c6a,8186,0,0,0,"{""type"":""Polygon"",""coordinates"":[[[-107.29557014725951,48.13930739644554],[-107.29543035449929,48.13931466739448],[-107.29548864426131,48.139425154568784],[-107.29555019475123,48.13945965443016],[-107.29557710202783,48.13946360847965],[-107.29558347741032,48.13930712886664],[-107.29557014725951,48.13930739644554]]]}"
00000000000000000c70,8187,0,0,0,"{""type"":""Polygon"",""coordinates"":[[[-107.29567678851626,48.13930525576125],[-107.29563679803152,48.139306058532085],[-107.29558347741032,48.13930712886664],[-107.29557710202783,48.13946360847965],[-107.29565218524523,48.13950225876428],[-107.29573035607697,48.13930867456732],[-107.29567678851626,48.13930525576125]]]}"
00000000000000000c89,8188,0,0,0,"{""type"":""Polygon"",""coordinates"":[[[-107.29586386022004,48.13931041649855],[-107.2957773877631,48.13931661747104],[-107.29573035607697,48.13930867456732],[-107.29565218524523,48.13950225876428],[-107.29569401618102,48.13954160572714],[-107.29574817848575,48.13955843675217],[-107.29587719041359,48.139310148877755],[-107.29586386022004,48.13931041649855]]]}"
00000000000000000c8a,8189,0,0,0,"{""type"":""Polygon"",""coordinates"":[[[-107.29595880981525,48.139344274664985],[-107.2959381914669,48.139331307397555],[-107.29591757313725,48.13931834012841],[-107.29587719041359,48.139310148877755],[-107.29574817848575,48.13955843675217],[-107.29578931352351,48.13958438721635],[-107.2958636006148,48.139605207111565],[-107.29599335289691,48.13937038646304],[-107.29595880981525,48.139344274664985]]]}"
00000000000000000c6e,8190,0,0,0,"{""type"":""Polygon"",""coordinates"":[[[-107.29600249759663,48.139575671369556],[-107.29602241992144,48.139575242191746],[-107.29612745220281,48.13938554018655],[-107.29599335289691,48.13937038646304],[-107.2958636006148,48.139605207111565],[-107.29596643359534,48.13966571267031],[-107.29599739753044,48.139611509212436],[-107.29599055858971,48.1396071815263],[-107.29600364198647,48.1396024246656],[-107.29601642239693,48.13958881595093],[-107.2960028451622,48.13958459437941],[-107.29600249759663,48.139575671369556]],[[-107.29600249759663,48.139575671369556],[-107.29599520940388,48.13956243641698],[-107.29598232835693,48.139571611328],[-107.29600249759663,48.139575671369556]],[[-107.2960028451622,48.13958459437941],[-107.29598951485228,48.13958486202203],[-107.29599660070949,48.13959367892304],[-107.2960028451622,48.13958459437941]]]}"
00000000000000000c86,8191,0,0,0,"{""type"":""MultiPolygon"",""coordinates"":[[[[-107.29601642239693,48.13958881595093],[-107.29600364198647,48.1396024246656],[-107.29603679399865,48.13959729404343],[-107.29601642239693,48.13958881595093]]],[[[-107.29599923809256,48.13965165903081],[-107.29601132234025,48.13962465380325],[-107.29599739753044,48.139611509212436],[-107.29596643359534,48.13966571267031],[-107.29600073004022,48.13968733539299],[-107.2960420117814,48.13971334122293],[-107.29604156251465,48.139704433929744],[-107.29603412905321,48.13968669398591],[-107.29606623736693,48.139659243809035],[-107.29599923809256,48.13965165903081]]],[[[-107.29616186687092,48.13955904729315],[-107.29625614898299,48.13942767962641],[-107.29620198632526,48.13941084893892],[-107.29616154620349,48.13940274469809],[-107.29613408877714,48.13938544980563],[-107.29612745220281,48.13938554018655],[-107.29602241992144,48.139575242191746],[-107.29602266684526,48.139579731406954],[-107.29607029359565,48.13960108642225],[-107.29610389490534,48.13960486305095],[-107.29611657360101,48.139591270061054],[-107.2961305555738,48.13960432773066],[-107.29615586939117,48.13957262105573],[-107.2961487834871,48.13956380417118],[-107.29616186687092,48.13955904729315]],[[-107.2960683522999,48.139556502853644],[-107.29607598810718,48.13957866080652],[-107.29612955633482,48.139582079390536],[-107.2960683522999,48.139556502853644]],[[-107.29604169168343,48.13955703815484],[-107.29604873296853,48.1395657838878],[-107.29605502199077,48.139556770505195],[-107.29604169168343,48.13955703815484]],[[-107.29616131690929,48.139545706236476],[-107.29611438531273,48.139542197291284],[-107.29610185187562,48.13956029521904],[-107.2961487834871,48.13956380417118],[-107.29616131690929,48.139545706236476]]]]}"
00000000000000000c84,8192,0,0,0,"{""type"":""MultiPolygon"",""coordinates"":[[[[-107.296090233232,48.13974810854338],[-107.29611814015952,48.139774310864745],[-107.29613081891614,48.139760717827656],[-107.296090233232,48.13974810854338]]],[[[-107.29615586939117,48.13957262105573],[-107.2961305555738,48.13960432773066],[-107.29613070081741,48.13960883268596],[-107.29616350526038,48.13959477900685],[-107.29615586939117,48.13957262105573]]],[[[-107.29638375766707,48.139447428320956],[-107.29636313901915,48.13943446112704],[-107.29629673446011,48.139440288768995],[-107.29627652060947,48.139436157641434],[-107.29625614898299,48.13942767962641],[-107.29616186687092,48.13955904729315],[-107.29620834920854,48.13955364894914],[-107.29620894377153,48.1395670611663],[-107.29624938410005,48.13957516540721],[-107.29626410597722,48.13960614023148],[-107.29639109059612,48.139460734370196],[-107.29638375766707,48.139447428320956]]]]}"
00000000000000000c7e,8193,0,0,0,"{""type"":""MultiPolygon"",""coordinates"":[[[[-107.29659045091299,48.13944330651668],[-107.29659694222859,48.1394387111636],[-107.2965834094781,48.13943456084763],[-107.29659045091299,48.13944330651668]]],[[[-107.2965834094781,48.13943456084763],[-107.29653514309214,48.13939972283227],[-107.2965080330712,48.13939135102707],[-107.29654302618374,48.13942636987364],[-107.2965379266429,48.139462207630274],[-107.29656483432335,48.139466161392704],[-107.29657142635833,48.13946599982137],[-107.29657062925297,48.13944816959326],[-107.2965834094781,48.13943456084763]]],[[[-107.29645993098156,48.13950846853364],[-107.29641240460761,48.13949154754237],[-107.29639109059612,48.139460734370196],[-107.29626410597722,48.13960614023148],[-107.296271292601,48.13961939090983],[-107.29627758159535,48.139610377504184],[-107.29629646108562,48.139583179237725],[-107.29632391877384,48.13960047414203],[-107.29631881899323,48.13963631201164],[-107.29637238747104,48.139639730457475],[-107.29651345478882,48.13951181573561],[-107.29645993098156,48.13950846853364]]],[[[-107.2961375126672,48.13976054054639],[-107.29613081891614,48.139760717827656],[-107.29611814015952,48.139774310864745],[-107.29615303138178,48.13980934585161],[-107.29616636179553,48.139809078182495],[-107.296160117328,48.13981816277589],[-107.29616695633771,48.139822490465534],[-107.29618598125792,48.139799797078076],[-107.29618573431522,48.139795307845],[-107.29619247266092,48.13979520171902],[-107.29620520851816,48.13978152176909],[-107.29630157800258,48.139699242089414],[-107.29625450086887,48.1396912282475],[-107.29624161980067,48.13970040321632],[-107.29623512841793,48.139704998569904],[-107.29622888398251,48.139714083149],[-107.29622179803182,48.13970526624734],[-107.29621530664716,48.139709861600075],[-107.2962033677374,48.13974137186118],[-107.29617611240238,48.1397284949438],[-107.29617046249707,48.13975099178821],[-107.2961375126672,48.13976054054639]],[[-107.29618493740738,48.13977747749713],[-107.29619202335842,48.13978629441359],[-107.29620520851816,48.13978152176909],[-107.29618493740738,48.13977747749713]],[[-107.29617750385465,48.13975973754209],[-107.29619063189502,48.13975505180004],[-107.29617046249707,48.13975099178821],[-107.29617750385465,48.13975973754209]]]]}"
00000000000000000c85,8194,0,0,0,"{""type"":""GeometryCollection"",""geometries"":[{""type"":""LineString"",""coordinates"":[[-107.29656478688055,48.139466164137275],[-107.29657145387138,48.13946603085311]]},{""type"":""Polygon"",""coordinates"":[[[-107.29661735860134,48.13944726026276],[-107.29659694222859,48.1394387111636],[-107.29659045091299,48.13944330651668],[-107.29661191140725,48.139474175049344],[-107.29662534248584,48.13947834110256],[-107.29662524176567,48.139473907319584],[-107.29661735860134,48.13944726026276]]]},{""type"":""Polygon"",""coordinates"":[[[-107.29658104900443,48.139532812331126],[-107.29653366875958,48.139515946816125],[-107.29651345478882,48.13951181573561],[-107.29637238747104,48.139639730457475],[-107.2964125239061,48.13964343231485],[-107.29648042230856,48.139668831353895],[-107.29652725259638,48.13967235585737],[-107.29659437937953,48.13953254460493],[-107.29658104900443,48.139532812331126]]]},{""type"":""Polygon"",""coordinates"":[[[-107.29632411190934,48.13990417361678],[-107.29629214872406,48.13993612899367],[-107.29626524081966,48.13993217512515],[-107.29625864872307,48.139932336678434],[-107.29634964541111,48.14002878641999],[-107.29638650608278,48.13995657476096],[-107.29637153700988,48.139921110512354],[-107.29635171510861,48.13992597359396],[-107.29632411190934,48.13990417361678]],[[-107.29632530110553,48.13993099822993],[-107.29634567302742,48.139939476303844],[-107.29635171510861,48.13992597359396],[-107.29632530110553,48.13993099822993]]]},{""type"":""Polygon"",""coordinates"":[[[-107.2963082717545,48.13969906479642],[-107.29630157800258,48.139699242089414],[-107.29619247266092,48.13979520171902],[-107.29620600543578,48.139799352117926],[-107.29619282026945,48.13980412476432],[-107.29618598125792,48.139799797078076],[-107.29616695633771,48.139822490465534],[-107.29617424464702,48.139835725467485],[-107.29620229696955,48.13986643278143],[-107.2962284078745,48.13985255629205],[-107.29622087259199,48.13983483205439],[-107.29623385540636,48.13982564132519],[-107.29624534501316,48.139785223704855],[-107.29629237767219,48.139793166403344],[-107.29628498864167,48.139775497612355],[-107.29629772447056,48.13976181765599],[-107.29631789391681,48.13976587764067],[-107.29635045153898,48.13974733462398],[-107.2963082717545,48.13969906479642]]]}]}"
00000000000000000c80,8195,0,0,0,"{""type"":""GeometryCollection"",""geometries"":[{""type"":""LineString"",""coordinates"":[[-107.29663205420225,48.13947821837792],[-107.29662538721011,48.139478351665616],[-107.29662518807211,48.13947388929904]]},{""type"":""Polygon"",""coordinates"":[[[-107.29634964541111,48.14002878641999],[-107.29635693383322,48.14004202145708],[-107.29638685373617,48.13996549783178],[-107.29638650608278,48.13995657476096],[-107.29634964541111,48.14002878641999]]]},{""type"":""Polygon"",""coordinates"":[[[-107.29664780259141,48.139531457942454],[-107.29664110884596,48.139531635258415],[-107.29662777846457,48.13953190299125],[-107.29661444808495,48.13953217072219],[-107.29659437937953,48.13953254460493],[-107.29652725259638,48.13967235585737],[-107.29655416042223,48.1396763096349],[-107.2965816183737,48.13969360448938],[-107.29660827924137,48.13969306903037],[-107.29666239814122,48.139709828398615],[-107.29668905904346,48.13970929291612],[-107.29670947560055,48.139717842034955],[-107.29664780259141,48.139531457942454]]]}]}"
00000000000000000cc5,8196,0,0,0,"{""type"":""Polygon"",""coordinates"":[[[-107.29724331213701,48.139867994445986],[-107.29724257182242,48.13985007719679],[-107.29704382659702,48.13973353847707],[-107.29701657072044,48.139720661814124],[-107.29695511821222,48.13969059659242],[-107.29689436234962,48.139673927839745],[-107.29691338689528,48.1396512343816],[-107.29668030284381,48.13951300180067],[-107.29666776961415,48.13953109978705],[-107.29664780259141,48.139531457942454],[-107.29670947560055,48.139717842034955],[-107.29674401981916,48.13974395371922],[-107.29681716356772,48.13973801954291],[-107.29685111312588,48.13975071893749],[-107.29687108030996,48.13975036073419],[-107.29693169092707,48.13976252455823],[-107.29697272678683,48.139784040767736],[-107.29694676133533,48.13980242240694],[-107.29696961451235,48.139864533688275],[-107.2969908285779,48.139890913130955],[-107.29699162587616,48.13990874350067],[-107.29701214343912,48.139921726400175],[-107.29705987339715,48.1399430652853],[-107.2970732039875,48.13994279748503],[-107.29710140276542,48.13997800955326],[-107.29713500490365,48.13998178582686],[-107.2972647289514,48.139898791899576],[-107.29724331213701,48.139867994445986]],[[-107.29700657480298,48.139796755853745],[-107.29702758640987,48.139818717183076],[-107.29705365262566,48.13980476932522],[-107.29700657480298,48.139796755853745]],[[-107.29700657480298,48.139796755853745],[-107.2969995331791,48.139788010161325],[-107.29699304181862,48.13979260557327],[-107.29700657480298,48.139796755853745]]]}"
00000000000000000d1c,8197,0,0,0,"{""type"":""MultiPolygon"",""coordinates"":[[[[-107.29717268478818,48.13978002378482],[-107.29713898203303,48.139771813728736],[-107.29706399627788,48.139737598296776],[-107.29704382659702,48.13973353847707],[-107.29724257182242,48.13985007719679],[-107.29724896148608,48.139845497502506],[-107.29717268478818,48.13978002378482]]],[[[-107.29664401930218,48.139446724800564],[-107.29662395063662,48.139447098687874],[-107.29661735860134,48.13944726026276],[-107.29662524176567,48.139473907319584],[-107.29663208080585,48.13947823494699],[-107.29669283606214,48.13949490381917],[-107.29668030284381,48.13951300180067],[-107.29691338689528,48.1396512343816],[-107.296938453266,48.1396150382689],[-107.29697486304711,48.139533919732514],[-107.29664401930218,48.139446724800564]]]]}"
00000000000000000c1d,8198,0,0,0,"{""type"":""Polygon"",""coordinates"":[[[-107.29664401930218,48.139446724800564],[-107.29697486304711,48.139533919732514],[-107.29700697086047,48.139506469333185],[-107.29706618899908,48.1394873905988],[-107.29707951942665,48.1394871228041],[-107.29711871334764,48.139468489184964],[-107.29722480647186,48.13945300569939],[-107.29730359918901,48.13942457443221],[-107.29733050715427,48.13942852796985],[-107.2973830314374,48.13940962643412],[-107.29745557991872,48.13939027965842],[-107.29750671154588,48.13934013575003],[-107.29664401930218,48.139446724800564]]]}"
00000000000000000c62,8199,0,0,0,"{""type"":""Polygon"",""coordinates"":[[[-107.29750278082292,48.139250898082594],[-107.2974619474865,48.13923380033693],[-107.29740078675943,48.13920829600977],[-107.29736853309547,48.1392356909558],[-107.29728924751268,48.139250694301545],[-107.29726686478308,48.139349390592336],[-107.29722107894004,48.13936818584309],[-107.29716751026476,48.13936476789375],[-107.2971476885953,48.13936963108254],[-107.2970870783884,48.13935746747533],[-107.29706006979917,48.13934908010031],[-107.29700629880186,48.13934124402768],[-107.29700490661996,48.13931000170833],[-107.29699098141074,48.13929685735043],[-107.29693636866914,48.13927111992468],[-107.29662395063662,48.139447098687874],[-107.29664401930218,48.139446724800564],[-107.29750671154588,48.13934013575003],[-107.29750636360987,48.13933121279645],[-107.29753222690066,48.139312846921854],[-107.29750278082292,48.139250898082594]]]}"
00000000000000000c82,8200,0,0,0,"{""type"":""Polygon"",""coordinates"":[[[-107.29690901242856,48.13925380957115],[-107.29687565807933,48.139254522433944],[-107.29691480717032,48.13923581782827],[-107.29684701059462,48.13921040356333],[-107.29684676356689,48.139205914384384],[-107.29656684613182,48.13936343657813],[-107.29653514309214,48.13939972283227],[-107.29659694222859,48.1394387111636],[-107.29661735860134,48.13944726026276],[-107.29662395063662,48.139447098687874],[-107.29693636866914,48.13927111992468],[-107.29690901242856,48.13925380957115]]]}"
00000000000000000c63,8201,0,0,0,"{""type"":""Polygon"",""coordinates"":[[[-107.2968120172593,48.13917538497697],[-107.29677653091207,48.13912693856109],[-107.29674178475653,48.13909640917019],[-107.29674094297255,48.139078507912814],[-107.29669192419057,48.139025911283376],[-107.29656684613182,48.13936343657813],[-107.29684676356689,48.139205914384384],[-107.2968120172593,48.13917538497697]]]}"
00000000000000000c83,8202,0,0,0,"{""type"":""Polygon"",""coordinates"":[[[-107.29668488279277,48.1390171656902],[-107.29664405045119,48.13900006764712],[-107.29661579578962,48.13896494296432],[-107.29658874314023,48.138956484347695],[-107.29642645715042,48.13935729686335],[-107.29644727818764,48.13937468206121],[-107.2965080330712,48.13939135102707],[-107.29653514309214,48.13939972283227],[-107.29656684613182,48.13936343657813],[-107.29669192419057,48.139025911283376],[-107.29668488279277,48.1390171656902]]]}"
00000000000000000c81,8203,0,0,0,"{""type"":""Polygon"",""coordinates"":[[[-107.296567922218,48.13893909931576],[-107.2962891820086,48.139270664790864],[-107.29637070038845,48.139304805923366],[-107.29639885427214,48.13933549713505],[-107.29642645715042,48.13935729686335],[-107.29658874314023,48.138956484347695],[-107.296567922218,48.13893909931576]]]}"
00000000000000000c6b,8204,0,0,0,"{""type"":""Polygon"",""coordinates"":[[[-107.2965610832829,48.13893477172544],[-107.29617826402234,48.13917909503782],[-107.29624051151667,48.1392269906686],[-107.29626186983766,48.1392578749031],[-107.2962891820086,48.139270664790864],[-107.296567922218,48.13893909931576],[-107.2965610832829,48.13893477172544]]]}"
00000000000000000c6c,8205,0,0,0,"{""type"":""Polygon"",""coordinates"":[[[-107.29653403068373,48.13892631309697],[-107.29647461114834,48.13894097327388],[-107.29610723646744,48.139082288601436],[-107.29612216040492,48.13911768118149],[-107.29614337329681,48.139144060467025],[-107.29616458622189,48.13917043976026],[-107.29617826402234,48.13917909503782],[-107.2965610832829,48.13893477172544],[-107.2965609379807,48.138930266829966],[-107.29653403068373,48.13892631309697]]]}"
00000000000000000c6d,8206,0,0,0,"{""type"":""Polygon"",""coordinates"":[[[-107.29606247734434,48.138975952931084],[-107.2960993537741,48.139055641688365],[-107.29610723646744,48.139082288601436],[-107.29647461114834,48.13894097327388],[-107.29606247734434,48.138975952931084]]]}"
00000000000000000c68,8207,0,0,0,"{""type"":""Polygon"",""coordinates"":[[[-107.29652719175735,48.13892198550506],[-107.29642614312282,48.13890171751417],[-107.29640632177366,48.13890658049889],[-107.29638011088767,48.13891602303231],[-107.2963260940938,48.138903697457316],[-107.29633932351555,48.138898996040815],[-107.2963588978852,48.13888964391621],[-107.29606469271324,48.138877647049696],[-107.29605563850032,48.138971625299405],[-107.29606247734434,48.138975952931084],[-107.29647461114834,48.13894097327388],[-107.29653403068373,48.13892631309697],[-107.29652719175735,48.13892198550506]]]}"
00000000000000000c67,8208,0,0,0,"{""type"":""Polygon"",""coordinates"":[[[-107.29609971172364,48.13876528793637],[-107.29607409548272,48.13878814237812],[-107.29606469271324,48.138877647049696],[-107.2963588978852,48.13888964391621],[-107.29636553438752,48.138889553521956],[-107.29636518672288,48.13888063063374],[-107.29609971172364,48.13876528793637]]]}"
00000000000000000c69,8209,0,0,0,"{""type"":""MultiPolygon"",""coordinates"":[[[[-107.29649264847893,48.13889587412664],[-107.29646578581857,48.138891991533896],[-107.29642614312282,48.13890171751417],[-107.29652719175735,48.13892198550506],[-107.29649264847893,48.13889587412664]]],[[[-107.29620326592703,48.13869181101974],[-107.29616442042504,48.13871936683089],[-107.29609971172364,48.13876528793637],[-107.29636518672288,48.13888063063374],[-107.29637812458108,48.1388713689029],[-107.2963776752216,48.13886246175612],[-107.29638371707819,48.138848959326204],[-107.29637028628301,48.13884479328178],[-107.29638336940849,48.138840036445075],[-107.29638926597687,48.13882202913373],[-107.29620326592703,48.13869181101974]]]]}"
00000000000000000c61,8210,0,0,0,"{""type"":""MultiPolygon"",""coordinates"":[[[[-107.2965330311754,48.13890406505446],[-107.29649264847893,48.13889587412664],[-107.29652719175735,48.13892198550506],[-107.29653403068373,48.13892631309697],[-107.2965609379807,48.138930266829966],[-107.2965330311754,48.13890406505446]]],[[[-107.29629364761571,48.13862294859002],[-107.29624870325631,48.13866409366587],[-107.29620326592703,48.13869181101974],[-107.29638926597687,48.13882202913373],[-107.29639451078431,48.13879069670517],[-107.29642647283262,48.13875874201842],[-107.29644643939245,48.13875838392608],[-107.29645233591745,48.1387403766399],[-107.29629364761571,48.13862294859002]]]]}"
00000000000000000c60,8211,0,0,0,"{""type"":""Polygon"",""coordinates"":[[[-107.2963714389797,48.13857227067878],[-107.2963000371021,48.138618369070194],[-107.29629364761571,48.13862294859002],[-107.29645233591745,48.1387403766399],[-107.29648528485163,48.1387308279814],[-107.29647785128859,48.138713088402646],[-107.29649777325062,48.13871265914238],[-107.29651853690088,48.13873013101517],[-107.29652468038059,48.13871661287374],[-107.29651075561648,48.13870346858303],[-107.2964903842675,48.13869499072872],[-107.2965095091255,48.13867673149866],[-107.29654855688362,48.13865359354931],[-107.2963714389797,48.13857227067878]]]}"
00000000000000000c5f,8212,0,0,0,"{""type"":""Polygon"",""coordinates"":[[[-107.29640903782958,48.13851797785988],[-107.2964029960466,48.13853148020461],[-107.2963779301434,48.13856767542042],[-107.2963714389797,48.13857227067878],[-107.29654855688362,48.13865359354931],[-107.29659399408125,48.138625876055364],[-107.29666678777147,48.13861101933881],[-107.29670553130691,48.13858347912645],[-107.29673139420377,48.13856511373862],[-107.29675086763214,48.138551327893815],[-107.29640903782958,48.13851797785988]]]}"
00000000000000000c56,8213,0,0,0,"{""type"":""MultiPolygon"",""coordinates"":[[[[-107.29686062016614,48.13846869504782],[-107.29686121499155,48.13848210697781],[-107.29687429799365,48.138477350110065],[-107.29686062016614,48.13846869504782]]],[[[-107.2968327133692,48.13844249358905],[-107.29681913632312,48.138438272220206],[-107.2964187427274,48.13843732544414],[-107.2964189897067,48.13844181455986],[-107.29640903782958,48.13851797785988],[-107.29675086763214,48.138551327893815],[-107.29681587879634,48.13851425821701],[-107.29680709761166,48.13846534807408],[-107.29683975471848,48.13845123907713],[-107.2968327133692,48.13844249358905]],[[-107.29673555081814,48.138506941827295],[-107.29674263673216,48.13851575849121],[-107.29674902617553,48.138511178951894],[-107.29673555081814,48.138506941827295]]]]}"
00000000000000000c55,8214,0,0,0,"{""type"":""Polygon"",""coordinates"":[[[-107.29675654112921,48.13838145488128],[-107.2967087697843,48.13835559583744],[-107.29661441588024,48.138335150921314],[-107.29641516222065,48.138357011995815],[-107.29640951273846,48.138379508257366],[-107.2964187427274,48.13843732544414],[-107.29681913632312,48.138438272220206],[-107.29675654112921,48.13838145488128]]]}"
00000000000000000c6f,8215,0,0,0,"{""type"":""Polygon"",""coordinates"":[[[-107.29649690743061,48.13824374469485],[-107.29645147070606,48.13827146192958],[-107.29643988024344,48.1383118941291],[-107.29642026161186,48.138321175002005],[-107.29641516222065,48.138357011995815],[-107.29661441588024,48.138335150921314],[-107.29649690743061,48.13824374469485]]]}"
00000000000000000c5d,8216,0,0,0,"{""type"":""Polygon"",""coordinates"":[[[-107.2966215263501,48.13819659141191],[-107.29656196267813,48.13820674657664],[-107.29649690743061,48.13824374469485],[-107.29661441588024,48.138335150921314],[-107.2967087697843,48.13835559583744],[-107.2966215263501,48.13819659141191]]]}"
00000000000000000c5b,8217,0,0,0,"{""type"":""Polygon"",""coordinates"":[[[-107.29670740208324,48.13817697800214],[-107.2966215263501,48.13819659141191],[-107.2967087697843,48.13835559583744],[-107.29675654112921,48.13838145488128],[-107.29677454568059,48.138184617541505],[-107.29670740208324,48.13817697800214]]]}"
00000000000000000c5e,8218,0,0,0,"{""type"":""Polygon"",""coordinates"":[[[-107.29677454568059,48.138184617541505],[-107.29675654112921,48.13838145488128],[-107.29681913632312,48.138438272220206],[-107.2968327133692,48.13844249358905],[-107.29691527866777,48.13819967947226],[-107.29677454568059,48.138184617541505]]]}"
00000000000000000c5a,8219,0,0,0,"{""type"":""MultiPolygon"",""coordinates"":[[[[-107.29705758591898,48.138098504388196],[-107.29700811814112,48.138037001886495],[-107.29698909456009,48.13805969464296],[-107.29701898839922,48.1381305492968],[-107.29704624316852,48.138143425598145],[-107.29705492387453,48.138187901739705],[-107.2970782488612,48.1381115422679],[-107.29705758591898,48.138098504388196]]],[[[-107.29703594481047,48.1382106657292],[-107.29695571801308,48.138207783229845],[-107.29691527866777,48.13819967947226],[-107.2968327133692,48.13844249358905],[-107.29683975471848,48.13845123907713],[-107.2968528822937,48.138446553372745],[-107.29686041771731,48.13846427708969],[-107.29686062016614,48.13846869504782],[-107.29687429799365,48.138477350110065],[-107.29694688904372,48.1384580752702],[-107.29696626068822,48.138444305150756],[-107.2969727517976,48.13843970986469],[-107.29699068662828,48.138394626812556],[-107.296983645241,48.13838588134594],[-107.29699033880365,48.13838570401458],[-107.29704278371261,48.13821499322697],[-107.29703594481047,48.1382106657292]]]]}"
00000000000000000c5c,8220,0,0,0,"{""type"":""Polygon"",""coordinates"":[[[-107.29705611367983,48.13821472545368],[-107.29704982509023,48.138223738661104],[-107.29704278371261,48.13821499322697],[-107.29699033880365,48.13838570401458],[-107.29700391587656,48.138389925354296],[-107.29699068662828,48.138394626812556],[-107.2969727517976,48.13843970986469],[-107.297012147035,48.1384254946429],[-107.29704425379319,48.138398044835945],[-107.29709722608597,48.138388050922835],[-107.29712343661403,48.13837860829731],[-107.29713662127384,48.138373835665135],[-107.29714835647476,48.138337908191644],[-107.29714810940482,48.138333419088966],[-107.29714800861082,48.138328985404854],[-107.29718197957146,48.138194308275175],[-107.29714768327479,48.13817268658433],[-107.2971270202604,48.138159648706264],[-107.29708508775445,48.138115869754735],[-107.2970782488612,48.1381115422679],[-107.29705492387453,48.138187901739705],[-107.29705572125145,48.13820573152998],[-107.29708242576979,48.138205267134985],[-107.29708277361964,48.13821418990141],[-107.29705611367983,48.13821472545368]],[[-107.29708277361964,48.13821418990141],[-107.29708981500967,48.13822293533215],[-107.2971027971317,48.13821374478439],[-107.29708277361964,48.13821418990141]]]}"
00000000000000000c57,8221,0,0,0,"{""type"":""MultiPolygon"",""coordinates"":[[[[-107.29713662127384,48.138373835665135],[-107.2971497488269,48.13836914992759],[-107.29714835647476,48.138337908191644],[-107.29713662127384,48.138373835665135]]],[[[-107.2972692480038,48.13820593599311],[-107.29718197957146,48.138194308275175],[-107.29714810940482,48.138333419088966],[-107.2971951855124,48.13834143231171],[-107.29732154614203,48.13832999308918],[-107.2972692480038,48.13820593599311]]]]}"
00000000000000000c21,8222,0,0,0,"{""type"":""Polygon"",""coordinates"":[[[-107.29733475257649,48.138177844403586],[-107.29731493154041,48.13818270750118],[-107.29727588444923,48.138205845538515],[-107.2972692480038,48.13820593599311],[-107.29732154614203,48.13832999308918],[-107.29738794930051,48.13832416489641],[-107.29744012403508,48.13829634098836],[-107.29745914757267,48.138273648041526],[-107.2974790695059,48.1382732185818],[-107.29733475257649,48.138177844403586]]]}"
00000000000000000c58,8223,0,0,0,"{""type"":""Polygon"",""coordinates"":[[[-107.29744569343711,48.138122035175435],[-107.29742666998123,48.13814472805216],[-107.29738053689293,48.13815904956238],[-107.29734808257173,48.1381775765892],[-107.29733475257649,48.138177844403586],[-107.29748580766908,48.138273112372694],[-107.29750517912728,48.13825934219754],[-107.29753089619133,48.13823647188612],[-107.29755061558579,48.13823162447694],[-107.29758421637857,48.13823540050206],[-107.29759674878916,48.138217302862266],[-107.29744569343711,48.138122035175435]]]}"
00000000000000000c20,8224,0,0,0,"{""type"":""Polygon"",""coordinates"":[[[-107.29750876045773,48.13804038314718],[-107.29750226945049,48.13804497843204],[-107.29744569343711,48.138122035175435],[-107.29759674878916,48.138217302862266],[-107.29761517711049,48.13818119807632],[-107.29768053535264,48.13815305084799],[-107.29768043449285,48.1381486171813],[-107.29750876045773,48.13804038314718]]]}"
00000000000000000c50,8225,0,0,0,"{""type"":""Polygon"",""coordinates"":[[[-107.29780445804862,48.13808805063281],[-107.29759963275768,48.137984947941916],[-107.29758699958803,48.1379986118455],[-107.29754735766514,48.13800833810436],[-107.29750876045773,48.13804038314718],[-107.29768043449285,48.1381486171813],[-107.29769921071083,48.13812143517366],[-107.29774509664756,48.13810262444104],[-107.29779231837111,48.13811514215122],[-107.29782546945222,48.13811001107962],[-107.29780445804862,48.13808805063281]]]}"
00000000000000000c39,8226,0,0,0,"{""type"":""Polygon"",""coordinates"":[[[-107.29776379191962,48.13792363351277],[-107.29769204398274,48.13796080960408],[-107.29761611763647,48.13790426123152],[-107.2976057757677,48.13797142993458],[-107.29759963275768,48.137984947941916],[-107.29780445804862,48.13808805063281],[-107.29776379191962,48.13792363351277]]]}"
00000000000000000c51,8227,0,0,0,"{""type"":""Polygon"",""coordinates"":[[[-107.29789594579935,48.137894202326464],[-107.29783717988633,48.137922187902085],[-107.29776379191962,48.13792363351277],[-107.29780445804862,48.13808805063281],[-107.29782546945222,48.13811001107962],[-107.29785178149591,48.13810055256993],[-107.29787794725634,48.13809103863807],[-107.2978977682934,48.13808617543261],[-107.29789092924857,48.138081848009996],[-107.29786371855934,48.13806904313285],[-107.29787680142903,48.1380642861691],[-107.29789686961531,48.13806391204171],[-107.29793012156502,48.13806321459761],[-107.29789594579935,48.137894202326464]]]}"
00000000000000000c4e,8228,0,0,0,"{""type"":""Polygon"",""coordinates"":[[[-107.29800178778498,48.137874229486464],[-107.29793489073832,48.13787107992504],[-107.29789594579935,48.137894202326464],[-107.29793012156502,48.13806321459761],[-107.29796351980333,48.13806257255834],[-107.29808174899226,48.138019997125355],[-107.29800178778498,48.137874229486464]]]}"
00000000000000000c4f,8229,0,0,0,"{""type"":""GeometryCollection"",""geometries"":[{""type"":""LineString"",""coordinates"":[[-107.29808149713996,48.138015533709506],[-107.29808169639395,48.138019996072664]]},{""type"":""Polygon"",""coordinates"":[[[-107.29800178778498,48.137874229486464],[-107.29808150180523,48.138015508055176],[-107.29812812841142,48.13801461378002],[-107.2981547885114,48.13801407792784],[-107.29817552748618,48.13787965353076],[-107.29800178778498,48.137874229486464]]]}]}"
00000000000000000c4c,8230,0,0,0,"{""type"":""Polygon"",""coordinates"":[[[-107.29826988276449,48.13790009669978],[-107.2982088239566,48.1378790271501],[-107.29817552748618,48.13787965353076],[-107.2981547885114,48.13801407792784],[-107.29818155030897,48.138013526328216],[-107.29818838939809,48.138017853723376],[-107.29837711843334,48.13791136485762],[-107.29826988276449,48.13790009669978]]]}"
00000000000000000bf1,8231,0,0,0,"{""type"":""GeometryCollection"",""geometries"":[{""type"":""LineString"",""coordinates"":[[-107.29849284550076,48.137962640472814],[-107.2985124472802,48.13795331556928]]},{""type"":""Polygon"",""coordinates"":[[[-107.29845130492107,48.13792774843359],[-107.29842394769744,48.13791488834363],[-107.29837711843334,48.13791136485762],[-107.29818838939809,48.138017853723376],[-107.29821564484986,48.13803072964763],[-107.29819940827814,48.13811590570457],[-107.29849278959819,48.137962619608075],[-107.29845130492107,48.13792774843359]]]}]}"
00000000000000000c53,8232,0,0,0,"{""type"":""Polygon"",""coordinates"":[[[-107.29865080613773,48.1379148217235],[-107.29861126580386,48.137924532668734],[-107.29857207368369,48.137943166305284],[-107.29851910156022,48.13795316094393],[-107.29851240796857,48.13795333838123],[-107.29819940827814,48.13811590570457],[-107.29818886468578,48.138178656790856],[-107.29822639836759,48.13827166836011],[-107.29867122265057,48.13792337013453],[-107.298683957237,48.13790969037432],[-107.29865080613773,48.1379148217235]]]}"
00000000000000000c64,8233,0,0,0,"{""type"":""Polygon"",""coordinates"":[[[-107.29861704296229,48.13805391644226],[-107.29864315232871,48.13804003981261],[-107.29867122265057,48.13792337013453],[-107.29822639836759,48.13827166836011],[-107.29824191976515,48.138320471878814],[-107.29832587828649,48.13840817133219],[-107.29862447762399,48.13807165560521],[-107.29859122542173,48.13807235329649],[-107.29857565898678,48.13802347891987],[-107.29861704296229,48.13805391644226]],[[-107.29857565898678,48.13802347891987],[-107.29858194727495,48.13801446565438],[-107.2985683699162,48.13801024457534],[-107.29857565898678,48.13802347891987]]]}"
00000000000000000c52,8234,0,0,0,"{""type"":""Polygon"",""coordinates"":[[[-107.29864454597438,48.13807128131721],[-107.29862447762399,48.13807165560521],[-107.29832587828649,48.13840817133219],[-107.2983468456935,48.13843006062681],[-107.29844259606487,48.138481745555595],[-107.29846845853002,48.13846337974596],[-107.29848674078809,48.13842276979396],[-107.29849927295838,48.13840467197795],[-107.29851784624806,48.138373071743004],[-107.29856952637752,48.13833626900754],[-107.29860187971069,48.13831330783533],[-107.29865321148449,48.13826758233793],[-107.29869285389132,48.138257855561946],[-107.29869934487768,48.13825326017848],[-107.29864454597438,48.13807128131721]]]}"
00000000000000000c1f,8235,0,0,0,"{""type"":""MultiPolygon"",""coordinates"":[[[[-107.29877760020888,48.138064112165914],[-107.29876427005173,48.138064380182435],[-107.29873820526615,48.13807832800755],[-107.29864454597438,48.13807128131721],[-107.29869934487768,48.13825326017848],[-107.29871222515536,48.13824408515202],[-107.29882480693435,48.13822400493428],[-107.29877760020888,48.138064112165914]]],[[[-107.29869714175402,48.137904917573834],[-107.298683957237,48.13790969037432],[-107.29867122265057,48.13792337013453],[-107.29864315232871,48.13804003981261],[-107.29866936266268,48.138030596832095],[-107.29868269279423,48.13803032882958],[-107.29870935306272,48.138029792818855],[-107.29867501084583,48.13800810061958],[-107.2987211439097,48.1379937785286],[-107.2987206939663,48.137984871556135],[-107.29874700595369,48.13797541282485],[-107.29869714175402,48.137904917573834]]]]}"
00000000000000000b17,8236,0,0,0,"{""type"":""Polygon"",""coordinates"":[[[-107.29883686082722,48.13804510407079],[-107.29883012260757,48.138045210375765],[-107.29881724241592,48.1380543853812],[-107.29880450780452,48.138068065197345],[-107.29877760020888,48.138064112165914],[-107.29882480693435,48.13822400493428],[-107.29885132179282,48.138218964053706],[-107.29892990928583,48.13818611425738],[-107.29895671533893,48.138190082992224],[-107.29898302748624,48.13818062415527],[-107.2989960093992,48.13817143336402],[-107.29883686082722,48.13804510407079]]]}"
00000000000000000c1e,8237,0,0,0,"{""type"":""MultiPolygon"",""coordinates"":[[[[-107.29896901588388,48.13801567130858],[-107.29890940699597,48.138025756756],[-107.29886352115001,48.13804456801569],[-107.29883686082722,48.13804510407079],[-107.2989960093992,48.13817143336402],[-107.29900909232697,48.13816667623513],[-107.29903555007172,48.13816172220608],[-107.29906141217661,48.13814335635741],[-107.29910694980612,48.138115622233194],[-107.29896901588388,48.13801567130858]]],[[[-107.29885145489484,48.13792419756706],[-107.29883777649522,48.137915542892166],[-107.29879838171222,48.13792975871434],[-107.29877831340538,48.1379301330324],[-107.29875834679324,48.13793049160572],[-107.29874421847728,48.137912929955654],[-107.29873727760854,48.13790861835142],[-107.29873123663542,48.137922120665884],[-107.29872394751295,48.13790888635999],[-107.29869714175402,48.137904917573834],[-107.29874700595369,48.13797541282485],[-107.29877321624447,48.13796596982866],[-107.29875953786066,48.137957315135345],[-107.29877876336354,48.137939039994954],[-107.29880681738318,48.13796974539776],[-107.29885888966825,48.13794193666527],[-107.29885145489484,48.13792419756706]]]]}"
00000000000000000c1a,8238,0,0,0,"{""type"":""MultiPolygon"",""coordinates"":[[[[-107.29884416571949,48.13791096327112],[-107.29883777649522,48.137915542892166],[-107.29885145489484,48.13792419756706],[-107.29884416571949,48.13791096327112]]],[[[-107.29905224981927,48.13793807777709],[-107.29903947071553,48.137951686436175],[-107.2989754622213,48.13801100477342],[-107.29896901588388,48.13801567130858],[-107.29910694980612,48.138115622233194],[-107.29912632092696,48.13810185178049],[-107.29915213837859,48.13808341477421],[-107.29919178067468,48.138073687828914],[-107.29920455979095,48.13806007911767],[-107.29905224981927,48.13793807777709]]]]}"
00000000000000000c0b,8239,0,0,0,"{""type"":""Polygon"",""coordinates"":[[[-107.29914277276283,48.13787371855314],[-107.29913638356089,48.13787829819027],[-107.29907087958125,48.13790639083496],[-107.29905224981927,48.13793807777709],[-107.29920455979095,48.13806007911767],[-107.29923017445662,48.138037224196246],[-107.29930216958216,48.138004535966374],[-107.29930851420852,48.13799988515137],[-107.29914277276283,48.13787371855314]]]}"
00000000000000000c08,8240,0,0,0,"{""type"":""Polygon"",""coordinates"":[[[-107.29922690628781,48.137813938965536],[-107.2991884556562,48.13785048933204],[-107.29915550722404,48.137860038746425],[-107.29914277276283,48.13787371855314],[-107.29930851420852,48.13799988515137],[-107.29937287142671,48.13794503992775],[-107.29940542694969,48.13792649656912],[-107.29922690628781,48.137813938965536]]]}"
00000000000000000c15,8241,0,0,0,"{""type"":""Polygon"",""coordinates"":[[[-107.29932406529235,48.137749489142855],[-107.29931757443221,48.137754084521404],[-107.29927942835546,48.137795037027665],[-107.29922670354811,48.13780952107475],[-107.29940542694969,48.13792649656912],[-107.29941830703335,48.137917321509754],[-107.29943128880329,48.13790813070922],[-107.29944416887747,48.13789895564982],[-107.2994890086037,48.137857825491096],[-107.29932406529235,48.137749489142855]]]}"
00000000000000000c07,8242,0,0,0,"{""type"":""Polygon"",""coordinates"":[[[-107.2994077482796,48.13768080263467],[-107.29934273935842,48.13771787342382],[-107.29932406529235,48.137749489142855],[-107.2994890086037,48.137857825491096],[-107.29949549947453,48.137853230091615],[-107.2995870678759,48.13781118921307],[-107.29960019527377,48.13780650319426],[-107.2994077482796,48.13768080263467]]]}"
00000000000000000c17,8243,0,0,0,"{""type"":""Polygon"",""coordinates"":[[[-107.2995308700876,48.13759797129103],[-107.29946571507239,48.13763498668671],[-107.29943385730542,48.13766692589685],[-107.2994077482796,48.13768080263467],[-107.29960019527377,48.13780650319426],[-107.29968572288122,48.13777796458615],[-107.29969211203621,48.13777338492236],[-107.2995308700876,48.13759797129103]]]}"
00000000000000000c0c,8244,0,0,0,"{""type"":""Polygon"",""coordinates"":[[[-107.29962788260205,48.13752901668424],[-107.29957550658061,48.137552423471035],[-107.29954375003625,48.13758879627551],[-107.2995308700876,48.13759797129103],[-107.29969211203621,48.13777338492236],[-107.29978972083457,48.13771784160277],[-107.29962788260205,48.13752901668424]]]}"
00000000000000000c16,8245,0,0,0,"{""type"":""Polygon"",""coordinates"":[[[-107.29972628944834,48.137491303196896],[-107.29972004604936,48.13750038759482],[-107.29969313848567,48.13749643486199],[-107.29966742268847,48.13751930539928],[-107.29964061682278,48.13751533690883],[-107.2996276352213,48.137524527664816],[-107.29978972083457,48.13771784160277],[-107.29979621166383,48.13771324619622],[-107.29985567467513,48.137698655487206],[-107.29991409147557,48.137661746162124],[-107.29972628944834,48.137491303196896]]]}"
00000000000000000c1b,8246,0,0,0,"{""type"":""MultiPolygon"",""coordinates"":[[[[-107.29964007786492,48.137354622937565],[-107.29963358709483,48.13735921830074],[-107.2996539591754,48.13736769525392],[-107.29965385807063,48.13736326166168],[-107.29964007786492,48.137354622937565]]],[[[-107.29975654946749,48.137423705048334],[-107.29973257743526,48.13748228995478],[-107.29972628944834,48.137491303196896],[-107.29991409147557,48.137661746162124],[-107.29993286624723,48.1376345640055],[-107.29996556713834,48.1376205253424],[-107.30000496164928,48.13760630913139],[-107.30003766251359,48.13759227045193],[-107.29975654946749,48.137423705048334]]]]}"
00000000000000000b1e,8247,0,0,0,"{""type"":""GeometryCollection"",""geometries"":[{""type"":""LineString"",""coordinates"":[[-107.29975660377806,48.13742371729884],[-107.29977033599334,48.137432375084906],[-107.29977053538963,48.13743683744322]]},{""type"":""Polygon"",""coordinates"":[[[-107.29964677142748,48.13735444542435],[-107.29964007786492,48.137354622937565],[-107.29965385807063,48.13736326166168],[-107.29964677142748,48.13735444542435]]]},{""type"":""Polygon"",""coordinates"":[[[-107.29980208599602,48.13739597100133],[-107.29979584262865,48.13740505538693],[-107.2997828610843,48.13741424614322],[-107.29977032974215,48.13743234376531],[-107.30003766251359,48.13759227045193],[-107.30008334494103,48.13756904094077],[-107.30003696535394,48.13757442518998],[-107.30002987855453,48.137565608949544],[-107.3000623765385,48.13754715240901],[-107.30008135401155,48.1375243881482],[-107.30012703634627,48.137501158648554],[-107.29980208599602,48.13739597100133]]]}]}"
00000000000000000bf5,8248,0,0,0,"{""type"":""Polygon"",""coordinates"":[[[-107.2998049886701,48.13731106409051],[-107.29977787839688,48.13730269354787],[-107.29976454837144,48.137302961696165],[-107.29973813572158,48.137307986986954],[-107.29975850782292,48.137316463909144],[-107.29977847431829,48.13731610513483],[-107.2997984979166,48.13731565946061],[-107.29984731796996,48.13736383483985],[-107.29980837395138,48.13738695777137],[-107.29980208599602,48.13739597100133],[-107.30012703634627,48.137501158648554],[-107.30013352711774,48.13749656323957],[-107.30014267238653,48.13740257176714],[-107.2998049886701,48.13731106409051]],[[-107.29998131632556,48.137374549002196],[-107.29996104523396,48.13737050571251],[-107.29996833481155,48.13738373977749],[-107.29998131632556,48.137374549002196]]]}"
00000000000000000bfc,8249,0,0,0,"{""type"":""MultiPolygon"",""coordinates"":[[[[-107.29980453845315,48.13730215724561],[-107.29977787839688,48.13730269354787],[-107.2998049886701,48.13731106409051],[-107.29980453845315,48.13730215724561]]],[[[-107.2998049886701,48.13731106409051],[-107.2998453273148,48.13731918220954],[-107.30014267238653,48.13740257176714],[-107.30014916313876,48.1373979763662],[-107.30016773477831,48.13736637645817],[-107.30017248191659,48.137321617445835],[-107.30017108692697,48.13729037644253],[-107.29989125682582,48.13730044191727],[-107.29988451866494,48.137300548293304],[-107.29981127660852,48.137302050875334],[-107.2998049886701,48.13731106409051]],[[-107.29985845453798,48.13731449620363],[-107.29983828520928,48.13731043714935],[-107.2998453273148,48.13731918220954],[-107.29985845453798,48.13731449620363]]]]}"
00000000000000000c03,8250,0,0,0,"{""type"":""MultiPolygon"",""coordinates"":[[[[-107.29983654196944,48.1372702735601],[-107.29983689050506,48.1372791961406],[-107.29984962458369,48.13726551640599],[-107.29983654196944,48.1372702735601]]],[[[-107.29978412174762,48.13729360918155],[-107.29976434556318,48.137298543851145],[-107.29976454837144,48.137302961696165],[-107.29977787839688,48.13730269354787],[-107.29980453845315,48.13730215724561],[-107.29979749636323,48.13729341218488],[-107.29978412174762,48.13729360918155]]],[[[-107.29979749636323,48.13729341218488],[-107.29981766566924,48.13729747124698],[-107.29981127660852,48.137302050875334],[-107.29988451866494,48.137300548293304],[-107.29987747655018,48.137291803239336],[-107.29989774757175,48.13729584654242],[-107.29989125682582,48.13730044191727],[-107.30017108692697,48.13729037644253],[-107.30017004055406,48.137268058033115],[-107.30016899418105,48.137245739633144],[-107.30018152531281,48.137227642028485],[-107.30016620420005,48.137183257735096],[-107.29999465726848,48.13722690773063],[-107.30000159826142,48.1372312191849],[-107.29998826822995,48.137231487364055],[-107.29997493820026,48.13723175554132],[-107.29986944534852,48.137260652876364],[-107.29987733082686,48.13728729850021],[-107.29985730722717,48.137287744190665],[-107.29981692401708,48.13727955492665],[-107.29979749636323,48.13729341218488]]]]}"
00000000000000000bfb,8251,0,0,0,"{""type"":""MultiPolygon"",""coordinates"":[[[[-107.30015916201629,48.13717451272305],[-107.30011777697021,48.1371440764016],[-107.30008368159552,48.13712687406914],[-107.30004229669515,48.13709643773899],[-107.29993275452107,48.13718348971311],[-107.29994747932977,48.137214462490256],[-107.29999465726848,48.13722690773063],[-107.30016620420005,48.137183257735096],[-107.30015916201629,48.13717451272305]]],[[[-107.29992137068075,48.13722833923899],[-107.2998681963379,48.13723391663256],[-107.29984258248568,48.13725677135486],[-107.29983654196944,48.1372702735601],[-107.29984962458369,48.13726551640599],[-107.29986899511515,48.13725174604072],[-107.29986944534852,48.137260652876364],[-107.29997493820026,48.13723175554132],[-107.29992137068075,48.13722833923899]]]]}"
00000000000000000bff,8252,0,0,0,"{""type"":""MultiPolygon"",""coordinates"":[[[[-107.29984153631261,48.13723445295103],[-107.29984258248568,48.13725677135486],[-107.2998681963379,48.13723391663256],[-107.29984153631261,48.13723445295103]]],[[[-107.29977058891548,48.13728945948637],[-107.29976434556318,48.137298543851145],[-107.29978412174762,48.13729360918155],[-107.29977058891548,48.13728945948637]]],[[[-107.30002163255688,48.137083400779474],[-107.29996042711929,48.137057827975234],[-107.29993866025755,48.13701811028669],[-107.29990610564816,48.137036653483015],[-107.2998446416664,48.137153964135194],[-107.29986505832626,48.137162512164856],[-107.29987873686298,48.137171166565984],[-107.29993250710068,48.13717900072496],[-107.30004229669515,48.13709643773899],[-107.30002163255688,48.137083400779474]]]]}"
00000000000000000c04,8253,0,0,0,"{""type"":""MultiPolygon"",""coordinates"":[[[[-107.29988648782715,48.137045934819255],[-107.29985947938694,48.13703754859687],[-107.29975204117653,48.137021864454404],[-107.29973210704418,48.13717411623043],[-107.29974508850381,48.137164925525106],[-107.29979861122025,48.137168270773024],[-107.29982422502037,48.137145416102214],[-107.2998446416664,48.137153964135194],[-107.29990610564816,48.137036653483015],[-107.29988648782715,48.137045934819255]]],[[[-107.29973813572158,48.137307986986954],[-107.29976454837144,48.137302961696165],[-107.29976434556318,48.137298543851145],[-107.29977058891548,48.13728945948637],[-107.29975062243614,48.137289818258466],[-107.29974947520321,48.13726306625478],[-107.29972256779665,48.13725911354404],[-107.29971782015647,48.13730387249369],[-107.29973119476621,48.137303675506374],[-107.29973813572158,48.137307986986954]],[[-107.29974437908028,48.137298902622085],[-107.29973753981481,48.13729457540145],[-107.29973119476621,48.137303675506374],[-107.29974437908028,48.137298902622085]]]]}"
00000000000000000c0a,8254,0,0,0,"{""type"":""MultiPolygon"",""coordinates"":[[[[-107.2996622057591,48.13725144102686],[-107.29967783010981,48.137304676907235],[-107.29971782015647,48.13730387249369],[-107.29972256779665,48.13725911354404],[-107.2996622057591,48.13725144102686]]],[[[-107.29975204117653,48.137021864454404],[-107.29971839584321,48.13701801812036],[-107.29972209730143,48.136950941129115],[-107.29969973490181,48.13689781197318],[-107.29966658448274,48.13690294355742],[-107.29966738317074,48.1369207728574],[-107.29966797905959,48.13693418434855],[-107.29967701152266,48.13698758168087],[-107.29965823699288,48.137014763447134],[-107.2995918348647,48.13702059304007],[-107.29963934855517,48.137189333572714],[-107.29963854988831,48.13717150418098],[-107.29973230984938,48.13717853406516],[-107.29973210704418,48.13717411623043],[-107.29973175853249,48.137165193666746],[-107.29975204117653,48.137021864454404]],[[-107.29971144304592,48.13716107918132],[-107.29971852967739,48.13716989538178],[-107.29973175853249,48.137165193666746],[-107.29971144304592,48.13716107918132]]]]}"
00000000000000000c10,8255,0,0,0,"{""type"":""Polygon"",""coordinates"":[[[-107.29966534336411,48.13732284563217],[-107.29966450009783,48.137304945041286],[-107.29967783010981,48.137304676907235],[-107.2996622057591,48.13725144102686],[-107.29963529839632,48.1372474882914],[-107.29961997802324,48.1372031038753],[-107.2996395959393,48.13719382256342],[-107.29963934855517,48.137189333572714],[-107.2995918348647,48.13702059304007],[-107.29956527616837,48.13702556283739],[-107.29945968299816,48.13705002602276],[-107.29956599267493,48.13733822472809],[-107.29957932268488,48.1373379566076],[-107.29959404718902,48.13736892953763],[-107.29961317043764,48.1373506701898],[-107.29963358709483,48.13735921830074],[-107.29964007786492,48.137354622937565],[-107.29964677142748,48.13735444542435],[-107.29964632124972,48.13734553857038],[-107.2996520133474,48.1373231137647],[-107.29966534336411,48.13732284563217]],[[-107.2996520133474,48.1373231137647],[-107.29964492671147,48.13731429753377],[-107.29963843594919,48.137318892893546],[-107.2996520133474,48.1373231137647]],[[-107.29961118006788,48.13730601755855],[-107.29962440897089,48.13730131584496],[-107.29961746803868,48.137297004356114],[-107.29961118006788,48.13730601755855]],[[-107.29962590459388,48.13733699046433],[-107.2996124734776,48.13733282500161],[-107.29961966120716,48.13734607482877],[-107.29962590459388,48.13733699046433]],[[-107.29961118006788,48.13730601755855],[-107.29959809744322,48.13731077468406],[-107.29960513947341,48.137319519763835],[-107.29961118006788,48.13730601755855]]]}"
00000000000000000c05,8256,0,0,0,"{""type"":""Polygon"",""coordinates"":[[[-107.29945968299816,48.13705002602276],[-107.29944645419134,48.137054727688756],[-107.2993931346445,48.13705580006748],[-107.29932024186631,48.13706622479481],[-107.29946733890147,48.137371448923034],[-107.29950048969849,48.13736631735236],[-107.2995322460575,48.13732994472067],[-107.29956599267493,48.13733822472809],[-107.29945968299816,48.13705002602276]],[[-107.29947847592963,48.13732211031211],[-107.2994648985778,48.1373178894153],[-107.29947198515737,48.13732670566156],[-107.29947847592963,48.13732211031211]]]}"
00000000000000000c06,8257,0,0,0,"{""type"":""MultiPolygon"",""coordinates"":[[[[-107.2994408816596,48.13737640298402],[-107.29946733890147,48.137371448923034],[-107.29945261452293,48.13734047596889],[-107.2994408816596,48.13737640298402]]],[[[-107.29945261452293,48.13734047596889],[-107.29932024186631,48.13706622479481],[-107.29931360547789,48.13706631538742],[-107.29930027560316,48.13706658346617],[-107.29924730451714,48.13707657831408],[-107.29923377190255,48.13707242855478],[-107.29920015741676,48.137216025910774],[-107.29933415408874,48.137226740989625],[-107.29932881025243,48.13725808832111],[-107.29937608940106,48.13727051814734],[-107.29938981237615,48.13727924379425],[-107.29941727086097,48.137296537036],[-107.29940439100794,48.13730571198116],[-107.29937807948579,48.13731517076058],[-107.29937158870972,48.13731976610273],[-107.29941182599768,48.137323450822585],[-107.29945261452293,48.13734047596889]]]]}"
00000000000000000c18,8258,0,0,0,"{""type"":""Polygon"",""coordinates"":[[[-107.29922019470388,48.13706820763948],[-107.29918649312171,48.137059998695875],[-107.29915923771506,48.13704712328377],[-107.29912653734061,48.13706116150598],[-107.29909338690685,48.137066292908465],[-107.2990791425616,48.13719612001721],[-107.29918623179815,48.13720288240483],[-107.29920015741676,48.137216025910774],[-107.29923377190255,48.13707242855478],[-107.29922019470388,48.13706820763948]]]}"
00000000000000000c19,8259,0,0,0,"{""type"":""MultiPolygon"",""coordinates"":[[[[-107.29904445186773,48.13671886872234],[-107.29900539214496,48.13688937859832],[-107.29908852223419,48.13680735321934],[-107.29914345213732,48.13669456790986],[-107.29914914436624,48.13667214340806],[-107.29904445186773,48.13671886872234]]],[[[-107.29908025979032,48.137070978784884],[-107.29902753607819,48.13708546249546],[-107.29896657930256,48.13706437800502],[-107.29893840905115,48.13718106156104],[-107.29897874697797,48.13718918004259],[-107.2990791425616,48.13719612001721],[-107.29909338690685,48.137066292908465],[-107.29908025979032,48.137070978784884]]]]}"
00000000000000000c1c,8260,0,0,0,"{""type"":""MultiPolygon"",""coordinates"":[[[[-107.29893945548598,48.13675674261954],[-107.29886269916926,48.13698156036986],[-107.29898641460545,48.136912142373305],[-107.29900539214496,48.13688937859832],[-107.29904445186773,48.13671886872234],[-107.29893945548598,48.13675674261954]]],[[[-107.29895984125149,48.137064484312845],[-107.29893907673747,48.13704701354326],[-107.29885805229775,48.137026303324014],[-107.29885101055044,48.13701755823095],[-107.29879777687893,48.137170436473326],[-107.29891129932723,48.13717269078027],[-107.29893840905115,48.13718106156104],[-107.29896657930256,48.13706437800502],[-107.29895984125149,48.137064484312845]]]]}"
00000000000000000c13,8261,0,0,0,"{""type"":""Polygon"",""coordinates"":[[[-107.29877739252336,48.13686269409026],[-107.2986632304384,48.13714638021773],[-107.2986765602515,48.13714611222864],[-107.29873751679438,48.137167196942016],[-107.29879777687893,48.137170436473326],[-107.29885101055044,48.13701755823095],[-107.29883708517664,48.13700441471768],[-107.29883024613673,48.13700008745085],[-107.29883663519252,48.13699550791423],[-107.29886269916926,48.13698156036986],[-107.29893945548598,48.13675674261954],[-107.29882038744428,48.13678141755534],[-107.29880730502548,48.136786174520374],[-107.29880161258765,48.13680859905578],[-107.29880984543614,48.13684416707856],[-107.29882966587644,48.136839303810916],[-107.29884324289065,48.136843524767805],[-107.29885632533103,48.136838767792135],[-107.29887025065861,48.13685191126242],[-107.29889676452706,48.13684687052582],[-107.29887833798026,48.136882974597555],[-107.2988177300043,48.13687081260171],[-107.29878992398923,48.1368445967906],[-107.29878318599086,48.13684470308424],[-107.29877694255208,48.13685378731019],[-107.29878398424908,48.13686253238276],[-107.29877739252336,48.13686269409026]],[[-107.29878398424908,48.13686253238276],[-107.29879131781885,48.13687583757879],[-107.29880419757514,48.13686666279334],[-107.29878398424908,48.13686253238276]],[[-107.29883024613673,48.13700008745085],[-107.29878376604756,48.13700548674612],[-107.29881102118085,48.13701836226164],[-107.29883024613673,48.13700008745085]]]}"
00000000000000000c14,8262,0,0,0,"{""type"":""MultiPolygon"",""coordinates"":[[[[-107.29879417801737,48.13679086032996],[-107.29880161258765,48.13680859905578],[-107.29880730502548,48.136786174520374],[-107.29879417801737,48.13679086032996]]],[[[-107.29874284856076,48.136836584561],[-107.29874319683636,48.136845507078554],[-107.29872986712179,48.13684577507287],[-107.29873750435121,48.13686793163664],[-107.29873879713573,48.136894738884195],[-107.29868662468967,48.136922562699425],[-107.29867204680781,48.13689609457712],[-107.29864638822926,48.1369188776825],[-107.29862646677675,48.13691930736135],[-107.29852874147329,48.13712223688033],[-107.29858924787203,48.137134414853975],[-107.2986632304384,48.13714638021773],[-107.29877739252336,48.13686269409026],[-107.2987706545226,48.13686280038312],[-107.29877694255208,48.13685378731019],[-107.29878318599086,48.13684470308424],[-107.29874284856076,48.136836584561]]]]}"
00000000000000000c4d,8263,0,0,0,"{""type"":""Polygon"",""coordinates"":[[[-107.29858008784574,48.13692914010468],[-107.29851993000318,48.13692588469761],[-107.29848622896505,48.13691767551641],[-107.29840088921146,48.13709800282841],[-107.29848146323896,48.137109806648354],[-107.29852204803093,48.1371224143117],[-107.29852874147329,48.13712223688033],[-107.29862646677675,48.13691930736135],[-107.29858008784574,48.13692914010468]]]}"
00000000000000000c4b,8264,0,0,0,"{""type"":""Polygon"",""coordinates"":[[[-107.29842557674046,48.136905442101764],[-107.29836521641184,48.13689776877677],[-107.29835163950524,48.13689354774515],[-107.29827942639552,48.137069189101446],[-107.29838731222463,48.13709378178782],[-107.29840088921146,48.13709800282841],[-107.29848622896505,48.13691767551641],[-107.29842557674046,48.136905442101764]]]}"
00000000000000000c46,8265,0,0,0,"{""type"":""Polygon"",""coordinates"":[[[-107.298311302312,48.13688542902693],[-107.29829852344419,48.13689903730915],[-107.2982724594812,48.13691298467803],[-107.298257983652,48.13688650074883],[-107.29824465399145,48.13688676867457],[-107.29813740260454,48.13702732210814],[-107.29815122670286,48.13703603216677],[-107.2982320029185,48.13705225402544],[-107.29827942639552,48.137069189101446],[-107.29835163950524,48.13689354774515],[-107.298311302312,48.13688542902693]]]}"
00000000000000000c49,8266,0,0,0,"{""type"":""Polygon"",""coordinates"":[[[-107.2982242382186,48.13687822032236],[-107.29821031321094,48.13686507674362],[-107.29817696054873,48.136865789983645],[-107.2980009713549,48.13695859678444],[-107.29804943957392,48.136997850294385],[-107.29813740260454,48.13702732210814],[-107.29824465399145,48.13688676867457],[-107.2982242382186,48.13687822032236]]]}"
00000000000000000c54,8267,0,0,0,"{""type"":""Polygon"",""coordinates"":[[[-107.29765742920347,48.13673771664941],[-107.29771942871882,48.13678112015312],[-107.29776695304449,48.13679803967756],[-107.29779396021291,48.13680642648311],[-107.29781457832647,48.13681939273564],[-107.29788995244593,48.136862599476316],[-107.29794521463815,48.13690610915054],[-107.29797246915642,48.13691898489556],[-107.2979730644228,48.13693239641256],[-107.2980009713549,48.13695859678444],[-107.29817696054873,48.136865789983645],[-107.29765742920347,48.13673771664941]]]}"
00000000000000000c4a,8268,0,0,0,"{""type"":""Polygon"",""coordinates"":[[[-107.2974990908311,48.136629217504364],[-107.29750682887716,48.136651358358364],[-107.2975342283735,48.13666873887387],[-107.29754800752801,48.136677377814536],[-107.2975757113078,48.13669916039249],[-107.29765059043682,48.13673338931348],[-107.29765742920347,48.13673771664941],[-107.29817696054873,48.136865789983645],[-107.29821031321094,48.13686507674362],[-107.29818924501683,48.136843203786626],[-107.29821461264085,48.13681141142154],[-107.29777657280857,48.1365655848519],[-107.29749735011936,48.136589054328354],[-107.29751811338797,48.13660652528953],[-107.29752540177547,48.1366197593782],[-107.2974990908311,48.136629217504364]],[[-107.29752540177547,48.1366197593782],[-107.29752574975755,48.136628681870846],[-107.29753897836618,48.13662398051279],[-107.29752540177547,48.1366197593782]]]}"
00000000000000000c48,8269,0,0,0,"{""type"":""Polygon"",""coordinates"":[[[-107.29808829331539,48.136523659064565],[-107.29806163430487,48.13652419485546],[-107.29806198241917,48.13653311732662],[-107.29803497530153,48.13652473063877],[-107.29800831630538,48.13652526641449],[-107.29777657280857,48.1365655848519],[-107.29821461264085,48.13681141142154],[-107.29823987853888,48.13677963480941],[-107.29826653778339,48.13677909896046],[-107.29828615550599,48.13676981800502],[-107.29808829331539,48.136523659064565]],[[-107.29795729023591,48.1365798413231],[-107.29793712193337,48.136575781899786],[-107.29794420790647,48.13658459814995],[-107.29795729023591,48.1365798413231]]]}"
00000000000000000bf0,8270,0,0,0,"{""type"":""Polygon"",""coordinates"":[[[-107.29821415427347,48.13650324131319],[-107.29820062213246,48.13649909144135],[-107.29808829331539,48.136523659064565],[-107.29828615550599,48.13676981800502],[-107.29830572863622,48.136760465893],[-107.29835859727194,48.13675048738392],[-107.29840413325576,48.136722754369025],[-107.29821415427347,48.13650324131319]]]}"
00000000000000000c12,8271,0,0,0,"{""type"":""GeometryCollection"",""geometries"":[{""type"":""LineString"",""coordinates"":[[-107.29867744349498,48.13671730152517],[-107.2986843094172,48.13672163048641],[-107.29869097604278,48.13672149708497]]},{""type"":""Polygon"",""coordinates"":[[[-107.29871825126605,48.13673431409695],[-107.29871909408322,48.13675221451345],[-107.29874610172152,48.136760601031746],[-107.29878668635432,48.136773208503534],[-107.29879417801737,48.13679086032996],[-107.29880730502548,48.136786174520374],[-107.29882038744428,48.13678141755534],[-107.29871825126605,48.13673431409695]]]},{""type"":""Polygon"",""coordinates"":[[[-107.29824789936913,48.13651152169278],[-107.29821415427347,48.13650324131319],[-107.29840413325576,48.136722754369025],[-107.29841076951755,48.13672266384313],[-107.29845041019213,48.136712937496796],[-107.29847661954868,48.13670349483185],[-107.29851621562719,48.13669369730792],[-107.29852794897941,48.13665777085953],[-107.29855624910873,48.136692964571274],[-107.29856957874382,48.13669269660388],[-107.29859623801937,48.136692160663394],[-107.29861605835723,48.13668729745653],[-107.29824789936913,48.13651152169278]]]}]}"
00000000000000000c0e,8272,0,0,0,"{""type"":""Polygon"",""coordinates"":[[[-107.29824789936913,48.13651152169278],[-107.29861605835723,48.13668729745653],[-107.29863587869424,48.13668243424606],[-107.29865684548773,48.13670432277076],[-107.2986770140993,48.136708382044844],[-107.29867746404798,48.13671728880135],[-107.29869093929152,48.13672152551203],[-107.2987245392796,48.13672530104985],[-107.29871825126605,48.13673431409695],[-107.29882038744428,48.13678141755534],[-107.29893945548598,48.13675674261954],[-107.29904445186773,48.13671886872234],[-107.29914914436624,48.13667214340806],[-107.29915145257694,48.13657382624267],[-107.29824789936913,48.13651152169278]]]}"
00000000000000000c0f,8273,0,0,0,"{""type"":""Polygon"",""coordinates"":[[[-107.29829683456278,48.13641231050968],[-107.29820062213246,48.13649909144135],[-107.29821415427347,48.13650324131319],[-107.29824789936913,48.13651152169278],[-107.29915145257694,48.13657382624267],[-107.29915110419765,48.13656490377529],[-107.29916987873085,48.13653772234053],[-107.2991694286595,48.13652881561984],[-107.29829683456278,48.13641231050968]]]}"
00000000000000000bed,8274,0,0,0,"{""type"":""Polygon"",""coordinates"":[[[-107.29838596055474,48.13631671346281],[-107.29829644180315,48.136403316907476],[-107.29829683456278,48.13641231050968],[-107.2991694286595,48.13652881561984],[-107.29918206154727,48.13651070265014],[-107.2991884504946,48.13650612313544],[-107.29838596055474,48.13631671346281]]]}"
00000000000000000bfe,8275,0,0,0,"{""type"":""Polygon"",""coordinates"":[[[-107.29917359476529,48.13632327532751],[-107.29918797015823,48.1363453253112],[-107.29916814995532,48.13635018860119],[-107.29912781279296,48.1363420703093],[-107.29913380874513,48.13632849723287],[-107.29911364018248,48.13632443808287],[-107.29912013078538,48.13631984284948],[-107.29909326889512,48.13631596116287],[-107.29908677829158,48.136320556394125],[-107.29908653097068,48.13631606747488],[-107.29884530604315,48.13629408487666],[-107.29884555333437,48.13629857379541],[-107.29884614893447,48.13631198514043],[-107.29885448345478,48.13634753708416],[-107.29874714984362,48.13633628543953],[-107.29872474477266,48.136283085474766],[-107.29844322922284,48.13625305451871],[-107.29839849194502,48.136298616403955],[-107.29838596055474,48.13631671346281],[-107.2991884504946,48.13650612313544],[-107.29919494112768,48.136501527880355],[-107.29923154590914,48.13642483125686],[-107.29924732907529,48.13633075115988],[-107.29917359476529,48.13632327532751]],[[-107.29918531372975,48.13643471960132],[-107.29917198410004,48.13643498765282],[-107.29917233248639,48.13644391009792],[-107.29918531372975,48.13643471960132]],[[-107.29914612329246,48.136453352902215],[-107.29915920559598,48.13644859592397],[-107.29914552758515,48.13643994152575],[-107.29914612329246,48.136453352902215]],[[-107.29916025137793,48.13647091401191],[-107.29914692173878,48.13647118206033],[-107.29914727011848,48.13648010451182],[-107.29916025137793,48.13647091401191]],[[-107.29914612329246,48.136453352902215],[-107.29912605570934,48.13645372726415],[-107.29913983540419,48.13646236592717],[-107.29914612329246,48.136453352902215]],[[-107.29911112922088,48.1364183370075],[-107.29913094945584,48.13641347372217],[-107.29911727146799,48.136404819325115],[-107.29911112922088,48.1364183370075]],[[-107.29911157927934,48.136427243710095],[-107.29911862101092,48.13643598868634],[-107.29913150057007,48.13642681393862],[-107.29911157927934,48.136427243710095]],[[-107.29911157927934,48.136427243710095],[-107.29911112922088,48.1364183370075],[-107.2990980023411,48.13642302282264],[-107.29911157927934,48.136427243710095]]]}"
00000000000000000c02,8276,0,0,0,"{""type"":""MultiPolygon"",""coordinates"":[[[[-107.29870377813532,48.13626119713613],[-107.29866564903492,48.1361547779926],[-107.29846165572754,48.136216950963764],[-107.29844867449188,48.136226141324215],[-107.29844322922284,48.13625305451871],[-107.29872474477266,48.136283085474766],[-107.29870377813532,48.13626119713613]]],[[[-107.29915203202553,48.136287975742604],[-107.29917220058164,48.136292034881876],[-107.29916640739073,48.13631002571543],[-107.29917359476529,48.13632327532751],[-107.29924732907529,48.13633075115988],[-107.29925287551492,48.13630382215272],[-107.29921414884029,48.136183991877786],[-107.2991567937817,48.13609584767839],[-107.29917681658986,48.1360954021643],[-107.29922503831637,48.13613016551231],[-107.29926097646344,48.136187514881236],[-107.29927211322381,48.136138177410984],[-107.29922005710955,48.13601861557222],[-107.29919874179808,48.13598780508997],[-107.29888936112474,48.136083307979426],[-107.29888287055434,48.13608790317573],[-107.29885191328742,48.136142103766794],[-107.29880647985087,48.13616982092653],[-107.29876848082971,48.13621527661167],[-107.29881585921986,48.13623214001245],[-107.29883082990895,48.136267601353076],[-107.29884475503042,48.13628074468965],[-107.29884520502547,48.13628965137181],[-107.29884530604315,48.13629408487666],[-107.29908653097068,48.13631606747488],[-107.29907969200104,48.13631174028064],[-107.29909975949745,48.13631136593161],[-107.29909326889512,48.13631596116287],[-107.29912013078538,48.13631984284948],[-107.29912477717963,48.136275100495354],[-107.29915168364174,48.13627905332381],[-107.29915203202553,48.136287975742604]],[[-107.29916476588177,48.13627429636218],[-107.29915088518776,48.136261224231006],[-107.29915168364174,48.13627905332381],[-107.29916476588177,48.13627429636218]]]]}"
00000000000000000bec,8277,0,0,0,"{""type"":""MultiPolygon"",""coordinates"":[[[[-107.29863016201614,48.136106335059765],[-107.29858263769094,48.136089416185285],[-107.29854209852874,48.13607687992189],[-107.29850151482543,48.13606427248988],[-107.29849477698954,48.13606437875756],[-107.29846165572754,48.136216950963764],[-107.29866564903492,48.1361547779926],[-107.29866505349783,48.13614136668493],[-107.29863016201614,48.136106335059765]]],[[[-107.29911468359211,48.135900126122884],[-107.29904398576203,48.135959619557674],[-107.29901872095309,48.1359913958588],[-107.29895022970148,48.13595258906467],[-107.29891079248102,48.135966733195275],[-107.29888413363739,48.13596726920481],[-107.29887080421827,48.13596753720673],[-107.29887903703573,48.13600310465594],[-107.29892770823086,48.13604677474669],[-107.29888936112474,48.136083307979426],[-107.29919874179808,48.13598780508997],[-107.29911468359211,48.135900126122884]]]]}"
00000000000000000bee,8278,0,0,0,"{""type"":""Polygon"",""coordinates"":[[[-107.29845423792318,48.13605184246057],[-107.2983144089383,48.13605904579627],[-107.29826877284644,48.136082344907756],[-107.29844867449188,48.136226141324215],[-107.29846165572754,48.136216950963764],[-107.29849477698954,48.13606437875756],[-107.29845423792318,48.13605184246057]]]}"
00000000000000000c3d,8279,0,0,0,"{""type"":""Polygon"",""coordinates"":[[[-107.29826877284644,48.136082344907756],[-107.29822284491793,48.1361010839494],[-107.29818425014942,48.1361331280408],[-107.29813801860321,48.1361430158097],[-107.29839849194502,48.136298616403955],[-107.29844322922284,48.13625305451871],[-107.29844867449188,48.136226141324215],[-107.29826877284644,48.136082344907756]]]}"
00000000000000000c11,8280,0,0,0,"{""type"":""Polygon"",""coordinates"":[[[-107.29813801860321,48.1361430158097],[-107.2981050718458,48.136152564511036],[-107.29809258499587,48.13617073263618],[-107.29808584717027,48.136170838875096],[-107.29808609436846,48.13617532778766],[-107.29809348386374,48.136192995219574],[-107.29829644180315,48.136403316907476],[-107.29838596055474,48.13631671346281],[-107.29839849194502,48.136298616403955],[-107.29813801860321,48.1361430158097]]]}"
00000000000000000c45,8281,0,0,0,"{""type"":""MultiPolygon"",""coordinates"":[[[[-107.29801965732142,48.13648034651596],[-107.29801351473539,48.13649386415605],[-107.29801396452451,48.13650277088342],[-107.29800831630538,48.13652526641449],[-107.29803497530153,48.13652473063877],[-107.29802139861435,48.136520509584784],[-107.29803298680407,48.13648007862807],[-107.29801965732142,48.13648034651596]]],[[[-107.29809348386374,48.136192995219574],[-107.29803034590752,48.13642210215917],[-107.29805141375766,48.136443974984765],[-107.2980455183799,48.13646198155442],[-107.2980662819684,48.13647945234666],[-107.29804711419705,48.136497639928166],[-107.29806163430487,48.13652419485546],[-107.29808829331539,48.136523659064565],[-107.29820062213246,48.13649909144135],[-107.29829683456278,48.13641231050968],[-107.29829644180315,48.136403316907476],[-107.29809348386374,48.136192995219574]],[[-107.29813802682128,48.13644227710014],[-107.29812430462049,48.13643355139331],[-107.29811820666065,48.136447140181104],[-107.29813802682128,48.13644227710014]],[[-107.29812569790067,48.13646479196109],[-107.2981385775726,48.13645561733879],[-107.29811865647596,48.13645604689939],[-107.29812569790067,48.13646479196109]],[[-107.29809209843086,48.13646101621907],[-107.29810612492778,48.136474143979854],[-107.29810532698978,48.136456314799155],[-107.29809209843086,48.13646101621907]],[[-107.29810487717774,48.13644740808067],[-107.29810532698978,48.136456314799155],[-107.29811865647596,48.13645604689939],[-107.29811820666065,48.136447140181104],[-107.29810487717774,48.13644740808067]]]]}"
00000000000000000c44,8282,0,0,0,"{""type"":""MultiPolygon"",""coordinates"":[[[[-107.29800608065399,48.13647612546285],[-107.29801351473539,48.13649386415605],[-107.29801965732142,48.13648034651596],[-107.29800608065399,48.13647612546285]]],[[[-107.29808609436846,48.13617532778766],[-107.29806647696863,48.13618460858916],[-107.2980406161214,48.13620297345419],[-107.29778134178018,48.13637345565944],[-107.29780150992315,48.13637751510394],[-107.29781459217443,48.13637275831724],[-107.29783545724104,48.13639021339624],[-107.29786840418522,48.13638066473963],[-107.29788857236115,48.13638472416555],[-107.29792172189764,48.13637959326857],[-107.29793564659421,48.13639273677585],[-107.29798857167799,48.13638267166394],[-107.29800274359623,48.136400304093634],[-107.298023114431,48.13640878127026],[-107.29803034590752,48.13642210215917],[-107.29809348386374,48.136192995219574],[-107.29808609436846,48.13617532778766]]],[[[-107.29780325098285,48.136417678104166],[-107.297769158192,48.13640047512107],[-107.29776186973287,48.13638724110788],[-107.2974834255795,48.136575910704465],[-107.29749735011936,48.136589054328354],[-107.29777657280857,48.1365655848519],[-107.29800831630538,48.13652526641449],[-107.29801396452451,48.13650277088342],[-107.29799379624394,48.1364987114774],[-107.29798001697917,48.1364900726329],[-107.29795300993504,48.13648168592698],[-107.29793923069191,48.13647304707885],[-107.29791222368125,48.13646466036331],[-107.29789805179887,48.136447027897766],[-107.29787119031249,48.13644314584937],[-107.29783199978299,48.136461778618774],[-107.29781737821041,48.13643523942147],[-107.29781078662764,48.13643540105763],[-107.29780325098285,48.136417678104166]],[[-107.29793433570623,48.136513300637034],[-107.29794142166804,48.136522116877224],[-107.29795450397465,48.13651736005697],[-107.29793433570623,48.136513300637034]],[[-107.2977974571925,48.136435668913215],[-107.29780489115096,48.136453407612066],[-107.29781078662764,48.13643540105763],[-107.2977974571925,48.136435668913215]],[[-107.2977901687154,48.13642243489379],[-107.2977838805998,48.13643144783035],[-107.2977974571925,48.136435668913215],[-107.2977901687154,48.13642243489379]]]]}"
00000000000000000c35,8283,0,0,0,"{""type"":""Polygon"",""coordinates"":[[[-107.29800621902872,48.13618136860479],[-107.29754648615823,48.13619499941896],[-107.29756690126177,48.136203547821395],[-107.29758117371998,48.13622561376591],[-107.2975284515395,48.136240096381165],[-107.29749376402931,48.13620948200542],[-107.2974998050261,48.13619598020765],[-107.29747314641781,48.13619651582148],[-107.29747334895615,48.136200933585684],[-107.29746651031729,48.13619660627753],[-107.2973665120564,48.136198658200954],[-107.29736002138671,48.13620325330682],[-107.29734562648575,48.13632857349086],[-107.29738469438419,48.136457327484756],[-107.29743450912149,48.136527750448145],[-107.29742851262343,48.13654132348361],[-107.2974834255795,48.136575910704465],[-107.29776186973287,48.13638724110788],[-107.29775443580849,48.13636950242714],[-107.29778134178018,48.13637345565944],[-107.2980406161214,48.13620297345419],[-107.29800621902872,48.13618136860479]],[[-107.2977134027027,48.13634798787794],[-107.29770007331278,48.1363482557184],[-107.2977071591731,48.136357071950826],[-107.2977134027027,48.13634798787794]],[[-107.29762845008409,48.13623804428013],[-107.29765510876624,48.13623750862085],[-107.29763473818892,48.136229031387145],[-107.29762845008409,48.13623804428013]],[[-107.29764083624852,48.13621544268387],[-107.29762730435961,48.13621129274746],[-107.29763449104678,48.136224542467424],[-107.29764083624852,48.13621544268387]],[[-107.2976155704406,48.13624721879529],[-107.29760238655366,48.13625199128082],[-107.29760942778265,48.13626073635147],[-107.2976155704406,48.13624721879529]],[[-107.29745377610759,48.136210285421306],[-107.29744019968568,48.136206064303565],[-107.29744079477156,48.13621947564676],[-107.29745377610759,48.136210285421306]],[[-107.2973938457937,48.13636333797464],[-107.29738051644358,48.13636360576978],[-107.29738086439427,48.13637252822033],[-107.2973938457937,48.13636333797464]],[[-107.2976155704406,48.13624721879529],[-107.29762889978225,48.13624695096831],[-107.29762845008409,48.13623804428013],[-107.2976151207457,48.13623831210693],[-107.2976155704406,48.13624721879529]],[[-107.29760377939616,48.136283231759535],[-107.29762414998778,48.13629170900816],[-107.29763668163241,48.13627361205096],[-107.29760967492147,48.13626522527443],[-107.29760377939616,48.136283231759535]],[[-107.29760377939616,48.136283231759535],[-107.29759714327075,48.13628332222538],[-107.29757537987604,48.13624360449724],[-107.29754178086625,48.136239828566694],[-107.29755670554535,48.136275218993354],[-107.29753688552873,48.13628008193514],[-107.29755730067258,48.13628863035242],[-107.29757187738576,48.136315098368236],[-107.29760377939616,48.136283231759535]]]}"
00000000000000000c3b,8284,0,0,0,"{""type"":""GeometryCollection"",""geometries"":[{""type"":""LineString"",""coordinates"":[[-107.29808587462523,48.13617084366118],[-107.29808607386673,48.136175306025756]]},{""type"":""Polygon"",""coordinates"":[[[-107.2980983786081,48.1361527419044],[-107.29809258499587,48.13617073263618],[-107.2981050718458,48.136152564511036],[-107.2980983786081,48.1361527419044]]]},{""type"":""Polygon"",""coordinates"":[[[-107.29747314641781,48.13619651582148],[-107.2974998050261,48.13619598020765],[-107.2975060485608,48.13618689617594],[-107.29747938995727,48.136187431791285],[-107.29747314641781,48.13619651582148]]]},{""type"":""Polygon"",""coordinates"":[[[-107.29756990945937,48.136123076279496],[-107.29756426108091,48.13614557162616],[-107.29753260631075,48.136181927051865],[-107.29754648615823,48.13619499941896],[-107.29800621902872,48.13618136860479],[-107.29801096835594,48.13613661065171],[-107.29798306197101,48.136110410678086],[-107.29797527986456,48.136083749712725],[-107.29758323874994,48.13612280846077],[-107.29756990945937,48.136123076279496]],[[-107.29759057167307,48.136136113577976],[-107.29759681518038,48.13612702955138],[-107.29758323874994,48.13612280846077],[-107.29759057167307,48.136136113577976]]]},{""type"":""Polygon"",""coordinates"":[[[-107.29747938995727,48.136187431791285],[-107.29747255131956,48.13618310448465],[-107.29744509510458,48.1361658109946],[-107.29745842439283,48.13616554319307],[-107.29748508297469,48.136165007584324],[-107.29745782929933,48.13615213186391],[-107.29737240766337,48.136180651757314],[-107.2973665120564,48.136198658200954],[-107.29746651031729,48.13619660627753],[-107.29745956999564,48.136192294707584],[-107.29747938995727,48.136187431791285]]]}]}"
00000000000000000c3e,8285,0,0,0,"{""type"":""Polygon"",""coordinates"":[[[-107.29796031019038,48.136048288336745],[-107.29794478985322,48.13599948685257],[-107.29794399198082,48.135981657829674],[-107.29794374479908,48.135977168932854],[-107.29758244105753,48.13610497938853],[-107.29757605210109,48.13610955876161],[-107.29756990945937,48.136123076279496],[-107.29797527986456,48.136083749712725],[-107.29796031019038,48.136048288336745]]]}"
00000000000000000c3a,8286,0,0,0,"{""type"":""GeometryCollection"",""geometries"":[{""type"":""LineString"",""coordinates"":[[-107.29759563024614,48.13610025571579],[-107.29758249634287,48.13610498475488]]},{""type"":""Polygon"",""coordinates"":[[[-107.29791489523696,48.13592863537593],[-107.29788590026203,48.13587559722589],[-107.2978723238438,48.13587137619605],[-107.29760760590443,48.136068769882726],[-107.29761464710478,48.136077514923265],[-107.29760111527135,48.13607336499264],[-107.29758813400164,48.13608255521243],[-107.29759566947426,48.1361002780743],[-107.29794374479908,48.135977168932854],[-107.29794314952336,48.13596375765934],[-107.29791489523696,48.13592863537593]]]}]}"
00000000000000000c3c,8287,0,0,0,"{""type"":""MultiPolygon"",""coordinates"":[[[[-107.2975810482246,48.1360737390151],[-107.29758813400164,48.13608255521243],[-107.29760111527135,48.13607336499264],[-107.2975810482246,48.1360737390151]]],[[[-107.29747281881228,48.13604022339256],[-107.29747302135164,48.13604464114362],[-107.29745449334098,48.13607631091452],[-107.29741540403809,48.13609937686847],[-107.29737240766337,48.136180651757314],[-107.29745782929933,48.13615213186391],[-107.29745762676254,48.136147714103735],[-107.29745723420577,48.13613872053816],[-107.29743626868407,48.13611683195428],[-107.29749482910152,48.13608442990451],[-107.29748913610669,48.13610685407715],[-107.2975157946551,48.13610631846131],[-107.29752113964607,48.13607497188756],[-107.29753362665848,48.136056803865735],[-107.29754595569533,48.13603428925246],[-107.29747281881228,48.13604022339256]]],[[[-107.29788172094972,48.13578187660355],[-107.29789345445352,48.13574595085138],[-107.297878833056,48.13571941201999],[-107.29773718880385,48.13583390782535],[-107.29773778400664,48.13584731906891],[-107.29772410675061,48.13583866454776],[-107.29760203447748,48.135943808590014],[-107.29760887309901,48.13594813586816],[-107.29760967080871,48.13596596488661],[-107.2976104685183,48.135983793911095],[-107.297610861115,48.135992787448544],[-107.29761120912752,48.13600170983382],[-107.29761186138079,48.13601503422995],[-107.29761280454609,48.13603736791302],[-107.29761325424296,48.13604627456735],[-107.29758579801387,48.13602898116289],[-107.29757281675921,48.13603817137249],[-107.29756632613008,48.13604276647727],[-107.2975667758155,48.136051673133004],[-107.29760076726241,48.13606444259509],[-107.29760760590443,48.136068769882726],[-107.2978723238438,48.13587137619605],[-107.29785170618844,48.13585841017788],[-107.29788325954526,48.13581762141433],[-107.29786224925003,48.13579566190858],[-107.29788172094972,48.13578187660355]],[[-107.29785496084662,48.135782428053155],[-107.29784871745085,48.13579151203424],[-107.29786224925003,48.13579566190858],[-107.29785496084662,48.135782428053155]]]]}"
00000000000000000c41,8288,0,0,0,"{""type"":""MultiPolygon"",""coordinates"":[[[[-107.29771028323457,48.13582995461099],[-107.29766939700586,48.13580849566297],[-107.29764085143776,48.13576881335706],[-107.29750569722854,48.1358787138471],[-107.29752611214724,48.135887262211526],[-107.29758141694107,48.1359308424929],[-107.29760203447748,48.135943808590014],[-107.29772410675061,48.13583866454776],[-107.29771028323457,48.13582995461099]]],[[[-107.29786456053712,48.13569734633356],[-107.29784035898945,48.13560407124837],[-107.29782123623546,48.13562232962431],[-107.29783466628426,48.13562649522949],[-107.29782178688927,48.135635669659415],[-107.29781474569688,48.135626924707296],[-107.29773751223982,48.13569094081821],[-107.29773186404464,48.13571343598537],[-107.29771808515326,48.13570479722269],[-107.29767320261222,48.135745853672915],[-107.2976944152943,48.13577223093087],[-107.2977091374326,48.1358032032887],[-107.29773718880385,48.13583390782535],[-107.297878833056,48.13571941201999],[-107.29786456053712,48.13569734633356]],[[-107.29781613875159,48.13565816480646],[-107.29782332543455,48.13567141437312],[-107.2978363065263,48.135662224197816],[-107.29781613875159,48.13565816480646]]]]}"
00000000000000000c3f,8289,0,0,0,"{""type"":""MultiPolygon"",""coordinates"":[[[[-107.29760006621746,48.1357517878651],[-107.29757791047892,48.13570307704276],[-107.29758280563415,48.1356628241182],[-107.29756159311214,48.135636446886345],[-107.29751638255881,48.135521212333],[-107.29748892676704,48.13550391906227],[-107.29748229078915,48.13550400951511],[-107.2974442946019,48.13584872215248],[-107.29750569722854,48.1358787138471],[-107.29764085143776,48.13576881335706],[-107.29760006621746,48.1357517878651]]],[[[-107.29766497109057,48.13571028626123],[-107.29765223711054,48.13572396529912],[-107.29767320261222,48.135745853672915],[-107.29771808515326,48.13570479722269],[-107.29769791739545,48.135700737802765],[-107.29770336303658,48.135673824923586],[-107.29770301499659,48.135664902594925],[-107.2976688212611,48.135647715541964],[-107.29764910326065,48.13565256270207],[-107.29763507727675,48.135639435066416],[-107.29760807101252,48.13563104837917],[-107.29765004646188,48.13567489623004],[-107.29767146165241,48.13570569118051],[-107.29766497109057,48.13571028626123]],[[-107.29767864827966,48.1357189407714],[-107.29768493627516,48.13570992796679],[-107.29767146165241,48.13570569118051],[-107.29767864827966,48.1357189407714]]],[[[-107.29774228083484,48.13549881483041],[-107.29772895174582,48.13549908266293],[-107.2977228092728,48.13551260002951],[-107.29771562265859,48.13549935049357],[-107.29770229357315,48.135499618322285],[-107.29768990772064,48.13552221961114],[-107.29771795888188,48.135552923994794],[-107.29775086046506,48.13554330439714],[-107.29773822825115,48.13555696766245],[-107.29770522497361,48.13556660299699],[-107.29774566204385,48.13557470607393],[-107.29772604496593,48.135583986691714],[-107.29774076707736,48.1356149589346],[-107.29775434337009,48.13561917996567],[-107.2977546914233,48.135628102286056],[-107.29775514115995,48.13563700886943],[-107.29775548921309,48.13564593119283],[-107.29776282213544,48.13565923617634],[-107.29774355306101,48.13567743914259],[-107.29773696161799,48.135677600767806],[-107.29773751223982,48.13569094081821],[-107.29781474569688,48.135626924707296],[-107.29781449852905,48.135622435840055],[-107.29782123623546,48.13562232962431],[-107.2978209890668,48.13561784075749],[-107.29784035898945,48.13560407124837],[-107.29783232989607,48.13557292166038],[-107.29781900076765,48.135573189506786],[-107.29780442407488,48.13554672190113],[-107.29779074689654,48.135538067436954],[-107.29777661998305,48.13552050640715],[-107.29774307862218,48.13551664369355],[-107.29774228083484,48.13549881483041]],[[-107.29783327321215,48.13559525514983],[-107.29781290289043,48.13558677805093],[-107.2978209890668,48.13561784075749],[-107.29783327321215,48.13559525514983]],[[-107.29778505417877,48.13556049138732],[-107.29779234251623,48.135573725193915],[-107.29780522189124,48.13556455077925],[-107.29778505417877,48.13556049138732]],[[-107.29780002350795,48.135595952470695],[-107.29779293774476,48.13558713637018],[-107.29778669437586,48.13559622031282],[-107.29780002350795,48.135595952470695]],[[-107.29775680035884,48.13552536931466],[-107.2977648864752,48.13555643199123],[-107.29777717062281,48.135533846417054],[-107.29775680035884,48.13552536931466]],[[-107.29777346614085,48.13560092160374],[-107.29778055190019,48.13560973770811],[-107.29778669437586,48.13559622031282],[-107.29777346614085,48.13560092160374]],[[-107.29771032253645,48.13553076788107],[-107.29773743046732,48.13553913878552],[-107.29774307862218,48.13551664369355],[-107.29771032253645,48.13553076788107]]]]}"
00000000000000000c42,8290,0,0,0,"{""type"":""Polygon"",""coordinates"":[[[-107.29744160684804,48.13549141747348],[-107.29741425281738,48.13547410845108],[-107.2973468100717,48.135457618501846],[-107.29733303141772,48.135448979719826],[-107.2973130664486,48.13544933793379],[-107.29730321857264,48.135529930362374],[-107.29732373706352,48.135837720988434],[-107.29737031597396,48.1358367560439],[-107.29741704117362,48.1358358464916],[-107.2974442946019,48.13584872215248],[-107.29748229078915,48.13550400951511],[-107.29744160684804,48.13549141747348]]]}"
00000000000000000c47,8291,0,0,0,"{""type"":""Polygon"",""coordinates"":[[[-107.29730321857264,48.135529930362374],[-107.29716368568127,48.13584094993341],[-107.2972103662003,48.135839969330426],[-107.29730346768332,48.135833677211906],[-107.29732373706352,48.135837720988434],[-107.29730321857264,48.135529930362374]]]}"
00000000000000000c34,8292,0,0,0,"{""type"":""Polygon"",""coordinates"":[[[-107.29727283232077,48.135445652384796],[-107.29701597627681,48.13582150610128],[-107.2971032835865,48.13583320474451],[-107.29711706228493,48.13584184362148],[-107.29714372053749,48.13584130811922],[-107.29716368568127,48.13584094993341],[-107.29730321857264,48.135529930362374],[-107.2973130664486,48.13544933793379],[-107.29727283232077,48.135445652384796]]]}"
00000000000000000c43,8293,0,0,0,"{""type"":""Polygon"",""coordinates"":[[[-107.29721931380529,48.13544230573077],[-107.29721222825125,48.13543348960779],[-107.29718536776352,48.1354296074168],[-107.29688758123702,48.13578393035121],[-107.29695561892609,48.13581383197195],[-107.29701597627681,48.13582150610128],[-107.29727283232077,48.135445652384796],[-107.29721931380529,48.13544230573077]]]}"
00000000000000000c37,8294,0,0,0,"{""type"":""Polygon"",""coordinates"":[[[-107.2971518267667,48.13542574449394],[-107.29713165934652,48.135421684967945],[-107.29712635878346,48.135453102288025],[-107.29711833037176,48.13542195271234],[-107.29709202032225,48.135431410488906],[-107.29707674852746,48.13538709825013],[-107.29706980842265,48.13538278671281],[-107.29706906806041,48.13536487099035],[-107.29706212796096,48.13536055945417],[-107.29698483823826,48.135420212350574],[-107.29695387951759,48.13547441167838],[-107.29677896170953,48.13574142056857],[-107.29681280604886,48.135754134839594],[-107.29688758123702,48.13578393035121],[-107.29718536776352,48.1354296074168],[-107.2971518267667,48.13542574449394]],[[-107.29705727692627,48.13540088328588],[-107.29703710955094,48.135396823740784],[-107.29704415046126,48.135405568718895],[-107.29705727692627,48.13540088328588]]]}"
00000000000000000c59,8295,0,0,0,"{""type"":""MultiPolygon"",""coordinates"":[[[[-107.29698483823826,48.135420212350574],[-107.29694574958066,48.13544327780924],[-107.29693925903092,48.135447872817636],[-107.29695387951759,48.13547441167838],[-107.29698483823826,48.135420212350574]]],[[[-107.29695387951759,48.13547441167838],[-107.29691993363896,48.13546171325862],[-107.29664947866365,48.135681455554916],[-107.29665631705643,48.13568578288519],[-107.29667697851171,48.13569882029135],[-107.29671147467005,48.135724858927865],[-107.29677896170953,48.13574142056857],[-107.29695387951759,48.13547441167838]]]]}"
00000000000000000c66,8296,0,0,0,"{""type"":""GeometryCollection"",""geometries"":[{""type"":""LineString"",""coordinates"":[[-107.29693263587751,48.135448028072624],[-107.29693930234642,48.135447894775396],[-107.29694576967765,48.13544329910908]]},{""type"":""Polygon"",""coordinates"":[[[-107.29689972169537,48.13545758252626],[-107.29655214510555,48.13559411345574],[-107.29655943290923,48.135607347378006],[-107.29664219080878,48.13566822162216],[-107.29664947866365,48.135681455554916],[-107.29691993363896,48.13546171325862],[-107.29689972169537,48.13545758252626]]]}]}"
00000000000000000c32,8297,0,0,0,"{""type"":""MultiPolygon"",""coordinates"":[[[[-107.29689278161248,48.13545327096981],[-107.29687101953598,48.13541355367489],[-107.2968568486615,48.135395921382155],[-107.29685595051656,48.13537365910603],[-107.29648836534513,48.135510476523756],[-107.29650957678888,48.13553685395711],[-107.29654471197836,48.135576374928384],[-107.29655214510555,48.13559411345574],[-107.29689972169537,48.13545758252626],[-107.29689278161248,48.13545327096981]]],[[[-107.29704161272183,48.135347577631485],[-107.2970141574164,48.13533028426961],[-107.29700037893507,48.13532164545634],[-107.2970002335481,48.13531714087294],[-107.29689534237902,48.13535944484595],[-107.29689569022676,48.135368367130624],[-107.29692478482986,48.13542138938328],[-107.29692513268382,48.13543031167818],[-107.29693266768444,48.13544803438444],[-107.29694574958066,48.13544327780924],[-107.29698483823826,48.135420212350574],[-107.29706212796096,48.13536055945417],[-107.29704161272183,48.135347577631485]],[[-107.29702214113748,48.13536136264933],[-107.2970292266194,48.13537017877609],[-107.29704241017122,48.135365406457794],[-107.29702214113748,48.13536136264933]],[[-107.29699468583755,48.1353440692772],[-107.2970017713079,48.135352885403385],[-107.29701495485286,48.135348113090615],[-107.29699468583755,48.1353440692772]]]]}"
00000000000000000c33,8298,0,0,0,"{""type"":""Polygon"",""coordinates"":[[[-107.29698391741994,48.1352505110755],[-107.29698332248147,48.135237099972656],[-107.29642477579382,48.135431415423405],[-107.29642522520777,48.135440321987915],[-107.29647423926139,48.135492915290335],[-107.29648836534513,48.135510476523756],[-107.29685595051656,48.13537365910603],[-107.29685535562767,48.13536024796976],[-107.29682626118502,48.13530722575358],[-107.29683230219888,48.135293724228895],[-107.29685920702877,48.13529767766796],[-107.29689534237902,48.13535944484595],[-107.2970002335481,48.13531714087294],[-107.29699953692298,48.1353037454909],[-107.29699918904892,48.135294823218246],[-107.29699884117483,48.13528590094708],[-107.29698391741994,48.1352505110755]]]}"
00000000000000000c38,8299,0,0,0,"{""type"":""Polygon"",""coordinates"":[[[-107.29638745192271,48.13534282567892],[-107.29640237503854,48.13537821572157],[-107.29642477579382,48.135431415423405],[-107.29698332248147,48.135237099972656],[-107.29697324983682,48.13516138645496],[-107.29699177762181,48.13512971733333],[-107.29638745192271,48.13534282567892]]]}"
00000000000000000c65,8300,0,0,0,"{""type"":""Polygon"",""coordinates"":[[[-107.2963301635688,48.1352545940648],[-107.29635172245186,48.135289893688565],[-107.29638745192271,48.13534282567892],[-107.29699177762181,48.13512971733333],[-107.2969982681093,48.135125122350736],[-107.2963301635688,48.1352545940648]]]}"
00000000000000000c31,8301,0,0,0,"{""type"":""Polygon"",""coordinates"":[[[-107.2963059664585,48.13516131926476],[-107.29631360179421,48.13518347536033],[-107.29632267351606,48.13523694252041],[-107.2963301635688,48.1352545940648],[-107.2969982681093,48.135125122350736],[-107.29701649255728,48.13508460216308],[-107.2963059664585,48.13516131926476]]]}"
00000000000000000c30,8302,0,0,0,"{""type"":""Polygon"",""coordinates"":[[[-107.29628821538424,48.13506337853836],[-107.2962901011256,48.13510359601967],[-107.2963059664585,48.13516131926476],[-107.29701649255728,48.13508460216308],[-107.29701634716633,48.13508009760011],[-107.29628821538424,48.13506337853836]]]}"
00000000000000000c2f,8303,0,0,0,"{""type"":""Polygon"",""coordinates"":[[[-107.29629741332775,48.134969462725884],[-107.29628821538424,48.13506337853836],[-107.29701634716633,48.13508009760011],[-107.29702828359379,48.135048590091486],[-107.29703457157117,48.135039577444786],[-107.29629741332775,48.134969462725884]]]}"
00000000000000000c36,8304,0,0,0,"{""type"":""Polygon"",""coordinates"":[[[-107.29631989528495,48.13487520830809],[-107.29631405661009,48.134893127355035],[-107.2962951798621,48.13492032313172],[-107.2963027144311,48.13493804572665],[-107.29629741332775,48.134969462725884],[-107.29703457157117,48.135039577444786],[-107.29703917546618,48.134994765074666],[-107.29631989528495,48.13487520830809]]]}"
00000000000000000c2e,8305,0,0,0,"{""type"":""Polygon"",""coordinates"":[[[-107.2963425795203,48.134785371708176],[-107.29633797487362,48.134830183885626],[-107.29631905359483,48.13485730848037],[-107.29631989528495,48.13487520830809],[-107.29703917546618,48.134994765074666],[-107.29703872589654,48.13498585859239],[-107.29705056145511,48.13494991773976],[-107.2970499664858,48.134936506714716],[-107.2963425795203,48.134785371708176]]]}"
00000000000000000c2b,8306,0,0,0,"{""type"":""Polygon"",""coordinates"":[[[-107.29640509161702,48.134690385883125],[-107.29639860118064,48.13469498078633],[-107.29637388597378,48.13474009547025],[-107.29634862057287,48.13477187034687],[-107.2963425795203,48.134785371708176],[-107.2970499664858,48.134936506714716],[-107.29704976399019,48.13493208905469],[-107.29640509161702,48.134690385883125]]]}"
00000000000000000c26,8307,0,0,0,"{""type"":""Polygon"",""coordinates"":[[[-107.29645482500699,48.134609007629194],[-107.29644913176848,48.134631431117604],[-107.29640509161702,48.134690385883125],[-107.29704976399019,48.13493208905469],[-107.29704951691281,48.134927600242456],[-107.29707443413359,48.13488690289177],[-107.29712635674645,48.134854592293564],[-107.29645482500699,48.134609007629194]]]}"
00000000000000000c40,8308,0,0,0,"{""type"":""Polygon"",""coordinates"":[[[-107.29715102675684,48.134809406180864],[-107.29715082424812,48.13480498853205],[-107.29712357173855,48.13479211301986],[-107.2971170813198,48.134796707980115],[-107.29710979340148,48.13478347430699],[-107.29651774142071,48.13452285731894],[-107.29648678306225,48.134577055562616],[-107.29646092309086,48.134595419418616],[-107.29645482500699,48.134609007629194],[-107.29712635674645,48.134854592293564],[-107.29713284717558,48.13484999732737],[-107.29715825759838,48.13482272674677],[-107.29715102675684,48.134809406180864]],[[-107.29713749549211,48.13480525627041],[-107.29711732840627,48.13480119678079],[-107.29712436924339,48.13480994165589],[-107.29713749549211,48.13480525627041]]]}"
00000000000000000c23,8309,0,0,0,"{""type"":""Polygon"",""coordinates"":[[[-107.29713550797199,48.13476060567526],[-107.29712172964123,48.134751966969105],[-107.29710805299938,48.13474331252471],[-107.29711384673084,48.13472532233734],[-107.29660766244956,48.13444509393643],[-107.29653002574862,48.13450027234348],[-107.29651774142071,48.13452285731894],[-107.29710979340148,48.13478347430699],[-107.29710270799158,48.13477465828264],[-107.29713630548353,48.13477843430034],[-107.29712357173855,48.13479211301986],[-107.29715082424812,48.13480498853205],[-107.29715706757528,48.13479590476842],[-107.29715002673022,48.13478715989825],[-107.29715547253278,48.13476024751329],[-107.29713550797199,48.13476060567526]]]}"
00000000000000000c28,8310,0,0,0,"{""type"":""Polygon"",""coordinates"":[[[-107.29710188802781,48.13460494337402],[-107.29671175360792,48.134384962575055],[-107.29660746000415,48.13444067631544],[-107.29660766244956,48.13444509393643],[-107.29711384673084,48.13472532233734],[-107.29711185923404,48.13468067180892],[-107.2970914897205,48.13467219468367],[-107.29709114181438,48.134663272519234],[-107.29709064764631,48.13465429494154],[-107.29709029974012,48.13464537278013],[-107.29708995183387,48.134636450620235],[-107.29710907423397,48.1346181927411],[-107.29710188802781,48.13460494337402]]]}"
00000000000000000c24,8311,0,0,0,"{""type"":""MultiPolygon"",""coordinates"":[[[[-107.29714167156125,48.13459972254539],[-107.29714222198963,48.13461306233087],[-107.2971694743865,48.13462593779682],[-107.29717621186536,48.13462583163416],[-107.29714167156125,48.13459972254539]]],[[[-107.29678026048718,48.13427640486183],[-107.29675499567445,48.13430817955053],[-107.29674365422312,48.13435309745651],[-107.29671175360792,48.134384962575055],[-107.29710188802781,48.13460494337402],[-107.2971012359338,48.13459161932741],[-107.29713458617177,48.13459090655366],[-107.29678026048718,48.13427640486183]]]]}"
00000000000000000c27,8312,0,0,0,"{""type"":""Polygon"",""coordinates"":[[[-107.29686997810325,48.134194224022266],[-107.29687765826432,48.13421645081128],[-107.29679684531354,48.134200157335734],[-107.29678005801975,48.13427198725593],[-107.29678026048718,48.13427640486183],[-107.29713458617177,48.13459090655366],[-107.29714771234057,48.13458622118833],[-107.29714167156125,48.13459972254539],[-107.29717621186536,48.13462583163416],[-107.29718245515353,48.13461674790079],[-107.29720241964698,48.13461638973175],[-107.29719498630311,48.134598651589826],[-107.2972210486453,48.13458470516814],[-107.29723333266693,48.13456212008385],[-107.29686997810325,48.134194224022266]]]}"
00000000000000000c2d,8313,0,0,0,"{""type"":""Polygon"",""coordinates"":[[[-107.29677018927408,48.13390144391701],[-107.29667015335728,48.1339034236981],[-107.29666380933949,48.13390807396118],[-107.29667723848561,48.133912239615576],[-107.29677866668466,48.13394149894147],[-107.29679393765674,48.133985810031255],[-107.2968081080228,48.1340034418737],[-107.29682223382339,48.13402100256809],[-107.29685677328422,48.13404711150612],[-107.29684782422005,48.13414551442601],[-107.29686997810325,48.134194224022266],[-107.29723333266693,48.13456212008385],[-107.29725260124728,48.134543917618394],[-107.29726453728736,48.13451241041125],[-107.2973253870531,48.13452906175452],[-107.29734555406404,48.134533121181306],[-107.29677018927408,48.13390144391701]]]}"
00000000000000000b73,8314,0,0,0,"{""type"":""Polygon"",""coordinates"":[[[-107.29747220521912,48.134530533900445],[-107.29745902196609,48.13453530619451],[-107.29745867396826,48.13452638405694],[-107.29747200266965,48.13452611627675],[-107.29739444344398,48.13443384306771],[-107.29738111478675,48.134434110835535],[-107.29738760512414,48.13442951589115],[-107.29696411903886,48.133911000938454],[-107.29692353887411,48.13389839326807],[-107.29689653420901,48.13389000661744],[-107.29677018927408,48.13390144391701],[-107.29734555406404,48.134533121181306],[-107.29748647706596,48.13455259917305],[-107.29747220521912,48.134530533900445]]]}"
00000000000000000c2a,8315,0,0,0,"{""type"":""MultiPolygon"",""coordinates"":[[[[-107.29739444344398,48.13443384306771],[-107.29740861433875,48.13445147495817],[-107.2974011809043,48.134433736890124],[-107.29739444344398,48.13443384306771]]],[[[-107.2974011809043,48.134433736890124],[-107.29755508431606,48.13444402485616],[-107.29754095791358,48.13442646414378],[-107.29748694640213,48.13441414013972],[-107.29747931037818,48.134391984478924],[-107.29749169588254,48.13436938371152],[-107.2971601948642,48.133969553863],[-107.29712635183608,48.133956840112425],[-107.29696411903886,48.133911000938454],[-107.29738760512414,48.13442951589115],[-107.29739409546036,48.13442492094676],[-107.2974011809043,48.134433736890124]]],[[[-107.29740861433875,48.13445147495817],[-107.29745079081802,48.13449973957317],[-107.29747200266965,48.13452611627675],[-107.29747220521912,48.134530533900445],[-107.29748647706596,48.13455259917305],[-107.29750654327015,48.134552225202555],[-107.29763274498664,48.13454073130075],[-107.29759730562962,48.13449236054525],[-107.29753586045786,48.13446229849597],[-107.29750271274719,48.13446742902636],[-107.29748195058039,48.13444995874404],[-107.29743606934184,48.134468767926045],[-107.29742214555006,48.13445562480384],[-107.29740861433875,48.13445147495817]],[[-107.29747685306566,48.13448579311059],[-107.29744315480633,48.134477583873135],[-107.29745079081802,48.13449973957317],[-107.29747685306566,48.13448579311059]]]]}"
00000000000000000bba,8316,0,0,0,"{""type"":""MultiPolygon"",""coordinates"":[[[[-107.29754095791358,48.13442646414378],[-107.29755508431606,48.13444402485616],[-107.2975744536236,48.13443025572347],[-107.29754095791358,48.13442646414378]]],[[[-107.29766534217276,48.13452226095789],[-107.29761098237383,48.134501014876044],[-107.29759730562962,48.13449236054525],[-107.29763274498664,48.13454073130075],[-107.29770587900148,48.1345347972806],[-107.29766534217276,48.13452226095789]]],[[[-107.29757007233631,48.13433212003986],[-107.2975894986763,48.13431826404574],[-107.29760237760557,48.1343090898885],[-107.29737717985108,48.13404563201653],[-107.2972885282243,48.13400276592316],[-107.2971601948642,48.133969553863],[-107.29749169588254,48.13436938371152],[-107.29750422682926,48.134351287450386],[-107.29757007233631,48.13433212003986]],[[-107.29749714136643,48.1343424715289],[-107.29748416073421,48.13435166141619],[-107.29750422682926,48.134351287450386],[-107.29749714136643,48.1343424715289]]]]}"
00000000000000000bac,8317,0,0,0,"{""type"":""Polygon"",""coordinates"":[[[-107.29737717985108,48.13404563201653],[-107.29760237760557,48.1343090898885],[-107.29760157985338,48.134291261432416],[-107.29761421241142,48.134273149447665],[-107.29758606054557,48.13424246149348],[-107.29760284641466,48.13417063150871],[-107.29762186751869,48.134147940370326],[-107.29764154090239,48.13413857315809],[-107.29769266443778,48.1340884343595],[-107.29737717985108,48.13404563201653]]]}"
00000000000000000bb1,8318,0,0,0,"{""type"":""Polygon"",""coordinates"":[[[-107.2972885282243,48.13400276592316],[-107.29737717985108,48.13404563201653],[-107.29769266443778,48.1340884343595],[-107.29774378785758,48.13403829558437],[-107.29779570901682,48.134005985181865],[-107.29781507804258,48.13399221612237],[-107.2979262528386,48.133940899836375],[-107.29792610732622,48.13393639537576],[-107.2972885282243,48.13400276592316]]]}"
00000000000000000bbb,8319,0,0,0,"{""type"":""Polygon"",""coordinates"":[[[-107.29813928028693,48.13378031283504],[-107.29712635183608,48.133956840112425],[-107.2971601948642,48.133969553863],[-107.2972885282243,48.13400276592316],[-107.29792610732622,48.13393639537576],[-107.29795855765119,48.13391786974789],[-107.29798441681037,48.13389950574527],[-107.29800388742643,48.13388572093965],[-107.29802311082808,48.13386744741787],[-107.29805660627014,48.133871238795734],[-107.29808836019347,48.133834869119376],[-107.29814736652762,48.133811374446125],[-107.29813928028693,48.13378031283504]]]}"
00000000000000000bbc,8320,0,0,0,"{""type"":""Polygon"",""coordinates"":[[[-107.29812277218026,48.133709109633756],[-107.2981152813626,48.133691458767146],[-107.29692353887411,48.13389839326807],[-107.29696411903886,48.133911000938454],[-107.29712635183608,48.133956840112425],[-107.29813928028693,48.13378031283504],[-107.29812277218026,48.133709109633756]],[[-107.29719219654056,48.13393767312529],[-107.2971584543545,48.133929392705554],[-107.29716588757692,48.13394713062778],[-107.29719219654056,48.13393767312529]]]}"
00000000000000000bc6,8321,0,0,0,"{""type"":""Polygon"",""coordinates"":[[[-107.298085590398,48.13362502796955],[-107.2980713183996,48.13360296317888],[-107.2970518479825,48.13378417075851],[-107.29698031081006,48.133825760750454],[-107.29689653420901,48.13389000661744],[-107.29692353887411,48.13389839326807],[-107.2981152813626,48.133691458767146],[-107.298085590398,48.13362502796955]]]}"
00000000000000000bb9,8322,0,0,0,"{""type"":""Polygon"",""coordinates"":[[[-107.2980111834763,48.13345234483185],[-107.2971547469122,48.13369721830807],[-107.2970518479825,48.13378417075851],[-107.2980713183996,48.13360296317888],[-107.29806448009212,48.13359863611857],[-107.2980701722374,48.133576213002165],[-107.2980111834763,48.13345234483185]]]}"
00000000000000000bb7,8323,0,0,0,"{""type"":""Polygon"",""coordinates"":[[[-107.29793407422001,48.13336898013439],[-107.29784427692368,48.13329936505566],[-107.29780244905064,48.13326002361933],[-107.29719823443592,48.13362492482891],[-107.2971547469122,48.13369721830807],[-107.2980111834763,48.13345234483185],[-107.29801103794934,48.13344784041356],[-107.29793407422001,48.13336898013439]]]}"
00000000000000000bbe,8324,0,0,0,"{""type"":""Polygon"",""coordinates"":[[[-107.29779536367484,48.1332512079005],[-107.29745912410228,48.13319093652483],[-107.29737182245086,48.13317923864926],[-107.29729185325687,48.13318084510149],[-107.29723205038528,48.133186510851374],[-107.29719519906668,48.1332587133091],[-107.29719823443592,48.13362492482891],[-107.29780244905064,48.13326002361933],[-107.29779536367484,48.1332512079005]]]}"
00000000000000000bb8,8325,0,0,0,"{""type"":""Polygon"",""coordinates"":[[[-107.29711351244188,48.13337204127115],[-107.29698031081006,48.133825760750454],[-107.2970518479825,48.13378417075851],[-107.2971547469122,48.13369721830807],[-107.29719823443592,48.13362492482891],[-107.29719519906668,48.1332587133091],[-107.29711351244188,48.13337204127115]]]}"
00000000000000000bc4,8326,0,0,0,"{""type"":""Polygon"",""coordinates"":[[[-107.29673868248655,48.13364305464793],[-107.29667015335728,48.1339034236981],[-107.29677018927408,48.13390144391701],[-107.29689653420901,48.13389000661744],[-107.29698031081006,48.133825760750454],[-107.29711351244188,48.13337204127115],[-107.29673868248655,48.13364305464793]]]}"
00000000000000000bc5,8327,0,0,0,"{""type"":""Polygon"",""coordinates"":[[[-107.29711140006813,48.13317552548836],[-107.29676681054694,48.13352630837093],[-107.29673704320885,48.13360732700731],[-107.29673868248655,48.13364305464793],[-107.29711351244188,48.13337204127115],[-107.29719519906668,48.1332587133091],[-107.29723205038528,48.133186510851374],[-107.29711140006813,48.13317552548836]]]}"
00000000000000000bc3,8328,0,0,0,"{""type"":""Polygon"",""coordinates"":[[[-107.29696419537416,48.13316505961586],[-107.29686420581507,48.13316711067677],[-107.29676496915185,48.13318691857301],[-107.29669917048967,48.13320615610683],[-107.29676681054694,48.13352630837093],[-107.29711140006813,48.13317552548836],[-107.29696419537416,48.13316505961586]]]}"
00000000000000000bc2,8329,0,0,0,"{""type"":""Polygon"",""coordinates"":[[[-107.29669917048967,48.13320615610683],[-107.29668584237189,48.133206423758125],[-107.29658720053953,48.133239642080206],[-107.29656109455979,48.133253516798725],[-107.29653548261447,48.13327636886112],[-107.2965230970936,48.13329896903604],[-107.29651685394467,48.133308052495494],[-107.29673704320885,48.13360732700731],[-107.29676681054694,48.13352630837093],[-107.29669917048967,48.13320615610683]]]}"
00000000000000000c25,8330,0,0,0,"{""type"":""Polygon"",""coordinates"":[[[-107.29651685394467,48.133308052495494],[-107.29648589677828,48.133362249457385],[-107.29650305055111,48.133746022557496],[-107.29650325298857,48.13375044012058],[-107.29654547174397,48.13379877570036],[-107.29655914784415,48.133807430083365],[-107.29658220006573,48.133873952041554],[-107.29666380933949,48.13390807396118],[-107.29667015335728,48.1339034236981],[-107.29673868248655,48.13364305464793],[-107.29673704320885,48.13360732700731],[-107.29651685394467,48.133308052495494]]]}"
00000000000000000c29,8331,0,0,0,"{""type"":""Polygon"",""coordinates"":[[[-107.2962001870243,48.13353767051056],[-107.29622139721387,48.13356404705057],[-107.296241360936,48.13356368910824],[-107.29624885068793,48.13358134010533],[-107.29626926382417,48.13358988840922],[-107.29628293974605,48.13359854280176],[-107.296296717353,48.133607181457386],[-107.2963261575224,48.133669124173615],[-107.29634816505289,48.13371332902676],[-107.29645538589531,48.13372459881209],[-107.29650305055111,48.133746022557496],[-107.29648589677828,48.133362249457385],[-107.2962001870243,48.13353767051056]],[[-107.29628838586088,48.133571631066005],[-107.29626113477248,48.13355875557457],[-107.2962686691132,48.133576477719394],[-107.29628838586088,48.133571631066005]]]}"
00000000000000000c78,8332,0,0,0,"{""type"":""Polygon"",""coordinates"":[[[-107.2959889033945,48.13343916726126],[-107.2960029277893,48.133452294629],[-107.29603017863545,48.13346517017388],[-107.29609821093278,48.13349507122186],[-107.29611198843253,48.13350370988975],[-107.29619334908874,48.13353334331281],[-107.2962001870243,48.13353767051056],[-107.29648589677828,48.133362249457385],[-107.29651685394467,48.133308052495494],[-107.2965230970936,48.13329896903604],[-107.2959889033945,48.13343916726126]]]}"
00000000000000000c2c,8333,0,0,0,"{""type"":""GeometryCollection"",""geometries"":[{""type"":""LineString"",""coordinates"":[[-107.29608797374175,48.133414846755805],[-107.29609442309929,48.133410263789386],[-107.2961075564666,48.133405534927284]]},{""type"":""Polygon"",""coordinates"":[[[-107.29614802454354,48.133266245778266],[-107.29613158441755,48.13334699627204],[-107.29614006101478,48.13338705095151],[-107.29610656691656,48.13338325890531],[-107.29610756635589,48.13340550462018],[-107.2965230970936,48.13329896903604],[-107.29653548261447,48.13327636886112],[-107.29614802454354,48.133266245778266]]]},{""type"":""Polygon"",""coordinates"":[[[-107.29602680074137,48.13338928182815],[-107.29597279211664,48.13337695714136],[-107.29597129982766,48.133341285064986],[-107.29597045826749,48.13332338575271],[-107.29594325213651,48.133310581373095],[-107.2959151028222,48.13327989342525],[-107.29587452415548,48.133267285424374],[-107.29586743938813,48.13325846954652],[-107.29580753644454,48.133259701140084],[-107.29586313762162,48.133312131199474],[-107.29587695954447,48.13332084102606],[-107.29589143216606,48.13334732360142],[-107.29590520953471,48.13335596227807],[-107.2959200744097,48.13339143797534],[-107.29596110256949,48.133412952208225],[-107.2959889033945,48.13343916726126],[-107.296087995006,48.133414855642386],[-107.29608797374175,48.133414846755805],[-107.29602680074137,48.13338928182815]]]}]}"
00000000000000000bbf,8334,0,0,0,"{""type"":""MultiPolygon"",""coordinates"":[[[[-107.29622346979151,48.133162002236325],[-107.29621722661675,48.133171085653274],[-107.29617169473562,48.13319881565446],[-107.29614767684592,48.133257323843495],[-107.29614802454354,48.133266245778266],[-107.29653548261447,48.13327636886112],[-107.29656109455979,48.133253516798725],[-107.29622346979151,48.133162002236325]]],[[[-107.29586060156474,48.13325414234518],[-107.2958198206102,48.13323711680182],[-107.29579316460348,48.13323765185274],[-107.29576605932351,48.133229280697826],[-107.29575338295699,48.13324287193918],[-107.29580753644454,48.133259701140084],[-107.29586743938813,48.13325846954652],[-107.29586060156474,48.13325414234518]]]]}"
00000000000000000bc1,8335,0,0,0,"{""type"":""Polygon"",""coordinates"":[[[-107.29631967527672,48.13307522896663],[-107.29623579830134,48.1331394890433],[-107.29622346979151,48.133162002236325],[-107.29656109455979,48.133253516798725],[-107.29658720053953,48.133239642080206],[-107.29631967527672,48.13307522896663]]]}"
00000000000000000b88,8336,0,0,0,"{""type"":""Polygon"",""coordinates"":[[[-107.2964439284095,48.133019159110425],[-107.29635826740363,48.133043187554364],[-107.29631967527672,48.13307522896663],[-107.29658720053953,48.133239642080206],[-107.29668584237189,48.133206423758125],[-107.2964439284095,48.133019159110425]]]}"
00000000000000000bc0,8337,0,0,0,"{""type"":""Polygon"",""coordinates"":[[[-107.29654072803784,48.13294579639363],[-107.29645066554426,48.1330190530107],[-107.2964439284095,48.133019159110425],[-107.29668584237189,48.133206423758125],[-107.29669917048967,48.13320615610683],[-107.29676496915185,48.13318691857301],[-107.29654072803784,48.13294579639363]]]}"
00000000000000000bb3,8338,0,0,0,"{""type"":""Polygon"",""coordinates"":[[[-107.29667247057742,48.13290737713575],[-107.29666577802564,48.13290755440082],[-107.29664581456578,48.13290791242034],[-107.296573627117,48.1329361777398],[-107.29654072803784,48.13294579639363],[-107.29676496915185,48.13318691857301],[-107.29686420581507,48.13316711067677],[-107.29667247057742,48.13290737713575]]]}"
00000000000000000b94,8339,0,0,0,"{""type"":""Polygon"",""coordinates"":[[[-107.29680415593863,48.13286904461354],[-107.2967975650597,48.132869206151284],[-107.29673172239046,48.13288837242672],[-107.29667910603327,48.13290728675663],[-107.29667247057742,48.13290737713575],[-107.29686420581507,48.13316711067677],[-107.29696419537416,48.13316505961586],[-107.29680415593863,48.13286904461354]]]}"
00000000000000000b97,8340,0,0,0,"{""type"":""Polygon"",""coordinates"":[[[-107.297002112492,48.13296781266773],[-107.29691485652621,48.13295618554787],[-107.29697441178067,48.132946031390816],[-107.29698763901979,48.13294133047251],[-107.29693674036102,48.13284852417796],[-107.2968431971735,48.13284590926313],[-107.29680415593863,48.13286904461354],[-107.29696419537416,48.13316505961586],[-107.29711140006813,48.13317552548836],[-107.297002112492,48.13296781266773]]]}"
00000000000000000bc7,8341,0,0,0,"{""type"":""MultiPolygon"",""coordinates"":[[[[-107.29705495218116,48.13280595466905],[-107.29703234905404,48.13274834028878],[-107.29702610610019,48.13275742368135],[-107.29705495218116,48.13280595466905]]],[[[-107.29715070909873,48.1330095170082],[-107.29701568765338,48.132972033619694],[-107.297002112492,48.13296781266773],[-107.29711140006813,48.13317552548836],[-107.29723205038528,48.133186510851374],[-107.29715070909873,48.1330095170082]]],[[[-107.29697567987326,48.13282540452045],[-107.29695631137048,48.1328391730919],[-107.29694337582534,48.13284843378045],[-107.29693674036102,48.13284852417796],[-107.29698763901979,48.13294133047251],[-107.29705947773265,48.132908591935106],[-107.29710619909147,48.132907682682244],[-107.29705495218116,48.13280595466905],[-107.29697567987326,48.13282540452045]]]]}"
00000000000000000bbd,8342,0,0,0,"{""type"":""MultiPolygon"",""coordinates"":[[[[-107.2972591764063,48.133047519947745],[-107.29723192505155,48.13303464486707],[-107.29715070909873,48.1330095170082],[-107.29723205038528,48.133186510851374],[-107.29729185325687,48.13318084510149],[-107.2972591764063,48.133047519947745]]],[[[-107.29720076297082,48.13278518193139],[-107.29717435400225,48.13279020599162],[-107.29711430472788,48.132791382979214],[-107.29708590816882,48.132751758126425],[-107.29709135356455,48.13272484679642],[-107.29706365293968,48.132703065643646],[-107.2970448795327,48.13273024465699],[-107.29703234905404,48.13274834028878],[-107.29710619909147,48.132907682682244],[-107.29713944614238,48.13290698570476],[-107.29716620396881,48.132906434542626],[-107.29719286012694,48.13290589910973],[-107.29722590467614,48.13290078461328],[-107.29720076297082,48.13278518193139]]]]}"
00000000000000000b7d,8343,0,0,0,"{""type"":""MultiPolygon"",""coordinates"":[[[[-107.29731353375136,48.13306876570431],[-107.2972591764063,48.133047519947745],[-107.29729185325687,48.13318084510149],[-107.29737182245086,48.13317923864926],[-107.29736719438922,48.1330766166283],[-107.29731353375136,48.13306876570431]]],[[[-107.29734018548152,48.13276898802981],[-107.29730683680818,48.13276970081065],[-107.29720076297082,48.13278518193139],[-107.29722590467614,48.13290078461328],[-107.29724572281829,48.132895922095585],[-107.29729244425387,48.13289501275029],[-107.29735249380981,48.132893835641724],[-107.29734018548152,48.13276898802981]]]]}"
00000000000000000b92,8344,0,0,0,"{""type"":""MultiPolygon"",""coordinates"":[[[[-107.29736719438922,48.1330766166283],[-107.29737182245086,48.13317923864926],[-107.29745912410228,48.13319093652483],[-107.2974678239814,48.13308804673228],[-107.29736719438922,48.1330766166283]]],[[[-107.29741331579089,48.132763054526485],[-107.29734018548152,48.13276898802981],[-107.29735249380981,48.132893835641724],[-107.29735908473157,48.1328936740647],[-107.29739282612198,48.13290195427106],[-107.29743281045337,48.13290115102219],[-107.29745946668329,48.13290061551345],[-107.29747279480092,48.13290034775625],[-107.2974802032603,48.13276620438885],[-107.29741331579089,48.132763054526485]]]]}"
00000000000000000bb2,8345,0,0,0,"{""type"":""MultiPolygon"",""coordinates"":[[[[-107.29776047578318,48.13321617779196],[-107.29763724103333,48.1331471333442],[-107.2974678239814,48.13308804673228],[-107.29745912410228,48.13319093652483],[-107.29779536367484,48.1332512079005],[-107.29776047578318,48.13321617779196]]],[[[-107.29757974266383,48.13275524661424],[-107.29754010647176,48.13276497175564],[-107.2974802032603,48.13276620438885],[-107.29747279480092,48.13290034775625],[-107.29751277916462,48.13289954447323],[-107.29755276354443,48.132898741173165],[-107.297613263009,48.1329064700191],[-107.29765324743902,48.13290566667577],[-107.29757974266383,48.13275524661424]]],[[[-107.29771108740427,48.13300723290646],[-107.29770459734962,48.133011827741356],[-107.29769171891296,48.133021001673654],[-107.29767839072096,48.13302126946378],[-107.29766541060188,48.13303045913182],[-107.29759936487237,48.13304520857548],[-107.29756042523225,48.13306832858595],[-107.2976352973676,48.133102555334695],[-107.29778434603364,48.13315316490512],[-107.29779118421052,48.13315749195206],[-107.29771108740427,48.13300723290646]]]]}"
00000000000000000b7f,8346,0,0,0,"{""type"":""Polygon"",""coordinates"":[[[-107.29801846186096,48.133166333772564],[-107.29794035254136,48.133060723990525],[-107.29785978781278,48.13304892038844],[-107.29787880817068,48.13302622970177],[-107.29790486929313,48.13301228354203],[-107.29789084407886,48.13299915658289],[-107.29787741493388,48.132994991170634],[-107.29788380330028,48.132990412063485],[-107.2976919586285,48.13272624844013],[-107.29767189337169,48.13272662241238],[-107.29762601434732,48.13274543101302],[-107.29758647983297,48.1327551404344],[-107.29757974266383,48.13275524661424],[-107.29765324743902,48.13290566667577],[-107.29767990373466,48.132905131104074],[-107.29779416500755,48.132925143750995],[-107.29780264350342,48.132965197914245],[-107.29775676417142,48.13298400667051],[-107.29773055756105,48.13299344840172],[-107.29771757745773,48.13300263807156],[-107.29771108740427,48.13300723290646],[-107.29779118421052,48.13315749195206],[-107.297999093328,48.1331801026445],[-107.2980257499188,48.133179566966426],[-107.29801846186096,48.133166333772564]]]}"
00000000000000000b86,8347,0,0,0,"{""type"":""GeometryCollection"",""geometries"":[{""type"":""LineString"",""coordinates"":[[-107.2979403489297,48.13306070790669],[-107.29794720978026,48.13306503407807]]},{""type"":""Polygon"",""coordinates"":[[[-107.29789084407886,48.13299915658289],[-107.29790486929313,48.13301228354203],[-107.29791125766131,48.1330077044315],[-107.29789084407886,48.13299915658289]]]},{""type"":""Polygon"",""coordinates"":[[[-107.297972903732,48.13304218294891],[-107.29794720978026,48.13306503407807],[-107.29794719073243,48.133065051018406],[-107.29801846186096,48.133166333772564],[-107.297972903732,48.13304218294891]]]},{""type"":""Polygon"",""coordinates"":[[[-107.29783776978336,48.13270547475652],[-107.29782444168396,48.132705742562976],[-107.29779813359885,48.13271519999513],[-107.2976919586285,48.13272624844013],[-107.29788380330028,48.132990412063485],[-107.29791011159067,48.132980954553155],[-107.29794325805013,48.1329758240587],[-107.29783776978336,48.13270547475652]],[[-107.29784043696132,48.1329153280078],[-107.29784752229556,48.13292414366807],[-107.29786060328757,48.13291938721922],[-107.29784043696132,48.1329153280078]]]}]}"
00000000000000000b87,8348,0,0,0,"{""type"":""MultiPolygon"",""coordinates"":[[[[-107.29805876786871,48.13302257054486],[-107.29803874695536,48.13302301575153],[-107.29801917587983,48.13303236709276],[-107.29799911038744,48.133032741141605],[-107.29799286754738,48.13304182464329],[-107.297972903732,48.13304218294891],[-107.29801846186096,48.133166333772564],[-107.2980257499188,48.133179566966426],[-107.29809867885871,48.133169215355814],[-107.29805876786871,48.13302257054486]],[[-107.29805426659117,48.133071814477994],[-107.29805486196851,48.13308522501121],[-107.29806784206833,48.13307603528141],[-107.29805426659117,48.133071814477994]]],[[[-107.29805068181386,48.13299150938723],[-107.2980503336482,48.13298258751782],[-107.29801820468933,48.13286260252584],[-107.29801081573522,48.13284493619253],[-107.29793035232177,48.132837565905085],[-107.29792246902574,48.13281092231891],[-107.29796839271819,48.13279218470016],[-107.29800174164559,48.13279147168261],[-107.29797674287903,48.132680373862144],[-107.29786442598753,48.13270493913791],[-107.29783776978336,48.13270547475652],[-107.29794325805013,48.1329758240587],[-107.29800965192703,48.1329699962641],[-107.29803006554857,48.1329785440817],[-107.29803794895437,48.133005187741134],[-107.29805796985792,48.13300474253503],[-107.29805068181386,48.13299150938723]]]]}"
00000000000000000b85,8349,0,0,0,"{""type"":""MultiPolygon"",""coordinates"":[[[[-107.29809867885871,48.133169215355814],[-107.29813841655626,48.13316392313843],[-107.29813528146684,48.1330925240624],[-107.29812858877924,48.13309270143359],[-107.29810942294057,48.13311088780799],[-107.29807502845672,48.13308928418654],[-107.29809867885871,48.133169215355814]]],[[[-107.29810967589357,48.13266877368329],[-107.29807024233416,48.13268291649286],[-107.2979900709909,48.132680106034336],[-107.29797674287903,48.132680373862144],[-107.29800174164559,48.13279147168261],[-107.29802819532947,48.13278651854035],[-107.29807501797515,48.13279004202145],[-107.29812149246814,48.132784643644015],[-107.29811636850336,48.13266859631681],[-107.29810967589357,48.13266877368329]]],[[[-107.29807502845672,48.13308928418654],[-107.2981144178807,48.133075070104866],[-107.29811996434273,48.13304814282866],[-107.29813343815236,48.133052379358624],[-107.29812413383358,48.13284261609104],[-107.29811115382687,48.13285180578532],[-107.29810491104128,48.13286088926169],[-107.29808489020542,48.13286133447467],[-107.2980586836719,48.13287077627155],[-107.29801820468933,48.13286260252584],[-107.2980503336482,48.13298258751782],[-107.29806376283418,48.13298675290386],[-107.29805068181386,48.13299150938723],[-107.29805796985792,48.13300474253503],[-107.2980712980978,48.133004474691035],[-107.29807848447646,48.13301772357814],[-107.29805876786871,48.13302257054486],[-107.29807502845672,48.13308928418654]],[[-107.29807897890727,48.13302670086487],[-107.29809205994097,48.133021944374114],[-107.29807848447646,48.13301772357814],[-107.29807897890727,48.13302670086487]]]]}"
00000000000000000b83,8350,0,0,0,"{""type"":""MultiPolygon"",""coordinates"":[[[[-107.29816218525862,48.13309647699703],[-107.29813528146684,48.1330925240624],[-107.29813841655626,48.13316392313843],[-107.29821154817373,48.133157988948895],[-107.29822467384052,48.13315330357655],[-107.29823451866292,48.13307271477074],[-107.29816218525862,48.13309647699703]],[[-107.2982155993921,48.13309983878263],[-107.29822857948099,48.1330906490288],[-107.29821504853875,48.133086499397706],[-107.2982155993921,48.13309983878263]],[[-107.29818943726185,48.13310935181214],[-107.29820227109751,48.133100106648534],[-107.2981888418356,48.133095941274846],[-107.29818943726185,48.13310935181214]]],[[[-107.29820991266669,48.13267120995667],[-107.29811636850336,48.13266859631681],[-107.29812149246814,48.132784643644015],[-107.29820795150053,48.132778441669274],[-107.2982212796804,48.132778173807125],[-107.2982478350662,48.132773204866936],[-107.29825648804125,48.132670244729695],[-107.29820991266669,48.13267120995667]]],[[[-107.29816089274885,48.13306967166958],[-107.29819403934695,48.13306454107631],[-107.29823427142857,48.133068226124145],[-107.29824503128432,48.132862537679436],[-107.29818533011387,48.13286818825061],[-107.29816411841206,48.132841812532],[-107.298130769382,48.132842525609284],[-107.29812413383358,48.13284261609104],[-107.29813343815236,48.133052379358624],[-107.29816054455753,48.13306074978799],[-107.29816089274885,48.13306967166958]],[[-107.29815218369559,48.132873318817175],[-107.29815253188775,48.13288224066701],[-107.29816565745244,48.132877555329856],[-107.29815218369559,48.132873318817175]],[[-107.29817387283205,48.13306048192858],[-107.29816009468952,48.13305184364589],[-107.29816054455753,48.13306074978799],[-107.29817387283205,48.13306048192858]]]]}"
00000000000000000bb6,8351,0,0,0,"{""type"":""MultiPolygon"",""coordinates"":[[[[-107.29837728419517,48.13268573289141],[-107.298330461493,48.132682209566255],[-107.29828294167861,48.1326652915298],[-107.29825648804125,48.132670244729695],[-107.2982478350662,48.132773204866936],[-107.2982744914353,48.132772669129515],[-107.29832835509637,48.13278493693517],[-107.29838191515836,48.132788354027625],[-107.29839061236574,48.13268546500644],[-107.29837728419517,48.13268573289141]]],[[[-107.29836547979014,48.13286910405002],[-107.29835919246274,48.13287811639572],[-107.29835215155718,48.13286937193403],[-107.29829983943611,48.13289268889191],[-107.29826569219657,48.13287557405776],[-107.29824503128432,48.132862537679436],[-107.29823427142857,48.133068226124145],[-107.29824784695222,48.13307244690062],[-107.29823451866292,48.13307271477074],[-107.29822467384052,48.13315330357655],[-107.29834308955697,48.13311514970294],[-107.298372172454,48.13286892666367],[-107.29836547979014,48.13286910405002]]]]}"
00000000000000000b82,8352,0,0,0,"{""type"":""MultiPolygon"",""coordinates"":[[[[-107.2983971023243,48.13268087015607],[-107.29839061236574,48.13268546500644],[-107.29838191515836,48.132788354027625],[-107.29846872267827,48.1327910736435],[-107.29851604014317,48.132803574146436],[-107.29852434413169,48.132691692128034],[-107.2983971023243,48.13268087015607]]],[[[-107.29845472668461,48.1329253787175],[-107.29848103494994,48.132915921062946],[-107.2985006059461,48.1329065696502],[-107.29851139391089,48.13284831351534],[-107.29850465665784,48.13284841976244],[-107.29842493447227,48.132854515782086],[-107.29841160623612,48.132854783674354],[-107.29838529801837,48.132864241297675],[-107.298372172454,48.13286892666367],[-107.29834308955697,48.13311514970294],[-107.29838272627734,48.13310542415165],[-107.2984866099763,48.13304087502306],[-107.29850224698853,48.13294229674009],[-107.2984890197166,48.13294699786813],[-107.29846201489481,48.13293861181376],[-107.29845472668461,48.1329253787175]],[[-107.29847648965448,48.1329650937525],[-107.29848357519812,48.13297390936882],[-107.29849006520593,48.13296931448572],[-107.29847648965448,48.1329650937525]],[[-107.29842852008986,48.132934820628456],[-107.29841613559239,48.13295742087509],[-107.29846375690106,48.132978772153365],[-107.29845587315636,48.132952128550905],[-107.29846201489481,48.13293861181376],[-107.29842852008986,48.132934820628456]]]]}"
00000000000000000b7e,8353,0,0,0,"{""type"":""MultiPolygon"",""coordinates"":[[[[-107.29853767232524,48.132691424222024],[-107.29852434413169,48.132691692128034],[-107.29851604014317,48.132803574146436],[-107.29856331308117,48.13281600347859],[-107.29861682876643,48.13281934928769],[-107.29868452986483,48.13269296574235],[-107.29853767232524,48.132691424222024]]],[[[-107.29851139391089,48.13284831351534],[-107.2985006059461,48.1329065696502],[-107.29852017693644,48.132897218235286],[-107.29853389807127,48.13290594332618],[-107.29855391902629,48.13290549801611],[-107.29856724730084,48.13290523010284],[-107.29859195900491,48.132860116515936],[-107.29851139391089,48.13284831351534]]],[[[-107.2985031462262,48.132964557944454],[-107.29853514627838,48.1329326774089],[-107.29850224698853,48.13294229674009],[-107.2984866099763,48.13304087502306],[-107.29849320100277,48.13304071336502],[-107.29852401002874,48.13298201177528],[-107.29851731733386,48.13298218917341],[-107.2985031462262,48.132964557944454]],[[-107.29850419172358,48.13298687456915],[-107.2985112772796,48.13299569018676],[-107.29851731733386,48.13298218917341],[-107.29850419172358,48.13298687456915]]]]}"
00000000000000000b81,8354,1,0,0,"{""type"":""MultiPolygon"",""coordinates"":[[[[-107.29852401002874,48.13298201177528],[-107.29849320100277,48.13304071336502],[-107.29853224211506,48.13301757725489],[-107.2985635449598,48.13297230191511],[-107.29852401002874,48.13298201177528]]],[[[-107.29859195900491,48.132860116515936],[-107.29856724730084,48.13290523010284],[-107.29858057557716,48.13290496218769],[-107.2986072321352,48.13290442635167],[-107.29862729768847,48.13290405217501],[-107.29864666597055,48.132890283254845],[-107.2986792169081,48.13287174204005],[-107.29859195900491,48.132860116515936]]],[[[-107.29877322610025,48.132735900626855],[-107.29874468102388,48.13269622095394],[-107.29868452986483,48.13269296574235],[-107.29861682876643,48.13281934928769],[-107.29866369640042,48.13282294362237],[-107.29868361566179,48.132822514024824],[-107.29873762603476,48.13283483701131],[-107.29875109993297,48.13283907343509],[-107.29880008531379,48.132739782206905],[-107.29877322610025,48.132735900626855]]]]}"
00000000000000000bb5,8355,0,0,0,"{""type"":""Polygon"",""coordinates"":[[[-107.29886048394941,48.13274752596003],[-107.29880008531379,48.132739782206905],[-107.29875109993297,48.13283907343509],[-107.29886640867332,48.1328814013071],[-107.29887289864428,48.132876806407126],[-107.29893421092338,48.13275500171118],[-107.29886048394941,48.13274752596003]]]}"
00000000000000000bb4,8356,0,0,0,"{""type"":""Polygon"",""coordinates"":[[[-107.29900789340329,48.13276240625575],[-107.29893421092338,48.13275500171118],[-107.29887289864428,48.132876806407126],[-107.29889920689058,48.132867348647096],[-107.29896644417383,48.132879419284976],[-107.29899365196468,48.13289222266021],[-107.29900698029677,48.13289195468447],[-107.29907373634467,48.132743238457124],[-107.29900789340329,48.13276240625575]]]}"
00000000000000000baf,8357,0,0,0,"{""type"":""MultiPolygon"",""coordinates"":[[[[-107.29935350863455,48.1324339372996],[-107.29929959993002,48.13242159901493],[-107.2992395944776,48.132422848492],[-107.2992403930815,48.132440676279785],[-107.29922786347566,48.132458772076575],[-107.29925451989673,48.132458236068736],[-107.29926889409211,48.13248028445116],[-107.29926983839827,48.13250261658879],[-107.29928361677906,48.13251125461589],[-107.2992850112425,48.132542492808284],[-107.29928640570563,48.132573731019214],[-107.29928675417885,48.13258265280699],[-107.2992873500191,48.13259606319615],[-107.29936034699027,48.13243826417102],[-107.29935350863455,48.1324339372996]]],[[[-107.29916424570597,48.13267888591055],[-107.29910713020337,48.1327425961958],[-107.29908706463462,48.13274297047207],[-107.29907373634467,48.132743238457124],[-107.29900698029677,48.13289195468447],[-107.2990743194165,48.13290400950947],[-107.29913506698861,48.132920674948025],[-107.29918988873595,48.13280346491226],[-107.29908266641533,48.132792198417825],[-107.29910852450455,48.13277383453222],[-107.29914910521298,48.13278644099514],[-107.29917621196671,48.13279481108638],[-107.29917536881928,48.13277691202841],[-107.2991749186996,48.1327680059455],[-107.29917412013674,48.132750178045214],[-107.29918709999694,48.13274098822858],[-107.29919358992525,48.13273639332025],[-107.29915964483541,48.13272369633364],[-107.29917178153934,48.13269660749314],[-107.29919798798899,48.13268716542558],[-107.29920412945502,48.13267364871591],[-107.29916424570597,48.13267888591055]]]]}"
00000000000000000b8d,8358,0,0,0,"{""type"":""Polygon"",""coordinates"":[[[-107.29937855639338,48.1325451052773],[-107.29938200979721,48.13247354542843],[-107.29936034699027,48.13243826417102],[-107.2992873500191,48.13259606319615],[-107.29934369948896,48.132661956235154],[-107.29934470092566,48.13268420156063],[-107.29934644391854,48.132724361664984],[-107.29930834817375,48.1327653812714],[-107.29929571678915,48.13278349293045],[-107.29928318706985,48.13280158885525],[-107.29921654539382,48.13280292890544],[-107.29920321706399,48.1328031969098],[-107.29918988873595,48.13280346491226],[-107.29913506698861,48.132920674948025],[-107.29914180430045,48.13292056865501],[-107.29918883056988,48.13292850905989],[-107.29923624992432,48.1329454424405],[-107.2992498256703,48.13294966305971],[-107.29941982284167,48.13272291521607],[-107.29937855639338,48.1325451052773]]]}"
00000000000000000b90,8359,0,0,0,"{""type"":""GeometryCollection"",""geometries"":[{""type"":""LineString"",""coordinates"":[[-107.29969500418166,48.13261022331491],[-107.29968853744842,48.13261481912844]]},{""type"":""Polygon"",""coordinates"":[[[-107.29945690582544,48.13280701058787],[-107.29944397055347,48.132816271600994],[-107.29949808275764,48.132833027349875],[-107.29952359226473,48.13280574151456],[-107.29945690582544,48.13280701058787]]]},{""type"":""Polygon"",""coordinates"":[[[-107.29967561438559,48.13262400112246],[-107.2996056208737,48.13270133469161],[-107.29954467030666,48.13268025216745],[-107.29955959614509,48.13271563985921],[-107.2995604394827,48.13273353888813],[-107.29951371712166,48.13273444935865],[-107.29949375314693,48.132734807982686],[-107.2995349300471,48.13276082469399],[-107.29954256723595,48.1327829794748],[-107.29968849247088,48.13261482700199],[-107.29967561438559,48.13262400112246]]]},{""type"":""Polygon"",""coordinates"":[[[-107.29944675972463,48.13287874835563],[-107.29941266862338,48.13286154707057],[-107.29936524919815,48.13284461380595],[-107.2993512232967,48.13283148711958],[-107.29939026401655,48.13280835076225],[-107.29942785303695,48.13275406295617],[-107.29941982284167,48.13272291521607],[-107.2992498256703,48.13294966305971],[-107.29927683091525,48.13295804888334],[-107.29934451892424,48.132979025378305],[-107.29936493316185,48.1329875728977],[-107.29945369985188,48.13288305951526],[-107.29944675972463,48.13287874835563]]]}]}"
00000000000000000b93,8360,0,0,0,"{""type"":""Polygon"",""coordinates"":[[[-107.29977969875303,48.13256386868595],[-107.2997206944339,48.132587363754986],[-107.29969498234998,48.132610232072],[-107.29954256723595,48.1327829794748],[-107.29955024901881,48.13280520541256],[-107.29952359226473,48.13280574151456],[-107.29949808275764,48.132833027349875],[-107.29951165853333,48.132837247922254],[-107.29951360450767,48.13288182561039],[-107.29946108961624,48.13290072572968],[-107.29945369985188,48.13288305951526],[-107.29936493316185,48.1329875728977],[-107.29942563660855,48.13300416701824],[-107.29945313675466,48.13302153006789],[-107.29948044663749,48.13303431758976],[-107.2995691561511,48.132929890897806],[-107.29952832756327,48.132912795964565],[-107.2995671655266,48.13288524202316],[-107.29957969517984,48.132867146034165],[-107.29963750802891,48.13281683002485],[-107.29962788006236,48.13275002648258],[-107.29964075819939,48.13274085234523],[-107.29967955134971,48.13271322730584],[-107.29969287971474,48.13271295923489],[-107.29972487893389,48.13268107847608],[-107.29978308454463,48.13263975550852],[-107.29978203825327,48.13261743906514],[-107.29981458878501,48.132598897571576],[-107.29977969875303,48.13256386868595]]]}"
00000000000000000bb0,8361,0,0,0,"{""type"":""Polygon"",""coordinates"":[[[-107.29965117455426,48.13297284453834],[-107.2995691561511,48.132929890897806],[-107.29948044663749,48.13303431758976],[-107.29952102791582,48.13304692394329],[-107.29954224100365,48.13307329942954],[-107.29958306977284,48.1330903944044],[-107.29967822461325,48.132981301395525],[-107.29965117455426,48.13297284453834]]]}"
00000000000000000b91,8362,0,0,0,"{""type"":""Polygon"",""coordinates"":[[[-107.29975944450808,48.13300642700116],[-107.29970568035286,48.132998593212044],[-107.29967822461325,48.132981301395525],[-107.29958306977284,48.1330903944044],[-107.2996034395921,48.13309887073805],[-107.29961027811032,48.13310319764222],[-107.29965051101043,48.13310688207807],[-107.29971830092794,48.13313229158367],[-107.29973851258401,48.13313642154701],[-107.2997729187367,48.13301066328687],[-107.29975944450808,48.13300642700116]]]}"
00000000000000000ba2,8363,0,0,0,"{""type"":""Polygon"",""coordinates"":[[[-107.29988034556766,48.13302634649919],[-107.29981355731303,48.13302318261741],[-107.2997729187367,48.13301066328687],[-107.29973851258401,48.13313642154701],[-107.29981209547013,48.133139392252964],[-107.2998725968112,48.13315156862395],[-107.29989910815131,48.13314652802895],[-107.29990574388134,48.1331464374193],[-107.29988034556766,48.13302634649919]]]}"
00000000000000000b8e,8364,0,0,0,"{""type"":""Polygon"",""coordinates"":[[[-107.29999985235732,48.13301057841583],[-107.29999311496702,48.13301068477127],[-107.29995372550482,48.13302489960787],[-107.29988034556766,48.13302634649919],[-107.29990574388134,48.1331464374193],[-107.29994597698989,48.133150121728974],[-107.3000645389896,48.13311647010028],[-107.29999985235732,48.13301057841583]]]}"
00000000000000000bad,8365,0,0,0,"{""type"":""MultiPolygon"",""coordinates"":[[[[-107.30016987403954,48.13308307075404],[-107.30016418313265,48.13310549375344],[-107.30018439492468,48.13310962361729],[-107.30016987403954,48.13308307075404]]],[[[-107.30012500505008,48.13297676504829],[-107.30004608039104,48.13300069042748],[-107.29999985235732,48.13301057841583],[-107.3000645389896,48.13311647010028],[-107.30014251908783,48.13307021228031],[-107.30016967115374,48.1330786532661],[-107.30012500505008,48.13297676504829]]]]}"
00000000000000000b8c,8366,0,0,0,"{""type"":""Polygon"",""coordinates"":[[[-107.30024671432919,48.132862702259594],[-107.30019778891351,48.13296190749698],[-107.30017821794237,48.132971259265126],[-107.30013823236801,48.132972063690865],[-107.30012500505008,48.13297676504829],[-107.30016967115374,48.1330786532661],[-107.30016987403954,48.13308307075404],[-107.30018439492468,48.13310962361729],[-107.30019792639261,48.13311377295911],[-107.30021868978386,48.13313124217895],[-107.3002716554558,48.133121247681444],[-107.30026907581272,48.13291582723747],[-107.30026897459155,48.13291139402389],[-107.30027417042565,48.13287999386538],[-107.30024671432919,48.132862702259594]]]}"
00000000000000000b8f,8367,0,0,0,"{""type"":""MultiPolygon"",""coordinates"":[[[[-107.30027417042565,48.13287999386538],[-107.30026897459155,48.13291139402389],[-107.30029493375119,48.13289746299277],[-107.30027417042565,48.13287999386538]]],[[[-107.30035871321783,48.133128454174106],[-107.30037239055767,48.1331371078718],[-107.30041698381973,48.13293968257162],[-107.30037654776645,48.13293158100054],[-107.30032284030725,48.132923660689926],[-107.30026907581272,48.13291582723747],[-107.3002716554558,48.133121247681444],[-107.3002782466203,48.13312108589701],[-107.30029217141458,48.133134228245915],[-107.3003049038148,48.13312054957093],[-107.30035187455101,48.13312412732498],[-107.30035871321783,48.133128454174106]],[[-107.30036520315888,48.133123859152356],[-107.30035811699533,48.133115043665626],[-107.30035187455101,48.13312412732498],[-107.30036520315888,48.133123859152356]]]]}"
00000000000000000b8b,8368,0,0,0,"{""type"":""Polygon"",""coordinates"":[[[-107.30054437580682,48.13295500617158],[-107.30045072708465,48.13294796166216],[-107.30041698381973,48.13293968257162],[-107.3003725934676,48.1331415253636],[-107.30038631540528,48.13315025020968],[-107.3004261554511,48.13314494128917],[-107.30044008032876,48.13315808362046],[-107.30045316145355,48.133153326793575],[-107.3004667375957,48.133157547247194],[-107.30047322753668,48.133152952215596],[-107.30056439721405,48.132954560430036],[-107.30054437580682,48.13295500617158]]]}"
00000000000000000ba0,8369,0,0,0,"{""type"":""Polygon"",""coordinates"":[[[-107.30068564884216,48.132978951743574],[-107.30065888996323,48.13297950391482],[-107.30064521256715,48.13297085028532],[-107.30059105437006,48.13295402402712],[-107.30056439721405,48.132954560430036],[-107.30047322753668,48.133152952215596],[-107.30048655617212,48.13315268402527],[-107.30053442752737,48.133178522933356],[-107.30056188406394,48.13319581454942],[-107.3005888901737,48.133204200021],[-107.30069248754836,48.13298327855596],[-107.30068564884216,48.132978951743574]]]}"
00000000000000000b8a,8370,0,0,0,"{""type"":""Polygon"",""coordinates"":[[[-107.30079381932046,48.13301254872773],[-107.30076681323739,48.133004163343706],[-107.30069932625663,48.132987605368164],[-107.30069248754836,48.13298327855596],[-107.3005888901737,48.133204200021],[-107.30058913769794,48.13320868866577],[-107.30068568017357,48.13327819445343],[-107.30069231598351,48.13327810378711],[-107.30082057826156,48.13301199651693],[-107.30079381932046,48.13301254872773]]]}"
00000000000000000b9f,8371,0,0,0,"{""type"":""Polygon"",""coordinates"":[[[-107.3008887185552,48.1330463269622],[-107.30086799932614,48.13302892907446],[-107.30082057826156,48.13301199651693],[-107.30069231598351,48.13327810378711],[-107.30071353029466,48.133304479099195],[-107.30073390074115,48.133312955211395],[-107.30094981764616,48.133067464128935],[-107.3008887185552,48.1330463269622]]]}"
00000000000000000b9c,8372,0,0,0,"{""type"":""Polygon"",""coordinates"":[[[-107.30107197120523,48.13311411618287],[-107.30104476191255,48.13310131338119],[-107.30094981764616,48.133067464128935],[-107.30073390074115,48.133312955211395],[-107.30074073951407,48.13331728204612],[-107.30075491215409,48.13333491302385],[-107.30076150339002,48.13333475120375],[-107.30076799334914,48.133330156136275],[-107.30108569340477,48.13312284091772],[-107.30107197120523,48.13311411618287]]]}"
00000000000000000b9a,8373,0,0,0,"{""type"":""Polygon"",""coordinates"":[[[-107.30116845778751,48.13318370821876],[-107.30113956018053,48.133135107147574],[-107.30108569340477,48.13312284091772],[-107.30076799334914,48.133330156136275],[-107.30117654675328,48.133214769153156],[-107.30116845778751,48.13318370821876]]]}"
00000000000000000b9b,8374,0,0,0,"{""type"":""Polygon"",""coordinates"":[[[-107.30118363319222,48.13322358458916],[-107.30117654675328,48.133214769153156],[-107.30076799334914,48.133330156136275],[-107.30076150339002,48.13333475120375],[-107.30085525514205,48.133341779686305],[-107.30123439901186,48.13331633354415],[-107.30118363319222,48.13322358458916]]]}"
00000000000000000ba6,8375,0,0,0,"{""type"":""Polygon"",""coordinates"":[[[-107.30123439901186,48.13331633354415],[-107.30085525514205,48.133341779686305],[-107.30122690213814,48.13344604502116],[-107.30124308459854,48.13336080510338],[-107.30124133956141,48.1333206445996],[-107.30123439901186,48.13331633354415]]]}"
00000000000000000ba8,8376,0,0,0,"{""type"":""GeometryCollection"",""geometries"":[{""type"":""LineString"",""coordinates"":[[-107.30075488922648,48.1333348811347],[-107.30076155540397,48.133334747620154]]},{""type"":""Polygon"",""coordinates"":[[[-107.30085525514205,48.133341779686305],[-107.30076150339002,48.13333475120375],[-107.30111737291573,48.13353309198071],[-107.3011434341416,48.133519144804225],[-107.3011564140887,48.133509954584625],[-107.301169292351,48.13350078010641],[-107.3012274540824,48.133459384452244],[-107.30122690213814,48.13344604502116],[-107.30085525514205,48.133341779686305]]]}]}"
00000000000000000b9e,8377,0,0,0,"{""type"":""GeometryCollection"",""geometries"":[{""type"":""LineString"",""coordinates"":[[-107.3007617548575,48.13333920997856],[-107.30075488922648,48.1333348811347]]},{""type"":""Polygon"",""coordinates"":[[[-107.30076175093484,48.133339239858685],[-107.30075630783608,48.13336615165293],[-107.30076454230979,48.13340171714003],[-107.3007461192419,48.1334378191186],[-107.30074007975533,48.13345132037475],[-107.30104039458917,48.13360159668713],[-107.30109371010764,48.13360052356557],[-107.30110544002531,48.133564599000835],[-107.30111757591318,48.13353750950196],[-107.30111737291573,48.13353309198071],[-107.30076175093484,48.133339239858685]]]}]}"
00000000000000000ba5,8378,0,0,0,"{""type"":""Polygon"",""coordinates"":[[[-107.30074007975533,48.13345132037475],[-107.3007337927236,48.13346033296827],[-107.30073558178303,48.13350056475104],[-107.30072350277413,48.13352756729822],[-107.30073718039182,48.133536221002494],[-107.30076548123837,48.13357141195675],[-107.3007904956445,48.13353514805752],[-107.3008975767671,48.13354190827043],[-107.30084001113389,48.133596714417514],[-107.30081994473231,48.13359708908345],[-107.30081370227555,48.133606172856396],[-107.30097689081198,48.13367433758288],[-107.30099001672494,48.133669651779954],[-107.30104039458917,48.13360159668713],[-107.30074007975533,48.13345132037475]]]}"
00000000000000000ba1,8379,0,0,0,"{""type"":""Polygon"",""coordinates"":[[[-107.30081370227555,48.133606172856396],[-107.30078969011402,48.13366468251505],[-107.30075734167917,48.133687642272506],[-107.30074436162481,48.13369683247187],[-107.30093969578247,48.133737620048414],[-107.30095103243367,48.13369270229369],[-107.30097689081198,48.13367433758288],[-107.30081370227555,48.133606172856396]]]}"
00000000000000000b9d,8380,0,0,0,"{""type"":""Polygon"",""coordinates"":[[[-107.30074436162481,48.13369683247187],[-107.30075264071621,48.13373246933184],[-107.30072133903583,48.13377774601043],[-107.30072189078834,48.13379108553338],[-107.30091642597267,48.13381404499294],[-107.30090899066997,48.133796307458994],[-107.30093320575585,48.1337422151648],[-107.30093969578247,48.133737620048414],[-107.30074436162481,48.13369683247187]]]}"
00000000000000000baa,8381,0,0,0,"{""type"":""Polygon"",""coordinates"":[[[-107.30072189078834,48.13379108553338],[-107.30070466012481,48.13385400915103],[-107.30071948635067,48.133884964115765],[-107.30090668798645,48.13389461933721],[-107.30089785689766,48.13384564284778],[-107.30091662894388,48.13381846253887],[-107.30091642597267,48.13381404499294],[-107.30072189078834,48.13379108553338]]]}"
00000000000000000bae,8382,0,0,0,"{""type"":""Polygon"",""coordinates"":[[[-107.30090668798645,48.13389461933721],[-107.30071948635067,48.133884964115765],[-107.30072827260138,48.1339338695152],[-107.30074404402892,48.13398715725374],[-107.30091512565316,48.13393460271868],[-107.30090668798645,48.13389461933721]]]}"
00000000000000000ba9,8383,0,0,0,"{""type"":""Polygon"",""coordinates"":[[[-107.30091876120238,48.13401498013413],[-107.30092395677549,48.13398357928847],[-107.30091512565316,48.13393460271868],[-107.30074404402892,48.13398715725374],[-107.30074439283592,48.133996079267426],[-107.30075891451399,48.13402263248432],[-107.30075936500529,48.13403153876274],[-107.30077349330465,48.13404909882126],[-107.30079425757685,48.13406656820471],[-107.3007945051215,48.13407105692199],[-107.3009326420347,48.13402805144804],[-107.30091876120238,48.13401498013413]]]}"
00000000000000000bab,8384,0,0,0,"{""type"":""Polygon"",""coordinates"":[[[-107.30094701800566,48.13405010019177],[-107.3009326420347,48.13402805144804],[-107.3007945051215,48.13407105692199],[-107.30082171492714,48.1340838600176],[-107.3008501621136,48.134123555763985],[-107.3008852578486,48.13416300280423],[-107.30099468803925,48.13407152170153],[-107.30094701800566,48.13405010019177]]]}"
00000000000000000be0,8385,0,0,0,"{""type"":""Polygon"",""coordinates"":[[[-107.30102863563462,48.13408421830048],[-107.30099468803925,48.13407152170153],[-107.3008852578486,48.13416300280423],[-107.30089903742885,48.13417164084146],[-107.30099433317535,48.13421441283625],[-107.30101460292838,48.134218455699106],[-107.3010768576752,48.13411897938116],[-107.30102863563462,48.13408421830048]]]}"
00000000000000000bda,8386,0,0,0,"{""type"":""Polygon"",""coordinates"":[[[-107.3011641216913,48.13413060276808],[-107.30109747629596,48.134131944253134],[-107.3010768576752,48.13411897938116],[-107.30101460292838,48.134218455699106],[-107.30105518667328,48.13423106162479],[-107.3010894833395,48.134252680290054],[-107.30118363129417,48.13426870171136],[-107.3011641216913,48.13413060276808]]]}"
00000000000000000bdd,8387,0,0,0,"{""type"":""Polygon"",""coordinates"":[[[-107.30128328396088,48.13411035965713],[-107.30127669255097,48.13411052151988],[-107.30126336345958,48.13411078983645],[-107.3011840867732,48.13413024375881],[-107.3011641216913,48.13413060276808],[-107.30118363129417,48.13426870171136],[-107.3012371954503,48.13427211720215],[-107.3013100836958,48.1342616916869],[-107.30132965534223,48.13425233944136],[-107.30128328396088,48.13411035965713]]]}"
00000000000000000c22,8388,0,0,0,"{""type"":""Polygon"",""coordinates"":[[[-107.30141707022469,48.13411665381272],[-107.30135666713699,48.13410891158069],[-107.30131667983592,48.13410971655882],[-107.30129002164416,48.13411025320142],[-107.30128328396088,48.13411035965713],[-107.30132965534223,48.13425233944136],[-107.30136235311156,48.13423830128363],[-107.30142889753739,48.13423252628183],[-107.30143699076157,48.134116223600536],[-107.30141707022469,48.13411665381272]]]}"
00000000000000000ba7,8389,0,0,0,"{""type"":""Polygon"",""coordinates"":[[[-107.3015440744374,48.134122983101705],[-107.30150363636926,48.13411488187463],[-107.30146364899926,48.13411568691586],[-107.30145031987952,48.13411595525914],[-107.30143699076157,48.134116223600536],[-107.30142889753739,48.13423252628183],[-107.30152220168505,48.13423064784879],[-107.3015422685795,48.13423027301895],[-107.30158430949129,48.1341266667433],[-107.3015440744374,48.134122983101705]]]}"
00000000000000000ba3,8390,0,0,0,"{""type"":""Polygon"",""coordinates"":[[[-107.30170521757366,48.13414658418737],[-107.3016847002756,48.13413360370933],[-107.30158430949129,48.1341266667433],[-107.3015422685795,48.13423027301895],[-107.30163637255768,48.1342462228242],[-107.30174600485918,48.13416360736238],[-107.30170521757366,48.13414658418737]]]}"
00000000000000000bd2,8391,0,0,0,"{""type"":""Polygon"",""coordinates"":[[[-107.30179447571946,48.134202856828516],[-107.3017731585483,48.13417204802853],[-107.30174600485918,48.13416360736238],[-107.30163637255768,48.1342462228242],[-107.30164984771737,48.13425045892248],[-107.30167730585492,48.13426775053094],[-107.30169792490047,48.134280715299745],[-107.30173850925263,48.13429332093585],[-107.30174555145604,48.1343020653527],[-107.30184849095836,48.13421517826333],[-107.30179447571946,48.134202856828516]]]}"
00000000000000000bd1,8392,0,0,0,"{""type"":""Polygon"",""coordinates"":[[[-107.3018890753606,48.13422778381878],[-107.30184849095836,48.13421517826333],[-107.30174555145604,48.1343020653527],[-107.30178833217965,48.13436373853473],[-107.30184898373005,48.134375969249746],[-107.30194343981876,48.134249027247925],[-107.3018890753606,48.13422778381878]]]}"
00000000000000000bd0,8393,0,0,0,"{""type"":""Polygon"",""coordinates"":[[[-107.30199121261569,48.13427488163067],[-107.30197044739731,48.13425741246116],[-107.30194343981876,48.134249027247925],[-107.30184898373005,48.134375969249746],[-107.30194308852448,48.13439191877758],[-107.30197059157913,48.13440928148969],[-107.30195761137844,48.134418471982954],[-107.3019515720541,48.13443197356288],[-107.30197254044302,48.134453860386415],[-107.30199400424097,48.13448472470493],[-107.30202021210718,48.13447528150959],[-107.30203354143674,48.13447501307997],[-107.3020515704248,48.13442991692651],[-107.30199121261569,48.13427488163067]]]}"
00000000000000000bcd,8394,0,0,0,"{""type"":""Polygon"",""coordinates"":[[[-107.30209100749491,48.13426840739073],[-107.30207833215077,48.13428199971026],[-107.30200499266188,48.13428351951559],[-107.30199121261569,48.13427488163067],[-107.3020515704248,48.13442991692651],[-107.30206329988664,48.13439399168997],[-107.30213598570067,48.13437914791844],[-107.30218151770464,48.134351414461406],[-107.30220063853213,48.13433315570625],[-107.30209100749491,48.13426840739073]]]}"
00000000000000000bca,8395,0,0,0,"{""type"":""Polygon"",""coordinates"":[[[-107.30215451101728,48.13419566494272],[-107.30214153091534,48.134204855421046],[-107.30212959848198,48.1342363629592],[-107.30209100749491,48.13426840739073],[-107.30220063853213,48.13433315570625],[-107.30221361867606,48.13432396519646],[-107.30222694797868,48.13432369674141],[-107.30224631650044,48.134309926716945],[-107.30226578669453,48.13429614094956],[-107.30229729067138,48.1342552809178],[-107.30215451101728,48.13419566494272]]]}"
00000000000000000ba4,8396,0,0,0,"{""type"":""Polygon"",""coordinates"":[[[-107.30228406358589,48.134108169543566],[-107.30220523737852,48.13413653059812],[-107.30215451101728,48.13419566494272],[-107.30229729067138,48.1342552809178],[-107.30229683980686,48.134246374618215],[-107.30231645600624,48.13423709332401],[-107.30228406358589,48.134108169543566]]]}"
00000000000000000bce,8397,0,0,0,"{""type"":""Polygon"",""coordinates"":[[[-107.3023906975169,48.13410602179438],[-107.30230367970923,48.13409888827828],[-107.30228406358589,48.134108169543566],[-107.30231645600624,48.13423709332401],[-107.30232918836914,48.13422341409461],[-107.30238959249915,48.13423115570471],[-107.302445411615,48.13413618690023],[-107.3023906975169,48.13410602179438]]]}"
00000000000000000bcb,8398,0,0,0,"{""type"":""Polygon"",""coordinates"":[[[-107.30245898863278,48.13414040712852],[-107.302445411615,48.13413618690023],[-107.30238959249915,48.13423115570471],[-107.30244311284001,48.13423449935114],[-107.30247800782466,48.13426952825458],[-107.30260031474889,48.134168870401886],[-107.30245898863278,48.13414040712852]]]}"
00000000000000000bcf,8399,0,0,0,"{""type"":""Polygon"",""coordinates"":[[[-107.30270255524529,48.134215951620966],[-107.30264839311714,48.13419912622585],[-107.30260700794378,48.134168692702225],[-107.30260031474889,48.134168870401886],[-107.30247800782466,48.13426952825458],[-107.30249238503865,48.13429157683636],[-107.3024886892194,48.13435865040169],[-107.30254085724373,48.13433082598671],[-107.30252023768416,48.13431786139977],[-107.30252553374986,48.1342864445737],[-107.3025729580595,48.13430337661621],[-107.30256691894,48.134316878200146],[-107.30272327636153,48.13423334945708],[-107.30270255524529,48.134215951620966]]]}"
00000000000000000bc8,8400,0,0,0,"{""type"":""Polygon"",""coordinates"":[[[-107.30278023335231,48.134312653036645],[-107.30275807021049,48.13426394493078],[-107.30272327636153,48.13423334945708],[-107.30256691894,48.134316878200146],[-107.30255443435561,48.13433504621472],[-107.30254085724373,48.13433082598671],[-107.3024886892194,48.13435865040169],[-107.30248973710826,48.134380967513465],[-107.30254989387298,48.13438422030126],[-107.30256287400037,48.13437502973571],[-107.3025812962364,48.134338926786356],[-107.30261504203668,48.13434720527143],[-107.30261619149294,48.13437395570214],[-107.30278832395858,48.13434371445992],[-107.30278023335231,48.134312653036645]]]}"
00000000000000000ad9,8401,0,0,0,"{""type"":""Polygon"",""coordinates"":[[[-107.3027962113814,48.13437035831759],[-107.30278832395858,48.13434371445992],[-107.30261619149294,48.13437395570214],[-107.30262407878149,48.13440059959268],[-107.30261843350972,48.1344230944217],[-107.30278058401163,48.134468939731],[-107.30279855515201,48.13442393035402],[-107.30281073497603,48.13439691136412],[-107.3027962113814,48.13437035831759]]]}"
00000000000000000a8f,8402,0,0,0,"{""type"":""Polygon"",""coordinates"":[[[-107.30261843350972,48.1344230944217],[-107.3026013638631,48.13449036551842],[-107.30258203988978,48.134504206812075],[-107.30271128940205,48.13455967336702],[-107.30273026410325,48.13453690994488],[-107.30278093330777,48.13447786180656],[-107.30278058401163,48.134468939731],[-107.30261843350972,48.1344230944217]]]}"
00000000000000000bd8,8403,0,0,0,"{""type"":""Polygon"",""coordinates"":[[[-107.30258203988978,48.134504206812075],[-107.30254355027523,48.13454068493294],[-107.30249148362479,48.13456849372498],[-107.30249162969216,48.13457299821867],[-107.30262112693447,48.13463295372374],[-107.30262736927395,48.13462386965891],[-107.30265947033205,48.134596420100436],[-107.30267953766774,48.134596045018924],[-107.30269890627206,48.134582274829704],[-107.30271128940205,48.13455967336702],[-107.30258203988978,48.134504206812075]]]}"
00000000000000000bf6,8404,0,0,0,"{""type"":""Polygon"",""coordinates"":[[[-107.30249162969216,48.13457299821867],[-107.30247910038815,48.13459109516578],[-107.30243307287371,48.13460540229644],[-107.3024200926468,48.13461459288718],[-107.30249801825164,48.13471578403324],[-107.30252387707624,48.13469741853706],[-107.30258937507408,48.13466932539965],[-107.30262112693447,48.13463295372374],[-107.30249162969216,48.13457299821867]]]}"
00000000000000000be7,8405,0,0,0,"{""type"":""Polygon"",""coordinates"":[[[-107.3024200926468,48.13461459288718],[-107.3023227412583,48.1346746241221],[-107.30231604799201,48.134674801805446],[-107.30237316298144,48.1347584527739],[-107.30244550044029,48.134734686519096],[-107.30245882992325,48.13473441802516],[-107.30249801825164,48.13471578403324],[-107.3024200926468,48.13461459288718]]]}"
00000000000000000be3,8406,0,0,0,"{""type"":""Polygon"",""coordinates"":[[[-107.30231604799201,48.134674801805446],[-107.30225609406507,48.13467596647154],[-107.30221610577068,48.134676771858445],[-107.30219603849055,48.1346771468422],[-107.30222793567731,48.13479264539661],[-107.30226088165332,48.13478309554603],[-107.30231374869882,48.13477311527272],[-107.30237316298144,48.1347584527739],[-107.30231604799201,48.134674801805446]]]}"
00000000000000000bde,8407,0,0,0,"{""type"":""Polygon"",""coordinates"":[[[-107.30219603849055,48.1346771468422],[-107.30215629792967,48.13468244096523],[-107.3021288391361,48.13466514937424],[-107.30202649541347,48.13476544843397],[-107.30203343636944,48.134769759540525],[-107.30210811651962,48.13479956599986],[-107.30220791292606,48.134793091535016],[-107.30222124239637,48.13479282307412],[-107.30222793567731,48.13479264539661],[-107.30219603849055,48.1346771468422]]]}"
00000000000000000bd3,8408,0,0,0,"{""type"":""Polygon"",""coordinates"":[[[-107.3020741247542,48.1346349837918],[-107.30205245769322,48.13459970180101],[-107.30205126406591,48.13457288008858],[-107.30202425622296,48.13456449485454],[-107.30195181546253,48.13473564192536],[-107.30195904839987,48.13474896205753],[-107.30196549396918,48.134744295630625],[-107.30199219740128,48.13474382992718],[-107.30202649541347,48.13476544843397],[-107.3021288391361,48.13466514937424],[-107.3020741247542,48.1346349837918]]]}"
00000000000000000bd5,8409,0,0,0,"{""type"":""Polygon"",""coordinates"":[[[-107.30201577259263,48.134524439977355],[-107.30199630223206,48.13453822575802],[-107.30192341307014,48.134548651872684],[-107.30190464112515,48.13457583275321],[-107.3019057900515,48.13460258332209],[-107.30189291145545,48.13461175809977],[-107.30188032483838,48.13462994187987],[-107.30184173330078,48.13466198646478],[-107.30195181546253,48.13473564192536],[-107.30202425622296,48.13456449485454],[-107.301997597504,48.13456503171178],[-107.30203594117005,48.13452849837804],[-107.30201577259263,48.134524439977355]]]}"
00000000000000000be2,8410,0,0,0,"{""type"":""Polygon"",""coordinates"":[[[-107.30195181546253,48.13473564192536],[-107.30184173330078,48.13466198646478],[-107.30180938420446,48.13468494702892],[-107.3017655529081,48.13474832178776],[-107.30189435007524,48.134794883343304],[-107.30190059257276,48.134785799293795],[-107.30195904839987,48.13474896205753],[-107.30195181546253,48.13473564192536]]]}"
00000000000000000bd6,8411,0,0,0,"{""type"":""Polygon"",""coordinates"":[[[-107.3017655529081,48.13474832178776],[-107.30175885966752,48.134748499431836],[-107.30170065142606,48.13478982532102],[-107.30168247589805,48.13483041721162],[-107.3018642418363,48.13486698316429],[-107.30189435007524,48.134794883343304],[-107.3017655529081,48.13474832178776]]]}"
00000000000000000bdb,8412,0,0,0,"{""type"":""Polygon"",""coordinates"":[[[-107.30168247589805,48.13483041721162],[-107.30164628317978,48.13491594756382],[-107.30182121015464,48.134948186757654],[-107.30185230893495,48.1348984910763],[-107.30186444491515,48.13487140079388],[-107.3018642418363,48.13486698316429],[-107.30168247589805,48.13483041721162]]]}"
00000000000000000bdf,8413,0,0,0,"{""type"":""Polygon"",""coordinates"":[[[-107.30164628317978,48.13491594756382],[-107.30164642914045,48.13492045209126],[-107.30164887286249,48.134974009017306],[-107.30163669212047,48.1350010281793],[-107.30163714281416,48.135009934614054],[-107.30177787353554,48.13502498856103],[-107.30182121015464,48.134948186757654],[-107.30164628317978,48.13491594756382]]]}"
00000000000000000bdc,8414,0,0,0,"{""type"":""Polygon"",""coordinates"":[[[-107.30163714281416,48.135009934614054],[-107.3016264029871,48.135068264553986],[-107.30161342250454,48.13507745512292],[-107.30161467288092,48.13510419021379],[-107.30174821559753,48.13510599512118],[-107.30177787353554,48.13502498856103],[-107.30163714281416,48.135009934614054]]]}"
00000000000000000bd4,8415,0,0,0,"{""type"":""Polygon"",""coordinates"":[[[-107.30161467288092,48.13510419021379],[-107.3016120226084,48.13519358230652],[-107.30174566701857,48.13519982061311],[-107.30174252510709,48.13512841906569],[-107.30174821559753,48.13510599512118],[-107.30161467288092,48.13510419021379]]]}"
00000000000000000be1,8416,0,0,0,"{""type"":""Polygon"",""coordinates"":[[[-107.3016120226084,48.13519358230652],[-107.30160692866245,48.13522941730828],[-107.30159394811757,48.13523860790431],[-107.30159579510486,48.13527875411627],[-107.30174326468135,48.13529370168114],[-107.30174566701857,48.13519982061311],[-107.3016120226084,48.13519358230652]]]}"
00000000000000000be8,8417,0,0,0,"{""type"":""Polygon"",""coordinates"":[[[-107.30159579510486,48.13527875411627],[-107.30160437969063,48.135323243026505],[-107.30159304304647,48.13536816225011],[-107.30173407976649,48.135387618263444],[-107.30174660963688,48.13536952112535],[-107.30174336605727,48.13529813508994],[-107.30174326468135,48.13529370168114],[-107.30159579510486,48.13527875411627]]]}"
00000000000000000bea,8418,0,0,0,"{""type"":""Polygon"",""coordinates"":[[[-107.30159304304647,48.13536816225011],[-107.30157057270283,48.13546241849158],[-107.30173062995127,48.13545918206897],[-107.30172159447827,48.13540578655718],[-107.30173407976649,48.135387618263444],[-107.30159304304647,48.13536816225011]]]}"
00000000000000000beb,8419,0,0,0,"{""type"":""Polygon"",""coordinates"":[[[-107.30173062995127,48.13545918206897],[-107.30157057270283,48.13546241849158],[-107.30156473609412,48.135480338005564],[-107.30156777626598,48.13554730661519],[-107.30157521220188,48.13556504467224],[-107.3017400144697,48.13552149989675],[-107.30173062995127,48.13545918206897]]]}"
00000000000000000be5,8420,0,0,0,"{""type"":""Polygon"",""coordinates"":[[[-107.3017495452898,48.135583873205036],[-107.3017400144697,48.13552149989675],[-107.30157521220188,48.13556504467224],[-107.30158993814628,48.13559601621597],[-107.30165229221204,48.13564833838141],[-107.30176347166568,48.13559701591535],[-107.3017495452898,48.135583873205036]]]}"
00000000000000000be9,8421,1,0,0,"{""type"":""Polygon"",""coordinates"":[[[-107.30184624287469,48.1356578853204],[-107.30176347166568,48.13559701591535],[-107.30165229221204,48.13564833838141],[-107.30168024660637,48.135674608122095],[-107.30170885448501,48.135718651307776],[-107.30186037239775,48.13567544573052],[-107.30184624287469,48.1356578853204]]]}"
00000000000000000be6,8422,0,0,0,"{""type"":""Polygon"",""coordinates"":[[[-107.30191044487891,48.13575035392231],[-107.30186825925846,48.13570209035302],[-107.30187450193556,48.13569300614405],[-107.30186037239775,48.13567544573052],[-107.30170885448501,48.135718651307776],[-107.3017091021331,48.135723140161],[-107.3017094511489,48.13573206246022],[-107.30170980016463,48.135740984760936],[-107.3016714103518,48.135777447694224],[-107.30168533675337,48.135790590463564],[-107.301918477777,48.13578150317741],[-107.30191044487891,48.13575035392231]]]}"
00000000000000000be4,8423,0,0,0,"{""type"":""MultiPolygon"",""coordinates"":[[[[-107.3020546707319,48.135841283102415],[-107.30202032717,48.1358195930368],[-107.30193445471207,48.13583921024039],[-107.3019750408981,48.135851816103234],[-107.30198233111422,48.13586504961708],[-107.30206880044707,48.135858843538166],[-107.3020546707319,48.135841283102415]]],[[[-107.30168533675337,48.135790590463564],[-107.30172047968719,48.13583010953318],[-107.30171503667418,48.135857022653575],[-107.30172951519897,48.135883505474645],[-107.30191568202456,48.13586639180852],[-107.30192112490661,48.13583947867527],[-107.30192052816724,48.13582606749869],[-107.3019191316091,48.135794827448414],[-107.301918477777,48.13578150317741],[-107.30168533675337,48.135790590463564]]]]}"
00000000000000000c01,8424,0,0,0,"{""type"":""MultiPolygon"",""coordinates"":[[[[-107.30206880044707,48.135858843538166],[-107.30198233111422,48.13586504961708],[-107.30200449378671,48.135913759396104],[-107.30201827440617,48.13592239753359],[-107.30211737526365,48.135902527499496],[-107.30206880044707,48.135858843538166]]],[[[-107.30191717996733,48.135902065360604],[-107.30191568202456,48.13586639180852],[-107.30172951519897,48.135883505474645],[-107.30175118249822,48.1359187883931],[-107.30170495033009,48.1359286778564],[-107.30168652647774,48.13596478176917],[-107.30164099225769,48.13599251589779],[-107.3016416459843,48.13600584022678],[-107.30194548387402,48.13593725747129],[-107.30191717996733,48.135902065360604]]]]}"
00000000000000000c00,8425,0,0,0,"{""type"":""MultiPolygon"",""coordinates"":[[[[-107.30211737526365,48.135902527499496],[-107.30201827440617,48.13592239753359],[-107.30205317024542,48.135957427693455],[-107.3021311559228,48.13591116561791],[-107.30211737526365,48.135902527499496]]],[[[-107.30197374324513,48.13597237844429],[-107.3019523233317,48.135941584418056],[-107.30194548387402,48.13593725747129],[-107.3016416459843,48.13600584022678],[-107.30164179193513,48.13601034484777],[-107.30169720595093,48.13605390692427],[-107.30171817494697,48.1360757944626],[-107.30175896426941,48.13609281820452],[-107.30181877419561,48.13608714914061],[-107.3019880189462,48.135994443553926],[-107.30197374324513,48.13597237844429]]]]}"
00000000000000000bef,8426,0,1,0,"{""type"":""GeometryCollection"",""geometries"":[{""type"":""LineString"",""coordinates"":[[-107.30205314652306,48.13595741868566],[-107.30205978120836,48.135957285728175]]},{""type"":""Polygon"",""coordinates"":[[[-107.30214483490283,48.13591981947891],[-107.3021311559228,48.13591116561791],[-107.30205976203729,48.135957265761974],[-107.30205978120836,48.135957285728175],[-107.30210184683963,48.13600109599892],[-107.30212281614205,48.13602298341907],[-107.30219410844659,48.13597689891122],[-107.30214483490283,48.13591981947891]]]},{""type"":""Polygon"",""coordinates"":[[[-107.30208966595201,48.13602811574946],[-107.30207553616759,48.13601055526206],[-107.30199555687255,48.13601216597821],[-107.30199510610372,48.13600325937743],[-107.3019880189462,48.135994443553926],[-107.30181877419561,48.13608714914061],[-107.30184543395723,48.136086612291066],[-107.30187349022968,48.13611731565917],[-107.30192171595617,48.136152077564674],[-107.3021033895513,48.136036840786396],[-107.30208966595201,48.13602811574946]]]}]}"
00000000000000000bd7,8427,0,0,0,"{""type"":""Polygon"",""coordinates"":[[[-107.30219410844659,48.13597689891122],[-107.30212281614205,48.13602298341907],[-107.30212965564866,48.136027310359],[-107.3021446299894,48.13606277095177],[-107.30211033074431,48.13604115198552],[-107.3021033895513,48.136036840786396],[-107.30192171595617,48.136152077564674],[-107.30193529354752,48.13615629801421],[-107.30196230246264,48.13616468349972],[-107.30199025752341,48.13619095339092],[-107.30203139630217,48.136216899423474],[-107.30203254525077,48.13624365082452],[-107.30222241275257,48.13601209098013],[-107.30219410844659,48.13597689891122]]]}"
00000000000000000bd9,8428,1,0,1,"{""type"":""Polygon"",""coordinates"":[[[-107.3023459758468,48.1360899838957],[-107.30232525404921,48.13607258538154],[-107.30229774956975,48.136055222258456],[-107.30227028971903,48.136037930283685],[-107.30222241275257,48.13601209098013],[-107.30203254525077,48.13624365082452],[-107.30207417951291,48.1362785746591],[-107.30240697989545,48.13611113693195],[-107.3023459758468,48.1360899838957]],[[-107.30222091272542,48.13612823593912],[-107.30222820309315,48.13614146949994],[-107.30223449038768,48.13613245634259],[-107.30222091272542,48.13612823593912]],[[-107.30222091272542,48.13612823593912],[-107.302199143342,48.13608851952901],[-107.30215995347763,48.136107153923916],[-107.30222091272542,48.13612823593912]]]}"
00000000000000000c0d,8429,0,0,0,"{""type"":""MultiPolygon"",""coordinates"":[[[[-107.30259994398182,48.13609827757853],[-107.30260089019218,48.13612061117055],[-107.30260148717524,48.136134022411774],[-107.30261606825066,48.13616048947264],[-107.30261646207731,48.136169482988564],[-107.30261666523845,48.13617390072381],[-107.30262954434063,48.13616472556379],[-107.30266154536626,48.13613284168822],[-107.30259994398182,48.13609827757853]]],[[[-107.30254237541845,48.136153087484054],[-107.30250862806446,48.136144808728744],[-107.30248151718699,48.13613643915093],[-107.30246818719725,48.13613670766802],[-107.30245485720931,48.136136976183224],[-107.30242735258498,48.13611961307973],[-107.30240697989545,48.13611113693195],[-107.30207417951291,48.1362785746591],[-107.30213598343028,48.136317556989084],[-107.30240059006972,48.13626753557878],[-107.30240687735903,48.13625852238867],[-107.30242714867681,48.136262565070396],[-107.30249983836967,48.13624772039768],[-107.30250632878538,48.13624312494664],[-107.30259060217348,48.13618784905085],[-107.30254237541845,48.136153087484054]]]]}"
00000000000000000bf7,8430,0,0,0,"{""type"":""MultiPolygon"",""coordinates"":[[[[-107.30242714867681,48.136262565070396],[-107.30246089608612,48.13627084387149],[-107.30249983836967,48.13624772039768],[-107.30242714867681,48.136262565070396]]],[[[-107.30238830780728,48.136290122011964],[-107.30240059006972,48.13626753557878],[-107.30213598343028,48.136317556989084],[-107.30214986565551,48.13633062866349],[-107.30219774292009,48.136356468152094],[-107.30221930931756,48.13639176700553],[-107.30224681396906,48.136409130257775],[-107.30225375525484,48.13641344147467],[-107.30240932208693,48.13631208063163],[-107.30238830780728,48.136290122011964]]]]}"
00000000000000000bfd,8431,0,0,0,"{""type"":""MultiPolygon"",""coordinates"":[[[[-107.30249983836967,48.13624772039768],[-107.30246089608612,48.13627084387149],[-107.30249459892676,48.13627905150982],[-107.30250632878538,48.13624312494664],[-107.30249983836967,48.13624772039768]]],[[[-107.30245116008805,48.13635142208396],[-107.30240932208693,48.13631208063163],[-107.30225375525484,48.13641344147467],[-107.302294443732,48.13643048082039],[-107.30236189412,48.13644696740221],[-107.30237571965847,48.13645567671949],[-107.30240272901628,48.136464062117504],[-107.30245799971443,48.13635574902446],[-107.30245116008805,48.13635142208396]]]]}"
00000000000000000bf8,8432,0,0,0,"{""type"":""MultiPolygon"",""coordinates"":[[[[-107.30261666523845,48.13617390072381],[-107.302616912996,48.136178389610755],[-107.30261746538729,48.13619172971516],[-107.30259060217348,48.13618784905085],[-107.30250632878538,48.13624312494664],[-107.30249459892676,48.13627905150982],[-107.30258910322654,48.13630399437607],[-107.30262954434063,48.13616472556379],[-107.30261666523845,48.13617390072381]]],[[[-107.30255919773131,48.13638051424607],[-107.3025325375563,48.136381051307445],[-107.30251246928707,48.13638142639463],[-107.30245799971443,48.13635574902446],[-107.30240272901628,48.136464062117504],[-107.30249045105079,48.13648459131077],[-107.30254412074056,48.13649243961878],[-107.30257252782151,48.13638024571254],[-107.30255919773131,48.13638051424607]]]]}"
00000000000000000bf4,8433,0,0,0,"{""type"":""MultiPolygon"",""coordinates"":[[[[-107.30263328485425,48.13639690979667],[-107.30257252782151,48.13638024571254],[-107.30254412074056,48.13649243961878],[-107.30265160657036,48.13650819155168],[-107.30266518448113,48.13651241191837],[-107.30270098335501,48.136417885027875],[-107.30263328485425,48.13639690979667]]],[[[-107.3027772226929,48.13618408938452],[-107.30274407220489,48.13618922196433],[-107.30272959269688,48.136162739167474],[-107.30269559745464,48.136149971595124],[-107.30266154536626,48.13613284168822],[-107.30262954434063,48.13616472556379],[-107.30258910322654,48.13630399437607],[-107.30259594287133,48.13630832130236],[-107.30263638400686,48.13631642232884],[-107.30267672348917,48.136324539082665],[-107.30274362171316,48.13632768521524],[-107.302779070924,48.13622423626344],[-107.30274571722283,48.13622495110947],[-107.30276504213042,48.13621110930654],[-107.30279180393795,48.13621055643956],[-107.3027973924064,48.1361881477243],[-107.30278406235334,48.13618841628715],[-107.3027772226929,48.13618408938452]],[[-107.30277098007855,48.13619317373543],[-107.30278476109092,48.136201811798706],[-107.30278406235334,48.13618841628715],[-107.30277098007855,48.13619317373543]],[[-107.30270488226365,48.13620785661944],[-107.30271217285569,48.13622109015782],[-107.3027250519656,48.13621191497654],[-107.30270488226365,48.13620785661944]]]]}"
00000000000000000bfa,8434,0,0,0,"{""type"":""MultiPolygon"",""coordinates"":[[[[-107.30281746063216,48.13618777257998],[-107.3027973924064,48.1361881477243],[-107.30279180393795,48.13621055643956],[-107.30281826087867,48.136205601571874],[-107.30281746063216,48.13618777257998]]],[[[-107.30280173101254,48.136433743342174],[-107.30270782304096,48.1364222119545],[-107.30270098335501,48.136417885027875],[-107.30266518448113,48.13651241191837],[-107.30273323248058,48.1365423095937],[-107.30277367395723,48.136550410589656],[-107.30284237560608,48.136446262051315],[-107.30280173101254,48.136433743342174]]],[[[-107.30281826087867,48.136205601571874],[-107.30281257072902,48.13622802603978],[-107.302779070924,48.13622423626344],[-107.30274362171316,48.13632768521524],[-107.3028975435744,48.13633796451235],[-107.30291091829456,48.13633776708256],[-107.30298610959899,48.13622902340379],[-107.30295944941182,48.13622956058256],[-107.30292744844333,48.13626144461465],[-107.30291401683789,48.136257279711685],[-107.30289199869301,48.13621307449737],[-107.30283808133358,48.136200737534764],[-107.30281826087867,48.136205601571874]],[[-107.30291496323441,48.13627961336335],[-107.30294786604607,48.136269991819354],[-107.30292744844333,48.13626144461465],[-107.30291496323441,48.13627961336335]]]]}"
00000000000000000bf9,8435,0,0,0,"{""type"":""MultiPolygon"",""coordinates"":[[[[-107.30298610959899,48.13622902340379],[-107.30291091829456,48.13633776708256],[-107.3030173115361,48.136331129466924],[-107.30303273639811,48.136228126770476],[-107.30298610959899,48.13622902340379]]],[[[-107.30294396845646,48.13648002045216],[-107.30284237560608,48.136446262051315],[-107.30277367395723,48.136550410589656],[-107.30280717405006,48.136554200384076],[-107.30286653429094,48.13653962390199],[-107.30289379175613,48.13655249808445],[-107.30290777613423,48.13656555395138],[-107.30291441269091,48.13656546310674],[-107.30295729863691,48.13647975186236],[-107.30294396845646,48.13648002045216]]]]}"
00000000000000000bf2,8436,0,0,0,"{""type"":""Polygon"",""coordinates"":[[[-107.30304352238015,48.13646905586617],[-107.3029906526419,48.136479036931604],[-107.30295729863691,48.13647975186236],[-107.30291441269091,48.13656546310674],[-107.30302953944465,48.136603370663536],[-107.30304876299826,48.136585095187115],[-107.30307562668003,48.13658897574056],[-107.30304352238015,48.13646905586617]]]}"
00000000000000000bf3,8437,0,0,0,"{""type"":""MultiPolygon"",""coordinates"":[[[[-107.3031572515589,48.13647572278794],[-107.30313024179509,48.13646733761081],[-107.3030698334269,48.136459596245636],[-107.30304352238015,48.13646905586617],[-107.30307562668003,48.13658897574056],[-107.3030891030418,48.13659321179475],[-107.3032443204729,48.13648292683823],[-107.3031572515589,48.13647572278794]]],[[[-107.30312869616195,48.136284222445425],[-107.30312245358964,48.13629330683542],[-107.30311536602743,48.13628449105687],[-107.30306888524007,48.1362898923725],[-107.30304811823758,48.136272422812596],[-107.3030742259243,48.136258545489426],[-107.30309439577672,48.13626260376898],[-107.3031341383322,48.13625730904775],[-107.30313319180092,48.13623497541112],[-107.30303273639811,48.136228126770476],[-107.3030173115361,48.136331129466924],[-107.30307737031187,48.136329948463796],[-107.30312340011224,48.13631564049712],[-107.30315051145509,48.13632400991023],[-107.30317717176425,48.136323472674306],[-107.30317637134574,48.13630564364984],[-107.30318930753064,48.13629638149614],[-107.30317552632926,48.13628774348025],[-107.30314791950705,48.13626594706526],[-107.30314202629826,48.13628395383209],[-107.30312869616195,48.136284222445425]],[[-107.30314911386881,48.13629276960836],[-107.30315535643636,48.13628368521685],[-107.30314202629826,48.13628395383209],[-107.30314911386881,48.13629276960836]]]]}"
00000000000000000a61,8438,0,0,0,"{""type"":""Polygon"",""coordinates"":[[[-107.3033145675209,48.13656189359375],[-107.30327932010658,48.136517941127046],[-107.30326434435541,48.13648248044048],[-107.3032443204729,48.13648292683823],[-107.3030891030418,48.13659321179475],[-107.30311601134373,48.136597163488545],[-107.30315055985926,48.136623271208755],[-107.30318461278476,48.13664040108047],[-107.3033216551922,48.136570709401276],[-107.3033145675209,48.13656189359375]]]}"
00000000000000000c09,8439,0,0,0,"{""type"":""Polygon"",""coordinates"":[[[-107.30333738692431,48.13662392810769],[-107.30333623703675,48.1365971765528],[-107.3033216551922,48.136570709401276],[-107.30318461278476,48.13664040108047],[-107.30327332762246,48.13668333455279],[-107.30333418761656,48.1366999825119],[-107.30335735381104,48.1366235685833],[-107.30333738692431,48.13662392810769]]]}"
00000000000000000b1b,8440,0,0,0,"{""type"":""Polygon"",""coordinates"":[[[-107.30347093774436,48.13662573046345],[-107.30335735381104,48.1366235685833],[-107.30333418761656,48.1366999825119],[-107.30335435779035,48.136704040762666],[-107.30336803751463,48.13671269456075],[-107.30340802849237,48.13671188859441],[-107.30348176790443,48.136719361097946],[-107.30347093774436,48.13662573046345]]]}"
00000000000000000b1d,8441,0,0,0,"{""type"":""Polygon"",""coordinates"":[[[-107.30363139731269,48.13663148417386],[-107.30347093774436,48.13662573046345],[-107.30348176790443,48.136719361097946],[-107.30350179196482,48.13671891464412],[-107.30354098242049,48.13670027946944],[-107.30355476390606,48.136708917493344],[-107.30358177406355,48.136717302579456],[-107.3036379893337,48.13663132212605],[-107.30363139731269,48.13663148417386]]]}"
00000000000000000b1f,8442,0,0,0,"{""type"":""Polygon"",""coordinates"":[[[-107.30374023877842,48.13667840421528],[-107.30371312687411,48.136670034926716],[-107.3036856655065,48.13665274319355],[-107.3036379893337,48.13663132212605],[-107.30358177406355,48.136717302579456],[-107.30367638301456,48.13674222876203],[-107.30368332453985,48.13675098916318],[-107.30377373944545,48.13668219366681],[-107.30374023877842,48.13667840421528]]]}"
00000000000000000b1c,8443,0,0,0,"{""type"":""Polygon"",""coordinates"":[[[-107.30381397846523,48.13668587645174],[-107.30377373944545,48.13668219366681],[-107.30368332453985,48.13675098916318],[-107.30369041235922,48.136759804971376],[-107.30373285015365,48.1368125575355],[-107.30377329258752,48.13682065812739],[-107.30388297553606,48.136738107179596],[-107.30381397846523,48.13668587645174]]]}"
00000000000000000b15,8444,0,0,0,"{""type"":""Polygon"",""coordinates"":[[[-107.30393789872686,48.13677269057532],[-107.30388297553606,48.136738107179596],[-107.30377329258752,48.13682065812739],[-107.30377992925185,48.1368205672197],[-107.3037546664922,48.136852345235845],[-107.30378233134843,48.136874054798085],[-107.30381642962304,48.13689125565979],[-107.30383705126772,48.136904220549205],[-107.3038639600956,48.13690817204322],[-107.30397185081435,48.136785386670425],[-107.30397139957192,48.1367764799601],[-107.30393789872686,48.13677269057532]]]}"
00000000000000000cca,8445,0,0,0,"{""type"":""Polygon"",""coordinates"":[[[-107.30397893873067,48.13679420246063],[-107.30397185081435,48.136785386670425],[-107.3038639600956,48.13690817204322],[-107.30399786230171,48.13691889610764],[-107.30404469379903,48.1369224167269],[-107.30404678594742,48.13681968151702],[-107.30397893873067,48.13679420246063]]]}"
00000000000000000d00,8446,0,0,0,"{""type"":""Polygon"",""coordinates"":[[[-107.30416012344901,48.13681735361748],[-107.30412722000656,48.13682697569333],[-107.30408073815465,48.1368323775819],[-107.30404678594742,48.13681968151702],[-107.30404469379903,48.1369224167269],[-107.30408493322491,48.13692609940468],[-107.30420385895752,48.1369013623605],[-107.30416012344901,48.13681735361748]]]}"
00000000000000000b14,8447,1,0,1,"{""type"":""Polygon"",""coordinates"":[[[-107.30428558390429,48.13678809207093],[-107.30427200546643,48.13678387192485],[-107.30425228625427,48.13678872057756],[-107.30416012344901,48.13681735361748],[-107.30420385895752,48.1369013623605],[-107.30426307388015,48.136882280209996],[-107.3043033133828,48.13688596279142],[-107.30432937682026,48.13687201380462],[-107.30428558390429,48.13678809207093]]]}"
00000000000000000cff,8448,0,0,0,"{""type"":""Polygon"",""coordinates"":[[[-107.30437690107338,48.136741558628756],[-107.3043375072594,48.13675577638371],[-107.30430560817193,48.136787645443476],[-107.30428558390429,48.13678809207093],[-107.30432937682026,48.13687201380462],[-107.3044077579423,48.136834742655935],[-107.30445968133142,48.13680242687309],[-107.30437690107338,48.136741558628756]]]}"
00000000000000000b03,8449,0,0,0,"{""type"":""Polygon"",""coordinates"":[[[-107.3044145465637,48.13668717792951],[-107.30440960109074,48.13672751871129],[-107.30437690107338,48.136741558628756],[-107.30445968133142,48.13680242687309],[-107.30448539501744,48.136779555416396],[-107.30449827415256,48.13677037989906],[-107.30451125497441,48.13676118863551],[-107.30455019741994,48.13673806410984],[-107.3045555370472,48.13670671690418],[-107.3044145465637,48.13668717792951]]]}"
00000000000000000b13,8450,0,0,0,"{""type"":""Polygon"",""coordinates"":[[[-107.30441778829824,48.13661119471389],[-107.30441234690078,48.13663810834576],[-107.30441294453826,48.136651519690986],[-107.3044145465637,48.13668717792951],[-107.3045555370472,48.13670671690418],[-107.30456481749738,48.136617231362834],[-107.30456411810044,48.13659938652121],[-107.30441778829824,48.13661119471389]]]}"
00000000000000000b16,8451,0,0,0,"{""type"":""Polygon"",""coordinates"":[[[-107.30455573295708,48.13656376390552],[-107.30455538326005,48.13655484149296],[-107.30454659133562,48.13650593415225],[-107.30438083541343,48.136531600244055],[-107.30438103878572,48.13653601800062],[-107.30442187562481,48.136553111836065],[-107.30441778829824,48.13661119471389],[-107.30456411810044,48.13659938652121],[-107.30455573295708,48.13656376390552]]]}"
00000000000000000b1a,8452,0,0,0,"{""type"":""Polygon"",""coordinates"":[[[-107.30453925529463,48.13649262955245],[-107.30453845421567,48.136474800498796],[-107.30452976402374,48.13643032672311],[-107.30437649324315,48.136433374512514],[-107.30437803815549,48.13646911950116],[-107.30437908712959,48.13649143745982],[-107.30437988813027,48.1365092665224],[-107.30438048575854,48.13652267783524],[-107.30438083541343,48.136531600244055],[-107.30454659133562,48.13650593415225],[-107.30453925529463,48.13649262955245]]]}"
00000000000000000b0c,8453,0,0,0,"{""type"":""Polygon"",""coordinates"":[[[-107.304360365641,48.1363711626763],[-107.30438078395755,48.13637970957574],[-107.30437628987072,48.13642895676456],[-107.30437649324315,48.136433374512514],[-107.30452976402374,48.13643032672311],[-107.30451328644862,48.13635919254372],[-107.30452416897714,48.13630536557403],[-107.304360365641,48.1363711626763]]]}"
00000000000000000b0f,8454,0,0,0,"{""type"":""Polygon"",""coordinates"":[[[-107.30430324280967,48.13628751052639],[-107.30429046550682,48.136301119412366],[-107.30429126646949,48.136318948412196],[-107.30429166070635,48.136327941937914],[-107.30429221370541,48.136341282055156],[-107.304360365641,48.1363711626763],[-107.30452416897714,48.13630536557403],[-107.30452361589268,48.1362920254694],[-107.30430324280967,48.13628751052639]]]}"
00000000000000000b0e,8455,1,0,1,"{""type"":""MultiPolygon"",""coordinates"":[[[[-107.30449516219667,48.13625232934178],[-107.30433858656059,48.136184076918774],[-107.30432800888532,48.13624675495868],[-107.3043090338435,48.136269519445136],[-107.30430324280967,48.13628751052639],[-107.30452361589268,48.1362920254694],[-107.3045232215982,48.13628303195223],[-107.30449516219667,48.13625232934178]]],[[[-107.30401222179778,48.13604766645233],[-107.30397328001877,48.13607079043934],[-107.30393363904426,48.136080518956625],[-107.3038683863958,48.13611310270446],[-107.30382814796005,48.13610941996761],[-107.30381526900165,48.13611859527526],[-107.30380183714016,48.13611887972743],[-107.30378850696964,48.13611914843246],[-107.30376184663396,48.13611968583687],[-107.30380657978417,48.136074121710365],[-107.30385281266378,48.13606423118888],[-107.30389200237373,48.13604559612157],[-107.30394442058436,48.136022258860045],[-107.30387632699976,48.135992291213874],[-107.30384377387195,48.13601083534729],[-107.30382375012127,48.136011281858636],[-107.30380378346433,48.13601164147006],[-107.30375440938977,48.13610194779557],[-107.30375151598196,48.13618685263985],[-107.30381806533072,48.13618107564198],[-107.30388391556541,48.13616190311133],[-107.30393678513201,48.136151921618115],[-107.3039959987823,48.13613283993649],[-107.30403319269544,48.136069553433785],[-107.304059853072,48.13606901595345],[-107.30401222179778,48.13604766645233]]]]}"
00000000000000000b19,8456,0,0,0,"{""type"":""MultiPolygon"",""coordinates"":[[[[-107.30413169151483,48.13588445191812],[-107.30404661884589,48.135921899932924],[-107.30400802678584,48.13595394618927],[-107.3039884542878,48.135963299305274],[-107.3039745266556,48.13595015685837],[-107.30390218649423,48.13597392488366],[-107.30388271560851,48.135987711440265],[-107.30387632699976,48.135992291213874],[-107.30394442058436,48.136022258860045],[-107.30395076459563,48.13601760792884],[-107.3039904055045,48.13600787941778],[-107.30405430416292,48.13594412674614],[-107.30408765807417,48.135943411443634],[-107.30414642010793,48.135915423190184],[-107.30413169151483,48.13588445191812]]],[[[-107.30450158534711,48.13580110624851],[-107.30448735241686,48.13577911279022],[-107.30445455158235,48.135793168204856],[-107.3044290420134,48.135820456902074],[-107.30440911993033,48.13582088778875],[-107.30436399329228,48.135857458511396],[-107.30435115908291,48.13586670499326],[-107.3043381785796,48.135875896070836],[-107.30432519807154,48.1358850871484],[-107.30431266889546,48.135903184782954],[-107.30430013970803,48.13592128242238],[-107.30427512589938,48.13595754886602],[-107.30424277621685,48.135980510830876],[-107.30420902799588,48.13597223272287],[-107.30423513536583,48.13595835517098],[-107.30425365893686,48.13592668427435],[-107.30418745943292,48.13593693465309],[-107.3041688341242,48.135968621289884],[-107.30416234384475,48.13597321682597],[-107.3041563048616,48.135986718934944],[-107.30412999411874,48.135996178760735],[-107.30409080447845,48.13601481390602],[-107.30409125575957,48.1360237204859],[-107.30407178487485,48.13603750709389],[-107.30403828463987,48.1360337177819],[-107.30401222179778,48.13604766645233],[-107.304059853072,48.13606901595345],[-107.30408006775323,48.136073145155756],[-107.30414657248996,48.13606729679238],[-107.30417123686135,48.136022107976395],[-107.30423743651178,48.136011857588535],[-107.30427198574586,48.1360379645963],[-107.30429320481755,48.13606434037925],[-107.30431422055524,48.136086298450444],[-107.30433644405036,48.13613492090463],[-107.30435745985933,48.136156878993994],[-107.30433844028022,48.136179572295376],[-107.30433858656059,48.136184076918774],[-107.30449516219667,48.13625232934178],[-107.30450189304554,48.136104853155786],[-107.30443544512178,48.13611061488049],[-107.30442675510339,48.13606614139884],[-107.30449944523002,48.13605129525543],[-107.30450254030303,48.135970808359446],[-107.30449605004023,48.135975403917875],[-107.30447542849573,48.1359624393964],[-107.30444921944726,48.135971883559364],[-107.30442290870369,48.135981343462845],[-107.30439669964343,48.13599078761516],[-107.30435605430294,48.13597826969185],[-107.30436843720707,48.1359556674214],[-107.30438685900252,48.13591956305206],[-107.30441850924672,48.13588320566103],[-107.30443114006728,48.13586509227487],[-107.30444401886817,48.135855916932734],[-107.30445695475265,48.13584665469489],[-107.30446983354402,48.13583747935275],[-107.30448930425544,48.13582369272077],[-107.30447517302694,48.13580613269166],[-107.30450158534711,48.13580110624851]],[[-107.30447472164923,48.13579722615285],[-107.30446159488585,48.13580191264363],[-107.30447517302694,48.13580613269166],[-107.30447472164923,48.13579722615285]]]]}"
00000000000000000b0d,8457,0,0,0,"{""type"":""MultiPolygon"",""coordinates"":[[[[-107.30465037637012,48.13614204290741],[-107.30461642435836,48.1361293472057],[-107.30460958435488,48.13612502044729],[-107.30455601521959,48.13612160684561],[-107.30450848503327,48.136104691050626],[-107.30450189304554,48.136104853155786],[-107.30449516219667,48.13625232934178],[-107.3045232215982,48.13628303195223],[-107.3045343520739,48.13623369394121],[-107.30458153275472,48.136246136624386],[-107.30465701297607,48.136141951941696],[-107.30465037637012,48.13614204290741]],[[-107.30455417269971,48.13622882954261],[-107.30456705162311,48.13621965411744],[-107.30454712929662,48.13622008504222],[-107.30455417269971,48.13622882954261]],[[-107.30454642991086,48.136206689555294],[-107.30453355099016,48.13621586497537],[-107.30454712929662,48.13622008504222],[-107.30454642991086,48.136206689555294]]],[[[-107.3047714828762,48.13586718745394],[-107.30474482244296,48.13586772513141],[-107.30468581253108,48.1358912248716],[-107.30470159086859,48.1359445137662],[-107.30461571695741,48.13596413345328],[-107.30460154100173,48.13594650224917],[-107.30466020127022,48.13591408023122],[-107.30467248231706,48.13589149369942],[-107.30457372973702,48.135920288708206],[-107.30456095263449,48.135933897530165],[-107.30454138016569,48.135943250754686],[-107.30452885104205,48.13596134843614],[-107.30450254030303,48.135970808359446],[-107.30449944523002,48.13605129525543],[-107.30451262917403,48.136046521838836],[-107.3046073843869,48.13607595139993],[-107.3045998449862,48.1360582291968],[-107.30460608725534,48.13604914475896],[-107.30458476618419,48.1360183356018],[-107.30459749871255,48.13600465560411],[-107.3046496688236,48.13597682911906],[-107.30471562059621,48.135962089549494],[-107.30474158158552,48.13594370726236],[-107.30472800332518,48.13593948724403],[-107.3047062307445,48.135899771626455],[-107.30474542021871,48.13588113627473],[-107.30477228408579,48.13588501629647],[-107.30479190111622,48.135875734185966],[-107.30481172156983,48.13587086977162],[-107.30481122550924,48.135861892075766],[-107.3047714828762,48.13586718745394]],[[-107.30453604070306,48.13597459750061],[-107.30454996862933,48.135987739864646],[-107.304582915954,48.135978188965495],[-107.30453604070306,48.13597459750061]]]]}"
00000000000000000b08,8458,0,0,0,"{""type"":""Polygon"",""coordinates"":[[[-107.30474508747183,48.13617140122322],[-107.30467798445171,48.13616383880676],[-107.30465701297607,48.136141951941696],[-107.30458153275472,48.136246136624386],[-107.30459511108462,48.13625035668627],[-107.30466305992691,48.136275819299044],[-107.30470315270719,48.136279446277086],[-107.30476585561358,48.13618887035333],[-107.30474508747183,48.13617140122322]]]}"
00000000000000000b10,8459,0,0,0,"{""type"":""Polygon"",""coordinates"":[[[-107.30481997818453,48.136205623910925],[-107.30476585561358,48.13618887035333],[-107.30470315270719,48.136279446277086],[-107.30473675516778,48.13628321961474],[-107.30479856372159,48.13632220011517],[-107.30481204044543,48.136326435896656],[-107.30488712601641,48.13621325737892],[-107.30481997818453,48.136205623910925]]]}"
00000000000000000afd,8460,0,0,0,"{""type"":""Polygon"",""coordinates"":[[[-107.3049004563764,48.13621298851593],[-107.30488712601641,48.13621325737892],[-107.30481204044543,48.136326435896656],[-107.30485283285704,48.13634345832578],[-107.30491948488445,48.13634211400707],[-107.30497919509011,48.13633200941101],[-107.30500585592327,48.13633147165351],[-107.30501893828927,48.13632671388565],[-107.3049004563764,48.13621298851593]]]}"
00000000000000000b02,8461,0,0,0,"{""type"":""Polygon"",""coordinates"":[[[-107.30512383257894,48.13628440017387],[-107.3050978714126,48.136302782687935],[-107.30509637038901,48.13626710899211],[-107.30512222983846,48.13624874223826],[-107.3049992098644,48.13618419298762],[-107.30498647735841,48.13619787308473],[-107.30495387958783,48.1362163465182],[-107.3049004563764,48.13621298851593],[-107.30501893828927,48.13632671388565],[-107.30503202065377,48.13632195611648],[-107.30507086074728,48.1362943981076],[-107.30509832293639,48.136311689305664],[-107.30512582976125,48.1363290516509],[-107.30519248195618,48.136327707138626],[-107.30512383257894,48.13628440017387]]]}"
00000000000000000b0a,8462,0,0,0,"{""type"":""MultiPolygon"",""coordinates"":[[[[-107.30481122550924,48.135861892075766],[-107.30481172156983,48.13587086977162],[-107.30482480376422,48.135866112076236],[-107.30483129398979,48.135861516506054],[-107.30481122550924,48.135861892075766]]],[[[-107.30512287492047,48.13611469712644],[-107.30506386459035,48.13613819722008],[-107.30503815157783,48.13616106853599],[-107.30501857899928,48.136170421901014],[-107.3049992098644,48.13618419298762],[-107.30512222983846,48.13624874223826],[-107.30513506410828,48.13623949558458],[-107.30514843911543,48.13623929783594],[-107.30518783240893,48.13622507990073],[-107.30512287492047,48.13611469712644]],[[-107.30514075300769,48.136217071005774],[-107.30514784119916,48.13622588660742],[-107.30516082175082,48.13621669535794],[-107.30514075300769,48.136217071005774]]]]}"
00000000000000000b07,8463,0,0,0,"{""type"":""Polygon"",""coordinates"":[[[-107.30528887800979,48.136097968054905],[-107.30527554763607,48.13609823697163],[-107.30526221726414,48.136098505886444],[-107.30523580460701,48.13610353257597],[-107.30520854593101,48.1360906591995],[-107.30517539496272,48.13609579262253],[-107.30512287492047,48.13611469712644],[-107.30518783240893,48.13622507990073],[-107.30522063363271,48.13621102411016],[-107.30524055609644,48.1362105930421],[-107.30529561634381,48.13609786129732],[-107.30528887800979,48.136097968054905]]]}"
00000000000000000b01,8464,0,0,0,"{""type"":""Polygon"",""coordinates"":[[[-107.30557320692328,48.1360386400208],[-107.3055531827915,48.136039086903025],[-107.30552617207154,48.136030702494295],[-107.30552027990662,48.136048709300226],[-107.30550729945455,48.13605790056648],[-107.30548618092739,48.136031509337364],[-107.30546576228761,48.136022962737954],[-107.30543481240154,48.1360771651988],[-107.30530915020778,48.136102010092976],[-107.30529561634381,48.13609786129732],[-107.30524055609644,48.1362105930421],[-107.30528044553625,48.13620535282515],[-107.30532822480743,48.13623120634291],[-107.30558029522183,48.136047455557886],[-107.30557320692328,48.1360386400208]]]}"
00000000000000000b06,8465,0,0,0,"{""type"":""Polygon"",""coordinates"":[[[-107.30572043949151,48.1360490925462],[-107.30571339575215,48.136040348169836],[-107.3057071090742,48.136049361523746],[-107.30568024471212,48.136045481764235],[-107.30566691430181,48.13604575073599],[-107.30564025348654,48.136046288673825],[-107.30558713539908,48.13605178223631],[-107.30558029522183,48.136047455557886],[-107.30532822480743,48.13623120634291],[-107.30541689871333,48.13627406625597],[-107.3054308271892,48.136287208552965],[-107.30572787782876,48.13606683038953],[-107.30572752783837,48.136057908072935],[-107.30572083408411,48.13605808601089],[-107.30572727969606,48.13605341921407],[-107.30572043949151,48.1360490925462]],[[-107.30554450296778,48.13614198268936],[-107.3054840929893,48.13613424293314],[-107.30547774916656,48.13614334318635],[-107.30547935226008,48.13617900103565],[-107.30549917294168,48.136174136445455],[-107.30551844017198,48.136155931796516],[-107.30554450296778,48.13614198268936]]]}"
00000000000000000b09,8466,0,0,0,"{""type"":""Polygon"",""coordinates"":[[[-107.30573516972017,48.13608006362972],[-107.30573481972819,48.13607114131094],[-107.30572787782876,48.13606683038953],[-107.3054308271892,48.136287208552965],[-107.3054934385049,48.136344017561775],[-107.30552714322124,48.13635222409852],[-107.30563043436777,48.13627425187637],[-107.30560342344174,48.13626586745713],[-107.3055887951165,48.136239329714684],[-107.30562019664347,48.136194033629515],[-107.3056593863851,48.136175397793444],[-107.3056784054365,48.13615270424537],[-107.30569857610364,48.13615676194855],[-107.30573127556804,48.13614272175062],[-107.30569692819097,48.136121032973826],[-107.30574889475155,48.136088788117405],[-107.30573516972017,48.13608006362972]]]}"
00000000000000000b12,8467,0,0,0,"{""type"":""Polygon"",""coordinates"":[[[-107.30569893825964,48.13631305381733],[-107.30567831584364,48.136300089493346],[-107.30563043436777,48.13627425187637],[-107.30552714322124,48.13635222409852],[-107.30564956726612,48.13640336155723],[-107.3057193571586,48.13632160040766],[-107.30569893825964,48.13631305381733]]]}"
00000000000000000b11,8468,0,0,0,"{""type"":""Polygon"",""coordinates"":[[[-107.30579285002445,48.136324582156874],[-107.30574612004185,48.13632549591858],[-107.30573278952163,48.13632576490371],[-107.3057193571586,48.13632160040766],[-107.3056498153968,48.13640785044644],[-107.30567023432307,48.13641639706192],[-107.30569095863488,48.1364337949034],[-107.30580448799941,48.13643604084637],[-107.30581746856268,48.136426849471036],[-107.30579285002445,48.136324582156874]]]}"
00000000000000000c7d,8469,0,0,0,"{""type"":""Polygon"",""coordinates"":[[[-107.305878273581,48.13629605463913],[-107.30585845279846,48.1363009193215],[-107.30579285002445,48.136324582156874],[-107.30581746856268,48.136426849471036],[-107.30588931363786,48.13639410199112],[-107.30596245675687,48.13638816123633],[-107.305878273581,48.13629605463913]]]}"
000000000000000014cc,8470,0,0,0,"{""type"":""Polygon"",""coordinates"":[[[-107.30596299699609,48.136249682366845],[-107.30595001651399,48.13625887372888],[-107.305878273581,48.13629605463913],[-107.30596245675687,48.13638816123633],[-107.30602900776935,48.1363823826404],[-107.30609321056839,48.1363274793986],[-107.30596299699609,48.136249682366845]]]}"
00000000000000002163,8471,1,0,0,"{""type"":""Polygon"",""coordinates"":[[[-107.30600742345993,48.136199715164985],[-107.30596299699609,48.136249682366845],[-107.30609321056839,48.1363274793986],[-107.3061380888039,48.13628641866484],[-107.30616194959825,48.136223400257165],[-107.30600742345993,48.136199715164985]]]}"
00000000000000000af2,8472,0,0,0,"{""type"":""MultiPolygon"",""coordinates"":[[[[-107.30633883446305,48.136148393136764],[-107.30627168536002,48.13614076072655],[-107.30627203548183,48.136149683051876],[-107.30627992595753,48.13617632746],[-107.30631287364672,48.13616677592324],[-107.3063462285562,48.13616605980712],[-107.30633883446305,48.136148393136764]]],[[[-107.30616075302055,48.13619657784321],[-107.30618605850543,48.136164870786594],[-107.30620468263069,48.136133183670026],[-107.3060571435307,48.1361183299377],[-107.30604521311223,48.136149839057445],[-107.30600742345993,48.136199715164985],[-107.30616194959825,48.136223400257165],[-107.3061618030944,48.136218895638876],[-107.30619510091127,48.13621826647204],[-107.3062214118988,48.136208806033736],[-107.30616075302055,48.13619657784321]]]]}"
00000000000000000b00,8473,0,0,0,"{""type"":""MultiPolygon"",""coordinates"":[[[[-107.30574085826163,48.13605763909235],[-107.30576022721166,48.136043867893825],[-107.30573376991062,48.13604882356676],[-107.30574085826163,48.13605763909235]]],[[[-107.30573376991062,48.13604882356676],[-107.30572043949151,48.1360490925462],[-107.30572727969606,48.13605341921407],[-107.30573376991062,48.13604882356676]]],[[[-107.30574085826163,48.13605763909235],[-107.30572752783837,48.136057908072935],[-107.30572787782876,48.13606683038953],[-107.30573481972819,48.13607114131094],[-107.30574085826163,48.13605763909235]]],[[[-107.30633104586394,48.13612618220863],[-107.30626913303746,48.13608276944379],[-107.30622184941345,48.13607034340879],[-107.30621360888988,48.136034776740104],[-107.30606692908141,48.13603766501054],[-107.30606767383289,48.13605558078104],[-107.3060571435307,48.1361183299377],[-107.30620468263069,48.136133183670026],[-107.30621721123991,48.13611508572366],[-107.30625720278485,48.13611427856439],[-107.30627168536002,48.13614076072655],[-107.30633883446305,48.136148393136764],[-107.30633104586394,48.13612618220863]]]]}"
00000000000000000af6,8474,0,0,0,"{""type"":""Polygon"",""coordinates"":[[[-107.3061752070685,48.13592387281709],[-107.30604375461985,48.13596670966562],[-107.30606507722189,48.13599751842944],[-107.30606692908141,48.13603766501054],[-107.30621360888988,48.136034776740104],[-107.3062178523316,48.1359810410462],[-107.3061752070685,48.13592387281709]]]}"
00000000000000000b04,8475,0,0,0,"{""type"":""MultiPolygon"",""coordinates"":[[[[-107.30574654679522,48.13603521456441],[-107.30573276469673,48.136026576981514],[-107.30571339575215,48.136040348169836],[-107.30572043949151,48.1360490925462],[-107.30576022721166,48.136043867893825],[-107.30574654679522,48.13603521456441]]],[[[-107.30614679593072,48.135884248658066],[-107.30615283430507,48.13587074646553],[-107.30599262127302,48.13586948593847],[-107.30599321950703,48.135882897062835],[-107.3059938748268,48.13589622129396],[-107.30601604376085,48.13594493001609],[-107.30603666618818,48.13595789417968],[-107.30604375461985,48.13596670966562],[-107.3061752070685,48.13592387281709],[-107.30614679593072,48.135884248658066]]]]}"
00000000000000000af8,8476,0,0,0,"{""type"":""Polygon"",""coordinates"":[[[-107.30606840333219,48.13577415209808],[-107.30603630246176,48.13580160340681],[-107.30601848024217,48.135851119094],[-107.30599262127302,48.13586948593847],[-107.30615283430507,48.13587074646553],[-107.30617090458298,48.13582571957495],[-107.30606840333219,48.13577415209808]]]}"
00000000000000000afa,8477,0,0,0,"{""type"":""Polygon"",""coordinates"":[[[-107.30615232354623,48.13570995139059],[-107.30614583341648,48.13571454703447],[-107.30606840333219,48.13577415209808],[-107.30617090458298,48.13582571957495],[-107.30620984567939,48.13580259482089],[-107.30625447494268,48.13575704563095],[-107.30615232354623,48.13570995139059]]]}"
00000000000000000af1,8478,0,0,0,"{""type"":""Polygon"",""coordinates"":[[[-107.3062151247469,48.135623809009566],[-107.30620888284065,48.13563289346948],[-107.30618467248743,48.13568698891868],[-107.30615232354623,48.13570995139059],[-107.30625447494268,48.13575704563095],[-107.30626720699507,48.135743365491656],[-107.30627958890928,48.13572076310055],[-107.30630579784535,48.13571131848545],[-107.30632446623159,48.13567970277617],[-107.3062151247469,48.135623809009566]]]}"
00000000000000000af9,8479,0,0,0,"{""type"":""Polygon"",""coordinates"":[[[-107.30623888297643,48.13555635798023],[-107.30623214467239,48.13555646480219],[-107.30622141125488,48.13561479569956],[-107.3062151247469,48.135623809009566],[-107.30632446623159,48.13567970277617],[-107.30633674640406,48.135657116154114],[-107.3064082843242,48.1356155177187],[-107.3064204178911,48.1355884265521],[-107.30623888297643,48.13555635798023]]]}"
00000000000000000adf,8480,0,0,0,"{""type"":""Polygon"",""coordinates"":[[[-107.30641786528184,48.135530435889244],[-107.30640173413377,48.135468225553645],[-107.306289155411,48.135488313533564],[-107.30629704580883,48.1355149576074],[-107.30627098353973,48.13552890673942],[-107.30625176147669,48.135547182456875],[-107.30623888297643,48.13555635798023],[-107.3064204178911,48.1355884265521],[-107.3064390861314,48.13555681089805],[-107.30641786528184,48.135530435889244]]]}"
00000000000000000af4,8481,0,0,0,"{""type"":""Polygon"",""coordinates"":[[[-107.3063514021926,48.13538883159451],[-107.30634431375972,48.13538001622815],[-107.30622574169732,48.13541367732123],[-107.30622619350795,48.13542258377589],[-107.30623991850301,48.13543130808525],[-107.30625405071906,48.13544886770426],[-107.30628231519532,48.1354839869525],[-107.306289155411,48.135488313533564],[-107.30640173413377,48.135468225553645],[-107.30640148590486,48.13546373674902],[-107.3063514021926,48.13538883159451]]]}"
00000000000000000af5,8482,0,0,0,"{""type"":""Polygon"",""coordinates"":[[[-107.30632923299295,48.13534012347135],[-107.30631510076559,48.13532256389999],[-107.30629377822642,48.1352917555853],[-107.30618200203837,48.13532967198015],[-107.30618214855228,48.13533417652206],[-107.30621020926034,48.13536487807025],[-107.30622574169732,48.13541367732123],[-107.30634431375972,48.13538001622815],[-107.30632923299295,48.13534012347135]]]}"
00000000000000000af7,8483,0,0,0,"{""type"":""Polygon"",""coordinates"":[[[-107.30627960143306,48.13527412487569],[-107.30625897921973,48.135261160927335],[-107.30624365038314,48.135216779459235],[-107.30622976645977,48.135203708697006],[-107.3061120988071,48.13525963150834],[-107.30612567719416,48.13526385127303],[-107.30615394138603,48.13529897044283],[-107.30616801641955,48.135316616928606],[-107.30618200203837,48.13532967198015],[-107.30629377822642,48.1352917555853],[-107.30627960143306,48.13527412487569]]]}"
00000000000000000b05,8484,0,0,0,"{""type"":""Polygon"",""coordinates"":[[[-107.30620205595683,48.13518192940796],[-107.30618752914171,48.13515537656049],[-107.30618023720001,48.13514214358849],[-107.30604159761364,48.135176180124546],[-107.3060420939859,48.13518515768914],[-107.30605737793454,48.13522946802174],[-107.3060710581937,48.13523812117833],[-107.30608488475332,48.135246829735095],[-107.3061120988071,48.13525963150834],[-107.30622976645977,48.135203708697006],[-107.30620205595683,48.13518192940796]]]}"
00000000000000000b0b,8485,1,0,1,"{""type"":""Polygon"",""coordinates"":[[[-107.30615946859977,48.13512467512366],[-107.30615806838074,48.13509343564446],[-107.30616445670562,48.13508885580433],[-107.30605037729838,48.13507327048078],[-107.30605097557027,48.1350866814009],[-107.30603799553255,48.13509587256042],[-107.30601947359816,48.13512754326003],[-107.30604159761364,48.135176180124546],[-107.30618023720001,48.13514214358849],[-107.30615946859977,48.13512467512366]]]}"
00000000000000000aef,8486,0,0,0,"{""type"":""Polygon"",""coordinates"":[[[-107.30607323177145,48.13498800743316],[-107.30606719354978,48.135001509390314],[-107.30605037729838,48.13507327048078],[-107.30616445670562,48.13508885580433],[-107.30617094671729,48.13508426021682],[-107.30618232289432,48.135039411971306],[-107.30619445636412,48.135012321132336],[-107.30620074275706,48.135003307931335],[-107.30607323177145,48.13498800743316]]]}"
00000000000000000aec,8487,0,0,0,"{""type"":""GeometryCollection"",""geometries"":[{""type"":""LineString"",""coordinates"":[[-107.30623105786088,48.13493568412605],[-107.30623771638804,48.1349355504478]]},{""type"":""Polygon"",""coordinates"":[[[-107.30611596324952,48.134897793042875],[-107.30611007156713,48.13491579948512],[-107.30607323177145,48.13498800743316],[-107.30620074275706,48.135003307931335],[-107.30620538067353,48.134958566569054],[-107.30623109239627,48.13493569549564],[-107.30623105786088,48.13493568412605],[-107.30611596324952,48.134897793042875]]]}]}"
00000000000000000aeb,8488,0,0,0,"{""type"":""Polygon"",""coordinates"":[[[-107.30621959961788,48.13482874456765],[-107.3061603431788,48.13484775595513],[-107.30614701313064,48.13484802497829],[-107.30613368308425,48.13484829399956],[-107.30612035303967,48.13484856301893],[-107.30611596324952,48.134897793042875],[-107.30623768429606,48.13493553327751],[-107.3062441742753,48.13493093769927],[-107.30626968235262,48.134903649018526],[-107.30621959961788,48.13482874456765]]]}"
00000000000000000ae7,8489,0,0,0,"{""type"":""Polygon"",""coordinates"":[[[-107.30635819338522,48.1347946368824],[-107.3062587432089,48.134810037861875],[-107.30621959961788,48.13482874456765],[-107.30626968235262,48.134903649018526],[-107.30628221046368,48.13488555149915],[-107.30635489900061,48.134870704323276],[-107.30637492267162,48.13487025729533],[-107.30635819338522,48.1347946368824]]]}"
00000000000000000aee,8490,0,0,0,"{""type"":""Polygon"",""coordinates"":[[[-107.30646382820416,48.13477023837517],[-107.30643088177212,48.1347797896784],[-107.30635819338522,48.1347946368824],[-107.30637492267162,48.13487025729533],[-107.30640183108264,48.13487420793536],[-107.30642824303617,48.13486918106008],[-107.3064551514681,48.13487313168454],[-107.30649454333651,48.134858913618054],[-107.30652099989831,48.13485395786613],[-107.30646382820416,48.13477023837517]]]}"
00000000000000000af3,8491,0,0,0,"{""type"":""Polygon"",""coordinates"":[[[-107.30665009904384,48.13475754917502],[-107.30651574793308,48.134737922840195],[-107.30651634638289,48.13475133366743],[-107.30648339996225,48.134760884984985],[-107.30646382820416,48.13477023837517],[-107.30652099989831,48.13485395786613],[-107.30654741185624,48.13484893095986],[-107.30661171306981,48.134794013306305],[-107.30665739112965,48.13477078201093],[-107.30665009904384,48.13475754917502]]]}"
00000000000000000ae2,8492,1,0,1,"{""type"":""Polygon"",""coordinates"":[[[-107.30663985908525,48.13467733340569],[-107.30662512838998,48.1346463632985],[-107.30650585848205,48.134666629149685],[-107.30651574793308,48.134737922840195],[-107.30665009904384,48.13475754917502],[-107.30663985908525,48.13467733340569]]]}"
00000000000000000ae5,8493,0,0,0,"{""type"":""Polygon"",""coordinates"":[[[-107.30646216336288,48.134582696277704],[-107.3064629654336,48.134600524649066],[-107.30650410774287,48.13462646788983],[-107.30649846452485,48.13464896299158],[-107.30650585848205,48.134666629149685],[-107.30662512838998,48.1346463632985],[-107.30662492473334,48.13464194571255],[-107.3066235240926,48.13461070653741],[-107.30662232710827,48.13458388496151],[-107.30662167153362,48.13457056107343],[-107.30662107304133,48.134557150294],[-107.30646216336288,48.134582696277704]]]}"
00000000000000000aea,8494,0,0,0,"{""type"":""Polygon"",""coordinates"":[[[-107.30661363443187,48.1345394130357],[-107.30649749985534,48.13447926540982],[-107.30647349440613,48.13453777729145],[-107.30646216336288,48.134582696277704],[-107.30662107304133,48.134557150294],[-107.30661363443187,48.1345394130357]]]}"
00000000000000000ae8,8495,0,0,0,"{""type"":""Polygon"",""coordinates"":[[[-107.30661487198024,48.134418783161664],[-107.30654198058969,48.13442921281837],[-107.30652356132951,48.134465316514664],[-107.30649749985534,48.13447926540982],[-107.30661363443187,48.1345394130357],[-107.3066134307759,48.134534995458694],[-107.30663300239922,48.134525642083204],[-107.30665222377729,48.13450736666152],[-107.30661487198024,48.134418783161664]]]}"
00000000000000000ae6,8496,0,0,0,"{""type"":""Polygon"",""coordinates"":[[[-107.3067476177265,48.134402752647624],[-107.30672116145506,48.13440770841219],[-107.30661487198024,48.134418783161664],[-107.30665222377729,48.13450736666152],[-107.30668516998544,48.13449781533742],[-107.30670439133328,48.13447953991571],[-107.3067708376498,48.134473776838846],[-107.3067476177265,48.134402752647624]]]}"
00000000000000000ae9,8497,0,0,0,"{""type"":""Polygon"",""coordinates"":[[[-107.30683303689658,48.134374225432886],[-107.30678700909517,48.13438853460081],[-107.30676069942051,48.13439799483368],[-107.3067476177265,48.134402752647624],[-107.3067708376498,48.134473776838846],[-107.30685046740112,48.134463240135254],[-107.30692195811876,48.13442157117972],[-107.30683303689658,48.134374225432886]]]}"
00000000000000000ae1,8498,0,0,0,"{""type"":""GeometryCollection"",""geometries"":[{""type"":""LineString"",""coordinates"":[[-107.30683308881795,48.134374234449275],[-107.30683975510149,48.13437410058005]]},{""type"":""Polygon"",""coordinates"":[[[-107.30691011296672,48.13430569942472],[-107.30690382683112,48.13431471254618],[-107.30689064347852,48.13431948611927],[-107.30686563270962,48.13435575205726],[-107.3068397750296,48.13437411857544],[-107.30692195811876,48.13442157117972],[-107.30694152966933,48.134412217763305],[-107.30698580623508,48.134357747481424],[-107.30700517404364,48.134343976505356],[-107.30691011296672,48.13430569942472]]]}]}"
00000000000000000ae0,8499,0,0,0,"{""type"":""Polygon"",""coordinates"":[[[-107.30699318199834,48.13422360049515],[-107.3069161508003,48.134292197602896],[-107.30691011296672,48.13430569942472],[-107.30700517404364,48.134343976505356],[-107.30703088504062,48.13432110550315],[-107.30706337909173,48.134302647828925],[-107.30706986891035,48.13429805225416],[-107.30699318199834,48.13422360049515]]]}"
00000000000000000adb,8500,0,0,0,"{""type"":""Polygon"",""coordinates"":[[[-107.30708428820066,48.13417264938342],[-107.30705797867259,48.134182109655285],[-107.30701858751499,48.134196327752214],[-107.30699318199834,48.13422360049515],[-107.30706986891035,48.13429805225416],[-107.30707611040884,48.134288967979025],[-107.30708968870843,48.134293187531654],[-107.3071089098283,48.13427491210577],[-107.30714809735484,48.13425627639738],[-107.30717355990753,48.134228916703165],[-107.30708428820066,48.13417264938342]]]}"
00000000000000000afc,8501,0,0,0,"{""type"":""Polygon"",""coordinates"":[[[-107.30715477210472,48.13410873476477],[-107.30712322729022,48.134149525035966],[-107.30709716609981,48.13416347400311],[-107.30708428820066,48.13417264938342],[-107.30717355990753,48.134228916703165],[-107.3071929276152,48.13421514572547],[-107.307238356521,48.134187425738816],[-107.30725622094033,48.13413798259769],[-107.30715477210472,48.13410873476477]]]}"
00000000000000000add,8502,0,0,0,"{""type"":""MultiPolygon"",""coordinates"":[[[[-107.3075672996886,48.134082546110605],[-107.30752710600628,48.13407893620952],[-107.30757603815356,48.13412708867987],[-107.30761613022779,48.134130714310345],[-107.3075672996886,48.134082546110605]]],[[[-107.30719136086495,48.13403203899876],[-107.30716729960152,48.13409063741881],[-107.30715477210472,48.13410873476477],[-107.30725622094033,48.13413798259769],[-107.30725562220593,48.1341245719386],[-107.3073055407414,48.134047606939774],[-107.30719136086495,48.13403203899876]]]]}"
00000000000000000ada,8503,1,0,1,"{""type"":""Polygon"",""coordinates"":[[[-107.30751851390224,48.13403444907228],[-107.30747073499614,48.134013046750326],[-107.3073237554094,48.13400708587251],[-107.30733448650739,48.1339487566928],[-107.30720757573174,48.13394686858142],[-107.30721661949507,48.13400026188557],[-107.30719704818095,48.13400961527889],[-107.30719136086495,48.13403203899876],[-107.3073055407414,48.134047606939774],[-107.30731786441763,48.134025092066615],[-107.30738506820613,48.13403708564123],[-107.30743828587299,48.13403157559869],[-107.307492408224,48.134048326967374],[-107.30752685763048,48.13407444753006],[-107.30752710600628,48.13407893620952],[-107.3075672996886,48.134082546110605],[-107.30751851390224,48.13403444907228]]]}"
00000000000000000adc,8504,0,0,0,"{""type"":""Polygon"",""coordinates"":[[[-107.30722354216758,48.13385720963888],[-107.30721730077808,48.13386629384631],[-107.30720582417517,48.13390670790446],[-107.30721326302069,48.133924444897566],[-107.30720737199988,48.13394245105735],[-107.30720757573174,48.13394686858142],[-107.30733448650739,48.1339487566928],[-107.30733751782125,48.133868359984746],[-107.30722354216758,48.13385720963888]]]}"
00000000000000000acc,8505,0,0,0,"{""type"":""Polygon"",""coordinates"":[[[-107.30736017737108,48.13377852312642],[-107.30723291674539,48.133767713128776],[-107.3072280765721,48.133808035978014],[-107.30723652162048,48.13384801855015],[-107.30722354216758,48.13385720963888],[-107.30733751782125,48.133868359984746],[-107.30733726946767,48.13386387132219],[-107.30736277624223,48.13383658293723],[-107.30736751421668,48.13379182680389],[-107.30736017737108,48.13377852312642]]]}"
00000000000000000ad6,8506,0,0,0,"{""type"":""Polygon"",""coordinates"":[[[-107.30725562104021,48.13367794760901],[-107.30723835564011,48.133740800868495],[-107.30723291674539,48.133767713128776],[-107.30736017737108,48.13377852312642],[-107.30735972526271,48.13376961696292],[-107.30738996988042,48.13369757256993],[-107.30739621120723,48.133688488382],[-107.30725562104021,48.13367794760901]]]}"
00000000000000000ad1,8507,0,0,0,"{""type"":""Polygon"",""coordinates"":[[[-107.30740618410391,48.13361240267673],[-107.30740548361871,48.133599007902376],[-107.30727158718676,48.13358828912404],[-107.30726141030098,48.133659957286724],[-107.30725562104021,48.13367794760901],[-107.30739621120723,48.133688488382],[-107.30741522814041,48.13366579561583],[-107.30740618410391,48.13361240267673]]]}"
00000000000000000ac8,8508,0,0,0,"{""type"":""Polygon"",""coordinates"":[[[-107.30728071317104,48.13349430444155],[-107.30727158718676,48.13358828912404],[-107.30740548361871,48.133599007902376],[-107.30742863952433,48.133518148761304],[-107.30728071317104,48.13349430444155]]]}"
00000000000000000aca,8509,1,0,1,"{""type"":""Polygon"",""coordinates"":[[[-107.30735024627658,48.13340805821564],[-107.30735045002932,48.13341247569402],[-107.30732438940278,48.1334264245132],[-107.30727931191348,48.133463065972975],[-107.30728071317104,48.13349430444155],[-107.30742863952433,48.133518148761304],[-107.30743418031213,48.13349566985535],[-107.30746617640519,48.13346378611956],[-107.30735024627658,48.13340805821564]]]}"
00000000000000000acd,8510,0,0,0,"{""type"":""Polygon"",""coordinates"":[[[-107.3074472410419,48.13333910164305],[-107.3073956740974,48.133380338607196],[-107.30736322554843,48.13339886719282],[-107.30735024627658,48.13340805821564],[-107.30746617640519,48.13346378611956],[-107.30748519318158,48.13344109344043],[-107.30751774343733,48.1334225490499],[-107.30753711064149,48.13340877822653],[-107.3074472410419,48.13333910164305]]]}"
00000000000000000ac9,8511,0,0,0,"{""type"":""Polygon"",""coordinates"":[[[-107.30756485746427,48.13328310825843],[-107.30753185518768,48.13329274653161],[-107.30746660821028,48.133325330856664],[-107.3074472410419,48.13333910164305],[-107.30753711064149,48.13340877822653],[-107.30756980756101,48.133394738199726],[-107.30762876882334,48.13337116675817],[-107.30756485746427,48.13328310825843]]]}"
00000000000000000ac1,8512,0,0,0,"{""type"":""Polygon"",""coordinates"":[[[-107.3076698896159,48.1332452987908],[-107.30759790475685,48.1332779900829],[-107.30756485746427,48.13328310825843],[-107.30762876882334,48.13337116675817],[-107.30766820371564,48.13335701980066],[-107.3076809345369,48.13334334012893],[-107.30770724347441,48.13333387985201],[-107.30772661059986,48.13332010901559],[-107.30775267111406,48.133306160118195],[-107.3076698896159,48.1332452987908]]]}"
00000000000000000ade,8513,0,0,0,"{""type"":""Polygon"",""coordinates"":[[[-107.30801432449307,48.13333666444578],[-107.30799365767385,48.13332363020294],[-107.30796599148614,48.133301923353606],[-107.30779869765824,48.13329185081318],[-107.30779774816936,48.13326951855627],[-107.30786299499508,48.133236934044405],[-107.30786279117912,48.13323251658344],[-107.30774022433027,48.13317688058099],[-107.30772749358563,48.13319056021537],[-107.30770258638374,48.13323125876621],[-107.3076698896159,48.1332452987908],[-107.30775267111406,48.133306160118195],[-107.30777249043214,48.13330129535849],[-107.30789445877896,48.133343520989335],[-107.30802800485559,48.13334531700942],[-107.30801432449307,48.13333666444578]]]}"
00000000000000000874,8514,0,0,0,"{""type"":""Polygon"",""coordinates"":[[[-107.30774531223172,48.13314104680493],[-107.30777232208989,48.13314943015032],[-107.30774022433027,48.13317688058099],[-107.30786279117912,48.13323251658344],[-107.30787531809159,48.13321441946121],[-107.30790057570336,48.133182642687565],[-107.30790934938994,48.13307973692468],[-107.30774531223172,48.13314104680493]]]}"
00000000000000000ac4,8515,0,0,0,"{""type"":""Polygon"",""coordinates"":[[[-107.30784553972828,48.13299611229982],[-107.3078257205703,48.13300097704233],[-107.30777843941608,48.13298855243956],[-107.30775987523155,48.133020151002654],[-107.30775248082215,48.13300248550545],[-107.30772637592682,48.133016363172175],[-107.3076713716781,48.133129160565986],[-107.30772504079809,48.13313700548967],[-107.30774531223172,48.13314104680493],[-107.30790934938994,48.13307973692468],[-107.30784553972828,48.13299611229982]]]}"
00000000000000000ac7,8516,0,0,0,"{""type"":""Polygon"",""coordinates"":[[[-107.30757964860652,48.13301934023975],[-107.30757621050108,48.13309090073717],[-107.3076645316017,48.133124834273914],[-107.3076713716781,48.133129160565986],[-107.30772637592682,48.133016363172175],[-107.30757964860652,48.13301934023975]]]}"
00000000000000000ab6,8517,0,0,0,"{""type"":""GeometryCollection"",""geometries"":[{""type"":""Point"",""coordinates"":[-107.30777847674122,48.13298854099449]},{""type"":""Polygon"",""coordinates"":[[[-107.30792550689416,48.132547882339885],[-107.30789361358147,48.13257974989769],[-107.30791382769742,48.13258387803272],[-107.30794647924952,48.13256976697325],[-107.30792550689416,48.132547882339885]]]},{""type"":""Polygon"",""coordinates"":[[[-107.30789087733446,48.13266915322456],[-107.30783780772363,48.132674718726264],[-107.3078176381904,48.13267066171259],[-107.30775414463653,48.13274340554783],[-107.30778160644388,48.13276069482065],[-107.30776223963943,48.132774465513606],[-107.30774926064208,48.13278365647438],[-107.30771636048445,48.13279327896024],[-107.30764033971556,48.13288411987902],[-107.30763430237707,48.13289762137254],[-107.30763550017531,48.13292444205562],[-107.30760200101498,48.13292065418494],[-107.30754495165952,48.13298873161181],[-107.30757894762999,48.13300149668027],[-107.30757964860652,48.13301934023975],[-107.30772637592682,48.133016363172175],[-107.30775248082215,48.13300248550545],[-107.30774553906859,48.13299817497772],[-107.30772452205733,48.13297621897915],[-107.30772855878325,48.13291806898049],[-107.30771347702566,48.1328781783329],[-107.3077390850018,48.13285532356017],[-107.30777907368144,48.132854515889214],[-107.30779250492785,48.132854230913466],[-107.30781247073773,48.13285387051497],[-107.30787182628146,48.132839292080185],[-107.30788455686003,48.1328256125222],[-107.30791066160127,48.13281173486666],[-107.30793577213316,48.132775454020674],[-107.30794015906491,48.132726225971645],[-107.30789087733446,48.13266915322456]],[[-107.3077957387459,48.13277825331918],[-107.3078030310169,48.132791485565555],[-107.3078292378717,48.132782041112826],[-107.3077957387459,48.13277825331918]]]}]}"
00000000000000000ab7,8518,0,0,0,"{""type"":""MultiPolygon"",""coordinates"":[[[[-107.30770962257482,48.13279338587037],[-107.30769030034632,48.13280722770228],[-107.30767173621152,48.13283882613815],[-107.30764623033501,48.13286611406501],[-107.30764033971556,48.13288411987902],[-107.30771636048445,48.13279327896024],[-107.30770962257482,48.13279338587037]]],[[[-107.30758867145464,48.13292092338619],[-107.30751408805084,48.132895555575196],[-107.30746056613656,48.13289221488285],[-107.30746161711592,48.13291453123987],[-107.3075174898773,48.13297144219567],[-107.30751124870997,48.13298052626365],[-107.30754495165952,48.13298873161181],[-107.30760200101498,48.13292065418494],[-107.30758867145464,48.13292092338619]]],[[[-107.30791891530167,48.13254804465885],[-107.30784517952705,48.132540576065765],[-107.3078447272847,48.132531670117494],[-107.3078241626644,48.132518620276194],[-107.30768981713797,48.13249899627897],[-107.30764278512096,48.13249106025215],[-107.30756220979535,48.1324792651953],[-107.30754529610569,48.132551038748275],[-107.30756511499247,48.132546174112186],[-107.30757889659196,48.132554810873216],[-107.30760615434447,48.13256768273462],[-107.3075832479737,48.13265302898617],[-107.30755658905234,48.13265356737381],[-107.30752329394946,48.13265419690169],[-107.30749470045652,48.132761966465466],[-107.30755510680513,48.13276970455176],[-107.307653953433,48.13274089264381],[-107.30768061244467,48.13274035422593],[-107.30771295822363,48.13271739261482],[-107.30774730461052,48.1327390792921],[-107.30775414463653,48.13274340554783],[-107.3078176381904,48.13267066171259],[-107.30778413916929,48.13266687392024],[-107.30775737849866,48.13266742811374],[-107.30774404900727,48.132667697333545],[-107.30771734542462,48.13266816462346],[-107.30769682541285,48.132655185864884],[-107.30767620373737,48.132642222852745],[-107.30765558208057,48.1326292598389],[-107.30763376263168,48.132589476297646],[-107.30761264381064,48.13256308728362],[-107.30766515884777,48.13254418281967],[-107.30773160224035,48.13253841936353],[-107.30779221225183,48.13255057467513],[-107.30782651396589,48.1325721901132],[-107.30789361358147,48.13257974989769],[-107.30792550689416,48.132547882339885],[-107.30791891530167,48.13254804465885]]]]}"
00000000000000002c82,8518,0,0,0,"{""type"":""Polygon"",""coordinates"":[[[-107.30746161711592,48.13291453123987],[-107.30745547803564,48.13292804847942],[-107.30749767076253,48.13297630686702],[-107.30751124870997,48.13298052626365],[-107.3075174898773,48.13297144219567],[-107.30746161711592,48.13291453123987]]]}"
00000000000000000ace,8519,0,0,0,"{""type"":""MultiPolygon"",""coordinates"":[[[[-107.30742032918224,48.132888533840465],[-107.30742741754119,48.132897348711815],[-107.30744095083735,48.132901496968806],[-107.30746161711592,48.13291453123987],[-107.30746056613656,48.13289221488285],[-107.30742032918224,48.132888533840465]]],[[[-107.30744787202582,48.1327584477308],[-107.30749470045652,48.132761966465466],[-107.30752329394946,48.13265419690169],[-107.30751660068374,48.13265437494104],[-107.30750246859861,48.13263681643723],[-107.30750172304343,48.13261890186222],[-107.30747426154997,48.13260161254792],[-107.30746496914769,48.13254373214497],[-107.30751224948145,48.132556156818],[-107.30752557889997,48.13255588763283],[-107.30753890832028,48.132555618445785],[-107.30754529610569,48.132551038748275],[-107.30756220979535,48.1324792651953],[-107.30753530261879,48.132475315029225],[-107.30735472864775,48.13246558208416],[-107.30730965243475,48.13250222285669],[-107.30732693746955,48.13259117888848],[-107.30732170264167,48.13262250796995],[-107.30732959347309,48.13264915049677],[-107.30739059830958,48.13267029896088],[-107.30740473033535,48.13268785749385],[-107.307418206474,48.13269209263156],[-107.30739943846866,48.13271927352817],[-107.30741960788785,48.132723330636416],[-107.30744787202582,48.1327584477308]],[[-107.30743279066368,48.13271855715008],[-107.30741925743413,48.13271440890466],[-107.30741960788785,48.132723330636416],[-107.30743279066368,48.13271855715008]],[[-107.30734615755836,48.13257290403237],[-107.3073472084784,48.132595220256725],[-107.30738754715901,48.13260333447614],[-107.3073999273061,48.132580733334024],[-107.30734615755836,48.13257290403237]]]]}"
00000000000000002c84,8519,0,0,0,"{""type"":""Polygon"",""coordinates"":[[[-107.30744095083735,48.132901496968806],[-107.30742741754119,48.132897348711815],[-107.30745547803564,48.13292804847942],[-107.30746161711592,48.13291453123987],[-107.30744095083735,48.132901496968806]]]}"
00000000000000000ab8,8518,0,0,0,"{""type"":""Polygon"",""coordinates"":[[[-107.30749767076253,48.13297630686702],[-107.30745547803564,48.13292804847942],[-107.30744435251108,48.13297738360432],[-107.30751145248507,48.13298494370523],[-107.30751124870997,48.13298052626365],[-107.30749767076253,48.13297630686702]]]}"
00000000000000002c83,8518,0,0,0,"{""type"":""Polygon"",""coordinates"":[[[-107.30746161711592,48.13291453123987],[-107.30745547803564,48.13292804847942],[-107.30749767076253,48.13297630686702],[-107.30751124870997,48.13298052626365],[-107.3075174898773,48.13297144219567],[-107.30746161711592,48.13291453123987]]]}"
00000000000000000acf,8519,0,0,0,"{""type"":""Polygon"",""coordinates"":[[[-107.30742741754119,48.132897348711815],[-107.30738034061842,48.13288934135946],[-107.30731993423235,48.13288160314647],[-107.30732358401403,48.13296197834908],[-107.30733027732174,48.13296180032109],[-107.30739727547625,48.13296937625094],[-107.30741060502689,48.132969107076285],[-107.30744435251108,48.13297738360432],[-107.30745547803564,48.13292804847942],[-107.30742741754119,48.132897348711815]]]}"
00000000000000002c85,8519,0,0,0,"{""type"":""Polygon"",""coordinates"":[[[-107.30744095083735,48.132901496968806],[-107.30742741754119,48.132897348711815],[-107.30745547803564,48.13292804847942],[-107.30746161711592,48.13291453123987],[-107.30744095083735,48.132901496968806]]]}"
00000000000000000abf,8520,0,0,0,"{""type"":""Polygon"",""coordinates"":[[[-107.30731334262254,48.13288176542529],[-107.3071809521696,48.13290671789969],[-107.30720396865428,48.13297332251653],[-107.30727695918601,48.13296287696212],[-107.30731694778513,48.132962069484186],[-107.30732358401403,48.13296197834908],[-107.30731993423235,48.13288160314647],[-107.30731334262254,48.13288176542529]]]}"
00000000000000000ac5,8521,0,0,0,"{""type"":""Polygon"",""coordinates"":[[[-107.3071809521696,48.13290671789969],[-107.30716117772478,48.132911653638445],[-107.30712164130689,48.13292136706835],[-107.30708165283464,48.132922174461015],[-107.30705534422387,48.13293163448406],[-107.30707167964036,48.132998259142006],[-107.30708480543184,48.132993572568466],[-107.30710542694719,48.133006535798366],[-107.30717751334507,48.1329782782479],[-107.30720396865428,48.13297332251653],[-107.3071809521696,48.13290671789969]]]}"
00000000000000000ac6,8522,0,0,0,"{""type"":""Polygon"",""coordinates"":[[[-107.30705534422387,48.13293163448406],[-107.3070355251727,48.132936499054644],[-107.3069286410282,48.1329341633819],[-107.306919514473,48.133028147044854],[-107.30697917545302,48.13301797081283],[-107.30707167964036,48.132998259142006],[-107.30705534422387,48.13293163448406]]]}"
00000000000000000ad0,8523,0,0,0,"{""type"":""Polygon"",""coordinates"":[[[-107.3069153115584,48.13293443248735],[-107.30687532315976,48.132935239792346],[-107.30679534641088,48.132936854351136],[-107.30677573106672,48.13294613631009],[-107.306859808566,48.133033803152486],[-107.30687997797179,48.13303786039879],[-107.306919514473,48.133028147044854],[-107.3069286410282,48.1329341633819],[-107.3069153115584,48.13293443248735]]]}"
00000000000000000ad5,8524,0,0,0,"{""type"":""Polygon"",""coordinates"":[[[-107.30677573106672,48.13294613631009],[-107.30673009998144,48.13296943794096],[-107.30670444698508,48.132992221359565],[-107.30667164874188,48.133006276722064],[-107.30674159426793,48.133076384990446],[-107.3067549237641,48.133076115907734],[-107.30676765468462,48.133062436427714],[-107.30678113078616,48.13306667168601],[-107.30683314957615,48.133034341344704],[-107.306859808566,48.133033803152486],[-107.30677573106672,48.13294613631009]]]}"
00000000000000000acb,8525,0,0,0,"{""type"":""Polygon"",""coordinates"":[[[-107.30667164874188,48.133006276722064],[-107.30664523809814,48.13301130345314],[-107.30661857918524,48.13301184158357],[-107.306592270527,48.13302130149694],[-107.3065595739383,48.13303534108252],[-107.30660376440021,48.13312824867884],[-107.30667066016991,48.13313139194424],[-107.30669023101652,48.13312203882629],[-107.30672197884499,48.13308566696502],[-107.30674159426793,48.133076384990446],[-107.30667164874188,48.133006276722064]]]}"
00000000000000000ae4,8526,0,0,0,"{""type"":""Polygon"",""coordinates"":[[[-107.3065595739383,48.13303534108252],[-107.30651354788208,48.13304964971087],[-107.3064595745382,48.13303740238949],[-107.30643023287905,48.13312725773094],[-107.30660376440021,48.13312824867884],[-107.3065595739383,48.13303534108252]]]}"
00000000000000000ad3,8527,0,0,0,"{""type"":""Polygon"",""coordinates"":[[[-107.30635194584816,48.133017151325426],[-107.3063316749476,48.133013109711726],[-107.30630202747324,48.13309411431673],[-107.30635569543361,48.13310196003069],[-107.30643023287905,48.13312725773094],[-107.3064595745382,48.13303740238949],[-107.30635194584816,48.133017151325426]]]}"
00000000000000000ad7,8528,0,0,0,"{""type"":""Polygon"",""coordinates"":[[[-107.30619743237149,48.132993467661116],[-107.3061679312006,48.13307897654861],[-107.30619494018366,48.133087360350416],[-107.30630202747324,48.13309411431673],[-107.3063316749476,48.133013109711726],[-107.30619743237149,48.132993467661116]]]}"
00000000000000000ae3,8529,0,0,0,"{""type"":""Polygon"",""coordinates"":[[[-107.30617056998553,48.13298958821406],[-107.30611620231264,48.13296834777046],[-107.30608919345475,48.13295996396227],[-107.3060261489858,48.133041613175216],[-107.30608061857441,48.13306728690198],[-107.30608121689943,48.133080697309325],[-107.30616094513833,48.13307459474718],[-107.3061679312006,48.13307897654861],[-107.30619743237149,48.132993467661116],[-107.30617056998553,48.13298958821406]]]}"
00000000000000000aed,8530,0,0,0,"{""type"":""Polygon"",""coordinates"":[[[-107.30605519859782,48.13294719834768],[-107.30603362929735,48.13291190274083],[-107.30591601381299,48.13296789382927],[-107.30595136412995,48.133011826584784],[-107.3059986437376,48.13302425213276],[-107.3060261489858,48.133041613175216],[-107.30608919345475,48.13295996396227],[-107.30605519859782,48.13294719834768]]]}"
00000000000000000bc9,8531,0,0,0,"{""type"":""Polygon"",""coordinates"":[[[-107.30589768231808,48.13285662043264],[-107.30589813408032,48.13286552645727],[-107.30589848416093,48.13287444822968],[-107.30589479474683,48.13294151995714],[-107.30591586731165,48.13296338948921],[-107.30591601381299,48.13296789382927],[-107.30603362929735,48.13291190274083],[-107.30602678957395,48.1329075763409],[-107.3060393169971,48.132889479557214],[-107.30589768231808,48.13285662043264]]]}"
00000000000000000af0,8532,0,0,0,"{""type"":""Polygon"",""coordinates"":[[[-107.30596082830469,48.13277495584903],[-107.30595433871453,48.13277955120994],[-107.30593367338227,48.1327665166236],[-107.30579189293269,48.132729153081094],[-107.30579922892038,48.132742456634936],[-107.30581476000518,48.132791253554785],[-107.30589693755567,48.132838705750224],[-107.30589768231808,48.13285662043264],[-107.3060393169971,48.132889479557214],[-107.30607605266607,48.132817290310406],[-107.30608229405236,48.13280820635841],[-107.30596082830469,48.13277495584903]]]}"
00000000000000000ad8,8533,0,0,0,"{""type"":""MultiPolygon"",""coordinates"":[[[[-107.30591999402607,48.13275786383095],[-107.30587895622364,48.132736354370124],[-107.30587615603294,48.13267387825156],[-107.30575514310848,48.13265398244794],[-107.30575654310144,48.13268522049051],[-107.30579189293269,48.132729153081094],[-107.30593367338227,48.1327665166236],[-107.30591999402607,48.13275786383095]]],[[[-107.30600380533573,48.13269368286291],[-107.30600460723491,48.13271151060242],[-107.30598664037086,48.132756519006634],[-107.3059736611989,48.132765709728474],[-107.30596082830469,48.13277495584903],[-107.30608229405236,48.13280820635841],[-107.30610580195656,48.132736270451566],[-107.30611797914949,48.132709251975186],[-107.30600380533573,48.13269368286291]]]]}"
00000000000000000ad4,8534,0,0,0,"{""type"":""MultiPolygon"",""coordinates"":[[[[-107.30602651136323,48.13260391942239],[-107.30602022540553,48.132612932189936],[-107.30600380533573,48.13269368286291],[-107.30611797914949,48.132709251975186],[-107.30614078687427,48.13262392165175],[-107.30602651136323,48.13260391942239]]],[[[-107.30573102251586,48.132560699528575],[-107.3057312260783,48.13256511694408],[-107.30575514310848,48.13265398244794],[-107.30587615603294,48.13267387825156],[-107.3058751060154,48.13265156195484],[-107.30587315226163,48.13260698478847],[-107.30587280218312,48.13259806306127],[-107.30587220392452,48.13258465277396],[-107.30587195574448,48.13258016421272],[-107.30573102251586,48.132560699528575]]]]}"
00000000000000000ad2,8535,0,0,0,"{""type"":""MultiPolygon"",""coordinates"":[[[[-107.30585582638044,48.132517957228],[-107.30584109713749,48.13248698823452],[-107.3057336621732,48.13247131206441],[-107.30573102251586,48.132560699528575],[-107.30587195574448,48.13258016421272],[-107.30585582638044,48.132517957228]]],[[[-107.30604247952633,48.13251426292096],[-107.30603804562874,48.13256341960015],[-107.30602651136323,48.13260391942239],[-107.30614078687427,48.13262392165175],[-107.30614068494377,48.132619488486995],[-107.30616664339202,48.13260555596237],[-107.30616349254603,48.13253415830686],[-107.30604247952633,48.13251426292096]]]]}"
00000000000000000abb,8536,0,0,0,"{""type"":""MultiPolygon"",""coordinates"":[[[[-107.30583205563245,48.132433596279],[-107.30572542260524,48.132435747762116],[-107.30573251035301,48.13244456269835],[-107.3057336621732,48.13247131206441],[-107.30584109713749,48.13248698823452],[-107.30584089356124,48.13248257082616],[-107.30583205563245,48.132433596279]]],[[[-107.30605889940004,48.13243351252169],[-107.30604247952633,48.13251426292096],[-107.30616349254603,48.13253415830686],[-107.30616289417934,48.13252074804039],[-107.30616244234807,48.132511842077115],[-107.30618755386229,48.13247556187063],[-107.3061859498721,48.13243990656546],[-107.3061857016525,48.13243541801838],[-107.30605889940004,48.13243351252169]]]]}"
00000000000000000aac,8537,0,0,0,"{""type"":""MultiPolygon"",""coordinates"":[[[[-107.30616133173228,48.13233764708408],[-107.30604845730674,48.132348882798915],[-107.30605865119608,48.13242902397444],[-107.30605889940004,48.13243351252169],[-107.3061857016525,48.13243541801838],[-107.30616133173228,48.13233764708408]]],[[[-107.30582461778549,48.132415859656],[-107.30581048684526,48.13239830095348],[-107.30579575768468,48.132367332021374],[-107.3056960663341,48.13237824298516],[-107.30570340222334,48.13239154646012],[-107.30571788313739,48.13241802687453],[-107.30572542260524,48.132435747762116],[-107.30583205563245,48.132433596279],[-107.30582461778549,48.132415859656]]]]}"
00000000000000000ab9,8538,0,0,0,"{""type"":""MultiPolygon"",""coordinates"":[[[[-107.30578881642062,48.13236302139169],[-107.30576804951274,48.1323455537218],[-107.3057612099379,48.13234122734573],[-107.30568203716739,48.13236066852805],[-107.3056960663341,48.13237824298516],[-107.30579575768468,48.132367332021374],[-107.30578881642062,48.13236302139169]]],[[[-107.3061302688265,48.132240054259384],[-107.30604460665418,48.132264091026144],[-107.30604600691373,48.13229532882624],[-107.30604705704769,48.132317644967046],[-107.30604845730674,48.132348882798915],[-107.30616133173228,48.13233764708408],[-107.30615309173251,48.13230208291983],[-107.30615832740355,48.13227075407154],[-107.3061302688265,48.132240054259384]]]]}"
00000000000000000abd,8539,0,0,0,"{""type"":""MultiPolygon"",""coordinates"":[[[[-107.30610750307083,48.13217793877445],[-107.30610705124883,48.1321690328687],[-107.30598105192082,48.13218495481298],[-107.30598834330377,48.132198187070614],[-107.30604425652865,48.1322551693589],[-107.30604460665418,48.132264091026144],[-107.3061302688265,48.132240054259384],[-107.30610750307083,48.13217793877445]]],[[[-107.30574079311093,48.1323326813582],[-107.30573964127959,48.13230593206299],[-107.30574912038523,48.1322208714018],[-107.30574891681832,48.13221645401534],[-107.30570913325101,48.13222167817764],[-107.30570324195541,48.13223968366931],[-107.30566325482042,48.13224049042635],[-107.30564957574934,48.13223183767442],[-107.30558328059882,48.13224210388922],[-107.30560410440431,48.132259484679125],[-107.30563995014144,48.13231684295033],[-107.30568183360951,48.132356251129494],[-107.30568203716739,48.13236066852805],[-107.3057612099379,48.13234122734573],[-107.30574079311093,48.1323326813582]]]]}"
00000000000000000abe,8540,0,0,0,"{""type"":""MultiPolygon"",""coordinates"":[[[[-107.30572395003531,48.132105273175505],[-107.30570913325101,48.13222167817764],[-107.30574891681832,48.13221645401534],[-107.30574712215483,48.13217622345027],[-107.30574516852367,48.13213164668091],[-107.30572395003531,48.132105273175505]]],[[[-107.30598348726907,48.1320911506237],[-107.30596712455223,48.13217181359231],[-107.30598105192082,48.13218495481298],[-107.30610705124883,48.1321690328687],[-107.30609302189227,48.13215145854638],[-107.30611803149563,48.13211519435867],[-107.30611722952457,48.13209736682398],[-107.30598348726907,48.1320911506237]]],[[[-107.30558717391048,48.13217945044025],[-107.30553225451823,48.13214487091095],[-107.30551807925262,48.13212724110444],[-107.30550440027645,48.13211858834802],[-107.30548353201361,48.132101136435026],[-107.30545712221513,48.132106162731105],[-107.30546396169093,48.13211048911204],[-107.30549945704165,48.13215892562689],[-107.30556191574436,48.132211226013],[-107.30558328059882,48.13224210388922],[-107.30564957574934,48.13223183767442],[-107.30558717391048,48.13217945044025]]]]}"
00000000000000000ab1,8541,0,0,0,"{""type"":""Polygon"",""coordinates"":[[[-107.30610109983253,48.132035160459644],[-107.30609261172255,48.13199510798214],[-107.30597345256317,48.13201535617404],[-107.30599467124286,48.13204172957433],[-107.30598348726907,48.1320911506237],[-107.30611722952457,48.13209736682398],[-107.30610109983253,48.132035160459644]]]}"
00000000000000000aae,8542,0,0,0,"{""type"":""Polygon"",""coordinates"":[[[-107.30608462004687,48.13196403254762],[-107.30608381808793,48.131946205063564],[-107.30606999267626,48.131937497023785],[-107.30604787010802,48.131888863122654],[-107.30593021341943,48.13194478190975],[-107.30595168021642,48.13197564379491],[-107.30595248211003,48.13199347129169],[-107.30597345256317,48.13201535617404],[-107.30609261172255,48.13199510798214],[-107.30608462004687,48.13196403254762]]]}"
00000000000000000ab2,8543,0,0,0,"{""type"":""MultiPolygon"",""coordinates"":[[[[-107.30544863485134,48.13206611012364],[-107.30543610754194,48.13208420654409],[-107.30545712221513,48.132106162731105],[-107.30548353201361,48.132101136435026],[-107.30544863485134,48.13206611012364]]],[[[-107.30604103055778,48.131884536803454],[-107.30601297237291,48.13185383717241],[-107.30590584442935,48.131847011798676],[-107.30590180522431,48.1319051605998],[-107.30592337388227,48.131940455577244],[-107.30593021341943,48.13194478190975],[-107.30604787010802,48.131888863122654],[-107.30604103055778,48.131884536803454]]]]}"
00000000000000000aaa,8544,0,0,0,"{""type"":""Polygon"",""coordinates"":[[[-107.30600228221593,48.131764719882746],[-107.3059018921325,48.13175778772931],[-107.30590389058126,48.131802435316985],[-107.30590584442935,48.131847011798676],[-107.30601297237291,48.13185383717241],[-107.30601157212017,48.13182259963378],[-107.30601087211558,48.131809205292676],[-107.30601052199137,48.13180028370242],[-107.30600992366547,48.131786873621],[-107.30601616486454,48.131777789855974],[-107.30600228221593,48.131764719882746]]]}"
00000000000000000aa9,8545,0,0,0,"{""type"":""Polygon"",""coordinates"":[[[-107.30608747237642,48.131432457914705],[-107.30599312060346,48.13141202485744],[-107.3058791991151,48.13140094433548],[-107.30581255528041,48.13140228898683],[-107.3056729819604,48.13141399068231],[-107.30548104199832,48.13144909923511],[-107.30556835010489,48.13146078918257],[-107.3057104753275,48.13150707383064],[-107.30586553525448,48.13154409666838],[-107.3059068199885,48.13157009415381],[-107.30592214730962,48.1316144726384],[-107.30592329930424,48.13164122157574],[-107.30594451775028,48.131667594805506],[-107.3059119689079,48.13168613800785],[-107.30590164394407,48.13175329923891],[-107.3059018921325,48.13175778772931],[-107.30600228221593,48.131764719882746],[-107.30603178236028,48.131679213208145],[-107.30597791308612,48.13166695012814],[-107.30597706657109,48.131649051599204],[-107.30598250583087,48.13162214048451],[-107.30594715661698,48.13157820887285],[-107.30592618640551,48.131556324160464],[-107.30598679303719,48.13156848047159],[-107.30600675777039,48.131568120485014],[-107.306073605651,48.1315711930136],[-107.30610883741168,48.13146333521225],[-107.30608747237642,48.131432457914705]]]}"
00000000000000000aa4,8546,0,0,0,"{""type"":""MultiPolygon"",""coordinates"":[[[[-107.30610883741168,48.13146333521225],[-107.306073605651,48.1315711930136],[-107.30610700094603,48.13157054829351],[-107.30620005481578,48.131564176985286],[-107.30619985118986,48.131559759656426],[-107.30610883741168,48.13146333521225]]],[[[-107.306140660523,48.131726197454874],[-107.30612687976615,48.13171756060187],[-107.30610631656397,48.131704510558265],[-107.30605883488778,48.1316876679956],[-107.30603178236028,48.131679213208145],[-107.30600228221593,48.131764719882746],[-107.30601616486454,48.131777789855974],[-107.30603553138079,48.13176401978368],[-107.30606218923228,48.131763481854975],[-107.3060898972689,48.1317852598321],[-107.3061614273764,48.13174366483987],[-107.306140660523,48.131726197454874]]]]}"
00000000000000000ab0,8547,0,0,0,"{""type"":""Polygon"",""coordinates"":[[[-107.30623711411857,48.13179571111854],[-107.30617555832072,48.1317612232721],[-107.3061614273764,48.13174366483987],[-107.3060898972689,48.1317852598321],[-107.30613128445063,48.1318156904237],[-107.30615229956197,48.13183764633524],[-107.30619333670961,48.13185915532836],[-107.30625044308336,48.13179544212596],[-107.30623711411857,48.13179571111854]]]}"
00000000000000000aaf,8548,1,0,0,"{""type"":""Polygon"",""coordinates"":[[[-107.30631753981218,48.13180300297445],[-107.30625044308336,48.13179544212596],[-107.30619333670961,48.13185915532836],[-107.30621385544147,48.13187213424463],[-107.30625429427525,48.13188023312153],[-107.30630796047173,48.13188807872594],[-107.30636072266272,48.1318736637441],[-107.30631753981218,48.13180300297445]]]}"
00000000000000000aa5,8549,0,0,0,"{""type"":""Polygon"",""coordinates"":[[[-107.30637609112483,48.131770598391334],[-107.30634339568144,48.13178463754044],[-107.30632417576237,48.13180291191756],[-107.30631753981218,48.13180300297445],[-107.30636072266272,48.1318736637441],[-107.30638723411657,48.13186862147566],[-107.30640719909663,48.13186826139745],[-107.30642722115867,48.131867814424915],[-107.30647324569458,48.131853506197956],[-107.30651008114877,48.1317813025079],[-107.30637609112483,48.131770598391334]]]}"
00000000000000000a9d,8550,0,0,0,"{""type"":""Polygon"",""coordinates"":[[[-107.30652176118905,48.13174530751364],[-107.3064951032204,48.13174584557284],[-107.30649998825197,48.13170559547777],[-107.30639864898441,48.13167633225069],[-107.30636610019522,48.13169487560885],[-107.30637594455682,48.13176609415617],[-107.30637609112483,48.131770598391334],[-107.30651008114877,48.1317813025079],[-107.3065361406276,48.13176735437519],[-107.30652176118905,48.13174530751364]]]}"
00000000000000000aa7,8551,0,0,0,"{""type"":""MultiPolygon"",""coordinates"":[[[[-107.30619985118986,48.131559759656426],[-107.30620005481578,48.131564176985286],[-107.30621338369215,48.131563908001276],[-107.30619985118986,48.131559759656426]]],[[[-107.30621338369215,48.131563908001276],[-107.30633544432871,48.13160611871195],[-107.30638890655294,48.13160954690625],[-107.30638810443561,48.131591719548865],[-107.30621338369215,48.131563908001276]]],[[[-107.30638890655294,48.13160954690625],[-107.30639784686417,48.13165850487084],[-107.30639819708497,48.13166742643319],[-107.30639864898441,48.13167633225069],[-107.30649998825197,48.13170559547777],[-107.30650612736656,48.13169207861255],[-107.30653842786674,48.131669046728845],[-107.30657067125979,48.13164610173485],[-107.30657740887881,48.13164599491443],[-107.306570072725,48.13163269170155],[-107.30654261263142,48.131615402409096],[-107.3063947974306,48.131591541598716],[-107.30640213350078,48.13160484481672],[-107.30638890655294,48.13160954690625]]]]}"
00000000000000000aa2,8552,0,0,0,"{""type"":""MultiPolygon"",""coordinates"":[[[[-107.30652876947062,48.131454889458155],[-107.30653585730936,48.13146370416838],[-107.30653525878351,48.131450294181114],[-107.30652876947062,48.131454889458155]]],[[[-107.3064682641542,48.13144271777854],[-107.30643546733477,48.13145677261023],[-107.30644356094763,48.131487831963],[-107.30643707162304,48.13149242723741],[-107.30643742185593,48.13150134877115],[-107.306384106324,48.13150242481999],[-107.30638330420607,48.13148459749889],[-107.30636313579123,48.1314805402428],[-107.30633728015286,48.13149890557011],[-107.30634885825448,48.1314584777236],[-107.30646581307093,48.13138916475646],[-107.30627931130114,48.13139736388954],[-107.30610718884226,48.131427609448025],[-107.30608747237642,48.131432457914705],[-107.30610883741168,48.13146333521225],[-107.30619985118986,48.131559759656426],[-107.30638810443561,48.131591719548865],[-107.3063947974306,48.131591541598716],[-107.30654261263142,48.131615402409096],[-107.3065360609766,48.131468121487416],[-107.30652981992796,48.131477205229],[-107.30650895127387,48.13145975376174],[-107.30647590587462,48.13146487133722],[-107.3064682641542,48.13144271777854]],[[-107.30650431457539,48.131504492132756],[-107.30647056895742,48.131496215458384],[-107.3064649263906,48.131518709203405],[-107.30650431457539,48.131504492132756]],[[-107.30645608767722,48.13146973563082],[-107.30647021871637,48.13148729392584],[-107.30647590587462,48.13146487133722],[-107.30645608767722,48.13146973563082]],[[-107.3064515974948,48.131518978222616],[-107.30645888897726,48.131532210274464],[-107.3064649263906,48.131518709203405],[-107.3064515974948,48.131518978222616]],[[-107.30644430601764,48.13150574617341],[-107.3064382686008,48.131519247239936],[-107.3064515974948,48.131518978222616],[-107.30644430601764,48.13150574617341]],[[-107.30641161081816,48.13151978526891],[-107.30642549359152,48.13153285511889],[-107.3064382686008,48.131519247239936],[-107.30641161081816,48.13151978526891]],[[-107.30640452300938,48.13151097053934],[-107.30639144237517,48.13151572801676],[-107.30641161081816,48.13151978526891],[-107.30640452300938,48.13151097053934]],[[-107.30639424356015,48.13157820271983],[-107.3064079226935,48.1315868552565],[-107.3064140618112,48.131573338427614],[-107.30639424356015,48.13157820271983]],[[-107.30637197437416,48.13152951383729],[-107.30637926582348,48.13154274589869],[-107.30639883580274,48.13153339314459],[-107.30637197437416,48.13152951383729]],[[-107.30637322838004,48.13155624697129],[-107.30637357859639,48.13156516851651],[-107.3063867038492,48.1315604821798],[-107.30637322838004,48.13155624697129]],[[-107.30630333100103,48.131486211513064],[-107.30630378287954,48.131495117300865],[-107.30631690810526,48.131490430980634],[-107.30630333100103,48.131486211513064]],[[-107.3062708840532,48.131504739021565],[-107.30627852564815,48.131526892625274],[-107.30629105245004,48.13150879629937],[-107.3062708840532,48.131504739021565]],[[-107.30642040487275,48.13156868775043],[-107.30642609207534,48.13154626512895],[-107.30639988617799,48.13155570895224],[-107.3064140618112,48.131573338427614],[-107.30642040487275,48.13156868775043]]]]}"
00000000000000000a9e,8553,0,0,0,"{""type"":""Polygon"",""coordinates"":[[[-107.30664802891822,48.131434625080914],[-107.30659471336278,48.13143570124603],[-107.30658742183635,48.13142246922989],[-107.30656700511372,48.1314139235648],[-107.30653525878351,48.131450294181114],[-107.30653585730936,48.13146370416838],[-107.3065360609766,48.131468121487416],[-107.30654261263142,48.131615402409096],[-107.306570072725,48.13163269170155],[-107.30684880945458,48.131448487627445],[-107.30681481537664,48.13143572262899],[-107.30681506367962,48.131440211087046],[-107.30680822405867,48.13143588486124],[-107.30680148646108,48.131435991696904],[-107.30678850786663,48.13144518228367],[-107.30677482863531,48.13143652982705],[-107.30675480673239,48.131436976864435],[-107.30672266559266,48.13146435488734],[-107.30669565747239,48.13145597147083],[-107.30664837920342,48.13144354660275],[-107.30664802891822,48.131434625080914]],[[-107.30664837920342,48.13144354660275],[-107.30663529858937,48.131448304106826],[-107.30664213817913,48.131452630346764],[-107.30664837920342,48.13144354660275]],[[-107.30659506363499,48.131444622768576],[-107.30660215149298,48.131453437471706],[-107.30660864080185,48.13144884218993],[-107.30659506363499,48.131444622768576]],[[-107.30659506363499,48.131444622768576],[-107.30659471336278,48.13143570124603],[-107.30657489517057,48.13144056556135],[-107.30659506363499,48.131444622768576]],[[-107.30658313550624,48.1314761290985],[-107.30656955833648,48.13147190967142],[-107.30657664619096,48.13148072438109],[-107.30658313550624,48.1314761290985]]]}"
00000000000000000aa1,8554,0,0,0,"{""type"":""Polygon"",""coordinates"":[[[-107.30688935029399,48.131461019235545],[-107.30686897801482,48.13145254477527],[-107.30684880945458,48.131448487627445],[-107.306570072725,48.13163269170155],[-107.30657740887881,48.13164599491443],[-107.30664405369289,48.13164464970067],[-107.30666527282256,48.13167102275538],[-107.30666562310837,48.13167994431724],[-107.30696683418262,48.131553294632496],[-107.30699289345459,48.1315393464414],[-107.30699174067263,48.13151259758869],[-107.30688935029399,48.131461019235545]]]}"
00000000000000000a9c,8555,0,0,0,"{""type"":""GeometryCollection"",""geometries"":[{""type"":""LineString"",""coordinates"":[[-107.30672437045455,48.13179933056616],[-107.30672457041393,48.13180379290706]]},{""type"":""Polygon"",""coordinates"":[[[-107.30666562310837,48.13167994431724],[-107.30666607507303,48.13168885013393],[-107.30668739625038,48.13171965629095],[-107.30670886374648,48.13175051785688],[-107.30672439590197,48.13179931368232],[-107.30683286270482,48.13168994762617],[-107.30682602303749,48.131685621382275],[-107.30682567271268,48.13167669982104],[-107.30681753411926,48.13164556925553],[-107.3068450390479,48.13166292961638],[-107.30685187871497,48.13166725585705],[-107.30696683418262,48.131553294632496],[-107.30666562310837,48.13167994431724]]]}]}"
00000000000000000aa6,8556,0,0,0,"{""type"":""MultiPolygon"",""coordinates"":[[[[-107.30696805061393,48.13172747116737],[-107.30692801889083,48.131728207300256],[-107.30689466776414,48.131728923462276],[-107.306860367676,48.1317073079962],[-107.30683286270482,48.13168994762617],[-107.30672439590197,48.13179931368232],[-107.30677785867019,48.13180274165863],[-107.30677726006256,48.13178933158854],[-107.30681120982194,48.13180202553559],[-107.30685119697247,48.131801218306386],[-107.30697489031583,48.1317317974037],[-107.30696805061393,48.13172747116737]]],[[[-107.30705171194015,48.13165878640233],[-107.30699289345459,48.1315393464414],[-107.30696683418262,48.131553294632496],[-107.30685187871497,48.13166725585705],[-107.30688617876038,48.13168887131079],[-107.3069068440864,48.131701905425146],[-107.30692052345985,48.13171055790297],[-107.30696720361465,48.13170957263888],[-107.3070071907319,48.131708765346914],[-107.30704617170174,48.13168571332569],[-107.30703928739145,48.13168131595534],[-107.30705251437963,48.13167661376871],[-107.30705181398939,48.131663219482164],[-107.30705171194015,48.13165878640233]],[[-107.30703164525616,48.131659162360926],[-107.30703893701458,48.13167239439694],[-107.30705181398939,48.131663219482164],[-107.30703164525616,48.131659162360926]]]]}"
00000000000000000a9a,8557,0,0,0,"{""type"":""GeometryCollection"",""geometries"":[{""type"":""LineString"",""coordinates"":[[-107.30700720660394,48.13170878987987],[-107.30701387254166,48.13170865600605]]},{""type"":""Polygon"",""coordinates"":[[[-107.30704617170174,48.13168571332569],[-107.30701392839389,48.131708658494595],[-107.30706015653166,48.131698767368384],[-107.30705995280253,48.13169435003268],[-107.30704617170174,48.13168571332569]]]},{""type"":""Polygon"",""coordinates"":[[[-107.30701743136503,48.13178897653436],[-107.30699631352283,48.131762587761315],[-107.30697489031583,48.1317317974037],[-107.30685119697247,48.131801218306386],[-107.30697480766872,48.131879170094216],[-107.30698150075665,48.1318789920998],[-107.30699382373103,48.131856478214026],[-107.30703205951885,48.13181551181895],[-107.30701743136503,48.13178897653436]]]}]}"
00000000000000000aad,8558,0,0,0,"{""type"":""MultiPolygon"",""coordinates"":[[[[-107.30672439590197,48.13179931368232],[-107.30672454251243,48.13180381791872],[-107.30672519817773,48.13181714110321],[-107.30674596548764,48.13183460838027],[-107.30677890926829,48.131825057570715],[-107.30677785867019,48.13180274165863],[-107.30672439590197,48.13179931368232]]],[[[-107.30685119697247,48.131801218306386],[-107.30681120982194,48.13180202553559],[-107.30682478717242,48.131806244950354],[-107.30685259794456,48.131832455801806],[-107.306766732821,48.13185207565802],[-107.30684312143586,48.13191751587817],[-107.30691011726735,48.131925092056825],[-107.30696287963387,48.1319106767292],[-107.30690956321624,48.13191175310093],[-107.30697480766872,48.131879170094216],[-107.30685119697247,48.131801218306386]]]]}"
00000000000000000aab,8559,0,0,0,"{""type"":""MultiPolygon"",""coordinates"":[[[[-107.30672519817773,48.13181714110321],[-107.30673288472914,48.13183936593667],[-107.30674596548764,48.13183460838027],[-107.30672519817773,48.13181714110321]]],[[[-107.306766732821,48.13185207565802],[-107.30672719762903,48.13186178869864],[-107.30674761466028,48.13187033439457],[-107.30670348780548,48.131929306160046],[-107.30670509232932,48.13196496109699],[-107.3067257130914,48.13197792417419],[-107.30684312143586,48.13191751587817],[-107.306766732821,48.13185207565802]]]]}"
00000000000000000ab5,8560,0,0,0,"{""type"":""Polygon"",""coordinates"":[[[-107.30684312143586,48.13191751587817],[-107.3067257130914,48.13197792417419],[-107.30675332018893,48.13199971777651],[-107.30685396033883,48.1320111375327],[-107.30687412919956,48.1320151947152],[-107.30691011726735,48.131925092056825],[-107.30684312143586,48.13191751587817]]]}"
00000000000000000aba,8561,0,0,0,"{""type"":""Polygon"",""coordinates"":[[[-107.3069829018364,48.13191022963676],[-107.30696287963387,48.1319106767292],[-107.30691011726735,48.131925092056825],[-107.30687412919956,48.1320151947152],[-107.30690123948705,48.13202356241119],[-107.30702688879359,48.131998717684326],[-107.3069829018364,48.13191022963676]]]}"
00000000000000000ab4,8562,0,0,0,"{""type"":""Polygon"",""coordinates"":[[[-107.30704899330982,48.13189554516553],[-107.30700956006135,48.13190969143383],[-107.3069829018364,48.13191022963676],[-107.30702688879359,48.131998717684326],[-107.30707311730303,48.131988826487905],[-107.30711310476613,48.13198801913873],[-107.30713236917505,48.13196981568548],[-107.307158428741,48.131955867331534],[-107.30704899330982,48.13189554516553]]]}"
00000000000000000abc,8563,0,0,0,"{""type"":""Polygon"",""coordinates"":[[[-107.30723500231822,48.13187836737102],[-107.30711298317536,48.1318362288086],[-107.30708687909114,48.13185010597312],[-107.30706207409457,48.131890787560266],[-107.30704899330982,48.13189554516553],[-107.307158428741,48.131955867331534],[-107.30719761370183,48.13193723248939],[-107.30720989199487,48.13191464740967],[-107.30724209045064,48.13188718209256],[-107.30723500231822,48.13187836737102]]]}"
00000000000000000a9b,8564,0,0,0,"{""type"":""Polygon"",""coordinates"":[[[-107.30719015529613,48.13177213912194],[-107.3071906073879,48.13178104494855],[-107.3071259172801,48.131826966963594],[-107.30711298317536,48.1318362288086],[-107.30723500231822,48.13187836737102],[-107.3072541649516,48.13186017968102],[-107.30726664694096,48.13184201197527],[-107.30728611498041,48.13182822589032],[-107.30731172230777,48.1318053717042],[-107.30734466612469,48.13179582070476],[-107.30719015529613,48.13177213912194]]]}"
00000000000000000a99,8565,0,0,0,"{""type"":""GeometryCollection"",""geometries"":[{""type"":""LineString"",""coordinates"":[[-107.30705993414112,48.13169433185878],[-107.30706013412886,48.1316987941987],[-107.30706680006504,48.131698660321845]]},{""type"":""Polygon"",""coordinates"":[[[-107.30707847205645,48.13166268126662],[-107.30716089837779,48.13171461983036],[-107.30719948430698,48.13168257504316],[-107.30707847205645,48.13166268126662]]]},{""type"":""Polygon"",""coordinates"":[[[-107.30705171194015,48.13165878640233],[-107.30705251437963,48.13167661376871],[-107.30706559508457,48.131671856184795],[-107.30706514302202,48.13166295037533],[-107.30705171194015,48.13165878640233]]]},{""type"":""Polygon"",""coordinates"":[[[-107.30741419555193,48.13170957730994],[-107.30722639078213,48.131686525261706],[-107.3072008855828,48.13171381245535],[-107.30719015529613,48.13177213912194],[-107.30734466612469,48.13179582070476],[-107.30735799524643,48.1317955515543],[-107.30737037508811,48.13177295077075],[-107.3073964344886,48.13175900240855],[-107.30741485147114,48.131722900459394],[-107.30742123910943,48.13171832084637],[-107.30741419555193,48.13170957730994]]]}]}"
00000000000000000a96,8566,0,0,0,"{""type"":""Polygon"",""coordinates"":[[[-107.30719027413328,48.13147732365736],[-107.30709073033215,48.131488291249255],[-107.30699174067263,48.13151259758869],[-107.30699289345459,48.1315393464414],[-107.30705171194015,48.13165878640233],[-107.30706514302202,48.13166295037533],[-107.30706479263857,48.13165402882031],[-107.30707847205645,48.13166268126662],[-107.30719948430698,48.13168257504316],[-107.30720597362826,48.13167797970067],[-107.30721734722518,48.13163313430113],[-107.30723242799944,48.13167302410771],[-107.30722639078213,48.131686525261706],[-107.30741419555193,48.13170957730994],[-107.30719027413328,48.13147732365736]],[[-107.30724989584232,48.13161459068028],[-107.30723631844685,48.131610371342184],[-107.3072369172268,48.13162378135943],[-107.30724989584232,48.13161459068028]]]}"
00000000000000000a91,8567,0,0,0,"{""type"":""Polygon"",""coordinates"":[[[-107.30742605726076,48.131526194459674],[-107.30732646853154,48.131537091171985],[-107.30728059097002,48.13155590392734],[-107.30729332119422,48.13154222479047],[-107.30735741185788,48.13148289294394],[-107.307336192167,48.13145652015086],[-107.30722970691737,48.131463177442804],[-107.30719027413328,48.13147732365736],[-107.30741419555193,48.13170957730994],[-107.30742123910943,48.13171832084637],[-107.3074342177415,48.13170913012534],[-107.30744719636881,48.131699939404285],[-107.30746007331189,48.13169076443071],[-107.30747315402941,48.13168600678962],[-107.30742605726076,48.131526194459674]]]}"
00000000000000000a95,8568,0,0,0,"{""type"":""Polygon"",""coordinates"":[[[-107.30749919173765,48.13152025330216],[-107.30742605726076,48.131526194459674],[-107.30747315402941,48.13168600678962],[-107.30749297243713,48.13168114226056],[-107.30753020122754,48.13161793114577],[-107.30756310029405,48.1316083089664],[-107.30760318923478,48.1316074856763],[-107.30762230700991,48.13158922687025],[-107.30749919173765,48.13152025330216]]]}"
00000000000000000a92,8569,0,0,0,"{""type"":""GeometryCollection"",""geometries"":[{""type"":""LineString"",""coordinates"":[[-107.30749915077882,48.13152025472786],[-107.30750581668987,48.13152012082592]]},{""type"":""Polygon"",""coordinates"":[[[-107.30770506251,48.13149828137539],[-107.3075094692897,48.13145302112547],[-107.30750578311847,48.13152009102058],[-107.30762230700991,48.13158922687025],[-107.30765430120113,48.13155734427523],[-107.3076665791304,48.131534759309375],[-107.30771200444468,48.13150704060165],[-107.30770506251,48.13149828137539]]]}]}"
00000000000000000ac3,8570,0,0,0,"{""type"":""Polygon"",""coordinates"":[[[-107.3076890321612,48.131440509115436],[-107.30764684063331,48.13139225219022],[-107.30764669390614,48.13138774799342],[-107.30751550637676,48.13143952001688],[-107.3075094692897,48.13145302112547],[-107.30770506251,48.13149828137539],[-107.3076890321612,48.131440509115436]]]}"
00000000000000000a94,8571,0,0,0,"{""type"":""Polygon"",""coordinates"":[[[-107.30753701027028,48.131322938586734],[-107.3074542995521,48.13141395477141],[-107.30751550637676,48.13143952001688],[-107.30764669390614,48.13138774799342],[-107.30764589116855,48.13136992073746],[-107.30753701027028,48.131322938586734]]]}"
00000000000000000a98,8572,0,0,0,"{""type"":""Polygon"",""coordinates"":[[[-107.30741888217001,48.131218148532355],[-107.30740151648807,48.13127656579069],[-107.30741519590593,48.13128521812691],[-107.30740231910893,48.13129439302004],[-107.3073728220597,48.13137989941211],[-107.30739274238408,48.131379467991025],[-107.30740607136312,48.13137919883964],[-107.30742045134863,48.13140124540133],[-107.3074542995521,48.13141395477141],[-107.30753701027028,48.131322938586734],[-107.30751638937824,48.131309975848595],[-107.30746711018452,48.13125290435572],[-107.30752636090499,48.13123389360508],[-107.30755241989395,48.131219945353855],[-107.30741888217001,48.131218148532355]],[[-107.3074893809481,48.131301592688],[-107.30746272302396,48.13130213101042],[-107.3074698111326,48.131310945619205],[-107.3074893809481,48.131301592688]]]}"
00000000000000000a97,8573,0,0,0,"{""type"":""MultiPolygon"",""coordinates"":[[[[-107.30731437369667,48.131416737398894],[-107.30730104471714,48.131417006537745],[-107.30727393464672,48.1314086390457],[-107.30724023325492,48.13140043380923],[-107.30722970691737,48.131463177442804],[-107.307336192167,48.13145652015086],[-107.30731437369667,48.131416737398894]]],[[[-107.30738538463167,48.13121436066771],[-107.3073655664887,48.13121922512467],[-107.3073054111571,48.131215975515836],[-107.30727875334657,48.131216513783365],[-107.30727286291668,48.13123451900547],[-107.30727945423106,48.131234356742006],[-107.3073330182534,48.13123776863572],[-107.30735952940131,48.13123272616729],[-107.30740151648807,48.13127656579069],[-107.30741888217001,48.131218148532355],[-107.30738538463167,48.13121436066771]]],[[[-107.3073694203459,48.13130401507917],[-107.3073487995607,48.131291052306956],[-107.30733497388528,48.13128234456461],[-107.30729463664284,48.13127423049034],[-107.30726752667657,48.131265863016544],[-107.30725121165929,48.13134659600277],[-107.307298241965,48.131354532092345],[-107.30731157092168,48.13135426295478],[-107.3073660844314,48.131380006288104],[-107.3073728220597,48.13137989941211],[-107.30740231910893,48.13129439302004],[-107.3073694203459,48.13130401507917]]]]}"
00000000000000000a9f,8574,0,0,0,"{""type"":""MultiPolygon"",""coordinates"":[[[[-107.30725219762078,48.131221485085],[-107.3071452160564,48.131214716570014],[-107.30713977765708,48.1312416275204],[-107.30717282300859,48.13123650973915],[-107.30722638696041,48.13123992169433],[-107.30727286291668,48.13123451900547],[-107.30727875334657,48.131216513783365],[-107.30725219762078,48.131221485085]]],[[[-107.30725419775787,48.13126613214657],[-107.30713388716384,48.131259632744175],[-107.30711792228607,48.13134928720593],[-107.30717074131891,48.1313392338515],[-107.30724447404583,48.13134670286977],[-107.30725121165929,48.13134659600277],[-107.30726752667657,48.131265863016544],[-107.30725419775787,48.13126613214657]]],[[[-107.30721297655435,48.131387562102745],[-107.30712556443541,48.13137144066264],[-107.30711827268712,48.13135820870865],[-107.30709073033215,48.131488291249255],[-107.30719027413328,48.13147732365736],[-107.30722970691737,48.131463177442804],[-107.30724023325492,48.13140043380923],[-107.30721297655435,48.131387562102745]]]]}"
00000000000000000a7c,8575,0,0,0,"{""type"":""MultiPolygon"",""coordinates"":[[[[-107.30709828809663,48.131211213460666],[-107.30707183408198,48.13121616896407],[-107.30704497260695,48.131212289869794],[-107.3070589572753,48.13122534379931],[-107.30709933891049,48.13123352911286],[-107.30711301819707,48.13124218148842],[-107.30713977765708,48.1312416275204],[-107.3071452160564,48.131214716570014],[-107.30709828809663,48.131211213460666]]],[[[-107.30703829912966,48.1313598233406],[-107.30696477030808,48.13135677146474],[-107.30694915534544,48.13145534759602],[-107.30692309613188,48.13146929575148],[-107.30692229374985,48.13145146845281],[-107.30690187685869,48.13144292285855],[-107.30688935029399,48.131461019235545],[-107.30699174067263,48.13151259758869],[-107.30709073033215,48.131488291249255],[-107.30711827268712,48.13135820870865],[-107.30711143302183,48.13135388251233],[-107.30711792228607,48.13134928720593],[-107.30713388716384,48.131259632744175],[-107.30711382067801,48.13126000871207],[-107.30706015472101,48.13125216364605],[-107.30703349695399,48.131252701844694],[-107.30702640899297,48.13124388720969],[-107.30697624607065,48.13131635941533],[-107.30705022688608,48.13132831703317],[-107.30705762065283,48.1313459820387],[-107.30704513878187,48.13136414954296],[-107.30703829912966,48.1313598233406]],[[-107.3071040966801,48.13134057941891],[-107.30708452683045,48.131349932279306],[-107.30711143302183,48.13135388251233],[-107.3071040966801,48.13134057941891]],[[-107.30707179663223,48.13136361133782],[-107.30707884002513,48.13137235484607],[-107.30709181856267,48.131363164234195],[-107.30707179663223,48.13136361133782]],[[-107.3070521821665,48.131372893053474],[-107.30706516070695,48.131363702445036],[-107.30704513878187,48.13136414954296],[-107.3070521821665,48.131372893053474]],[[-107.30700515201976,48.13136495683644],[-107.30701219539196,48.131373700350345],[-107.30702517393682,48.13136450974707],[-107.30700515201976,48.13136495683644]]]]}"
00000000000000000a7d,8576,0,0,0,"{""type"":""MultiPolygon"",""coordinates"":[[[[-107.30689528553341,48.13144308509698],[-107.30688125627209,48.13142995994658],[-107.30688065761868,48.13141654997331],[-107.30687381798917,48.131412223754346],[-107.30686897801482,48.13145254477527],[-107.30688935029399,48.131461019235545],[-107.30690187685869,48.13144292285855],[-107.30689528553341,48.13144308509698]]],[[[-107.30701262806129,48.13123525056754],[-107.30693879375072,48.13122334833182],[-107.30691269010593,48.131237225276124],[-107.30689890922048,48.13122858861755],[-107.30688883444965,48.1313002377687],[-107.30691584256228,48.131308621106214],[-107.30697624607065,48.13131635941533],[-107.30702640899297,48.13124388720969],[-107.30701262806129,48.13123525056754]]]]}"
00000000000000000aa0,8577,0,0,0,"{""type"":""MultiPolygon"",""coordinates"":[[[[-107.30680128276148,48.13143157438196],[-107.30680822405867,48.13143588486124],[-107.3068079757565,48.13143139640352],[-107.30680128276148,48.13143157438196]]],[[[-107.30685832401714,48.131215985920335],[-107.30680480495514,48.1312126448964],[-107.30678438824322,48.13120409931138],[-107.30676133473891,48.13128493897576],[-107.30687550557225,48.131300506845236],[-107.30688883444965,48.1313002377687],[-107.30689890922048,48.13122858861755],[-107.30685832401714,48.131215985920335]]],[[[-107.3068669783617,48.13140789753519],[-107.30684112288075,48.13142626296896],[-107.30682130467135,48.13143112733474],[-107.30681481537664,48.13143572262899],[-107.30684880945458,48.131448487627445],[-107.30686897801482,48.13145254477527],[-107.30687381798917,48.131412223754346],[-107.3068669783617,48.13140789753519]]]]}"
00000000000000000a80,8578,0,0,0,"{""type"":""Polygon"",""coordinates"":[[[-107.3067642198432,48.13120004216086],[-107.30665779298697,48.13120661186298],[-107.30663997430094,48.13125612325204],[-107.30667392349338,48.1312688171334],[-107.30671405662486,48.13127251417651],[-107.30675474345145,48.1312851012031],[-107.30676133473891,48.13128493897576],[-107.30678438824322,48.13120409931138],[-107.3067642198432,48.13120004216086]]]}"
00000000000000000a7f,8579,0,0,0,"{""type"":""Polygon"",""coordinates"":[[[-107.30664391020593,48.13119354212784],[-107.30663008483832,48.13118483429224],[-107.30662693292665,48.131113438606924],[-107.30651336160554,48.131111280369524],[-107.30654238621081,48.13131166619467],[-107.30658690728231,48.131261687846504],[-107.30663997430094,48.13125612325204],[-107.30665779298697,48.13120661186298],[-107.30664391020593,48.13119354212784]]]}"
00000000000000000a89,8580,0,0,0,"{""type"":""GeometryCollection"",""geometries"":[{""type"":""LineString"",""coordinates"":[[-107.30637274779704,48.13124809634325],[-107.30637294492014,48.13125249614563]]},{""type"":""Polygon"",""coordinates"":[[[-107.30651336160554,48.131111280369524],[-107.30645990000697,48.13110785226118],[-107.30642875239494,48.13115763253551],[-107.30648241770587,48.13116547795704],[-107.30646309619347,48.131179319095324],[-107.3064160221219,48.131171311458885],[-107.30637255139537,48.13124360531822],[-107.3063858801811,48.13124333631418],[-107.30637294492014,48.13125249614563],[-107.30637290161633,48.1312525268103],[-107.30627931130114,48.13139736388954],[-107.30646581307093,48.13138916475646],[-107.30652990417329,48.131329833624264],[-107.30654238621081,48.13131166619467],[-107.30651336160554,48.131111280369524]],[[-107.30641338449745,48.13126069668161],[-107.30642077789899,48.13127836172278],[-107.30644039233167,48.13126908015374],[-107.30641338449745,48.13126069668161]],[[-107.30641338449745,48.13126069668161],[-107.30640604847756,48.131247393550204],[-107.30639311451394,48.131256655192544],[-107.30641338449745,48.13126069668161]]]}]}"
00000000000000000aa3,8581,0,0,0,"{""type"":""Polygon"",""coordinates"":[[[-107.30642654960317,48.131108568233664],[-107.30637183404447,48.131078407171174],[-107.30637123557078,48.13106499727976],[-107.30637527383695,48.13100684941128],[-107.30610718884226,48.131427609448025],[-107.30627931130114,48.13139736388954],[-107.30637279964486,48.13124809376238],[-107.30637255139537,48.13124360531822],[-107.3064160221219,48.131171311458885],[-107.30639500712903,48.13114935588019],[-107.30642875239494,48.13115763253551],[-107.30645990000697,48.13110785226118],[-107.30642654960317,48.131108568233664]]]}"
00000000000000000a81,8582,0,0,0,"{""type"":""Polygon"",""coordinates"":[[[-107.3063671184601,48.13082391596795],[-107.30634046119701,48.130824453956855],[-107.30632713256816,48.13082472294844],[-107.30618463365944,48.131068763099016],[-107.30620490374885,48.13107725340174],[-107.3061784945762,48.13108227978271],[-107.30599312060346,48.13141202485744],[-107.30608747237642,48.131432457914705],[-107.30610718884226,48.131427609448025],[-107.30637527383695,48.13100684941128],[-107.30638061071619,48.130975505587934],[-107.3063543035609,48.13098496503179],[-107.30632844829034,48.1310033301744],[-107.30631996003534,48.1309632785062],[-107.30633932604978,48.13094950859849],[-107.30635230450454,48.13094031816264],[-107.30635185260728,48.13093141246946],[-107.30640362008877,48.13089459533631],[-107.3063671184601,48.13082391596795]],[[-107.30625626423601,48.131031601670145],[-107.30623609610421,48.13102754441509],[-107.30624338741409,48.13104077636411],[-107.30625626423601,48.131031601670145]],[[-107.30624594015724,48.13109876208024],[-107.30619891094673,48.13109082548556],[-107.30622661864508,48.13111260315334],[-107.30624594015724,48.13109876208024]],[[-107.30623716306202,48.13120166390298],[-107.30621699484631,48.13119760663294],[-107.30622433077508,48.13121090976851],[-107.30623716306202,48.13120166390298]]]}"
00000000000000000a8a,8583,0,0,0,"{""type"":""Polygon"",""coordinates"":[[[-107.30632039511627,48.13082482974539],[-107.30630706649012,48.13082509873414],[-107.30628040924319,48.13082563670595],[-107.30624891153195,48.130866495223295],[-107.30619499860536,48.130854161288234],[-107.30616045172069,48.13082805748525],[-107.3058791991151,48.13140094433548],[-107.30599312060346,48.13141202485744],[-107.3061784945762,48.13108227978271],[-107.30615867661476,48.13108714397351],[-107.30617105673929,48.13106454364187],[-107.30618463365944,48.131068763099016],[-107.30632713256816,48.13082472294844],[-107.30632039511627,48.13082482974539]]]}"
00000000000000000a84,8584,0,0,0,"{""type"":""Polygon"",""coordinates"":[[[-107.30611397669433,48.13083345956985],[-107.30610064809433,48.1308337285293],[-107.3060828290072,48.13088323947413],[-107.30598184284575,48.13086289761802],[-107.30594894463047,48.130872519097196],[-107.30581255528041,48.13140228898683],[-107.3058791991151,48.13140094433548],[-107.30616045172069,48.13082805748525],[-107.30611397669433,48.13083345956985]]]}"
00000000000000000a8d,8585,0,0,0,"{""type"":""Polygon"",""coordinates"":[[[-107.30581656257013,48.13089746852288],[-107.30580348217046,48.13090222585871],[-107.3056729819604,48.13141399068231],[-107.30581255528041,48.13140228898683],[-107.30594894463047,48.130872519097196],[-107.30581656257013,48.13089746852288]]]}"
00000000000000000aa8,8586,0,0,0,"{""type"":""Polygon"",""coordinates"":[[[-107.30579684641852,48.130902316873005],[-107.30536556218401,48.13125492079142],[-107.30523218645553,48.13140498082473],[-107.30525260256229,48.13141352678809],[-107.30533417793127,48.13144756832121],[-107.30539482839345,48.131459796144284],[-107.3053871428116,48.131437571339355],[-107.30548104199832,48.13144909923511],[-107.3056729819604,48.13141399068231],[-107.30580348217046,48.13090222585871],[-107.30579684641852,48.130902316873005]],[[-107.30572736079755,48.13098862893519],[-107.30571378402695,48.130984409415966],[-107.30572087152981,48.130993224116104],[-107.30572736079755,48.13098862893519]],[[-107.30565169104902,48.13108838660857],[-107.30563811426323,48.13108416707101],[-107.30564544991931,48.1310974702291],[-107.30565169104902,48.13108838660857]],[[-107.30561135513835,48.131080271822626],[-107.30559777836613,48.13107605227967],[-107.30559837655555,48.13108946218593],[-107.30561135513835,48.131080271822626]]]}"
00000000000000000a88,8587,0,0,0,"{""type"":""GeometryCollection"",""geometries"":[{""type"":""LineString"",""coordinates"":[[-107.30571316571071,48.13097102420699],[-107.30570669972774,48.130975620348565]]},{""type"":""Polygon"",""coordinates"":[[[-107.30571318579294,48.13097099953833],[-107.30579684641852,48.130902316873005],[-107.30562347334485,48.13090582836832],[-107.30561688220357,48.1309059905126],[-107.30559681623365,48.130906366147556],[-107.30558373583474,48.13091112345421],[-107.30536556218401,48.13125492079142],[-107.30570669652778,48.13097559471668],[-107.30569965363095,48.13096685116103],[-107.30571318579294,48.13097099953833]],[[-107.30568587330764,48.13095821435833],[-107.30567194650408,48.13094507338687],[-107.30565293043922,48.130967764612],[-107.30568587330764,48.13095821435833]],[[-107.30565223033962,48.13094992171199],[-107.30561848572295,48.13094164479971],[-107.30562627327518,48.130968302401406],[-107.30565223033962,48.13094992171199]],[[-107.30569965363095,48.13096685116103],[-107.30569930356978,48.13095792971089],[-107.30568587330764,48.13095821435833],[-107.30568632504175,48.130967120063325],[-107.30569965363095,48.13096685116103]]]}]}"
00000000000000000ab3,8588,0,0,0,"{""type"":""Polygon"",""coordinates"":[[[-107.30549039140489,48.13091293446642],[-107.30494668707586,48.131285676963785],[-107.30506295410237,48.131350327375706],[-107.30517143441898,48.131388319840475],[-107.30523218645553,48.13140498082473],[-107.30536556218401,48.13125492079142],[-107.30558373583474,48.13091112345421],[-107.30549039140489,48.13091293446642]]]}"
00000000000000000bcc,8589,0,0,0,"{""type"":""Polygon"",""coordinates"":[[[-107.30486353532038,48.13062186830629],[-107.30478716514716,48.13070378178824],[-107.30473211333555,48.13081650147112],[-107.30473286810137,48.13098177013351],[-107.30476536996211,48.13111066948521],[-107.30480071692581,48.131154601199015],[-107.30489172530939,48.13125102645526],[-107.30494668707586,48.131285676963785],[-107.30549039140489,48.13091293446642],[-107.30486353532038,48.13062186830629]],[[-107.30537587410763,48.130888443532356],[-107.30536234206335,48.130884295110995],[-107.30536279371928,48.130893200806995],[-107.30537587410763,48.130888443532356]],[[-107.30491161245666,48.13065212098769],[-107.30489159137133,48.1306525676088],[-107.3048986339627,48.13066131117928],[-107.30491161245666,48.13065212098769]],[[-107.30490003331984,48.13069254806739],[-107.3048665374485,48.130688759318765],[-107.30488730287877,48.130706226671236],[-107.30490003331984,48.13069254806739]],[[-107.3048847522565,48.13064824129778],[-107.30486454019062,48.13064411262437],[-107.30483907932121,48.13067146979902],[-107.30485945026636,48.130679944598384],[-107.3048847522565,48.13064824129778]]]}"
00000000000000000a8e,8590,0,0,0,"{""type"":""Polygon"",""coordinates"":[[[-107.30487002456235,48.13061727321645],[-107.30486353532038,48.13062186830629],[-107.30549039140489,48.13091293446642],[-107.30558373583474,48.13091112345421],[-107.30559681623365,48.130906366147556],[-107.30527995299082,48.1305331121197],[-107.30517592178958,48.13044580758974],[-107.30509041058639,48.13047434669909],[-107.30498633482347,48.13053448229075],[-107.30494115820008,48.13056668757394],[-107.30487002456235,48.13061727321645]],[[-107.30495528798566,48.13058424582253],[-107.30497510556333,48.13057938193657],[-107.30495483642551,48.13057534017449],[-107.30495528798566,48.13058424582253]],[[-107.30495528798566,48.13058424582253],[-107.30492877769514,48.13058928754264],[-107.30494914863804,48.13059776230978],[-107.30495528798566,48.13058424582253]],[[-107.30494999467678,48.130615660502215],[-107.30492982720268,48.13061160298794],[-107.30493711787511,48.13062483494779],[-107.30494999467678,48.130615660502215]],[[-107.30495483642551,48.13057534017449],[-107.30495448653993,48.13056641878355],[-107.30494115820008,48.13056668757394],[-107.30494150808242,48.13057560896505],[-107.30495483642551,48.13057534017449]]]}"
00000000000000000a87,8591,0,0,0,"{""type"":""Polygon"",""coordinates"":[[[-107.30527995299082,48.1305331121197],[-107.30559681623365,48.130906366147556],[-107.30561688220357,48.1309059905126],[-107.3056163858873,48.130897013674485],[-107.3056299626012,48.130901233201925],[-107.30562347334485,48.13090582836832],[-107.30579684641852,48.130902316873005],[-107.30580348217046,48.13090222585871],[-107.30581656257013,48.13089746852288],[-107.30527995299082,48.1305331121197]],[[-107.30564213933737,48.13087421573987],[-107.30562856262979,48.130869996216155],[-107.3056356500867,48.13087881090459],[-107.30564213933737,48.13087421573987]]]}"
00000000000000000a8c,8592,0,0,0,"{""type"":""Polygon"",""coordinates"":[[[-107.30594809810846,48.130854620838456],[-107.30594025323607,48.13082805021468],[-107.30521475525593,48.13041825276819],[-107.30517592178958,48.13044580758974],[-107.30527995299082,48.1305331121197],[-107.30581656257013,48.13089746852288],[-107.30594894463047,48.130872519097196],[-107.30598184284575,48.13086289761802],[-107.30594809810846,48.130854620838456]]]}"
00000000000000000a8b,8593,0,0,0,"{""type"":""GeometryCollection"",""geometries"":[{""type"":""LineString"",""coordinates"":[[-107.30594239438474,48.13072523963944],[-107.30594900822373,48.1307251068728]]},{""type"":""Polygon"",""coordinates"":[[[-107.30610713731282,48.130829133337876],[-107.30610039987609,48.13082924011899],[-107.30610064809433,48.1308337285293],[-107.30611397669433,48.13083345956985],[-107.30610713731282,48.130829133337876]]]},{""type"":""Polygon"",""coordinates"":[[[-107.30532426998191,48.13033120665205],[-107.30521475525593,48.13041825276819],[-107.30594025323607,48.13082805021468],[-107.30592547983461,48.13079701107525],[-107.30588494045726,48.130784479180896],[-107.30591019734455,48.13075270441724],[-107.30592317576944,48.130743514074574],[-107.30594239519853,48.1307252401582],[-107.30594239438474,48.13072523963944],[-107.30532426998191,48.13033120665205]]]}]}"
00000000000000000a86,8594,0,0,0,"{""type"":""MultiPolygon"",""coordinates"":[[[[-107.30614677294366,48.13081940502905],[-107.30610713731282,48.130829133337876],[-107.30611397669433,48.13083345956985],[-107.30616045172069,48.13082805748525],[-107.30614677294366,48.13081940502905]]],[[[-107.30568823320758,48.130413224314225],[-107.30551750210756,48.13032735170613],[-107.30540203838788,48.13028052998729],[-107.30533065747181,48.130326627303134],[-107.30532426998191,48.13033120665205],[-107.30594898633026,48.130725077992366],[-107.30600149854595,48.13070617517112],[-107.30604741960582,48.13068743450148],[-107.30605386420044,48.13068276818485],[-107.30568823320758,48.130413224314225]]]]}"
00000000000000000a76,8595,0,0,0,"{""type"":""GeometryCollection"",""geometries"":[{""type"":""LineString"",""coordinates"":[[-107.30616906553568,48.130573299435994],[-107.30617571490022,48.130573165943005]]},{""type"":""Polygon"",""coordinates"":[[[-107.30568823320758,48.130413224314225],[-107.30605386420044,48.13068276818485],[-107.30609848679009,48.1306372236687],[-107.30615688965982,48.13060031584918],[-107.30616906553568,48.130573299435994],[-107.30616906596394,48.13057329848574],[-107.30568823320758,48.130413224314225]]]}]}"
00000000000000000a7b,8596,0,0,0,"{""type"":""Polygon"",""coordinates"":[[[-107.30551750210756,48.13032735170613],[-107.30568823320758,48.130413224314225],[-107.30617565708438,48.13057313630508],[-107.30619432252672,48.13054152378305],[-107.30620705261043,48.13052784505764],[-107.30622666663459,48.130518563675075],[-107.30623255735308,48.130500558754925],[-107.30627149252302,48.13047743646648],[-107.30551750210756,48.13032735170613]]]}"
00000000000000000a7e,8597,0,0,0,"{""type"":""Polygon"",""coordinates"":[[[-107.30626385108425,48.13045528330015],[-107.30624308481619,48.13043781635023],[-107.30625375879895,48.13037957813672],[-107.30545939105339,48.13022130757628],[-107.30541925973267,48.13021761003621],[-107.30542809685036,48.13026658257923],[-107.30540203838788,48.13028052998729],[-107.30551750210756,48.13032735170613],[-107.30627149252302,48.13047743646648],[-107.30627822990833,48.13047732967536],[-107.30626385108425,48.13045528330015]]]}"
00000000000000000a82,8598,0,0,0,"{""type"":""Polygon"",""coordinates"":[[[-107.30565941725429,48.13021725874209],[-107.30545939105339,48.13022130757628],[-107.30625375879895,48.13037957813672],[-107.30625719861133,48.13030802133106],[-107.30632289210064,48.13028434541611],[-107.30632254187714,48.13027542408808],[-107.30565941725429,48.13021725874209]]]}"
00000000000000000a83,8599,0,0,0,"{""type"":""Polygon"",""coordinates"":[[[-107.30626597518825,48.130205121267544],[-107.30629182987627,48.130186756435194],[-107.30631125253633,48.13017289986018],[-107.30629007908637,48.130146598592106],[-107.30565941725429,48.13021725874209],[-107.30632254187714,48.13027542408808],[-107.3063217397553,48.130257597182336],[-107.30626597518825,48.130205121267544]]]}"
00000000000000000a79,8600,0,0,0,"{""type"":""Polygon"",""coordinates"":[[[-107.30540857113664,48.130128495412364],[-107.30541925973267,48.13021761003621],[-107.30545939105339,48.13022130757628],[-107.30565941725429,48.13021725874209],[-107.30629007908637,48.130146598592106],[-107.30627590400583,48.130128969562485],[-107.30630116016678,48.130097195110224],[-107.30631393465676,48.130083587632356],[-107.30631308793463,48.130065689650316],[-107.30540857113664,48.130128495412364]]]}"
00000000000000000a85,8601,0,0,0,"{""type"":""Polygon"",""coordinates"":[[[-107.30540645776054,48.12993206422739],[-107.30540531982038,48.130057116807585],[-107.30540857113664,48.130128495412364],[-107.30631308793463,48.130065689650316],[-107.30631063696609,48.130012138023055],[-107.30540645776054,48.12993206422739]]]}"
00000000000000000a75,8602,0,0,0,"{""type"":""Polygon"",""coordinates"":[[[-107.30552250275609,48.12969298543568],[-107.30549040738757,48.12972043324961],[-107.30542951271995,48.12985122693049],[-107.3054062096228,48.129927575890164],[-107.30540645776054,48.12993206422739],[-107.30631063696609,48.130012138023055],[-107.30630264534467,48.129981063776576],[-107.3063157254174,48.12997630646428],[-107.30552250275609,48.12969298543568]]]}"
00000000000000000a71,8603,0,0,0,"{""type"":""Polygon"",""coordinates"":[[[-107.30577407335956,48.12950035273436],[-107.30565018371,48.12956535179602],[-107.30552250275609,48.12969298543568],[-107.3063157254174,48.12997630646428],[-107.30632849985807,48.12996269901698],[-107.30632730289572,48.12993587980619],[-107.30577407335956,48.12950035273436]]]}"
00000000000000000a74,8604,0,0,0,"{""type"":""Polygon"",""coordinates"":[[[-107.30589911480634,48.12946210142771],[-107.30587165672927,48.12944481260537],[-107.30583282455495,48.129472367150186],[-107.30580017581161,48.129486476588276],[-107.30577407335956,48.12950035273436],[-107.30632730289572,48.12993587980619],[-107.30633239131394,48.1299000482993],[-107.3063315891769,48.12988222152123],[-107.30636992514287,48.12984568990227],[-107.30638290318134,48.12983649966566],[-107.30589911480634,48.12946210142771]]]}"
00000000000000000a72,8605,0,0,0,"{""type"":""Polygon"",""coordinates"":[[[-107.30589911480634,48.12946210142771],[-107.30638290318134,48.12983649966566],[-107.30642188218492,48.12981344876835],[-107.3064603196965,48.12977690141857],[-107.30648617402531,48.12975853669244],[-107.30589911480634,48.12946210142771]]]}"
00000000000000000a78,8606,0,0,0,"{""type"":""Polygon"",""coordinates"":[[[-107.30592297037674,48.12939909138504],[-107.30591024065791,48.12941276977],[-107.30587165672927,48.12944481260537],[-107.30589911480634,48.12946210142771],[-107.30648617402531,48.12975853669244],[-107.30649266302291,48.12975394157446],[-107.3065116334579,48.12973117959185],[-107.30654272252339,48.12968148756413],[-107.30654921150368,48.12967689244949],[-107.30592297037674,48.12939909138504]]]}"
00000000000000000a77,8607,0,0,0,"{""type"":""Polygon"",""coordinates"":[[[-107.30594118347304,48.12935857420019],[-107.30594138708244,48.1293629913452],[-107.30592297037674,48.12939909138504],[-107.30654921150368,48.12967689244949],[-107.30656214486126,48.129667631079585],[-107.30657502114026,48.12965845659609],[-107.30659343750158,48.129622356261805],[-107.30662553235958,48.12959490814297],[-107.30594118347304,48.12935857420019]]]}"
00000000000000000a6e,8608,0,0,0,"{""type"":""Polygon"",""coordinates"":[[[-107.30680318668912,48.12953773709703],[-107.30673100557144,48.12956600808788],[-107.30674942175844,48.12952990779152],[-107.30678281545757,48.129529262901684],[-107.30600038624864,48.12933949402099],[-107.30594093526602,48.12935408591504],[-107.30594118347304,48.12935857420019],[-107.30662553235958,48.12959490814297],[-107.30664499923557,48.129581122806464],[-107.30683752945095,48.129559422881364],[-107.30680318668912,48.12953773709703]]]}"
00000000000000000a90,8609,0,0,0,"{""type"":""Polygon"",""coordinates"":[[[-107.30700115503956,48.12948912681951],[-107.30694724335996,48.12947679359848],[-107.30693970366211,48.1294590738094],[-107.3069526814977,48.12944988356841],[-107.30628052390824,48.1293383345023],[-107.30603307945213,48.12932545569811],[-107.30600038624864,48.12933949402099],[-107.30678281545757,48.129529262901684],[-107.30682963944348,48.12953278185778],[-107.306841566604,48.12950127668557],[-107.3068753106801,48.12950955295473],[-107.30690311995258,48.129535762685364],[-107.3070085931034,48.1295068623591],[-107.30700115503956,48.12948912681951]]]}"
00000000000000000a69,8610,0,0,0,"{""type"":""Polygon"",""coordinates"":[[[-107.30711410272484,48.12933052486853],[-107.30704711131803,48.12932294909369],[-107.30702624340545,48.12930549843474],[-107.30702020659974,48.12931899895775],[-107.30696065331301,48.129329158600974],[-107.30696180616583,48.12935590634213],[-107.30696215655917,48.12936482750757],[-107.30696969625511,48.129382547263184],[-107.30690320192474,48.12938839657639],[-107.30688243575229,48.12937093011668],[-107.30680950965633,48.129381287584934],[-107.30686041515119,48.129326731660704],[-107.30679237330203,48.1292968408563],[-107.30628052390824,48.1293383345023],[-107.3069526814977,48.12944988356841],[-107.30699106123065,48.12941342316265],[-107.30707162931971,48.12942521819549],[-107.30709024891071,48.12939353508071],[-107.3071219929331,48.12935716576119],[-107.30714889771998,48.129361115869706],[-107.30716197758198,48.12935635850343],[-107.30711410272484,48.12933052486853]],[[-107.30700144034213,48.12934617798951],[-107.30698106912074,48.129337703866874],[-107.30698871088666,48.129359856497146],[-107.30700144034213,48.12934617798951]]]}"
00000000000000000a6b,8611,0,0,0,"{""type"":""Polygon"",""coordinates"":[[[-107.30677181096448,48.12928379153387],[-107.30675803081056,48.12927515515719],[-107.30676311868255,48.12923932409135],[-107.30675547708763,48.129217171489515],[-107.30619575535981,48.12923283076655],[-107.30603307945213,48.12932545569811],[-107.30628052390824,48.1293383345023],[-107.306785737766,48.12929693193074],[-107.30677181096448,48.12928379153387]]]}"
00000000000000000a6d,8612,0,0,0,"{""type"":""Polygon"",""coordinates"":[[[-107.30678536807986,48.129140661096834],[-107.30678522143927,48.1291361570893],[-107.30639112374551,48.129126167348915],[-107.30634524928915,48.129144978716056],[-107.30624082781637,48.12919619288965],[-107.30619575535981,48.12923283076655],[-107.30675547708763,48.129217171489515],[-107.30675463012577,48.129199273812226],[-107.30682071659392,48.129184590381925],[-107.30682036623232,48.129175669245726],[-107.30682615475106,48.129157680508],[-107.30678536807986,48.129140661096834]]]}"
00000000000000000a65,8613,0,0,0,"{""type"":""Polygon"",""coordinates"":[[[-107.30684011901069,48.12902338463711],[-107.30682808999684,48.129050456657666],[-107.30676155174913,48.12905623467879],[-107.30678760919275,48.129042287251906],[-107.30678725883708,48.129033366139566],[-107.30676060274082,48.12903390419729],[-107.30674682267784,48.12902526785772],[-107.30673314429471,48.12901661577161],[-107.30644307971234,48.12909392667178],[-107.30639112374551,48.129126167348915],[-107.30678522143927,48.1291361570893],[-107.30679006094056,48.12909583785993],[-107.30682215522974,48.129068389964445],[-107.30688315376842,48.12908953747168],[-107.3068877894315,48.129044801162244],[-107.30684011901069,48.12902338463711]]]}"
00000000000000000a67,8614,0,0,0,"{""type"":""Polygon"",""coordinates"":[[[-107.30672585309357,48.129003384366186],[-107.30671901390876,48.12899905832334],[-107.30670518927484,48.12899035084316],[-107.30667783257293,48.128973046668435],[-107.30663659423938,48.12894712189205],[-107.3066090913501,48.128929762315856],[-107.30660190188819,48.12891651517555],[-107.30644307971234,48.12909392667178],[-107.30673314429471,48.12901661577161],[-107.30672585309357,48.129003384366186]]]}"
00000000000000000a63,8615,0,0,0,"{""type"":""Polygon"",""coordinates"":[[[-107.3066526983247,48.128710020506446],[-107.30660742301055,48.12874224112734],[-107.30653229519541,48.12870353617911],[-107.30651896730093,48.12870380516789],[-107.3065121282075,48.12869947913261],[-107.30634524928915,48.129144978716056],[-107.30639112374551,48.129126167348915],[-107.30644307971234,48.12909392667178],[-107.30660190188819,48.12891651517555],[-107.30659496107107,48.128912204875576],[-107.30659380846774,48.12888545734929],[-107.30657963361436,48.1288678287814],[-107.30657823273171,48.12883659303998],[-107.30662215185498,48.12877320780899],[-107.30666942679885,48.1287856321437],[-107.30668030312818,48.12873181283425],[-107.3066526983247,48.128710020506446]],[[-107.30654173231794,48.12876591647216],[-107.3065283598013,48.12876611432375],[-107.30653544719303,48.12877492859486],[-107.30654173231794,48.12876591647216]]]}"
00000000000000000a6c,8616,0,0,0,"{""type"":""Polygon"",""coordinates"":[[[-107.30650518744568,48.128695168842526],[-107.3064781813866,48.12868678575376],[-107.30646645797601,48.12872270747954],[-107.30644723982766,48.12874098077281],[-107.30639841779798,48.12869281669653],[-107.30634440613798,48.12868049902579],[-107.30634405588482,48.12867157797058],[-107.30637071160285,48.12867104004191],[-107.30642241862871,48.128634311450895],[-107.30642087126877,48.12859857187963],[-107.30639491612149,48.128616951906835],[-107.30636826043545,48.128617489840885],[-107.30632887542897,48.12863170599483],[-107.30632932734925,48.12864061129823],[-107.30624082781637,48.12919619288965],[-107.30634524928915,48.129144978716056],[-107.3065121282075,48.12869947913261],[-107.30650518744568,48.128695168842526]]]}"
00000000000000000a46,8617,0,1,0,"{""type"":""Polygon"",""coordinates"":[[[-107.30600566220248,48.129160730260544],[-107.30594058512148,48.12934516474137],[-107.30594093526602,48.12935408591504],[-107.30600038624864,48.12933949402099],[-107.30603307945213,48.12932545569811],[-107.30619575535981,48.12923283076655],[-107.30624082781637,48.12919619288965],[-107.30632932734925,48.12864061129823],[-107.30600566220248,48.129160730260544]]]}"
00000000000000000a47,8618,0,0,0,"{""type"":""Polygon"",""coordinates"":[[[-107.30628349298782,48.12851198760043],[-107.30624270748987,48.12849496813768],[-107.3062413068773,48.128463732605894],[-107.30614057512015,48.128447879901834],[-107.30606071062446,48.12845392626197],[-107.30600566220248,48.129160730260544],[-107.30632932734925,48.12864061129823],[-107.30632887542897,48.12863170599483],[-107.30630930704902,48.12864105817821],[-107.30628794317991,48.128610182552165],[-107.3063243231386,48.128529078189175],[-107.30632856445573,48.128475350209435],[-107.30628349298782,48.12851198760043]]]}"
00000000000000000a68,8619,0,0,0,"{""type"":""Polygon"",""coordinates"":[[[-107.30595408877036,48.128456077553],[-107.30589373534465,48.128448410021164],[-107.30589386385105,48.129346078232786],[-107.30594058512148,48.12934516474137],[-107.30600566220248,48.129160730260544],[-107.30606071062446,48.12845392626197],[-107.30595408877036,48.128456077553]]]}"
00000000000000000a73,8620,0,0,0,"{""type"":""Polygon"",""coordinates"":[[[-107.30587352410923,48.12844428171189],[-107.30573375831796,48.12845156548625],[-107.30578064874742,48.129348391579065],[-107.30580081583527,48.12935244882685],[-107.30589386385105,48.129346078232786],[-107.30589373534465,48.128448410021164],[-107.30587352410923,48.12844428171189]]]}"
00000000000000000a4a,8621,0,0,0,"{""type"":""Polygon"",""coordinates"":[[[-107.30573375831796,48.12845156548625],[-107.30569377525073,48.1284523720947],[-107.30567500880431,48.128479550424025],[-107.30564835342093,48.12848008814893],[-107.30563617765081,48.12850710435773],[-107.30562369637889,48.1285252706815],[-107.30561232239832,48.12857011325261],[-107.30560608174747,48.128579196423615],[-107.3056468722912,48.12934210382993],[-107.30568685629692,48.12934129720358],[-107.30578064874742,48.129348391579065],[-107.30573375831796,48.12845156548625]]]}"
00000000000000000a6f,8622,0,0,0,"{""type"":""Polygon"",""coordinates"":[[[-107.30560608174747,48.128579196423615],[-107.30559984109377,48.12858827959585],[-107.30557468758896,48.12862448576203],[-107.30556181159126,48.1286336599238],[-107.30556300804598,48.12866047849314],[-107.30554798969844,48.128772458700006],[-107.30556881170334,48.12878983839701],[-107.3055825341559,48.128798561765144],[-107.30555587856963,48.12879909947277],[-107.30552917839447,48.12879956603282],[-107.30548899148089,48.12879595546863],[-107.30548753461468,48.12935873963065],[-107.3056468722912,48.12934210382993],[-107.30560608174747,48.128579196423615]]]}"
00000000000000000a53,8623,0,0,0,"{""type"":""Polygon"",""coordinates"":[[[-107.30538236929232,48.128798106146675],[-107.30523325353307,48.12934153253412],[-107.30523984436988,48.129341370428754],[-107.30542099659891,48.12936451674992],[-107.30548753461468,48.12935873963065],[-107.30548899148089,48.12879595546863],[-107.30538236929232,48.128798106146675]]]}"
00000000000000000a50,8624,0,0,0,"{""type"":""Polygon"",""coordinates"":[[[-107.30536230451193,48.128798481687355],[-107.30524804195454,48.12877847965642],[-107.30511140632703,48.12930373913066],[-107.30523325353307,48.12934153253412],[-107.30538236929232,48.128798106146675],[-107.30536230451193,48.128798481687355]]]}"
00000000000000000a4d,8625,0,0,0,"{""type"":""Polygon"",""coordinates"":[[[-107.30523446609199,48.128774260223594],[-107.30511426842428,48.12877219115844],[-107.30497128842086,48.129302100793716],[-107.3049716383298,48.129311021969585],[-107.30499809062252,48.12930606726846],[-107.30509123949558,48.12929968173518],[-107.30511140632703,48.12930373913066],[-107.30524804195454,48.12877847965642],[-107.30523446609199,48.128774260223594]]]}"
00000000000000000a51,8626,0,0,0,"{""type"":""Polygon"",""coordinates"":[[[-107.3050810222644,48.12877289082216],[-107.30502037640846,48.12876066330832],[-107.3049604749012,48.12876190047509],[-107.3049398362693,48.1291955207824],[-107.30497128842086,48.129302100793716],[-107.30511426842428,48.12877219115844],[-107.3050810222644,48.12877289082216]]]}"
00000000000000000a54,8627,0,0,0,"{""type"":""Polygon"",""coordinates"":[[[-107.30485395522182,48.12876848339089],[-107.30481337423716,48.128755880310855],[-107.30479335419565,48.12875632686888],[-107.30491841651698,48.129164731380314],[-107.3049398362693,48.1291955207824],[-107.3049604749012,48.12876190047509],[-107.30485395522182,48.12876848339089]]]}"
00000000000000000a58,8628,0,0,0,"{""type"":""Polygon"",""coordinates"":[[[-107.30479335419565,48.12875632686888],[-107.30469357166118,48.12876280292818],[-107.30461865085826,48.1287285134742],[-107.30459304495912,48.12875136556861],[-107.30491841651698,48.129164731380314],[-107.30479335419565,48.12875632686888]]]}"
00000000000000000a7a,8629,0,0,0,"{""type"":""Polygon"",""coordinates"":[[[-107.3049398362693,48.1291955207824],[-107.30491841651698,48.129164731380314],[-107.30459304495912,48.12875136556861],[-107.3045863526027,48.12875154336726],[-107.30455400972365,48.1287745021198],[-107.3045146246497,48.12878871757304],[-107.30479363607435,48.12935926814073],[-107.30483996234291,48.12934936287211],[-107.3049716383298,48.129311021969585],[-107.30497128842086,48.129302100793716],[-107.3049398362693,48.1291955207824]]]}"
00000000000000000a70,8630,0,0,0,"{""type"":""Polygon"",""coordinates"":[[[-107.3045146246497,48.12878871757304],[-107.30449480809187,48.128793581172445],[-107.30444853969335,48.12880339926582],[-107.30444871414582,48.12940190832223],[-107.30469465326304,48.129383570952555],[-107.30477367278779,48.12935962782303],[-107.30479363607435,48.12935926814073],[-107.3045146246497,48.12878871757304]]]}"
00000000000000000a56,8631,0,0,0,"{""type"":""Polygon"",""coordinates"":[[[-107.30440880481443,48.12880869358666],[-107.3040318069749,48.12932988286335],[-107.30408591910874,48.129346634915976],[-107.30411292437061,48.1293550188036],[-107.3041806124161,48.12937599044905],[-107.30440199354612,48.12940282107101],[-107.30444871414582,48.12940190832223],[-107.30444853969335,48.12880339926582],[-107.30440880481443,48.12880869358666]]]}"
00000000000000000a57,8632,0,0,0,"{""type"":""GeometryCollection"",""geometries"":[{""type"":""LineString"",""coordinates"":[[-107.30431225491529,48.12873914986847],[-107.30431205556269,48.12873469592604]]},{""type"":""Polygon"",""coordinates"":[[[-107.30439557893979,48.12881339512422],[-107.30437426162501,48.12878259006167],[-107.30435349753584,48.12876512320282],[-107.30431225491529,48.12873914986847],[-107.30431221751584,48.12873912631543],[-107.3039094096478,48.12927874953689],[-107.30397769492177,48.1293131307835],[-107.3040318069749,48.12932988286335],[-107.30440880481443,48.12880869358666],[-107.30439557893979,48.12881339512422]]]}]}"
00000000000000000a5a,8633,0,0,0,"{""type"":""Polygon"",""coordinates"":[[[-107.30430662171659,48.12861418343807],[-107.30422750219832,48.12863369296351],[-107.30418912182458,48.12867015173945],[-107.30382200704878,48.129262625491435],[-107.30382884572056,48.12926695177551],[-107.3039094096478,48.12927874953689],[-107.30431201409941,48.12873470921445],[-107.3043173074785,48.1287032956914],[-107.30434765358596,48.128635692036696],[-107.30430662171659,48.12861418343807]]]}"
00000000000000000a55,8634,0,0,0,"{""type"":""Polygon"",""coordinates"":[[[-107.30417614399873,48.12867934147011],[-107.30416366215088,48.12869750767799],[-107.30415068431219,48.12870669741032],[-107.30408299748544,48.12868572597965],[-107.30404241719901,48.12867312257559],[-107.30402894336196,48.12866888722884],[-107.30374099198234,48.12924192222158],[-107.30377448602998,48.12924571130525],[-107.30382200704878,48.129262625491435],[-107.30418912182458,48.12867015173945],[-107.30417614399873,48.12867934147011]]]}"
00000000000000000a5e,8635,0,0,0,"{""type"":""Polygon"",""coordinates"":[[[-107.303920225281,48.12862640694283],[-107.30358565470341,48.12920033775851],[-107.30368039131807,48.12922976487789],[-107.30374099198234,48.12924192222158],[-107.30402894336196,48.12866888722884],[-107.30402873997933,48.1286644701323],[-107.303920225281,48.12862640694283]]]}"
00000000000000000a5f,8636,0,0,0,"{""type"":""Polygon"",""coordinates"":[[[-107.30389985584021,48.128617932236665],[-107.3038772422605,48.12856032432082],[-107.30384984344255,48.128542948277776],[-107.30383606467373,48.12853431156786],[-107.3038162483164,48.12853917499849],[-107.30347788320066,48.12917573854288],[-107.30349131247816,48.12917990286545],[-107.30357881608995,48.1291960114611],[-107.30358565470341,48.12920033775851],[-107.303920225281,48.12862640694283],[-107.30389985584021,48.128617932236665]]]}"
00000000000000000ac0,8637,0,0,0,"{""type"":""Polygon"",""coordinates"":[[[-107.30378300282301,48.12853987419235],[-107.30371042965552,48.128559150117184],[-107.30325486045477,48.12911318148619],[-107.30326858212135,48.129121905258884],[-107.30340391069657,48.12916377844864],[-107.30346430766706,48.12917151881933],[-107.30347788320066,48.12917573854288],[-107.3038162483164,48.12853917499849],[-107.30378300282301,48.12853987419235]]]}"
00000000000000000b89,8638,0,0,0,"{""type"":""Polygon"",""coordinates"":[[[-107.30365063097612,48.12856481926386],[-107.30295421419841,48.12895400333213],[-107.30299579770801,48.128988850943365],[-107.30310525813348,48.12904924603872],[-107.30320040004604,48.129087507851736],[-107.30325486045477,48.12911318148619],[-107.30371042965552,48.128559150117184],[-107.30365063097612,48.12856481926386]]]}"
00000000000000000b80,8639,0,0,0,"{""type"":""Polygon"",""coordinates"":[[[-107.30362377277085,48.12856093932421],[-107.30275360889947,48.128645332272825],[-107.30274771711204,48.128663336371524],[-107.3027930865145,48.12878305711368],[-107.30289137198294,48.12889271195209],[-107.30295421419841,48.12895400333213],[-107.30365063097612,48.12856481926386],[-107.30362377277085,48.12856093932421]]]}"
00000000000000000b84,8640,0,0,0,"{""type"":""Polygon"",""coordinates"":[[[-107.30285078908041,48.12828165962231],[-107.30281255450627,48.12832262156835],[-107.30274501994218,48.12845350097811],[-107.30274956218686,48.128556129060875],[-107.30275165867181,48.1286007583479],[-107.30275360889947,48.128645332272825],[-107.30362377277085,48.12856093932421],[-107.30285078908041,48.12828165962231]]]}"
00000000000000000a45,8641,0,0,0,"{""type"":""Polygon"",""coordinates"":[[[-107.3029796200367,48.12818078022656],[-107.30290834401401,48.12822685807685],[-107.30285078908041,48.12828165962231],[-107.30362377277085,48.12856093932421],[-107.30365063097612,48.12856481926386],[-107.30371042965552,48.128559150117184],[-107.30378300282301,48.12853987419235],[-107.3029796200367,48.12818078022656]]]}"
00000000000000000a59,8642,0,0,0,"{""type"":""Polygon"",""coordinates"":[[[-107.30381544737016,48.12852134863033],[-107.3037783560039,48.12843726200633],[-107.30378480030095,48.12843259604927],[-107.30303602465911,48.12809923148153],[-107.30300572173964,48.1281669052079],[-107.3029796200367,48.12818078022656],[-107.30378300282301,48.12853987419235],[-107.3038162483164,48.12853917499849],[-107.30383606467373,48.12853431156786],[-107.30381544737016,48.12852134863033]]]}"
00000000000000000a5b,8643,0,0,0,"{""type"":""Polygon"",""coordinates"":[[[-107.30315746360253,48.12798068796094],[-107.30314458759558,48.127989861686224],[-107.30304231025514,48.12809021969193],[-107.30303602465911,48.12809923148153],[-107.30378480030095,48.12843259604927],[-107.30381554115719,48.12837398506611],[-107.30382847431405,48.12836472429923],[-107.30315746360253,48.12798068796094]]]}"
00000000000000000a5c,8644,0,0,0,"{""type"":""Polygon"",""coordinates"":[[[-107.30328110070799,48.127911206017565],[-107.30315746360253,48.12798068796094],[-107.30382847431405,48.12836472429923],[-107.30384145205763,48.12835553467265],[-107.30385397847753,48.12833743976554],[-107.30386625692924,48.1283148566551],[-107.30389235865924,48.12830098135916],[-107.30389859955545,48.12829189834145],[-107.30328110070799,48.127911206017565]]]}"
00000000000000000a4f,8645,0,0,0,"{""type"":""Polygon"",""coordinates"":[[[-107.30339699675648,48.12781513890039],[-107.30337089534572,48.127829013925314],[-107.30328110070799,48.127911206017565],[-107.30389859955545,48.12829189834145],[-107.30390473874607,48.12827838251788],[-107.30394367188244,48.12825526220248],[-107.30396867997082,48.12821900129914],[-107.30339699675648,48.12781513890039]]]}"
00000000000000000a42,8646,0,0,0,"{""type"":""Polygon"",""coordinates"":[[[-107.30368011511015,48.12788087504069],[-107.30347511006849,48.12777338726922],[-107.30339699675648,48.12781513890039],[-107.30396867997082,48.12821900129914],[-107.3039873454417,48.12818739062044],[-107.30404654600132,48.12816831212803],[-107.30405258345608,48.12815481207102],[-107.30368011511015,48.12788087504069]]]}"
00000000000000000a5d,8647,0,0,0,"{""type"":""Polygon"",""coordinates"":[[[-107.30368011511015,48.12788087504069],[-107.30405258345608,48.12815481207102],[-107.30405872257357,48.12814129627465],[-107.30407120424348,48.12812313027702],[-107.3040837304939,48.12810503542414],[-107.30413623872754,48.12808613466635],[-107.30418895034362,48.128071650932675],[-107.30368011511015,48.12788087504069]]]}"
00000000000000000a4c,8648,0,0,0,"{""type"":""Polygon"",""coordinates"":[[[-107.3035533249342,48.12773161986859],[-107.30347511006849,48.12777338726922],[-107.30368011511015,48.12788087504069],[-107.30418895034362,48.128071650932675],[-107.30419543914276,48.12806705612246],[-107.3042397098642,48.128012593825126],[-107.30425268743402,48.12800340420885],[-107.30426576674792,48.12799864737415],[-107.3035533249342,48.12773161986859]]]}"
00000000000000000a43,8649,0,0,0,"{""type"":""Polygon"",""coordinates"":[[[-107.30360972787808,48.12765007152516],[-107.30359874629055,48.12770390521269],[-107.3035533249342,48.12773161986859],[-107.30426576674792,48.12799864737415],[-107.30426556333212,48.12799423033523],[-107.30428513142209,48.1279848786911],[-107.30429765754491,48.12796678386109],[-107.30434942144416,48.12792997000207],[-107.30434921801778,48.12792555296937],[-107.30360972787808,48.12765007152516]]]}"
00000000000000000a4b,8650,0,0,0,"{""type"":""Polygon"",""coordinates"":[[[-107.30364571723105,48.127559977534794],[-107.30362185990958,48.12762298485268],[-107.30360972787808,48.12765007152516],[-107.30434921801778,48.12792555296937],[-107.30436194752346,48.12791187518366],[-107.30438780089122,48.127893511698524],[-107.30439993255919,48.127866424811515],[-107.30441291005793,48.1278572352009],[-107.30441919537014,48.127848223369746],[-107.30364571723105,48.127559977534794]]]}"
00000000000000000a40,8651,0,0,0,"{""type"":""Polygon"",""coordinates"":[[[-107.30368349908584,48.12751011074485],[-107.30366448420176,48.12753280006427],[-107.30364571723105,48.127559977534794],[-107.30441919537014,48.127848223369746],[-107.30445048811146,48.12780295081431],[-107.30447674826526,48.127793421386585],[-107.30448847295165,48.127757500506185],[-107.30368349908584,48.12751011074485]]]}"
00000000000000000a49,8652,0,0,0,"{""type"":""Polygon"",""coordinates"":[[[-107.30374713401056,48.12744188084006],[-107.30374074697056,48.127446459821],[-107.30368349908584,48.12751011074485],[-107.30448847295165,48.127757500506185],[-107.30451292700751,48.12770790189963],[-107.30453803594341,48.12767162550312],[-107.30374713401056,48.12744188084006]]]}"
00000000000000000a4e,8653,0,0,0,"{""type"":""Polygon"",""coordinates"":[[[-107.30378337078484,48.12735627529455],[-107.30375916418367,48.12741036152724],[-107.30374713401056,48.12744188084006],[-107.30453803594341,48.12767162550312],[-107.30456308776013,48.12763543600804],[-107.30460212172576,48.12761229998636],[-107.30462148613238,48.12759853134334],[-107.30378337078484,48.12735627529455]]]}"
00000000000000000a48,8654,0,0,0,"{""type"":""Polygon"",""coordinates"":[[[-107.3038464076792,48.127274636570824],[-107.30380199127592,48.12732459404128],[-107.30378337078484,48.12735627529455],[-107.30462148613238,48.12759853134334],[-107.30462772676589,48.127589448406155],[-107.30465178608989,48.127530857912966],[-107.30467104864117,48.127512656543324],[-107.3038464076792,48.127274636570824]]]}"
00000000000000000a3c,8655,0,0,0,"{""type"":""Polygon"",""coordinates"":[[[-107.30390280936935,48.127193088795366],[-107.30387186641458,48.127247281480244],[-107.3038464076792,48.127274636570824],[-107.30467104864117,48.127512656543324],[-107.30470254431191,48.12747180120064],[-107.3047144721504,48.127440297510034],[-107.3047207573299,48.12743128573393],[-107.30390280936935,48.127193088795366]]]}"
00000000000000000a3a,8656,0,0,0,"{""type"":""Polygon"",""coordinates"":[[[-107.30408029480814,48.12698407799792],[-107.30404750206564,48.12699813071866],[-107.30394528620505,48.12709840080249],[-107.30390280936935,48.127193088795366],[-107.3047207573299,48.12743128573393],[-107.30473218900077,48.12739080581716],[-107.30408029480814,48.12698407799792]]]}"
00000000000000000a3f,8657,0,0,0,"{""type"":""Polygon"",""coordinates"":[[[-107.30440922503335,48.12703108843344],[-107.30420427771892,48.12692351705954],[-107.30419080445239,48.126919281861916],[-107.30408029480814,48.12698407799792],[-107.30473218900077,48.12739080581716],[-107.30474980398739,48.127336881444776],[-107.30476278125222,48.12732769188527],[-107.30477505888055,48.12730510911292],[-107.30440922503335,48.12703108843344]]]}"
00000000000000000a3e,8658,0,0,0,"{""type"":""Polygon"",""coordinates"":[[[-107.30440922503335,48.12703108843344],[-107.30477491247109,48.12730060525361],[-107.30480041540021,48.12727332105157],[-107.30481294106929,48.12725522641057],[-107.30487757923754,48.127209238993984],[-107.30440922503335,48.12703108843344]]]}"
00000000000000000a52,8659,0,0,0,"{""type"":""Polygon"",""coordinates"":[[[-107.30420427771892,48.12692351705954],[-107.30440922503335,48.12703108843344],[-107.30487757923754,48.127209238993984],[-107.30489045477641,48.127200065184134],[-107.30490308205108,48.12718195481499],[-107.3049409641532,48.12713652063457],[-107.30494710280276,48.12712300505488],[-107.30420427771892,48.12692351705954]]]}"
00000000000000000a3b,8660,0,0,0,"{""type"":""Polygon"",""coordinates"":[[[-107.30427854149069,48.126792533993594],[-107.30424655013057,48.12682441250332],[-107.30419080445239,48.126919281861916],[-107.30420427771892,48.12692351705954],[-107.30494710280276,48.12712300505488],[-107.30497200747614,48.12708231200874],[-107.3050049021322,48.127072691648095],[-107.3050038524605,48.127050377708976],[-107.30427854149069,48.126792533993594]]]}"
00000000000000000a2f,8661,0,0,0,"{""type"":""Polygon"",""coordinates"":[[[-107.30436818571602,48.12671028742572],[-107.30434237781776,48.12672872160809],[-107.30427854149069,48.126792533993594],[-107.3050038524605,48.127050377708976],[-107.30500329899776,48.127037039963135],[-107.30504787292487,48.12699142805737],[-107.30508091376423,48.12698186308384],[-107.30436818571602,48.12671028742572]]]}"
00000000000000000a25,8662,0,0,0,"{""type"":""Polygon"",""coordinates"":[[[-107.30443146853455,48.12663313743478],[-107.30442563493966,48.12665105403926],[-107.3044137072168,48.12668255721832],[-107.30436818571602,48.12671028742572],[-107.30508091376423,48.12698186308384],[-107.3051062700557,48.12695452358089],[-107.30516431711256,48.12690869832965],[-107.30443146853455,48.12663313743478]]]}"
00000000000000000a32,8663,0,0,0,"{""type"":""Polygon"",""coordinates"":[[[-107.30451915962229,48.12650631893288],[-107.30446805286,48.12655645371739],[-107.30443146853455,48.12663313743478],[-107.30516431711256,48.12690869832965],[-107.30517649251873,48.126881683010915],[-107.30523499129878,48.12684921121937],[-107.30451915962229,48.12650631893288]]]}"
00000000000000000a34,8664,0,0,0,"{""type"":""Polygon"",""coordinates"":[[[-107.30481762974367,48.12631720517544],[-107.30479132606641,48.126326663264834],[-107.30458309682939,48.12644249101188],[-107.30451915962229,48.12650631893288],[-107.30523499129878,48.12684921121937],[-107.30525460331845,48.12683993073544],[-107.30527406885766,48.12682614643301],[-107.30481762974367,48.12631720517544]]]}"
00000000000000000a38,8665,0,0,0,"{""type"":""Polygon"",""coordinates"":[[[-107.30517471298593,48.12639489359789],[-107.30505267174183,48.126352685099775],[-107.30487093694052,48.12631613031466],[-107.30483070845281,48.126312448431555],[-107.30481762974367,48.12631720517544],[-107.30527406885766,48.12682614643301],[-107.30528679773701,48.12681246882635],[-107.30530671516995,48.126812037949215],[-107.30533256752396,48.12679367461914],[-107.30533905602559,48.12678907985076],[-107.30517471298593,48.12639489359789]]]}"
00000000000000000a37,8666,0,0,0,"{""type"":""Polygon"",""coordinates"":[[[-107.30533663373286,48.126436311354055],[-107.30521479549459,48.12639851994164],[-107.30517471298593,48.12639489359789],[-107.30533905602559,48.12678907985076],[-107.30534554452602,48.12678448508237],[-107.30545724935696,48.1267465053617],[-107.30533663373286,48.126436311354055]]]}"
00000000000000000a3d,8667,0,0,0,"{""type"":""Polygon"",""coordinates"":[[[-107.30544464911421,48.12646539534993],[-107.30537706619151,48.126444409925625],[-107.30533663373286,48.126436311354055],[-107.30545724935696,48.1267465053617],[-107.30550312072467,48.126727695355285],[-107.30554314644714,48.12672696003917],[-107.30556930418933,48.12671744626988],[-107.3055952580833,48.12669906716157],[-107.30544464911421,48.12646539534993]]]}"
00000000000000000a33,8668,0,0,0,"{""type"":""Polygon"",""coordinates"":[[[-107.30555291296794,48.1264989672757],[-107.30547155115872,48.12646934578129],[-107.30544464911421,48.12646539534993],[-107.3055952580833,48.12669906716157],[-107.3056214604012,48.126689624520715],[-107.3056607413049,48.126670976573166],[-107.30568694360484,48.126661533919936],[-107.3057323630656,48.12663381886574],[-107.30555291296794,48.1264989672757]]]}"
00000000000000000a62,8669,0,0,0,"{""type"":""Polygon"",""coordinates"":[[[-107.30555291296794,48.1264989672757],[-107.3057323630656,48.12663381886574],[-107.30579096297582,48.12660133115797],[-107.30584900903733,48.126555505825394],[-107.30586048385196,48.12651509762176],[-107.30555291296794,48.1264989672757]]]}"
00000000000000000a64,8670,0,0,0,"{""type"":""Polygon"",""coordinates"":[[[-107.30586476988312,48.12646144285332],[-107.30585049434212,48.12643938231423],[-107.30584864213449,48.12639924306138],[-107.30584155535473,48.12639042912209],[-107.30547155115872,48.12646934578129],[-107.30555291296794,48.1264989672757],[-107.30586048385196,48.12651509762176],[-107.30586637389054,48.12649709411159],[-107.30587889889006,48.12647899961542],[-107.30586476988312,48.12646144285332]]]}"
00000000000000000a2e,8671,0,0,0,"{""type"":""Polygon"",""coordinates"":[[[-107.30582114161675,48.12638188403996],[-107.3058204412955,48.12636404270222],[-107.3057858986647,48.12633794088449],[-107.30577057305702,48.12629356678582],[-107.30537706619151,48.126444409925625],[-107.30544464911421,48.12646539534993],[-107.30547155115872,48.12646934578129],[-107.30584155535473,48.12639042912209],[-107.30582114161675,48.12638188403996]]]}"
00000000000000000a31,8672,0,0,0,"{""type"":""Polygon"",""coordinates"":[[[-107.3057200496162,48.12620976915157],[-107.30521479549459,48.12639851994164],[-107.30533663373286,48.126436311354055],[-107.30537706619151,48.126444409925625],[-107.30577057305702,48.12629356678582],[-107.30576328271093,48.12628033597048],[-107.3057423153172,48.12625845335032],[-107.30576163419812,48.126244613718676],[-107.30577415913632,48.126226519324604],[-107.3057200496162,48.12620976915157]]]}"
00000000000000000a35,8673,0,0,0,"{""type"":""Polygon"",""coordinates"":[[[-107.30569265099193,48.12619239440638],[-107.30569139726954,48.126165663982015],[-107.30565061477469,48.1261486449505],[-107.30563689320947,48.12613992200903],[-107.30505267174183,48.126352685099775],[-107.30517471298593,48.12639489359789],[-107.30521479549459,48.12639851994164],[-107.3057200496162,48.12620976915157],[-107.30569265099193,48.12619239440638]]]}"
00000000000000000a2b,8674,0,0,0,"{""type"":""Polygon"",""coordinates"":[[[-107.30562321624619,48.12613127020325],[-107.30559495879957,48.126096156825255],[-107.30558113561146,48.12608744962695],[-107.30556016846465,48.12606556704096],[-107.30487093694052,48.12631613031466],[-107.30505267174183,48.126352685099775],[-107.30563689320947,48.12613992200903],[-107.30562321624619,48.12613127020325]]]}"
00000000000000000a30,8675,0,0,0,"{""type"":""Polygon"",""coordinates"":[[[-107.30555297990934,48.12605232052036],[-107.30548993242083,48.12598661740309],[-107.30488620355618,48.126208643460444],[-107.30481448082718,48.12624581596077],[-107.3048763757572,48.12628922200195],[-107.30483070845281,48.126312448431555],[-107.30487093694052,48.12631613031466],[-107.30556016846465,48.12606556704096],[-107.30555297990934,48.12605232052036]]]}"
00000000000000000a2a,8676,0,0,0,"{""type"":""Polygon"",""coordinates"":[[[-107.30488620355618,48.126208643460444],[-107.30548993242083,48.12598661740309],[-107.30545524396844,48.125956011895596],[-107.30545359573952,48.12592028985157],[-107.30541246365098,48.12589435019402],[-107.30525000621901,48.125991384404976],[-107.30488620355618,48.126208643460444]],[[-107.30525000621901,48.125991384404976],[-107.30525804094493,48.126022527556565],[-107.30527725788048,48.12600425547668],[-107.30525000621901,48.125991384404976]]]}"
00000000000000000a2d,8677,0,0,0,"{""type"":""Polygon"",""coordinates"":[[[-107.30541246365098,48.12589435019402],[-107.30539868519674,48.12588571413544],[-107.30537083532354,48.125859434549916],[-107.30533609005408,48.125828915946165],[-107.30532201867352,48.1258112724278],[-107.30477993939184,48.12621971380915],[-107.30478004121943,48.12622414643868],[-107.30481448082718,48.12624581596077],[-107.30488620355618,48.126208643460444],[-107.30525000621901,48.125991384404976],[-107.30541246365098,48.12589435019402]],[[-107.30525000621901,48.125991384404976],[-107.30519484775783,48.12595232052142],[-107.30520318763233,48.12598786477782],[-107.30525000621901,48.125991384404976]]]}"
00000000000000000a28,8678,0,0,0,"{""type"":""Polygon"",""coordinates"":[[[-107.30530060017445,48.125780485060126],[-107.30528667531759,48.12576734527676],[-107.30451864108656,48.126046263162486],[-107.30459536282062,48.12612061901269],[-107.30473911308107,48.126202623216],[-107.30477993939184,48.12621971380915],[-107.30532201867352,48.1258112724278],[-107.30530060017445,48.125780485060126]],[[-107.30515367134323,48.12592630959399],[-107.30514014110567,48.12592216148676],[-107.30514059276906,48.125931066343576],[-107.30515367134323,48.12592630959399]],[[-107.30511937793797,48.12590469572013],[-107.30509227290898,48.12589632836049],[-107.30510131265234,48.12594971379583],[-107.30511937793797,48.12590469572013]]]}"
00000000000000000a2c,8679,0,0,0,"{""type"":""Polygon"",""coordinates"":[[[-107.30525897212051,48.12574556943611],[-107.30474477462725,48.12573357444591],[-107.30446113684225,48.12595363544316],[-107.30449742678654,48.12601989233027],[-107.30451864108656,48.126046263162486],[-107.30528667531759,48.12576734527676],[-107.30525897212051,48.12574556943611]],[[-107.3050154037206,48.125817469519355],[-107.30499534062969,48.12581784491913],[-107.30500242704676,48.12582665883419],[-107.3050154037206,48.125817469519355]]]}"
00000000000000000a27,8680,0,0,0,"{""type"":""Polygon"",""coordinates"":[[[-107.30523845710054,48.12573259173294],[-107.30523520563467,48.125661219091],[-107.30486720698994,48.12563727658519],[-107.3047512629605,48.12572897981416],[-107.30474477462725,48.12573357444591],[-107.30525897212051,48.12574556943611],[-107.30523845710054,48.12573259173294]]]}"
00000000000000000a29,8681,0,0,0,"{""type"":""Polygon"",""coordinates"":[[[-107.30522496937796,48.12558101694543],[-107.30521683307927,48.125549889793085],[-107.30491856015433,48.12559163047636],[-107.30487998010061,48.12562367048693],[-107.30486720698994,48.12563727658519],[-107.30523520563467,48.125661219091],[-107.30523989941236,48.125616398871564],[-107.30522496937796,48.12558101694543]]]}"
00000000000000000a20,8682,0,0,0,"{""type"":""Polygon"",""coordinates"":[[[-107.30520884304498,48.12551881805117],[-107.30518054193435,48.12548363380067],[-107.30517959376272,48.125461304798925],[-107.30517854393037,48.1254389915494],[-107.30514445446077,48.125421794692166],[-107.30491856015433,48.12559163047636],[-107.30521683307927,48.125549889793085],[-107.30520884304498,48.12551881805117]],[[-107.3050300130646,48.12554916424559],[-107.30500984825387,48.12554510707135],[-107.30501753272206,48.12556732944536],[-107.3050300130646,48.12554916424559]]]}"
00000000000000000a21,8683,0,0,0,"{""type"":""Polygon"",""coordinates"":[[[-107.30509638333317,48.125391544982904],[-107.30504212924538,48.12537029095312],[-107.3049429090975,48.12539010395304],[-107.30491856015433,48.12559163047636],[-107.30514445446077,48.125421794692166],[-107.30509638333317,48.125391544982904]]]}"
00000000000000000a26,8684,0,0,0,"{""type"":""Polygon"",""coordinates"":[[[-107.30489683594303,48.12540449635179],[-107.30487627671725,48.125391447509735],[-107.3048491721787,48.125383080150606],[-107.30476921342259,48.12538469233219],[-107.30487998010061,48.12562367048693],[-107.30491856015433,48.12559163047636],[-107.3049429090975,48.12539010395304],[-107.30489683594303,48.12540449635179]]]}"
00000000000000000a22,8685,0,0,0,"{""type"":""Polygon"",""coordinates"":[[[-107.30476921342259,48.12538469233219],[-107.30475588696952,48.125384961022476],[-107.30471510614827,48.125367941803404],[-107.30468171692786,48.12536858580887],[-107.30464787600869,48.12535587673635],[-107.30464159121897,48.12536488814222],[-107.3047512629605,48.12572897981416],[-107.30486720698994,48.12563727658519],[-107.30487998010061,48.12562367048693],[-107.30476921342259,48.12538469233219]]]}"
00000000000000000a36,8686,0,0,0,"{""type"":""Polygon"",""coordinates"":[[[-107.30464159121897,48.12536488814222],[-107.3046156827194,48.12538333764185],[-107.30429248428626,48.125912323090695],[-107.30434673825002,48.125933577766645],[-107.30446088879842,48.125949147440565],[-107.30474477462725,48.12573357444591],[-107.3047512629605,48.12572897981416],[-107.30464159121897,48.12536488814222]],[[-107.30453054543328,48.125568133163],[-107.30451707255558,48.12556389811047],[-107.30452430517263,48.12557721573535],[-107.30453054543328,48.125568133163]]]}"
00000000000000000a41,8687,0,0,0,"{""type"":""Polygon"",""coordinates"":[[[-107.30384590904794,48.125622093397375],[-107.30395871324178,48.125758289204235],[-107.30412976763857,48.12585307839543],[-107.30429248428626,48.125912323090695],[-107.3046156827194,48.12538333764185],[-107.30384590904794,48.125622093397375]],[[-107.30447643815236,48.12555138244135],[-107.30446296529482,48.12554714738205],[-107.30447015329527,48.12556039387119],[-107.30447643815236,48.12555138244135]],[[-107.3044060597383,48.1254679289764],[-107.30441913813016,48.12546317237348],[-107.30440556365869,48.12545895305398],[-107.3044060597383,48.1254679289764]],[[-107.30442113520407,48.125507814684674],[-107.30440756071633,48.1255035953623],[-107.30440826024564,48.12551698812167],[-107.30442113520407,48.125507814684674]],[[-107.3044060597383,48.1254679289764],[-107.30438624500405,48.125472792200064],[-107.30439992126418,48.12548144409173],[-107.3044060597383,48.1254679289764]]]}"
00000000000000000a44,8688,0,0,0,"{""type"":""Polygon"",""coordinates"":[[[-107.30456651814976,48.12532625501789],[-107.3037708405649,48.12543596185554],[-107.30377258888659,48.125476116211104],[-107.30381077155198,48.12558258263547],[-107.30384590904794,48.125622093397375],[-107.3046156827194,48.12538333764185],[-107.30464159121897,48.12536488814222],[-107.30464787600869,48.12535587673635],[-107.30456651814976,48.12532625501789]],[[-107.30439048822666,48.125419067379454],[-107.30437695836827,48.12541491919497],[-107.30438459779518,48.12543707043998],[-107.30439048822666,48.125419067379454]],[[-107.30437636050844,48.12540151071924],[-107.30436278607012,48.1253972913978],[-107.30436323754999,48.125406196174055],[-107.30437636050844,48.12540151071924]]]}"
00000000000000000a24,8689,0,0,0,"{""type"":""Polygon"",""coordinates"":[[[-107.30455953376327,48.125321873703065],[-107.30453702213427,48.12526425380315],[-107.30452244285414,48.12523779246978],[-107.30377327923622,48.12534216967211],[-107.3037708405649,48.12543596185554],[-107.30456651814976,48.12532625501789],[-107.30455953376327,48.125321873703065]]]}"
00000000000000000a1e,8690,0,0,0,"{""type"":""Polygon"",""coordinates"":[[[-107.30450792066456,48.125211244269266],[-107.3044796652326,48.12517613112585],[-107.30447198118875,48.125153908863275],[-107.30373604411538,48.125253584361],[-107.30377173427934,48.12530643223401],[-107.30377327923622,48.12534216967211],[-107.30452244285414,48.12523779246978],[-107.30450792066456,48.125211244269266]]]}"
00000000000000000a23,8691,0,0,0,"{""type"":""Polygon"",""coordinates"":[[[-107.30446354038618,48.12511393254739],[-107.30444796888948,48.125065071288276],[-107.30368573094303,48.12517420394127],[-107.30370065913296,48.12520958588008],[-107.30373604411538,48.125253584361],[-107.30447198118875,48.125153908863275],[-107.30446354038618,48.12511393254739]]]}"
00000000000000000a1b,8692,0,0,0,"{""type"":""Polygon"",""coordinates"":[[[-107.30443229563254,48.12501177754221],[-107.30443149428788,48.124993952384756],[-107.30443044489745,48.124971639314104],[-107.30366332265704,48.12512101649739],[-107.30368573094303,48.12517420394127],[-107.30444796888948,48.125065071288276],[-107.30444761904353,48.125056150829],[-107.30444681769261,48.125038325656774],[-107.30443229563254,48.12501177754221]]]}"
00000000000000000a1d,8693,0,0,0,"{""type"":""Polygon"",""coordinates"":[[[-107.3043875213509,48.12490547457407],[-107.30437339380472,48.1248879180805],[-107.30365912694516,48.12502731569988],[-107.30366297300318,48.12511209602089],[-107.30366332265704,48.12512101649739],[-107.30443044489745,48.124971639314104],[-107.30442929370942,48.12494489372969],[-107.3043875213509,48.12490547457407]]]}"
00000000000000000a1c,8694,0,0,0,"{""type"":""Polygon"",""coordinates"":[[[-107.30435946972139,48.1248747783659],[-107.30433605569047,48.12479934954291],[-107.30364180845801,48.124938300378915],[-107.30366257009626,48.12495576618324],[-107.30365912694516,48.12502731569988],[-107.30437339380472,48.1248879180805],[-107.30435946972139,48.1248747783659]],[[-107.30422066708793,48.124904387825275],[-107.30419366489737,48.12489600459941],[-107.30420130412465,48.12491815564554],[-107.30422066708793,48.124904387825275]],[[-107.30419146463096,48.12484694602233],[-107.30417789043757,48.124842726713],[-107.30417834187918,48.1248516313972],[-107.30419146463096,48.12484694602233]]]}"
00000000000000000a1f,8695,0,0,0,"{""type"":""Polygon"",""coordinates"":[[[-107.3043281683544,48.12477271065664],[-107.30431404088958,48.12475515419658],[-107.30428563963271,48.12471553764701],[-107.30356484370397,48.12485945739817],[-107.30362109143078,48.12492090571116],[-107.30364180845801,48.124938300378915],[-107.30433605569047,48.12479934954291],[-107.3043281683544,48.12477271065664]],[[-107.30417614162995,48.12480257286074],[-107.30414924129968,48.1247986221478],[-107.3041636166887,48.12482066655637],[-107.30417614162995,48.12480257286074]],[[-107.30414749252074,48.12475846832796],[-107.30412722676708,48.1247544267524],[-107.30413431273301,48.12476324056483],[-107.30414749252074,48.12475846832796]],[[-107.30410821364072,48.12477711492647],[-107.30407472341113,48.124773326184304],[-107.30408909873579,48.124795370595066],[-107.30410821364072,48.12477711492647]]]}"
00000000000000000a12,8696,0,0,0,"{""type"":""Polygon"",""coordinates"":[[[-107.30425499348358,48.124626791614375],[-107.30408325492799,48.12466594917735],[-107.30409034086533,48.12467476297892],[-107.30407017683305,48.124670705654836],[-107.30352251978015,48.12480670069322],[-107.30352995518949,48.12482443499109],[-107.30356484370397,48.12485945739817],[-107.30428563963271,48.12471553764701],[-107.30428539160346,48.124711049749244],[-107.30428384610963,48.12467531276186],[-107.30425499348358,48.124626791614375]],[[-107.3041320679476,48.12471411097316],[-107.30409857776274,48.124710322242734],[-107.30411944126297,48.12472777212597],[-107.3041320679476,48.12471411097316]]]}"
00000000000000000a15,8697,0,0,0,"{""type"":""GeometryCollection"",""geometries"":[{""type"":""LineString"",""coordinates"":[[-107.30406347226473,48.12467082948939],[-107.3040701373056,48.12467069580085]]},{""type"":""Polygon"",""coordinates"":[[[-107.30401462781874,48.12462265045274],[-107.30400778990952,48.124618324544535],[-107.30400025260644,48.12460060610037],[-107.30350734397882,48.12476683108257],[-107.30352251978015,48.12480670069322],[-107.30406344066101,48.12467081224832],[-107.30401462781874,48.12462265045274]]]},{""type"":""Polygon"",""coordinates"":[[[-107.30423981682651,48.124586922277715],[-107.30421116776125,48.12454281794367],[-107.30421081796506,48.12453389757084],[-107.304210569944,48.124529409688165],[-107.30404636920683,48.124586285516386],[-107.30405320711799,48.12459061141916],[-107.30404756471829,48.12461310206498],[-107.30406228972866,48.12464406680599],[-107.30408325492799,48.12466594917735],[-107.30425499348358,48.124626791614375],[-107.30425474545761,48.12462230372402],[-107.30423981682651,48.124586922277715]]]}]}"
00000000000000000a14,8698,0,0,0,"{""type"":""MultiPolygon"",""coordinates"":[[[[-107.30419664606472,48.124516270034334],[-107.30415366641984,48.12445019261416],[-107.30397614003468,48.124507336816365],[-107.30397624178185,48.124511769304476],[-107.30400373957879,48.124529128306584],[-107.30400454072749,48.12454695331505],[-107.30401831817944,48.124555589379476],[-107.30403248998009,48.12457321695805],[-107.30404636920683,48.124586285516386],[-107.304210569944,48.124529409688165],[-107.30419664606472,48.124516270034334]]],[[[-107.30397813663356,48.12455197833752],[-107.30393187375668,48.12456179524991],[-107.30395747672446,48.12453894522647],[-107.30395004111887,48.124521211062984],[-107.30394334957059,48.12452138878197],[-107.30343721772944,48.1246878659442],[-107.30345114128028,48.12470100575948],[-107.30349261948366,48.12473586617102],[-107.30350734397882,48.12476683108257],[-107.30400025260644,48.12460060610037],[-107.30397813663356,48.12455197833752]],[[-107.30395887557435,48.12457017850565],[-107.30396596145646,48.12457899230176],[-107.30397893776913,48.12456980335429],[-107.30395887557435,48.12457017850565]]]]}"
00000000000000000a16,8699,0,0,0,"{""type"":""Polygon"",""coordinates"":[[[-107.30413245325913,48.12442382247258],[-107.30412501757296,48.12440608836352],[-107.30410425589056,48.12438862284295],[-107.30410994279974,48.124366203426646],[-107.30391898920212,48.12442363174405],[-107.30389962646099,48.124437399371935],[-107.30389268694897,48.12443308921039],[-107.30335965654524,48.124595614861875],[-107.30343721772944,48.1246878659442],[-107.30394334957059,48.12452138878197],[-107.30392293768324,48.12451284355261],[-107.30391979031238,48.12444145671845],[-107.30395527674811,48.12448988696968],[-107.30396196829156,48.12448970925009],[-107.30397614003468,48.124507336816365],[-107.30415366641984,48.12445019261416],[-107.30415331663625,48.12444127225651],[-107.30413245325913,48.12442382247258]]]}"
00000000000000000a13,8700,0,0,0,"{""type"":""GeometryCollection"",""geometries"":[{""type"":""LineString"",""coordinates"":[[-107.30393212049273,48.12441888156455],[-107.30391899013952,48.12442361127963]]},{""type"":""Polygon"",""coordinates"":[[[-107.30407435454617,48.12431778909175],[-107.30404630366664,48.12428709311598],[-107.30336843788201,48.12449272611703],[-107.30333275669454,48.124591663923354],[-107.30335257085207,48.1245868010134],[-107.30335965654524,48.124595614861875],[-107.30389268694897,48.12443308921039],[-107.30388570277104,48.124424259691146],[-107.30385859943776,48.12441589217543],[-107.30386389218373,48.12438448127269],[-107.3038976299501,48.124392757944165],[-107.3038982276553,48.12440616616963],[-107.30393206720419,48.12441887531188],[-107.30410994279974,48.124366203426646],[-107.30410969479018,48.124361715557725],[-107.30407435454617,48.12431778909175]],[[-107.3038501148507,48.12437584521116],[-107.30381662510109,48.12437205639563],[-107.30382391429194,48.12438528690817],[-107.3038501148507,48.12437584521116]]]}]}"
00000000000000000a19,8701,1,0,1,"{""type"":""Polygon"",""coordinates"":[[[-107.30401870424949,48.12426530173508],[-107.30399075521998,48.124239038236176],[-107.30397707954465,48.12423038647571],[-107.30397662814448,48.12422148189469],[-107.30396954231843,48.124212668157874],[-107.30380513971777,48.12426512646485],[-107.30380534310294,48.12426954319237],[-107.30379181380322,48.124265395001835],[-107.30361428849113,48.12432253830637],[-107.30349690437683,48.12438293331514],[-107.3033740806238,48.12447023555396],[-107.30336843788201,48.12449272611703],[-107.30404630366664,48.12428709311598],[-107.30401870424949,48.12426530173508]],[[-107.30384851269447,48.12434019531008],[-107.30381502297735,48.12433640649573],[-107.30382231216181,48.12434963699959],[-107.30384851269447,48.12434019531008]],[[-107.30376816275677,48.12433281506907],[-107.30374799901378,48.124328757696304],[-107.3037551865113,48.12434200394492],[-107.30376816275677,48.12433281506907]],[[-107.30375323475761,48.12429743372575],[-107.30373307103837,48.12429337635198],[-107.30374070986514,48.12431552719114],[-107.30375323475761,48.12429743372575]]]}"
00000000000000000a18,8702,0,0,0,"{""type"":""Polygon"",""coordinates"":[[[-107.30394138988248,48.12417753974761],[-107.30391992907087,48.12414668183565],[-107.30385225058227,48.12412571184866],[-107.30384561618075,48.124125802682016],[-107.30361428849113,48.12432253830637],[-107.30379181380322,48.124265395001835],[-107.30376501566813,48.12426142846702],[-107.3037569254863,48.12423037306788],[-107.3037904150814,48.124234161897974],[-107.30380513971777,48.12426512646485],[-107.30396954231843,48.124212668157874],[-107.30394138988248,48.12417753974761]],[[-107.30375043738273,48.124234967495624],[-107.30373027369761,48.12423091012523],[-107.3037373148639,48.12423965274974],[-107.30375043738273,48.124234967495624]]]}"
00000000000000000a17,8703,0,0,0,"{""type"":""Polygon"",""coordinates"":[[[-107.30373541087073,48.12404766007519],[-107.30372867483594,48.12404776664042],[-107.30349690437683,48.12438293331514],[-107.30361428849113,48.12432253830637],[-107.30384561618075,48.124125802682016],[-107.30373541087073,48.12404766007519]],[[-107.30369593853966,48.124209225232484],[-107.30367577488641,48.124205167851805],[-107.30368286061838,48.124213981611454],[-107.30369593853966,48.124209225232484]]]}"
00000000000000000a09,8704,0,0,0,"{""type"":""Polygon"",""coordinates"":[[[-107.30350892511058,48.12420407976565],[-107.30350183943526,48.12419526599337],[-107.30337362937402,48.12446133092568],[-107.3033740806238,48.12447023555396],[-107.30349690437683,48.12438293331514],[-107.30372867483594,48.12404776664042],[-107.30370167350672,48.12403938339076],[-107.30368789635594,48.12403074735798],[-107.30366089506019,48.1240223640987],[-107.30364672367756,48.12400473663926],[-107.30363259689639,48.12398718031787],[-107.30364442236535,48.12395124642163],[-107.30365610156767,48.123915257155154],[-107.30367406541455,48.12387025682805],[-107.30367915480765,48.12383442956895],[-107.30350159149978,48.12419077813559],[-107.30354855303337,48.12419435395094],[-107.30350892511058,48.12420407976565]],[[-107.30360784866843,48.12417970980746],[-107.30361493437468,48.12418852356851],[-107.30362142247645,48.124183929154036],[-107.30360784866843,48.12417970980746]],[[-107.30354855303337,48.12419435395094],[-107.30358309139459,48.1242204556188],[-107.30356787110601,48.12418051532473],[-107.30354855303337,48.12419435395094]],[[-107.30360784866843,48.12417970980746],[-107.30360101091372,48.124175383902774],[-107.30357380620427,48.124162583877315],[-107.30356787110601,48.12418051532473],[-107.30358828265628,48.1241890605842],[-107.30360784866843,48.12417970980746]]]}"
00000000000000000a1a,8705,0,0,0,"{""type"":""Polygon"",""coordinates"":[[[-107.30367915480765,48.12383442956895],[-107.3036847972404,48.123811939276955],[-107.30363149431194,48.12381301331916],[-107.30348571232167,48.123833791555874],[-107.30334383127716,48.124390481068055],[-107.3033514698529,48.124412631985486],[-107.30337362937402,48.12446133092568],[-107.30350183943526,48.12419526599337],[-107.30350159149978,48.12419077813559],[-107.30351351885778,48.124159276571675],[-107.30367915480765,48.12383442956895]],[[-107.3035000913293,48.1241551126053],[-107.30350713241087,48.12416385523626],[-107.30351351885778,48.124159276571675],[-107.3035000913293,48.1241551126053]],[[-107.3035000913293,48.1241551126053],[-107.3034930056649,48.124146298840294],[-107.30347982611458,48.12415107092566],[-107.3035000913293,48.1241551126053]],[[-107.30345941463393,48.124142525647535],[-107.303432616721,48.124138559023486],[-107.30343984863744,48.124151876386996],[-107.30345941463393,48.124142525647535]]]}"
00000000000000000a10,8706,0,0,0,"{""type"":""Polygon"",""coordinates"":[[[-107.30333239359358,48.123836851325564],[-107.30325663671012,48.124231438208426],[-107.30334383127716,48.124390481068055],[-107.30348571232167,48.123833791555874],[-107.30333239359358,48.123836851325564]],[[-107.30339198468288,48.12412604317419],[-107.30331188361636,48.124123150409204],[-107.30332590858501,48.124140722567475],[-107.30339198468288,48.12412604317419]]]}"
00000000000000000a0c,8707,0,0,0,"{""type"":""Polygon"",""coordinates"":[[[-107.3032384146448,48.12382533817977],[-107.3031051579618,48.12382802259418],[-107.30309866990028,48.12383261694163],[-107.30318675997887,48.12416140970769],[-107.30325663671012,48.124231438208426],[-107.30333239359358,48.123836851325564],[-107.3032384146448,48.12382533817977]],[[-107.30325868211686,48.12412865671521],[-107.30323182722566,48.12412477690897],[-107.30323262800876,48.12414260179612],[-107.30325868211686,48.12412865671521]],[[-107.30324700249369,48.12416464609001],[-107.30323342879174,48.1241604266893],[-107.3032337783554,48.124169347008255],[-107.30324700249369,48.12416464609001]]]}"
00000000000000000a08,8708,0,0,0,"{""type"":""Polygon"",""coordinates"":[[[-107.30309866990028,48.12383261694163],[-107.30301951665919,48.123852052287035],[-107.30299381224513,48.123874917496224],[-107.30295523329573,48.12390695565888],[-107.30294355351022,48.12394294484915],[-107.30293382447412,48.12402350405403],[-107.30296247127916,48.12406760839138],[-107.30317992230844,48.124157083772346],[-107.30318675997887,48.12416140970769],[-107.30309866990028,48.12383261694163]],[[-107.30305415000115,48.12403007971633],[-107.30303418995108,48.12403043891809],[-107.30304127545116,48.12403925270174],[-107.30305415000115,48.12403007971633]]]}"
00000000000000000a0a,8709,0,0,0,"{""type"":""Polygon"",""coordinates"":[[[-107.30296247127916,48.12406760839138],[-107.30293896532234,48.124139531625104],[-107.3033514698529,48.124412631985486],[-107.30334383127716,48.124390481068055],[-107.30325663671012,48.124231438208426],[-107.30318675997887,48.12416140970769],[-107.30317992230844,48.124157083772346],[-107.30296247127916,48.12406760839138]],[[-107.30317992230844,48.124157083772346],[-107.30314638848695,48.12415322359049],[-107.30316076291037,48.12417526790331],[-107.30317992230844,48.124157083772346]]]}"
00000000000000000a0f,8710,0,0,0,"{""type"":""Polygon"",""coordinates"":[[[-107.3033514698529,48.124412631985486],[-107.30293896532234,48.124139531625104],[-107.3024060337955,48.12445397793721],[-107.3024484569137,48.12450671910394],[-107.30258510767153,48.12457991045435],[-107.30274766750581,48.12463465296534],[-107.30294899874868,48.1246619313711],[-107.30316151488583,48.12463979557969],[-107.30333275669454,48.124591663923354],[-107.30336843788201,48.12449272611703],[-107.3033740806238,48.12447023555396],[-107.30337362937402,48.12446133092568],[-107.3033514698529,48.124412631985486]],[[-107.30274696339357,48.12446947520987],[-107.30272006388198,48.124465524100415],[-107.30272770204384,48.12448767510961],[-107.30274696339357,48.12446947520987]],[[-107.30273244300297,48.124442927082775],[-107.30271886933912,48.124438707585966],[-107.30272620264566,48.12445200934629],[-107.30273244300297,48.124442927082775]],[[-107.30309258385546,48.12429281564812],[-107.30303244290735,48.12428956342318],[-107.30303948386441,48.12429830611398],[-107.30306648502652,48.12430668959554],[-107.30309258385546,48.12429281564812]],[[-107.30288132158167,48.12434168065771],[-107.3028478323237,48.12433789149394],[-107.3028419414721,48.12435589410031],[-107.30286879637,48.12435977403258],[-107.30288132158167,48.12434168065771]],[[-107.30282602314044,48.12429811286922],[-107.30279243229198,48.12429433942738],[-107.30277980546268,48.124308000298484],[-107.30281354251147,48.1243162773574],[-107.30282602314044,48.12429811286922]]]}"
00000000000000000a39,8711,0,0,0,"{""type"":""Polygon"",""coordinates"":[[[-107.30293382447412,48.12402350405403],[-107.30232289027745,48.12438412992682],[-107.30235722425905,48.12440581541297],[-107.3024060337955,48.12445397793721],[-107.30293896532234,48.124139531625104],[-107.30296247127916,48.12406760839138],[-107.30293382447412,48.12402350405403]],[[-107.3026715536402,48.124274426336456],[-107.30266401713905,48.12425670788281],[-107.30266366771558,48.12424778754341],[-107.30261605242465,48.124226441740475],[-107.30261036474002,48.124248861028306],[-107.30262403989494,48.124257512999854],[-107.30263781671351,48.12426614923108],[-107.3026715536402,48.124274426336456]]]}"
000000000000000009f6,8712,0,0,0,"{""type"":""GeometryCollection"",""geometries"":[{""type"":""LineString"",""coordinates"":[[-107.30259588516029,48.12407496681629],[-107.30260252251922,48.124074833767594]]},{""type"":""Polygon"",""coordinates"":[[[-107.30260253111462,48.12407479951076],[-107.30260252251922,48.124074833767594],[-107.30259688803953,48.1240972898678],[-107.30262329158344,48.12409226528291],[-107.30262883305386,48.12406534247055],[-107.30260253111462,48.12407479951076]]]},{""type"":""Polygon"",""coordinates"":[[[-107.30257258098665,48.1241513881588],[-107.3025643457574,48.124115829099544],[-107.30256395177189,48.12410683764781],[-107.30255656159585,48.12408917463586],[-107.30214336773676,48.12424929272524],[-107.30219287543133,48.12431084771813],[-107.30232289027745,48.12438412992682],[-107.30293382447412,48.12402350405403],[-107.30294355351022,48.12394294484915],[-107.30266825741646,48.12405120033756],[-107.3026841308242,48.12410891019692],[-107.30267140238531,48.124122586744],[-107.30265772725852,48.12411393480069],[-107.30263746234807,48.12410989293856],[-107.3026515885431,48.124127449462335],[-107.30263257518996,48.12415013707919],[-107.30261830282763,48.124128076947954],[-107.30259179760357,48.12413311727501],[-107.30258610992588,48.12415553652145],[-107.30257258098665,48.1241513881588]],[[-107.3028346537917,48.12404338537727],[-107.30284173923087,48.12405219917936],[-107.30285481707779,48.12404744293158],[-107.3028346537917,48.12404338537727]],[[-107.30259319530512,48.12416435036221],[-107.30259968345449,48.12415975601775],[-107.30258610992588,48.12415553652145],[-107.30259319530512,48.12416435036221]],[[-107.30248429435727,48.12426479094665],[-107.30248464373676,48.1242737112907],[-107.30249786789747,48.124269010465824],[-107.30248429435727,48.12426479094665]],[[-107.30242854570965,48.124212318375946],[-107.30242215919684,48.12421689697458],[-107.30240249147022,48.12422626325691],[-107.30242335353113,48.12424371338492],[-107.30244211921655,48.12421653789964],[-107.30242854570965,48.124212318375946]]]}]}"
00000000000000000a0e,8713,0,0,0,"{""type"":""GeometryCollection"",""geometries"":[{""type"":""LineString"",""coordinates"":[[-107.30250425204919,48.12396514460454],[-107.3024975870923,48.12396527820081]]},{""type"":""Polygon"",""coordinates"":[[[-107.3020263848173,48.124019399187254],[-107.30203427019771,48.12404603793082],[-107.3020574754668,48.1241170496528],[-107.30209455892506,48.1242011302364],[-107.30214336773676,48.12424929272524],[-107.30255656159585,48.12408917463586],[-107.30255631377644,48.12408468678175],[-107.30259583974117,48.1240749771298],[-107.30262883305386,48.12406534247055],[-107.30262838198122,48.12405643790282],[-107.30260801552434,48.124047963582974],[-107.30261285809868,48.124007648386595],[-107.30263267187196,48.12400278568908],[-107.30263996048637,48.12401601621331],[-107.30266780633401,48.12404229577267],[-107.30266825741646,48.12405120033756],[-107.30294355351022,48.12394294484915],[-107.30295523329573,48.12390695565888],[-107.30250425808619,48.12396515410458],[-107.30247960164762,48.12401033193544],[-107.30247995102984,48.12401925223628],[-107.30248040206666,48.12402815679931],[-107.30248120248561,48.12404598166922],[-107.30246822621615,48.124055170321476],[-107.30244900960928,48.12407344115319],[-107.30242200893657,48.124065057522586],[-107.30243473740984,48.12405138102268],[-107.30242141176619,48.12405164936133],[-107.3024209607441,48.12404274479366],[-107.3024007976056,48.12403868714477],[-107.3024206113766,48.12403382448825],[-107.30242664848659,48.12402032560345],[-107.30239940006251,48.12400745412537],[-107.30239171760977,48.123985232149614],[-107.3024644844489,48.12397037585018],[-107.30245754529606,48.12396606561399],[-107.30229174701455,48.12398728802747],[-107.3020263848173,48.124019399187254]],[[-107.30263267187196,48.12400278568908],[-107.30264585135173,48.12399801373534],[-107.30263881056774,48.123989271061184],[-107.30263267187196,48.12400278568908]],[[-107.30260801552434,48.124047963582974],[-107.30259464527316,48.124048160811036],[-107.30260173063724,48.12405697463356],[-107.30260801552434,48.124047963582974]],[[-107.30236611454418,48.124008081517054],[-107.30235278892582,48.124008349845305],[-107.30235313827716,48.12401727014706],[-107.30236611454418,48.124008081517054]],[[-107.30229903547746,48.12400051857755],[-107.30229938481583,48.124009438878495],[-107.30231236108538,48.12400025025706],[-107.30229903547746,48.12400051857755]],[[-107.30232952979087,48.12408476072824],[-107.3023159563604,48.12408054119723],[-107.30231635028525,48.12408953264704],[-107.30232952979087,48.12408476072824]],[[-107.30229903547746,48.12400051857755],[-107.30229174701455,48.12398728802747],[-107.30227887240216,48.1239964609047],[-107.30229903547746,48.12400051857755]]]}]}"
00000000000000000b78,8714,0,0,0,"{""type"":""GeometryCollection"",""geometries"":[{""type"":""LineString"",""coordinates"":[[-107.30238476239535,48.12382908250766],[-107.30239142733517,48.12382894891823]]},{""type"":""Polygon"",""coordinates"":[[[-107.30245754529606,48.12396606561399],[-107.30243703281332,48.12395308768646],[-107.30239740535565,48.12396281298557],[-107.30240993057714,48.12394471980856],[-107.30246947330751,48.123934564297905],[-107.3024975221555,48.12396526058053],[-107.30295523329573,48.12390695565888],[-107.30299381224513,48.123874917496224],[-107.30281314394199,48.12386067270645],[-107.30280665585947,48.12386526703753],[-107.3027998183132,48.12386094109632],[-107.30249183006096,48.12383589636549],[-107.30249922016291,48.123853559299235],[-107.30246632871211,48.1238631781306],[-107.30247361723156,48.12387640863475],[-107.30246043779978,48.12388118055259],[-107.30244591784667,48.12385463266798],[-107.30241951450313,48.12385965717626],[-107.30238472991682,48.123829067395356],[-107.30202329552726,48.123800590850536],[-107.30200522840313,48.12384560658881],[-107.30200352892442,48.12395730788182],[-107.3020263848173,48.124019399187254],[-107.3023115607476,48.123982425399184],[-107.30245754529606,48.12396606561399]],[[-107.30257572881796,48.12392349720903],[-107.30254907758435,48.12392403392098],[-107.30254992262371,48.12394192988922],[-107.30257572881796,48.12392349720903]],[[-107.30254084240775,48.123888475012095],[-107.30249417427973,48.12388945767108],[-107.30250121500184,48.12389820034083],[-107.30254084240775,48.123888475012095]],[[-107.30251903384175,48.123848696641836],[-107.30250535886785,48.12384004471799],[-107.30251304137715,48.12386226662186],[-107.30251903384175,48.123848696641836]],[[-107.30253659700304,48.12394219824272],[-107.30252327138417,48.12394246659434],[-107.30252362077809,48.12395138688321],[-107.30253659700304,48.12394219824272]],[[-107.30246747850993,48.12388992322374],[-107.30245415291962,48.12389019156476],[-107.30245464853547,48.12389916724129],[-107.30246747850993,48.12388992322374]],[[-107.30241502113351,48.12390889253629],[-107.302420314897,48.123877481990206],[-107.30238093532384,48.1238916951045],[-107.30241502113351,48.12390889253629]],[[-107.30241502113351,48.12390889253629],[-107.30241537050154,48.12391781282053],[-107.30242834672498,48.12390862420059],[-107.30241502113351,48.12390889253629]],[[-107.30241582152385,48.12392671736706],[-107.30240249592764,48.12392698570124],[-107.30240284529235,48.12393590598867],[-107.30241582152385,48.12392671736706]],[[-107.30239296492248,48.1238646262818],[-107.3023724525294,48.12385164836323],[-107.30236007347318,48.12387424507872],[-107.30239296492248,48.1238646262818]],[[-107.30236052448251,48.123883149618464],[-107.30234699569849,48.12387900124156],[-107.30234754826168,48.123892338224714],[-107.30236052448251,48.123883149618464]],[[-107.30234814540827,48.123905746346416],[-107.30233457203609,48.123901526830934],[-107.30233541697082,48.12391942279606],[-107.30234814540827,48.123905746346416]],[[-107.302336217322,48.123937247632036],[-107.3023228917333,48.123937515955035],[-107.30232334273275,48.123946420505916],[-107.302336217322,48.123937247632036]],[[-107.30232209138863,48.12391969111868],[-107.30229504630752,48.123911236337214],[-107.30230248089448,48.12392897044915],[-107.30232209138863,48.12391969111868]],[[-107.3023115607476,48.123982425399184],[-107.30232428921437,48.12396874893559],[-107.30231071582627,48.123964529412085],[-107.3023115607476,48.123982425399184]],[[-107.30229624056129,48.12393805259532],[-107.30228291497797,48.12393832091263],[-107.30228326431336,48.12394724120316],[-107.30229624056129,48.12393805259532]],[[-107.30232029997826,48.12387946675191],[-107.30230652341629,48.12387083053207],[-107.30229948275978,48.1238620878509],[-107.30229319785565,48.123871098849875],[-107.30227348583915,48.12387594572345],[-107.30229364884866,48.123880003389814],[-107.3023079208866,48.12390206347354],[-107.30232029997826,48.12387946675191]]]}]}"
00000000000000000a0d,8715,0,0,0,"{""type"":""MultiPolygon"",""coordinates"":[[[[-107.30239146581462,48.12382896092841],[-107.30240434035323,48.123819788067166],[-107.30237674272307,48.12379799636215],[-107.30236456690388,48.123825009752146],[-107.30239146581462,48.12382896092841]]],[[[-107.30236456690388,48.123825009752146],[-107.30235019319424,48.12380296544872],[-107.30231575818543,48.12377684776205],[-107.30232154748279,48.123758861122724],[-107.30235508055826,48.123762721582914],[-107.30236062213261,48.12373579895212],[-107.3023685077426,48.12376243751872],[-107.30244232225766,48.12377434208555],[-107.30243663457647,48.123796761170276],[-107.30247022481112,48.123800534716565],[-107.30244396765595,48.12381006279557],[-107.30243144249833,48.12382815592907],[-107.30248439538202,48.12381816230196],[-107.30249183006096,48.12383589636549],[-107.3027998183132,48.12386094109632],[-107.30279936719622,48.123852036565125],[-107.30281953036891,48.12385609411498],[-107.30281314394199,48.12386067270645],[-107.30299381224513,48.123874917496224],[-107.30301951665919,48.123852052287035],[-107.30297853574416,48.123830616049595],[-107.30206786456866,48.12360320043516],[-107.30203727237831,48.1236663090369],[-107.30205723201986,48.12366595005541],[-107.3020702081856,48.12365676152938],[-107.30208388292877,48.123665413490976],[-107.3020976593336,48.12367404971305],[-107.30211178504423,48.12369160618311],[-107.30218434798805,48.12367233351075],[-107.3022588608881,48.12369763053968],[-107.3023193496447,48.123709803501846],[-107.30230627193072,48.12371455964272],[-107.30228645834445,48.12371942224142],[-107.30228017346573,48.12372843321445],[-107.30225387178734,48.12373789009185],[-107.30224763148253,48.123746972201154],[-107.30222143144556,48.123756413334334],[-107.3022073056444,48.12373885686109],[-107.30217336627824,48.12372616296704],[-107.30214022720892,48.12373129383324],[-107.30208653139826,48.123723375599404],[-107.30207949083511,48.12371463292425],[-107.30203302632849,48.123720032034676],[-107.30202284459934,48.12379168632111],[-107.30202329552726,48.123800590850536],[-107.30236456690388,48.123825009752146]],[[-107.30262214423759,48.12376624349867],[-107.30261505891535,48.12375742972531],[-107.30260881866975,48.123766511859976],[-107.30262214423759,48.12376624349867]],[[-107.30233048120964,48.12380781232693],[-107.30233107835173,48.123821220427295],[-107.30234395289366,48.12381204757543],[-107.30233048120964,48.12380781232693]],[[-107.30227428250356,48.12374643558014],[-107.30227498128006,48.12375982792672],[-107.30228785580496,48.12375065509352],[-107.30227428250356,48.12374643558014]],[[-107.30224833024921,48.1237603645483],[-107.30226120477705,48.123751191718505],[-107.30224763148253,48.123746972201154],[-107.30224833024921,48.1237603645483]],[[-107.30214771875285,48.123748941025454],[-107.30215495004397,48.12376225840302],[-107.30216788165289,48.12375299871123],[-107.30214771875285,48.123748941025454]],[[-107.30209441678608,48.123750014187884],[-107.30210164805399,48.123763331570345],[-107.30211457966885,48.123754071885394],[-107.30209441678608,48.123750014187884]],[[-107.30281154276965,48.1238250231123],[-107.30279901773359,48.12384311629586],[-107.30284583215641,48.123846637058456],[-107.3028583571776,48.12382854386795],[-107.30281154276965,48.1238250231123]],[[-107.30256859415427,48.12376282910599],[-107.30254208920356,48.12376786937737],[-107.30254962556123,48.12378558767954],[-107.30260247676729,48.12377560973524],[-107.30260881866975,48.123766511859976],[-107.30256859415427,48.12376282910599]]]]}"
00000000000000000b79,8716,0,0,0,"{""type"":""Polygon"",""coordinates"":[[[-107.30246133906248,48.1234523798392],[-107.30213748640148,48.12352140693933],[-107.30223240953548,48.12355524941044],[-107.30207954494671,48.12356721156898],[-107.30206786456866,48.12360320043516],[-107.30297853574416,48.123830616049595],[-107.30246133906248,48.1234523798392]],[[-107.30283500409367,48.12375302920643],[-107.30284832968871,48.12375276081309],[-107.30284128888171,48.12374401819515],[-107.30283500409367,48.12375302920643]],[[-107.30283500409367,48.12375302920643],[-107.30280849910727,48.12375806955138],[-107.30282891008801,48.12376661491823],[-107.30283500409367,48.12375302920643]],[[-107.30261550492727,48.12361899966929],[-107.30260193158551,48.12361478021388],[-107.3026090168799,48.12362359396501],[-107.30261550492727,48.12361899966929]],[[-107.30246727893865,48.123586230925056],[-107.30245375023115,48.12358208258468],[-107.30245420126704,48.12359098707385],[-107.30246727893865,48.123586230925056]],[[-107.30261101186903,48.1236682348053],[-107.30257727551462,48.12365995775952],[-107.30255631206026,48.12363807543335],[-107.30254378700808,48.12365616851967],[-107.30250925026057,48.12363006671675],[-107.30242245983644,48.12362735079626],[-107.30244970801057,48.1236402221811],[-107.30245005739116,48.12364914241932],[-107.30247715943999,48.123657510243596],[-107.30249083434028,48.1236661621433],[-107.30251748537222,48.12366562545527],[-107.30257163251456,48.12368244793577],[-107.30261101186903,48.1236682348053]]]}"
00000000000000000a11,8717,0,0,0,"{""type"":""Polygon"",""coordinates"":[[[-107.303097869174,48.12381479215699],[-107.30261949720474,48.123409006826414],[-107.30258635831878,48.12341413781114],[-107.30246133906248,48.1234523798392],[-107.30297853574416,48.123830616049595],[-107.30301951665919,48.123852052287035],[-107.30309866990028,48.12383261694163],[-107.3031051579618,48.12382802259418],[-107.303097869174,48.12381479215699]]]}"
000000000000000009fb,8718,0,0,0,"{""type"":""Polygon"",""coordinates"":[[[-107.30303837674916,48.123677526466125],[-107.30291056031423,48.12335402952405],[-107.30288321038672,48.12334117408219],[-107.30282990858859,48.12334224764069],[-107.30282331898438,48.123342409530736],[-107.30261949720474,48.123409006826414],[-107.303097869174,48.12381479215699],[-107.30304546219193,48.12368634019177],[-107.3030321365928,48.12368660861227],[-107.30303837674916,48.123677526466125]],[[-107.30303977485484,48.123708759266],[-107.30301961168671,48.1237047017737],[-107.30302690042274,48.12371793219046],[-107.30303977485484,48.123708759266]],[[-107.30300509129974,48.12367815407383],[-107.30299805045588,48.12366941148074],[-107.30297823683154,48.12367427421911],[-107.30300509129974,48.12367815407383]],[[-107.30300593656936,48.123696049948535],[-107.30299271260891,48.12370075078715],[-107.30300688347702,48.123718378254374],[-107.30300593656936,48.123696049948535]],[[-107.30295387958827,48.123576518431435],[-107.30293357028081,48.123572405533984],[-107.30294065567298,48.12358121925103],[-107.30295387958827,48.123576518431435]],[[-107.30291340722059,48.123568348027135],[-107.30289324416925,48.12356429051616],[-107.30290032954734,48.12357310423518],[-107.30291340722059,48.123568348027135]],[[-107.30300593656936,48.123696049948535],[-107.30303258776875,48.12369551311285],[-107.3030321365928,48.12368660861227],[-107.30300509129974,48.12367815407383],[-107.30300593656936,48.123696049948535]]]}"
00000000000000000a0b,8719,0,0,0,"{""type"":""MultiPolygon"",""coordinates"":[[[[-107.30306527582897,48.123681477438076],[-107.30304546219193,48.12368634019177],[-107.303097869174,48.12381479215699],[-107.303124468843,48.12366240134048],[-107.3030842441562,48.123658718814355],[-107.30306527582897,48.123681477438076]]],[[[-107.3030842441562,48.123658718814355],[-107.30309662278746,48.1236361221088],[-107.30311658263885,48.12363576290177],[-107.30312990823168,48.12363549446996],[-107.30316229646017,48.12346511759324],[-107.30312092166866,48.12343469023719],[-107.30291056031423,48.12335402952405],[-107.30303837674916,48.123677526466125],[-107.30305724344008,48.12365033542977],[-107.3030842441562,48.123658718814355]]]]}"
00000000000000000a07,8720,0,0,0,"{""type"":""MultiPolygon"",""coordinates"":[[[[-107.30325722147532,48.12349895896629],[-107.30316229646017,48.12346511759324],[-107.30312990823168,48.12363549446996],[-107.30320362170832,48.1236429659881],[-107.30322363865501,48.12364251988375],[-107.30327045308962,48.1236460404254],[-107.30328492134284,48.12352073453927],[-107.30325722147532,48.12349895896629]]],[[[-107.30323815922212,48.12366906752797],[-107.30323107372129,48.12366025382093],[-107.30321774810524,48.12366052226751],[-107.3031910968785,48.123661059154976],[-107.30314463202374,48.123666458807165],[-107.303124468843,48.12366240134048],[-107.303097869174,48.12381479215699],[-107.3031051579618,48.12382802259418],[-107.3032384146448,48.12382533817977],[-107.30326526170099,48.12367743512185],[-107.30323815922212,48.12366906752797]]]]}"
00000000000000000a05,8721,0,0,0,"{""type"":""Polygon"",""coordinates"":[[[-107.30348520792651,48.123673033092295],[-107.30347871991339,48.12367762745067],[-107.30344477968487,48.12366493404312],[-107.30339098125376,48.123657032314185],[-107.30343649901565,48.1236293042751],[-107.30333902450694,48.123537485390685],[-107.30328492134284,48.12352073453927],[-107.30327045308962,48.1236460404254],[-107.30339087956887,48.1236525998959],[-107.30333827622928,48.12367151422656],[-107.30327858732984,48.12367716666826],[-107.30326526170099,48.12367743512185],[-107.3032384146448,48.12382533817977],[-107.30333239359358,48.123836851325564],[-107.30348571232167,48.123833791555874],[-107.30363149431194,48.12381301331916],[-107.30348520792651,48.123673033092295]]]}"
00000000000000000a01,8722,0,0,0,"{""type"":""MultiPolygon"",""coordinates"":[[[[-107.30374378048374,48.1234891712731],[-107.30373694282153,48.12348484543256],[-107.30369047798533,48.12349024533057],[-107.30374462612079,48.12350706706767],[-107.3037712773938,48.12350653002681],[-107.30374378048374,48.1234891712731]]],[[[-107.30351021279427,48.1236367755491],[-107.30351056243337,48.123645695776304],[-107.30349773265907,48.123654939885355],[-107.30348520792651,48.123673033092295],[-107.30363149431194,48.12381301331916],[-107.3036847972404,48.123811939276955],[-107.30368848795159,48.12374487924124],[-107.30363203822252,48.12367456746701],[-107.30361626500444,48.123621290694096],[-107.30362864337128,48.12359869394268],[-107.30356500674951,48.12351958440353],[-107.30358447068342,48.12350580135485],[-107.30333902450694,48.123537485390685],[-107.30343649901565,48.1236293042751],[-107.30346978457445,48.1236286765155],[-107.30350197664578,48.12360121694163],[-107.30352842456148,48.12359626329458],[-107.30351021279427,48.1236367755491]],[[-107.30354799024846,48.12358691264371],[-107.30353207090083,48.123529132400414],[-107.30352842456148,48.12359626329458],[-107.30354799024846,48.12358691264371]]]]}"
00000000000000000a06,8723,0,0,0,"{""type"":""Polygon"",""coordinates"":[[[-107.30373000350735,48.12348053533229],[-107.3036755057426,48.12345479339945],[-107.30372081979353,48.12342264868333],[-107.30362649167891,48.12340221580975],[-107.30358486840727,48.123367300916826],[-107.30325722147532,48.12349895896629],[-107.30328492134284,48.12352073453927],[-107.30333902450694,48.123537485390685],[-107.30358447068342,48.12350580135485],[-107.30363637451698,48.123473494700164],[-107.30369047798533,48.12349024533057],[-107.30373694282153,48.12348484543256],[-107.30373000350735,48.12348053533229]]]}"
000000000000000009fd,8724,0,0,0,"{""type"":""Polygon"",""coordinates"":[[[-107.30357094523922,48.123354161444475],[-107.3035507820817,48.1233501040909],[-107.30341682745795,48.123339396659176],[-107.30312092166866,48.12343469023719],[-107.30316229646017,48.12346511759324],[-107.30325722147532,48.12349895896629],[-107.30358486840727,48.123367300916826],[-107.30357094523922,48.123354161444475]]]}"
000000000000000009fe,8725,0,0,0,"{""type"":""Polygon"",""coordinates"":[[[-107.3032394008498,48.123249188933066],[-107.30315899684616,48.123241895132395],[-107.30309282078197,48.12325214168996],[-107.30293521583118,48.12330885216959],[-107.30288321038672,48.12334117408219],[-107.30291056031423,48.12335402952405],[-107.30312092166866,48.12343469023719],[-107.30341682745795,48.123339396659176],[-107.3032394008498,48.123249188933066]]]}"
00000000000000000a00,8726,1,0,1,"{""type"":""Polygon"",""coordinates"":[[[-107.3034901910091,48.12333794774546],[-107.30346932866335,48.12332049815721],[-107.30346723090305,48.12327142527145],[-107.30346538112296,48.12323128832872],[-107.30346453561555,48.123213392622255],[-107.30345026292947,48.12319133301594],[-107.3032394008498,48.123249188933066],[-107.30341682745795,48.123339396659176],[-107.3035507820817,48.1233501040909],[-107.3034901910091,48.12333794774546]]]}"
000000000000000009f9,8727,0,0,0,"{""type"":""Polygon"",""coordinates"":[[[-107.30344322202636,48.12318259053795],[-107.30335433408175,48.123135250837535],[-107.30334065903115,48.12312659915209],[-107.3033135123161,48.12311816052469],[-107.30315899684616,48.123241895132395],[-107.3032394008498,48.123249188933066],[-107.30345026292947,48.12319133301594],[-107.30344322202636,48.12318259053795]]]}"
000000000000000009f7,8728,1,0,0,"{""type"":""Polygon"",""coordinates"":[[[-107.30324538518407,48.12308383794635],[-107.3032315639558,48.123075130858474],[-107.30317142486003,48.12307187874898],[-107.30309282078197,48.12325214168996],[-107.30315899684616,48.123241895132395],[-107.3033135123161,48.12311816052469],[-107.30324538518407,48.12308383794635]]]}"
000000000000000009ff,8729,0,0,0,"{""type"":""Polygon"",""coordinates"":[[[-107.30310459458757,48.12306880424812],[-107.30307709849605,48.12305144542702],[-107.30305009821046,48.123043062126314],[-107.30304315910631,48.12303875200723],[-107.30293521583118,48.12330885216959],[-107.30309282078197,48.12325214168996],[-107.30317142486003,48.12307187874898],[-107.30310459458757,48.12306880424812]]]}"
000000000000000009fa,8730,0,0,0,"{""type"":""Polygon"",""coordinates"":[[[-107.30298182541618,48.12300868400118],[-107.30292098758878,48.12299203958833],[-107.30282676322214,48.12327086230877],[-107.30282990858859,48.12334224764069],[-107.30288321038672,48.12334117408219],[-107.30293521583118,48.12330885216959],[-107.30304315910631,48.12303875200723],[-107.30298182541618,48.12300868400118]],[[-107.30298861256847,48.12316042956718],[-107.30296844970853,48.12315637209861],[-107.30297563668218,48.123169618123626],[-107.30298861256847,48.12316042956718]]]}"
000000000000000009f4,8731,0,0,0,"{""type"":""Polygon"",""coordinates"":[[[-107.30291439804046,48.122992201482155],[-107.30287312568181,48.122966206634416],[-107.30278553582431,48.122945666551935],[-107.30276487744277,48.12293263354337],[-107.30272420266478,48.122915598420924],[-107.30282676322214,48.12327086230877],[-107.30292098758878,48.12299203958833],[-107.30291439804046,48.122992201482155]]]}"
00000000000000000b65,8732,0,0,0,"{""type"":""Polygon"",""coordinates"":[[[-107.30272420266478,48.122915598420924],[-107.30270358891784,48.122902636538946],[-107.30266880480161,48.12287204740579],[-107.30264100432723,48.122845839545064],[-107.30261954556107,48.12281498207168],[-107.3025468826168,48.12282982236647],[-107.30252706949186,48.12283468492135],[-107.30252422204765,48.1229196394173],[-107.30282331898438,48.123342409530736],[-107.30282990858859,48.12334224764069],[-107.30282676322214,48.12327086230877],[-107.30272420266478,48.122915598420924]]]}"
00000000000000000a03,8733,0,0,0,"{""type"":""Polygon"",""coordinates"":[[[-107.30252422204765,48.1229196394173],[-107.30249447619416,48.12300064295978],[-107.30258635831878,48.12341413781114],[-107.30261949720474,48.123409006826414],[-107.30282331898438,48.123342409530736],[-107.30252422204765,48.1229196394173]]]}"
00000000000000000a60,8734,0,0,0,"{""type"":""Polygon"",""coordinates"":[[[-107.30249447619416,48.12300064295978],[-107.30202864111381,48.123474424644094],[-107.30209670992694,48.123504387099956],[-107.30213748640148,48.12352140693933],[-107.30246133906248,48.1234523798392],[-107.30258635831878,48.12341413781114],[-107.30249447619416,48.12300064295978]]]}"
00000000000000000b75,8735,0,0,0,"{""type"":""Polygon"",""coordinates"":[[[-107.30246044341013,48.122836026574994],[-107.30196086479128,48.123449021090536],[-107.30198102746961,48.12345307879807],[-107.30202864111381,48.123474424644094],[-107.30249447619416,48.12300064295978],[-107.30252422204765,48.1229196394173],[-107.30252706949186,48.12283468492135],[-107.30246044341013,48.122836026574994]]]}"
00000000000000000b7b,8736,0,0,0,"{""type"":""Polygon"",""coordinates"":[[[-107.30241338267852,48.12282801790639],[-107.30236022803471,48.12283359465456],[-107.3017714712576,48.12339024009079],[-107.30177830852479,48.12339456607367],[-107.30193376316207,48.12344065314292],[-107.30196086479128,48.123449021090536],[-107.30246044341013,48.122836026574994],[-107.30241338267852,48.12282801790639]]]}"
00000000000000000b7a,8737,0,0,0,"{""type"":""Polygon"",""coordinates"":[[[-107.30232694358277,48.122834221991596],[-107.30153606473566,48.12319842852934],[-107.30155682400942,48.12321589427157],[-107.30164146157193,48.12331695838873],[-107.3017714712576,48.12339024009079],[-107.30236022803471,48.12283359465456],[-107.30232694358277,48.122834221991596]]]}"
00000000000000000b95,8738,0,0,0,"{""type"":""Polygon"",""coordinates"":[[[-107.30225972050687,48.12282215565296],[-107.30219972868748,48.122823406407306],[-107.30138145633481,48.12302290368183],[-107.30139677500844,48.123067275898016],[-107.30149469230064,48.12316800056641],[-107.30153606473566,48.12319842852934],[-107.30232694358277,48.122834221991596],[-107.30225972050687,48.12282215565296]]]}"
00000000000000000b96,8739,0,0,0,"{""type"":""Polygon"",""coordinates"":[[[-107.30137742383792,48.12263443949949],[-107.30135297048844,48.12268403250463],[-107.30132741276319,48.12285873238245],[-107.30138145633481,48.12302290368183],[-107.30219972868748,48.122823406407306],[-107.30137742383792,48.12263443949949]]]}"
00000000000000000b4a,8740,0,0,0,"{""type"":""Polygon"",""coordinates"":[[[-107.30165426275866,48.12240998919932],[-107.30150958055309,48.12245759494546],[-107.301407520521,48.12256235688837],[-107.30137742383792,48.12263443949949],[-107.30219972868748,48.122823406407306],[-107.30225972050687,48.12282215565296],[-107.30165426275866,48.12240998919932]]]}"
00000000000000000b77,8741,0,0,0,"{""type"":""Polygon"",""coordinates"":[[[-107.30239196874703,48.12279723151983],[-107.30180537560535,48.12235787602723],[-107.3017394493444,48.12237705718911],[-107.30165426275866,48.12240998919932],[-107.30225972050687,48.12282215565296],[-107.30232694358277,48.122834221991596],[-107.30236022803471,48.12283359465456],[-107.30241338267852,48.12282801790639],[-107.30239196874703,48.12279723151983]]]}"
00000000000000000b68,8742,0,0,0,"{""type"":""Polygon"",""coordinates"":[[[-107.3021846133301,48.1223368507916],[-107.30209029037093,48.12231641669853],[-107.30193642773801,48.12230613734345],[-107.30180537560535,48.12235787602723],[-107.30239196874703,48.12279723151983],[-107.3021846133301,48.1223368507916]]]}"
00000000000000000b76,8743,0,0,0,"{""type"":""Polygon"",""coordinates"":[[[-107.3023619295915,48.12242262680769],[-107.30230558652335,48.1223567482043],[-107.30227848548279,48.12234838051294],[-107.30223816110893,48.122340265364514],[-107.3021846133301,48.1223368507916],[-107.30239196874703,48.12279723151983],[-107.30241338267852,48.12282801790639],[-107.30246044341013,48.122836026574994],[-107.30252706949186,48.12283468492135],[-107.3025468826168,48.12282982236647],[-107.3023619295915,48.12242262680769]]]}"
000000000000000009f5,8744,0,0,0,"{""type"":""Polygon"",""coordinates"":[[[-107.3023619295915,48.12242262680769],[-107.3025468826168,48.12282982236647],[-107.30261954556107,48.12281498207168],[-107.3026127082314,48.12281065619803],[-107.30258486327247,48.12278437721559],[-107.3025844121946,48.12277547286467],[-107.3025557667966,48.12273136946237],[-107.30254049122188,48.1226870688858],[-107.30252632099135,48.1226694416792],[-107.30252492327423,48.12263820947922],[-107.30255087473627,48.12261983268169],[-107.3025767245285,48.12260147162295],[-107.3026162488811,48.122591762277345],[-107.30262273673505,48.122587168076194],[-107.3023619295915,48.12242262680769]]]}"
00000000000000000a04,8745,0,0,0,"{""type"":""Polygon"",""coordinates"":[[[-107.3023662194233,48.12236897627417],[-107.30231891154212,48.12235647990624],[-107.30230558652335,48.1223567482043],[-107.3023619295915,48.12242262680769],[-107.30262273673505,48.122587168076194],[-107.30262918000496,48.12258250274177],[-107.30268157843065,48.12255917264379],[-107.30270633514995,48.12251842836631],[-107.30271910755444,48.122504823380545],[-107.3023662194233,48.12236897627417]]]}"
000000000000000009eb,8746,0,0,0,"{""type"":""Polygon"",""coordinates"":[[[-107.3023662194233,48.12236897627417],[-107.30271910755444,48.122504823380545],[-107.30275733555366,48.12246386616931],[-107.30278279112417,48.122436513950106],[-107.30278059256544,48.122387457591635],[-107.3023662194233,48.12236897627417]]]}"
000000000000000009f8,8747,0,0,0,"{""type"":""Polygon"",""coordinates"":[[[-107.30278204131181,48.12227127199439],[-107.30231891154212,48.12235647990624],[-107.3023662194233,48.12236897627417],[-107.30278059256544,48.122387457591635],[-107.30277999522826,48.122374049864554],[-107.30279251970283,48.12235595720316],[-107.30278912643992,48.12228008551127],[-107.30278204131181,48.12227127199439]]]}"
000000000000000009ea,8748,0,0,0,"{""type"":""Polygon"",""coordinates"":[[[-107.30271990862768,48.12222337996785],[-107.30271711281857,48.12216091613143],[-107.30227848548279,48.12234838051294],[-107.30230558652335,48.1223567482043],[-107.30231891154212,48.12235647990624],[-107.30278204131181,48.12227127199439],[-107.30271990862768,48.12222337996785]]]}"
00000000000000000b62,8749,0,0,0,"{""type"":""Polygon"",""coordinates"":[[[-107.30270253611906,48.12213445601745],[-107.30268661862495,48.12207667718268],[-107.30268487127955,48.12203652537805],[-107.30270338770015,48.122004863342596],[-107.30223816110893,48.122340265364514],[-107.30227848548279,48.12234838051294],[-107.30271711281857,48.12216091613143],[-107.30271666170061,48.12215201188773],[-107.30270253611906,48.12213445601745]]]}"
00000000000000000b67,8750,0,0,0,"{""type"":""Polygon"",""coordinates"":[[[-107.30284631422967,48.12176977518593],[-107.30209029037093,48.12231641669853],[-107.3021846133301,48.1223368507916],[-107.30223816110893,48.122340265364514],[-107.30270338770015,48.122004863342596],[-107.30272180246985,48.121968769044706],[-107.30273961987211,48.12191926715745],[-107.3027978060279,48.12187795130841],[-107.30283623654317,48.12184141110176],[-107.30286208569656,48.1218230502541],[-107.30287506109053,48.1218138619608],[-107.30288793483096,48.121804689406396],[-107.30290066234036,48.121791013456956],[-107.30284631422967,48.12176977518593]]]}"
00000000000000000b61,8751,0,0,0,"{""type"":""Polygon"",""coordinates"":[[[-107.3028043442263,48.12172594105891],[-107.30276980884847,48.121699840273095],[-107.30194207078782,48.12228364779189],[-107.30193642773801,48.12230613734345],[-107.30209029037093,48.12231641669853],[-107.30284631422967,48.12176977518593],[-107.3028043442263,48.12172594105891]]]}"
00000000000000000b6d,8752,0,0,0,"{""type"":""Polygon"",""coordinates"":[[[-107.30270098612372,48.121652126343434],[-107.30200704730193,48.122094808467075],[-107.30196867310907,48.12213126166548],[-107.30195165491543,48.12219858788797],[-107.30194207078782,48.12228364779189],[-107.30276980884847,48.121699840273095],[-107.30270098612372,48.121652126343434]]]}"
00000000000000000b69,8753,0,0,0,"{""type"":""Polygon"",""coordinates"":[[[-107.30257707262143,48.1215652631377],[-107.30241433554754,48.12150594868507],[-107.30234042384384,48.1214940602353],[-107.30233358679497,48.12148973444328],[-107.30200704730193,48.122094808467075],[-107.30270098612372,48.121652126343434],[-107.30257707262143,48.1215652631377]],[[-107.30244472704875,48.12159020257098],[-107.30243119905028,48.12158605436689],[-107.30243165010552,48.12159495851769],[-107.30244472704875,48.12159020257098]]]}"
00000000000000000b63,8754,0,0,0,"{""type"":""Polygon"",""coordinates"":[[[-107.30223232702475,48.121464990718955],[-107.30206450127066,48.12144150129554],[-107.30199139034555,48.1214474365749],[-107.30196787288727,48.12211343743527],[-107.30196867310907,48.12213126166548],[-107.30200704730193,48.122094808467075],[-107.30233358679497,48.12148973444328],[-107.30223232702475,48.121464990718955]],[[-107.30202781754542,48.12151374434113],[-107.30200775741982,48.12151411901018],[-107.30201484217734,48.121522932466746],[-107.30202781754542,48.12151374434113]]]}"
00000000000000000b6c,8755,0,0,0,"{""type"":""Polygon"",""coordinates"":[[[-107.3019780656995,48.12144770481336],[-107.30185794079729,48.12144570237396],[-107.30173822237725,48.12145253278176],[-107.3016586239532,48.12146306184245],[-107.30164564856643,48.121472249909736],[-107.30163916087126,48.12147684394337],[-107.30163257168083,48.1214770057354],[-107.30159315020961,48.12149114667715],[-107.30196787288727,48.12211343743527],[-107.30199139034555,48.1214474365749],[-107.3019780656995,48.12144770481336]]]}"
00000000000000000b6b,8756,0,0,0,"{""type"":""Polygon"",""coordinates"":[[[-107.30159315020961,48.12149114667715],[-107.30158645937287,48.12149132420345],[-107.30150945315192,48.121707228667965],[-107.30150959920823,48.121711732062245],[-107.30195165491543,48.12219858788797],[-107.30196867310907,48.12213126166548],[-107.30196787288727,48.12211343743527],[-107.30159315020961,48.12149114667715]]]}"
00000000000000000b64,8757,0,0,0,"{""type"":""Polygon"",""coordinates"":[[[-107.30150959920823,48.121711732062245],[-107.3017394493444,48.12237705718911],[-107.30180537560535,48.12235787602723],[-107.30193642773801,48.12230613734345],[-107.30194207078782,48.12228364779189],[-107.30195165491543,48.12219858788797],[-107.30150959920823,48.121711732062245]]]}"
00000000000000000b99,8758,0,0,0,"{""type"":""Polygon"",""coordinates"":[[[-107.30150959920823,48.121711732062245],[-107.30144081522168,48.12226246164351],[-107.30145459089204,48.12227109774617],[-107.30146222787592,48.12229324796172],[-107.30144381195018,48.12232934226986],[-107.30143642266502,48.122311679746026],[-107.30143736866405,48.12233400750262],[-107.30145763222464,48.12233804951604],[-107.30143153470918,48.12235192246965],[-107.30142254620962,48.12245039036457],[-107.30150943450312,48.12245309148715],[-107.30150958055309,48.12245759494546],[-107.30165426275866,48.12240998919932],[-107.3017394493444,48.12237705718911],[-107.30150959920823,48.121711732062245]],[[-107.3015597929705,48.122237720291906],[-107.30154626497644,48.12223357191183],[-107.30155330512773,48.122242314390355],[-107.3015597929705,48.122237720291906]],[[-107.30148099293157,48.12226607368834],[-107.30146756659725,48.12226190955707],[-107.30146791575947,48.1222708295706],[-107.30148099293157,48.12226607368834]]]}"
00000000000000000b72,8759,0,0,0,"{""type"":""Polygon"",""coordinates"":[[[-107.30108673203313,48.12239906217608],[-107.3011138324804,48.12240743022724],[-107.3011471161189,48.12240680333686],[-107.30119378171574,48.122405821425104],[-107.30119437846992,48.12241922918494],[-107.30140238425034,48.12244633259876],[-107.30142254620962,48.12245039036457],[-107.30143153470918,48.12235192246965],[-107.3014307347557,48.12233409815336],[-107.30143736866405,48.12233400750262],[-107.30143642266502,48.122311679746026],[-107.30142888715787,48.1222939618314],[-107.30144081522168,48.12226246164351],[-107.30150959920823,48.121711732062245],[-107.30108673203313,48.12239906217608]],[[-107.30141835585744,48.12235669409126],[-107.3014048849282,48.12235245881084],[-107.30140523407377,48.12236137884038],[-107.30141835585744,48.12235669409126]],[[-107.30133840653694,48.12235830308122],[-107.30132483397912,48.12235408352637],[-107.30132528475436,48.122362987819514],[-107.30133840653694,48.12235830308122]],[[-107.30129947946315,48.12238141959346],[-107.30130711635732,48.12240356987011],[-107.30134649423437,48.12238935764184],[-107.30129947946315,48.12238141959346]],[[-107.30129947946315,48.12238141959346],[-107.30127882223847,48.122368386375356],[-107.30126644325539,48.12239098231054],[-107.30129947946315,48.12238141959346]],[[-107.30125960625932,48.122386656366864],[-107.30123919672172,48.122378110853724],[-107.30121314373808,48.12239205489345],[-107.30125960625932,48.122386656366864]]]}"
00000000000000000b71,8760,0,0,0,"{""type"":""Polygon"",""coordinates"":[[[-107.30150276228206,48.12170740619],[-107.3008400047572,48.12225216008271],[-107.30086261003471,48.122309762016044],[-107.30095807976772,48.122356941722],[-107.30108673203313,48.12239906217608],[-107.30150959920823,48.121711732062245],[-107.30150945315192,48.121707228667965],[-107.30150276228206,48.12170740619]],[[-107.30108553860292,48.12237224666677],[-107.30106537679782,48.12236818883226],[-107.30107235975028,48.122377018242716],[-107.30108553860292,48.12237224666677]]]}"
00000000000000000b98,8761,0,0,0,"{""type"":""Polygon"",""coordinates"":[[[-107.30094002830647,48.121950910509774],[-107.30092031721105,48.12196020492064],[-107.30092076789232,48.121969109151394],[-107.30091407701644,48.121969286633394],[-107.3009143246453,48.12197377431607],[-107.30065571300487,48.12215755193731],[-107.3007162422782,48.12216979679061],[-107.30082633097925,48.12224350815184],[-107.3008400047572,48.12225216008271],[-107.30150276228206,48.12170740619],[-107.30095310535224,48.12194615473161],[-107.30094002830647,48.121950910509774]],[[-107.30096722976954,48.121963710826165],[-107.30098683921771,48.12195443214197],[-107.30095310535224,48.12194615473161],[-107.30096722976954,48.121963710826165]],[[-107.3009547493925,48.121981874259845],[-107.30094152610764,48.12198657464533],[-107.3009486106066,48.121995388266384],[-107.3009547493925,48.121981874259845]],[[-107.3009143246453,48.12197377431607],[-107.3009216121851,48.12198700448765],[-107.3009344861905,48.12197783215848],[-107.3009143246453,48.12197377431607]],[[-107.30077389025026,48.12211498737528],[-107.30076056553712,48.122115255449735],[-107.30076765000027,48.12212406910664],[-107.30077389025026,48.12211498737528]],[[-107.3009547493925,48.121981874259845],[-107.30096807408526,48.1219816061596],[-107.30096722976954,48.121963710826165],[-107.30095390508332,48.121963978926026],[-107.3009547493925,48.121981874259845]]]}"
00000000000000000b70,8762,0,0,0,"{""type"":""Polygon"",""coordinates"":[[[-107.30151299947825,48.12148833923705],[-107.30138773960417,48.121522090644675],[-107.30130918883769,48.12155493111812],[-107.30128962419873,48.12156428092448],[-107.30118637297267,48.12164222566118],[-107.30094002830647,48.121950910509774],[-107.30095310535224,48.12194615473161],[-107.30150276228206,48.12170740619],[-107.30150945315192,48.121707228667965],[-107.30158645937287,48.12149132420345],[-107.30151299947825,48.12148833923705]]]}"
00000000000000000b49,8763,0,0,0,"{""type"":""Polygon"",""coordinates"":[[[-107.30045779325062,48.1220588107831],[-107.30049916321747,48.122089238614066],[-107.30055330600415,48.122106061840014],[-107.30057451462609,48.12213243172596],[-107.30059453020142,48.12213198621779],[-107.30062202373591,48.122149345511815],[-107.30065571300487,48.12215755193731],[-107.30091407701644,48.121969286633394],[-107.3008936678562,48.121960741105],[-107.30090644045248,48.121947136500005],[-107.3009111382903,48.12190231955465],[-107.30094501807716,48.12191510038883],[-107.30092031721105,48.12196020492064],[-107.30094002830647,48.121950910509774],[-107.30118637297267,48.12164222566118],[-107.30091204058502,48.121772798445235],[-107.30089886195596,48.12177756993728],[-107.30089237416557,48.1217821639495],[-107.30087950022853,48.121791336237145],[-107.30087925260291,48.121786848569876],[-107.30077464864307,48.121833632570166],[-107.30078148545063,48.1218379585077],[-107.30075528686523,48.121847398860915],[-107.30075503925528,48.121842911188146],[-107.30074186060344,48.12184768266557],[-107.30075598485509,48.12186523876255],[-107.30073017981664,48.12188367020247],[-107.30070268638208,48.121866311024625],[-107.30042835204603,48.12199688303128],[-107.30044212723341,48.12200551924798],[-107.30046957598546,48.12202280741548],[-107.30047725683998,48.12204502875648],[-107.30045779325062,48.1220588107831]],[[-107.30090350173799,48.12188016944893],[-107.30086991396456,48.12187639542941],[-107.30087755049347,48.121898545536794],[-107.30090350173799,48.12188016944893]],[[-107.30087835018898,48.12191636971661],[-107.30085818869517,48.12191231186583],[-107.3008658697992,48.12193453312268],[-107.30087835018898,48.12191636971661]],[[-107.30086666948803,48.12195235731497],[-107.30084650797903,48.121948299459355],[-107.30085414450234,48.121970449599026],[-107.30086666948803,48.12195235731497]],[[-107.3008525451378,48.121934801207686],[-107.30083238364284,48.12193074335009],[-107.30083956949228,48.121943989254945],[-107.3008525451378,48.121934801207686]],[[-107.3006121470981,48.12207806794838],[-107.30059857483181,48.12207384830585],[-107.30060600819176,48.12209158196078],[-107.3006121470981,48.12207806794838]],[[-107.30053080302292,48.122048444303985],[-107.3005172307887,48.12204422465152],[-107.30051782730207,48.122057632329486],[-107.30053080302292,48.122048444303985]],[[-107.30047725683998,48.12204502875648],[-107.30049117799135,48.1220581684019],[-107.3005103939966,48.122039898677784],[-107.30047725683998,48.12204502875648]]]}"
00000000000000000b7c,8764,0,0,0,"{""type"":""MultiPolygon"",""coordinates"":[[[[-107.30089222818559,48.121777660546314],[-107.30089237416557,48.1217821639495],[-107.30089886195596,48.12177756993728],[-107.30089222818559,48.121777660546314]]],[[[-107.30079421344752,48.12182428281674],[-107.30074695217708,48.12181185688465],[-107.30071381517185,48.12181698701897],[-107.30074186060344,48.12184768266557],[-107.30075503925528,48.121842911188146],[-107.30074754877965,48.12182526449967],[-107.30077464864307,48.121833632570166],[-107.30079421344752,48.12182428281674]]],[[[-107.30079421344752,48.12182428281674],[-107.30087925260291,48.121786848569876],[-107.30086557896975,48.12177819671748],[-107.30085225436453,48.12177846480022],[-107.30084611558958,48.12179197874766],[-107.30081866670632,48.121774690767126],[-107.3008049931007,48.12176603890739],[-107.30080579276446,48.121783863043696],[-107.30079421344752,48.12182428281674]]],[[[-107.30084806537742,48.121684769664576],[-107.3008627862892,48.12171573327647],[-107.30084437024865,48.12175182707604],[-107.30086477927664,48.12176037258433],[-107.30087077181476,48.12174680324777],[-107.30087810387714,48.12176010450006],[-107.30089142847943,48.1217598364139],[-107.3008917775089,48.121768756347734],[-107.30091204058502,48.121772798445235],[-107.30118637297267,48.12164222566118],[-107.30128962419873,48.12156428092448],[-107.30084806537742,48.121684769664576]]],[[[-107.30063466719166,48.12183641951824],[-107.30060428026137,48.12175216454843],[-107.30059734185573,48.12174785434052],[-107.30026792086451,48.121839274847076],[-107.30028288879733,48.12187472633023],[-107.30031697108531,48.12189192393726],[-107.30033089210335,48.12190506357107],[-107.30032485479639,48.121918561786025],[-107.30034526367405,48.121927107435745],[-107.30036597688745,48.12194450191745],[-107.30041303500309,48.12195251152224],[-107.30040724527724,48.12197049743946],[-107.30042800313298,48.12198796305411],[-107.30042835204603,48.12199688303128],[-107.30070268638208,48.121866311024625],[-107.30063466719166,48.12183641951824]]]]}"
00000000000000000b74,8765,1,0,0,"{""type"":""MultiPolygon"",""coordinates"":[[[[-107.30079702144081,48.121587481871494],[-107.30081073955945,48.12159620483753],[-107.30082081960816,48.1216718982424],[-107.30084122858338,48.121680443744054],[-107.30084806537742,48.121684769664576],[-107.30128962419873,48.12156428092448],[-107.30130918883769,48.12155493111812],[-107.30079702144081,48.121587481871494]]],[[[-107.30059050509915,48.12174352839599],[-107.30058910899261,48.12171229667687],[-107.3005460956399,48.12164614975479],[-107.30053102612148,48.12160626621545],[-107.30017840629112,48.12162667718098],[-107.30017900268886,48.121640084757516],[-107.30022470514506,48.121768711069976],[-107.30025260408603,48.12179490343872],[-107.30026792086451,48.121839274847076],[-107.30059734185573,48.12174785434052],[-107.30059050509915,48.12174352839599]]]]}"
00000000000000000b5f,8766,1,0,0,"{""type"":""MultiPolygon"",""coordinates"":[[[[-107.30080595402123,48.12148910249116],[-107.30083434835743,48.12152871781591],[-107.30079497145499,48.12154292957662],[-107.30079542211082,48.121551833737946],[-107.30076932512327,48.1215657062906],[-107.30076992173925,48.12157911384239],[-107.30079702144081,48.121587481871494],[-107.30130918883769,48.12155493111812],[-107.30138773960417,48.121522090644675],[-107.30080595402123,48.12148910249116]]],[[[-107.30019078914599,48.12145675297262],[-107.30017840629112,48.12162667718098],[-107.30053102612148,48.12160626621545],[-107.30052418940201,48.121601940276896],[-107.30052903353128,48.12156162702139],[-107.30052843700338,48.121548219470334],[-107.30052784047543,48.121534811922686],[-107.30055309333486,48.121503044258816],[-107.3005654152322,48.12148053566683],[-107.30057185840607,48.1214758705712],[-107.30019078914599,48.12145675297262]]]]}"
00000000000000000b5e,8767,0,0,0,"{""type"":""MultiPolygon"",""coordinates"":[[[[-107.30075491043473,48.121391815028794],[-107.30076862846958,48.121400537970516],[-107.3007748685799,48.121391456367604],[-107.30075491043473,48.121391815028794]]],[[[-107.30058204167304,48.12140421955515],[-107.30056063039414,48.121373433526045],[-107.30055374913238,48.12136903647513],[-107.30022517908588,48.12133102288243],[-107.30021879299025,48.12133560107294],[-107.30019448534208,48.12138969593555],[-107.30019078914599,48.12145675297262],[-107.30057185840607,48.1214758705712],[-107.30057849209958,48.1214757799868],[-107.3005908710437,48.121453184534644],[-107.30058204167304,48.12140421955515]],[[-107.30037722950979,48.121448568781034],[-107.30039679411472,48.12143921918218],[-107.30036989771753,48.121435267562404],[-107.30037722950979,48.121448568781034]],[[-107.3003624645888,48.121417534104644],[-107.30033665980223,48.1214359652754],[-107.30036989771753,48.121435267562404],[-107.3003624645888,48.121417534104644]],[[-107.30022762183988,48.12138456603518],[-107.3002349089856,48.1213977961207],[-107.30024778284266,48.121388623990235],[-107.30022762183988,48.12138456603518]]],[[[-107.3007748685799,48.121391456367604],[-107.3007819529273,48.12140026990506],[-107.3007889927012,48.121409012310714],[-107.30081184512763,48.12147110098471],[-107.30077162405671,48.12146741755061],[-107.3007390839641,48.121485955180546],[-107.30077930503701,48.12148963862954],[-107.30080570640295,48.1214846148493],[-107.30080595402123,48.12148910249116],[-107.30138773960417,48.121522090644675],[-107.30151299947825,48.12148833923705],[-107.30147901800795,48.121475574445405],[-107.3007748685799,48.121391456367604]]]]}"
00000000000000000b57,8768,0,0,0,"{""type"":""GeometryCollection"",""geometries"":[{""type"":""LineString"",""coordinates"":[[-107.30079069712323,48.12129733141584],[-107.30079736174301,48.121297197924086]]},{""type"":""Polygon"",""coordinates"":[[[-107.30079732857881,48.121297225784076],[-107.30081933671195,48.12134141920057],[-107.30082557680201,48.12133233760506],[-107.3008241804744,48.12130110613919],[-107.30079732857881,48.121297225784076]]]},{""type"":""Polygon"",""coordinates"":[[[-107.30139672771564,48.12142362450112],[-107.30130844519937,48.121389691764485],[-107.30083101719997,48.12130543203147],[-107.30085142598742,48.121313977476156],[-107.30083939648979,48.12134104479009],[-107.3008066089042,48.12135509476449],[-107.30077427195816,48.12137804886383],[-107.30075491043473,48.121391815028794],[-107.3007748685799,48.121391456367604],[-107.30147901800795,48.121475574445405],[-107.30139672771564,48.12142362450112]],[[-107.30082756977068,48.1213769765887],[-107.30085366661385,48.12136310407366],[-107.300819933351,48.121354826694265],[-107.30082756977068,48.1213769765887]]]},{""type"":""Polygon"",""coordinates"":[[[-107.30054646185188,48.12135580642449],[-107.30053278849513,48.12134715458857],[-107.30051866455568,48.12132959862375],[-107.30045629022943,48.12127721821222],[-107.30046207979242,48.12125923253331],[-107.30040798287165,48.12124248062672],[-107.30038063635106,48.121225176947256],[-107.30033392806531,48.12122608726085],[-107.30034156413555,48.12124823714861],[-107.30025547927602,48.121263358898936],[-107.30024923909984,48.12127244044762],[-107.30022967458211,48.121281789984515],[-107.30022517908588,48.12133102288243],[-107.30055374913238,48.12136903647513],[-107.30054646185188,48.12135580642449]]]}]}"
00000000000000000b5c,8769,0,0,0,"{""type"":""MultiPolygon"",""coordinates"":[[[[-107.30061648928776,48.121131074834764],[-107.30061673688469,48.121135562447485],[-107.30063665028605,48.12113513268863],[-107.30061648928776,48.121131074834764]]],[[[-107.30115080428084,48.12129454979158],[-107.30090038857615,48.12121470750721],[-107.30089474519082,48.12123719654883],[-107.30086380473958,48.12129138206317],[-107.30075696173456,48.12128903898928],[-107.30079069490151,48.12129731638289],[-107.3008241804744,48.12130110613919],[-107.30083101719997,48.12130543203147],[-107.30130844519937,48.121389691764485],[-107.30115080428084,48.12129454979158]]],[[[-107.30078590937211,48.121190214644066],[-107.30081255814324,48.121189678512316],[-107.30075846095065,48.12117292683242],[-107.30076574829468,48.12118615681933],[-107.30076669392483,48.121208484114],[-107.30076714457792,48.121217388218895],[-107.30076788716975,48.12123529903854],[-107.30078166222437,48.12124393508476],[-107.30079463761383,48.121234747174164],[-107.3008212864194,48.12123421103866],[-107.30078590937211,48.121190214644066]]]]}"
00000000000000000b55,8770,0,0,0,"{""type"":""Polygon"",""coordinates"":[[[-107.30086301943648,48.120974297090946],[-107.30082234819987,48.120961709637896],[-107.30084181111765,48.12094792784188],[-107.30080668189716,48.12090841928139],[-107.30079999122057,48.1209085967468],[-107.3007998452445,48.12090409341819],[-107.30069425509618,48.120781151375596],[-107.30065463141898,48.12079087527231],[-107.30063621576939,48.120826968387185],[-107.3006523769812,48.120889233879026],[-107.300681671984,48.12094665693095],[-107.30065007792841,48.12098752153846],[-107.30066604867308,48.12104521274275],[-107.30066664526204,48.12105862016315],[-107.30066744487792,48.121076444062034],[-107.30066839045199,48.12109877131251],[-107.30061614031567,48.121122155006645],[-107.30061648928776,48.121131074834764],[-107.30063665028605,48.12113513268863],[-107.30072392827161,48.1211468255161],[-107.30073076495137,48.121151151403986],[-107.30074453996248,48.12115978744284],[-107.30075846095065,48.12117292683242],[-107.30081255814324,48.121189678512316],[-107.30083261783763,48.12118930410646],[-107.30091196753371,48.12117428819904],[-107.30090038857615,48.12121470750721],[-107.30115080428084,48.12129454979158],[-107.30086301943648,48.120974297090946]],[[-107.30084464727886,48.12116223687291],[-107.3008111618198,48.121158447130874],[-107.30081844918456,48.121171677109615],[-107.30084464727886,48.12116223687291]]]}"
00000000000000000b5d,8771,0,0,0,"{""type"":""MultiPolygon"",""coordinates"":[[[[-107.30081331550615,48.12090832868386],[-107.30080668189716,48.12090841928139],[-107.30081376617437,48.12091723273733],[-107.30081331550615,48.12090832868386]]],[[[-107.30081376617437,48.12091723273733],[-107.30084181111765,48.12094792784188],[-107.30086786306526,48.120933984312224],[-107.30085373905163,48.120916428536574],[-107.30081376617437,48.12091723273733]]],[[[-107.30080838386738,48.120796724422426],[-107.30077504472476,48.12079743800457],[-107.30075344298956,48.12076207792299],[-107.30069425509618,48.120781151375596],[-107.3007998452445,48.12090409341819],[-107.30079879793836,48.12088178199023],[-107.30082544649171,48.12088124586356],[-107.30083088679025,48.12085434052331],[-107.30084989896831,48.12083165471521],[-107.30080838386738,48.120796724422426]]],[[[-107.30122715791305,48.12121265427619],[-107.3012205687981,48.12121281603719],[-107.30122007345607,48.12120384080583],[-107.30109317063074,48.12105009714452],[-107.30105294985646,48.12104641385034],[-107.30102804670598,48.1210871011704],[-107.3010147223258,48.121087369266476],[-107.30101357347084,48.121060625557305],[-107.30099990003552,48.12105197383852],[-107.30098612496315,48.1210433378556],[-107.30096557026079,48.12103028914283],[-107.3009449585091,48.12101732729705],[-107.30091751008426,48.12100003958785],[-107.30089685379903,48.120987006606015],[-107.30087669279234,48.12098294881849],[-107.30086301943648,48.120974297090946],[-107.30115080428084,48.12129454979158],[-107.30130844519937,48.121389691764485],[-107.30139672771564,48.12142362450112],[-107.30122715791305,48.12121265427619]],[[-107.30125235371136,48.121328301362844],[-107.30125290593138,48.12134163771412],[-107.30126588130933,48.121332449723006],[-107.30125235371136,48.121328301362844]]]]}"
00000000000000000b5b,8772,0,0,0,"{""type"":""MultiPolygon"",""coordinates"":[[[[-107.30164564856643,48.121472249909736],[-107.3016586239532,48.12146306184245],[-107.30164554707072,48.12146781766896],[-107.30164564856643,48.121472249909736]]],[[[-107.30164554707072,48.12146781766896],[-107.30167114846401,48.121444969639974],[-107.30171017607559,48.1214218376792],[-107.30119861671211,48.121021208554254],[-107.30117935689695,48.12103940691084],[-107.30112651011274,48.12104938343977],[-107.30109317063074,48.12105009714452],[-107.30122007345607,48.12120384080583],[-107.3012336455798,48.12120806029422],[-107.30122715791305,48.12121265427619],[-107.30139672771564,48.12142362450112],[-107.30147901800795,48.121475574445405],[-107.30151299947825,48.12148833923705],[-107.30158645937287,48.12149132420345],[-107.30159315020961,48.12149114667715],[-107.30163257168083,48.1214770057354],[-107.30161216245013,48.121468460441655],[-107.30164554707072,48.12146781766896]],[[-107.3013121955827,48.12117522011866],[-107.30131948316915,48.12118845005792],[-107.30133909217805,48.121179171449654],[-107.3013121955827,48.12117522011866]],[[-107.30124522421553,48.1211676409591],[-107.30123284569122,48.12119023636236],[-107.30127326981766,48.12119833606697],[-107.30128554668033,48.1211757563924],[-107.30124522421553,48.1211676409591]]]]}"
00000000000000000b6e,8773,0,0,0,"{""type"":""GeometryCollection"",""geometries"":[{""type"":""LineString"",""coordinates"":[[-107.30150916304504,48.12110428391948],[-107.30151582763648,48.121104150386444]]},{""type"":""Polygon"",""coordinates"":[[[-107.30150916725059,48.12110430294182],[-107.30126205149436,48.12094841449519],[-107.3012491208376,48.12095767354689],[-107.30124368079335,48.12098457895727],[-107.30122407188912,48.12099385750905],[-107.30119861671211,48.121021208554254],[-107.30171017607559,48.1214218376792],[-107.3018072431659,48.121357335490394],[-107.30182021849319,48.12134814742284],[-107.30186563197815,48.12132043715084],[-107.30153641307207,48.12111717402823],[-107.30153037627848,48.12113067210377],[-107.3014963951098,48.121117907397455],[-107.30150916725059,48.12110430294182]],[[-107.30180609374253,48.12133059166785],[-107.3017859322494,48.12132653405723],[-107.30179356932271,48.12134868384627],[-107.30180609374253,48.12133059166785]],[[-107.30147198766966,48.12116757010094],[-107.30145841549702,48.12116335065076],[-107.30145886631976,48.12117225474046],[-107.30147198766966,48.12116757010094]],[[-107.3014037208022,48.121133191928415],[-107.30136349976856,48.1211295087652],[-107.3013708319485,48.1211428098207],[-107.3014037208022,48.121133191928415]],[[-107.30130541492669,48.12102347999781],[-107.301318536219,48.121018795393994],[-107.30130486268052,48.12101014372817],[-107.30130541492669,48.12102347999781]],[[-107.30130541492669,48.12102347999781],[-107.30128560290075,48.12102834210136],[-107.30129917497987,48.12103256156754],[-107.30130541492669,48.12102347999781]],[[-107.3014963951098,48.121117907397455],[-107.30146290937984,48.12111411789299],[-107.30145053097878,48.12113671329821],[-107.30151116107075,48.12114894169607],[-107.3014963951098,48.121117907397455]]]}]}"
00000000000000000b58,8774,0,0,0,"{""type"":""Polygon"",""coordinates"":[[[-107.30117392851842,48.120767052603576],[-107.3011753697487,48.120798354870566],[-107.30119667975649,48.12082915615303],[-107.30120516081865,48.12086920074054],[-107.30124712732442,48.12091303494178],[-107.30126749151847,48.12092150910278],[-107.30127502672426,48.1209392265753],[-107.30126205149436,48.12094841449519],[-107.30151585801211,48.121104125424125],[-107.30154230379566,48.12109917261397],[-107.30153641307207,48.12111717402823],[-107.30186563197815,48.12132043715084],[-107.30194288658548,48.12125634924501],[-107.30117392851842,48.120767052603576]],[[-107.3015742465,48.121067227447845],[-107.30156071891442,48.121063079151774],[-107.30156775887696,48.121071821439436],[-107.3015742465,48.121067227447845]],[[-107.30152014867626,48.12105047625253],[-107.30150657653222,48.12104625681783],[-107.3015136610536,48.12105507023898],[-107.30152014867626,48.12105047625253]],[[-107.30124293719774,48.12081934139432],[-107.30122961288322,48.120819609517206],[-107.30123006365432,48.120828513551096],[-107.30124293719774,48.12081934139432]]]}"
00000000000000000b52,8775,0,0,0,"{""type"":""GeometryCollection"",""geometries"":[{""type"":""LineString"",""coordinates"":[[-107.30117390855149,48.120767090810226],[-107.30116704460131,48.12076276195579]]},{""type"":""Polygon"",""coordinates"":[[[-107.3014831245161,48.12081898670192],[-107.30143666389279,48.12082438512767],[-107.3014105674956,48.120838257647875],[-107.30139040639608,48.12083419998215],[-107.30137139443137,48.12085688589306],[-107.30135741617114,48.12084383354516],[-107.30135078253466,48.120843924180896],[-107.30134998257878,48.12082610037514],[-107.30136979450013,48.120821238279646],[-107.30135542251766,48.120799195042494],[-107.30134858577803,48.1207948692296],[-107.3013412982416,48.120781639390295],[-107.30132109261741,48.12077751058147],[-107.30131380509577,48.12076428074406],[-107.30124798349709,48.12078344517351],[-107.30126699546872,48.12076075931855],[-107.30124059455278,48.12076578314517],[-107.30122737170989,48.120770483450144],[-107.3012213348942,48.1207839814178],[-107.30121404741512,48.12077075157012],[-107.30118739883096,48.12077128780439],[-107.30117392851842,48.120767052603576],[-107.30194288658548,48.12125634924501],[-107.30163622679582,48.120963288719956],[-107.3014831245161,48.12081898670192]],[[-107.30169256639981,48.12102916605867],[-107.30167899421758,48.12102494665104],[-107.30168607878993,48.12103376005461],[-107.30169256639981,48.12102916605867]],[[-107.30163622679582,48.120963288719956],[-107.30161651641828,48.12096813514895],[-107.30163078700679,48.12099019414869],[-107.30163622679582,48.120963288719956]],[[-107.30163183481811,48.12101250560075],[-107.30158492303896,48.121009000063886],[-107.30159196300016,48.121017742340804],[-107.30163183481811,48.12101250560075]],[[-107.30159765053979,48.120995324494494],[-107.30158418004025,48.12099108933798],[-107.30159126457701,48.12099990274377],[-107.30159765053979,48.120995324494494]],[[-107.30148686442617,48.12090377617725],[-107.30146021566918,48.12090431249305],[-107.30146101567668,48.12092213632309],[-107.30148686442617,48.12090377617725]],[[-107.30134858577803,48.1207948692296],[-107.30132877387301,48.12079973131787],[-107.30134254899328,48.120808367210365],[-107.30134858577803,48.1207948692296]],[[-107.30135078253466,48.120843924180896],[-107.30133076749387,48.120844369822365],[-107.30134454263037,48.12085300572149],[-107.30135078253466,48.120843924180896]]]}]}"
00000000000000000b6f,8776,0,0,0,"{""type"":""Polygon"",""coordinates"":[[[-107.30175425418648,48.120916220686915],[-107.30159431449083,48.12077204112563],[-107.30158148557956,48.12078128445137],[-107.301554938375,48.12078625297382],[-107.3014897135793,48.120818824925415],[-107.3014831245161,48.12081898670192],[-107.30163622679582,48.120963288719956],[-107.30194288658548,48.12125634924501],[-107.30197497535515,48.121228907201996],[-107.30200166907103,48.12122844186206],[-107.30205437026936,48.121213961453876],[-107.30207358536383,48.12119569173305],[-107.30194862760409,48.12108651689122],[-107.30194238775731,48.12109559851115],[-107.30193485215341,48.121077881048464],[-107.30176109102516,48.12092054647837],[-107.30175464801815,48.12092521160038],[-107.30175425418648,48.120916220686915]],[[-107.30201414879231,48.12121027856907],[-107.30198066273364,48.12120648924702],[-107.30198795061729,48.12121971913584],[-107.30201414879231,48.12121027856907]],[[-107.30175464801815,48.12092521160038],[-107.30172151158115,48.120930341981854],[-107.30174896057824,48.120947629423576],[-107.30175464801815,48.12092521160038]],[[-107.30177920392485,48.1210273793433],[-107.30175904260167,48.12102332174613],[-107.30176612719904,48.121032135142876],[-107.30177920392485,48.1210273793433]],[[-107.30173763025384,48.12099253622986],[-107.30171746896306,48.12098847862582],[-107.30172450896244,48.12099722088863],[-107.30173763025384,48.12099253622986]],[[-107.30163622679582,48.120963288719956],[-107.30165648969162,48.12096733060285],[-107.30167076030996,48.12098938959556],[-107.30169705995,48.12097993342402],[-107.30168209070527,48.12094448279806],[-107.30164236517022,48.12094977494508],[-107.30163622679582,48.120963288719956]]]}"
00000000000000000b56,8777,0,0,0,"{""type"":""GeometryCollection"",""geometries"":[{""type"":""LineString"",""coordinates"":[[-107.30193469945203,48.12107342520564],[-107.30193489892142,48.12107788756993]]},{""type"":""Polygon"",""coordinates"":[[[-107.30205377793644,48.12090129367094],[-107.30195865849431,48.12086303610576],[-107.30195900779755,48.12087195587664],[-107.30197418051662,48.120911822857614],[-107.30192147977446,48.120926303126964],[-107.3019121976374,48.12086843477228],[-107.3018985239218,48.12085978322031],[-107.3019041666829,48.1208372942969],[-107.30169317089886,48.120743313943436],[-107.30168688649496,48.12075232435558],[-107.30167335899073,48.12074817609818],[-107.30166023779003,48.12075286072409],[-107.30164671029259,48.120748712462714],[-107.30159431449083,48.12077204112563],[-107.30175425418648,48.120916220686915],[-107.30176618145649,48.120884721304016],[-107.30181184209903,48.1208614988992],[-107.30183225110244,48.1208700440576],[-107.30183988814146,48.12089219365153],[-107.3018269129868,48.12090138163769],[-107.30184732201805,48.12090992679865],[-107.30180899365803,48.120946450211484],[-107.30177421228926,48.12091586182213],[-107.30176109102516,48.12092054647837],[-107.30185824902891,48.121003514032296],[-107.30193475061917,48.12107344884221],[-107.30195491202772,48.12107750640416],[-107.30194862760409,48.12108651689122],[-107.30207358536383,48.12119569173305],[-107.30208670673504,48.12119100700682],[-107.30209943419189,48.12117733132464],[-107.30213881076862,48.12116311913554],[-107.30220393453767,48.12112611430603],[-107.30217459199334,48.12106862046669],[-107.3021671579096,48.121050887296654],[-107.30210987067802,48.12096268307362],[-107.30206745172613,48.120909945205725],[-107.30206061483025,48.120905619438425],[-107.30204743649801,48.120910391002035],[-107.30205377793644,48.12090129367094]],[[-107.30212473876158,48.1209981493706],[-107.30209150061874,48.120998847691595],[-107.3020988900723,48.121016509719745],[-107.30212473876158,48.1209981493706]],[[-107.30212813079578,48.12107401926754],[-107.30210796933116,48.1210699617437],[-107.30211560658672,48.12109211139439],[-107.30212813079578,48.12107401926754]],[[-107.30211410758814,48.1210564479142],[-107.30209384449142,48.1210524061262],[-107.30210088461943,48.12106114836876],[-107.30211410758814,48.1210564479142]],[[-107.30204743649801,48.120910391002035],[-107.30203411203682,48.120910659240856],[-107.30204788746788,48.1209192950424],[-107.30204743649801,48.120910391002035]],[[-107.3020248335609,48.12100011777296],[-107.30203226755731,48.12101785093911],[-107.30204503954047,48.12100424644202],[-107.3020248335609,48.12100011777296]],[[-107.30209943419189,48.12117733132464],[-107.3020990848591,48.12116841150321],[-107.30208586184946,48.121173111966755],[-107.30209943419189,48.12117733132464]],[[-107.30204664012078,48.12103989415177],[-107.30201305255225,48.12103612058761],[-107.3020009222083,48.12106320362158],[-107.30204664012078,48.12103989415177]],[[-107.3020248335609,48.12100011777296],[-107.30202417940598,48.12098679725777],[-107.30201130588058,48.12099596954814],[-107.3020248335609,48.12100011777296]],[[-107.30196624215374,48.12103259950467],[-107.30191943178852,48.12102907839829],[-107.30193310557037,48.12103772997344],[-107.30196624215374,48.12103259950467]],[[-107.30193655081737,48.120966185893444],[-107.3019166372324,48.12096661592542],[-107.30192367729066,48.12097535816848],[-107.30193655081737,48.120966185893444]],[[-107.30193794811267,48.12099741711964],[-107.30191778675228,48.12099335955908],[-107.30192487139487,48.12100217293792],[-107.30193794811267,48.12099741711964]],[[-107.30195406720377,48.121059611399986],[-107.301933905805,48.12105555383899],[-107.30194099046301,48.12106436722669],[-107.30195406720377,48.121059611399986]],[[-107.30185824902891,48.121003514032296],[-107.30187097646603,48.12098983842967],[-107.30185071348633,48.12098579659247],[-107.30185824902891,48.121003514032296]],[[-107.30168124363439,48.12077481323241],[-107.30166767154502,48.120770593841236],[-107.30167495922237,48.12078382364938],[-107.30168124363439,48.12077481323241]],[[-107.30190595782634,48.12087751635126],[-107.30185924921908,48.120878427409686],[-107.30186748331056,48.120913984369295],[-107.30189378290314,48.120904528158576],[-107.30190595782634,48.12087751635126]],[[-107.30183225110244,48.1208700440576],[-107.30187222436186,48.120869239423456],[-107.30187137957292,48.12085134448855],[-107.30183140633311,48.12085214912156],[-107.30183225110244,48.1208700440576]]]}]}"
00000000000000000b50,8778,0,0,0,"{""type"":""MultiPolygon"",""coordinates"":[[[[-107.30169267543478,48.12073433879776],[-107.30169317089886,48.120743313943436],[-107.30172037200964,48.120756113761246],[-107.30173279471252,48.12073358962307],[-107.30169267543478,48.12073433879776]]],[[[-107.30172037200964,48.120756113761246],[-107.3019041666829,48.1208372942969],[-107.30191080035789,48.12083720362192],[-107.30193720143275,48.12083217960001],[-107.30194498476267,48.120854384561724],[-107.30196514605836,48.12085844210747],[-107.30195865849431,48.12086303610576],[-107.30205377793644,48.12090129367094],[-107.30206061483025,48.120905619438425],[-107.30206745172613,48.120909945205725],[-107.30206724852866,48.12090552875192],[-107.30202363553039,48.12082597622901],[-107.3020026739573,48.12080409491336],[-107.30198980049758,48.12081326716729],[-107.30196175433727,48.12078257250787],[-107.30197483097564,48.12077781670642],[-107.3012920547043,48.12042531772996],[-107.30127184928622,48.120421188933506],[-107.30127928277373,48.12043892197568],[-107.30138487469081,48.12056186252926],[-107.30152834478272,48.12063937613341],[-107.30166393119745,48.12068580459882],[-107.30176463533017,48.12070166036413],[-107.30175176188405,48.12071083256792],[-107.30173279471252,48.12073358962307],[-107.30175330512813,48.12074656695911],[-107.30172037200964,48.120756113761246]],[[-107.30195097679919,48.1208408154042],[-107.30195806142693,48.12084962875541],[-107.30197093490341,48.120840456498954],[-107.30195097679919,48.1208408154042]],[[-107.3019351055327,48.12078310895557],[-107.30192237818858,48.12079678451057],[-107.30193605189172,48.12080543604908],[-107.3019351055327,48.12078310895557]],[[-107.30195052585204,48.1208319113761],[-107.30194937630125,48.12080516782572],[-107.30193605189172,48.12080543604908],[-107.30193720143275,48.12083217960001],[-107.30195052585204,48.1208319113761]]]]}"
00000000000000000b53,8779,0,0,0,"{""type"":""Polygon"",""coordinates"":[[[-107.30196779093394,48.12076907449953],[-107.30196010924621,48.12074685383823],[-107.30196694609543,48.12075117960081],[-107.30185421874332,48.120467581176506],[-107.3012920547043,48.12042531772996],[-107.30197483097564,48.12077781670642],[-107.30197462778847,48.12077340026327],[-107.30197427847993,48.1207644805093],[-107.30196779093394,48.12076907449953]]]}"
00000000000000000b51,8780,1,0,0,"{""type"":""MultiPolygon"",""coordinates"":[[[[-107.30201460100436,48.1207725955724],[-107.30201599837581,48.12080382668053],[-107.3020026739573,48.12080409491336],[-107.30202363553039,48.12082597622901],[-107.30203461615119,48.120772149786156],[-107.30201460100436,48.1207725955724]]],[[[-107.30201460100436,48.1207725955724],[-107.3020209424215,48.12076349826784],[-107.30203461615119,48.120772149786156],[-107.3020887628461,48.12048971374379],[-107.3020818243738,48.120485403748425],[-107.30202793002951,48.12047306943474],[-107.30192073860619,48.12046180796848],[-107.30185421874332,48.120467581176506],[-107.30196694609543,48.12075117960081],[-107.3019805182573,48.120755398946244],[-107.30197427847993,48.1207644805093],[-107.30197462778847,48.12077340026327],[-107.30199443973768,48.12076853804292],[-107.30201460100436,48.1207725955724]],[[-107.30199973311217,48.120737129405626],[-107.30200691928411,48.12075037491417],[-107.30203321876228,48.12074091869754],[-107.30199973311217,48.120737129405626]]]]}"
00000000000000000b4c,8781,0,0,0,"{""type"":""Polygon"",""coordinates"":[[[-107.30219755535664,48.12053662238145],[-107.30213592199438,48.12050215445213],[-107.3020887628461,48.12048971374379],[-107.30202363553039,48.12082597622901],[-107.30206745172613,48.120909945205725],[-107.30210987067802,48.12096268307362],[-107.30213881481579,48.120863859022336],[-107.30213212405398,48.12086403658267],[-107.3021312791374,48.12084614165506],[-107.30214460358921,48.1208458734033],[-107.30221856153524,48.12055857467335],[-107.30219755535664,48.12053662238145]],[[-107.30209674524502,48.12082004102593],[-107.30211655723082,48.120815178775125],[-107.30210288345475,48.1208065272626],[-107.30209674524502,48.12082004102593]],[[-107.30209674524502,48.12082004102593],[-107.30208342080928,48.1208203092705],[-107.30209724080785,48.12082901618165],[-107.30209674524502,48.12082004102593]],[[-107.30209235389044,48.120869257777926],[-107.3020720909009,48.120865215997],[-107.30207962654903,48.12088293337612],[-107.30209235389044,48.120869257777926]],[[-107.302063856601,48.12082965909323],[-107.30204389848275,48.12083001801809],[-107.30205098313807,48.120838831359926],[-107.302063856601,48.12082965909323]]]}"
00000000000000000b6a,8782,0,0,0,"{""type"":""MultiPolygon"",""coordinates"":[[[[-107.3024931812308,48.12088359206313],[-107.30251948082594,48.12087413568627],[-107.30251923299267,48.120869648106776],[-107.30248434922643,48.12083462785599],[-107.3024931812308,48.12088359206313]]],[[[-107.3024931812308,48.12088359206313],[-107.3024594474089,48.12087531534995],[-107.30248434922643,48.12083462785599],[-107.30221856153524,48.12055857467335],[-107.30214460358921,48.1208458734033],[-107.30217125249821,48.12084533689411],[-107.30217209743442,48.1208632318206],[-107.30213881481579,48.120863859022336],[-107.30210987067802,48.12096268307362],[-107.3021671579096,48.121050887296654],[-107.30219440412189,48.12106375817319],[-107.30217459199334,48.12106862046669],[-107.30220393453767,48.12112611430603],[-107.30221052370537,48.12112595247641],[-107.30231073431413,48.121128384595224],[-107.30250321348137,48.12110669814978],[-107.30268741327501,48.121049383209495],[-107.30269390083676,48.1210447891457],[-107.30252596836344,48.12086954164976],[-107.30251948082594,48.12087413568627],[-107.3025336058747,48.12089169117626],[-107.3025079035341,48.12091455491548],[-107.3024931812308,48.12088359206313]],[[-107.30256953814137,48.12094902284454],[-107.30254243795459,48.12094065543008],[-107.30253675093607,48.12096307329588],[-107.30256953814137,48.12094902284454]],[[-107.30251693883143,48.12096793565017],[-107.30253096230282,48.12098105897511],[-107.30253675093607,48.12096307329588],[-107.30251693883143,48.12096793565017]],[[-107.3025246209317,48.120990156349855],[-107.30253170576557,48.12099896967848],[-107.30253814874482,48.12099430449846],[-107.3025246209317,48.120990156349855]],[[-107.30245480867734,48.120920044574746],[-107.30244232922172,48.12093820781807],[-107.30247521800587,48.1209285895976],[-107.30245480867734,48.120920044574746]],[[-107.3024245637175,48.12084029507175],[-107.30243164849486,48.12084910838409],[-107.30243788820877,48.12084002677829],[-107.3024245637175,48.12084029507175]],[[-107.3023987152073,48.12085865544203],[-107.30240614939167,48.120876388526725],[-107.30243220115551,48.12086244459587],[-107.3023987152073,48.12085865544203]],[[-107.30247411821516,48.121053692032234],[-107.30248175571766,48.12107584164066],[-107.30248764603739,48.12105784019275],[-107.30247411821516,48.121053692032234]],[[-107.30237161517445,48.120850287989796],[-107.30239686645481,48.12081852029418],[-107.30234416576415,48.12083300076874],[-107.30237161517445,48.120850287989796]],[[-107.30239018099068,48.120966024593955],[-107.3023905303975,48.1209749443781],[-107.30240375334066,48.12097024389197],[-107.30239018099068,48.120966024593955]],[[-107.30233693485172,48.12081968413762],[-107.30231063530377,48.120829140453445],[-107.30234416576415,48.12083300076874],[-107.30233693485172,48.12081968413762]],[[-107.30227215625175,48.12071383423003],[-107.30227944418428,48.1207270639715],[-107.30229900832889,48.12071771412466],[-107.30227215625175,48.12071383423003]],[[-107.30232076310652,48.12090490364718],[-107.3023289976849,48.12094046057272],[-107.30233418919015,48.12090906755794],[-107.30232076310652,48.12090490364718]],[[-107.30223183361745,48.12070571928706],[-107.30223238620839,48.120719055465386],[-107.3022452596082,48.12070988319684],[-107.30223183361745,48.12070571928706]],[[-107.30230943341836,48.12094981046838],[-107.30229690932013,48.120967902573355],[-107.30232979811547,48.12095828439703],[-107.30230943341836,48.12094981046838]],[[-107.30232834843623,48.12107446711009],[-107.30233637981476,48.12110560767966],[-107.30234181916174,48.121078702163075],[-107.30232834843623,48.12107446711009]],[[-107.30220633453376,48.12073299930169],[-107.30220728106028,48.120755326367],[-107.30222000832443,48.120741650787004],[-107.30220633453376,48.12073299930169]],[[-107.3022552904041,48.12093298860928],[-107.3022694598863,48.12095061529285],[-107.30228218721064,48.120936939652296],[-107.3022552904041,48.12093298860928]],[[-107.30221371616234,48.120898145779215],[-107.3022140655272,48.12090706555355],[-107.3022270406445,48.12089787751497],[-107.30221371616234,48.120898145779215]],[[-107.30221486590258,48.120924889368894],[-107.30221531691318,48.12093379340989],[-107.3022281903945,48.12092462110411],[-107.30221486590258,48.120924889368894]],[[-107.30218866792819,48.12093432993415],[-107.3021890172864,48.12094324971489],[-107.3022019924198,48.12093406167297],[-107.30218866792819,48.12093432993415]],[[-107.30215992267401,48.120890243650216],[-107.30216121860106,48.12091704263101],[-107.30217349493616,48.12089446297697],[-107.30215992267401,48.120890243650216]],[[-107.30230464337669,48.120842709627645],[-107.30229131890333,48.12084297790216],[-107.30229166828795,48.12085189766636],[-107.30230499276455,48.120851629391666],[-107.30230464337669,48.120842709627645]],[[-107.30246932770784,48.12094659099996],[-107.30246284015303,48.12095118503981],[-107.30244327588495,48.12096053496471],[-107.3024511611772,48.12098717212676],[-107.30248948922782,48.120950648436924],[-107.30246932770784,48.12094659099996]],[[-107.30228622895774,48.12087880306362],[-107.30231996267887,48.12088707984082],[-107.30233847866187,48.12085541857901],[-107.30233129232877,48.12084217307294],[-107.30230499276455,48.120851629391666],[-107.30228622895774,48.12087880306362]],[[-107.30228378314267,48.12082526055598],[-107.3021975520525,48.12083588061342],[-107.30220603428785,48.120875925087795],[-107.3022458044932,48.12087070384367],[-107.30225933219099,48.12087485202512],[-107.30228458355437,48.1208430843421],[-107.30229131890333,48.12084297790216],[-107.30228378314267,48.12082526055598]],[[-107.30239387317296,48.120898968199825],[-107.30237301284745,48.120881519131224],[-107.30235954218278,48.12087728409695],[-107.30234856194565,48.12093111067488],[-107.3023624836727,48.120944249755794],[-107.30238114588823,48.12091264384432],[-107.30239541703425,48.12093470269288],[-107.30240245723745,48.12094344489182],[-107.30242111942688,48.12091183897372],[-107.30239387317296,48.120898968199825]]]]}"
00000000000000000b60,8783,0,0,0,"{""type"":""Polygon"",""coordinates"":[[[-107.3028688166827,48.120929605623246],[-107.3028943156189,48.120902325334264],[-107.30292665157913,48.12087937075294],[-107.3030225660305,48.12078812454817],[-107.30305290611751,48.1207205316292],[-107.30267593087092,48.12064320106927],[-107.30221856153524,48.12055857467335],[-107.30251923299267,48.120869648106776],[-107.30252551727611,48.120860637623046],[-107.30253255750789,48.12086937979941],[-107.30252596836344,48.12086954164976],[-107.30269390083676,48.1210447891457],[-107.3027116160553,48.12099530388552],[-107.30275243504036,48.12101239383514],[-107.30282379803722,48.12096630705473],[-107.30282923703055,48.12093940159076],[-107.3028688166827,48.120929605623246]],[[-107.30298588932011,48.12071288264141],[-107.30296562611458,48.12070884106674],[-107.30297291434944,48.12072207074659],[-107.30298588932011,48.12071288264141]],[[-107.30297610487027,48.120793523729986],[-107.30294282202861,48.120794151215506],[-107.30294990696214,48.12080296447787],[-107.30297610487027,48.120793523729986]],[[-107.3029260541567,48.12086596341346],[-107.30290599418876,48.12086633826172],[-107.30291307912263,48.1208751515389],[-107.3029260541567,48.12086596341346]],[[-107.30291108356977,48.12083051309019],[-107.30289071867489,48.12082203931056],[-107.30287854435511,48.120849051199045],[-107.30291108356977,48.12083051309019]],[[-107.3028943156189,48.120902325334264],[-107.30288583257426,48.12086228092119],[-107.3028599270776,48.120880728290906],[-107.3028943156189,48.120902325334264]],[[-107.30280059245425,48.12089529978061],[-107.30284680580387,48.12088541309278],[-107.3027854757788,48.12085534609942],[-107.30280059245425,48.12089529978061]],[[-107.3027883665738,48.12077046609265],[-107.30276810340371,48.12076642447092],[-107.30277539156141,48.12077965418223],[-107.3027883665738,48.12077046609265]],[[-107.30282923703055,48.12093940159076],[-107.30282155472952,48.12091718094202],[-107.30281566457867,48.120935182358],[-107.30282923703055,48.12093940159076]],[[-107.30277678958319,48.12081088526698],[-107.3027433035168,48.120807096240135],[-107.30275742868433,48.120824651671775],[-107.30277678958319,48.12081088526698]],[[-107.30280059245425,48.12089529978061],[-107.30276800858323,48.12091376674574],[-107.30279570624327,48.12093554144551],[-107.30280059245425,48.12089529978061]],[[-107.30281022557729,48.120962087819244],[-107.30279006394397,48.12095803045168],[-107.30279714885644,48.12096684375334],[-107.30281022557729,48.120962087819244]],[[-107.3027204476672,48.12074500889719],[-107.30267318607015,48.12073258417744],[-107.30268755902352,48.12075462716459],[-107.3027204476672,48.12074500889719]],[[-107.30267687768753,48.12066552808446],[-107.30265671625624,48.120661470706615],[-107.30266435382651,48.12068362013357],[-107.30267687768753,48.12066552808446]],[[-107.30269743977645,48.12082590261599],[-107.30267703040012,48.12081735765831],[-107.30266450648045,48.120835449761174],[-107.30269743977645,48.12082590261599]],[[-107.30272344104424,48.120959372159355],[-107.30271011646965,48.1209596404952],[-107.30271715677569,48.120968382672594],[-107.30272344104424,48.120959372159355]],[[-107.30270177984333,48.12092409933801],[-107.30268182153817,48.120924458400985],[-107.30268890641085,48.12093327170601],[-107.30270177984333,48.12092409933801]],[[-107.30268771174273,48.120906456995534],[-107.30266769638521,48.120906902924524],[-107.30267473666922,48.120915645096815],[-107.30268771174273,48.120906456995534]],[[-107.30270317779511,48.12095533051139],[-107.3026826221414,48.12094228221254],[-107.30265716766117,48.12096963360028],[-107.30270317779511,48.12095533051139]],[[-107.30250336073608,48.12081194174566],[-107.30249003624562,48.120812210048044],[-107.30249707645827,48.12082095221944],[-107.30250336073608,48.12081194174566]],[[-107.3029337860937,48.120740770713525],[-107.3029060884434,48.12071899613402],[-107.30287235451947,48.12071071959455],[-107.30288672761574,48.12073276253906],[-107.3029337860937,48.120740770713525]],[[-107.30293458682502,48.12075859445747],[-107.30287400050527,48.120746438201294],[-107.30288787785562,48.12075950602388],[-107.3029218597155,48.12077227013274],[-107.30293458682502,48.12075859445747]],[[-107.3028448103327,48.12084077463191],[-107.30282360020561,48.12081440593384],[-107.30281027566888,48.12081467428191],[-107.30281795794733,48.1208368948888],[-107.3028448103327,48.12084077463191]],[[-107.30275293652423,48.12087388417543],[-107.30271945041315,48.120870095136866],[-107.30271331237228,48.12088360895171],[-107.30274020932997,48.120887559858744],[-107.30275293652423,48.12087388417543]],[[-107.30272503566721,48.12084769304128],[-107.30269154959271,48.12084390399393],[-107.3026596647254,48.1208757625075],[-107.30266001419926,48.12088468227366],[-107.30272503566721,48.12084769304128]],[[-107.30272344104424,48.120959372159355],[-107.30275657774035,48.12095424142235],[-107.30272863224376,48.12092797911969],[-107.30274824106597,48.120918700274075],[-107.30270118250439,48.12091069198361],[-107.30272344104424,48.120959372159355]],[[-107.30284745311522,48.12075140708286],[-107.30283946589047,48.12072033790739],[-107.30278511935342,48.120699099994184],[-107.30277199814765,48.12070378476792],[-107.30274514588912,48.12069990501132],[-107.30275323466975,48.12073095844647],[-107.30278023317412,48.120739341507345],[-107.30279415505599,48.12075248047376],[-107.30280688218677,48.12073880482003],[-107.30284745311522,48.12075140708286]]]}"
00000000000000000b66,8784,1,0,0,"{""type"":""Polygon"",""coordinates"":[[[-107.30303129817604,48.1203859149794],[-107.30219755535664,48.12053662238145],[-107.30221856153524,48.12055857467335],[-107.30267593087092,48.12064320106927],[-107.30305290611751,48.1207205316292],[-107.30307152317665,48.12068885460195],[-107.30306338952514,48.12065773009535],[-107.3030886402623,48.12062596234774],[-107.30307701085675,48.120514536605505],[-107.30305485361782,48.12046584119374],[-107.30306078815272,48.120447911058974],[-107.30304641501806,48.12042586826093],[-107.30303957801674,48.12042154260591],[-107.30303129817604,48.1203859149794]],[[-107.30303957801674,48.12042154260591],[-107.30300644173693,48.12042667337812],[-107.30303364347851,48.120439472730446],[-107.30303957801674,48.12042154260591]],[[-107.3030727670865,48.12056825637159],[-107.30305919470118,48.12056403720139],[-107.30305964592263,48.12057294117196],[-107.3030727670865,48.12056825637159]],[[-107.30302261520966,48.120640711521574],[-107.30300245367592,48.12063665422092],[-107.30300974191537,48.120649883879686],[-107.30302261520966,48.120640711521574]],[[-107.30299442174092,48.12060551399896],[-107.30297415858982,48.120601472432966],[-107.30298149139298,48.120614773215955],[-107.30299442174092,48.12060551399896]],[[-107.30298264170727,48.12064151663775],[-107.3029624801865,48.12063745932829],[-107.3029697684086,48.12065068899076],[-107.30298264170727,48.12064151663775]],[[-107.30287485096216,48.12061684897417],[-107.3028546894905,48.12061279164272],[-107.30286187601608,48.120626037046925],[-107.30287485096216,48.12061684897417]],[[-107.30267593087092,48.12064320106927],[-107.30268900747153,48.12063844518403],[-107.30266884605057,48.12063438781057],[-107.30267593087092,48.12064320106927]],[[-107.30286247341998,48.120639444326095],[-107.30281541512083,48.12063143612754],[-107.30282274785905,48.12064473693191],[-107.30282354853884,48.120662560645535],[-107.30286247341998,48.120639444326095]]]}"
00000000000000000b4b,8785,0,0,0,"{""type"":""Polygon"",""coordinates"":[[[-107.30302320918358,48.120354861776846],[-107.30298043954751,48.120293205287005],[-107.30297255392566,48.120266568528365],[-107.30293847081047,48.12024937241742],[-107.30292315084913,48.120205002857865],[-107.30290194096415,48.12017863448981],[-107.30213592199438,48.12050215445213],[-107.30219755535664,48.12053662238145],[-107.30303129817604,48.1203859149794],[-107.30302320918358,48.120354861776846]],[[-107.30298099242052,48.12030654134924],[-107.30296107896909,48.120306971589244],[-107.30296816382744,48.12031578477051],[-107.30298099242052,48.12030654134924]],[[-107.30299715784427,48.12036880572285],[-107.30293677538987,48.120361065985215],[-107.3029450105468,48.12039662247543],[-107.30299715784427,48.12036880572285]],[[-107.30296886294258,48.12033362410785],[-107.30294890489783,48.12033398321576],[-107.30295598975682,48.12034279640244],[-107.30296886294258,48.12033362410785]],[[-107.30295434366884,48.120307078073886],[-107.30293443022275,48.12030750830822],[-107.30294151507277,48.120316321491764],[-107.30295434366884,48.120307078073886]],[[-107.30255441612779,48.12046248479894],[-107.30254088849773,48.12045833668993],[-107.30254792866789,48.12046707879984],[-107.30255441612779,48.12046248479894]]]}"
00000000000000000b4f,8786,0,0,0,"{""type"":""Polygon"",""coordinates"":[[[-107.302633211799,48.12013487574244],[-107.30262652113407,48.12013505333233],[-107.30256648884385,48.120136233017824],[-107.30256024928808,48.12014531450643],[-107.30255316458698,48.12013650131961],[-107.30251319182713,48.1201373062136],[-107.3020818243738,48.120485403748425],[-107.3020887628461,48.12048971374379],[-107.30213592199438,48.12050215445213],[-107.30290194096415,48.12017863448981],[-107.30288073111234,48.12015226612944],[-107.30268002148858,48.12013839645776],[-107.30264653606662,48.12013460742926],[-107.30264668227585,48.12013911068325],[-107.302633211799,48.12013487574244]],[[-107.30264668227585,48.12013911068325],[-107.30265431976399,48.12016125989304],[-107.30266704670167,48.12014758441653],[-107.30264668227585,48.12013911068325]],[[-107.30265711566028,48.12022372135372],[-107.30262387802318,48.12022441983606],[-107.30263091818075,48.12023316190131],[-107.30265711566028,48.12022372135372]],[[-107.30262826853684,48.12017520368466],[-107.30259453526018,48.120166927116635],[-107.30261554157991,48.12018887916368],[-107.30262826853684,48.12017520368466]],[[-107.3026036151996,48.12022037821277],[-107.30258340944874,48.12021624971712],[-107.30259168879793,48.120251877279784],[-107.3026036151996,48.12022037821277]]]}"
00000000000000000b30,8787,0,0,0,"{""type"":""Polygon"",""coordinates"":[[[-107.30241258963679,48.120125883519435],[-107.3022658199638,48.12012441810499],[-107.30222605056103,48.12012963926293],[-107.30202793002951,48.12047306943474],[-107.3020818243738,48.120485403748425],[-107.30251319182713,48.1201373062136],[-107.30241258963679,48.120125883519435]]]}"
00000000000000000b48,8788,0,0,0,"{""type"":""Polygon"",""coordinates"":[[[-107.30218607794764,48.12013044401679],[-107.302113916032,48.120158705990704],[-107.3020296811409,48.120213963650194],[-107.30192073860619,48.12046180796848],[-107.30202793002951,48.12047306943474],[-107.30222605056103,48.12012963926293],[-107.30218607794764,48.12013044401679]]]}"
00000000000000000b54,8789,0,0,0,"{""type"":""Polygon"",""coordinates"":[[[-107.30124195669465,48.12035035942139],[-107.30127184928622,48.120421188933506],[-107.3012920547043,48.12042531772996],[-107.30185421874332,48.120467581176506],[-107.30192073860619,48.12046180796848],[-107.3020296811409,48.120213963650194],[-107.30124195669465,48.12035035942139]]]}"
00000000000000000b59,8790,0,0,0,"{""type"":""Polygon"",""coordinates"":[[[-107.3012589293477,48.12013119178109],[-107.30123447786102,48.120180782347965],[-107.30122708979498,48.12031489339448],[-107.30124195669465,48.12035035942139],[-107.3020296811409,48.120213963650194],[-107.302113916032,48.120158705990704],[-107.3012589293477,48.12013119178109]]]}"
00000000000000000b47,8791,0,0,0,"{""type"":""Polygon"",""coordinates"":[[[-107.30214530498654,48.120113425206405],[-107.30141737520533,48.11994490016641],[-107.30139776688108,48.11995417855551],[-107.30129571425451,48.120058935204135],[-107.3012589293477,48.12013119178109],[-107.302113916032,48.120158705990704],[-107.30218607794764,48.12013044401679],[-107.30214530498654,48.120113425206405]]]}"
00000000000000000b3d,8792,0,0,0,"{""type"":""Polygon"",""coordinates"":[[[-107.30177083718053,48.119794898318865],[-107.30176480072006,48.119808396061266],[-107.30172538107439,48.11982253656232],[-107.30155406120745,48.11987067612305],[-107.30141737520533,48.11994490016641],[-107.30214530498654,48.120113425206405],[-107.30177083718053,48.119794898318865]]]}"
00000000000000000b45,8793,0,0,0,"{""type"":""Polygon"",""coordinates"":[[[-107.30194135654797,48.119728935025236],[-107.30185408027327,48.11971724357729],[-107.3016736823466,48.11971193250304],[-107.30172827393177,48.11973765820239],[-107.30174923474262,48.11975953915355],[-107.30174958401162,48.11976845873887],[-107.30177682905853,48.11978132944966],[-107.30177083718053,48.119794898318865],[-107.30214530498654,48.120113425206405],[-107.30218607794764,48.12013044401679],[-107.30222605056103,48.12012963926293],[-107.3022658199638,48.12012441810499],[-107.30194135654797,48.119728935025236]]]}"
00000000000000000b40,8794,0,0,0,"{""type"":""Polygon"",""coordinates"":[[[-107.30210853265308,48.119738945906136],[-107.30208816869576,48.11973047210825],[-107.30194135654797,48.119728935025236],[-107.3022658199638,48.12012441810499],[-107.30241258963679,48.120125883519435],[-107.30210853265308,48.119738945906136]]]}"
00000000000000000b3f,8795,0,0,0,"{""type"":""GeometryCollection"",""geometries"":[{""type"":""LineString"",""coordinates"":[[-107.30248602963994,48.119977047511696],[-107.30248583020962,48.1199725869179]]},{""type"":""Polygon"",""coordinates"":[[[-107.30255506433511,48.12002922458574],[-107.3025554583765,48.12003821533893],[-107.30258265955545,48.12005101473886],[-107.30255506433511,48.12002922458574]]]},{""type"":""Polygon"",""coordinates"":[[[-107.30258265955545,48.12005101473886],[-107.30259034156752,48.12007323504802],[-107.30251593681662,48.12004792411713],[-107.30253445218229,48.12001626333844],[-107.30254118739937,48.120016156885974],[-107.30248602963994,48.119977047511696],[-107.30248599708754,48.11997702443053],[-107.30248115535596,48.120017336509136],[-107.30246762790195,48.12001318842046],[-107.30243235091277,48.119969177957145],[-107.30243109932904,48.11994245059898],[-107.30236363345121,48.11992589736986],[-107.30237660818612,48.1199167094922],[-107.30238888402754,48.11989413025268],[-107.3022845853376,48.11979799084281],[-107.30227934946552,48.11982931205637],[-107.3022596841676,48.11983867746633],[-107.30225364784282,48.1198521752473],[-107.30221262731058,48.11983066905744],[-107.30226557432276,48.119820676459774],[-107.30224436525096,48.11979430811842],[-107.30224376805626,48.119780901045594],[-107.30221028316008,48.119777111877205],[-107.30218363500688,48.11977764836717],[-107.30217655048594,48.11976883520959],[-107.30218967133749,48.11976415060959],[-107.30210853265308,48.119738945906136],[-107.30241258963679,48.120125883519435],[-107.30251319182713,48.1201373062136],[-107.30255316458698,48.12013650131961],[-107.3025525672861,48.120123094164136],[-107.3025729762409,48.120131639046164],[-107.30256648884385,48.120136233017824],[-107.302633211799,48.12013487574244],[-107.30263924806808,48.12012137786642],[-107.30264653606662,48.12013460742926],[-107.30268002148858,48.12013839645776],[-107.30258265955545,48.12005101473886]],[[-107.3025647415065,48.120096082692484],[-107.30257202946845,48.120109312255536],[-107.30257826901523,48.120100230772614],[-107.3025647415065,48.120096082692484]],[[-107.30248883729381,48.120039556814085],[-107.30250131638665,48.120021393884336],[-107.30248115535596,48.120017336509136],[-107.30248883729381,48.120039556814085]],[[-107.30219166608279,48.119808788188514],[-107.30219246647768,48.11982661163127],[-107.30220519339233,48.11981293630365],[-107.30219166608279,48.119808788188514]]]}]}"
000000000000000009e3,8796,0,0,0,"{""type"":""MultiPolygon"",""coordinates"":[[[[-107.30228398812821,48.11978458376966],[-107.30228423593866,48.119789071257735],[-107.3022845853376,48.11979799084281],[-107.30238888402754,48.11989413025268],[-107.30239537138834,48.11988953631511],[-107.30246129325393,48.11987035572137],[-107.30248395134528,48.11978054395652],[-107.30228398812821,48.11978458376966]]],[[[-107.30284784050652,48.11986263008096],[-107.3028071688729,48.119850043745615],[-107.30281989565792,48.11983636833365],[-107.30281270927433,48.11982312312163],[-107.30284454848967,48.119791194092706],[-107.30282358676199,48.119769313390975],[-107.30280362905158,48.119769672456314],[-107.3028044743267,48.11978756700256],[-107.30279090228825,48.11978334784823],[-107.3027969384406,48.11976985005549],[-107.30261050201938,48.11977803858852],[-107.30259742573398,48.11978279437723],[-107.30259054434977,48.11977839760855],[-107.30255720549201,48.119779111789015],[-107.30255765660056,48.1197880156319],[-107.30258490218675,48.11980088610429],[-107.30257297594272,48.119832384913664],[-107.3025531644522,48.119837247155296],[-107.30258784420369,48.119867850371975],[-107.30252766617336,48.11986452678433],[-107.30250705412175,48.11985156556918],[-107.30248829099969,48.11987873874645],[-107.30252826347052,48.11987793387413],[-107.30256219971618,48.119890626792895],[-107.30252282451185,48.11990483877702],[-107.3025234218064,48.11991824587718],[-107.30252422236018,48.11993606935024],[-107.3025248196546,48.119949476458366],[-107.30249817128853,48.11995001304286],[-107.30248544438784,48.119963688444635],[-107.30248579383316,48.11997260805743],[-107.30254093955853,48.12001166937996],[-107.30254118739937,48.120016156885974],[-107.3025546132302,48.12002032070192],[-107.30255506433511,48.12002922458574],[-107.30258265955545,48.12005101473886],[-107.30268002148858,48.12013839645776],[-107.30287409749013,48.120152356868964],[-107.30288073111234,48.12015226612944],[-107.30290657899718,48.120133905891805],[-107.30300234511256,48.12003815780952],[-107.30296910751987,48.12003885640789],[-107.30294241438271,48.120039321991825],[-107.30291476178577,48.12001761882302],[-107.30288667052389,48.11998685378201],[-107.30287334627528,48.119987122127306],[-107.30288123177866,48.12001375875554],[-107.30283372306991,48.1199968467653],[-107.30285967249216,48.11997847085906],[-107.30287139528991,48.11994255556162],[-107.3029182048865,48.119946076150214],[-107.30289764962933,48.11993302813782],[-107.30287683402597,48.119915650625316],[-107.3028617175458,48.119875697695576],[-107.30284839334061,48.11987596603573],[-107.30284784050652,48.11986263008096]],[[-107.30280482385245,48.11979648658227],[-107.30282463534353,48.11979162429242],[-107.3028044743267,48.11978756700256],[-107.30280482385245,48.11979648658227]],[[-107.30283521537176,48.11988073760491],[-107.30284899075528,48.11988937312347],[-107.30284839334061,48.11987596603573],[-107.30283521537176,48.11988073760491]],[[-107.30279170297635,48.11980117126991],[-107.30280517337815,48.1198054061635],[-107.30280482385245,48.11979648658227],[-107.30279170297635,48.11980117126991]],[[-107.30279404797717,48.11985472843885],[-107.30280762004166,48.11985894759781],[-107.3028071688729,48.119850043745615],[-107.30279404797717,48.11985472843885]],[[-107.30278097166045,48.119859484260324],[-107.30275492066687,48.11987342800039],[-107.30278177234159,48.11987730770807],[-107.30278097166045,48.119859484260324]],[[-107.30280422865141,48.120082333321214],[-107.30281186623863,48.12010448249203],[-107.30282438982462,48.120086390629915],[-107.30280422865141,48.120082333321214]],[[-107.30273925320132,48.12011939316235],[-107.30274643959926,48.12013263845415],[-107.30275941437249,48.120123450487604],[-107.30273925320132,48.12011939316235]],[[-107.30271744617053,48.12007961764926],[-107.30273031928304,48.12007044543446],[-107.30271011356926,48.12006631697633],[-107.30271744617053,48.12007961764926]],[[-107.30262622213644,48.11997872248982],[-107.302633408463,48.11999196775646],[-107.30264638319512,48.119982779830835],[-107.30262622213644,48.11997872248982]],[[-107.30262482420295,48.11994749189491],[-107.30261798736505,48.119943166245044],[-107.30261160163191,48.11995219231065],[-107.30262482420295,48.11994749189491]],[[-107.30258295802331,48.119908091238955],[-107.30259004269585,48.119916904386],[-107.30260322067333,48.119912132847006],[-107.30258295802331,48.119908091238955]],[[-107.30257187689067,48.11995748472259],[-107.30260641056118,48.119983584758124],[-107.30261160163191,48.11995219231065],[-107.30257187689067,48.11995748472259]],[[-107.30251913283946,48.119971893895375],[-107.30252681479665,48.11999411417759],[-107.30253929385871,48.11997595125937],[-107.30251913283946,48.119971893895375]],[[-107.30254717909189,48.12000258791627],[-107.30253365162572,48.11999843983836],[-107.30254093955853,48.12001166937996],[-107.30254717909189,48.12000258791627]],[[-107.30278945446447,48.119899527925085],[-107.30280392888398,48.11992600265554],[-107.302815257599,48.11988109667501],[-107.30278177234159,48.11987730770807],[-107.30278945446447,48.119899527925085]],[[-107.30272203981079,48.12003481800981],[-107.30266913692078,48.120044882041626],[-107.30268950130746,48.12005335575596],[-107.30270352455513,48.12006647883309],[-107.30271011356926,48.12006631697633],[-107.30272203981079,48.12003481800981]]]]}"
00000000000000000b3e,8797,0,0,0,"{""type"":""Polygon"",""coordinates"":[[[-107.3027521744209,48.119663556659766],[-107.30271394961272,48.11970451160685],[-107.30271314895991,48.11968668821638],[-107.30273221678259,48.11966391570768],[-107.30212080855068,48.11971636677583],[-107.30208816869576,48.11973047210825],[-107.30210853265308,48.119738945906136],[-107.30218967133749,48.11976415060959],[-107.30225594232135,48.11975388978778],[-107.30230155686824,48.1197305965581],[-107.30231607538742,48.11975714241897],[-107.3022831876875,48.11976676034308],[-107.30231028690932,48.11977512766845],[-107.30228398812821,48.11978458376966],[-107.30248395134528,48.11978054395652],[-107.30248973975176,48.11976255869652],[-107.30251558742609,48.11974419870567],[-107.30252891153683,48.11974393041482],[-107.30254233729212,48.11974364638427],[-107.30255720549201,48.119779111789015],[-107.30259054434977,48.11977839760855],[-107.30259034108137,48.11977398125269],[-107.30261050201938,48.11977803858852],[-107.3027969384406,48.11976985005549],[-107.30280362905158,48.119769672456314],[-107.30282358676199,48.119769313390975],[-107.30284315036035,48.119759963617334],[-107.30283571609979,48.119742230944944],[-107.3028484874179,48.119728626687795],[-107.30289469929824,48.11971874023355],[-107.30286745356777,48.119705869872924],[-107.30289999172538,48.11968733219769],[-107.30291840496653,48.11965123949165],[-107.3027521744209,48.119663556659766]],[[-107.3028093156699,48.11974725509365],[-107.30278905303877,48.11974321354132],[-107.3027960931687,48.119751955515135],[-107.3028093156699,48.11974725509365]],[[-107.30252656691526,48.11969037334262],[-107.30250640605185,48.119686315994024],[-107.30251384011962,48.119704048677974],[-107.30252656691526,48.11969037334262]],[[-107.30222824595317,48.11973211538871],[-107.3022147757296,48.119727880415496],[-107.30221551907441,48.11974579069744],[-107.30222824595317,48.11973211538871]]]}"
00000000000000000b42,8798,0,0,0,"{""type"":""Polygon"",""coordinates"":[[[-107.30294609386179,48.11952569061445],[-107.30295163409885,48.119498770152674],[-107.30294409817462,48.11948105331546],[-107.30294939050856,48.11944964542123],[-107.30292922963153,48.119445588180426],[-107.30290582116119,48.11937016665449],[-107.30282078789389,48.11940760082795],[-107.30280766715966,48.11941228547953],[-107.30279469265744,48.11942147332144],[-107.30276923938327,48.11944882391723],[-107.30273610404659,48.11945395447721],[-107.30273550666422,48.11944054749898],[-107.30215314360255,48.11969341299604],[-107.30212080855068,48.11971636677583],[-107.30273221678259,48.11966391570768],[-107.30273860244012,48.11965933750652],[-107.30275686956085,48.11961874163879],[-107.3027903991566,48.11962260173117],[-107.30277787573814,48.11964069342503],[-107.3027521744209,48.119663556659766],[-107.30291840496653,48.11965123949165],[-107.30289155339733,48.11964735983621],[-107.30292987968853,48.119610836945704],[-107.30293556620467,48.119588419645865],[-107.30295558090783,48.11958797368877],[-107.3029811804589,48.11956512617375],[-107.30297414030176,48.11955638424527],[-107.3029792293122,48.11952055997205],[-107.3029667059986,48.11953865165278],[-107.30295338189951,48.1195389200031],[-107.30294609386179,48.11952569061445]],[[-107.30292813191826,48.119570687039165],[-107.30291480781315,48.11957095538444],[-107.30292848147747,48.11957960658078],[-107.30292813191826,48.119570687039165]],[[-107.3028692952044,48.119598680905334],[-107.30284933757596,48.11959903997694],[-107.3028564222814,48.11960785305168],[-107.3028692952044,48.119598680905334]],[[-107.30275706554366,48.11947583507266],[-107.30273690471704,48.119471777788135],[-107.30274419265474,48.11948500718166],[-107.30275706554366,48.11947583507266]],[[-107.30277448218452,48.11956482565777],[-107.30275442295205,48.11956520044639],[-107.30276150762185,48.119574013523376],[-107.30277448218452,48.11956482565777]],[[-107.30276230830138,48.11959183687457],[-107.30274229363704,48.119592282790386],[-107.3027493783075,48.11960109587279],[-107.30276230830138,48.11959183687457]],[[-107.30274074935978,48.119556549225784],[-107.30272038521014,48.119548075596384],[-107.3027218848879,48.119583738026805],[-107.30274074935978,48.119556549225784]],[[-107.30250869981379,48.11958803085669],[-107.30247531657648,48.11958867387168],[-107.30248240116195,48.11959748697536],[-107.30250869981379,48.11958803085669]],[[-107.30250315926367,48.11961495134652],[-107.30248983520288,48.11961521963188],[-107.30249687521781,48.1196239616093],[-107.30250315926367,48.11961495134652]],[[-107.3022664711201,48.11969116060457],[-107.30225314706551,48.11969142885727],[-107.30225349645836,48.11970034842606],[-107.3022664711201,48.11969116060457]],[[-107.30292813191826,48.119570687039165],[-107.30295478013386,48.11957015034291],[-107.30295338189951,48.1195389200031],[-107.3029337738462,48.11954819862767],[-107.30292813191826,48.119570687039165]],[[-107.30273580634952,48.119596876723584],[-107.30268899730167,48.11959335605544],[-107.30267766857352,48.11963826177565],[-107.30269204117405,48.11966030431231],[-107.30273580634952,48.119596876723584]],[[-107.30274074935978,48.119556549225784],[-107.30278700557481,48.11954673399117],[-107.3027994843736,48.11952857120035],[-107.30282638040131,48.11953252200499],[-107.30283785516161,48.119492119560306],[-107.30289045233309,48.1194732071638],[-107.30290093542811,48.11941040714541],[-107.30285447605472,48.11941580608151],[-107.30281769429934,48.119488062292405],[-107.302751874695,48.11950722723799],[-107.30273266074539,48.11952549647894],[-107.30274074935978,48.119556549225784]]]}"
00000000000000000b3a,8799,0,0,0,"{""type"":""Polygon"",""coordinates"":[[[-107.3028984885909,48.119356866174634],[-107.3028700928217,48.119317253133495],[-107.30282907220858,48.11929574742809],[-107.3028016235183,48.119278460830756],[-107.3027879500064,48.11926980966202],[-107.30277413028128,48.11926110310163],[-107.30276045678595,48.11925245193141],[-107.30276674071447,48.11924344171802],[-107.30250231396029,48.11929780575958],[-107.30246942665835,48.11930742365342],[-107.3023720162469,48.11936745212729],[-107.30215314360255,48.11969341299604],[-107.30273550666422,48.11944054749898],[-107.30274588833984,48.119373315471535],[-107.30273779974483,48.11934226283286],[-107.30274393746662,48.119328749420674],[-107.30277742221796,48.11933253837413],[-107.30279733510781,48.119332108194484],[-107.30281739422352,48.11933173340151],[-107.3028440422362,48.1193311967436],[-107.30283351450772,48.119393925533586],[-107.30282054001505,48.119403113375554],[-107.30282078789389,48.11940760082795],[-107.30290582116119,48.11937016665449],[-107.3028984885909,48.119356866174634]],[[-107.3027754267235,48.11928790123072],[-107.30274184037118,48.1192841280166],[-107.30275621290477,48.11930617039689],[-107.3027754267235,48.11928790123072]],[[-107.30271474848846,48.119423083237905],[-107.30269458770398,48.11941902594748],[-107.30270177397274,48.11943227106947],[-107.30271474848846,48.119423083237905]]]}"
00000000000000000b3c,8800,0,0,0,"{""type"":""Polygon"",""coordinates"":[[[-107.30229995750396,48.11939569805471],[-107.30200907754065,48.119602494660974],[-107.30201671451735,48.11962464370846],[-107.30200378443338,48.11963390261425],[-107.30199750029796,48.11964291284983],[-107.30199046043656,48.11963417082871],[-107.30198357919645,48.11962977402525],[-107.3019833760005,48.119625357678764],[-107.30185408027327,48.11971724357729],[-107.30194135654797,48.119728935025236],[-107.30208816869576,48.11973047210825],[-107.30212080855068,48.11971636677583],[-107.30215314360255,48.11969341299604],[-107.3023720162469,48.11936745212729],[-107.30229995750396,48.11939569805471]],[[-107.30226936982142,48.11945880156668],[-107.30225594426153,48.11945463774841],[-107.30225654146756,48.119468044737694],[-107.30226936982142,48.11945880156668]],[[-107.30210528664844,48.119667581153855],[-107.3021057376479,48.11967648498273],[-107.30211861067353,48.11966731292255],[-107.30210528664844,48.119667581153855]],[[-107.30206217029809,48.119597005439246],[-107.30202878721161,48.11959764829511],[-107.30204256218566,48.119606283893376],[-107.30206217029809,48.119597005439246]],[[-107.30210528664844,48.119667581153855],[-107.30212429763915,48.119644895635325],[-107.302117213159,48.11963608249458],[-107.30212934286193,48.11960900019723],[-107.3021023454949,48.11960061710451],[-107.30207180191903,48.119663791941065],[-107.30210528664844,48.119667581153855]]]}"
00000000000000000b41,8801,0,0,0,"{""type"":""MultiPolygon"",""coordinates"":[[[[-107.30198542333558,48.11952258516628],[-107.30201426899463,48.119571102463624],[-107.30200882976308,48.11959800718728],[-107.30200907754065,48.119602494660974],[-107.30229995750396,48.11939569805471],[-107.30226682232441,48.11940082844342],[-107.30224746213469,48.119414594358126],[-107.30224701109732,48.11940569057522],[-107.30199580631802,48.11945535308195],[-107.30200383717795,48.11948649273363],[-107.30202444874905,48.11949945397912],[-107.30202504586914,48.11951286098345],[-107.30198542333558,48.11952258516628]],[[-107.30202539520911,48.11952178052411],[-107.3020452064795,48.11951691842624],[-107.30202504586914,48.11951286098345],[-107.30202539520911,48.11952178052411]],[[-107.30201231902788,48.119526536207246],[-107.30202599232909,48.11953518753414],[-107.30202539520911,48.11952178052411],[-107.30201231902788,48.119526536207246]]],[[[-107.30197629156814,48.11961654452968],[-107.30195613092793,48.11961248706547],[-107.30193517002088,48.119590606223156],[-107.30192808560953,48.11958179307579],[-107.3019331755739,48.119545968816546],[-107.30189919550581,48.11953320460968],[-107.30188332467843,48.11947549957642],[-107.30155242413282,48.11953570541097],[-107.30157308004537,48.119548737901354],[-107.30159379290703,48.11956613134012],[-107.30160736455139,48.11957035065638],[-107.30162173632363,48.119592393345954],[-107.30163575874062,48.119609964302086],[-107.30163705433256,48.11963676264594],[-107.30166345449496,48.11963173883721],[-107.30166464846447,48.1196585529281],[-107.30166524544914,48.11967195997868],[-107.30166684573248,48.11970760679908],[-107.3016736823466,48.11971193250304],[-107.30185408027327,48.11971724357729],[-107.3019833760005,48.119625357678764],[-107.30197629156814,48.11961654452968]]]]}"
00000000000000000b36,8802,0,0,0,"{""type"":""MultiPolygon"",""coordinates"":[[[[-107.30187624030259,48.11946668644362],[-107.30184055833796,48.11941384352589],[-107.30183971352568,48.11939594908661],[-107.30183916104889,48.1193826132387],[-107.30144833262212,48.119443981977966],[-107.3014551691488,48.11944830767802],[-107.30153191445758,48.119522728312035],[-107.30155242413282,48.11953570541097],[-107.30188332467843,48.11947549957642],[-107.30187624030259,48.11946668644362]]],[[[-107.30232924896866,48.11930579644514],[-107.30225659314289,48.11932063534907],[-107.30224985807253,48.11932074177643],[-107.30194515508599,48.11936706069927],[-107.30197239998039,48.11937993126013],[-107.30197983370297,48.11939766389089],[-107.30197414671258,48.11942008106476],[-107.30199535534264,48.119446449289384],[-107.30199580631802,48.11945535308195],[-107.30224701109732,48.11940569057522],[-107.30223982503118,48.119392445420715],[-107.30226682232441,48.11940082844342],[-107.30227351283175,48.11940065088508],[-107.30229995750396,48.11939569805471],[-107.3023720162469,48.11936745212729],[-107.30246942665835,48.11930742365342],[-107.30232924896866,48.11930579644514]],[[-107.30226367761468,48.11932944842687],[-107.30226402701561,48.119338367934],[-107.30227720477431,48.11933359649784],[-107.30226367761468,48.11932944842687]],[[-107.30218603366623,48.11938454347877],[-107.30218663084804,48.11939795045124],[-107.30219960540347,48.119388762694314],[-107.30218603366623,48.11938454347877]]]]}"
00000000000000000b43,8803,0,0,0,"{""type"":""MultiPolygon"",""coordinates"":[[[[-107.30185333842054,48.11925275911636],[-107.30184141187794,48.11928425751398],[-107.30189565367776,48.11930551120586],[-107.30192474682006,48.119358515790445],[-107.30194515508599,48.11936706069927],[-107.30224985807253,48.11932074177643],[-107.30224950867478,48.11931182227215],[-107.30226308040315,48.119316041473105],[-107.30225659314289,48.11932063534907],[-107.30232924896866,48.11930579644514],[-107.30220848871063,48.11929031628712],[-107.30220224925553,48.11929939760378],[-107.30219506322557,48.11928615247178],[-107.3018525381753,48.119234935861506],[-107.30183941752423,48.119239620363146],[-107.30185333842054,48.11925275911636]],[[-107.30194765340417,48.11927319245423],[-107.30193507276562,48.11929137078805],[-107.30196900806929,48.119304063798964],[-107.30198113772695,48.11927698169251],[-107.30194765340417,48.11927319245423]]],[[[-107.30183941752423,48.119239620363146],[-107.3018392143431,48.11923520404875],[-107.30138266818891,48.11916839857792],[-107.30137702550222,48.11919088675499],[-107.30135327324803,48.119258315446416],[-107.30134982739723,48.11932985719699],[-107.3013704385086,48.11934281855606],[-107.30137083226822,48.119351809203884],[-107.30141185142817,48.11937331559266],[-107.30141275294193,48.11939557096984],[-107.30141394673728,48.11942238494785],[-107.3014277214132,48.11943102061317],[-107.30144833262212,48.119443981977966],[-107.30183916104889,48.1193826132387],[-107.30183088259805,48.1193469861773],[-107.30181675850355,48.119329431075364],[-107.30179635031617,48.11932088614334],[-107.30182160075309,48.11928911954456],[-107.30180782597424,48.11928048396172],[-107.30181975253925,48.11924898556994],[-107.30183941752423,48.119239620363146]],[[-107.30142582708586,48.11923904520361],[-107.30143311441338,48.11925227465365],[-107.30145267777193,48.1192429252616],[-107.30142582708586,48.11923904520361]]]]}"
00000000000000000b39,8804,0,0,0,"{""type"":""GeometryCollection"",""geometries"":[{""type"":""LineString"",""coordinates"":[[-107.30225924680967,48.11923124593251],[-107.30227273533178,48.119235428854125]]},{""type"":""LineString"",""coordinates"":[[-107.30175263976726,48.11908954232533],[-107.30175930409699,48.11908940878235]]},{""type"":""Polygon"",""coordinates"":[[[-107.301833828336,48.119114699740265],[-107.30185378548738,48.11911434089535],[-107.3018336251547,48.119110283436356],[-107.301833828336,48.119114699740265]]]},{""type"":""Polygon"",""coordinates"":[[[-107.30185902544014,48.11923034202023],[-107.3018525381753,48.119234935861506],[-107.30187943360868,48.11923888692468],[-107.30185902544014,48.11923034202023]]]},{""type"":""Polygon"",""coordinates"":[[[-107.30176640921503,48.119098217425474],[-107.30179305676222,48.11909768107373],[-107.30176595829128,48.119089313691006],[-107.30176640921503,48.119098217425474]]]},{""type"":""Polygon"",""coordinates"":[[[-107.301833828336,48.119114699740265],[-107.30180697758698,48.119110819800014],[-107.30182005361287,48.11910606418642],[-107.30179305676222,48.11909768107373],[-107.301801290565,48.119133236842146],[-107.30181426506066,48.11912404918513],[-107.30183462857545,48.11913252295466],[-107.301833828336,48.119114699740265]]]},{""type"":""Polygon"",""coordinates"":[[[-107.30181601163544,48.11916419880124],[-107.30180233854266,48.11915554750018],[-107.30178891310545,48.11915583141591],[-107.30176107145545,48.1191295539369],[-107.30178053320125,48.119115772460376],[-107.30176640921503,48.119098217425474],[-107.30175308544415,48.119098485598506],[-107.30175263452365,48.11908958186385],[-107.30173916465098,48.11908534686669],[-107.30152977934301,48.119027015384304],[-107.30152304437854,48.11902712175734],[-107.30152364132447,48.11904052864877],[-107.30150323342295,48.11903198369409],[-107.30142388809998,48.119046999367825],[-107.30143072455375,48.11905132503882],[-107.30138810774054,48.11914149410148],[-107.30138266818891,48.11916839857792],[-107.3018392143431,48.11923520404875],[-107.30183582269159,48.11915933678512],[-107.30181601163544,48.11916419880124]],[[-107.30178287677786,48.11916932899202],[-107.30178996107479,48.11917814208387],[-107.30180303712491,48.11917338646589],[-107.30178287677786,48.11916932899202]],[[-107.30171321566854,48.11910372214651],[-107.30174694747693,48.119111998894326],[-107.30175308544415,48.119098485598506],[-107.30171321566854,48.11910372214651]],[[-107.30164834325146,48.11914521256451],[-107.30165542750186,48.11915402566343],[-107.30166860518125,48.11914925432962],[-107.30164834325146,48.11914521256451]],[[-107.3016225404232,48.119163643234955],[-107.30162958009149,48.11917238520974],[-107.30164270071361,48.11916770074351],[-107.3016225404232,48.119163643234955]],[[-107.30153072551805,48.1190493417408],[-107.30155702373021,48.11903988599277],[-107.30152364132447,48.11904052864877],[-107.30153072551805,48.1190493417408]],[[-107.30151111769226,48.11905861998238],[-107.30151820188489,48.119067433078385],[-107.30155796992142,48.11906221235405],[-107.30151111769226,48.11905861998238]],[[-107.30151196235236,48.11907651431362],[-107.30152019585798,48.11911207009938],[-107.30153212255956,48.1190805718408],[-107.30151196235236,48.11907651431362]]]},{""type"":""Polygon"",""coordinates"":[[[-107.30183582269159,48.11915933678512],[-107.30188308162175,48.11917176161333],[-107.30187943360868,48.11923888692468],[-107.30219506322557,48.11928615247178],[-107.30219421823598,48.11926825808357],[-107.30222101219086,48.1192722247866],[-107.30220848871063,48.11929031628712],[-107.30232924896866,48.11930579644514],[-107.30246942665835,48.11930742365342],[-107.30250231396029,48.11929780575958],[-107.30227276396194,48.119235418441505],[-107.30227273533178,48.119235428854125],[-107.3022596878806,48.11924017412992],[-107.30225923683807,48.11923127037675],[-107.30202944048759,48.119164395083125],[-107.30190104437742,48.1191267657051],[-107.3018945571341,48.11913135953961],[-107.30189441100859,48.11912685636867],[-107.30186072367616,48.11911865080202],[-107.30184809848988,48.11913675794114],[-107.30186167005002,48.11914097718912],[-107.30186201935584,48.11914989666815],[-107.30183537175162,48.11915043304103],[-107.30183582269159,48.11915933678512]],[[-107.30188148109762,48.11913611516594],[-107.30186766177113,48.119127408486975],[-107.30186167005002,48.11914097718912],[-107.30188148109762,48.11913611516594]]]}]}"
00000000000000000b37,8805,0,0,0,"{""type"":""Polygon"",""coordinates"":[[[-107.30175263452365,48.11908958186385],[-107.30175932493884,48.11908940434476],[-107.30176595829128,48.119089313691006],[-107.30182005361287,48.11910606418642],[-107.30182654085526,48.11910147035917],[-107.3018336251547,48.119110283436356],[-107.30185378548738,48.11911434089535],[-107.30186047591413,48.11911416336885],[-107.30186072367616,48.11911865080202],[-107.30188747281188,48.11912254646398],[-107.30189441100859,48.11912685636867],[-107.30190104437742,48.1191267657051],[-107.30190777938734,48.11912665930417],[-107.30202944048759,48.119164395083125],[-107.30250231396029,48.11929780575958],[-107.30276674071447,48.11924344171802],[-107.30279044618955,48.119175941622835],[-107.30191840999744,48.11906836293734],[-107.30191272304467,48.11909077996623],[-107.30189964702265,48.11909553559098],[-107.30189340755125,48.11910461685432],[-107.30188632323383,48.119095803782955],[-107.30185318842182,48.1191009339902],[-107.30185907859344,48.11908293326075],[-107.3018386705161,48.119074388375],[-107.30185164498593,48.11906520072387],[-107.30185803057867,48.11906062263509],[-107.30176416718953,48.119049093000854],[-107.30175119271681,48.119058280637425],[-107.3017441530292,48.11904953869102],[-107.30153616494535,48.11902243732004],[-107.30152977934301,48.119027015384304],[-107.30173916465098,48.11908534686669],[-107.30175224066633,48.119080591264904],[-107.30175263452365,48.11908958186385]],[[-107.30275930657463,48.119225709210845],[-107.30273914588003,48.11922165194274],[-107.30274608426666,48.119230409573916],[-107.30275930657463,48.119225709210845]],[[-107.30228553521253,48.119221814392155],[-107.30229282291309,48.119235043763084],[-107.30231238623402,48.119225694199734],[-107.30228553521253,48.119221814392155]],[[-107.30228553521253,48.119221814392155],[-107.30229781082407,48.119199235468535],[-107.30226512686704,48.119213269581365],[-107.30228553521253,48.119221814392155]],[[-107.30224297149208,48.11916457513991],[-107.30222939982255,48.119160355946775],[-107.30222979379613,48.11916934655444],[-107.30224297149208,48.11916457513991]],[[-107.30207979466766,48.11909635881088],[-107.30203962002275,48.11909274715679],[-107.30204665981019,48.11910148908616],[-107.30207979466766,48.11909635881088]],[[-107.30205399196511,48.11911478957706],[-107.30204042036326,48.11911057035947],[-107.30204122070366,48.119128393568175],[-107.30205399196511,48.11911478957706]],[[-107.30202944048759,48.119164395083125],[-107.30205538945094,48.119146019697055],[-107.30202200677242,48.1191466625347],[-107.30202944048759,48.119164395083125]],[[-107.30202200677242,48.1191466625347],[-107.30202140964576,48.1191332556239],[-107.30200847974568,48.119142514439126],[-107.30202200677242,48.1191466625347]],[[-107.30175224066633,48.119080591264904],[-107.30177205167105,48.11907572927099],[-107.30175827698527,48.11906709371371],[-107.30175224066633,48.119080591264904]],[[-107.30226937140975,48.11915955121575],[-107.30227585863922,48.11915495735378],[-107.30228778481913,48.11912345898879],[-107.30223389220939,48.11911112506628],[-107.30224841047293,48.119137670631126],[-107.30224217105422,48.11914675192309],[-107.30226253477576,48.119155225600196],[-107.30226937140975,48.11915955121575]],[[-107.30226937140975,48.11915955121575],[-107.30225629535613,48.11916430689614],[-107.30225040533365,48.11918230767405],[-107.30223079745616,48.11919158608751],[-107.30224471853536,48.11920472476727],[-107.30227740248482,48.11919069066387],[-107.30227031803172,48.11918187760989],[-107.30227670367186,48.1191728517016],[-107.30226937140975,48.11915955121575]]]}"
00000000000000000b31,8806,0,0,0,"{""type"":""MultiPolygon"",""coordinates"":[[[[-107.30174979548686,48.119027050558635],[-107.30175712749937,48.119040351057016],[-107.3017970987566,48.119039546532996],[-107.30176416718953,48.119049093000854],[-107.30185803057867,48.11906062263509],[-107.3018572303258,48.11904279944561],[-107.30187065573185,48.119042515521734],[-107.30186901063527,48.11900679803271],[-107.30185568688263,48.119007066219055],[-107.30184271243496,48.11901625386001],[-107.30182903938274,48.11900760258606],[-107.30180877747478,48.119003560865174],[-107.30176705971824,48.11896421589668],[-107.30175233875865,48.11893325404503],[-107.3017196550391,48.11894728789499],[-107.30173981524715,48.11895134536853],[-107.30172708855491,48.11896502040466],[-107.30171292007532,48.11894739428117],[-107.30153616494535,48.11902243732004],[-107.3017441530292,48.11904953869102],[-107.30173647174384,48.11902731872828],[-107.30174979548686,48.119027050558635]],[[-107.30184954896416,48.119020579496706],[-107.30184390656191,48.119043067630805],[-107.3018572303258,48.11904279944561],[-107.30184954896416,48.119020579496706]],[[-107.30183058279982,48.119043335814084],[-107.30184435750527,48.119051971356576],[-107.30184390656191,48.119043067630805],[-107.30183058279982,48.119043335814084]],[[-107.30172928595978,48.11901407362368],[-107.30172304647436,48.119023154862234],[-107.30173647174384,48.11902731872828],[-107.30172928595978,48.11901407362368]],[[-107.30169535108323,48.119001380587136],[-107.30170239074756,48.1190101225297],[-107.30171536520726,48.11900093490848],[-107.30169535108323,48.119001380587136]],[[-107.30178921425994,48.11901291028364],[-107.30176810768063,48.11898652648376],[-107.301727641,48.118978356148084],[-107.30171536520726,48.11900093490848],[-107.30174909692607,48.11900921164164],[-107.30174979548686,48.119027050558635],[-107.30178921425994,48.11901291028364]]],[[[-107.30189286343354,48.118943801587676],[-107.30188722107114,48.11896628969046],[-107.30190758453648,48.11897476342033],[-107.30189565814591,48.11900626165431],[-107.3019089819039,48.11900599346228],[-107.30191017607994,48.119032807225764],[-107.30189685231214,48.11903307541835],[-107.30189081604094,48.119046572968315],[-107.30191781290719,48.11905495604493],[-107.30191840999744,48.11906836293734],[-107.30203927067276,48.119083827689224],[-107.30279044618955,48.119175941622835],[-107.3027899950165,48.11916703788634],[-107.30248649282449,48.11909269238511],[-107.30247990399874,48.11909285421874],[-107.30248628956406,48.11908827608643],[-107.30235834365989,48.11905955111772],[-107.30234571866866,48.11907765829704],[-107.30231792108343,48.1190514521605],[-107.30233793536625,48.11905100634748],[-107.30192634743716,48.118947590829436],[-107.30191975867601,48.11894775262251],[-107.30189286343354,48.118943801587676]],[[-107.30237366251944,48.11910391982885],[-107.30238070241349,48.11911266173284],[-107.30238698638023,48.119103651567315],[-107.30237366251944,48.11910391982885]],[[-107.30226657607311,48.11909709099373],[-107.30226692547826,48.11910601046133],[-107.30227989991626,48.11909682274756],[-107.30226657607311,48.11909709099373]],[[-107.30206507335531,48.11906539693836],[-107.30203797476356,48.11905702964067],[-107.30203927067276,48.119083827689224],[-107.30206507335531,48.11906539693836]],[[-107.30196112731602,48.118978178056416],[-107.30197480040903,48.118986829305655],[-107.3019943636034,48.11897747985451],[-107.30196112731602,48.118978178056416]],[[-107.30192070509209,48.118970078935384],[-107.3019290406532,48.119005618866694],[-107.30194096701972,48.11897412062956],[-107.30192070509209,48.118970078935384]],[[-107.30190653648842,48.11895245284195],[-107.30192031119172,48.11896108835866],[-107.30191975867601,48.11894775262251],[-107.30190653648842,48.11895245284195]]]]}"
00000000000000000b35,8807,0,0,0,"{""type"":""Polygon"",""coordinates"":[[[-107.30204416497752,48.11889610812757],[-107.30203812877716,48.11890960564985],[-107.30201162743724,48.11891464521787],[-107.30199690624922,48.11888368343874],[-107.30198358252265,48.118883951641564],[-107.30198403350215,48.11889285533882],[-107.3019706081341,48.11889313927681],[-107.30196457191259,48.11890663679423],[-107.30193757512592,48.11889825375241],[-107.30191856448937,48.1189209389028],[-107.30189226635004,48.118930394726696],[-107.30189286343354,48.118943801587676],[-107.30191975867601,48.11894775262251],[-107.30192599811257,48.118938671385436],[-107.30193967117846,48.11894732263387],[-107.30192634743716,48.118947590829436],[-107.30233793536625,48.11905100634748],[-107.30236472922536,48.119054972996416],[-107.30235834365989,48.11905955111772],[-107.30248628956406,48.11908827608643],[-107.30249238272961,48.11907469162637],[-107.30251279110638,48.11908323636549],[-107.30248649282449,48.11909269238511],[-107.3027899950165,48.11916703788634],[-107.30280247366781,48.119148875230024],[-107.30283386104733,48.11910359513004],[-107.30285816373886,48.119049502076365],[-107.30204416497752,48.11889610812757]],[[-107.30278680467839,48.1190955871024],[-107.30279423881399,48.11911331956365],[-107.30282008594192,48.11909495973132],[-107.30278680467839,48.1190955871024]],[[-107.30278680467839,48.1190955871024],[-107.30278575609672,48.11907327649589],[-107.30277327746872,48.11909143912334],[-107.30278680467839,48.1190955871024]],[[-107.30247626316074,48.119012499796405],[-107.30248334765079,48.119021312805856],[-107.30248958700325,48.119012231521545],[-107.30247626316074,48.119012499796405]],[[-107.30247626316074,48.119012499796405],[-107.30246897541547,48.11899927049653],[-107.30246273606191,48.119008351777296],[-107.30247626316074,48.119012499796405]],[[-107.3024770637166,48.119030322962765],[-107.30246373986935,48.11903059123609],[-107.30247082435845,48.11903940424953],[-107.3024770637166,48.119030322962765]],[[-107.30244312828701,48.119017630200865],[-107.30242296780858,48.11901357287688],[-107.30243040172812,48.11903130534416],[-107.30244312828701,48.119017630200865]],[[-107.30241568008643,48.119000343572104],[-107.30238219580289,48.11899655450444],[-107.30238958511836,48.11901421584113],[-107.30241568008643,48.119000343572104]],[[-107.30238414625828,48.119041120291676],[-107.30237082242033,48.11904138855193],[-107.30237790688184,48.11905020157473],[-107.30238414625828,48.119041120291676]],[[-107.30199181649874,48.11891950724469],[-107.30197140844643,48.118910962413096],[-107.3019795408532,48.11894208600987],[-107.30199181649874,48.11891950724469]],[[-107.30251139322634,48.11905200629946],[-107.30247790885126,48.119048217263824],[-107.30247142165204,48.119052811129364],[-107.3024451233941,48.11906226713156],[-107.30249866666976,48.1190656814607],[-107.30251139322634,48.11905200629946]]]}"
00000000000000000b38,8808,0,0,0,"{""type"":""GeometryCollection"",""geometries"":[{""type"":""LineString"",""coordinates"":[[-107.30209577310806,48.11885934780092],[-107.30208921142358,48.118859479306415]]},{""type"":""Polygon"",""coordinates"":[[[-107.30198323318314,48.11887503220894],[-107.30198358252265,48.118883951641564],[-107.30199690624922,48.11888368343874],[-107.30199665846905,48.118879196026434],[-107.30198323318314,48.11887503220894]]]},{""type"":""Polygon"",""coordinates"":[[[-107.30245984483822,48.11879398071063],[-107.30209581461979,48.11885931789057],[-107.30209577310806,48.11885934780092],[-107.30208298646971,48.118868560927815],[-107.30208249088795,48.11885958610714],[-107.30203628030203,48.11886947197572],[-107.30205005502668,48.118878107459636],[-107.30204416497752,48.11889610812757],[-107.30285816373886,48.119049502076365],[-107.30288261260608,48.118999912229086],[-107.3028963350145,48.11886115530969],[-107.30288795384776,48.11882109670747],[-107.30289259155995,48.11877636927313],[-107.3028702321004,48.118723259134946],[-107.30285042118852,48.118728121320714],[-107.30285087238182,48.11873702498208],[-107.30284378782281,48.11872821204917],[-107.3025723247916,48.11877383384408],[-107.30256583764853,48.118778427690614],[-107.30246647818817,48.118793890008995],[-107.30245984483822,48.11879398071063]],[[-107.30262167540597,48.118982806067834],[-107.3026291094321,48.119000538506626],[-107.30264183593451,48.1189868633464],[-107.30262167540597,48.118982806067834]],[[-107.30260755093406,48.118965251213496],[-107.30261459087859,48.118973993076],[-107.30262756523173,48.118964805340426],[-107.30260755093406,48.118965251213496]],[[-107.3025134389204,48.118949234938064],[-107.30252052341169,48.11895804793413],[-107.30254682159625,48.11894859193187],[-107.3025134389204,48.118949234938064]],[[-107.3024737658996,48.11880711925823],[-107.30248000521243,48.11879803801256],[-107.30246647818817,48.118793890008995],[-107.3024737658996,48.11880711925823]],[[-107.3024309036249,48.11889280089429],[-107.30244517415646,48.11891485890366],[-107.30247771163856,48.1188963216677],[-107.3024309036249,48.11889280089429]],[[-107.3024289085234,48.118848164107014],[-107.30243613916542,48.11886148023875],[-107.3024423784953,48.11885239898569],[-107.3024289085234,48.118848164107014]],[[-107.3023610380888,48.11882277861738],[-107.30236867519271,48.118844927305155],[-107.3023949732883,48.11883547136712],[-107.3023610380888,48.11882277861738]],[[-107.30240625111225,48.11893797424895],[-107.30241343717981,48.118951219276475],[-107.30241972110963,48.1189422091374],[-107.30240625111225,48.11893797424895]],[[-107.30208308804275,48.11887299294707],[-107.30208378683758,48.118886384053425],[-107.302096659572,48.118877212141406],[-107.30208308804275,48.11887299294707]]]}]}"
00000000000000000b29,8809,0,0,0,"{""type"":""GeometryCollection"",""geometries"":[{""type"":""Point"",""coordinates"":[-107.30198318101726,48.1188750033439]},{""type"":""LineString"",""coordinates"":[[-107.3024531796434,48.118794121575725],[-107.30245981856835,48.118793988501125]]},{""type"":""Polygon"",""coordinates"":[[[-107.30246533415563,48.118619668989695],[-107.30241947322779,48.118638474378905],[-107.30247266641727,48.118632969324],[-107.30246533415563,48.118619668989695]]]},{""type"":""Polygon"",""coordinates"":[[[-107.30286255009307,48.11870103941858],[-107.30283569922219,48.1186971597999],[-107.3028495758626,48.11871022713673],[-107.30285042118852,48.118728121320714],[-107.3028702321004,48.118723259134946],[-107.30286255009307,48.11870103941858]]]},{""type"":""Polygon"",""coordinates"":[[[-107.30282976495971,48.11871508931681],[-107.30267756154731,48.11874052876339],[-107.30268300014674,48.118713624456646],[-107.30266813212756,48.118678159785496],[-107.3026568037691,48.1187230647122],[-107.30266419319663,48.11874072593302],[-107.30262446975098,48.11874601821193],[-107.30261798261577,48.11875061205935],[-107.30259133508395,48.118751148636335],[-107.30257881193347,48.118769239997526],[-107.3025723247916,48.11877383384408],[-107.30284378782281,48.11872821204917],[-107.30282976495971,48.11871508931681]]]},{""type"":""Polygon"",""coordinates"":[[[-107.30247266641727,48.118632969324],[-107.30248110413756,48.11867294096657],[-107.30245520019356,48.118691387419474],[-107.30243988134215,48.1186470190693],[-107.30243134840352,48.11875438367631],[-107.30238414657809,48.1187418723502],[-107.30239991023436,48.11864782385137],[-107.30204032186583,48.118811337687994],[-107.30206721707395,48.1188152886724],[-107.30208238931485,48.11885515408901],[-107.30206212740332,48.11885111243346],[-107.30204806038967,48.11883347066514],[-107.30202779850121,48.118829429003405],[-107.30203513060422,48.11884272942825],[-107.30202919597852,48.11886065895449],[-107.30203628030203,48.11886947197572],[-107.30208249088795,48.11885958610714],[-107.30208922586256,48.11885947969491],[-107.30236717581651,48.11880926536267],[-107.30245315442728,48.11879415827745],[-107.3024531796434,48.118794121575725],[-107.30245939374122,48.118785077035334],[-107.30246647818817,48.118793890008995],[-107.30256583764853,48.118778427690614],[-107.30252910655196,48.11870327528278],[-107.30259008333488,48.118724421903586],[-107.3026026635252,48.11870624369127],[-107.30257601602958,48.1187067802626],[-107.30255480721813,48.11868041254192],[-107.30257241951091,48.1186264975686],[-107.30257196838429,48.11861759392294],[-107.30257157431862,48.11860860341337],[-107.30256997309118,48.11857295737712],[-107.30255026392818,48.11857780374683],[-107.30254068288848,48.1186628577751],[-107.30252815975459,48.11868094909889],[-107.302479503002,48.11863729488286],[-107.30247266641727,48.118632969324]],[[-107.30251498223093,48.11868572050433],[-107.30252226994632,48.118698949722564],[-107.302548567941,48.118689493771235],[-107.30251498223093,48.11868572050433]],[[-107.3024621384248,48.11869569724689],[-107.30246977557923,48.1187178458718],[-107.30249582574288,48.118703902536694],[-107.3024621384248,48.11869569724689]],[[-107.3024632884414,48.11872243970639],[-107.30247097017904,48.11874465947059],[-107.30249702036242,48.11873071612755],[-107.3024632884414,48.11872243970639]],[[-107.30237341514837,48.118800184123074],[-107.30235984357294,48.11879596497524],[-107.30236717581651,48.11880926536267],[-107.30237341514837,48.118800184123074]],[[-107.30233668450256,48.118725031599034],[-107.30234312706905,48.11872036664433],[-107.30232960010808,48.11871621862599],[-107.30233668450256,48.118725031599034]],[[-107.3023384316769,48.11876518088571],[-107.3023443215758,48.11874718024835],[-107.30233075002683,48.11874296109998],[-107.3023384316769,48.11876518088571]],[[-107.30232216629251,48.11869848625453],[-107.30230943982761,48.118712161296386],[-107.30232960010808,48.11871621862599],[-107.30232216629251,48.11869848625453]],[[-107.30233204616347,48.11876975897872],[-107.30233923217233,48.11878300397092],[-107.30234547150398,48.11877392273767],[-107.30233204616347,48.11876975897872]],[[-107.30232371020946,48.11873421925184],[-107.30231058973176,48.11873890376893],[-107.30233075002683,48.11874296109998],[-107.30232371020946,48.11873421925184]]]}]}"
00000000000000000b33,8810,0,0,0,"{""type"":""GeometryCollection"",""geometries"":[{""type"":""LineString"",""coordinates"":[[-107.30214548187269,48.118626100666184],[-107.30214568134325,48.11863056303172],[-107.30215234561176,48.118630429466904]]},{""type"":""Polygon"",""coordinates"":[[[-107.3023392326402,48.11848375749477],[-107.30235230844715,48.118479001870895],[-107.30236507939188,48.118465398014436],[-107.3023392326402,48.11848375749477]]]},{""type"":""Polygon"",""coordinates"":[[[-107.30256229131082,48.11855073769448],[-107.3025559058485,48.11855531578243],[-107.30255026392818,48.11857780374683],[-107.30256997309118,48.11857295737712],[-107.30256229131082,48.11855073769448]]]},{""type"":""Polygon"",""coordinates"":[[[-107.30236507939188,48.118465398014436],[-107.30241118793073,48.11845108009174],[-107.3024392330425,48.11848177328533],[-107.30245904378258,48.11847691121163],[-107.30245834484226,48.118463520215975],[-107.30250465665779,48.11845361849351],[-107.30256583628962,48.11847918128687],[-107.30259123185813,48.118451918131],[-107.30260525451004,48.11846504083791],[-107.30265161094923,48.11845965789044],[-107.30265086735291,48.11844174805637],[-107.30263709254747,48.118433112732454],[-107.30262356561045,48.11842896477763],[-107.30262341938952,48.11842446167037],[-107.30249397587635,48.11836452327811],[-107.30240350627653,48.118428860444695],[-107.30241697609479,48.118433095297064],[-107.30240365247043,48.118433363553336],[-107.30236507939188,48.118465398014436]],[[-107.30249761683368,48.11844487670643],[-107.3025240162713,48.11843985279313],[-107.30249053243486,48.11843606379233],[-107.30249761683368,48.11844487670643]],[[-107.30245715023992,48.11843670676048],[-107.30248344803975,48.1184272508791],[-107.30245011043348,48.11842796497225],[-107.30245715023992,48.11843670676048]]]},{""type"":""Polygon"",""coordinates"":[[[-107.3023392326402,48.11848375749477],[-107.3021586417491,48.11862135123487],[-107.3021657260738,48.11863016420641],[-107.30217256259888,48.11863448978842],[-107.30218623565526,48.1186431409519],[-107.30219920992829,48.11863395333411],[-107.30221208255709,48.11862478145332],[-107.30218483803306,48.11861191113599],[-107.30225714300524,48.118588153141886],[-107.30228518803334,48.11861884646265],[-107.30221961793943,48.11864249807326],[-107.30224117582041,48.1186777852526],[-107.30224801236822,48.11868211083259],[-107.30223528589282,48.1186957858606],[-107.30220908954566,48.118705225989935],[-107.30218139393716,48.11868345199235],[-107.30216078269815,48.118670490973315],[-107.30216038873444,48.118661500450415],[-107.30212635227618,48.1186443756514],[-107.30195214572218,48.11877739137254],[-107.30199266932502,48.11878992246792],[-107.30199975362522,48.118798735480595],[-107.30204032186583,48.118811337687994],[-107.30239991023436,48.11864782385137],[-107.3023995607898,48.118638904462976],[-107.30241947322779,48.118638474378905],[-107.30246533415563,48.118619668989695],[-107.30245120990244,48.11860211422804],[-107.30247785728757,48.11860157769523],[-107.30249048204774,48.118583470668355],[-107.30245040934734,48.11858429120661],[-107.30243613891854,48.11856223333409],[-107.3024763132123,48.118565844794574],[-107.30250944768491,48.11856071443291],[-107.3025288073575,48.11854694870202],[-107.30246842823499,48.11853920885322],[-107.30243509053346,48.11853992294508],[-107.30242162067297,48.11853568808773],[-107.3024476707061,48.118521744817336],[-107.30243978575793,48.118495108895225],[-107.3024205722959,48.11851337770963],[-107.30241408519383,48.11851797152211],[-107.30240609865766,48.1184869036128],[-107.30238649116927,48.11849618192551],[-107.3024006599248,48.118513807791224],[-107.30232685568961,48.11850635184592],[-107.3023392326402,48.11848375749477]],[[-107.30240320771543,48.11857177992544],[-107.30241737650663,48.11858940581313],[-107.30243669163104,48.11857556896448],[-107.30240320771543,48.11857177992544]],[[-107.30243104964187,48.11859805693229],[-107.30243813404878,48.118606869877716],[-107.30244457658787,48.11860220492738],[-107.30243104964187,48.11859805693229]],[[-107.30240100937152,48.11852272715833],[-107.3024078459235,48.11852705271406],[-107.30241408519383,48.11851797152211],[-107.30240100937152,48.11852272715833]],[[-107.3023753087739,48.11854558978768],[-107.30238234857629,48.11855433160105],[-107.30240889429233,48.118549363098296],[-107.3023753087739,48.11854558978768]],[[-107.30239072914738,48.11858994232834],[-107.30239766732241,48.11859869988488],[-107.30240415444042,48.11859410606605],[-107.30239072914738,48.11858994232834]],[[-107.30234791801263,48.11852821641995],[-107.30235535181693,48.11854594873228],[-107.30236138785102,48.11853245128763],[-107.30234791801263,48.11852821641995]],[[-107.30235654633998,48.118572762246785],[-107.30236303345524,48.11856816843308],[-107.30234946196451,48.118563949300245],[-107.30235654633998,48.118572762246785]],[[-107.30232850126144,48.11854206897506],[-107.30231657534756,48.118573566990065],[-107.30234946196451,48.118563949300245],[-107.30232850126144,48.11854206897506]],[[-107.30229976324723,48.11864530490866],[-107.30230060830522,48.11866319908218],[-107.30232665844267,48.11864925580818],[-107.30229976324723,48.11864530490866]],[[-107.30226118988548,48.118677339464305],[-107.30224766296121,48.118673191436876],[-107.30224801236822,48.11868211083259],[-107.30226118988548,48.118677339464305]]]}]}"
00000000000000000b2f,8811,0,0,0,"{""type"":""GeometryCollection"",""geometries"":[{""type"":""LineString"",""coordinates"":[[-107.30215841214125,48.11861692392729],[-107.30215861093687,48.118621371170676]]},{""type"":""Polygon"",""coordinates"":[[[-107.30217091885434,48.11829952713178],[-107.30212530613915,48.11832281961886],[-107.30210689308166,48.118358911256095],[-107.30211372954882,48.11836323682145],[-107.3021006092111,48.118367921273205],[-107.30189765682626,48.118751650507065],[-107.30195214572218,48.11877739137254],[-107.30212635227618,48.1186443756514],[-107.30211926796157,48.11863556267431],[-107.30214566747667,48.118630538844954],[-107.30214546425437,48.11862612258341],[-107.30212505628576,48.11861757783007],[-107.30211797197605,48.11860876485725],[-107.30207765167957,48.11860065011504],[-107.30211682220725,48.11858202244516],[-107.30213803055547,48.11860839022511],[-107.30215841214125,48.11861692392729],[-107.3021584385252,48.118616934974156],[-107.30240365247043,48.118433363553336],[-107.30237720847867,48.11843831630438],[-107.30237016869707,48.11842957450939],[-107.30240350627653,48.118428860444695],[-107.30249397587635,48.11836452327811],[-107.30245295664717,48.118343017766456],[-107.30231692525453,48.118283241032934],[-107.30231008876197,48.11827891548929],[-107.30230984093967,48.11827442813047],[-107.3022565467415,48.11827550107414],[-107.30227021970687,48.11828415216888],[-107.302277901249,48.118306371768305],[-107.30223154514266,48.11831175451103],[-107.30224322319644,48.11827576930531],[-107.30222316477419,48.1182761439531],[-107.30221183610718,48.11832104849173],[-107.30216527678026,48.11832201496804],[-107.30217091885434,48.11829952713178]],[[-107.30245400504974,48.11836532807126],[-107.30242066750948,48.118366042151656],[-107.30242770729646,48.11837478393223],[-107.30245400504974,48.11836532807126]],[[-107.3023939757316,48.118366507533665],[-107.30240719771375,48.11836180730464],[-107.30240011335731,48.11835299439672],[-107.3023939757316,48.118366507533665]],[[-107.30230015792134,48.11835504967849],[-107.30228658652256,48.118350830551535],[-107.30229402026576,48.11836856281033],[-107.30230015792134,48.11835504967849]],[[-107.30222785341029,48.11837880758799],[-107.30220779493565,48.11837918223462],[-107.30221567968121,48.118405818122206],[-107.30222785341029,48.11837880758799]],[[-107.30217345926634,48.118504976859306],[-107.30218109619675,48.11852712543254],[-107.30223463852495,48.11853053989834],[-107.30217345926634,48.118504976859306]],[[-107.30219891209198,48.11847762692397],[-107.30218558848254,48.1184778951498],[-107.30218593787741,48.11848681451292],[-107.30219891209198,48.11847762692397]],[[-107.30220185354139,48.11854458953258],[-107.30218828210174,48.118540370377545],[-107.30218873313554,48.11854927401427],[-107.30220185354139,48.11854458953258]],[[-107.30214257467284,48.11841175302397],[-107.30212904787325,48.118407604997614],[-107.30212984827638,48.11842542796568],[-107.30214257467284,48.11841175302397]],[[-107.30217345926634,48.118504976859306],[-107.30216612715671,48.118491676530645],[-107.3021532545726,48.11850084838092],[-107.30217345926634,48.118504976859306]],[[-107.30217485688402,48.118536206611985],[-107.30216128545447,48.118531987453544],[-107.3021616348426,48.118540906826084],[-107.30217485688402,48.118536206611985]],[[-107.30212306153894,48.1185729412611],[-107.3021095346877,48.118568793220575],[-107.3021099857019,48.118577696863],[-107.30212306153894,48.1185729412611]],[[-107.30205529366707,48.11854753992769],[-107.30204172226522,48.11854332075071],[-107.30204252262196,48.118561143766705],[-107.30205529366707,48.11854753992769]],[[-107.30216527678026,48.11832201496804],[-107.3021261065428,48.11834064255821],[-107.3021598379242,48.11834891905155],[-107.30217954692773,48.11834407278721],[-107.30216527678026,48.11832201496804]],[[-107.3023939757316,48.118366507533665],[-107.3023330443375,48.118345432039376],[-107.30232146793644,48.118385849279626],[-107.30234776569361,48.1183763934457],[-107.30237476232983,48.118384776292686],[-107.3023939757316,48.118366507533665]]]}]}"
00000000000000000b2e,8812,0,0,0,"{""type"":""GeometryCollection"",""geometries"":[{""type"":""LineString"",""coordinates"":[[-107.3020941267203,48.11837254719724],[-107.30210059149083,48.118367951270066]]},{""type"":""LineString"",""coordinates"":[[-107.30196243762619,48.118410917272655],[-107.30195577338517,48.118411050826]]},{""type"":""Polygon"",""coordinates"":[[[-107.30207940101785,48.11834155360167],[-107.30202750435349,48.118373856079195],[-107.30202081404857,48.11837403361176],[-107.30200769370883,48.118378718051815],[-107.30201572443991,48.118409857068116],[-107.30198827698852,48.11839257049788],[-107.301962430214,48.11841092985185],[-107.30196323053572,48.11842875282451],[-107.30192325986557,48.11842955739351],[-107.30192305666884,48.11842514114772],[-107.30190369697118,48.11843890672511],[-107.30182665186462,48.11850740725796],[-107.30180234838839,48.11856149951248],[-107.30184331415974,48.11873041275728],[-107.30187704571614,48.11873868940698],[-107.30189071869444,48.118747340631714],[-107.30189765682626,48.118751650507065],[-107.30209412211991,48.11837251505106],[-107.30208673306531,48.118354853900556],[-107.30210689308166,48.118358911256095],[-107.30212530613915,48.11832281961886],[-107.30207940101785,48.11834155360167]]]}]}"
00000000000000000b3b,8813,0,0,0,"{""type"":""MultiPolygon"",""coordinates"":[[[[-107.30152284123425,48.119022705459194],[-107.30152304437854,48.11902712175734],[-107.30152977934301,48.119027015384304],[-107.30153616494535,48.11902243732004],[-107.3015557281737,48.11901308795116],[-107.30152284123425,48.119022705459194]]],[[[-107.30152284123425,48.119022705459194],[-107.30152848380602,48.119000217348386],[-107.3015557281737,48.11901308795116],[-107.30171292007532,48.11894739428117],[-107.3017196550391,48.11894728789499],[-107.30175233875865,48.11893325404503],[-107.30173722396707,48.11889330164174],[-107.30171037341455,48.11888942168579],[-107.30169645271378,48.118876282997675],[-107.3016895145991,48.11887197309712],[-107.30170224126445,48.11885829809086],[-107.30168128094566,48.118836417492005],[-107.301713818458,48.118817880542046],[-107.3017342263435,48.11882642541754],[-107.30174520646011,48.11877260106754],[-107.3017661667994,48.11879448162535],[-107.30178492966927,48.11876730915607],[-107.30179141685008,48.11876271536237],[-107.30177609888342,48.118718346823535],[-107.30184331415974,48.11873041275728],[-107.30180234838839,48.11856149951248],[-107.30138142581161,48.118842422873875],[-107.30137493859499,48.11884701664774],[-107.30136830531384,48.11884710727223],[-107.30122583426476,48.118943762177565],[-107.301335464892,48.119008564890365],[-107.30134913775433,48.119017216239634],[-107.30142388809998,48.119046999367825],[-107.30150323342295,48.11903198369409],[-107.30152284123425,48.119022705459194]],[[-107.30172235343264,48.11871051581754],[-107.30172943763421,48.118719328839376],[-107.30174251351592,48.11871457327541],[-107.30172235343264,48.11871051581754]],[[-107.3017114749528,48.1187643243649],[-107.30171911160605,48.1187864730912],[-107.3017243476801,48.118755152524315],[-107.3017114749528,48.1187643243649]],[[-107.3017182578307,48.118916057881115],[-107.30172544359462,48.11892930296236],[-107.30173841802173,48.11892011535297],[-107.3017182578307,48.118916057881115]],[[-107.3016916104351,48.118916594206375],[-107.30169879618747,48.11892983929004],[-107.30171177061749,48.1189206516841],[-107.3016916104351,48.118916594206375]],[[-107.30167639408415,48.118876657540675],[-107.3016838275651,48.11889439003076],[-107.3016895145991,48.11887197309712],[-107.30167639408415,48.118876657540675]],[[-107.3016990439306,48.11893432670839],[-107.30167943617349,48.11894360496233],[-107.30170608358502,48.11894306863977],[-107.3016990439306,48.11893432670839]],[[-107.30157694301785,48.118740207982626],[-107.30158402717841,48.118749021021216],[-107.30159051436603,48.118744427242525],[-107.30157694301785,48.118740207982626]],[[-107.30146381236821,48.118894354681196],[-107.30147099801768,48.118907599778936],[-107.30147723752478,48.11889851857619],[-107.30146381236821,48.118894354681196]],[[-107.30142419061191,48.1189040784981],[-107.30143147788533,48.11891730786536],[-107.30145104105912,48.118907958537896],[-107.30142419061191,48.1189040784981]],[[-107.30142499065725,48.118921901649436],[-107.3014326717145,48.11894412159835],[-107.3014386635243,48.11893055297156],[-107.30142499065725,48.118921901649436]],[[-107.30142758143847,48.11897994542888],[-107.30143462101528,48.11898868738975],[-107.30145422880472,48.11897940917706],[-107.30142758143847,48.11897994542888]],[[-107.30135956615422,48.118950055978175],[-107.3013601184656,48.11896339172331],[-107.30137309294271,48.11895420415612],[-107.30135956615422,48.118950055978175]],[[-107.30134858544814,48.11900388048064],[-107.30133486801451,48.118995158004175],[-107.301335464892,48.119008564890365],[-107.30134858544814,48.11900388048064]],[[-107.30175828236153,48.118767845496116],[-107.30177100897183,48.118754170509206],[-107.30173048558177,48.11874163932332],[-107.3017243476801,48.118755152524315],[-107.30175828236153,48.118767845496116]]]]}"
00000000000000000b44,8814,0,1,0,"{""type"":""MultiPolygon"",""coordinates"":[[[[-107.30139390482907,48.118824260503644],[-107.30138142581161,48.118842422873875],[-107.30142669007908,48.11881021106405],[-107.30139390482907,48.118824260503644]]],[[[-107.30127763053045,48.11890702773047],[-107.30129045877943,48.11889778479166],[-107.3012771351479,48.11889805289401],[-107.30127763053045,48.11890702773047]]],[[[-107.30127763053045,48.11890702773047],[-107.30126420525788,48.11890731156725],[-107.30125816882487,48.118920809049214],[-107.30127763053045,48.11890702773047]]],[[[-107.30139390482907,48.118824260503644],[-107.30140583150346,48.118792762433884],[-107.30142669007908,48.11881021106405],[-107.30180234838839,48.11856149951248],[-107.30182665186462,48.11850740725796],[-107.30147644494285,48.11858144822358],[-107.3014839799062,48.11859916489733],[-107.301452242632,48.11863552474136],[-107.30140673089322,48.118663249052986],[-107.30140732780409,48.11867665585325],[-107.30140788013888,48.11868999152818],[-107.30137698733346,48.11874424563403],[-107.30127943186376,48.11879976918464],[-107.30128023184135,48.118817592303536],[-107.30124749115862,48.11883171282429],[-107.30125338152747,48.1188137122192],[-107.30121965027865,48.118805435330586],[-107.30120692352463,48.11881911026131],[-107.30118002866377,48.1188151590266],[-107.3011677526778,48.11883773765173],[-107.30115418140875,48.11883351832254],[-107.30115927189799,48.118797694600886],[-107.30113925800131,48.118798140156024],[-107.301115855014,48.118870039966254],[-107.30122583426476,48.118943762177565],[-107.30125816882487,48.118920809049214],[-107.30124449603075,48.11891215770111],[-107.30126420525788,48.11890731156725],[-107.30126381151817,48.11889832099449],[-107.3012771351479,48.11889805289401],[-107.30127678598076,48.11888913345206],[-107.30129045877943,48.11889778479166],[-107.30136830531384,48.11884710727223],[-107.30133531690652,48.118856740417456],[-107.3013675052941,48.11882928414512],[-107.30139390482907,48.118824260503644]],[[-107.30119519980336,48.118855024611385],[-107.30119614578025,48.11887735090316],[-107.30120877109087,48.11885924393603],[-107.30119519980336,48.118855024611385]],[[-107.30116834949726,48.1188511445003],[-107.30118132395192,48.11884195697922],[-107.3011677526778,48.11883773765173],[-107.30116834949726,48.1188511445003]],[[-107.30118306984919,48.118882106408634],[-107.30118366667335,48.118895513268285],[-107.30119664114306,48.118886325737016],[-107.30118306984919,48.118882106408634]],[[-107.30119419676252,48.11883278519412],[-107.30120832030043,48.11885034023602],[-107.3012206979116,48.118827745864614],[-107.30120692352463,48.11881911026131],[-107.30119419676252,48.11883278519412]]]]}"
00000000000000000b5a,8815,0,0,0,"{""type"":""Polygon"",""coordinates"":[[[-107.30187031498248,48.11843954948383],[-107.30186407563244,48.11844863062888],[-107.30183718076806,48.11844467960634],[-107.30151811461481,48.118468953987026],[-107.30151302452823,48.11850477749351],[-107.30146841468932,48.11855030904839],[-107.30147644494285,48.11858144822358],[-107.30182665186462,48.11850740725796],[-107.30190369697118,48.11843890672511],[-107.30187031498248,48.11843954948383]]]}"
00000000000000000b46,8816,0,0,0,"{""type"":""MultiPolygon"",""coordinates"":[[[[-107.30200629622645,48.11834748838682],[-107.3019463118003,48.11834873868866],[-107.3019600863098,48.11835737410543],[-107.30196078499326,48.1183752127966],[-107.30200714114844,48.11836538246501],[-107.30200769370883,48.118378718051815],[-107.30202081404857,48.11837403361176],[-107.3020204646922,48.118365114266204],[-107.30203378823778,48.1183648460655],[-107.30202750435349,48.118373856079195],[-107.30207940101785,48.11834155360167],[-107.3020329433027,48.118346951988045],[-107.30200629622645,48.11834748838682]],[[-107.30204002754206,48.11835576492504],[-107.30205959038612,48.1183464155817],[-107.3020329433027,48.118346951988045],[-107.30204002754206,48.11835576492504]]],[[[-107.30196078499326,48.1183752127966],[-107.30190669055227,48.11835846259106],[-107.30190654441871,48.118353959486534],[-107.30187320708215,48.11835467337135],[-107.30186043606992,48.11836827713539],[-107.301859883563,48.11835494154903],[-107.30145399634087,48.11837642795663],[-107.30146826597067,48.11839848591758],[-107.30150314633522,48.1184335050016],[-107.30151786689133,48.11846446660744],[-107.30151811461481,48.118468953987026],[-107.30183718076806,48.11844467960634],[-107.30184331857366,48.118431166480356],[-107.30187680209761,48.11843495571465],[-107.30187031498248,48.11843954948383],[-107.30190369697118,48.11843890672511],[-107.30192305666884,48.11842514114772],[-107.3019224595634,48.118411734419745],[-107.30195579696861,48.1184110205153],[-107.30198827698852,48.11839257049788],[-107.30196078499326,48.1183752127966]],[[-107.3018541967319,48.11837735826719],[-107.30186128091981,48.11838617122377],[-107.30187425512982,48.118376983696436],[-107.3018541967319,48.11837735826719]],[[-107.30183603119771,48.11841793726931],[-107.30181642373017,48.11842721545279],[-107.30184331857366,48.118431166480356],[-107.30183603119771,48.11841793726931]]]]}"
00000000000000000b2b,8817,0,0,0,"{""type"":""Polygon"",""coordinates"":[[[-107.30199606769274,48.11826729685486],[-107.30200235156181,48.118258286861874],[-107.30146996507804,48.118286796451315],[-107.30147031430145,48.11829571578897],[-107.3014385773081,48.11833207541148],[-107.30145399634087,48.11837642795663],[-107.301859883563,48.11835494154903],[-107.30187320708215,48.11835467337135],[-107.30190654441871,48.118353959486534],[-107.3019190676415,48.118335868354166],[-107.3019463118003,48.11834873868866],[-107.30200629622645,48.11834748838682],[-107.3020329433027,48.118346951988045],[-107.30207940101785,48.11834155360167],[-107.30212530613915,48.11832281961886],[-107.30217091885434,48.11829952713178],[-107.30217615446375,48.11826820684211],[-107.30215574666902,48.11825966214906],[-107.30213803249765,48.1183091447054],[-107.302072113553,48.11832832443335],[-107.30207800347236,48.11831032396139],[-107.30207096380572,48.118301582162815],[-107.30210325297361,48.118278557922785],[-107.30209596550836,48.118265328772154],[-107.3021157760991,48.118260466793146],[-107.30211542671786,48.118251547467835],[-107.30200894020625,48.11825812506821],[-107.30201622763232,48.118271354224646],[-107.30199606769274,48.11826729685486]],[[-107.30201707256121,48.11828924827666],[-107.3020299450807,48.118280076483224],[-107.30201622763232,48.118271354224646],[-107.30201707256121,48.11828924827666]],[[-107.30200454939039,48.11830733940448],[-107.30201173518391,48.11832058431017],[-107.3020313425866,48.11831130610724],[-107.30200454939039,48.11830733940448]],[[-107.30200629622645,48.11834748838682],[-107.30201906719824,48.11833388460977],[-107.30200524809705,48.11832517807776],[-107.30200629622645,48.11834748838682]],[[-107.30179067457512,48.11829823934414],[-107.3017570895756,48.11829446582193],[-107.30176437689738,48.118307695009285],[-107.30179067457512,48.11829823934414]],[[-107.30200454939039,48.11830733940448],[-107.30201707256121,48.11828924827666],[-107.30199052709827,48.11829421663998],[-107.3019711674841,48.118307982194594],[-107.30200454939039,48.11830733940448]]]}"
00000000000000000b2a,8818,0,0,0,"{""type"":""Polygon"",""coordinates"":[[[-107.3021015060266,48.11823840899766],[-107.30207520838036,48.11824786473646],[-107.30202795042663,48.11823544019646],[-107.30204611568084,48.11819486130595],[-107.30204596952878,48.118190358216125],[-107.30183917942237,48.11819007118053],[-107.30182620527873,48.118199258668774],[-107.30182585596712,48.118190339351024],[-107.3014522028757,48.11818888837851],[-107.30145349838841,48.11821568600254],[-107.30145419682931,48.118233524655494],[-107.30146996507804,48.118286796451315],[-107.30200235156181,48.118258286861874],[-107.30200883863628,48.118253693100634],[-107.30200894020625,48.11825812506821],[-107.30211542671786,48.118251547467835],[-107.30212131660315,48.11823354702036],[-107.3021015060266,48.11823840899766]],[[-107.30201322943307,48.118204478814874],[-107.30199975980166,48.11820024391949],[-107.30200035693993,48.118213650592224],[-107.30201322943307,48.118204478814874]],[[-107.30198818314298,48.11824066101444],[-107.30194137625044,48.1182371400176],[-107.30195529685982,48.11825027851278],[-107.30198818314298,48.11824066101444]],[[-107.30192031440932,48.11821527546314],[-107.30190010995489,48.118211146948106],[-107.30190744190261,48.11822444723024],[-107.30192031440932,48.11821527546314]],[[-107.30190779123359,48.118233366552985],[-107.30188763135044,48.11822930916191],[-107.3018949187189,48.11824253832177],[-107.30190779123359,48.118233366552985]],[[-107.3018205630394,48.11822174644607],[-107.30182785037732,48.11823497560989],[-107.30184082453418,48.11822578811484],[-107.3018205630394,48.11822174644607]],[[-107.3018205630394,48.11822174644607],[-107.30182016915302,48.11821275599654],[-107.30180719499894,48.118221943486446],[-107.3018205630394,48.11822174644607]],[[-107.30176003894631,48.11820950307747],[-107.30173977748728,48.11820546139197],[-107.3017470647873,48.1182186905588],[-107.30176003894631,48.11820950307747]],[[-107.30173374133483,48.118218958716575],[-107.30171358151753,48.118214901288354],[-107.3017207671696,48.118228146196145],[-107.30173374133483,48.118218958716575]]]}"
00000000000000000b20,8819,0,0,0,"{""type"":""Polygon"",""coordinates"":[[[-107.30201772184978,48.11815524883881],[-107.30201168578944,48.11816874616567],[-107.30195060897,48.118147615096625],[-107.30199002678894,48.118133474999844],[-107.30196243340566,48.11811168542433],[-107.30192929946652,48.118116815539686],[-107.30192221530186,48.11810800263267],[-107.30190889186427,48.11810827081384],[-107.30190924119736,48.11811719011682],[-107.3018955684285,48.118108538993106],[-107.30183543833206,48.118105286124944],[-107.30181597716178,48.11811906733312],[-107.30180205666763,48.118105928847605],[-107.3015348900048,48.118097900850124],[-107.30153513773246,48.11810238819827],[-107.30150315324032,48.11813426035139],[-107.3014781512268,48.11817051350505],[-107.3014522028757,48.11818888837851],[-107.30182585596712,48.118190339351024],[-107.30183917942237,48.11819007118053],[-107.30204596952878,48.118190358216125],[-107.30203868210262,48.11817712908234],[-107.30204541695029,48.11817702267778],[-107.30201772184978,48.11815524883881]],[[-107.3019309000938,48.118152461292595],[-107.30191063860795,48.11814841964825],[-107.30191797055025,48.11816171991385],[-107.3019309000938,48.118152461292595]],[[-107.30183638472715,48.11812761208143],[-107.30181622492402,48.11812355468149],[-107.30182341060659,48.118136799557796],[-107.30183638472715,48.11812761208143]],[[-107.301811338374,48.118163794183516],[-107.30179107692216,48.11815975251218],[-107.30179840881372,48.118173052791086],[-107.301811338374,48.118163794183516]],[[-107.3017648809838,48.11816919241358],[-107.30177211122745,48.1181825084335],[-107.30178508537035,48.11817332095552],[-107.3017648809838,48.11816919241358]],[[-107.3017648809838,48.11816919241358],[-107.30176443004883,48.11816028883671],[-107.30175155754657,48.118169460573185],[-107.3017648809838,48.11816919241358]],[[-107.30189167296751,48.11817117558693],[-107.30187046506975,48.11814480796036],[-107.30185699549702,48.118140573048244],[-107.30184447232823,48.118158664103944],[-107.30189167296751,48.11817117558693]],[[-107.30175584710886,48.11811581441332],[-107.30173543958655,48.1181072696487],[-107.30172979731775,48.11812975738206],[-107.30174347003003,48.11813840853433],[-107.30175584710886,48.11811581441332]]]}"
00000000000000000b22,8820,0,0,0,"{""type"":""GeometryCollection"",""geometries"":[{""type"":""LineString"",""coordinates"":[[-107.3019086902651,48.11810381529507],[-107.30190888971147,48.11810827766176],[-107.30191555391356,48.118108144111744],[-107.30192221811559,48.11810801056134]]},{""type"":""Polygon"",""coordinates"":[[[-107.3018675241855,48.11807784583642],[-107.30188004731505,48.11805975480652],[-107.30181283318873,48.11804768902324],[-107.30180609838138,48.118047795410185],[-107.30176672524391,48.11806200653341],[-107.30174551751864,48.11803563892959],[-107.30159756321567,48.11800735905252],[-107.30157875611282,48.1180344599559],[-107.3015348900048,48.118097900850124],[-107.30180205666763,48.118105928847605],[-107.30178828230626,48.11809729344569],[-107.30183543833206,48.118105286124944],[-107.3018955684285,48.118108538993106],[-107.30190864409053,48.11810378346731],[-107.30190809156021,48.118090447948916],[-107.3018675241855,48.11807784583642]],[[-107.30178064570524,48.118075145013904],[-107.30176048594859,48.11807108760511],[-107.30174816595105,48.11809359484288],[-107.301768573472,48.118102139602605],[-107.30178064570524,48.118075145013904]]]}]}"
00000000000000000b25,8821,0,0,0,"{""type"":""MultiPolygon"",""coordinates"":[[[[-107.30162691177141,48.11791737316686],[-107.30162057084249,48.11792646994054],[-107.30160380252711,48.117998278002005],[-107.30159756321567,48.11800735905252],[-107.30174551751864,48.11803563892959],[-107.30173868117875,48.118031313361705],[-107.30176982063995,48.1179815472395],[-107.30162691177141,48.11791737316686]]],[[[-107.30183239587025,48.11803833978515],[-107.30181283318873,48.11804768902324],[-107.30188004731505,48.11805975480652],[-107.30188653435864,48.11805516107167],[-107.30189297682452,48.11805049620919],[-107.30187201675521,48.11802861598188],[-107.30187176898555,48.11802412864194],[-107.30182416216975,48.11800278475725],[-107.30181742736971,48.11800289114471],[-107.30178573544802,48.11803932179468],[-107.30182510856167,48.11802511067041],[-107.30183239587025,48.11803833978515]],[[-107.30184491899671,48.118020248773504],[-107.30183134783687,48.11801602960294],[-107.30182510856167,48.11802511067041],[-107.30184491899671,48.118020248773504]]]]}"
00000000000000000b26,8822,0,0,0,"{""type"":""MultiPolygon"",""coordinates"":[[[[-107.30186472943087,48.11801538687298],[-107.30185789307149,48.118011061315755],[-107.30182416216975,48.11800278475725],[-107.30187176898555,48.11802412864194],[-107.30186472943087,48.11801538687298]]],[[[-107.30148914453464,48.11752265352115],[-107.30148959541026,48.11753155699283],[-107.30147701528873,48.117549734651284],[-107.30149078934022,48.117558370015814],[-107.30151743570391,48.11755783378638],[-107.30148914453464,48.11752265352115]]],[[[-107.30174427498861,48.11785698840193],[-107.30170465431425,48.117866712115365],[-107.30167895398333,48.11788957426611],[-107.30165275824665,48.11789901408326],[-107.30162691177141,48.11791737316686],[-107.30176982063995,48.1179815472395],[-107.30176957288263,48.11797705990302],[-107.30180295441961,48.11797641719647],[-107.30182336190413,48.1179849619264],[-107.3018362913916,48.11797570335046],[-107.30174427498861,48.11785698840193]]]]}"
00000000000000000b28,8823,0,0,0,"{""type"":""MultiPolygon"",""coordinates"":[[[[-107.30185789307149,48.118011061315755],[-107.30186472943087,48.11801538687298],[-107.30186448166202,48.11801089953415],[-107.30185789307149,48.118011061315755]]],[[[-107.30179487922055,48.117498648039714],[-107.30182222435121,48.1175115024852],[-107.30181458781152,48.11748935430134],[-107.30178804296342,48.11749432251744],[-107.30179487922055,48.117498648039714]]],[[[-107.30187590771808,48.117818661222785],[-107.30184287570118,48.11782377553608],[-107.30179697122425,48.11784250918956],[-107.30174427498861,48.11785698840193],[-107.3018362913916,48.11797570335046],[-107.30186837712311,48.117948263132384],[-107.30189482067715,48.11794331057888],[-107.30187590771808,48.117818661222785]]],[[[-107.30182222435121,48.1175115024852],[-107.30180925045971,48.117520689846174],[-107.3017751707109,48.11750349413457],[-107.30178804296342,48.11749432251744],[-107.30178120670834,48.11748999699497],[-107.30173370218915,48.11747308516542],[-107.30171039892168,48.11739765035081],[-107.30160496319522,48.11742653724999],[-107.30151285057218,48.11745515593666],[-107.30148834441923,48.117504830846464],[-107.30148914453464,48.11752265352115],[-107.30151743570391,48.11755783378638],[-107.30153075888845,48.11755756566881],[-107.30155785615477,48.11756593290477],[-107.30165146782315,48.1175729752139],[-107.30166643600687,48.1176084235984],[-107.30167975923067,48.11760815545889],[-107.30169308245627,48.11760788731749],[-107.30170640568366,48.11760761917419],[-107.30172761315907,48.11763398657832],[-107.30176134367693,48.117642263122455],[-107.3017750162338,48.11765091419395],[-107.30181603403814,48.11767241974856],[-107.3018591925233,48.11774306417958],[-107.30182222435121,48.1175115024852]]]]}"
00000000000000000b27,8824,0,0,0,"{""type"":""Polygon"",""coordinates"":[[[-107.30200165801602,48.11764641068193],[-107.30190415819553,48.117554529170796],[-107.30191019416506,48.11754103201068],[-107.30190300853795,48.117527787289546],[-107.30182766324626,48.11748459884837],[-107.30181458781152,48.11748935430134],[-107.30182222435121,48.1175115024852],[-107.3018591925233,48.11774306417958],[-107.30188649329064,48.117755847533836],[-107.30190076304562,48.1177779051669],[-107.30193568804042,48.117812994806236],[-107.30191608091026,48.11782227289476],[-107.30187590771808,48.117818661222785],[-107.30189482067715,48.11794331057888],[-107.30194776484815,48.11793331858742],[-107.30198124797889,48.11793710775935],[-107.30205879446467,48.11773010647356],[-107.30204477234159,48.11771698385679],[-107.30204986176061,48.11768116087581],[-107.30205634872469,48.11767656716457],[-107.30205435399633,48.11763193139264],[-107.30200165801602,48.11764641068193]]]}"
000000000000000009f3,8825,0,0,0,"{""type"":""MultiPolygon"",""coordinates"":[[[[-107.30196243340566,48.11811168542433],[-107.30199002678894,48.118133474999844],[-107.30200320409972,48.11812870372203],[-107.30199591670207,48.11811547459978],[-107.3020021559649,48.11810639350593],[-107.30196243340566,48.11811168542433]]],[[[-107.3020302003803,48.11813708663554],[-107.30201772184978,48.11815524883881],[-107.30204541695029,48.11817702267778],[-107.30207121895639,48.11815859226031],[-107.3020837420466,48.11814050117702],[-107.30211003961448,48.11813104545718],[-107.30213623553846,48.11812160546875],[-107.30213528896,48.11809927952243],[-107.3020302003803,48.11813708663554]]],[[[-107.30209486941692,48.117791938015564],[-107.30208798847485,48.11778754136608],[-107.30208778525387,48.117783125175194],[-107.30206573239623,48.11773886391703],[-107.30205879446467,48.11773010647356],[-107.30198124797889,48.11793710775935],[-107.30203499253898,48.1179449385277],[-107.30208668534452,48.117908220124434],[-107.3021602403531,48.11791118887714],[-107.30209486941692,48.117791938015564]]],[[[-107.30229008138083,48.11813188411141],[-107.30223723844924,48.11814186060279],[-107.3022449199482,48.1181640801458],[-107.30221887016235,48.11817802326003],[-107.30220494944328,48.11816488482395],[-107.30219162594524,48.118165153046206],[-107.30217830244898,48.11816542126656],[-107.30216592554869,48.11818801545886],[-107.30211907403489,48.11818442342571],[-107.30213394129036,48.118219887868285],[-107.30220010785995,48.11820519549522],[-107.30223533844674,48.118249133485996],[-107.30222316477419,48.1182761439531],[-107.30224322319644,48.11827576930531],[-107.3022428737844,48.11826684997866],[-107.3022565467415,48.11827550107414],[-107.30230984093967,48.11827442813047],[-107.3023095931174,48.11826994077204],[-107.30230784594309,48.118229791863016],[-107.30230100946147,48.11822546632284],[-107.30228060163202,48.118216921664164],[-107.30230689926374,48.118207465875],[-107.30230550151715,48.118176236322796],[-107.3022852398931,48.118172194759254],[-107.30230529827247,48.118171820100315],[-107.30230470102138,48.11815841344301],[-107.30229112969086,48.11815419433075],[-107.30230445319907,48.11815392609447],[-107.30229008138083,48.11813188411141]],[[-107.30223878231497,48.118177593224466],[-107.30223254307968,48.118186674345324],[-107.30221273251864,48.118191536340866],[-107.30224666705753,48.11820422900744],[-107.3022525568781,48.11818622856976],[-107.30223878231497,48.118177593224466]]]]}"
00000000000000000b23,8826,0,0,0,"{""type"":""GeometryCollection"",""geometries"":[{""type"":""Point"",""coordinates"":[-107.3023308104438,48.117997095277914]},{""type"":""LineString"",""coordinates"":[[-107.3023042718383,48.11814948356989],[-107.30230447131927,48.11815394593532]]},{""type"":""Polygon"",""coordinates"":[[[-107.30229008138083,48.11813188411141],[-107.30230424995436,48.11814950987386],[-107.30231034298501,48.11813592567133],[-107.30229008138083,48.11813188411141]]]},{""type"":""Polygon"",""coordinates"":[[[-107.30206573239623,48.11773886391703],[-107.30208778525387,48.117783125175194],[-107.30209367505326,48.117765124891974],[-107.30206573239623,48.11773886391703]]]},{""type"":""Polygon"",""coordinates"":[[[-107.30206104416976,48.11763175386357],[-107.30205435399633,48.11763193139264],[-107.30205634872469,48.11767656716457],[-107.30208239815366,48.11766262423654],[-107.30208913291119,48.117662517832244],[-107.30206104416976,48.11763175386357]]]},{""type"":""Polygon"",""coordinates"":[[[-107.30222855405431,48.1177981594075],[-107.30218938439941,48.11781678682313],[-107.30214921106385,48.11781317526961],[-107.30209486941692,48.117791938015564],[-107.3021602403531,48.11791118887714],[-107.30222016714808,48.117910025330445],[-107.30230540011753,48.11787700904291],[-107.30222855405431,48.1177981594075]]]}]}"
00000000000000000b21,8827,0,0,0,"{""type"":""MultiPolygon"",""coordinates"":[[[[-107.30231961939907,48.11774722976489],[-107.30222855405431,48.1177981594075],[-107.30230540011753,48.11787700904291],[-107.30233169750105,48.11786755331437],[-107.30237985092484,48.11775046657577],[-107.30231961939907,48.11774722976489]]],[[[-107.3022536508259,48.11761457287467],[-107.30218120163724,48.11763382733513],[-107.30216118815183,48.11763427308318],[-107.30214113009372,48.11763464770001],[-107.30212745740134,48.11762599668681],[-107.30210704996607,48.117617452078655],[-107.30206104416976,48.11763175386357],[-107.30208913291119,48.117662517832244],[-107.30217590911597,48.11766523410701],[-107.30220819766394,48.11764221012607],[-107.30226069043641,48.11762331454704],[-107.3022536508259,48.11761457287467]]]]}"
00000000000000000588,8828,0,0,0,"{""type"":""Polygon"",""coordinates"":[[[-107.3025454178799,48.11772483105521],[-107.30249232760752,48.11773032028589],[-107.30247146883713,48.117712872250785],[-107.30240649767839,48.117749930087506],[-107.30237985092484,48.11775046657577],[-107.30233169750105,48.11786755331437],[-107.30235210517047,48.11787609790944],[-107.30235305188944,48.117898423755285],[-107.30235430349805,48.11792515007478],[-107.30235490077222,48.1179385566717],[-107.30238035308572,48.11791120699588],[-107.30238698627231,48.11791111630541],[-107.30256682948634,48.11775561449674],[-107.30256662620721,48.11775119831102],[-107.3025454178799,48.11772483105521]],[[-107.30251957171724,48.11774319031059],[-107.3024995581012,48.117743636133476],[-107.30250659781015,48.11775237780675],[-107.30251957171724,48.11774319031059]]]}"
00000000000000000b2c,8829,0,0,0,"{""type"":""MultiPolygon"",""coordinates"":[[[[-107.30231034298501,48.11813592567133],[-107.30230424995436,48.11814950987386],[-107.30232406050078,48.11814464786367],[-107.30231034298501,48.11813592567133]]],[[[-107.30230550151715,48.118176236322796],[-107.30230689926374,48.118207465875],[-107.30231882503531,48.11817596808416],[-107.30230550151715,48.118176236322796]]],[[[-107.30231153749219,48.11816273897769],[-107.30230470102138,48.11815841344301],[-107.30230529827247,48.118171820100315],[-107.30231837396505,48.118167064512186],[-107.30231153749219,48.11816273897769]]],[[[-107.30238035308572,48.11791120699588],[-107.30235490077222,48.1179385566717],[-107.30235525021658,48.11794747594144],[-107.30233080162627,48.11799706465464],[-107.30236049197185,48.1180634744187],[-107.30237960355744,48.1180452215157],[-107.30241413538137,48.11807132071805],[-107.30237476218281,48.11808553209874],[-107.30237556271479,48.11810335495232],[-107.30238439428601,48.118152316637016],[-107.30236448211622,48.118152746703025],[-107.30235115859992,48.11815301494784],[-107.30233169748176,48.11816679627184],[-107.30235879560055,48.11817516335687],[-107.30234631716996,48.118193325613504],[-107.30235974231279,48.11819748932981],[-107.30234666660834,48.11820224492665],[-107.3023406306358,48.11821574228404],[-107.30233334307681,48.11820251316963],[-107.30232685602843,48.11820710694768],[-107.30231493024989,48.11823860475836],[-107.30230784594309,48.118229791863016],[-107.30230949151137,48.11826550880469],[-107.30250649766126,48.118047188122475],[-107.30251238734051,48.11802918772618],[-107.30249212572556,48.11802514621741],[-107.3025181753756,48.11801120307298],[-107.30255475255821,48.11793453283825],[-107.30252800399464,48.11793063743587],[-107.30252091967164,48.117921824608295],[-107.30256103626667,48.11792552286977],[-107.30262735366756,48.11776785724834],[-107.30265789460212,48.11770468458001],[-107.30262521202049,48.11771871838168],[-107.30262640677634,48.11774553146503],[-107.30256662620721,48.11775119831102],[-107.30238698627231,48.11791111630541],[-107.30238035308572,48.11791120699588]],[[-107.30259407366214,48.1177684845048],[-107.30260115798276,48.117777297301316],[-107.30262735366756,48.11776785724834],[-107.30259407366214,48.1177684845048]],[[-107.30241548209187,48.11795071273341],[-107.30242256638634,48.117959525574335],[-107.30244896546078,48.117954501737294],[-107.30241548209187,48.11795071273341]],[[-107.3024198218449,48.11804890410653],[-107.30242710941721,48.118062133175385],[-107.30245330530322,48.1180526931137],[-107.3024198218449,48.11804890410653]],[[-107.30240569780945,48.11803134952322],[-107.30241273753646,48.118040091250776],[-107.3024192245492,48.11803549748242],[-107.30240569780945,48.11803134952322]],[[-107.30239562107631,48.11810298027544],[-107.30240260375162,48.1181118088799],[-107.30240909077831,48.11810721510562],[-107.30239562107631,48.11810298027544]],[[-107.3024345935986,48.11793245986061],[-107.302453603463,48.11790977505406],[-107.30248778577452,48.11792695489697],[-107.30251398156418,48.11791751484543],[-107.30245300615198,48.11789636846602],[-107.30244651916699,48.1179009622238],[-107.30238698627231,48.11791111630541],[-107.3024345935986,48.11793245986061]]]]}"
000000000000000009e9,8830,0,0,0,"{""type"":""GeometryCollection"",""geometries"":[{""type"":""LineString"",""coordinates"":[[-107.30297320942665,48.1175956373307],[-107.30297946992695,48.11758658558487]]},{""type"":""Polygon"",""coordinates"":[[[-107.30251238734051,48.11802918772618],[-107.30250649766126,48.118047188122475],[-107.30252585704751,48.118033422533884],[-107.30252571083521,48.11802891946015],[-107.30251238734051,48.11802918772618]]]},{""type"":""Polygon"",""coordinates"":[[[-107.30252571083521,48.11802891946015],[-107.3025390343317,48.118028651192226],[-107.30289497268106,48.117784785623265],[-107.30288813616278,48.117780460162464],[-107.30289476936242,48.117780369436794],[-107.30290769866171,48.117771110757225],[-107.3029140839613,48.117766532718285],[-107.30293274395171,48.11773492866612],[-107.30297320942665,48.1175956373307],[-107.30297321367004,48.11759562272393],[-107.30291238445626,48.11757897980048],[-107.30288124651833,48.11762874587387],[-107.30286133452464,48.11762917603427],[-107.30282980234469,48.11766995179508],[-107.30280954081503,48.117665910378804],[-107.30278349144449,48.117679853503695],[-107.30277002179328,48.11767561875923],[-107.30274397241226,48.117689561876226],[-107.30273040113089,48.11768534286248],[-107.3027173256064,48.11769009845894],[-107.30270375433189,48.11768587944122],[-107.30266462940895,48.11770457813397],[-107.30265789460212,48.11770468458001],[-107.30256103626667,48.11792552286977],[-107.30256772652852,48.117925345302126],[-107.3025751603649,48.11794307739327],[-107.30255475255821,48.11793453283825],[-107.3025181753756,48.11801120307298],[-107.30252491022787,48.11801109663498],[-107.30252571083521,48.11802891946015]],[[-107.30284526769941,48.117718822297356],[-107.3028523075127,48.11772756393849],[-107.30286528137523,48.11771837640103],[-107.30284526769941,48.117718822297356]],[[-107.30283519190971,48.117790452645984],[-107.30284886493136,48.11779910357701],[-107.30284851536447,48.11779018433735],[-107.30283519190971,48.117790452645984]],[[-107.30275445049288,48.11777423971805],[-107.3027685746628,48.11779179416074],[-107.30281478406411,48.117781908172084],[-107.30275445049288,48.11777423971805]],[[-107.30275315400682,48.1177474423613],[-107.30276023837426,48.11775625514135],[-107.30277321225691,48.11774706761082],[-107.30275315400682,48.1177474423613]],[[-107.30275640148868,48.11781880444792],[-107.302763485869,48.117827617239364],[-107.30277635814039,48.1178184454326],[-107.30275640148868,48.11781880444792]],[[-107.30264901324938,48.11780312801022],[-107.30265609759313,48.11781194080791],[-107.30266892529161,48.11780269789125],[-107.30264901324938,48.11780312801022]],[[-107.30255036251987,48.11798374687685],[-107.30255804420977,48.118005966323125],[-107.30257052249429,48.11798780410738],[-107.30255036251987,48.11798374687685]],[[-107.30253798586588,48.118006341032824],[-107.30253114937832,48.11800201552759],[-107.30252491022787,48.11801109663498],[-107.30253798586588,48.118006341032824]],[[-107.30287516227935,48.117789647714396],[-107.30287436149484,48.11777182497775],[-107.30288733537168,48.117762637429216],[-107.30287965349211,48.117740418116966],[-107.30279217730204,48.11772431169653],[-107.30277945131314,48.117737986535275],[-107.30281987280065,48.11774608512332],[-107.30282061650024,48.1177639947165],[-107.30280749636702,48.11776867920635],[-107.30282106769828,48.117772898214604],[-107.30282141725876,48.1177818174516],[-107.30284806415995,48.1177812808366],[-107.30284851536447,48.11779018433735],[-107.30287516227935,48.117789647714396]]]}]}"
00000000000000000b24,8831,0,0,0,"{""type"":""GeometryCollection"",""geometries"":[{""type"":""LineString"",""coordinates"":[[-107.30255839024046,48.118014865360365],[-107.30254546086822,48.1180240572637],[-107.30253899618036,48.11802865321486]]},{""type"":""LineString"",""coordinates"":[[-107.30230965784125,48.118269967434614],[-107.30230985732352,48.11827442979993],[-107.30231005680585,48.11827889216522]]},{""type"":""Polygon"",""coordinates"":[[[-107.30290769866171,48.117771110757225],[-107.30289476936242,48.117780369436794],[-107.302908092822,48.117780101119806],[-107.30290769866171,48.117771110757225]]]},{""type"":""Polygon"",""coordinates"":[[[-107.30284322333135,48.11782159122707],[-107.30286278585443,48.11781224182306],[-107.30286268417751,48.11780780989669],[-107.30284322333135,48.11782159122707]]]},{""type"":""Polygon"",""coordinates"":[[[-107.302908092822,48.117780101119806],[-107.3029018092014,48.117789111083866],[-107.30289497268106,48.117784785623265],[-107.30286268417751,48.11780780989669],[-107.30288284416301,48.117811867047706],[-107.30286443198847,48.1178479584572],[-107.30284322333135,48.11782159122707],[-107.30255839370261,48.11801488560232],[-107.30259117819473,48.118000836000235],[-107.30261213884157,48.11802271604421],[-107.30258584133317,48.11803217188069],[-107.3025731151808,48.1180458467763],[-107.30253254732635,48.11803324496791],[-107.30252585704751,48.118033422533884],[-107.30250649766126,48.118047188122475],[-107.3023095931174,48.11826994077204],[-107.3023231644937,48.11827415988982],[-107.30231692525453,48.118283241032934],[-107.30245295664717,48.118343017766456],[-107.30287950329297,48.11788783873391],[-107.30285250673985,48.11787945610609],[-107.3028850432084,48.11786091912275],[-107.30291457976085,48.117775507342536],[-107.302908092822,48.117780101119806]],[[-107.30258459678079,48.118152764304156],[-107.30259182738153,48.118166080249075],[-107.30260475685638,48.11815682153797],[-107.30258459678079,48.118152764304156]],[[-107.30239392479584,48.11821466929586],[-107.30237551200801,48.118250760903564],[-107.30240844291536,48.11824121438752],[-107.30241373538595,48.11820980726001],[-107.30239392479584,48.11821466929586]],[[-107.3024027564044,48.11826363108156],[-107.30239003012285,48.11827730601635],[-107.3024107874867,48.11829476998771],[-107.3024231643143,48.11827217571979],[-107.3024027564044,48.11826363108156]],[[-107.3024205718866,48.118214132790385],[-107.30243529328924,48.118245094104765],[-107.30244721898454,48.11821359627734],[-107.3024399313793,48.11820036717273],[-107.30244606895785,48.11818685407675],[-107.30241917404314,48.11818290323833],[-107.30241373538595,48.11820980726001],[-107.3024205718866,48.118214132790385]]]}]}"
00000000000000000b34,8832,0,0,0,"{""type"":""Polygon"",""coordinates"":[[[-107.30296773745428,48.118368417252135],[-107.30302836465438,48.11838064412066],[-107.30299772560154,48.118291908197094],[-107.30298924274243,48.11825186577652],[-107.30298230448675,48.11824755602424],[-107.30294173609519,48.118234954354186],[-107.30294622733747,48.118185724335895],[-107.30296558673352,48.11817195862206],[-107.30288644146594,48.11789214846625],[-107.30287950329297,48.11788783873391],[-107.30245295664717,48.118343017766456],[-107.30249397587635,48.11836452327811],[-107.30260280802892,48.11841150081325],[-107.30262341938952,48.11842446167037],[-107.30262990646344,48.11841986785263],[-107.30263709254747,48.118433112732454],[-107.30267057645106,48.118436901680184],[-107.30275101421017,48.11844426662606],[-107.3027774136879,48.11843924264206],[-107.30281823004898,48.118456331799486],[-107.30282457087351,48.11844723485762],[-107.3028441337424,48.11843788533737],[-107.30283659804145,48.11842016884353],[-107.30281019856804,48.118425192841876],[-107.30281588489407,48.11840277605947],[-107.30288954320864,48.11841017621635],[-107.30289687562315,48.11842347646136],[-107.30290371225362,48.118427801971585],[-107.3029166863729,48.118418614298285],[-107.30302347928709,48.11842088385119],[-107.30303680299481,48.11842061550677],[-107.30302846634578,48.118385076094775],[-107.30299603105064,48.11840359758562],[-107.30298245945023,48.11839937855834],[-107.30295605996854,48.11840440259504],[-107.30293495262816,48.118382467089624],[-107.302947577145,48.118364360084215],[-107.30296773745428,48.118368417252135]],[[-107.30298415404013,48.118287689178025],[-107.30298475153793,48.118301095857795],[-107.30299772560154,48.118291908197094],[-107.30298415404013,48.118287689178025]],[[-107.30300007103244,48.118345463812716],[-107.30300042062782,48.1183543831453],[-107.30301339470978,48.11834519547271],[-107.30300007103244,48.118345463812716]],[[-107.30298415404013,48.118287689178025],[-107.30297711409301,48.11827894745683],[-107.30296414003213,48.118288135112415],[-107.30298415404013,48.118287689178025]],[[-107.30300007103244,48.118345463812716],[-107.30298614985934,48.11833232545969],[-107.30296658705333,48.11834167498852],[-107.30300007103244,48.118345463812716]],[[-107.30298510113025,48.118310015182985],[-107.30297167578426,48.11830585155044],[-107.30297222869773,48.11831918710763],[-107.30298510113025,48.118310015182985]],[[-107.30294173609519,48.118234954354186],[-107.30292192544344,48.11823981650296],[-107.30293609445229,48.118257442197226],[-107.30294173609519,48.118234954354186]],[[-107.302947577145,48.118364360084215],[-107.30293365599222,48.11835122171833],[-107.30291399153487,48.11836058697781],[-107.302947577145,48.118364360084215]],[[-107.30290760612576,48.11836516507125],[-107.30288754751295,48.11836553986345],[-107.30289463202556,48.1183743527335],[-107.30290760612576,48.11836516507125]],[[-107.30282457087351,48.11844723485762],[-107.30282387179822,48.118433843875614],[-107.30281099930315,48.11844301580181],[-107.30282457087351,48.11844723485762]],[[-107.30270250846765,48.1182531906445],[-107.30268220209086,48.11824907803583],[-107.30268953438842,48.1182623782589],[-107.30270250846765,48.1182531906445]],[[-107.30265924584317,48.11818256170826],[-107.3026390857357,48.11817850448472],[-107.30264637342451,48.11819173356658],[-107.30265924584317,48.11818256170826]],[[-107.30269033506913,48.11828020116602],[-107.30267017489946,48.11827614394308],[-107.30267736097855,48.11828938878379],[-107.30269033506913,48.11828020116602]],[[-107.30269113574975,48.11829802407919],[-107.30267087393149,48.118293982592675],[-107.30267816165258,48.11830721170035],[-107.30269113574975,48.11829802407919]],[[-107.30264562474295,48.11832574878207],[-107.30266543541656,48.11832088668186],[-107.30265176228626,48.11831223564158],[-107.30264562474295,48.11832574878207]],[[-107.30265046589673,48.11828543800677],[-107.30263010245432,48.11827696454511],[-107.30263784130159,48.11829909724152],[-107.30265046589673,48.11828543800677]],[[-107.3025821004178,48.11824663051581],[-107.30256194030213,48.11824257327134],[-107.30256912632875,48.11825581811304],[-107.3025821004178,48.11824663051581]],[[-107.30263275226972,48.11833492066492],[-107.30264607589122,48.11833465237739],[-107.30264562474295,48.11832574878207],[-107.30263230112472,48.11832601706941],[-107.30263275226972,48.11833492066492]],[[-107.30260280802892,48.11841150081325],[-107.30262711043814,48.11835740853733],[-107.30263275226972,48.11833492066492],[-107.30261249045132,48.11833087916324],[-107.30252351371631,48.1182791107675],[-107.30250510098922,48.11831520244278],[-107.30247900653531,48.11832907454232],[-107.30259313091226,48.11834464485106],[-107.3025888870356,48.118398362381505],[-107.30260280802892,48.11841150081325]]]}"
000000000000000009ef,8833,0,0,0,"{""type"":""GeometryCollection"",""geometries"":[{""type"":""LineString"",""coordinates"":[[-107.30296542471977,48.11816749451023],[-107.30296562425812,48.11817195687355]]},{""type"":""Polygon"",""coordinates"":[[[-107.30289167642219,48.11786082839679],[-107.30289083105288,48.117842934509454],[-107.3028850432084,48.11786091912275],[-107.30289167642219,48.11786082839679]]]},{""type"":""Polygon"",""coordinates"":[[[-107.30292501367512,48.11786011416685],[-107.30289167642219,48.11786082839679],[-107.30288644146594,48.11789214846625],[-107.30296544046845,48.118167455538455],[-107.3029850477576,48.118158177170486],[-107.30300241127772,48.11809977533571],[-107.3030609975761,48.11806729491255],[-107.30308764475012,48.11806675822118],[-107.30299187906427,48.11786325985517],[-107.30293219980027,48.1178733588825],[-107.30292501367512,48.11786011416685]],[[-107.30296617915735,48.117886122338525],[-107.30296697998352,48.1179039451121],[-107.3029797059932,48.11789027020478],[-107.30296617915735,48.117886122338525]],[[-107.30292620864515,48.11788692731314],[-107.30295260774764,48.11788190334371],[-107.30293219980027,48.1178733588825],[-107.30292620864515,48.11788692731314]],[[-107.30289352589955,48.11790096125904],[-107.30290695108356,48.117905124874575],[-107.30291323472576,48.11789611488973],[-107.30289352589955,48.11790096125904]],[[-107.30291288514466,48.11788719563421],[-107.30291323472576,48.11789611488973],[-107.3029265582295,48.11789584656848],[-107.30292620864515,48.11788692731314],[-107.30291288514466,48.11788719563421]]]},{""type"":""Polygon"",""coordinates"":[[[-107.30289083105288,48.117842934509454],[-107.30291088938404,48.11784255972746],[-107.30291029190374,48.117829153163704],[-107.30296982487029,48.11781899877132],[-107.30296947527424,48.11781007952947],[-107.30295629806216,48.117814850908594],[-107.30294921362301,48.11780603813501],[-107.30296927194672,48.11780566334125],[-107.30293274395171,48.11773492866612],[-107.3029140839613,48.117766532718285],[-107.3029344918443,48.117775077167614],[-107.30291457976085,48.117775507342536],[-107.30289083105288,48.117842934509454]]]},{""type"":""Polygon"",""coordinates"":[[[-107.30302836465438,48.11838064412066],[-107.30302846634578,48.118385076094775],[-107.30303680299481,48.11842061550677],[-107.30310990860869,48.118414679907126],[-107.303150273978,48.11842286530171],[-107.3031493267911,48.11840053925291],[-107.30312023211474,48.118347536044425],[-107.30309982384615,48.118338991551354],[-107.3030980758079,48.118298842625926],[-107.30306953423614,48.11825917504097],[-107.30298924274243,48.11825186577652],[-107.30300431432094,48.11829174633306],[-107.30302836465438,48.11838064412066]],[[-107.3030694862154,48.118406581361285],[-107.30308246030985,48.11839739366991],[-107.303069136604,48.1183976620205],[-107.3030694862154,48.118406581361285]],[[-107.30302447461062,48.118295803483946],[-107.3030318070661,48.118309103688674],[-107.30305116651789,48.11829533792383],[-107.3030374486682,48.118286615818946],[-107.30303005910069,48.11826895478298],[-107.30300291598203,48.11826051675598],[-107.3030241250085,48.118286884161556],[-107.30300431432094,48.11829174633306],[-107.30302447461062,48.118295803483946]]]}]}"
000000000000000009f0,8834,0,0,0,"{""type"":""Polygon"",""coordinates"":[[[-107.3031329929294,48.11758797078583],[-107.30310624444901,48.117588523214124],[-107.30308004887651,48.11759796336282],[-107.30305295078416,48.11758959657273],[-107.30301263094428,48.117581482369225],[-107.3030319454139,48.117567645682605],[-107.30301158217394,48.1175591724125],[-107.30297949724086,48.11758661278962],[-107.30293274395171,48.11773492866612],[-107.30296927194672,48.11780566334125],[-107.30297586057783,48.11780550148291],[-107.30296947527424,48.11781007952947],[-107.30296982487029,48.11781899877132],[-107.30298314835437,48.11781873044309],[-107.30301572932808,48.117800264565446],[-107.30299846770714,48.1178630979948],[-107.30299187906427,48.11786325985517],[-107.30308764475012,48.11806675822118],[-107.30317386994356,48.118056138072575],[-107.30315235196294,48.11757420519999],[-107.3031329929294,48.11758797078583]],[[-107.3031529563561,48.11788685288538],[-107.30313948653466,48.11788261818044],[-107.30313983617106,48.11789153743295],[-107.3031529563561,48.11788685288538]],[[-107.30313784013335,48.117846901534264],[-107.30312451661725,48.11784716988493],[-107.30312486625053,48.117856089131564],[-107.30313784013335,48.117846901534264]],[[-107.30302481308014,48.11770623730956],[-107.30301148963055,48.117706505642126],[-107.30301188381729,48.117715495992556],[-107.30302481308014,48.11770623730956]],[[-107.30302600812989,48.117733050374106],[-107.30301268467049,48.11773331870722],[-107.30301313591585,48.117742222198025],[-107.30302600812989,48.117733050374106]],[[-107.30301513180841,48.11778685801413],[-107.30300180833125,48.11778712634645],[-107.30300215793554,48.11779604558408],[-107.30301513180841,48.11778685801413]],[[-107.30310520200625,48.11786100666734],[-107.3030848957032,48.11785689417272],[-107.30307890459682,48.11787046260741],[-107.30305929746953,48.11787974093968],[-107.30304088538954,48.11791583242722],[-107.30310649881399,48.11789225174062],[-107.30309926803058,48.11787893590849],[-107.30310520200625,48.11786100666734]]]}"
000000000000000009ec,8835,0,0,0,"{""type"":""GeometryCollection"",""geometries"":[{""type"":""LineString"",""coordinates"":[[-107.30318426178434,48.11754228209527],[-107.30317739826849,48.11753795345505]]},{""type"":""Polygon"",""coordinates"":[[[-107.30333853867847,48.117860769924704],[-107.30334582662235,48.117873998867],[-107.30335291119816,48.11788281161921],[-107.30336503946614,48.11785573010513],[-107.30333853867847,48.117860769924704]]]},{""type"":""Polygon"",""coordinates"":[[[-107.30333853867847,48.117860769924704],[-107.30334467592353,48.117847256866966],[-107.30336503946614,48.11785573010513],[-107.3034331469231,48.117738283789166],[-107.30338249338531,48.11764999510744],[-107.30337645782892,48.11766349237768],[-107.30335545215456,48.117641541535264],[-107.30338234706466,48.117645492070594],[-107.30334666384114,48.11759265157547],[-107.3031842905216,48.11754226174459],[-107.30318426178434,48.11754228209527],[-107.3031713167575,48.11755144929192],[-107.30317171098578,48.11756043961413],[-107.30315235196294,48.11757420519999],[-107.30317386994356,48.118056138072575],[-107.30322032771801,48.11805073916197],[-107.30325381155906,48.11805452788015],[-107.30334038864719,48.11790090276583],[-107.30333369833565,48.117901080388535],[-107.30328060745765,48.117906570089275],[-107.30329288208569,48.117883991628105],[-107.30333853867847,48.117860769924704]],[[-107.30337381728297,48.1177528546361],[-107.30338080020961,48.11776168310419],[-107.30338714080055,48.117752586251235],[-107.30337381728297,48.1177528546361]],[[-107.30336203875352,48.11778885532999],[-107.30336907874049,48.117797596940434],[-107.30337536228235,48.117788586946304],[-107.30336203875352,48.11778885532999]],[[-107.3032937745773,48.11775448064328],[-107.30330085911679,48.117763293380214],[-107.30330709808412,48.1177542122698],[-107.3032937745773,48.11775448064328]],[[-107.30324013090492,48.11774663488979],[-107.30324717084667,48.117755376503304],[-107.30325345440134,48.117746366524074],[-107.30324013090492,48.11774663488979]],[[-107.30321628100504,48.117809630161815],[-107.30322321931176,48.117818387525304],[-107.30322960452068,48.117809361798614],[-107.30321628100504,48.117809630161815]],[[-107.30317546495861,48.117792541375984],[-107.30318289911514,48.117810273367105],[-107.30322231663789,48.11779613286219],[-107.30317546495861,48.117792541375984]],[[-107.30319232938172,48.11787264124336],[-107.30319926761253,48.117876950950354],[-107.30325315937779,48.1178892840624],[-107.3032658853174,48.117875609122706],[-107.30319232938172,48.11787264124336]],[[-107.30334472262552,48.11769985214818],[-107.30333080149525,48.11768671400541],[-107.30328469381415,48.117701032140204],[-107.30325300309731,48.11773746303518],[-107.30328658831299,48.11774123598818],[-107.30332610749954,48.117731527378645],[-107.30334507231471,48.117708771367596],[-107.3033648827149,48.117703909186936],[-107.30334472262552,48.11769985214818]]]}]}"
000000000000000009f2,8836,0,0,0,"{""type"":""Polygon"",""coordinates"":[[[-107.30346094475418,48.11776448894177],[-107.3034331469231,48.117738283789166],[-107.30336503946614,48.11785573010513],[-107.30335291119816,48.11788281161921],[-107.30336728373584,48.11790485332035],[-107.30334038864719,48.11790090276583],[-107.30325381155906,48.11805452788015],[-107.30330735395187,48.11805794171485],[-107.30338694599054,48.11804741213003],[-107.30351907758461,48.11787058087218],[-107.30346094475418,48.11776448894177]]]}"
00000000000000000b2d,8837,0,0,0,"{""type"":""MultiPolygon"",""coordinates"":[[[[-107.3031493267911,48.11840053925291],[-107.303150273978,48.11842286530171],[-107.30317063773376,48.11843133866851],[-107.3031493267911,48.11840053925291]]],[[[-107.30352681697798,48.117892713311925],[-107.30352656900332,48.11788822599309],[-107.30352576790361,48.11787040323645],[-107.30351907758461,48.11787058087218],[-107.30338694599054,48.11804741213003],[-107.30341359324267,48.118046875346316],[-107.30355436565199,48.11806190761681],[-107.30352681697798,48.117892713311925]]]]}"
00000000000000000b32,8838,0,0,0,"{""type"":""GeometryCollection"",""geometries"":[{""type"":""LineString"",""coordinates"":[[-107.30353563016521,48.11794167551593],[-107.30352677055427,48.11789272318019]]},{""type"":""Polygon"",""coordinates"":[[[-107.30352576790361,48.11787040323645],[-107.30352656900332,48.11788822599309],[-107.30354637951795,48.11788336375543],[-107.30352576790361,48.11787040323645]]]},{""type"":""Polygon"",""coordinates"":[[[-107.30359518355179,48.117931519840546],[-107.30357562098686,48.11794086941619],[-107.30353565015662,48.11794167465366],[-107.30355436565199,48.11806190761681],[-107.30356789270427,48.118066055408505],[-107.30369997840911,48.11803662906799],[-107.30371330207477,48.11803636063263],[-107.30359518355179,48.117931519840546]]]}]}"
000000000000000009e5,8839,0,0,0,"{""type"":""MultiPolygon"",""coordinates"":[[[[-107.30415916566687,48.11801405918177],[-107.30401789599611,48.117985605513084],[-107.30401824584499,48.117994524774474],[-107.30410218244768,48.11808218584954],[-107.30417469015178,48.11806284287159],[-107.30420702313637,48.118039889173815],[-107.30425453079062,48.11805679988121],[-107.30415916566687,48.11801405918177]]],[[[-107.3036541637827,48.11790802954647],[-107.30364767685678,48.117912623385],[-107.30361479069146,48.11792224138929],[-107.30359518355179,48.117931519840546],[-107.30371330207477,48.11803636063263],[-107.30373949799211,48.11802692022352],[-107.30377288027483,48.118026276811904],[-107.30382497934967,48.11799838982917],[-107.30381754480533,48.117980657834195],[-107.30383715196541,48.11797137932829],[-107.30384339087934,48.117962298148406],[-107.30387028621632,48.1179662485602],[-107.3038697901831,48.11795727391425],[-107.30388315842553,48.11795707658229],[-107.30388301204607,48.11795257352141],[-107.3036541637827,48.11790802954647]]]]}"
000000000000000009e6,8840,0,0,0,"{""type"":""MultiPolygon"",""coordinates"":[[[[-107.30397407720922,48.11790164216315],[-107.30401789599611,48.117985605513084],[-107.30415916566687,48.11801405918177],[-107.30397407720922,48.11790164216315]]],[[[-107.30346094475418,48.11776448894177],[-107.30351907758461,48.11787058087218],[-107.30352576790361,48.11787040323645],[-107.30354637951795,48.11788336375543],[-107.30355949970841,48.11787867915284],[-107.30357247355535,48.11786949149371],[-107.30360535966803,48.11785987351493],[-107.30362297013427,48.11780595923652],[-107.30346094475418,48.11776448894177]]],[[[-107.30371728436857,48.11782639029122],[-107.30370490832415,48.11784898451467],[-107.30368554922211,48.11786275028569],[-107.30369947059238,48.11787588841487],[-107.30367337656055,48.117889760712686],[-107.3036541637827,48.11790802954647],[-107.30388301204607,48.11795257352141],[-107.30388276402779,48.11794808619949],[-107.30386240020101,48.117939613063555],[-107.30388171473761,48.11792577610988],[-107.30389563622899,48.117938914223274],[-107.30390861006418,48.11792972650844],[-107.30387452818991,48.11791253146288],[-107.30391289655587,48.117876080574696],[-107.30371728436857,48.11782639029122]]]]}"
000000000000000009d5,8841,0,0,0,"{""type"":""GeometryCollection"",""geometries"":[{""type"":""LineString"",""coordinates"":[[-107.30391289290132,48.11787604650438],[-107.30391955706396,48.117875912838635]]},{""type"":""Polygon"",""coordinates"":[[[-107.303777358638,48.11767780540005],[-107.30377037574948,48.117673424626986],[-107.30376413687851,48.11768250575114],[-107.30374372866433,48.117673961501765],[-107.30376378708681,48.117673586540306],[-107.30372945755612,48.11765190422083],[-107.30371628038772,48.117656675688885],[-107.30372251926205,48.11764759457223],[-107.3037088459558,48.1176389437979],[-107.3035261078075,48.11758008141178],[-107.30343947672087,48.1175818694243],[-107.30334666384114,48.11759265157547],[-107.30338234706466,48.117645492070594],[-107.30338898027561,48.11764540131069],[-107.30338249338531,48.11764999510744],[-107.3034331469231,48.117738283789166],[-107.30346094475418,48.11776448894177],[-107.30362297013427,48.11780595923652],[-107.30364088572497,48.11776089311064],[-107.30372152651915,48.11777267333907],[-107.30374877145793,48.117785543003976],[-107.30371703637003,48.117821902979145],[-107.30371728436857,48.11782639029122],[-107.30391289655587,48.117876080574696],[-107.30389917851655,48.11786735866741],[-107.30391194888338,48.11785375477794],[-107.30390461611412,48.11784045476365],[-107.303777358638,48.11767780540005]],[[-107.30390461611412,48.11784045476365],[-107.3038912924917,48.11784072322349],[-107.30389168689305,48.117849713587816],[-107.30390461611412,48.11784045476365]],[[-107.30371757758512,48.1176834729683],[-107.30373724178676,48.11767855532468],[-107.30372356846418,48.11766990454776],[-107.30371757758512,48.1176834729683]],[[-107.30375396113365,48.117754151842455],[-107.30373404888853,48.11775458219143],[-107.3037411335672,48.117763394892336],[-107.30375396113365,48.117754151842455]],[[-107.30365590164288,48.11764893670902],[-107.30363574148538,48.1176448797374],[-107.30364302952475,48.11765810860036],[-107.30365590164288,48.11764893670902]],[[-107.30344142856588,48.11762643395561],[-107.30342126849203,48.11762237693852],[-107.30342855643408,48.11763560581459],[-107.30344142856588,48.11762643395561]],[[-107.30371757758512,48.1176834729683],[-107.30368384585812,48.117675197136265],[-107.30365849608513,48.117706978929924],[-107.30366638190426,48.11773361433044],[-107.30366069618044,48.117756030862665],[-107.30372027390297,48.117745947140506],[-107.30371259145676,48.11772372791639],[-107.3037596468068,48.117731735306805],[-107.30377181935394,48.117704724952965],[-107.30372441424656,48.11768779835837],[-107.30371757758512,48.1176834729683]]]}]}"
000000000000000009ee,8842,0,0,0,"{""type"":""Polygon"",""coordinates"":[[[-107.30425601652898,48.117793219096114],[-107.3038110458426,48.117686010071985],[-107.30380455896622,48.11769060390047],[-107.30380435553688,48.11768618772665],[-107.303777358638,48.11767780540005],[-107.30391194888338,48.11785375477794],[-107.30392477646534,48.11784451168894],[-107.30395307092185,48.11787969136774],[-107.30396035913735,48.117892920261205],[-107.30397407720922,48.11790164216315],[-107.30415916566687,48.11801405918177],[-107.30425453079062,48.11805679988121],[-107.3042601716767,48.118034312065674],[-107.30426450081792,48.11783326101905],[-107.30425601652898,48.117793219096114]]]}"
000000000000000009d7,8843,0,0,0,"{""type"":""GeometryCollection"",""geometries"":[{""type"":""LineString"",""coordinates"":[[-107.30380210734026,48.117637084837554],[-107.3037888233388,48.11763735126629]]},{""type"":""LineString"",""coordinates"":[[-107.30379751617593,48.1176818618026],[-107.30380434728416,48.11768616992183]]},{""type"":""Polygon"",""coordinates"":[[[-107.3037088459558,48.1176389437979],[-107.30372251926205,48.11764759457223],[-107.30372216947995,48.117638675366926],[-107.3037088459558,48.1176389437979]]]},{""type"":""Polygon"",""coordinates"":[[[-107.30376957452482,48.1176556019484],[-107.30373584279127,48.11764732613919],[-107.30372945755612,48.11765190422083],[-107.30376378708681,48.117673586540306],[-107.30377027396209,48.117668992716084],[-107.30376957452482,48.1176556019484]]]},{""type"":""Polygon"",""coordinates"":[[[-107.30377027396209,48.117668992716084],[-107.30377037574948,48.117673424626986],[-107.303777358638,48.11767780540005],[-107.30379751617593,48.1176818618026],[-107.30379751886032,48.117681862342806],[-107.30381743107982,48.1176814319819],[-107.3038110458426,48.117686010071985],[-107.30425601652898,48.117793219096114],[-107.30425910654468,48.11771276026983],[-107.30422826103992,48.11761960977602],[-107.30380211066259,48.117637064741324],[-107.30380210734026,48.117637084837554],[-107.3037969210512,48.11766845583389],[-107.30377027396209,48.117668992716084]]]}]}"
000000000000000009dd,8844,0,0,0,"{""type"":""Polygon"",""coordinates"":[[[-107.30376502765719,48.11755299530173],[-107.30377151450986,48.117548401488534],[-107.30365155850528,48.117550746224744],[-107.30355240502182,48.11757062540629],[-107.3035261078075,48.11758008141178],[-107.3037088459558,48.1176389437979],[-107.30372216947995,48.117638675366926],[-107.30372865635083,48.11763408154868],[-107.30378878712766,48.11763733318366],[-107.30422826103992,48.11761960977602],[-107.30423414991039,48.117601609440946],[-107.3042109427089,48.117530607093016],[-107.30377820478843,48.117548223837325],[-107.30377835115848,48.11755272686397],[-107.30376502765719,48.11755299530173]],[[-107.30377835115848,48.11755272686397],[-107.30376582888249,48.11757081794556],[-107.30379387494754,48.11760151020501],[-107.30379871474425,48.117561199961514],[-107.30377835115848,48.11755272686397]]]}"
000000000000000009dc,8845,0,0,0,"{""type"":""Polygon"",""coordinates"":[[[-107.30365155850528,48.117550746224744],[-107.30377151450986,48.117548401488534],[-107.30377800136134,48.117543807675354],[-107.30377820478843,48.117548223837325],[-107.3042109427089,48.117530607093016],[-107.30420989320412,48.117508297189616],[-107.30418613271945,48.11742395964473],[-107.30415065168714,48.11737553584932],[-107.30415040363253,48.11737104857827],[-107.30376972110255,48.11750818207318],[-107.30365155850528,48.117550746224744]],[[-107.30376972110255,48.11750818207318],[-107.30377031890505,48.11752158854154],[-107.3037831909594,48.117512416658556],[-107.30376972110255,48.11750818207318]]]}"
000000000000000009de,8846,0,0,0,"{""type"":""MultiPolygon"",""coordinates"":[[[[-107.30365619502363,48.11750601986452],[-107.30365679278451,48.1175194263341],[-107.3036701162584,48.11751915791225],[-107.3036689207268,48.117492344977045],[-107.30365619502363,48.11750601986452]]],[[[-107.30365679278451,48.1175194263341],[-107.30364332295862,48.117515191729616],[-107.30364311954762,48.11751077556972],[-107.30355240502182,48.11757062540629],[-107.30365155850528,48.117550746224744],[-107.3037630308318,48.11750835972347],[-107.30376972110255,48.11750818207318],[-107.30415040363253,48.11737104857827],[-107.30409371312565,48.11729625814895],[-107.30403842214096,48.11725269670728],[-107.30375963497943,48.11743249512633],[-107.3037669230391,48.117445723925925],[-107.30374676295234,48.117441666991525],[-107.3036689207268,48.117492344977045],[-107.30368957680835,48.1175053765009],[-107.30367740429276,48.11753238674109],[-107.30365679278451,48.1175194263341]],[[-107.30372106361045,48.11746452947945],[-107.30374252092385,48.11749538360348],[-107.30375479517357,48.11747280526941],[-107.30372106361045,48.11746452947945]]]]}"
000000000000000009d3,8847,0,0,0,"{""type"":""GeometryCollection"",""geometries"":[{""type"":""LineString"",""coordinates"":[[-107.30365601739405,48.117501557485774],[-107.3036562169875,48.11750601984745]]},{""type"":""Polygon"",""coordinates"":[[[-107.30374676295234,48.117441666991525],[-107.30370634116828,48.11743356884847],[-107.30369890677558,48.11741583703096],[-107.3037184690468,48.117406487531],[-107.30371826562599,48.117402071380646],[-107.30375220055706,48.117414763314066],[-107.30375963497943,48.11743249512633],[-107.30403842214096,48.11725269670728],[-107.30403113399339,48.117239467979125],[-107.30400364121415,48.11722211126393],[-107.30396272324879,48.11720059113622],[-107.30390862834989,48.11718384244547],[-107.30388257942748,48.11719778572961],[-107.30363852843183,48.11740809806543],[-107.30363204159865,48.11741269185686],[-107.30343947672087,48.1175818694243],[-107.3035261078075,48.11758008141178],[-107.30355240502182,48.11757062540629],[-107.30364311954762,48.11751077556972],[-107.3036559470308,48.117501532579475],[-107.3036689207268,48.117492344977045],[-107.30374676295234,48.117441666991525]],[[-107.30368673430148,48.11744284722528],[-107.30366657424307,48.117438790273525],[-107.30367365884794,48.11744760292836],[-107.30368673430148,48.11744284722528]],[[-107.3036689207268,48.117492344977045],[-107.30366128293271,48.117470196980115],[-107.30362874693047,48.11748873407715],[-107.3036689207268,48.117492344977045]],[[-107.30363344051678,48.11744392090647],[-107.30361317883843,48.117439879681086],[-107.30362026342662,48.117448692340474],[-107.30363344051678,48.11744392090647]]]}]}"
000000000000000009e8,8848,0,0,0,"{""type"":""Polygon"",""coordinates"":[[[-107.30331561972714,48.11734760991651],[-107.30330958421135,48.11736110710387],[-107.30327031347049,48.1173797505298],[-107.30325744141273,48.117388922320906],[-107.30321786555402,48.11739871769283],[-107.3031786964026,48.117417345358135],[-107.30313872630481,48.1174181504036],[-107.30312540294246,48.117418418748294],[-107.30310534479452,48.11741879356748],[-107.30308543286615,48.11741922377103],[-107.30307186158971,48.117415004827166],[-107.30303872802317,48.117420135248295],[-107.30308777849966,48.1174727784904],[-107.30317735235211,48.117537952062385],[-107.30334666384114,48.11759265157547],[-107.30343947672087,48.1175818694243],[-107.30363204159865,48.11741269185686],[-107.30362500159276,48.11740395033021],[-107.30363852843183,48.11740809806543],[-107.30388257942748,48.11719778572961],[-107.30331561972714,48.11734760991651]],[[-107.30340249811552,48.117350309313764],[-107.30336891319344,48.11734653642195],[-107.30337620106866,48.11735976523428],[-107.30340249811552,48.117350309313764]]]}"
000000000000000009e7,8849,0,0,0,"{""type"":""GeometryCollection"",""geometries"":[{""type"":""LineString"",""coordinates"":[[-107.30333541999128,48.117342731182326],[-107.30332209179835,48.11734299844346],[-107.30331562726472,48.117347594436325]]},{""type"":""Polygon"",""coordinates"":[[[-107.30305794069453,48.117401866710026],[-107.30304416609219,48.117393231610215],[-107.30304381647152,48.11738431244149],[-107.30304321893284,48.11737090599691],[-107.30301033332671,48.11738052368066],[-107.30301751941398,48.11739376827006],[-107.30303872802317,48.117420135248295],[-107.30307186158971,48.117415004827166],[-107.30305794069453,48.117401866710026]]]},{""type"":""Polygon"",""coordinates"":[[[-107.30388801688845,48.11717088217291],[-107.30336801223027,48.11717680759222],[-107.30337509669725,48.11718562022869],[-107.3034093809037,48.117207231375865],[-107.30340977519549,48.117216221636625],[-107.30338473063699,48.11725240347674],[-107.30342010851876,48.11729639559677],[-107.30336716479614,48.11730638826843],[-107.30333542992747,48.11734274778039],[-107.30388257942748,48.11719778572961],[-107.30390862834989,48.11718384244547],[-107.30388801688845,48.11717088217291]]]}]}"
000000000000000009d0,8850,0,0,0,"{""type"":""Polygon"",""coordinates"":[[[-107.30387349781232,48.11714433786988],[-107.303838965195,48.1171182396732],[-107.30322070188159,48.1170145342765],[-107.30324201222417,48.117045332879506],[-107.30325618103852,48.11706295813095],[-107.30327115086462,48.117098405879474],[-107.30335269257202,48.11713244068647],[-107.30336801223027,48.11717680759222],[-107.30388801688845,48.11717088217291],[-107.30387349781232,48.11714433786988]]]}"
000000000000000009d2,8851,0,0,0,"{""type"":""Polygon"",""coordinates"":[[[-107.30382449075871,48.117091766513155],[-107.30322573733632,48.11667940463036],[-107.30319320200756,48.11669794128373],[-107.30307783912963,48.11680296135672],[-107.30312888505212,48.1169002390331],[-107.30315612899743,48.11691310867798],[-107.30319889569785,48.116974761200225],[-107.30321301988288,48.11699231531014],[-107.30322070188159,48.1170145342765],[-107.303838965195,48.1171182396732],[-107.30382449075871,48.117091766513155]],[[-107.3036278337343,48.11701976696982],[-107.30360757228414,48.117015725770074],[-107.30361486021091,48.11702895447972],[-107.3036278337343,48.11701976696982]],[[-107.30328985879522,48.116771926409015],[-107.30330966867889,48.1167670643395],[-107.30328950910523,48.11676300734835],[-107.30328985879522,48.116771926409015]],[[-107.30324734004614,48.1167147613848],[-107.30323376897559,48.11671054251515],[-107.30324085332269,48.1167193550864],[-107.30324734004614,48.1167147613848]],[[-107.30323656619866,48.116772999825834],[-107.3032234909976,48.11677775540056],[-107.3032303274082,48.11678208075769],[-107.30323656619866,48.116772999825834]],[[-107.30328985879522,48.116771926409015],[-107.30327678359359,48.11677668199091],[-107.30326461112723,48.116803691803085],[-107.30330402754899,48.11678955156327],[-107.30328985879522,48.116771926409015]],[[-107.30324953966486,48.11676381241329],[-107.30323621652167,48.116764080764476],[-107.30323656619866,48.116772999825834],[-107.30324988934511,48.116772731474484],[-107.30324953966486,48.11676381241329]],[[-107.30328950910523,48.11676300734835],[-107.30328197341201,48.116745291453704],[-107.30326910159108,48.11675446312967],[-107.30325532713151,48.116745828162905],[-107.30324953966486,48.11676381241329],[-107.30328950910523,48.11676300734835]]]}"
000000000000000009d1,8852,0,0,0,"{""type"":""Polygon"",""coordinates"":[[[-107.30379223491744,48.11652067987321],[-107.30360630898363,48.11653784387122],[-107.30346774210228,48.11657186280718],[-107.30333660924242,48.116623613147375],[-107.30322573733632,48.11667940463036],[-107.30382449075871,48.117091766513155],[-107.3038123945306,48.116524736738995],[-107.30379223491744,48.11652067987321]],[[-107.30375672320167,48.11691889348857],[-107.30370981523113,48.11691538916708],[-107.30371026665703,48.11692429251151],[-107.30367727974908,48.116933926071745],[-107.30367184220074,48.116960829497465],[-107.30373127226251,48.11694624297849],[-107.30375672320167,48.11691889348857]]]}"
000000000000000009ce,8853,0,0,0,"{""type"":""Polygon"",""coordinates"":[[[-107.30414053251114,48.11655390305399],[-107.30395260872125,48.11652643302348],[-107.30388609476317,48.11653220705846],[-107.3038123945306,48.116524736738995],[-107.30382449075871,48.117091766513155],[-107.303838965195,48.1171182396732],[-107.30387349781232,48.11714433786988],[-107.30416763044693,48.116562269376],[-107.30414053251114,48.11655390305399]]]}"
000000000000000009d4,8854,0,0,0,"{""type"":""Polygon"",""coordinates"":[[[-107.30432326801221,48.11661276318782],[-107.30416763044693,48.116562269376],[-107.30387349781232,48.11714433786988],[-107.30388801688845,48.11717088217291],[-107.30390862834989,48.11718384244547],[-107.30396272324879,48.11720059113622],[-107.30399365624312,48.11714640902743],[-107.3043434278518,48.11661681994337],[-107.30432326801221,48.11661276318782]],[[-107.30400533234064,48.11711042445449],[-107.30399200896595,48.117110692918295],[-107.30399246045837,48.11711959629278],[-107.30400533234064,48.11711042445449]],[[-107.30393871548509,48.11711176675459],[-107.30392539211935,48.117112035208926],[-107.30392574195899,48.11712095432269],[-107.30393871548509,48.11711176675459]]]}"
000000000000000009cd,8855,0,0,0,"{""type"":""Polygon"",""coordinates"":[[[-107.30396272324879,48.11720059113622],[-107.30400364121415,48.11722211126393],[-107.30424190270756,48.11702978319612],[-107.30423516790889,48.11702988975132],[-107.30422114470413,48.11701232005743],[-107.30425403010693,48.11700270203109],[-107.30426774798583,48.11701142374825],[-107.30461483686257,48.11671859674875],[-107.30455326261233,48.11668404595997],[-107.30445131165716,48.116641468559045],[-107.3043434278518,48.11661681994337],[-107.30399365624312,48.11714640902743],[-107.30396272324879,48.11720059113622]],[[-107.30421420642666,48.1170080104964],[-107.30420073663261,48.117003776010584],[-107.30420792318031,48.117017020404205],[-107.30421420642666,48.1170080104964]],[[-107.30418720978824,48.11699962838667],[-107.30417363836793,48.11699540963601],[-107.30418092653889,48.117008638291345],[-107.30418720978824,48.11699962838667]],[[-107.30399365624312,48.11714640902743],[-107.30400074090282,48.117155221607696],[-107.30402030302041,48.11714587209643],[-107.30399365624312,48.11714640902743]]]}"
000000000000000009cc,8856,0,0,0,"{""type"":""GeometryCollection"",""geometries"":[{""type"":""LineString"",""coordinates"":[[-107.30442401403194,48.11707524704569],[-107.30441754963161,48.11707984309865]]},{""type"":""Polygon"",""coordinates"":[[[-107.30437169709069,48.11709863679017],[-107.30441106932174,48.11708442488115],[-107.3044040291257,48.117075683471064],[-107.30438407252588,48.117076042818624],[-107.30437169709069,48.11709863679017]]]},{""type"":""Polygon"",""coordinates"":[[[-107.3044040291257,48.117075683471064],[-107.30442404278467,48.11707523725539],[-107.30444385293681,48.117070374916786],[-107.30444360484428,48.11706588767349],[-107.30440991780954,48.11705768331617],[-107.3044040291257,48.117075683471064]]]},{""type"":""Polygon"",""coordinates"":[[[-107.30437169709069,48.11709863679017],[-107.30435662416794,48.117058757387646],[-107.30433736746862,48.117076954927704],[-107.30427583768929,48.11704247485313],[-107.30424190270756,48.11702978319612],[-107.30400364121415,48.11722211126393],[-107.30403113399339,48.117239467979125],[-107.30437169709069,48.11709863679017]]]},{""type"":""Polygon"",""coordinates"":[[[-107.30444360484428,48.11706588767349],[-107.30445692826689,48.11706561914597],[-107.3045157035728,48.11703771262905],[-107.30452239381135,48.11703753492867],[-107.30452422979167,48.116930351512885],[-107.30453800480505,48.1169389863137],[-107.30454484149664,48.11694331158328],[-107.30456500158574,48.11694736831142],[-107.30456545322025,48.11695627165195],[-107.30459269813903,48.11696914087782],[-107.3045536760186,48.116992271912984],[-107.3045542741197,48.117005678237334],[-107.30455507574533,48.117023500678876],[-107.30481036144077,48.11691561504448],[-107.3048217312801,48.11687078261049],[-107.30482113307802,48.116857376324774],[-107.30468330500668,48.11675738589792],[-107.30461483686257,48.11671859674875],[-107.30426774798583,48.11701142374825],[-107.30427478812851,48.117020165159],[-107.30429459823705,48.11701530285742],[-107.30431475828068,48.11701935964487],[-107.30432797980764,48.117014659283065],[-107.30434140505776,48.11701882262597],[-107.30435462658508,48.117014122260535],[-107.30436226478542,48.117036269999815],[-107.30440931976254,48.11704427697629],[-107.30441510680104,48.11702629257085],[-107.30440143344141,48.11701764199882],[-107.30441440688034,48.11700845438666],[-107.3044414036447,48.11701683643066],[-107.30443536852744,48.11703033359382],[-107.30444360484428,48.11706588767349]],[[-107.30454084585412,48.116854041582904],[-107.30454813416303,48.11686727017126],[-107.30456100589451,48.116858098306245],[-107.30454084585412,48.116854041582904]],[[-107.30448217545388,48.117033853292],[-107.30448950834759,48.11704715305493],[-107.3045157035728,48.11703771262905],[-107.30448217545388,48.117033853292]],[[-107.30445192776658,48.11695411039188],[-107.30446001763289,48.11698516144323],[-107.30448551285478,48.11695788287212],[-107.30445192776658,48.11695411039188]],[[-107.3044402075258,48.11699002377616],[-107.30444743875749,48.117003339270696],[-107.30446041218639,48.116994151655064],[-107.3044402075258,48.11699002377616]],[[-107.3043679499765,48.11701385374643],[-107.30438870808368,48.117031316851225],[-107.30440143344141,48.11701764199882],[-107.3043679499765,48.11701385374643]],[[-107.30439778811726,48.116937290934985],[-107.30439235104546,48.11696419439117],[-107.30443337084637,48.116985698494986],[-107.30444484299767,48.11694529788141],[-107.30439778811726,48.116937290934985]]]}]}"
000000000000000009d8,8857,0,0,0,"{""type"":""MultiPolygon"",""coordinates"":[[[[-107.3048754363249,48.11702601386303],[-107.3048888617224,48.117030177126466],[-107.30487578639736,48.11703493295282],[-107.30486975140481,48.117048430144806],[-107.30490912360962,48.117034218045575],[-107.30490208326563,48.117025476684155],[-107.30487494003285,48.11701703938935],[-107.3048754363249,48.11702601386303]]],[[[-107.3048754363249,48.11702601386303],[-107.30485512987075,48.11702190181231],[-107.30487494003285,48.11701703938935],[-107.30486810326498,48.11701271413918],[-107.30485926829604,48.116963753830724],[-107.30488027486918,48.116985704038015],[-107.30489359832484,48.116985435449415],[-107.30489219830679,48.116954206718475],[-107.30483785463244,48.11693297141679],[-107.30482418114197,48.11692432092371],[-107.30480412289728,48.11692469609705],[-107.30481036144077,48.11691561504448],[-107.30455507574533,48.117023500678876],[-107.30455612547739,48.117045810366996],[-107.30458357398028,48.117063095732966],[-107.30453866312011,48.11710422698012],[-107.304518254855,48.11709568299081],[-107.30452239381135,48.11703753492867],[-107.30445692826689,48.11706561914597],[-107.30450377983253,48.1170692099595],[-107.30448522287814,48.11710079814267],[-107.30443147753189,48.11709296889283],[-107.30444385293681,48.117070374916786],[-107.3044175560538,48.11707983106827],[-107.30441106932174,48.11708442488115],[-107.30437169709069,48.11709863679017],[-107.30403113399339,48.117239467979125],[-107.30403842214096,48.11725269670728],[-107.30409371312565,48.11729625814895],[-107.3045079788725,48.1171628964556],[-107.30451306592886,48.11712707378148],[-107.3045667097528,48.11713491872679],[-107.30456032465506,48.11713949681562],[-107.30454735118198,48.117148684471296],[-107.30454759928683,48.117153171721064],[-107.30486975140481,48.117048430144806],[-107.30485597622541,48.11703979537786],[-107.30487578639736,48.11703493295282],[-107.3048754363249,48.11702601386303]],[[-107.30483301605723,48.11697328120002],[-107.30483356967872,48.11698661639049],[-107.30484654306196,48.11697742872671],[-107.30483301605723,48.11697328120002]],[[-107.30412968890965,48.11720618205823],[-107.30413677362228,48.117214994637145],[-107.30414301233813,48.11720591357345],[-107.30412968890965,48.11720618205823]],[[-107.30460653367739,48.11712961009611],[-107.30457888158394,48.11710790859532],[-107.304552686305,48.11711734905243],[-107.3045667097528,48.11713491872679],[-107.30460653367739,48.11712961009611]],[[-107.3044726439666,48.117118976014325],[-107.30446012209877,48.11713706702694],[-107.30448053035903,48.11714561103547],[-107.30449290576173,48.11712301703052],[-107.3044726439666,48.117118976014325]],[[-107.3041838286544,48.11722300175005],[-107.30415833309557,48.1172502803871],[-107.30417225449938,48.11726341829375],[-107.3041914667686,48.11724514959312],[-107.304210927085,48.117231368153746],[-107.3041838286544,48.11722300175005]]]]}"
000000000000000009db,8858,0,0,0,"{""type"":""MultiPolygon"",""coordinates"":[[[[-107.30497773935414,48.11707751017047],[-107.30497928596048,48.11711324195504],[-107.30499894966012,48.11710387651361],[-107.30497773935414,48.11707751017047]]],[[[-107.30490912360962,48.117034218045575],[-107.30454759928683,48.117153171721064],[-107.30452859068859,48.11717585658399],[-107.30450313990217,48.117203206408526],[-107.3045079788725,48.1171628964556],[-107.30409371312565,48.11729625814895],[-107.30415040363253,48.11737104857827],[-107.30415065168714,48.11737553584932],[-107.30492659015165,48.11712772270395],[-107.30491312012731,48.117123488314355],[-107.30493931542478,48.117114047757255],[-107.30493976714868,48.11712295112198],[-107.30496621060351,48.11711799780205],[-107.30495088878247,48.11707363125607],[-107.30493776885757,48.11707831597049],[-107.3048975948114,48.11707470563678],[-107.30493671889322,48.117056006278645],[-107.304916355054,48.11704753351056],[-107.30490912360962,48.117034218045575]],[[-107.3048830748815,48.11704816155681],[-107.30491007192077,48.11705654346826],[-107.304916355054,48.11704753351056],[-107.3048830748815,48.11704816155681]],[[-107.30459380832335,48.117143285004744],[-107.3046008931722,48.11715209753537],[-107.30461376500405,48.117142925611034],[-107.30459380832335,48.117143285004744]],[[-107.30456870758648,48.11717955394566],[-107.30455618572852,48.117197644991414],[-107.30458911591873,48.11718809793617],[-107.30456870758648,48.11717955394566]]]]}"
000000000000000009da,8859,0,0,0,"{""type"":""MultiPolygon"",""coordinates"":[[[[-107.3049602775567,48.11713592688135],[-107.30496641417722,48.11712241392201],[-107.30496621060351,48.11711799780205],[-107.30493976714868,48.11712295112198],[-107.30494695403755,48.11713619548159],[-107.3049602775567,48.11713592688135]]],[[[-107.30508548445128,48.11724957682767],[-107.3050721608736,48.117249845447375],[-107.30506682612675,48.117281180964554],[-107.30510669494475,48.11727594322853],[-107.30510564488372,48.11725363345711],[-107.30508513433101,48.11724065770344],[-107.30508548445128,48.11724957682767]]],[[[-107.3049602775567,48.11713592688135],[-107.30495403899688,48.117145007982145],[-107.30494695403755,48.11713619548159],[-107.30492659015165,48.11712772270395],[-107.30415065168714,48.11737553584932],[-107.30418613271945,48.11742395964473],[-107.30506682612675,48.117281180964554],[-107.30505235056651,48.117254707936276],[-107.3050721608736,48.117249845447375],[-107.30507181075657,48.117240926322964],[-107.30508513433101,48.11724065770344],[-107.30507804931435,48.11723184519799],[-107.30505115400905,48.11722789517921],[-107.30506367570726,48.117209804062504],[-107.30505648875594,48.11719655969467],[-107.30503667847935,48.11720142217463],[-107.3050095796341,48.1171930560195],[-107.30506876227113,48.117173981339434],[-107.30502854346787,48.11717029993362],[-107.3050350301845,48.11716570607188],[-107.30504800361419,48.117156518348374],[-107.30499894966012,48.11710387651361],[-107.30497928596048,48.11711324195504],[-107.30498008779058,48.117131064424306],[-107.3049602775567,48.11713592688135]],[[-107.30499540966808,48.11717543101266],[-107.30502230491334,48.11717938104465],[-107.30502854346787,48.11717029993362],[-107.30499540966808,48.11717543101266]],[[-107.30503254025857,48.11725957042157],[-107.30503962526545,48.117268382935265],[-107.30504606741654,48.11726371793882],[-107.30503254025857,48.11725957042157]],[[-107.30499022109888,48.117206821867704],[-107.30499726150045,48.11721556325135],[-107.30501707178117,48.11721070077811],[-107.30499022109888,48.117206821867704]]]]}"
000000000000000009d6,8860,0,0,0,"{""type"":""Polygon"",""coordinates"":[[[-107.3051080951306,48.1173071721432],[-107.3051068985344,48.11728035936106],[-107.30510669494475,48.11727594322853],[-107.30418613271945,48.11742395964473],[-107.30420989320412,48.117508297189616],[-107.30504522577898,48.117393298696925],[-107.3050963182367,48.11734317270335],[-107.30512176886207,48.1173158226527],[-107.3051080951306,48.1173071721432]]]}"
000000000000000009d9,8861,0,0,0,"{""type"":""Polygon"",""coordinates"":[[[-107.30420989320412,48.117508297189616],[-107.3042109427089,48.117530607093016],[-107.30423414991039,48.117601609440946],[-107.30496254573562,48.11748428785189],[-107.30500121823106,48.117452237260906],[-107.30504522577898,48.117393298696925],[-107.30420989320412,48.117508297189616]]]}"
000000000000000009e0,8862,0,0,0,"{""type"":""Polygon"",""coordinates"":[[[-107.30423414991039,48.117601609440946],[-107.30422826103992,48.11761960977602],[-107.30425910654468,48.11771276026983],[-107.30489248887157,48.11755717014365],[-107.30493754662893,48.117520541385204],[-107.30496254573562,48.11748428785189],[-107.30423414991039,48.117601609440946]]]}"
000000000000000009e4,8863,0,0,0,"{""type"":""Polygon"",""coordinates"":[[[-107.30425910654468,48.11771276026983],[-107.30425601652898,48.117793219096114],[-107.30426450081792,48.11783326101905],[-107.30446165851403,48.117766758908274],[-107.3044664976631,48.11772644852081],[-107.30451030264939,48.11766309370234],[-107.3045311628259,48.11768054124188],[-107.30454728585202,48.11774273106319],[-107.30482333542666,48.1176523070441],[-107.30489248887157,48.11755717014365],[-107.30425910654468,48.11771276026983]]]}"
000000000000000009e2,8864,0,0,0,"{""type"":""MultiPolygon"",""coordinates"":[[[[-107.30454728585202,48.11774273106319],[-107.30455531885434,48.11777386943253],[-107.3045904063268,48.117813303067045],[-107.30460457624872,48.11783092834868],[-107.3047867623298,48.11772897762857],[-107.30480542109756,48.11769737326573],[-107.30482333542666,48.1176523070441],[-107.30454728585202,48.11774273106319]]],[[[-107.30426450081792,48.11783326101905],[-107.3042601716767,48.118034312065674],[-107.30437069762515,48.11796959859297],[-107.3043698515333,48.117951704700005],[-107.30436789857872,48.11790713994002],[-107.3043807261325,48.11789789678137],[-107.30439369990287,48.11788870900977],[-107.30440622208427,48.117870617739214],[-107.30441919584183,48.117861429969246],[-107.30444464716616,48.11783407981091],[-107.3044575192673,48.117824907781724],[-107.30446165851403,48.117766758908274],[-107.30426450081792,48.11783326101905]]]]}"
000000000000000009ed,8865,0,0,0,"{""type"":""MultiPolygon"",""coordinates"":[[[[-107.30460457624872,48.11783092834868],[-107.30461870160259,48.117848482507824],[-107.30463931383812,48.11786144277079],[-107.30465986903619,48.117874489897375],[-107.30468731819106,48.11789177548957],[-107.30474769823543,48.11789951382298],[-107.3047867623298,48.11772897762857],[-107.30460457624872,48.11783092834868]]],[[[-107.3042601716767,48.118034312065674],[-107.30425453079062,48.11805679988121],[-107.30430193687309,48.11807372630787],[-107.30434639758913,48.118023690851395],[-107.30437219900452,48.11800525988374],[-107.3043713974953,48.117987437104894],[-107.30437069762515,48.11796959859297],[-107.3042601716767,48.118034312065674]]]]}"
00000000000000000b4e,8866,0,0,0,"{""type"":""Polygon"",""coordinates"":[[[-107.30480542109756,48.11769737326573],[-107.3047867623298,48.11772897762857],[-107.30474769823543,48.11789951382298],[-107.30478118266907,48.11790330198205],[-107.30489355961991,48.11787872083828],[-107.30490688339799,48.11787845223509],[-107.30480542109756,48.11769737326573]]]}"
000000000000000009e1,8867,0,0,0,"{""type"":""Polygon"",""coordinates"":[[[-107.30493754662893,48.117520541385204],[-107.30489248887157,48.11755717014365],[-107.30482333542666,48.1176523070441],[-107.30480542109756,48.11769737326573],[-107.30490688339799,48.11787845223509],[-107.30492679595699,48.11787802163367],[-107.3050265493215,48.117871547412236],[-107.30493754662893,48.117520541385204]]]}"
000000000000000009f1,8868,0,0,0,"{""type"":""Polygon"",""coordinates"":[[[-107.30500121823106,48.117452237260906],[-107.30496254573562,48.11748428785189],[-107.30493754662893,48.117520541385204],[-107.3050265493215,48.117871547412236],[-107.30507974256662,48.11786604099052],[-107.30516557392492,48.117846428717336],[-107.30500121823106,48.117452237260906]]]}"
000000000000000009ca,8869,0,0,0,"{""type"":""Polygon"",""coordinates"":[[[-107.3050963182367,48.11734317270335],[-107.30504522577898,48.117393298696925],[-107.30500121823106,48.117452237260906],[-107.30516557392492,48.117846428717336],[-107.30518518096997,48.1178371499625],[-107.3052914212943,48.11782608153444],[-107.3050963182367,48.11734317270335]]]}"
000000000000000009df,8870,0,0,0,"{""type"":""Polygon"",""coordinates"":[[[-107.30538177927508,48.1176098351757],[-107.30527362436067,48.1174289354487],[-107.30517496134658,48.11731031625568],[-107.3051617396926,48.11731501676389],[-107.3051355442397,48.11732445742177],[-107.30512176886207,48.1173158226527],[-107.3050963182367,48.11734317270335],[-107.3052914212943,48.11782608153444],[-107.30530474510985,48.117825812875296],[-107.3053575885726,48.117815834740554],[-107.3054042504822,48.11781485095997],[-107.30538177927508,48.1176098351757]],[[-107.30535184051075,48.11768641498698],[-107.30533178174137,48.11768679028942],[-107.30533886691381,48.117695602848435],[-107.30535184051075,48.11768641498698]]]}"
00000000000000000b4d,8871,0,0,0,"{""type"":""Polygon"",""coordinates"":[[[-107.30538177927508,48.1176098351757],[-107.3054042504822,48.11781485095997],[-107.3054642808323,48.11781366959989],[-107.30549092850528,48.1178131322308],[-107.30550425234446,48.11781286354342],[-107.30551757618542,48.117812594854136],[-107.30556967465235,48.117784707052564],[-107.30559632233441,48.117784169654264],[-107.30538177927508,48.1176098351757]]]}"
000000000000000009c7,8872,0,0,0,"{""type"":""Polygon"",""coordinates"":[[[-107.30527362436067,48.1174289354487],[-107.30538177927508,48.1176098351757],[-107.30559632233441,48.117784169654264],[-107.30560969076332,48.11778397207761],[-107.30567511301545,48.11775581553173],[-107.30573444328482,48.11774124324462],[-107.30527362436067,48.1174289354487]]]}"
000000000000000009c9,8873,0,0,0,"{""type"":""Polygon"",""coordinates"":[[[-107.30556208468047,48.117168512711544],[-107.30551597737127,48.11718283176829],[-107.30532481241441,48.11723131923571],[-107.30517496134658,48.11731031625568],[-107.30527362436067,48.1174289354487],[-107.30573444328482,48.11774124324462],[-107.30574113373555,48.117741065451476],[-107.30576743115577,48.11773160880455],[-107.30556208468047,48.117168512711544]]]}"
000000000000000009c8,8874,0,0,0,"{""type"":""Polygon"",""coordinates"":[[[-107.3058310166247,48.11736415136754],[-107.30562814888034,48.11715383402638],[-107.30556208468047,48.117168512711544],[-107.30576743115577,48.11773160880455],[-107.30581308726956,48.1177083860028],[-107.30582560888958,48.11769029462326],[-107.30584492298068,48.11767645735121],[-107.30585140975036,48.117671863388686],[-107.30587378947877,48.117425803069914],[-107.3058310166247,48.11736415136754]]]}"
000000000000000009c4,8875,0,0,0,"{""type"":""Polygon"",""coordinates"":[[[-107.30592968257932,48.11748276993259],[-107.30587378947877,48.117425803069914],[-107.30585140975036,48.117671863388686],[-107.30586438328613,48.11766267546361],[-107.30595095973891,48.11766097206258],[-107.3060035544727,48.1176420586797],[-107.30592968257932,48.11748276993259]]]}"
000000000000000009fc,8876,0,0,0,"{""type"":""Polygon"",""coordinates"":[[[-107.30592968257932,48.11748276993259],[-107.3060035544727,48.1176420586797],[-107.30601004122784,48.11763746470982],[-107.30605600295736,48.117623089891296],[-107.30614103177956,48.117585654233395],[-107.30614731480361,48.11757664410716],[-107.30592968257932,48.11748276993259]]]}"
000000000000000009c1,8877,0,0,0,"{""type"":""Polygon"",""coordinates"":[[[-107.3058310166247,48.11736415136754],[-107.30587378947877,48.117425803069914],[-107.30592968257932,48.11748276993259],[-107.30614731480361,48.11757664410716],[-107.30621807057246,48.11751715159663],[-107.30622385695051,48.117499166937066],[-107.3058310166247,48.11736415136754]]]}"
000000000000000009c2,8878,0,0,0,"{""type"":""Polygon"",""coordinates"":[[[-107.30602960922464,48.11718147258211],[-107.30567320575446,48.117117205225824],[-107.30565454788463,48.1171488093859],[-107.30562814888034,48.11715383402638],[-107.3058310166247,48.11736415136754],[-107.30622385695051,48.117499166937066],[-107.30623483053274,48.11744534359791],[-107.30626821318027,48.11744469931574],[-107.30602960922464,48.11718147258211]]]}"
000000000000000009c5,8879,0,0,0,"{""type"":""Polygon"",""coordinates"":[[[-107.30631779158836,48.117211437675884],[-107.30624363549117,48.1171950658611],[-107.30602960922464,48.11718147258211],[-107.30626821318027,48.11744469931574],[-107.30629486081617,48.11744416172803],[-107.30636183036549,48.117451736871644],[-107.30636852080794,48.117451559035935],[-107.30631779158836,48.117211437675884]]]}"
000000000000000009bc,8880,0,0,0,"{""type"":""Polygon"",""coordinates"":[[[-107.3063243803459,48.117211275586165],[-107.30631779158836,48.117211437675884],[-107.30636852080794,48.117451559035935],[-107.30637515419835,48.1174514680653],[-107.30638847803297,48.11745119925706],[-107.30646098513718,48.1174318547983],[-107.306494367853,48.117431210435846],[-107.30651372628229,48.11741744422802],[-107.30653328846229,48.117408094156026],[-107.3063243803459,48.117211275586165]]]}"
00000000000000000a02,8881,0,0,0,"{""type"":""Polygon"",""coordinates"":[[[-107.30641060572606,48.11720065269615],[-107.3063243803459,48.117211275586165],[-107.30653328846229,48.117408094156026],[-107.30654626182984,48.1173989061891],[-107.30657185855814,48.1173760587388],[-107.30664321243033,48.11732997253604],[-107.30641060572606,48.11720065269615]]]}"
0000000000000000093f,8882,0,0,0,"{""type"":""Polygon"",""coordinates"":[[[-107.30641060572606,48.11720065269615],[-107.30664321243033,48.11732997253604],[-107.30665618575742,48.117320784568925],[-107.30666726082768,48.117271393244486],[-107.30671266787296,48.11724368298991],[-107.3067183518415,48.117221266539815],[-107.30641060572606,48.11720065269615]]]}"
000000000000000009af,8883,0,0,0,"{""type"":""Polygon"",""coordinates"":[[[-107.30646235268223,48.11716384566326],[-107.30641060572606,48.11720065269615],[-107.3067183518415,48.117221266539815],[-107.3067547744013,48.11714009307793],[-107.30676649277278,48.11710417935576],[-107.30677946600282,48.11709499141391],[-107.30678545585322,48.11708142298013],[-107.30646235268223,48.11716384566326]]]}"
000000000000000009bd,8884,0,0,0,"{""type"":""Polygon"",""coordinates"":[[[-107.30692559451455,48.116783807810535],[-107.30676042185065,48.11681844061156],[-107.30674720034395,48.11682314129058],[-107.30662963834398,48.116879114771095],[-107.30662304962426,48.11687927687979],[-107.30646235268223,48.11716384566326],[-107.30678545585322,48.11708142298013],[-107.30679783014935,48.11705882873349],[-107.30682991313961,48.117031387404005],[-107.3068885414109,48.116998976493235],[-107.30694587001676,48.11693976875896],[-107.3069421169066,48.11685498622423],[-107.3069661645297,48.11679640740665],[-107.30692559451455,48.116783807810535]]]}"
000000000000000009c0,8885,0,0,0,"{""type"":""Polygon"",""coordinates"":[[[-107.30649251421626,48.116944438149325],[-107.30624363549117,48.1171950658611],[-107.30631779158836,48.117211437675884],[-107.3063243803459,48.117211275586165],[-107.30641060572606,48.11720065269615],[-107.30646235268223,48.11716384566326],[-107.30662304962426,48.11687927687979],[-107.30649251421626,48.116944438149325]]]}"
000000000000000009c6,8886,0,0,0,"{""type"":""Polygon"",""coordinates"":[[[-107.30567095832252,48.117068082880785],[-107.30568593085528,48.11710353018718],[-107.30567320575446,48.117117205225824],[-107.30602960922464,48.11718147258211],[-107.30624363549117,48.1171950658611],[-107.30649251421626,48.116944438149325],[-107.30567095832252,48.117068082880785]]]}"
000000000000000009c3,8887,0,0,0,"{""type"":""GeometryCollection"",""geometries"":[{""type"":""LineString"",""coordinates"":[[-107.30662301935509,48.11687925334056],[-107.30662968337614,48.11687911951973]]},{""type"":""Polygon"",""coordinates"":[[[-107.30562927395704,48.11688133895341],[-107.30562478646566,48.116930567780656],[-107.30567095832252,48.117068082880785],[-107.30649251421626,48.116944438149325],[-107.30662304962426,48.11687927687979],[-107.30562927395704,48.11688133895341]]]}]}"
000000000000000009bb,8888,1,0,1,"{""type"":""Polygon"",""coordinates"":[[[-107.3056559581577,48.116733399796175],[-107.30565112047293,48.11677370944505],[-107.30563236077163,48.11680088155971],[-107.30562927395704,48.11688133895341],[-107.30662963834398,48.116879114771095],[-107.30674720034395,48.11682314129058],[-107.3056559581577,48.116733399796175]]]}"
000000000000000009b9,8889,0,0,0,"{""type"":""Polygon"",""coordinates"":[[[-107.30573348418208,48.11652640079883],[-107.30572051105806,48.11653558849716],[-107.30566532779655,48.1166439326983],[-107.3056559581577,48.116733399796175],[-107.30674720034395,48.11682314129058],[-107.30676042185065,48.11681844061156],[-107.30573348418208,48.11652640079883]]]}"
000000000000000009b7,8890,0,0,0,"{""type"":""Polygon"",""coordinates"":[[[-107.30689674265489,48.116735294719696],[-107.30577773794455,48.11647195017328],[-107.30576531881745,48.116494472918816],[-107.30573348418208,48.11652640079883],[-107.30676042185065,48.11681844061156],[-107.30692559451455,48.116783807810535],[-107.30689674265489,48.116735294719696]]]}"
000000000000000009b0,8891,0,0,0,"{""type"":""Polygon"",""coordinates"":[[[-107.3068529171434,48.116651334852456],[-107.30681743221588,48.116602912854034],[-107.30579530024191,48.116417965886995],[-107.30579565054778,48.116426884864346],[-107.30577773794455,48.11647195017328],[-107.30689674265489,48.116735294719696],[-107.3068529171434,48.116651334852456]]]}"
000000000000000009cb,8892,0,0,0,"{""type"":""Polygon"",""coordinates"":[[[-107.30679502257303,48.11654973484538],[-107.30676637487156,48.11650563798079],[-107.3058373060867,48.11631439372069],[-107.30582503326977,48.116336971787355],[-107.30579530024191,48.116417965886995],[-107.30681743221588,48.116602912854034],[-107.30679502257303,48.11654973484538]]]}"
000000000000000009b2,8893,0,0,0,"{""type"":""Polygon"",""coordinates"":[[[-107.30675164969132,48.11647467845144],[-107.30670214102905,48.116413135008706],[-107.30667469134043,48.11639585049278],[-107.30588625014798,48.11621513111683],[-107.3058373060867,48.11631439372069],[-107.30676637487156,48.11650563798079],[-107.30675164969132,48.11647467845144]]]}"
000000000000000009b4,8894,0,0,0,"{""type"":""Polygon"",""coordinates"":[[[-107.30631859756818,48.1158893556964],[-107.30620667796252,48.11592284059229],[-107.30605683284692,48.11600183687265],[-107.30594147672224,48.11610685882754],[-107.30588625014798,48.11621513111683],[-107.30667469134043,48.11639585049278],[-107.30631859756818,48.1158893556964]]]}"
000000000000000009b6,8895,0,0,0,"{""type"":""Polygon"",""coordinates"":[[[-107.30668934322706,48.1158283474463],[-107.3064502251428,48.115851023805526],[-107.30631859756818,48.1158893556964],[-107.30667469134043,48.11639585049278],[-107.30670214102905,48.116413135008706],[-107.30683660018641,48.11583878046252],[-107.30668934322706,48.1158283474463]]]}"
000000000000000009b3,8896,0,0,0,"{""type"":""Polygon"",""coordinates"":[[[-107.30711215340727,48.11588684917948],[-107.30699788203088,48.11586678211336],[-107.30692372769053,48.11585041119851],[-107.30684318873618,48.115838618346665],[-107.30683660018641,48.11583878046252],[-107.30670214102905,48.116413135008706],[-107.30675164969132,48.11647467845144],[-107.3071393992372,48.11589971739708],[-107.30711215340727,48.11588684917948]]]}"
000000000000000009ae,8897,0,0,0,"{""type"":""Polygon"",""coordinates"":[[[-107.30731621067478,48.11597649968693],[-107.30723426890347,48.11593347911699],[-107.3071393992372,48.11589971739708],[-107.30675164969132,48.11647467845144],[-107.30676637487156,48.11650563798079],[-107.30679502257303,48.11654973484538],[-107.30732354464433,48.11598979893839],[-107.30732269705142,48.11597190578345],[-107.30731621067478,48.11597649968693]]]}"
000000000000000009b5,8898,0,0,0,"{""type"":""Polygon"",""coordinates"":[[[-107.30679502257303,48.11654973484538],[-107.30681743221588,48.116602912854034],[-107.3068529171434,48.116651334852456],[-107.30731159303446,48.116168695526014],[-107.3073279995295,48.11608797034255],[-107.30732354464433,48.11598979893839],[-107.30679502257303,48.11654973484538]]]}"
000000000000000009b8,8899,0,0,0,"{""type"":""Polygon"",""coordinates"":[[[-107.3068529171434,48.116651334852456],[-107.30689674265489,48.116735294719696],[-107.30692559451455,48.116783807810535],[-107.3069661645297,48.11679640740665],[-107.30696596071182,48.1167919913245],[-107.30699824720992,48.1167689661657],[-107.3070112202909,48.11675977825486],[-107.30731639853914,48.116275786203026],[-107.3073161500876,48.11627129904411],[-107.30731159303446,48.116168695526014],[-107.3068529171434,48.116651334852456]]]}"
000000000000000009ba,8900,0,0,0,"{""type"":""Polygon"",""coordinates"":[[[-107.30731639853914,48.116275786203026],[-107.3070112202909,48.11675977825486],[-107.30708187203574,48.116700301833596],[-107.30710133160413,48.11668651996967],[-107.30711903916142,48.116637038191996],[-107.30713201218072,48.11662785028944],[-107.30718295506468,48.116573221057564],[-107.30722212303142,48.11655459208636],[-107.30723544666415,48.11655432317017],[-107.30727506690855,48.11654459742594],[-107.3073083028908,48.11654389742291],[-107.30733484794791,48.1165389277637],[-107.30731639853914,48.116275786203026]]]}"
00000000000000000a6a,8901,0,0,0,"{""type"":""Polygon"",""coordinates"":[[[-107.30731639853914,48.116275786203026],[-107.30733484794791,48.1165389277637],[-107.3074408379719,48.11652337009488],[-107.30748744223901,48.116522472204736],[-107.30751394272122,48.11651743137498],[-107.30731639853914,48.116275786203026]]]}"
000000000000000009ad,8902,0,0,0,"{""type"":""Polygon"",""coordinates"":[[[-107.3073279995295,48.11608797034255],[-107.30731159303446,48.116168695526014],[-107.3073161500876,48.11627129904411],[-107.30751394272122,48.11651743137498],[-107.30762701851903,48.116510685690734],[-107.3076602991839,48.116510056686394],[-107.3073279995295,48.11608797034255]]]}"
00000000000000000916,8903,0,0,0,"{""type"":""Polygon"",""coordinates"":[[[-107.30732943188175,48.1159717990128],[-107.30732269705142,48.11597190578345],[-107.30732354464433,48.11598979893839],[-107.3073279995295,48.11608797034255],[-107.3076602991839,48.116510056686394],[-107.30768031322705,48.11650960978636],[-107.30767915929796,48.11648286861439],[-107.30770535423534,48.11647342742608],[-107.30775040921702,48.11643679817191],[-107.30776373288231,48.116436529182124],[-107.30732943188175,48.1159717990128]]]}"
00000000000000000915,8904,0,0,0,"{""type"":""Polygon"",""coordinates"":[[[-107.3073688030473,48.11595758622142],[-107.30732943188175,48.1159717990128],[-107.30776373288231,48.116436529182124],[-107.3079294017845,48.11641086925925],[-107.3073688030473,48.11595758622142]]]}"
000000000000000009ab,8905,0,0,0,"{""type"":""Polygon"",""coordinates"":[[[-107.30749359424811,48.115914927856906],[-107.30748731177762,48.11592393777247],[-107.3073688030473,48.11595758622142],[-107.3079294017845,48.11641086925925],[-107.30797561072612,48.1164009810558],[-107.30803374062067,48.11635959554124],[-107.30804047557278,48.11635948871679],[-107.30749359424811,48.115914927856906]]]}"
000000000000000009a8,8906,0,0,0,"{""type"":""Polygon"",""coordinates"":[[[-107.30761858923468,48.11587668536896],[-107.30757033486547,48.1158418681979],[-107.30749359424811,48.115914927856906],[-107.30804047557278,48.11635948871679],[-107.30806747379215,48.116367869599834],[-107.30812322328624,48.11642033104429],[-107.30812911027886,48.116402330928416],[-107.30814611473848,48.116335011380706],[-107.30818668524644,48.11634761034051],[-107.30820684623698,48.11635166623439],[-107.30761858923468,48.11587668536896]]]}"
00000000000000000996,8907,0,0,0,"{""type"":""Polygon"",""coordinates"":[[[-107.30840695050138,48.11635211739041],[-107.30831686774413,48.11627797616268],[-107.30834929964219,48.11625500617439],[-107.30761858923468,48.11587668536896],[-107.30820684623698,48.11635166623439],[-107.30834233438898,48.116398097130954],[-107.3083623485161,48.11639765008743],[-107.30838899599372,48.11639711193268],[-107.30842896722356,48.11639630468634],[-107.30840695050138,48.11635211739041]]]}"
000000000000000009aa,8908,0,0,0,"{""type"":""Polygon"",""coordinates"":[[[-107.3075960763117,48.11581907656911],[-107.30757033486547,48.1158418681979],[-107.30761858923468,48.11587668536896],[-107.30834929964219,48.11625500617439],[-107.30834905106306,48.116250519023154],[-107.30839565543873,48.11624962069365],[-107.30840943171083,48.11625825479471],[-107.30843643005352,48.11626663555463],[-107.30847041197809,48.116279396605556],[-107.30852195270229,48.11623817313544],[-107.30858148527939,48.11622801557747],[-107.30862145640897,48.116227208256056],[-107.3075960763117,48.11581907656911]]]}"
0000000000000000099a,8909,0,0,0,"{""type"":""Polygon"",""coordinates"":[[[-107.30762167150883,48.11579622956412],[-107.3075960763117,48.11581907656911],[-107.30862145640897,48.116227208256056],[-107.30866142755467,48.11622640091758],[-107.30871402040016,48.11620748661259],[-107.30877898700297,48.116170425706635],[-107.30880528339227,48.11616096853556],[-107.30881815442416,48.116151796240274],[-107.30883771583045,48.11614244594307],[-107.30762167150883,48.11579622956412]]]}"
000000000000000009a5,8910,0,0,0,"{""type"":""Polygon"",""coordinates"":[[[-107.30762776248606,48.11578264568406],[-107.30762152465233,48.11579172670614],[-107.30762167150883,48.11579622956412],[-107.30883771583045,48.11614244594307],[-107.30884420216053,48.11613785192336],[-107.30890731161435,48.11605621228458],[-107.30891747721965,48.11598456821816],[-107.30762776248606,48.11578264568406]]]}"
000000000000000009a3,8911,0,0,0,"{""type"":""Polygon"",""coordinates"":[[[-107.30861091219553,48.11584330379238],[-107.30765045049719,48.11569291117578],[-107.30764616979125,48.11574655490183],[-107.30762776248606,48.11578264568406],[-107.30891747721965,48.11598456821816],[-107.30891617613466,48.1159577719738],[-107.3089357374307,48.115948421693915],[-107.30861091219553,48.11584330379238]]]}"
000000000000000009a4,8912,0,0,0,"{""type"":""Polygon"",""coordinates"":[[[-107.30781249097569,48.11543950531512],[-107.30771649664204,48.11553076221612],[-107.30765483345694,48.11564369922809],[-107.30765045049719,48.11569291117578],[-107.30861091219553,48.11584330379238],[-107.30781249097569,48.11543950531512]]]}"
000000000000000009a7,8913,0,0,0,"{""type"":""Polygon"",""coordinates"":[[[-107.30799077772349,48.1154001867781],[-107.30791606825154,48.115370482048405],[-107.30781897722657,48.115434911428196],[-107.30781249097569,48.11543950531512],[-107.30861091219553,48.11584330379238],[-107.3089357374307,48.115948421693915],[-107.30896851994918,48.115934370514594],[-107.30799077772349,48.1154001867781]]]}"
00000000000000000999,8914,0,0,0,"{""type"":""Polygon"",""coordinates"":[[[-107.30898023597402,48.115898457405265],[-107.30887755420751,48.11569057822101],[-107.30799077772349,48.1154001867781],[-107.30896851994918,48.115934370514594],[-107.30898812582208,48.115925091349645],[-107.30898023597402,48.115898457405265]]]}"
000000000000000009ac,8915,0,0,0,"{""type"":""Polygon"",""coordinates"":[[[-107.30885987321216,48.11559266113103],[-107.30884549729056,48.11557062130828],[-107.30794705210482,48.11531621384529],[-107.30792879218338,48.11535680719629],[-107.30791606825154,48.115370482048405],[-107.30799077772349,48.1154001867781],[-107.30887755420751,48.11569057822101],[-107.30885987321216,48.11559266113103]]]}"
0000000000000000099e,8916,0,0,0,"{""type"":""Polygon"",""coordinates"":[[[-107.30882073050465,48.115463892522854],[-107.30880660329463,48.11544633982588],[-107.30796521035133,48.11527563626519],[-107.30794705210482,48.11531621384529],[-107.30884549729056,48.11557062130828],[-107.30882073050465,48.115463892522854]]]}"
0000000000000000099f,8917,0,0,0,"{""type"":""Polygon"",""coordinates"":[[[-107.30879836260591,48.115410787327214],[-107.30817349896316,48.115012415104054],[-107.30803270180901,48.11514478707018],[-107.30798361709714,48.1152395457805],[-107.30796521035133,48.11527563626519],[-107.30880660329463,48.11544633982588],[-107.30879836260591,48.115410787327214]]]}"
000000000000000009a0,8918,0,0,0,"{""type"":""Polygon"",""coordinates"":[[[-107.30864611837937,48.11484214455739],[-107.30863234250654,48.11483351071279],[-107.30834259331697,48.11491521959517],[-107.30819270885038,48.11499414644476],[-107.30817349896316,48.115012415104054],[-107.30879836260591,48.115410787327214],[-107.30881063366273,48.1153882093226],[-107.30864611837937,48.11484214455739]]]}"
00000000000000000991,8919,0,0,0,"{""type"":""Polygon"",""coordinates"":[[[-107.30902620896285,48.11513821361602],[-107.3087836055816,48.114933206692996],[-107.30864611837937,48.11484214455739],[-107.30881063366273,48.1153882093226],[-107.3090477732505,48.115173496750764],[-107.30902620896285,48.11513821361602]]]}"
000000000000000009a2,8920,0,0,0,"{""type"":""Polygon"",""coordinates"":[[[-107.3090477732505,48.115173496750764],[-107.30881063366273,48.1153882093226],[-107.30879836260591,48.115410787327214],[-107.30880660329463,48.11544633982588],[-107.30882073050465,48.115463892522854],[-107.30917239252955,48.115273730995504],[-107.3090477732505,48.115173496750764]]]}"
00000000000000000998,8921,0,0,0,"{""type"":""Polygon"",""coordinates"":[[[-107.30923417615048,48.115312693703856],[-107.30920647657787,48.115290923240394],[-107.30917239252955,48.115273730995504],[-107.30882073050465,48.115463892522854],[-107.30884549729056,48.11557062130828],[-107.30885987321216,48.11559266113103],[-107.30924126216189,48.11532150555534],[-107.30923417615048,48.115312693703856]]]}"
000000000000000009a1,8922,0,0,0,"{""type"":""Polygon"",""coordinates"":[[[-107.30924126216189,48.11532150555534],[-107.30885987321216,48.11559266113103],[-107.30887755420751,48.11569057822101],[-107.30898023597402,48.115898457405265],[-107.30926197823283,48.11533889585826],[-107.30924126216189,48.11532150555534]]]}"
000000000000000009a6,8923,0,0,0,"{""type"":""Polygon"",""coordinates"":[[[-107.30928238774689,48.115347438521056],[-107.30926197823283,48.11533889585826],[-107.30898023597402,48.115898457405265],[-107.30898812582208,48.115925091349645],[-107.30918254718985,48.115947956888846],[-107.3093758140239,48.11594408118178],[-107.30942896183234,48.115938501450636],[-107.30928238774689,48.115347438521056]]]}"
000000000000000009a9,8924,0,0,0,"{""type"":""Polygon"",""coordinates"":[[[-107.30937765605913,48.1153901875801],[-107.30928238774689,48.115347438521056],[-107.30942896183234,48.115938501450636],[-107.30948205261183,48.115933008554954],[-107.30956119091765,48.11591357118367],[-107.30969372581055,48.11589304099366],[-107.30976598199747,48.115869207554155],[-107.30937765605913,48.1153901875801]]]}"
000000000000000009be,8925,0,0,0,"{""type"":""Polygon"",""coordinates"":[[[-107.30937765605913,48.1153901875801],[-107.30976598199747,48.115869207554155],[-107.30985784394588,48.11583609474683],[-107.31000089370389,48.11575283919811],[-107.31011518922179,48.11562550431071],[-107.3101465668518,48.115580225100274],[-107.3101946515891,48.11546306902545],[-107.31019444737169,48.115458653072324],[-107.30937765605913,48.1153901875801]]]}"
00000000000000000985,8926,0,0,0,"{""type"":""Polygon"",""coordinates"":[[[-107.31017415768385,48.11530269756493],[-107.310178185938,48.11524456721669],[-107.31015637146346,48.11520479727191],[-107.30928238774689,48.115347438521056],[-107.30937765605913,48.1153901875801],[-107.31019444737169,48.115458653072324],[-107.31019632362292,48.11535138632912],[-107.31017415768385,48.11530269756493]]]}"
0000000000000000099b,8927,0,0,0,"{""type"":""Polygon"",""coordinates"":[[[-107.31013340125406,48.11513828693964],[-107.31009791199689,48.11508986765845],[-107.31006880726625,48.11503687015087],[-107.31004744603273,48.11500600328195],[-107.31000747561208,48.115006811160846],[-107.30923417615048,48.115312693703856],[-107.30924126216189,48.11532150555534],[-107.30926197823283,48.11533889585826],[-107.30928238774689,48.115347438521056],[-107.31015637146346,48.11520479727191],[-107.31013340125406,48.11513828693964]]]}"
00000000000000000994,8928,0,0,0,"{""type"":""Polygon"",""coordinates"":[[[-107.30986066876814,48.11500528620146],[-107.30965468241685,48.11502283769652],[-107.3095290896706,48.11504767641054],[-107.30948971937872,48.115061889820424],[-107.30920647657787,48.115290923240394],[-107.30923417615048,48.115312693703856],[-107.31000747561208,48.115006811160846],[-107.30986066876814,48.11500528620146]]]}"
0000000000000000099d,8929,0,0,0,"{""type"":""Polygon"",""coordinates"":[[[-107.30902620896285,48.11513821361602],[-107.3090477732505,48.115173496750764],[-107.30917239252955,48.115273730995504],[-107.30920647657787,48.115290923240394],[-107.30948971937872,48.115061889820424],[-107.30902620896285,48.11513821361602]]]}"
00000000000000000995,8930,0,0,0,"{""type"":""Polygon"",""coordinates"":[[[-107.3087836055816,48.114933206692996],[-107.30902620896285,48.11513821361602],[-107.30948971937872,48.115061889820424],[-107.3095290896706,48.11504767641054],[-107.3087836055816,48.114933206692996]]]}"
00000000000000000993,8931,0,0,0,"{""type"":""Polygon"",""coordinates"":[[[-107.30870837733282,48.11474261441077],[-107.30866532803942,48.11482387586839],[-107.30863234250654,48.11483351071279],[-107.30864611837937,48.11484214455739],[-107.3087836055816,48.114933206692996],[-107.3095290896706,48.11504767641054],[-107.30965468241685,48.11502283769652],[-107.30870837733282,48.11474261441077]]]}"
00000000000000000992,8932,0,0,0,"{""type"":""Polygon"",""coordinates"":[[[-107.3088039153659,48.11464245507365],[-107.30872064816985,48.114720036710246],[-107.30870837733282,48.11474261441077],[-107.30965468241685,48.11502283769652],[-107.30986066876814,48.11500528620146],[-107.3088039153659,48.11464245507365]]]}"
00000000000000000990,8933,0,0,0,"{""type"":""Polygon"",""coordinates"":[[[-107.30986066876814,48.11500528620146],[-107.31000747561208,48.115006811160846],[-107.31004744603273,48.11500600328195],[-107.31003296684165,48.11497953224327],[-107.31004558851293,48.114965872972036],[-107.30886028732006,48.11456092472729],[-107.30882936226828,48.11461510553892],[-107.3088039153659,48.11464245507365],[-107.30962347181932,48.11492077537035],[-107.30986066876814,48.11500528620146]],[[-107.30962347181932,48.11492077537035],[-107.30962970913603,48.11491169438166],[-107.30961613701058,48.11490747658651],[-107.30962347181932,48.11492077537035]]]}"
0000000000000000098d,8934,0,0,0,"{""type"":""Polygon"",""coordinates"":[[[-107.31004182794565,48.11488109393142],[-107.308922692329,48.1144658977365],[-107.30889061253905,48.11449333834551],[-107.30886028732006,48.11456092472729],[-107.31004558851293,48.114965872972036],[-107.31009677505268,48.11491573107731],[-107.31004182794565,48.11488109393142]]]}"
0000000000000000098e,8935,0,0,0,"{""type"":""Polygon"",""coordinates"":[[[-107.3099796922421,48.11483321341514],[-107.30906916697568,48.114311110989554],[-107.30900511020772,48.11437042374841],[-107.30895442097518,48.11442953852392],[-107.308922692329,48.1144658977365],[-107.31004182794565,48.11488109393142],[-107.3099796922421,48.11483321341514]]]}"
0000000000000000098a,8936,0,0,0,"{""type"":""Polygon"",""coordinates"":[[[-107.30931015884879,48.11418116449058],[-107.30928386389057,48.11419062140755],[-107.30909496464902,48.11429268014824],[-107.30906916697568,48.114311110989554],[-107.3099796922421,48.11483321341514],[-107.30931015884879,48.11418116449058]]]}"
0000000000000000099c,8937,0,0,0,"{""type"":""Polygon"",""coordinates"":[[[-107.30954834554738,48.11428807030695],[-107.30943855652714,48.11421878037182],[-107.30933620508829,48.114167220600805],[-107.30933635216891,48.11417172331131],[-107.30931015884879,48.11418116449058],[-107.3099796922421,48.11483321341514],[-107.31004182794565,48.11488109393142],[-107.31009677505268,48.11491573107731],[-107.31011598435343,48.11489746208131],[-107.31022116731023,48.11486408029527],[-107.30954834554738,48.11428807030695]]]}"
0000000000000000098c,8938,0,0,0,"{""type"":""Polygon"",""coordinates"":[[[-107.31038519585995,48.11465530728955],[-107.30954834554738,48.11428807030695],[-107.31022116731023,48.11486408029527],[-107.31022765333063,48.1148594863016],[-107.31034450604143,48.1147901208221],[-107.31041504840987,48.11472621271111],[-107.31038519585995,48.11465530728955]]]}"
00000000000000000988,8939,0,0,0,"{""type"":""Polygon"",""coordinates"":[[[-107.31036137630059,48.11457090510075],[-107.31033900622353,48.11451780122183],[-107.31014078356417,48.114410089154966],[-107.30943855652714,48.11421878037182],[-107.30954834554738,48.11428807030695],[-107.31038519585995,48.11465530728955],[-107.31036137630059,48.11457090510075]]]}"
0000000000000000098b,8940,0,0,0,"{""type"":""Polygon"",""coordinates"":[[[-107.30967147325023,48.113910390989055],[-107.30962547120421,48.113924695298095],[-107.3095016822027,48.11398974977804],[-107.3093925753841,48.11408569072083],[-107.30933620508829,48.114167220600805],[-107.30943855652714,48.11421878037182],[-107.31014078356417,48.114410089154966],[-107.30967147325023,48.113910390989055]]]}"
00000000000000000989,8941,0,0,0,"{""type"":""Polygon"",""coordinates"":[[[-107.30975000713988,48.1138775488721],[-107.30971084228885,48.11389617784774],[-107.30967147325023,48.113910390989055],[-107.31014078356417,48.114410089154966],[-107.31033900622353,48.11451780122183],[-107.3103367523181,48.11446868157954],[-107.30980898085048,48.113854056770776],[-107.3097827877439,48.11386349801663],[-107.30976981602909,48.11387268576141],[-107.30975000713988,48.1138775488721]],[[-107.30976981602909,48.11387268576141],[-107.30977690197054,48.11388149733369],[-107.30978987368792,48.11387230958635],[-107.30976981602909,48.11387268576141]]]}"
0000000000000000097b,8942,0,0,0,"{""type"":""Polygon"",""coordinates"":[[[-107.3100191932651,48.11378279258947],[-107.30993361819489,48.11380689443197],[-107.30985508446176,48.11383973665114],[-107.30980898085048,48.113854056770776],[-107.3103367523181,48.11446868157954],[-107.31034771910996,48.1144148610451],[-107.31034410497107,48.11433458564451],[-107.3100191932651,48.11378279258947]]]}"
00000000000000000980,8943,0,0,0,"{""type"":""Polygon"",""coordinates"":[[[-107.31053150148398,48.1137546148513],[-107.31037046844843,48.113731107191846],[-107.3101710766902,48.11374849686491],[-107.31010526592462,48.11376766453908],[-107.3100191932651,48.11378279258947],[-107.31034410497107,48.11433458564451],[-107.31055839654489,48.11375856307869],[-107.31053150148398,48.1137546148513]]]}"
00000000000000000986,8944,0,0,0,"{""type"":""Polygon"",""coordinates"":[[[-107.31069303277604,48.11378709609165],[-107.31055839654489,48.11375856307869],[-107.31034410497107,48.11433458564451],[-107.31034771910996,48.1144148610451],[-107.31076128679325,48.11396885583712],[-107.3107890024872,48.11384323217275],[-107.31069303277604,48.11378709609165]]]}"
00000000000000000983,8945,0,0,0,"{""type"":""Polygon"",""coordinates"":[[[-107.31034771910996,48.1144148610451],[-107.3103367523181,48.11446868157954],[-107.31033900622353,48.11451780122183],[-107.31036137630059,48.11457090510075],[-107.31071777289338,48.11418860780708],[-107.31076343967464,48.11401799073145],[-107.31076128679325,48.11396885583712],[-107.31034771910996,48.1144148610451]]]}"
0000000000000000098f,8946,0,0,0,"{""type"":""Polygon"",""coordinates"":[[[-107.31071777289338,48.11418860780708],[-107.31036137630059,48.11457090510075],[-107.31038519585995,48.11465530728955],[-107.31041504840987,48.11472621271111],[-107.31053621706201,48.11475051297972],[-107.31067688958089,48.11476554955518],[-107.31088936233039,48.114743401912925],[-107.31071777289338,48.11418860780708]]]}"
00000000000000000984,8947,0,0,0,"{""type"":""Polygon"",""coordinates"":[[[-107.31076343967464,48.11401799073145],[-107.31071777289338,48.11418860780708],[-107.31088936233039,48.114743401912925],[-107.31094868908832,48.1147288273249],[-107.31108146990728,48.11471278276027],[-107.31076343967464,48.11401799073145]]]}"
00000000000000000981,8948,0,0,0,"{""type"":""Polygon"",""coordinates"":[[[-107.31087673095256,48.113868264289216],[-107.3108091630185,48.113847287338075],[-107.3107890024872,48.11384323217275],[-107.31076128679325,48.11396885583712],[-107.31076343967464,48.11401799073145],[-107.31108146990728,48.11471278276027],[-107.31109479342562,48.11471251332035],[-107.31116060613046,48.11469334457344],[-107.31087673095256,48.113868264289216]]]}"
00000000000000000997,8949,0,0,0,"{""type"":""Polygon"",""coordinates"":[[[-107.31104413426198,48.11403013879941],[-107.31091740265127,48.11388084576942],[-107.31087673095256,48.113868264289216],[-107.31116060613046,48.11469334457344],[-107.31133969735411,48.11467184188638],[-107.31104413426198,48.11403013879941]]]}"
00000000000000000951,8950,0,0,0,"{""type"":""Polygon"",""coordinates"":[[[-107.31164664973814,48.114527222491766],[-107.31155162749579,48.11448896344405],[-107.31151105628523,48.11447636637081],[-107.3115362974544,48.11444460037769],[-107.311548566846,48.114422022480085],[-107.311555257105,48.11442184429751],[-107.31104413426198,48.11403013879941],[-107.31133969735411,48.11467184188638],[-107.31137946361406,48.114666617571956],[-107.31153719238533,48.11461424821103],[-107.31166077843197,48.11454477442585],[-107.31164664973814,48.114527222491766]]]}"
0000000000000000097d,8951,0,0,0,"{""type"":""Polygon"",""coordinates"":[[[-107.31099085605963,48.11388382326713],[-107.31091740265127,48.11388084576942],[-107.31104413426198,48.11403013879941],[-107.311555257105,48.11442184429751],[-107.31164147948377,48.114411217345264],[-107.31165893037507,48.11435280272306],[-107.31166531459216,48.11434822442677],[-107.31099085605963,48.11388382326713]]]}"
00000000000000000972,8952,0,0,0,"{""type"":""Polygon"",""coordinates"":[[[-107.31133327851744,48.113935017803186],[-107.31128587059212,48.11391809623089],[-107.31117812795969,48.113893512079834],[-107.31105088362331,48.11388263856996],[-107.31099085605963,48.11388382326713],[-107.31166531459216,48.11434822442677],[-107.31168497654453,48.11433885815172],[-107.31133327851744,48.113935017803186]]]}"
00000000000000000950,8953,0,0,0,"{""type"":""Polygon"",""coordinates"":[[[-107.31140723034608,48.113946968845646],[-107.31133327851744,48.113935017803186],[-107.31168497654453,48.11433885815172],[-107.31170408344501,48.11432060480325],[-107.31170253010399,48.11428487519645],[-107.31172248676486,48.114284514343794],[-107.31174250046756,48.11428406662373],[-107.3117566737377,48.11430168958049],[-107.31177070079177,48.114319257168944],[-107.31177155061017,48.114337149665516],[-107.31189759601756,48.11432121118458],[-107.31194119538401,48.1142532835995],[-107.31196160555427,48.11426182549911],[-107.31196869225305,48.114270636955496],[-107.3120027777871,48.114287827840904],[-107.31202600049299,48.1143588235298],[-107.3120714024876,48.11433111240208],[-107.31211630513648,48.114289980006525],[-107.31140723034608,48.113946968845646]]]}"
0000000000000000095e,8954,0,0,0,"{""type"":""Polygon"",""coordinates"":[[[-107.31225207567749,48.113898709805774],[-107.31140723034608,48.113946968845646],[-107.31211630513648,48.114289980006525],[-107.31217986089234,48.11422169142188],[-107.31227102495234,48.11402334689785],[-107.31225207567749,48.113898709805774]]]}"
00000000000000000976,8955,0,0,0,"{""type"":""Polygon"",""coordinates"":[[[-107.31224027023023,48.113782797495105],[-107.31219603633281,48.11368985552],[-107.31128587059212,48.11391809623089],[-107.31133327851744,48.113935017803186],[-107.31140723034608,48.113946968845646],[-107.31225207567749,48.113898709805774],[-107.31224027023023,48.113782797495105]]]}"
00000000000000000970,8956,0,1,0,"{""type"":""Polygon"",""coordinates"":[[[-107.312146767948,48.113632805276204],[-107.31211751313228,48.11357530728016],[-107.31208925582655,48.11354020419569],[-107.31207593258809,48.113540473760644],[-107.31117812795969,48.113893512079834],[-107.31128587059212,48.11391809623089],[-107.31218934616098,48.113690033742586],[-107.312146767948,48.113632805276204]]]}"
00000000000000000971,8957,0,0,0,"{""type"":""Polygon"",""coordinates"":[[[-107.31188735580831,48.11349954460886],[-107.31181369792152,48.11349215204162],[-107.31105088362331,48.11388263856996],[-107.31117812795969,48.113893512079834],[-107.31207593258809,48.113540473760644],[-107.31188735580831,48.11349954460886]]]}"
0000000000000000097c,8958,0,0,0,"{""type"":""Polygon"",""coordinates"":[[[-107.311705910914,48.11346749756072],[-107.3108091630185,48.113847287338075],[-107.31087673095256,48.113868264289216],[-107.31091740265127,48.11388084576942],[-107.31099085605963,48.11388382326713],[-107.31105088362331,48.11388263856996],[-107.31181369792152,48.11349215204162],[-107.311705910914,48.11346749756072]]]}"
0000000000000000096d,8959,0,0,0,"{""type"":""Polygon"",""coordinates"":[[[-107.31165176850924,48.11345068338369],[-107.31163824095927,48.113446537108786],[-107.31066287323353,48.11370734467355],[-107.31069303277604,48.11378709609165],[-107.3107890024872,48.11384323217275],[-107.3108091630185,48.113847287338075],[-107.311705910914,48.11346749756072],[-107.31165176850924,48.11345068338369]]]}"
0000000000000000097f,8960,0,0,0,"{""type"":""Polygon"",""coordinates"":[[[-107.3114823445677,48.11339157156858],[-107.31061255447436,48.11362798545889],[-107.31065452918277,48.11367180929876],[-107.31066287323353,48.11370734467355],[-107.31163824095927,48.113446537108786],[-107.3114823445677,48.11339157156858]]]}"
00000000000000000979,8961,0,0,0,"{""type"":""Polygon"",""coordinates"":[[[-107.31143448380502,48.11336574757394],[-107.31139391387305,48.11335315068788],[-107.31053108039663,48.11344648035286],[-107.31054012730236,48.11349985245434],[-107.31057057987923,48.11358416163432],[-107.31061255447436,48.11362798545889],[-107.3114823445677,48.11339157156858],[-107.31143448380502,48.11336574757394]]]}"
0000000000000000097e,8962,0,0,0,"{""type"":""Polygon"",""coordinates"":[[[-107.31138013745544,48.11334451749632],[-107.3105752105565,48.113092745818314],[-107.31051361591908,48.113205592277],[-107.31049961910637,48.113339934529115],[-107.31052318965133,48.11341984781404],[-107.31053108039663,48.11344648035286],[-107.31139391387305,48.11335315068788],[-107.31138013745544,48.11334451749632]]]}"
00000000000000000978,8963,0,0,0,"{""type"":""Polygon"",""coordinates"":[[[-107.31097633064313,48.11281666278188],[-107.31093671379814,48.112826389278865],[-107.31075441017488,48.112923838819235],[-107.31058169622753,48.11308815196438],[-107.3105752105565,48.113092745818314],[-107.31138013745544,48.11334451749632],[-107.31097633064313,48.11281666278188]]]}"
0000000000000000096a,8964,0,0,0,"{""type"":""Polygon"",""coordinates"":[[[-107.31129149691884,48.112854990304875],[-107.31130341409954,48.11282349482243],[-107.31134363168836,48.11282717332373],[-107.31135695456715,48.112826903873284],[-107.31137027744772,48.112826634420934],[-107.31136062864354,48.11275985797533],[-107.31135414307363,48.11276445185068],[-107.31130729263941,48.11276086464838],[-107.31112137352952,48.11277804181177],[-107.31097633064313,48.11281666278188],[-107.31138013745544,48.11334451749632],[-107.31139391387305,48.11335315068788],[-107.31143448380502,48.11336574757394],[-107.31137912120477,48.112875590053115],[-107.31129195024798,48.11286389287753],[-107.31128501132761,48.1128595841844],[-107.31129149691884,48.112854990304875]],[[-107.31136283946071,48.11280890484272],[-107.3113492676186,48.11280468745436],[-107.31135635388175,48.11281349872275],[-107.31136283946071,48.11280890484272]],[[-107.31132121616264,48.11277400034162],[-107.31130768893779,48.11276985406524],[-107.31131473058808,48.112778594215655],[-107.31132121616264,48.11277400034162]],[[-107.31128501132761,48.1128595841844],[-107.31127722168729,48.112832936273655],[-107.3112582628351,48.11285569159072],[-107.31128501132761,48.1128595841844]]]}"
0000000000000000097a,8965,0,0,0,"{""type"":""MultiPolygon"",""coordinates"":[[[[-107.31136731858967,48.11275967981944],[-107.31136062864354,48.11275985797533],[-107.31137027744772,48.112826634420934],[-107.31138983693617,48.112817284243434],[-107.31136731858967,48.11275967981944]]],[[[-107.31141954327376,48.11288368425346],[-107.31140601598446,48.11287953798393],[-107.31137912120477,48.112875590053115],[-107.31143448380502,48.11336574757394],[-107.3114823445677,48.11339157156858],[-107.31163824095927,48.113446537108786],[-107.31165176850924,48.11345068338369],[-107.31141954327376,48.11288368425346]]]]}"
0000000000000000096f,8966,0,0,0,"{""type"":""MultiPolygon"",""coordinates"":[[[[-107.31151420955693,48.11291302404529],[-107.31150691883403,48.112899797042665],[-107.31150068223245,48.112908877787696],[-107.31151420955693,48.11291302404529]]],[[[-107.31141352375775,48.112749790742456],[-107.31136731858967,48.11275967981944],[-107.31138983693617,48.112817284243434],[-107.31142864875633,48.11278973669265],[-107.31144257235105,48.11280287237368],[-107.31141352375775,48.112749790742456]]],[[[-107.31151420955693,48.11291302404529],[-107.31150772396623,48.112917617944944],[-107.31150068223245,48.112908877787696],[-107.31148052196804,48.112904822833336],[-107.31141954327376,48.11288368425346],[-107.31165176850924,48.11345068338369],[-107.311705910914,48.11346749756072],[-107.31181369792152,48.11349215204162],[-107.31188735580831,48.11349954460886],[-107.31151420955693,48.11291302404529]]]]}"
0000000000000000096e,8967,0,0,0,"{""type"":""MultiPolygon"",""coordinates"":[[[[-107.31147354975798,48.112748605846],[-107.31145314060552,48.11274006406263],[-107.31141352375775,48.112749790742456],[-107.31144257235105,48.11280287237368],[-107.3114496140491,48.11281161251846],[-107.31150843868868,48.11278361731045],[-107.31147354975798,48.112748605846]]],[[[-107.31155785211685,48.11284516960555],[-107.31151928926381,48.11287720408249],[-107.31150691883403,48.112899797042665],[-107.31151420955693,48.11291302404529],[-107.31188735580831,48.11349954460886],[-107.31207593258809,48.113540473760644],[-107.312082622725,48.11354029554736],[-107.31208925582655,48.11354020419569],[-107.31212827270566,48.11351707174715],[-107.31155785211685,48.11284516960555]]]]}"
0000000000000000096c,8968,0,0,0,"{""type"":""MultiPolygon"",""coordinates"":[[[[-107.31148701998346,48.11275283895681],[-107.31147354975798,48.112748605846],[-107.31150843868868,48.11278361731045],[-107.31151447086962,48.11277012086728],[-107.31152176157516,48.11278334783714],[-107.31154157002761,48.11277848447286],[-107.31156765963865,48.11276461149585],[-107.31148701998346,48.11275283895681]]],[[[-107.31161401223518,48.112759224898596],[-107.31159405641715,48.11275958569683],[-107.31156821580808,48.112777945515035],[-107.31155764771697,48.11284075387989],[-107.31155785211685,48.11284516960555],[-107.31212827270566,48.11351707174715],[-107.31216739238872,48.11349837081709],[-107.31226598332667,48.113465150239534],[-107.31161401223518,48.112759224898596]]]]}"
00000000000000000968,8969,0,0,0,"{""type"":""Polygon"",""coordinates"":[[[-107.31236423140552,48.11327561981685],[-107.31163367330834,48.11274985893952],[-107.31162070219892,48.112759046724584],[-107.31161401223518,48.112759224898596],[-107.31226598332667,48.113465150239534],[-107.31233179401661,48.11344598119505],[-107.3124552281016,48.11337200541647],[-107.31246171372896,48.11336741141212],[-107.31236423140552,48.11327561981685]]]}"
0000000000000000096b,8970,0,0,0,"{""type"":""Polygon"",""coordinates"":[[[-107.31200378917941,48.11282281886495],[-107.31190922502704,48.11279791108916],[-107.31185512794602,48.11278116833801],[-107.31182184913453,48.112781798706095],[-107.31176161843317,48.11277856810891],[-107.31172728539765,48.112756890759826],[-107.31168696488756,48.11274878096543],[-107.31164619099566,48.112731768606565],[-107.31163367330834,48.11274985893952],[-107.31236423140552,48.11327561981685],[-107.31200378917941,48.11282281886495]]]}"
00000000000000000969,8971,0,0,0,"{""type"":""Polygon"",""coordinates"":[[[-107.31219171739147,48.112850271074215],[-107.31215883490516,48.11285989098799],[-107.31212485331804,48.112847132065355],[-107.3120239495752,48.11282687369965],[-107.31200378917941,48.11282281886495],[-107.31236423140552,48.11327561981685],[-107.31246171372896,48.11336741141212],[-107.31248755459436,48.11334905114077],[-107.31251384906258,48.11333959350938],[-107.31219171739147,48.112850271074215]]]}"
00000000000000000966,8972,0,0,0,"{""type"":""Polygon"",""coordinates"":[[[-107.31233771412016,48.11283397165684],[-107.31231081899406,48.11283002399948],[-107.31219171739147,48.112850271074215],[-107.31251384906258,48.11333959350938],[-107.31257312936825,48.113324947237146],[-107.31233771412016,48.11283397165684]]]}"
00000000000000000967,8973,0,0,0,"{""type"":""Polygon"",""coordinates"":[[[-107.31247718083812,48.112822194859525],[-107.31239769625029,48.11283271504647],[-107.31233771412016,48.11283397165684],[-107.31257312936825,48.113324947237146],[-107.31263270338796,48.11331485892356],[-107.31247718083812,48.112822194859525]]]}"
00000000000000000973,8974,0,0,0,"{""type"":""Polygon"",""coordinates"":[[[-107.31261654478723,48.11280598639548],[-107.3125368556316,48.112812090977776],[-107.31247718083812,48.112822194859525],[-107.31263270338796,48.11331485892356],[-107.3126527167604,48.11331441103023],[-107.31272546653439,48.11329955039635],[-107.31261654478723,48.11280598639548]]]}"
00000000000000000961,8975,0,0,0,"{""type"":""Polygon"",""coordinates"":[[[-107.31274836844352,48.11277206403897],[-107.31274178002927,48.112772226547534],[-107.31272277720004,48.11279491099709],[-107.31261654478723,48.11280598639548],[-107.31272546653439,48.11329955039635],[-107.31275849699054,48.11329443281538],[-107.31285874365301,48.11329692488579],[-107.31274836844352,48.11277206403897]]]}"
0000000000000000095f,8976,0,0,0,"{""type"":""Polygon"",""coordinates"":[[[-107.31288893500401,48.11278266542075],[-107.31274836844352,48.11277206403897],[-107.31285874365301,48.11329692488579],[-107.31288559473607,48.11330080129491],[-107.31294231007678,48.113228189214986],[-107.31294823898929,48.11321026107986],[-107.31296011053439,48.11317869408965],[-107.31288893500401,48.11278266542075]]]}"
00000000000000000964,8977,0,0,0,"{""type"":""Polygon"",""coordinates"":[[[-107.31288893500401,48.11278266542075],[-107.31296011053439,48.11317869408965],[-107.31297202665648,48.11314719823278],[-107.31303594275678,48.11278860148713],[-107.31288893500401,48.11278266542075]]]}"
00000000000000000962,8978,0,0,0,"{""type"":""Polygon"",""coordinates"":[[[-107.31310315962453,48.11280065812952],[-107.3130427803723,48.11279292578604],[-107.31303594275678,48.11278860148713],[-107.31297202665648,48.11314719823278],[-107.31319018520374,48.11280785101354],[-107.31310315962453,48.11280065812952]]]}"
00000000000000000963,8979,0,0,0,"{""type"":""Polygon"",""coordinates"":[[[-107.31327766471593,48.11282394636076],[-107.31319018520374,48.11280785101354],[-107.31297202665648,48.11314719823278],[-107.31296011053439,48.11317869408965],[-107.31294823898929,48.11321026107986],[-107.31297403503957,48.11319182962245],[-107.31333180795602,48.1128407593983],[-107.31327766471593,48.11282394636076]]]}"
00000000000000000932,8980,0,0,0,"{""type"":""Polygon"",""coordinates"":[[[-107.31349369509621,48.11288215356492],[-107.31348001966286,48.112873505021696],[-107.31339922985688,48.112857231552006],[-107.31333191093918,48.112845190861606],[-107.31297403503957,48.11319182962245],[-107.31350053281598,48.11288647783625],[-107.31349369509621,48.11288215356492]]]}"
00000000000000000965,8981,0,0,0,"{""type"":""Polygon"",""coordinates"":[[[-107.31361581782144,48.112928772528875],[-107.313575291223,48.112916247817026],[-107.31356196799803,48.11291651758487],[-107.31352798534726,48.11290375917261],[-107.31350737053779,48.11289080210738],[-107.31350053281598,48.11288647783625],[-107.31297403503957,48.11319182962245],[-107.31294823898929,48.11321026107986],[-107.31294231007678,48.113228189214986],[-107.31363079799222,48.11296421560976],[-107.3136761977969,48.11293650451326],[-107.31361581782144,48.112928772528875]]]}"
00000000000000000975,8982,0,0,0,"{""type"":""Polygon"",""coordinates"":[[[-107.31294231007678,48.113228189214986],[-107.31288559473607,48.11330080129491],[-107.3129622596595,48.11337521928794],[-107.31310599543417,48.113457191446095],[-107.3132479279585,48.11349894759623],[-107.31363079799222,48.11296421560976],[-107.31294231007678,48.113228189214986]]]}"
00000000000000000960,8983,0,0,0,"{""type"":""Polygon"",""coordinates"":[[[-107.31372974006287,48.112939912201256],[-107.3136761977969,48.11293650451326],[-107.31363079799222,48.11296421560976],[-107.3132479279585,48.11349894759623],[-107.31324817715779,48.11350343448413],[-107.31343706593263,48.11355320815001],[-107.31347079986162,48.113561479847355],[-107.31374341561524,48.11294856071677],[-107.31372974006287,48.112939912201256]]]}"
00000000000000000957,8984,0,0,0,"{""type"":""Polygon"",""coordinates"":[[[-107.31382420607666,48.11296483390819],[-107.31376382592524,48.11295710201728],[-107.31374341561524,48.11294856071677],[-107.31347079986162,48.113561479847355],[-107.3135647671176,48.1135729810188],[-107.31361866247192,48.113585307206215],[-107.31367904350141,48.113593039258646],[-107.31383798330604,48.11297346666573],[-107.31382420607666,48.11296483390819]]]}"
00000000000000000958,8985,0,0,0,"{""type"":""Polygon"",""coordinates"":[[[-107.31393159867575,48.11298049628124],[-107.31391168684496,48.11298092869334],[-107.31389162878565,48.11298130573413],[-107.31387171696284,48.11298173813774],[-107.31383798330604,48.11297346666573],[-107.31367904350141,48.113593039258646],[-107.31378623298708,48.11360428616373],[-107.31389951134076,48.113601949290235],[-107.31393833344198,48.11298038905426],[-107.31393159867575,48.11298049628124]]]}"
00000000000000000959,8986,0,0,0,"{""type"":""Polygon"",""coordinates"":[[[-107.31406427468372,48.112964463949346],[-107.31401847797264,48.11298318581604],[-107.31396498004617,48.11297984940761],[-107.31393833344198,48.11298038905426],[-107.31389951134076,48.113601949290235],[-107.31391283485952,48.11360167946454],[-107.31391967278368,48.11360600376],[-107.31402922850808,48.11337156992635],[-107.31409056893244,48.11295500596048],[-107.31406427468372,48.112964463949346]],[[-107.31398397588039,48.11340378405448],[-107.3139705047669,48.11339955126447],[-107.3139708571106,48.11340846964803],[-107.31398397588039,48.11340378405448]]]}"
0000000000000000095d,8987,0,0,0,"{""type"":""Polygon"",""coordinates"":[[[-107.31445326275308,48.11286283690555],[-107.3144332046417,48.112863214060084],[-107.31440655798863,48.11286375383687],[-107.31431349949236,48.11287005870931],[-107.31422863008682,48.11291200053503],[-107.3142086736291,48.11291236189454],[-107.31415623141199,48.11293133328158],[-107.31411681857445,48.11294547685183],[-107.31409056893244,48.11295500596048],[-107.31402922850808,48.11337156992635],[-107.31445985130192,48.11286267427573],[-107.31445326275308,48.11286283690555]]]}"
0000000000000000095c,8988,0,0,0,"{""type"":""Polygon"",""coordinates"":[[[-107.31456774337197,48.112887309542764],[-107.3145406425407,48.112878946817354],[-107.31445985130192,48.11286267427573],[-107.31402922850808,48.11337156992635],[-107.31391967278368,48.11360600376],[-107.31396733220615,48.11362741076828],[-107.31459459485454,48.11289118543311],[-107.31456774337197,48.112887309542764]],[[-107.314128376577,48.11335168164063],[-107.31408840620371,48.11335249119351],[-107.31408925718446,48.11337038331094],[-107.31412922757738,48.11336957375692],[-107.314128376577,48.11335168164063]]]}"
0000000000000000095a,8989,0,0,0,"{""type"":""Polygon"",""coordinates"":[[[-107.31469650210481,48.11293383553904],[-107.31465477085925,48.11289450106132],[-107.31459459485454,48.11289118543311],[-107.31396733220615,48.11362741076828],[-107.31401499170758,48.1136488177596],[-107.31409619342497,48.11367392245613],[-107.31470319231563,48.112933657143145],[-107.31469650210481,48.11293383553904]]]}"
0000000000000000095b,8990,0,0,0,"{""type"":""Polygon"",""coordinates"":[[[-107.31480942695222,48.112922579350254],[-107.31470319231563,48.112933657143145],[-107.31409619342497,48.11367392245613],[-107.31413676583543,48.11368651821311],[-107.31422414707497,48.11370262862887],[-107.31484376310888,48.11294425558515],[-107.31480942695222,48.112922579350254]],[[-107.31447045806689,48.11339394578752],[-107.31443687139993,48.11339017709926],[-107.31444395873612,48.113398988210434],[-107.31447045806689,48.11339394578752]],[[-107.31443048750276,48.11339475548845],[-107.31441022436762,48.113390716892084],[-107.31441731169546,48.113399528005544],[-107.31443048750276,48.11339475548845]]]}"
00000000000000000956,8991,0,0,0,"{""type"":""Polygon"",""coordinates"":[[[-107.31489152591604,48.112970093326695],[-107.31484376310888,48.11294425558515],[-107.31422414707497,48.11370262862887],[-107.31427120521627,48.11371063017926],[-107.31433968560145,48.11374940990486],[-107.31496523052714,48.112977554517016],[-107.31489152591604,48.112970093326695]],[[-107.31457940913567,48.113445336399906],[-107.31455924755754,48.11344128208465],[-107.31456633494088,48.11345009319416],[-107.31457940913567,48.113445336399906]]]}"
0000000000000000094f,8992,0,0,0,"{""type"":""Polygon"",""coordinates"":[[[-107.31498549362772,48.11298159296526],[-107.31496523052714,48.112977554517016],[-107.31433968560145,48.11374940990486],[-107.31442188688536,48.113796909265076],[-107.31446929774931,48.11381382917368],[-107.31507322705737,48.11300662070695],[-107.31498549362772,48.11298159296526]],[[-107.31470133170305,48.11348753860002],[-107.31466784647662,48.113483754242246],[-107.31467528641525,48.11350148374223],[-107.31470133170305,48.11348753860002]]]}"
00000000000000000987,8993,0,0,0,"{""type"":""Polygon"",""coordinates"":[[[-107.31446929774931,48.11381382917368],[-107.31455713386579,48.1138388420086],[-107.31463788270791,48.113855043599145],[-107.31515447369509,48.11303179530677],[-107.31507322705737,48.11300662070695],[-107.31500399825367,48.113097324526],[-107.31446929774931,48.11381382917368]],[[-107.31500399825367,48.113097324526],[-107.3150116877411,48.11311954071123],[-107.31501771895422,48.11310604398605],[-107.31500399825367,48.113097324526]]]}"
00000000000000000954,8994,0,0,0,"{""type"":""Polygon"",""coordinates"":[[[-107.31522169327155,48.1130438504515],[-107.31518137012102,48.113035742148874],[-107.31515447369509,48.11303179530677],[-107.31463788270791,48.113855043599145],[-107.31463803044159,48.1138595462582],[-107.31478685134945,48.113905695685844],[-107.31524869294515,48.113052228747634],[-107.31522169327155,48.1130438504515]]]}"
00000000000000000955,8995,0,0,0,"{""type"":""Polygon"",""coordinates"":[[[-107.31534361617338,48.113086051504276],[-107.31524869294515,48.113052228747634],[-107.31478685134945,48.113905695685844],[-107.31479379112956,48.113910004189556],[-107.31494130709358,48.11392935838929],[-107.31535030645692,48.113085873060896],[-107.31534361617338,48.113086051504276]]]}"
00000000000000000982,8996,0,0,0,"{""type"":""Polygon"",""coordinates"":[[[-107.31494130709358,48.11392935838929],[-107.31505639388696,48.113967236219416],[-107.31514342444855,48.113974427364326],[-107.31530601451189,48.113435192896105],[-107.31529952901701,48.11343978709535],[-107.31528514894711,48.113417749245855],[-107.31530541238972,48.11342178765165],[-107.31540385009117,48.113089279789286],[-107.31535030645692,48.113085873060896],[-107.3151918834553,48.113419639336556],[-107.31494130709358,48.11392935838929]],[[-107.3151918834553,48.113419639336556],[-107.31519917587141,48.1134328661469],[-107.31522536887402,48.11342342350188],[-107.3151918834553,48.113419639336556]]]}"
00000000000000000946,8997,0,0,0,"{""type"":""Polygon"",""coordinates"":[[[-107.31542380689883,48.11308891817098],[-107.31540385009117,48.113089279789286],[-107.31530541238972,48.11342178765165],[-107.31531873604287,48.11342151762817],[-107.31530601451189,48.113435192896105],[-107.31514342444855,48.113974427364326],[-107.31519717404309,48.11398225003962],[-107.31534413364459,48.113988269342734],[-107.31536414795369,48.11398782085409],[-107.31544276733705,48.11321355243271],[-107.31542380689883,48.11308891817098]]]}"
00000000000000000945,8998,0,0,0,"{""type"":""Polygon"",""coordinates"":[[[-107.31544276733705,48.11321355243271],[-107.31536414795369,48.11398782085409],[-107.31546475227118,48.11399922857741],[-107.31566380357218,48.11397735638027],[-107.31568361305156,48.11397249202398],[-107.31544276733705,48.11321355243271]]]}"
00000000000000000953,8999,0,0,0,"{""type"":""Polygon"",""coordinates"":[[[-107.3155368807698,48.11308216365099],[-107.31550395310411,48.11309171365476],[-107.31542380689883,48.11308891817098],[-107.31544276733705,48.11321355243271],[-107.31568361305156,48.11397249202398],[-107.31580860432423,48.11393424037078],[-107.3155368807698,48.11308216365099]],[[-107.31567520992627,48.113637654117035],[-107.31566163664873,48.113633437308835],[-107.31566234053247,48.11364682685215],[-107.31567520992627,48.113637654117035]]]}"
0000000000000000094e,9000,0,0,0,"{""type"":""Polygon"",""coordinates"":[[[-107.31583414033345,48.113612089352436],[-107.3158407737166,48.11361199773404],[-107.31567826082865,48.11311058172878],[-107.31567801132731,48.1131060948884],[-107.31567776182595,48.1131016080484],[-107.31566302882034,48.1130706520909],[-107.31566292555895,48.11306622061816],[-107.31564226482541,48.11305319289148],[-107.3155368807698,48.11308216365099],[-107.31580860432423,48.11393424037078],[-107.31582192823257,48.11393397026829],[-107.31593560746101,48.11394062045764],[-107.31594149067188,48.1139226208075],[-107.31594124114265,48.1139181338992],[-107.31584786153327,48.11362080876646],[-107.31583453773368,48.113621078868185],[-107.31583414033345,48.113612089352436]],[[-107.31566352781977,48.11307962576616],[-107.3156499547424,48.11307540899599],[-107.31565055699825,48.11308881414654],[-107.31566352781977,48.11307962576616]],[[-107.31583453773368,48.113621078868185],[-107.31581483006772,48.11362592746876],[-107.31582850665916,48.11363457577347],[-107.31583453773368,48.113621078868185]],[[-107.3156510113897,48.11309771671123],[-107.31563743830927,48.113093499937904],[-107.31563804056016,48.11310690509328],[-107.3156510113897,48.11309771671123]],[[-107.31563638167013,48.113071192224105],[-107.31562295484115,48.11306703081489],[-107.31562351248265,48.11308036484989],[-107.31563638167013,48.113071192224105]]]}"
0000000000000000094b,9001,0,0,0,"{""type"":""Polygon"",""coordinates"":[[[-107.3157369839273,48.11308259951523],[-107.31575538342832,48.113046509229015],[-107.31572848676136,48.11304256255319],[-107.31568872093943,48.11304778849815],[-107.31566292555895,48.11306622061816],[-107.31567801132731,48.1131060948884],[-107.31569133491993,48.113105824816316],[-107.31567836409147,48.11311501320522],[-107.3158407737166,48.11361199773404],[-107.31586078792786,48.11361154914746],[-107.31586118533465,48.11362053866284],[-107.31584786153327,48.11362080876646],[-107.31594124114265,48.1139181338992],[-107.31597612542465,48.113653912500745],[-107.31596823027257,48.11362728041673],[-107.3159555088099,48.11364095582262],[-107.31591513992922,48.11363277665054],[-107.31593474431908,48.11362349650966],[-107.31589431844138,48.11361540419503],[-107.3159072448291,48.11360614457089],[-107.31594686342582,48.113596415832035],[-107.31595324728168,48.113591837325394],[-107.3159668206218,48.1135960540874],[-107.31586112506888,48.113173846859844],[-107.3158403608824,48.1131563876739],[-107.31581371362046,48.11315692786009],[-107.3158114968519,48.11310788092168],[-107.3157981732415,48.11310815101092],[-107.31578545193761,48.11312182625515],[-107.31575252420816,48.11313137635309],[-107.31573155521647,48.11310950142868],[-107.31573758621495,48.11309600466626],[-107.3157303506461,48.11308269112295],[-107.3157369839273,48.11308259951523]],[[-107.3157303506461,48.11308269112295],[-107.31572330756084,48.11307395128259],[-107.31571033674757,48.11308313966985],[-107.3157303506461,48.11308269112295]],[[-107.31586078792786,48.11361154914746],[-107.31587411172777,48.11361127904212],[-107.31586043512677,48.113602630748],[-107.31586078792786,48.11361154914746]],[[-107.31587516849433,48.11363358697931],[-107.31586163977099,48.11362944131545],[-107.315862242093,48.1136428466043],[-107.31587516849433,48.11363358697931]]]}"
0000000000000000094c,9002,0,0,0,"{""type"":""MultiPolygon"",""coordinates"":[[[[-107.3159723407162,48.11327435375411],[-107.31595866419318,48.113265705527446],[-107.31594473814496,48.113252570448665],[-107.31597153341501,48.113256532823456],[-107.31598410682408,48.11323835491944],[-107.31588188927878,48.11319130604651],[-107.31586112506888,48.113173846859844],[-107.3159668206218,48.1135960540874],[-107.31599371777976,48.11360000072549],[-107.31596823027257,48.11362728041673],[-107.31597612542465,48.113653912500745],[-107.31617832885912,48.113256789229744],[-107.31615851972565,48.11326165361318],[-107.31611940056573,48.113280356073574],[-107.31607998722677,48.11329450055718],[-107.31601985409941,48.113291256955705],[-107.31599979542145,48.11329163445531],[-107.31596630975152,48.11328785057623],[-107.3159723407162,48.11327435375411]],[[-107.31593317692445,48.11329298502981],[-107.31596007385295,48.11329693166041],[-107.31596630975152,48.11328785057623],[-107.31593317692445,48.11329298502981]],[[-107.31592412175641,48.11323961385698],[-107.31591703397899,48.113230802893106],[-107.31591100300666,48.11324429970076],[-107.31592412175641,48.11323961385698]],[[-107.31589098898277,48.11324474828992],[-107.31590476710683,48.11325338077385],[-107.31591100300666,48.11324429970076],[-107.31589098898277,48.11324474828992]]],[[[-107.31618832595477,48.113033255686055],[-107.31616182661023,48.113038298549334],[-107.31611461998214,48.11302579546229],[-107.316020547321,48.113009865495535],[-107.31604166441298,48.11303624289233],[-107.31604247175444,48.113054063746674],[-107.31605629447654,48.11306276729127],[-107.31608410196391,48.11308896620932],[-107.3160779694352,48.113102478739016],[-107.31609179218789,48.11311118228574],[-107.31611251192177,48.11312857028472],[-107.31612608514047,48.113132786990114],[-107.31616062770532,48.11315887853155],[-107.31621487779067,48.11318012143915],[-107.31624564529344,48.11312143738121],[-107.31619189607392,48.113113615412075],[-107.31619033827637,48.11307788681161],[-107.31617620721666,48.11306033609468],[-107.31618223807398,48.11304683932051],[-107.3162298547136,48.113068173817],[-107.31627028023343,48.11307626591503],[-107.31627606149071,48.11305828229861],[-107.31618832595477,48.113033255686055]]]]}"
00000000000000000948,9003,0,0,0,"{""type"":""GeometryCollection"",""geometries"":[{""type"":""LineString"",""coordinates"":[[-107.31623260376486,48.11342542977066],[-107.31623906663971,48.113420833074514]]},{""type"":""Polygon"",""coordinates"":[[[-107.31597612542465,48.113653912500745],[-107.31594124114265,48.1139181338992],[-107.31599946482174,48.11387672996136],[-107.31612836579365,48.11362852572335],[-107.31606149705541,48.11362538953087],[-107.31607421848828,48.11361171411573],[-107.3161139850382,48.11360648793638],[-107.31613344148812,48.113592705130465],[-107.31614676531986,48.11359243498654],[-107.3162325852633,48.11342542314401],[-107.31622549735752,48.11341661217503],[-107.31623907070787,48.1134208288842],[-107.31636193770684,48.113186123374284],[-107.3163684231001,48.11318152912795],[-107.31641744319273,48.11308669923218],[-107.31636354593142,48.113074374782805],[-107.31631004626286,48.11307103972085],[-107.31627606149071,48.11305828229861],[-107.31627028023343,48.11307626591503],[-107.31635117769619,48.11309696839679],[-107.31632513283525,48.11311091387256],[-107.31630617584236,48.11313367026055],[-107.3162722926522,48.11312089707292],[-107.31624564529344,48.11312143738121],[-107.31621487779067,48.11318012143915],[-107.31624886262561,48.11319287891104],[-107.316224580469,48.113246968808646],[-107.31617832885912,48.113256789229744],[-107.31600704159435,48.11359973060138],[-107.31597612542465,48.113653912500745]],[[-107.31633041983456,48.1132268997627],[-107.31631040573134,48.11322734844126],[-107.31631749363251,48.113236159372356],[-107.31633041983456,48.1132268997627]],[[-107.31626958251083,48.11321026689929],[-107.31626193675726,48.113188121912316],[-107.31625605383302,48.113206121323294],[-107.31626958251083,48.11321026689929]],[[-107.31622549735752,48.11341661217503],[-107.31621830613045,48.11340336970795],[-107.31619864484223,48.11341273672875],[-107.31622549735752,48.11341661217503]],[[-107.31610961337094,48.113655698076265],[-107.31604902515858,48.11364355183191],[-107.31607658348328,48.113665264145894],[-107.31610961337094,48.113655698076265]],[[-107.31600704159435,48.11359973060138],[-107.31601468723385,48.11362187578498],[-107.31604088040606,48.113612432879],[-107.31600704159435,48.11359973060138]],[[-107.31626958251083,48.11321026689929],[-107.31627727287913,48.11323248300843],[-107.31630416990446,48.11323642953553],[-107.31628290622459,48.11320999674141],[-107.31626958251083,48.11321026689929]]]}]}"
0000000000000000093d,9004,0,0,0,"{""type"":""MultiPolygon"",""coordinates"":[[[[-107.31645781183019,48.11309487811404],[-107.316451428092,48.11309945660798],[-107.31641744319273,48.11308669923218],[-107.3163684231001,48.11318152912795],[-107.31639482094737,48.11317650194066],[-107.31648008816443,48.113143547408036],[-107.31648632394273,48.11313446631961],[-107.31645781183019,48.11309487811404]]],[[[-107.31615762815248,48.11368602236267],[-107.31614430428563,48.11368629250947],[-107.31614264493155,48.11365057926715],[-107.31615596878534,48.11365030912109],[-107.31615582086368,48.113645806487085],[-107.31612896821359,48.113641931007805],[-107.31614168963752,48.11362825557964],[-107.31612836579365,48.11362852572335],[-107.31599946482174,48.11387672996136],[-107.31613531309142,48.11378467337285],[-107.31617965473414,48.113730205387796],[-107.31617291966978,48.11373031278126],[-107.31613922857899,48.113722113167015],[-107.31617884734432,48.11371238430658],[-107.31615762815248,48.11368602236267]],[[-107.31612353963928,48.11366883322627],[-107.31611765655728,48.113686832797384],[-107.3161374213127,48.11368189726289],[-107.31612353963928,48.11366883322627]],[[-107.31610453764007,48.113691518711754],[-107.31611162555329,48.113700329735565],[-107.31611765655728,48.113686832797384],[-107.31610453764007,48.113691518711754]]],[[[-107.31644625823284,48.113282683179484],[-107.31645178814304,48.113255765397604],[-107.31649130482114,48.11324605225629],[-107.31645093600062,48.11323787336965],[-107.31644329011962,48.113215728388745],[-107.3164299663811,48.11321599856955],[-107.31644223299185,48.113193420644336],[-107.31640874719879,48.113189636929924],[-107.31637561435787,48.113194771527105],[-107.31636193770684,48.113186123374284],[-107.31623907070787,48.1134208288842],[-107.31614676531986,48.11359243498654],[-107.31616008915337,48.11359216484074],[-107.3162408396151,48.1136083649646],[-107.31626748732202,48.11360782464381],[-107.31636829027481,48.11347625557089],[-107.31635476147741,48.11347210999088],[-107.3163680852972,48.113471839817144],[-107.31638080660262,48.11345816440452],[-107.31636064441565,48.1134541104824],[-107.31637336571605,48.113440435075525],[-107.3163935279,48.113444488993984],[-107.31642464838559,48.11339472293953],[-107.31643716466239,48.11337663179517],[-107.3164437980467,48.11337654013544],[-107.31650036086081,48.11329942335997],[-107.31647939116971,48.11327754854688],[-107.31647336035417,48.11329104539792],[-107.31644686077668,48.1132960883706],[-107.31643313945659,48.11328736909919],[-107.31644625823284,48.113282683179484]],[[-107.31646063913306,48.113304720777194],[-107.316468080048,48.113322450052934],[-107.31648080127415,48.113308774667935],[-107.31646063913306,48.113304720777194]],[[-107.31640331890941,48.11321653892549],[-107.31642373057724,48.11322507966905],[-107.3164299663811,48.11321599856955],[-107.31640331890941,48.11321653892549]],[[-107.31637747894486,48.11323490018266],[-107.31638446523385,48.11324372685981],[-107.31639743603837,48.113234538353524],[-107.31637747894486,48.11323490018266]],[[-107.31639638577587,48.11335962137934],[-107.3164034291194,48.113368361211215],[-107.31641654792465,48.11336367528762],[-107.31639638577587,48.11335962137934]],[[-107.31637210365999,48.11341371148485],[-107.31639307333143,48.11343558637857],[-107.31640569127006,48.113417479473185],[-107.31637210365999,48.11341371148485]],[[-107.31635676735627,48.11336935025556],[-107.31636381068898,48.11337809009224],[-107.31637703113195,48.11337338842277],[-107.31635676735627,48.11336935025556]],[[-107.31633293973968,48.11343234297645],[-107.31634002768202,48.113441153939206],[-107.31635310190583,48.113436396903246],[-107.31633293973968,48.11343234297645]],[[-107.31643278651113,48.1132784507605],[-107.31639919901222,48.113274682788806],[-107.316400256111,48.11329699056892],[-107.31643313945659,48.11328736909919],[-107.31643278651113,48.1132784507605]]]]}"
00000000000000000949,9005,0,0,0,"{""type"":""GeometryCollection"",""geometries"":[{""type"":""LineString"",""coordinates"":[[-107.31648786582782,48.11331755555736],[-107.31650039015099,48.11329943748796]]},{""type"":""LineString"",""coordinates"":[[-107.3163684829951,48.11348075250341],[-107.31636828232911,48.11347629017859]]},{""type"":""Polygon"",""coordinates"":[[[-107.31652158018439,48.11332578503082],[-107.31652077261657,48.11330796409412],[-107.31650141802062,48.113321731147906],[-107.31652158018439,48.11332578503082]]]},{""type"":""Polygon"",""coordinates"":[[[-107.31638080660262,48.11345816440452],[-107.3163680852972,48.113471839817144],[-107.31640121838703,48.113466705189175],[-107.3164009687985,48.11346221832248],[-107.31638080660262,48.11345816440452]]]},{""type"":""Polygon"",""coordinates"":[[[-107.31622601026862,48.11372481638807],[-107.31617965473414,48.113730205387796],[-107.31613531309142,48.11378467337285],[-107.3162203321757,48.11374723176118],[-107.31624606922897,48.113724438830886],[-107.31622601026862,48.11372481638807]]]},{""type"":""Polygon"",""coordinates"":[[[-107.31651690972578,48.11351798613058],[-107.31642927608897,48.113497391061934],[-107.31640921721207,48.113497768653694],[-107.31639554044395,48.11348912045879],[-107.31636843822396,48.113480758189354],[-107.31626748732202,48.11360782464381],[-107.31628116408162,48.11361647287672],[-107.31629533999848,48.11363409487174],[-107.31634320706043,48.11365991641265],[-107.31652374813714,48.113522310221136],[-107.31651690972578,48.11351798613058]]]},{""type"":""Polygon"",""coordinates"":[[[-107.31652158018439,48.11332578503082],[-107.31650850599782,48.113330542078785],[-107.31650141802062,48.113321731147906],[-107.3164878892427,48.11331758559838],[-107.3164437980467,48.11337654013544],[-107.31645732683381,48.11338068569562],[-107.3164442526284,48.113385442740274],[-107.31643716466239,48.11337663179517],[-107.31642464838559,48.11339472293953],[-107.3163935279,48.113444488993984],[-107.31641348510956,48.11344412715711],[-107.31641911842645,48.11342164079226],[-107.31645225148272,48.11341650615243],[-107.31646678039255,48.11344304641889],[-107.31647975126323,48.11343385786494],[-107.31646522234495,48.113407317605315],[-107.3165049887922,48.11340209128677],[-107.31651746043693,48.11338392901627],[-107.31650403326796,48.113379767714264],[-107.3165091085635,48.11334394728116],[-107.31652891777364,48.11333908281575],[-107.31652158018439,48.11332578503082]],[[-107.31643173635067,48.11340353388863],[-107.31644485516935,48.11339884795768],[-107.31642464838559,48.11339472293953],[-107.31643173635067,48.11340353388863]]]}]}"
00000000000000000944,9006,0,0,0,"{""type"":""MultiPolygon"",""coordinates"":[[[[-107.31624606922897,48.113724438830886],[-107.3162203321757,48.11374723176118],[-107.3162795554204,48.11372822263048],[-107.31624606922897,48.113724438830886]]],[[[-107.31657182034562,48.11355254734856],[-107.3165445129894,48.1135397693638],[-107.31652374813714,48.113522310221136],[-107.31634320706043,48.11365991641265],[-107.3163908692336,48.11368132216877],[-107.31640475104655,48.11369438616627],[-107.31664201080456,48.11363155677819],[-107.31662104082983,48.113609681865036],[-107.31659459802555,48.11361463805086],[-107.31656629044868,48.11357946528903],[-107.31660002627585,48.113587735841705],[-107.31659886569531,48.11356099643254],[-107.31658554181087,48.11356126664044],[-107.31657182034562,48.11355254734856]],[[-107.3165657324743,48.11356613114132],[-107.31657951097012,48.11357476357165],[-107.31658554181087,48.11356126664044],[-107.3165657324743,48.11356613114132]]]]}"
0000000000000000094d,9007,0,0,0,"{""type"":""MultiPolygon"",""coordinates"":[[[[-107.31664201080456,48.11363155677819],[-107.31640475104655,48.11369438616627],[-107.31647363281543,48.11374215378924],[-107.31652150022776,48.11376797528535],[-107.31654226520372,48.11378543450696],[-107.31665533472223,48.11363128656123],[-107.31664201080456,48.11363155677819]]],[[[-107.31649580783865,48.11379083942131],[-107.3164554830436,48.11378273158087],[-107.31643567359791,48.11378759607815],[-107.31640796862652,48.113765828463265],[-107.31637423275698,48.113757557816086],[-107.3163544233324,48.11376242229372],[-107.31632646717419,48.11373172049626],[-107.31631374575264,48.11374539597578],[-107.31630017226786,48.11374117925455],[-107.3162870979339,48.11374593631368],[-107.31627976038557,48.113732638406276],[-107.3162795554204,48.11372822263048],[-107.3162203321757,48.11374723176118],[-107.31613531309142,48.11378467337285],[-107.31599946482174,48.11387672996136],[-107.31594149067188,48.1139226208075],[-107.31593560746101,48.11394062045764],[-107.31599856088532,48.11400631721635],[-107.31614231052112,48.11408828545652],[-107.31625056209246,48.11412183771988],[-107.31628450317298,48.1141345242712],[-107.31652326330408,48.11380812012319],[-107.31649580783865,48.11379083942131]]]]}"
00000000000000000952,9008,0,0,0,"{""type"":""MultiPolygon"",""coordinates"":[[[[-107.31673009972393,48.113661054337406],[-107.31671557051435,48.11363451400835],[-107.31668187918432,48.11362631460575],[-107.31665533472223,48.11363128656123],[-107.31654226520372,48.11378543450696],[-107.3165493532709,48.113794245510256],[-107.31667691511977,48.11381395878708],[-107.31677042457336,48.11366916204224],[-107.31673009972393,48.113661054337406]]],[[[-107.31662457476698,48.11383736342094],[-107.31660426432215,48.11382880688036],[-107.31658424983648,48.11382925563091],[-107.31656383777796,48.113820714833246],[-107.31653010176653,48.11381244423586],[-107.31652326330408,48.11380812012319],[-107.31628450317298,48.1141345242712],[-107.31633176834599,48.11414694063448],[-107.31643353490615,48.11418508705026],[-107.3166581628754,48.11384113133859],[-107.31662457476698,48.11383736342094]]]]}"
00000000000000000974,9009,0,0,0,"{""type"":""GeometryCollection"",""geometries"":[{""type"":""LineString"",""coordinates"":[[-107.3167706630722,48.113673628048645],[-107.31677046237002,48.11366916572524]]},{""type"":""Polygon"",""coordinates"":[[[-107.31677067420631,48.11367364892451],[-107.31667691511977,48.11381395878708],[-107.31669707760342,48.113818012662925],[-107.31675087284299,48.11382590553217],[-107.31677138837722,48.11383887782175],[-107.31683162459174,48.11384210519802],[-107.31683141119487,48.11369029733466],[-107.31682417505246,48.113676983737875],[-107.31679104167421,48.113682118539806],[-107.31677067420631,48.11367364892451]],[[-107.31677123225307,48.113686983096464],[-107.31678505547812,48.11369568662807],[-107.31679104167421,48.113682118539806],[-107.31677123225307,48.113686983096464]]]},{""type"":""Polygon"",""coordinates"":[[[-107.31681266738289,48.11386486200817],[-107.31678612272604,48.11386983402736],[-107.3166916493667,48.1138449149951],[-107.3166581628754,48.11384113133859],[-107.31643353490615,48.11418508705026],[-107.31652152308321,48.1142146008397],[-107.31671620623491,48.11424193698686],[-107.31680263671336,48.11423572116882],[-107.31682928502963,48.11423518067003],[-107.31683282993893,48.11386891585758],[-107.31681266738289,48.11386486200817]]]}]}"
00000000000000000a66,9010,0,0,0,"{""type"":""GeometryCollection"",""geometries"":[{""type"":""LineString"",""coordinates"":[[-107.31713292236431,48.113867307515726],[-107.31713952822679,48.11386717425613]]},{""type"":""Polygon"",""coordinates"":[[[-107.31683141119487,48.11369029733466],[-107.31683162459174,48.11384210519802],[-107.31684494861183,48.11384183495104],[-107.31685781795646,48.11383266202447],[-107.31687114197686,48.113832391773904],[-107.31697702806454,48.11381239285137],[-107.31699694098756,48.113811959768306],[-107.31702303091863,48.11379808502642],[-107.31683141119487,48.11369029733466]]]},{""type"":""Polygon"",""coordinates"":[[[-107.31714637134738,48.113871510652075],[-107.31713988586483,48.11387610501359],[-107.31713292236431,48.113867307515726],[-107.31713289923434,48.113867278293945],[-107.31705732536089,48.11381968964237],[-107.3170381185901,48.11383795958965],[-107.31699860116883,48.11384767308451],[-107.31697858658958,48.11384812191987],[-107.31696571725163,48.11385729486517],[-107.31694545302065,48.113853256796716],[-107.31684615396883,48.11386864561005],[-107.31683282993893,48.11386891585758],[-107.31682928502963,48.11423518067003],[-107.31697610055211,48.11423669472041],[-107.31710204907546,48.11422076506102],[-107.31712788962626,48.11420240324936],[-107.31716796384345,48.11420157660918],[-107.31729270676165,48.11415883589971],[-107.3174096994346,48.11408951825971],[-107.3174544969024,48.114048399395834],[-107.31714637134738,48.113871510652075]]]}]}"
00000000000000000936,9011,0,0,0,"{""type"":""MultiPolygon"",""coordinates"":[[[[-107.31714741928842,48.11374642645876],[-107.31716074331887,48.11374615616815],[-107.31713349247308,48.11373329145192],[-107.31714741928842,48.11374642645876]]],[[[-107.31713349247308,48.11373329145192],[-107.3168817381938,48.113622261068436],[-107.31687550239047,48.113631342267475],[-107.31685745644126,48.11367635155789],[-107.31682417505246,48.113676983737875],[-107.31683141119487,48.11369029733466],[-107.31702303091863,48.11379808502642],[-107.31704882656186,48.11377965227729],[-107.31711332988854,48.11372923767691],[-107.31713349247308,48.11373329145192]]],[[[-107.3172310374501,48.113825149654716],[-107.31720388994319,48.11381671647115],[-107.3171902127593,48.113808068347645],[-107.31717653558366,48.11379942022339],[-107.31716250709891,48.11378630095971],[-107.31712947517991,48.11379142014239],[-107.31711026844509,48.113809690093376],[-107.31709010582777,48.11380563630843],[-107.31706360577762,48.113810679512866],[-107.31705732536089,48.11381968964237],[-107.31713953275607,48.11386718658175],[-107.31715285682876,48.11386691629055],[-107.31714637134738,48.113871510652075],[-107.3174544969024,48.114048399395834],[-107.31749270532643,48.11400744339792],[-107.31757687219014,48.11395210816522],[-107.31756309317865,48.11394347582928],[-107.31754941581282,48.113934827740756],[-107.31753066395294,48.113962000515585],[-107.31752312070934,48.1139442868759],[-107.31752276750824,48.113935368436245],[-107.31748219215406,48.11392277412673],[-107.31749410535274,48.113891277336414],[-107.31747369284533,48.1138827367337],[-107.31746061843842,48.11388749396747],[-107.3174535300678,48.11387868302358],[-107.31746685418905,48.113878412687455],[-107.31731721766457,48.1138144465448],[-107.3172770403533,48.11381084170322],[-107.31725120012487,48.1138292034101],[-107.3172382291851,48.113838392139236],[-107.3172310374501,48.113825149654716]],[[-107.31722490511056,48.11383866244221],[-107.31723868395522,48.113847294813745],[-107.3172382291851,48.113838392139236],[-107.31722490511056,48.11383866244221]],[[-107.31719790384335,48.11383028461748],[-107.31720494751598,48.11383902446041],[-107.31721791845938,48.113829835735565],[-107.31719790384335,48.11383028461748]],[[-107.3171525037167,48.11385799786041],[-107.31716537303569,48.11384882489039],[-107.31714541544834,48.11384918689609],[-107.3171525037167,48.11385799786041]],[[-107.31742688183066,48.113879223690134],[-107.31742124896176,48.11390171029856],[-107.31743492626684,48.11391035840146],[-107.3174472943148,48.11388776430283],[-107.31742688183066,48.113879223690134]],[[-107.31715165124656,48.113840105641984],[-107.31717146078573,48.11383524098959],[-107.31715687410671,48.11380878751599],[-107.31712987289633,48.11380040967543],[-107.3171440048017,48.11381796047752],[-107.31712500312258,48.1138406462214],[-107.31714541544834,48.11384918689609],[-107.31715165124656,48.113840105641984]]]]}"
00000000000000000942,9012,0,0,0,"{""type"":""GeometryCollection"",""geometries"":[{""type"":""LineString"",""coordinates"":[[-107.31688839928843,48.11362212318991],[-107.31688173573676,48.11362225759882]]},{""type"":""Polygon"",""coordinates"":[[[-107.31756262526115,48.11378273358442],[-107.31755493393489,48.113760517370075],[-107.31752240323999,48.11377905773662],[-107.31750319662082,48.11379732775906],[-107.31745613597772,48.11378932784474],[-107.3174501053487,48.113802824883884],[-107.317409530192,48.11379023057037],[-107.31739564783811,48.113777166708225],[-107.31737679435255,48.11380435512278],[-107.31736166166142,48.113764409534916],[-107.31735060098839,48.11381379843296],[-107.31731721766457,48.1138144465448],[-107.31746685418905,48.113878412687455],[-107.31747369284533,48.1138827367337],[-107.31749410535274,48.113891277336414],[-107.3175062682527,48.11386426745839],[-107.31746629589281,48.11386507847731],[-107.31750379954188,48.113810733065215],[-107.3175179316861,48.11382828380959],[-107.31757087493136,48.11381828400062],[-107.31757042007969,48.113809381334676],[-107.31757605284808,48.113786894759535],[-107.31756262526115,48.11378273358442]],[[-107.31746403234858,48.11381595985744],[-107.3174711207121,48.11382477079023],[-107.317484091623,48.11381558203269],[-107.31746403234858,48.11381595985744]],[[-107.31739620611049,48.11379050089707],[-107.31740992797734,48.11379922010029],[-107.317409530192,48.11379023057037],[-107.31739620611049,48.11379050089707]]]},{""type"":""Polygon"",""coordinates"":[[[-107.31757605284808,48.113786894759535],[-107.31761003919941,48.113799651857896],[-107.31762336331445,48.113799381500584],[-107.3176570553591,48.11380758058133],[-107.31767665979253,48.11379830005242],[-107.3176763065518,48.11378938163912],[-107.31770245530042,48.11377986713086],[-107.31767510058211,48.113762571046536],[-107.31768842469306,48.11376230068048],[-107.31770174880582,48.113762030312536],[-107.31772839703665,48.11376148957097],[-107.31760364395234,48.113656838582386],[-107.31749362667837,48.113583143530875],[-107.31744571368668,48.113557251521854],[-107.31688842868161,48.11362208251075],[-107.31716074331887,48.11374615616815],[-107.31720720087596,48.113740750931434],[-107.31724068753915,48.11374453438467],[-107.31725340875138,48.11373085878773],[-107.31726818815632,48.11376188595819],[-107.317286337194,48.113721308047495],[-107.3173336027195,48.113733723810505],[-107.31734672167747,48.113729037723225],[-107.31752768282279,48.11374765276909],[-107.31761411279233,48.11374143629117],[-107.31758158212307,48.1137599766704],[-107.31757605284808,48.113786894759535]],[[-107.3176544829281,48.1137496147332],[-107.31765483616411,48.113758533139965],[-107.31766780703148,48.113749344370284],[-107.3176544829281,48.1137496147332]],[[-107.31713750974454,48.11367516282612],[-107.31715189129305,48.113697200468295],[-107.3171190074962,48.11370682227091],[-107.31714646338423,48.11372410275605],[-107.31718457000977,48.11368316288899],[-107.31713750974454,48.11367516282612]]]}]}"
0000000000000000093b,9013,0,0,0,"{""type"":""Polygon"",""coordinates"":[[[-107.31693784610229,48.11353624105285],[-107.31694518390825,48.113549538853675],[-107.31691260871811,48.113568007822316],[-107.31690094488559,48.113603991229446],[-107.31688842868161,48.11362208251075],[-107.31744571368668,48.113557251521854],[-107.31734278546155,48.113492367297965],[-107.31728134372874,48.11346232980835],[-107.3172546958392,48.11346287041397],[-107.31723559096108,48.11348112451891],[-107.31722156255474,48.11346800534133],[-107.31718204550324,48.11347771883402],[-107.31693784610229,48.11353624105285]],[[-107.3172986949636,48.11355132240637],[-107.31727853242045,48.11354726867906],[-107.31728582576874,48.113560495339186],[-107.3172986949636,48.11355132240637]],[[-107.31718204550324,48.11347771883402],[-107.31718928177122,48.11349103235015],[-107.31721553192048,48.11348150228335],[-107.31718204550324,48.11347771883402]],[[-107.317223576109,48.11351263678309],[-107.31722322297435,48.11350371841389],[-107.3172101041013,48.11350840446204],[-107.317223576109,48.11351263678309]],[[-107.317223576109,48.11351263678309],[-107.31721719233346,48.113517215365356],[-107.31719125067559,48.11353559269958],[-107.31723192702668,48.11354817130429],[-107.31718642563786,48.11357590015637],[-107.31722629412292,48.11357065776052],[-107.31726495875,48.11354305211498],[-107.31725751735577,48.11352532283882],[-107.3172771216454,48.11351604244506],[-107.317223576109,48.11351263678309]]]}"
00000000000000000947,9014,0,0,0,"{""type"":""Polygon"",""coordinates"":[[[-107.31720813517202,48.11346384413667],[-107.31690601110343,48.11342077931518],[-107.31689917263587,48.11341645526167],[-107.31687901029781,48.11341240145558],[-107.31689409767672,48.113452275756295],[-107.31690862698481,48.113478815963774],[-107.31693784610229,48.11353624105285],[-107.31722156255474,48.11346800534133],[-107.31720813517202,48.11346384413667]]]}"
00000000000000000940,9015,0,0,0,"{""type"":""Polygon"",""coordinates"":[[[-107.31690601110343,48.11342077931518],[-107.31720813517202,48.11346384413667],[-107.31719420842133,48.113450709207626],[-107.3172546958392,48.11346287041397],[-107.31728134372874,48.11346232980835],[-107.31723231470374,48.11340976954326],[-107.31719113731934,48.11338377001156],[-107.31698881094222,48.11333429021997],[-107.31695613254308,48.113348327631336],[-107.31694844169424,48.11332611153985],[-107.31685401400593,48.113301264011746],[-107.31684868938844,48.113332597572786],[-107.31687901029781,48.11341240145558],[-107.31689917263587,48.11341645526167],[-107.31691224686085,48.113411698151694],[-107.31690601110343,48.11342077931518]],[[-107.31720023905575,48.11343721227485],[-107.31718003199734,48.113433087419814],[-107.31718712020748,48.11344189831328],[-107.31720023905575,48.11343721227485]],[[-107.31693748412552,48.11337993147981],[-107.31692405684795,48.113375770239685],[-107.31693110035961,48.113384510031224],[-107.31693748412552,48.11337993147981]],[[-107.31691224686085,48.113411698151694],[-107.31692546732789,48.11340699640302],[-107.31691792450879,48.113389282892],[-107.31691224686085,48.113411698151694]]]}"
00000000000000000943,9016,0,0,0,"{""type"":""MultiPolygon"",""coordinates"":[[[[-107.31695596634079,48.11304904408449],[-107.31691780325535,48.11309007021638],[-107.31685622349784,48.11320292036437],[-107.31685401400593,48.113301264011746],[-107.31694844169424,48.11332611153985],[-107.31696804588319,48.113316831247005],[-107.31696764819975,48.11330784179518],[-107.31698016425486,48.11328975061547],[-107.31697956151517,48.11327634543431],[-107.31699232721661,48.11326274111017],[-107.3170184755564,48.113253226894095],[-107.31702460783842,48.11323971427178],[-107.31705809396901,48.11324349776621],[-107.31701978270043,48.11328002149582],[-107.31700847216156,48.11332492305292],[-107.31698881094222,48.11333429021997],[-107.31719113731934,48.11338377001156],[-107.31695596634079,48.11304904408449]],[[-107.31696612513345,48.113124793731615],[-107.31697311159003,48.11313362034314],[-107.3169993614697,48.113124090407155],[-107.31696612513345,48.113124793731615]],[[-107.31694587034384,48.11326814617628],[-107.31693350230528,48.11329073994366],[-107.31696623767897,48.1132766156924],[-107.31694587034384,48.11326814617628]],[[-107.31700906563829,48.11319093758821],[-107.31698181527806,48.11317807295246],[-107.31697638737086,48.11320497496484],[-107.31698418163992,48.113231622483745],[-107.31696482715789,48.11324538960817],[-107.31695185640721,48.11325457819171],[-107.31700504830191,48.113249065674744],[-107.31702400508138,48.113226309104085],[-107.31700906563829,48.11319093758821]]],[[[-107.31660647931838,48.112989131269195],[-107.31658667029224,48.11299399571357],[-107.31659396324994,48.11300722229699],[-107.31658783088801,48.11302073483403],[-107.31656083053109,48.11301235693723],[-107.3165545947893,48.11302143800848],[-107.31652181503759,48.11303549093158],[-107.31645781183019,48.11309487811404],[-107.31648632394273,48.11313446631961],[-107.31649341188404,48.11314327722112],[-107.31655354513293,48.11314652051349],[-107.31652121986937,48.11316947603993],[-107.31653635133969,48.11320942133923],[-107.31654927750888,48.113200161705635],[-107.31655530828388,48.11318666487418],[-107.31653479321078,48.11317369268765],[-107.31656792606958,48.113168558037096],[-107.31656747145496,48.11315965547042],[-107.31658728056979,48.11315479101242],[-107.31659326671749,48.11314122307737],[-107.31667934151399,48.113126089257804],[-107.31669160797233,48.11310351134319],[-107.31671850507425,48.113107457742466],[-107.31675163791574,48.11310232303535],[-107.31678512379425,48.11310610662159],[-107.31683746306393,48.113082702253216],[-107.31690996445111,48.11306335164889],[-107.31690151052148,48.11302338595331],[-107.31692755526942,48.11300944034711],[-107.31687038203862,48.112925761864275],[-107.31685077806277,48.1129350420627],[-107.31675148156647,48.112950430444336],[-107.31672543684734,48.11296437598632],[-107.31671190813643,48.11296023049487],[-107.3166787754327,48.112965365170886],[-107.31663418393565,48.11301089851407],[-107.31661457990558,48.11302017868062],[-107.31660647931838,48.112989131269195]],[[-107.31687873251188,48.11296129603074],[-107.31688592395778,48.11297453833135],[-107.3168922042403,48.112965528361364],[-107.31687873251188,48.11296129603074]],[[-107.31659481546865,48.11302511424322],[-107.31660849215405,48.11303376233546],[-107.31661457990558,48.11302017868062],[-107.31659481546865,48.11302511424322]],[[-107.31658928570452,48.11305203191152],[-107.3166022118095,48.11304277230015],[-107.31658868310335,48.113038626785006],[-107.31658928570452,48.11305203191152]],[[-107.31658159514932,48.113029815908405],[-107.31656872607435,48.11303898865095],[-107.31658868310335,48.113038626785006],[-107.31658159514932,48.113029815908405]]]]}"
00000000000000000939,9017,0,0,0,"{""type"":""MultiPolygon"",""coordinates"":[[[[-107.31698733554795,48.11300376506963],[-107.31700065928922,48.11300349481241],[-107.31698627808049,48.11298145742981],[-107.31699155790187,48.11295005296232],[-107.31701764719595,48.11293617846559],[-107.31704323713582,48.11291333033321],[-107.31705535530135,48.112886249905316],[-107.31701563385352,48.11289154750364],[-107.31701644167427,48.11290936828856],[-107.31697707329664,48.11292358414489],[-107.31696329487302,48.11291495187679],[-107.31698933953571,48.11290100628475],[-107.31700145772824,48.11287392586933],[-107.31696173630998,48.112879223443336],[-107.3169624424707,48.112897059975985],[-107.31692895669379,48.11289327646412],[-107.31690975041248,48.112911546051244],[-107.3168964267171,48.112911816294215],[-107.31687038203862,48.112925761864275],[-107.31692755526942,48.11300944034711],[-107.31693414401559,48.11300927754186],[-107.31698768863268,48.113012683356125],[-107.31698733554795,48.11300376506963]],[[-107.31695867480265,48.1129596745555],[-107.31696586628317,48.11297291684883],[-107.31697214655163,48.112963906874256],[-107.31695867480265,48.1129596745555]]],[[[-107.31700065928922,48.11300349481241],[-107.31700101237719,48.11301241309874],[-107.31698768863268,48.113012683356125],[-107.31698120330263,48.113017277627975],[-107.31696833427338,48.1130264504208],[-107.31696873196097,48.113035439824394],[-107.31695596634079,48.11304904408449],[-107.31719113731934,48.11338377001156],[-107.31723231470374,48.11340976954326],[-107.31728106112514,48.11301122407843],[-107.3172606937858,48.11300275467203],[-107.3172475750951,48.113007440676],[-107.31723344339312,48.11298989015466],[-107.31723957555856,48.112976377589256],[-107.31722519417877,48.112954340258185],[-107.31725204678297,48.112958215381006],[-107.31725923839126,48.11297145764875],[-107.3172861356299,48.112975403875446],[-107.3173009612942,48.112858954041926],[-107.31728763756227,48.11285922433988],[-107.3172664177465,48.112832863085025],[-107.31725228609051,48.11281531262359],[-107.31702573866694,48.11281983618985],[-107.31702775202668,48.11286446709026],[-107.31705439942247,48.11286392656638],[-107.31708144454305,48.112872375409395],[-107.31709476825048,48.11287210514064],[-107.31711478232806,48.112871656302104],[-107.31714806309816,48.112871024046676],[-107.31718909184717,48.11289252079345],[-107.31712342914383,48.1129161955369],[-107.31708461892978,48.11294374541759],[-107.31703298427537,48.112980539203924],[-107.3170071446157,48.11299890054054],[-107.31700065928922,48.11300349481241]],[[-107.31724826922404,48.112873440292965],[-107.31725546081739,48.11288668254],[-107.31726843139946,48.112877493983994],[-107.31724826922404,48.112873440292965]],[[-107.31724169262047,48.113025440074146],[-107.3172493390174,48.11304758489814],[-107.3172621045716,48.113033980601045],[-107.31724169262047,48.113025440074146]],[[-107.31722479642694,48.11294535087115],[-107.31721187042336,48.1129546105467],[-107.31722519417877,48.112954340258185],[-107.31722479642694,48.11294535087115]],[[-107.31724511699792,48.11310129710798],[-107.31725255832117,48.11311902624387],[-107.31726527929322,48.1131053508142],[-107.31724511699792,48.11310129710798]],[[-107.31720373483658,48.113070882010994],[-107.31721183598701,48.11310192940596],[-107.31725079439985,48.113078881967205],[-107.31720373483658,48.113070882010994]],[[-107.31721927729173,48.11311965854512],[-107.31722636546219,48.11312846938417],[-107.31723923450278,48.11311929653863],[-107.31721927729173,48.11311965854512]],[[-107.31715149723532,48.113094270822046],[-107.31715854077179,48.11310301054946],[-107.3171714098099,48.11309383771753],[-107.31715149723532,48.113094270822046]],[[-107.31715220348198,48.11311210742411],[-107.31715929163,48.113120918267406],[-107.3171722623095,48.11311172968098],[-107.31715220348198,48.11311210742411]],[[-107.31708684708194,48.113140182222004],[-107.31712133367101,48.11316636025864],[-107.31714702538457,48.113143496243914],[-107.31708684708194,48.113140182222004]],[[-107.31709890828591,48.113113188534186],[-107.31710645116394,48.113130901936415],[-107.31711917217345,48.11311722652208],[-107.31709890828591,48.113113188534186]],[[-107.31707226069862,48.11311372907785],[-107.31707934882164,48.113122539927964],[-107.31709227490171,48.11311328023875],[-107.31707226069862,48.11311372907785]],[[-107.31706140502286,48.11316753305693],[-107.31706884625328,48.113185262231774],[-107.31708156729191,48.113171586807546],[-107.31706140502286,48.11316753305693]],[[-107.31700267260561,48.11304812587041],[-107.31701031884313,48.11307027072704],[-107.31702308445927,48.113056666454334],[-107.31700267260561,48.11304812587041]]]]}"
0000000000000000093e,9018,0,0,0,"{""type"":""Polygon"",""coordinates"":[[[-107.3172861356299,48.112975403875446],[-107.31730619441221,48.11297502610644],[-107.31731338604675,48.112988268373684],[-107.3173251509144,48.11295226960194],[-107.31733379801115,48.112996808878954],[-107.31735416538065,48.11300527826809],[-107.31733460598427,48.11301462969301],[-107.31735557624623,48.11303650419519],[-107.31732350099509,48.11306394676306],[-107.31730936922658,48.11304639623573],[-107.31729579572487,48.113042179711904],[-107.31729463461201,48.113015440602226],[-107.31728106112514,48.11301122407843],[-107.31727141147262,48.11309183821671],[-107.31723231470374,48.11340976954326],[-107.31728134372874,48.11346232980835],[-107.31734278546155,48.113492367297965],[-107.31746606861134,48.112824392774215],[-107.3174317746332,48.11280278870174],[-107.31744696415186,48.11284264668889],[-107.31733424211896,48.11285832172066],[-107.3173009612942,48.112858954041926],[-107.3172918129827,48.112952988787185],[-107.3172861356299,48.112975403875446]],[[-107.31733766670827,48.11293417850461],[-107.31730393101684,48.11292590831078],[-107.31731831244663,48.11294794561685],[-107.31733766670827,48.11293417850461]],[[-107.3172918129827,48.112952988787185],[-107.31729910624202,48.11296621529901],[-107.3173119752149,48.11295704247376],[-107.3172918129827,48.112952988787185]],[[-107.31727141147262,48.11309183821671],[-107.3172850884416,48.113100486216254],[-107.3173179717045,48.11309086448124],[-107.31727141147262,48.11309183821671]],[[-107.31729579572487,48.113042179711904],[-107.31728297132733,48.113051423663606],[-107.31729685337953,48.113064487369336],[-107.31729579572487,48.113042179711904]],[[-107.31731930189925,48.11341688749253],[-107.31729913942054,48.11341283377829],[-107.31730683052155,48.11343504987192],[-107.31731930189925,48.11341688749253]],[[-107.31730502195165,48.11339483424253],[-107.31728993408005,48.11335496006254],[-107.3172696700085,48.11335092209712],[-107.31727791931843,48.11338647225558],[-107.31730502195165,48.11339483424253]]]}"
00000000000000000938,9019,0,0,0,"{""type"":""Polygon"",""coordinates"":[[[-107.31746606861134,48.112824392774215],[-107.31734278546155,48.113492367297965],[-107.31744571368668,48.113557251521854],[-107.31749362667837,48.113583143530875],[-107.31754118660547,48.112863077722835],[-107.31746606861134,48.112824392774215]]]}"
00000000000000000935,9020,0,0,0,"{""type"":""Polygon"",""coordinates"":[[[-107.31767181928011,48.11294972788101],[-107.3175822157535,48.11288457428806],[-107.31756843710987,48.11287594211889],[-107.31754118660547,48.112863077722835],[-107.31749362667837,48.113583143530875],[-107.31760364395234,48.113656838582386],[-107.31769283439617,48.112971673388834],[-107.31767181928011,48.11294972788101]]]}"
0000000000000000093c,9021,0,0,0,"{""type"":""Polygon"",""coordinates"":[[[-107.31770756939399,48.11300262892566],[-107.31769283439617,48.112971673388834],[-107.31760364395234,48.113656838582386],[-107.31772839703665,48.11376148957097],[-107.31773503058216,48.113761397817186],[-107.31777500294456,48.11376058668779],[-107.31788793327908,48.11374932655798],[-107.31770756939399,48.11300262892566]]]}"
00000000000000000941,9022,0,0,0,"{""type"":""Polygon"",""coordinates"":[[[-107.31770756939399,48.11300262892566],[-107.31788793327908,48.11374932655798],[-107.31796742317431,48.1137388015028],[-107.31820433135445,48.11366704976313],[-107.31770756939399,48.11300262892566]]]}"
0000000000000000091a,9023,0,0,0,"{""type"":""Polygon"",""coordinates"":[[[-107.3178298516602,48.113053744916215],[-107.31771324652547,48.112980213806466],[-107.31769283439617,48.112971673388834],[-107.31770756939399,48.11300262892566],[-107.31820433135445,48.11366704976313],[-107.31830971817651,48.11363807568006],[-107.31842047302293,48.1135778388279],[-107.3178298516602,48.113053744916215]]]}"
00000000000000000919,9024,0,0,0,"{""type"":""Polygon"",""coordinates"":[[[-107.3178298516602,48.113053744916215],[-107.31842047302293,48.1135778388279],[-107.31843978285471,48.11356400021065],[-107.31849252077987,48.11354958419605],[-107.31856361170544,48.11349900595581],[-107.31856325824408,48.113490087602166],[-107.31854153720279,48.11345475264377],[-107.31858884809249,48.11346723881893],[-107.31858990652366,48.11348954662279],[-107.31862218694393,48.11346651915244],[-107.31870498449312,48.11338002855851],[-107.3178298516602,48.113053744916215]],[[-107.31861759768296,48.113363922465425],[-107.3186040237225,48.11335970611292],[-107.31860437719575,48.113368624444],[-107.31861759768296,48.113363922465425]],[[-107.31861936308792,48.113404066897],[-107.31861971656426,48.11341298523548],[-107.31863293706812,48.11340828325039],[-107.31861936308792,48.113404066897]],[[-107.31861936308792,48.113404066897],[-107.3186049805299,48.11338202962341],[-107.31858587607172,48.11340028395858],[-107.31861936308792,48.113404066897]],[[-107.31854284545814,48.11348154729926],[-107.31852927147594,48.113477330927296],[-107.31852987478025,48.11349073613565],[-107.31854284545814,48.11348154729926]]]}"
00000000000000000929,9025,0,0,0,"{""type"":""Polygon"",""coordinates"":[[[-107.31771324652547,48.112980213806466],[-107.3178298516602,48.113053744916215],[-107.31870498449312,48.11338002855851],[-107.31872419054348,48.113361758454886],[-107.31870980792031,48.11333972121641],[-107.31868929152338,48.11332674948656],[-107.31870216048718,48.11331757641207],[-107.3187417346625,48.113307775454786],[-107.31874057250299,48.11328103625406],[-107.31875425010293,48.113289684059204],[-107.31877807414818,48.11322669099842],[-107.31879044129612,48.11320409704332],[-107.31771324652547,48.112980213806466]],[[-107.3187210130001,48.11329038801347],[-107.31870743903822,48.11328617168155],[-107.3187145277066,48.11329498242588],[-107.3187210130001,48.11329038801347]]]}"
0000000000000000094a,9026,0,0,0,"{""type"":""Polygon"",""coordinates"":[[[-107.31867593560544,48.113032239487445],[-107.31864853603928,48.11301487282063],[-107.31767181928011,48.11294972788101],[-107.31769283439617,48.112971673388834],[-107.31771324652547,48.112980213806466],[-107.31879044129612,48.11320409704332],[-107.31879692656875,48.11319950263426],[-107.31882819269003,48.11315423867739],[-107.31883467795141,48.113149644270415],[-107.31867593560544,48.113032239487445]]]}"
00000000000000000931,9027,0,0,0,"{""type"":""Polygon"",""coordinates"":[[[-107.31850336890902,48.11290168433036],[-107.3175822157535,48.11288457428806],[-107.31767181928011,48.11294972788101],[-107.31864853603928,48.11301487282063],[-107.31850336890902,48.11290168433036]]]}"
0000000000000000092b,9028,0,0,0,"{""type"":""Polygon"",""coordinates"":[[[-107.31846082336928,48.11284453094068],[-107.31839168922565,48.11279227882707],[-107.31778694154862,48.11284028316336],[-107.31756843710987,48.11287594211889],[-107.3175822157535,48.11288457428806],[-107.31850336890902,48.11290168433036],[-107.31846082336928,48.11284453094068]]]}"
0000000000000000092f,9029,0,0,0,"{""type"":""Polygon"",""coordinates"":[[[-107.3183846453538,48.112783539250415],[-107.31831576130944,48.112735773928875],[-107.3182281713245,48.11271525194663],[-107.31778694154862,48.11284028316336],[-107.31839168922565,48.11279227882707],[-107.3183846453538,48.112783539250415]]]}"
0000000000000000093a,9030,0,0,0,"{""type"":""Polygon"",""coordinates"":[[[-107.31777634340217,48.112308931980955],[-107.31765904822376,48.11236940050379],[-107.31749928009305,48.112524464207134],[-107.31743785089911,48.1126418159926],[-107.31742373034422,48.1127716546425],[-107.3174317746332,48.11280278870174],[-107.31746606861134,48.112824392774215],[-107.31754118660547,48.112863077722835],[-107.31756843710987,48.11287594211889],[-107.31778694154862,48.11284028316336],[-107.3182281713245,48.11271525194663],[-107.31777634340217,48.112308931980955]]]}"
0000000000000000092c,9031,0,0,0,"{""type"":""Polygon"",""coordinates"":[[[-107.31822465500704,48.11219271284639],[-107.31811806606842,48.11219487615409],[-107.31794013889075,48.11224312910516],[-107.31786834356697,48.11227586930877],[-107.3177959470039,48.1122996517134],[-107.31777634340217,48.112308931980955],[-107.3182281713245,48.11271525194663],[-107.31831576130944,48.112735773928875],[-107.31822465500704,48.11219271284639]]]}"
0000000000000000092d,9032,0,0,0,"{""type"":""Polygon"",""coordinates"":[[[-107.31858534837006,48.11220328665867],[-107.31850495122627,48.112196007078204],[-107.31831792042225,48.11219081985266],[-107.31822465500704,48.11219271284639],[-107.31831576130944,48.112735773928875],[-107.3183846453538,48.112783539250415],[-107.31859198169875,48.11220319485383],[-107.31858534837006,48.11220328665867]]]}"
0000000000000000092e,9033,0,0,0,"{""type"":""Polygon"",""coordinates"":[[[-107.31864845395093,48.1122734819113],[-107.31864186521673,48.11227364483174],[-107.31864810045036,48.1122645637669],[-107.31864729181564,48.11224674323502],[-107.31864101197422,48.112255753185515],[-107.3186140110732,48.112247376002465],[-107.31864704194302,48.11224225648553],[-107.31863879134015,48.11220670725159],[-107.31859198169875,48.11220319485383],[-107.3183846453538,48.112783539250415],[-107.31839168922565,48.11279227882707],[-107.31846082336928,48.11284453094068],[-107.31868376641248,48.11246486751027],[-107.3186809993771,48.11240232958819],[-107.31864845395093,48.1122734819113]]]}"
00000000000000000930,9034,0,0,0,"{""type"":""Polygon"",""coordinates"":[[[-107.31846082336928,48.11284453094068],[-107.31850336890902,48.11290168433036],[-107.31864853603928,48.11301487282063],[-107.31867593560544,48.113032239487445],[-107.31868432518317,48.11247820134605],[-107.31868376641248,48.11246486751027],[-107.31846082336928,48.11284453094068]]]}"
00000000000000000926,9035,0,0,0,"{""type"":""Polygon"",""coordinates"":[[[-107.31868432518317,48.11247820134605],[-107.31867593560544,48.113032239487445],[-107.31883467795141,48.113149644270415],[-107.3188811353802,48.11314423828748],[-107.31905233247939,48.113096090231174],[-107.31905902302414,48.113095911522414],[-107.31868432518317,48.11247820134605]]]}"
0000000000000000091e,9036,0,0,0,"{""type"":""Polygon"",""coordinates"":[[[-107.31908141651458,48.11285430326943],[-107.31902961707482,48.11273920630548],[-107.3186809993771,48.11240232958819],[-107.31868376641248,48.11246486751027],[-107.31868432518317,48.11247820134605],[-107.31905902302414,48.113095911522414],[-107.31911211399317,48.11309041358861],[-107.31908141651458,48.11285430326943]]]}"
0000000000000000092a,9037,0,0,0,"{""type"":""Polygon"",""coordinates"":[[[-107.31864729181564,48.11224674323502],[-107.31864810045036,48.1122645637669],[-107.31868017444936,48.11223712120523],[-107.31870682186272,48.112236580228256],[-107.31872688054983,48.11223620216985],[-107.31873452784365,48.11225834652013],[-107.31869551359328,48.11228148103526],[-107.3186757047643,48.112286345840594],[-107.31866886615089,48.11228202201029],[-107.31864845395093,48.1122734819113],[-107.3186809993771,48.11240232958819],[-107.31902961707482,48.11273920630548],[-107.31909073694118,48.112170755450634],[-107.31898450066863,48.112181837868754],[-107.31886554419658,48.11220659555812],[-107.31882557304408,48.11220740708732],[-107.31881270450506,48.11221657997382],[-107.31877273336424,48.11221739148085],[-107.31874643947113,48.112226850611556],[-107.31869314464305,48.11222793257997],[-107.31866568859506,48.11221065303357],[-107.31863879134015,48.11220670725159],[-107.31864704194302,48.11224225648553],[-107.31864729181564,48.11224674323502]],[[-107.31864704194302,48.11224225648553],[-107.3186602620163,48.11223755461235],[-107.31865292366737,48.11222425728846],[-107.31864704194302,48.11224225648553]],[[-107.3186757047643,48.112286345840594],[-107.3186626309175,48.1122911030795],[-107.31866967479516,48.11229984255371],[-107.3186757047643,48.112286345840594]]]}"
00000000000000000927,9038,0,0,0,"{""type"":""Polygon"",""coordinates"":[[[-107.31913719322873,48.11216534947333],[-107.31909073694118,48.112170755450634],[-107.31902961707482,48.11273920630548],[-107.31908141651458,48.11285430326943],[-107.31935158062514,48.11218783014122],[-107.31913719322873,48.11216534947333]]]}"
00000000000000000922,9039,0,0,0,"{""type"":""Polygon"",""coordinates"":[[[-107.31937174313954,48.112191883328606],[-107.31935158062514,48.11218783014122],[-107.31908141651458,48.11285430326943],[-107.31911211399317,48.11309041358861],[-107.31912543806632,48.11309014302734],[-107.31946667237288,48.11222570129846],[-107.31937174313954,48.112191883328606]]]}"
00000000000000000928,9040,0,0,0,"{""type"":""Polygon"",""coordinates"":[[[-107.31946667237288,48.11222570129846],[-107.31912543806632,48.11309014302734],[-107.31925304718823,48.113109923658286],[-107.31934008065214,48.113117110804126],[-107.31939497627197,48.113004280153426],[-107.3194799961859,48.112225430699],[-107.31946667237288,48.11222570129846]]]}"
00000000000000000924,9041,0,0,0,"{""type"":""Polygon"",""coordinates"":[[[-107.31958230619729,48.11257176903792],[-107.31962202807233,48.11256647039798],[-107.31971361046581,48.11237702838636],[-107.31970631624544,48.11236380223082],[-107.31972612520997,48.11235893720202],[-107.319750756282,48.11231376559544],[-107.31963707646828,48.11230712014869],[-107.31951393792829,48.112238115632934],[-107.3194799961859,48.112225430699],[-107.31939497627197,48.113004280153426],[-107.31941397656924,48.11298159435588],[-107.31960352807295,48.11259812959713],[-107.31959679296618,48.11259823722977],[-107.31958311527937,48.11258958966075],[-107.31957627643907,48.11258526587597],[-107.31958230619729,48.11257176903792]],[[-107.31973778616418,48.1123229543768],[-107.31972435852279,48.11231879362164],[-107.31973155110938,48.112332035518044],[-107.31973778616418,48.1123229543768]],[[-107.31957627643907,48.11258526587597],[-107.31955621738173,48.11258564412393],[-107.31957004130555,48.11259434705402],[-107.31957627643907,48.11258526587597]],[[-107.31948169980528,48.11256036599609],[-107.31946837587182,48.11256063660057],[-107.31946883120271,48.11256953903384],[-107.31948169980528,48.11256036599609]]]}"
00000000000000000921,9042,0,0,0,"{""type"":""MultiPolygon"",""coordinates"":[[[[-107.31977233196183,48.112349044133346],[-107.3197975667767,48.11231727741337],[-107.319750756282,48.11231376559544],[-107.31972612520997,48.11235893720202],[-107.31975900806306,48.11234931477623],[-107.31977233196183,48.112349044133346]],[[-107.31977197818857,48.11234012598719],[-107.31975181546177,48.1123360728779],[-107.31975900806306,48.11234931477623],[-107.31977197818857,48.11234012598719]]],[[[-107.31976376955087,48.112603800170284],[-107.31963017600683,48.112597588346674],[-107.31960352807295,48.11259812959713],[-107.31941397656924,48.11298159435588],[-107.31978463784198,48.11262124250682],[-107.31976376955087,48.112603800170284]]],[[[-107.3197698803785,48.11244289928888],[-107.31971361046581,48.11237702838636],[-107.31962202807233,48.11256647039798],[-107.31967522016359,48.112560956467306],[-107.31967476478216,48.11255205403775],[-107.31967416103811,48.11253864908717],[-107.31975435480064,48.112541512026105],[-107.31976728038445,48.11253225209135],[-107.3198005617913,48.11253161890342],[-107.3197698803785,48.11244289928888]],[[-107.31964123340809,48.11254820041166],[-107.31964832224888,48.11255701095889],[-107.31965455736156,48.11254792978273],[-107.31964123340809,48.11254820041166]]]]}"
00000000000000000923,9043,0,0,0,"{""type"":""Polygon"",""coordinates"":[[[-107.31982546366059,48.11263832229523],[-107.3198116396223,48.112629619397566],[-107.31978463784198,48.11262124250682],[-107.31941397656924,48.11298159435588],[-107.31939497627197,48.113004280153426],[-107.31934008065214,48.113117110804126],[-107.31935340476716,48.113116840210004],[-107.31936718418312,48.1131254721427],[-107.31992029324927,48.11267215580665],[-107.31982546366059,48.11263832229523]]]}"
0000000000000000091f,9044,0,0,0,"{""type"":""Polygon"",""coordinates"":[[[-107.31995284374925,48.11280100390055],[-107.31995259371871,48.11279651711116],[-107.31993076758057,48.11275675153824],[-107.31995706190875,48.11274729197641],[-107.31999150667231,48.112773397603355],[-107.32005636008371,48.11273190029285],[-107.32003559318089,48.11271444223095],[-107.3199473967724,48.112680516910665],[-107.31992029324927,48.11267215580665],[-107.31936718418312,48.1131254721427],[-107.31938795082687,48.11314293049243],[-107.31975792894008,48.112916577528814],[-107.31974400107758,48.11290344313502],[-107.31968999933493,48.11289113642399],[-107.31972810118047,48.11284574907172],[-107.31973408633147,48.11283218104572],[-107.31975424931566,48.11283623419047],[-107.31978210501717,48.11286250294336],[-107.31979542910335,48.11286223228986],[-107.31981629754918,48.11287967470134],[-107.31993962344097,48.11280570600829],[-107.31993278449484,48.112801382233826],[-107.31995284374925,48.11280100390055]],[[-107.31993278449484,48.112801382233826],[-107.31992513630708,48.112779237772976],[-107.31991946041106,48.11280165290603],[-107.31993278449484,48.112801382233826]],[[-107.31991946041106,48.11280165290603],[-107.31990638635381,48.11280641036646],[-107.3199134307066,48.11281514982295],[-107.31991946041106,48.11280165290603]],[[-107.31991840114421,48.11277934543001],[-107.31990351562338,48.112743887879446],[-107.3198899861558,48.11273974287288],[-107.31988456027159,48.112766644774126],[-107.31991840114421,48.11277934543001]]]}"
0000000000000000091d,9045,0,0,0,"{""type"":""MultiPolygon"",""coordinates"":[[[[-107.31995259371871,48.11279651711116],[-107.31995284374925,48.11280100390055],[-107.31995922725125,48.11279642520554],[-107.31995259371871,48.11279651711116]]],[[[-107.3198000663674,48.11296489896666],[-107.31979931421141,48.112946991355486],[-107.31975792894008,48.112916577528814],[-107.31938795082687,48.11314293049243],[-107.31945010256923,48.113190802966294],[-107.319469911962,48.11318593790298],[-107.3196789617953,48.11308791437337],[-107.31984130336303,48.11299081023987],[-107.3198000663674,48.11296489896666]]],[[[-107.32001559994733,48.1128622807064],[-107.32000142193586,48.11284465957321],[-107.3199608457709,48.112832066594244],[-107.31993962344097,48.11280570600829],[-107.31981629754918,48.11287967470134],[-107.31983681436678,48.11289264606909],[-107.31990474418637,48.11291808706523],[-107.31991902593563,48.11294013968239],[-107.32004883712297,48.11286157630739],[-107.32001559994733,48.1128622807064]]],[[[-107.32000142193586,48.11284465957321],[-107.32002771633124,48.1128351999745],[-107.32004883712297,48.11286157630739],[-107.32015919038844,48.11279234908539],[-107.32008381756384,48.11274917957616],[-107.32005636008371,48.11273190029285],[-107.31999150667231,48.112773397603355],[-107.31999844726082,48.112777705617134],[-107.32000589007603,48.112795434392375],[-107.32004043656978,48.112821524269215],[-107.32000745162017,48.11283116264369],[-107.32000142193586,48.11284465957321]]]]}"
00000000000000000920,9046,0,0,0,"{""type"":""MultiPolygon"",""coordinates"":[[[[-107.31988212962159,48.1130078901131],[-107.31984130336303,48.11299081023987],[-107.3196789617953,48.11308791437337],[-107.31989616136056,48.113025455961704],[-107.31988212962159,48.1130078901131]]],[[[-107.32057086975443,48.11275280176199],[-107.3205339299634,48.11282048106218],[-107.32052120983651,48.112834156829805],[-107.32060683048235,48.11281011707341],[-107.32060928009666,48.112716261290686],[-107.32057086975443,48.11275280176199]]],[[[-107.32021566736978,48.11286263588791],[-107.32019484326779,48.112845264686975],[-107.32017970735913,48.112805320354354],[-107.32015919038844,48.11279234908539],[-107.32004883712297,48.11286157630739],[-107.31991902593563,48.11294013968239],[-107.31993280550864,48.11294877150081],[-107.31996076524698,48.112979471698836],[-107.31998811904205,48.11299231963981],[-107.3199751486947,48.11300150857773],[-107.32024493690022,48.11292013026021],[-107.32021566736978,48.11286263588791]],[[-107.32019083085859,48.112903392399524],[-107.32019847924514,48.11292553688644],[-107.3202109940332,48.11290744544891],[-107.32019083085859,48.112903392399524]],[[-107.32014884121948,48.11285957375341],[-107.32016981371719,48.11288144751898],[-107.32018232849816,48.11286335610054],[-107.32014884121948,48.11285957375341]],[[-107.32014798725343,48.1128416819395],[-107.32015532635835,48.112854979286006],[-107.32016819499628,48.112845806105426],[-107.32014798725343,48.1128416819395]],[[-107.32015045992074,48.11289521517713],[-107.32016438798716,48.112908349504664],[-107.32018399184732,48.112899068636594],[-107.32015045992074,48.11289521517713]]]]}"
00000000000000000912,9047,0,0,0,"{""type"":""MultiPolygon"",""coordinates"":[[[[-107.32052120983651,48.112834156829805],[-107.32052135830055,48.11283865937378],[-107.32047853723826,48.11292433829694],[-107.32045496595717,48.11299181815272],[-107.32056723542019,48.11296723684631],[-107.32060675252612,48.11295752205181],[-107.32060884821915,48.112854747779224],[-107.32060683048235,48.11281011707341],[-107.32052120983651,48.112834156829805]]],[[[-107.32025911509066,48.11293775137815],[-107.32024493690022,48.11292013026021],[-107.3199751486947,48.11300150857773],[-107.31991657452622,48.11303399589282],[-107.31989616136056,48.113025455961704],[-107.3196789617953,48.11308791437337],[-107.319469911962,48.11318593790298],[-107.32033575578816,48.11301209133376],[-107.32032871127039,48.113003351879726],[-107.32030829793226,48.11299481204568],[-107.3203398696432,48.1129539477453],[-107.32025911509066,48.11293775137815]]]]}"
00000000000000000934,9048,0,0,0,"{""type"":""MultiPolygon"",""coordinates"":[[[[-107.32045496595717,48.11299181815272],[-107.32044943875486,48.11301873596146],[-107.32056723542019,48.11296723684631],[-107.32045496595717,48.11299181815272]]],[[[-107.32036285977023,48.1130204523628],[-107.320343050387,48.11302531759497],[-107.32033575578816,48.11301209133376],[-107.319469911962,48.11318593790298],[-107.31945010256923,48.113190802966294],[-107.31948782784097,48.113288263524566],[-107.31957226126548,48.11338480472948],[-107.32038402558635,48.11304689981574],[-107.32038327314677,48.11302899218841],[-107.32036285977023,48.1130204523628]]]]}"
00000000000000000917,9049,0,0,0,"{""type"":""Polygon"",""coordinates"":[[[-107.32060675252612,48.11295752205181],[-107.32056723542019,48.11296723684631],[-107.32044943875486,48.11301873596146],[-107.32044355761656,48.11303673552592],[-107.32038423105264,48.11305131551281],[-107.32038402558635,48.11304689981574],[-107.31957226126548,48.11338480472948],[-107.31957910024244,48.113389128576856],[-107.31962063411947,48.11342404534606],[-107.31967700683988,48.11348990183172],[-107.32062290408369,48.11301970285709],[-107.32060675252612,48.11295752205181]],[[-107.32043104285913,48.11305482703754],[-107.32040439437036,48.1130553685293],[-107.3204114835366,48.113064179096874],[-107.32043104285913,48.11305482703754]]]}"
00000000000000000918,9050,0,0,0,"{""type"":""Polygon"",""coordinates"":[[[-107.32063683243248,48.113032837139954],[-107.32062290408369,48.11301970285709],[-107.31967700683988,48.11348990183172],[-107.31969777388672,48.11350736022519],[-107.31982172615051,48.113594187015],[-107.32064533534518,48.11307287351375],[-107.32064493675344,48.11306388414195],[-107.32063683243248,48.113032837139954]]]}"
00000000000000000937,9051,0,0,0,"{""type"":""Polygon"",""coordinates"":[[[-107.32064533534518,48.11307287351375],[-107.31982172615051,48.113594187015],[-107.31997313719359,48.113698293382114],[-107.32066832614828,48.11313937819134],[-107.32064533534518,48.11307287351375]]]}"
0000000000000000091c,9052,0,0,0,"{""type"":""Polygon"",""coordinates"":[[[-107.32066832614828,48.11313937819134],[-107.31997313719359,48.113698293382114],[-107.32000747900878,48.11371996794453],[-107.32063662967869,48.1133231304193],[-107.3207189238092,48.11322766475874],[-107.32066832614828,48.11313937819134]]]}"
00000000000000000933,9053,0,0,0,"{""type"":""Polygon"",""coordinates"":[[[-107.32000747900878,48.11371996794453],[-107.3201728197462,48.11383720878466],[-107.32033518661727,48.11388749422135],[-107.32046280079784,48.11390727341435],[-107.32051894778546,48.11382132209024],[-107.32063662967869,48.1133231304193],[-107.32000747900878,48.11371996794453]]]}"
0000000000000000091b,9054,0,0,0,"{""type"":""Polygon"",""coordinates"":[[[-107.32078097444342,48.113271104908094],[-107.3207189238092,48.11322766475874],[-107.32063662967869,48.1133231304193],[-107.32051894778546,48.11382132209024],[-107.3205253884681,48.11381665639745],[-107.32081612633438,48.11331059983678],[-107.32078097444342,48.113271104908094]]]}"
00000000000000000914,9055,0,0,0,"{""type"":""Polygon"",""coordinates"":[[[-107.32091966832316,48.11338888501049],[-107.32081612633438,48.11331059983678],[-107.3205253884681,48.11381665639745],[-107.32093405262626,48.113410921895536],[-107.32091966832316,48.11338888501049]]]}"
000000000000000009b1,9056,0,0,0,"{""type"":""Polygon"",""coordinates"":[[[-107.32094089186998,48.11341524564118],[-107.32093405262626,48.113410921895536],[-107.3205253884681,48.11381665639745],[-107.32051894778546,48.11382132209024],[-107.32046280079784,48.11390727341435],[-107.3205300276327,48.11391932485506],[-107.32070611918749,48.11397832845541],[-107.32091388780688,48.11400089799123],[-107.32101339558236,48.11398992061954],[-107.32094089186998,48.11341524564118]]]}"
000000000000000009bf,9057,0,0,0,"{""type"":""Polygon"",""coordinates"":[[[-107.32096789481722,48.11342362230333],[-107.32094089186998,48.11341524564118],[-107.32101339558236,48.11398992061954],[-107.32109987352003,48.113983771998825],[-107.32115925882326,48.113969104399175],[-107.32124548664548,48.11395846876633],[-107.3214098496401,48.11390599186079],[-107.3215203539261,48.11384126426055],[-107.32152658895963,48.11383218274279],[-107.32096789481722,48.11342362230333]]]}"
00000000000000000902,9058,0,0,0,"{""type"":""Polygon"",""coordinates"":[[[-107.32181553369341,48.113437745598034],[-107.32096789481722,48.11342362230333],[-107.32152658895963,48.11383218274279],[-107.32158470827085,48.11379079130742],[-107.32166876839449,48.113731021277864],[-107.3217645327368,48.11363533841824],[-107.3218244939294,48.113486684702615],[-107.32181553369341,48.113437745598034]]]}"
000000000000000008fe,9059,0,0,0,"{""type"":""Polygon"",""coordinates"":[[[-107.3218055107156,48.11336205163358],[-107.32176033446908,48.113246863260535],[-107.32144050228796,48.113253294162945],[-107.32091966832316,48.11338888501049],[-107.32093405262626,48.113410921895536],[-107.32094089186998,48.11341524564118],[-107.32096789481722,48.11342362230333],[-107.32181553369341,48.113437745598034],[-107.3218055107156,48.11336205163358]]]}"
00000000000000000913,9060,0,0,0,"{""type"":""Polygon"",""coordinates"":[[[-107.32138011495502,48.113245567206974],[-107.32078097444342,48.113271104908094],[-107.32081612633438,48.11331059983678],[-107.32091966832316,48.11338888501049],[-107.32144050228796,48.113253294162945],[-107.32138011495502,48.113245567206974]]]}"
0000000000000000090e,9061,0,0,0,"{""type"":""Polygon"",""coordinates"":[[[-107.32064493675344,48.11306388414195],[-107.32064533534518,48.11307287351375],[-107.32066832614828,48.11313937819134],[-107.3207189238092,48.11322766475874],[-107.32078097444342,48.113271104908094],[-107.32138011495502,48.113245567206974],[-107.32064493675344,48.11306388414195]]]}"
00000000000000000911,9062,0,0,0,"{""type"":""Polygon"",""coordinates"":[[[-107.32155522053232,48.11313485504732],[-107.32063683243248,48.113032837139954],[-107.32064493675344,48.11306388414195],[-107.32138011495502,48.113245567206974],[-107.32144050228796,48.113253294162945],[-107.32176033446908,48.113246863260535],[-107.32175983396702,48.11323788962662],[-107.32176631909437,48.11323329501751],[-107.32155522053232,48.11313485504732]]]}"
00000000000000000909,9063,0,0,0,"{""type"":""Polygon"",""coordinates"":[[[-107.32153460095901,48.11312189977159],[-107.32143242738164,48.1130747703836],[-107.32060884821915,48.112854747779224],[-107.32060675252612,48.11295752205181],[-107.32062290408369,48.11301970285709],[-107.32063683243248,48.113032837139954],[-107.32155522053232,48.11313485504732],[-107.32153460095901,48.11312189977159]]]}"
0000000000000000090b,9064,0,0,0,"{""type"":""Polygon"",""coordinates"":[[[-107.32076397046957,48.11259701202828],[-107.32067966236997,48.11265229314793],[-107.32060928009666,48.112716261290686],[-107.32060683048235,48.11281011707341],[-107.32060884821915,48.112854747779224],[-107.32143242738164,48.1130747703836],[-107.32076397046957,48.11259701202828]]]}"
0000000000000000090d,9065,0,0,0,"{""type"":""Polygon"",""coordinates"":[[[-107.32101217904247,48.11248035385252],[-107.32092007401772,48.11250898828956],[-107.32084817675373,48.112541746652106],[-107.32076397046957,48.11259701202828],[-107.32143242738164,48.1130747703836],[-107.32153460095901,48.11312189977159],[-107.32101217904247,48.11248035385252]]]}"
000000000000000008fd,9066,0,0,0,"{""type"":""Polygon"",""coordinates"":[[[-107.32178918003525,48.11314797804723],[-107.32116253118231,48.11256214875471],[-107.32103173802324,48.112471001783234],[-107.32101856243055,48.11247577511783],[-107.32101217904247,48.11248035385252],[-107.32153460095901,48.11312189977159],[-107.32155522053232,48.11313485504732],[-107.32176631909437,48.11323329501751],[-107.3218119675713,48.11321006678213],[-107.32178918003525,48.11314797804723]]]}"
00000000000000000900,9067,0,0,0,"{""type"":""Polygon"",""coordinates"":[[[-107.3217774922309,48.11303657190875],[-107.32173961157154,48.112934610342926],[-107.32165456691617,48.112824667051974],[-107.32116253118231,48.11256214875471],[-107.32178918003525,48.11314797804723],[-107.3217774922309,48.11303657190875]]]}"
00000000000000000908,9068,0,0,0,"{""type"":""Polygon"",""coordinates"":[[[-107.32143016719807,48.112284318435215],[-107.32124575230904,48.112337172174186],[-107.32112182458526,48.112397736933275],[-107.32103173802324,48.112471001783234],[-107.32116253118231,48.11256214875471],[-107.32165456691617,48.112824667051974],[-107.32163651402035,48.11227566052202],[-107.32143016719807,48.112284318435215]]]}"
000000000000000008ec,9069,0,0,0,"{""type"":""Polygon"",""coordinates"":[[[-107.32168960495395,48.112270161248134],[-107.32163651402035,48.11227566052202],[-107.32165456691617,48.112824667051974],[-107.32173961157154,48.112934610342926],[-107.32187740925994,48.112293091070306],[-107.32168960495395,48.112270161248134]]]}"
00000000000000000907,9070,0,0,0,"{""type"":""Polygon"",""coordinates"":[[[-107.32201125573134,48.11230378639571],[-107.32187740925994,48.112293091070306],[-107.32173961157154,48.112934610342926],[-107.3217774922309,48.11303657190875],[-107.32202738218967,48.11251344082545],[-107.32207767107906,48.112298015935444],[-107.32201125573134,48.11230378639571]]]}"
0000000000000000090c,9071,0,0,0,"{""type"":""Polygon"",""coordinates"":[[[-107.3217774922309,48.11303657190875],[-107.32178918003525,48.11314797804723],[-107.3218119675713,48.11321006678213],[-107.32183238171041,48.113218606310774],[-107.32188295191517,48.11315505501892],[-107.32203736277071,48.11288392661973],[-107.32202738218967,48.11251344082545],[-107.3217774922309,48.11303657190875]]]}"
000000000000000008fa,9072,1,0,0,"{""type"":""Polygon"",""coordinates"":[[[-107.32240613716493,48.11248343787255],[-107.32212412864318,48.112292608465786],[-107.32207767107906,48.112298015935444],[-107.32202738218967,48.11251344082545],[-107.32203736277071,48.11288392661973],[-107.32246854421368,48.11253579441605],[-107.32240613716493,48.11248343787255]]]}"
00000000000000000905,9073,0,0,0,"{""type"":""Polygon"",""coordinates"":[[[-107.32251677196406,48.112570530334324],[-107.32246854421368,48.11253579441605],[-107.32203736277071,48.11288392661973],[-107.32188295191517,48.11315505501892],[-107.32255816040986,48.11260094268966],[-107.32251677196406,48.112570530334324]]]}"
0000000000000000090a,9074,1,0,1,"{""type"":""Polygon"",""coordinates"":[[[-107.32255816040986,48.11260094268966],[-107.32188295191517,48.11315505501892],[-107.32183238171041,48.113218606310774],[-107.32188684420123,48.11324426156807],[-107.32196161701121,48.113274024848536],[-107.32263374364666,48.112648525665364],[-107.32255816040986,48.11260094268966]]]}"
00000000000000000906,9075,0,0,0,"{""type"":""Polygon"",""coordinates"":[[[-107.32266114604029,48.1126658910008],[-107.32263374364666,48.112648525665364],[-107.32196161701121,48.113274024848536],[-107.32198223691042,48.113286980061694],[-107.32278470759736,48.11274372306227],[-107.32266114604029,48.1126658910008]]]}"
00000000000000000910,9076,0,0,0,"{""type"":""Polygon"",""coordinates"":[[[-107.32279159170437,48.112748117724536],[-107.32278470759736,48.11274372306227],[-107.32198223691042,48.113286980061694],[-107.32209925588643,48.113369495439514],[-107.32281539740663,48.11283244200691],[-107.32279159170437,48.112748117724536]]]}"
000000000000000008ff,9077,0,0,0,"{""type"":""Polygon"",""coordinates"":[[[-107.32281539740663,48.11283244200691],[-107.32209925588643,48.113369495439514],[-107.32214054058234,48.11339547695625],[-107.32222889144724,48.11343390316138],[-107.32229718003903,48.11346826092506],[-107.32233112490016,48.11348094508276],[-107.32282425735562,48.11288139617728],[-107.32281539740663,48.11283244200691]]]}"
00000000000000000901,9078,0,0,0,"{""type"":""Polygon"",""coordinates"":[[[-107.32286037131385,48.1129432132123],[-107.32282425735562,48.11288139617728],[-107.32233112490016,48.11348094508276],[-107.32242581279813,48.11351027388816],[-107.32248635017676,48.113522502783994],[-107.32252688444825,48.11353502367985],[-107.32286872806897,48.1129787467094],[-107.32286037131385,48.1129432132123]]]}"
0000000000000000090f,9079,0,0,0,"{""type"":""Polygon"",""coordinates"":[[[-107.32286872806897,48.1129787467094],[-107.32252688444825,48.11353502367985],[-107.32262855869786,48.11356873129225],[-107.32283647942394,48.11359579900032],[-107.32288293891133,48.11359039098075],[-107.32291877171325,48.11305369776492],[-107.32286872806897,48.1129787467094]]]}"
00000000000000000a93,9080,0,0,0,"{""type"":""Polygon"",""coordinates"":[[[-107.32291877171325,48.11305369776492],[-107.32288293891133,48.11359039098075],[-107.3228962636976,48.113590119874935],[-107.32304308687205,48.11359162442516],[-107.32319568876433,48.11357514460484],[-107.32337327148417,48.11351796211128],[-107.32350992226996,48.11344371675299],[-107.32354787545196,48.11339827211492],[-107.32291877171325,48.11305369776492]]]}"
000000000000000008ad,9081,0,0,0,"{""type"":""Polygon"",""coordinates"":[[[-107.32286037131385,48.1129432132123],[-107.32286872806897,48.1129787467094],[-107.32291877171325,48.11305369776492],[-107.32354787545196,48.11339827211492],[-107.32358607902731,48.11335731431932],[-107.32363700214034,48.11330268025074],[-107.32366882473379,48.11327074869332],[-107.32286037131385,48.1129432132123]]]}"
000000000000000008f4,9082,0,0,0,"{""type"":""Polygon"",""coordinates"":[[[-107.32281539740663,48.11283244200691],[-107.32282425735562,48.11288139617728],[-107.32286037131385,48.1129432132123],[-107.32366882473379,48.11327074869332],[-107.32371351310863,48.11322519621716],[-107.32374462613339,48.11317542818482],[-107.32281539740663,48.11283244200691]]]}"
000000000000000008f3,9083,0,0,0,"{""type"":""Polygon"",""coordinates"":[[[-107.32287847969823,48.112750799000565],[-107.32283805010388,48.112742709841534],[-107.32279159170437,48.112748117724536],[-107.32281539740663,48.11283244200691],[-107.32374462613339,48.11317542818482],[-107.32375688929136,48.11315284942925],[-107.32381444580254,48.113098123313115],[-107.32287847969823,48.112750799000565]]]}"
000000000000000008f5,9084,0,0,0,"{""type"":""Polygon"",""coordinates"":[[[-107.32287847969823,48.112750799000565],[-107.32381444580254,48.113098123313115],[-107.32387833828206,48.11303429994622],[-107.32393326739792,48.1129215382676],[-107.32393773055199,48.112872312958224],[-107.32287847969823,48.112750799000565]]]}"
000000000000000008ef,9085,0,0,0,"{""type"":""Polygon"",""coordinates"":[[[-107.32297575927387,48.112690773758544],[-107.32283805010388,48.112742709841534],[-107.32287847969823,48.112750799000565],[-107.32393773055199,48.112872312958224],[-107.32394797168013,48.112805103785945],[-107.32396540463499,48.11274668916595],[-107.32297575927387,48.112690773758544]]]}"
000000000000000008ba,9086,0,0,0,"{""type"":""Polygon"",""coordinates"":[[[-107.32393573648437,48.112532890022486],[-107.32304720047011,48.112649111295596],[-107.32297575927387,48.112690773758544],[-107.32396540463499,48.11274668916595],[-107.32397163903111,48.11273760769455],[-107.32397326900251,48.11262593161942],[-107.32393573648437,48.112532890022486]]]}"
000000000000000008ed,9087,0,0,0,"{""type"":""Polygon"",""coordinates"":[[[-107.32388098497232,48.11235536196312],[-107.32378352145082,48.112263497847366],[-107.32308540352908,48.11260815429636],[-107.32304720047011,48.112649111295596],[-107.32393573648437,48.112532890022486],[-107.32392864629288,48.112524079830514],[-107.32393371465969,48.112488259763815],[-107.32388098497232,48.11235536196312]]]}"
000000000000000008f2,9088,0,0,0,"{""type"":""Polygon"",""coordinates"":[[[-107.32376938588072,48.1122459486358],[-107.32356406064521,48.11212953138728],[-107.32356381016531,48.11212504467605],[-107.32329463024253,48.11221983582626],[-107.32328824701943,48.11222441468595],[-107.32316765531725,48.112360853127846],[-107.32308540352908,48.11260815429636],[-107.32378352145082,48.112263497847366],[-107.32376938588072,48.1122459486358]]]}"
00000000000000000904,9089,0,0,0,"{""type"":""Polygon"",""coordinates"":[[[-107.32266114604029,48.1126658910008],[-107.32278470759736,48.11274372306227],[-107.32279159170437,48.112748117724536],[-107.32283805010388,48.112742709841534],[-107.32297575927387,48.112690773758544],[-107.32304720047011,48.112649111295596],[-107.32308540352908,48.11260815429636],[-107.32316765531725,48.112360853127846],[-107.32266114604029,48.1126658910008]]]}"
00000000000000000903,9090,0,0,0,"{""type"":""Polygon"",""coordinates"":[[[-107.32251677196406,48.112570530334324],[-107.32255816040986,48.11260094268966],[-107.32263374364666,48.112648525665364],[-107.32266114604029,48.1126658910008],[-107.32316765531725,48.112360853127846],[-107.32328824701943,48.11222441468595],[-107.32251677196406,48.112570530334324]]]}"
000000000000000008ee,9091,0,0,0,"{""type"":""Polygon"",""coordinates"":[[[-107.32326798154251,48.11222037811045],[-107.32299627701346,48.11225711791094],[-107.32240613716493,48.11248343787255],[-107.32246854421368,48.11253579441605],[-107.32251677196406,48.112570530334324],[-107.32328824701943,48.11222441468595],[-107.32329463024253,48.11221983582626],[-107.32326798154251,48.11222037811045]]]}"
000000000000000008fc,9092,0,0,0,"{""type"":""Polygon"",""coordinates"":[[[-107.32214330308675,48.1121269509493],[-107.32213103957267,48.112149529066855],[-107.32212412864318,48.112292608465786],[-107.32240613716493,48.11248343787255],[-107.32299627701346,48.11225711791094],[-107.32214330308675,48.1121269509493]]]}"
000000000000000008fb,9093,0,0,0,"{""type"":""Polygon"",""coordinates"":[[[-107.32244823978485,48.11208506138281],[-107.32216737165707,48.11206844530118],[-107.32214330308675,48.1121269509493],[-107.32299627701346,48.11225711791094],[-107.32326798154251,48.11222037811045],[-107.32244823978485,48.11208506138281]]]}"
000000000000000008f8,9094,0,0,0,"{""type"":""Polygon"",""coordinates"":[[[-107.32346046864478,48.11205117997279],[-107.32244823978485,48.11208506138281],[-107.32326798154251,48.11222037811045],[-107.32329463024253,48.11221983582626],[-107.32356381016531,48.11212504467605],[-107.32356082888589,48.11205809191494],[-107.32346046864478,48.11205117997279]]]}"
000000000000000008eb,9095,0,0,0,"{""type"":""Polygon"",""coordinates"":[[[-107.32222651795101,48.111901975539666],[-107.32219788040506,48.112005274080644],[-107.32216737165707,48.11206844530118],[-107.32244823978485,48.11208506138281],[-107.32346046864478,48.11205117997279],[-107.32222651795101,48.111901975539666]]]}"
000000000000000008f9,9096,0,0,0,"{""type"":""Polygon"",""coordinates"":[[[-107.32224370238585,48.11183907549637],[-107.32223158771382,48.11186615595149],[-107.32222651795101,48.111901975539666],[-107.32346046864478,48.11205117997279],[-107.32356082888589,48.11205809191494],[-107.32356929934174,48.11195074069693],[-107.32224370238585,48.11183907549637]]]}"
000000000000000008ea,9097,0,0,0,"{""type"":""Polygon"",""coordinates"":[[[-107.32226631084703,48.111749274043774],[-107.32227385641069,48.1117669865117],[-107.32224370238585,48.11183907549637],[-107.32356929934174,48.11195074069693],[-107.3235737627108,48.1119015163083],[-107.32359190503374,48.11186093881133],[-107.32226631084703,48.111749274043774]]]}"
000000000000000008f1,9098,0,0,0,"{""type"":""Polygon"",""coordinates"":[[[-107.32225851253651,48.11172262780837],[-107.32226631084703,48.111749274043774],[-107.32359190503374,48.11186093881133],[-107.32360948673522,48.111807027749094],[-107.32361177967886,48.11170867144664],[-107.32225851253651,48.11172262780837]]]}"
000000000000000008e9,9099,0,0,0,"{""type"":""Polygon"",""coordinates"":[[[-107.32260682188964,48.11160839414559],[-107.32225462156097,48.1116378709659],[-107.32224154788557,48.11164262862962],[-107.32225851253651,48.11172262780837],[-107.32361177967886,48.11170867144664],[-107.32361107283683,48.11169528253063],[-107.32360955232754,48.11165962630901],[-107.32260682188964,48.11160839414559]]]}"
000000000000000008d8,9100,0,0,0,"{""type"":""Polygon"",""coordinates"":[[[-107.32350501041249,48.1114116391109],[-107.32260682188964,48.11160839414559],[-107.32360955232754,48.11165962630901],[-107.32360919760897,48.11165070831801],[-107.32362304623605,48.111516385412564],[-107.32350501041249,48.1114116391109]]]}"
000000000000000008e5,9101,0,0,0,"{""type"":""Polygon"",""coordinates"":[[[-107.32348399129077,48.111389695629796],[-107.32338703496417,48.11131125303735],[-107.32225462156097,48.1116378709659],[-107.32260682188964,48.11160839414559],[-107.32350501041249,48.1114116391109],[-107.32348399129077,48.111389695629796]]]}"
000000000000000008e4,9102,0,0,0,"{""type"":""Polygon"",""coordinates"":[[[-107.32336591178576,48.11128487827827],[-107.32218098329216,48.1114830146049],[-107.32222017530835,48.11161176675358],[-107.32224154788557,48.11164262862962],[-107.32225462156097,48.1116378709659],[-107.32338703496417,48.11131125303735],[-107.32336591178576,48.11128487827827]]]}"
000000000000000008e1,9103,0,0,0,"{""type"":""Polygon"",""coordinates"":[[[-107.32334443654852,48.11125403264599],[-107.32331778852756,48.11125457491681],[-107.32212755322811,48.11133228226628],[-107.3221364120496,48.11138123513145],[-107.32218098329216,48.1114830146049],[-107.32336591178576,48.11128487827827],[-107.32334443654852,48.11125403264599]]]}"
00000000000000000925,9104,0,0,0,"{""type"":""Polygon"",""coordinates"":[[[-107.32213811821876,48.111122161768996],[-107.32212432419071,48.11126084376019],[-107.32212755322811,48.11133228226628],[-107.32331778852756,48.11125457491681],[-107.32213811821876,48.111122161768996]]]}"
000000000000000008e3,9105,0,0,0,"{""type"":""Polygon"",""coordinates"":[[[-107.32333597531122,48.11121406907914],[-107.32219807308766,48.11097351508861],[-107.32218570841889,48.11099610846123],[-107.32217465475372,48.11104549513618],[-107.32213811821876,48.111122161768996],[-107.32331778852756,48.11125457491681],[-107.32334443654852,48.11125403264599],[-107.32333597531122,48.11121406907914]]]}"
000000000000000008df,9106,0,0,0,"{""type"":""Polygon"",""coordinates"":[[[-107.32332711481004,48.111165116523125],[-107.32227858924392,48.11083791024057],[-107.3222665766256,48.11086497441775],[-107.32223460934611,48.11089684865683],[-107.32219807308766,48.11097351508861],[-107.32333597531122,48.11121406907914],[-107.32332711481004,48.111165116523125]]]}"
000000000000000008e0,9107,0,0,0,"{""type"":""Polygon"",""coordinates"":[[[-107.32332448852137,48.111107082868976],[-107.3223926928777,48.11070607137552],[-107.32232869923331,48.110765459600586],[-107.32227858924392,48.11083791024057],[-107.32332711481004,48.111165116523125],[-107.32333263969504,48.11113819955677],[-107.32332448852137,48.111107082868976]]]}"
000000000000000008d9,9108,0,0,0,"{""type"":""Polygon"",""coordinates"":[[[-107.3232993231986,48.110991450120636],[-107.323292382284,48.11098714250044],[-107.32246261077259,48.110628755450726],[-107.32243737877522,48.11066052177974],[-107.3223926928777,48.11070607137552],[-107.32332448852137,48.111107082868976],[-107.32332388340777,48.111093678344716],[-107.3232993231986,48.110991450120636]]]}"
000000000000000008da,9109,0,0,0,"{""type"":""Polygon"",""coordinates"":[[[-107.32328458325298,48.11096049675319],[-107.32272773740421,48.11044471261498],[-107.32269485596244,48.11045433567404],[-107.32257777423891,48.11051922335494],[-107.32248804846834,48.11060140461509],[-107.32246261077259,48.110628755450726],[-107.323292382284,48.11098714250044],[-107.32328458325298,48.11096049675319]]]}"
000000000000000008de,9110,0,0,0,"{""type"":""Polygon"",""coordinates"":[[[-107.32306271113437,48.11033075141492],[-107.32300987280793,48.11034073775195],[-107.32284481881447,48.11037982485095],[-107.32273401619192,48.110435702734144],[-107.32272773740421,48.11044471261498],[-107.32328458325298,48.11096049675319],[-107.32328823579452,48.11089345332716],[-107.32306271113437,48.11033075141492]]]}"
000000000000000008dd,9111,0,0,0,"{""type"":""Polygon"",""coordinates"":[[[-107.32347685101116,48.1103447243434],[-107.32345502141659,48.11030496151542],[-107.32324832715196,48.110304705067854],[-107.32306271113437,48.11033075141492],[-107.32328823579452,48.11089345332716],[-107.3235307873092,48.110504426108676],[-107.32347685101116,48.1103447243434]]]}"
000000000000000008e2,9112,0,0,0,"{""type"":""Polygon"",""coordinates"":[[[-107.3235307873092,48.110504426108676],[-107.32328823579452,48.11089345332716],[-107.32328458325298,48.11096049675319],[-107.323292382284,48.11098714250044],[-107.3232993231986,48.110991450120636],[-107.32362505028138,48.11067223264314],[-107.3235307873092,48.110504426108676]]]}"
000000000000000008dc,9113,0,0,0,"{""type"":""Polygon"",""coordinates"":[[[-107.3236807220563,48.11072469450895],[-107.32362505028138,48.11067223264314],[-107.3232993231986,48.110991450120636],[-107.32332388340777,48.111093678344716],[-107.3237027580302,48.11076887307815],[-107.3236807220563,48.11072469450895]]]}"
000000000000000008d2,9114,0,0,0,"{""type"":""Polygon"",""coordinates"":[[[-107.3237027580302,48.11076887307815],[-107.32332388340777,48.111093678344716],[-107.32332448852137,48.111107082868976],[-107.32333263969504,48.11113819955677],[-107.32351548731698,48.111054063241546],[-107.32379961243514,48.110847330306555],[-107.3237027580302,48.11076887307815]]]}"
000000000000000008cf,9115,0,0,0,"{""type"":""Polygon"",""coordinates"":[[[-107.32390320245081,48.11092567961032],[-107.32381318688464,48.11085154570975],[-107.32379961243514,48.110847330306555],[-107.32351548731698,48.111054063241546],[-107.3239181489098,48.11096104834946],[-107.32390320245081,48.11092567961032]]]}"
000000000000000008e6,9116,0,0,0,"{""type"":""Polygon"",""coordinates"":[[[-107.3239181489098,48.11096104834946],[-107.32351548731698,48.111054063241546],[-107.32333263969504,48.11113819955677],[-107.32332711481004,48.111165116523125],[-107.32333597531122,48.11121406907914],[-107.32334443654852,48.11125403264599],[-107.32336591178576,48.11128487827827],[-107.32338703496417,48.11131125303735],[-107.32348399129077,48.111389695629796],[-107.32393207823836,48.11097418161442],[-107.3239181489098,48.11096104834946]]]}"
000000000000000008e8,9117,0,0,0,"{""type"":""Polygon"",""coordinates"":[[[-107.3239932754621,48.11099972665563],[-107.32393207823836,48.11097418161442],[-107.32348399129077,48.111389695629796],[-107.32350501041249,48.1114116391109],[-107.32362304623605,48.111516385412564],[-107.32367010862153,48.11152438191069],[-107.32375739406164,48.11153605145345],[-107.32400011488053,48.11100404998032],[-107.3239932754621,48.11099972665563]]]}"
000000000000000008e7,9118,0,0,0,"{""type"":""Polygon"",""coordinates"":[[[-107.32405462172264,48.11102977403919],[-107.32400011488053,48.11100404998032],[-107.32375739406164,48.11153605145345],[-107.32378414666154,48.11153994035902],[-107.32389205239556,48.111564564169406],[-107.32405963838255,48.11158352405462],[-107.32419911492092,48.11157173024242],[-107.32405462172264,48.11102977403919]]]}"
000000000000000008f0,9119,0,0,0,"{""type"":""Polygon"",""coordinates"":[[[-107.32409459382754,48.11102896032468],[-107.32405462172264,48.11102977403919],[-107.32419911492092,48.11157173024242],[-107.32427201492041,48.11156136372714],[-107.32442988359672,48.11151347890062],[-107.3244820142103,48.111485655593555],[-107.32459367584256,48.111447665739995],[-107.32473690429025,48.11136881139292],[-107.32409459382754,48.11102896032468]]]}"
000000000000000008cc,9120,0,0,0,"{""type"":""Polygon"",""coordinates"":[[[-107.32486151269708,48.11087946497469],[-107.3247264549606,48.11084196503745],[-107.32409459382754,48.11102896032468],[-107.32473690429025,48.11136881139292],[-107.32483864063903,48.11125956216551],[-107.32488636960875,48.11113356272598],[-107.32488810067673,48.111026321389126],[-107.32486151269708,48.11087946497469]]]}"
000000000000000008d5,9121,0,0,0,"{""type"":""Polygon"",""coordinates"":[[[-107.3246178397611,48.11079950681801],[-107.32454356859468,48.110778720178764],[-107.32444250333138,48.11075842071587],[-107.32440253137001,48.11075923456754],[-107.3239932754621,48.11099972665563],[-107.32400011488053,48.11100404998032],[-107.32405462172264,48.11102977403919],[-107.32409459382754,48.11102896032468],[-107.3247264549606,48.11084196503745],[-107.3246178397611,48.11079950681801]]]}"
000000000000000008d6,9122,0,0,0,"{""type"":""Polygon"",""coordinates"":[[[-107.3243083031379,48.11073881123901],[-107.32426149182996,48.110735301748804],[-107.32390320245081,48.11092567961032],[-107.3239181489098,48.11096104834946],[-107.32393207823836,48.11097418161442],[-107.3239932754621,48.11099972665563],[-107.32440253137001,48.11075923456754],[-107.3243083031379,48.11073881123901]]]}"
000000000000000008d1,9123,0,0,0,"{""type"":""Polygon"",""coordinates"":[[[-107.32416052878753,48.11071498623275],[-107.3240939091383,48.1107163424387],[-107.32381318688464,48.11085154570975],[-107.32390320245081,48.11092567961032],[-107.32426149182996,48.110735301748804],[-107.32416052878753,48.11071498623275]]]}"
000000000000000008cd,9124,0,0,0,"{""type"":""Polygon"",""coordinates"":[[[-107.3240465968957,48.11070385966704],[-107.3236807220563,48.11072469450895],[-107.3237027580302,48.11076887307815],[-107.32379961243514,48.110847330306555],[-107.32381318688464,48.11085154570975],[-107.3240939091383,48.1107163424387],[-107.3240465968957,48.11070385966704]]]}"
000000000000000008db,9125,0,0,0,"{""type"":""Polygon"",""coordinates"":[[[-107.32347685101116,48.1103447243434],[-107.3235307873092,48.110504426108676],[-107.32362505028138,48.11067223264314],[-107.3236807220563,48.11072469450895],[-107.3240465968957,48.11070385966704],[-107.32347685101116,48.1103447243434]]]}"
000000000000000008ce,9126,0,0,0,"{""type"":""Polygon"",""coordinates"":[[[-107.32370321298376,48.11018830189489],[-107.32365721387217,48.11020261184611],[-107.32359201183124,48.110235191688886],[-107.32346834510484,48.11030469037494],[-107.32345502141659,48.11030496151542],[-107.32347685101116,48.1103447243434],[-107.3240465968957,48.11070385966704],[-107.3240939091383,48.1107163424387],[-107.32416052878753,48.11071498623275],[-107.32370321298376,48.11018830189489]]]}"
000000000000000008d7,9127,0,0,0,"{""type"":""Polygon"",""coordinates"":[[[-107.32386755982314,48.11013582495211],[-107.32379526817996,48.11015959507608],[-107.32370321298376,48.11018830189489],[-107.32416052878753,48.11071498623275],[-107.32426149182996,48.110735301748804],[-107.3243083031379,48.11073881123901],[-107.32386755982314,48.11013582495211]]]}"
000000000000000008d0,9128,0,0,0,"{""type"":""Polygon"",""coordinates"":[[[-107.32403884739266,48.11008765527738],[-107.32399927578363,48.110097457754655],[-107.32390692553857,48.110121607089155],[-107.32386755982314,48.11013582495211],[-107.3243083031379,48.11073881123901],[-107.32440253137001,48.11075923456754],[-107.32444250333138,48.11075842071587],[-107.32403884739266,48.11008765527738]]]}"
000000000000000008ca,9129,0,0,0,"{""type"":""Polygon"",""coordinates"":[[[-107.32424533632879,48.110083494576855],[-107.32414320879522,48.11003644187058],[-107.32414402017253,48.110054261536945],[-107.32410465451737,48.11006847947746],[-107.32407836198874,48.11007793964851],[-107.32403884739266,48.11008765527738],[-107.32444250333138,48.11075842071587],[-107.32454356859468,48.110778720178764],[-107.32424533632879,48.110083494576855]]]}"
000000000000000008c9,9130,0,0,0,"{""type"":""Polygon"",""coordinates"":[[[-107.32445551599444,48.11015967209351],[-107.32444183727449,48.110151025644896],[-107.32424533632879,48.110083494576855],[-107.32454356859468,48.110778720178764],[-107.3246178397611,48.11079950681801],[-107.32445551599444,48.11015967209351]]]}"
000000000000000008d3,9131,0,0,0,"{""type"":""Polygon"",""coordinates"":[[[-107.32481405400844,48.11071516841388],[-107.32449619452773,48.11017224675394],[-107.32445551599444,48.11015967209351],[-107.3246178397611,48.11079950681801],[-107.3247264549606,48.11084196503745],[-107.32486151269708,48.11087946497469],[-107.32486126205002,48.11087497837781],[-107.32486799722507,48.11087487037725],[-107.32481405400844,48.11071516841388]]]}"
000000000000000008c5,9132,0,0,0,"{""type"":""Polygon"",""coordinates"":[[[-107.32475673143823,48.11033221661946],[-107.32463829472859,48.1102184852631],[-107.32461104148022,48.11020562359601],[-107.32461083548367,48.110201208160575],[-107.32449619452773,48.11017224675394],[-107.32481405400844,48.11071516841388],[-107.32475673143823,48.11033221661946]]]}"
000000000000000008b9,9133,0,0,0,"{""type"":""Polygon"",""coordinates"":[[[-107.32475673143823,48.11033221661946],[-107.32481405400844,48.11071516841388],[-107.32486799722507,48.11087487037725],[-107.3250403987768,48.1108535227543],[-107.32520474921905,48.11080104276427],[-107.32534103345574,48.11071788110865],[-107.32543678373105,48.11062220042515],[-107.32546186489442,48.11058593104665],[-107.32475673143823,48.11033221661946]]]}"
000000000000000008b8,9134,0,0,0,"{""type"":""Polygon"",""coordinates"":[[[-107.32463829472859,48.1102184852631],[-107.32475673143823,48.11033221661946],[-107.32546186489442,48.11058593104665],[-107.3254678925155,48.11057243440632],[-107.32556324234909,48.110467765000664],[-107.32556922529072,48.110454197280575],[-107.32463829472859,48.1102184852631]]]}"
000000000000000008c6,9135,0,0,0,"{""type"":""Polygon"",""coordinates"":[[[-107.32461104148022,48.11020562359601],[-107.32463829472859,48.1102184852631],[-107.32556922529072,48.110454197280575],[-107.32560479416831,48.11035520842627],[-107.32561517757512,48.1102880577417],[-107.3256322542734,48.11022517493708],[-107.32563164829453,48.11021177067429],[-107.32461104148022,48.11020562359601]]]}"
000000000000000008c1,9136,0,0,0,"{""type"":""MultiPolygon"",""coordinates"":[[[[-107.32558910352104,48.110007155973996],[-107.32558864666309,48.10999825404263],[-107.32558205785254,48.10999841743474],[-107.32558241307672,48.11000733512523],[-107.32558910352104,48.110007155973996]]],[[[-107.32558241307672,48.11000733512523],[-107.3255689400889,48.11000310428549],[-107.32556873397512,48.1099986888721],[-107.32548818481717,48.10998691324887],[-107.32543463866494,48.10998351241538],[-107.32461083548367,48.110201208160575],[-107.32461104148022,48.11020562359601],[-107.32563164829453,48.11021177067429],[-107.32561873654967,48.11007356307391],[-107.32562557612192,48.11007788620259],[-107.32561813057264,48.11006015884967],[-107.32560520652235,48.11006941909841],[-107.32559776098573,48.11005169174644],[-107.32561129100485,48.11005583572181],[-107.3255965490461,48.1100248833119],[-107.32559031545595,48.110033964399705],[-107.32558241307672,48.11000733512523]]]]}"
000000000000000008bf,9137,0,0,0,"{""type"":""Polygon"",""coordinates"":[[[-107.3252670565267,48.10996455541241],[-107.32514689151715,48.10996251135475],[-107.32444183727449,48.110151025644896],[-107.32445551599444,48.11015967209351],[-107.32449619452773,48.11017224675394],[-107.32461083548367,48.110201208160575],[-107.32543463866494,48.10998351241538],[-107.3252670565267,48.10996455541241]]]}"
000000000000000008c8,9138,0,0,0,"{""type"":""Polygon"",""coordinates"":[[[-107.32502591487145,48.1099426475261],[-107.32414143710828,48.10999630027261],[-107.32414320879522,48.11003644187058],[-107.32424533632879,48.110083494576855],[-107.32444183727449,48.110151025644896],[-107.32514689151715,48.10996251135475],[-107.32502591487145,48.1099426475261]]]}"
000000000000000008cb,9139,0,0,0,"{""type"":""Polygon"",""coordinates"":[[[-107.32429187664285,48.10963591382407],[-107.32424060478796,48.10968162662235],[-107.32414788259508,48.10984432528594],[-107.32413318102729,48.10996075316975],[-107.32414143710828,48.10999630027261],[-107.32502591487145,48.1099426475261],[-107.32429187664285,48.10963591382407]]]}"
000000000000000008c2,9140,0,0,0,"{""type"":""Polygon"",""coordinates"":[[[-107.32440044777437,48.10953099196389],[-107.32429187664285,48.10963591382407],[-107.32502591487145,48.1099426475261],[-107.32514689151715,48.10996251135475],[-107.3252670565267,48.10996455541241],[-107.32440044777437,48.10953099196389]]]}"
000000000000000008c4,9141,0,0,0,"{""type"":""Polygon"",""coordinates"":[[[-107.32470151238283,48.109551723941806],[-107.32465384605099,48.10953032410323],[-107.3244443191172,48.109467623060915],[-107.32441929512052,48.109503804535386],[-107.32440044777437,48.10953099196389],[-107.3252670565267,48.10996455541241],[-107.32543463866494,48.10998351241538],[-107.32548818481717,48.10998691324887],[-107.32470151238283,48.109551723941806]]]}"
0000000000000000089b,9142,0,0,0,"{""type"":""Polygon"",""coordinates"":[[[-107.32470151238283,48.109551723941806],[-107.32548818481717,48.10998691324887],[-107.32556873397512,48.1099986888721],[-107.32558145188742,48.109985013229135],[-107.32558205785254,48.10999841743474],[-107.32558864666309,48.10999825404263],[-107.32564731593276,48.10981844035112],[-107.32564681443277,48.10980946734823],[-107.32470151238283,48.109551723941806]]]}"
000000000000000008a5,9143,0,0,0,"{""type"":""Polygon"",""coordinates"":[[[-107.32548511124887,48.10962520341884],[-107.32538404464552,48.1096004584577],[-107.32465384605099,48.10953032410323],[-107.32470151238283,48.109551723941806],[-107.32564681443277,48.10980946734823],[-107.32568238234226,48.10971047970421],[-107.32548511124887,48.10962520341884]]]}"
000000000000000008a7,9144,0,0,0,"{""type"":""Polygon"",""coordinates"":[[[-107.32462027485924,48.10922733875947],[-107.3246010281595,48.10924553740155],[-107.32455036269545,48.109304654049865],[-107.32449944647846,48.10935928427217],[-107.3244443191172,48.109467623060915],[-107.32465384605099,48.10953032410323],[-107.32538404464552,48.1096004584577],[-107.32462027485924,48.10922733875947]]]}"
000000000000000008a8,9145,0,0,0,"{""type"":""Polygon"",""coordinates"":[[[-107.32486030613993,48.10907956339037],[-107.32482738108645,48.10908911580125],[-107.32469698138274,48.109154275561934],[-107.32462027485924,48.10922733875947],[-107.32538404464552,48.1096004584577],[-107.32548511124887,48.10962520341884],[-107.32486030613993,48.10907956339037]]]}"
000000000000000008a6,9146,0,0,0,"{""type"":""Polygon"",""coordinates"":[[[-107.32496426468784,48.109019361518335],[-107.32490554920389,48.10904734702443],[-107.32487986311861,48.10907021119234],[-107.32486030613993,48.10907956339037],[-107.32548511124887,48.10962520341884],[-107.32568238234226,48.10971047970421],[-107.32570761175606,48.10967871316137],[-107.32496426468784,48.109019361518335]]]}"
0000000000000000089a,9147,0,0,0,"{""type"":""Polygon"",""coordinates"":[[[-107.32506847369343,48.10896364604019],[-107.32501639152713,48.10899153933712],[-107.32496426468784,48.109019361518335],[-107.32570761175606,48.10967871316137],[-107.32571409601637,48.10967411861849],[-107.32576480547888,48.109615072059526],[-107.32577691715626,48.109587992394154],[-107.32506847369343,48.10896364604019]]]}"
000000000000000008a4,9148,0,0,0,"{""type"":""Polygon"",""coordinates"":[[[-107.32525145599637,48.108879565535844],[-107.32522491359059,48.1088845393617],[-107.32508807522463,48.1089543649255],[-107.32506847369343,48.10896364604019],[-107.32577691715626,48.109587992394154],[-107.32581450882614,48.10953363274193],[-107.32525145599637,48.108879565535844]]]}"
000000000000000008a3,9149,0,0,0,"{""type"":""Polygon"",""coordinates"":[[[-107.3254682792185,48.10880818255365],[-107.3253957838715,48.108827537907146],[-107.325323745314,48.10885579495228],[-107.32525145599637,48.108879565535844],[-107.32581450882614,48.10953363274193],[-107.3258526048378,48.10949269296504],[-107.3254682792185,48.10880818255365]]]}"
0000000000000000089c,9150,0,0,0,"{""type"":""Polygon"",""coordinates"":[[[-107.32553408432646,48.108789006291005],[-107.3254682792185,48.10880818255365],[-107.3258526048378,48.10949269296504],[-107.32587216201159,48.109483340486186],[-107.32593558863613,48.109410618536614],[-107.32595418432335,48.10937894442809],[-107.32553408432646,48.108789006291005]]]}"
000000000000000008a1,9151,0,0,0,"{""type"":""Polygon"",""coordinates"":[[[-107.32575759736875,48.1087174436501],[-107.3256455886943,48.10874651519958],[-107.32554077454775,48.10878882715295],[-107.32553408432646,48.108789006291005],[-107.32595418432335,48.10937894442809],[-107.32599238169553,48.109337988963865],[-107.32600489309046,48.1093198980915],[-107.3260039316186,48.10929757649883],[-107.32575759736875,48.1087174436501]]]}"
00000000000000000899,9152,0,0,0,"{""type"":""Polygon"",""coordinates"":[[[-107.32627832094084,48.10872923252991],[-107.32607725597335,48.10870649736246],[-107.32602396204832,48.108707583309055],[-107.32592375672375,48.10870517640273],[-107.32577740489049,48.108712577745685],[-107.32575759736875,48.1087174436501],[-107.3260039316186,48.10929757649883],[-107.32631226451075,48.10874191416759],[-107.32627832094084,48.10872923252991]]]}"
00000000000000000896,9153,0,0,0,"{""type"":""Polygon"",""coordinates"":[[[-107.32656322932593,48.10883508969088],[-107.32646145493877,48.10879695810532],[-107.32642067170885,48.10877995354434],[-107.32631226451075,48.10874191416759],[-107.3260039316186,48.10929757649883],[-107.32600489309046,48.1093198980915],[-107.3267006655718,48.10892613020489],[-107.32656322932593,48.10883508969088]]]}"
00000000000000000898,9154,0,0,0,"{""type"":""Polygon"",""coordinates"":[[[-107.32686865210576,48.10910137959478],[-107.32681236961152,48.10903551736525],[-107.32674266203536,48.10896994252948],[-107.3267006655718,48.10892613020489],[-107.32600489309046,48.1093198980915],[-107.32599238169553,48.109337988963865],[-107.32689935093953,48.109190090854504],[-107.32686865210576,48.10910137959478]],[[-107.32683815258348,48.1091645485761],[-107.3268246795593,48.10916031798156],[-107.32683191937564,48.10917362958623],[-107.32683815258348,48.1091645485761]]]}"
0000000000000000089e,9155,0,0,0,"{""type"":""Polygon"",""coordinates"":[[[-107.32691768812843,48.109301395431416],[-107.32689935093953,48.109190090854504],[-107.32599238169553,48.109337988963865],[-107.32595418432335,48.10937894442809],[-107.32593558863613,48.109410618536614],[-107.32693268209013,48.109336833637435],[-107.32691768812843,48.109301395431416]]]}"
0000000000000000088f,9156,0,0,0,"{""type"":""Polygon"",""coordinates"":[[[-107.32693268209013,48.109336833637435],[-107.32593558863613,48.109410618536614],[-107.32587216201159,48.109483340486186],[-107.32693850829614,48.1094662295483],[-107.32693815273345,48.10945731196326],[-107.32694012826565,48.10935456062838],[-107.32693268209013,48.109336833637435]]]}"
0000000000000000089f,9157,0,0,0,"{""type"":""Polygon"",""coordinates"":[[[-107.32693850829614,48.1094662295483],[-107.32587216201159,48.109483340486186],[-107.3258526048378,48.10949269296504],[-107.32581450882614,48.10953363274193],[-107.32577691715626,48.109587992394154],[-107.32576480547888,48.109615072059526],[-107.32585807188912,48.10961317180097],[-107.3269461607783,48.109488371944735],[-107.32693850829614,48.1094662295483]]]}"
000000000000000008ae,9158,0,0,0,"{""type"":""Polygon"",""coordinates"":[[[-107.3269461607783,48.109488371944735],[-107.32585807188912,48.10961317180097],[-107.326963129102,48.10971583306617],[-107.326976653761,48.109572668451726],[-107.3269461607783,48.109488371944735]],[[-107.32695588361749,48.109555213020116],[-107.3269088212463,48.109547218433654],[-107.32691687390401,48.10957834957433],[-107.32695588361749,48.109555213020116]]]}"
000000000000000008a0,9159,0,0,0,"{""type"":""Polygon"",""coordinates"":[[[-107.32696373557978,48.109729237181384],[-107.326963129102,48.10971583306617],[-107.32585807188912,48.10961317180097],[-107.32576480547888,48.109615072059526],[-107.32571409601637,48.10967411861849],[-107.32682720545272,48.109807912956995],[-107.32686058855414,48.10980726159008],[-107.32697705955792,48.109728965549046],[-107.32696373557978,48.109729237181384]]]}"
000000000000000008c3,9160,0,0,0,"{""type"":""Polygon"",""coordinates"":[[[-107.32571409601637,48.10967411861849],[-107.32570761175606,48.10967871316137],[-107.32568238234226,48.10971047970421],[-107.32564681443277,48.10980946734823],[-107.32564731593276,48.10981844035112],[-107.32658170232288,48.10983521583945],[-107.32682720545272,48.109807912956995],[-107.32571409601637,48.10967411861849]]]}"
00000000000000000893,9161,0,0,0,"{""type"":""Polygon"",""coordinates"":[[[-107.32564731593276,48.10981844035112],[-107.32558864666309,48.10999825404263],[-107.32558910352104,48.110007155973996],[-107.32560257651558,48.11001138681105],[-107.3255965490461,48.1100248833119],[-107.32561129100485,48.11005583572181],[-107.32561792445327,48.11005574343174],[-107.32561813057264,48.11006015884967],[-107.32562557612192,48.11007788620259],[-107.32563251732869,48.110082193571984],[-107.32658170232288,48.10983521583945],[-107.32564731593276,48.10981844035112]]]}"
000000000000000008bc,9162,0,0,0,"{""type"":""Polygon"",""coordinates"":[[[-107.32682720545272,48.109807912956995],[-107.32658170232288,48.10983521583945],[-107.32563251732869,48.110082193571984],[-107.32566782272683,48.110126186501574],[-107.32572491607168,48.11020987048896],[-107.32686069319291,48.109811692740934],[-107.32686058855414,48.10980726159008],[-107.32682720545272,48.109807912956995]]]}"
000000000000000008c0,9163,0,0,0,"{""type"":""Polygon"",""coordinates"":[[[-107.32572491607168,48.11020987048896],[-107.32580915925352,48.11030198470661],[-107.32586422890384,48.11034104054277],[-107.32683596612976,48.1098524326484],[-107.32686069319291,48.109811692740934],[-107.32572491607168,48.11020987048896]]]}"
000000000000000008be,9164,0,0,0,"{""type"":""Polygon"",""coordinates"":[[[-107.32586422890384,48.11034104054277],[-107.32594680370343,48.11039744423543],[-107.32595410033672,48.11041066936018],[-107.32679533548345,48.109987239333826],[-107.32683596612976,48.1098524326484],[-107.32586422890384,48.11034104054277]]]}"
000000000000000008b7,9165,0,0,0,"{""type"":""Polygon"",""coordinates"":[[[-107.32595410033672,48.11041066936018],[-107.32596828130062,48.110428288722275],[-107.32598940651361,48.11045466242661],[-107.32600354288745,48.11047221069241],[-107.32602983578076,48.11046274991332],[-107.32678758609103,48.11011242196248],[-107.32679533548345,48.109987239333826],[-107.32595410033672,48.11041066936018]]]}"
000000000000000008b6,9166,0,0,0,"{""type"":""Polygon"",""coordinates"":[[[-107.32678758609103,48.11011242196248],[-107.32602983578076,48.11046274991332],[-107.32680698665602,48.11024603472516],[-107.32681119457567,48.11019232537103],[-107.32678758609103,48.11011242196248]]]}"
000000000000000008bd,9167,0,0,0,"{""type"":""Polygon"",""coordinates"":[[[-107.32680698665602,48.11024603472516],[-107.32602983578076,48.11046274991332],[-107.32600354288745,48.11047221069241],[-107.32603282175204,48.11052970044609],[-107.32604695817807,48.11054724872922],[-107.32681787748274,48.11033961422299],[-107.32682942703836,48.11029920089755],[-107.32680698665602,48.11024603472516]]]}"
000000000000000008c7,9168,0,0,0,"{""type"":""Polygon"",""coordinates"":[[[-107.32681787748274,48.11033961422299],[-107.32604695817807,48.11054724872922],[-107.32606818515838,48.110573606712784],[-107.32610551625496,48.11066222841938],[-107.32612628636691,48.11067968440369],[-107.32682841281999,48.11042427613483],[-107.32684006703214,48.11038829394206],[-107.32681787748274,48.11033961422299]],[[-107.32645767156096,48.110485355844176],[-107.32643765679451,48.11048580662951],[-107.32644470281178,48.11049454517809],[-107.32645767156096,48.110485355844176]]]}"
000000000000000008d4,9169,0,0,0,"{""type"":""Polygon"",""coordinates"":[[[-107.32682841281999,48.11042427613483],[-107.32612628636691,48.11067968440369],[-107.32620364743221,48.11076740479018],[-107.32638273131107,48.11089334525883],[-107.32656541887445,48.11095217107121],[-107.3267130504202,48.110971489960875],[-107.32683545894962,48.110433014641615],[-107.32682841281999,48.11042427613483]],[[-107.32675844836929,48.110648992652294],[-107.3267438067178,48.11061802434255],[-107.32670358305488,48.110614352608174],[-107.32671102929535,48.11063208004624],[-107.32675844836929,48.110648992652294]]]}"
000000000000000008f7,9170,0,0,0,"{""type"":""Polygon"",""coordinates"":[[[-107.32683545894962,48.110433014641615],[-107.3267130504202,48.110971489960875],[-107.32677343881439,48.110979213197695],[-107.32692603457788,48.11096272841666],[-107.32701894996345,48.110951909026475],[-107.3271385142607,48.11094054620405],[-107.3273028659911,48.110888062498816],[-107.32744598911856,48.11080922080024],[-107.32744563345248,48.110800302991805],[-107.32683545894962,48.110433014641615]],[[-107.32696464059225,48.11078329049781],[-107.32695106533214,48.11077907556674],[-107.32695815618847,48.11078788522586],[-107.32696464059225,48.11078329049781]]]}"
000000000000000008bb,9171,1,0,0,"{""type"":""Polygon"",""coordinates"":[[[-107.32729034755549,48.11046406234694],[-107.32684006703214,48.11038829394206],[-107.32682841281999,48.11042427613483],[-107.32683545894962,48.110433014641615],[-107.32744563345248,48.110800302991805],[-107.32753525212954,48.11071813268242],[-107.32729034755549,48.11046406234694]]]}"
000000000000000008b4,9172,0,0,0,"{""type"":""Polygon"",""coordinates"":[[[-107.32726167295093,48.110419977394805],[-107.3271915616494,48.11034541240868],[-107.32682942703836,48.11029920089755],[-107.32681787748274,48.11033961422299],[-107.32684006703214,48.11038829394206],[-107.32729034755549,48.11046406234694],[-107.32726167295093,48.110419977394805]]]}"
000000000000000008b0,9173,0,0,0,"{""type"":""Polygon"",""coordinates"":[[[-107.32716937157286,48.110296732824025],[-107.32712078410756,48.110253083134324],[-107.32681119457567,48.11019232537103],[-107.32680698665602,48.11024603472516],[-107.32682942703836,48.11029920089755],[-107.3271915616494,48.11034541240868],[-107.32716937157286,48.110296732824025]]]}"
000000000000000008b2,9174,0,0,0,"{""type"":""Polygon"",""coordinates"":[[[-107.32709312314987,48.11008392359531],[-107.32708663888337,48.11008851826741],[-107.32707894158968,48.11006630453014],[-107.32709231033428,48.11006610398038],[-107.32705077018615,48.10973641683868],[-107.32703010456714,48.10972339251484],[-107.32697705955792,48.109728965549046],[-107.32686058855414,48.10980726159008],[-107.32686069319291,48.109811692740934],[-107.32683596612976,48.1098524326484],[-107.32679533548345,48.109987239333826],[-107.32678758609103,48.11011242196248],[-107.32681119457567,48.11019232537103],[-107.32712078410756,48.110253083134324],[-107.32710198886691,48.110132874663755],[-107.32709312314987,48.11008392359531]],[[-107.32710198886691,48.110132874663755],[-107.32705517659163,48.110129366602216],[-107.32706282924902,48.11015150926432],[-107.32710198886691,48.110132874663755]],[[-107.32701074566373,48.11017940431093],[-107.3269905816653,48.11017535292242],[-107.32699823428537,48.11019749561001],[-107.32701074566373,48.11017940431093]]]}"
000000000000000008b1,9175,0,0,0,"{""type"":""GeometryCollection"",""geometries"":[{""type"":""LineString"",""coordinates"":[[-107.32720051842517,48.11024699534612],[-107.32720676415433,48.11023795627346]]},{""type"":""Polygon"",""coordinates"":[[[-107.32722980939324,48.10986228215226],[-107.32705760997621,48.10974073983196],[-107.32705077018615,48.10973641683868],[-107.32709231033428,48.11006610398038],[-107.32712579843022,48.11006988368128],[-107.32709312314987,48.11008392359531],[-107.32712078410756,48.110253083134324],[-107.32716937157286,48.110296732824025],[-107.32720047832507,48.11024696660302],[-107.32719328280733,48.110233725866614],[-107.32720675630502,48.11023795648378],[-107.32720676415433,48.11023795627346],[-107.32721344690447,48.1102377772145],[-107.32738280848908,48.11000209496598],[-107.32722980939324,48.10986228215226]],[[-107.3273184649233,48.110052567897256],[-107.32733827331482,48.110047701524735],[-107.32732444725985,48.11003900019022],[-107.3273184649233,48.110052567897256]],[[-107.32730514078075,48.11005283958286],[-107.32731243795249,48.11006606450386],[-107.3273184649233,48.110052567897256],[-107.32730514078075,48.11005283958286]],[[-107.32719287631348,48.110077427286576],[-107.32717271230834,48.110073375944395],[-107.32717980311737,48.11008218547002],[-107.32719287631348,48.110077427286576]],[[-107.32718715412946,48.11024723827458],[-107.32715366584657,48.11024345858709],[-107.32717468741566,48.110265400723144],[-107.32718715412946,48.11024723827458]],[[-107.32730514078075,48.11005283958286],[-107.32730488982754,48.11004835307071],[-107.32726456178213,48.1100402504349],[-107.3271982967647,48.110050526486525],[-107.32725868411181,48.11005824930902],[-107.32727200824972,48.110057977629964],[-107.32728533238942,48.11005770594901],[-107.32730514078075,48.11005283958286]]]}]}"
000000000000000008ab,9176,0,0,0,"{""type"":""MultiPolygon"",""coordinates"":[[[[-107.32722915272527,48.1102910514335],[-107.32722124899283,48.11026442219813],[-107.32721501564,48.11027350342692],[-107.32720898859462,48.110287000085656],[-107.32722915272527,48.1102910514335]]],[[[-107.32721344690447,48.1102377772145],[-107.32720675630502,48.11023795648378],[-107.32716937157286,48.110296732824025],[-107.3271915616494,48.11034541240868],[-107.32726167295093,48.110419977394805],[-107.3273232798355,48.11030704043638],[-107.32731643989693,48.110302717419216],[-107.3273230288815,48.110302553902585],[-107.3274151798207,48.11012651787588],[-107.32741077166637,48.1100283441771],[-107.3273897500222,48.11000640219369],[-107.32738280848908,48.11000209496598],[-107.3272573157916,48.11017440623472],[-107.32721344690447,48.1102377772145]],[[-107.32727783551312,48.110187375269156],[-107.32729101038325,48.11018260130087],[-107.32727074465564,48.110178565734365],[-107.32727783551312,48.110187375269156]],[[-107.32727074465564,48.110178565734365],[-107.32727038902273,48.11016964803146],[-107.3272573157916,48.11017440623472],[-107.32727074465564,48.110178565734365]],[[-107.32718259111077,48.11029202996378],[-107.32718968195928,48.11030083952433],[-107.32719566438344,48.110287271759006],[-107.32718259111077,48.11029202996378]],[[-107.32724354076937,48.11031308597824],[-107.32725580116158,48.110290508075245],[-107.32727540335895,48.11028122626222],[-107.32726760122479,48.11025458127563],[-107.32722762860664,48.11025539631366],[-107.32720098020347,48.11025593966287],[-107.32719566438344,48.110287271759006],[-107.32720898859462,48.110287000085656],[-107.32721633039148,48.11030029617706],[-107.32722915272527,48.1102910514335],[-107.32724354076937,48.11031308597824]]]]}"
000000000000000008b3,9177,0,0,0,"{""type"":""Polygon"",""coordinates"":[[[-107.3274151798207,48.11012651787588],[-107.3273230288815,48.110302553902585],[-107.32734992830994,48.110306497050836],[-107.32733741700001,48.11032458843618],[-107.3273232798355,48.11030704043638],[-107.32726167295093,48.110419977394805],[-107.32729034755549,48.11046406234694],[-107.32753525212954,48.11071813268242],[-107.32754148551213,48.11070905135524],[-107.32769372539548,48.11068364765457],[-107.32772001851018,48.11067418636841],[-107.3274151798207,48.11012651787588]],[[-107.32747354344616,48.11038439045393],[-107.3274532775498,48.11038035491479],[-107.32746057483851,48.11039357990398],[-107.32747354344616,48.11038439045393]],[[-107.32744750152233,48.11039833815559],[-107.32742708629544,48.110389800308035],[-107.32743473924359,48.11041194304282],[-107.32744750152233,48.11039833815559]],[[-107.32754067249488,48.11069123153722],[-107.32752719875015,48.11068700093676],[-107.32752755443782,48.11069591872511],[-107.32754067249488,48.11069123153722]],[[-107.32739157157361,48.11034139244863],[-107.32737130572762,48.11033735689419],[-107.32737860297367,48.110350581879885],[-107.32739157157361,48.11034139244863]],[[-107.32735231010952,48.11036004300781],[-107.32733214590112,48.11035599168253],[-107.32733944313304,48.11036921667625],[-107.32735231010952,48.11036004300781]]]}"
000000000000000008ac,9178,0,0,0,"{""type"":""GeometryCollection"",""geometries"":[{""type"":""LineString"",""coordinates"":[[-107.3275011728398,48.110111378466875],[-107.3275080374941,48.110115705741826]]},{""type"":""Polygon"",""coordinates"":[[[-107.32753570422526,48.11013747669718],[-107.32752896899102,48.110137584885074],[-107.32752886427494,48.11013315370941],[-107.32751468242306,48.110115534699595],[-107.3275079918246,48.110115713989444],[-107.32750160920723,48.11012029293085],[-107.32750115188337,48.11011139100127],[-107.3274937052795,48.11009366380944],[-107.32748722103165,48.110098258509],[-107.3274868653448,48.110089340821894],[-107.32743802661093,48.11004120496211],[-107.32741077166637,48.1100283441771],[-107.3274151798207,48.11012651787588],[-107.32772001851018,48.11067418636841],[-107.32779875155178,48.11064574713526],[-107.32785123609247,48.11062684027654],[-107.32796289581826,48.110588847169424],[-107.32753570422526,48.11013747669718]],[[-107.32766165276772,48.110416312572006],[-107.3276483284461,48.110416584311714],[-107.32764878580217,48.110425486291476],[-107.32766165276772,48.110416312572006]],[[-107.32761727114323,48.110318953566214],[-107.32760369587425,48.110314738765],[-107.32760430257474,48.11032814302326],[-107.32761727114323,48.110318953566214]],[[-107.32758940919287,48.11029268851919],[-107.32757587857117,48.11028854481953],[-107.32757694260192,48.11031085103264],[-107.32758940919287,48.11029268851919]],[[-107.32761316904006,48.110377094252954],[-107.32757953108843,48.11036881241366],[-107.32758722876802,48.11039102622884],[-107.32761316904006,48.110377094252954]],[[-107.32753124635131,48.11018669947831],[-107.32751767115182,48.11018248467375],[-107.32751817310924,48.11019145771895],[-107.32753124635131,48.11018669947831]],[[-107.32748924736329,48.11014288654865],[-107.32745540335101,48.11013018928108],[-107.32746295464698,48.11015234766577],[-107.32748924736329,48.11014288654865]],[[-107.32744522220523,48.1100544456297],[-107.327425058128,48.11005039434418],[-107.32743214901294,48.11005920384537],[-107.32744522220523,48.1100544456297]]]}]}"
000000000000000008f6,9179,0,0,0,"{""type"":""GeometryCollection"",""geometries"":[{""type"":""LineString"",""coordinates"":[[-107.32752863146396,48.11012868756406],[-107.32752883307259,48.110133149856196]]},{""type"":""Polygon"",""coordinates"":[[[-107.32768789291748,48.11025947001838],[-107.32773359388047,48.11023615352858],[-107.32776652030157,48.110226599876675],[-107.32777903142497,48.11020850847382],[-107.32779185366553,48.11019926367354],[-107.32780482216668,48.11019007421539],[-107.3275466463242,48.110083659260255],[-107.3275334268553,48.11008836215029],[-107.32753970474725,48.110079352038696],[-107.32745145547574,48.1100453644259],[-107.32743802661093,48.11004120496211],[-107.3274868653448,48.110089340821894],[-107.32748625868246,48.11007593662283],[-107.32749973220224,48.110080167185565],[-107.3274937052795,48.11009366380944],[-107.3275079918246,48.110115713989444],[-107.32751468242306,48.110115534699595],[-107.32752861329458,48.110128667191695],[-107.32754218847795,48.110132881990786],[-107.32753570422526,48.11013747669718],[-107.32796289581826,48.110588847169424],[-107.32796938013352,48.11058425239309],[-107.32809319506345,48.110519249873356],[-107.32821022974706,48.1104542844165],[-107.32827390637873,48.11038604613898],[-107.32802246497491,48.11028397087506],[-107.3280374158418,48.110319338428354],[-107.32799769386433,48.11032464032975],[-107.32798978950942,48.110298011156516],[-107.32800190014179,48.11027093088473],[-107.32795448030843,48.11025401903444],[-107.32795462970607,48.110258521322116],[-107.32792134744486,48.11025915733399],[-107.32790011886911,48.11023279995883],[-107.32784023271323,48.11023405058481],[-107.32778749773631,48.110248470755096],[-107.32778789812511,48.11025745956996],[-107.32770790782615,48.11025901897044],[-107.32770830819521,48.11026800778795],[-107.32768789291748,48.11025947001838]],[[-107.32807981636917,48.11037214006913],[-107.32805960727947,48.11036801779853],[-107.32806694946304,48.11038131383549],[-107.32807981636917,48.11037214006913]],[[-107.3279128330164,48.11036659201535],[-107.32789935928714,48.11036236149292],[-107.32790655513303,48.11037560220042],[-107.3279128330164,48.11036659201535]],[[-107.32791445943181,48.11040223142126],[-107.32790113507947,48.11040250319681],[-107.32790822617336,48.11041131271652],[-107.32791445943181,48.11040223142126]],[[-107.32773698337331,48.1103120924645],[-107.32771717480146,48.11031695894843],[-107.32773095647445,48.11032558916224],[-107.32773698337331,48.1103120924645]],[[-107.32770912130586,48.11028582745866],[-107.32768931275085,48.110290693933976],[-107.32770309440399,48.11029932414797],[-107.32770912130586,48.11028582745866]],[[-107.32758297415053,48.110149886450635],[-107.32755611936932,48.110146014482716],[-107.32756331503155,48.110159255166124],[-107.32758297415053,48.110149886450635]],[[-107.32754097511443,48.110106073575544],[-107.32752744457117,48.11010192988177],[-107.32752780026773,48.11011084757062],[-107.32754097511443,48.110106073575544]],[[-107.3278922682042,48.11035355198047],[-107.32785852847161,48.1103452860081],[-107.3278531530243,48.11037225809068],[-107.32785999307816,48.110376581072344],[-107.3278922682042,48.11035355198047]],[[-107.32773698337331,48.1103120924645],[-107.32775735407006,48.110320559127125],[-107.32777295604454,48.1103694021236],[-107.32779996044981,48.110377776339654],[-107.32782518916329,48.1103460088541],[-107.32781774234262,48.11032828161379],[-107.32779818476706,48.11033763465],[-107.32777113575979,48.110329189335324],[-107.32779732698317,48.110319743859804],[-107.3277901311937,48.11030650315674],[-107.32781632240126,48.11029705768051],[-107.3277961580713,48.11029300646072],[-107.32777513597593,48.11027106446272],[-107.32770830819521,48.11026800778795],[-107.32770912130586,48.11028582745866],[-107.32771596131712,48.11029015044457],[-107.32773698337331,48.1103120924645]]]}]}"
00000000000000000873,9180,0,0,0,"{""type"":""Polygon"",""coordinates"":[[[-107.32809678721655,48.11015735776368],[-107.3280618784214,48.11012235458893],[-107.32808026674103,48.110086264255585],[-107.32804677817667,48.11008248489869],[-107.32804029395915,48.11008707963389],[-107.32801527197591,48.11012326242207],[-107.32799546348195,48.11012812894403],[-107.32799586392362,48.1101371177361],[-107.3279825396549,48.110137389519466],[-107.32798213921652,48.110128400727206],[-107.32790786468162,48.1101076170444],[-107.32792033107883,48.11008945456311],[-107.32801445871142,48.110105442813],[-107.32797327225492,48.11007944977589],[-107.32784605670523,48.11006867084375],[-107.32782685504351,48.110086941517686],[-107.32781940826109,48.11006921436392],[-107.3276387468693,48.110055019894624],[-107.32763226263609,48.11005961460024],[-107.32760561425894,48.11006015805921],[-107.32759852331904,48.11005134857208],[-107.32745145547574,48.1100453644259],[-107.32753970474725,48.110079352038696],[-107.32755206654244,48.110056758442944],[-107.32758616154777,48.11007394217087],[-107.3275466463242,48.110083659260255],[-107.32780482216668,48.11019007421539],[-107.32785573667206,48.11013544141793],[-107.32788947621748,48.11014370736304],[-107.3279034072891,48.11015683980264],[-107.32788395456934,48.110170624000304],[-107.32800473092311,48.11018606873808],[-107.32801861743607,48.11019913006623],[-107.32797266238524,48.110213513208265],[-107.32793806487192,48.110187356542255],[-107.32789834306719,48.1101926583848],[-107.32792559844319,48.1102055190605],[-107.3279532096443,48.11022729743537],[-107.32795448030843,48.11025401903444],[-107.32800190014179,48.11027093088473],[-107.32800144269753,48.11026202893507],[-107.32801522446115,48.11027065909669],[-107.32802246497491,48.11028397087506],[-107.32827390637873,48.11038604613898],[-107.32830561908166,48.11034968375347],[-107.32836073914753,48.11024134111187],[-107.32836615886119,48.11021444018064],[-107.32841540134686,48.11012409674838],[-107.32841458788714,48.11010627714736],[-107.32828094428642,48.11010000670381],[-107.32822379706172,48.11016372094947],[-107.3281287508664,48.11012548211135],[-107.32814360016944,48.11016086530145],[-107.32809678721655,48.11015735776368]],[[-107.32835141410801,48.11018348817176],[-107.32831767425078,48.11017522239082],[-107.32833206307663,48.110197256703856],[-107.32835141410801,48.11018348817176]],[[-107.32815778243378,48.11017848422301],[-107.32820423959029,48.11017307403655],[-107.32815742658475,48.110169566528896],[-107.32815778243378,48.11017848422301]],[[-107.3281852443975,48.11019576023343],[-107.32820505294553,48.110190893664644],[-107.32819152219811,48.110186750063065],[-107.3281852443975,48.11019576023343]],[[-107.3281856002529,48.110204677931726],[-107.32819329832252,48.11022689161897],[-107.32820576466607,48.11020872906071],[-107.3281856002529,48.110204677931726]],[[-107.3281856002529,48.110204677931726],[-107.3281852443975,48.11019576023343],[-107.3281721711403,48.110200518564426],[-107.3281856002529,48.110204677931726]],[[-107.32815778243378,48.11017848422301],[-107.32814466455147,48.110183171445144],[-107.32815838934042,48.11019188843779],[-107.32815778243378,48.11017848422301]],[[-107.32813761805268,48.11017443308547],[-107.32811745368046,48.11017038194377],[-107.32812450017227,48.11017912030444],[-107.32813761805268,48.11017443308547]],[[-107.32813433009694,48.110250393263335],[-107.32814162766249,48.110263618160964],[-107.32815449451725,48.11025444440643],[-107.32813433009694,48.110250393263335]],[[-107.32809278751897,48.11021548251076],[-107.3280857410311,48.11020674414163],[-107.32807925679235,48.11021133889087],[-107.32809278751897,48.11021548251076]],[[-107.32804587289475,48.11021199070723],[-107.32802570853325,48.11020793954307],[-107.32803300604455,48.11022116443966],[-107.32804587289475,48.11021199070723]],[[-107.32799586392362,48.1101371177361],[-107.3280029103718,48.110145856101276],[-107.32801602823754,48.11014116890227],[-107.32799586392362,48.1101371177361]],[[-107.3279034072891,48.11015683980264],[-107.32791045371157,48.110165578178545],[-107.32791693795036,48.110160983444715],[-107.3279034072891,48.11015683980264]],[[-107.32788035836143,48.11009026987317],[-107.32784686988855,48.11008649044385],[-107.32785406566826,48.11009973108746],[-107.32788035836143,48.11009026987317]],[[-107.327646755639,48.11008608015248],[-107.327633225075,48.11008193647573],[-107.32764133547703,48.11011298098873],[-107.327646755639,48.11008608015248]],[[-107.32760632569133,48.11007799342266],[-107.32759285214415,48.110073762875764],[-107.32759325248753,48.11008275166271],[-107.32760632569133,48.11007799342266]],[[-107.32815742658475,48.110169566528896],[-107.32815692446937,48.110160593494804],[-107.32814360016944,48.11016086530145],[-107.32814410228153,48.11016983833575],[-107.32815742658475,48.110169566528896]],[[-107.32813433009694,48.110250393263335],[-107.32813336735806,48.11022807132892],[-107.32809278751897,48.11021548251076],[-107.32807394166996,48.11024267099138],[-107.32811355879623,48.11023293788669],[-107.32812774106556,48.11025055683674],[-107.32813433009694,48.110250393263335]]]}"
00000000000000000889,9181,0,0,0,"{""type"":""MultiPolygon"",""coordinates"":[[[[-107.32759082568117,48.11002913490035],[-107.32756939117658,48.10999836215364],[-107.3275690354682,48.10998944448434],[-107.3273897500222,48.11000640219369],[-107.32741077166637,48.1100283441771],[-107.32743802661093,48.11004120496211],[-107.32745145547574,48.1100453644259],[-107.32759852331904,48.11005134857208],[-107.32757790184871,48.11003839540394],[-107.32759082568117,48.11002913490035]],[[-107.32755688006172,48.11001645345658],[-107.32754436893552,48.1100345447644],[-107.32757790184871,48.11003839540394],[-107.32755688006172,48.11001645345658]]],[[[-107.32780805740248,48.10996673362649],[-107.3276421404914,48.10998349115457],[-107.32764249621768,48.109992408822144],[-107.32766311770152,48.11000536196471],[-107.32766347343258,48.110014279635784],[-107.32766408016123,48.11002768381632],[-107.3276646868898,48.11004108800027],[-107.3276387468693,48.110055019894624],[-107.32781940826109,48.11006921436392],[-107.32781135470309,48.11003808303108],[-107.32781631733376,48.110002280319236],[-107.32780805740248,48.10996673362649]]],[[[-107.3279805602997,48.10994536533296],[-107.32795401667494,48.10995034004599],[-107.32794150571189,48.10996843137873],[-107.32794236357572,48.109986322046],[-107.32794332620662,48.110008643882374],[-107.32791029520145,48.11001376638685],[-107.32792458203406,48.11003581646397],[-107.3279825872447,48.109989993216765],[-107.32802255989756,48.109989177867284],[-107.32800452740528,48.11003418579364],[-107.32796476111498,48.11003941654127],[-107.32796516155034,48.11004840531845],[-107.32788521618193,48.11005003595634],[-107.32788481576625,48.110041047178036],[-107.32786500732897,48.110045913663996],[-107.32786540773968,48.11005490244334],[-107.32785254092921,48.11006407612312],[-107.32784605670523,48.11006867084375],[-107.32797327225492,48.11007944977589],[-107.32799201642736,48.11005227716221],[-107.32803178273986,48.110047046401434],[-107.3280386227722,48.110051369344156],[-107.32805240447718,48.11005999946733],[-107.32806658665035,48.11007761837087],[-107.32804677817667,48.11008248489869],[-107.32808026674103,48.110086264255585],[-107.3280861440737,48.110068265330085],[-107.32810605732931,48.110067829962915],[-107.32812550995737,48.1100540457495],[-107.32814603011835,48.110067014557316],[-107.32816644550459,48.110075552195326],[-107.32819982932237,48.11007490034072],[-107.3282138653274,48.11009246388364],[-107.32825383818873,48.11009164843088],[-107.32828094428642,48.11010000670381],[-107.32841458788714,48.11010627714736],[-107.32841641013694,48.1099990223466],[-107.32837947361551,48.10991939156019],[-107.32838570669702,48.10991031032381],[-107.32829917228575,48.1099121048924],[-107.32800047346714,48.109944929990974],[-107.32800731347591,48.109949252928125],[-107.32797488935346,48.10996777960822],[-107.3279805602997,48.10994536533296]],[[-107.32804495757262,48.11004227234327],[-107.32803791112838,48.11003353399831],[-107.32803178273986,48.110047046401434],[-107.32804495757262,48.11004227234327]],[[-107.32796156514848,48.109968051386176],[-107.32796865618924,48.10997686082994],[-107.32797488935346,48.10996777960822],[-107.32796156514848,48.109968051386176]],[[-107.32793897051855,48.110057850786184],[-107.32794591530178,48.11006660490474],[-107.32795239952026,48.11006201017767],[-107.32793897051855,48.110057850786184]],[[-107.32788567360038,48.110058937871294],[-107.32789261836709,48.1100676919943],[-107.32789910258852,48.110063097270675],[-107.32788567360038,48.110058937871294]]]]}"
000000000000000008af,9182,0,0,0,"{""type"":""MultiPolygon"",""coordinates"":[[[[-107.3277781687952,48.10989584095761],[-107.32778440197707,48.10988675976182],[-107.32764411427232,48.10988073882076],[-107.3276421404914,48.10998349115457],[-107.32780805740248,48.10996673362649],[-107.3278073012376,48.10994882720163],[-107.32780648806984,48.10993100764749],[-107.32781899906522,48.10991291634443],[-107.3277781687952,48.10989584095761]]],[[[-107.32753245681764,48.10991873098712],[-107.32753879168007,48.10990963404106],[-107.32753088775172,48.109883005029474],[-107.32754385616127,48.10987381566423],[-107.32722980939324,48.10986228215226],[-107.32738280848908,48.11000209496598],[-107.3273897500222,48.11000640219369],[-107.3275690354682,48.10998944448434],[-107.32756158884479,48.109971717339405],[-107.32756660868966,48.10993582781585],[-107.32753245681764,48.10991873098712]],[[-107.32753550260284,48.10998559384408],[-107.32754826469686,48.10997198905851],[-107.327521365426,48.10996804598699],[-107.32753550260284,48.10998559384408]]],[[[-107.32796495813716,48.10989652276916],[-107.32796520917266,48.10990100926453],[-107.3279317208278,48.10989722987521],[-107.32792498560849,48.10989733809004],[-107.32790482145437,48.10989328691945],[-107.32789940150573,48.10992018766618],[-107.32791343727102,48.10993775120743],[-107.32791389469774,48.10994665310302],[-107.32794058771182,48.1099461806626],[-107.32793912301594,48.10991488585817],[-107.32799267079639,48.1099182852475],[-107.32796673403097,48.10993666411342],[-107.32795401667494,48.10995034004599],[-107.3279805602997,48.10994536533296],[-107.32798679345579,48.10993628411611],[-107.32800047346714,48.109944929990974],[-107.32829917228575,48.1099121048924],[-107.32796495813716,48.10989652276916]]]]}"
000000000000000008b5,9183,0,0,0,"{""type"":""MultiPolygon"",""coordinates"":[[[[-107.32789712363032,48.109871073343854],[-107.32787072633751,48.10987610336672],[-107.32790482145437,48.10989328691945],[-107.32792498560849,48.10989733809004],[-107.32789712363032,48.109871073343854]]],[[[-107.32765323592544,48.109786709263105],[-107.32764275146076,48.10984942828321],[-107.3276437139136,48.109871750068976],[-107.32764411427232,48.10988073882076],[-107.32778440197707,48.10988675976182],[-107.32781013235662,48.10986396557234],[-107.32782741188409,48.1098054983597],[-107.327827307129,48.10980106721336],[-107.32765323592544,48.109786709263105]]],[[[-107.32794109596021,48.10981213367363],[-107.32795548438423,48.109834167901106],[-107.32795021388257,48.1098655708732],[-107.32796435129538,48.10988311862686],[-107.32796495813716,48.10989652276916],[-107.32829917228575,48.1099121048924],[-107.32838570669702,48.10991031032381],[-107.3283970034819,48.10986541069218],[-107.32839629165784,48.10984757541669],[-107.32794109596021,48.10981213367363]]],[[[-107.32749618628826,48.10985241719717],[-107.32750196218349,48.10983443414361],[-107.32754877436624,48.10983794196973],[-107.32749334690935,48.10978996989232],[-107.32751269784255,48.10977620163867],[-107.32705760997621,48.10974073983196],[-107.32722980939324,48.10986228215226],[-107.32754385616127,48.10987381566423],[-107.32756341348947,48.109864462768726],[-107.32749618628826,48.10985241719717]],[[-107.32747617164354,48.10985286819072],[-107.32747652733136,48.109861785837715],[-107.32748949573853,48.10985259648359],[-107.32747617164354,48.10985286819072]],[[-107.32743944397652,48.109777652584526],[-107.32743979965652,48.109786570219086],[-107.32741999139833,48.109791436585006],[-107.3274355927207,48.10984027916111],[-107.327469080779,48.10984405872686],[-107.32746188520728,48.1098308181135],[-107.32746786745719,48.109817250456985],[-107.32744709684458,48.10979979506241],[-107.32748022918265,48.10979465698495],[-107.32748650702692,48.109785646928415],[-107.32743944397652,48.109777652584526]]]]}"
00000000000000000890,9184,0,0,0,"{""type"":""MultiPolygon"",""coordinates"":[[[[-107.32759588657493,48.109698540744326],[-107.32758965339643,48.10970762189524],[-107.32760272646344,48.10970286369312],[-107.32759588657493,48.109698540744326]]],[[[-107.32793009742197,48.109714124178865],[-107.32791996922153,48.109785760760424],[-107.32794109596021,48.10981213367363],[-107.32839629165784,48.10984757541669],[-107.32840089780002,48.10980285518961],[-107.3284251627953,48.10974876619052],[-107.32842430468847,48.10973087561462],[-107.32793009742197,48.109714124178865]]],[[[-107.3276829218464,48.10970571980685],[-107.32769021912779,48.109718944608964],[-107.32766417771352,48.1097328921799],[-107.32765323592544,48.109786709263105],[-107.327827307129,48.10980106721336],[-107.32781915196556,48.109769951800686],[-107.32782446717896,48.10973861999385],[-107.32782406677386,48.1097296312683],[-107.32783718448383,48.10972494413485],[-107.32783657768539,48.10971154003441],[-107.3276829218464,48.10970571980685]]],[[[-107.32719530820454,48.10968880093485],[-107.32706865719751,48.10969135398411],[-107.32706997186395,48.109718146441594],[-107.32703010456714,48.10972339251484],[-107.32705077018615,48.10973641683868],[-107.32705760997621,48.10974073983196],[-107.32751269784255,48.10977620163867],[-107.32753225511796,48.10976684876822],[-107.32751878169937,48.109762618232715],[-107.32749897344712,48.109767484612576],[-107.32750428891056,48.109736152818606],[-107.32749719805653,48.10972734337612],[-107.32755591441601,48.10969935589892],[-107.32719530820454,48.10968880093485]]]]}"
00000000000000000888,9185,0,0,0,"{""type"":""MultiPolygon"",""coordinates"":[[[[-107.32838862815186,48.109530658420184],[-107.32790456432751,48.10959402537946],[-107.32789858225192,48.109607593001165],[-107.32793587310715,48.10969614115184],[-107.32793009742197,48.109714124178865],[-107.32842430468847,48.10973087561462],[-107.32842637787485,48.109628108053265],[-107.32838862815186,48.109530658420184]]],[[[-107.32781838686999,48.10960473707308],[-107.32765257631104,48.10962592559443],[-107.32765303367788,48.109634827439955],[-107.32767344861168,48.10964336512419],[-107.3276829218464,48.10970571980685],[-107.32783657768539,48.10971154003441],[-107.32784564178426,48.109617597639335],[-107.32781838686999,48.10960473707308]]],[[[-107.32760718412267,48.10965364136732],[-107.32760657740717,48.10964023728152],[-107.32759973752867,48.10963591433789],[-107.32719530820454,48.10968880093485],[-107.32755591441601,48.10969935589892],[-107.32759507350347,48.109680721270834],[-107.32759588657493,48.109698540744326],[-107.32760272646344,48.10970286369312],[-107.32762217896395,48.10968907968076],[-107.32760718412267,48.10965364136732]],[[-107.3275074317136,48.10966013803547],[-107.32750849572322,48.10968244398312],[-107.32752100672587,48.10966435280434],[-107.3275074317136,48.10966013803547]]]]}"
00000000000000000894,9186,0,0,0,"{""type"":""MultiPolygon"",""coordinates"":[[[[-107.32793769658551,48.10958888716611],[-107.32791094369257,48.109584999570984],[-107.32790456432751,48.10959402537946],[-107.32793769658551,48.10958888716611]]],[[[-107.32782198641301,48.109537624313916],[-107.32781514651069,48.10953330139471],[-107.32780769981852,48.10951557442452],[-107.32764193430583,48.10953683398366],[-107.32765607141562,48.10955438168069],[-107.32765257631104,48.10962592559443],[-107.32781838686999,48.10960473707308],[-107.32779726034988,48.10957836423138],[-107.32784346559123,48.10956846783598],[-107.32782198641301,48.109537624313916]]],[[[-107.32793769658551,48.10958888716611],[-107.32838862815186,48.109530658420184],[-107.32838174350981,48.10952626444232],[-107.32837505295701,48.1095264437895],[-107.32815984032413,48.10948616533738],[-107.3280928195756,48.109478535625925],[-107.32792031871833,48.10949990387977],[-107.32794119114222,48.10951734330631],[-107.32793556489723,48.10953982849752],[-107.32793627650608,48.10955766367744],[-107.32793769658551,48.10958888716611]]],[[[-107.32757850956718,48.109609557188556],[-107.32759147786965,48.109600367867415],[-107.3276041951746,48.10958669207529],[-107.3275569259272,48.10957428244809],[-107.32756234602661,48.109547381893975],[-107.3270452992231,48.10961593788747],[-107.32706769508938,48.10966903226047],[-107.32706865719751,48.10969135398411],[-107.32719530820454,48.10968880093485],[-107.32759973752867,48.10963591433789],[-107.32759233557152,48.10961825841662],[-107.32757202541417,48.10961415184912],[-107.32757850956718,48.109609557188556]],[[-107.32755231887063,48.109619002463305],[-107.32756604323555,48.10962771945789],[-107.32757202541417,48.10961415184912],[-107.32755231887063,48.109619002463305]]]]}"
0000000000000000089d,9187,0,0,0,"{""type"":""MultiPolygon"",""coordinates"":[[[[-107.3279514239514,48.109450138208366],[-107.32794640456974,48.109486027408586],[-107.32791337403519,48.10949114985124],[-107.32792031871833,48.10949990387977],[-107.3280928195756,48.109478535625925],[-107.3279514239514,48.109450138208366]]],[[[-107.32779979572872,48.10948894563889],[-107.32777760510143,48.109440267002356],[-107.32762440785088,48.10944334849259],[-107.32763484344144,48.10952802458504],[-107.32764193430583,48.10953683398366],[-107.32780769981852,48.10951557442452],[-107.32779979572872,48.10948894563889]]],[[[-107.32755469311661,48.109525239532715],[-107.32750687430848,48.10949933897751],[-107.32753296019325,48.109485462618096],[-107.3275244496391,48.10944542978206],[-107.32700452121647,48.109451467357474],[-107.32700654700272,48.109496094871865],[-107.32703805924338,48.109602626191005],[-107.3270452992231,48.10961593788747],[-107.32756234602661,48.109547381893975],[-107.32756199031316,48.10953846430131],[-107.32755469311661,48.109525239532715]]]]}"
0000000000000000088e,9188,0,0,0,"{""type"":""MultiPolygon"",""coordinates"":[[[[-107.32767283739801,48.10933518740783],[-107.32766675367287,48.10934877070973],[-107.32764800973814,48.10937594289002],[-107.32762298803227,48.109412125079146],[-107.32762440785088,48.10944334849259],[-107.32777760510143,48.109440267002356],[-107.32777724933393,48.10943134943004],[-107.3277966000233,48.109417581219255],[-107.32781605233411,48.109403797247225],[-107.32767283739801,48.10933518740783]]],[[[-107.32752966783555,48.109266648527765],[-107.32749678694486,48.10927627300347],[-107.32750266435329,48.10925827438925],[-107.32716865911479,48.1090997977785],[-107.3270728110906,48.10919104614556],[-107.32701141210666,48.10930839585119],[-107.32699601128508,48.10941143448464],[-107.32700452121647,48.109451467357474],[-107.3275244496391,48.10944542978206],[-107.3275295140242,48.10940961172484],[-107.32748362012946,48.10942835440244],[-107.32748974855454,48.109414842192514],[-107.32746887649999,48.109397402692366],[-107.32748847819747,48.10938812100622],[-107.3274948129639,48.10937902415736],[-107.3275337207163,48.10935590322507],[-107.32747394092416,48.109361584669834],[-107.32745398355111,48.10936194878424],[-107.32745980399292,48.109344037005805],[-107.32743863331127,48.10931759310149],[-107.32745175086274,48.10931290606153],[-107.3274573773213,48.10929042099038],[-107.32752566751608,48.10932477228174],[-107.32751740797318,48.109289226012415],[-107.32753736532068,48.10928886188596],[-107.32753650763706,48.109270971447955],[-107.32752966783555,48.109266648527765]],[[-107.32739339080814,48.10934981081389],[-107.3274004815666,48.10935862020319],[-107.327413554503,48.10935386206176],[-107.32739339080814,48.10934981081389]],[[-107.32738087988272,48.10936790186578],[-107.32738797064026,48.10937671125905],[-107.3274010882123,48.109372024220235],[-107.32738087988272,48.10936790186578]]]]}"
00000000000000000892,9189,0,0,0,"{""type"":""MultiPolygon"",""coordinates"":[[[[-107.32752966783555,48.109266648527765],[-107.32753650763706,48.109270971447955],[-107.32754299172774,48.109266376821374],[-107.32752966783555,48.109266648527765]]],[[[-107.32798865737766,48.109386860345296],[-107.3279824243277,48.109395941464605],[-107.32795694539445,48.109423221941476],[-107.3279514239514,48.109450138208366],[-107.3280928195756,48.109478535625925],[-107.32815984032413,48.10948616533738],[-107.32798865737766,48.109386860345296]]],[[[-107.32776290933799,48.109261921063094],[-107.32774370811029,48.109280191428866],[-107.32771138931511,48.10930314887353],[-107.32768534820961,48.10931709633201],[-107.32767283739801,48.10933518740783],[-107.32781605233411,48.109403797247225],[-107.32784786914826,48.10937186681889],[-107.32787922535657,48.109326587740334],[-107.32776290933799,48.109261921063094]]],[[[-107.32750712202622,48.10920905248421],[-107.32749942457336,48.109186839156514],[-107.32751877516905,48.10917307106822],[-107.32753716334025,48.10913698149474],[-107.32728416523939,48.10899918105085],[-107.32716865911479,48.1090997977785],[-107.32750266435329,48.10925827438925],[-107.32752140829564,48.10923110229802],[-107.32757409710712,48.10921661148983],[-107.32750712202622,48.10920905248421]],[[-107.3274335613074,48.10920610380545],[-107.3274476981764,48.10922365142886],[-107.3274736345147,48.109205272963536],[-107.3274335613074,48.10920610380545]]]]}"
0000000000000000088b,9190,0,0,0,"{""type"":""MultiPolygon"",""coordinates"":[[[[-107.32805907050947,48.109322962292],[-107.32802011826107,48.10934601231718],[-107.32800775696592,48.10936860565497],[-107.3279949350555,48.1093778503296],[-107.32798865737766,48.109386860345296],[-107.32815984032413,48.10948616533738],[-107.32837505295701,48.1095264437895],[-107.32805907050947,48.109322962292]]],[[[-107.32741405857912,48.10892059833307],[-107.32729688238548,48.10898550545998],[-107.32728416523939,48.10899918105085],[-107.32753716334025,48.10913698149474],[-107.32758336795646,48.10912708532365],[-107.3276290104664,48.10910385628608],[-107.32764927574058,48.10910789170584],[-107.32768159436971,48.109084934371644],[-107.32741405857912,48.10892059833307]]],[[[-107.32785333678866,48.10919757227328],[-107.32779543446972,48.1092433789582],[-107.32776290933799,48.109261921063094],[-107.32787922535657,48.109326587740334],[-107.32787897432844,48.10932210129359],[-107.32791129309835,48.10929914378481],[-107.32793794101585,48.109298600260445],[-107.32795040709097,48.10928043806304],[-107.32797669918759,48.10927097698499],[-107.32785333678866,48.10919757227328]]]]}"
00000000000000000891,9191,0,0,0,"{""type"":""MultiPolygon"",""coordinates"":[[[[-107.3279436146007,48.10912872129183],[-107.32791818048345,48.109156072717084],[-107.32786630490902,48.10918838299164],[-107.32785333678866,48.10919757227328],[-107.32797669918759,48.10927097698499],[-107.32798343429708,48.109270868770594],[-107.32800253382139,48.109252614123236],[-107.32804129192172,48.10922499084765],[-107.32805380256312,48.10920689976602],[-107.32806028661538,48.10920230511106],[-107.3279436146007,48.10912872129183]]],[[[-107.32750427903517,48.108851834999676],[-107.32746618486668,48.108892774886584],[-107.32741405857912,48.10892059833307],[-107.32768159436971,48.109084934371644],[-107.32770115125837,48.10907558159961],[-107.32771543763059,48.1090976313259],[-107.32774066541221,48.10906586466013],[-107.32773286306978,48.10903922033293],[-107.32777906761086,48.10902932408787],[-107.3277786102058,48.1090204223465],[-107.32750427903517,48.108851834999676]]],[[[-107.32815643945764,48.10926292026035],[-107.32812999793241,48.109267879184095],[-107.32811079680286,48.10928614962294],[-107.32808450468984,48.10929561074091],[-107.32807224507684,48.10931818830261],[-107.32805907050947,48.109322962292],[-107.32837505295701,48.1095264437895],[-107.32838174350981,48.10952626444232],[-107.32838118113919,48.109512931503545],[-107.32847242230504,48.10946640119437],[-107.32847217120451,48.10946191473907],[-107.32815643945764,48.10926292026035]]]]}"
00000000000000000883,9192,0,0,0,"{""type"":""GeometryCollection"",""geometries"":[{""type"":""LineString"",""coordinates"":[[-107.32777180189792,48.109016098016454],[-107.32777866642508,48.109020425278004]]},{""type"":""Polygon"",""coordinates"":[[[-107.32821439859926,48.10921702648132],[-107.32816890544278,48.109244758049144],[-107.32816287888414,48.10925825449126],[-107.32815643945764,48.10926292026035],[-107.32847217120451,48.10946191473907],[-107.32821439859926,48.10921702648132]]]},{""type"":""Polygon"",""coordinates"":[[[-107.32804027455109,48.10905529144334],[-107.32800176768474,48.10908740105008],[-107.32795637627761,48.109115116684386],[-107.3279436146007,48.10912872129183],[-107.32806028661538,48.10920230511106],[-107.32807325471636,48.1091931158011],[-107.3280924558036,48.10917484540319],[-107.32811201272828,48.109165492530444],[-107.32813764082555,48.10914271434391],[-107.32804027455109,48.10905529144334]]]},{""type"":""Polygon"",""coordinates"":[[[-107.32777177040072,48.109016099464284],[-107.32779157826755,48.10901123310743],[-107.32781847696694,48.10901517604587],[-107.32782941819471,48.1089613597482],[-107.32786868121832,48.108947156364835],[-107.32789532887116,48.10894661286267],[-107.32790829689338,48.10893742362172],[-107.32791478090272,48.10893282900125],[-107.3278170601065,48.108836488720755],[-107.32772946454655,48.108815977080134],[-107.32756826451264,48.1087924456913],[-107.32750427903517,48.108851834999676],[-107.32775125099782,48.109003130816504],[-107.32777177040072,48.109016099464284]],[[-107.32786027196545,48.10890710821599],[-107.32786736279782,48.10891591749466],[-107.32787374517446,48.10891133863997],[-107.32786027196545,48.10890710821599]],[[-107.32778352487338,48.108980102394874],[-107.32779076508182,48.10899341387156],[-107.32781701233196,48.10898388179249],[-107.32778352487338,48.108980102394874]],[[-107.32775748401248,48.108994049781],[-107.3277439091743,48.10898983509497],[-107.32775125099782,48.109003130816504],[-107.32775748401248,48.108994049781]]]}]}"
0000000000000000088c,9193,0,0,0,"{""type"":""MultiPolygon"",""coordinates"":[[[[-107.32829185754575,48.1091618666652],[-107.32821439859926,48.10921702648132],[-107.32847217120451,48.10946191473907],[-107.32853149408952,48.109447330838464],[-107.32829185754575,48.1091618666652]]],[[[-107.32800520738589,48.10886848049579],[-107.32797815930282,48.108860035452174],[-107.3278170601065,48.108836488720755],[-107.32791478090272,48.10893282900125],[-107.32792704043872,48.10891025162721],[-107.32797370231876,48.108909257034675],[-107.32798621286165,48.108891166073064],[-107.3280255774481,48.10887694688495],[-107.32800520738589,48.10886848049579]]],[[[-107.32816469102694,48.1090036947711],[-107.32811185298064,48.10901368365976],[-107.3280796839513,48.10904114328588],[-107.32804675857571,48.109050696803244],[-107.32804027455109,48.10905529144334],[-107.32813764082555,48.10914271434391],[-107.32815056426548,48.1091334539327],[-107.3281832386612,48.10911941393478],[-107.3282492513758,48.10910465098981],[-107.32816469102694,48.1090036947711]]]]}"
00000000000000000895,9194,0,0,0,"{""type"":""MultiPolygon"",""coordinates"":[[[[-107.32843426127694,48.109065191263106],[-107.32838947701546,48.10910631102074],[-107.32836318502326,48.10911577217964],[-107.32829185754575,48.1091618666652],[-107.32853149408952,48.109447330838464],[-107.32862359326408,48.10941869090861],[-107.3287534872732,48.109340105732244],[-107.32882435725355,48.1092851089681],[-107.32843426127694,48.109065191263106]]],[[[-107.32823597360651,48.108957529423954],[-107.32822928316644,48.108957708756165],[-107.32817786547905,48.108998920799124],[-107.32816469102694,48.1090036947711],[-107.3282492513758,48.10910465098981],[-107.3282953513109,48.10909032339398],[-107.32834687070381,48.10904909545281],[-107.32837975147993,48.109039470730146],[-107.32823597360651,48.108957529423954]]]]}"
00000000000000000871,9195,0,0,0,"{""type"":""MultiPolygon"",""coordinates"":[[[[-107.32896462977952,48.108996356652796],[-107.3285487008247,48.108942267511196],[-107.32854246795806,48.10895134858543],[-107.32852995758468,48.10896943963602],[-107.32850487980402,48.10900570861529],[-107.32844074528327,48.10906059659596],[-107.32843426127694,48.109065191263106],[-107.32882435725355,48.1092851089681],[-107.32888869842459,48.109234635824414],[-107.32895232734477,48.10916632765676],[-107.32901397242746,48.109053463571385],[-107.32896462977952,48.108996356652796]]],[[[-107.3282939768181,48.108911706979434],[-107.32828186690278,48.10893878656944],[-107.32823597360651,48.108957529423954],[-107.32837975147993,48.109039470730146],[-107.32838613385277,48.10903489183068],[-107.32839910185787,48.109025702508376],[-107.32841855385658,48.10901191852486],[-107.32843754827816,48.10898923281243],[-107.32844920055169,48.108953251455965],[-107.32847524132434,48.10893930389509],[-107.3284750348519,48.10893488858644],[-107.3282939768181,48.108911706979434]]]]}"
00000000000000000877,9196,0,0,0,"{""type"":""GeometryCollection"",""geometries"":[{""type"":""LineString"",""coordinates"":[[-107.32874156652021,48.10878205447942],[-107.32874843109481,48.10878638168233]]},{""type"":""LineString"",""coordinates"":[[-107.32864041329378,48.10875730699127],[-107.3286139635174,48.1087623095992]]},{""type"":""Polygon"",""coordinates"":[[[-107.32845583460708,48.108805694948664],[-107.32829113598466,48.10884926085308],[-107.32829964736604,48.10888929314587],[-107.3282939768181,48.108911706979434],[-107.3284750348519,48.10893488858644],[-107.32848557459491,48.10887208374741],[-107.32845583460708,48.108805694948664]]]},{""type"":""Polygon"",""coordinates"":[[[-107.32895743368846,48.10898311637843],[-107.32885195360767,48.10886465097137],[-107.32875523732557,48.10879070425267],[-107.3287496116763,48.10881318916558],[-107.32874155742033,48.108782058672695],[-107.32872078644282,48.10876460390712],[-107.32870771369753,48.10876936216853],[-107.32869307392235,48.10874284211345],[-107.3286403855781,48.10875733339392],[-107.32866845405573,48.10878801266232],[-107.32864241341103,48.10880196023226],[-107.32865088056636,48.10884192134622],[-107.32859783611005,48.108847495169385],[-107.32860528314332,48.108865221844184],[-107.32855497832013,48.10893325753971],[-107.3285487008247,48.108942267511196],[-107.32896462977952,48.108996356652796],[-107.32895743368846,48.10898311637843]]]}]}"
0000000000000000088a,9197,0,0,0,"{""type"":""GeometryCollection"",""geometries"":[{""type"":""LineString"",""coordinates"":[[-107.32798482197097,48.1088599238849],[-107.32800521390332,48.10886844333888]]},{""type"":""Polygon"",""coordinates"":[[[-107.32797815930282,48.108860035452174],[-107.3279847927072,48.10885994300161],[-107.3279846432941,48.10885544083419],[-107.32797815930282,48.108860035452174]]]},{""type"":""Polygon"",""coordinates"":[[[-107.3284480317257,48.10877905082525],[-107.32839990462907,48.10874875155643],[-107.32839909113933,48.108730932422446],[-107.32839837928009,48.108713097532934],[-107.32824087685694,48.10876990353075],[-107.328262816817,48.108814095027526],[-107.3282765981797,48.108822724923975],[-107.32829113598466,48.10884926085308],[-107.32845583460708,48.108805694948664],[-107.3284480317257,48.10877905082525]]]},{""type"":""Polygon"",""coordinates"":[[[-107.32862381967902,48.108686170792566],[-107.32861723089142,48.108686334388544],[-107.32860446952513,48.10869993896504],[-107.32861156055817,48.10870874814886],[-107.3285990503024,48.108726839121964],[-107.32856596330228,48.108732048564825],[-107.32857280321146,48.10873637136439],[-107.32859332295136,48.108749339761985],[-107.32861394434067,48.10876229239608],[-107.32869307392235,48.10874284211345],[-107.32862381967902,48.108686170792566]],[[-107.32863258255506,48.10873068931364],[-107.32863962897048,48.10873942739899],[-107.3286593351339,48.10873457665221],[-107.32863258255506,48.10873068931364]],[[-107.3286317243197,48.10871279908949],[-107.3286388153635,48.108721608273164],[-107.32864529929518,48.108717013624144],[-107.3286317243197,48.10871279908949]]]}]}"
00000000000000000886,9198,0,0,0,"{""type"":""MultiPolygon"",""coordinates"":[[[[-107.32799594006133,48.1088105421516],[-107.32800196658009,48.108797045835985],[-107.32798828696278,48.10878840014022],[-107.32796766592176,48.1087754473563],[-107.32795394169506,48.10876673055707],[-107.32796645218976,48.108748639648326],[-107.32772946454655,48.108815977080134],[-107.3278170601065,48.108836488720755],[-107.32797815930282,48.108860035452174],[-107.3279846432941,48.10885544083419],[-107.32798418583667,48.10884653912458],[-107.3280101217834,48.10882816065601],[-107.32802942747009,48.1088143214641],[-107.32799594006133,48.1088105421516]],[[-107.32796944188925,48.10881558784224],[-107.32798261626861,48.10881081391603],[-107.32796245267187,48.108806762827186],[-107.32796944188925,48.10881558784224]],[[-107.32795536182759,48.10879795357415],[-107.32794892247558,48.108802619286536],[-107.32796245267187,48.108806762827186],[-107.32795536182759,48.10879795357415]]],[[[-107.3284229993414,48.10866792711286],[-107.32844174246266,48.10864075516787],[-107.32840177108342,48.10864157063882],[-107.32838181389958,48.10864193493652],[-107.32836144379844,48.10863346866188],[-107.32834163608626,48.10863833509751],[-107.3283159068042,48.10866112887009],[-107.32830871104865,48.108647888623004],[-107.32816392577134,48.10869101877386],[-107.32816428164418,48.108699936216425],[-107.32823353485577,48.108756607910216],[-107.32824087685694,48.10876990353075],[-107.32839837928009,48.108713097532934],[-107.32837087354461,48.108695750947895],[-107.32838419735097,48.10869547912977],[-107.32839752115913,48.10869520730976],[-107.32842381284453,48.108685746224936],[-107.32845046046684,48.10868520257198],[-107.3284500028935,48.10867630089638],[-107.3284229993414,48.10866792711286]],[[-107.32837568589352,48.108655446994064],[-107.32837654400483,48.108673337204145],[-107.32838926078091,48.108659661562605],[-107.32837568589352,48.108655446994064]]]]}"
00000000000000000880,9199,0,0,0,"{""type"":""GeometryCollection"",""geometries"":[{""type"":""LineString"",""coordinates"":[[-107.32836138724252,48.108633438531655],[-107.32835472438997,48.10863357359534],[-107.32834160035311,48.108638306012274]]},{""type"":""Polygon"",""coordinates"":[[[-107.328301413668,48.10863466414003],[-107.32828039199255,48.10861272293459],[-107.32828570657956,48.108581391808094],[-107.32827152476543,48.10856377342952],[-107.328106827366,48.10860733878578],[-107.32812111389205,48.10862938825124],[-107.32812192724893,48.10864720735651],[-107.3281356068692,48.10865585300992],[-107.32816392577134,48.10869101877386],[-107.32830871104865,48.108647888623004],[-107.328301413668,48.10863466414003]]]},{""type"":""Polygon"",""coordinates"":[[[-107.32795028815715,48.10868646545028],[-107.32792324023119,48.108678020416434],[-107.32790874743243,48.10865155560998],[-107.327552558559,48.108739173050516],[-107.32756669534811,48.10875672050248],[-107.32758098151619,48.10877877012017],[-107.32756826451264,48.1087924456913],[-107.32772946454655,48.108815977080134],[-107.32796645218976,48.108748639648326],[-107.32797293616082,48.108744045041384],[-107.32795028815715,48.10868646545028]]]}]}"
0000000000000000088d,9200,0,0,0,"{""type"":""MultiPolygon"",""coordinates"":[[[[-107.32823565421589,48.10850645015287],[-107.32824816451247,48.108488359302015],[-107.32826123714705,48.10848360113151],[-107.32806255082308,48.1085144143665],[-107.3280637646353,48.10854122195175],[-107.32809973650929,48.108598529577165],[-107.328106827366,48.10860733878578],[-107.32827152476543,48.10856377342952],[-107.32823565421589,48.10850645015287]]],[[[-107.32787536499758,48.108652207310506],[-107.32784167140855,48.10864401266287],[-107.32788751966876,48.108625199017766],[-107.3278602654189,48.10861233868943],[-107.32785256781173,48.108590125646245],[-107.32785221201316,48.10858120821926],[-107.3278513987861,48.108563389130794],[-107.32785054092939,48.10854549894699],[-107.32748634475054,48.10860205654558],[-107.3275165876338,48.10868186504238],[-107.327552558559,48.108739173050516],[-107.32790874743243,48.10865155560998],[-107.32790849639687,48.10864706922113],[-107.32787536499758,48.108652207310506]]]]}"
00000000000000000897,9201,0,0,0,"{""type"":""MultiPolygon"",""coordinates"":[[[[-107.32810403328213,48.10839750120113],[-107.32809754938253,48.10840209578481],[-107.32807870459051,48.10842928330129],[-107.32806158806595,48.108492093169275],[-107.32806255082308,48.1085144143665],[-107.32826123714705,48.10848360113151],[-107.32827420495879,48.10847441192742],[-107.32828043778036,48.10846533095418],[-107.32810403328213,48.10839750120113]]],[[[-107.32756587791384,48.10844413270972],[-107.32755194759295,48.108431000630056],[-107.32750488617752,48.10842300648287],[-107.32752444270703,48.10841365387381],[-107.32751076340539,48.108405008165],[-107.32748836737161,48.10835191517692],[-107.32749460030671,48.10834283427305],[-107.32746795320054,48.10834337764377],[-107.32746430874154,48.108410417770244],[-107.3274514425001,48.10841959109468],[-107.32746354833489,48.10853997482855],[-107.32748634475054,48.10860205654558],[-107.32785054092939,48.10854549894699],[-107.32785033452993,48.10854108366824],[-107.32782247354484,48.10851481955305],[-107.32783462819212,48.10848781133825],[-107.32785418474649,48.10847845864978],[-107.32785924860563,48.108442641247635],[-107.32785889280322,48.108433723845806],[-107.32787175900799,48.108424550465166],[-107.32787115216996,48.10841114669766],[-107.32788386896051,48.10839747119102],[-107.32789683677859,48.10838828205284],[-107.32792170809432,48.10834759839807],[-107.32795458818582,48.108337973967046],[-107.32787981509226,48.10830821816157],[-107.32787343282702,48.108312796961286],[-107.32785398113684,48.108326580643],[-107.32778918358667,48.10836815056337],[-107.32773188941239,48.10842736022245],[-107.32766441357192,48.10841082866829],[-107.32764450129807,48.108411263905104],[-107.32763117769831,48.108411535613754],[-107.32762504951758,48.10842504756851],[-107.32756587791384,48.10844413270972]],[[-107.32770666211462,48.10845912648762],[-107.32771471536958,48.1084902569015],[-107.32773345875698,48.10846308518006],[-107.32770666211462,48.10845912648762]],[[-107.32769490779403,48.108495123186835],[-107.32770220488744,48.10850834768812],[-107.32770843781536,48.10849926674352],[-107.32769490779403,48.108495123186835]],[[-107.327680014865,48.10845966992209],[-107.32768721031682,48.10847291017663],[-107.32769344324053,48.10846382923923],[-107.327680014865,48.10845966992209]],[[-107.3276650203341,48.10842423243895],[-107.32767271778906,48.108446445430914],[-107.32767859495162,48.10842844709639],[-107.3276650203341,48.10842423243895]],[[-107.3276957209466,48.10851294225538],[-107.32770301804321,48.10852616676102],[-107.3277092956036,48.108517156914594],[-107.3276957209466,48.10851294225538]],[[-107.32762565626501,48.108438451343424],[-107.3276386241248,48.10842926223194],[-107.32762504951758,48.10842504756851],[-107.32762565626501,48.108438451343424]],[[-107.32753214006445,48.108435866875084],[-107.32753274677756,48.108449270654205],[-107.32754571465088,48.108440081553056],[-107.32753214006445,48.108435866875084]],[[-107.32747560588071,48.108365519519765],[-107.32747621257454,48.1083789232818],[-107.32748918042734,48.10836973420111],[-107.32747560588071,48.108365519519765]],[[-107.3274649154303,48.10842382154393],[-107.32747788330103,48.10841463245646],[-107.32746430874154,48.108410417770244],[-107.3274649154303,48.10842382154393]]]]}"
00000000000000000882,9202,0,0,0,"{""type"":""MultiPolygon"",""coordinates"":[[[[-107.32816599009001,48.10829348557293],[-107.32817257877664,48.10829332201173],[-107.32813827838824,48.10827172379328],[-107.32816599009001,48.10829348557293]]],[[[-107.32821401469035,48.108323800479845],[-107.32820753081015,48.108328395064035],[-107.3281484609085,48.1083474647665],[-107.32812273178304,48.1083702583571],[-107.32810403328213,48.10839750120113],[-107.32828043778036,48.10846533095418],[-107.32829213459976,48.10842942107868],[-107.32831802554115,48.1084109715813],[-107.32821401469035,48.108323800479845]]],[[[-107.32813827838824,48.10827172379328],[-107.32813812895137,48.1082672216771],[-107.32813143864257,48.1082674009968],[-107.32813118757737,48.10826291464209],[-107.32813108277122,48.10825848362747],[-107.32806193544238,48.10820624337955],[-107.3280498256719,48.108233322573014],[-107.32809086087504,48.10825481259497],[-107.32806482057545,48.10826875985778],[-107.32805231030014,48.108286850608565],[-107.32801294635955,48.108301069631565],[-107.32801173257467,48.10827426216752],[-107.32798447848867,48.10826140195622],[-107.32795858759003,48.10827985130996],[-107.32790575065779,48.10828983991919],[-107.3278927828774,48.108299029040396],[-107.32787981509226,48.10830821816157],[-107.32795458818582,48.108337973967046],[-107.32797439569909,48.108333107644214],[-107.32806000799957,48.10830906350517],[-107.3280727247088,48.10829538800211],[-107.32808665524863,48.108308519966684],[-107.32811928425888,48.10829440912924],[-107.32813827838824,48.10827172379328]],[[-107.32807166030851,48.10827308265945],[-107.32807875110225,48.10828189181717],[-107.3280918236585,48.10827713369044],[-107.32807166030851,48.10827308265945]]]]}"
00000000000000000869,9203,0,0,0,"{""type"":""MultiPolygon"",""coordinates"":[[[[-107.32834400974279,48.10824964860447],[-107.32827257920437,48.10829131125443],[-107.32823969912084,48.10830093578573],[-107.32821401469035,48.108323800479845],[-107.32831802554115,48.1084109715813],[-107.32835693206569,48.108387850772154],[-107.32836969336847,48.10837424631102],[-107.3283830170593,48.10837397449766],[-107.32834400974279,48.10824964860447]]],[[[-107.32813118757737,48.10826291464209],[-107.32817257877664,48.10829332201173],[-107.32823093680165,48.10825641757873],[-107.32822328362326,48.10823427582162],[-107.32823518684307,48.10820278136011],[-107.32829314415297,48.108156888505924],[-107.32829820753885,48.108121071311814],[-107.32825985233995,48.10801022072582],[-107.32825336852072,48.10801481528413],[-107.32825924535092,48.107996817070294],[-107.32825215454753,48.10798800797395],[-107.32823295417674,48.108006277972976],[-107.32818036862491,48.10802075300688],[-107.32816091714554,48.1080345366689],[-107.32814759360792,48.108034808445765],[-107.32812297378585,48.10807997824479],[-107.3280852367745,48.108129835089585],[-107.32809364620087,48.10816988262188],[-107.32806193544238,48.10820624337955],[-107.32813108277122,48.10825848362747],[-107.32813118757737,48.10826291464209]],[[-107.32820737159457,48.10802912677037],[-107.32821446239066,48.10803793587711],[-107.32822732841198,48.108028762522515],[-107.32820737159457,48.10802912677037]],[[-107.32821588278092,48.108069158450725],[-107.3282281418371,48.10804658142147],[-107.32819526198115,48.108056205886925],[-107.32821588278092,48.108069158450725]],[[-107.32819465501676,48.108042802218655],[-107.32818168735825,48.10805199133261],[-107.32819526198115,48.108056205886925],[-107.32819465501676,48.108042802218655]],[[-107.32814394888295,48.108249310243274],[-107.32812374090041,48.10824518812462],[-107.32813108277122,48.10825848362747],[-107.32814394888295,48.108249310243274]],[[-107.32818275183311,48.108074296578316],[-107.32816497173836,48.10812378920319],[-107.32818538611295,48.10813232654713],[-107.3282162386758,48.108078075787],[-107.32818275183311,48.108074296578316]]]]}"
0000000000000000087f,9204,0,0,0,"{""type"":""MultiPolygon"",""coordinates"":[[[[-107.32839046453195,48.108244238586465],[-107.32835049360129,48.108245054018504],[-107.32834400974279,48.10824964860447],[-107.3283830170593,48.10837397449766],[-107.32845566183776,48.10835911917638],[-107.3284694431172,48.10836774897251],[-107.32851746834753,48.10825060130469],[-107.32839046453195,48.108244238586465]]],[[[-107.32861304422936,48.10785565502274],[-107.3284593945704,48.107849836087944],[-107.32843994322964,48.1078636197582],[-107.32842707729147,48.107872793110374],[-107.32840174918759,48.10790457496355],[-107.32836912053857,48.107918685783225],[-107.32833705426474,48.10794612913359],[-107.32830402822994,48.10795569827681],[-107.32828614351808,48.10800075981495],[-107.32825985233995,48.10801022072582],[-107.32829820753885,48.108121071311814],[-107.32829760053802,48.10810766762855],[-107.32833027399143,48.108093627878546],[-107.32832247130781,48.10806698410097],[-107.32834851143677,48.108053036826085],[-107.32836786126906,48.10803926888294],[-107.32839496597921,48.108047626832416],[-107.32840722494281,48.10802504979187],[-107.32845960084974,48.108001712647635],[-107.32856690142131,48.10801737267116],[-107.328580225012,48.10801710083479],[-107.32860028353119,48.108016720746036],[-107.32861781194063,48.10796274182925],[-107.32855767787058,48.10795950644168],[-107.32849693677394,48.10794286737732],[-107.3284570709708,48.10794811382861],[-107.32842986145297,48.10793532492551],[-107.32848938831226,48.10792515676158],[-107.32850823259751,48.10789796943811],[-107.32852130502161,48.107893211290964],[-107.32853406609951,48.10787960694174],[-107.3286202399934,48.10786889504713],[-107.32861304422936,48.10785565502274]]]]}"
0000000000000000086f,9205,0,0,0,"{""type"":""MultiPolygon"",""coordinates"":[[[[-107.32867581325284,48.10791692006952],[-107.32866309682326,48.10793059554695],[-107.32864445909897,48.10796219814165],[-107.32861781194063,48.10796274182925],[-107.32860028353119,48.108016720746036],[-107.32865418505594,48.10802903702434],[-107.32872607258697,48.10799627587041],[-107.32873797535125,48.107964781500705],[-107.32867581325284,48.10791692006952]]],[[[-107.32863271893405,48.10829296050344],[-107.3286190392471,48.10828431498235],[-107.32852410168172,48.10825050881967],[-107.32851746834753,48.10825060130469],[-107.3284694431172,48.10836774897251],[-107.32848981312823,48.108376215183675],[-107.32852982889017,48.10837547078723],[-107.32854350857411,48.10838411633613],[-107.32855728989608,48.108392746122654],[-107.32865997346335,48.10830582052699],[-107.32863271893405,48.10829296050344]]]]}"
00000000000000000887,9206,0,0,0,"{""type"":""Polygon"",""coordinates"":[[[-107.32871514674953,48.108344857429785],[-107.32870075823892,48.10832282394299],[-107.32865997346335,48.10830582052699],[-107.32855728989608,48.108392746122654],[-107.32860531514484,48.108423060874436],[-107.32862654348645,48.108449417191686],[-107.32863338335872,48.108453739964624],[-107.32876990715768,48.108375063805845],[-107.32876929998899,48.10836166006505],[-107.32871514674953,48.108344857429785]]]}"
00000000000000000881,9207,0,0,0,"{""type"":""Polygon"",""coordinates"":[[[-107.32883865890292,48.10842276196165],[-107.32881119765939,48.10840548670296],[-107.32877001203954,48.10837949482767],[-107.32876990715768,48.108375063805845],[-107.32863338335872,48.108453739964624],[-107.32868080164994,48.108470650938955],[-107.32871656816062,48.108523542954245],[-107.32872340806296,48.108527865726096],[-107.3288528410285,48.10844038020115],[-107.32883865890292,48.10842276196165]]]}"
00000000000000000885,9208,0,0,0,"{""type"":""MultiPolygon"",""coordinates"":[[[[-107.32886697853702,48.108457927343395],[-107.3288528410285,48.10844038020115],[-107.32872340806296,48.108527865726096],[-107.32875051330518,48.108536223639284],[-107.32881773951983,48.10854826805489],[-107.32885913189091,48.108578675263615],[-107.32893501849591,48.1084877906939],[-107.32886697853702,48.108457927343395]]],[[[-107.32872321449877,48.10867075569014],[-107.32873147522817,48.108706301407125],[-107.32871227458308,48.108724571758835],[-107.32868972688783,48.108666976635355],[-107.32865674478646,48.10867661715017],[-107.32865071848511,48.10869011347047],[-107.32862381967902,48.108686170792566],[-107.32869307392235,48.10874284211345],[-107.32872620559323,48.10873770372582],[-107.32873243838667,48.10872862267844],[-107.3287323335126,48.10872419162692],[-107.32875168366033,48.10871042342246],[-107.3287570581465,48.10868345216691],[-107.3287563461114,48.10866561730062],[-107.32872321449877,48.10867075569014]],[[-107.32867088224984,48.10869416440135],[-107.32867832930081,48.10871189101831],[-107.32868445722909,48.10869837892888],[-107.32867088224984,48.10869416440135]]]]}"
0000000000000000087d,9209,0,0,0,"{""type"":""MultiPolygon"",""coordinates"":[[[[-107.32873243838667,48.10872862267844],[-107.32873952946491,48.108737431856454],[-107.3287460133944,48.1087328371993],[-107.32875168366033,48.10871042342246],[-107.32873243838667,48.10872862267844]]],[[[-107.3290165319876,48.10852188423696],[-107.32897559717749,48.108500378771154],[-107.32894849184184,48.10849202092965],[-107.32893501849591,48.1084877906939],[-107.32885913189091,48.108578675263615],[-107.32891364166875,48.10860439529901],[-107.32895422045648,48.10861698341054],[-107.32898791468523,48.108625177646836],[-107.3290434308363,48.10852582679131],[-107.3290165319876,48.10852188423696]]],[[[-107.3288558469032,48.10880209666765],[-107.32882879841688,48.10879365188486],[-107.32881501685121,48.1087850220777],[-107.3288021506097,48.108794195648755],[-107.32877468913792,48.108776920263296],[-107.32874722769922,48.1087596448748],[-107.32874034312057,48.10875525098554],[-107.32872078644282,48.10876460390712],[-107.32874839737191,48.10878638146278],[-107.32876172126421,48.108786109589545],[-107.32875523732557,48.10879070425267],[-107.32885195360767,48.10886465097137],[-107.32887661799451,48.108819551413546],[-107.3288558469032,48.10880209666765]]]]}"
0000000000000000087c,9210,0,0,0,"{""type"":""MultiPolygon"",""coordinates"":[[[[-107.32892388744565,48.10883196020686],[-107.3289096002504,48.10880991079297],[-107.3288903995959,48.10882818121662],[-107.32887661799451,48.108819551413546],[-107.32885195360767,48.10886465097137],[-107.32895743368846,48.10898311637843],[-107.32902445274196,48.1088432813438],[-107.32892388744565,48.10883196020686]]],[[[-107.32909768959716,48.10854706031842],[-107.32905675467684,48.108525554879755],[-107.3290434308363,48.10852582679131],[-107.32898791468523,48.108625177646836],[-107.32900138809329,48.108629407884635],[-107.32907555636396,48.108645759126624],[-107.32911624024436,48.108662778219546],[-107.3291712505172,48.1085500076786],[-107.32909768959716,48.10854706031842]]]]}"
00000000000000000884,9211,0,0,0,"{""type"":""MultiPolygon"",""coordinates"":[[[[-107.32922540452745,48.108566810102346],[-107.32921137169055,48.10855369401796],[-107.3291712505172,48.1085500076786],[-107.32911624024436,48.108662778219546],[-107.32921745732266,48.10868757403733],[-107.32923782784161,48.108696040128265],[-107.32929947132925,48.10858317690999],[-107.32922540452745,48.108566810102346]]],[[[-107.32911224452928,48.10886836502436],[-107.3290851958607,48.10885992030786],[-107.32905819184512,48.1088515466857],[-107.32902445274196,48.1088432813438],[-107.32895743368846,48.10898311637843],[-107.32896462977952,48.108996356652796],[-107.32901397242746,48.109053463571385],[-107.32902020523152,48.109044382450456],[-107.32906078456814,48.10905697060838],[-107.32914619026114,48.10888104563765],[-107.32911224452928,48.10886836502436]]]]}"
00000000000000000878,9212,0,0,0,"{""type"":""MultiPolygon"",""coordinates"":[[[[-107.32935337430753,48.10859549289118],[-107.32929947132925,48.10858317690999],[-107.32923782784161,48.108696040128265],[-107.32928514208432,48.108708519811174],[-107.329325721276,48.10872110778021],[-107.32939882493937,48.108715153289545],[-107.3294062691453,48.10858541654],[-107.32935337430753,48.10859549289118]]],[[[-107.32932143082776,48.10892213728849],[-107.32930749945261,48.10890900537113],[-107.32926048077681,48.108901083161925],[-107.32922674150872,48.10889281788759],[-107.32914619026114,48.10888104563765],[-107.32906078456814,48.10905697060838],[-107.32914169219228,48.10907766045973],[-107.32932954543945,48.109100645288024],[-107.3293825905843,48.109095071015794],[-107.32938922413118,48.109094978464064],[-107.32939514227321,48.108929586641054],[-107.32932143082776,48.10892213728849]]]]}"
000000000000000008aa,9213,0,0,0,"{""type"":""MultiPolygon"",""coordinates"":[[[[-107.32972241191447,48.10894085659752],[-107.32971532049193,48.10893204746681],[-107.32971577837127,48.10894094917193],[-107.32972241191447,48.10894085659752]]],[[[-107.32949907874462,48.10857461110453],[-107.32946584207842,48.10857531870816],[-107.32945251816217,48.10857559067872],[-107.3294391942477,48.108575862647406],[-107.32941290260288,48.108585323989786],[-107.3294062691453,48.10858541654],[-107.32939882493937,48.108715153289545],[-107.32944517907907,48.10870975845042],[-107.32948475014636,48.10869995399869],[-107.32950480922769,48.108699573701536],[-107.32953145716576,48.10869902974005],[-107.32955141462521,48.108698665195696],[-107.32957097123919,48.108689312118095],[-107.32949907874462,48.10857461110453]]],[[[-107.32971577837127,48.10894094917193],[-107.32969536287214,48.108932412050954],[-107.3297081240835,48.10891880727304],[-107.32969394125845,48.108901189017345],[-107.3296814313034,48.108919280190264],[-107.32966957345829,48.1089508463429],[-107.32962393137979,48.108974076273064],[-107.32958937776493,48.10894799193938],[-107.32954961217021,48.1089532232184],[-107.3295356236705,48.108940178193535],[-107.32942863045314,48.10893336545394],[-107.32939514227321,48.108929586641054],[-107.32938922413118,48.109094978464064],[-107.3295160828237,48.10909683766797],[-107.32967540943714,48.109080240888815],[-107.3297805808373,48.10904684164222],[-107.32977997331159,48.109033437745516],[-107.32977267522666,48.10902021329534],[-107.32975935110736,48.109020485315995],[-107.32976558377503,48.10901140415579],[-107.32975154714978,48.10899384121706],[-107.32972439642248,48.108985412434635],[-107.32969151554971,48.10899503761088],[-107.32967074379765,48.108977582999984],[-107.3296894864481,48.108950410662956],[-107.32970990195399,48.10895894778794],[-107.32971577837127,48.10894094917193]]]]}"
000000000000000008a9,9214,0,0,0,"{""type"":""GeometryCollection"",""geometries"":[{""type"":""LineString"",""coordinates"":[[-107.32977270105823,48.109020216203064],[-107.32977995735948,48.10903344606886]]},{""type"":""LineString"",""coordinates"":[[-107.32970788022804,48.10891431928646],[-107.32970808185874,48.10891877807976]]},{""type"":""Polygon"",""coordinates"":[[[-107.32958469208903,48.108550565467326],[-107.32958494333195,48.10855505183829],[-107.32949907874462,48.10857461110453],[-107.32957097123919,48.108689312118095],[-107.32959052784742,48.10867995903831],[-107.32972224101597,48.108641585114675],[-107.32973520873753,48.10863239568767],[-107.32958469208903,48.108550565467326]]]},{""type"":""Polygon"",""coordinates"":[[[-107.32973355721327,48.108891455521636],[-107.32970645120217,48.10888309784931],[-107.32969394125845,48.108901189017345],[-107.32970787282743,48.10891432087169],[-107.32970788022804,48.10891431928646],[-107.32975407770363,48.108904423690085],[-107.32975372144654,48.10889550622847],[-107.32973355721327,48.108891455521636]]]},{""type"":""Polygon"",""coordinates"":[[[-107.32982925107318,48.10879570297675],[-107.32980260298147,48.108796247025886],[-107.32980133090622,48.10876952622844],[-107.32978162462142,48.10877437721618],[-107.32976830058907,48.1087746492346],[-107.32974200878569,48.10878411070703],[-107.32972205123973,48.108784475293824],[-107.3296424633328,48.10879502476996],[-107.32964991094265,48.1088127513313],[-107.32973035766382,48.108820092075504],[-107.32980417432961,48.10883197214955],[-107.32979191570627,48.10885454970675],[-107.32982565527895,48.108862814768486],[-107.32982601155406,48.10887173222383],[-107.3298334592782,48.1088894587939],[-107.32982237109803,48.10893877301239],[-107.32980220681888,48.10893472231782],[-107.3297694309805,48.108948778576334],[-107.32975458022726,48.10891339649094],[-107.32972180440794,48.10892745272699],[-107.32971532049193,48.10893204746681],[-107.32972241191447,48.10894085659752],[-107.32974242654223,48.108940405143414],[-107.32974324068174,48.108958224320546],[-107.32977677368724,48.108962074109996],[-107.32975154714978,48.10899384121706],[-107.32976558377503,48.10901140415579],[-107.32977267522666,48.10902021329534],[-107.32977270105823,48.109020216203064],[-107.32987324223714,48.109031533539245],[-107.32987855567355,48.109000202103964],[-107.32983833202594,48.108996531797025],[-107.32979846467073,48.109001778950564],[-107.32982394245745,48.10897449823234],[-107.3298102620775,48.108965852786625],[-107.329842179108,48.10893390623552],[-107.32985468901299,48.10891581503787],[-107.32986882730968,48.10893336217118],[-107.3298954755185,48.108932818099255],[-107.32990317457067,48.10895503108663],[-107.32987688262983,48.10896449263202],[-107.32987064999062,48.108973573790635],[-107.32983042637586,48.10896990348141],[-107.32984435803748,48.108983035330745],[-107.329898112443,48.10899084890202],[-107.32993727059952,48.10897221359243],[-107.3299378335492,48.10898554637018],[-107.32993869241784,48.10900343665944],[-107.33003053952703,48.108970309235346],[-107.33000246937745,48.10893963030163],[-107.32999441394418,48.10890849986894],[-107.33000125415872,48.10891282257338],[-107.33002202610943,48.108930277086145],[-107.3300483180309,48.108920815507624],[-107.33003392832902,48.10889878200958],[-107.33000728010545,48.10889932612001],[-107.33000692378661,48.10889040866176],[-107.33000008357483,48.10888608595949],[-107.32998590057619,48.108868467762356],[-107.33000570856257,48.10886360095881],[-107.33000525061142,48.10885469927],[-107.3299786024276,48.10885524337099],[-107.3299773872229,48.10882843568514],[-107.32995757925828,48.10883330247901],[-107.32995159794491,48.108846870013004],[-107.3299113744215,48.108843199744264],[-107.3299309311033,48.1088338465658],[-107.32989085387186,48.1088302316261],[-107.32988294820268,48.108803603399565],[-107.32985630009013,48.108804147464234],[-107.32985063039952,48.108826561331746],[-107.32984293140194,48.108804348393065],[-107.32982960735016,48.10880462042065],[-107.32982925107318,48.10879570297675]],[[-107.32999395599636,48.10889959817237],[-107.3299808385438,48.10890428552067],[-107.32999441394418,48.10890849986894],[-107.32999395599636,48.10889959817237]],[[-107.3299831192944,48.10895339881688],[-107.3299907737743,48.10897554070353],[-107.33000328364386,48.10895744947306],[-107.3299831192944,48.10895339881688]],[[-107.32981653457021,48.10880937883771],[-107.32982337473348,48.108813701547994],[-107.32982960735016,48.10880462042065],[-107.32981653457021,48.10880937883771]],[[-107.32979714460451,48.10897054011624],[-107.3298042360593,48.108979349246525],[-107.3298102620775,48.108965852786625],[-107.32979714460451,48.10897054011624]],[[-107.3297853918195,48.10900653738304],[-107.32979248327658,48.109015346520174],[-107.32979846467073,48.109001778950564],[-107.3297853918195,48.10900653738304]]]}]}"
0000000000000000083e,9215,0,0,0,"{""type"":""Polygon"",""coordinates"":[[[-107.32985729849699,48.10853161321438],[-107.32981230916262,48.10856831790851],[-107.3297971625727,48.10852837861609],[-107.32979670466841,48.10851947698188],[-107.32962876243005,48.10849161083357],[-107.32962227859073,48.108496205527025],[-107.32960424862027,48.108541212411396],[-107.32958469208903,48.108550565467326],[-107.32973520873753,48.10863239568767],[-107.3297674817551,48.10860936678263],[-107.32978683167937,48.108595598405046],[-107.32979979937713,48.108586408977956],[-107.32984554594452,48.10856761018196],[-107.32987807015236,48.10854906763919],[-107.32985729849699,48.10853161321438]]]}"
00000000000000000843,9216,0,0,0,"{""type"":""Polygon"",""coordinates"":[[[-107.32981833013561,48.10840735879219],[-107.32964547573687,48.10841981226396],[-107.32964608322588,48.10843321600592],[-107.32964725356999,48.108459952399784],[-107.32964831892733,48.10848225778],[-107.32962876243005,48.10849161083357],[-107.32979670466841,48.10851947698188],[-107.32980881351834,48.10849239744373],[-107.32982780708946,48.10846971170183],[-107.32981833013561,48.10840735879219]]]}"
0000000000000000087b,9217,0,0,0,"{""type"":""Polygon"",""coordinates"":[[[-107.32978929678748,48.10835435901487],[-107.32978868924427,48.10834095529531],[-107.32978762379646,48.10831864997894],[-107.32976685232201,48.10830119560649],[-107.32960251134571,48.1083536806776],[-107.32964511949895,48.1084108948837],[-107.32964547573687,48.10841981226396],[-107.32981833013561,48.10840735879219],[-107.32981715966413,48.10838062243041],[-107.32981655211124,48.10836721870458],[-107.32978929678748,48.10835435901487]]]}"
0000000000000000087a,9218,0,0,0,"{""type"":""Polygon"",""coordinates"":[[[-107.32971132108824,48.10825324203134],[-107.32968310215527,48.108218061296704],[-107.3295459720499,48.10828333478264],[-107.3295530633111,48.10829214382121],[-107.32957419085315,48.10831851560461],[-107.32957504956104,48.1083364056741],[-107.32960251134571,48.1083536806776],[-107.32976685232201,48.10830119560649],[-107.32971132108824,48.10825324203134]]]}"
00000000000000000879,9219,0,0,0,"{""type"":""Polygon"",""coordinates"":[[[-107.3296758042428,48.108204837040006],[-107.3296348690803,48.10818333199432],[-107.32960654866002,48.10814816704306],[-107.32959970865292,48.1081438443681],[-107.32946283004559,48.10821360397823],[-107.3294906478619,48.108239796329016],[-107.32953183417189,48.10826578780818],[-107.3295459720499,48.10828333478264],[-107.32968310215527,48.108218061296704],[-107.3296758042428,48.108204837040006]]]}"
00000000000000000876,9220,0,0,0,"{""type"":""Polygon"",""coordinates"":[[[-107.32959286864786,48.10813952169295],[-107.32957184615752,48.10811758099805],[-107.32952963928939,48.10806935548933],[-107.32938602593995,48.108139223202265],[-107.32939296753484,48.108143530130704],[-107.3294345098222,48.1081784389509],[-107.32943486601232,48.10818735629371],[-107.32946283004559,48.10821360397823],[-107.32959970865292,48.1081438443681],[-107.32959286864786,48.10813952169295]]]}"
0000000000000000087e,9221,0,0,0,"{""type"":""Polygon"",""coordinates"":[[[-107.32952254807262,48.10806054648524],[-107.32948100578207,48.1080256377816],[-107.32947310055414,48.10799900991783],[-107.32930248388581,48.10806050400756],[-107.32930932382138,48.10806482669869],[-107.32935050974024,48.1080908181791],[-107.32938602593995,48.108139223202265],[-107.32952963928939,48.10806935548933],[-107.32952254807262,48.10806054648524]]]}"
0000000000000000086a,9222,0,0,0,"{""type"":""Polygon"",""coordinates"":[[[-107.32946600936691,48.10799020092062],[-107.3294377909171,48.107955020277664],[-107.32942304579838,48.10792406977369],[-107.32921873567723,48.10797736962336],[-107.3292258267842,48.107986178638754],[-107.32928064773539,48.10802074440066],[-107.32928115015218,48.10802971705582],[-107.32929518616476,48.10804727975668],[-107.32930248388581,48.10806050400756],[-107.32947310055414,48.10799900991783],[-107.32946600936691,48.10799020092062]]]}"
0000000000000000086e,9223,0,0,0,"{""type"":""MultiPolygon"",""coordinates"":[[[[-107.32861304422936,48.10785565502274],[-107.3286202399934,48.10786889504713],[-107.32863295640924,48.1078552195918],[-107.32861304422936,48.10785565502274]]],[[[-107.32938104597596,48.10788025958024],[-107.32938752971245,48.10787566495956],[-107.32923990448705,48.107856351164585],[-107.32923367195009,48.107865432087685],[-107.32921422071922,48.1078792159163],[-107.32921873567723,48.10797736962336],[-107.32942304579838,48.10792406977369],[-107.32942258797809,48.10791516823794],[-107.32938104597596,48.10788025958024]]],[[[-107.32892469836607,48.10781808728073],[-107.3289184657815,48.10782716817795],[-107.3289180650804,48.10781817979146],[-107.32884414977721,48.1078063149504],[-107.32883791718086,48.107815395840646],[-107.3288110189215,48.107811453267004],[-107.32878518552705,48.10782981581144],[-107.32875939674464,48.107848249455785],[-107.32873371282548,48.10787111407912],[-107.32872059577461,48.10787580115311],[-107.3286953694647,48.10790756731982],[-107.3286822970322,48.107912325492215],[-107.32867581325284,48.10791692006952],[-107.32873797535125,48.107964781500705],[-107.3287442079938,48.10795570058996],[-107.32884136625343,48.10789124431188],[-107.32885489636296,48.10789538765695],[-107.32886765736724,48.10788178326464],[-107.32895215929162,48.10783536232186],[-107.32895828696215,48.107821850446875],[-107.32892469836607,48.10781808728073]]]]}"
0000000000000000086d,9224,0,0,0,"{""type"":""MultiPolygon"",""coordinates"":[[[[-107.3293023602743,48.107761308570275],[-107.32928372305945,48.10779291117447],[-107.32927125802242,48.10781107300468],[-107.32924578087191,48.10783835295588],[-107.32923990448705,48.107856351164585],[-107.32938752971245,48.10787566495956],[-107.32941336301755,48.107857302239104],[-107.32943231174931,48.10783454575539],[-107.32943833764934,48.1078210496159],[-107.3293023602743,48.107761308570275]]],[[[-107.3289948082886,48.10774518641734],[-107.32902084812346,48.10773123905278],[-107.32900691730383,48.10771810737529],[-107.32897378649014,48.10772324573844],[-107.32899941322252,48.10770046798147],[-107.32901739865947,48.107655390828924],[-107.32902352627443,48.10764187899746],[-107.32899617034356,48.10762903499581],[-107.32897155163737,48.107674204635536],[-107.3289519955633,48.10768355739651],[-107.32892651836646,48.10771083719787],[-107.32890716880343,48.10772460516084],[-107.32888796876301,48.107742875191036],[-107.32886360102393,48.10779253121557],[-107.32885027747372,48.10779280308913],[-107.32884414977721,48.1078063149504],[-107.3289180650804,48.10781817979146],[-107.32891076756596,48.10780495556707],[-107.32893103257628,48.10780899062293],[-107.32892469836607,48.10781808728073],[-107.32895828696215,48.107821850446875],[-107.32897667323047,48.10778576157375],[-107.32896289195703,48.10777713194596],[-107.3289948082886,48.10774518641734]],[[-107.32894739057902,48.10772827581699],[-107.32896142628269,48.1077458384738],[-107.32897378649014,48.10772324573844],[-107.32894739057902,48.10772827581699]],[[-107.32894977493581,48.10778181904217],[-107.32896345457738,48.10779046443455],[-107.32896289195703,48.10777713194596],[-107.32894977493581,48.10778181904217]]]]}"
00000000000000000866,9225,0,0,0,"{""type"":""MultiPolygon"",""coordinates"":[[[[-107.32937905829685,48.107688243882265],[-107.32933381861943,48.10772046143932],[-107.3293086977317,48.10775665862843],[-107.3293023602743,48.107761308570275],[-107.32943833764934,48.1078210496159],[-107.32945693014894,48.10778937586733],[-107.32950160705437,48.10774382573681],[-107.32937905829685,48.107688243882265]]],[[[-107.32911415515206,48.10758194632426],[-107.32908046176904,48.10757375227355],[-107.32908644308954,48.107560185122445],[-107.32903375638892,48.10757467625115],[-107.32899617034356,48.10762903499581],[-107.32902352627443,48.10764187899746],[-107.32903542868232,48.10761038481232],[-107.32908188292197,48.107604974539164],[-107.32910913726373,48.10761783427142],[-107.32912195840547,48.107608589776994],[-107.32915488258627,48.10759903618302],[-107.32911415515206,48.10758194632426]]]]}"
0000000000000000086b,9226,0,0,0,"{""type"":""GeometryCollection"",""geometries"":[{""type"":""Point"",""coordinates"":[-107.3290864675359,48.10756020609764]},{""type"":""Polygon"",""coordinates"":[[[-107.32943599344621,48.10762011689592],[-107.32942976098896,48.10762919778892],[-107.32939217529267,48.10768355673634],[-107.32937905829685,48.107688243882265],[-107.32950160705437,48.10774382573681],[-107.32952718899739,48.107720976734456],[-107.3295665970213,48.10770682836017],[-107.32959805511702,48.107665981191225],[-107.32959744762975,48.107652577644636],[-107.32943599344621,48.10762011689592]]]}]}"
00000000000000000875,9227,0,0,0,"{""type"":""Polygon"",""coordinates"":[[[-107.32945893896253,48.10753923867655],[-107.32946036044069,48.10757046090779],[-107.32943599344621,48.10762011689592],[-107.32959744762975,48.107652577644636],[-107.32961344796215,48.107562945765196],[-107.32962652028414,48.107558187500324],[-107.32945893896253,48.10753923867655]]]}"
0000000000000000085d,9228,0,0,0,"{""type"":""Polygon"",""coordinates"":[[[-107.32945513236028,48.107454473549815],[-107.32945691004514,48.10749461295546],[-107.32945893896253,48.10753923867655],[-107.32962652028414,48.107558187500324],[-107.3296330039479,48.107553592893055],[-107.32966207642052,48.10745920292039],[-107.32945513236028,48.107454473549815]]]}"
00000000000000000861,9229,0,0,0,"{""type"":""Polygon"",""coordinates"":[[[-107.32946439800435,48.107364950336326],[-107.3294646492391,48.107369436606554],[-107.32943800227407,48.107369980511024],[-107.32942467879424,48.107370252460406],[-107.32945285220862,48.1074053616269],[-107.32945356127568,48.10741874935032],[-107.32945513236028,48.107454473549815],[-107.32966207642052,48.10745920292039],[-107.3296617201641,48.107450285703685],[-107.32961359303447,48.10741998781102],[-107.32964530207722,48.10738362712792],[-107.32965239322024,48.10739243601132],[-107.3296544223835,48.107437061635245],[-107.32969236378561,48.107391620059154],[-107.32969139999321,48.10736929938154],[-107.32946439800435,48.107364950336326]]]}"
0000000000000000085e,9230,0,0,0,"{""type"":""Polygon"",""coordinates"":[[[-107.32967483223507,48.10729813888882],[-107.32967437434556,48.10728923746207],[-107.32946671877505,48.10726667373384],[-107.32946104920386,48.10728908691944],[-107.32946226409324,48.10731589383447],[-107.32946262030309,48.10732481103029],[-107.32946439800435,48.107364950336326],[-107.32969139999321,48.10736929938154],[-107.32969094210056,48.1073603979429],[-107.32968972704515,48.10733359101227],[-107.32968911951738,48.10732018755209],[-107.32967483223507,48.10729813888882]]]}"
00000000000000000862,9231,0,0,0,"{""type"":""Polygon"",""coordinates"":[[[-107.32952243815609,48.10717174041001],[-107.32950967756804,48.10718534469503],[-107.32948424563216,48.10721269546865],[-107.32948581675838,48.10724841952648],[-107.32947295115606,48.107257592903025],[-107.32946671877505,48.10726667373384],[-107.32967437434556,48.10728923746207],[-107.32967422471202,48.107284735437474],[-107.32967280303731,48.10725351338419],[-107.32970532605269,48.107234971394014],[-107.32952243815609,48.10717174041001]]]}"
00000000000000000863,9232,0,0,0,"{""type"":""Polygon"",""coordinates"":[[[-107.32963854194578,48.107084528186846],[-107.32962557479303,48.10709371731563],[-107.32957947723787,48.107108044946074],[-107.32956098684419,48.10713970253329],[-107.3295351541039,48.10715806502837],[-107.32952243815609,48.10717174041001],[-107.32970532605269,48.107234971394014],[-107.32971170802458,48.107230392573754],[-107.32973009336571,48.10719430398598],[-107.32963854194578,48.107084528186846]]]}"
00000000000000000865,9233,0,0,0,"{""type"":""Polygon"",""coordinates"":[[[-107.32978307017999,48.10703691103444],[-107.32971017622336,48.10704728069273],[-107.32965784640666,48.1070706891575],[-107.32963854194578,48.107084528186846],[-107.32973009336571,48.10719430398598],[-107.32974872994231,48.10716270167128],[-107.32977573313494,48.107171074850726],[-107.32977700525473,48.10719779483451],[-107.32979032872252,48.107197522837374],[-107.32981651773801,48.107188077429385],[-107.32978307017999,48.10703691103444]]]}"
00000000000000000867,9234,0,0,0,"{""type"":""Polygon"",""coordinates"":[[[-107.32992293758687,48.10703409841546],[-107.32984299704617,48.10703573046927],[-107.32978965875543,48.10703674736889],[-107.32978307017999,48.10703691103444],[-107.32981651773801,48.107188077429385],[-107.32984280837498,48.10717861625353],[-107.32988865476625,48.10715980222386],[-107.32994833060238,48.107154135333765],[-107.32992293758687,48.10703409841546]]]}"
00000000000000000864,9235,0,0,0,"{""type"":""Polygon"",""coordinates"":[[[-107.33005617196434,48.10703137817419],[-107.33004953873812,48.1070314707603],[-107.32994295122909,48.107033646960915],[-107.32992293758687,48.10703409841546],[-107.32994833060238,48.107154135333765],[-107.33000810808743,48.10714845264386],[-107.33002816644266,48.1071480722669],[-107.33005435543122,48.10713862680354],[-107.33007436915756,48.107138175318525],[-107.33005617196434,48.10703137817419]]]}"
00000000000000000856,9236,0,0,0,"{""type"":""Polygon"",""coordinates"":[[[-107.33018905012914,48.10701974060518],[-107.33016240321012,48.10702028470614],[-107.33012243284497,48.10702110084336],[-107.33010237453817,48.1070214812379],[-107.33005617196434,48.10703137817419],[-107.33007436915756,48.107138175318525],[-107.33008100240461,48.10713808273],[-107.33011433962832,48.10713735919684],[-107.33014782655601,48.107141137661486],[-107.33019392422716,48.10712680974588],[-107.33020724772847,48.10712653769034],[-107.33018905012914,48.10701974060518]]]}"
00000000000000000868,9237,0,0,0,"{""type"":""Polygon"",""coordinates"":[[[-107.33031523817321,48.107008282317594],[-107.33022866411993,48.10701000730334],[-107.33020237359133,48.107019468551854],[-107.33018905012914,48.10701974060518],[-107.33020724772847,48.10712653769034],[-107.33022720448693,48.10712617303406],[-107.33035395607897,48.10712804696185],[-107.33036069097179,48.107127938590416],[-107.33031523817321,48.107008282317594]]]}"
0000000000000000086c,9238,0,0,0,"{""type"":""Polygon"",""coordinates"":[[[-107.33040693050043,48.1069706539249],[-107.3303873748616,48.1069800068423],[-107.33031544488102,48.1070126974544],[-107.33036069097179,48.107127938590416],[-107.33039336350122,48.10711389842275],[-107.33051915098734,48.10709345158634],[-107.33040693050043,48.1069706539249]]]}"
00000000000000000842,9239,0,0,0,"{""type"":""Polygon"",""coordinates"":[[[-107.3304922889654,48.106942122072326],[-107.33045292636005,48.10695634169905],[-107.33041356374136,48.10697056131381],[-107.33040693050043,48.1069706539249],[-107.33051915098734,48.10709345158634],[-107.33057750621016,48.10705654663928],[-107.33060329402645,48.10703811280832],[-107.33064234486301,48.10701504706015],[-107.3306412788497,48.10699274233049],[-107.3304922889654,48.106942122072326]]]}"
00000000000000000851,9240,0,0,0,"{""type"":""Polygon"",""coordinates"":[[[-107.3305024111686,48.106870489248216],[-107.33049877246978,48.10693752746444],[-107.3304922889654,48.106942122072326],[-107.3306412788497,48.10699274233049],[-107.33064112909507,48.10698824033587],[-107.3306400630816,48.106965935617595],[-107.33066452990612,48.10691626422403],[-107.33066290061643,48.1068806273021],[-107.3305024111686,48.106870489248216]]]}"
0000000000000000083d,9241,0,0,0,"{""type"":""Polygon"",""coordinates"":[[[-107.33049895852729,48.106794642400885],[-107.33049997982596,48.1068168759524],[-107.33050144686297,48.106848168813166],[-107.3305024111686,48.106870489248216],[-107.33066290061643,48.1068806273021],[-107.33066168482785,48.106853820647196],[-107.33066107693347,48.10684041732487],[-107.33065990577913,48.10681368178804],[-107.33065823185382,48.10677797383809],[-107.3306580820953,48.10677347186201],[-107.33049895852729,48.106794642400885]]]}"
00000000000000000859,9242,0,0,0,"{""type"":""Polygon"",""coordinates"":[[[-107.33064733102518,48.10668440137334],[-107.33046161807053,48.10670602916501],[-107.33046931718515,48.10672824116397],[-107.33048381161069,48.10675470457345],[-107.33048467080573,48.10677259408996],[-107.33049880878845,48.10679014042262],[-107.33049895852729,48.106794642400885],[-107.3306580820953,48.10677347186201],[-107.33064733102518,48.10668440137334]]]}"
0000000000000000085c,9243,0,0,0,"{""type"":""Polygon"",""coordinates"":[[[-107.33063952667254,48.10665775854129],[-107.33061227200533,48.10664489948721],[-107.33063101281546,48.106617728219206],[-107.33062335824079,48.10659558737965],[-107.3304243224193,48.10661748715715],[-107.33043116232282,48.10662180965034],[-107.33045396359836,48.10668388827213],[-107.33046161807053,48.10670602916501],[-107.33064733102518,48.10668440137334],[-107.33063952667254,48.10665775854129]]]}"
0000000000000000085f,9244,0,0,0,"{""type"":""Polygon"",""coordinates"":[[[-107.33059969742035,48.10651561947729],[-107.33042001074084,48.10652375122979],[-107.3304243224193,48.10661748715715],[-107.33062335824079,48.10659558737965],[-107.33059969742035,48.10651561947729]]]}"
00000000000000000860,9245,0,0,0,"{""type"":""Polygon"",""coordinates"":[[[-107.33048844242676,48.10641514347225],[-107.33048200365323,48.10641980912844],[-107.33046949492935,48.10643789951854],[-107.3304565281032,48.106447088638305],[-107.33044401935994,48.10646517903497],[-107.33041220659264,48.1064971084555],[-107.33042001074084,48.10652375122979],[-107.33059969742035,48.10651561947729],[-107.33059224962645,48.10649789376937],[-107.3306107836148,48.10646630749356],[-107.33048844242676,48.10641514347225]]]}"
00000000000000000855,9246,0,0,0,"{""type"":""Polygon"",""coordinates"":[[[-107.33059147077063,48.106332689701524],[-107.33058498738406,48.106337284259794],[-107.33051994323056,48.10637436815105],[-107.33049492583282,48.106410548913196],[-107.33048844242676,48.10641514347225],[-107.3306107836148,48.10646630749356],[-107.33061726702418,48.106461712921686],[-107.33065627258242,48.10643857634015],[-107.33066873660768,48.106420414830026],[-107.33059147077063,48.106332689701524]]]}"
00000000000000000827,9247,0,0,0,"{""type"":""Polygon"",""coordinates"":[[[-107.33070250985843,48.106281293652984],[-107.3306436978345,48.10630929684783],[-107.33059147077063,48.106332689701524],[-107.33066873660768,48.106420414830026],[-107.33067501325024,48.106411405173866],[-107.33072085866168,48.10639259104594],[-107.33076022066393,48.10637837147712],[-107.33078002736139,48.10637350477702],[-107.33070250985843,48.106281293652984]]]}"
00000000000000000854,9248,0,0,0,"{""type"":""Polygon"",""coordinates"":[[[-107.33082078987307,48.10624320805909],[-107.33078847469596,48.10626616512192],[-107.33070250985843,48.106281293652984],[-107.33078002736139,48.10637350477702],[-107.33081953912789,48.106363787129276],[-107.33087895920983,48.10634918698561],[-107.33089891569372,48.10634882220191],[-107.33090535443174,48.10634415652493],[-107.33082078987307,48.10624320805909]]]}"
00000000000000000858,9249,0,0,0,"{""type"":""Polygon"",""coordinates"":[[[-107.3309524500646,48.106204763340585],[-107.33092616009749,48.106214224628275],[-107.33089951354796,48.10621476891634],[-107.33087332520107,48.10622421442812],[-107.33082078987307,48.10624320805909],[-107.33090535443174,48.10634415652493],[-107.33094476102622,48.10633000799136],[-107.33101051818718,48.106310757862744],[-107.33102348490577,48.10630156869466],[-107.3309524500646,48.106204763340585]]]}"
0000000000000000084b,9250,0,0,0,"{""type"":""Polygon"",""coordinates"":[[[-107.3310707299022,48.106166677498386],[-107.33105113009368,48.10617595929968],[-107.33101161848995,48.106185677003964],[-107.33097225668467,48.106199896618826],[-107.3309524500646,48.106204763340585],[-107.33102348490577,48.10630156869466],[-107.33113477528227,48.10625465834564],[-107.3310707299022,48.106166677498386]]]}"
0000000000000000084f,9251,0,0,0,"{""type"":""Polygon"",""coordinates"":[[[-107.33119569978675,48.10612841201883],[-107.33112989828248,48.10614759110377],[-107.3310707299022,48.106166677498386],[-107.33113477528227,48.10625465834564],[-107.33116765381737,48.10624503323589],[-107.33120093363215,48.10624439620813],[-107.3312337069668,48.10623034024742],[-107.33126010215933,48.10622530970122],[-107.33119569978675,48.10612841201883]]]}"
0000000000000000084e,9252,0,0,0,"{""type"":""Polygon"",""coordinates"":[[[-107.33133445118301,48.10609877541015],[-107.33131439311528,48.10609915604546],[-107.331301069826,48.106099428244114],[-107.33124859163827,48.10611833520044],[-107.33119569978675,48.10612841201883],[-107.33126010215933,48.10622530970122],[-107.33136633214835,48.10621421510161],[-107.33133445118301,48.10609877541015]]]}"
0000000000000000084a,9253,0,0,0,"{""type"":""Polygon"",""coordinates"":[[[-107.33138090437122,48.10609336420567],[-107.33133445118301,48.10609877541015],[-107.33136633214835,48.10621421510161],[-107.33139946215174,48.10620907608005],[-107.33146607888231,48.10620771498983],[-107.33148764067442,48.106095688386574],[-107.33138090437122,48.10609336420567]]]}"
0000000000000000084d,9254,0,0,0,"{""type"":""Polygon"",""coordinates"":[[[-107.33148764067442,48.106095688386574],[-107.33146607888231,48.10620771498983],[-107.33153284552812,48.10621085577551],[-107.3315988541044,48.10619609144718],[-107.33162133227789,48.10610186725162],[-107.33148764067442,48.106095688386574]]]}"
00000000000000000852,9255,0,0,0,"{""type"":""Polygon"",""coordinates"":[[[-107.33174833395294,48.106108225486],[-107.33163465561336,48.10610159500727],[-107.33162133227789,48.10610186725162],[-107.33159910560903,48.10620057760517],[-107.33162610909997,48.10620895010269],[-107.33163943247452,48.10620867785613],[-107.33171359937327,48.10622502633938],[-107.33173355596824,48.10622466138003],[-107.33175492249944,48.106108061689056],[-107.33174833395294,48.106108225486]]]}"
00000000000000000857,9256,0,0,0,"{""type"":""Polygon"",""coordinates"":[[[-107.33187472749633,48.10610118043292],[-107.33175492249944,48.106108061689056],[-107.33173355596824,48.10622466138003],[-107.33177352615976,48.10622384458807],[-107.33181349636736,48.106223027779045],[-107.33187363011577,48.106226261026265],[-107.33188156759036,48.10610550277536],[-107.33187472749633,48.10610118043292]]]}"
00000000000000000870,9257,0,0,0,"{""type"":""Polygon"",""coordinates"":[[[-107.33198167135659,48.106107919100154],[-107.33192877928576,48.106117996326454],[-107.33188156759036,48.10610550277536],[-107.33187363011577,48.106226261026265],[-107.33190721869565,48.10623002304595],[-107.33197383582288,48.106228661592404],[-107.33200052732349,48.1062281880938],[-107.33203963765982,48.10620948189034],[-107.33198167135659,48.106107919100154]]]}"
0000000000000000085a,9258,0,0,0,"{""type"":""Polygon"",""coordinates"":[[[-107.3320933179811,48.10606992478414],[-107.3320870862859,48.10607900556254],[-107.33206125485363,48.10609736833419],[-107.33198167135659,48.106107919100154],[-107.33203963765982,48.10620948189034],[-107.33209880625351,48.10619039487694],[-107.3321712412722,48.10617112237335],[-107.3320933179811,48.10606992478414]]]}"
00000000000000000872,9259,0,0,0,"{""type"":""Polygon"",""coordinates"":[[[-107.33219143418049,48.10602778764814],[-107.33214579616377,48.10605101738308],[-107.33210643444116,48.10606523742492],[-107.3320933179811,48.10606992478414],[-107.3321712412722,48.10617112237335],[-107.33224337635694,48.106142845993176],[-107.33229585465793,48.106123938480756],[-107.3323022932794,48.10611927273291],[-107.33219143418049,48.10602778764814]]]}"
00000000000000000841,9260,0,0,0,"{""type"":""Polygon"",""coordinates"":[[[-107.3322817000463,48.10595893704001],[-107.3322437623497,48.10600437830733],[-107.33219143418049,48.10602778764814],[-107.3323022932794,48.10611927273291],[-107.3323087765375,48.106114678080864],[-107.33238121146584,48.10609540544875],[-107.33239954945424,48.10605924610204],[-107.3324062843012,48.106059137590336],[-107.3322817000463,48.10595893704001]]]}"
00000000000000001a13,9261,0,0,0,"{""type"":""Polygon"",""coordinates"":[[[-107.33236690648489,48.105925902224925],[-107.33236705646013,48.1059304041202],[-107.33228793168445,48.10594985627114],[-107.3322817000463,48.10595893704001],[-107.3324062843012,48.106059137590336],[-107.33247770896672,48.106017473780554],[-107.3325027816747,48.105981205953945],[-107.33251589811073,48.10597651854726],[-107.3325221297114,48.105967437761095],[-107.33236690648489,48.105925902224925]]]}"
00000000000000001a16,9262,0,0,0,"{""type"":""Polygon"",""coordinates"":[[[-107.33253751377721,48.10586440541966],[-107.33253644656753,48.10584210122994],[-107.3323771747911,48.10585877257593],[-107.33236690648489,48.105925902224925],[-107.3325221297114,48.105967437761095],[-107.33252744037227,48.105936108076655],[-107.33254602977725,48.10590443494409],[-107.33253751377721,48.10586440541966]]]}"
0000000000000000083f,9263,0,0,0,"{""type"":""Polygon"",""coordinates"":[[[-107.33251915926667,48.10575310963814],[-107.33234008138749,48.10577464788258],[-107.33236106034033,48.10579651586898],[-107.33238244090279,48.10582737186672],[-107.3323771747911,48.10585877257593],[-107.33253644656753,48.10584210122994],[-107.33254074696178,48.105788380593474],[-107.33251915926667,48.10575310963814]]]}"
0000000000000000083a,9264,0,0,0,"{""type"":""Polygon"",""coordinates"":[[[-107.33249062984306,48.10571353220014],[-107.33249528724086,48.105668728580525],[-107.33248114837339,48.105651182939184],[-107.33231641676522,48.10569468174987],[-107.33233034858328,48.10570781241552],[-107.33233156564391,48.105734618432244],[-107.33233298966441,48.10576583948391],[-107.33234008138749,48.10577464788258],[-107.33251915926667,48.10575310963814],[-107.33251895228398,48.1057486946189],[-107.33249062984306,48.10571353220014]]]}"
00000000000000000839,9265,0,0,0,"{""type"":""Polygon"",""coordinates"":[[[-107.33247369965754,48.10563345769244],[-107.33245307765817,48.10562050667512],[-107.33239699337236,48.10555906731236],[-107.33226650728304,48.10562424836514],[-107.3322798305384,48.105623976035666],[-107.33231534968512,48.105672377626455],[-107.33231620980666,48.1056902667345],[-107.33231641676522,48.10569468174987],[-107.33248114837339,48.105651182939184],[-107.33247369965754,48.10563345769244]]]}"
0000000000000000083b,9266,0,0,0,"{""type"":""Polygon"",""coordinates"":[[[-107.33238306157071,48.10554593669316],[-107.33234936803565,48.105537744112375],[-107.33232186144024,48.10552039973072],[-107.33229485806673,48.10551202753587],[-107.33226739616833,48.10549475424055],[-107.33225402832403,48.10549495547141],[-107.33224070511862,48.105495227795366],[-107.332227381915,48.10549550011742],[-107.33219269405967,48.10561237082429],[-107.33226650728304,48.10562424836514],[-107.33239699337236,48.10555906731236],[-107.33238306157071,48.10554593669316]]]}"
00000000000000000835,9267,0,0,0,"{""type"":""Polygon"",""coordinates"":[[[-107.33212115323516,48.10550659548586],[-107.33207434363848,48.1055030901151],[-107.33208560506277,48.105605577096604],[-107.33210566302877,48.10560519630615],[-107.33219269405967,48.10561237082429],[-107.332227381915,48.10549550011742],[-107.33212115323516,48.10550659548586]]]}"
00000000000000000846,9268,0,0,0,"{""type"":""MultiPolygon"",""coordinates"":[[[[-107.33198849991422,48.10567010473762],[-107.33196185345462,48.10567064931295],[-107.33197011720456,48.105706192644604],[-107.33198344044739,48.1057059203562],[-107.3320709300638,48.10572199612963],[-107.33208966958006,48.10569482508672],[-107.33198849991422,48.10567010473762]]],[[[-107.33207434363848,48.1055030901151],[-107.33206765355298,48.10550326969428],[-107.33194172028142,48.10551921597552],[-107.33193498556594,48.10551932445016],[-107.33195283139707,48.10561720114304],[-107.33197947781576,48.105616656571804],[-107.33200566576191,48.10560721087733],[-107.3320656933622,48.1056060132136],[-107.33208560506277,48.105605577096604],[-107.33207434363848,48.1055030901151]]]]}"
0000000000000000083c,9269,0,0,0,"{""type"":""Polygon"",""coordinates"":[[[-107.33196185345462,48.10567064931295],[-107.33195526497146,48.10567081312114],[-107.33184807085715,48.10565958833726],[-107.33182658932294,48.1056287480665],[-107.33195283139707,48.10561720114304],[-107.33193498556594,48.10551932445016],[-107.33186178128857,48.10552084962582],[-107.33180236229624,48.10553545012062],[-107.33182922961075,48.10568677508158],[-107.33186281768815,48.105690537090936],[-107.33192979065153,48.10569809260224],[-107.33197011720456,48.105706192644604],[-107.33196185345462,48.10567064931295]]]}"
00000000000000000847,9270,0,0,0,"{""type"":""Polygon"",""coordinates"":[[[-107.33180236229624,48.10553545012062],[-107.33178265758794,48.10554030118092],[-107.33174304492032,48.10555003481883],[-107.33169720058424,48.105568849106405],[-107.33169010909846,48.10556004068867],[-107.33168975231943,48.10555112381511],[-107.33167617765585,48.105546909957425],[-107.33168084947394,48.10564956088894],[-107.33169463105862,48.105658189768796],[-107.33172203563981,48.105675550149776],[-107.33182922961075,48.10568677508158],[-107.33180236229624,48.10553545012062]]]}"
00000000000000000849,9271,0,0,0,"{""type"":""Polygon"",""coordinates"":[[[-107.33166274925716,48.10554275142947],[-107.33161523000236,48.10552585861903],[-107.33158149230745,48.10551759466414],[-107.3315129150231,48.10562169936456],[-107.33160678536197,48.105633196766036],[-107.3316400201484,48.10563248850777],[-107.33167375797991,48.10564075245667],[-107.33168084947394,48.10564956088894],[-107.33167617765585,48.105546909957425],[-107.33166274925716,48.10554275142947]]]}"
0000000000000000084c,9272,0,0,0,"{""type"":""Polygon"",""coordinates"":[[[-107.33156816918903,48.10551786689256],[-107.33155388107592,48.105495819286695],[-107.33153285830251,48.10547388013285],[-107.33138266759815,48.10554391088017],[-107.33141797830588,48.10558789775837],[-107.3314993403814,48.105617485475626],[-107.3315129150231,48.10562169936456],[-107.33158149230745,48.10551759466414],[-107.33156816918903,48.10551786689256]]]}"
00000000000000000850,9273,0,0,0,"{""type"":""Polygon"",""coordinates"":[[[-107.3314843743041,48.10543466746667],[-107.33149085747601,48.10543007293197],[-107.33135032861509,48.1054195715683],[-107.33133842874989,48.10545106466294],[-107.33128371338022,48.10542093251973],[-107.33128356353357,48.10541643066314],[-107.33125007759999,48.10541265269388],[-107.33126472213489,48.10544361717457],[-107.33132627738834,48.10547807167738],[-107.33135459820454,48.105513234323666],[-107.33138266759815,48.10554391088017],[-107.33153285830251,48.10547388013285],[-107.3314843743041,48.10543466746667]]]}"
00000000000000000838,9274,0,0,0,"{""type"":""MultiPolygon"",""coordinates"":[[[[-107.33126592647206,48.105322969160206],[-107.33125442789633,48.10536345012677],[-107.3312554943381,48.10538575414703],[-107.33124252798554,48.10539494317702],[-107.33125007759999,48.10541265269388],[-107.33128356353357,48.10541643066314],[-107.3312809240886,48.10535840391025],[-107.33126592647206,48.105322969160206]]],[[[-107.33139905138307,48.105315816497125],[-107.33138669326307,48.10533840845684],[-107.33137458661002,48.10536548651289],[-107.33136268678415,48.10539697957712],[-107.33135017876027,48.10541506971213],[-107.33135032861509,48.1054195715683],[-107.33149085747601,48.10543007293197],[-107.33152281495357,48.10539819917294],[-107.33154236968282,48.10538884632869],[-107.33155508449858,48.10537517117203],[-107.33139905138307,48.105315816497125]]]]}"
00000000000000000848,9275,0,0,0,"{""type"":""Polygon"",""coordinates"":[[[-107.33146884469512,48.105238518285034],[-107.33144970375959,48.105256701051154],[-107.33142427416239,48.105284051275845],[-107.33139884453296,48.10531140150885],[-107.33139905138307,48.105315816497125],[-107.33155508449858,48.10537517117203],[-107.33158653887608,48.10533432525795],[-107.33162558763549,48.10531125991013],[-107.3316318192634,48.10530217929611],[-107.33146884469512,48.105238518285034]]]}"
00000000000000000844,9276,0,0,0,"{""type"":""Polygon"",""coordinates"":[[[-107.33152598000486,48.10517480838049],[-107.33150724049581,48.10520197904412],[-107.33146884469512,48.105238518285034],[-107.3316318192634,48.10530217929611],[-107.33165116705534,48.10528841146315],[-107.33167072171985,48.10527905861392],[-107.33168910440484,48.10524297105835],[-107.33174107464565,48.10521064555494],[-107.33152598000486,48.10517480838049]]]}"
00000000000000000845,9277,0,0,0,"{""type"":""Polygon"",""coordinates"":[[[-107.33174865883116,48.10508541935465],[-107.33153605486999,48.105103106830676],[-107.33153808649192,48.105147730407815],[-107.33152598000486,48.10517480838049],[-107.33174107464565,48.10521064555494],[-107.33175884890434,48.105161155159436],[-107.33174987549057,48.10511222507136],[-107.33175575025653,48.10509422769001],[-107.33174865883116,48.10508541935465]]]}"
00000000000000000836,9278,0,0,0,"{""type"":""MultiPolygon"",""coordinates"":[[[[-107.33171314112802,48.105037018058106],[-107.33165766760595,48.10498898171242],[-107.3314928825728,48.10503256532813],[-107.33151350371216,48.10504551642884],[-107.33153402324746,48.105058483291415],[-107.33153605486999,48.105103106830676],[-107.33174865883116,48.10508541935465],[-107.33171314112802,48.105037018058106]]],[[[-107.33221300543731,48.104883955659176],[-107.33219846545798,48.1048574223825],[-107.33194792526491,48.10492055095465],[-107.33196149977927,48.104924764727414],[-107.33199462875436,48.104919625652464],[-107.33201514850262,48.10493259237563],[-107.33203434608643,48.10491432275897],[-107.33205430204549,48.10491395775813],[-107.33208768260448,48.10491330469695],[-107.33212101853857,48.10491258052959],[-107.3321163608978,48.104957383492334],[-107.33216377832365,48.10497429164113],[-107.33225607396992,48.104950065880445],[-107.33221300543731,48.104883955659176]]]]}"
0000000000000000082f,9279,0,0,0,"{""type"":""GeometryCollection"",""geometries"":[{""type"":""LineString"",""coordinates"":[[-107.33194729861323,48.10475980136576],[-107.33194068606846,48.10475993561835]]},{""type"":""Polygon"",""coordinates"":[[[-107.33160897710978,48.104945354505276],[-107.33160836882836,48.104931951685664],[-107.33158784931537,48.10491898486965],[-107.3315739181415,48.10490585427695],[-107.33142975459026,48.1049623887693],[-107.33143695112904,48.104975627833575],[-107.33147920290529,48.10502392075103],[-107.3314928825728,48.10503256532813],[-107.33165766760595,48.10498898171242],[-107.33160897710978,48.104945354505276]]]},{""type"":""Polygon"",""coordinates"":[[[-107.33197378549143,48.10475480748336],[-107.3319604625912,48.10475507975679],[-107.33194734661288,48.10475976696692],[-107.33194729861323,48.10475980136576],[-107.33193442520059,48.10476902706742],[-107.33193427526868,48.10476452526988],[-107.33181629961267,48.10481161465347],[-107.33183043778341,48.104829160130116],[-107.3318568766933,48.10482420067146],[-107.3319058190209,48.10487231368758],[-107.33192031411312,48.10489877592816],[-107.3319477183458,48.10491613600254],[-107.33194792526491,48.10492055095465],[-107.33219846545798,48.1048574223825],[-107.33217591321807,48.10479983243323],[-107.33212682052371,48.10474721783661],[-107.33213330353435,48.10474262332271],[-107.33200630588416,48.10473626566128],[-107.33200007443054,48.10474534619738],[-107.33197378549143,48.10475480748336]],[[-107.332026720237,48.10474480163761],[-107.3320273286758,48.10475820440283],[-107.33204014845217,48.10474896005609],[-107.332026720237,48.10474480163761]],[[-107.33200068285956,48.104758748963164],[-107.3320135026389,48.10474950461982],[-107.33200007443054,48.10474534619738],[-107.33200068285956,48.104758748963164]],[[-107.33201685335813,48.10482091766644],[-107.33201721022779,48.104829834412556],[-107.33203017628996,48.104820645384024],[-107.33201685335813,48.10482091766644]],[[-107.33196346002634,48.10482202254113],[-107.33196391850535,48.10483092352397],[-107.33197678295102,48.104821750266304],[-107.33196346002634,48.10482202254113]]]}]}"
00000000000000000831,9280,0,0,0,"{""type"":""GeometryCollection"",""geometries"":[{""type"":""LineString"",""coordinates"":[[-107.33182621471158,48.10473546134201],[-107.33186618870468,48.10473464979554]]},{""type"":""LineString"",""coordinates"":[[-107.33168105689822,48.10476967287575],[-107.33167439456074,48.10476980812379]]},{""type"":""Polygon"",""coordinates"":[[[-107.33177931378783,48.104731922062435],[-107.33168103888777,48.10476971380041],[-107.33182626849725,48.10473548288522],[-107.33177931378783,48.104731922062435]]]},{""type"":""Polygon"",""coordinates"":[[[-107.3319340237146,48.10476003923665],[-107.33194065667024,48.104759946531075],[-107.3319604625912,48.10475507975679],[-107.33194004826328,48.10474654376406],[-107.3319340237146,48.10476003923665]]]},{""type"":""Polygon"",""coordinates"":[[[-107.33155268877753,48.10487950041565],[-107.33155218576482,48.10487052832551],[-107.33155162213744,48.10485719661866],[-107.33151068851738,48.10483569370472],[-107.33151043701595,48.104831207662976],[-107.33136612391007,48.10488324016138],[-107.3314082738462,48.10493154879406],[-107.33142220494453,48.10494467941917],[-107.33142975459026,48.1049623887693],[-107.3315739181415,48.10490585427695],[-107.33155268877753,48.10487950041565]]]},{""type"":""Polygon"",""coordinates"":[[[-107.33190053805558,48.10475626153476],[-107.33188614831657,48.104734230062],[-107.33187956000485,48.104734393857726],[-107.33187282543612,48.10473450232266],[-107.33187343381866,48.10474790508765],[-107.33184076347673,48.10476194507176],[-107.3318346819089,48.10477552740097],[-107.3318022184435,48.10479398232212],[-107.33181629961267,48.10481161465347],[-107.33186862600999,48.104788206104246],[-107.33193427526868,48.10476452526988],[-107.3319340237146,48.10476003923665],[-107.33190053805558,48.10475626153476]],[[-107.33188159207178,48.104779017103105],[-107.3318682691759,48.104779289363734],[-107.33186862600999,48.104788206104246],[-107.33188159207178,48.104779017103105]]]}]}"
00000000000000000837,9281,0,0,0,"{""type"":""GeometryCollection"",""geometries"":[{""type"":""LineString"",""coordinates"":[[-107.33177271411355,48.104732081099485],[-107.33177937644568,48.104731945845806]]},{""type"":""Polygon"",""coordinates"":[[[-107.33169927135913,48.10472912480504],[-107.33167318933079,48.10474300094362],[-107.33165302666009,48.10473895092085],[-107.33155389197886,48.10475885372202],[-107.33153347783487,48.104750317637446],[-107.33129509023419,48.104786437645],[-107.33131019294036,48.104826302742694],[-107.33136612391007,48.10488324016138],[-107.33151043701595,48.104831207662976],[-107.33150982876833,48.10481780487099],[-107.33153550947786,48.10479494091443],[-107.33162795432317,48.10477521765829],[-107.33167440594896,48.10476980648762],[-107.3317727254839,48.104732085850614],[-107.33169927135913,48.10472912480504]]]}]}"
0000000000000000081c,9282,0,0,0,"{""type"":""Polygon"",""coordinates"":[[[-107.33148621118121,48.10473791102333],[-107.33146447537196,48.10469813869714],[-107.33146422387547,48.10469365266688],[-107.33131645674592,48.10466984124421],[-107.33129463191806,48.104777536662354],[-107.33129509023419,48.104786437645],[-107.33153347783487,48.104750317637446],[-107.33148621118121,48.10473791102333]]]}"
0000000000000000082e,9283,0,0,0,"{""type"":""MultiPolygon"",""coordinates"":[[[[-107.33173863159273,48.10471490532975],[-107.33169927135913,48.10472912480504],[-107.3317727254839,48.104732085850614],[-107.33173863159273,48.10471490532975]]],[[[-107.33133786772527,48.1045533161959],[-107.33132718457338,48.104611614234976],[-107.33131645674592,48.10466984124421],[-107.33146422387547,48.10469365266688],[-107.33147612334287,48.10466216002077],[-107.33148863103244,48.10464407013707],[-107.33150119569777,48.10462589340062],[-107.33150757709623,48.104621314702804],[-107.33133786772527,48.1045533161959]]]]}"
00000000000000000832,9284,0,0,0,"{""type"":""MultiPolygon"",""coordinates"":[[[[-107.3314687068815,48.10449705452362],[-107.33143092008225,48.104546995959645],[-107.33141805568236,48.10455616909494],[-107.33139860664184,48.10456995244279],[-107.33137798581545,48.104557001426684],[-107.33134389240887,48.10453982081044],[-107.33133786772527,48.1045533161959],[-107.33150757709623,48.104621314702804],[-107.33152054313251,48.10461212578032],[-107.3315845617193,48.10455280997143],[-107.3314687068815,48.10449705452362]]],[[[-107.33178223597788,48.104647053245834],[-107.33179110776624,48.104695998661455],[-107.33173863159273,48.10471490532975],[-107.3317727254839,48.104732085850614],[-107.33177931378783,48.104731922062435],[-107.33186623712527,48.104734666117444],[-107.33187282543612,48.10473450232266],[-107.33187956000485,48.104734393857726],[-107.33187930845736,48.10472990782676],[-107.33187870007228,48.10471650506646],[-107.33191182883984,48.104711366045755],[-107.33178223597788,48.104647053245834]]]]}"
00000000000000000834,9285,0,0,0,"{""type"":""GeometryCollection"",""geometries"":[{""type"":""LineString"",""coordinates"":[[-107.33195481642001,48.10463012363908],[-107.33194815410187,48.1046302589027]]},{""type"":""Polygon"",""coordinates"":[[[-107.33194813465413,48.1046302907203],[-107.33193441031418,48.10462157518128],[-107.3319415017211,48.104630383425594],[-107.33194813465413,48.1046302907203]]]},{""type"":""Polygon"",""coordinates"":[[[-107.33178173290592,48.10463808119811],[-107.33178223597788,48.104647053245834],[-107.33181632984684,48.104664233729565],[-107.33178173290592,48.10463808119811]]]},{""type"":""Polygon"",""coordinates"":[[[-107.33155202798766,48.1044239002151],[-107.33152011608139,48.10445584446296],[-107.33148096301012,48.10447447868789],[-107.3314687068815,48.10449705452362],[-107.3315845617193,48.10455280997143],[-107.33159079320836,48.104543729494694],[-107.33160330081249,48.10452563963899],[-107.33164251091905,48.1045069184872],[-107.33165537527759,48.10449774533146],[-107.33167492950605,48.10448839263319],[-107.33155202798766,48.1044239002151]]]},{""type"":""Polygon"",""coordinates"":[[[-107.3319415017211,48.104630383425594],[-107.33192817887007,48.104630655692645],[-107.33192757046503,48.10461725295849],[-107.33189347654317,48.104600072531014],[-107.33188739502353,48.1046136548205],[-107.3318954070145,48.104644711425166],[-107.33188208416487,48.10464498368586],[-107.33181632984684,48.104664233729565],[-107.33191182883984,48.104711366045755],[-107.33195123370167,48.10469721758231],[-107.33199155920683,48.10470531748794],[-107.3320054905252,48.10471844796618],[-107.3320121804649,48.10471826839771],[-107.33200630588416,48.10473626566128],[-107.33213330353435,48.10474262332271],[-107.33214601797164,48.104728948265524],[-107.33195482457391,48.104630111156645],[-107.33195518143133,48.10463902787091],[-107.33194185857529,48.104639300140036],[-107.3319415017211,48.104630383425594]],[[-107.33202550335923,48.10471799611743],[-107.33201172197272,48.104709367434516],[-107.3320121804649,48.10471826839771],[-107.33202550335923,48.10471799611743]],[[-107.33195578984608,48.1046524306102],[-107.3319687558482,48.10464324162254],[-107.33195518143133,48.10463902787091],[-107.33195578984608,48.1046524306102]],[[-107.33190837301993,48.104635522446934],[-107.33192205271916,48.1046441668981],[-107.33192817887007,48.104630655692645],[-107.33190837301993,48.104635522446934]]]}]}"
0000000000000000082c,9286,0,0,0,"{""type"":""MultiPolygon"",""coordinates"":[[[[-107.33162876060265,48.10435090971791],[-107.3316094133303,48.104364677287464],[-107.33155202798766,48.1044239002151],[-107.33167492950605,48.10448839263319],[-107.33173353151638,48.10445597494116],[-107.33176544331559,48.10442403062492],[-107.33162876060265,48.10435090971791]]],[[[-107.33189347654317,48.104600072531014],[-107.33192757046503,48.10461725295849],[-107.33193405346154,48.104612658469776],[-107.33193441031418,48.10462157518128],[-107.33214601797164,48.104728948265524],[-107.3322165192205,48.10466503740326],[-107.33207978946055,48.10459184577104],[-107.33195846005636,48.10456307591111],[-107.33191221550278,48.104572902117155],[-107.33191282390311,48.104586304840225],[-107.33189347654317,48.104600072531014]],[[-107.3319134323034,48.104599707566706],[-107.33192639829014,48.104590518594385],[-107.33191282390311,48.104586304840225],[-107.3319134323034,48.104599707566706]]]]}"
00000000000000000833,9287,0,0,0,"{""type"":""MultiPolygon"",""coordinates"":[[[[-107.33212695482295,48.104604267813784],[-107.33207978946055,48.10459184577104],[-107.3322165192205,48.10466503740326],[-107.33222249903065,48.10465147084603],[-107.33212695482295,48.104604267813784]]],[[[-107.3316862510188,48.104296117496034],[-107.33166128066838,48.104332368163675],[-107.33162876060265,48.10435090971791],[-107.33176544331559,48.10442403062492],[-107.33179714816417,48.10438767141026],[-107.33184217569513,48.10435103996275],[-107.3318544315911,48.10432846414793],[-107.3316862510188,48.104296117496034]]]]}"
00000000000000000830,9288,0,0,0,"{""type"":""Polygon"",""coordinates"":[[[-107.33170989938326,48.10422863090698],[-107.33172408192833,48.104246247304815],[-107.3316862510188,48.104296117496034],[-107.3318544315911,48.10432846414793],[-107.3318542816653,48.10432396238787],[-107.3318855278966,48.10427870232545],[-107.33188901347066,48.104207165780515],[-107.33170989938326,48.10422863090698]]]}"
0000000000000000082b,9289,0,0,0,"{""type"":""Polygon"",""coordinates"":[[[-107.33186717576444,48.10416740971811],[-107.33187279873528,48.1041449266785],[-107.33185851083668,48.104122879688774],[-107.33182456732645,48.10411020112751],[-107.3316465651588,48.10415404065903],[-107.33169540468677,48.10420216896212],[-107.33170989938326,48.10422863090698],[-107.33188901347066,48.104207165780515],[-107.33188876191903,48.10420267979471],[-107.33186717576444,48.10416740971811]]]}"
0000000000000000082a,9290,0,0,0,"{""type"":""Polygon"",""coordinates"":[[[-107.33179072547198,48.10409750679285],[-107.33175577222744,48.104062437901575],[-107.33174163435784,48.10404489266236],[-107.33171453070639,48.10403653626862],[-107.33171377245635,48.10401863194852],[-107.33159747426114,48.104101426392624],[-107.33160431395808,48.10410574860038],[-107.3316465651588,48.10415404065903],[-107.33182456732645,48.10411020112751],[-107.33179072547198,48.10409750679285]]]}"
00000000000000000828,9291,0,0,0,"{""type"":""Polygon"",""coordinates"":[[[-107.3316866688381,48.10401027555026],[-107.33165232412281,48.10398860924823],[-107.33163180507081,48.103975642662775],[-107.33161118441765,48.10396269183894],[-107.3314817706055,48.104050173144415],[-107.33148861027136,48.10405449535699],[-107.33155664663742,48.10408435443586],[-107.33159747426114,48.104101426392624],[-107.33171377245635,48.10401863194852],[-107.3316866688381,48.10401027555026]]]}"
0000000000000000082d,9292,0,0,0,"{""type"":""Polygon"",""coordinates"":[[[-107.33158367948172,48.10394534772345],[-107.33151574493564,48.10391547297452],[-107.33151528655492,48.10390657214216],[-107.33140471335757,48.10396686745957],[-107.3314323234133,48.103988642276065],[-107.33144646106959,48.104006187547505],[-107.3314606433743,48.104023803915815],[-107.3314817706055,48.104050173144415],[-107.33161118441765,48.10396269183894],[-107.33158367948172,48.10394534772345]]]}"
00000000000000000820,9293,0,0,0,"{""type"":""Polygon"",""coordinates"":[[[-107.33149917421086,48.10384431755038],[-107.33133357943576,48.10387008238846],[-107.33132730339831,48.10387909163655],[-107.33136246277236,48.103918575450805],[-107.33139078259875,48.10395373706771],[-107.33140471335757,48.10396686745957],[-107.33151528655492,48.10390657214216],[-107.33149917421086,48.10384431755038]]]}"
0000000000000000081d,9294,0,0,0,"{""type"":""Polygon"",""coordinates"":[[[-107.33149045280896,48.103799874604924],[-107.33149009605214,48.10379095802882],[-107.3314890294145,48.103768654693226],[-107.33148887952879,48.10376415297954],[-107.33132252706235,48.103772013507204],[-107.33133078990737,48.10380755563236],[-107.33133357943576,48.10387008238846],[-107.33149917421086,48.10384431755038],[-107.33149045280896,48.103799874604924]]]}"
00000000000000000826,9295,0,0,0,"{""type"":""Polygon"",""coordinates"":[[[-107.33131198130174,48.1036873630724],[-107.33132252706235,48.103772013507204],[-107.33148887952879,48.10376415297954],[-107.33148806439577,48.103746335604015],[-107.33148664100078,48.10371511572412],[-107.33148445945747,48.10366599165844],[-107.33131198130174,48.1036873630724]]]}"
00000000000000000825,9296,0,0,0,"{""type"":""Polygon"",""coordinates"":[[[-107.33146180741628,48.10360841856425],[-107.33139985348758,48.10356497767477],[-107.33128259162542,48.10362545194894],[-107.33130311029518,48.10363841853239],[-107.33131198130174,48.1036873630724],[-107.33148445945747,48.10366599165844],[-107.33148374957655,48.10365260492698],[-107.33146180741628,48.10360841856425]]]}"
00000000000000000823,9297,0,0,0,"{""type"":""Polygon"",""coordinates"":[[[-107.33139291230451,48.10356067125647],[-107.33134549737221,48.10354376311821],[-107.33134488915853,48.103530360652805],[-107.331250416233,48.103505460852716],[-107.33118801695404,48.10360056780834],[-107.33120133933083,48.10360029566149],[-107.33122844240405,48.10360865214554],[-107.331255443879,48.10361702438553],[-107.33128259162542,48.10362545194894],[-107.33139985348758,48.10356497767477],[-107.33139291230451,48.10356067125647]]]}"
00000000000000000824,9298,0,0,0,"{""type"":""Polygon"",""coordinates"":[[[-107.33120988565689,48.10349294593944],[-107.33118238135593,48.10347560184783],[-107.33115512855352,48.10346274367958],[-107.33113511658001,48.103463195314056],[-107.33112179426179,48.10346346744951],[-107.3310672560789,48.103585128622115],[-107.33116806188511,48.1036009325972],[-107.33118801695404,48.10360056780834],[-107.331250416233,48.103505460852716],[-107.33120988565689,48.10349294593944]]]}"
0000000000000000081f,9299,0,0,0,"{""type"":""Polygon"",""coordinates"":[[[-107.33102792998514,48.1034519698943],[-107.33100751676778,48.1034434338866],[-107.33093812786488,48.103529716670366],[-107.33094471589769,48.10352955295015],[-107.33099947279437,48.10355975537382],[-107.3310672560789,48.103585128622115],[-107.33112179426179,48.10346346744951],[-107.33102792998514,48.1034519698943]]]}"
00000000000000000977,9300,0,0,0,"{""type"":""Polygon"",""coordinates"":[[[-107.33096597710477,48.10340852882729],[-107.3309657702944,48.10340411399737],[-107.33081391397064,48.103438435209235],[-107.33083595674123,48.103482605840526],[-107.33093812786488,48.103529716670366],[-107.33100751676778,48.1034434338866],[-107.33096597710477,48.10340852882729]]]}"
000000000000000008a2,9301,0,0,0,"{""type"":""Polygon"",""coordinates"":[[[-107.33094965909969,48.10334185987956],[-107.33093562716603,48.10332874532891],[-107.33078969061846,48.10334514080416],[-107.3307923294627,48.10340316536203],[-107.33081391397064,48.103438435209235],[-107.3309657702944,48.10340411399737],[-107.33094965909969,48.10334185987956]]]}"
0000000000000000085b,9302,0,0,0,"{""type"":""Polygon"",""coordinates"":[[[-107.33077843297046,48.103242657984495],[-107.33078969061846,48.10334514080416],[-107.33093562716603,48.10332874532891],[-107.33092817966603,48.10331102071487],[-107.33093227482946,48.103252887881425],[-107.33093206802212,48.10324847306443],[-107.33077843297046,48.103242657984495]]]}"
0000000000000000081e,9303,0,0,0,"{""type"":""Polygon"",""coordinates"":[[[-107.3308006144086,48.10314388230151],[-107.33078957451542,48.103193262238925],[-107.33077818155041,48.103238172074796],[-107.33077843297046,48.103242657984495],[-107.33093206802212,48.10324847306443],[-107.33092411765996,48.10322177666156],[-107.3309486258396,48.10317217991126],[-107.3308006144086,48.10314388230151]]]}"
0000000000000000081b,9304,0,0,0,"{""type"":""Polygon"",""coordinates"":[[[-107.33087025414487,48.10306208615994],[-107.33084446934141,48.10308051859112],[-107.33083211184297,48.10310310950229],[-107.33080025780994,48.10313496583017],[-107.3308006144086,48.10314388230151],[-107.3309486258396,48.10317217991126],[-107.33096736446527,48.10314501042906],[-107.33099279264538,48.10311766147513],[-107.3310051500742,48.103095070538764],[-107.33087025414487,48.10306208615994]]]}"
0000000000000000081a,9305,0,0,0,"{""type"":""Polygon"",""coordinates"":[[[-107.33092596342169,48.10296715987478],[-107.33092008875033,48.10298515647418],[-107.33090762613551,48.10300331679359],[-107.33087025414487,48.10306208615994],[-107.3310051500742,48.103095070538764],[-107.3310307280347,48.1030722232582],[-107.33106952292158,48.10304467329974],[-107.33107564900074,48.103031162561976],[-107.33092596342169,48.10296715987478]]]}"
00000000000000000815,9306,0,0,0,"{""type"":""Polygon"",""coordinates"":[[[-107.33098228051807,48.10288563603861],[-107.33096981796328,48.10290379633017],[-107.33093725449424,48.10292226602225],[-107.33092596342169,48.10296715987478],[-107.33107564900074,48.103031162561976],[-107.33110082558441,48.10299932775462],[-107.33113880538399,48.10295396069515],[-107.33098228051807,48.10288563603861]]]}"
00000000000000000817,9307,0,0,0,"{""type"":""Polygon"",""coordinates"":[[[-107.33109882666783,48.10280733021645],[-107.3310660564789,48.10282138513539],[-107.33103378918423,48.10284441179517],[-107.33102092537517,48.10285358456488],[-107.33100147722838,48.10286736736278],[-107.33098217531852,48.10288120549061],[-107.33098228051807,48.10288563603861],[-107.33113880538399,48.10295396069515],[-107.33115126789914,48.10293580036529],[-107.33117719877971,48.10291742323645],[-107.33119675215279,48.10290807093875],[-107.33109882666783,48.10280733021645]]]}"
00000000000000000816,9308,0,0,0,"{""type"":""Polygon"",""coordinates"":[[[-107.33124373956086,48.10276870265862],[-107.33121755371555,48.10277814758134],[-107.33118417538459,48.10277880025655],[-107.33114420915099,48.102779616648874],[-107.33109882666783,48.10280733021645],[-107.33119675215279,48.10290807093875],[-107.33120946610526,48.102894396495614],[-107.3312629044872,48.10289780956491],[-107.33127099193722,48.10278156064263],[-107.33124373956086,48.10276870265862]]]}"
00000000000000000810,9309,0,0,0,"{""type"":""Polygon"",""coordinates"":[[[-107.33135847380477,48.102797636367804],[-107.33129125505792,48.102785594861906],[-107.33127099193722,48.10278156064263],[-107.3312629044872,48.10289780956491],[-107.33140306698776,48.10289939437124],[-107.33139818864963,48.10279233401511],[-107.33135847380477,48.102797636367804]]]}"
00000000000000000822,9310,0,0,0,"{""type"":""Polygon"",""coordinates"":[[[-107.33152457043897,48.102785290166516],[-107.33147872965368,48.10280410326937],[-107.33143156706875,48.10279168126301],[-107.33139818864963,48.10279233401511],[-107.33140306698776,48.10289939437124],[-107.33142327323137,48.10290351542363],[-107.33143634388821,48.10289875737632],[-107.33150381450292,48.10291528467493],[-107.33155026373302,48.102909873816785],[-107.33152457043897,48.102785290166516]]]}"
00000000000000000821,9311,0,0,0,"{""type"":""Polygon"",""coordinates"":[[[-107.33160956238116,48.10274784344151],[-107.33152457043897,48.102785290166516],[-107.33155026373302,48.102909873816785],[-107.33164291069605,48.10289456615853],[-107.33168302718175,48.102898251186076],[-107.33171554589639,48.10287971016047],[-107.33160956238116,48.10274784344151]]]}"
00000000000000000829,9312,0,0,0,"{""type"":""Polygon"",""coordinates"":[[[-107.33163584983579,48.10273838265452],[-107.33160956238116,48.10274784344151],[-107.33171554589639,48.10287971016047],[-107.33177445742766,48.10285613882555],[-107.33181973451246,48.102823994375264],[-107.33185118624851,48.10278315042504],[-107.33186379469936,48.10276504539809],[-107.33187017573644,48.102760466847506],[-107.33163584983579,48.10273838265452]]]}"
0000000000000000080d,9313,0,0,0,"{""type"":""Polygon"",""coordinates"":[[[-107.33184437602584,48.10263145314221],[-107.33165964691408,48.102675399728604],[-107.33166648637791,48.10267972182051],[-107.33168771475457,48.1027060745781],[-107.33163584983579,48.10273838265452],[-107.33187017573644,48.102760466847506],[-107.33187661375545,48.10275580144224],[-107.33187422468913,48.102702263531675],[-107.33187340933914,48.10268444652511],[-107.33187244404708,48.10266212790738],[-107.33187183562183,48.10264872567563],[-107.33184437602584,48.10263145314221]]]}"
00000000000000000812,9314,0,0,0,"{""type"":""Polygon"",""coordinates"":[[[-107.33182983708424,48.102604920921024],[-107.3318148396935,48.10256948810839],[-107.33175446032148,48.10256176905286],[-107.33175435502604,48.10255733853547],[-107.3316025016281,48.10259166036858],[-107.33160959259273,48.10260046830829],[-107.33159708573395,48.102618557482934],[-107.33159805085944,48.102640876089154],[-107.33165964691408,48.102675399728604],[-107.33184437602584,48.10263145314221],[-107.33182983708424,48.102604920921024]]]}"
00000000000000000814,9315,0,0,0,"{""type"":""Polygon"",""coordinates"":[[[-107.33174619718713,48.10252622781448],[-107.33172588574308,48.10251767634324],[-107.33171797947604,48.10249105148251],[-107.3317109331281,48.10248231466085],[-107.33153831031976,48.10249918426257],[-107.33158055979385,48.10254747491718],[-107.33159541066715,48.10258285242972],[-107.3316025016281,48.10259166036858],[-107.33175435502604,48.10255733853547],[-107.33174619718713,48.10252622781448]]]}"
0000000000000000080c,9316,0,0,0,"{""type"":""Polygon"",""coordinates"":[[[-107.33169675117779,48.102464698837515],[-107.33170241851063,48.102442287634766],[-107.33169456925575,48.10241557595557],[-107.33170038650239,48.10239766636906],[-107.33154072931558,48.102405347395944],[-107.33153795353174,48.10249026790821],[-107.33153831031976,48.10249918426257],[-107.3317109331281,48.10248231466085],[-107.33169675117779,48.102464698837515]]]}"
00000000000000000813,9317,0,0,0,"{""type"":""Polygon"",""coordinates"":[[[-107.3315818975213,48.10228388986554],[-107.33154335516238,48.10231592543269],[-107.33154072931558,48.102405347395944],[-107.33170038650239,48.10239766636906],[-107.33171127502992,48.10234378552065],[-107.3315818975213,48.10228388986554]]]}"
0000000000000000080e,9318,0,0,0,"{""type"":""Polygon"",""coordinates"":[[[-107.33171875244359,48.10221413570574],[-107.33171226988432,48.102218729959006],[-107.33164647538658,48.102237907793196],[-107.33162033454536,48.102247423812],[-107.3315818975213,48.10228388986554],[-107.33171127502992,48.10234378552065],[-107.33171030982467,48.10232146704383],[-107.33174297793121,48.102307427813166],[-107.33178283860944,48.102302180689385],[-107.33171875244359,48.10221413570574]]]}"
0000000000000000080b,9319,0,0,0,"{""type"":""Polygon"",""coordinates"":[[[-107.3318504429786,48.10217576415644],[-107.331797718934,48.10219018404254],[-107.33171875244359,48.10221413570574],[-107.33178283860944,48.102302180689385],[-107.33178942648279,48.10230201691901],[-107.33182878405927,48.10228779813116],[-107.33184235761237,48.102292011733994],[-107.33188211668883,48.10228678033305],[-107.33190212818609,48.102286328564894],[-107.3318504429786,48.10217576415644]]]}"
0000000000000000080f,9320,0,0,0,"{""type"":""Polygon"",""coordinates"":[[[-107.33190874490367,48.102138790983105],[-107.3318893419265,48.10215264485063],[-107.331863513378,48.10217100612338],[-107.3318504429786,48.10217576415644],[-107.33190212818609,48.102286328564894],[-107.3319422441641,48.1022900134542],[-107.33200079782475,48.10225752595898],[-107.33206644246653,48.10223384629214],[-107.33190874490367,48.102138790983105]]]}"
00000000000000000811,9321,0,0,0,"{""type"":""Polygon"",""coordinates"":[[[-107.33197959791121,48.102083799856395],[-107.33195356249401,48.102097746412895],[-107.33192737711093,48.102107191397046],[-107.33191522743796,48.102134196724165],[-107.33190874490367,48.102138790983105],[-107.33206644246653,48.10223384629214],[-107.33207307498074,48.10223375359307],[-107.3321179495789,48.102192622017334],[-107.33213607849635,48.10215205074251],[-107.33214894193046,48.102142877955224],[-107.33197959791121,48.102083799856395]]]}"
000000000000000007f6,9322,0,0,0,"{""type"":""Polygon"",""coordinates"":[[[-107.3321506453993,48.10203120920942],[-107.33214330276309,48.10201791560964],[-107.33200441634321,48.10204304914379],[-107.3320256893555,48.102069472597655],[-107.33200563331596,48.10206985329686],[-107.33197959791121,48.102083799856395],[-107.33214894193046,48.102142877955224],[-107.33216859645954,48.10213350984575],[-107.33216635689624,48.102084474154715],[-107.33216539140393,48.102062155799935],[-107.33216478285881,48.10204875372617],[-107.3321506453993,48.10203120920942]]]}"
00000000000000000808,9323,0,0,0,"{""type"":""Polygon"",""coordinates"":[[[-107.33211452099249,48.101969408775254],[-107.33207992603755,48.101943257642574],[-107.33203266238245,48.10193085188465],[-107.3319692576036,48.10200356695854],[-107.33199027898651,48.1020255046027],[-107.33200441634321,48.10204304914379],[-107.33214330276309,48.10201791560964],[-107.33211452099249,48.101969408775254]]]}"
00000000000000000805,9324,0,0,0,"{""type"":""Polygon"",""coordinates"":[[[-107.33202582297682,48.10192652987901],[-107.33199831912773,48.10190918652715],[-107.33195140877152,48.10190125075951],[-107.33190389371246,48.10188435915662],[-107.33186759111307,48.10196543014569],[-107.33189423488749,48.101964885703126],[-107.3319287280443,48.10199105268111],[-107.3319692576036,48.10200356695854],[-107.33203266238245,48.10193085188465],[-107.33202582297682,48.10192652987901]]]}"
0000000000000000080a,9325,0,0,0,"{""type"":""Polygon"",""coordinates"":[[[-107.33187684848072,48.10187591626277],[-107.33180294140033,48.101864054835346],[-107.33179610205039,48.10185973281741],[-107.33171339583733,48.10194628565306],[-107.33174723575534,48.10195897954429],[-107.33178765983268,48.10196706342795],[-107.33181430358566,48.101966519008116],[-107.33186759111307,48.10196543014569],[-107.33190389371246,48.10188435915662],[-107.33187684848072,48.10187591626277]]]}"
00000000000000000809,9326,0,0,0,"{""type"":""Polygon"",""coordinates"":[[[-107.33176140223308,48.1018291511575],[-107.3317470135526,48.10180712086464],[-107.33161582746891,48.10185446353921],[-107.33165746807187,48.101889351538894],[-107.33156421531673,48.101891256811],[-107.33159912184504,48.10192625328491],[-107.33163908735327,48.10192543673466],[-107.33166573103438,48.10192489235836],[-107.33171339583733,48.10194628565306],[-107.33179610205039,48.10185973281741],[-107.33176140223308,48.1018291511575]]]}"
00000000000000000804,9327,0,0,0,"{""type"":""Polygon"",""coordinates"":[[[-107.33169695999477,48.10173219070918],[-107.33168976385132,48.1017189524718],[-107.33157225667932,48.101774939037476],[-107.33158832398661,48.10183712008425],[-107.33160214884644,48.1018458194761],[-107.33161582746891,48.10185446353921],[-107.3317470135526,48.10180712086464],[-107.33169695999477,48.10173219070918]]]}"
00000000000000000801,9328,0,0,0,"{""type"":""Polygon"",""coordinates"":[[[-107.33168079090038,48.10167002557175],[-107.33148092017447,48.101674037096515],[-107.33147636421559,48.101718821502025],[-107.33148356026597,48.10173205975774],[-107.33150239939323,48.10170487518178],[-107.33152235351477,48.10170451036057],[-107.33154439648494,48.10174867936591],[-107.33157225667932,48.101774939037476],[-107.33168976385132,48.1017189524718],[-107.33168079090038,48.10167002557175]]]}"
00000000000000000818,9329,0,0,0,"{""type"":""Polygon"",""coordinates"":[[[-107.33166350672383,48.10158104081402],[-107.33151696792655,48.10158403473236],[-107.3315170732026,48.10158846516842],[-107.33147148546848,48.10161176356623],[-107.3314303037986,48.10158577609416],[-107.33139763634962,48.10159981500873],[-107.33134363974641,48.101587517375776],[-107.33128376534546,48.10158876964768],[-107.33137317452737,48.101649481435686],[-107.33148092017447,48.101674037096515],[-107.33168079090038,48.10167002557175],[-107.33167886047886,48.1016253891998],[-107.33166350672383,48.10158104081402]]]}"
00000000000000000803,9330,0,0,0,"{""type"":""MultiPolygon"",""coordinates"":[[[[-107.33164081066647,48.101523398941644],[-107.33164672936483,48.101505473904275],[-107.33163938703437,48.101492180391205],[-107.3315129042449,48.101494793680644],[-107.33150784532765,48.10153060641353],[-107.33151696792655,48.10158403473236],[-107.33166350672383,48.10158104081402],[-107.33164081066647,48.101523398941644]]],[[[-107.33133021281793,48.10158335907737],[-107.33130873384295,48.1015525210187],[-107.33128771326032,48.10153058340237],[-107.33124714010671,48.10151799783302],[-107.33122637107739,48.101500545973984],[-107.3311398536548,48.101502342387064],[-107.33114684267967,48.10151116594851],[-107.33114750784456,48.101524481048585],[-107.33120175928309,48.10154571074156],[-107.33127004231137,48.101580054485055],[-107.33128376534546,48.10158876964768],[-107.33134363974641,48.101587517375776],[-107.33133021281793,48.10158335907737]]]]}"
000000000000000007fb,9331,0,0,0,"{""type"":""MultiPolygon"",""coordinates"":[[[[-107.33150220823492,48.10140564543425],[-107.33151107929247,48.10145458787412],[-107.3315129042449,48.101494793680644],[-107.33163938703437,48.101492180391205],[-107.33163842184264,48.10146986227517],[-107.33163699821002,48.10143864375653],[-107.33163664138202,48.10142972758357],[-107.33164205698868,48.10140283108304],[-107.33150220823492,48.10140564543425]]],[[[-107.33123562969061,48.10141103291361],[-107.3311757556428,48.1014122851049],[-107.3311828462766,48.10142109288681],[-107.3311245006702,48.10145799399931],[-107.3311398536548,48.101502342387064],[-107.33122637107739,48.101500545973984],[-107.33119855605071,48.101474357415675],[-107.33122519928355,48.101473813177826],[-107.33124521020385,48.101473361568395],[-107.33123562969061,48.10141103291361]]]]}"
000000000000000007fa,9332,0,0,0,"{""type"":""MultiPolygon"",""coordinates"":[[[[-107.33149141064327,48.10131651309936],[-107.33149936119611,48.10134320848206],[-107.33149971799197,48.101352124641636],[-107.33150017640018,48.101361025040546],[-107.33150088999174,48.10137885736728],[-107.33150220823492,48.10140564543425],[-107.33164205698868,48.10140283108304],[-107.33165800389772,48.10131313865867],[-107.33149141064327,48.10131651309936]]],[[[-107.3312074579907,48.101375928233274],[-107.33119327672625,48.10135831268913],[-107.33117275929547,48.101345346613584],[-107.33114504966177,48.10132358852827],[-107.33107180963833,48.10132504166359],[-107.3310191316195,48.10133953194274],[-107.33098539798105,48.10133126833375],[-107.33090546881425,48.10133290080731],[-107.33100075073928,48.10137561664252],[-107.3311071163654,48.101369025224656],[-107.33114708106523,48.10136820890865],[-107.3311757556428,48.1014122851049],[-107.33123562969061,48.10141103291361],[-107.3312074579907,48.101375928233274]]]]}"
00000000000000000800,9333,0,0,0,"{""type"":""GeometryCollection"",""geometries"":[{""type"":""LineString"",""coordinates"":[[-107.33114504975154,48.10132357207358],[-107.33113838785681,48.10132370728336]]},{""type"":""Polygon"",""coordinates"":[[[-107.33111804985596,48.10131521658038],[-107.33107180963833,48.10132504166359],[-107.33113841737642,48.10132368115573],[-107.33111804985596,48.10131521658038]]]},{""type"":""Polygon"",""coordinates"":[[[-107.33164710062307,48.10121957610346],[-107.33148075932567,48.10122743624134],[-107.33146972108084,48.101276814413595],[-107.33149141064327,48.10131651309936],[-107.33165800389772,48.10131313865867],[-107.3316576470627,48.10130422250728],[-107.33166138742473,48.10124162193399],[-107.33164710062307,48.10121957610346]]]},{""type"":""Polygon"",""coordinates"":[[[-107.33094482527704,48.10131868267285],[-107.33094846160151,48.10125165167005],[-107.33094821014927,48.10124716593164],[-107.33090176324401,48.10125257626788],[-107.33088986475347,48.10128406677384],[-107.33089852811648,48.101328594523885],[-107.33090546881425,48.10133290080731],[-107.33098539798105,48.10133126833375],[-107.33094482527704,48.10131868267285]]]}]}"
00000000000000000819,9334,0,0,0,"{""type"":""MultiPolygon"",""coordinates"":[[[[-107.33161183779976,48.10117566397443],[-107.33163078183071,48.101152910069885],[-107.3315160519656,48.10112397748135],[-107.33150501380804,48.1011733555582],[-107.33147994412741,48.10120961972785],[-107.33148075932567,48.10122743624134],[-107.33164710062307,48.10121957610346],[-107.33161183779976,48.10117566397443]]],[[[-107.33093637619106,48.10098391472762],[-107.33092361827244,48.10099751753063],[-107.33095086920663,48.10101037520863],[-107.33096555671713,48.10104140827184],[-107.33089328214142,48.101065179197874],[-107.33090215230266,48.10111412139957],[-107.33096395167668,48.10115305921149],[-107.33094460608599,48.10116682576611],[-107.33093164127864,48.10117601397686],[-107.33091872109605,48.10118527327756],[-107.33090176324401,48.10125257626788],[-107.33094821014927,48.10124716593164],[-107.33094663725531,48.101211446023505],[-107.33095914379628,48.10119335742635],[-107.33099910824424,48.101192541181135],[-107.33101242973048,48.10119226909561],[-107.33101004179971,48.101138732728316],[-107.33094763424951,48.10108639311143],[-107.33096662312455,48.10106371046112],[-107.33099265786151,48.101049764464406],[-107.33100369658224,48.10100038654843],[-107.33093637619106,48.10098391472762]]]]}"
000000000000000007fe,9335,0,0,0,"{""type"":""Polygon"",""coordinates"":[[[-107.33163259178906,48.10104567379731],[-107.33160630557443,48.10105513424704],[-107.3315225343303,48.101119383342024],[-107.3315160519656,48.10112397748135],[-107.33163078183071,48.101152910069885],[-107.33165600129111,48.10112114738917],[-107.33168239285642,48.10111611730806],[-107.33163259178906,48.10104567379731]]]}"
000000000000000007f5,9336,0,0,0,"{""type"":""Polygon"",""coordinates"":[[[-107.33177122253701,48.10101605566953],[-107.33170547484758,48.101035304139145],[-107.3316853141334,48.10103125435937],[-107.33163259178906,48.10104567379731],[-107.33168239285642,48.10111611730806],[-107.33179488390148,48.10109601489747],[-107.33177122253701,48.10101605566953]]]}"
000000000000000007ff,9337,0,0,0,"{""type"":""Polygon"",""coordinates"":[[[-107.33190372413952,48.100995501459494],[-107.33187723101445,48.10100054735112],[-107.33179776028784,48.101011080895134],[-107.33177122253701,48.10101605566953],[-107.33179488390148,48.10109601489747],[-107.33184107937909,48.10108611842182],[-107.3318942603322,48.101080599202554],[-107.33192774271933,48.101084376725346],[-107.33190372413952,48.100995501459494]]]}"
00000000000000000806,9338,0,0,0,"{""type"":""Polygon"",""coordinates"":[[[-107.33202903334968,48.10096615519677],[-107.33191683874163,48.10099081462616],[-107.33190372413952,48.100995501459494],[-107.33192774271933,48.101084376725346],[-107.33195438587866,48.1010838322908],[-107.33206014310211,48.10106383802503],[-107.33202903334968,48.10096615519677]]]}"
00000000000000000802,9339,0,0,0,"{""type"":""Polygon"",""coordinates"":[[[-107.33214116722299,48.100937136358205],[-107.33203576724665,48.100966046745704],[-107.33202903334968,48.10096615519677],[-107.33206014310211,48.10106383802503],[-107.33208678628415,48.10106329355334],[-107.33212660108398,48.101057975353385],[-107.33219335908377,48.10106111559079],[-107.33221291140008,48.10105176344324],[-107.33214116722299,48.100937136358205]]]}"
000000000000000007d1,9340,0,0,0,"{""type"":""Polygon"",""coordinates"":[[[-107.33225371878393,48.10092139277124],[-107.33218868510134,48.10095847370534],[-107.33215423717637,48.10093237840904],[-107.33214116722299,48.100937136358205],[-107.33221291140008,48.10105176344324],[-107.33226487526308,48.10101944039693],[-107.33229779378931,48.10100988706579],[-107.3323294504223,48.10097345904029],[-107.33225371878393,48.10092139277124]]]}"
000000000000000007d7,9341,0,0,0,"{""type"":""Polygon"",""coordinates"":[[[-107.33229108667017,48.10086262536506],[-107.3322864872121,48.100907337999544],[-107.33225371878393,48.10092139277124],[-107.3323294504223,48.10097345904029],[-107.33236778393749,48.100937009408035],[-107.33238034685921,48.10091883388339],[-107.3324063813704,48.10090488754706],[-107.33242491092155,48.100873304396174],[-107.33229108667017,48.10086262536506]]]}"
000000000000000007ef,9342,0,0,0,"{""type"":""Polygon"",""coordinates"":[[[-107.33241624563458,48.10082877721886],[-107.33238098192382,48.10078486572191],[-107.33236659311726,48.10076283596322],[-107.3322484806407,48.10080542050088],[-107.33228951244203,48.10082690577433],[-107.33229108667017,48.10086262536506],[-107.33242491092155,48.100873304396174],[-107.33243053288834,48.10085082275928],[-107.33241624563458,48.10082877721886]]]}"
000000000000000007f9,9343,0,0,0,"{""type"":""Polygon"",""coordinates"":[[[-107.33234532043357,48.10073641323397],[-107.33229071178414,48.10070626847709],[-107.33228989617655,48.10068845215767],[-107.33218485383703,48.1007262786012],[-107.33218535705244,48.10073524997505],[-107.33218607099656,48.100753082075265],[-107.33220020805472,48.10077062617006],[-107.33221438975986,48.10078824135701],[-107.3322484806407,48.10080542050088],[-107.33236659311726,48.10076283596322],[-107.33234532043357,48.10073641323397]]]}"
000000000000000007f8,9344,0,0,0,"{""type"":""Polygon"",""coordinates"":[[[-107.33215363854347,48.10062416609355],[-107.33218485383703,48.1007262786012],[-107.33228989617655,48.10068845215767],[-107.33228725471099,48.10063043070638],[-107.33229327833303,48.10061693629607],[-107.33215363854347,48.10062416609355]]]}"
000000000000000007f1,9345,0,0,0,"{""type"":""Polygon"",""coordinates"":[[[-107.33214288397939,48.10053510628738],[-107.33215104192055,48.10056621579269],[-107.33215363854347,48.10062416609355],[-107.33229327833303,48.10061693629607],[-107.33229854331452,48.100585538753435],[-107.33229590182606,48.10052751741666],[-107.33214288397939,48.10053510628738]]]}"
000000000000000007fd,9346,0,0,0,"{""type"":""Polygon"",""coordinates"":[[[-107.33228606413117,48.100456258271144],[-107.33215153143053,48.10043219318892],[-107.3321198305694,48.10046854968166],[-107.33214288397939,48.10053510628738],[-107.33229590182606,48.10052751741666],[-107.33228606413117,48.100456258271144]]]}"
000000000000000007f3,9347,0,0,0,"{""type"":""Polygon"",""coordinates"":[[[-107.33221417438784,48.10034157719778],[-107.33219472783216,48.10035535953812],[-107.33217563448443,48.10037361177209],[-107.33215786363772,48.10042309764775],[-107.33215153143053,48.10043219318892],[-107.33228606413117,48.100456258271144],[-107.33228499689731,48.100433956375454],[-107.33232317981069,48.10039300573009],[-107.33221417438784,48.10034157719778]]]}"
000000000000000007eb,9348,0,0,0,"{""type"":""Polygon"",""coordinates"":[[[-107.3323310680462,48.10027218988009],[-107.33231789672018,48.10027696355021],[-107.33222642853886,48.10031900310291],[-107.33221417438784,48.10034157719778],[-107.33232317981069,48.10039300573009],[-107.33235508747177,48.10036106379347],[-107.33240128215698,48.100351167206554],[-107.3323310680462,48.10027218988009]]]}"
000000000000000007f2,9349,0,0,0,"{""type"":""Polygon"",""coordinates"":[[[-107.33247009805594,48.10025155829075],[-107.33242350181033,48.10025246783648],[-107.33239685911475,48.10025301238097],[-107.33237684860885,48.100253464209715],[-107.3323310680462,48.10027218988009],[-107.33240128215698,48.100351167206554],[-107.33246069282563,48.10033656799287],[-107.33249958961972,48.10031344930373],[-107.33251291100282,48.100313177016915],[-107.33247009805594,48.10025155829075]]]}"
000000000000000007f4,9350,0,0,0,"{""type"":""Polygon"",""coordinates"":[[[-107.33258820874825,48.10020897397448],[-107.33253573907366,48.100227879299],[-107.33249638371595,48.10024209776305],[-107.33247009805594,48.10025155829075],[-107.33251291100282,48.100313177016915],[-107.3325458289132,48.100303623744715],[-107.33261167706357,48.10028435923324],[-107.33263831984239,48.100283814626636],[-107.33258820874825,48.10020897397448]]]}"
000000000000000007ec,9351,0,0,0,"{""type"":""Polygon"",""coordinates"":[[[-107.33269922841458,48.100157582098376],[-107.3326277711075,48.10019917003345],[-107.33258820874825,48.10020897397448],[-107.33263831984239,48.100283814626636],[-107.3326449520495,48.10028372189924],[-107.3327437180731,48.100254903996685],[-107.33276341999839,48.100250053297636],[-107.33269922841458,48.100157582098376]]]}"
000000000000000007ee,9352,0,0,0,"{""type"":""Polygon"",""coordinates"":[[[-107.33283147608147,48.10013254136678],[-107.33279212081136,48.10014675992418],[-107.33269922841458,48.100157582098376],[-107.33276341999839,48.100250053297636],[-107.33278322353304,48.10024518683184],[-107.33282906104168,48.10022637410511],[-107.33284901465156,48.1002260090311],[-107.33286243766294,48.1002257209325],[-107.33288213958302,48.100220870211885],[-107.33283147608147,48.10013254136678]]]}"
000000000000000007ed,9353,0,0,0,"{""type"":""Polygon"",""coordinates"":[[[-107.33295627561645,48.10008977711124],[-107.33291079544043,48.10011750578097],[-107.33286460092435,48.10012740256503],[-107.33284454575418,48.100127783403536],[-107.33283147608147,48.10013254136678],[-107.33288213958302,48.100220870211885],[-107.33298713591876,48.100182972315764],[-107.33300020561268,48.10017821432619],[-107.33295627561645,48.10008977711124]]]}"
000000000000000007e7,9354,0,0,0,"{""type"":""Polygon"",""coordinates"":[[[-107.33308122514562,48.10005151411797],[-107.3330682609733,48.10006070240636],[-107.33296290781168,48.10008968436251],[-107.33295627561645,48.10008977711124],[-107.33300020561268,48.10017821432619],[-107.33307273048246,48.100158927882504],[-107.33311269471402,48.100158110778],[-107.33313249823004,48.100153244249064],[-107.33308122514562,48.10005151411797]]]}"
000000000000000007f7,9355,0,0,0,"{""type"":""Polygon"",""coordinates"":[[[-107.3332071407889,48.10003556844765],[-107.33312782146524,48.10005060425424],[-107.33308122514562,48.10005151411797],[-107.33313249823004,48.100153244249064],[-107.33315230174523,48.10014837771651],[-107.33321804813438,48.100129128612956],[-107.33326428737509,48.10011930274332],[-107.3332071407889,48.10003556844765]]]}"
000000000000000007cd,9356,0,0,0,"{""type"":""Polygon"",""coordinates"":[[[-107.33325828675646,48.09998542947335],[-107.3332521619353,48.09999893953519],[-107.33322612816386,48.10001288584182],[-107.33321362286387,48.10003097429657],[-107.3332071407889,48.10003556844765],[-107.33326428737509,48.10011930274332],[-107.33329078008278,48.10011425656374],[-107.33334973172919,48.1000907567041],[-107.33336259427381,48.100081584136575],[-107.33340807429597,48.10005385527544],[-107.33341405283775,48.10004028986703],[-107.33325828675646,48.09998542947335]]]}"
000000000000000007e2,9357,0,0,0,"{""type"":""Polygon"",""coordinates"":[[[-107.33328830958281,48.099913369805044],[-107.3332773795853,48.09996717717189],[-107.33325828675646,48.09998542947335],[-107.33341405283775,48.10004028986703],[-107.33343855584982,48.099990695615666],[-107.33345749847265,48.099967941899344],[-107.3334558214443,48.09993223873024],[-107.33328830958281,48.099913369805044]]]}"
000000000000000007e8,9358,0,0,0,"{""type"":""Polygon"",""coordinates"":[[[-107.3333638120093,48.09981358152361],[-107.33333150347354,48.0998365364649],[-107.33328683983143,48.09988208118674],[-107.33328830958281,48.099913369805044],[-107.3334558214443,48.09993223873024],[-107.33344674066008,48.09987888343464],[-107.3334534298281,48.09987870380176],[-107.3333638120093,48.09981358152361]]]}"
000000000000000007e4,9359,0,0,0,"{""type"":""Polygon"",""coordinates"":[[[-107.3334949909688,48.0997662384782],[-107.33346855545612,48.099771197824694],[-107.33343593432993,48.09978530799253],[-107.33338959386056,48.09979514963642],[-107.3333638120093,48.09981358152361],[-107.3334534298281,48.09987870380176],[-107.33351238109047,48.09985520395726],[-107.33353902381617,48.09985465910619],[-107.3334949909688,48.0997662384782]]]}"
000000000000000007e6,9360,0,0,0,"{""type"":""Polygon"",""coordinates"":[[[-107.333633971648,48.09974108829742],[-107.33361427385697,48.099750385159034],[-107.3334949909688,48.0997662384782],[-107.33353902381617,48.09985465910619],[-107.33355903435269,48.09985420703757],[-107.33365769789273,48.099825404215345],[-107.333633971648,48.09974108829742]]]}"
000000000000000007e3,9361,0,0,0,"{""type"":""Polygon"",""coordinates"":[[[-107.33376632412136,48.099720476763196],[-107.33373968142762,48.09972102167523],[-107.33371967092472,48.09972147377954],[-107.33369971740044,48.09972183902905],[-107.33367307472459,48.09972238392212],[-107.333633971648,48.09974108829742],[-107.33365769789273,48.099825404215345],[-107.33377763493846,48.099823023229945],[-107.33377295630864,48.09972038395929],[-107.33376632412136,48.099720476763196]]]}"
000000000000000007de,9362,0,0,0,"{""type"":""Polygon"",""coordinates"":[[[-107.33389284852694,48.099717931752906],[-107.33379959901131,48.099719839037796],[-107.33377295630864,48.09972038395929],[-107.33377763493846,48.099823023229945],[-107.33378432411953,48.09982284357384],[-107.3338042777161,48.09982247830419],[-107.33391049149192,48.0998113826503],[-107.33391290369983,48.099717550698045],[-107.33389284852694,48.099717931752906]]]}"
000000000000000007e0,9363,0,0,0,"{""type"":""Polygon"",""coordinates"":[[[-107.33402064861552,48.099742102620596],[-107.33400013038518,48.0997291375693],[-107.33391290369983,48.099717550698045],[-107.33391049149192,48.0998113826503],[-107.33399016809838,48.099805262140144],[-107.33400399318437,48.09981396084344],[-107.33406172577818,48.09976365776878],[-107.33402064861552,48.099742102620596]]]}"
000000000000000007df,9364,0,0,0,"{""type"":""Polygon"",""coordinates"":[[[-107.33415149565057,48.09983328064998],[-107.33413026637511,48.09980692990195],[-107.33410225467112,48.099776170630925],[-107.33406172577818,48.09976365776878],[-107.33400399318437,48.09981396084344],[-107.33401083260775,48.09981828253372],[-107.3340113972406,48.09983161292174],[-107.33402618905089,48.09986262898699],[-107.33406676265597,48.09987521297237],[-107.33415833510567,48.09983760233051],[-107.33415149565057,48.09983328064998]]]}"
000000000000000007da,9365,0,0,0,"{""type"":""Polygon"",""coordinates"":[[[-107.33422095472208,48.09989435300745],[-107.3342005865484,48.09988588933375],[-107.33415833510567,48.09983760233051],[-107.33406676265597,48.09987521297237],[-107.33411595904089,48.09993225202968],[-107.3341300970414,48.099949795541825],[-107.33423549489606,48.09992088346561],[-107.33422095472208,48.09989435300745]]]}"
000000000000000007ea,9366,0,0,0,"{""type"":""Polygon"",""coordinates"":[[[-107.33427871341526,48.09999148791536],[-107.33423549489606,48.09992088346561],[-107.3341300970414,48.099949795541825],[-107.33413718836519,48.0999586028425],[-107.33415137102388,48.09997621744644],[-107.33415208594852,48.09999404924942],[-107.33417994760764,48.100020307248926],[-107.33419372820573,48.10002893487],[-107.33420031584237,48.100028770947105],[-107.33428555292201,48.099995809598525],[-107.33427871341526,48.09999148791536]]]}"
000000000000000007d5,9367,0,0,0,"{""type"":""Polygon"",""coordinates"":[[[-107.33428555292201,48.099995809598525],[-107.33420031584237,48.100028770947105],[-107.3342227639762,48.10008192485349],[-107.33423644300132,48.10009056824226],[-107.33425792438507,48.10012140472561],[-107.33436139300295,48.100052303568305],[-107.33428555292201,48.099995809598525]]]}"
000000000000000007d6,9368,0,0,0,"{""type"":""GeometryCollection"",""geometries"":[{""type"":""LineString"",""coordinates"":[[-107.33425790193319,48.100121422902355],[-107.33426456365777,48.10012128751428]]},{""type"":""Polygon"",""coordinates"":[[[-107.33442283920716,48.1000823223369],[-107.33438205785612,48.10006532393439],[-107.33436139300295,48.100052303568305],[-107.33426455667909,48.10012131188429],[-107.3343132460012,48.100164933766415],[-107.33434758998584,48.10018659755682],[-107.33435417766108,48.10018643362188],[-107.33447025291802,48.10009922787038],[-107.33447004566192,48.100094813337485],[-107.33442283920716,48.1000823223369]]]}]}"
000000000000000007db,9369,0,0,0,"{""type"":""Polygon"",""coordinates"":[[[-107.33453986350145,48.100164801664974],[-107.33451250517479,48.10014751495606],[-107.33451164383094,48.1001296277863],[-107.3345112862831,48.100120711864555],[-107.33448382639772,48.100103440925615],[-107.33447025291802,48.10009922787038],[-107.33435417766108,48.10018643362188],[-107.33437494821239,48.10020388432819],[-107.33442970537384,48.10023408287422],[-107.33443675220244,48.100242819109944],[-107.33456711620508,48.10017765806651],[-107.33453986350145,48.100164801664974]]]}"
000000000000000007e9,9370,0,0,0,"{""type"":""Polygon"",""coordinates"":[[[-107.33463601201373,48.10022540000093],[-107.33461498935814,48.10020346372093],[-107.33456711620508,48.10017765806651],[-107.33443675220244,48.100242819109944],[-107.33446400489345,48.100255675560206],[-107.33447768407116,48.100264318939274],[-107.33451345444564,48.10031720043259],[-107.33452702801374,48.10032141349697],[-107.33464331081925,48.100238621848916],[-107.33463601201373,48.10022540000093]]]}"
00000000000000000807,9371,0,0,0,"{""type"":""Polygon"",""coordinates"":[[[-107.33467092122618,48.10026039417853],[-107.3346643335159,48.10026055813635],[-107.33464331081925,48.100238621848916],[-107.33452702801374,48.10032141349697],[-107.3346491091843,48.10036808099512],[-107.33472219979531,48.100362123724935],[-107.33467092122618,48.10026039417853]]]}"
00000000000000000840,9372,0,0,0,"{""type"":""Polygon"",""coordinates"":[[[-107.33474942492875,48.100227540893634],[-107.33473656247266,48.10023671367044],[-107.33471716099999,48.10025056757022],[-107.33468424289731,48.10026012158304],[-107.33467092122618,48.10026039417853],[-107.33472219979531,48.100362123724935],[-107.3347686470017,48.100356711622275],[-107.3348260223503,48.10029749160911],[-107.33486537790233,48.100283272169],[-107.33474942492875,48.100227540893634]]]}"
000000000000000007d2,9373,0,0,0,"{""type"":""Polygon"",""coordinates"":[[[-107.33482635181333,48.100158968535986],[-107.33481991443473,48.10016363389236],[-107.33477535304984,48.10020916380944],[-107.33474942492875,48.100227540893634],[-107.33486537790233,48.100283272169],[-107.33487196563054,48.10028310819684],[-107.33494889251995,48.100214535668215],[-107.33482635181333,48.100158968535986]]]}"
000000000000000007ce,9374,0,0,0,"{""type"":""Polygon"",""coordinates"":[[[-107.33498335869743,48.1000932618081],[-107.33488326751973,48.100090848573615],[-107.33488351946382,48.10009533419045],[-107.33482635181333,48.100158968535986],[-107.33494889251995,48.100214535668215],[-107.33494868520674,48.100210121128114],[-107.33496584315326,48.10014723347571],[-107.33499126725559,48.10011988512598],[-107.33498335869743,48.1000932618081]]]}"
000000000000000007c9,9375,0,0,0,"{""type"":""Polygon"",""coordinates"":[[[-107.33497437716396,48.10003989078805],[-107.33494569776185,48.099995817001926],[-107.33494544580954,48.099991331393966],[-107.3348463221524,48.10001123551991],[-107.33485362101555,48.100024457296506],[-107.33488326751973,48.100090848573615],[-107.33498335869743,48.1000932618081],[-107.33497437716396,48.10003989078805]]]}"
000000000000000007dc,9376,0,0,0,"{""type"":""Polygon"",""coordinates"":[[[-107.33491544158558,48.09991602438075],[-107.33490151041164,48.09990289552203],[-107.33479611234306,48.09993180832583],[-107.33479646996308,48.09994072421262],[-107.33482529943149,48.09998929937713],[-107.3348463221524,48.10001123551991],[-107.33494544580954,48.099991331393966],[-107.33491544158558,48.09991602438075]]]}"
000000000000000007dd,9377,0,0,0,"{""type"":""Polygon"",""coordinates"":[[[-107.33487283120807,48.09985882182404],[-107.33484557852798,48.09984596558685],[-107.33484415207626,48.09981474815263],[-107.33471956032268,48.09986192914033],[-107.33472685910667,48.099875150891],[-107.33475426204862,48.099892508535916],[-107.33479611234306,48.09993180832583],[-107.33490151041164,48.09990289552203],[-107.33487283120807,48.09985882182404]]]}"
000000000000000007d8,9378,0,0,0,"{""type"":""Polygon"",""coordinates"":[[[-107.33486708067122,48.09973388108583],[-107.33468869526877,48.09976873518369],[-107.33471068489241,48.09981298859244],[-107.33471150170483,48.099830804563695],[-107.33471956032268,48.09986192914033],[-107.33484415207626,48.09981474815263],[-107.33484390013544,48.09981026255958],[-107.3348083815094,48.09976186729347],[-107.33488182866782,48.099764825854486],[-107.33486708067122,48.09973388108583]]]}"
000000000000000007d9,9379,0,0,0,"{""type"":""Polygon"",""coordinates"":[[[-107.33485218236667,48.09969843498391],[-107.33467069261214,48.099666368715766],[-107.33466482019098,48.09968436435648],[-107.3346529250224,48.099715854304726],[-107.33468103892366,48.09974659759964],[-107.33468869526877,48.09976873518369],[-107.33486708067122,48.09973388108583],[-107.33486672303088,48.09972496523494],[-107.33485218236667,48.09969843498391]]]}"
000000000000000007cc,9380,0,0,0,"{""type"":""Polygon"",""coordinates"":[[[-107.33469290621441,48.099567670260406],[-107.33468319726667,48.099648280212946],[-107.33467069261214,48.099666368715766],[-107.33485218236667,48.09969843498391],[-107.3348450908603,48.099689627784365],[-107.3348642846926,48.09967135951996],[-107.33487724853595,48.09966217106523],[-107.33490261533778,48.09963490985092],[-107.33469290621441,48.099567670260406]]]}"
000000000000000007d4,9381,0,0,0,"{""type"":""Polygon"",""coordinates"":[[[-107.3347425793032,48.09948624265956],[-107.33473083458954,48.09952223382889],[-107.33469760418357,48.099522942964704],[-107.33469290621441,48.099567670260406],[-107.33490261533778,48.09963490985092],[-107.33494100289296,48.09959837334245],[-107.3349520362333,48.09954899647315],[-107.3347425793032,48.09948624265956]]]}"
000000000000000007cb,9382,0,0,0,"{""type"":""Polygon"",""coordinates"":[[[-107.33477908113004,48.09940958908696],[-107.33478065787116,48.09944530760906],[-107.33475483193153,48.099463668647886],[-107.3347425793032,48.09948624265956],[-107.3349520362333,48.09954899647315],[-107.33495755084083,48.099522085049514],[-107.33498878974946,48.099476828299416],[-107.33500783306812,48.09945405875743],[-107.33477908113004,48.09940958908696]]]}"
000000000000000007d0,9383,0,0,0,"{""type"":""Polygon"",""coordinates"":[[[-107.335037852559,48.0993819993551],[-107.33503749487178,48.099373083565766],[-107.33499753066846,48.099373901459536],[-107.33501687463516,48.09936013459846],[-107.33476816969514,48.09931603048487],[-107.33478235253877,48.09933364477526],[-107.33477908113004,48.09940958908696],[-107.33500783306812,48.09945405875743],[-107.33505851745682,48.0993950194081],[-107.335037852559,48.0993819993551]]]}"
000000000000000007c4,9384,0,0,0,"{""type"":""MultiPolygon"",""coordinates"":[[[[-107.33559919586355,48.09926338572497],[-107.33531235435355,48.09926030518038],[-107.33533261694855,48.09926433828859],[-107.33532112482268,48.09930481490995],[-107.33526156468176,48.09931491427208],[-107.335236141312,48.09934226225572],[-107.3353957911174,48.09933457571166],[-107.33542350318977,48.09935633168273],[-107.3355567178027,48.09935360469929],[-107.33561577404541,48.09933453404563],[-107.33559919586355,48.09926338572497]]],[[[-107.33505884570229,48.09925649874539],[-107.33504592666665,48.09926575823464],[-107.33502719240933,48.09929292639626],[-107.33501928393726,48.099266303498375],[-107.33501867428734,48.09925290218418],[-107.33474511144563,48.09924947617807],[-107.3347526620756,48.09926718332155],[-107.33476816969514,48.09931603048487],[-107.33501687463516,48.09936013459846],[-107.3350484222766,48.09931927667279],[-107.33507420341087,48.09930084452436],[-107.33505884570229,48.09925649874539]]]]}"
000000000000000007b5,9385,0,0,0,"{""type"":""Polygon"",""coordinates"":[[[-107.33552564326553,48.09925599751057],[-107.33546526592768,48.09924828122683],[-107.33545144047116,48.09923958283731],[-107.33542408207865,48.099222296694684],[-107.33542362268574,48.09921339670199],[-107.3354227608707,48.09919550987051],[-107.33538785155432,48.09916051667881],[-107.33534089746648,48.09915251187664],[-107.33518727100703,48.099146704095325],[-107.33517333995503,48.099133575465316],[-107.33514648994014,48.099129706313526],[-107.33472280906024,48.09919637856955],[-107.33472352428662,48.09921421009584],[-107.33474511144563,48.09924947617807],[-107.33501867428734,48.09925290218418],[-107.33501648765262,48.09920378250135],[-107.33501526835221,48.09917697990826],[-107.33504170368506,48.09917202019603],[-107.33508227736462,48.09918460358435],[-107.33508309437542,48.09920241933424],[-107.33508513073514,48.099247037703236],[-107.33512392009844,48.09921948825121],[-107.33513724146026,48.099219215606034],[-107.33519027493848,48.09921363946639],[-107.33521752740194,48.099226495456335],[-107.33526494084404,48.09924340032821],[-107.33531235435355,48.09926030518038],[-107.33559919586355,48.09926338572497],[-107.33559883803784,48.09925446996139],[-107.33552564326553,48.09925599751057]]]}"
000000000000000007c7,9386,0,0,0,"{""type"":""MultiPolygon"",""coordinates"":[[[[-107.33502309045096,48.09905625371701],[-107.33503559474795,48.099038165387455],[-107.3350685687476,48.09902852465347],[-107.33503366004278,48.098993531428555],[-107.33500114537105,48.09901207210486],[-107.33501543398141,48.09903411646314],[-107.33500292967899,48.09905220478881],[-107.33502309045096,48.09905625371701]]],[[[-107.33502309045096,48.09905625371701],[-107.33501022845749,48.0990654263142],[-107.33500292967899,48.09905220478881],[-107.33498960839607,48.099052477412435],[-107.3349908276828,48.09907927994267],[-107.33500414897551,48.09907900731848],[-107.33500006111505,48.099137135520834],[-107.33498658944859,48.09913290684586],[-107.33497148386874,48.099093046721],[-107.33492958952233,48.099053676535384],[-107.33471490084621,48.099169755688976],[-107.334722097909,48.09918299303346],[-107.33472280906024,48.09919637856955],[-107.33514648994014,48.099129706313526],[-107.33511959530124,48.099125766069136],[-107.33512404069018,48.09907655361546],[-107.33508249971084,48.09904165327469],[-107.3350233424181,48.09906073924453],[-107.33502309045096,48.09905625371701]],[[-107.33503079156627,48.0990784620644],[-107.33503809036111,48.09909168359387],[-107.33505095236146,48.09908251098818],[-107.33503079156627,48.0990784620644]],[[-107.33502415940355,48.09907855495354],[-107.33501037881445,48.0990699276077],[-107.33500414897551,48.09907900731848],[-107.33502415940355,48.09907855495354]]]]}"
000000000000000007c8,9387,0,0,0,"{""type"":""MultiPolygon"",""coordinates"":[[[[-107.3350198794795,48.09898490409739],[-107.33499931642537,48.09897186836669],[-107.33496501749686,48.098950276385004],[-107.33496619213265,48.09897700777883],[-107.33498675517023,48.09899004351834],[-107.33500114537105,48.09901207210486],[-107.33503366004278,48.098993531428555],[-107.3350198794795,48.09898490409739]]],[[[-107.33489493293271,48.099023168764],[-107.3348599798265,48.09898810438849],[-107.3348196584727,48.09898000646524],[-107.33467898072445,48.09911237411261],[-107.33471490084621,48.099169755688976],[-107.33492958952233,48.099053676535384],[-107.33492948381219,48.099049246327915],[-107.33492902453798,48.09904034635915],[-107.33489493293271,48.099023168764]]]]}"
000000000000000007c0,9388,0,0,0,"{""type"":""Polygon"",""coordinates"":[[[-107.33473769515692,48.098937023854646],[-107.33458753275225,48.09900705018778],[-107.33459437214927,48.0990113717707],[-107.33460845317369,48.09902900175466],[-107.33462223359358,48.09903762915582],[-107.33462259118468,48.0990465448922],[-107.3346787734366,48.099107959663925],[-107.3348196584727,48.09898000646524],[-107.3348194065302,48.09897552094345],[-107.33473769515692,48.098937023854646]]]}"
000000000000000007e1,9389,0,0,0,"{""type"":""Polygon"",""coordinates"":[[[-107.33451001598975,48.0989148550534],[-107.33450450122126,48.09894176614423],[-107.33458753275225,48.09900705018778],[-107.33473769515692,48.098937023854646],[-107.33472412202187,48.09893281092017],[-107.33470901682661,48.098892950896065],[-107.33470815535351,48.09887506415864],[-107.33469422463688,48.09886193551843],[-107.334529717346,48.098910004129664],[-107.33451001598975,48.0989148550534]],[[-107.334529717346,48.098910004129664],[-107.33453737346717,48.098932141378846],[-107.33454324578554,48.09891414600631],[-107.334529717346,48.098910004129664]]]}"
000000000000000007c3,9390,0,0,0,"{""type"":""Polygon"",""coordinates"":[[[-107.33468717795573,48.09885319952759],[-107.33466422168117,48.09878663001386],[-107.33466999230886,48.09876865045018],[-107.33448614171357,48.098830485533114],[-107.3344935905264,48.09884820832552],[-107.33452165902834,48.09887888009361],[-107.33451001598975,48.0989148550534],[-107.334529717346,48.098910004129664],[-107.33469422463688,48.09886193551843],[-107.33468717795573,48.09885319952759]]]}"
000000000000000007d3,9391,0,0,0,"{""type"":""Polygon"",""coordinates"":[[[-107.33441546492924,48.09874261218554],[-107.33442358010248,48.098773649303396],[-107.33447890017321,48.098817177170794],[-107.33448614171357,48.098830485533114],[-107.33466999230886,48.09876865045018],[-107.3346883688372,48.098732566948726],[-107.3346876536135,48.098714735585645],[-107.33470011325873,48.09869657633319],[-107.33469950371418,48.09868317515966],[-107.33441546492924,48.09874261218554]],[[-107.3346426348417,48.09875136421613],[-107.33462906179737,48.09874715128078],[-107.33463615307883,48.09875595834394],[-107.3346426348417,48.09875136421613]]]}"
000000000000000007e5,9392,0,0,0,"{""type"":""Polygon"",""coordinates"":[[[-107.3346856177029,48.09867011764904],[-107.33442334565672,48.09862180015064],[-107.33441546492924,48.09874261218554],[-107.33469950371418,48.09868317515966],[-107.334699296421,48.098678760747234],[-107.33469904449167,48.09867427525053],[-107.3346856177029,48.09867011764904]]]}"
000000000000000007bf,9393,0,0,0,"{""type"":""Polygon"",""coordinates"":[[[-107.33451195677233,48.09851732661218],[-107.3345054750465,48.09852192070976],[-107.33449200372613,48.09851769200605],[-107.33442758454203,48.09856817377773],[-107.33442334565672,48.09862180015064],[-107.3346856177029,48.09867011764904],[-107.33451195677233,48.09851732661218]]]}"
000000000000000007c1,9394,0,0,0,"{""type"":""Polygon"",""coordinates"":[[[-107.33466375077364,48.098482932124696],[-107.33457734289985,48.098489161598586],[-107.33451195677233,48.09851732661218],[-107.3346856177029,48.09867011764904],[-107.33469904449167,48.09867427525053],[-107.33469893880569,48.0986698450742],[-107.33467143514099,48.09865250355974],[-107.33471058158524,48.09863387026588],[-107.33475039454174,48.098628551269336],[-107.33466375077364,48.098482932124696]]]}"
000000000000000007bc,9395,1,0,0,"{""type"":""Polygon"",""coordinates"":[[[-107.33480971727661,48.09846660372877],[-107.33472315899785,48.09846833209069],[-107.33467686451439,48.09847824515998],[-107.33466375077364,48.098482932124696],[-107.33475039454174,48.098628551269336],[-107.33475702660459,48.09862845840246],[-107.33482383942066,48.098631509868774],[-107.33480971727661,48.09846660372877]]]}"
000000000000000007c2,9396,0,0,0,"{""type"":""Polygon"",""coordinates"":[[[-107.33492960676688,48.09846415035393],[-107.334889850905,48.09846938255602],[-107.33480971727661,48.09846660372877],[-107.33482383942066,48.098631509868774],[-107.33492132541679,48.09857597528573],[-107.33494781726979,48.098570928818326],[-107.3349680224047,48.09857504881234],[-107.33492960676688,48.09846415035393]]]}"
000000000000000007c6,9397,0,0,0,"{""type"":""Polygon"",""coordinates"":[[[-107.335007956154,48.09842679684261],[-107.33499585441089,48.09845387166825],[-107.33492960676688,48.09846415035393],[-107.3349680224047,48.09857504881234],[-107.33497460983686,48.09857488484598],[-107.335040857702,48.098564606101924],[-107.33510685359892,48.09854984183009],[-107.33512078441976,48.098562970329695],[-107.33514681696188,48.09854902392492],[-107.33517345921277,48.09854847864534],[-107.335007956154,48.09842679684261]]]}"
000000000000000007b8,9398,0,0,0,"{""type"":""Polygon"",""coordinates"":[[[-107.33500424120483,48.09834647714451],[-107.33500367617799,48.098333147149305],[-107.33497642447593,48.09832029129795],[-107.33500749685301,48.09841789698039],[-107.335007956154,48.09842679684261],[-107.33517345921277,48.09854847864534],[-107.335219904297,48.09854306656487],[-107.33523924776607,48.098529299889364],[-107.33531197735583,48.09851442682003],[-107.33533800984604,48.09850048037756],[-107.33537113379401,48.098495340892356],[-107.33504445627916,48.09835014475853],[-107.33503138721429,48.09835490284513],[-107.33502490554535,48.09835949696216],[-107.33500424120483,48.09834647714451]],[[-107.33502490554535,48.09835949696216],[-107.33503220422286,48.09837271831405],[-107.33504506595715,48.09836354584149],[-107.33502490554535,48.09835949696216]]]}"
000000000000000007bd,9399,0,0,0,"{""type"":""MultiPolygon"",""coordinates"":[[[[-107.33497627411685,48.098315790068696],[-107.33497642447593,48.09832029129795],[-107.33500367617799,48.098333147149305],[-107.33500270881989,48.09831083046454],[-107.33497627411685,48.098315790068696]]],[[[-107.33542947300964,48.098458439439916],[-107.335147662959,48.09827211386475],[-107.33512198834532,48.098294975794566],[-107.33508141557333,48.09828239261318],[-107.33510724056642,48.098264031923414],[-107.33511347023052,48.09825495235129],[-107.33509953951753,48.09824182392489],[-107.33509391955147,48.098264304550646],[-107.33506018619093,48.0982560428519],[-107.33507208047554,48.098224553750875],[-107.33504447109824,48.09820278235462],[-107.3350384487694,48.098216276284624],[-107.33500593481713,48.098234816669894],[-107.33501394886275,48.09826586919035],[-107.33500893851124,48.09830175089042],[-107.33502813151249,48.098283483097084],[-107.33506140556226,48.09828284497261],[-107.33505559056127,48.09830075330289],[-107.33506303961252,48.09831847586624],[-107.33505741961038,48.09834095652359],[-107.33504445627916,48.09835014475853],[-107.33537113379401,48.098495340892356],[-107.33537776587748,48.09849524798225],[-107.3354171194846,48.098481028853016],[-107.33543069264361,48.09848524165256],[-107.33544376176317,48.098480483498335],[-107.33544340396357,48.09847156786641],[-107.33542947300964,48.098458439439916]]]]}"
000000000000000007a6,9400,0,0,0,"{""type"":""MultiPolygon"",""coordinates"":[[[[-107.33509953951753,48.09824182392489],[-107.33511347023052,48.09825495235129],[-107.3351196998918,48.098245872780396],[-107.3350991817982,48.098232908330175],[-107.33509953951753,48.09824182392489]]],[[[-107.3350991817982,48.098232908330175],[-107.33509857209766,48.09821950728146],[-107.33507071072229,48.09819325044204],[-107.33504386141718,48.09818938131277],[-107.33504447109824,48.09820278235462],[-107.33507208047554,48.098224553750875],[-107.3350991817982,48.098232908330175]]],[[[-107.33529863928416,48.098219903127635],[-107.33528546865574,48.09822467700112],[-107.33525255233539,48.09823423079524],[-107.3352004877211,48.09826212347971],[-107.33517384566798,48.098262668758814],[-107.3351605246441,48.09826294139552],[-107.335147662959,48.09827211386475],[-107.33542947300964,48.098458439439916],[-107.33529863928416,48.098219903127635]]]]}"
000000000000000007b9,9401,0,0,0,"{""type"":""Polygon"",""coordinates"":[[[-107.33544410145194,48.098194602951196],[-107.33539081731193,48.09819569363684],[-107.33535131361322,48.09820541145202],[-107.33532467155813,48.098205956772496],[-107.33529863928416,48.098219903127635],[-107.33542947300964,48.098458439439916],[-107.33544340396357,48.09847156786641],[-107.3354508350934,48.098194494272526],[-107.33544410145194,48.098194602951196]]]}"
000000000000000007b1,9402,0,0,0,"{""type"":""Polygon"",""coordinates"":[[[-107.33559067762212,48.09819167449294],[-107.33554408241358,48.09819258549302],[-107.3354974302581,48.09819358331884],[-107.33547747717596,48.098193948916425],[-107.3354508350934,48.098194494272526],[-107.33544340396357,48.09847156786641],[-107.33544376176317,48.098480483498335],[-107.3354700462428,48.098471022504505],[-107.33548347316723,48.098475179976944],[-107.335510009675,48.098470204447445],[-107.33560384824413,48.0981869005807],[-107.33559067762212,48.09819167449294]]]}"
000000000000000007b4,9403,0,0,0,"{""type"":""Polygon"",""coordinates"":[[[-107.33570250790142,48.09815809666754],[-107.33568316471069,48.09817186333211],[-107.33566984364737,48.09817213604012],[-107.33560384824413,48.0981869005807],[-107.335510009675,48.098470204447445],[-107.33556977593821,48.098464519515325],[-107.33565669283853,48.09847170599805],[-107.33570926179571,48.09845278389139],[-107.33571547109364,48.09814890838077],[-107.33570250790142,48.09815809666754]]]}"
000000000000000007c5,9404,0,0,0,"{""type"":""Polygon"",""coordinates"":[[[-107.33580106168878,48.09812486254418],[-107.33574655756549,48.09809915141036],[-107.33573395227074,48.098117255259304],[-107.33572149320912,48.09813541443097],[-107.33572195268796,48.09814431423738],[-107.33571547109364,48.09814890838077],[-107.33570926179571,48.09845278389139],[-107.33574861537527,48.09843856463831],[-107.33576147706027,48.098429392059394],[-107.33578771687645,48.09841985990458],[-107.33587943186033,48.09838230407357],[-107.33580106168878,48.09812486254418]],[[-107.33580187907906,48.09814267791881],[-107.33578161692526,48.0981386449847],[-107.33578870846956,48.09814745185392],[-107.33580187907906,48.09814267791881]]]}"
000000000000000007ad,9405,0,0,0,"{""type"":""Polygon"",""coordinates"":[[[-107.33590293402938,48.098167406801224],[-107.3358892550237,48.0981587639662],[-107.33588277343522,48.098163358122015],[-107.33585552128032,48.09815050257357],[-107.33585531384382,48.09814608821205],[-107.33580764909864,48.09812469852256],[-107.33580106168878,48.09812486254418],[-107.33587943186033,48.09838230407357],[-107.33591291374219,48.09838608002364],[-107.33599764284044,48.09834414735781],[-107.33602994930331,48.09832119222317],[-107.33590293402938,48.098167406801224]],[[-107.33585071915573,48.09819079858363],[-107.33588374133579,48.09818567472146],[-107.33586970442325,48.098168116304606],[-107.33585071915573,48.09819079858363]],[[-107.33585071915573,48.09819079858363],[-107.33583754852765,48.09819557253028],[-107.33584509960716,48.09821327922098],[-107.33585071915573,48.09819079858363]]]}"
00000000000000000748,9406,0,0,0,"{""type"":""Polygon"",""coordinates"":[[[-107.33590293402938,48.098167406801224],[-107.33602994930331,48.09832119222317],[-107.33608849546786,48.09828870487728],[-107.33616051323128,48.09826044595878],[-107.33615224601604,48.09822490811435],[-107.33616398900324,48.09818891770384],[-107.33617021846858,48.09817983808108],[-107.33590293402938,48.098167406801224]]]}"
00000000000000000757,9407,0,1,0,"{""type"":""Polygon"",""coordinates"":[[[-107.33617445480371,48.098126212147015],[-107.33616614295146,48.09809060331147],[-107.33615149580255,48.09805964398013],[-107.33580764909864,48.09812469852256],[-107.33585531384382,48.09814608821205],[-107.33587450652286,48.09812782031164],[-107.33589491917523,48.0981363544338],[-107.3358892550237,48.0981587639662],[-107.33590293402938,48.098167406801224],[-107.33617021846858,48.09817983808108],[-107.33619532718686,48.098143646002704],[-107.33617445480371,48.098126212147015]]]}"
000000000000000007b6,9408,0,0,0,"{""type"":""Polygon"",""coordinates"":[[[-107.33613001341033,48.09802880915716],[-107.33612296641688,48.09802007341835],[-107.33610301329472,48.0980204391459],[-107.33610781511874,48.09798014326156],[-107.33609352602761,48.0979580995207],[-107.33608643441853,48.097949292707426],[-107.33585108862287,48.09805235226446],[-107.3358780886283,48.09806072235454],[-107.33589288175027,48.09809173705269],[-107.33581832286126,48.098066407422515],[-107.33583980493897,48.09809724234538],[-107.33584016284073,48.098106157909676],[-107.33578687860359,48.098107248816035],[-107.33577355754878,48.09810752153788],[-107.33574655756549,48.09809915141036],[-107.33580106168878,48.09812486254418],[-107.33580764909864,48.09812469852256],[-107.33615149580255,48.09805964398013],[-107.33614440415828,48.09805083715502],[-107.33615042612756,48.09803734320719],[-107.33613001341033,48.09802880915716]]]}"
000000000000000007b7,9409,0,0,0,"{""type"":""Polygon"",""coordinates"":[[[-107.33605897481793,48.09793202292642],[-107.33602402107996,48.097896959719804],[-107.33599053958022,48.097893183834],[-107.33597134706612,48.097911451671834],[-107.33595731018866,48.0978938933586],[-107.33574223101064,48.09800543130038],[-107.33581030809837,48.09803535510543],[-107.33585108862287,48.09805235226446],[-107.33608643441853,48.097949292707426],[-107.33605897481793,48.09793202292642]],[[-107.33604550329405,48.097927794493636],[-107.33601176966123,48.0979195331895],[-107.33601921918968,48.09793725553781],[-107.33604550329405,48.097927794493636]],[[-107.33604626384141,48.097945696644956],[-107.33602631077554,48.09794606235461],[-107.33603340236509,48.09795486917229],[-107.33604626384141,48.097945696644956]]]}"
000000000000000007a9,9410,0,0,0,"{""type"":""Polygon"",""coordinates"":[[[-107.33593643810052,48.097876459526546],[-107.33589586512593,48.09786387679519],[-107.33588157623173,48.097841833066546],[-107.33585432430164,48.097828977590765],[-107.3356332679941,48.09795408013257],[-107.33566097933374,48.097975835481705],[-107.33574223101064,48.09800543130038],[-107.33595731018866,48.0978938933586],[-107.33593643810052,48.097876459526546]]]}"
000000000000000007b2,9411,0,0,0,"{""type"":""Polygon"",""coordinates"":[[[-107.3358399338443,48.09780694963506],[-107.33582625498676,48.09779830684661],[-107.33579839315644,48.09777205044077],[-107.33577762284769,48.097754600844674],[-107.33556340632889,48.097884024443545],[-107.33559126799604,48.09791028097781],[-107.33560601614712,48.09794122455663],[-107.33562642857879,48.097949758711216],[-107.3356332679941,48.09795408013257],[-107.33585432430164,48.097828977590765],[-107.3358399338443,48.09780694963506]]]}"
000000000000000007ab,9412,0,0,0,"{""type"":""Polygon"",""coordinates"":[[[-107.33575675095702,48.09773716701473],[-107.33574271427172,48.09771960872349],[-107.3357288892387,48.097710910616414],[-107.3357152104569,48.097702267826016],[-107.33570153168336,48.09769362503488],[-107.33569459069447,48.09768931940439],[-107.33567443042351,48.09768527071004],[-107.33553289783427,48.097799749815884],[-107.33553411757127,48.097826551688414],[-107.33553554470782,48.097857767913155],[-107.33556340632889,48.097884024443545],[-107.33577762284769,48.097754600844674],[-107.33575675095702,48.09773716701473]]]}"
000000000000000007a7,9413,0,0,0,"{""type"":""Polygon"",""coordinates"":[[[-107.33564753659829,48.097681330701434],[-107.33563182072021,48.09762807090325],[-107.3354414494174,48.09769442934924],[-107.33546247148875,48.09771636441489],[-107.33547660960204,48.09773390698544],[-107.33553289783427,48.097799749815884],[-107.33567443042351,48.09768527071004],[-107.33564753659829,48.097681330701434]]]}"
000000000000000007a4,9414,0,0,0,"{""type"":""Polygon"",""coordinates"":[[[-107.33561702800351,48.09759705642837],[-107.33560177165437,48.097552696416095],[-107.33557553247924,48.09756222834635],[-107.33556864850527,48.097557835868436],[-107.33538409232378,48.09760628597809],[-107.3354051143034,48.09762822102182],[-107.33542032159235,48.09766806419885],[-107.3354414494174,48.09769442934924],[-107.33563182072021,48.09762807090325],[-107.33563167027496,48.09762356973654],[-107.33561702800351,48.09759705642837]]]}"
000000000000000007bb,9415,0,0,0,"{""type"":""Polygon"",""coordinates"":[[[-107.33553195538578,48.09748271230294],[-107.33553145130833,48.09747374152417],[-107.33533367640503,48.09752244835894],[-107.33536235478573,48.097566519979246],[-107.33538409232378,48.09760628597809],[-107.33556864850527,48.097557835868436],[-107.33555486823306,48.09754920884262],[-107.33556053243433,48.097526799588834],[-107.33554680914362,48.097518085718804],[-107.33558641373412,48.09750835220319],[-107.3355986651917,48.0974857789636],[-107.33553915254024,48.09749594915853],[-107.33553195538578,48.09748271230294]],[[-107.33553915254024,48.09749594915853],[-107.33552603914066,48.09750063614485],[-107.33553292309642,48.097505028621484],[-107.33553915254024,48.09749594915853]]]}"
000000000000000007ba,9416,0,0,0,"{""type"":""Polygon"",""coordinates"":[[[-107.33550159763989,48.09740293944922],[-107.33550119517328,48.097393952918694],[-107.3353159243091,48.097424571813264],[-107.33533082244469,48.0974600163127],[-107.33529131955738,48.09746973394645],[-107.33526968797196,48.0974343980943],[-107.33520344204464,48.09744467672604],[-107.33520384443732,48.09745366326837],[-107.33523115265136,48.097466432006975],[-107.33530499809606,48.09747837676521],[-107.33530545748121,48.09748727646463],[-107.33531913603137,48.097495919283986],[-107.33533367640503,48.09752244835894],[-107.33553145130833,48.09747374152417],[-107.33553711550606,48.097451332304054],[-107.33550159763989,48.09740293944922]]]}"
000000000000000007be,9417,0,1,0,"{""type"":""MultiPolygon"",""coordinates"":[[[[-107.33532441127626,48.09731716363799],[-107.3353177224392,48.09731734338422],[-107.33531747042596,48.097312858007555],[-107.33528398978142,48.097309081895354],[-107.33529812764739,48.09732662436243],[-107.33526622433278,48.097358565322374],[-107.33529368292673,48.09737583516735],[-107.3353159243091,48.097424571813264],[-107.33550119517328,48.097393952918694],[-107.3355008373434,48.09738503747223],[-107.3355325331625,48.09734868212444],[-107.33532441127626,48.09731716363799]]],[[[-107.33526264134635,48.097425662381816],[-107.33522890862582,48.09741740085811],[-107.33520727714006,48.097382065024576],[-107.33518650744438,48.09736461541447],[-107.33517175989041,48.09733367209574],[-107.33509709781144,48.0973039121465],[-107.33503565495778,48.09727389531303],[-107.33496200522205,48.09726652259732],[-107.3349426624146,48.09728028886908],[-107.33505126403963,48.097322724815605],[-107.33506544639938,48.09734033840784],[-107.33513322464086,48.09736570590581],[-107.3351619026183,48.097409777464755],[-107.33518221296386,48.09741832740446],[-107.33520344204464,48.09744467672604],[-107.33526968797196,48.0974343980943],[-107.33526264134635,48.097425662381816]]]]}"
000000000000000007a5,9418,0,0,0,"{""type"":""MultiPolygon"",""coordinates"":[[[[-107.33528180264075,48.09725996404953],[-107.3352615411317,48.09725593105695],[-107.33527005930152,48.09729595372427],[-107.33528398978142,48.097309081895354],[-107.33531747042596,48.097312858007555],[-107.33528180264075,48.09725996404953]]],[[[-107.33549655595414,48.0972913896946],[-107.33550829910216,48.097255400000094],[-107.3353130390869,48.09721470920572],[-107.33532130529807,48.09725024646437],[-107.335301962555,48.09726401280269],[-107.3353508453127,48.0973122040491],[-107.33532441127626,48.09731716363799],[-107.3355325331625,48.09734868212444],[-107.33555795488633,48.09732133514217],[-107.33549655595414,48.0972913896946]]]]}"
000000000000000007a3,9419,0,0,0,"{""type"":""GeometryCollection"",""geometries"":[{""type"":""LineString"",""coordinates"":[[-107.3349700893763,48.09700280734827],[-107.33498361417382,48.097006998780934],[-107.33504437470619,48.09702362906858]]},{""type"":""LineString"",""coordinates"":[[-107.33485522975909,48.09696941124413],[-107.33486209322383,48.096973738107174],[-107.33489560195183,48.096977523299806]]},{""type"":""Polygon"",""coordinates"":[[[-107.33504440894781,48.09702361373585],[-107.33509268122539,48.097058404160286],[-107.33512003787534,48.09707568972941],[-107.3351341755608,48.09709323214728],[-107.33515458733163,48.097101766281284],[-107.33516167850554,48.097110573032374],[-107.33518913684777,48.09712784283213],[-107.33520321762647,48.09714547210266],[-107.33523740946382,48.097162633244174],[-107.33519862243547,48.09719018160383],[-107.33525230743233,48.097198077583236],[-107.33531288867727,48.09721020807305],[-107.3353130390869,48.09721470920572],[-107.33550829910216,48.097255400000094],[-107.3355141706669,48.09723740516179],[-107.33557261353869,48.097204934609195],[-107.33558521853463,48.097186831103556],[-107.33504440894781,48.09702361373585]]]}]}"
000000000000000007a8,9420,0,0,0,"{""type"":""Polygon"",""coordinates"":[[[-107.33536475741028,48.097030542573485],[-107.33535827600579,48.097035136590485],[-107.33535802398598,48.09703065123819],[-107.33532429155737,48.09702238980278],[-107.3353245435731,48.09702687515455],[-107.33529167297526,48.09703649979875],[-107.33530075631643,48.09708985196696],[-107.33527350528763,48.097076996487324],[-107.33525911551241,48.097054968742576],[-107.33524497776102,48.097037426357595],[-107.33521757640544,48.0970200697563],[-107.33519614015816,48.09698930637836],[-107.33497373339792,48.09693574379188],[-107.33485481610141,48.096960513130696],[-107.33485527538292,48.09696941274714],[-107.3348955946272,48.096977510398915],[-107.33491575426265,48.09698155921858],[-107.33497010537975,48.097002769227906],[-107.33504440894781,48.09702361373585],[-107.33558521853463,48.097186831103556],[-107.33562937283149,48.097132317062446],[-107.33569515890645,48.09711313857378],[-107.33536475741028,48.097030542573485]],[[-107.33538573444746,48.0970524063066],[-107.33537220644236,48.09704826468463],[-107.33537256424594,48.09705718007507],[-107.33538573444746,48.0970524063066]],[[-107.33538659630051,48.09707029240749],[-107.33537302365275,48.097066079702245],[-107.33537363347773,48.0970794804517],[-107.33538659630051,48.09707029240749]]]}"
000000000000000007aa,9421,0,0,0,"{""type"":""GeometryCollection"",""geometries"":[{""type"":""LineString"",""coordinates"":[[-107.3358998547153,48.09706876311518],[-107.335906718279,48.09707308991406],[-107.33591337960195,48.0970729544368]]},{""type"":""LineString"",""coordinates"":[[-107.33582577122836,48.097052404231164],[-107.3358459574261,48.09705646008835]]},{""type"":""Polygon"",""coordinates"":[[[-107.33518854083707,48.09696708315833],[-107.33514776205503,48.09695008602458],[-107.33507345848592,48.096929241625936],[-107.33505932089301,48.09691169925156],[-107.33497373339792,48.09693574379188],[-107.33519614015816,48.09698930637836],[-107.33518854083707,48.09696708315833]]]},{""type"":""Polygon"",""coordinates"":[[[-107.33545009321938,48.09700201228266],[-107.33542345199962,48.09700255759688],[-107.33541743002161,48.09701605123337],[-107.3354041094104,48.09701632388697],[-107.33536475741028,48.097030542573485],[-107.33569515890645,48.09711313857378],[-107.33576702381943,48.09708037952443],[-107.33582571845233,48.097052394273916],[-107.33578514643509,48.09703981166887],[-107.33576584851785,48.09705364912274],[-107.33574640434935,48.097067431259866],[-107.33568735180413,48.097086501076845],[-107.33564677986033,48.097073918403204],[-107.33571109386963,48.09702345310469],[-107.33536053328596,48.09693680856769],[-107.33534960734762,48.09699061301797],[-107.3353370469825,48.097008787507214],[-107.33532429155737,48.09702238980278],[-107.33535802398598,48.09703065123819],[-107.3353630783595,48.09699484148606],[-107.33544887351005,48.09697521082919],[-107.33545009321938,48.09700201228266]],[[-107.33546204368291,48.09697043705842],[-107.33545510286656,48.09696613146551],[-107.33544887351005,48.09697521082919],[-107.33546204368291,48.09697043705842]]]}]}"
000000000000000007a2,9422,0,0,0,"{""type"":""MultiPolygon"",""coordinates"":[[[[-107.33544383191156,48.096863661978205],[-107.3354376025728,48.09687274132297],[-107.33541131926495,48.09688220199022],[-107.3353858531721,48.09690947761621],[-107.33535982186001,48.09692342361924],[-107.33536053328596,48.09693680856769],[-107.33571109386963,48.09702345310469],[-107.3357173678266,48.09701444479847],[-107.33574805065975,48.09695570247763],[-107.33576724269457,48.09693743502914],[-107.33544383191156,48.096863661978205]]],[[[-107.33602313327417,48.09699477153917],[-107.33600276579999,48.09698630869782],[-107.33599026262984,48.09700439641815],[-107.33597092012687,48.09701816282087],[-107.33595152064717,48.09703201607077],[-107.33590528464809,48.097041842576246],[-107.33578514643509,48.09703981166887],[-107.3358459800416,48.097056427129615],[-107.33588609259233,48.09706011008922],[-107.33589987282282,48.097068736988135],[-107.33591334400735,48.09707296538082],[-107.33595233814059,48.09704983107075],[-107.33603828417458,48.097034700970156],[-107.33602313327417,48.09699477153917]]]]}"
000000000000000007b0,9423,0,1,0,"{""type"":""MultiPolygon"",""coordinates"":[[[[-107.33577552071094,48.09682561359807],[-107.33558173388973,48.09681621033138],[-107.33558229916002,48.09682953993194],[-107.33556310713514,48.09684780730563],[-107.33550237578113,48.09683117595009],[-107.33545690044063,48.0968589039841],[-107.33544383191156,48.096863661978205],[-107.33576724269457,48.09693743502914],[-107.33577351662524,48.096928426734664],[-107.33578439733803,48.09687455123306],[-107.33577552071094,48.09682561359807]]],[[[-107.33615624425005,48.096840255556124],[-107.33613786996645,48.09687633798166],[-107.33611832008098,48.096885690124225],[-107.33610617497412,48.09691269318153],[-107.3360802942263,48.09693114048421],[-107.33607402034788,48.0969401487979],[-107.33600909666546,48.0969772135332],[-107.33600276579999,48.09698630869782],[-107.33602313327417,48.09699477153917],[-107.33602256784677,48.09698144190326],[-107.33610836324955,48.09696181065492],[-107.33612107383891,48.09694813719417],[-107.33614062375871,48.09693878503905],[-107.33614531940765,48.09689405997032],[-107.33618947276884,48.096839545998975],[-107.33615624425005,48.096840255556124]]]]}"
000000000000000007af,9424,0,0,0,"{""type"":""MultiPolygon"",""coordinates"":[[[[-107.33576557461956,48.096754375770104],[-107.3357639967646,48.09671865912271],[-107.33576256937833,48.09668744358486],[-107.33576231730672,48.096682958264644],[-107.33553933263818,48.09676342564987],[-107.33556658362122,48.09677628097835],[-107.33558173388973,48.09681621033138],[-107.33577552071094,48.09682561359807],[-107.33576557461956,48.096754375770104]]],[[[-107.33619896977264,48.096754526075856],[-107.3361671244164,48.09678638011543],[-107.33617457386038,48.09680410207139],[-107.33615624425005,48.096840255556124],[-107.33618947276884,48.096839545998975],[-107.33619620621856,48.096839437275634],[-107.3362007555379,48.09679465697526],[-107.3361937656914,48.09678583459543],[-107.3362124978912,48.096758667555136],[-107.33621851958317,48.09674517394212],[-107.33619896977264,48.096754526075856]]]]}"
000000000000000007a1,9425,0,0,0,"{""type"":""Polygon"",""coordinates"":[[[-107.33572092833825,48.09665256083434],[-107.33570663996692,48.09663051757484],[-107.33567903110954,48.096608747008965],[-107.33567148037015,48.09659104083757],[-107.33565841193477,48.09659579883428],[-107.33566525112357,48.09660012014767],[-107.33565254056342,48.09661379345664],[-107.33564544931706,48.096604986827],[-107.33544359251208,48.09671181847656],[-107.33551065451239,48.09671935475002],[-107.3355116222372,48.09674167074403],[-107.33553933263818,48.09676342564987],[-107.33576231730672,48.096682958264644],[-107.33572092833825,48.09665256083434]],[[-107.33567974687932,48.09662657763569],[-107.33565937975419,48.096618114771886],[-107.33566703631239,48.096640250953634],[-107.33567974687932,48.09662657763569]]]}"
000000000000000007fc,9426,0,0,0,"{""type"":""Polygon"",""coordinates"":[[[-107.33557078786642,48.09657522764361],[-107.3355701779587,48.09656182702619],[-107.33552939925366,48.09654483018396],[-107.33554089001919,48.09650435569946],[-107.335540280121,48.0964909550997],[-107.33551389128434,48.09649598573027],[-107.33549327226349,48.096483037543976],[-107.33539638939176,48.09669932867522],[-107.33543027200629,48.09671209112954],[-107.33544359251208,48.09671181847656],[-107.33564544931706,48.096604986827],[-107.33564483938258,48.09659158620315],[-107.33565841193477,48.09659579883428],[-107.33567148037015,48.09659104083757],[-107.33566464118172,48.09658671952537],[-107.33565096281103,48.0965780769004],[-107.33565010081549,48.096560190973165],[-107.33562284992875,48.09654733571887],[-107.33558830043854,48.09652125961191],[-107.33556778296341,48.096508295672024],[-107.33556860028388,48.096526110501976],[-107.33556921019175,48.09653951111029],[-107.33561013937906,48.0965610090082],[-107.33560452004747,48.09658348892824],[-107.33557078786642,48.09657522764361]],[[-107.33560452004747,48.09658348892824],[-107.33561171709252,48.09659672555449],[-107.33561804794988,48.096587630483384],[-107.33560452004747,48.09658348892824]],[[-107.33553684830439,48.096562552117916],[-107.33552337739805,48.09655832370638],[-107.33553057440378,48.09657156033337],[-107.33553684830439,48.096562552117916]]]}"
000000000000000007a0,9427,0,0,0,"{""type"":""Polygon"",""coordinates"":[[[-107.33539497506533,48.096520755504194],[-107.33534072572563,48.096499530161374],[-107.33528778870081,48.09665689359965],[-107.33536229942628,48.09668215197035],[-107.33539638939176,48.09669932867522],[-107.33549327226349,48.096483037543976],[-107.33545918240426,48.0964658609416],[-107.33544667924664,48.09648394841145],[-107.33540732782787,48.09649816695653],[-107.33543493636716,48.09651993756287],[-107.33544223493014,48.0965331584233],[-107.33539497506533,48.096520755504194]],[[-107.33544223493014,48.0965331584233],[-107.33544943189652,48.09654639505104],[-107.33545570580623,48.096537386844986],[-107.33544223493014,48.0965331584233]]]}"
000000000000000007b3,9428,0,0,0,"{""type"":""MultiPolygon"",""coordinates"":[[[[-107.33532690127251,48.096490832183726],[-107.33513739784334,48.09657507436891],[-107.33515132801212,48.09658820238693],[-107.33518541771834,48.096605379142645],[-107.33523368970141,48.09664016922648],[-107.33528778870081,48.09665689359965],[-107.33534072572563,48.096499530161374],[-107.33532690127251,48.096490832183726]]],[[[-107.33499650895443,48.096850380091695],[-107.33497589004902,48.096837431703825],[-107.33490689363944,48.096785262947314],[-107.3347066847037,48.096780364978024],[-107.33465472784152,48.096812686560774],[-107.33471111447967,48.09687851303572],[-107.33484797700667,48.09695619172746],[-107.33485481610141,48.096960513130696],[-107.33497373339792,48.09693574379188],[-107.33505932089301,48.09691169925156],[-107.33499650895443,48.096850380091695]]]]}"
0000000000000000079c,9429,0,0,0,"{""type"":""MultiPolygon"",""coordinates"":[[[[-107.33527745436068,48.09642931214644],[-107.33531057642192,48.09642417293276],[-107.3353170577147,48.09641957897527],[-107.33527745436068,48.09642931214644]]],[[[-107.33532690127251,48.096490832183726],[-107.33532679549056,48.09648640219472],[-107.33528597245125,48.09646933418435],[-107.33527265205474,48.0964696068114],[-107.3352378510032,48.09643904530315],[-107.33505386170735,48.09649637736263],[-107.33508187230535,48.09652713446275],[-107.33509600978499,48.096544676708206],[-107.33512346768607,48.09656194635185],[-107.33513739784334,48.09657507436891],[-107.33528754985306,48.09650505068152],[-107.33532690127251,48.096490832183726]],[[-107.33530709955618,48.096495698780764],[-107.33528035296372,48.09649181405009],[-107.33528754985306,48.09650505068152],[-107.33530709955618,48.096495698780764]]]]}"
00000000000000000793,9430,0,0,0,"{""type"":""Polygon"",""coordinates"":[[[-107.33534850070689,48.09637873908052],[-107.33499543831135,48.09638593560048],[-107.33499604801185,48.096399336181925],[-107.33499686505641,48.096417150986795],[-107.33504656331989,48.09648315647743],[-107.33505386170735,48.09649637736263],[-107.3352378510032,48.09643904530315],[-107.33523774523147,48.09643461531816],[-107.33527745436068,48.09642931214644],[-107.3353170577147,48.09641957897527],[-107.33532353900627,48.09641498501778],[-107.33533639998448,48.096405812867296],[-107.33534936255934,48.096396624952284],[-107.33535584384498,48.096392030994785],[-107.33534850070689,48.09637873908052]],[[-107.3353031275187,48.09640645102417],[-107.33528959976266,48.09640230943518],[-107.33528995755583,48.096411224716526],[-107.3353031275187,48.09640645102417]]]}"
00000000000000000792,9431,0,0,0,"{""type"":""Polygon"",""coordinates"":[[[-107.3353075719799,48.09635724113386],[-107.33530731996252,48.09635275583928],[-107.33501642886002,48.0962604422259],[-107.3350056043661,48.09631423018381],[-107.33498018315713,48.096341576482104],[-107.33499386118834,48.09635021917245],[-107.33499482861085,48.09637253502246],[-107.33499543831135,48.09638593560048],[-107.33534850070689,48.09637873908052],[-107.33534829331998,48.09637432486558],[-107.3353075719799,48.09635724113386]]]}"
0000000000000000079e,9432,0,0,0,"{""type"":""Polygon"",""coordinates"":[[[-107.33500597623767,48.09617578875433],[-107.33499949497455,48.096180382668706],[-107.33500694367378,48.09619810452975],[-107.33497321219093,48.0961898430778],[-107.33495871719,48.09616338568387],[-107.33496111132177,48.096216916723556],[-107.33496805191186,48.096221222296535],[-107.33500092173288,48.09621159793242],[-107.33502194269344,48.096233532503426],[-107.33501642886002,48.0962604422259],[-107.33530731996252,48.09635275583928],[-107.33529364180978,48.09634411319631],[-107.33525945063823,48.096326952325455],[-107.33523184238723,48.096305181741286],[-107.33524996501369,48.09626461458551],[-107.33528956818307,48.0962548814609],[-107.33530227868893,48.09624120829489],[-107.33500597623767,48.09617578875433]]]}"
0000000000000000079d,9433,0,0,0,"{""type"":""MultiPolygon"",""coordinates"":[[[[-107.33494295820219,48.09611005619256],[-107.33494336054946,48.096119042508725],[-107.33496362134579,48.09612307549931],[-107.33496959864587,48.0961095110408],[-107.33494295820219,48.09611005619256]]],[[[-107.3353177991703,48.09614269598146],[-107.33503645177161,48.09611263340348],[-107.33504390048125,48.09613035523852],[-107.33502496068694,48.09615310753369],[-107.33502531841937,48.09616202277524],[-107.33500597623767,48.09617578875433],[-107.33530227868893,48.09624120829489],[-107.33532530500744,48.09616033095532],[-107.3353177991703,48.09614269598146]]]]}"
00000000000000000798,9434,0,0,0,"{""type"":""Polygon"",""coordinates"":[[[-107.33528596692773,48.09602719310177],[-107.33503563469945,48.09609481870297],[-107.33503584205042,48.096099232895995],[-107.33503624442068,48.096108219209334],[-107.33503645177161,48.09611263340348],[-107.3353177991703,48.09614269598146],[-107.33532387796942,48.09612911573401],[-107.33531657952264,48.09611589496333],[-107.33532796452596,48.09607099088052],[-107.33528596692773,48.09602719310177]]]}"
0000000000000000079a,9435,0,0,0,"{""type"":""MultiPolygon"",""coordinates"":[[[[-107.33494837045053,48.09608316231495],[-107.33494295820219,48.09611005619256],[-107.33496959864587,48.0961095110408],[-107.3349690335833,48.096096181614136],[-107.3349684238865,48.0960827811098],[-107.33496806616672,48.096073865881166],[-107.33496781418964,48.096069380608874],[-107.33494837045053,48.09608316231495]]],[[[-107.33527912791037,48.09602287180412],[-107.33525116623646,48.095996631846695],[-107.33521585742312,48.09595265436367],[-107.335221980849,48.095939145252764],[-107.33521488985075,48.09593033869814],[-107.33500695776524,48.096050748183394],[-107.3350350249782,48.09608141820002],[-107.33503563469945,48.09609481870297],[-107.33528596692773,48.09602719310177],[-107.33527912791037,48.09602287180412]]]]}"
00000000000000000796,9436,0,0,0,"{""type"":""Polygon"",""coordinates"":[[[-107.33519305172962,48.095890589668436],[-107.33517243320799,48.09587764154977],[-107.3351654438354,48.09586881923702],[-107.33514503270675,48.09586028528941],[-107.33513798638027,48.095851549822044],[-107.3348917282017,48.09600840598195],[-107.33492040493509,48.09605247650555],[-107.3349476550207,48.09606533185866],[-107.33494837045053,48.09608316231495],[-107.33496781418964,48.096069380608874],[-107.33495797138733,48.09599812791629],[-107.33500695776524,48.096050748183394],[-107.33521488985075,48.09593033869814],[-107.33519305172962,48.095890589668436]]]}"
00000000000000000790,9437,0,0,0,"{""type"":""MultiPolygon"",""coordinates"":[[[[-107.33518515684713,48.095716613113154],[-107.33517831790255,48.09571229183202],[-107.33514601365145,48.09573524548317],[-107.33519510168982,48.09578784962511],[-107.3352217419737,48.095787304410706],[-107.33518515684713,48.095716613113154]]],[[[-107.33511048432396,48.09583420932337],[-107.33506261587135,48.095808405943984],[-107.33504858025626,48.09579084816888],[-107.33482749140438,48.0959158726099],[-107.33482850337448,48.095938259360125],[-107.33482896266206,48.09594715880329],[-107.33487733906196,48.09598637861205],[-107.3348917282017,48.09600840598195],[-107.33513798638027,48.095851549822044],[-107.33511048432396,48.09583420932337]]]]}"
0000000000000000078f,9438,0,0,0,"{""type"":""MultiPolygon"",""coordinates"":[[[[-107.33516255868601,48.09565896284075],[-107.3351558701591,48.09565914256214],[-107.33510892058261,48.0956511380656],[-107.33508926973923,48.095660505527846],[-107.33511131497714,48.09570466857264],[-107.33514601365145,48.09573524548317],[-107.33517831790255,48.09571229183202],[-107.33516255868601,48.09565896284075]]],[[[-107.33504169669114,48.095786455790936],[-107.33502791723583,48.09577782895968],[-107.33497943924516,48.09573862514631],[-107.33496540370525,48.09572106738046],[-107.33474395754915,48.0958371762637],[-107.33474410790053,48.095841677281065],[-107.33475824494046,48.09585921935848],[-107.33482065249441,48.09591155128599],[-107.33482749140438,48.0959158726099],[-107.33504858025626,48.09579084816888],[-107.33504169669114,48.095786455790936]]]]}"
0000000000000000079b,9439,0,0,0,"{""type"":""MultiPolygon"",""coordinates"":[[[[-107.33492361439637,48.09568168386913],[-107.33492290310865,48.09566829923386],[-107.33490886762739,48.09565074148176],[-107.33469308616287,48.09574444162456],[-107.33470028267894,48.09575767812114],[-107.33470135154252,48.09577997796273],[-107.3347019611476,48.095793378393815],[-107.33474395754915,48.0958371762637],[-107.33496540370525,48.09572106738046],[-107.33492361439637,48.09568168386913]]],[[[-107.33509534850938,48.09564692542032],[-107.3349742484854,48.09562257786875],[-107.33493504841472,48.09564129696128],[-107.33496168851993,48.0956407518252],[-107.33498832863226,48.09564020668152],[-107.33500210802464,48.09564883349746],[-107.33501628979684,48.09566644655039],[-107.33504242596587,48.09565693091692],[-107.33505574603835,48.09565665833429],[-107.3350823861887,48.09565611316335],[-107.33508926973923,48.095660505527846],[-107.33510892058261,48.0956511380656],[-107.33509534850938,48.09564692542032]]]]}"
000000000000000007f0,9440,0,0,0,"{""type"":""Polygon"",""coordinates"":[[[-107.33496072109162,48.095618436285996],[-107.33489325923304,48.09560191349333],[-107.33468743705662,48.09561949490496],[-107.33466094738722,48.09562454096137],[-107.3346546735174,48.095633548957814],[-107.33464762738208,48.09562481348728],[-107.33463451468424,48.095629500166844],[-107.33465614464019,48.095664834989066],[-107.33467099687238,48.095700207354724],[-107.33469308616287,48.09574444162456],[-107.33490886762739,48.09565074148176],[-107.33490177677596,48.09564193494863],[-107.33493504841472,48.09564129696128],[-107.3349742484854,48.09562257786875],[-107.33496072109162,48.095618436285996]]]}"
000000000000000007ca,9441,0,0,0,"{""type"":""GeometryCollection"",""geometries"":[{""type"":""LineString"",""coordinates"":[[-107.33470735865136,48.09561910131573],[-107.33468740243632,48.09561950697443]]},{""type"":""Polygon"",""coordinates"":[[[-107.33470857822377,48.09549850441076],[-107.3346899516839,48.09553010041704],[-107.33467749325385,48.09554825854235],[-107.33466559977569,48.09557974596911],[-107.33470735865136,48.09561910131573],[-107.33470738858777,48.09561912952904],[-107.33489325923304,48.09560191349333],[-107.33470857822377,48.09549850441076]]]}]}"
0000000000000000078e,9442,0,0,0,"{""type"":""MultiPolygon"",""coordinates"":[[[[-107.33483841661103,48.09541993322948],[-107.33482642170142,48.0954514363586],[-107.33478023262559,48.09546133304801],[-107.33470857822377,48.09549850441076],[-107.33489325923304,48.09560191349333],[-107.33496072109162,48.095618436285996],[-107.33483841661103,48.09541993322948]]],[[[-107.3347452974857,48.095278916730365],[-107.33469702785719,48.095244127242815],[-107.33464722612374,48.095173693190844],[-107.33465167110498,48.09512448447303],[-107.33464483236482,48.09512016319741],[-107.33456369432238,48.09509499774783],[-107.33456380002566,48.09509942762229],[-107.33458649845491,48.09515706169197],[-107.33456057407093,48.09517543686235],[-107.33458864019013,48.09520610652611],[-107.33462394739746,48.0952500836556],[-107.33472044193347,48.09531959163298],[-107.33474105990457,48.095332539725206],[-107.33476856132863,48.095349880180194],[-107.33479555886625,48.095358250206935],[-107.3347452974857,48.095278916730365]]]]}"
0000000000000000078b,9443,0,0,0,"{""type"":""GeometryCollection"",""geometries"":[{""type"":""LineString"",""coordinates"":[[-107.3347521763319,48.09528321105844],[-107.33474531310648,48.095278884183806]]},{""type"":""Polygon"",""coordinates"":[[[-107.33464483236482,48.09512016319741],[-107.33465167110498,48.09512448447303],[-107.33465141916159,48.09511999928015],[-107.33464483236482,48.09512016319741]]]},{""type"":""Polygon"",""coordinates"":[[[-107.33507290093505,48.09559377619287],[-107.33502635387592,48.09559475788746],[-107.33505840603574,48.09556731911177],[-107.33493345489778,48.09531080100377],[-107.33489288542438,48.09529821837396],[-107.33483914645333,48.095290409246736],[-107.33478546450186,48.09528251324557],[-107.33475223787033,48.09528322224726],[-107.33479555886625,48.095358250206935],[-107.3348492978985,48.09536605936714],[-107.3348630201773,48.09537477300555],[-107.33489588921691,48.09536514885242],[-107.33491690966406,48.0953870831059],[-107.33484403610942,48.09539745384824],[-107.33483841661103,48.09541993322948],[-107.33496072109162,48.095618436285996],[-107.3349742484854,48.09562257786875],[-107.33509534850938,48.09564692542032],[-107.33507290093505,48.09559377619287]],[[-107.33495281318373,48.09559181523115],[-107.33495985940928,48.09560055067148],[-107.33497282172169,48.09559136295494],[-107.33495281318373,48.09559181523115]]]}]}"
00000000000000000791,9444,0,0,0,"{""type"":""GeometryCollection"",""geometries"":[{""type"":""LineString"",""coordinates"":[[-107.33493344095098,48.095310790906666],[-107.33493364309564,48.09531525318685]]},{""type"":""Polygon"",""coordinates"":[[[-107.33512641521538,48.0953023911195],[-107.33506604455879,48.09529467499576],[-107.33503701034897,48.095241690058494],[-107.33501037050871,48.095242235204644],[-107.33498530785097,48.09527849601682],[-107.33493366224157,48.095315215131286],[-107.33505840603574,48.09556731911177],[-107.33507147408567,48.09556256129983],[-107.33514358791473,48.09553428898867],[-107.33512641521538,48.0953023911195]]]},{""type"":""Polygon"",""coordinates"":[[[-107.3351419403021,48.095646014769144],[-107.33512163090023,48.09563746508552],[-107.33512786005639,48.09562838597949],[-107.33509366964817,48.09561122526407],[-107.33507963407834,48.0955936675583],[-107.33507290093505,48.09559377619287],[-107.33509534850938,48.09564692542032],[-107.33510892058261,48.0956511380656],[-107.3351558701591,48.09565914256214],[-107.3351419403021,48.095646014769144]]]}]}"
00000000000000000795,9445,0,0,0,"{""type"":""GeometryCollection"",""geometries"":[{""type"":""LineString"",""coordinates"":[[-107.33515590601272,48.09565911286674],[-107.33516256715662,48.09565897743597]]},{""type"":""Polygon"",""coordinates"":[[[-107.33519949610829,48.09529643430682],[-107.33516673287205,48.09531048844048],[-107.33515305513161,48.09530184593855],[-107.33512641521538,48.0953023911195],[-107.33514358791473,48.09553428898867],[-107.33515670058821,48.095529602248604],[-107.33519666072254,48.09552878445165],[-107.33521666927805,48.09552833212466],[-107.33529541458782,48.09549996683892],[-107.33521990696589,48.095304968158075],[-107.33521317386474,48.09530507680084],[-107.33519949610829,48.09529643430682]],[[-107.33521317386474,48.09530507680084],[-107.33519337280549,48.09530994324782],[-107.3352071967965,48.095318641060835],[-107.33521317386474,48.09530507680084]],[[-107.33517428313155,48.09532819423198],[-107.3351607557889,48.09532405269937],[-107.33516136557193,48.09533745300666],[-107.33517428313155,48.09532819423198]]]}]}"
00000000000000000794,9446,0,0,0,"{""type"":""Polygon"",""coordinates"":[[[-107.33532722705826,48.09532068855107],[-107.33525879766479,48.09528185071952],[-107.33525961486794,48.09529966513899],[-107.33521990696589,48.095304968158075],[-107.33529541458782,48.09549996683892],[-107.33530873463981,48.0954996942225],[-107.33538783772848,48.09548024399989],[-107.33542683018916,48.09545711064768],[-107.33532722705826,48.09532068855107]]]}"
00000000000000000797,9447,0,0,0,"{""type"":""Polygon"",""coordinates"":[[[-107.33532722705826,48.09532068855107],[-107.33542683018916,48.09545711064768],[-107.33543989820558,48.09545235279635],[-107.33545321826091,48.09545208016001],[-107.33551763096398,48.095401600859404],[-107.33555656634927,48.095378554336065],[-107.33556218545013,48.09535607494054],[-107.33532722705826,48.09532068855107]]]}"
00000000000000000786,9448,0,0,0,"{""type"":""Polygon"",""coordinates"":[[[-107.33525661040231,48.09523273477248],[-107.33525696820496,48.095241649855126],[-107.33525757802497,48.09525505013983],[-107.33525879766479,48.09528185071952],[-107.33532722705826,48.09532068855107],[-107.33556218545013,48.09535607494054],[-107.33556769872139,48.09532916566443],[-107.3355797988763,48.09530209241799],[-107.33558460058569,48.09526179864874],[-107.33525661040231,48.09523273477248]]]}"
00000000000000000789,9449,0,0,0,"{""type"":""Polygon"",""coordinates"":[[[-107.33533979918157,48.09515516087356],[-107.33524849492768,48.09520169982558],[-107.33525579319881,48.0952149203757],[-107.33525640301893,48.095228320653604],[-107.33525661040231,48.09523273477248],[-107.33558460058569,48.09526179864874],[-107.33558746662749,48.09517687423086],[-107.33559374024853,48.09516786625804],[-107.33533979918157,48.09515516087356]]]}"
00000000000000000773,9450,0,0,0,"{""type"":""MultiPolygon"",""coordinates"":[[[[-107.33558339212323,48.095087644513804],[-107.33556839282485,48.09505221740817],[-107.33535899031004,48.09513689415616],[-107.33533979918157,48.09515516087356],[-107.33559374024853,48.09516786625804],[-107.33560523037339,48.09512739284347],[-107.33558339212323,48.095087644513804]]],[[[-107.3359480945419,48.094897120826055],[-107.33572573090564,48.094990985836326],[-107.3358507696545,48.094957153229075],[-107.33589660039533,48.09493834110228],[-107.33592997335411,48.09493768702075],[-107.33600953503054,48.094927135776224],[-107.3360221432728,48.09491347864211],[-107.3359480945419,48.094897120826055]]]]}"
00000000000000000788,9451,0,0,0,"{""type"":""Polygon"",""coordinates"":[[[-107.33593462411035,48.09489289259435],[-107.33590838686808,48.0949024240838],[-107.33588833386851,48.09490280546588],[-107.3357696300482,48.094931988917786],[-107.33572308347485,48.09493297092588],[-107.33566929971627,48.09492509124298],[-107.33565597981939,48.094925363902576],[-107.33544250385955,48.09492081117087],[-107.3354345956615,48.09489419051681],[-107.33535899031004,48.09513689415616],[-107.33556839282485,48.09505221740817],[-107.33554103722051,48.09503493260651],[-107.33552725783298,48.095026305968766],[-107.335513535417,48.09501759248672],[-107.33553935789074,48.09499923288606],[-107.3355523199193,48.09499004520361],[-107.33561218639161,48.0949887906253],[-107.3356322393786,48.094988409300676],[-107.33569261004396,48.09499612502269],[-107.33572573090564,48.094990985836326],[-107.3359480945419,48.094897120826055],[-107.33593462411035,48.09489289259435]]]}"
0000000000000000078a,9452,0,0,0,"{""type"":""Polygon"",""coordinates"":[[[-107.33542750476981,48.094885384150466],[-107.33516338387771,48.09508728935216],[-107.33516374165987,48.09509620441097],[-107.3351978300807,48.09511338070685],[-107.33524849492768,48.09520169982558],[-107.33533979918157,48.09515516087356],[-107.33535899031004,48.09513689415616],[-107.3354345956615,48.09489419051681],[-107.33542750476981,48.094885384150466]]]}"
0000000000000000078c,9453,0,0,0,"{""type"":""MultiPolygon"",""coordinates"":[[[[-107.33507108100633,48.09496408839332],[-107.33516338387771,48.09508728935216],[-107.33542750476981,48.094885384150466],[-107.33542735432661,48.09488088321849],[-107.33507108100633,48.09496408839332]]],[[[-107.33463570558871,48.09506674185808],[-107.33456323508918,48.09508609844645],[-107.33456369432238,48.09509499774783],[-107.33464483236482,48.09512016319741],[-107.33465141916159,48.09511999928015],[-107.33464999264974,48.09508878465393],[-107.33463570558871,48.09506674185808]]]]}"
00000000000000000783,9454,0,0,0,"{""type"":""MultiPolygon"",""coordinates"":[[[[-107.33459310056028,48.09500954432344],[-107.33455217403926,48.09498804655893],[-107.33451915915107,48.09499761519871],[-107.33453319006931,48.09501072717054],[-107.33454844423211,48.0950550852609],[-107.33456298315647,48.09508161325635],[-107.33456323508918,48.09508609844645],[-107.33463570558871,48.09506674185808],[-107.33459310056028,48.09500954432344]]],[[[-107.33540591890619,48.09485012111973],[-107.33536738654838,48.09488215343539],[-107.33534682541188,48.09486911874899],[-107.33534600815449,48.094851304477714],[-107.33531936850686,48.09485184970078],[-107.33529272886638,48.09485239491626],[-107.335304369576,48.09481642270361],[-107.33501393592677,48.09488036335597],[-107.33507108100633,48.09496408839332],[-107.33542735432661,48.09488088321849],[-107.33540591890619,48.09485012111973]]]]}"
00000000000000000784,9455,0,0,0,"{""type"":""Polygon"",""coordinates"":[[[-107.33521338789849,48.094720007046895],[-107.33499092374073,48.094813885772965],[-107.33501215134463,48.09484023386749],[-107.33500663781464,48.09486714286764],[-107.33500709715882,48.09487604212697],[-107.33501393592677,48.09488036335597],[-107.335304369576,48.09481642270361],[-107.33531070013922,48.094807327968624],[-107.33534959026942,48.09478421072678],[-107.33521338789849,48.094720007046895]]]}"
0000000000000000078d,9456,0,0,0,"{""type"":""MultiPolygon"",""coordinates"":[[[[-107.33453835041729,48.09497934869688],[-107.334510995656,48.09496206360395],[-107.33446373853407,48.09494966052736],[-107.33451915915107,48.09499761519871],[-107.33455217403926,48.09498804655893],[-107.33453835041729,48.09497934869688]]],[[[-107.33517787282328,48.09467161651848],[-107.33515771432569,48.094667567903166],[-107.33495945107984,48.09470730065566],[-107.33496750925812,48.09473842218598],[-107.33494831824696,48.09475668868342],[-107.33499092374073,48.094813885772965],[-107.33521338789849,48.094720007046895],[-107.33517787282328,48.09467161651848]]]]}"
00000000000000000780,9457,0,0,0,"{""type"":""Polygon"",""coordinates"":[[[-107.33513644203703,48.09464114884977],[-107.33499411763984,48.094590453752794],[-107.3349689050858,48.094622213186184],[-107.33495909334164,48.094698385661],[-107.33495945107984,48.09470730065566],[-107.33515771432569,48.094667567903166],[-107.33513644203703,48.09464114884977]]]}"
0000000000000000077a,9458,0,0,0,"{""type"":""Polygon"",""coordinates"":[[[-107.33503143032681,48.094531621552576],[-107.33500646982938,48.09456786610172],[-107.33499411763984,48.094590453752794],[-107.33513644203703,48.09464114884977],[-107.33515743055496,48.09451565966588],[-107.33503143032681,48.094531621552576]]]}"
00000000000000000781,9459,0,0,0,"{""type"":""Polygon"",""coordinates"":[[[-107.33526689920386,48.094428626819635],[-107.33528502067536,48.09438806113635],[-107.33525741372326,48.09436629133048],[-107.33523965005114,48.09441577193428],[-107.33522020728044,48.09442955323686],[-107.33519682441865,48.09450151289459],[-107.33517723117771,48.09451079331103],[-107.33515743055496,48.09451565966588],[-107.33513644203703,48.09464114884977],[-107.33515771432569,48.094667567903166],[-107.33517787282328,48.09467161651848],[-107.33535833987375,48.0945339410991],[-107.33540718672806,48.094434707057296],[-107.33526689920386,48.094428626819635]],[[-107.33524240255079,48.09447821612398],[-107.33522872506722,48.09446957376332],[-107.33523760067749,48.09451850927893],[-107.33524240255079,48.09447821612398]]]}"
00000000000000000782,9460,0,0,0,"{""type"":""Polygon"",""coordinates"":[[[-107.33535833987375,48.0945339410991],[-107.33517787282328,48.09467161651848],[-107.33521338789849,48.094720007046895],[-107.33534959026942,48.09478421072678],[-107.3353821009843,48.09476567152549],[-107.33538873240302,48.094765578638096],[-107.33535833987375,48.0945339410991]]]}"
0000000000000000077e,9461,0,0,0,"{""type"":""Polygon"",""coordinates"":[[[-107.33542086426834,48.09444334938534],[-107.33541377345593,48.09443454309157],[-107.33540718672806,48.094434707057296],[-107.33535833987375,48.0945339410991],[-107.33538873240302,48.094765578638096],[-107.33542170254229,48.09475593866507],[-107.33544788269663,48.09474649418159],[-107.33548146273749,48.09475025434411],[-107.33555408329053,48.09473539811437],[-107.33542086426834,48.09444334938534]]]}"
0000000000000000076c,9462,0,0,0,"{""type"":""Polygon"",""coordinates"":[[[-107.33552119298645,48.09445024729777],[-107.33551471207203,48.094454841087156],[-107.33550762122805,48.094446034799205],[-107.33552094093206,48.0944457621676],[-107.33549996509562,48.09442389951895],[-107.33548179915965,48.0944643941876],[-107.33546944723382,48.094486981848696],[-107.33542086426834,48.09444334938534],[-107.33555408329053,48.09473539811437],[-107.33559368484657,48.094725665188584],[-107.33564650462077,48.094715675359154],[-107.33571274581867,48.09470539707557],[-107.33552119298645,48.09445024729777]]]}"
00000000000000000785,9463,0,0,0,"{""type"":""Polygon"",""coordinates"":[[[-107.33570083022603,48.09444210911268],[-107.33561346310675,48.094426023808154],[-107.33560075335944,48.09443969652348],[-107.33557304449411,48.09441794255917],[-107.33552645402814,48.094418853364836],[-107.33552681190872,48.09442776830631],[-107.33552742184447,48.09444116837865],[-107.33549996509562,48.09442389951895],[-107.33552094093206,48.0944457621676],[-107.33552119298645,48.09445024729777],[-107.33571274581867,48.09470539707557],[-107.33571943421262,48.094705217321966],[-107.3357981777753,48.094676852112364],[-107.33570083022603,48.09444210911268]],[[-107.33556702307473,48.09443143552668],[-107.33554676297855,48.09442740277576],[-107.33555380919786,48.094436137978875],[-107.33556702307473,48.09443143552668]],[[-107.33560795006663,48.094452932618175],[-107.33558753947882,48.09444439898115],[-107.33558238007546,48.0944757771676],[-107.33558982884293,48.094493498406315],[-107.33560876746262,48.09447074674853],[-107.33560795006663,48.094452932618175]]]}"
00000000000000000787,9464,0,0,0,"{""type"":""MultiPolygon"",""coordinates"":[[[[-107.33575436123957,48.09444550359341],[-107.33572746968764,48.094441563792614],[-107.33570083022603,48.09444210911268],[-107.3357981777753,48.094676852112364],[-107.33587039571674,48.09465300960732],[-107.33588315011907,48.094639407878866],[-107.33592887885551,48.09462061162524],[-107.33596690218035,48.09457516338944],[-107.33575436123957,48.09444550359341]]],[[[-107.33633692398318,48.094795444022296],[-107.33631748116781,48.09480922564816],[-107.33625144700831,48.09482391846097],[-107.33621822027116,48.09482462796713],[-107.33617203164269,48.09483452519746],[-107.33611176670534,48.09483123965053],[-107.33608573698781,48.09484518525819],[-107.33602622844222,48.09485535513976],[-107.33593462411035,48.09489289259435],[-107.3359480945419,48.094897120826055],[-107.3360221432728,48.09491347864211],[-107.33614753562533,48.09488411510029],[-107.33627272044441,48.09485033732983],[-107.33631207010588,48.094836118920426],[-107.33635729046159,48.09480390646485],[-107.33633692398318,48.094795444022296]]]]}"
00000000000000000755,9465,0,0,0,"{""type"":""MultiPolygon"",""coordinates"":[[[[-107.33575436123957,48.09444550359341],[-107.33596690218035,48.09457516338944],[-107.33597313098467,48.094566084421125],[-107.33601778563171,48.09452054328697],[-107.3360330064051,48.0944174779579],[-107.33575436123957,48.09444550359341]]],[[[-107.3365727837398,48.09441094462422],[-107.33657074523204,48.0943663304504],[-107.33656390625279,48.09436200938011],[-107.33653078576556,48.09436714878494],[-107.33654435776695,48.09437136112618],[-107.33654675437116,48.09442489023653],[-107.33657579070191,48.09447787383855],[-107.33656491209555,48.09453174691741],[-107.33646626205662,48.09456054948457],[-107.33642196577749,48.09461500581983],[-107.33641011855906,48.094646563940486],[-107.33638837304501,48.09475415255462],[-107.33637541118998,48.094763340304404],[-107.33633692398318,48.094795444022296],[-107.33635729046159,48.09480390646485],[-107.33637015073599,48.09479473447499],[-107.33645436248841,48.09473938859057],[-107.3364657946466,48.09469900227221],[-107.33646446816138,48.094667772198065],[-107.3364825887131,48.09462720612704],[-107.33651463941393,48.09459976740726],[-107.33656715813103,48.094580775289494],[-107.33658492040286,48.0945312943198],[-107.3365727837398,48.09441094462422]]]]}"
0000000000000000076e,9466,0,0,0,"{""type"":""MultiPolygon"",""coordinates"":[[[[-107.33649623715594,48.09434107406547],[-107.33642300673436,48.0943425308506],[-107.33649046819892,48.094359052180685],[-107.33653078576556,48.09436714878494],[-107.33656390625279,48.09436200938011],[-107.33649623715594,48.09434107406547]]],[[[-107.33616137618617,48.09416027063565],[-107.33613295094553,48.09412068718605],[-107.33572746968764,48.094441563792614],[-107.33575436123957,48.09444550359341],[-107.3360330064051,48.0944174779579],[-107.3360394872861,48.094412884137604],[-107.33603912928045,48.09440396920376],[-107.33605198943926,48.094394797329365],[-107.3360429621671,48.09434136115063],[-107.33608894264785,48.094327050053515],[-107.33612527663614,48.09439325398806],[-107.33613155001312,48.09438424612069],[-107.3361525351752,48.0942587574182],[-107.33617759623364,48.0942224970458],[-107.33616137618617,48.09416027063565]]]]}"
0000000000000000076d,9467,0,0,0,"{""type"":""MultiPolygon"",""coordinates"":[[[[-107.33559244257025,48.09440409011113],[-107.33557304449411,48.09441794255917],[-107.33559968390223,48.09441739727621],[-107.33559244257025,48.09440409011113]]],[[[-107.33611805292267,48.094085245062466],[-107.3361175932975,48.09407634594963],[-107.33609009171077,48.094059006306274],[-107.33607641404497,48.09405036414016],[-107.33559882187521,48.09439951208531],[-107.33564490396888,48.09438518542083],[-107.33562653075097,48.09442126603427],[-107.33561346310675,48.094426023808154],[-107.33570083022603,48.09444210911268],[-107.33572746968764,48.094441563792614],[-107.33613295094553,48.09412068718605],[-107.33611805292267,48.094085245062466]]]]}"
00000000000000000771,9468,0,0,0,"{""type"":""GeometryCollection"",""geometries"":[{""type"":""LineString"",""coordinates"":[[-107.33564401761771,48.0943673572639],[-107.33563096664096,48.09437206564251]]},{""type"":""LineString"",""coordinates"":[[-107.33553468013223,48.094307027795004],[-107.33552801916473,48.09430716324452]]},{""type"":""Polygon"",""coordinates"":[[[-107.33559244257025,48.09440409011113],[-107.3355855021768,48.09439978472736],[-107.33559882187521,48.09439951208531],[-107.33563097429398,48.094372058012766],[-107.33562388342705,48.094363251747886],[-107.33564401761771,48.0943673572639],[-107.33564408655293,48.09436737132032],[-107.33607641404497,48.09405036414016],[-107.33604916462988,48.09403750958414],[-107.33598170426175,48.094020988016915],[-107.33576128202664,48.09415948116639],[-107.3357962322663,48.0941945420619],[-107.33576392958695,48.09421749521782],[-107.33575770081319,48.094226574111495],[-107.33575060993044,48.09421776788079],[-107.33573045148238,48.09421371941961],[-107.33571652182195,48.09420059206649],[-107.33570299473404,48.09419645069284],[-107.33553473140822,48.094307037334225],[-107.33554779900768,48.094302279583],[-107.33555570721441,48.09432889992739],[-107.33557591029911,48.09433301951253],[-107.33558933580596,48.09433717667851],[-107.335549986733,48.09435139464126],[-107.33553834642048,48.09438736655505],[-107.33552584409229,48.09440545329819],[-107.33552645402814,48.094418853364836],[-107.33557304449411,48.09441794255917],[-107.33559244257025,48.09440409011113]],[[-107.33561704463057,48.09435893060568],[-107.33559688615222,48.0943548821063],[-107.33560397700921,48.094363688372034],[-107.33561704463057,48.09435893060568]],[[-107.33559040525947,48.094359475891906],[-107.33557024678971,48.094355427386674],[-107.3355776955322,48.094373148586335],[-107.33559040525947,48.094359475891906]],[[-107.33557304449411,48.09441794255917],[-107.33556580317371,48.09440463539163],[-107.33553952166818,48.094414095603575],[-107.33557304449411,48.09441794255917]]]}]}"
0000000000000000076b,9469,0,0,0,"{""type"":""MultiPolygon"",""coordinates"":[[[[-107.3359682787627,48.09401683093071],[-107.3359212290259,48.09400884281013],[-107.33588045267808,48.09399184688376],[-107.33586713308603,48.09399211956011],[-107.33576297190137,48.094047829676576],[-107.33573954562884,48.09411971783439],[-107.33574015564898,48.094133117824605],[-107.33576128202664,48.09415948116639],[-107.33598170426175,48.094020988016915],[-107.3359682787627,48.09401683093071]]],[[[-107.33566084792929,48.09414815374178],[-107.33563334664598,48.094130813936005],[-107.33562650788764,48.09412649281264],[-107.33539240706651,48.09425634314964],[-107.3354460434193,48.09426416760279],[-107.3354672711797,48.094290515316715],[-107.33548783208721,48.09430354983946],[-107.33549391046651,48.09428997006756],[-107.33550115173732,48.09430327721272],[-107.33552799846517,48.09430714599302],[-107.33570299473404,48.09419645069284],[-107.33566084792929,48.09414815374178]]]]}"
0000000000000000077d,9470,0,0,0,"{""type"":""MultiPolygon"",""coordinates"":[[[[-107.33585376886157,48.09399232115675],[-107.33575910426646,48.09396301590983],[-107.33576093435794,48.09400321576962],[-107.33576210978462,48.09402994461531],[-107.33576256932355,48.09403884372418],[-107.33576297190137,48.094047829676576],[-107.33586713308603,48.09399211956011],[-107.33585376886157,48.09399232115675]]],[[[-107.33559038263199,48.09406470301118],[-107.33558870320215,48.09402900395383],[-107.33558737743202,48.09399777424793],[-107.33559962751484,48.09397520255227],[-107.3353372989941,48.09421723350594],[-107.33535892910399,48.09425256721532],[-107.33539240706651,48.09425634314964],[-107.33562650788764,48.09412649281264],[-107.33559038263199,48.09406470301118]]]]}"
0000000000000000077f,9471,0,0,0,"{""type"":""Polygon"",""coordinates"":[[[-107.33525871922336,48.094102748105904],[-107.33530092223373,48.09415095836921],[-107.33533000084661,48.09420401321008],[-107.3353372989941,48.09421723350594],[-107.33559962751484,48.09397520255227],[-107.33561785001422,48.09393462140695],[-107.33559075144889,48.093926267588124],[-107.33552558114336,48.09395884464237],[-107.33525871922336,48.094102748105904]],[[-107.33552558114336,48.09395884464237],[-107.33553267191202,48.09396765084919],[-107.33554573938783,48.09396289313213],[-107.33552558114336,48.09395884464237]]]}"
00000000000000000778,9472,0,0,0,"{""type"":""Polygon"",""coordinates"":[[[-107.33554355163837,48.093913778437816],[-107.33549665280368,48.09391029096115],[-107.33518105876342,48.09400606109588],[-107.33521611389244,48.09404555190591],[-107.33525714171475,48.09406703324505],[-107.33525795895011,48.09408484725153],[-107.33525871922336,48.094102748105904],[-107.33552558114336,48.09395884464237],[-107.33559075144889,48.093926267588124],[-107.33554355163837,48.093913778437816]]]}"
00000000000000000777,9473,0,0,0,"{""type"":""Polygon"",""coordinates"":[[[-107.33542933954935,48.093893824336995],[-107.33520240437291,48.093889488291474],[-107.3351969927746,48.09391638104332],[-107.33518438891547,48.09393448334151],[-107.33517371608528,48.093992769760554],[-107.33518105876342,48.09400606109588],[-107.33549665280368,48.09391029096115],[-107.33542933954935,48.093893824336995]]]}"
00000000000000000776,9474,0,0,0,"{""type"":""Polygon"",""coordinates"":[[[-107.3352714085991,48.09379430410373],[-107.33523323518777,48.0938352505361],[-107.33520745815038,48.093853680704875],[-107.33520240437291,48.093889488291474],[-107.33542933954935,48.093893824336995],[-107.3352714085991,48.09379430410373]]]}"
00000000000000000779,9475,0,0,0,"{""type"":""Polygon"",""coordinates"":[[[-107.33538204998709,48.09373400109102],[-107.3353366802333,48.09376171156755],[-107.3352841181759,48.09378063160445],[-107.3352714085991,48.09379430410373],[-107.33542933954935,48.093893824336995],[-107.33549665280368,48.09391029096115],[-107.33554355163837,48.093913778437816],[-107.33538204998709,48.09373400109102]]]}"
00000000000000000774,9476,0,0,0,"{""type"":""Polygon"",""coordinates"":[[[-107.33551341453843,48.09369107530774],[-107.33542747665525,48.09370620376756],[-107.33538204998709,48.09373400109102],[-107.33554355163837,48.093913778437816],[-107.33559075144889,48.093926267588124],[-107.33551341453843,48.09369107530774]]]}"
0000000000000000077c,9477,0,0,0,"{""type"":""Polygon"",""coordinates"":[[[-107.33570114104833,48.09386147896882],[-107.33566766329014,48.093857703165504],[-107.33564689506886,48.093840254788894],[-107.33569272437511,48.09382144319613],[-107.33564568567697,48.093666105393474],[-107.33557965382202,48.09368079736526],[-107.33551341453843,48.09369107530774],[-107.33559075144889,48.093926267588124],[-107.33561785001422,48.09393462140695],[-107.33566357784666,48.0939158255551],[-107.33571817762784,48.093941519074484],[-107.33572476428968,48.09394135509061],[-107.33570114104833,48.09386147896882]]]}"
00000000000000000730,9478,0,0,0,"{""type"":""MultiPolygon"",""coordinates"":[[[[-107.33570114104833,48.09386147896882],[-107.33572476428968,48.09394135509061],[-107.3357581362917,48.093940701105595],[-107.33576819821717,48.093869014775706],[-107.33570114104833,48.09386147896882]]],[[[-107.33578414085551,48.09363198544003],[-107.33577097190191,48.09363675892058],[-107.33575821785577,48.09365036036533],[-107.33566559172962,48.093665668775735],[-107.33564568567697,48.093666105393474],[-107.33569272437511,48.09382144319613],[-107.3357187533703,48.093807497985416],[-107.33575166571072,48.093797944937684],[-107.33577744259382,48.093779514646094],[-107.33580387414266,48.09377455532959],[-107.33578414085551,48.09363198544003]]]]}"
0000000000000000077b,9479,0,0,0,"{""type"":""MultiPolygon"",""coordinates"":[[[[-107.33584638534683,48.09324214182332],[-107.33580019881828,48.093252038522934],[-107.33583453827309,48.093273699044],[-107.33584831717198,48.09328232536202],[-107.33585490372587,48.09328216137401],[-107.33584638534683,48.09324214182332]]],[[[-107.33590942704735,48.09360263880613],[-107.33585721887245,48.093626028388584],[-107.33578414085551,48.09363198544003],[-107.33580387414266,48.09377455532959],[-107.33587695245481,48.09376859823944],[-107.33590283088458,48.09375015216156],[-107.33592946990699,48.093749606803705],[-107.33593584907408,48.093745028816045],[-107.33590942704735,48.09360263880613]]]]}"
00000000000000000767,9480,0,0,0,"{""type"":""MultiPolygon"",""coordinates"":[[[[-107.33602185335856,48.09358246374643],[-107.33598286309231,48.09360559645895],[-107.33590942704735,48.09360263880613],[-107.33593584907408,48.093745028816045],[-107.33596238221801,48.09374005369492],[-107.33608164776452,48.09372419956616],[-107.33602185335856,48.09358246374643]]],[[[-107.33587266600624,48.093232681759915],[-107.3358661853372,48.09323727546028],[-107.33584638534683,48.09324214182332],[-107.33585490372587,48.09328216137401],[-107.33588240459396,48.09329950084649],[-107.33590317270456,48.09331694899519],[-107.33591001137708,48.09332127003439],[-107.33587266600624,48.093232681759915]]]]}"
00000000000000000759,9481,0,0,0,"{""type"":""Polygon"",""coordinates"":[[[-107.33610464318812,48.09334855726649],[-107.33608377332685,48.09333112491908],[-107.33615849471106,48.0932134469218],[-107.33615792915266,48.093200118249946],[-107.33609817112269,48.09320580276972],[-107.33608137730974,48.0932775968974],[-107.33604248898669,48.09330071372681],[-107.33593364418228,48.09325379690082],[-107.33591226598055,48.09322294902127],[-107.33587266600624,48.093232681759915],[-107.33591001137708,48.09332127003439],[-107.33592353821122,48.09332541131623],[-107.33593098699552,48.09334313213972],[-107.33598609485718,48.093382240796444],[-107.33612866986569,48.0934374183331],[-107.3361428069799,48.09345495940125],[-107.33609013940642,48.09346945002914],[-107.33603925761555,48.093524069034395],[-107.33602833408413,48.0935778700039],[-107.33602185335856,48.09358246374643],[-107.33608164776452,48.09372419956616],[-107.33612823763438,48.09372328851791],[-107.33618917226987,48.0937443325885],[-107.33618903013479,48.09359248245482],[-107.33617525099706,48.09358385614085],[-107.33618857048626,48.093583583426444],[-107.3361869920398,48.093547868957856],[-107.33614642343522,48.093535287258824],[-107.3361860237891,48.09352555434139],[-107.33617787140219,48.09334710080811],[-107.33610464318812,48.09334855726649]],[[-107.33612039467684,48.09354923250732],[-107.33608666486778,48.093540971821355],[-107.33609436590598,48.09356317775277],[-107.33612039467684,48.09354923250732]]]}"
0000000000000000073d,9482,0,0,0,"{""type"":""MultiPolygon"",""coordinates"":[[[[-107.33631012612695,48.09361682763316],[-107.33629680660866,48.093617100365385],[-107.33627016757741,48.093617645824125],[-107.33621581967569,48.093596437837434],[-107.33620270768658,48.0936011245324],[-107.33618903013479,48.09359248245482],[-107.33618917226987,48.0937443325885],[-107.33619590515869,48.09374422388583],[-107.33629633894151,48.09375555067083],[-107.33630327935978,48.093759855949685],[-107.33632992636359,48.09361196113339],[-107.33631012612695,48.09361682763316]]],[[[-107.33631872205716,48.093366508359125],[-107.33622431029296,48.09334168893447],[-107.33622957053012,48.093310295646226],[-107.33622247965067,48.09330148960403],[-107.33620374945522,48.09332865480667],[-107.33618471013276,48.093351421828714],[-107.33617787140219,48.09334710080811],[-107.3361860237891,48.09352555434139],[-107.33619909111567,48.09352079657915],[-107.33620450196359,48.093493903992425],[-107.3362251644811,48.093506922394525],[-107.33620715028708,48.09355191727679],[-107.3361869920398,48.093547868957856],[-107.33618857048626,48.093583583426444],[-107.33629476838371,48.093572486853084],[-107.33632753000929,48.09355843284009],[-107.33634034518992,48.09354919000648],[-107.33634539785695,48.09351338262018],[-107.33634529192463,48.093508952887326],[-107.33634417734703,48.09348658297911],[-107.33635065803824,48.09348198922406],[-107.33636036057536,48.093401388731],[-107.33631872205716,48.093366508359125]],[[-107.33620052731547,48.09340466144153],[-107.33618781808784,48.093418333955505],[-107.33619490897577,48.09342714001965],[-107.33618914439998,48.09344956329467],[-107.33621016494686,48.09347149646185],[-107.3362406361616,48.093408344090705],[-107.33620052731547,48.09340466144153]]]]}"
00000000000000000742,9483,0,0,0,"{""type"":""MultiPolygon"",""coordinates"":[[[[-107.33634034518992,48.09354919000648],[-107.33634661836665,48.09354018227493],[-107.33634539785695,48.09351338262018],[-107.33634034518992,48.09354919000648]]],[[[-107.33636036057536,48.093401388731],[-107.33635065803824,48.09348198922406],[-107.33638295988244,48.093459036213225],[-107.33639485127382,48.09342754989824],[-107.33636036057536,48.093401388731]]],[[[-107.33646434224747,48.09363603337961],[-107.33644454198559,48.093640899910014],[-107.3364110640702,48.093637124386106],[-107.33637651621575,48.093611049966896],[-107.33632992636359,48.09361196113339],[-107.33630327935978,48.093759855949685],[-107.33635716790607,48.09377216488585],[-107.33648475281186,48.09364456669919],[-107.33646434224747,48.09363603337961]]]]}"
0000000000000000076f,9484,0,0,0,"{""type"":""Polygon"",""coordinates"":[[[-107.33648475281186,48.09364456669919],[-107.33635716790607,48.09377216488585],[-107.33637048748851,48.09377189214281],[-107.3363844173364,48.09378501928899],[-107.33648474555035,48.093791916119535],[-107.33648428583204,48.09378301706054],[-107.33647096622951,48.093783289819946],[-107.33643529921291,48.093730399826924],[-107.33650526934024,48.09365752975985],[-107.33651843831524,48.09365275617602],[-107.33648475281186,48.09364456669919]]]}"
00000000000000002c80,9484,0,0,0,"{""type"":""Polygon"",""coordinates"":[[[-107.33651843831524,48.09365275617602],[-107.33650526934024,48.09365752975985],[-107.33643529921291,48.093730399826924],[-107.33647096622951,48.093783289819946],[-107.33648428583204,48.09378301706054],[-107.33645509952278,48.093725533288904],[-107.33652532179937,48.093657148271525],[-107.33651843831524,48.09365275617602]]]}"
00000000000000000770,9484,0,0,0,"{""type"":""Polygon"",""coordinates"":[[[-107.33656609838425,48.09367414380929],[-107.33653155032967,48.09364806943263],[-107.33651843831524,48.09365275617602],[-107.33652532179937,48.093657148271525],[-107.33645509952278,48.093725533288904],[-107.33648428583204,48.09378301706054],[-107.3365247043784,48.09379109782936],[-107.3365928881359,48.09367809908735],[-107.33656609838425,48.09367414380929]]]}"
00000000000000002c81,9484,0,0,0,"{""type"":""Polygon"",""coordinates"":[[[-107.33651843831524,48.09365275617602],[-107.33650526934024,48.09365752975985],[-107.33643529921291,48.093730399826924],[-107.33647096622951,48.093783289819946],[-107.33648428583204,48.09378301706054],[-107.33645509952278,48.093725533288904],[-107.33652532179937,48.093657148271525],[-107.33651843831524,48.09365275617602]]]}"
0000000000000000076a,9485,0,0,0,"{""type"":""Polygon"",""coordinates"":[[[-107.33662707812337,48.09369525864707],[-107.33660641527476,48.093682240293276],[-107.3365928881359,48.09367809908735],[-107.3365247043784,48.09379109782936],[-107.33661207131814,48.09380718211363],[-107.3366327342349,48.09382020049546],[-107.33668576059856,48.093814624282665],[-107.33669367610636,48.09369389472613],[-107.33662707812337,48.09369525864707]]]}"
0000000000000000075c,9486,0,0,0,"{""type"":""Polygon"",""coordinates"":[[[-107.336806461461,48.09368263349246],[-107.33669367610636,48.09369389472613],[-107.33668576059856,48.093814624282665],[-107.33682523026545,48.09380288848563],[-107.33683191857448,48.09380270865968],[-107.336806461461,48.09368263349246]]]}"
00000000000000000768,9487,0,0,0,"{""type"":""Polygon"",""coordinates"":[[[-107.3369392994441,48.093670990549235],[-107.33683973201968,48.09368199489546],[-107.336806461461,48.09368263349246],[-107.33683191857448,48.09380270865968],[-107.33686518924975,48.09380207004941],[-107.33696454942034,48.09378665165433],[-107.3369392994441,48.093670990549235]]]}"
00000000000000000764,9488,0,0,0,"{""type"":""Polygon"",""coordinates"":[[[-107.33707228819583,48.09366384824097],[-107.33704539666496,48.09365990886793],[-107.33699237036508,48.09366548526156],[-107.33697231780167,48.093665866850266],[-107.3369392994441,48.093670990549235],[-107.33696454942034,48.09378665165433],[-107.33703762851769,48.09378069365826],[-107.33709774623584,48.093783923271126],[-107.33707228819583,48.09366384824097]]]}"
00000000000000000763,9489,0,0,0,"{""type"":""Polygon"",""coordinates"":[[[-107.3371589390344,48.09366210238069],[-107.33707228819583,48.09366384824097],[-107.33709774623584,48.093783923271126],[-107.33715127727118,48.09378731692888],[-107.33721823409176,48.093794867444856],[-107.33721859675478,48.093656432883286],[-107.3371589390344,48.09366210238069]]]}"
0000000000000000075b,9490,0,0,0,"{""type"":""Polygon"",""coordinates"":[[[-107.33734495445533,48.09364938320146],[-107.33732500342046,48.09364974909986],[-107.33727151709931,48.093646426622655],[-107.33721859675478,48.093656432883286],[-107.33721823409176,48.093794867444856],[-107.33730524369338,48.093802036254495],[-107.33735877489752,48.093805429793285],[-107.33735164277302,48.09364920333957],[-107.33734495445533,48.09364938320146]]]}"
00000000000000000762,9491,0,0,0,"{""type"":""MultiPolygon"",""coordinates"":[[[[-107.3374606841128,48.093848040169675],[-107.33747375157986,48.09384328220093],[-107.3374731409178,48.093829882312],[-107.3374606841128,48.093848040169675]]],[[[-107.33746483162223,48.09364692719489],[-107.33738491349492,48.093648564549646],[-107.33736496245196,48.093648930456574],[-107.33735164277302,48.09364920333957],[-107.33735877489752,48.093805429793285],[-107.3374721718921,48.093807567608344],[-107.33749193097827,48.09365528041954],[-107.33746483162223,48.09364692719489]]]]}"
0000000000000000075a,9492,0,0,0,"{""type"":""Polygon"",""coordinates"":[[[-107.33763344089671,48.09368815697831],[-107.33761302978432,48.09367962391006],[-107.3375993516627,48.09367098203521],[-107.3375860319427,48.09367125495192],[-107.33749193097827,48.09365528041954],[-107.3374721718921,48.093807567608344],[-107.33748549164488,48.09380729470592],[-107.33747303485289,48.09382545255705],[-107.3374731409178,48.093829882312],[-107.33747375157986,48.09384328220093],[-107.33753325904506,48.09383311164446],[-107.33764676062945,48.093687884054596],[-107.33763344089671,48.09368815697831]]]}"
0000000000000000074f,9493,0,0,0,"{""type"":""Polygon"",""coordinates"":[[[-107.33777449125144,48.09371213430409],[-107.3377605607217,48.093699007395394],[-107.33769320049855,48.093682471409565],[-107.33764676062945,48.093687884054596],[-107.33753325904506,48.09383311164446],[-107.33759362953647,48.09384082600422],[-107.33779633171959,48.093751881037086],[-107.33778214882808,48.09373426906599],[-107.33780817758328,48.09372032331733],[-107.33777449125144,48.09371213430409]]]}"
00000000000000000749,9494,0,0,0,"{""type"":""Polygon"",""coordinates"":[[[-107.33795437982762,48.093855826506015],[-107.33796040042745,48.093842333557305],[-107.33793253910255,48.09381607973684],[-107.33791738680513,48.09377615308819],[-107.33788329725562,48.093758978225274],[-107.33787767975123,48.0937814570325],[-107.33785849008648,48.09379972374525],[-107.3378472103868,48.09384461032571],[-107.33779954869169,48.09382322330109],[-107.33782557751105,48.09380927752244],[-107.33783123968833,48.093786869782],[-107.33780434776173,48.093782930622616],[-107.33781021764666,48.093764936876404],[-107.33779633171959,48.093751881037086],[-107.33759362953647,48.09384082600422],[-107.33763481032885,48.0938668070193],[-107.33782863146945,48.093876276947256],[-107.33783485981462,48.09386719799051],[-107.33784863969048,48.093875824093786],[-107.3379822412016,48.093882080338766],[-107.33798831875544,48.093868500538704],[-107.33795437982762,48.093855826506015]],[[-107.33782092920183,48.09385407105393],[-107.33780745864118,48.093849843172606],[-107.33780786172456,48.09385882907123],[-107.33782092920183,48.09385407105393]]]}"
00000000000000000752,9495,0,0,0,"{""type"":""Polygon"",""coordinates"":[[[-107.33804802071388,48.09401025143852],[-107.33802760924291,48.09400171841528],[-107.3379985706766,48.09394873579019],[-107.33800444051475,48.09393074197645],[-107.33798259968827,48.093890995164536],[-107.3379822412016,48.093882080338766],[-107.33784863969048,48.093875824093786],[-107.33782261082395,48.093889769897565],[-107.33782863146945,48.093876276947256],[-107.33763481032885,48.0938668070193],[-107.33771354980058,48.09398579057376],[-107.3377333503652,48.09398092374164],[-107.33778785133133,48.09400663180988],[-107.33780785961399,48.09400617896224],[-107.33782898788117,48.09403254173671],[-107.3378558799954,48.09403648090314],[-107.33784174161072,48.09401893992554],[-107.33786113911059,48.09400508713843],[-107.337875322142,48.094022699185146],[-107.33795417058063,48.09399876237265],[-107.33795478141569,48.094012162297226],[-107.33796927835049,48.094038618105174],[-107.33798407230594,48.09406963008393],[-107.33803133137108,48.09408203116828],[-107.33805797123341,48.09408148519431],[-107.33806399184755,48.09406799218074],[-107.33804802071388,48.09401025143852]]]}"
00000000000000000750,9496,0,0,0,"{""type"":""Polygon"",""coordinates"":[[[-107.33763481032885,48.0938668070193],[-107.33759362953647,48.09384082600422],[-107.33753325904506,48.09383311164446],[-107.33747375157986,48.09384328220093],[-107.3374606841128,48.093848040169675],[-107.3374542034099,48.093852634032075],[-107.33748349326332,48.093910101823404],[-107.3374792598561,48.09396372343529],[-107.33768737011385,48.09399523552713],[-107.33771354980058,48.09398579057376],[-107.33763481032885,48.0938668070193]]]}"
00000000000000000761,9497,0,0,0,"{""type"":""GeometryCollection"",""geometries"":[{""type"":""LineString"",""coordinates"":[[-107.33767405409911,48.093995520534115],[-107.33768734945912,48.093995249926074]]},{""type"":""Polygon"",""coordinates"":[[[-107.33767405026512,48.09399550846102],[-107.3374792598561,48.09396372343529],[-107.33747364208942,48.09398620231316],[-107.33749032895163,48.094061772867896],[-107.33748532183114,48.094097651742565],[-107.33768956073845,48.09404435017573],[-107.33767405409911,48.093995520534115],[-107.33767405026512,48.09399550846102]]]}]}"
0000000000000000075e,9498,0,0,0,"{""type"":""MultiPolygon"",""coordinates"":[[[[-107.33798407230594,48.09406963008393],[-107.33799785230947,48.094078256195786],[-107.33799846315891,48.09409165614],[-107.33803133137108,48.09408203116828],[-107.33798407230594,48.09406963008393]]],[[[-107.33771221968574,48.094101911139354],[-107.3377116089415,48.094088511188026],[-107.33769701061922,48.09406207107685],[-107.33768956073845,48.09404435017573],[-107.33748532183114,48.094097651742565],[-107.3374861401525,48.09411546571288],[-107.33751497026543,48.09416403466406],[-107.33773395866136,48.09414167394522],[-107.33771221968574,48.094101911139354]]]]}"
0000000000000000075d,9499,0,0,0,"{""type"":""Polygon"",""coordinates"":[[[-107.33773395866136,48.09414167394522],[-107.33751497026543,48.09416403466406],[-107.33752971916799,48.094194975720306],[-107.3375442604282,48.09422150276982],[-107.337558757071,48.09424795875272],[-107.33755962006269,48.09426584384988],[-107.33758100053326,48.09429669191729],[-107.33776304152654,48.09419472793086],[-107.3377622800302,48.09417682709605],[-107.33773395866136,48.09414167394522]]]}"
00000000000000000772,9500,0,0,0,"{""type"":""MultiPolygon"",""coordinates"":[[[[-107.33803133137108,48.09408203116828],[-107.33799846315891,48.09409165614],[-107.33799856928448,48.09409608591529],[-107.33801336328712,48.09412709792228],[-107.33804562066672,48.094104072988024],[-107.33805797123341,48.09408148519431],[-107.33803133137108,48.09408203116828]]],[[[-107.33777804301968,48.09423015405888],[-107.33776304152654,48.09419472793086],[-107.33758100053326,48.09429669191729],[-107.33760243800025,48.09432745315359],[-107.3376173377568,48.094362895166014],[-107.33764555752802,48.09439806426566],[-107.33782642207404,48.09426937102984],[-107.33777804301968,48.09423015405888]]]]}"
00000000000000000753,9501,0,0,0,"{""type"":""MultiPolygon"",""coordinates"":[[[[-107.33801336328712,48.09412709792228],[-107.33802750181565,48.09414463890706],[-107.33804562066672,48.094104072988024],[-107.33801336328712,48.09412709792228]]],[[[-107.33791547363744,48.09432115333366],[-107.33789430050635,48.094294719361876],[-107.3378470412964,48.09428231816344],[-107.33782642207404,48.09426937102984],[-107.33764555752802,48.09439806426566],[-107.33764616824166,48.094411464297195],[-107.33768806201111,48.0944508298302],[-107.33792935981666,48.09433420929088],[-107.33791547363744,48.09432115333366]]]]}"
00000000000000000758,9502,0,0,0,"{""type"":""Polygon"",""coordinates"":[[[-107.33799141322046,48.094377622614516],[-107.33792935981666,48.09433420929088],[-107.33768806201111,48.0944508298302],[-107.33775022123871,48.09449867322362],[-107.33800656578839,48.094417549701994],[-107.33799141322046,48.094377622614516]]]}"
00000000000000000754,9503,0,0,0,"{""type"":""Polygon"",""coordinates"":[[[-107.33804244394702,48.094474853756445],[-107.33802769444678,48.0944439126293],[-107.33801401590291,48.09443527069852],[-107.33800656578839,48.094417549701994],[-107.33775022123871,48.09449867322362],[-107.33775706046974,48.094502994214146],[-107.33777160202669,48.094529521377275],[-107.33781947225137,48.09455532273079],[-107.33781360220641,48.094573316752516],[-107.33784039310116,48.09457727172075],[-107.33806969496167,48.094487707812455],[-107.33804244394702,48.094474853756445]]]}"
00000000000000000799,9504,0,0,0,"{""type"":""Polygon"",""coordinates"":[[[-107.33806969496167,48.094487707812455],[-107.33784039310116,48.09457727172075],[-107.33799625368725,48.0946321034351],[-107.3380507559023,48.094657811641056],[-107.33812419707093,48.09451341590865],[-107.33806969496167,48.094487707812455]]]}"
0000000000000000079f,9505,0,0,0,"{""type"":""Polygon"",""coordinates"":[[[-107.33819763689742,48.09451637182048],[-107.33814456421436,48.09452187790924],[-107.33812419707093,48.09451341590865],[-107.3380507559023,48.094657811641056],[-107.33807116772822,48.09466634475698],[-107.33816466116303,48.09466891885034],[-107.33822355932112,48.09464534757846],[-107.33824351108201,48.09464498146771],[-107.33826331205402,48.094640114454705],[-107.33819763689742,48.09451637182048]]]}"
000000000000000007ac,9506,0,0,0,"{""type"":""Polygon"",""coordinates"":[[[-107.33831654843083,48.094491599635326],[-107.33828403836597,48.094510139718274],[-107.33819763689742,48.09451637182048],[-107.33826331205402,48.094640114454705],[-107.33836804048613,48.09459772996095],[-107.3383943222371,48.094588268934416],[-107.33831654843083,48.094491599635326]]]}"
00000000000000000756,9507,0,0,0,"{""type"":""Polygon"",""coordinates"":[[[-107.33838758908871,48.09444102632841],[-107.33837487996118,48.09445469939962],[-107.33831654843083,48.094491599635326],[-107.3383943222371,48.094588268934416],[-107.33842050238366,48.09457882366965],[-107.33845974569381,48.094560174643775],[-107.33848592582238,48.094550729366674],[-107.33852430563933,48.09451419515758],[-107.33838758908871,48.09444102632841]]]}"
0000000000000000074c,9508,0,0,0,"{""type"":""Polygon"",""coordinates"":[[[-107.33848465878528,48.09437650690377],[-107.33846572136942,48.09439925905818],[-107.33845240126577,48.09439953210877],[-107.33843244959222,48.094399898259056],[-107.33838758908871,48.09444102632841],[-107.33852430563933,48.09451419515758],[-107.33854360171163,48.09450035786462],[-107.3385630440128,48.09448657588148],[-107.33860780287208,48.094445463462826],[-107.33848465878528,48.09437650690377]]]}"
00000000000000000751,9509,0,0,0,"{""type"":""Polygon"",""coordinates"":[[[-107.33856059912281,48.09428562473896],[-107.3385545216552,48.094299204681],[-107.33854166178926,48.094308376866884],[-107.33848465878528,48.09437650690377],[-107.33860780287208,48.094445463462826],[-107.33862724513266,48.09443168148212],[-107.33869384585002,48.09443031608335],[-107.3387200258929,48.094420870767856],[-107.33856059912281,48.09428562473896]]]}"
0000000000000000074d,9510,0,0,0,"{""type"":""Polygon"",""coordinates"":[[[-107.3387056900622,48.09425140694761],[-107.33867200272664,48.09424321819235],[-107.3386711391891,48.094225333126765],[-107.33867761989946,48.09422073914931],[-107.33866307764772,48.09419421229724],[-107.33861831915253,48.094235324535724],[-107.33859167902145,48.09423587067381],[-107.33858560157306,48.094249450604465],[-107.3386057609932,48.09425349844345],[-107.33858606179889,48.09425834971957],[-107.33857993970327,48.09427185857907],[-107.33856697825229,48.094281046530455],[-107.33856059912281,48.09428562473896],[-107.3387200258929,48.094420870767856],[-107.33874630752815,48.09441140967964],[-107.33879228844647,48.094397097255964],[-107.33881193847051,48.094387729281024],[-107.3387056900622,48.09425140694761]]]}"
000000000000000007ae,9511,0,0,0,"{""type"":""MultiPolygon"",""coordinates"":[[[[-107.33867583125267,48.0941806103364],[-107.33866307764772,48.09419421229724],[-107.33867761989946,48.09422073914931],[-107.33871661034755,48.09419760506533],[-107.33867583125267,48.0941806103364]]],[[[-107.33878356938537,48.094205154490915],[-107.33871926259843,48.09425561895815],[-107.3387056900622,48.09425140694761],[-107.33881193847051,48.094387729281024],[-107.3388703758869,48.09435525861922],[-107.3389096189215,48.09433660949563],[-107.33892247876005,48.09432743725615],[-107.33896146928112,48.094304303023726],[-107.33878356938537,48.094205154490915]]]]}"
0000000000000000074b,9512,0,0,0,"{""type"":""Polygon"",""coordinates"":[[[-107.3388604787154,48.09413658720679],[-107.33886073118339,48.09414107229128],[-107.33880939058389,48.094186794326085],[-107.33878356938537,48.094205154490915],[-107.33896146928112,48.094304303023726],[-107.33898080981028,48.0942905367794],[-107.33901245587377,48.09425411147719],[-107.33904485935336,48.09423114146344],[-107.3388604787154,48.09413658720679]]]}"
000000000000000007cf,9513,0,0,0,"{""type"":""Polygon"",""coordinates"":[[[-107.338937640293,48.094072505034546],[-107.33892508230794,48.094090678923294],[-107.33889926120467,48.09410903908325],[-107.33887359095448,48.094131900094226],[-107.3388604787154,48.09413658720679],[-107.33904485935336,48.09423114146344],[-107.33909992608227,48.09412282724795],[-107.338937640293,48.094072505034546]]]}"
00000000000000000746,9514,0,0,0,"{""type"":""Polygon"",""coordinates"":[[[-107.33900102128855,48.09399979693888],[-107.3390011275355,48.094004226702225],[-107.33897535115393,48.0940226579266],[-107.338937640293,48.094072505034546],[-107.33909992608227,48.09412282724795],[-107.33912513589192,48.094091067100116],[-107.33914249156057,48.09403260028318],[-107.33915520035494,48.0940189272286],[-107.33900102128855,48.09399979693888]]]}"
0000000000000000074a,9515,0,0,0,"{""type"":""Polygon"",""coordinates"":[[[-107.33901709766204,48.09391461731062],[-107.33901791673551,48.09393243118666],[-107.33899847481459,48.0939462131069],[-107.33899979885025,48.09397299713228],[-107.33900102128855,48.09399979693888],[-107.33915520035494,48.0940189272286],[-107.33917392941247,48.093991761121146],[-107.33918566811799,48.093955773350714],[-107.33920480054896,48.09393759316886],[-107.33901709766204,48.09391461731062]]]}"
00000000000000000747,9516,0,0,0,"{""type"":""Polygon"",""coordinates"":[[[-107.33903266430721,48.09381602219172],[-107.33903363428506,48.093838336859015],[-107.33901709766204,48.09391461731062],[-107.33920480054896,48.09393759316886],[-107.33921735837733,48.09391941930044],[-107.33921495781865,48.093865890872614],[-107.33903266430721,48.09381602219172]]]}"
00000000000000000704,9517,0,0,0,"{""type"":""Polygon"",""coordinates"":[[[-107.33920939915889,48.09374537903246],[-107.33901633282557,48.09374936713584],[-107.33903083060352,48.09377582262945],[-107.3390324118162,48.09381153713604],[-107.33903266430721,48.09381602219172],[-107.33921495781865,48.093865890872614],[-107.33921889162553,48.093807713215995],[-107.33921832496465,48.09379438443933],[-107.33921684984446,48.09376309969415],[-107.33920939915889,48.09374537903246]]]}"
00000000000000000745,9518,0,0,0,"{""type"":""Polygon"",""coordinates"":[[[-107.33915958809145,48.09367494957182],[-107.33913126529428,48.093639797206],[-107.33912442594712,48.09363547638749],[-107.3389880101596,48.09371421467456],[-107.33901633282557,48.09374936713584],[-107.33920939915889,48.09374537903246],[-107.33915958809145,48.09367494957182]]]}"
0000000000000000074e,9519,0,0,0,"{""type"":""Polygon"",""coordinates"":[[[-107.33910304415247,48.09360462908635],[-107.33908890512629,48.09358708845322],[-107.33907436271585,48.09356056198771],[-107.33906752339325,48.09355624117102],[-107.33891753550643,48.093630767316455],[-107.33894621675272,48.09367483452578],[-107.3389880101596,48.09371421467456],[-107.33912442594712,48.09363547638749],[-107.33910304415247,48.09360462908635]]]}"
00000000000000000741,9520,0,0,0,"{""type"":""Polygon"",""coordinates"":[[[-107.33904006452734,48.093538973669865],[-107.33901220231016,48.093512720337465],[-107.33881981034105,48.093534466421595],[-107.33891008500828,48.093613046671415],[-107.33891753550643,48.093630767316455],[-107.33906752339325,48.09355624117102],[-107.33904006452734,48.093538973669865]]]}"
00000000000000000719,9521,0,0,0,"{""type"":""Polygon"",""coordinates"":[[[-107.3389909715872,48.09348637387394],[-107.33899000162288,48.09346405935544],[-107.3389760705593,48.093450932698936],[-107.3389623473505,48.093442219992035],[-107.33894090886885,48.093411459604205],[-107.33880470166618,48.093494611228785],[-107.33880567151633,48.09351692576502],[-107.33881981034105,48.093534466421595],[-107.33901220231016,48.093512720337465],[-107.3389909715872,48.09348637387394]]]}"
00000000000000000733,9522,0,0,0,"{""type"":""Polygon"",""coordinates"":[[[-107.33893345839081,48.09339373903449],[-107.33888421495026,48.09333663853676],[-107.33872764115762,48.09341132825348],[-107.33880347935114,48.093467811674444],[-107.3388044492015,48.0934901261993],[-107.33880470166618,48.093494611228785],[-107.33894090886885,48.093411459604205],[-107.33893345839081,48.09339373903449]]]}"
00000000000000000717,9523,0,0,0,"{""type"":""Polygon"",""coordinates"":[[[-107.33887712322816,48.09332783270785],[-107.33884905348881,48.09329716548847],[-107.33883512255328,48.09328403884995],[-107.33882144409723,48.09327539722304],[-107.33880766405427,48.093266771362465],[-107.33879419343887,48.093262543668445],[-107.33863818640903,48.09335056179421],[-107.33872764115762,48.09341132825348],[-107.33888421495026,48.09333663853676],[-107.33887712322816,48.09332783270785]]]}"
00000000000000000714,9524,0,0,0,"{""type"":""Polygon"",""coordinates"":[[[-107.3387330038618,48.09323701650131],[-107.33870575328763,48.093224162928834],[-107.33869830296945,48.09320644240002],[-107.33866457192026,48.09319818270633],[-107.33864380193542,48.093180735242825],[-107.33857760798442,48.09333843422531],[-107.3386312456112,48.093346256727564],[-107.33863818640903,48.09335056179421],[-107.33879419343887,48.093262543668445],[-107.3387330038618,48.09323701650131]]]}"
0000000000000000072b,9525,0,0,0,"{""type"":""Polygon"",""coordinates"":[[[-107.33862379392096,48.09318118825098],[-107.33859052317878,48.0931818274656],[-107.33854387581272,48.09318282655671],[-107.33853112255767,48.093196428232616],[-107.33847773765063,48.0931930906948],[-107.33849034554953,48.09332678162658],[-107.33857760798442,48.09333843422531],[-107.33864380193542,48.093180735242825],[-107.33862379392096,48.09318118825098]]]}"
00000000000000000715,9526,0,0,0,"{""type"":""Polygon"",""coordinates"":[[[-107.33847773765063,48.0931930906948],[-107.33844436535483,48.09319374562449],[-107.33840440635527,48.09319456470973],[-107.33838435374442,48.09319494659152],[-107.33837153890995,48.09320418962717],[-107.33834525817333,48.09321365037232],[-107.33836485096194,48.09335171754994],[-107.33844379964596,48.09332776490837],[-107.33849034554953,48.09332678162658],[-107.33847773765063,48.0931930906948]]]}"
00000000000000000716,9527,0,0,0,"{""type"":""Polygon"",""coordinates"":[[[-107.33834525817333,48.09321365037232],[-107.33826651752281,48.09324201680918],[-107.33821323889161,48.09324310882041],[-107.33822635058962,48.09338576998607],[-107.33829968212379,48.093384296095905],[-107.33835821958257,48.09335181063966],[-107.33836485096194,48.09335171754994],[-107.33834525817333,48.09321365037232]]]}"
0000000000000000075f,9528,0,0,0,"{""type"":""Polygon"",""coordinates"":[[[-107.33821323889161,48.09324310882041],[-107.33819333252913,48.0932435459714],[-107.33811341465184,48.09324518391443],[-107.33808004243856,48.09324583871588],[-107.33808044481164,48.09340217267027],[-107.3380869253984,48.093397578807895],[-107.33815975207571,48.09338713497702],[-107.33822635058962,48.09338576998607],[-107.33821323889161,48.09324310882041]]]}"
00000000000000000736,9529,0,0,0,"{""type"":""Polygon"",""coordinates"":[[[-107.33802028334563,48.09325152446552],[-107.33795307436782,48.09323948956964],[-107.33793352518141,48.09339618954223],[-107.33800700727991,48.09339921667317],[-107.3380409458452,48.093411890586204],[-107.33808044481164,48.09340217267027],[-107.33808004243856,48.09324583871588],[-107.33802028334563,48.09325152446552]]]}"
00000000000000000760,9530,0,0,0,"{""type"":""Polygon"",""coordinates"":[[[-107.33794644303795,48.09323958262942],[-107.33783942611709,48.09323286730572],[-107.33782595576913,48.09322863947162],[-107.33777665591819,48.09331897332121],[-107.33779058632763,48.093332100135605],[-107.33780497679467,48.09335412592109],[-107.33788672711344,48.09339268752382],[-107.33793352518141,48.09339618954223],[-107.33795307436782,48.09323948956964],[-107.33794644303795,48.09323958262942]]]}"
00000000000000000766,9531,0,0,0,"{""type"":""Polygon"",""coordinates"":[[[-107.33780533710504,48.09321569257916],[-107.33779788729171,48.09319797197042],[-107.33776981886675,48.09316730447758],[-107.33765295192407,48.09323668835851],[-107.33768811159693,48.09327616184536],[-107.33776960918692,48.0933102384803],[-107.33777665591819,48.09331897332121],[-107.33782595576913,48.09322863947162],[-107.33780533710504,48.09321569257916]]]}"
00000000000000000765,9532,0,0,0,"{""type"":""Polygon"",""coordinates"":[[[-107.33774088738372,48.09311875228528],[-107.33774052894435,48.09310983758854],[-107.33760141916552,48.09313048922449],[-107.33760192380221,48.09313945923618],[-107.3376031006116,48.09316618758445],[-107.33760350365426,48.09317517336795],[-107.3376387692944,48.09321907653238],[-107.33765295192407,48.09323668835851],[-107.33776981886675,48.09316730447758],[-107.33776297986277,48.09316298359213],[-107.33776884963642,48.09314499006374],[-107.33774088738372,48.09311875228528]]]}"
00000000000000000769,9533,0,0,0,"{""type"":""Polygon"",""coordinates"":[[[-107.33771736121832,48.09303886226062],[-107.33755702258946,48.093033167233905],[-107.33755784097474,48.09305098084079],[-107.33758692283917,48.09310403380311],[-107.33760141916552,48.09313048922449],[-107.33774052894435,48.09310983758854],[-107.33771736121832,48.09303886226062]]]}"
0000000000000000073a,9534,0,0,0,"{""type"":""Polygon"",""coordinates"":[[[-107.33757259224001,48.092934573931096],[-107.33760790227012,48.09297854798752],[-107.33755630579766,48.093015337867406],[-107.33755702258946,48.093033167233905],[-107.33771736121832,48.09303886226062],[-107.33770965914863,48.09301665670752],[-107.33773568738044,48.09300271118243],[-107.33774038021399,48.092957989459784],[-107.33757259224001,48.092934573931096]]]}"
00000000000000000732,9535,0,0,0,"{""type"":""Polygon"",""coordinates"":[[[-107.33758122127881,48.092831675705746],[-107.33752207381417,48.09285076071041],[-107.33754513495495,48.092917306166186],[-107.33756590403571,48.092934753803085],[-107.33757259224001,48.092934573931096],[-107.33774038021399,48.092957989459784],[-107.33774997804566,48.09287740547536],[-107.33758122127881,48.092831675705746]]]}"
00000000000000000734,9536,0,0,0,"{""type"":""Polygon"",""coordinates"":[[[-107.33781112272219,48.092755515285425],[-107.33760020278957,48.09280899549445],[-107.33758122127881,48.092831675705746],[-107.33774997804566,48.09287740547536],[-107.33775559542663,48.09285492706584],[-107.3377747845851,48.09283666071525],[-107.33781377366306,48.09281352764304],[-107.33781846635966,48.092768806081196],[-107.33781112272219,48.092755515285425]]]}"
0000000000000000073f,9537,0,0,0,"{""type"":""Polygon"",""coordinates"":[[[-107.33780367297523,48.09273779483077],[-107.33777438325934,48.092680328416975],[-107.33765486724316,48.09269169932105],[-107.33764705916997,48.092665064251364],[-107.33762138959652,48.09268792428117],[-107.33760020278957,48.09280899549445],[-107.33781112272219,48.092755515285425],[-107.33780367297523,48.09273779483077]]]}"
0000000000000000073e,9538,0,0,0,"{""type"":""Polygon"",""coordinates"":[[[-107.33746237561553,48.09270901251826],[-107.33745124666282,48.092758398858365],[-107.33749349683772,48.09280667793339],[-107.33750753300855,48.09282423433858],[-107.33752171542407,48.09284184605711],[-107.33752207381417,48.09285076071041],[-107.33758122127881,48.092831675705746],[-107.33760020278957,48.09280899549445],[-107.33762138959652,48.09268792428117],[-107.33746237561553,48.09270901251826]]]}"
00000000000000000740,9539,0,0,0,"{""type"":""Polygon"",""coordinates"":[[[-107.33763879109232,48.09262953034387],[-107.33748472717508,48.09261482754397],[-107.33748518715198,48.092623726393604],[-107.33746191564522,48.092700113653905],[-107.33746237561553,48.09270901251826],[-107.33762138959652,48.09268792428117],[-107.33764705916997,48.092665064251364],[-107.33763879109232,48.09262953034387]]]}"
00000000000000000739,9540,0,0,0,"{""type"":""Polygon"",""coordinates"":[[[-107.33749402393545,48.09252524266262],[-107.33749417465175,48.09252974338247],[-107.3374816737177,48.09254782970529],[-107.33748207673915,48.092556815384015],[-107.33748274438625,48.092570128106736],[-107.33748472717508,48.09261482754397],[-107.33763879109232,48.09262953034387],[-107.33762343182495,48.09258519064914],[-107.33764139936667,48.09254012530553],[-107.33749402393545,48.09252524266262]]]}"
0000000000000000073c,9541,0,0,0,"{""type"":""Polygon"",""coordinates"":[[[-107.33749019671964,48.09244050260735],[-107.33749101508842,48.09245831601414],[-107.3374923871985,48.09248961580969],[-107.33749402393545,48.09252524266262],[-107.33764139936667,48.09254012530553],[-107.33764119167716,48.09253571142596],[-107.33765028034662,48.09244171280297],[-107.33749019671964,48.09244050260735]]]}"
0000000000000000072f,9542,0,0,0,"{""type"":""Polygon"",""coordinates"":[[[-107.33752567186083,48.092341473449814],[-107.3375132156469,48.09235963078453],[-107.33748897532566,48.09241370355097],[-107.33749019671964,48.09244050260735],[-107.33765028034662,48.09244171280297],[-107.33765472080928,48.09239250662125],[-107.33767380814204,48.0923742562232],[-107.33752567186083,48.092341473449814]]]}"
00000000000000000726,9543,0,0,0,"{""type"":""Polygon"",""coordinates"":[[[-107.3376286505533,48.09225903547376],[-107.3376154374322,48.09226373799629],[-107.33758925900538,48.09227318258111],[-107.33756323129947,48.0922871278593],[-107.33752567186083,48.092341473449814],[-107.33767380814204,48.0923742562232],[-107.33771887405142,48.09233754402717],[-107.3376286505533,48.09225903547376]]]}"
0000000000000000073b,9544,0,0,0,"{""type"":""Polygon"",""coordinates"":[[[-107.33775317158938,48.09221178712526],[-107.33769402511709,48.09223087198546],[-107.3376286505533,48.09225903547376],[-107.33771887405142,48.09233754402717],[-107.33772550520405,48.09233745098921],[-107.33775189138726,48.09233242021582],[-107.33777215110405,48.092336452349535],[-107.3377855150089,48.0923362505],[-107.33779883427833,48.09233597757395],[-107.3378119012008,48.092331219709976],[-107.33775317158938,48.09221178712526]]]}"
00000000000000000731,9545,0,0,0,"{""type"":""Polygon"",""coordinates"":[[[-107.33789177331475,48.09218216586914],[-107.33787845408735,48.09218243880623],[-107.33779292154541,48.092206554509566],[-107.33777960232321,48.09220682743291],[-107.33775317158938,48.09221178712526],[-107.3378119012008,48.092331219709976],[-107.337890998288,48.092311768748544],[-107.33791115644847,48.092315816616136],[-107.33792432495748,48.09231104297305],[-107.33789177331475,48.09218216586914]]]}"
00000000000000000737,9546,0,0,0,"{""type"":""Polygon"",""coordinates"":[[[-107.33801776828284,48.09216620107168],[-107.33789177331475,48.09218216586914],[-107.33792432495748,48.09231104297305],[-107.33796367192936,48.092296824641835],[-107.33798326386287,48.09228754408056],[-107.33799597225693,48.092273871644274],[-107.33804276899636,48.09227737356845],[-107.33806236091671,48.0922680929948],[-107.33801776828284,48.09216620107168]]]}"
00000000000000000735,9547,0,0,0,"{""type"":""Polygon"",""coordinates"":[[[-107.33812232634462,48.09211947625966],[-107.33811584599839,48.09212407000648],[-107.33805103791248,48.092165562096405],[-107.33801776828284,48.09216620107168],[-107.33806236091671,48.0922680929948],[-107.33815401550063,48.092230468714064],[-107.33819372096036,48.092225164852486],[-107.33812232634462,48.09211947625966]]]}"
00000000000000000738,9548,0,0,0,"{""type"":""Polygon"",""coordinates"":[[[-107.33822729978665,48.092081579054316],[-107.33820066131086,48.09208212501934],[-107.33816106216763,48.09209185847049],[-107.33812232634462,48.09211947625966],[-107.33819372096036,48.092225164852486],[-107.33824663954432,48.09221515837116],[-107.33831828658528,48.09217798687599],[-107.338331858287,48.092182198796195],[-107.33822729978665,48.092081579054316]]]}"
00000000000000000727,9549,0,0,0,"{""type"":""Polygon"",""coordinates"":[[[-107.33837957923316,48.09206059869547],[-107.338366512399,48.09206535661003],[-107.33830721525686,48.09207994111377],[-107.33822729978665,48.092081579054316],[-107.338331858287,48.092182198796195],[-107.33841188025556,48.092184990369475],[-107.33837957923316,48.09206059869547]]]}"
0000000000000000070d,9550,0,0,0,"{""type"":""Polygon"",""coordinates"":[[[-107.33851205457277,48.09204003952711],[-107.3384587775269,48.09204113160953],[-107.33837957923316,48.09206059869547],[-107.33841188025556,48.092184990369475],[-107.33849878131146,48.09218772832348],[-107.33856634766495,48.09220867716187],[-107.33851205457277,48.09204003952711]]]}"
00000000000000000728,9551,0,0,0,"{""type"":""GeometryCollection"",""geometries"":[{""type"":""LineString"",""coordinates"":[[-107.33862710801407,48.092225292759295],[-107.3386273104564,48.09222975503014]]},{""type"":""Polygon"",""coordinates"":[[[-107.33864524731241,48.092037309188484],[-107.33851205457277,48.09204003952711],[-107.33856634766495,48.09220867716187],[-107.33859334499535,48.092217045623826],[-107.33862707513511,48.092225305211294],[-107.33864565257038,48.09219363946847],[-107.33865187847776,48.09203721608668],[-107.33864524731241,48.092037309188484]]]}]}"
0000000000000000070c,9552,0,0,0,"{""type"":""Polygon"",""coordinates"":[[[-107.33872556637627,48.092044656472275],[-107.33865187847776,48.09203721608668],[-107.33864565257038,48.09219363946847],[-107.33880594249611,48.09205191684688],[-107.33872556637627,48.092044656472275]]]}"
00000000000000000712,9553,0,0,0,"{""type"":""Polygon"",""coordinates"":[[[-107.33890121922578,48.0920946174151],[-107.3388608008955,48.09208653790368],[-107.33886044216796,48.09207762339372],[-107.33883942014019,48.09205569142749],[-107.33880594249611,48.09205191684688],[-107.33864565257038,48.09219363946847],[-107.33862732758499,48.09222979013357],[-107.33864794621329,48.092242736607034],[-107.33891550853322,48.09211665827052],[-107.33891530068685,48.09211224443329],[-107.33890121922578,48.0920946174151]]]}"
00000000000000000711,9554,0,0,0,"{""type"":""Polygon"",""coordinates"":[[[-107.33893030283394,48.09214766895923],[-107.33892943911496,48.092129784614436],[-107.33891550853322,48.09211665827052],[-107.33864794621329,48.092242736607034],[-107.33869474331586,48.09224623820172],[-107.33870785486113,48.09224155129819],[-107.33872174074018,48.09225460663114],[-107.33876195132943,48.092258272374515],[-107.33883599849229,48.09227462723521],[-107.33891641986465,48.09228195860742],[-107.33895765906297,48.09216495182754],[-107.33893030283394,48.09214766895923]]]}"
00000000000000000713,9555,0,0,0,"{""type"":""Polygon"",""coordinates"":[[[-107.33907176605999,48.09218047142947],[-107.33905175849412,48.09218092450692],[-107.33897148342196,48.092173648567524],[-107.33895765906297,48.09216495182754],[-107.33891641986465,48.09228195860742],[-107.33892300645314,48.0922817944109],[-107.33895025651194,48.09229464770399],[-107.33909054239912,48.09230072234708],[-107.33907176605999,48.09218047142947]]]}"
0000000000000000070f,9556,0,0,0,"{""type"":""Polygon"",""coordinates"":[[[-107.3392044996921,48.09216884151817],[-107.3391512220699,48.09216993400267],[-107.33907176605999,48.09218047142947],[-107.33909054239912,48.09230072234708],[-107.33915091180997,48.09230843552862],[-107.33920500883903,48.092325156362044],[-107.33923143988987,48.092320196250725],[-107.3392044996921,48.09216884151817]]]}"
00000000000000000710,9557,0,0,0,"{""type"":""Polygon"",""coordinates"":[[[-107.33921786374259,48.09216863946594],[-107.3392044996921,48.09216884151817],[-107.33923143988987,48.092320196250725],[-107.3392977847161,48.09231434564645],[-107.33933712713291,48.092152781817155],[-107.33921786374259,48.09216863946594]]]}"
0000000000000000070e,9558,0,0,0,"{""type"":""Polygon"",""coordinates"":[[[-107.33939673416909,48.09214259471577],[-107.33939004598008,48.09214277471189],[-107.33933712713291,48.092152781817155],[-107.3392977847161,48.09231434564645],[-107.33931110419147,48.09231407250522],[-107.33938382306042,48.09229919838029],[-107.33941730119892,48.09230297276437],[-107.33944358131077,48.09229351190536],[-107.33951583971617,48.092269738916755],[-107.33958060278087,48.092228174690554],[-107.33939673416909,48.09214259471577]]]}"
00000000000000000718,9559,0,0,0,"{""type"":""Polygon"",""coordinates"":[[[-107.33947343032978,48.09206961593627],[-107.3394477618029,48.09209247616917],[-107.33942255370656,48.0921242351493],[-107.33939673416909,48.09214259471577],[-107.33958060278087,48.092228174690554],[-107.33963244982137,48.09219586923749],[-107.3396653611277,48.092186315165904],[-107.33967684609398,48.0921458436929],[-107.33947343032978,48.09206961593627]]]}"
00000000000000000744,9560,0,0,0,"{""type"":""Polygon"",""coordinates"":[[[-107.3394429150646,48.09198535205663],[-107.33944327393536,48.09199426654511],[-107.33945781617132,48.092020792167695],[-107.33947991059648,48.09206502210448],[-107.33947343032978,48.09206961593627],[-107.33967684609398,48.0921458436929],[-107.33968332636452,48.092141249840594],[-107.33972042279592,48.092078004941186],[-107.33971966028031,48.092060104869525],[-107.33971787035385,48.09201997776002],[-107.3394429150646,48.09198535205663]]]}"
000000000000000006eb,9561,0,0,0,"{""type"":""Polygon"",""coordinates"":[[[-107.33969516409287,48.09196234854771],[-107.33964653223194,48.09191864935858],[-107.33961126450767,48.09187474807303],[-107.3395974846454,48.091866122551515],[-107.33942898427074,48.091972225828805],[-107.3394429150646,48.09198535205663],[-107.33971787035385,48.09201997776002],[-107.33971725883107,48.09200657837261],[-107.33969516409287,48.09196234854771]]]}"
00000000000000000705,9562,0,0,0,"{""type"":""Polygon"",""coordinates"":[[[-107.33954921196526,48.09183133784547],[-107.33949517221946,48.09181453051482],[-107.33944766214228,48.09179764576747],[-107.33936703350821,48.09192879963072],[-107.33938050380769,48.091933027144876],[-107.3394154569935,48.091968085159486],[-107.33942898427074,48.091972225828805],[-107.3395974846454,48.091866122551515],[-107.33954921196526,48.09183133784547]]]}"
00000000000000000707,9563,0,0,0,"{""type"":""Polygon"",""coordinates"":[[[-107.33942775629478,48.09179808314964],[-107.33936738745687,48.09179037020285],[-107.33930737752519,48.09179157167285],[-107.33924572887476,48.09190004529735],[-107.33936703350821,48.09192879963072],[-107.33944766214228,48.09179764576747],[-107.33942775629478,48.09179808314964]]]}"
00000000000000000702,9564,0,0,0,"{""type"":""Polygon"",""coordinates"":[[[-107.33929405823771,48.091791844806075],[-107.33919337289666,48.091776036679626],[-107.33918653385777,48.0917717160111],[-107.33910401375033,48.09186275835494],[-107.33915106317649,48.09187074459511],[-107.33919867934218,48.09189205910187],[-107.33924572887476,48.09190004529735],[-107.33930737752519,48.09179157167285],[-107.33929405823771,48.091791844806075]]]}"
00000000000000000709,9565,0,0,0,"{""type"":""Polygon"",""coordinates"":[[[-107.33916591516225,48.09175876977131],[-107.33910539569759,48.0917465560126],[-107.33907109904268,48.09172496841288],[-107.33906426003611,48.09172064773901],[-107.33899000925054,48.09184722309558],[-107.33910401375033,48.09186275835494],[-107.33918653385777,48.0917717160111],[-107.33916591516225,48.09175876977131]]]}"
0000000000000000070b,9566,0,0,0,"{""type"":""Polygon"",""coordinates"":[[[-107.33896414185354,48.09171816762773],[-107.33893020410925,48.091705494429505],[-107.33886192830606,48.09181850611202],[-107.33888907174857,48.09182692973828],[-107.33894270748176,48.09183475188915],[-107.33896980633894,48.09184310442045],[-107.33899000925054,48.09184722309558],[-107.33906426003611,48.09172064773901],[-107.33896414185354,48.09171816762773]]]}"
000000000000000006f3,9567,0,0,0,"{""type"":""Polygon"",""coordinates"":[[[-107.33892336513313,48.09170117374643],[-107.33889622176123,48.09169275014826],[-107.33882829715408,48.09166288729653],[-107.33881497798048,48.091663160359644],[-107.33872128592589,48.09180351666958],[-107.338728018646,48.09180340779741],[-107.33880829266128,48.09181068391615],[-107.33886192830606,48.09181850611202],[-107.33893020410925,48.091705494429505],[-107.33892336513313,48.09170117374643]]]}"
0000000000000000070a,9568,0,0,0,"{""type"":""Polygon"",""coordinates"":[[[-107.33873445180676,48.09165139938659],[-107.33868694267879,48.091634514290675],[-107.33859432173162,48.091797168448494],[-107.33865433121764,48.091795967435964],[-107.33872128592589,48.09180351666958],[-107.33881497798048,48.091663160359644],[-107.33873445180676,48.09165139938659]]]}"
000000000000000006fb,9569,0,0,0,"{""type"":""Polygon"",""coordinates"":[[[-107.33863928275396,48.091613128538846],[-107.3385652371263,48.09159677369336],[-107.33855155935395,48.091588132288315],[-107.33854487132388,48.09158831221954],[-107.3385271147153,48.09178513423859],[-107.33858100254294,48.09179744148019],[-107.33859432173162,48.091797168448494],[-107.33868694267879,48.091634514290675],[-107.33863928275396,48.091613128538846]]]}"
00000000000000000723,9570,0,0,0,"{""type"":""Polygon"",""coordinates"":[[[-107.33851844091387,48.09159327205619],[-107.33849828293395,48.09158922436739],[-107.33848496383342,48.09158949738244],[-107.33847164473467,48.091589770395565],[-107.33845832563769,48.09159004340682],[-107.3384445463186,48.0915814177526],[-107.33840397800347,48.09156883747266],[-107.33837693659007,48.091560397973375],[-107.3383722894746,48.091605189582516],[-107.33852052824227,48.09178529840343],[-107.3385271147153,48.09178513423859],[-107.33854487132388,48.09158831221954],[-107.33851844091387,48.09159327205619]]]}"
00000000000000000729,9571,0,0,0,"{""type"":""Polygon"",""coordinates"":[[[-107.3383722894746,48.091605189582516],[-107.33825037756694,48.09171037817046],[-107.33826430767333,48.091723504521504],[-107.33829140609461,48.091731857237896],[-107.33837254293616,48.09175701795164],[-107.33845332132621,48.09177326414198],[-107.33849363746015,48.091781359558496],[-107.33852052824227,48.09178529840343],[-107.3383722894746,48.091605189582516]]]}"
0000000000000000072c,9572,0,0,0,"{""type"":""Polygon"",""coordinates"":[[[-107.33836340973373,48.09155625717743],[-107.33830304222079,48.09154854356242],[-107.33829620339232,48.09154422284376],[-107.3381147874272,48.09165958165757],[-107.33814908310492,48.09168116959727],[-107.33825037756694,48.09171037817046],[-107.3383722894746,48.091605189582516],[-107.33837693659007,48.091560397973375],[-107.33836340973373,48.09155625717743]]]}"
0000000000000000072e,9573,0,0,0,"{""type"":""Polygon"",""coordinates"":[[[-107.33825359447383,48.09148703087191],[-107.3382396644528,48.091473904576276],[-107.3380242671755,48.091576518540215],[-107.3380395205426,48.09161642774669],[-107.3381147874272,48.09165958165757],[-107.33829620339232,48.09154422284376],[-107.33825359447383,48.09148703087191]]]}"
0000000000000000072d,9574,0,0,0,"{""type"":""Polygon"",""coordinates"":[[[-107.33799931141496,48.09146541858812],[-107.33799364982494,48.09148782533275],[-107.33802232829098,48.09153189109023],[-107.33800293219963,48.09154574322161],[-107.33801706986601,48.09156328336734],[-107.3380242671755,48.091576518540215],[-107.3382396644528,48.091473904576276],[-107.33822548203864,48.09145629342281],[-107.33822415388703,48.091425065344225],[-107.33823701271646,48.09141589373096],[-107.33799931141496,48.09146541858812]]]}"
00000000000000000721,9575,0,0,0,"{""type"":""Polygon"",""coordinates"":[[[-107.33800105518091,48.09135813145228],[-107.33799931141496,48.09146541858812],[-107.33823701271646,48.09141589373096],[-107.33824997313079,48.091406706351904],[-107.33824849872889,48.091375422996435],[-107.33800105518091,48.09135813145228]]]}"
0000000000000000072a,9576,0,0,0,"{""type"":""Polygon"",""coordinates"":[[[-107.33804351279313,48.091263480234296],[-107.33803152186785,48.091294981169185],[-107.33800610583003,48.09132232552414],[-107.33800105518091,48.09135813145228],[-107.33824849872889,48.091375422996435],[-107.33824793236919,48.0913620948239],[-107.33826084812492,48.09135283638028],[-107.33827380851325,48.0913436490097],[-107.33804351279313,48.091263480234296]]]}"
00000000000000000724,9577,0,0,0,"{""type"":""Polygon"",""coordinates"":[[[-107.33814684627337,48.091189957855306],[-107.33813409368742,48.09120355894508],[-107.33809535884822,48.09123117623107],[-107.33808285862334,48.091249262166876],[-107.33804351279313,48.091263480234296],[-107.33827380851325,48.0913436490097],[-107.33828630870839,48.09132556301722],[-107.33829926908393,48.09131637564831],[-107.33831835563194,48.09129812551599],[-107.33814684627337,48.091189957855306]]]}"
000000000000000006fd,9578,0,0,0,"{""type"":""Polygon"",""coordinates"":[[[-107.33823033576364,48.0911212310377],[-107.33822410801572,48.09113030953011],[-107.33817226214735,48.09116261353615],[-107.33814684627337,48.091189957855306],[-107.33831835563194,48.09129812551599],[-107.33838842007137,48.09122524186974],[-107.33823033576364,48.0911212310377]]]}"
00000000000000000722,9579,0,0,0,"{""type"":""Polygon"",""coordinates"":[[[-107.33830703090223,48.091048254637016],[-107.33828789985465,48.09106643360407],[-107.33824916521621,48.09109405087495],[-107.33823656350873,48.091112152546536],[-107.33823033576364,48.0911212310377],[-107.33838842007137,48.09122524186974],[-107.33842679617798,48.091188710107986],[-107.33847155077981,48.09114760044348],[-107.33830703090223,48.091048254637016]]]}"
00000000000000000701,9580,0,0,0,"{""type"":""Polygon"",""coordinates"":[[[-107.33839062148981,48.09097951211214],[-107.33836470100432,48.09099788674989],[-107.33833953776316,48.091029715850105],[-107.33832642666798,48.091034402583645],[-107.33830703090223,48.091048254637016],[-107.33847155077981,48.09114760044348],[-107.33850380526953,48.091124576735155],[-107.33854809485393,48.09107012322858],[-107.33839062148981,48.09097951211214]]]}"
000000000000000006fc,9581,0,0,0,"{""type"":""Polygon"",""coordinates"":[[[-107.33839444957749,48.09091690817062],[-107.33840980941126,48.090961246318415],[-107.33839062148981,48.09097951211214],[-107.33854809485393,48.09107012322858],[-107.3385605502108,48.09105196622719],[-107.3386099958891,48.090966136583546],[-107.33860902606776,48.090943823128804],[-107.33839444957749,48.09091690817062]]]}"
00000000000000000708,9582,0,0,0,"{""type"":""Polygon"",""coordinates"":[[[-107.33837812009378,48.090850256636166],[-107.33839444957749,48.09091690817062],[-107.33860902606776,48.090943823128804],[-107.33860168237631,48.09093053285699],[-107.33860637369771,48.090885812895586],[-107.3385977015167,48.090841294920686],[-107.33860408001044,48.09083671702621],[-107.33837812009378,48.090850256636166]]]}"
0000000000000000071d,9583,0,0,0,"{""type"":""Polygon"",""coordinates"":[[[-107.33836669462211,48.09074774433224],[-107.33837725661152,48.0908323727224],[-107.33837812009378,48.090850256636166],[-107.33860408001044,48.09083671702621],[-107.33861642902741,48.09081413060566],[-107.3386277066026,48.09076924657969],[-107.3386427080178,48.09080467026293],[-107.33865398556055,48.090759786242785],[-107.33836669462211,48.09074774433224]]]}"
000000000000000006f8,9584,0,0,0,"{""type"":""Polygon"",""coordinates"":[[[-107.33846890570254,48.09064740848514],[-107.33845680911965,48.090674479605205],[-107.338443849,48.090683666876586],[-107.33844466788163,48.09070147966607],[-107.3384264498341,48.09074205873639],[-107.33836597736756,48.09072991575973],[-107.33836669462211,48.09074774433224],[-107.33865398556055,48.090759786242785],[-107.33865373309916,48.09075530144645],[-107.33867858188438,48.09071462923226],[-107.33846890570254,48.09064740848514]]]}"
00000000000000000700,9585,0,0,0,"{""type"":""Polygon"",""coordinates"":[[[-107.3385118708733,48.09056617319158],[-107.33846829460968,48.0906340094292],[-107.33846890570254,48.09064740848514],[-107.33867858188438,48.09071462923226],[-107.33870925484442,48.0906558932628],[-107.33872787594412,48.090624299547265],[-107.3385118708733,48.09056617319158]]]}"
000000000000000006fe,9586,0,0,0,"{""type"":""Polygon"",""coordinates"":[[[-107.33854233608105,48.09050302373646],[-107.3385118708733,48.09056617319158],[-107.33872787594412,48.090624299547265],[-107.33875834091656,48.09056114995955],[-107.3387625270134,48.09050746076271],[-107.33854233608105,48.09050302373646]]]}"
000000000000000006f9,9587,0,0,0,"{""type"":""Polygon"",""coordinates"":[[[-107.33874630315744,48.09044523928987],[-107.3387251757995,48.090418878495825],[-107.33869563334783,48.09035693014674],[-107.33851401616782,48.090467873239],[-107.3385144764223,48.09047677171271],[-107.33852815379848,48.090485412950144],[-107.33854233608105,48.09050302373646],[-107.3387625270134,48.09050746076271],[-107.33876732429641,48.09046717062625],[-107.33874630315744,48.09044523928987]]]}"
000000000000000006f7,9588,0,0,0,"{""type"":""Polygon"",""coordinates"":[[[-107.33868782475732,48.090330296359525],[-107.33861066884795,48.09024703391889],[-107.33860357772579,48.09023822857277],[-107.33843839210314,48.09041580635256],[-107.3384787067871,48.09042390160282],[-107.33851401616782,48.090467873239],[-107.33869563334783,48.09035693014674],[-107.33868782475732,48.090330296359525]]]}"
000000000000000006f5,9589,0,0,0,"{""type"":""Polygon"",""coordinates"":[[[-107.33856949067103,48.090221055047905],[-107.33857561195246,48.09020754725205],[-107.33854102004646,48.0901814042299],[-107.33850693309371,48.09016423069879],[-107.33849304802781,48.09015117583397],[-107.33831730204088,48.090391465195886],[-107.33835077797663,48.090395239871086],[-107.33840441124221,48.090403062172356],[-107.33843839210314,48.09041580635256],[-107.33860357772579,48.09023822857277],[-107.33856949067103,48.090221055047905]]]}"
000000000000000006ff,9590,0,0,0,"{""type"":""Polygon"",""coordinates"":[[[-107.33847947700038,48.09014696408242],[-107.33844564256857,48.09013427528262],[-107.33835813528374,48.09011813833914],[-107.3383143516367,48.09018156023995],[-107.33837496940181,48.09019375845176],[-107.33839548524278,48.09020672027334],[-107.33839609631771,48.09022011922113],[-107.3384048697562,48.090264620930284],[-107.33835807530461,48.090261119259026],[-107.33833802428711,48.09026150106935],[-107.3382643402784,48.090254060539934],[-107.33818912128781,48.0903583184897],[-107.33824254659363,48.09036172718728],[-107.33827000265264,48.09037899394301],[-107.33831036182167,48.09038716033399],[-107.33831730204088,48.090391465195886],[-107.33849304802781,48.09015117583397],[-107.33847947700038,48.09014696408242]]]}"
0000000000000000071e,9591,0,0,0,"{""type"":""MultiPolygon"",""coordinates"":[[[[-107.33829766387836,48.090105995436794],[-107.33823969818474,48.09015180657226],[-107.33824658139923,48.09015619825815],[-107.3383143516367,48.09018156023995],[-107.33835813528374,48.09011813833914],[-107.33829766387836,48.090105995436794]]],[[[-107.33825066308324,48.090245419298356],[-107.3381632004531,48.090229353213886],[-107.3381497310716,48.09022512564262],[-107.33802138837763,48.09033497571292],[-107.33805522267994,48.09034766471424],[-107.33814891304546,48.09035465257919],[-107.33818912128781,48.0903583184897],[-107.3382643402784,48.090254060539934],[-107.33825066308324,48.090245419298356]]]]}"
0000000000000000071c,9592,0,0,0,"{""type"":""MultiPolygon"",""coordinates"":[[[[-107.3380953857135,48.090203920027164],[-107.33807461765406,48.09018647338662],[-107.33804762202254,48.0901781050592],[-107.33802696017554,48.09016508785826],[-107.33798786801628,48.090331129849886],[-107.33801450517612,48.09033058399559],[-107.33802138837763,48.09033497571292],[-107.3381497310716,48.09022512564262],[-107.3380953857135,48.090203920027164]]],[[[-107.33823729874459,48.0900982819331],[-107.33821668146493,48.09008533586596],[-107.33820295971015,48.09007662357204],[-107.3381488669006,48.09005990278239],[-107.33809314902808,48.09000739891782],[-107.33806651207777,48.09000794478529],[-107.33806691527853,48.090016930022244],[-107.33810804802674,48.0900428379568],[-107.33810926997243,48.09006963578097],[-107.33810973013291,48.09007853419149],[-107.33808395648471,48.09009696372865],[-107.33810447210779,48.090109925594135],[-107.33817897443807,48.09013517883977],[-107.33823969818474,48.09015180657226],[-107.33829766387836,48.090105995436794],[-107.33823729874459,48.0900982819331]]]]}"
0000000000000000071f,9593,0,0,0,"{""type"":""MultiPolygon"",""coordinates"":[[[[-107.3380330366214,48.09000417002651],[-107.33800053066719,48.090022708324305],[-107.33802741999766,48.09002664721241],[-107.33806007675865,48.090012609404994],[-107.33806691527853,48.090016930022244],[-107.33806651207777,48.09000794478529],[-107.3380330366214,48.09000417002651]]],[[[-107.33789438591528,48.09018121599378],[-107.33788106740502,48.09018148890262],[-107.33792790595734,48.09033240141281],[-107.33793459371803,48.09033222153576],[-107.33798786801628,48.090331129849886],[-107.33802696017554,48.09016508785826],[-107.33789438591528,48.09018121599378]]]]}"
00000000000000000725,9594,0,0,0,"{""type"":""Polygon"",""coordinates"":[[[-107.33788106740502,48.09018148890262],[-107.33786065801979,48.09017295641323],[-107.33785983940864,48.090155143791236],[-107.33784611776798,48.09014643143176],[-107.33782621314265,48.09014686843666],[-107.33780498521531,48.09012052332876],[-107.33779810209303,48.090116131611815],[-107.33773349210773,48.09030953288036],[-107.33780054488426,48.09031706686763],[-107.33782758511862,48.090325506359505],[-107.33792790595734,48.09033240141281],[-107.33788106740502,48.09018148890262]],[[-107.33784024864839,48.09016442392052],[-107.33782682401,48.09016026737807],[-107.33782718251454,48.090169181571966],[-107.33784024864839,48.09016442392052]]]}"
00000000000000000720,9595,0,0,0,"{""type"":""Polygon"",""coordinates"":[[[-107.33779126360784,48.09011181096634],[-107.33778457589686,48.09011199083138],[-107.33758887910844,48.0902053050567],[-107.33758923755437,48.090214219260616],[-107.3376597025027,48.09029766241059],[-107.33773349210773,48.09030953288036],[-107.33779810209303,48.090116131611815],[-107.33779126360784,48.09011181096634]]]}"
00000000000000000775,9596,0,0,0,"{""type"":""Polygon"",""coordinates"":[[[-107.33777748505798,48.090103185439624],[-107.33776380810204,48.09009454414736],[-107.33775013115434,48.09008590285437],[-107.33772946952786,48.09007288560659],[-107.33753775294736,48.09010809718911],[-107.33759510678918,48.090196226767226],[-107.33758887910844,48.0902053050567],[-107.33778457589686,48.09011199083138],[-107.33777748505798,48.090103185439624]]]}"
000000000000000006e9,9597,0,0,0,"{""type"":""Polygon"",""coordinates"":[[[-107.33771594336493,48.090068744819035],[-107.33772181251663,48.09005075236987],[-107.33771457094356,48.09003744647798],[-107.33771998002321,48.09001055563501],[-107.33771268150667,48.08999733658919],[-107.3375066331226,48.09001043677336],[-107.33750280382947,48.090073039628955],[-107.33753066218706,48.09009929177777],[-107.33753775294736,48.09010809718911],[-107.33772946952786,48.09007288560659],[-107.33771594336493,48.090068744819035]]]}"
000000000000000006e8,9598,0,0,0,"{""type"":""Polygon"",""coordinates"":[[[-107.33770447064187,48.08996171765029],[-107.33767028299913,48.089944559635555],[-107.33766870290054,48.089908847708934],[-107.33747612418918,48.08992617541247],[-107.3375056639407,48.089988123697474],[-107.3375066331226,48.09001043677336],[-107.33771268150667,48.08999733658919],[-107.33770447064187,48.08996171765029]]]}"
000000000000000006e7,9599,0,0,0,"{""type"":""Polygon"",""coordinates"":[[[-107.33765717337106,48.08980190769276],[-107.33745270607534,48.08985071955011],[-107.33745321071208,48.08985968900217],[-107.33746770589511,48.08988614283783],[-107.33746892737747,48.08991294060192],[-107.33747612418918,48.08992617541247],[-107.33766870290054,48.089908847708934],[-107.33767497514482,48.08989984053877],[-107.33765717337106,48.08980190769276]]]}"
000000000000000006e4,9600,0,0,0,"{""type"":""Polygon"",""coordinates"":[[[-107.33742163128284,48.08975313064685],[-107.33743724176986,48.08980195273108],[-107.33745270607534,48.08985071955011],[-107.33765717337106,48.08980190769276],[-107.33764854717087,48.08975746158832],[-107.3376539115985,48.08973049982174],[-107.33742163128284,48.08975313064685]]]}"
00000000000000000743,9601,0,0,0,"{""type"":""Polygon"",""coordinates"":[[[-107.33738990128653,48.08964207202082],[-107.33739137503365,48.08967335437313],[-107.33742163128284,48.08975313064685],[-107.3376539115985,48.08973049982174],[-107.33766457893275,48.08967221799837],[-107.33766447280586,48.089667788596024],[-107.33738990128653,48.08964207202082]]]}"
000000000000000006dd,9602,0,0,0,"{""type"":""MultiPolygon"",""coordinates"":[[[[-107.33770861503226,48.08961328171077],[-107.33774137300279,48.08959922836742],[-107.3377409129264,48.08959033003425],[-107.33771387325481,48.089581890621844],[-107.33770861503226,48.08961328171077]]],[[[-107.33771387325481,48.089581890621844],[-107.33765315100318,48.089565262698926],[-107.33740704887143,48.08957919685126],[-107.33740730118568,48.08958368155411],[-107.33738836607843,48.089606431360046],[-107.3373893352023,48.08962874427633],[-107.33738990128653,48.08964207202082],[-107.33766447280586,48.089667788596024],[-107.3376763617427,48.08963630445828],[-107.33766804937595,48.08960070152366],[-107.33771387325481,48.089581890621844]]]]}"
000000000000000006e3,9603,0,0,0,"{""type"":""Polygon"",""coordinates"":[[[-107.3374674141037,48.089439573365226],[-107.33742863639486,48.08946711833809],[-107.33740704887143,48.08957919685126],[-107.33765315100318,48.089565262698926],[-107.3374674141037,48.089439573365226]]]}"
000000000000000006e2,9604,0,0,0,"{""type"":""Polygon"",""coordinates"":[[[-107.33761845557112,48.089387352919616],[-107.3375987636437,48.0893966486176],[-107.33750012728386,48.08942544908389],[-107.33747384934809,48.08943490883812],[-107.3374674141037,48.089439573365226],[-107.33765315100318,48.089565262698926],[-107.33771387325481,48.089581890621844],[-107.3377409129264,48.08959033003425],[-107.33774050979986,48.089581344867064],[-107.33773994358658,48.08956801714332],[-107.33775969710983,48.089563079705464],[-107.33761845557112,48.089387352919616]]]}"
000000000000000006e0,9605,0,0,0,"{""type"":""Polygon"",""coordinates"":[[[-107.33776939527839,48.089335148057],[-107.33769020313665,48.089354613413896],[-107.33766463765275,48.089377456185666],[-107.33762504155638,48.08938718883662],[-107.33761845557112,48.089387352919616],[-107.33775969710983,48.089563079705464],[-107.33780592408404,48.089553253934696],[-107.3378192423584,48.08955298104554],[-107.33776939527839,48.089335148057]]]}"
000000000000000006de,9606,0,0,0,"{""type"":""Polygon"",""coordinates"":[[[-107.33790819361579,48.08916260563301],[-107.33790615311835,48.089117995998194],[-107.33790574994461,48.089109010913745],[-107.33786461839529,48.08908310332289],[-107.33786278568503,48.08904290733727],[-107.33784119974719,48.0890076487809],[-107.33785988195774,48.08898041450935],[-107.33785222501582,48.08895828174194],[-107.33778047826279,48.088991021101066],[-107.33782298218324,48.08904822641487],[-107.33782466406372,48.08908392198391],[-107.3378261997269,48.08911956227137],[-107.3378270629839,48.08913744561226],[-107.3378421691578,48.08917729771467],[-107.33784482046599,48.08923530610787],[-107.33784665314461,48.08927550224199],[-107.33782241568626,48.08932957184323],[-107.3377957792986,48.089330117614146],[-107.33776939527839,48.089335148057],[-107.3378192423584,48.08955298104554],[-107.33783914666397,48.08955254405516],[-107.33788583375707,48.08955161657138],[-107.33789252137414,48.08955143670357],[-107.3379372739146,48.089362991404315],[-107.33787716266104,48.08935976242566],[-107.33791360260402,48.089283051810334],[-107.3379237600233,48.0892113560043],[-107.33794248694268,48.089184192679404],[-107.33790819361579,48.08916260563301]]]}"
000000000000000006df,9607,0,0,0,"{""type"":""Polygon"",""coordinates"":[[[-107.33799763760716,48.08937070502543],[-107.3379372739146,48.089362991404315],[-107.33789252137414,48.08955143670357],[-107.33791247032902,48.08955107076845],[-107.33793828824177,48.08953271254926],[-107.33797222336746,48.08954538564047],[-107.33799789046051,48.08952252694816],[-107.3380849964407,48.08938678681914],[-107.33799763760716,48.08937070502543]]]}"
000000000000000006e6,9608,0,0,0,"{""type"":""Polygon"",""coordinates"":[[[-107.33819863337396,48.08939340859411],[-107.338091684042,48.08938660693841],[-107.3380849964407,48.08938678681914],[-107.33799789046051,48.08952252694816],[-107.3380107486078,48.08951335571496],[-107.33803075451662,48.08951290291982],[-107.33804468376863,48.08952602877496],[-107.33811872471134,48.089542383496216],[-107.33813204302604,48.08954211056264],[-107.3382321083661,48.08939718326294],[-107.33819863337396,48.08939340859411]]]}"
000000000000000006db,9609,0,0,0,"{""type"":""Polygon"",""coordinates"":[[[-107.33831910895489,48.08940435078086],[-107.3382321083661,48.08939718326294],[-107.33813204302604,48.08954211056264],[-107.33824629153226,48.0895621310696],[-107.33825960987208,48.08956185811757],[-107.33837932219917,48.08940756370968],[-107.33831910895489,48.08940435078086]]]}"
000000000000000006ef,9610,0,0,0,"{""type"":""Polygon"",""coordinates"":[[[-107.33846632298338,48.08941473109048],[-107.33837932219917,48.08940756370968],[-107.33825960987208,48.08956185811757],[-107.3382732868358,48.08957049925122],[-107.33831374673316,48.08957864977158],[-107.33834074208379,48.08958701793564],[-107.33836079273783,48.08958663613888],[-107.3383944757788,48.089594824386154],[-107.33848663066328,48.089423279096074],[-107.33846632298338,48.08941473109048]]]}"
000000000000000006e5,9611,0,0,0,"{""type"":""MultiPolygon"",""coordinates"":[[[[-107.33871753432506,48.08922201118928],[-107.33871814553838,48.08923540988015],[-107.33872416499332,48.08922191810008],[-107.33871753432506,48.08922201118928]]],[[[-107.33854806635803,48.089453289411956],[-107.33852740459687,48.08944027249643],[-107.33848663066328,48.089423279096074],[-107.3383944757788,48.089594824386154],[-107.33845473866054,48.089602553499184],[-107.33850224506114,48.08961943812577],[-107.33852240199762,48.089623485688335],[-107.33860169844627,48.0894611114924],[-107.33854806635803,48.089453289411956]]]]}"
000000000000000006d8,9612,0,0,0,"{""type"":""Polygon"",""coordinates"":[[[-107.33885637789305,48.08919687515806],[-107.3388498981302,48.08920146868394],[-107.33880611631942,48.08926488965512],[-107.33875957535041,48.08926587288886],[-107.3387441708958,48.089221465158765],[-107.33873085260954,48.08922173817496],[-107.33872416499332,48.08922191810008],[-107.33871814553838,48.08923540988015],[-107.338719115487,48.08925772260432],[-107.33870625750734,48.08926689388361],[-107.33870686871559,48.089280292586125],[-107.33869696515804,48.08935647321006],[-107.33869793508943,48.089378785986355],[-107.33869864787667,48.089392168952116],[-107.33871268368257,48.089409724048224],[-107.33872682108752,48.08942726338223],[-107.33866227071452,48.08947323830662],[-107.33860169844627,48.0894611114924],[-107.33852240199762,48.089623485688335],[-107.33858301908164,48.089635683656205],[-107.33861664534987,48.089643958664716],[-107.33863665145702,48.08964350573699],[-107.33864349002445,48.089647826281535],[-107.33874401459327,48.08951179649122],[-107.33870298791261,48.08949031847896],[-107.33874967535627,48.08948939056675],[-107.33876299374116,48.08948911754403],[-107.3387817203841,48.0894619539185],[-107.33878013917244,48.08942624236679],[-107.33874498113013,48.08938677213382],[-107.33876151529587,48.08931049837056],[-107.33885352106643,48.0892817897664],[-107.33887188876967,48.08924571220685],[-107.33885637789305,48.08919687515806]]]}"
000000000000000006da,9613,0,0,0,"{""type"":""MultiPolygon"",""coordinates"":[[[[-107.3387817203841,48.0894619539185],[-107.33876299374116,48.08948911754403],[-107.33880294890655,48.089488298464516],[-107.3387817203841,48.0894619539185]]],[[[-107.33885984539997,48.08956752785201],[-107.3388261174688,48.08955926870855],[-107.33880560171293,48.08954630713682],[-107.33874401459327,48.08951179649122],[-107.33864349002445,48.089647826281535],[-107.33868405650195,48.0896604060464],[-107.3386978798847,48.089669102435664],[-107.338724875501,48.089677470499254],[-107.33874564375652,48.08969491682479],[-107.338880613694,48.08958497411078],[-107.33885984539997,48.08956752785201]]]]}"
000000000000000006d9,9614,0,0,0,"{""type"":""Polygon"",""coordinates"":[[[-107.33893495910841,48.08960617902971],[-107.33889439248969,48.089593599387584],[-107.338880613694,48.08958497411078],[-107.33874564375652,48.08969491682479],[-107.33882172748764,48.089755881118776],[-107.3390042045025,48.089662822544646],[-107.33893495910841,48.08960617902971]]]}"
000000000000000006f4,9615,0,0,0,"{""type"":""Polygon"",""coordinates"":[[[-107.33903160371824,48.08968017568612],[-107.33901788178748,48.089671463580544],[-107.3390042045025,48.089662822544646],[-107.33882172748764,48.089755881118776],[-107.33883565722371,48.08976900690749],[-107.3389040835375,48.08980783818655],[-107.33893837837934,48.089829425103645],[-107.33903854395334,48.089684480437434],[-107.33903160371824,48.08968017568612]]]}"
000000000000000006d7,9616,0,0,0,"{""type"":""Polygon"",""coordinates"":[[[-107.33909304062894,48.08971018576881],[-107.33904538260512,48.08968880095454],[-107.33903854395334,48.089684480437434],[-107.33893837837934,48.089829425103645],[-107.33897292577862,48.089855496733136],[-107.3390266034191,48.08986338968331],[-107.33905370093072,48.08987174191138],[-107.33906033173892,48.08987164879423],[-107.33912064783277,48.08973195253323],[-107.33909304062894,48.08971018576881]]]}"
000000000000000006d5,9617,0,0,0,"{""type"":""Polygon"",""coordinates"":[[[-107.33923694078094,48.0897965819798],[-107.3392230108316,48.0897834562479],[-107.33920260104186,48.089774924119126],[-107.33917499373557,48.089753157363084],[-107.33912733556858,48.08973177257568],[-107.33912064783277,48.08973195253323],[-107.33906033173892,48.08987164879423],[-107.33908033806244,48.089871195766456],[-107.33909401544832,48.089879836823236],[-107.33916831093703,48.08990067551305],[-107.33924352695065,48.08979641777965],[-107.33923694078094,48.0897965819798]]]}"
000000000000000006cb,9618,0,0,0,"{""type"":""Polygon"",""coordinates"":[[[-107.33929057391367,48.08980440369954],[-107.33924352695065,48.08979641777965],[-107.33916831093703,48.08990067551305],[-107.3391749417586,48.08990058238759],[-107.33917550848761,48.08991391017419],[-107.33920285864704,48.0899267470872],[-107.33921714748085,48.08994878699947],[-107.33923133002011,48.08996639749732],[-107.33925209877775,48.089983843796425],[-107.33936543632908,48.08983856996842],[-107.33929057391367,48.08980440369954]]]}"
000000000000000006d2,9619,0,0,0,"{""type"":""Polygon"",""coordinates"":[[[-107.33939319008837,48.08986039200328],[-107.33937252762534,48.08984737518675],[-107.33936543632908,48.08983856996842],[-107.33925209877775,48.089983843796425],[-107.33928740901295,48.09002781475746],[-107.33930129443904,48.09004086946743],[-107.33948152240477,48.08989878557474],[-107.33939319008837,48.08986039200328]]]}"
000000000000000006d1,9620,0,0,0,"{""type"":""Polygon"",""coordinates"":[[[-107.33952255031731,48.08992026338974],[-107.33952856967099,48.08990677138572],[-107.33948152240477,48.08989878557474],[-107.33930129443904,48.09004086946743],[-107.33930154698429,48.090045354198885],[-107.3393083857487,48.09004967472407],[-107.33960547521413,48.08998554776672],[-107.33952255031731,48.08992026338974]]]}"
0000000000000000071a,9621,0,0,0,"{""type"":""GeometryCollection"",""geometries"":[{""type"":""LineString"",""coordinates"":[[-107.33965716971191,48.09009617608023],[-107.33966383011598,48.09009604040023]]},{""type"":""Polygon"",""coordinates"":[[[-107.33959639252073,48.09007954202531],[-107.33961522065783,48.09005236216705],[-107.33960547521413,48.08998554776672],[-107.3393083857487,48.09004967472407],[-107.33931568497033,48.0900628936437],[-107.33932976602306,48.09008051992916],[-107.33934369612703,48.090093645715896],[-107.33965711777336,48.09009616880424],[-107.33965701141094,48.0900917393743],[-107.33959639252073,48.09007954202531]]]}]}"
000000000000000006f6,9622,0,0,0,"{""type"":""Polygon"",""coordinates"":[[[-107.33934369612703,48.090093645715896],[-107.33935762624252,48.090106771503606],[-107.33938569442434,48.090137436749934],[-107.33941376265858,48.09016810200462],[-107.33942794539489,48.09018571254197],[-107.33947571078852,48.09021152678281],[-107.33946948343275,48.090220605188826],[-107.33965711777336,48.09009616880424],[-107.33934369612703,48.090093645715896]]]}"
000000000000000006fa,9623,0,0,0,"{""type"":""Polygon"",""coordinates"":[[[-107.33965711777336,48.09009616880424],[-107.33946948343275,48.090220605188826],[-107.3394696913586,48.09022501886378],[-107.33953163968036,48.09026844364805],[-107.33963926198956,48.09028855580559],[-107.33964625185959,48.090297376841924],[-107.33966385025171,48.09009605987603],[-107.33965711777336,48.09009616880424]]]}"
000000000000000006f0,9624,0,0,0,"{""type"":""Polygon"",""coordinates"":[[[-107.33983092507971,48.09025342664999],[-107.33979729754894,48.09024515200333],[-107.33981663568613,48.09023138671549],[-107.33973753538193,48.09010349927905],[-107.33973105549475,48.09010809294696],[-107.3396914582283,48.090117826616485],[-107.33966385025171,48.09009605987603],[-107.33964625185959,48.090297376841924],[-107.33966691471512,48.09031039370111],[-107.33971921943937,48.090286987882564],[-107.33974535185969,48.090277472037435],[-107.33977127152491,48.090259097299445],[-107.33978520191361,48.090272223059465],[-107.33982490574634,48.09026691876157],[-107.33984618029508,48.09029333451624],[-107.33985240759914,48.09028425607449],[-107.33983092507971,48.09025342664999]]]}"
000000000000000006d3,9625,0,0,0,"{""type"":""MultiPolygon"",""coordinates"":[[[[-107.33983092507971,48.09025342664999],[-107.33985240759914,48.09028425607449],[-107.3398515433795,48.09026637238556],[-107.3398645031995,48.09025718500455],[-107.33983092507971,48.09025342664999]]],[[[-107.33984204259217,48.09005670351487],[-107.33973753538193,48.09010349927905],[-107.33981663568613,48.09023138671549],[-107.33982970187853,48.09022662878581],[-107.33985745631986,48.090248450830295],[-107.33988302173707,48.09022560709648],[-107.33994237322338,48.09021093536169],[-107.33995533301339,48.09020174797886],[-107.33984204259217,48.09005670351487]]]]}"
000000000000000006f2,9626,0,0,0,"{""type"":""Polygon"",""coordinates"":[[[-107.34010102032634,48.090180930039],[-107.34007438268394,48.090181476483664],[-107.34008683716658,48.09016331961358],[-107.33993971077514,48.090005587208765],[-107.33993307988014,48.09000568038917],[-107.33989388633883,48.090024399340365],[-107.33987393670796,48.09002476570822],[-107.3398339805113,48.09002558526859],[-107.33985510872142,48.09005194559917],[-107.33984204259217,48.09005670351487],[-107.33995533301339,48.09020174797886],[-107.33996819121118,48.090192576363194],[-107.34001488016544,48.09019164778414],[-107.34011495085618,48.090194055727984],[-107.34010102032634,48.090180930039]]]}"
000000000000000006ee,9627,0,0,0,"{""type"":""GeometryCollection"",""geometries"":[{""type"":""LineString"",""coordinates"":[[-107.34011493841996,48.090194043387505],[-107.34010100992462,48.09018092799659]]},{""type"":""Polygon"",""coordinates"":[[[-107.34009820592634,48.089971081542444],[-107.34007754299665,48.08995806486222],[-107.34002513236423,48.0899770412982],[-107.33999885392555,48.08998650185666],[-107.339972575481,48.089995962409766],[-107.33993971077514,48.090005587208765],[-107.34008683716658,48.09016331961358],[-107.34009310904423,48.090154312250874],[-107.3401469960261,48.09016661825149],[-107.3401536839119,48.09016643821705],[-107.34016495955042,48.09012155461323],[-107.34009820592634,48.089971081542444]]]}]}"
000000000000000006cc,9628,0,0,0,"{""type"":""MultiPolygon"",""coordinates"":[[[[-107.34044270310687,48.08992385169071],[-107.3403421274048,48.08991247466346],[-107.34026905379878,48.08991843459958],[-107.34018388495784,48.089951465411545],[-107.34018449669401,48.08996486426599],[-107.34014500108889,48.08997458232703],[-107.34010504483128,48.08997540200114],[-107.34009820592634,48.089971081542444],[-107.34016495955042,48.09012155461323],[-107.34045602188687,48.08992357842052],[-107.34044270310687,48.08992385169071]]],[[[-107.3403085968561,48.089761291564734],[-107.34024970669334,48.08978486172149],[-107.34022404014048,48.08980772111714],[-107.34020470230222,48.08982148636845],[-107.34014051102814,48.08987637675354],[-107.34011448530501,48.08989032203721],[-107.34015591757965,48.089920784760125],[-107.340182049749,48.089911268868725],[-107.34027216030535,48.08983800370308],[-107.34032457075332,48.08981902718702],[-107.3403841174277,48.08980892684875],[-107.34038386474764,48.08980444214377],[-107.3403085968561,48.089761291564734]]]]}"
000000000000000006cf,9629,0,0,0,"{""type"":""Polygon"",""coordinates"":[[[-107.3405709941088,48.08996142442862],[-107.34052261581364,48.08992221204119],[-107.3405030699048,48.089931563738006],[-107.34045602188687,48.08992357842052],[-107.34016495955042,48.09012155461323],[-107.3401536839119,48.09016643821705],[-107.34048465616361,48.090115067558266],[-107.3405857447484,48.08999236249382],[-107.3405709941088,48.08996142442862]]]}"
000000000000000006d4,9630,0,0,0,"{""type"":""GeometryCollection"",""geometries"":[{""type"":""LineString"",""coordinates"":[[-107.34014702513598,48.09016659124437],[-107.34015368554682,48.090166455535815]]},{""type"":""Polygon"",""coordinates"":[[[-107.3401536839119,48.09016643821705],[-107.34016847884043,48.09019744754671],[-107.3401555190738,48.09020663495699],[-107.34019021918408,48.090237206803714],[-107.3402049695302,48.09026814509748],[-107.34042189622897,48.090201169930985],[-107.34047888974072,48.09013304440191],[-107.34048465616361,48.090115067558266],[-107.3401536839119,48.09016643821705]]]}]}"
00000000000000000706,9631,0,0,0,"{""type"":""Polygon"",""coordinates"":[[[-107.34042189622897,48.090201169930985],[-107.3402049695302,48.09026814509748],[-107.34021206116294,48.09027695031722],[-107.34023380160144,48.09031670962215],[-107.34032835902883,48.090341578986155],[-107.34036903401638,48.090358587601166],[-107.34044955942107,48.09037034693131],[-107.34042189622897,48.090201169930985]]]}"
00000000000000000703,9632,0,0,0,"{""type"":""Polygon"",""coordinates"":[[[-107.34047888974072,48.09013304440191],[-107.34042189622897,48.090201169930985],[-107.34044955942107,48.09037034693131],[-107.34050344704065,48.09038265276604],[-107.34055697556191,48.090386044366426],[-107.34058422536134,48.09039889673755],[-107.34063735013389,48.09039330301569],[-107.34066413921016,48.09039725692624],[-107.34047888974072,48.09013304440191]]]}"
000000000000000006ed,9633,0,0,0,"{""type"":""Polygon"",""coordinates"":[[[-107.34059247727502,48.08999225349939],[-107.3405857447484,48.08999236249382],[-107.34048465616361,48.090115067558266],[-107.34047888974072,48.09013304440191],[-107.34066413921016,48.09039725692624],[-107.3407508922254,48.09039993748931],[-107.34059247727502,48.08999225349939]],[[-107.34063223633395,48.090134358666944],[-107.34061870938808,48.09013021830395],[-107.34061906857289,48.09013913246501],[-107.34063223633395,48.090134358666944]]]}"
000000000000000006ea,9634,0,0,0,"{""type"":""Polygon"",""coordinates"":[[[-107.34079613968576,48.090072960745054],[-107.34078220885071,48.09005983519306],[-107.34068693293123,48.0900171381285],[-107.34059247727502,48.08999225349939],[-107.3407508922254,48.09039993748931],[-107.34080426980182,48.090398828426125],[-107.34080312988499,48.090081781652444],[-107.34079613968576,48.090072960745054]]]}"
000000000000000006ec,9635,0,0,0,"{""type"":""Polygon"",""coordinates"":[[[-107.34102584118621,48.090434558556815],[-107.34098404799869,48.09039518175084],[-107.34102303376568,48.0903720485336],[-107.34102134882644,48.09033635222237],[-107.34098016776632,48.090310374415736],[-107.3410195573627,48.09029622649383],[-107.34103165227657,48.090269155287906],[-107.34080312988499,48.090081781652444],[-107.34080426980182,48.090398828426125],[-107.34083105894966,48.09040278228865],[-107.34085754581821,48.09039773510075],[-107.34093138391543,48.09040967410468],[-107.34093342801945,48.09045428468128],[-107.3409598133529,48.09044925322713],[-107.34097374440985,48.09046237884505],[-107.34097619247119,48.090515974756464],[-107.34102870555134,48.09049698181554],[-107.34105391148458,48.09046522345253],[-107.34102584118621,48.090434558556815]]]}"
0000000000000000215a,9636,0,0,0,"{""type"":""Polygon"",""coordinates"":[[[-107.34079613968576,48.090072960745054],[-107.34080312988499,48.090081781652444],[-107.34103165227657,48.090269155287906],[-107.34104415110205,48.09025106934088],[-107.34108921259705,48.090214357157684],[-107.34111860098932,48.09012891012961],[-107.34079613968576,48.090072960745054]]]}"
0000000000000000071b,9637,0,0,0,"{""type"":""Polygon"",""coordinates"":[[[-107.34088120726692,48.09003994507255],[-107.34086252602545,48.09006718045794],[-107.34082170466318,48.09005011684848],[-107.34078220885071,48.09005983519306],[-107.34079613968576,48.090072960745054],[-107.34111860098932,48.09012891012961],[-107.34112446873159,48.09011091748734],[-107.3411614097466,48.09004317409451],[-107.34116548580977,48.089985055996515],[-107.34088120726692,48.09003994507255]]]}"
000000000000000006ca,9638,0,0,0,"{""type"":""MultiPolygon"",""coordinates"":[[[[-107.3407872566768,48.090024030075696],[-107.34071979772851,48.09000751306894],[-107.34068693293123,48.0900171381285],[-107.34078220885071,48.09005983519306],[-107.34082170466318,48.09005011684848],[-107.3407872566768,48.090024030075696]]],[[[-107.34114951041343,48.08992732036978],[-107.34113374318966,48.08987399843945],[-107.34084471519644,48.089969248121555],[-107.34086533393493,48.0899821935579],[-107.34090003471287,48.090012765000054],[-107.34088120726692,48.09003994507255],[-107.34116548580977,48.089985055996515],[-107.3411644128063,48.08996275879355],[-107.34116400884311,48.089953773598246],[-107.34116354793522,48.08994487524251],[-107.34114951041343,48.08992732036978]]]]}"
000000000000000006f1,9639,0,0,0,"{""type"":""MultiPolygon"",""coordinates"":[[[[-107.34063161378955,48.08997362111391],[-107.34061789113807,48.08996490920692],[-107.34059079273656,48.08995655742869],[-107.3405709941088,48.08996142442862],[-107.3405857447484,48.08999236249382],[-107.34059247727502,48.08999225349939],[-107.34068693293123,48.0900171381285],[-107.34071979772851,48.09000751306894],[-107.34063161378955,48.08997362111391]]],[[[-107.34112619043304,48.08985629502007],[-107.34110592596515,48.0898478186089],[-107.34108944517449,48.08978111372143],[-107.34078755996154,48.08988553474863],[-107.34080174347145,48.08990314496832],[-107.34080256352424,48.08992095744306],[-107.34082409647658,48.0899563026835],[-107.34084471519644,48.089969248121555],[-107.34113374318966,48.08987399843945],[-107.34112619043304,48.08985629502007]]]]}"
000000000000000006cd,9640,0,0,0,"{""type"":""MultiPolygon"",""coordinates"":[[[[-107.34057711474829,48.0899479165881],[-107.34054302628404,48.089930743895636],[-107.3405557332074,48.08991707177125],[-107.34053593460433,48.08992193875964],[-107.34052261581364,48.08992221204119],[-107.3405709941088,48.08996142442862],[-107.34059079273656,48.08995655742869],[-107.34057711474829,48.0899479165881]]],[[[-107.34106224011978,48.08976833271201],[-107.34106770386842,48.08974135503823],[-107.34104708513777,48.089728409704584],[-107.34103361517052,48.089724182593685],[-107.34101274371031,48.08970675256324],[-107.34100590467685,48.08970243219466],[-107.34070463210188,48.089820251593636],[-107.34071831009535,48.089828892394884],[-107.34073208968408,48.089837517427526],[-107.34075250020578,48.08984604922232],[-107.34078755996154,48.08988553474863],[-107.34108944517449,48.08978111372143],[-107.34106224011978,48.08976833271201]]]]}"
000000000000000006c4,9641,0,0,0,"{""type"":""Polygon"",""coordinates"":[[[-107.34097865508872,48.089689580108555],[-107.34094997337175,48.08964551686441],[-107.34090425097783,48.089664313570246],[-107.34088384048214,48.089655781836655],[-107.34060777395916,48.08974184293627],[-107.34060788043912,48.08974627233264],[-107.34060129418398,48.089746436628516],[-107.34055521737464,48.08976076427485],[-107.34054919835316,48.08977425629736],[-107.34059037835966,48.08980023405053],[-107.34062890275939,48.089768202938856],[-107.34065600104817,48.089776554679204],[-107.34070463210188,48.089820251593636],[-107.34100590467685,48.08970243219466],[-107.34097865508872,48.089689580108555]]]}"
000000000000000006c5,9642,0,0,0,"{""type"":""GeometryCollection"",""geometries"":[{""type"":""LineString"",""coordinates"":[[-107.34030862468481,48.08976132292786],[-107.34031528504254,48.08976118721081]]},{""type"":""Polygon"",""coordinates"":[[[-107.34083571971138,48.08962549967821],[-107.34082729752296,48.08958546772677],[-107.34055684676402,48.08964905138848],[-107.3405776162885,48.089666497275516],[-107.3406065501671,48.08971504535819],[-107.34060777395916,48.08974184293627],[-107.34088384048214,48.089655781836655],[-107.34083571971138,48.08962549967821]]]},{""type"":""Polygon"",""coordinates"":[[[-107.34052638513671,48.08971220036542],[-107.3404799492236,48.089717613872835],[-107.34043498967245,48.08975430964567],[-107.34038146213778,48.08975091799295],[-107.34032879911152,48.08976540981111],[-107.34031532932087,48.08976118259183],[-107.34038386474764,48.08980444214377],[-107.34039023809147,48.089795419058795],[-107.34041637017796,48.08978590312836],[-107.34043555686377,48.08976763737594],[-107.34048826455562,48.089753216567665],[-107.34050745120305,48.08973495081322],[-107.3405546054983,48.08974736547843],[-107.34055521737464,48.08976076427485],[-107.34060129418398,48.089746436628516],[-107.34052638513671,48.08971220036542]]]}]}"
000000000000000006c6,9643,0,0,0,"{""type"":""Polygon"",""coordinates"":[[[-107.34078325342446,48.08949706802363],[-107.34078264145907,48.08948366929824],[-107.34051387599959,48.08958294848507],[-107.34052071491783,48.089587268881836],[-107.34053561650452,48.089622707194216],[-107.34055684676402,48.08964905138848],[-107.34082729752296,48.08958546772677],[-107.34082561273323,48.089549771943226],[-107.34082428226539,48.08951854509366],[-107.34078325342446,48.08949706802363]]]}"
000000000000000006c3,9644,0,0,0,"{""type"":""Polygon"",""coordinates"":[[[-107.34072548703682,48.08939995664211],[-107.34072476859322,48.08938212857521],[-107.34047713244209,48.0895077673001],[-107.34049203395598,48.08954320556743],[-107.34051387599959,48.08958294848507],[-107.34078264145907,48.08948366929824],[-107.3407814621696,48.089456942926915],[-107.34078105829354,48.08944795781437],[-107.34078044632793,48.089434559101505],[-107.3407793735417,48.089412262122565],[-107.34072548703682,48.08939995664211]]]}"
000000000000000006ce,9645,0,0,0,"{""type"":""Polygon"",""coordinates"":[[[-107.3404318657432,48.08939257012103],[-107.34045493132759,48.089459110380396],[-107.34047667169652,48.08949886901255],[-107.34047713244209,48.0895077673001],[-107.34072476859322,48.08938212857521],[-107.34072430778564,48.089373230311736],[-107.34072394856375,48.089364316282065],[-107.3404318657432,48.08939257012103]]]}"
000000000000000006c1,9646,0,0,0,"{""type"":""Polygon"",""coordinates"":[[[-107.34043349537092,48.089280858014305],[-107.34042737482368,48.08929436567166],[-107.3404152799415,48.08932143629784],[-107.3404318657432,48.08939257012103],[-107.34072394856375,48.089364316282065],[-107.3407236958393,48.08935983161709],[-107.34072247194648,48.08933303423806],[-107.34043349537092,48.089280858014305]]]}"
000000000000000006d0,9647,0,0,0,"{""type"":""Polygon"",""coordinates"":[[[-107.34045543340467,48.089177693675495],[-107.3404462020726,48.089267186079354],[-107.34043349537092,48.089280858014305],[-107.34072247194648,48.08933303423806],[-107.34071538030948,48.089324229214526],[-107.34072042802364,48.08928842460529],[-107.34071945685471,48.08926611191929],[-107.34071909763242,48.0892571979078],[-107.34045543340467,48.089177693675495]]]}"
000000000000000006a8,9648,0,0,0,"{""type"":""Polygon"",""coordinates"":[[[-107.34068832805353,48.08916845433076],[-107.34069480771633,48.08916386068607],[-107.34051742832396,48.08907369397616],[-107.34051757943982,48.0890781943852],[-107.34045083592214,48.0890750602911],[-107.34047303685279,48.0891237168604],[-107.34046068937265,48.08914630275368],[-107.34045543340467,48.089177693675495],[-107.34071909763242,48.0892571979078],[-107.3407184856856,48.089243799242766],[-107.34068832805353,48.08916845433076]],[[-107.34069786741463,48.089230853945075],[-107.34068454884884,48.08923112723981],[-107.34069159581954,48.089239861181696],[-107.34069786741463,48.089230853945075]]]}"
000000000000000006c7,9649,0,0,0,"{""type"":""Polygon"",""coordinates"":[[[-107.34052992686647,48.08905560851525],[-107.34051742832396,48.08907369397616],[-107.34069480771633,48.08916386068607],[-107.3407141451125,48.08915009551959],[-107.34075996843214,48.089131283337636],[-107.34077797535001,48.089086291573786],[-107.34079006992343,48.08905922103097],[-107.34052992686647,48.08905560851525]]]}"
000000000000000006bf,9650,0,0,0,"{""type"":""Polygon"",""coordinates"":[[[-107.34080721204595,48.08899634609023],[-107.34059181980635,48.08895162478707],[-107.34058544176239,48.08895620263796],[-107.34057284169296,48.08897430383777],[-107.34055998400903,48.088983475308616],[-107.34054824851393,48.089019459757225],[-107.34052992686647,48.08905560851525],[-107.34079006992343,48.08905922103097],[-107.3408025683659,48.089041135542054],[-107.34081512374073,48.089022963221744],[-107.34083446103985,48.089009198070414],[-107.34080721204595,48.08899634609023]]]}"
000000000000000006bb,9651,0,0,0,"{""type"":""Polygon"",""coordinates"":[[[-107.34070683497875,48.08884204769436],[-107.34070086082555,48.08885561055291],[-107.340674223964,48.08885615713061],[-107.34063544789214,48.08888370305268],[-107.3405982994336,48.088947031168786],[-107.34059181980635,48.08895162478707],[-107.34080721204595,48.08899634609023],[-107.34080012043816,48.088987541128695],[-107.34083971667201,48.08897780723712],[-107.34085257432506,48.088968635730545],[-107.34070683497875,48.08884204769436]]]}"
000000000000000006be,9652,0,0,0,"{""type"":""Polygon"",""coordinates"":[[[-107.34083077715356,48.08878147123933],[-107.3408170994767,48.0887728306185],[-107.34081026064135,48.088768510307816],[-107.34079730147401,48.08877769753953],[-107.34077148470925,48.08879605623537],[-107.3407520905759,48.0888099081512],[-107.34071270262635,48.08882405552081],[-107.34070683497875,48.08884204769436],[-107.34085257432506,48.088968635730545],[-107.34095789825669,48.08893965198774],[-107.34083077715356,48.08878147123933]]]}"
000000000000000006ba,9653,0,0,0,"{""type"":""Polygon"",""coordinates"":[[[-107.34097707181154,48.08877405118944],[-107.340957375378,48.08877890237627],[-107.34092364688821,48.08877064410894],[-107.34089578598048,48.08874439367524],[-107.34088246756116,48.088744666991225],[-107.34084251231386,48.0887454869278],[-107.34082955315841,48.08875467415954],[-107.34085705474263,48.08877201069161],[-107.34083077715356,48.08878147123933],[-107.34095789825669,48.08893965198774],[-107.34098417596655,48.08893019137361],[-107.34100999278758,48.088911832572165],[-107.34104331750568,48.08891110580915],[-107.34106995451098,48.088910559124706],[-107.34107668687659,48.0889104501026],[-107.34097707181154,48.08877405118944]]]}"
000000000000000006b4,9654,0,0,0,"{""type"":""Polygon"",""coordinates"":[[[-107.34110928489912,48.08874900534968],[-107.34109642735389,48.088758176849566],[-107.34097707181154,48.08877405118944],[-107.34107668687659,48.0889104501026],[-107.34114868598752,48.08888219295914],[-107.34120134789168,48.08886770096299],[-107.34110928489912,48.08874900534968]]]}"
000000000000000006c2,9655,0,0,0,"{""type"":""Polygon"",""coordinates"":[[[-107.34121363680299,48.08869770902857],[-107.34110928489912,48.08874900534968],[-107.34120134789168,48.08886770096299],[-107.34124757485105,48.088857873663436],[-107.3412936059545,48.08884347488971],[-107.34131978202248,48.088834029970506],[-107.34132626159058,48.08882943631482],[-107.34121363680299,48.08869770902857]]]}"
000000000000000006c9,9656,0,0,0,"{""type"":""Polygon"",""coordinates"":[[[-107.34130482130561,48.088651186391814],[-107.34129884736818,48.08866474923281],[-107.34123970619578,48.088683834856006],[-107.34121363680299,48.08869770902857],[-107.34132626159058,48.08882943631482],[-107.3413460596692,48.08882456927784],[-107.34136524555396,48.08880630369426],[-107.3414106074541,48.08877859318051],[-107.34145545866454,48.08873746836889],[-107.34130482130561,48.088651186391814]]]}"
000000000000000006c8,9657,0,0,0,"{""type"":""Polygon"",""coordinates"":[[[-107.34138150746205,48.088578211193976],[-107.3413361458145,48.08860592158174],[-107.34131130084032,48.08864659275398],[-107.34130482130561,48.088651186391814],[-107.34145545866454,48.08873746836889],[-107.34150694056717,48.0886962502872],[-107.34153980425194,48.08868662521702],[-107.34155266172503,48.088677453672],[-107.34155251047893,48.08867295330227],[-107.34138150746205,48.088578211193976]]]}"
000000000000000006b5,9658,0,0,0,"{""type"":""Polygon"",""coordinates"":[[[-107.34141696905542,48.08847918822699],[-107.3414384523958,48.08851001623321],[-107.34141242778976,48.08852396147783],[-107.34138135623608,48.08857371083196],[-107.34138150746205,48.088578211193976],[-107.34155251047893,48.08867295330227],[-107.34157205565971,48.08866360163424],[-107.34161705787542,48.08862697720862],[-107.34164956205056,48.08860843822286],[-107.34141696905542,48.08847918822699]]]}"
000000000000000006b2,9659,0,0,0,"{""type"":""Polygon"",""coordinates"":[[[-107.34167031644348,48.088478549175704],[-107.3416423037154,48.088447798769344],[-107.34141696905542,48.08847918822699],[-107.34164956205056,48.08860843822286],[-107.34166889899012,48.08859467302108],[-107.34169333951928,48.088545016856735],[-107.34169154720557,48.088504892531695],[-107.34167031644348,48.088478549175704]]]}"
000000000000000006ac,9660,0,0,0,"{""type"":""Polygon"",""coordinates"":[[[-107.34162107302824,48.088421455429206],[-107.3415656031472,48.08837343991959],[-107.34156488928826,48.088360057262136],[-107.3413810891815,48.0884218920233],[-107.34139548074998,48.08844391518176],[-107.34141696905542,48.08847918822699],[-107.3416423037154,48.088447798769344],[-107.34162107302824,48.088421455429206]]]}"
000000000000000006b9,9661,0,0,0,"{""type"":""Polygon"",""coordinates"":[[[-107.34155039101323,48.08833360489355],[-107.34153584811703,48.088307081468294],[-107.34149492138641,48.08828558941697],[-107.34148782967965,48.08827678462804],[-107.34133786494492,48.088351306476554],[-107.34133868530127,48.08836911841238],[-107.34137425029795,48.08841757178295],[-107.3413810891815,48.0884218920233],[-107.34156488928826,48.088360057262136],[-107.34155039101323,48.08833360489355]]]}"
000000000000000006b8,9662,0,0,0,"{""type"":""Polygon"",""coordinates"":[[[-107.3414387381157,48.08822419132299],[-107.34143812588374,48.08821079293349],[-107.34143776647066,48.08820187910876],[-107.34142408875937,48.08819323867082],[-107.34128744266121,48.08826748692759],[-107.3413235750332,48.088329267578466],[-107.34133771372242,48.08834680613385],[-107.34133786494492,48.088351306476554],[-107.34148782967965,48.08827678462804],[-107.3414387381157,48.08822419132299]]]}"
000000000000000006b1,9663,0,0,0,"{""type"":""Polygon"",""coordinates"":[[[-107.34133443041642,48.0881280671624],[-107.34121717825298,48.088188463358605],[-107.34123758813098,48.088196994798416],[-107.34123208019541,48.088223900609286],[-107.34125994109301,48.0882501506852],[-107.34128718986115,48.088263002359746],[-107.34128744266121,48.08826748692759],[-107.34142408875937,48.08819323867082],[-107.34133443041642,48.0881280671624]]]}"
000000000000000006b3,9664,0,0,0,"{""type"":""Polygon"",""coordinates"":[[[-107.34129804538051,48.088061802198354],[-107.34129768599932,48.088052888397605],[-107.34110715534199,48.08811483126163],[-107.34114757094927,48.08812290928395],[-107.34116150131526,48.08813603431041],[-107.34118972143493,48.08817119818667],[-107.34121013129132,48.08817972963007],[-107.34121717825298,48.088188463358605],[-107.34133443041642,48.0881280671624],[-107.3413341776098,48.08812358260675],[-107.34129804538051,48.088061802198354]]]}"
000000000000000006aa,9665,0,0,0,"{""type"":""GeometryCollection"",""geometries"":[{""type"":""LineString"",""coordinates"":[[-107.34102542345896,48.08807628252901],[-107.34103208359569,48.08807614677397]]},{""type"":""Polygon"",""coordinates"":[[[-107.3412556420151,48.088009028899705],[-107.34119532227214,48.08800138861447],[-107.34122119529972,48.08798294326497],[-107.34118124072815,48.087983763313645],[-107.34116792254119,48.087984036659414],[-107.34103214198922,48.088076167147456],[-107.34105291104477,48.08809361242066],[-107.34107327615705,48.088102072815936],[-107.34110715534199,48.08811483126163],[-107.34129768599932,48.088052888397605],[-107.34129707381558,48.088039490049695],[-107.3412556420151,48.088009028899705]]]}]}"
000000000000000006ad,9666,0,0,0,"{""type"":""GeometryCollection"",""geometries"":[{""type"":""LineString"",""coordinates"":[[-107.34116123368166,48.08798418627108],[-107.34116789380585,48.08798405050835]]},{""type"":""Polygon"",""coordinates"":[[[-107.34112714772702,48.08796704487579],[-107.34114608040265,48.08794429510383],[-107.34111153227948,48.08791822522505],[-107.34108596899581,48.087941068228076],[-107.34104453756702,48.08791060703456],[-107.3409767802417,48.08803258082238],[-107.34099050236627,48.08804129237067],[-107.34102540977797,48.08807627616077],[-107.34116123497778,48.087984216748936],[-107.34112714772702,48.08796704487579]]]},{""type"":""Polygon"",""coordinates"":[[[-107.34146574417402,48.087642983096885],[-107.34143946738759,48.08765244358752],[-107.34136042381337,48.087671966590875],[-107.34134746511181,48.0876811536932],[-107.341329459622,48.08772614432327],[-107.34130909459014,48.08771768404096],[-107.34128878651248,48.08770913692104],[-107.34123587347962,48.08771914408138],[-107.34119627854697,48.087728877870106],[-107.34116244427616,48.08771619060947],[-107.34112504508208,48.08777503294212],[-107.3412978212131,48.087762565666345],[-107.34133129622806,48.087766339135264],[-107.34138384995329,48.08774741816283],[-107.34140314181246,48.08773358218501],[-107.34141441506341,48.08768870057524],[-107.34148003397087,48.087665021688515],[-107.34146574417402,48.087642983096885]]]}]}"
000000000000000006bc,9667,0,0,0,"{""type"":""MultiPolygon"",""coordinates"":[[[[-107.34115571212071,48.087716299629776],[-107.34111554972235,48.08771270618397],[-107.34101330202145,48.08780852284754],[-107.34102677131249,48.087812749824195],[-107.34105386843241,48.087821101170626],[-107.34111841450023,48.087775126192575],[-107.34112504508208,48.08777503294212],[-107.34116244427616,48.08771619060947],[-107.34115571212071,48.087716299629776]]],[[[-107.34103101129574,48.087906466888],[-107.34103039920679,48.087893068573365],[-107.34100988303726,48.08788010789524],[-107.3410005960006,48.08782219446043],[-107.34084696096728,48.087963815482425],[-107.34085390125334,48.08796811996028],[-107.34088813944537,48.08798979225048],[-107.34090191846255,48.08799841697101],[-107.3409767802417,48.08803258082238],[-107.34104453756702,48.08791060703456],[-107.34103101129574,48.087906466888]]]]}"
000000000000000006b6,9668,0,0,0,"{""type"":""Polygon"",""coordinates"":[[[-107.34110223164187,48.08771297951651],[-107.34105723037564,48.0877496030386],[-107.34101727612459,48.08775042300717],[-107.34101064555485,48.087750516249834],[-107.34093257327206,48.08779235098089],[-107.34090027786907,48.087815302883065],[-107.34089333760073,48.08781099842066],[-107.3407567943167,48.08788522958181],[-107.34076449771877,48.08790743268568],[-107.34084696096728,48.087963815482425],[-107.3410005960006,48.08782219446043],[-107.34099977579429,48.08780438270351],[-107.34101330202145,48.08780852284754],[-107.34111554972235,48.08771270618397],[-107.34110223164187,48.08771297951651]]]}"
000000000000000006a9,9669,0,0,0,"{""type"":""MultiPolygon"",""coordinates"":[[[[-107.34098400939821,48.087751062884195],[-107.34093257327206,48.08779235098089],[-107.34101064555485,48.087750516249834],[-107.34098400939821,48.087751062884195]]],[[[-107.34087318083417,48.087806951492],[-107.34083812268535,48.087767467519846],[-107.34083103127206,48.0877586627618],[-107.34065320848856,48.08780693273946],[-107.34068045655388,48.08781978449574],[-107.34074949481347,48.08787201132747],[-107.3407567943167,48.08788522958181],[-107.34089333760073,48.08781099842066],[-107.34087318083417,48.087806951492]]]]}"
000000000000000006bd,9670,0,0,0,"{""type"":""Polygon"",""coordinates"":[[[-107.34082755496487,48.08768284448772],[-107.34077423821957,48.087683866573784],[-107.34077387896026,48.08767495283215],[-107.34060916655964,48.087718535896656],[-107.34061095773419,48.08775865966969],[-107.34065300040369,48.08780251927443],[-107.34065320848856,48.08780693273946],[-107.34083103127206,48.0877586627618],[-107.3408160283377,48.08772324151513],[-107.34078194160419,48.087706069591526],[-107.3408150570549,48.08770092949836],[-107.34087516787079,48.0877041565442],[-107.34082755496487,48.08768284448772]]]}"
000000000000000006b0,9671,0,0,0,"{""type"":""Polygon"",""coordinates"":[[[-107.34059145851738,48.08762059209772],[-107.34059160965447,48.08762509238151],[-107.34059268238444,48.08764738860479],[-107.34059401274892,48.087678614346984],[-107.34060916655964,48.087718535896656],[-107.34077387896026,48.08767495283215],[-107.3407646369733,48.08761711065721],[-107.340770402762,48.08759913467416],[-107.34059145851738,48.08762059209772]]]}"
0000000000000000069d,9672,0,0,0,"{""type"":""Polygon"",""coordinates"":[[[-107.34059359740114,48.08752229777772],[-107.3406016598582,48.087553414466484],[-107.34059002657146,48.08758938215693],[-107.3405909977209,48.08761169413195],[-107.34059145851738,48.08762059209772],[-107.340770402762,48.08759913467416],[-107.34077489496079,48.08754984618573],[-107.34077443411866,48.08754094823399],[-107.34059359740114,48.08752229777772]]]}"
000000000000000006a1,9673,0,0,0,"{""type"":""Polygon"",""coordinates"":[[[-107.340583131858,48.08743765933197],[-107.34059359740114,48.08752229777772],[-107.34077443411866,48.08754094823399],[-107.34077361401502,48.08752313656799],[-107.34077285085232,48.087505238074336],[-107.34077105948417,48.087465114503],[-107.34077667407782,48.08744263830486],[-107.340583131858,48.08743765933197]]]}"
000000000000000006ab,9674,0,0,0,"{""type"":""Polygon"",""coordinates"":[[[-107.3407790651609,48.08734882881994],[-107.34061899772645,48.087347623554116],[-107.34061981775945,48.08736543516368],[-107.34059404664833,48.08738386435853],[-107.3405950178075,48.087406176245906],[-107.340583131858,48.08743765933197],[-107.34077667407782,48.08744263830486],[-107.34078769513779,48.087393272507214],[-107.3407790651609,48.08734882881994]]]}"
00000000000000000699,9675,0,0,0,"{""type"":""Polygon"",""coordinates"":[[[-107.34060190167733,48.08726307860474],[-107.34061644342496,48.08728960167322],[-107.34061777382779,48.087320827201246],[-107.34061884658368,48.0873431232943],[-107.34061899772645,48.087347623554116],[-107.3407790651609,48.08734882881994],[-107.34077686987114,48.08729972062462],[-107.3407750784857,48.08725959721091],[-107.34060190167733,48.08726307860474]]]}"
00000000000000000697,9676,0,0,0,"{""type"":""Polygon"",""coordinates"":[[[-107.3407498179403,48.087143951758435],[-107.34056531085207,48.08719240098263],[-107.34060190167733,48.08726307860474],[-107.3407750784857,48.08725959721091],[-107.34077900816423,48.08720142691642],[-107.3407498179403,48.087143951758435]]]}"
0000000000000000069e,9677,0,0,0,"{""type"":""Polygon"",""coordinates"":[[[-107.3407422658192,48.08712624921348],[-107.34074190655936,48.08711733556645],[-107.34072736475665,48.08709081260546],[-107.34071282297509,48.08706428965513],[-107.34054127489337,48.08710355183475],[-107.34055541268427,48.0871210901187],[-107.34055627733106,48.0871389727188],[-107.34053622752914,48.08713935493524],[-107.34056531085207,48.08719240098263],[-107.3407498179403,48.087143951758435],[-107.3407422658192,48.08712624921348]]]}"
0000000000000000069b,9678,0,0,0,"{""type"":""Polygon"",""coordinates"":[[[-107.34070537246623,48.08704657136647],[-107.34066240389635,48.0869804717515],[-107.34047753850966,48.08702000700067],[-107.34052591327514,48.087059217332296],[-107.34052652519618,48.08707261544155],[-107.34052709247865,48.08708594248804],[-107.34054127489337,48.08710355183475],[-107.34071282297509,48.08706428965513],[-107.34070537246623,48.08704657136647]]]}"
00000000000000000694,9679,0,0,0,"{""type"":""Polygon"",""coordinates"":[[[-107.34065510457872,48.08696725371315],[-107.34065470069899,48.08695826902636],[-107.34059831303541,48.08689245851047],[-107.34042747932881,48.08694510264529],[-107.34043431777724,48.08694942284301],[-107.34046360886846,48.08700688213555],[-107.34047753850966,48.08702000700067],[-107.34066240389635,48.0869804717515],[-107.34065510457872,48.08696725371315]]]}"
00000000000000000693,9680,0,0,0,"{""type"":""Polygon"",""coordinates"":[[[-107.34055616487286,48.086844170465305],[-107.3405222302567,48.08683149892789],[-107.3404879934137,48.086809826951075],[-107.34035941438762,48.08691518813027],[-107.3403729847719,48.08691939937275],[-107.34038666164099,48.0869280397723],[-107.34042747932881,48.08694510264529],[-107.34059831303541,48.08689245851047],[-107.34055616487286,48.086844170465305]]]}"
0000000000000000069f,9681,0,0,0,"{""type"":""Polygon"",""coordinates"":[[[-107.34048090227013,48.08680102232095],[-107.34031986671864,48.08677750486035],[-107.34031237022198,48.08690720310342],[-107.3403254798507,48.08690251650406],[-107.34035941438762,48.08691518813027],[-107.3404879934137,48.086809826951075],[-107.34048090227013,48.08680102232095]]]}"
0000000000000000068b,9682,0,0,0,"{""type"":""Polygon"",""coordinates"":[[[-107.34022582347002,48.08676160584247],[-107.34015296420873,48.08677197855237],[-107.34015311529915,48.086776478765266],[-107.34020097902868,48.086802275284306],[-107.34016786453245,48.08680741505313],[-107.3402336878128,48.08693563846857],[-107.34025348476011,48.08693077186152],[-107.34031237022198,48.08690720310342],[-107.34031986671864,48.08677750486035],[-107.34022582347002,48.08676160584247]]]}"
00000000000000000691,9683,0,0,0,"{""type"":""MultiPolygon"",""coordinates"":[[[[-107.34014627693456,48.086772158559604],[-107.34015311529915,48.086776478765266],[-107.34015296420873,48.08677197855237],[-107.34014627693456,48.086772158559604]]],[[[-107.34016786453245,48.08680741505313],[-107.34012791167196,48.08680823460108],[-107.3400950498484,48.08681785879562],[-107.34006877371971,48.08682731874518],[-107.34004239114591,48.0868323495369],[-107.3401295489163,48.08699134527364],[-107.34014225481855,48.08697767399562],[-107.34018138803724,48.08695904294769],[-107.3402072604968,48.086940598252546],[-107.3402336878128,48.08693563846857],[-107.34016786453245,48.08680741505313]]]]}"
0000000000000000069c,9684,0,0,0,"{""type"":""Polygon"",""coordinates"":[[[-107.34004239114591,48.0868323495369],[-107.3399168731285,48.086857212801945],[-107.33989779436759,48.08687990655633],[-107.34009811847844,48.08703217911479],[-107.3401295489163,48.08699134527364],[-107.34004239114591,48.0868323495369]]]}"
00000000000000000698,9685,0,0,0,"{""type"":""Polygon"",""coordinates"":[[[-107.33989779436759,48.08687990655633],[-107.3398726351521,48.08691173345961],[-107.33984034029756,48.08693468460573],[-107.33981467575566,48.08695754259945],[-107.34004117448022,48.08710037133559],[-107.34006643532186,48.08706852850635],[-107.34008541254558,48.087045850401935],[-107.34009811847844,48.08703217911479],[-107.33989779436759,48.08687990655633]]]}"
00000000000000000692,9686,0,0,0,"{""type"":""Polygon"",""coordinates"":[[[-107.33981467575566,48.08695754259945],[-107.33979549048829,48.0869758072137],[-107.33975804110688,48.087030132198734],[-107.33974451548286,48.08702599192372],[-107.3399033085875,48.08714781969757],[-107.33990978791302,48.087143226291346],[-107.33994912933328,48.08712900868611],[-107.34004117448022,48.08710037133559],[-107.33981467575566,48.08695754259945]]]}"
00000000000000000695,9687,0,0,0,"{""type"":""Polygon"",""coordinates"":[[[-107.33974451548286,48.08702599192372],[-107.33964456011542,48.08702801268218],[-107.3396514510266,48.08717973448691],[-107.33968492474129,48.08718350852174],[-107.33983106039557,48.087171590399294],[-107.3399033085875,48.08714781969757],[-107.33974451548286,48.08702599192372]]]}"
000000000000000006dc,9688,0,0,0,"{""type"":""Polygon"",""coordinates"":[[[-107.33958445131795,48.08702478485517],[-107.3395578160849,48.087025331062314],[-107.33954424587897,48.08702111969143],[-107.33943112644869,48.08717079909224],[-107.33951164392127,48.08718255869722],[-107.33962466464122,48.0871757804675],[-107.3396514510266,48.08717973448691],[-107.33964456011542,48.08702801268218],[-107.33958445131795,48.08702478485517]]]}"
000000000000000006a5,9689,0,0,0,"{""type"":""Polygon"",""coordinates"":[[[-107.33946336976047,48.087000446502465],[-107.33946193874888,48.08696923688989],[-107.33924156535042,48.0871077181956],[-107.33927549928757,48.087120390270215],[-107.33932269393655,48.08713287609844],[-107.33942443915306,48.08717097905104],[-107.33943112644869,48.08717079909224],[-107.33954424587897,48.08702111969143],[-107.33946336976047,48.087000446502465]]]}"
000000000000000006a6,9690,0,0,0,"{""type"":""MultiPolygon"",""coordinates"":[[[[-107.33940116697332,48.08680520992053],[-107.33937611388887,48.08684146580964],[-107.33940234536516,48.08683193498134],[-107.33941448448789,48.086804936843365],[-107.33940116697332,48.08680520992053]]],[[[-107.33936529930426,48.086895244357976],[-107.33939708909406,48.086863324468666],[-107.33936984252847,48.0868504725438],[-107.33922100598285,48.087094686225285],[-107.33924156535042,48.0871077181956],[-107.33946193874888,48.08696923688989],[-107.33936529930426,48.086895244357976]]]]}"
000000000000000006a2,9691,0,0,0,"{""type"":""Polygon"",""coordinates"":[[[-107.3393203978732,48.08678896583047],[-107.33918074370133,48.08679628970636],[-107.33919355145726,48.08707742078335],[-107.33922100598285,48.087094686225285],[-107.33936984252847,48.0868504725438],[-107.33937611388887,48.08684146580964],[-107.33940116697332,48.08680520992053],[-107.3393203978732,48.08678896583047]]]}"
000000000000000006a0,9692,0,0,0,"{""type"":""GeometryCollection"",""geometries"":[{""type"":""LineString"",""coordinates"":[[-107.33919333175145,48.087072941467326],[-107.33919353420617,48.08707740374041]]},{""type"":""Polygon"",""coordinates"":[[[-107.33914064030526,48.08679260861245],[-107.33908272531703,48.086838488278175],[-107.33903022331266,48.087004808733845],[-107.33907711569445,48.0870082941874],[-107.33919329890873,48.087072936305276],[-107.33918074370133,48.08679628970636],[-107.33914064030526,48.08679260861245]]]}]}"
000000000000000006d6,9693,0,0,0,"{""type"":""Polygon"",""coordinates"":[[[-107.33889194959674,48.08689594065372],[-107.33890577209988,48.08690463657733],[-107.33891944839928,48.08691327719821],[-107.33895618614902,48.08698845541122],[-107.33899011977634,48.087001127565905],[-107.33903022331266,48.087004808733845],[-107.33908272531703,48.086838488278175],[-107.33889194959674,48.08689594065372]]]}"
000000000000000006e1,9694,0,0,0,"{""type"":""Polygon"",""coordinates"":[[[-107.33901287318324,48.08676844969172],[-107.33884801514937,48.0868075286217],[-107.3388415358323,48.08681212192658],[-107.33887827331387,48.08688730003135],[-107.33889194959674,48.08689594065372],[-107.33908272531703,48.086838488278175],[-107.33914064030526,48.08679260861245],[-107.33901287318324,48.08676844969172]]]}"
000000000000000006c0,9695,0,0,0,"{""type"":""Polygon"",""coordinates"":[[[-107.33890975630366,48.086699050242075],[-107.33888434414666,48.08672639233711],[-107.33884801514937,48.0868075286217],[-107.33901287318324,48.08676844969172],[-107.33890975630366,48.086699050242075]]]}"
000000000000000006a7,9696,0,0,0,"{""type"":""Polygon"",""coordinates"":[[[-107.33902012149183,48.08663426734145],[-107.33895450470612,48.08665794402575],[-107.33890975630366,48.086699050242075],[-107.33901287318324,48.08676844969172],[-107.33914064030526,48.08679260861245],[-107.33913982097808,48.086774797166726],[-107.33902012149183,48.08663426734145]]]}"
0000000000000000068c,9697,0,0,0,"{""type"":""Polygon"",""coordinates"":[[[-107.33915931437468,48.08661804593044],[-107.33902675172008,48.0866341742471],[-107.33902012149183,48.08663426734145],[-107.33913982097808,48.086774797166726],[-107.33917263178796,48.086617772890435],[-107.33915931437468,48.08661804593044]]]}"
0000000000000000068e,9698,0,0,0,"{""type"":""GeometryCollection"",""geometries"":[{""type"":""LineString"",""coordinates"":[[-107.33927177114502,48.086597905790896],[-107.33927136622881,48.08658898124452]]},{""type"":""Polygon"",""coordinates"":[[[-107.3392717661541,48.08659794129768],[-107.33919890772808,48.08660831322902],[-107.33917263178796,48.086617772890435],[-107.33913982097808,48.086774797166726],[-107.33914064030526,48.08679260861245],[-107.33918074370133,48.08679628970636],[-107.3393203978732,48.08678896583047],[-107.3392717661541,48.08659794129768]]]}]}"
00000000000000000687,9699,0,0,0,"{""type"":""GeometryCollection"",""geometries"":[{""type"":""LineString"",""coordinates"":[[-107.33929456422193,48.086512579997674],[-107.33929476668149,48.086517042270856]]},{""type"":""Polygon"",""coordinates"":[[[-107.33935044771275,48.086569506926494],[-107.33934386210804,48.086569671109544],[-107.33931636321492,48.08655233480258],[-107.33932248353632,48.08653882792757],[-107.33930866099858,48.08653013212553],[-107.33926284102509,48.08654894259665],[-107.33926309358513,48.08655342702947],[-107.33928432111504,48.08657977003424],[-107.33927115468353,48.08658454329017],[-107.33927136260937,48.0865889566598],[-107.3393203978732,48.08678896583047],[-107.33940116697332,48.08680520992053],[-107.33941448448789,48.086804936843365],[-107.3394390769919,48.0867597831371],[-107.33943162724135,48.086742064833025],[-107.3394514240107,48.086737198414056],[-107.33946494945621,48.08674133871217],[-107.33947765541352,48.086727667585954],[-107.33949076495963,48.08672298111886],[-107.33949699163891,48.086713903333575],[-107.33935044771275,48.086569506926494]]]}]}"
0000000000000000068a,9700,0,0,0,"{""type"":""MultiPolygon"",""coordinates"":[[[[-107.33931514023914,48.086525538815714],[-107.33930866099858,48.08653013212553],[-107.33932248353632,48.08653882792757],[-107.33932223096889,48.08653434349634],[-107.33931514023914,48.086525538815714]]],[[[-107.33946167639616,48.086522606107685],[-107.33942877026918,48.086532158947044],[-107.3393770825603,48.086568960791475],[-107.33935044771275,48.086569506926494],[-107.33949699163891,48.086713903333575],[-107.33951581787287,48.08668672528597],[-107.33955433923757,48.08665469658313],[-107.33958036262102,48.08664075237055],[-107.33946167639616,48.086522606107685]]],[[[-107.33937080415623,48.08643063867059],[-107.33932018856517,48.08648973617384],[-107.33930064450757,48.086499086966995],[-107.33929452418776,48.086512593830356],[-107.33929477675191,48.086517078259895],[-107.33935534502243,48.086529204057555],[-107.33939386627925,48.08649717551806],[-107.33942718826108,48.08649644941963],[-107.33946167639616,48.086522606107685],[-107.33937080415623,48.08643063867059]]]]}"
000000000000000006a3,9701,0,0,0,"{""type"":""Polygon"",""coordinates"":[[[-107.33945779919536,48.086437804891084],[-107.33945805178006,48.086442289313275],[-107.33943101341427,48.08643385085812],[-107.3394237147215,48.08642063284783],[-107.33938973665612,48.08640788991588],[-107.339383403653,48.08641253852053],[-107.33937080415623,48.08643063867059],[-107.33958036262102,48.08664075237055],[-107.33959342750164,48.086635994831845],[-107.33964633843618,48.0866259888377],[-107.33967705080478,48.086567328332535],[-107.33969638691009,48.08655356408505],[-107.33945779919536,48.086437804891084]],[[-107.33944509334344,48.08645147593649],[-107.33941830755784,48.08644752189907],[-107.3394255046758,48.08646075568171],[-107.33944509334344,48.08645147593649]]]}"
000000000000000006a4,9702,0,0,0,"{""type"":""Polygon"",""coordinates"":[[[-107.33952122195319,48.08636502058018],[-107.33942188013152,48.086380438978765],[-107.33942228371619,48.086389423579305],[-107.33938973665612,48.08640788991588],[-107.3394237147215,48.08642063284783],[-107.33941662397864,48.086411828194116],[-107.33943677951918,48.08641587535252],[-107.33945779919536,48.086437804891084],[-107.33969638691009,48.08655356408505],[-107.33970930072311,48.08654430634378],[-107.3397222591674,48.08653511966841],[-107.33974767080163,48.08650777746422],[-107.33977302546275,48.08648052209971],[-107.33977287441644,48.08647602191048],[-107.33952122195319,48.08636502058018]]]}"
0000000000000000069a,9703,0,0,0,"{""type"":""Polygon"",""coordinates"":[[[-107.33969327572746,48.08633917458903],[-107.33958673668157,48.086341359417744],[-107.33952122195319,48.08636502058018],[-107.33977287441644,48.08647602191048],[-107.33981017209047,48.08641719732585],[-107.33983583622718,48.086394339578966],[-107.33969327572746,48.08633917458903]]]}"
00000000000000000686,9704,0,0,0,"{""type"":""Polygon"",""coordinates"":[[[-107.33991869142098,48.08616489197433],[-107.33983496289841,48.086229129025064],[-107.33985557911525,48.08624207382008],[-107.339829556049,48.08625601799339],[-107.33982873637127,48.08623820674457],[-107.33969327572746,48.08633917458903],[-107.33983583622718,48.086394339578966],[-107.33986139876151,48.08637149760147],[-107.33987313373282,48.086335515065684],[-107.33985093502355,48.08628686088586],[-107.33988236493249,48.08624602771906],[-107.33989409983425,48.086210045268494],[-107.33992599028902,48.08617810987808],[-107.33991869142098,48.08616489197433]]]}"
0000000000000000068d,9705,0,0,0,"{""type"":""Polygon"",""coordinates"":[[[-107.33982593059109,48.08617570164224],[-107.33981118189467,48.08614476566053],[-107.33980445012149,48.08614487457298],[-107.33979725288789,48.08613164090136],[-107.33978307126601,48.08611403175057],[-107.33978934241298,48.08610502512118],[-107.3397366401725,48.08611944440456],[-107.33958673668157,48.086341359417744],[-107.33969327572746,48.08633917458903],[-107.33982873637127,48.08623820674457],[-107.33982149447648,48.08622490198646],[-107.33983496289841,48.086229129025064],[-107.33991869142098,48.08616489197433],[-107.33991833234728,48.086155978482765],[-107.33992481148682,48.08615138516706],[-107.33991027070564,48.086124862544374],[-107.33988277168216,48.08610752655013],[-107.33989731243378,48.08613404916897],[-107.3398727208512,48.086179202431005],[-107.3398331278441,48.086188935322326],[-107.33982593059109,48.08617570164224]],[[-107.3398331278441,48.086188935322326],[-107.3398198104912,48.08618920845032],[-107.33982690132439,48.08619801303457],[-107.3398331278441,48.086188935322326]],[[-107.33982149447648,48.08622490198646],[-107.33981419564658,48.08621168406201],[-107.3398079691192,48.08622076177715],[-107.33982149447648,48.08622490198646]],[[-107.33977827607296,48.086154318543315],[-107.33976495874026,48.086154591662996],[-107.33977204955036,48.086163396246086],[-107.33977827607296,48.086154318543315]],[[-107.33977827607296,48.086154318543315],[-107.33980491074375,48.08615377229826],[-107.33980445012149,48.08614487457298],[-107.33978414355143,48.086136327352236],[-107.33977827607296,48.086154318543315]]]}"
00000000000000000688,9706,0,0,0,"{""type"":""Polygon"",""coordinates"":[[[-107.33973005462094,48.08611960861138],[-107.33937748413184,48.08628313033084],[-107.33942106065601,48.0863626276791],[-107.33941504197566,48.08637611874824],[-107.33942188013152,48.086380438978765],[-107.33952122195319,48.08636502058018],[-107.33958673668157,48.086341359417744],[-107.3397366401725,48.08611944440456],[-107.33973005462094,48.08611960861138]]]}"
00000000000000000683,9707,0,0,0,"{""type"":""Polygon"",""coordinates"":[[[-107.33966944199224,48.086107412072685],[-107.33939074952545,48.086135458225506],[-107.33938559497983,48.086166831526754],[-107.33936712791893,48.08620292277712],[-107.33937708055672,48.086274145748064],[-107.33937748413184,48.08628313033084],[-107.33973005462094,48.08611960861138],[-107.33966944199224,48.086107412072685]]]}"
00000000000000000689,9708,0,0,0,"{""type"":""Polygon"",""coordinates"":[[[-107.33947192557042,48.0860132011308],[-107.33939457463892,48.08607286009705],[-107.33939074952545,48.086135458225506],[-107.33966944199224,48.086107412072685],[-107.33947192557042,48.0860132011308]]]}"
00000000000000000682,9709,0,0,0,"{""type"":""Polygon"",""coordinates"":[[[-107.33955478966864,48.085931082452106],[-107.33952254028061,48.08595410410642],[-107.33948463125013,48.085999530200375],[-107.33947192557042,48.0860132011308],[-107.33966944199224,48.086107412072685],[-107.33973005462094,48.08611960861138],[-107.3397366401725,48.08611944440456],[-107.33978934241298,48.08610502512118],[-107.33978919136155,48.086100524964294],[-107.33955478966864,48.085931082452106]]]}"
00000000000000000684,9710,0,0,0,"{""type"":""MultiPolygon"",""coordinates"":[[[[-107.33986679955034,48.08604979489208],[-107.33984123725898,48.08607263672482],[-107.33985577796318,48.08609915933353],[-107.33986909528888,48.086098886201704],[-107.33987424943952,48.0860675129251],[-107.33987389037517,48.08605859944968],[-107.33986679955034,48.08604979489208]]],[[[-107.33969290342007,48.08588812018547],[-107.33965953725512,48.08588877529131],[-107.33955478966864,48.085931082452106],[-107.33978919136155,48.086100524964294],[-107.33979556892136,48.086095947427744],[-107.33981980145953,48.086041880783824],[-107.33984603236765,48.086032349993765],[-107.33969290342007,48.08588812018547]]]]}"
0000000000000000067d,9711,0,0,0,"{""type"":""GeometryCollection"",""geometries"":[{""type"":""LineString"",""coordinates"":[[-107.33987370802147,48.086054142673795],[-107.33987391052786,48.0860586049455]]},{""type"":""Polygon"",""coordinates"":[[[-107.33986679955034,48.08604979489208],[-107.33987363773707,48.08605411506273],[-107.33987353131079,48.086049685975766],[-107.33986679955034,48.08604979489208]]]},{""type"":""Polygon"",""coordinates"":[[[-107.33982485239328,48.08585859341454],[-107.33976535700377,48.08586876354151],[-107.33969290342007,48.08588812018547],[-107.33984603236765,48.086032349993765],[-107.33987914608882,48.086027210431666],[-107.33988297037197,48.085964612433926],[-107.33982485239328,48.08585859341454]]]}]}"
0000000000000000067c,9712,0,0,0,"{""type"":""GeometryCollection"",""geometries"":[{""type"":""LineString"",""coordinates"":[[-107.34000323713923,48.08582371738867],[-107.33999677980377,48.085828315350845],[-107.3399969823192,48.08583277762232]]},{""type"":""Polygon"",""coordinates"":[[[-107.33998848339468,48.08579271801043],[-107.34000975586738,48.08581913152974],[-107.34004139323443,48.08578271198683],[-107.33998848339468,48.08579271801043]]]},{""type"":""Polygon"",""coordinates"":[[[-107.33995061955609,48.085838215199644],[-107.33993057058554,48.08583859725886],[-107.33989061886774,48.08583941666378],[-107.33985066716599,48.08584023605166],[-107.33982485239328,48.08585859341454],[-107.33988297037197,48.085964612433926],[-107.33999057129805,48.08583739576912],[-107.33995061955609,48.085838215199644]]]}]}"
00000000000000000679,9713,0,0,0,"{""type"":""GeometryCollection"",""geometries"":[{""type"":""LineString"",""coordinates"":[[-107.33987370802147,48.086054142673795],[-107.33987391052786,48.0860586049455],[-107.33987411303428,48.086063067217175],[-107.33987431554075,48.08606752948887]]},{""type"":""Polygon"",""coordinates"":[[[-107.3402675784794,48.0857736548194],[-107.3401337941018,48.08576298878997],[-107.3401142504714,48.08577233960863],[-107.34004802338383,48.08578261882536],[-107.34004139323443,48.08578271198683],[-107.34000975586738,48.08581913152974],[-107.3400032767942,48.08582372482042],[-107.33999705037442,48.085832802478016],[-107.33999740947212,48.08584171591378],[-107.33999057129805,48.08583739576912],[-107.33988297037197,48.085964612433926],[-107.33987914608882,48.086027210431666],[-107.33993266795781,48.086030602267996],[-107.3402744166958,48.08577797493798],[-107.3402675784794,48.0857736548194]]]}]}"
00000000000000000681,9714,0,0,0,"{""type"":""GeometryCollection"",""geometries"":[{""type"":""LineString"",""coordinates"":[[-107.33987492306048,48.08608091630389],[-107.33987431554075,48.08606752948887]]},{""type"":""Polygon"",""coordinates"":[[[-107.33988863910726,48.08608953537004],[-107.33987496271789,48.08608089502532],[-107.33986909528888,48.086098886201704],[-107.33987572548236,48.08609879305047],[-107.33988277168216,48.08610752655013],[-107.33991027070564,48.086124862544374],[-107.33988863910726,48.08608953537004]]]},{""type"":""Polygon"",""coordinates"":[[[-107.3402744166958,48.08577797493798],[-107.33993266795781,48.086030602267996],[-107.33996578169747,48.086025462675686],[-107.33996649987184,48.08604328961492],[-107.3399800698444,48.0860475008535],[-107.34002650093788,48.086042088089044],[-107.34010701672887,48.086053846983816],[-107.34032268317546,48.08581275542486],[-107.3402744166958,48.08577797493798]],[[-107.34019936308323,48.085886725347386],[-107.34015257298657,48.085883224733394],[-107.34016671012854,48.08590076268331],[-107.34016109553303,48.08592323818546],[-107.34022732292716,48.085912958855296],[-107.34019936308323,48.085886725347386]]]}]}"
0000000000000000066d,9715,0,0,0,"{""type"":""Polygon"",""coordinates"":[[[-107.3403859069946,48.08588288492052],[-107.34035013769837,48.085830020127496],[-107.34033646122056,48.085821379893574],[-107.34032268317546,48.08581275542486],[-107.34010701672887,48.086053846983816],[-107.34014048965925,48.086057620798535],[-107.34023539555102,48.08609140198375],[-107.34034274341056,48.085959700249305],[-107.3403156479774,48.08595134895528],[-107.34033457982571,48.08592860023829],[-107.34036171988977,48.08593702258824],[-107.34039937544573,48.085887111851534],[-107.3403859069946,48.08588288492052]]]}"
0000000000000000067a,9716,0,0,0,"{""type"":""MultiPolygon"",""coordinates"":[[[[-107.34039937544573,48.085887111851534],[-107.34036171988977,48.08593702258824],[-107.3403884610589,48.085940905258376],[-107.34039360985186,48.085905087220944],[-107.34041963261186,48.085891142995564],[-107.34039937544573,48.085887111851534]]],[[[-107.34041718416462,48.08598503670763],[-107.34036952922513,48.08596365399097],[-107.34034274341056,48.085959700249305],[-107.34023539555102,48.08609140198375],[-107.3403697931634,48.086115465770725],[-107.34039035269122,48.08612849724746],[-107.34042387131592,48.08598485668734],[-107.34041718416462,48.08598503670763]]]]}"
00000000000000000685,9717,0,0,0,"{""type"":""Polygon"",""coordinates"":[[[-107.34053102223069,48.08599606877895],[-107.34042387131592,48.08598485668734],[-107.34039035269122,48.08612849724746],[-107.34039719099222,48.08613281738436],[-107.34052459962656,48.086148060664925],[-107.34055143064462,48.0860046000456],[-107.34053102223069,48.08599606877895]]]}"
00000000000000000674,9718,0,0,0,"{""type"":""Polygon"",""coordinates"":[[[-107.34067873755168,48.086019858854186],[-107.3406390380543,48.08602516296637],[-107.34061133044484,48.086003413912984],[-107.34055826895533,48.086008920160545],[-107.34055143064462,48.0860046000456],[-107.34052459962656,48.086148060664925],[-107.34055138564833,48.08615201436471],[-107.34065190696909,48.086163319539786],[-107.3406855758895,48.08602417896063],[-107.34067873755168,48.086019858854186]]]}"
00000000000000000690,9719,0,0,0,"{""type"":""Polygon"",""coordinates"":[[[-107.34079236801972,48.08602647729453],[-107.34075925408767,48.08603161717731],[-107.34071246346512,48.08602811684025],[-107.34069266696858,48.08603298344692],[-107.3406855758895,48.08602417896063],[-107.34065190696909,48.086163319539786],[-107.34067210742809,48.08616743747711],[-107.34069874236098,48.086166890976976],[-107.3407187470347,48.0861664376812],[-107.34073869477369,48.08616607121254],[-107.34075201224816,48.08616579795395],[-107.34076532972442,48.086165524693456],[-107.34077864720246,48.08616525143107],[-107.34081176125977,48.086160111525324],[-107.34079236801972,48.08602647729453]]]}"
00000000000000000675,9720,0,0,0,"{""type"":""Polygon"",""coordinates"":[[[-107.34090517846352,48.08601528444587],[-107.340865793571,48.08602943104747],[-107.34081900288552,48.08602593076414],[-107.34079236801972,48.08602647729453],[-107.34081176125977,48.086160111525324],[-107.34081844847016,48.08615993147539],[-107.34086523932245,48.0861634317637],[-107.34096447998176,48.08614802768958],[-107.34090517846352,48.08601528444587]]]}"
0000000000000000066f,9721,0,0,0,"{""type"":""Polygon"",""coordinates"":[[[-107.34100329608903,48.085973068965394],[-107.34093140939214,48.086005753363175],[-107.34090517846352,48.08601528444587],[-107.34096447998176,48.08614802768958],[-107.34104953325627,48.08611056971905],[-107.34110219110882,48.08609607864548],[-107.34110198295842,48.08609166532696],[-107.34100329608903,48.085973068965394]]]}"
00000000000000000676,9722,0,0,0,"{""type"":""Polygon"",""coordinates"":[[[-107.34111488225132,48.08593508025067],[-107.34109508576917,48.08593994693144],[-107.34106217999175,48.08594950021647],[-107.34103594909944,48.0859590313238],[-107.34100967356255,48.08596849136139],[-107.34100329608903,48.085973068965394],[-107.34110198295842,48.08609166532696],[-107.3411212739403,48.08607782986463],[-107.34118066361681,48.086063229750984],[-107.34120081956125,48.08606727650141],[-107.34122709517794,48.0860578163916],[-107.34122663420723,48.08604891869826],[-107.34111488225132,48.08593508025067]]]}"
00000000000000000672,9723,0,0,0,"{""type"":""Polygon"",""coordinates"":[[[-107.3412660166222,48.085887286960826],[-107.34118687537699,48.08590682483234],[-107.34114749058668,48.08592097151784],[-107.34111462945951,48.08593059588144],[-107.34111488225132,48.08593508025067],[-107.34122663420723,48.08604891869826],[-107.34134632540791,48.085894631449484],[-107.3412660166222,48.085887286960826]]]}"
0000000000000000066e,9724,0,0,0,"{""type"":""GeometryCollection"",""geometries"":[{""type"":""LineString"",""coordinates"":[[-107.34162585659982,48.08588442548063],[-107.34163229240754,48.08587984265769],[-107.34163208975033,48.085875380391485]]},{""type"":""Polygon"",""coordinates"":[[[-107.34159756513398,48.08584931534608],[-107.34158424765346,48.08584958872063],[-107.34157093017474,48.08584986209329],[-107.34154271110945,48.08581469985776],[-107.34153036543474,48.08583728441901],[-107.34149786380502,48.08585582232087],[-107.34147852836591,48.085869586731754],[-107.34145271390501,48.0858879445353],[-107.34145332619002,48.08590134233038],[-107.34134632540791,48.085894631449484],[-107.34122663420723,48.08604891869826],[-107.34122709517794,48.0860578163916],[-107.34125326921188,48.086048372043486],[-107.34130149281889,48.086083081107475],[-107.34162588586793,48.08588446181895],[-107.34162585659982,48.08588442548063],[-107.34161879451892,48.085875657433455],[-107.34162538015775,48.08587549309545],[-107.34159756513398,48.08584931534608]]]}]}"
00000000000000000671,9725,0,0,0,"{""type"":""Polygon"",""coordinates"":[[[-107.34160359924094,48.08598315120082],[-107.34163476963347,48.085933388532325],[-107.34160058218816,48.08591623323081],[-107.34161328735128,48.08590256205668],[-107.34164017521701,48.085906499659636],[-107.34163920336682,48.085884188437966],[-107.3416322632929,48.08587988418249],[-107.34130149281889,48.086083081107475],[-107.34131531597444,48.08609177653245],[-107.34131567538923,48.086100689999206],[-107.34137685727339,48.086126212243244],[-107.34140446407369,48.08614797687403],[-107.34161115166819,48.086000853284574],[-107.34157782936114,48.086001580143446],[-107.34154996966058,48.085975331254154],[-107.3415830837249,48.08597019110043],[-107.34160359924094,48.08598315120082]],[[-107.3415830837249,48.08597019110043],[-107.34159640124848,48.08596991772431],[-107.34158930989457,48.08596111332241],[-107.3415830837249,48.08597019110043]]]}"
000000000000000006ae,9726,0,0,0,"{""type"":""Polygon"",""coordinates"":[[[-107.34140446407369,48.08614797687403],[-107.34141818571445,48.08615668806056],[-107.34147911499164,48.086177725872346],[-107.34153289101943,48.08618560118005],[-107.34155365946192,48.086203045731914],[-107.34156697706483,48.08620277235667],[-107.34161115166819,48.086000853284574],[-107.34140446407369,48.08614797687403]]]}"
000000000000000006af,9727,0,0,0,"{""type"":""Polygon"",""coordinates"":[[[-107.34167090085431,48.08599516633399],[-107.34161115166819,48.086000853284574],[-107.34156697706483,48.08620277235667],[-107.3417336270093,48.08620381174653],[-107.34167090085431,48.08599516633399]]]}"
0000000000000000066b,9728,0,0,0,"{""type"":""Polygon"",""coordinates"":[[[-107.3417564645414,48.08597112143187],[-107.34170967337964,48.085967621599195],[-107.34169084870402,48.085994799665606],[-107.34167090085431,48.08599516633399],[-107.3417336270093,48.08620381174653],[-107.34180715533294,48.08620674899058],[-107.3418732824243,48.086196484203235],[-107.34180504833108,48.08601474362251],[-107.34179198363675,48.08601950140154],[-107.34178489221287,48.08601069700757],[-107.34179800154438,48.086006010294476],[-107.34179738913511,48.08599261247803],[-107.34179075882312,48.08599270576497],[-107.34178345917054,48.0859794880698],[-107.34175657119472,48.085975550504344],[-107.3417564645414,48.08597112143187]],[[-107.34175657119472,48.085975550504344],[-107.34174350651551,48.08598030827282],[-107.34175059792129,48.08598911266522],[-107.34175657119472,48.085975550504344]]]}"
00000000000000000696,9729,0,0,0,"{""type"":""MultiPolygon"",""coordinates"":[[[[-107.34179738913511,48.08599261247803],[-107.34179800154438,48.086006010294476],[-107.3418109595743,48.085996823441555],[-107.34179738913511,48.08599261247803]]],[[[-107.34188438598315,48.08599977639098],[-107.34189550666369,48.08595039610519],[-107.34189525377572,48.08594591173915],[-107.34186841041901,48.08594204527208],[-107.341877143225,48.08598647187052],[-107.34186443808957,48.086000143100776],[-107.34188438598315,48.08599977639098]]],[[[-107.34186443808957,48.086000143100776],[-107.34183795425014,48.086005190067056],[-107.34182524909878,48.08601886129739],[-107.34180504833108,48.08601474362251],[-107.3418732824243,48.086196484203235],[-107.34188001435626,48.086196375141384],[-107.34195945911493,48.0861858368745],[-107.34198573484815,48.08617637653244],[-107.34201859629316,48.086166751817125],[-107.34193178975084,48.08601667395385],[-107.34189831600584,48.086012900788155],[-107.34187188908827,48.08601786093364],[-107.34186443808957,48.086000143100776]],[[-107.34183254877588,48.086032078998684],[-107.34184540523479,48.08602290790403],[-107.34182524909878,48.08601886129739],[-107.34183254877588,48.086032078998684]]]]}"
0000000000000000068f,9730,0,0,0,"{""type"":""GeometryCollection"",""geometries"":[{""type"":""LineString"",""coordinates"":[[-107.34189526941293,48.08594594297915],[-107.34189547209341,48.085950405244496]]},{""type"":""Polygon"",""coordinates"":[[[-107.3420042442384,48.0859973155476],[-107.3419778619559,48.08600234678494],[-107.34194510734038,48.086016400527384],[-107.34193178975084,48.08601667395385],[-107.34201859629316,48.086166751817125],[-107.34203839298233,48.08616188491937],[-107.34211023526987,48.08612912852438],[-107.34217523884746,48.086092052099794],[-107.3420042442384,48.0859973155476]]]}]}"
00000000000000000669,9731,0,0,0,"{""type"":""Polygon"",""coordinates"":[[[-107.34198204237168,48.085948662254935],[-107.34198934210603,48.08596187992515],[-107.34201658975397,48.08597473086051],[-107.34202404083389,48.08599244867089],[-107.3420042442384,48.0859973155476],[-107.34217523884746,48.086092052099794],[-107.34219457430333,48.08607828748963],[-107.34223309383167,48.08604625812849],[-107.34225900982794,48.08602788429241],[-107.34226375779689,48.08598752647443],[-107.34226278556906,48.08596521523421],[-107.34198204237168,48.085948662254935]]]}"
0000000000000000062a,9732,0,0,0,"{""type"":""Polygon"",""coordinates"":[[[-107.34224598849396,48.08588967315306],[-107.34224522456356,48.08587177524771],[-107.34224404405282,48.08584505076458],[-107.34224297025501,48.08582275535258],[-107.3422225611634,48.085814224492765],[-107.34196127375878,48.08593121788474],[-107.34198204237168,48.085948662254935],[-107.34226278556906,48.08596521523421],[-107.34225533435975,48.08594749745485],[-107.34226053124394,48.08591619525264],[-107.34224598849396,48.08588967315306]]]}"
0000000000000000066a,9733,0,0,0,"{""type"":""Polygon"",""coordinates"":[[[-107.34218868318719,48.085801466969784],[-107.34213459219582,48.08578474974446],[-107.3421140318345,48.085771718748276],[-107.34209341455615,48.08575877458186],[-107.34207973743199,48.08575013462475],[-107.34191851169093,48.085869533576926],[-107.34194575922854,48.0858823845126],[-107.34190703151168,48.085910000357764],[-107.34186682599432,48.085906336247824],[-107.34186825911135,48.085937545138954],[-107.34186841041901,48.08594204527208],[-107.34189525377572,48.08594591173915],[-107.34190127163822,48.085932420645676],[-107.34193463863801,48.08593176473794],[-107.34195418229612,48.085922413519086],[-107.34196127375878,48.08593121788474],[-107.3422225611634,48.085814224492765],[-107.34218868318719,48.085801466969784]]]}"
0000000000000000066c,9734,0,0,0,"{""type"":""MultiPolygon"",""coordinates"":[[[[-107.34216800272023,48.08564112544894],[-107.34208835074146,48.08564725047662],[-107.34206192405773,48.08565221063401],[-107.34212973653727,48.08567763886716],[-107.3421505051389,48.08569508311686],[-107.34217004865951,48.085685731899666],[-107.34216259754434,48.08566801420506],[-107.34218866462184,48.085654140634155],[-107.34216800272023,48.08564112544894]],[[-107.34213535001524,48.0856551633833],[-107.3421357542772,48.08566414783104],[-107.34214892042478,48.08565937427266],[-107.34213535001524,48.0856551633833]]],[[[-107.3420524898995,48.085737283759414],[-107.34203855989162,48.08572415945319],[-107.34201121082748,48.085711324349106],[-107.34200340020887,48.08568469324073],[-107.3418347237156,48.08578637414639],[-107.34184865364094,48.085799498499874],[-107.34187590108438,48.08581234944064],[-107.34188983103944,48.085825473793875],[-107.34191023998488,48.08583400473007],[-107.3418841727518,48.08584787827678],[-107.34191851169093,48.085869533576926],[-107.34207973743199,48.08575013462475],[-107.3420524898995,48.085737283759414]]]]}"
00000000000000000670,9735,0,0,0,"{""type"":""GeometryCollection"",""geometries"":[{""type"":""LineString"",""coordinates"":[[-107.34163208975033,48.085875380391485],[-107.34163188709317,48.08587091812524]]},{""type"":""Polygon"",""coordinates"":[[[-107.34163211201366,48.0858753840536],[-107.3416322632929,48.08587988418249],[-107.34163920336682,48.085884188437966],[-107.34163869765338,48.085875219714666],[-107.34163211201366,48.0858753840536]]]},{""type"":""Polygon"",""coordinates"":[[[-107.34161756982641,48.085848861865045],[-107.34159756513398,48.08584931534608],[-107.34162538015775,48.08587549309545],[-107.34163185915776,48.085870899692466],[-107.34163797865972,48.08585739286584],[-107.34161756982641,48.085848861865045]]]},{""type"":""Polygon"",""coordinates"":[[[-107.34175598210163,48.08566741261518],[-107.34179272577245,48.08574258780625],[-107.3418347237156,48.08578637414639],[-107.34200340020887,48.08568469324073],[-107.3420031473061,48.08568020889806],[-107.34202916976488,48.085666264303214],[-107.34204212764432,48.085657077482345],[-107.34175598210163,48.08566741261518]]]}]}"
00000000000000000666,9736,0,0,0,"{""type"":""MultiPolygon"",""coordinates"":[[[[-107.34168188282672,48.0855036648094],[-107.34166367077556,48.08554424032404],[-107.34168490007114,48.0855705822459],[-107.3417037245035,48.08554340440652],[-107.34170912995582,48.08551651573311],[-107.34168188282672,48.0855036648094]]],[[[-107.34181750631299,48.085554521671106],[-107.34181102738157,48.0855591150572],[-107.34179853063121,48.085577199434766],[-107.34178607850964,48.08559535488077],[-107.34176602927813,48.08559573732867],[-107.34175598210163,48.08566741261518],[-107.34204212764432,48.085657077482345],[-107.3420483983145,48.08564807079573],[-107.34206192405773,48.08565221063401],[-107.34208835074146,48.08564725047662],[-107.34181750631299,48.085554521671106]]]]}"
00000000000000000668,9737,0,0,0,"{""type"":""Polygon"",""coordinates"":[[[-107.34219244037587,48.085591472024724],[-107.34217314983204,48.08560530756323],[-107.34211278848647,48.08559759706465],[-107.34202579230464,48.08559043339693],[-107.34206451962793,48.085562817681954],[-107.34207726919323,48.08554921760779],[-107.34173810814448,48.08542209190426],[-107.34170524740703,48.08543171636892],[-107.34168188282672,48.0855036648094],[-107.34170912995582,48.08551651573311],[-107.34172122255129,48.085489446964274],[-107.34174199077081,48.0855068912496],[-107.34176862553248,48.085506344463454],[-107.3417952603013,48.08550579766973],[-107.34183460003467,48.08549157977727],[-107.34185562122019,48.08551350836558],[-107.34182296862816,48.08552754615654],[-107.34181750631299,48.085554521671106],[-107.34208835074146,48.08564725047662],[-107.34216141708546,48.08564128982337],[-107.34216800272023,48.08564112544894],[-107.34221432740523,48.085631282617314],[-107.3422261668167,48.0855997293975],[-107.34219244037587,48.085591472024724]],[[-107.34184694543053,48.08546899533272],[-107.34182678958776,48.085464948761675],[-107.34183424048445,48.08548266641935],[-107.34184694543053,48.08546899533272]]]}"
00000000000000000658,9738,0,0,0,"{""type"":""MultiPolygon"",""coordinates"":[[[[-107.34223024006684,48.08554161624584],[-107.34221187712632,48.08557769178163],[-107.34219244037587,48.085591472024724],[-107.3422261668167,48.0855997293975],[-107.34223218451264,48.08558623837647],[-107.34225075573553,48.08555457609804],[-107.34223024006684,48.08554161624584]]],[[[-107.34211236587944,48.08544128688452],[-107.34211211296191,48.085436802563315],[-107.34180974072011,48.08538492297813],[-107.34180351469966,48.085394000666994],[-107.34178310603389,48.08538546977252],[-107.34180315515556,48.08538508732537],[-107.34169559991777,48.08536489238768],[-107.34171050154102,48.0854003276656],[-107.3417768800087,48.08539454745986],[-107.34177749242272,48.085407945123634],[-107.34173810814448,48.08542209190426],[-107.34207726919323,48.08554921760779],[-107.34208370346848,48.08554455314165],[-107.34212125028674,48.08549021312335],[-107.34211236587944,48.08544128688452]],[[-107.34186433658114,48.08541060892196],[-107.3418713263548,48.08541942897874],[-107.34188423951804,48.085410171161094],[-107.34186433658114,48.08541060892196]]]]}"
00000000000000000667,9739,0,0,0,"{""type"":""MultiPolygon"",""coordinates"":[[[[-107.34179483899057,48.08534948772875],[-107.34180167742795,48.085353807697864],[-107.3418214736543,48.08534894093205],[-107.34179483899057,48.08534948772875]]],[[[-107.34176856387009,48.08535894785386],[-107.341774936105,48.08534992546923],[-107.34170187059105,48.08535588577379],[-107.3416953916908,48.08536047913389],[-107.34169559991777,48.08536489238768],[-107.34180315515556,48.08538508732537],[-107.34180958941498,48.08538042289263],[-107.34180912829379,48.08537152532076],[-107.34176856387009,48.08535894785386]]],[[[-107.3418214736543,48.08534894093205],[-107.34180912829379,48.08537152532076],[-107.34182938565655,48.085375556122315],[-107.34180958941498,48.08538042289263],[-107.34180974072011,48.08538492297813],[-107.34211211296191,48.085436802563315],[-107.34214379329192,48.08540045369771],[-107.34212827864032,48.08535162085208],[-107.34211352790751,48.085320685762035],[-107.34187453475447,48.085343434064505],[-107.34188928525636,48.08537436921059],[-107.3418566327922,48.085388406972555],[-107.34186167855043,48.08535260503786],[-107.34184790007967,48.085343980876175],[-107.34182795254597,48.08534434756466],[-107.3418214736543,48.08534894093205]]]]}"
0000000000000000064e,9740,0,0,0,"{""type"":""MultiPolygon"",""coordinates"":[[[[-107.34208423478944,48.08526322887118],[-107.34208362225995,48.08524983124924],[-107.34206244968212,48.08522340275167],[-107.3418251432593,48.085281843674494],[-107.34185999252402,48.08531691218265],[-107.34187453475447,48.085343434064505],[-107.34211352790751,48.085320685762035],[-107.34208423478944,48.08526322887118]]],[[[-107.34179447944788,48.085340574394614],[-107.34179483899057,48.08534948772875],[-107.34184790007967,48.085343980876175],[-107.34182698056127,48.0853220365873],[-107.34179988479562,48.08531368582265],[-107.34179912106688,48.08529578810506],[-107.34179218106479,48.0852914839076],[-107.34174600313342,48.08530138175373],[-107.34173937294841,48.08530147503267],[-107.34170723136384,48.085328926134345],[-107.34170187059105,48.08535588577379],[-107.341774936105,48.08534992546923],[-107.34178090924466,48.08533636347543],[-107.34179447944788,48.085340574394614]],[[-107.34178054970518,48.085327450143396],[-107.34176759192215,48.08533663686877],[-107.34178090924466,48.08533636347543],[-107.34178054970518,48.085327450143396]]]]}"
00000000000000000650,9741,0,0,0,"{""type"":""MultiPolygon"",""coordinates"":[[[[-107.34178534263992,48.085287163942624],[-107.34177825133986,48.085278359667875],[-107.34174600313342,48.08530138175373],[-107.34179218106479,48.0852914839076],[-107.34178534263992,48.085287163942624]]],[[[-107.34205515003372,48.085210185270846],[-107.34202729038309,48.085183936914824],[-107.3419986100129,48.08513987773279],[-107.34196477742816,48.08512719133836],[-107.34179743509861,48.08526009528593],[-107.3418251432593,48.085281843674494],[-107.34206244968212,48.08522340275167],[-107.34205515003372,48.085210185270846]]]]}"
00000000000000000653,9742,0,0,0,"{""type"":""MultiPolygon"",""coordinates"":[[[[-107.34176432162643,48.08526523542911],[-107.34175125720574,48.085269993127696],[-107.34173937294841,48.08530147503267],[-107.34174600313342,48.08530138175373],[-107.34177825133986,48.085278359667875],[-107.34176432162643,48.08526523542911]]],[[[-107.34195120725518,48.08512298045964],[-107.34191043472671,48.0851059898774],[-107.3418301270094,48.085098645944505],[-107.341815989087,48.08508110852773],[-107.34176273726553,48.08522952686206],[-107.34179743509861,48.08526009528593],[-107.34196477742816,48.08512719133836],[-107.34195120725518,48.08512298045964]]]]}"
0000000000000000064f,9743,0,0,0,"{""type"":""MultiPolygon"",""coordinates"":[[[[-107.34172462261844,48.085270539902126],[-107.34170723136384,48.085328926134345],[-107.34173937294841,48.08530147503267],[-107.34175125720574,48.085269993127696],[-107.34172462261844,48.085270539902126]]],[[[-107.34170782229239,48.08504751612404],[-107.34168904278943,48.08507476476294],[-107.34166884256915,48.085070647119544],[-107.3416624250772,48.08522263627169],[-107.34176273726553,48.08522952686206],[-107.341815989087,48.08508110852773],[-107.34178031941656,48.085028229358166],[-107.34171949823688,48.085011621153114],[-107.34167230413749,48.08499913699539],[-107.34166730292986,48.085035009744075],[-107.341707361192,48.085038618607605],[-107.34171430113356,48.085042922792],[-107.34170782229239,48.08504751612404]],[[-107.34172129079988,48.08505174280064],[-107.34173450135441,48.085047040423625],[-107.34171430113356,48.085042922792],[-107.34172129079988,48.08505174280064]]]]}"
00000000000000000656,9744,0,0,0,"{""type"":""Polygon"",""coordinates"":[[[-107.34154877951944,48.08506869418349],[-107.34150903614987,48.085073927477346],[-107.34156899604704,48.085220136613074],[-107.3416624250772,48.08522263627169],[-107.34166884256915,48.085070647119544],[-107.34160143595561,48.08505420315937],[-107.34162745798648,48.08504025885077],[-107.34160010459875,48.08502297901784],[-107.34162673897333,48.08502243228598],[-107.34165373286814,48.08503079882782],[-107.34166730292986,48.085035009744075],[-107.34167230413749,48.08499913699539],[-107.34161158469973,48.08498251295973],[-107.34149101632644,48.084971591375705],[-107.34148341443023,48.084949373807085],[-107.34146376971854,48.08495874051024],[-107.34149392664592,48.08503407915294],[-107.34154780769532,48.08504638331641],[-107.34155521373371,48.085064029797074],[-107.34154877951944,48.08506869418349]],[[-107.34155521373371,48.085064029797074],[-107.34156230492775,48.08507283405505],[-107.34158873111139,48.08506787410285],[-107.34155521373371,48.085064029797074]]]}"
00000000000000000673,9745,0,0,0,"{""type"":""GeometryCollection"",""geometries"":[{""type"":""LineString"",""coordinates"":[[-107.34137462482798,48.08504987938021],[-107.34137503008616,48.08505880391557]]},{""type"":""Polygon"",""coordinates"":[[[-107.34146376971854,48.08495874051024],[-107.34139861678567,48.08499131554948],[-107.341412293387,48.08499995549209],[-107.34145310998885,48.085017017329136],[-107.34146678661997,48.085025657267444],[-107.34149392664592,48.08503407915294],[-107.34146376971854,48.08495874051024]]]},{""type"":""Polygon"",""coordinates"":[[[-107.34150903614987,48.085073927477346],[-107.3414297453296,48.08508896514161],[-107.34141606869098,48.08508032518779],[-107.34137525205655,48.08506326331522],[-107.34142919346948,48.08522296339906],[-107.34154221027329,48.08521618326149],[-107.34156430954265,48.085264851769956],[-107.34157068179408,48.085255829414656],[-107.34156899604704,48.085220136613074],[-107.34150903614987,48.085073927477346]]]}]}"
00000000000000000655,9746,0,0,0,"{""type"":""Polygon"",""coordinates"":[[[-107.34137525205655,48.08506326331522],[-107.34137499922777,48.08505877902212],[-107.34137463978297,48.08504986573331],[-107.34134815671129,48.085054912453415],[-107.34134091433732,48.08504160812224],[-107.34132075889006,48.08503756146773],[-107.34130096287869,48.08504242809582],[-107.3412622956743,48.08521743906618],[-107.34127561288268,48.08521716574654],[-107.34134939671466,48.08522903243123],[-107.34142919346948,48.08522296339906],[-107.34137525205655,48.08506326331522]]]}"
00000000000000000659,9747,0,0,0,"{""type"":""Polygon"",""coordinates"":[[[-107.34127458139831,48.08504745902774],[-107.34124121542705,48.0850481146686],[-107.3412212112454,48.08504856805123],[-107.34111386839989,48.08518026835537],[-107.34120193575194,48.085209728014995],[-107.3412622956743,48.08521743906618],[-107.34130096287869,48.08504242809582],[-107.34127458139831,48.08504745902774]],[[-107.34126871476829,48.0850654499152],[-107.34123524218377,48.085061676556926],[-107.34124279928858,48.085083823133516],[-107.34126871476829,48.0850654499152]]]}"
00000000000000000677,9748,0,0,0,"{""type"":""Polygon"",""coordinates"":[[[-107.34121458114303,48.08504866129133],[-107.34115988004109,48.08501854612608],[-107.34114533853901,48.08499202428154],[-107.34101074927993,48.08511087332243],[-107.34109371295487,48.08517622164237],[-107.34111386839989,48.08518026835537],[-107.3412212112454,48.08504856805123],[-107.34121458114303,48.08504866129133]]]}"
00000000000000000678,9749,0,0,0,"{""type"":""Polygon"",""coordinates"":[[[-107.34112431820155,48.084970095733894],[-107.34113058889675,48.08496108922457],[-107.34088078833432,48.08503761155452],[-107.34090155573476,48.08505505589249],[-107.34094211915226,48.085067633678925],[-107.34101074927993,48.08511087332243],[-107.34114533853901,48.08499202428154],[-107.34112431820155,48.084970095733894]]]}"
0000000000000000065e,9750,0,0,0,"{""type"":""Polygon"",""coordinates"":[[[-107.34109650429687,48.08494391826239],[-107.34106201573228,48.084917762960146],[-107.34104201165869,48.08491821630152],[-107.34102869459052,48.08491848958358],[-107.34098104027689,48.08489710758954],[-107.34078537327646,48.084990418310916],[-107.34085333394931,48.08502034726102],[-107.34088078833432,48.08503761155452],[-107.34113058889675,48.08496108922457],[-107.34114350196673,48.084951831589926],[-107.34109650429687,48.08494391826239]]]}"
0000000000000000065b,9751,0,0,0,"{""type"":""Polygon"",""coordinates"":[[[-107.34094720863547,48.084884420870786],[-107.3408997056515,48.08486753889208],[-107.34087939924832,48.08485899210711],[-107.34085837919702,48.08483706354948],[-107.34068960423772,48.08493875648548],[-107.34069658860213,48.08494313180403],[-107.34073077940415,48.08496473190788],[-107.34078537327646,48.084990418310916],[-107.34098104027689,48.08489710758954],[-107.34094720863547,48.084884420870786]]]}"
0000000000000000065c,9752,0,0,0,"{""type"":""Polygon"",""coordinates"":[[[-107.34085128826439,48.08482825927237],[-107.34082408680877,48.08481547931013],[-107.34077474785222,48.08475840472684],[-107.34060107263072,48.08489595421125],[-107.34062867789982,48.08491771859404],[-107.34068960423772,48.08493875648548],[-107.34085837919702,48.08483706354948],[-107.34085128826439,48.08482825927237]]]}"
00000000000000000663,9753,0,0,0,"{""type"":""Polygon"",""coordinates"":[[[-107.34072530252388,48.08469690120701],[-107.34068473966897,48.08468432340344],[-107.34051188471201,48.08483968327801],[-107.34058714364465,48.08488282987864],[-107.34060107263072,48.08489595421125],[-107.34077474785222,48.08475840472684],[-107.34072530252388,48.08469690120701]]]}"
0000000000000000065f,9754,0,0,0,"{""type"":""Polygon"",""coordinates"":[[[-107.34064438496384,48.084676158785825],[-107.34064320557322,48.08464943486343],[-107.34064223428682,48.08462712415179],[-107.3406413695323,48.084609242411105],[-107.34065789703492,48.08453297543297],[-107.34065059810993,48.08451975800074],[-107.34061254045393,48.084560683214],[-107.34061269161917,48.084565183234645],[-107.34060300209633,48.08464577025974],[-107.34056973829671,48.08464640988088],[-107.34055585404705,48.0846333566665],[-107.34042284828315,48.08478791235396],[-107.3404575441225,48.08481848105611],[-107.34049810693926,48.084831058988925],[-107.34051188471201,48.08483968327801],[-107.34068473966897,48.08468432340344],[-107.34064438496384,48.084676158785825]]]}"
0000000000000000065d,9755,0,0,0,"{""type"":""MultiPolygon"",""coordinates"":[[[[-107.340622128344,48.084480112085906],[-107.34062442521387,48.08452920188035],[-107.34061254045393,48.084560683214],[-107.34065059810993,48.08451975800074],[-107.340622128344,48.084480112085906]]],[[[-107.34052029355,48.08458490637183],[-107.34049243588176,48.084558657832275],[-107.34047829897966,48.08454112037281],[-107.3403263622383,48.084718423843555],[-107.34036029486114,48.08473109499069],[-107.34040866671293,48.08477030374527],[-107.34042284828315,48.08478791235396],[-107.34055585404705,48.0846333566665],[-107.34052029355,48.08458490637183]]]]}"
00000000000000000662,9756,0,0,0,"{""type"":""Polygon"",""coordinates"":[[[-107.34042258383374,48.084488623313284],[-107.34042140459738,48.08446189947975],[-107.34040758235474,48.084453204172796],[-107.34040074434029,48.08444888416764],[-107.34038181336392,48.08447163223413],[-107.34038217257563,48.08448054543435],[-107.34038263335925,48.084489442870584],[-107.34036344964534,48.08450770670007],[-107.34035661163,48.08450338668731],[-107.34020467468793,48.08468068984281],[-107.34027161821975,48.0846882372543],[-107.34030620730101,48.08471437698774],[-107.3403263622383,48.084718423843555],[-107.34047829897966,48.08454112037281],[-107.34047804625855,48.08453663611924],[-107.34042258383374,48.084488623313284]],[[-107.34037799030963,48.084534228439686],[-107.34036442076584,48.084530017367975],[-107.34036492618011,48.084538985875696],[-107.34037799030963,48.084534228439686]]]}"
00000000000000000664,9757,0,0,0,"{""type"":""MultiPolygon"",""coordinates"":[[[[-107.34030936239618,48.084490988762184],[-107.34031522930798,48.08447299812323],[-107.34030150867447,48.08446428703275],[-107.34028773111285,48.08445566276978],[-107.3402603791579,48.08443838271077],[-107.34007650869589,48.08464754889142],[-107.3401501835748,48.08465498746527],[-107.34018462628778,48.084681071932245],[-107.34020467468793,48.08468068984281],[-107.34035661163,48.08450338668731],[-107.34030936239618,48.084490988762184]]],[[[-107.3403926824751,48.08441776928767],[-107.34036446584066,48.08438260760322],[-107.3403636458513,48.08436479700271],[-107.3403626747254,48.084342486405184],[-107.34034910525334,48.08433827534488],[-107.34031073796235,48.08437480288426],[-107.34032451550486,48.08438342713113],[-107.34031160256099,48.08439268455199],[-107.34031278171997,48.08441940835359],[-107.34033844418869,48.08439655138467],[-107.34036702000819,48.084440626280305],[-107.34036140583187,48.08446310115819],[-107.34038181336392,48.08447163223413],[-107.34040074434029,48.08444888416764],[-107.3403926824751,48.08441776928767]]]]}"
0000000000000000067b,9758,0,0,0,"{""type"":""MultiPolygon"",""coordinates"":[[[[-107.3402332402053,48.08442996054445],[-107.34019267802111,48.08441738257964],[-107.34017216412641,48.08440442252287],[-107.33992170950488,48.08461495402111],[-107.33999563682279,48.08462687697865],[-107.34002324136792,48.08464864144254],[-107.34006982180975,48.08464772887617],[-107.34007650869589,48.08464754889142],[-107.3402603791579,48.08443838271077],[-107.3402332402053,48.08442996054445]],[[-107.34017558251641,48.08448032293759],[-107.34018303234087,48.08449804041837],[-107.34020278331934,48.084493103018765],[-107.34017558251641,48.08448032293759]],[[-107.34014808442413,48.08446298753905],[-107.3401485451508,48.08447188497487],[-107.34016165388701,48.08446719863805],[-107.34014808442413,48.08446298753905]]],[[[-107.34024920111122,48.08434036752553],[-107.34026272592244,48.084344507538106],[-107.34026874394841,48.08433101695464],[-107.34027604267658,48.0843442343734],[-107.34028288064907,48.08434855437989],[-107.34029727006417,48.08437057604857],[-107.34031073796235,48.08437480288426],[-107.34034910525334,48.08433827534488],[-107.34033542928844,48.084329635343394],[-107.34034792606437,48.08431155158581],[-107.34035195717846,48.08425336881453],[-107.34024920111122,48.08434036752553]]]]}"
0000000000000000064c,9759,0,0,0,"{""type"":""MultiPolygon"",""coordinates"":[[[[-107.34024231851153,48.08433597645442],[-107.34024920111122,48.08434036752553],[-107.34026838476206,48.08432210377873],[-107.34024231851153,48.08433597645442]]],[[[-107.34026838476206,48.08432210377873],[-107.34035195717846,48.08425336881453],[-107.34035797515995,48.084239878250024],[-107.3403640500729,48.08422630086085],[-107.3403097105168,48.08420509877675],[-107.34019333558614,48.084283370516204],[-107.34021328220228,48.08428300419851],[-107.34026093491647,48.08430438636453],[-107.34026838476206,48.08432210377873]]],[[[-107.34013037835496,48.08436504968056],[-107.34010389597923,48.084370095973455],[-107.34009057924015,48.084370369114005],[-107.3400898163206,48.08435247168399],[-107.33979236561748,48.084555088810205],[-107.33987471315386,48.084607040112004],[-107.33992170950488,48.08461495402111],[-107.34017216412641,48.08440442252287],[-107.34013037835496,48.08436504968056]]]]}"
0000000000000000067e,9760,0,0,0,"{""type"":""GeometryCollection"",""geometries"":[{""type"":""LineString"",""coordinates"":[[-107.3399815860204,48.08431898235859],[-107.33997495000752,48.08431911756312]]},{""type"":""Polygon"",""coordinates"":[[[-107.3400898163206,48.08435247168399],[-107.34009558172411,48.084334496869516],[-107.34008215853153,48.084330341067805],[-107.34007583084139,48.08433943422968],[-107.34006884180978,48.084330614204696],[-107.34002889165524,48.08433143360401],[-107.34004134390342,48.08431327882029],[-107.34006838110085,48.084321716792],[-107.34008068222929,48.084299062006295],[-107.34014766959974,48.084306680532364],[-107.34014042787001,48.08429337628386],[-107.34019333558614,48.084283370516204],[-107.3403097105168,48.08420509877675],[-107.34022797467615,48.08416654562145],[-107.3399815982814,48.08431896448266],[-107.3399815860204,48.08431898235859],[-107.33997537214721,48.084328041871295],[-107.33994888982315,48.0843330881165],[-107.33997011689614,48.0843594298665],[-107.33992991409794,48.0843557649836],[-107.33992282353842,48.08434696070909],[-107.33967608642392,48.08449046614238],[-107.33968976219035,48.08449910626942],[-107.3397172599534,48.084516441819694],[-107.33979236561748,48.084555088810205],[-107.34001858925488,48.08439862280217],[-107.3400898163206,48.08435247168399]],[[-107.34004134390342,48.08431327882029],[-107.34004073210366,48.084299881409315],[-107.34002781916124,48.08430913877718],[-107.34004134390342,48.08431327882029]],[[-107.34001858925488,48.08439862280217],[-107.34001088687299,48.08437642109691],[-107.33995052939903,48.08436870931935],[-107.3399642498637,48.08437742044846],[-107.34001858925488,48.08439862280217]],[[-107.34002889165524,48.08433143360401],[-107.34002195216333,48.08432712934456],[-107.34001471048548,48.08431382508006],[-107.33998868885482,48.08432776874777],[-107.34002251932107,48.0843404557],[-107.34002889165524,48.08433143360401]]]}]}"
0000000000000000067f,9761,0,0,0,"{""type"":""Polygon"",""coordinates"":[[[-107.34020735931946,48.084153601396636],[-107.34018057485335,48.084149647711804],[-107.34010021413594,48.08414238919149],[-107.33961210385425,48.084402440482755],[-107.33961246287961,48.084411353678846],[-107.33961475839713,48.084460443467485],[-107.33966863688407,48.08447274861754],[-107.3396692485438,48.084486146078575],[-107.33967608642392,48.08449046614238],[-107.33992282353842,48.08434696070909],[-107.33988812874507,48.08431639206158],[-107.33997491146107,48.084319144458],[-107.34022797467615,48.08416654562145],[-107.34020735931946,48.084153601396636]]]}"
00000000000000000649,9762,0,0,0,"{""type"":""Polygon"",""coordinates"":[[[-107.340066742927,48.08413861545673],[-107.33952710293146,48.08429248626306],[-107.33954128378626,48.08431009485996],[-107.33955542002242,48.08432763239727],[-107.33957633717256,48.08434957682604],[-107.33961210385425,48.084402440482755],[-107.34010021413594,48.08414238919149],[-107.340066742927,48.08413861545673]]]}"
00000000000000000648,9763,0,0,0,"{""type"":""Polygon"",""coordinates"":[[[-107.34002618118186,48.08412603748018],[-107.33985158887799,48.08409830902028],[-107.33977143663246,48.08409546337631],[-107.33948475129284,48.08423978685439],[-107.33952005714292,48.08428375302888],[-107.33952710293146,48.08429248626306],[-107.340066742927,48.08413861545673],[-107.34002618118186,48.08412603748018]]]}"
00000000000000000680,9764,0,0,0,"{""type"":""Polygon"",""coordinates"":[[[-107.33974469701788,48.084091580631174],[-107.33947847198493,48.08410147090262],[-107.33947245377132,48.08411496138224],[-107.3394946508885,48.08416361367647],[-107.33947766089312,48.084230982562374],[-107.33948475129284,48.08423978685439],[-107.33977143663246,48.08409546337631],[-107.33974469701788,48.084091580631174]]]}"
00000000000000000665,9765,0,0,0,"{""type"":""Polygon"",""coordinates"":[[[-107.33955377557434,48.083997209036326],[-107.33951479661695,48.08402033867368],[-107.33950265866889,48.084047335362],[-107.33947847198493,48.08410147090262],[-107.33974469701788,48.084091580631174],[-107.33955377557434,48.083997209036326]]]}"
0000000000000000064a,9766,0,0,0,"{""type"":""Polygon"",""coordinates"":[[[-107.33960780762341,48.08386653466011],[-107.33958801240517,48.0838714008058],[-107.33960280480585,48.08390240656771],[-107.33963015588644,48.08391968666002],[-107.3396124482035,48.08396922900103],[-107.33957979699775,48.08398326557975],[-107.33955316394692,48.08398381169856],[-107.33955377557434,48.083997209036326],[-107.33974469701788,48.084091580631174],[-107.33977143663246,48.08409546337631],[-107.33985158887799,48.08409830902028],[-107.33960780762341,48.08386653466011]]]}"
00000000000000000646,9767,0,0,0,"{""type"":""Polygon"",""coordinates"":[[[-107.33977423541113,48.083863164630436],[-107.3397421960033,48.083890598540904],[-107.33966265597898,48.08390115011423],[-107.33966694064794,48.08384745200209],[-107.33965158116632,48.08380312005604],[-107.33965662854955,48.08376731927772],[-107.33962974301099,48.08376338121995],[-107.33962739485389,48.08385725537285],[-107.33960780762341,48.08386653466011],[-107.33985158887799,48.08409830902028],[-107.34002618118186,48.08412603748018],[-107.33977423541113,48.083863164630436]]]}"
0000000000000000064b,9768,0,0,0,"{""type"":""Polygon"",""coordinates"":[[[-107.33990607064578,48.083829210173036],[-107.33986050678213,48.083852504071864],[-107.33982591892466,48.08382636457589],[-107.33979367156385,48.08384938534661],[-107.33977423541113,48.083863164630436],[-107.34002618118186,48.08412603748018],[-107.340066742927,48.08413861545673],[-107.34010021413594,48.08414238919149],[-107.34018057485335,48.084149647711804],[-107.33990607064578,48.083829210173036]]]}"
00000000000000000642,9769,0,0,0,"{""type"":""Polygon"",""coordinates"":[[[-107.34020214986691,48.084037580486395],[-107.34020189717702,48.08403309627432],[-107.34000984115276,48.083764594118705],[-107.34001040831822,48.083777920331165],[-107.34001081208386,48.08378690447905],[-107.33993209191567,48.08381526666938],[-107.33990607064578,48.083829210173036],[-107.34018057485335,48.084149647711804],[-107.34020735931946,48.084153601396636],[-107.34021322620394,48.08413561088028],[-107.34020214986691,48.084037580486395]]]}"
0000000000000000063f,9770,0,0,0,"{""type"":""Polygon"",""coordinates"":[[[-107.3401764772483,48.08376563651824],[-107.34014300633798,48.083761862829625],[-107.34005040250368,48.08377717202554],[-107.34003478984904,48.0837283560261],[-107.3400225458589,48.08375092372751],[-107.34000958848507,48.08376010992889],[-107.34000984115276,48.083764594118705],[-107.34020189717702,48.08403309627432],[-107.3401764772483,48.08376563651824]]]}"
00000000000000000647,9771,0,0,0,"{""type"":""Polygon"",""coordinates"":[[[-107.34032260001702,48.0837537187499],[-107.3401764772483,48.08376563651824],[-107.34020189717702,48.08403309627432],[-107.34033570849459,48.083749032459984],[-107.34032260001702,48.0837537187499]]]}"
00000000000000000643,9772,0,0,0,"{""type"":""Polygon"",""coordinates"":[[[-107.3404945359957,48.08372344400547],[-107.3404682621164,48.0837329034496],[-107.34042208649157,48.083742800305565],[-107.34038872199466,48.08374345559604],[-107.34033570849459,48.083749032459984],[-107.34020214986691,48.084037580486395],[-107.34021322620394,48.08413561088028],[-107.34053423296118,48.083718140250014],[-107.34053412643364,48.08371371136351],[-107.3404945359957,48.08372344400547]]]}"
00000000000000000661,9773,0,0,0,"{""type"":""Polygon"",""coordinates"":[[[-107.34053423296118,48.083718140250014],[-107.34021322620394,48.08413561088028],[-107.34020735931946,48.084153601396636],[-107.34022797467615,48.08416654562145],[-107.3403097105168,48.08420509877675],[-107.3403640500729,48.08422630086085],[-107.34041286996593,48.084127084439366],[-107.34040251152503,48.08404688034933],[-107.34040169150799,48.08402906986379],[-107.34035475246553,48.08402106944133],[-107.34040046763243,48.08400227520199],[-107.34044041759051,48.084001455657976],[-107.34044005835746,48.08399254253988],[-107.34043944640487,48.08397914521722],[-107.34047878438733,48.08396492833913],[-107.34051730228045,48.08393290099868],[-107.3405641917398,48.08393638559513],[-107.34053423296118,48.083718140250014]]]}"
0000000000000000065a,9774,0,0,0,"{""type"":""Polygon"",""coordinates"":[[[-107.34064969233864,48.083764950527105],[-107.34060265187009,48.083756966028155],[-107.34058857209901,48.08373934202073],[-107.34063489893592,48.08373394503337],[-107.34063479239644,48.08372951614595],[-107.34062688158278,48.08370290166178],[-107.34062025176293,48.08370299485122],[-107.34059361861891,48.0837035412585],[-107.340573570663,48.08370392341088],[-107.340547443,48.083713438169156],[-107.34053412643364,48.08371371136351],[-107.34053423296118,48.083718140250014],[-107.3405641917398,48.08393638559513],[-107.34063740487179,48.083934926375385],[-107.34071715367676,48.083928787107695],[-107.34064969233864,48.083764950527105]]]}"
00000000000000000654,9775,0,0,0,"{""type"":""MultiPolygon"",""coordinates"":[[[[-107.34070162809867,48.083732634265445],[-107.3406876994547,48.08371951022971],[-107.34068831150365,48.08373290748205],[-107.34070162809867,48.083732634265445]]],[[[-107.34065336355827,48.08369785529876],[-107.34064019815837,48.083702628454354],[-107.34062688158278,48.08370290166178],[-107.34063479239644,48.08372951614595],[-107.34064127104631,48.08372492300665],[-107.34067413011648,48.083715299262],[-107.34065336355827,48.08369785529876]]],[[[-107.34068831150365,48.08373290748205],[-107.34068183285468,48.08373750062521],[-107.34066908366671,48.0837511000347],[-107.34067653365683,48.08376881722672],[-107.34064969233864,48.083764950527105],[-107.34071715367676,48.083928787107695],[-107.34079021572046,48.08392282780373],[-107.34085047165001,48.0839305547523],[-107.34089797343348,48.083947436484436],[-107.34097787366967,48.08394579695875],[-107.34072214195281,48.08374559404403],[-107.340715916058,48.083754671375495],[-107.34068831150365,48.08373290748205]]]]}"
0000000000000000063d,9776,0,0,0,"{""type"":""Polygon"",""coordinates"":[[[-107.34084703774762,48.083707334209045],[-107.34082724250429,48.08371220059649],[-107.34082025333849,48.08370338073511],[-107.34084019977672,48.083703014295544],[-107.34080586374735,48.08368135942939],[-107.34079254715597,48.08368163266011],[-107.34067290602822,48.083688504769306],[-107.34065336355827,48.08369785529876],[-107.34067413011648,48.083715299262],[-107.3406806087617,48.0837107061214],[-107.3406876994547,48.08371951022971],[-107.34070162809867,48.083732634265445],[-107.34073509924843,48.08373640775087],[-107.34072214195281,48.08374559404403],[-107.34097787366967,48.08394579695875],[-107.34099119038196,48.083945523697835],[-107.34114394482901,48.08393351137414],[-107.34084703774762,48.083707334209045]],[[-107.34078693337145,48.08370410722789],[-107.34076698694399,48.083704473656105],[-107.34077397609316,48.08371329352197],[-107.34078693337145,48.08370410722789]]]}"
00000000000000000641,9777,0,0,0,"{""type"":""Polygon"",""coordinates"":[[[-107.34113827138673,48.08380859376415],[-107.34094407594765,48.08364282628718],[-107.34091203718984,48.0836702604569],[-107.34087917813484,48.083679884274424],[-107.3408525449342,48.08368043075483],[-107.3408259117407,48.08368097722766],[-107.34080586374735,48.08368135942939],[-107.34084019977672,48.083703014295544],[-107.34084703774762,48.083707334209045],[-107.34114394482901,48.08393351137414],[-107.34115726156035,48.08393323808974],[-107.34113827138673,48.08380859376415]]]}"
0000000000000000063e,9778,0,0,0,"{""type"":""Polygon"",""coordinates"":[[[-107.34107753670692,48.08349717066088],[-107.34101610657486,48.083467165230154],[-107.340961003943,48.083428066718525],[-107.34093375875433,48.08341521604441],[-107.34090590145657,48.08338896820067],[-107.3408780888405,48.08336279142186],[-107.34086390745652,48.08334518335399],[-107.34079492132668,48.08329303198034],[-107.34076706425257,48.0832667841517],[-107.34072048519674,48.08326769699762],[-107.34079012785155,48.08333331661441],[-107.34085911403984,48.08338546803006],[-107.34085303944262,48.08339904522504],[-107.34092212744932,48.08345118088871],[-107.3409430452849,48.083473124635375],[-107.34099090597162,48.08349891921352],[-107.3410048346951,48.08351204314802],[-107.34105223454611,48.08352894044413],[-107.34106846084691,48.08359115326554],[-107.3410226446326,48.08360996342874],[-107.34102851106378,48.08359197306039],[-107.34100825491964,48.083587942195706],[-107.34094407594765,48.08364282628718],[-107.34113827138673,48.08380859376415],[-107.34114413781077,48.0837906033208],[-107.34107753670692,48.08349717066088]]]}"
00000000000000000624,9779,0,0,0,"{""type"":""Polygon"",""coordinates"":[[[-107.34114413781077,48.0837906033208],[-107.34137713139648,48.08349106507095],[-107.34137698012857,48.083486565146224],[-107.34128207838957,48.083452786662384],[-107.34118324886803,48.08347717417688],[-107.3412104496253,48.083489953729014],[-107.34119753710678,48.08349921110077],[-107.34114652379935,48.08354932200963],[-107.34110049947134,48.0835637190883],[-107.34110478204602,48.08351002131039],[-107.34107753670692,48.08349717066088],[-107.34109422904109,48.083572725349086],[-107.34114413781077,48.0837906033208]],[[-107.34109422904109,48.083572725349086],[-107.34112831244848,48.083589895893674],[-107.34121433127734,48.08357474999819],[-107.34118060723046,48.08356649252735],[-107.34114029801627,48.083558399331864],[-107.34113443163875,48.08357638969418],[-107.34109422904109,48.083572725349086]]]}"
00000000000000000640,9780,0,0,0,"{""type"":""Polygon"",""coordinates"":[[[-107.34114413781077,48.0837906033208],[-107.34113827138673,48.08380859376415],[-107.34115726156035,48.08393323808974],[-107.34116374022159,48.083928644897014],[-107.34121481102181,48.08387844677482],[-107.34124026460613,48.083851176688924],[-107.34129684719139,48.0837785197384],[-107.34135011399165,48.08377742651119],[-107.34137774370298,48.08350446225403],[-107.34137713139648,48.08349106507095],[-107.34114413781077,48.0837906033208]]]}"
00000000000000000657,9781,0,0,0,"{""type"":""Polygon"",""coordinates"":[[[-107.34137774370298,48.08350446225403],[-107.34135011399165,48.08377742651119],[-107.34146363198795,48.0837796151329],[-107.34152960325578,48.08376485122452],[-107.34137774370298,48.08350446225403]]]}"
00000000000000000660,9782,0,0,0,"{""type"":""Polygon"",""coordinates"":[[[-107.34154167841506,48.083590462811145],[-107.34148132085006,48.08358275211509],[-107.34149377230383,48.083564597421926],[-107.34150050373164,48.083564488404996],[-107.34149989138136,48.083551091208484],[-107.34143024655549,48.08348547189004],[-107.3414170812189,48.0834902451314],[-107.34138360996394,48.08348647190445],[-107.34137698012857,48.083486565146224],[-107.34137713139648,48.08349106507095],[-107.34137774370298,48.08350446225403],[-107.34152960325578,48.08376485122452],[-107.34154291998117,48.083764577887585],[-107.34158287016804,48.083763757865434],[-107.34168087999974,48.08372155942729],[-107.34154167841506,48.083590462811145]],[[-107.34146295849858,48.08361882614585],[-107.34144964183676,48.0836190994693],[-107.34145673275731,48.0836279034996],[-107.34146295849858,48.08361882614585]]]}"
0000000000000000063b,9783,0,0,0,"{""type"":""MultiPolygon"",""coordinates"":[[[[-107.34147707908622,48.08348904283741],[-107.34144356316668,48.08348519857127],[-107.34143024655549,48.08348547189004],[-107.34149989138136,48.083551091208484],[-107.34151177509857,48.083519610397005],[-107.34153192980463,48.08352365691313],[-107.34155172500877,48.083518790398685],[-107.34147707908622,48.08348904283741]]],[[[-107.34164014887392,48.083557161830555],[-107.34159515331055,48.08359378256022],[-107.34154167841506,48.083590462811145],[-107.34168087999974,48.08372155942729],[-107.34168735859473,48.083716966219384],[-107.34173342783093,48.083702639871134],[-107.34177853014783,48.08367044787595],[-107.34179112774045,48.08365234840986],[-107.34180398332151,48.08364317775893],[-107.34181031057575,48.08363408461472],[-107.34164014887392,48.083557161830555]]]]}"
0000000000000000064d,9784,0,0,0,"{""type"":""MultiPolygon"",""coordinates"":[[[[-107.34171029995277,48.08348871587703],[-107.34167780051808,48.08350725295455],[-107.3416593316971,48.08353889809906],[-107.34164014887392,48.083557161830555],[-107.34181031057575,48.08363408461472],[-107.3418667853458,48.08355699878926],[-107.34187984914489,48.083552241246025],[-107.34171029995277,48.08348871587703]]],[[[-107.34162453391998,48.08350834635306],[-107.34159815349655,48.0835133772001],[-107.3415902988716,48.08348667609664],[-107.34155672596754,48.083482918698834],[-107.34150371232616,48.083488496184515],[-107.34147707908622,48.08348904283741],[-107.34155172500877,48.083518790398685],[-107.34155841179502,48.08351861031697],[-107.34159228731964,48.0835313675699],[-107.34163831166887,48.083516970263496],[-107.34162453391998,48.08350834635306]]]]}"
0000000000000000063c,9785,0,0,0,"{""type"":""GeometryCollection"",""geometries"":[{""type"":""LineString"",""coordinates"":[[-107.34171034500865,48.083488727812096],[-107.34171700454986,48.083488592026995]]},{""type"":""Polygon"",""coordinates"":[[[-107.34171289567261,48.08339932661618],[-107.34168003677722,48.08340895065445],[-107.34169274097209,48.08339528014756],[-107.34166574820502,48.083386913848834],[-107.34165926967057,48.08339150702486],[-107.3416348331949,48.08344115820162],[-107.341648358053,48.083445297946604],[-107.34170105678538,48.08343087843626],[-107.34171703138247,48.08348860684501],[-107.34187984914489,48.083552241246025],[-107.34188658059834,48.08355213220137],[-107.34189173259163,48.08352076039364],[-107.34191642176226,48.08347559323547],[-107.34192851341953,48.083448525517056],[-107.34171289567261,48.08339932661618]]]}]}"
0000000000000000063a,9786,0,0,0,"{""type"":""Polygon"",""coordinates"":[[[-107.34168288542003,48.083324045671574],[-107.34166574820502,48.083386913848834],[-107.34169274097209,48.08339528014756],[-107.34170544515891,48.08338160964275],[-107.34170487736738,48.08336828355687],[-107.34173834866992,48.08337205666197],[-107.3417261056191,48.08339462440383],[-107.34171289567261,48.08339932661618],[-107.34192851341953,48.083448525517056],[-107.34192769264216,48.083430715266985],[-107.3419516676185,48.08337216680288],[-107.3419504425791,48.083345372525855],[-107.34168288542003,48.083324045671574]]]}"
00000000000000000626,9787,0,0,0,"{""type"":""Polygon"",""coordinates"":[[[-107.34193313588688,48.083256421246546],[-107.34193838934661,48.08322503384902],[-107.34191798175726,48.083216503308535],[-107.34166247789548,48.08331551505896],[-107.34168252587435,48.08331513268115],[-107.34168288542003,48.083324045671574],[-107.3419504425791,48.083345372525855],[-107.34193313588688,48.083256421246546]]]}"
00000000000000000639,9788,0,0,0,"{""type"":""Polygon"",""coordinates"":[[[-107.34189048319178,48.083199168839265],[-107.3418958880061,48.0831722813727],[-107.34188062725292,48.083127934659665],[-107.3418593989879,48.08310159398114],[-107.34186429287654,48.083061293734275],[-107.34184327292026,48.08303936614139],[-107.34182913567201,48.08302182939767],[-107.34179842945588,48.083080486472774],[-107.34179195098541,48.08308507962931],[-107.34166222502154,48.08331103091712],[-107.34166247789548,48.08331551505896],[-107.34191798175726,48.083216503308535],[-107.34189048319178,48.083199168839265]],[[-107.34186144472339,48.08314619828495],[-107.34184129010754,48.08314215186492],[-107.34184838107245,48.083150955785094],[-107.34186144472339,48.08314619828495]],[[-107.34182062971156,48.08312913718965],[-107.34180047511833,48.08312509076179],[-107.34180792564636,48.083142807640854],[-107.34182062971156,48.08312913718965]]]}"
00000000000000000638,9789,0,0,0,"{""type"":""MultiPolygon"",""coordinates"":[[[[-107.34175930061677,48.08309911669253],[-107.34173832536536,48.08307726011933],[-107.34171133279756,48.08306889387909],[-107.34171046747846,48.08305101269338],[-107.34170255589508,48.08302439866164],[-107.34152078832423,48.08327823713783],[-107.34158855122912,48.0833035936681],[-107.34166222502154,48.08331103091712],[-107.34179195098541,48.08308507962931],[-107.34175930061677,48.08309911669253]]],[[[-107.34182179183931,48.08300854138201],[-107.34180725039626,48.08298202065227],[-107.34176755384374,48.08298732484992],[-107.34178893328746,48.083018165377204],[-107.3417219912826,48.08301061922659],[-107.34172137883974,48.082997222175266],[-107.34170240458336,48.083019898778566],[-107.34173587557513,48.08302367186736],[-107.34179036647548,48.08304937255005],[-107.34179842945588,48.083080486472774],[-107.34182913567201,48.08302182939767],[-107.34182179183931,48.08300854138201]]]]}"
00000000000000000634,9790,0,0,0,"{""type"":""Polygon"",""coordinates"":[[[-107.34169495413293,48.08300218193082],[-107.34168862698192,48.083011274955304],[-107.3416749509575,48.0830026353649],[-107.34165536426123,48.083011914905775],[-107.34166868073447,48.0830116415617],[-107.341655768442,48.08302089890505],[-107.34164867755949,48.083012094990366],[-107.34164204778978,48.08301218824796],[-107.34139608553595,48.083173591163565],[-107.34142389854942,48.083199767687645],[-107.34143772075095,48.083208462641416],[-107.34147925449071,48.08324334988822],[-107.34147961398796,48.08325226286845],[-107.34150022961292,48.08326520659055],[-107.34152078832423,48.08327823713783],[-107.34172137883974,48.082997222175266],[-107.34169495413293,48.08300218193082]],[[-107.3416957178769,48.08302007886658],[-107.34167577162323,48.08302044547468],[-107.34168286251567,48.0830292493885],[-107.3416957178769,48.08302007886658]]]}"
00000000000000000632,9791,0,0,0,"{""type"":""Polygon"",""coordinates"":[[[-107.34136373355632,48.0830491509508],[-107.34136480690763,48.08307144520558],[-107.34136618279857,48.08310273925222],[-107.34138884343793,48.083160287305994],[-107.34139608553595,48.083173591163565],[-107.34164204778978,48.08301218824796],[-107.34136373355632,48.0830491509508]]]}"
00000000000000000644,9792,0,0,0,"{""type"":""Polygon"",""coordinates"":[[[-107.34136535817169,48.082937452457635],[-107.34135567098251,48.083018036999775],[-107.34136373355632,48.0830491509508],[-107.34164204778978,48.08301218824796],[-107.34164867755949,48.083012094990366],[-107.34165536426123,48.083011914905775],[-107.3416749509575,48.0830026353649],[-107.34136535817169,48.082937452457635]]]}"
00000000000000000633,9793,0,0,0,"{""type"":""MultiPolygon"",""coordinates"":[[[[-107.34169495413293,48.08300218193082],[-107.34172137883974,48.082997222175266],[-107.34172097464251,48.08298823818074],[-107.34170744992619,48.082984098478455],[-107.34169495413293,48.08300218193082]]],[[[-107.34170744992619,48.082984098478455],[-107.34140024519478,48.08282511436201],[-107.34139376675166,48.08282970746859],[-107.34141474159553,48.082851564024395],[-107.34138454072026,48.0829191890038],[-107.34136510533227,48.08293296834645],[-107.34136535817169,48.082937452457635],[-107.3416749509575,48.0830026353649],[-107.34167454677176,48.08299365136896],[-107.34165429073046,48.0829896206841],[-107.34164673364327,48.08296747502334],[-107.34170744992619,48.082984098478455]]]]}"
0000000000000000062d,9794,0,0,0,"{""type"":""Polygon"",""coordinates"":[[[-107.34175974379201,48.0829606950897],[-107.34176755384374,48.08298732484992],[-107.34180725039626,48.08298202065227],[-107.34178551137435,48.082942267224404],[-107.34179137734844,48.08292427704991],[-107.34166157223383,48.08285551914684],[-107.34166743824171,48.08283752900881],[-107.34145718022309,48.082756927117174],[-107.34145779257399,48.08277032411117],[-107.34143177220301,48.0827842677284],[-107.34141963588057,48.082811263982194],[-107.34140024519478,48.08282511436201],[-107.34172097464251,48.08298823818074],[-107.3417128548145,48.08295721113053],[-107.34175974379201,48.0829606950897]],[[-107.34167693417884,48.08289984990774],[-107.34165652687958,48.08289131935711],[-107.34166423016818,48.08291352027879],[-107.34167693417884,48.08289984990774]],[[-107.3417128548145,48.08295721113053],[-107.34171749593575,48.08291242689169],[-107.34168280018949,48.0828818597535],[-107.34169913416213,48.08294850049218],[-107.3417128548145,48.08295721113053]]]}"
00000000000000000636,9795,0,0,0,"{""type"":""MultiPolygon"",""coordinates"":[[[[-107.34146197287376,48.082716642913205],[-107.34143508734971,48.082712705440194],[-107.34146233237466,48.08272555580395],[-107.34146197287376,48.082716642913205]]],[[[-107.34136839906506,48.0827096431558],[-107.3413755964468,48.08272287584275],[-107.34138855329378,48.082713689651705],[-107.34136839906506,48.0827096431558]]],[[[-107.34146233237466,48.08272555580395],[-107.34145718022309,48.082756927117174],[-107.34166743824171,48.08283752900881],[-107.34167269181451,48.08280614187355],[-107.34169630706285,48.08273868128228],[-107.34169569462382,48.08272528430011],[-107.3414752892138,48.08271636960091],[-107.3414821271374,48.0827206893891],[-107.34146233237466,48.08272555580395]]]]}"
00000000000000000629,9796,0,0,0,"{""type"":""Polygon"",""coordinates"":[[[-107.3413864634701,48.082669014631705],[-107.34135385811354,48.08268312249588],[-107.34136151652909,48.08270525229988],[-107.34136839906506,48.0827096431558],[-107.34138855329378,48.082713689651705],[-107.3414078423514,48.082699855071155],[-107.34143508734971,48.082712705440194],[-107.34146197287376,48.082716642913205],[-107.34146819843889,48.082707565721236],[-107.3414752892138,48.08271636960091],[-107.34169569462382,48.08272528430011],[-107.34169508218476,48.08271188732137],[-107.3417178319873,48.082626545808],[-107.34173741846901,48.08261726632796],[-107.3413864634701,48.082669014631705]]]}"
00000000000000000628,9797,0,0,0,"{""type"":""Polygon"",""coordinates"":[[[-107.3413864634701,48.082669014631705],[-107.34173741846901,48.08261726632796],[-107.34174385221793,48.0826126021586],[-107.34174853785488,48.08256788927502],[-107.34174083455912,48.08254568850653],[-107.34174623932914,48.08251880138437],[-107.34172547262988,48.082501358054685],[-107.34175833070493,48.082491734188146],[-107.3417505207282,48.08246510467679],[-107.34176301629513,48.08244702140803],[-107.34174847508176,48.08242050094735],[-107.34159996827859,48.082526221124155],[-107.3413864634701,48.082669014631705]],[[-107.34159996827859,48.082526221124155],[-107.34160705906497,48.082535024963356],[-107.34162012248731,48.08253026755774],[-107.34159996827859,48.082526221124155]]]}"
0000000000000000062b,9798,0,0,0,"{""type"":""Polygon"",""coordinates"":[[[-107.34173439502857,48.08240287756425],[-107.3417182124448,48.08234073734701],[-107.34170525577075,48.08234992351292],[-107.34169480580323,48.08241261042791],[-107.34168148954103,48.08241288376713],[-107.34168271442144,48.08243967757545],[-107.3416356748343,48.082431693762636],[-107.34160781748807,48.082405446616065],[-107.34155603016272,48.08243781778801],[-107.3415927708299,48.08251298850533],[-107.34157935297885,48.082513277597535],[-107.34152327881684,48.08245187034875],[-107.34127655677506,48.08259537433534],[-107.34134569402919,48.082652024525494],[-107.34135385811354,48.08268312249588],[-107.3413864634701,48.082669014631705],[-107.34174847508176,48.08242050094735],[-107.34174811550662,48.082411588111384],[-107.34173439502857,48.08240287756425]]]}"
00000000000000000631,9799,0,0,0,"{""type"":""MultiPolygon"",""coordinates"":[[[[-107.34170428375475,48.08232761380827],[-107.34170525577075,48.08234992351292],[-107.3417182124448,48.08234073734701],[-107.34171734710333,48.08232285641007],[-107.34170428375475,48.08232761380827]]],[[[-107.34155214757003,48.082353023393864],[-107.34154847831515,48.08242011688712],[-107.34155603016272,48.08243781778801],[-107.34160781748807,48.082405446616065],[-107.34155214757003,48.082353023393864]]],[[[-107.34144215662718,48.08242671638953],[-107.34141429948096,48.08240046918414],[-107.34119338971134,48.08252561624831],[-107.34124844685601,48.08256464291574],[-107.34126262822332,48.08258225066523],[-107.34127655677506,48.08259537433534],[-107.34152327881684,48.08245187034875],[-107.34152302595523,48.08244738628003],[-107.34144215662718,48.08242671638953]]]]}"
00000000000000000637,9800,0,0,0,"{""type"":""Polygon"",""coordinates"":[[[-107.34140746162542,48.08239614941575],[-107.34137194615577,48.08234777255211],[-107.3413512864445,48.08233475795536],[-107.34135071875947,48.08232143213055],[-107.34112915255666,48.08243311087256],[-107.34115869492639,48.0824950491214],[-107.34119338971134,48.08252561624831],[-107.34141429948096,48.08240046918414],[-107.34140746162542,48.08239614941575]]]}"
00000000000000000630,9801,0,0,0,"{""type"":""MultiPolygon"",""coordinates"":[[[[-107.34141892388965,48.08220836872622],[-107.34139249980255,48.08221332830812],[-107.34143928608613,48.08221682816902],[-107.34141892388965,48.08220836872622]]],[[[-107.34133999881382,48.08223231814371],[-107.3410778724797,48.082331419528856],[-107.34110680245371,48.08237996077461],[-107.34112170251551,48.082415394168],[-107.34112915255666,48.08243311087256],[-107.34135071875947,48.08232143213055],[-107.34135510729791,48.08227216439064],[-107.34133999881382,48.08223231814371]]]]}"
00000000000000000645,9802,0,0,0,"{""type"":""Polygon"",""coordinates"":[[[-107.34140520360909,48.08219965816068],[-107.34107842449022,48.082197428653394],[-107.34109644253692,48.082299759467475],[-107.34107705208683,48.08231360964091],[-107.3410778724797,48.082331419528856],[-107.34133999881382,48.08223231814371],[-107.34133902701653,48.082210008479805],[-107.34139249980255,48.08221332830812],[-107.34141892388965,48.08220836872622],[-107.34140520360909,48.08219965816068]]]}"
0000000000000000061e,9803,0,0,0,"{""type"":""Polygon"",""coordinates"":[[[-107.34139729238933,48.08217304452636],[-107.34134866921443,48.08212935413018],[-107.34130810857523,48.08211677714952],[-107.34110754682685,48.08210306633349],[-107.34107709343584,48.0821662061968],[-107.34107842449022,48.082197428653394],[-107.34140520360909,48.08219965816068],[-107.34139729238933,48.08217304452636]]]}"
00000000000000000620,9804,0,0,0,"{""type"":""Polygon"",""coordinates"":[[[-107.34121667189477,48.082011493354486],[-107.34114504603866,48.082048659277504],[-107.34110754682685,48.08210306633349],[-107.34130810857523,48.08211677714952],[-107.34121667189477,48.082011493354486]]]}"
00000000000000000623,9805,0,0,0,"{""type"":""Polygon"",""coordinates"":[[[-107.3412885058614,48.081978740377124],[-107.34124942283978,48.08199744102661],[-107.34122315019417,48.082006900335145],[-107.34121667189477,48.082011493354486],[-107.34130810857523,48.08211677714952],[-107.34134866921443,48.08212935413018],[-107.34136901452862,48.08199049748246],[-107.3412885058614,48.081978740377124]]]}"
0000000000000000061f,9806,0,0,0,"{""type"":""Polygon"",""coordinates"":[[[-107.34154069050714,48.0819557380334],[-107.34144268552474,48.08199793478504],[-107.34136901452862,48.08199049748246],[-107.34134866921443,48.08212935413018],[-107.34139729238933,48.08217304452636],[-107.34156696312778,48.08194627864771],[-107.34154069050714,48.0819557380334]]]}"
00000000000000000627,9807,0,1,0,"{""type"":""Polygon"",""coordinates"":[[[-107.34156696312778,48.08194627864771],[-107.34139729238933,48.08217304452636],[-107.34140520360909,48.08219965816068],[-107.34141892388965,48.08220836872622],[-107.34143928608613,48.08221682816902],[-107.3414459156995,48.082216734930824],[-107.34152749854243,48.08225078584064],[-107.34154035363112,48.082241615482516],[-107.34153851645489,48.08220142492047],[-107.34156983452864,48.08215616576031],[-107.34161564888157,48.082137355904024],[-107.3416131367609,48.08193638162977],[-107.34156696312778,48.08194627864771]]]}"
0000000000000000062f,9808,0,0,0,"{""type"":""Polygon"",""coordinates"":[[[-107.34171344009198,48.081943272065004],[-107.34168486386213,48.081899199678745],[-107.34167108665555,48.08189057602713],[-107.3416131367609,48.08193638162977],[-107.34161564888157,48.082137355904024],[-107.3416287121593,48.082132598536965],[-107.34167560005413,48.082136082510026],[-107.34176151419938,48.08212095238843],[-107.34171344009198,48.081943272065004]]]}"
0000000000000000062e,9809,0,0,0,"{""type"":""Polygon"",""coordinates"":[[[-107.34181338397434,48.081941249637175],[-107.3417933367089,48.081941632014235],[-107.3417202779286,48.08194759177477],[-107.34171344009198,48.081943272065004],[-107.34176151419938,48.08212095238843],[-107.3417946248294,48.08211581262636],[-107.34182186967215,48.08212866274639],[-107.34186181821792,48.08212784267523],[-107.34192890498997,48.08213544393027],[-107.34181338397434,48.081941249637175]]]}"
0000000000000000061b,9810,0,0,0,"{""type"":""Polygon"",""coordinates"":[[[-107.34198649356637,48.08193769592295],[-107.34191991291837,48.08193906277398],[-107.34187251416462,48.081922166390974],[-107.34184664579242,48.081940609667846],[-107.34181338397434,48.081941249637175],[-107.34192890498997,48.08213544393027],[-107.34194222118767,48.08213517055975],[-107.34201441499215,48.082111329737344],[-107.34198649356637,48.08193769592295]]]}"
0000000000000000061c,9811,0,0,0,"{""type"":""Polygon"",""coordinates"":[[[-107.34216082871059,48.081960935437095],[-107.34210720438735,48.08195311626805],[-107.3420534785525,48.08194531283517],[-107.34203975811688,48.08193660240806],[-107.34199322473506,48.08193758688139],[-107.34198649356637,48.08193769592295],[-107.34201441499215,48.082111329737344],[-107.34204058617874,48.082101885956845],[-107.34206120153186,48.08211482928144],[-107.34207477067231,48.08211903992942],[-107.3421675598961,48.081960826382804],[-107.34216082871059,48.081960935437095]]]}"
00000000000000000614,9812,0,0,0,"{""type"":""Polygon"",""coordinates"":[[[-107.34234934627081,48.08200178201183],[-107.34229521581837,48.08198499489774],[-107.34224781663931,48.081968098696294],[-107.3421675598961,48.081960826382804],[-107.34207477067231,48.08211903992942],[-107.34212181019605,48.08212702348083],[-107.34238332260516,48.08201452286897],[-107.34234934627081,48.08200178201183]]]}"
0000000000000000061d,9813,0,0,0,"{""type"":""Polygon"",""coordinates"":[[[-107.3424783297543,48.082052728109],[-107.34238332260516,48.08201452286897],[-107.34212181019605,48.08212702348083],[-107.34213523315275,48.08213117882847],[-107.3422097707949,48.08215649639881],[-107.34221120438347,48.0821877030427],[-107.34241476749092,48.082121008290194],[-107.34236618726909,48.08207738955471],[-107.34236557457085,48.08206399275226],[-107.34242567750964,48.08206721867942],[-107.34246001370981,48.082088872294975],[-107.34247394270315,48.08210199565651],[-107.34250006926234,48.082092480693454],[-107.34249934973627,48.08207465514966],[-107.3424783297543,48.082052728109]]]}"
00000000000000000622,9814,0,0,0,"{""type"":""MultiPolygon"",""coordinates"":[[[[-107.34250006926234,48.082092480693454],[-107.34247394270315,48.08210199565651],[-107.34250190750316,48.082132671126594],[-107.34253645218308,48.08215873771777],[-107.34254293044258,48.082154144597375],[-107.34254272209205,48.082149731618586],[-107.34250006926234,48.082092480693454]]],[[[-107.34245068893117,48.082178368364666],[-107.34241502046427,48.08212549232582],[-107.34241476749092,48.082121008290194],[-107.34221120438347,48.0821877030427],[-107.3422670268034,48.08224462550213],[-107.34228120870742,48.08226223297992],[-107.34228829966497,48.0822710367201],[-107.34246436497091,48.082187007708306],[-107.34245068893117,48.082178368364666]]]]}"
0000000000000000062c,9815,0,0,0,"{""type"":""GeometryCollection"",""geometries"":[{""type"":""LineString"",""coordinates"":[[-107.342550391851,48.082171874050246],[-107.34256431872008,48.08218498918626],[-107.3425645214317,48.082189451452386]]},{""type"":""Polygon"",""coordinates"":[[[-107.34254293044258,48.082154144597375],[-107.34253645218308,48.08215873771777],[-107.34255038123885,48.08217186108409],[-107.34254293044258,48.082154144597375]]]},{""type"":""Polygon"",""coordinates"":[[[-107.3425130916965,48.0822306817693],[-107.34247818722426,48.08219570234293],[-107.34246436497091,48.082187007708306],[-107.34228829966497,48.0822710367201],[-107.34233652026272,48.0823057428415],[-107.34236473800836,48.082340902525665],[-107.34239198337808,48.08235375252543],[-107.34251992973634,48.08223500144054],[-107.3425130916965,48.0822306817693]]]}]}"
00000000000000000625,9816,0,0,0,"{""type"":""GeometryCollection"",""geometries"":[{""type"":""LineString"",""coordinates"":[[-107.3425645214317,48.082189451452386],[-107.34256431872008,48.08218498918626]]},{""type"":""Polygon"",""coordinates"":[[[-107.34256456329759,48.08218946849163],[-107.34257176111905,48.08220270094642],[-107.34257859916536,48.082207020611],[-107.34258492600496,48.082197927675075],[-107.34256456329759,48.08218946849163]]]},{""type"":""Polygon"",""coordinates"":[[[-107.34251992973634,48.08223500144054],[-107.34239198337808,48.08235375252543],[-107.34254116724178,48.082408816157596],[-107.34259457494962,48.082264747496936],[-107.34251992973634,48.08223500144054]]]}]}"
00000000000000000635,9817,0,0,0,"{""type"":""Polygon"",""coordinates"":[[[-107.34264100224347,48.08225933395301],[-107.34259457494962,48.082264747496936],[-107.34254116724178,48.082408816157596],[-107.3426212739202,48.0824115883593],[-107.34271428034988,48.082405261008326],[-107.34273443486634,48.08240930719053],[-107.34264100224347,48.08225933395301]]]}"
00000000000000000651,9818,0,0,0,"{""type"":""Polygon"",""coordinates"":[[[-107.34268742954781,48.082253920386925],[-107.34264100224347,48.08225933395301],[-107.34273443486634,48.08240930719053],[-107.342834740926,48.082416196445465],[-107.34286162680728,48.082420133494665],[-107.34288642102398,48.08237939584265],[-107.34298514148573,48.082350578378296],[-107.34298468004064,48.08234168133405],[-107.34268742954781,48.082253920386925]]]}"
00000000000000000652,9819,0,0,0,"{""type"":""GeometryCollection"",""geometries"":[{""type"":""LineString"",""coordinates"":[[-107.34268743091023,48.082253940405536],[-107.3426940648401,48.08225380508549]]},{""type"":""Polygon"",""coordinates"":[[[-107.34307328908528,48.08223714695528],[-107.34305410738942,48.08225541048796],[-107.3429937506283,48.08224770091982],[-107.34297823560365,48.08219887115514],[-107.34299741728852,48.08218060765761],[-107.34268502293658,48.08220040409569],[-107.34269977326834,48.08223133726852],[-107.3426940648401,48.08225380508549],[-107.34269405925704,48.08225382705991],[-107.34298468004064,48.08234168133405],[-107.34299738353695,48.082328010950064],[-107.34302340343984,48.08231406704106],[-107.34306155848684,48.082273126961496],[-107.34308757834384,48.08225918305082],[-107.34309308372715,48.082232280256186],[-107.34307328908528,48.08223714695528]]]}]}"
00000000000000000617,9820,0,0,0,"{""type"":""MultiPolygon"",""coordinates"":[[[[-107.34315714527526,48.08202993816784],[-107.34306479699988,48.08204973373152],[-107.34306540995486,48.08206313051935],[-107.34306597827013,48.0820764562524],[-107.34313623784928,48.0821554693858],[-107.34315552632317,48.08214163461565],[-107.34316510252859,48.08205662260709],[-107.34315714527526,48.08202993816784]]],[[[-107.34258349209759,48.08216672103879],[-107.342575832929,48.082144591578654],[-107.34254272209205,48.082149731618586],[-107.34254293044258,48.082154144597375],[-107.34256431030614,48.08218498445138],[-107.34258492600496,48.082197927675075],[-107.34259767417551,48.08218432843922],[-107.34258349209759,48.08216672103879]]],[[[-107.3429657174571,48.082069638326814],[-107.3429326065976,48.082074778494636],[-107.34294123877702,48.08211921746559],[-107.34290899380852,48.0821422384744],[-107.34289445168942,48.082115718364584],[-107.34286720615918,48.08210286856999],[-107.34285990665757,48.08208965193271],[-107.34265511790711,48.08212955395866],[-107.34268502293658,48.08220040409569],[-107.34299741728852,48.08218060765761],[-107.34302920081156,48.08214868959092],[-107.34302884092057,48.08213977681395],[-107.34302848102952,48.082130864038504],[-107.3430142986974,48.082113256726196],[-107.34299980113487,48.08208680770735],[-107.34297960206143,48.08208269054547],[-107.3429657174571,48.082069638326814]],[[-107.34295980751135,48.08208755720492],[-107.3429735283552,48.08209626751506],[-107.34297960206143,48.08208269054547],[-107.34295980751135,48.08208755720492]]]]}"
00000000000000000618,9821,0,0,0,"{""type"":""MultiPolygon"",""coordinates"":[[[[-107.34295826644406,48.08205192191239],[-107.34292490256566,48.082052578048625],[-107.3429326065976,48.082074778494636],[-107.3429657174571,48.082069638326814],[-107.34295826644406,48.08205192191239]]],[[[-107.34256812913034,48.08212239106851],[-107.3425126659928,48.082074381698746],[-107.34249934973627,48.08207465514966],[-107.34250006926234,48.082092480693454],[-107.34254272209205,48.082149731618586],[-107.342575832929,48.082144591578654],[-107.34256812913034,48.08212239106851]]],[[[-107.34284352597513,48.08202294147693],[-107.34283020969028,48.08202321497425],[-107.3428225503747,48.08200108559808],[-107.34260480569633,48.08205017369296],[-107.3426118967208,48.08205897737192],[-107.3426470542579,48.082098440688846],[-107.34265511790711,48.08212955395866],[-107.34285990665757,48.08208965193271],[-107.34285122994721,48.08204514191846],[-107.34284439187626,48.082040822287276],[-107.34284352597513,48.08202294147693]],[[-107.34282459736121,48.08204568891405],[-107.34283877955113,48.08206329623534],[-107.34284439187626,48.082040822287276],[-107.34282459736121,48.08204568891405]],[[-107.34281045982507,48.082028152654445],[-107.3428242375185,48.082036776152584],[-107.34283020969028,48.08202321497425],[-107.34281045982507,48.082028152654445]]],[[[-107.34314106172451,48.08196778292924],[-107.3431268793755,48.08195017568875],[-107.34311259018723,48.081928139727054],[-107.34299396951339,48.081957394988],[-107.34301484366578,48.08197926657555],[-107.34305586697604,48.082000739754655],[-107.34302362214731,48.08202376074647],[-107.3430369384597,48.08202348722159],[-107.34305688446788,48.08202312034351],[-107.34306479699988,48.08204973373152],[-107.34315714527526,48.08202993816784],[-107.34314106172451,48.08196778292924]]]]}"
00000000000000000610,9822,0,0,0,"{""type"":""MultiPolygon"",""coordinates"":[[[[-107.34285907494495,48.08192436852222],[-107.3428879059884,48.08197292455426],[-107.34290086240092,48.081963738301155],[-107.34291233996962,48.08192327451078],[-107.34285907494495,48.08192436852222]]],[[[-107.34249189898323,48.082056938690705],[-107.3424783297543,48.082052728109],[-107.34249934973627,48.08207465514966],[-107.3425126659928,48.082074381698746],[-107.34249189898323,48.082056938690705]]],[[[-107.34281264799255,48.08192978212851],[-107.34258004681313,48.08194350835016],[-107.34258929130498,48.08200134403308],[-107.34258990408655,48.08201474081599],[-107.34260480569633,48.08205017369296],[-107.3428225503747,48.08200108559808],[-107.34281264799255,48.08192978212851]]],[[[-107.34310565051933,48.08192383589242],[-107.34308534464598,48.081915290040676],[-107.34294570372744,48.081922618383594],[-107.34295254179759,48.081926937997835],[-107.34296621794405,48.08193557722577],[-107.34299396951339,48.081957394988],[-107.34311259018723,48.081928139727054],[-107.34310565051933,48.08192383589242]]]]}"
0000000000000000060f,9823,0,0,0,"{""type"":""Polygon"",""coordinates"":[[[-107.342845145816,48.081911245264514],[-107.34285907494495,48.08192436852222],[-107.34291233996962,48.08192327451078],[-107.34291177170701,48.08190994881438],[-107.34293876409274,48.08191831453648],[-107.34294570372744,48.081922618383594],[-107.34308534464598,48.081915290040676],[-107.34306472880442,48.08190234699792],[-107.3430451427578,48.081911626611635],[-107.34302380715417,48.08188085809312],[-107.34297712715123,48.081881787762946],[-107.34292875464807,48.08184258247907],[-107.3429012562508,48.08182524874935],[-107.34258263998078,48.08185412176297],[-107.3425785682595,48.081912230807085],[-107.34258004681313,48.08194350835016],[-107.34281264799255,48.08192978212851],[-107.34282499152668,48.08190719913823],[-107.342845145816,48.081911245264514]],[[-107.34282499152668,48.08190719913823],[-107.34281794509901,48.08189846655964],[-107.34280483724626,48.0819031530078],[-107.34282499152668,48.08190719913823]]]}"
0000000000000000061a,9824,0,0,0,"{""type"":""Polygon"",""coordinates"":[[[-107.34287941477753,48.081785512235655],[-107.34286487279753,48.08175899229812],[-107.34285119675074,48.08175035308227],[-107.34259171129744,48.08176014224159],[-107.34258263998078,48.08185412176297],[-107.3429012562508,48.08182524874935],[-107.34287941477753,48.081785512235655]]]}"
00000000000000000613,9825,0,0,0,"{""type"":""GeometryCollection"",""geometries"":[{""type"":""LineString"",""coordinates"":[[-107.34275798285364,48.081752264338725],[-107.34279791252027,48.081751449814554]]},{""type"":""Polygon"",""coordinates"":[[[-107.34283762753495,48.081746142575696],[-107.3428237431158,48.081733090415504],[-107.3427979320086,48.081751447048994],[-107.34285119675074,48.08175035308227],[-107.34283762753495,48.081746142575696]]]},{""type"":""Polygon"",""coordinates"":[[[-107.3426269087913,48.08165664797881],[-107.3426152796262,48.081692611768815],[-107.34260236792389,48.08170186899195],[-107.34259171129744,48.08176014224159],[-107.3427579834707,48.08175226750413],[-107.34275798285364,48.081752264338725],[-107.34274930692928,48.08170775776258],[-107.34278220903225,48.081698204764045],[-107.34278195601125,48.081693720767106],[-107.3426269087913,48.08165664797881]]]}]}"
00000000000000000619,9826,0,0,0,"{""type"":""Polygon"",""coordinates"":[[[-107.34266311810181,48.081571089857285],[-107.34265684832539,48.08158009586166],[-107.3426388925012,48.0816251524373],[-107.34262634062694,48.08164332234595],[-107.3426269087913,48.08165664797881],[-107.34278195601125,48.081693720767106],[-107.34281225516193,48.08162608124342],[-107.34281827189459,48.08161259123166],[-107.34266311810181,48.081571089857285]]]}"
00000000000000000612,9827,0,0,0,"{""type"":""Polygon"",""coordinates"":[[[-107.3427260662011,48.08148941361087],[-107.34271994790039,48.08150291935216],[-107.34266311810181,48.081571089857285],[-107.34281827189459,48.08161259123166],[-107.34285576875456,48.08155818407488],[-107.34288183274029,48.08154431148057],[-107.34288142823753,48.08153532774747],[-107.3427260662011,48.08148941361087]]]}"
0000000000000000060c,9828,0,0,0,"{""type"":""Polygon"",""coordinates"":[[[-107.34280233010834,48.08140746397396],[-107.34278314880692,48.08142572715361],[-107.34276356301466,48.08143500661905],[-107.3427693267027,48.08141703268675],[-107.34275565081015,48.08140839350967],[-107.34274478615713,48.08146225352165],[-107.3427260662011,48.08148941361087],[-107.34288142823753,48.08153532774747],[-107.34289367001858,48.08151276068999],[-107.34291958249403,48.08149438835212],[-107.34293830235221,48.08146722822502],[-107.34280233010834,48.08140746397396]]]}"
00000000000000000611,9829,0,0,0,"{""type"":""Polygon"",""coordinates"":[[[-107.3428789535928,48.081334427051566],[-107.34285390715179,48.08137067990095],[-107.34281478026496,48.08138930989481],[-107.34280233010834,48.08140746397396],[-107.34293830235221,48.08146722822502],[-107.34293804931067,48.08146274424876],[-107.34300222268281,48.08140786124507],[-107.34301517887266,48.08139867508111],[-107.3428789535928,48.081334427051566]]]}"
00000000000000000616,9830,0,0,0,"{""type"":""Polygon"",""coordinates"":[[[-107.34292822501415,48.08124411192637],[-107.34293603576963,48.08127074070231],[-107.34286297756792,48.081276701242714],[-107.34288435734376,48.08130754051183],[-107.34287870055783,48.08132994308633],[-107.3428789535928,48.081334427051566],[-107.34301517887266,48.08139867508111],[-107.34303456850968,48.08138482477785],[-107.34304583729038,48.08133994851946],[-107.3430714965469,48.081317092241996],[-107.34292822501415,48.08124411192637]]]}"
0000000000000000060b,9831,0,0,0,"{""type"":""Polygon"",""coordinates"":[[[-107.34302500194914,48.08117512118375],[-107.343025255003,48.08117960513489],[-107.34301229889597,48.08118879125974],[-107.34299934278421,48.08119797738458],[-107.34298648823237,48.0812071477423],[-107.3429735321111,48.081216333867104],[-107.34296062062361,48.08122559104901],[-107.34294776605755,48.08123476140672],[-107.34292822501415,48.08124411192637],[-107.3430714965469,48.081317092241996],[-107.34313577640783,48.081266637979],[-107.34315495752179,48.08124837478894],[-107.34302500194914,48.08117512118375]]]}"
00000000000000000606,9832,0,0,0,"{""type"":""Polygon"",""coordinates"":[[[-107.343094786705,48.08109776488785],[-107.343038064902,48.081170363720155],[-107.34302500194914,48.08117512118375],[-107.34315495752179,48.08124837478894],[-107.34318709472603,48.08122092544785],[-107.34321326530858,48.081211481522836],[-107.3432454024561,48.081184032182954],[-107.343094786705,48.08109776488785]]]}"
00000000000000000615,9833,0,0,0,"{""type"":""Polygon"",""coordinates"":[[[-107.34316518422133,48.081033805184504],[-107.34315916770618,48.08104729506369],[-107.34313412168162,48.08108354777731],[-107.343094786705,48.08109776488785],[-107.3432454024561,48.081184032182954],[-107.3433353409727,48.081110721688404],[-107.34316518422133,48.081033805184504]]]}"
000000000000000005fa,9834,0,0,0,"{""type"":""Polygon"",""coordinates"":[[[-107.34318303228389,48.08098432039628],[-107.34317814025488,48.08102461906799],[-107.34316518422133,48.081033805184504],[-107.3433353409727,48.081110721688404],[-107.34334181899571,48.081106128611765],[-107.34337956782173,48.08105620574269],[-107.34338353653379,48.080998113416754],[-107.34318303228389,48.08098432039628]]]}"
00000000000000000604,9835,0,0,0,"{""type"":""Polygon"",""coordinates"":[[[-107.34321236245648,48.080898817042126],[-107.343212615535,48.08090330096854],[-107.34321297548917,48.08091221353317],[-107.34318720971123,48.080930641023315],[-107.34318303228389,48.08098432039628],[-107.34338353653379,48.080998113416754],[-107.34338694905317,48.080926537836206],[-107.3433926054791,48.08090413541311],[-107.34321236245648,48.080898817042126]]]}"
000000000000000005f9,9836,0,0,0,"{""type"":""Polygon"",""coordinates"":[[[-107.3432015310161,48.080805277167784],[-107.34321102951516,48.08086759543586],[-107.34321138946949,48.08087650799443],[-107.34321200250227,48.08088990447977],[-107.34321236245648,48.080898817042126],[-107.3433926054791,48.08090413541311],[-107.34339785725821,48.08087274938542],[-107.34340213592063,48.08081905435818],[-107.3432015310161,48.080805277167784]]]}"
000000000000000005fd,9837,0,0,0,"{""type"":""Polygon"",""coordinates"":[[[-107.34350920613645,48.080682879027535],[-107.34319861737637,48.080742794562596],[-107.34319321395732,48.08076968082222],[-107.3432015310161,48.080805277167784],[-107.34340213592063,48.08081905435818],[-107.34340667300259,48.08077428769283],[-107.3434192689079,48.08075618905467],[-107.34343171859895,48.080738035132576],[-107.34344467449482,48.08072884903532],[-107.34345752882228,48.080719678705464],[-107.34348380061343,48.080710219038416],[-107.3435100277594,48.08070068830988],[-107.34358956317803,48.08069013430534],[-107.34350920613645,48.080682879027535]]]}"
00000000000000000609,9838,0,0,0,"{""type"":""GeometryCollection"",""geometries"":[{""type"":""LineString"",""coordinates"":[[-107.3434958973372,48.080683138569924],[-107.34350921567844,48.0806828668042]]},{""type"":""Polygon"",""coordinates"":[[[-107.34344262666151,48.08068424687357],[-107.34344140041833,48.08065745401878],[-107.34345899482638,48.08060348564821],[-107.3434446042603,48.0805814660643],[-107.3431883543676,48.08066258033515],[-107.34320386927094,48.08071140863912],[-107.34319861737637,48.080742794562596],[-107.34349589023789,48.080683152600535],[-107.34344262666151,48.08068424687357]]]}]}"
00000000000000000605,9839,0,0,0,"{""type"":""Polygon"",""coordinates"":[[[-107.34343715320463,48.080563750190684],[-107.3431701789676,48.080555753591305],[-107.34317788294884,48.080577953385536],[-107.34315844914687,48.0805917324366],[-107.34315906216608,48.08060512884991],[-107.34316003513075,48.08062743778332],[-107.34318130803172,48.08065384798809],[-107.3431883543676,48.08066258033515],[-107.3434446042603,48.0805814660643],[-107.34343715320463,48.080563750190684]]]}"
00000000000000000603,9840,0,0,0,"{""type"":""Polygon"",""coordinates"":[[[-107.3434297021558,48.080546034322296],[-107.34340847371227,48.080519695287464],[-107.34337413795042,48.080498042648074],[-107.34339393167136,48.08049317607156],[-107.34317256185862,48.080461956565884],[-107.34316006754513,48.08048003930238],[-107.34318731213534,48.080492888640165],[-107.34316190661124,48.08052022846675],[-107.3431701789676,48.080555753591305],[-107.34343715320463,48.080563750190684],[-107.3434297021558,48.080546034322296]]]}"
00000000000000000601,9841,0,0,0,"{""type"":""Polygon"",""coordinates"":[[[-107.3433659223119,48.08046243076232],[-107.34339173234368,48.080444074454206],[-107.34339821023937,48.08043948143536],[-107.34322121830995,48.08035824648792],[-107.34320800944867,48.0803629486066],[-107.34318526460022,48.08044828666595],[-107.34317256185862,48.080461956565884],[-107.34339393167136,48.08049317607156],[-107.34340709594561,48.08048840285838],[-107.34340663437489,48.08047950613512],[-107.3434062743671,48.080470593646076],[-107.3433659223119,48.08046243076232]]]}"
00000000000000000600,9842,0,0,0,"{""type"":""Polygon"",""coordinates"":[[[-107.34334426401756,48.080279797139866],[-107.34326595576451,48.08031714350451],[-107.34322121830995,48.08035824648792],[-107.34339821023937,48.08043948143536],[-107.34343672291692,48.08040745520641],[-107.34334426401756,48.080279797139866]]]}"
000000000000000005fb,9843,0,0,0,"{""type"":""MultiPolygon"",""coordinates"":[[[[-107.34345960523477,48.08017914815251],[-107.34343995787991,48.08018406999751],[-107.34344751579016,48.080206214321215],[-107.343474608824,48.08021456387678],[-107.34345960523477,48.08017914815251]]],[[[-107.34348185137111,48.0802278668185],[-107.34347680828056,48.08026366527415],[-107.34339007597487,48.080260987169176],[-107.34334426401756,48.080279797139866],[-107.34343672291692,48.08040745520641],[-107.34351539138298,48.08037902110435],[-107.34354181448639,48.080374061135714],[-107.34348185137111,48.0802278668185]]]]}"
00000000000000000602,9844,0,0,0,"{""type"":""Polygon"",""coordinates"":[[[-107.34362256145138,48.080242831065334],[-107.34361608360385,48.08024742408091],[-107.34357531466908,48.08023043569412],[-107.34356786359344,48.08021271994971],[-107.34359362875904,48.08019429262497],[-107.34357908665946,48.08016777360312],[-107.3435059233012,48.08016930588942],[-107.34348628130083,48.08017867208485],[-107.34345960523477,48.08017914815251],[-107.343474608824,48.08021456387678],[-107.34348123822579,48.080214470506775],[-107.34348185137111,48.0802278668185],[-107.34354181448639,48.080374061135714],[-107.34357477238677,48.08036442131356],[-107.34363426031427,48.08035425007912],[-107.3436538454836,48.08034497064277],[-107.34367359450698,48.080340032968614],[-107.34362256145138,48.080242831065334]]]}"
000000000000000005fc,9845,0,0,0,"{""type"":""Polygon"",""coordinates"":[[[-107.34372035301726,48.080196220813654],[-107.34364811813118,48.08021999090467],[-107.34362256145138,48.080242831065334],[-107.34367359450698,48.080340032968614],[-107.34377868594532,48.08030663868451],[-107.34380470429188,48.08029269514017],[-107.34372035301726,48.080196220813654]]]}"
00000000000000000607,9846,0,0,0,"{""type"":""Polygon"",""coordinates"":[[[-107.343838456613,48.08015355371402],[-107.34382529245349,48.080158326953054],[-107.34378595845124,48.080172544071715],[-107.34372035301726,48.080196220813654],[-107.34380470429188,48.08029269514017],[-107.34386326342582,48.08026028606463],[-107.34389658138782,48.08025955860135],[-107.34390989719117,48.08025928497732],[-107.34392948229966,48.08025000550302],[-107.343838456613,48.08015355371402]]]}"
00000000000000000608,9847,0,0,0,"{""type"":""Polygon"",""coordinates"":[[[-107.34392925834247,48.08009812430974],[-107.34391630273157,48.08010731035482],[-107.343838456613,48.08015355371402],[-107.34392948229966,48.08025000550302],[-107.34403298668508,48.0801809059702],[-107.34392925834247,48.08009812430974]]]}"
000000000000000005f6,9848,0,0,0,"{""type"":""Polygon"",""coordinates"":[[[-107.3440133289132,48.080042804057726],[-107.34395481481313,48.08007528413565],[-107.34392925834247,48.08009812430974],[-107.34403298668508,48.0801809059702],[-107.34403941985883,48.080176241877986],[-107.34406558971251,48.08016679792686],[-107.3440847699473,48.08014853495596],[-107.3441176707789,48.08013898181529],[-107.34414389753069,48.08012945102713],[-107.34415700476336,48.08012476457008],[-107.3440133289132,48.080042804057726]]]}"
000000000000000005ed,9849,0,0,0,"{""type"":""Polygon"",""coordinates"":[[[-107.34413698631946,48.07997775044512],[-107.34409081453919,48.07998764826205],[-107.34403934704551,48.080028860525275],[-107.3440133289132,48.080042804057726],[-107.34415700476336,48.08012476457008],[-107.34422822126776,48.080078614404876],[-107.34413698631946,48.07997775044512]]]}"
000000000000000005f7,9850,0,0,0,"{""type"":""Polygon"",""coordinates"":[[[-107.34427467418723,48.079925803543645],[-107.34426819643218,48.07993039657317],[-107.34424192518098,48.07993985630086],[-107.34421569856416,48.07994938707795],[-107.34415030205575,48.07997747679087],[-107.34413698631946,48.07997775044512],[-107.34422822126776,48.080078614404876],[-107.34426061017966,48.08005564920204],[-107.3443136200981,48.08005007065141],[-107.34427467418723,48.079925803543645]]]}"
000000000000000005f3,9851,0,0,0,"{""type"":""Polygon"",""coordinates"":[[[-107.34437108615158,48.079847900921834],[-107.3443306771897,48.079839825363266],[-107.34433149923599,48.07985763434164],[-107.34433956415165,48.07988874610879],[-107.34430109708553,48.0799208434138],[-107.34427467418723,48.079925803543645],[-107.3443136200981,48.08005007065141],[-107.34435983665382,48.08004024376678],[-107.34445412255937,48.080060620809256],[-107.34437108615158,48.079847900921834]]]}"
0000000000000000060a,9852,0,0,0,"{""type"":""Polygon"",""coordinates"":[[[-107.34437108615158,48.079847900921834],[-107.34445412255937,48.080060620809256],[-107.34447402317448,48.08006018261438],[-107.34450029452283,48.08005072279894],[-107.34454503079951,48.0800096194895],[-107.3446102756637,48.07997702988103],[-107.3446165001532,48.079967952985925],[-107.34437108615158,48.079847900921834]]]}"
000000000000000005f4,9853,0,0,0,"{""type"":""Polygon"",""coordinates"":[[[-107.34439067101897,48.07983862143219],[-107.34437108615158,48.079847900921834],[-107.3446165001532,48.079967952985925],[-107.34462312959266,48.07996785953643],[-107.34466868789444,48.079944565240126],[-107.34470020970264,48.079903719906355],[-107.3446992357726,48.07988141132084],[-107.34469779994875,48.07985020614269],[-107.34469739497597,48.07984122271927],[-107.34439067101897,48.07983862143219]]]}"
000000000000000005d8,9854,0,0,0,"{""type"":""Polygon"",""coordinates"":[[[-107.344669580911,48.07981504884711],[-107.3446009082209,48.07977174507954],[-107.34455289594216,48.079741454545534],[-107.34439067101897,48.07983862143219],[-107.34469739497597,48.07984122271927],[-107.34470927490695,48.079809743833515],[-107.344669580911,48.07981504884711]]]}"
000000000000000005ee,9855,0,0,0,"{""type"":""MultiPolygon"",""coordinates"":[[[[-107.34448624265873,48.07959544298232],[-107.34451888978448,48.079581406010156],[-107.34453025775454,48.079536515411945],[-107.34448624265873,48.07959544298232]]],[[[-107.34453025775454,48.079536515411945],[-107.34456912923615,48.079513401630564],[-107.34459355948248,48.079463753580974],[-107.3445994235627,48.079445764475494],[-107.34459269265709,48.079445873688194],[-107.34453025775454,48.079536515411945]]],[[[-107.34451799085214,48.07970647753706],[-107.34448380640157,48.07968932522333],[-107.34448931029088,48.07966242370418],[-107.3444551828237,48.07964518457071],[-107.34433006372517,48.07982642916417],[-107.34433031694743,48.07983091299232],[-107.3443306771897,48.079839825363266],[-107.34437108615158,48.079847900921834],[-107.34439067101897,48.07983862143219],[-107.34455289594216,48.079741454545534],[-107.34451799085214,48.07970647753706]]]]}"
000000000000000005f0,9856,0,0,0,"{""type"":""Polygon"",""coordinates"":[[[-107.34455947674056,48.079446585601666],[-107.34453561537755,48.079509558684265],[-107.344470877846,48.07955111553633],[-107.34445190665411,48.07957379111654],[-107.3444335935891,48.079609933896144],[-107.34437323984567,48.079602225508566],[-107.34434624833119,48.079593860537514],[-107.34433293270473,48.079594134214176],[-107.34431961708003,48.079594407888955],[-107.3442933460727,48.079603867563954],[-107.34426153787251,48.07978318041443],[-107.34428816924259,48.079782633074146],[-107.34432970348286,48.0798175167955],[-107.34433006372517,48.07982642916417],[-107.3444551828237,48.07964518457071],[-107.34444165856688,48.079641045506236],[-107.34445349395844,48.07960949571553],[-107.34448624265873,48.07959544298232],[-107.34459269265709,48.079445873688194],[-107.34455947674056,48.079446585601666]]]}"
000000000000000005f1,9857,0,0,0,"{""type"":""Polygon"",""coordinates"":[[[-107.3442735527554,48.07960873423343],[-107.344259983919,48.07960452409039],[-107.34405848279938,48.07971582048978],[-107.34411261191806,48.07973260591614],[-107.34419347944086,48.0797532725386],[-107.34420838215955,48.079788703610895],[-107.34426153787251,48.07978318041443],[-107.3442933460727,48.079603867563954],[-107.3442735527554,48.07960873423343]]]}"
000000000000000005f2,9858,0,0,0,"{""type"":""Polygon"",""coordinates"":[[[-107.3442061080334,48.07959222259602],[-107.34419243221494,48.07958358392249],[-107.34418559430878,48.07957926458545],[-107.34417181694165,48.07957064167859],[-107.3441318701665,48.07957146262735],[-107.34409151857969,48.07956330017699],[-107.34400439840098,48.07969910609072],[-107.34405848279938,48.07971582048978],[-107.344259983919,48.07960452409039],[-107.3442061080334,48.07959222259602]]]}"
000000000000000005eb,9859,0,0,0,"{""type"":""GeometryCollection"",""geometries"":[{""type"":""LineString"",""coordinates"":[[-107.34398275918468,48.079516404668034],[-107.34398255636938,48.07951194240434]]},{""type"":""Polygon"",""coordinates"":[[[-107.34405121166805,48.07955520876434],[-107.34401003825414,48.07952923740131],[-107.3440622253797,48.07950585019686],[-107.34403523409648,48.07949748514774],[-107.34398279380078,48.079516388529875],[-107.34389506014969,48.079638798069595],[-107.34392950264647,48.07966487870312],[-107.34396322489242,48.07967313463875],[-107.34399082960391,48.07969489590134],[-107.34400439840098,48.07969910609072],[-107.34409151857969,48.07956330017699],[-107.34405121166805,48.07955520876434]]]}]}"
000000000000000005ff,9860,0,0,0,"{""type"":""Polygon"",""coordinates"":[[[-107.3439684031949,48.07949436948186],[-107.3439676382372,48.07947647379766],[-107.34396717651734,48.079467577252494],[-107.34373113215813,48.079552807842845],[-107.34377939625588,48.0795875825239],[-107.3438542469596,48.07962173893428],[-107.34389506014969,48.079638798069595],[-107.34398258525887,48.079511975780946],[-107.3439684031949,48.07949436948186]]]}"
000000000000000005fe,9861,0,0,0,"{""type"":""Polygon"",""coordinates"":[[[-107.3436969783479,48.079388259930155],[-107.34369413545771,48.07947315845786],[-107.34372990565696,48.07952601557612],[-107.343724294346,48.07954848847305],[-107.34373113215813,48.079552807842845],[-107.34396717651734,48.079467577252494],[-107.3436969783479,48.079388259930155]]]}"
000000000000000005ec,9862,0,0,0,"{""type"":""Polygon"",""coordinates"":[[[-107.34410173852748,48.07934873753574],[-107.34373508497335,48.07934725090741],[-107.34369682676137,48.079383760369055],[-107.3436969783479,48.079388259930155],[-107.34396717651734,48.079467577252494],[-107.343966816358,48.079458664941306],[-107.34398394763761,48.07939580121035],[-107.34408949816002,48.079371303780746],[-107.3441356691587,48.07936140610058],[-107.34410173852748,48.07934873753574]]]}"
000000000000000005ea,9863,0,0,0,"{""type"":""Polygon"",""coordinates"":[[[-107.34409490067912,48.079344418210106],[-107.34385715330474,48.07924649417504],[-107.34381282237867,48.07929657988835],[-107.34374778716573,48.079333581237314],[-107.34373508497335,48.07934725090741],[-107.34410173852748,48.07934873753574],[-107.34409490067912,48.079344418210106]]]}"
000000000000000005e3,9864,0,0,0,"{""type"":""GeometryCollection"",""geometries"":[{""type"":""LineString"",""coordinates"":[[-107.34385718483018,48.07924651693779],[-107.34386384381371,48.07924638103721]]},{""type"":""Polygon"",""coordinates"":[[[-107.34398753879378,48.07918133265378],[-107.34394208837453,48.07920905475522],[-107.34390199047245,48.07920537604545],[-107.34386388412113,48.07924638501667],[-107.34409490067912,48.079344418210106],[-107.34398753879378,48.07918133265378]]]}]}"
000000000000000005e8,9865,0,0,0,"{""type"":""Polygon"",""coordinates"":[[[-107.34412655738973,48.07916060737085],[-107.34408635787874,48.079156944510416],[-107.34406034039334,48.07917088780746],[-107.34404018715153,48.079166842121374],[-107.34399401642331,48.07917673971199],[-107.34398753879378,48.07918133265378],[-107.34409490067912,48.079344418210106],[-107.34410173852748,48.07934873753574],[-107.3441356691587,48.07936140610058],[-107.34414898467386,48.07936113245535],[-107.34412655738973,48.07916060737085]]]}"
000000000000000005e5,9866,0,0,0,"{""type"":""Polygon"",""coordinates"":[[[-107.34420645006799,48.07915896549613],[-107.34413925942317,48.07914693770157],[-107.3441263488281,48.07915619465266],[-107.34414898467386,48.07936113245535],[-107.34418872266225,48.079355898773606],[-107.34423474201337,48.07934150149348],[-107.34427328056786,48.07916208098634],[-107.34420645006799,48.07915896549613]]]}"
000000000000000005ef,9867,0,0,0,"{""type"":""MultiPolygon"",""coordinates"":[[[[-107.34460421218692,48.07940548275903],[-107.3445978361067,48.0794100599942],[-107.34456534083145,48.07942859650388],[-107.34455947674056,48.079446585601666],[-107.34459269265709,48.079445873688194],[-107.3445994235627,48.079445764475494],[-107.34461130340297,48.07941428584148],[-107.34460421218692,48.07940548275903]]],[[[-107.34435918916118,48.079146949535584],[-107.34431985623668,48.07916116657185],[-107.34427328056786,48.07916208098634],[-107.34423474201337,48.07934150149348],[-107.34428743529294,48.079327081827806],[-107.34441915500413,48.079293140222674],[-107.34446435217731,48.07926093407178],[-107.34435918916118,48.079146949535584]]]]}"
000000000000000005e9,9868,0,0,0,"{""type"":""MultiPolygon"",""coordinates"":[[[[-107.3447530433618,48.07916121126691],[-107.34476002750637,48.079165585813286],[-107.3448269655633,48.07917312938994],[-107.3447530433618,48.07916121126691]]],[[[-107.34460421218692,48.07940548275903],[-107.34461130340297,48.07941428584148],[-107.34461691420549,48.07939181296304],[-107.34460421218692,48.07940548275903]]],[[[-107.34441734135596,48.07910555758044],[-107.34440499967185,48.07912813952283],[-107.34435918916118,48.079146949535584],[-107.34446435217731,48.07926093407178],[-107.3444902180102,48.0792424910951],[-107.34450271138603,48.079224408635625],[-107.3445353581718,48.07921037176577],[-107.34458544533479,48.07913786833773],[-107.34458519207722,48.07913338457039],[-107.34441734135596,48.07910555758044]]],[[[-107.3450955800816,48.07921673876416],[-107.34508925425935,48.07922583132325],[-107.34506874021386,48.079212873600305],[-107.34488058814146,48.079180946667755],[-107.34489477067709,48.07919855271474],[-107.34490890858635,48.07921608771174],[-107.34490931361982,48.07922507102569],[-107.34495008271662,48.07924205851551],[-107.34508065226281,48.079328702863016],[-107.34513614065625,48.079229313448934],[-107.34513567864808,48.07922041695863],[-107.3450955800816,48.07921673876416]]]]}"
000000000000000005f5,9869,0,0,0,"{""type"":""MultiPolygon"",""coordinates"":[[[[-107.3450955800816,48.07921673876416],[-107.34513567864808,48.07922041695863],[-107.3451334768831,48.07917131663435],[-107.3450955800816,48.07921673876416]]],[[[-107.3444271274001,48.0790294074194],[-107.3444352938557,48.079060502919965],[-107.34441734135596,48.07910555758044],[-107.34458519207722,48.07913338457039],[-107.34459789399696,48.07911971485032],[-107.34461038728818,48.07910163242128],[-107.34463784048391,48.07911889372176],[-107.34463701826827,48.0791010850011],[-107.34463579108423,48.079074292993994],[-107.34463456389999,48.07904750100058],[-107.34463338135589,48.07902078007413],[-107.3444271274001,48.0790294074194]]],[[[-107.34504088155511,48.07918662909486],[-107.34501179548504,48.07913359256764],[-107.34495730585512,48.0791078956017],[-107.34483639046968,48.07908806686889],[-107.34483566971647,48.079070242394565],[-107.34484729594543,48.079034280207395],[-107.34485315983068,48.0790162912386],[-107.34481964627875,48.07901244842023],[-107.34474659131139,48.07901841005732],[-107.34474036702711,48.079027486791375],[-107.34471409641816,48.07903694646934],[-107.34470164782832,48.079055099941364],[-107.34466288394626,48.07908264203796],[-107.34466447148411,48.079118346293264],[-107.3447530433618,48.07916121126691],[-107.3448269655633,48.07917312938994],[-107.34488058814146,48.079180946667755],[-107.34506874021386,48.079212873600305],[-107.34504088155511,48.07918662909486]]]]}"
000000000000000005e6,9870,0,0,0,"{""type"":""MultiPolygon"",""coordinates"":[[[[-107.34475245523542,48.079000421099146],[-107.34474659131139,48.07901841005732],[-107.34481964627875,48.07901244842023],[-107.34475245523542,48.079000421099146]]],[[[-107.34444940118871,48.07893073078565],[-107.34443043034327,48.07895340608465],[-107.34442702036092,48.079024978945995],[-107.3444271274001,48.0790294074194],[-107.34463338135589,48.07902078007413],[-107.34465924697476,48.07900233714171],[-107.34467148693042,48.07897977099312],[-107.34444940118871,48.07893073078565]]]]}"
000000000000000005e4,9871,0,0,0,"{""type"":""MultiPolygon"",""coordinates"":[[[[-107.34477703660286,48.0789552730224],[-107.34475245523542,48.079000421099146],[-107.34481964627875,48.07901244842023],[-107.34485315983068,48.0790162912386],[-107.34485861868548,48.07898931900023],[-107.34477703660286,48.0789552730224]]],[[[-107.34449193509492,48.078840528363436],[-107.34448545755357,48.078845121307204],[-107.34446811876924,48.07890357174487],[-107.34444940118871,48.07893073078565],[-107.34467148693042,48.07897977099312],[-107.34470239419134,48.07892553047043],[-107.34449193509492,48.078840528363436]]]]}"
000000000000000005e2,9872,0,0,0,"{""type"":""Polygon"",""coordinates"":[[[-107.34498854095642,48.078915260027856],[-107.34497583920218,48.0789289297422],[-107.34488237760459,48.078926362252474],[-107.3449082431016,48.07890791928916],[-107.34491986920307,48.0788719572077],[-107.34486501966968,48.078837348108934],[-107.34482384605647,48.078811377455864],[-107.34481032199639,48.07880723850418],[-107.34450197411857,48.07876886232258],[-107.34449549659111,48.0787734552604],[-107.34450366307588,48.07880455060269],[-107.34449193509492,48.078840528363436],[-107.34470239419134,48.07892553047043],[-107.34472049801019,48.0788849754343],[-107.3447322258186,48.07884899761948],[-107.34481380759651,48.078883043574194],[-107.34481503491894,48.07890983547784],[-107.34478963132833,48.07893717486168],[-107.34477703660286,48.0789552730224],[-107.34485861868548,48.07898931900023],[-107.34486427390463,48.07896691734816],[-107.34491023592638,48.078952606682336],[-107.34498349953736,48.07895105762464],[-107.34499501848519,48.078910667044276],[-107.34498854095642,48.078915260027856]],[[-107.34471268614799,48.078858348042765],[-107.3446991174602,48.07885413801833],[-107.34470682223677,48.07887633694946],[-107.34471268614799,48.078858348042765]]]}"
000000000000000005d9,9873,0,0,0,"{""type"":""Polygon"",""coordinates"":[[[-107.34470257152063,48.07878263644762],[-107.34473862722676,48.078697027132364],[-107.34455828489901,48.078687282874576],[-107.34454717057879,48.078736656472614],[-107.34450197411857,48.07876886232258],[-107.34481032199639,48.07880723850418],[-107.34470257152063,48.07878263644762]]]}"
000000000000000005d0,9874,0,0,0,"{""type"":""Polygon"",""coordinates"":[[[-107.344574440905,48.07860211195362],[-107.34455828489901,48.078687282874576],[-107.34473862722676,48.078697027132364],[-107.34475122186524,48.07867892906798],[-107.34477457567654,48.07860698951103],[-107.34478064814806,48.07859341336165],[-107.344574440905,48.07860211195362]]]}"
000000000000000005d5,9875,0,0,0,"{""type"":""Polygon"",""coordinates"":[[[-107.34457029754995,48.07851284035719],[-107.34457897609262,48.07855734717262],[-107.344574440905,48.07860211195362],[-107.34478064814806,48.07859341336165],[-107.34478702406865,48.07858883618963],[-107.34479634168858,48.07849934619759],[-107.34457029754995,48.07851284035719]]]}"
000000000000000005d6,9876,0,0,0,"{""type"":""Polygon"",""coordinates"":[[[-107.34456630039064,48.07842362419733],[-107.34456079682734,48.078450525077365],[-107.34457029754995,48.07851284035719],[-107.34479634168858,48.07849934619759],[-107.3447945007002,48.0784591586615],[-107.34482030894888,48.07844080271503],[-107.34481908160336,48.078414011051585],[-107.34456630039064,48.07842362419733]]]}"
000000000000000005d7,9877,0,0,0,"{""type"":""Polygon"",""coordinates"":[[[-107.34456863447348,48.07832976000269],[-107.34456630039064,48.07842362419733],[-107.34481908160336,48.078414011051585],[-107.3448292213926,48.07834232981125],[-107.3448287594486,48.07833343346826],[-107.34456863447348,48.07832976000269]]]}"
000000000000000005d2,9878,0,0,0,"{""type"":""Polygon"",""coordinates"":[[[-107.34487761745314,48.07823413957415],[-107.34486502303103,48.078252237496194],[-107.34483767181594,48.0782349607672],[-107.34454459143663,48.07824092704425],[-107.34455877344772,48.07825853283877],[-107.3445730625373,48.07828056704612],[-107.34456863447348,48.07832976000269],[-107.3448287594486,48.07833343346826],[-107.34483961996132,48.078279576537355],[-107.34490583570792,48.078269295768905],[-107.34491792351542,48.078242230457164],[-107.34491756310639,48.07823331836408],[-107.34487761745314,48.07823413957415]]]}"
000000000000000005b8,9879,0,0,0,"{""type"":""MultiPolygon"",""coordinates"":[[[[-107.344853725373,48.07814980632416],[-107.34484061884697,48.07815449268211],[-107.34488363290168,48.07822065033756],[-107.34487761745314,48.07823413957415],[-107.34491756310639,48.07823331836408],[-107.34491674073043,48.0782155099505],[-107.34488852249747,48.07818035379446],[-107.34490071738392,48.07815771692908],[-107.3449136721664,48.078148531113385],[-107.344853725373,48.07814980632416]]],[[[-107.34482389466301,48.07822633816957],[-107.34480812476473,48.078173028800144],[-107.344794088822,48.07815547835863],[-107.34479383553325,48.0781509946766],[-107.34454059430232,48.07815171134512],[-107.34454182145433,48.07817850288306],[-107.34453739337677,48.078227695742825],[-107.34454459143663,48.07824092704425],[-107.34483767181594,48.0782349607672],[-107.34482389466301,48.07822633816957]]]]}"
000000000000000005d4,9880,0,0,0,"{""type"":""MultiPolygon"",""coordinates"":[[[[-107.34475709048995,48.07807583154683],[-107.34472887255036,48.07804067542995],[-107.34470076175114,48.07800994771281],[-107.34453695748424,48.078071407865416],[-107.34456440991275,48.07808866886741],[-107.34454023398378,48.07814279926369],[-107.34454059430232,48.07815171134512],[-107.34479383553325,48.0781509946766],[-107.34479239954635,48.07811979053331],[-107.34475709048995,48.07807583154683]]],[[[-107.34500866636222,48.077892035546206],[-107.34500902679851,48.07790094758029],[-107.34497015718561,48.077924060782145],[-107.34495868326931,48.07796452164167],[-107.3449460889799,48.077982619477964],[-107.34496145398445,48.07802694551756],[-107.34494900586917,48.07804509866015],[-107.3449369181588,48.07807216387162],[-107.34491187566749,48.07810841490407],[-107.34491223607701,48.078117326975956],[-107.34491284979002,48.078130722728574],[-107.344853725373,48.07814980632416],[-107.3449136721664,48.078148531113385],[-107.34493968882622,48.07813458787746],[-107.34495156789161,48.078103110007724],[-107.344976863663,48.07807134264315],[-107.34498931177865,48.07805318948786],[-107.34501450593292,48.07802143791319],[-107.34498654101851,48.07799076558268],[-107.34498469978966,48.07795057844597],[-107.34502356942923,48.07792746522587],[-107.34502845881008,48.0778871689063],[-107.34500866636222,48.077892035546206]]]]}"
000000000000000005b6,9881,0,0,0,"{""type"":""MultiPolygon"",""coordinates"":[[[[-107.34502359336558,48.07778007454556],[-107.34500538891989,48.077820644529154],[-107.34500661642633,48.07784743588307],[-107.34500866636222,48.077892035546206],[-107.34502845881008,48.0778871689063],[-107.34503201909331,48.07782009703309],[-107.34502359336558,48.07778007454556]]],[[[-107.34462432508815,48.07794008949438],[-107.34461723411299,48.07793128665416],[-107.34444083574543,48.078010844346764],[-107.34445476436689,48.0780239664099],[-107.34449578504292,48.0780454374209],[-107.34450971370396,48.078058559483694],[-107.34453695748424,48.078071407865416],[-107.34470076175114,48.07800994771281],[-107.34462432508815,48.07794008949438]]]]}"
000000000000000005ba,9882,0,0,0,"{""type"":""Polygon"",""coordinates"":[[[-107.34459524053827,48.07788705406247],[-107.34456778822509,48.07786979313272],[-107.3445473822438,48.07786126398178],[-107.3445263626991,48.07783933913997],[-107.34437751850808,48.077936141759025],[-107.34440516704446,48.077957973254456],[-107.34441261824713,48.07797568816916],[-107.34440660270825,48.077989177315494],[-107.34444083574543,48.078010844346764],[-107.34461723411299,48.07793128665416],[-107.34459524053827,48.07788705406247]]]}"
000000000000000005b7,9883,0,0,0,"{""type"":""Polygon"",""coordinates"":[[[-107.34446421567942,48.07779151501382],[-107.34443682045065,48.077774167254596],[-107.34428118893763,48.07787116560841],[-107.34430144312928,48.07787519539202],[-107.34437751850808,48.077936141759025],[-107.3445263626991,48.07783933913997],[-107.34446421567942,48.07779151501382]]]}"
000000000000000005c5,9884,0,0,0,"{""type"":""Polygon"",""coordinates"":[[[-107.34441620597354,48.07776122548944],[-107.34438161837839,48.07773509066495],[-107.34419114085978,48.07779702612837],[-107.3441984848954,48.07781031263748],[-107.34419945859325,48.07783262035324],[-107.34422007298211,48.07784556218487],[-107.34426772226868,48.07786693982314],[-107.34428118893763,48.07787116560841],[-107.34443682045065,48.077774167254596],[-107.34441620597354,48.07776122548944]]]}"
000000000000000005c4,9885,0,0,0,"{""type"":""GeometryCollection"",""geometries"":[{""type"":""LineString"",""coordinates"":[[-107.34437501932703,48.07773523579899],[-107.34438167811305,48.07773509987158]]},{""type"":""Polygon"",""coordinates"":[[[-107.34433360885203,48.077704801127226],[-107.34431284279431,48.0776873599422],[-107.34431263420048,48.07768294734917],[-107.34414719974811,48.07770863202443],[-107.34418368980793,48.07777931125296],[-107.34419114085978,48.07779702612837],[-107.34437503399279,48.07773525513494],[-107.34433360885203,48.077704801127226]]]}]}"
000000000000000005bc,9886,0,0,0,"{""type"":""Polygon"",""coordinates"":[[[-107.34428462567101,48.07765220393421],[-107.34419523616644,48.077591531432375],[-107.34408480047544,48.07765632410373],[-107.34411898281935,48.077673475948494],[-107.3441469465366,48.077704148376924],[-107.34414719974811,48.07770863202443],[-107.34431263420048,48.07768294734917],[-107.34431161579009,48.07766056864842],[-107.34428462567101,48.07765220393421]]]}"
000000000000000005bf,9887,0,0,0,"{""type"":""Polygon"",""coordinates"":[[[-107.34417457728574,48.077578518602756],[-107.34414661362084,48.077547846254504],[-107.3441053406175,48.077521891643286],[-107.3441046201735,48.07750406768778],[-107.34409788965526,48.07750417685185],[-107.34398338030941,48.07762262944821],[-107.3440438821859,48.077634837288144],[-107.34408480047544,48.07765632410373],[-107.34419523616644,48.077591531432375],[-107.34417457728574,48.077578518602756]]]}"
000000000000000005a7,9888,0,0,0,"{""type"":""Polygon"",""coordinates"":[[[-107.34401090991616,48.07749701567276],[-107.34392331693135,48.07747645880859],[-107.3439036263621,48.0774813094073],[-107.34393084120103,48.07764154782356],[-107.34396981225059,48.077618419403755],[-107.34398338030941,48.07762262944821],[-107.34409788965526,48.07750417685185],[-107.34401090991616,48.07749701567276]]]}"
000000000000000005bd,9889,0,0,0,"{""type"":""Polygon"",""coordinates"":[[[-107.3439036263621,48.0774813094073],[-107.3438242493204,48.07749636225309],[-107.3438115478414,48.077510031436454],[-107.34375911046632,48.07752893390593],[-107.34387222408715,48.077669597902656],[-107.34393084120103,48.07764154782356],[-107.3439036263621,48.0774813094073]]]}"
000000000000000005c0,9890,0,0,0,"{""type"":""Polygon"",""coordinates"":[[[-107.34375911046632,48.07752893390593],[-107.34370743795333,48.07756573138432],[-107.34366810679877,48.07757994767973],[-107.34364964271721,48.07761158951228],[-107.34383299978964,48.07768824265929],[-107.34387222408715,48.077669597902656],[-107.34375911046632,48.07752893390593]]]}"
000000000000000005c7,9891,0,0,0,"{""type"":""Polygon"",""coordinates"":[[[-107.34364964271721,48.07761158951228],[-107.34363118400647,48.07764767548737],[-107.34361873557323,48.077665828334034],[-107.34361405330631,48.07771053704574],[-107.34380820999831,48.07772897680118],[-107.34382652242975,48.077692835453036],[-107.34383299978964,48.07768824265929],[-107.34364964271721,48.07761158951228]]]}"
000000000000000005cc,9892,0,0,0,"{""type"":""GeometryCollection"",""geometries"":[{""type"":""LineString"",""coordinates"":[[-107.34380158035736,48.07772907448014],[-107.34380821118458,48.07772893915661]]},{""type"":""Polygon"",""coordinates"":[[[-107.34361405330631,48.07771053704574],[-107.34360257817951,48.07775099760899],[-107.34361146389577,48.07779991650572],[-107.34361171704073,48.077804400164524],[-107.3437912880418,48.07779625108815],[-107.34380158035736,48.07772907448014],[-107.34380158101638,48.07772907017873],[-107.34361405330631,48.07771053704574]]]}]}"
000000000000000005c9,9893,0,0,0,"{""type"":""Polygon"",""coordinates"":[[[-107.34361171704073,48.077804400164524],[-107.34360912759496,48.077893779785285],[-107.34377538408914,48.07788590426176],[-107.34377430909593,48.07786361227914],[-107.34377333565858,48.07784130453926],[-107.34377297552217,48.07783239250307],[-107.34378542396568,48.077814239578466],[-107.3437912880418,48.07779625108815],[-107.34361171704073,48.077804400164524]]]}"
000000000000000005c3,9894,0,0,0,"{""type"":""Polygon"",""coordinates"":[[[-107.34360912759496,48.077893779785285],[-107.34361939140808,48.077973989713776],[-107.34361291398392,48.07797858251974],[-107.34378003733015,48.07798858637363],[-107.34377722399167,48.07792609140583],[-107.34377538408914,48.07788590426176],[-107.34360912759496,48.077893779785285]]]}"
000000000000000005da,9895,0,0,0,"{""type"":""Polygon"",""coordinates"":[[[-107.34361291398392,48.07797858251974],[-107.3436064365586,48.077983175325706],[-107.34359557454191,48.07803703185077],[-107.34358282816966,48.07805063009866],[-107.3437858725307,48.07811798916453],[-107.34378428579518,48.078082285555176],[-107.34378280603008,48.07805101036336],[-107.34378208575887,48.078033186221255],[-107.34378121929379,48.078015306799564],[-107.34378085915806,48.07800639473382],[-107.34378003733015,48.07798858637363],[-107.34361291398392,48.07797858251974]]]}"
000000000000000005cb,9896,0,0,0,"{""type"":""Polygon"",""coordinates"":[[[-107.34378133653736,48.07816275355354],[-107.3437858725307,48.07811798916453],[-107.34358282816966,48.07805063009866],[-107.34355767781153,48.07808245238873],[-107.34353309598501,48.07812759941328],[-107.34351993257431,48.078132372407055],[-107.34379721175272,48.078220491530956],[-107.34378133653736,48.07816275355354]]]}"
000000000000000005d1,9897,0,0,0,"{""type"":""Polygon"",""coordinates"":[[[-107.34351993257431,48.078132372407055],[-107.34351355667205,48.07813694945451],[-107.3434760198209,48.07819128214987],[-107.34346367805556,48.07821386357955],[-107.34367258701329,48.07826323445098],[-107.34379782505474,48.0782338873275],[-107.34379721175272,48.078220491530956],[-107.34351993257431,48.078132372407055]]]}"
000000000000000005e0,9898,0,0,0,"{""type"":""Polygon"",""coordinates"":[[[-107.34346367805556,48.07821386357955],[-107.34345097622342,48.078227532911086],[-107.34344006925636,48.07828131862442],[-107.34342190774228,48.07832195979127],[-107.34364652551487,48.0782771063295],[-107.34367258701329,48.07826323445098],[-107.34346367805556,48.07821386357955]]]}"
000000000000000005dd,9899,0,0,0,"{""type"":""Polygon"",""coordinates"":[[[-107.34342190774228,48.07832195979127],[-107.34345079431402,48.07837042553574],[-107.34354563091577,48.07840428562931],[-107.34364652551487,48.0782771063295],[-107.34342190774228,48.07832195979127]]]}"
000000000000000005dc,9900,0,0,0,"{""type"":""GeometryCollection"",""geometries"":[{""type"":""LineString"",""coordinates"":[[-107.3435734914896,48.07843048814354],[-107.34355351485064,48.07843089578849]]},{""type"":""Polygon"",""coordinates"":[[[-107.34379782505474,48.0782338873275],[-107.34367258701329,48.07826323445098],[-107.34364652551487,48.0782771063295],[-107.34354563091577,48.07840428562931],[-107.34355246849701,48.0784086049235],[-107.34357344288937,48.078430459176765],[-107.34375974751569,48.07842220085418],[-107.34375953899354,48.078417788196305],[-107.34377774490258,48.07837721795031],[-107.34380166875617,48.07831860377463],[-107.34380548448839,48.07825601503376],[-107.34379782505474,48.0782338873275]]]}]}"
000000000000000005d3,9901,0,0,0,"{""type"":""Polygon"",""coordinates"":[[[-107.34355354333691,48.078430897144116],[-107.34352702008005,48.07843587266327],[-107.34368569155927,48.078553246165676],[-107.34370584435746,48.07855729189023],[-107.34372358872591,48.07850782515841],[-107.34373506405447,48.0784673639918],[-107.34375974751569,48.07842220085418],[-107.34355354333691,48.078430897144116]]]}"
0000000000000000060e,9902,0,0,0,"{""type"":""Polygon"",""coordinates"":[[[-107.34352702008005,48.07843587266327],[-107.34352068875943,48.07844052079222],[-107.34347969529202,48.078566355004156],[-107.34358060525793,48.07858663910133],[-107.34363329730755,48.078572220033905],[-107.34368569155927,48.078553246165676],[-107.34352702008005,48.07843587266327]]]}"
000000000000000005db,9903,0,0,0,"{""type"":""Polygon"",""coordinates"":[[[-107.3434941655009,48.07844549630324],[-107.34341304864688,48.07842034579694],[-107.34333776550642,48.07852459909303],[-107.34342499996082,48.07853624470512],[-107.34345224336941,48.07854909352154],[-107.34347969529202,48.078566355004156],[-107.34352068875943,48.07844052079222],[-107.3434941655009,48.07844549630324]]]}"
0000000000000000060d,9904,0,0,0,"{""type"":""Polygon"",""coordinates"":[[[-107.34339289601898,48.07841630001708],[-107.34333927572877,48.07840848196303],[-107.3432984643375,48.078391422945536],[-107.34320950597566,48.07848703744584],[-107.34325006428942,48.07849961281102],[-107.34327705445914,48.07850797795035],[-107.34330419084299,48.078516398369786],[-107.34333776550642,48.07852459909303],[-107.34341304864688,48.07842034579694],[-107.34339289601898,48.07841630001708]]]}"
000000000000000005e1,9905,0,0,0,"{""type"":""Polygon"",""coordinates"":[[[-107.34323790508415,48.078379301290184],[-107.343217347907,48.078366272288825],[-107.3431765813076,48.07834928428236],[-107.34316301320587,48.078345074066505],[-107.34310150631019,48.07845794992348],[-107.3432028199804,48.07848721760534],[-107.34320950597566,48.07848703744584],[-107.3432984643375,48.078391422945536],[-107.34323790508415,48.078379301290184]]]}"
000000000000000005e7,9906,0,0,0,"{""type"":""Polygon"",""coordinates"":[[[-107.34309506055861,48.07831515035726],[-107.34308812152469,48.07831084680164],[-107.34293906554966,48.078403235482156],[-107.34298084955762,48.07844260267148],[-107.34300085055287,48.078442149059704],[-107.3430274806053,48.07844160211705],[-107.34310150631019,48.07845794992348],[-107.34316301320587,48.078345074066505],[-107.34309506055861,48.07831515035726]]]}"
000000000000000005f8,9907,0,0,0,"{""type"":""Polygon"",""coordinates"":[[[-107.34306674299744,48.0782800093078],[-107.34304561758074,48.07825365552689],[-107.34292053143056,48.07828750113898],[-107.34292232573246,48.07832761757831],[-107.34286320128595,48.07834670001866],[-107.34282484216368,48.07838322418552],[-107.34277867273211,48.07839312101008],[-107.34275204278475,48.07839366788046],[-107.34273908769003,48.07840285345489],[-107.34264915568774,48.07847615944087],[-107.34254202301273,48.078464950860024],[-107.34250804967864,48.07845221084496],[-107.34240836743834,48.078458717364626],[-107.3423349553703,48.07845576487681],[-107.34235654155478,48.07849101532582],[-107.34240984600703,48.0784899928511],[-107.34246994324104,48.07849321867555],[-107.34252295011918,48.07848764135833],[-107.34259722829098,48.07850847330756],[-107.34265696584188,48.07850278684989],[-107.34271047887637,48.07850617687358],[-107.34275592867587,48.0784784557432],[-107.34276694348038,48.07842909830989],[-107.34283315853727,48.078418818961204],[-107.34290473206637,48.07838158349034],[-107.34292513757002,48.07839011308765],[-107.34293906554966,48.078403235482156],[-107.34308812152469,48.07831084680164],[-107.34306674299744,48.0782800093078]]]}"
0000000000000000059f,9908,0,0,0,"{""type"":""Polygon"",""coordinates"":[[[-107.34301791313877,48.07823191030969],[-107.34302234315014,48.07818271746708],[-107.34288292481133,48.07819445748066],[-107.34289037519876,48.07821217261423],[-107.34291318787919,48.07827421439881],[-107.34292053143056,48.07828750113898],[-107.34304561758074,48.07825365552689],[-107.34301791313877,48.07823191030969]]]}"
000000000000000005ce,9909,0,0,0,"{""type"":""Polygon"",""coordinates"":[[[-107.34287220118834,48.07810535076831],[-107.34288292481133,48.07819445748066],[-107.34302234315014,48.07818271746708],[-107.34301830508825,48.07809343065646],[-107.34301805201805,48.078088946969494],[-107.34287220118834,48.07810535076831]]]}"
000000000000000005de,9910,0,0,0,"{""type"":""Polygon"",""coordinates"":[[[-107.34300416873995,48.07807589571632],[-107.34300294271141,48.07804910418257],[-107.34297493542866,48.078018360138735],[-107.34297411399399,48.078000551757604],[-107.34283510094349,48.07802127477038],[-107.34287097525778,48.07807855921536],[-107.34287220118834,48.07810535076831],[-107.34301805201805,48.078088946969494],[-107.34300416873995,48.07807589571632]]]}"
000000000000000005cd,9911,0,0,0,"{""type"":""Polygon"",""coordinates"":[[[-107.34294982225914,48.077907235174195],[-107.34294920926136,48.07789383944792],[-107.34280479358445,48.077941447150586],[-107.34281163094367,48.07794576646514],[-107.34281321673674,48.0779814700216],[-107.34283510094349,48.07802127477038],[-107.34297411399399,48.078000551757604],[-107.34294982225914,48.077907235174195]]]}"
000000000000000005df,9912,0,0,0,"{""type"":""Polygon"",""coordinates"":[[[-107.34276060326968,48.077848568402636],[-107.34279111887217,48.07793280852093],[-107.34280479358445,48.077941447150586],[-107.34294920926136,48.07789383944792],[-107.3429532793372,48.07783573488057],[-107.34276060326968,48.077848568402636]]]}"
000000000000000005cf,9913,0,0,0,"{""type"":""Polygon"",""coordinates"":[[[-107.34277625641855,48.07775443174462],[-107.34279187144494,48.077803241679284],[-107.3427528999708,48.07782636971251],[-107.34276060326968,48.077848568402636],[-107.3429532793372,48.07783573488057],[-107.34295108039849,48.0777866357305],[-107.34277625641855,48.07775443174462]]]}"
000000000000000005c8,9914,0,0,0,"{""type"":""Polygon"",""coordinates"":[[[-107.34275894882065,48.07766549011615],[-107.34275344423074,48.077692390529705],[-107.34277625641855,48.07775443174462],[-107.34295108039849,48.0777866357305],[-107.34295964264602,48.0776836962294],[-107.34275894882065,48.07766549011615]]]}"
000000000000000005c6,9915,0,0,0,"{""type"":""Polygon"",""coordinates"":[[[-107.34274847857137,48.07758086792464],[-107.3427583358879,48.077652094448744],[-107.34275894882065,48.07766549011615],[-107.34295964264602,48.0776836962294],[-107.34295846126898,48.07765697594736],[-107.34295662225061,48.07761678897132],[-107.34295528936234,48.077585569313385],[-107.34274847857137,48.07758086792464]]]}"
000000000000000005b4,9916,0,0,0,"{""type"":""Polygon"",""coordinates"":[[[-107.34276438460893,48.077491215389806],[-107.34276495291287,48.07750453996368],[-107.34274735956112,48.0775585049921],[-107.34274847857137,48.07758086792464],[-107.34295528936234,48.077585569313385],[-107.34295503629706,48.07758108566952],[-107.34295421486026,48.07756327743672],[-107.34296712498471,48.0775540209365],[-107.34299216839759,48.0775177707718],[-107.34301833627288,48.07750832763532],[-107.34302466211973,48.07749923550994],[-107.34276438460893,48.077491215389806]]]}"
000000000000000005af,9917,0,0,0,"{""type"":""Polygon"",""coordinates"":[[[-107.3429820575477,48.0774420608341],[-107.34282671177617,48.077396150030005],[-107.34277622032964,48.07745966709075],[-107.34276438460893,48.077491215389806],[-107.34302466211973,48.07749923550994],[-107.34303093104423,48.07749023020368],[-107.34303067796911,48.07748574656842],[-107.3429820575477,48.0774420608341]]]}"
000000000000000005aa,9918,0,0,0,"{""type"":""Polygon"",""coordinates"":[[[-107.34296306195678,48.07731743242819],[-107.34295643310867,48.077317525743155],[-107.3429236864824,48.07733157729097],[-107.34291746220462,48.07734065361464],[-107.3428517551645,48.0773599000117],[-107.34282671177617,48.077396150030005],[-107.3429820575477,48.0774420608341],[-107.34296306195678,48.07731743242819]]]}"
000000000000000005a3,9919,0,0,0,"{""type"":""Polygon"",""coordinates"":[[[-107.34307022342087,48.077181251173],[-107.34302441541523,48.07720005978628],[-107.3429868093121,48.07710701808445],[-107.34298619628434,48.077093622563524],[-107.34297093579468,48.07704928115533],[-107.3429700697014,48.07703140205222],[-107.34296970974842,48.07702249014596],[-107.34293073917455,48.07704561788438],[-107.34293314657349,48.07709912889128],[-107.34297528920285,48.077147407064245],[-107.34297126398053,48.07720558191629],[-107.34299228192492,48.07722750687478],[-107.34299289495215,48.07724090242986],[-107.34295402569374,48.077264014514455],[-107.34299432944367,48.07727210611524],[-107.34300907855133,48.077303036365805],[-107.34298224088472,48.07729917070296],[-107.34296306195678,48.07731743242819],[-107.3429820575477,48.0774420608341],[-107.34303067796911,48.07748574656842],[-107.34305669429853,48.07747180402805],[-107.34307673942203,48.07747142147379],[-107.34312788019686,48.07727835450148],[-107.34306090248664,48.077270738832766],[-107.3430532437018,48.07724861146615],[-107.34312027828427,48.07725614032066],[-107.34313333981228,48.077251383235634],[-107.34314949786064,48.07716621483434],[-107.34307022342087,48.077181251173]],[[-107.34302498382016,48.077213384282096],[-107.34303829840847,48.07721311082586],[-107.34303125268937,48.07720437902629],[-107.34302498382016,48.077213384282096]],[[-107.34302498382016,48.077213384282096],[-107.34300523655499,48.07721832148373],[-107.3430193726198,48.07723585614425],[-107.34302498382016,48.077213384282096]],[[-107.34304136362995,48.07728008861344],[-107.34302779594127,48.07727587845377],[-107.3430351393826,48.07728916493508],[-107.34304136362995,48.07728008861344]]]}"
000000000000000005ae,9920,0,0,0,"{""type"":""Polygon"",""coordinates"":[[[-107.34321424529425,48.07727212092779],[-107.34320761643626,48.07727221426029],[-107.34319970445415,48.0772456032936],[-107.34320664332371,48.07724990675792],[-107.34318214277877,48.077152179023415],[-107.34316281244962,48.07716594136104],[-107.34314949786064,48.07716621483434],[-107.34313333981228,48.077251383235634],[-107.3431532832794,48.07725101643536],[-107.34316119522498,48.077277627409565],[-107.34312788019686,48.07727835450148],[-107.34307673942203,48.07747142147379],[-107.34322273952685,48.07745951701713],[-107.34325605475088,48.077458789884766],[-107.34321424529425,48.07727212092779]]]}"
000000000000000005be,9921,0,0,0,"{""type"":""Polygon"",""coordinates"":[[[-107.3433280613666,48.07728314840489],[-107.34332147713394,48.07728331279722],[-107.34332122402184,48.07727882918135],[-107.34324856418928,48.07714631224491],[-107.34322147343677,48.07713796305592],[-107.34320779884018,48.07712932461507],[-107.34318214277877,48.077152179023415],[-107.34320664332371,48.07724990675792],[-107.3432132275425,48.07724974237393],[-107.34323449880988,48.077276150907956],[-107.34321424529425,48.07727212092779],[-107.34325605475088,48.077458789884766],[-107.34330272933497,48.077457860295084],[-107.34340072176369,48.07741566561244],[-107.3433280613666,48.07728314840489]]]}"
000000000000000005c1,9922,0,0,0,"{""type"":""MultiPolygon"",""coordinates"":[[[[-107.3432836169929,48.07718578747973],[-107.34328243535816,48.07715906746186],[-107.34324856418928,48.07714631224491],[-107.34332122402184,48.07727882918135],[-107.34333810177236,48.07721148457847],[-107.34333774173251,48.07720257264519],[-107.3433373816926,48.077193660713434],[-107.3432836169929,48.07718578747973]]],[[[-107.343433756987,48.0772631522279],[-107.34342738124015,48.077267729189835],[-107.34338157312139,48.07728653800766],[-107.34335469068068,48.07728260140216],[-107.34334137602275,48.077282874904476],[-107.3433280613666,48.07728314840489],[-107.34340072176369,48.07741566561244],[-107.34344005272293,48.077401449476206],[-107.34346632208512,48.077391990473934],[-107.3434792767282,48.07738280498969],[-107.34351213033963,48.07737318157435],[-107.34354477544274,48.07735914557988],[-107.343433756987,48.0772631522279]]]]}"
000000000000000005a4,9923,0,0,0,"{""type"":""Polygon"",""coordinates"":[[[-107.34347797859091,48.07720864036813],[-107.343433756987,48.0772631522279],[-107.34354477544274,48.07735914557988],[-107.34355125275474,48.077354552835594],[-107.34362102885,48.07727720200998],[-107.34362674128782,48.07725471433662],[-107.34347797859091,48.07720864036813]]]}"
000000000000000005c2,9924,0,0,0,"{""type"":""Polygon"",""coordinates"":[[[-107.3434890935321,48.07715926831648],[-107.34349654410184,48.0771769830487],[-107.34347797859091,48.07720864036813],[-107.34362674128782,48.07725471433662],[-107.34363862093204,48.077223237142874],[-107.34365070907205,48.0771961725222],[-107.34365488486074,48.07714249704651],[-107.3434890935321,48.07715926831648]]]}"
000000000000000005a6,9925,0,0,0,"{""type"":""MultiPolygon"",""coordinates"":[[[[-107.34364415934196,48.077053392255586],[-107.34364379922525,48.077044480352264],[-107.34343918940499,48.077088878885554],[-107.34345980296929,48.077101820718084],[-107.3434890935321,48.07715926831648],[-107.34365488486074,48.07714249704651],[-107.34366661283752,48.077106520552846],[-107.34364415934196,48.077053392255586]]],[[[-107.34322147343677,48.07713796305592],[-107.34324856418928,48.07714631224491],[-107.34328243535816,48.07715906746186],[-107.34328203069586,48.07715008448541],[-107.34328167066873,48.07714117256204],[-107.34328120908796,48.07713227640608],[-107.34330074785535,48.07712292660513],[-107.34330064093369,48.077118498288435],[-107.34322147343677,48.07713796305592]]]]}"
000000000000000005a5,9926,0,0,0,"{""type"":""MultiPolygon"",""coordinates"":[[[[-107.34328646009573,48.077100892660646],[-107.34325381522585,48.077114928492136],[-107.34322718606047,48.07711547546131],[-107.34320779884018,48.07712932461507],[-107.34322147343677,48.07713796305592],[-107.34330064093369,48.077118498288435],[-107.34328646009573,48.077100892660646]]],[[[-107.34361389518486,48.076973637452014],[-107.34338127873815,48.076987292524045],[-107.34340168372812,48.07699582180625],[-107.3434301524325,48.077035461267464],[-107.34342403523709,48.07704896587902],[-107.34343133418042,48.07706218121768],[-107.34342526161545,48.07707575688767],[-107.34343918940499,48.077088878885554],[-107.34364379922525,48.077044480352264],[-107.34364293280217,48.077026601265246],[-107.34361389518486,48.076973637452014]]]]}"
000000000000000005a2,9927,0,0,0,"{""type"":""Polygon"",""coordinates"":[[[-107.34335428958101,48.076978927630854],[-107.34338127873815,48.076987292524045],[-107.34361389518486,48.076973637452014],[-107.3436108288823,48.076906660101486],[-107.3436107219214,48.07690223180439],[-107.34325572114885,48.07686478218674],[-107.34326306462421,48.0768780685456],[-107.34325694741132,48.076891573106415],[-107.3432707234981,48.076900195736876],[-107.34330664238914,48.076957549847315],[-107.34334735073024,48.076974624198975],[-107.34335428958101,48.076978927630854]],[[-107.34334735073024,48.076974624198975],[-107.34336714252811,48.076969758003656],[-107.34335342329807,48.076961048560015],[-107.34334735073024,48.076974624198975]]]}"
000000000000000005a1,9928,0,0,0,"{""type"":""Polygon"",""coordinates"":[[[-107.34344680650757,48.076816245257966],[-107.34344079091413,48.076829734046925],[-107.34338732440607,48.07682641554225],[-107.3433475893971,48.076831648563825],[-107.3433083659926,48.0768502927853],[-107.34330779747664,48.076836968386225],[-107.34325489954605,48.07684697420391],[-107.34325510801754,48.076851386732024],[-107.34325572114885,48.07686478218674],[-107.3436107219214,48.07690223180439],[-107.34364861726016,48.07685681230273],[-107.3436586568855,48.076785149045016],[-107.34344680650757,48.076816245257966]]]}"
000000000000000005a0,9929,0,0,0,"{""type"":""MultiPolygon"",""coordinates"":[[[[-107.34338044249323,48.076822025307806],[-107.34336044229029,48.076822478964644],[-107.3433475893971,48.076831648563825],[-107.34338732440607,48.07682641554225],[-107.34338044249323,48.076822025307806]]],[[[-107.34328662791152,48.07681054431999],[-107.34327310495846,48.07680640528124],[-107.34326662773458,48.07681099795649],[-107.34325489954605,48.07684697420391],[-107.34330779747664,48.076836968386225],[-107.34328662791152,48.07681054431999]]],[[[-107.34364227598341,48.076718445476274],[-107.34358768453542,48.07668832050545],[-107.3433973644909,48.07675475234176],[-107.3433978261046,48.0767636484323],[-107.34345292364937,48.076802740706235],[-107.34344680650757,48.076816245257966],[-107.3436586568855,48.076785149045016],[-107.34364227598341,48.076718445476274]]]]}"
000000000000000005a9,9930,0,0,0,"{""type"":""Polygon"",""coordinates"":[[[-107.34346407346993,48.076610425556346],[-107.34343729302888,48.07660647324748],[-107.34335579004377,48.076719799089844],[-107.34336997079885,48.07673740458156],[-107.34339012252899,48.07674145025954],[-107.3433973644909,48.07675475234176],[-107.34358768453542,48.07668832050545],[-107.34346407346993,48.076610425556346]]]}"
00000000000000000595,9931,0,0,0,"{""type"":""GeometryCollection"",""geometries"":[{""type"":""LineString"",""coordinates"":[[-107.34327288538677,48.07680191807948],[-107.34327308812139,48.07680638034756],[-107.34326663218405,48.07681097847685]]},{""type"":""Polygon"",""coordinates"":[[[-107.3433898993243,48.076589579203855],[-107.34332225251018,48.076568655228634],[-107.34329537060415,48.0765647186468],[-107.34324182408005,48.07670427238907],[-107.34324881286479,48.07671309090703],[-107.34330839628032,48.07670290497093],[-107.34335579004377,48.076719799089844],[-107.34343729302888,48.07660647324748],[-107.3433898993243,48.076589579203855]]]}]}"
000000000000000005a8,9932,0,0,0,"{""type"":""Polygon"",""coordinates"":[[[-107.34309547229726,48.07671170882515],[-107.34311587701207,48.07672023813036],[-107.34309710307095,48.076747482579265],[-107.34313067070363,48.07675123908918],[-107.34317000091936,48.07673702326267],[-107.34320346702495,48.076740795511355],[-107.34318101447343,48.07668766745208],[-107.34323488529894,48.07669996896981],[-107.34324182408005,48.07670427238907],[-107.34329537060415,48.0765647186468],[-107.34324175301973,48.07655690074549],[-107.34322807861491,48.07654826239836],[-107.34320144986302,48.07654880934399],[-107.34307388609368,48.07667645973868],[-107.3430744991621,48.076689855151464],[-107.34311429085282,48.076684535446645],[-107.34312153268488,48.076697837538575],[-107.34309547229726,48.07671170882515]],[[-107.34323416525416,48.07668214527691],[-107.34321396897293,48.07667802851768],[-107.34322121084763,48.07669133059933],[-107.34323416525416,48.07668214527691]],[[-107.34312153268488,48.076697837538575],[-107.34312883144013,48.07671105281658],[-107.34314168431114,48.07670188326836],[-107.34312153268488,48.076697837538575]]]}"
00000000000000000593,9933,0,0,0,"{""type"":""Polygon"",""coordinates"":[[[-107.34308784466512,48.07654219431244],[-107.34304153131555,48.07655203557331],[-107.34301515569204,48.07655706602134],[-107.34307388609368,48.07667645973868],[-107.34320144986302,48.07654880934399],[-107.34308784466512,48.07654219431244]]]}"
00000000000000000592,9934,0,0,0,"{""type"":""Polygon"",""coordinates"":[[[-107.34301515569204,48.07655706602134],[-107.3429887354352,48.076562025411675],[-107.34289629955414,48.076581834161274],[-107.34290932369039,48.07672002062379],[-107.34291590779469,48.076719856264795],[-107.34295487800952,48.076696728685135],[-107.34302144999353,48.07669536147194],[-107.3430744991621,48.076689855151464],[-107.34307388609368,48.07667645973868],[-107.34301515569204,48.07655706602134]]]}"
0000000000000000058c,9935,0,0,0,"{""type"":""Polygon"",""coordinates"":[[[-107.34289629955414,48.076581834161274],[-107.34285681801725,48.07659155050377],[-107.34281014474278,48.07659247982777],[-107.34279024633562,48.07659291759226],[-107.34275688741896,48.076593573475805],[-107.3428505618117,48.076748014263515],[-107.34290932369039,48.07672002062379],[-107.34289629955414,48.076581834161274]]]}"
00000000000000000596,9936,0,0,0,"{""type"":""Polygon"",""coordinates"":[[[-107.34275688741896,48.076593573475805],[-107.34271025882482,48.07659457380109],[-107.34265303291589,48.076653754811325],[-107.34264696020178,48.0766673303301],[-107.34283745583829,48.076752700208345],[-107.34284408457717,48.07675260690539],[-107.3428505618117,48.076748014263515],[-107.34275688741896,48.076593573475805]]]}"
000000000000000005b1,9937,0,0,0,"{""type"":""Polygon"",""coordinates"":[[[-107.34264696020178,48.0766673303301],[-107.34263446716916,48.07668541165761],[-107.34261503546394,48.076699189522905],[-107.34257488404607,48.07669559716403],[-107.34254825537317,48.07669614392776],[-107.3425212222257,48.07668770777886],[-107.34250913362007,48.07671477200658],[-107.34248908902599,48.07671515442321],[-107.34275329100365,48.076808031540004],[-107.34277246970146,48.07678977003992],[-107.34283745583829,48.076752700208345],[-107.34264696020178,48.0766673303301]]]}"
000000000000000005b3,9938,0,0,0,"{""type"":""MultiPolygon"",""coordinates"":[[[[-107.34292098842793,48.07697882051539],[-107.34292206292879,48.07700111214408],[-107.34296970974842,48.07702249014596],[-107.34296848370197,48.076995699150245],[-107.34292098842793,48.07697882051539]]],[[[-107.34248908902599,48.07671515442321],[-107.34239675455804,48.0767349469876],[-107.34238344023177,48.07673522034559],[-107.34241129453372,48.07676146450735],[-107.34247689356415,48.07673779037391],[-107.34249765785206,48.07675523168578],[-107.34242543007366,48.07677899911606],[-107.34243226716026,48.07678331836887],[-107.3426703518218,48.076890153798054],[-107.34267020034025,48.07688565444693],[-107.34275329100365,48.076808031540004],[-107.34248908902599,48.07671515442321]]]]}"
000000000000000005ad,9939,0,0,0,"{""type"":""MultiPolygon"",""coordinates"":[[[[-107.34292206292879,48.07700111214408],[-107.34293073917455,48.07704561788438],[-107.34296970974842,48.07702249014596],[-107.34292206292879,48.07700111214408]]],[[[-107.34243226716026,48.07678331836887],[-107.34245875535731,48.076925731456534],[-107.34252496755482,48.076915452687885],[-107.34256491079276,48.07691463254],[-107.34261143816441,48.07691364803603],[-107.34267142617247,48.076912445395685],[-107.3426709647379,48.07690354927186],[-107.3426703518218,48.076890153798054],[-107.34243226716026,48.07678331836887]]]]}"
000000000000000005b2,9940,0,0,0,"{""type"":""MultiPolygon"",""coordinates"":[[[[-107.34238344023177,48.07673522034559],[-107.34227652126481,48.0767284242268],[-107.34228412252688,48.076750638267555],[-107.34233115554055,48.07675862106459],[-107.34236544243791,48.076780201589976],[-107.34241129453372,48.07676146450735],[-107.34238344023177,48.07673522034559]]],[[[-107.34243226716026,48.07678331836887],[-107.34242543007366,48.07677899911606],[-107.3423989528324,48.076784045182855],[-107.34232697800492,48.07681229613414],[-107.34230034931844,48.07681284283057],[-107.34233388243851,48.07696398786491],[-107.34243896366544,48.07693059745754],[-107.34245875535731,48.076925731456534],[-107.34243226716026,48.07678331836887]]]]}"
000000000000000005ab,9941,0,0,0,"{""type"":""MultiPolygon"",""coordinates"":[[[[-107.34230034931844,48.07681284283057],[-107.34218807689435,48.076837445905596],[-107.34216838682705,48.07684229607609],[-107.34220063697164,48.07696673706754],[-107.34230725364135,48.07696453456765],[-107.34233388243851,48.07696398786491],[-107.34230034931844,48.07681284283057]]],[[[-107.34227652126481,48.0767284242268],[-107.34221617403159,48.07672071473953],[-107.34220285973595,48.07672098807159],[-107.34218954544207,48.076721261401765],[-107.34217638257236,48.07672603406936],[-107.34220383225484,48.07674329537428],[-107.34224356682157,48.07673806284679],[-107.3422708082109,48.07675091160972],[-107.34228412252688,48.076750638267555],[-107.34227652126481,48.0767284242268]]]]}"
000000000000000005ac,9942,0,0,0,"{""type"":""Polygon"",""coordinates"":[[[-107.34216838682705,48.07684229607609],[-107.34209569763463,48.076857167178495],[-107.34206141093061,48.07683558652007],[-107.34204729719389,48.076965353282404],[-107.34215421652137,48.07697214967838],[-107.34220063697164,48.07696673706754],[-107.34216838682705,48.07684229607609]]]}"
000000000000000005ca,9943,0,0,0,"{""type"":""Polygon"",""coordinates"":[[[-107.34198652407751,48.076801359257054],[-107.34197943412414,48.07679255638691],[-107.34189313675384,48.07694616119999],[-107.34194052942445,48.07696305612465],[-107.34204729719389,48.076965353282404],[-107.34206141093061,48.07683558652007],[-107.34198652407751,48.076801359257054]]]}"
000000000000000005b5,9944,0,0,0,"{""type"":""Polygon"",""coordinates"":[[[-107.34196576012404,48.07678391781065],[-107.34177564841833,48.076854759083155],[-107.34179069373998,48.076890243952214],[-107.34183865422037,48.07692046335303],[-107.34185920985216,48.076933492330134],[-107.34189313675384,48.07694616119999],[-107.34197943412414,48.07679255638691],[-107.34196576012404,48.07678391781065]]]}"
0000000000000000059e,9945,0,0,0,"{""type"":""Polygon"",""coordinates"":[[[-107.3419243836787,48.076753534262814],[-107.34192361964197,48.07673563947395],[-107.34173125390247,48.07675746915264],[-107.34175931584797,48.07678812606209],[-107.34177564841833,48.076854759083155],[-107.34196576012404,48.07678391781065],[-107.3419243836787,48.076753534262814]]]}"
00000000000000000621,9946,0,0,0,"{""type"":""Polygon"",""coordinates"":[[[-107.34192718507227,48.076668569057865],[-107.34192070780541,48.07667316163121],[-107.34191387083615,48.07666884234802],[-107.34170023073571,48.076659819302805],[-107.34170120295013,48.07668212659231],[-107.34172278752587,48.07671737603298],[-107.34171732709254,48.07674434696468],[-107.34173125390247,48.07675746915264],[-107.34192361964197,48.07673563947395],[-107.34192279868512,48.07671783150715],[-107.34192218603955,48.076704436069114],[-107.34196054376181,48.07666791346786],[-107.34192718507227,48.076668569057865]]]}"
000000000000000005b0,9947,0,0,0,"{""type"":""Polygon"",""coordinates"":[[[-107.34191948251393,48.07664637078136],[-107.34191912281095,48.07663745893021],[-107.34190498763628,48.0766199242849],[-107.34191732950454,48.0765973437394],[-107.34172909300509,48.07656098337193],[-107.34172945266295,48.07656989521195],[-107.34170364517271,48.076588249652445],[-107.34170023073571,48.076659819302805],[-107.34191387083615,48.07666884234802],[-107.34191351113486,48.07665993049298],[-107.3419269321286,48.07666408548659],[-107.34192718507227,48.076668569057865],[-107.34196054376181,48.07666791346786],[-107.34197324533888,48.076654244746685],[-107.3419727840716,48.07664534865906],[-107.34191948251393,48.07664637078136]]]}"
0000000000000000059c,9948,0,0,0,"{""type"":""Polygon"",""coordinates"":[[[-107.34177806151894,48.076466122584485],[-107.3417524501191,48.076489047371936],[-107.34172909300509,48.07656098337193],[-107.34191732950454,48.0765973437394],[-107.34191692516998,48.076588360845086],[-107.34196104579195,48.07653386613607],[-107.34177806151894,48.076466122584485]]]}"
0000000000000000059d,9949,0,0,0,"{""type"":""Polygon"",""coordinates"":[[[-107.3418881847769,48.07639693737256],[-107.3418686463627,48.07640628674725],[-107.3418419734658,48.07640676225016],[-107.3417911673661,48.0764614368133],[-107.34177806151894,48.076466122584485],[-107.34196104579195,48.07653386613607],[-107.34197338760002,48.07651128562193],[-107.3420181207498,48.07647018634418],[-107.3418881847769,48.07639693737256]]]}"
0000000000000000058f,9950,0,0,0,"{""type"":""Polygon"",""coordinates"":[[[-107.34195133243436,48.07631968240278],[-107.34192751453325,48.076382722163466],[-107.3418881847769,48.07639693737256],[-107.3420181207498,48.07647018634418],[-107.34205611841456,48.076424752062145],[-107.34208213404358,48.07641081008603],[-107.34209462716159,48.076392728923004],[-107.34195133243436,48.07631968240278]]]}"
0000000000000000059b,9951,0,0,0,"{""type"":""Polygon"",""coordinates"":[[[-107.34202172113817,48.07625572958803],[-107.34195133243436,48.07631968240278],[-107.34209462716159,48.076392728923004],[-107.34214461180787,48.07632024645335],[-107.3421702675832,48.07629739269241],[-107.34202172113817,48.07625572958803]]]}"
0000000000000000059a,9952,0,0,0,"{""type"":""Polygon"",""coordinates"":[[[-107.34209139014052,48.07617395326205],[-107.34207904852062,48.07619653364138],[-107.34202172113817,48.07625572958803],[-107.3421702675832,48.07629739269241],[-107.34218944615338,48.076279131489976],[-107.34222816303085,48.076251520874735],[-107.34224065603689,48.07623343975042],[-107.34209139014052,48.07617395326205]]]}"
0000000000000000058e,9953,0,0,0,"{""type"":""Polygon"",""coordinates"":[[[-107.34214759862863,48.07609239504861],[-107.3421412230305,48.076096971819084],[-107.34211031569356,48.076151208593295],[-107.3420978226741,48.076169289672606],[-107.34209139014052,48.07617395326205],[-107.34224065603689,48.07623343975042],[-107.34224611601,48.07620646906331],[-107.34227860862131,48.07618793454587],[-107.34230441569596,48.07616958010122],[-107.34231737000131,48.07616039499663],[-107.34214759862863,48.07609239504861]]]}"
00000000000000000598,9954,0,0,0,"{""type"":""Polygon"",""coordinates"":[[[-107.34223094094112,48.076019257316354],[-107.34219804406779,48.07602880895888],[-107.34218595553399,48.076055872804055],[-107.34214759862863,48.07609239504861],[-107.34231737000131,48.07616039499663],[-107.34232384715219,48.07615580244432],[-107.34236195103149,48.07611479656403],[-107.3423748037604,48.076105627226475],[-107.34239444354247,48.07609626204227],[-107.34223094094112,48.076019257316354]]]}"
00000000000000000594,9955,0,0,0,"{""type"":""Polygon"",""coordinates"":[[[-107.34230081751288,48.075941893683606],[-107.34228807164793,48.075955491203345],[-107.34228883588546,48.075973385718065],[-107.34223094094112,48.076019257316354],[-107.34239444354247,48.07609626204227],[-107.34240729626116,48.07608709270386],[-107.34245069605412,48.07601477483786],[-107.34230081751288,48.075941893683606]]]}"
00000000000000000597,9956,0,0,0,"{""type"":""Polygon"",""coordinates"":[[[-107.34238390629517,48.0758642725412],[-107.34234025361165,48.0759321066605],[-107.34231887704597,48.07590127034851],[-107.34231265293774,48.07591034638113],[-107.3423005645191,48.07593741017671],[-107.34230081751288,48.075941893683606],[-107.34245069605412,48.07601477483786],[-107.34245029158035,48.07600579204909],[-107.3425071120915,48.07593762913756],[-107.34238390629517,48.0758642725412]]]}"
0000000000000000058b,9957,0,0,0,"{""type"":""Polygon"",""coordinates"":[[[-107.34247404009966,48.075795383064374],[-107.34240884725779,48.07582803948395],[-107.34238390629517,48.0758642725412],[-107.3425071120915,48.07593762913756],[-107.3426043806107,48.07587761316489],[-107.34247404009966,48.075795383064374]]]}"
0000000000000000058d,9958,0,0,0,"{""type"":""Polygon"",""coordinates"":[[[-107.34259145917345,48.07573941308643],[-107.34258487526542,48.075739577415106],[-107.34247404009966,48.075795383064374],[-107.3426043806107,48.07587761316489],[-107.34267558913996,48.075831468091764],[-107.34268854328117,48.07582228300039],[-107.34259145917345,48.07573941308643]]]}"
00000000000000000571,9959,0,0,0,"{""type"":""Polygon"",""coordinates"":[[[-107.34269541255127,48.075679217169835],[-107.34263726530331,48.0757206052514],[-107.34259145917345,48.07573941308643],[-107.34268854328117,48.07582228300039],[-107.3427668416909,48.07578494055715],[-107.34277969425595,48.07577577122713],[-107.34279300829435,48.07577549782642],[-107.34269541255127,48.075679217169835]]]}"
00000000000000000587,9960,0,0,0,"{""type"":""Polygon"",""coordinates"":[[[-107.34282568369854,48.075614077749286],[-107.34281930822347,48.07561865452],[-107.34275320510262,48.07563336137465],[-107.34271474212389,48.07566545533574],[-107.34269541255127,48.075679217169835],[-107.34279300829435,48.07577549782642],[-107.34281927644143,48.075766039325494],[-107.34285799255133,48.07573842874547],[-107.34287778363122,48.075733562784094],[-107.34282568369854,48.075614077749286]]]}"
00000000000000000591,9961,0,0,0,"{""type"":""Polygon"",""coordinates"":[[[-107.34287026363619,48.07556847958299],[-107.34285108565611,48.07558674065922],[-107.34282568369854,48.075614077749286],[-107.34287778363122,48.075733562784094],[-107.34296393647531,48.07572291728108],[-107.34302830751663,48.075672452968476],[-107.34287026363619,48.07556847958299]]]}"
0000000000000000058a,9962,0,0,0,"{""type"":""Polygon"",""coordinates"":[[[-107.3429411114481,48.075513422953776],[-107.34289627856549,48.07555453763132],[-107.34287026363619,48.07556847958299],[-107.34302830751663,48.075672452968476],[-107.34307997748901,48.075635657248796],[-107.34313154583607,48.07559887729419],[-107.3429411114481,48.075513422953776]]]}"
00000000000000000590,9963,0,0,0,"{""type"":""Polygon"",""coordinates"":[[[-107.34303848546607,48.0754578352387],[-107.34303190157706,48.07545799959671],[-107.34302506460273,48.07545368049294],[-107.34298425659868,48.075436622216635],[-107.34297900573273,48.07546800494614],[-107.34295319931817,48.07548635931012],[-107.34294003688703,48.07549113195907],[-107.34294085837303,48.07550893948725],[-107.3429411114481,48.075513422953776],[-107.34313154583607,48.07559887729419],[-107.343157453847,48.07558050707643],[-107.34321488592667,48.07552573945113],[-107.34303848546607,48.0754578352387]]]}"
00000000000000000583,9964,0,0,0,"{""type"":""MultiPolygon"",""coordinates"":[[[[-107.34298986743529,48.07541415113659],[-107.34298425659868,48.075436622216635],[-107.34302506460273,48.07545368049294],[-107.34298986743529,48.07541415113659]]],[[[-107.34309565897745,48.07539414042272],[-107.34310249595514,48.07539845951646],[-107.3430833181354,48.07541672057587],[-107.34305827640931,48.07545296926957],[-107.34303848546607,48.0754578352387],[-107.34321488592667,48.07552573945113],[-107.34322743522696,48.07550757164958],[-107.34326676408558,48.075493356154894],[-107.34330501814576,48.07545684967791],[-107.34331052187453,48.07542995040103],[-107.34309565897745,48.07539414042272]]]]}"
00000000000000000585,9965,0,0,0,"{""type"":""Polygon"",""coordinates"":[[[-107.34313171364968,48.07530853726815],[-107.34309238500131,48.075322752651985],[-107.34309565897745,48.07539414042272],[-107.34331052187453,48.07542995040103],[-107.34332923802545,48.07540279343139],[-107.34335989014622,48.07534407364115],[-107.34313171364968,48.07530853726815]]]}"
00000000000000000580,9966,0,0,0,"{""type"":""Polygon"",""coordinates"":[[[-107.34336884935814,48.075245677681345],[-107.34310083868974,48.0752153898589],[-107.34310145179799,48.07522878489736],[-107.3431438013251,48.07528147371112],[-107.34313171364968,48.07530853726815],[-107.34335989014622,48.07534407364115],[-107.34338457149914,48.07529891334273],[-107.34336884935814,48.075245677681345]]]}"
000000000000000005bb,9967,0,0,0,"{""type"":""Polygon"",""coordinates"":[[[-107.34335221629473,48.0751744925608],[-107.34329676109095,48.075126489801384],[-107.34329655260309,48.075122077418875],[-107.34309313554229,48.07519319230664],[-107.34310058559332,48.07521090641881],[-107.34310083868974,48.0752153898589],[-107.34336884935814,48.075245677681345],[-107.34335221629473,48.0751744925608]]]}"
00000000000000000581,9968,0,0,0,"{""type"":""Polygon"",""coordinates"":[[[-107.3432826255506,48.0751089558736],[-107.3432613999511,48.07508261946389],[-107.34319299125102,48.07504380174302],[-107.34307017233148,48.07512665498525],[-107.34307716080437,48.07513547325839],[-107.34305783158281,48.07514923501759],[-107.34308532548933,48.0751665666106],[-107.34308609013964,48.075184460839324],[-107.34309313554229,48.07519319230664],[-107.34329655260309,48.075122077418875],[-107.3432826255506,48.0751089558736]]]}"
0000000000000000057e,9969,0,0,0,"{""type"":""Polygon"",""coordinates"":[[[-107.34315912199666,48.07503104696025],[-107.3431162664897,48.07496939156026],[-107.34310968268193,48.074969555920006],[-107.34299364393603,48.0750568148225],[-107.34302088464173,48.07506966297781],[-107.34307017233148,48.07512665498525],[-107.34319299125102,48.07504380174302],[-107.34315912199666,48.07503104696025]]]}"
00000000000000000584,9970,0,0,0,"{""type"":""Polygon"",""coordinates"":[[[-107.34307596509991,48.07496130030605],[-107.34300673541037,48.07490467520154],[-107.34289784363146,48.07500064955597],[-107.34293192111538,48.07501781680436],[-107.34295247639854,48.07503084508329],[-107.34299364393603,48.0750568148225],[-107.34310968268193,48.074969555920006],[-107.34307596509991,48.07496130030605]]]}"
0000000000000000057b,9971,0,0,0,"{""type"":""Polygon"",""coordinates"":[[[-107.34298597170903,48.074887234600375],[-107.34291195308923,48.07487088763772],[-107.34292476066862,48.074861647408355],[-107.34289752017014,48.07484879927143],[-107.34278882456479,48.074949343631324],[-107.3427958698355,48.0749580750847],[-107.34284999092486,48.0749748599053],[-107.34287743991831,48.07499212045855],[-107.34289784363146,48.07500064955597],[-107.34300673541037,48.07490467520154],[-107.34298597170903,48.074887234600375]]]}"
00000000000000000582,9972,0,0,0,"{""type"":""Polygon"",""coordinates"":[[[-107.34283660700929,48.074827766494145],[-107.34280896201302,48.074805935759315],[-107.34264639862008,48.07489417846202],[-107.34266028064533,48.07490722900716],[-107.34268007125434,48.07490236317566],[-107.34271394005084,48.074915118108],[-107.34273455207011,48.07492805959934],[-107.34278219615139,48.074949436919],[-107.34278882456479,48.074949343631324],[-107.34289752017014,48.07484879927143],[-107.3428974132757,48.07484437114558],[-107.34283660700929,48.074827766494145]]]}"
00000000000000000577,9973,0,0,0,"{""type"":""Polygon"",""coordinates"":[[[-107.34278799007187,48.07478408278668],[-107.34277427181895,48.07477537359828],[-107.3427331494579,48.07474947493902],[-107.3427589107379,48.07473104985632],[-107.34275232699707,48.07473121418908],[-107.34256309195372,48.07481993232754],[-107.34259043907262,48.07483720868459],[-107.34259151344152,48.074859499410174],[-107.3426253821367,48.07487225436594],[-107.34264639862008,48.07489417846202],[-107.34280896201302,48.074805935759315],[-107.34278799007187,48.07478408278668]]]}"
00000000000000000589,9974,0,0,0,"{""type"":""Polygon"",""coordinates"":[[[-107.34274523714598,48.07472241172041],[-107.34273789424408,48.07470912585337],[-107.34271774380898,48.074705080162175],[-107.34270407024182,48.07469644202403],[-107.34270324884928,48.07467863476731],[-107.34270947265264,48.0746695589302],[-107.34243913039018,48.07473312707283],[-107.34250774558559,48.07477635750706],[-107.34256309195372,48.07481993232754],[-107.34275232699707,48.07473121418908],[-107.34274523714598,48.07472241172041]]]}"
00000000000000000575,9975,0,0,0,"{""type"":""Polygon"",""coordinates"":[[[-107.34270482189442,48.07456688320063],[-107.34268503146603,48.07457174900153],[-107.34267855462927,48.07457634143156],[-107.34270079695482,48.07462505517206],[-107.34270223132124,48.07465625730884],[-107.34266290341215,48.074670472320946],[-107.34264836388004,48.074643955885215],[-107.3426342289073,48.07462642200873],[-107.34261285266659,48.07459558652167],[-107.34236975108703,48.07467200254567],[-107.34238342451717,48.07468064073094],[-107.34243815765652,48.07471082063289],[-107.34243250204035,48.07473322033432],[-107.34243913039018,48.07473312707283],[-107.34270947265264,48.0746695589302],[-107.3427421722053,48.07465543718218],[-107.34270482189442,48.07456688320063]]]}"
00000000000000000579,9976,0,0,0,"{""type"":""MultiPolygon"",""coordinates"":[[[[-107.34269798513603,48.07456256414144],[-107.34268503146603,48.07457174900153],[-107.34270482189442,48.07456688320063],[-107.34270446196923,48.07455797171139],[-107.34269798513603,48.07456256414144]]],[[[-107.34259147646377,48.07456475104702],[-107.34259004218758,48.07453354896073],[-107.34257524972706,48.074502549198],[-107.34256841300464,48.074498230133955],[-107.34231501809877,48.07464182262317],[-107.34231527110153,48.074646306019055],[-107.34233578120516,48.07465926330314],[-107.34236281282892,48.074667699216754],[-107.34236975108703,48.07467200254567],[-107.34261285266659,48.07459558652167],[-107.34259147646377,48.07456475104702]]]]}"
0000000000000000057a,9977,0,0,0,"{""type"":""Polygon"",""coordinates"":[[[-107.34256071032493,48.074476032830574],[-107.34224776952185,48.074482428389956],[-107.34220257777548,48.07451463042437],[-107.34222359373041,48.07453655447706],[-107.342251401754,48.07456272657836],[-107.34229307399663,48.07459766320302],[-107.34231501809877,48.07464182262317],[-107.34256841300464,48.074498230133955],[-107.34256071032493,48.074476032830574]]]}"
00000000000000000576,9978,0,0,0,"{""type"":""Polygon"",""coordinates"":[[[-107.34254667700858,48.07445848323036],[-107.34253213764543,48.07443196687988],[-107.3425035703433,48.074392344808786],[-107.34250346349192,48.07438791671995],[-107.34236334573087,48.07438627567552],[-107.34227882652488,48.07443269248406],[-107.34224776952185,48.074482428389956],[-107.34256071032493,48.074476032830574],[-107.34254667700858,48.07445848323036]]]}"
00000000000000000572,9979,0,0,0,"{""type"":""MultiPolygon"",""coordinates"":[[[[-107.34244887022898,48.07421478423549],[-107.3424603896073,48.07417439759567],[-107.34241443398857,48.07418870562098],[-107.34240234631778,48.07421576852206],[-107.34239143973414,48.07426954999275],[-107.34244887022898,48.07421478423549]]],[[[-107.34239143973414,48.07426954999275],[-107.34236334573087,48.07438627567552],[-107.34250346349192,48.07438791671995],[-107.34248244738143,48.0743659927947],[-107.34248846276793,48.07435250470471],[-107.34248147460833,48.07434368651234],[-107.34248769838598,48.07433461074826],[-107.34248040028982,48.07432139600348],[-107.34245316045603,48.07430854785576],[-107.3424459192939,48.07429524630229],[-107.34241245572107,48.07429147390077],[-107.34239143973414,48.07426954999275]]]]}"
00000000000000000574,9980,0,0,0,"{""type"":""Polygon"",""coordinates"":[[[-107.34239612254811,48.07422484425983],[-107.34233088795636,48.07425742852726],[-107.34229860550856,48.074280374651195],[-107.3422518285923,48.07427687550127],[-107.34225075441185,48.07425458501473],[-107.34225039459254,48.07424567357416],[-107.34226931898074,48.07422292973977],[-107.34224187098614,48.07420566924019],[-107.34221581236665,48.0742195395837],[-107.34221066271988,48.074250905787444],[-107.34227882652488,48.07443269248406],[-107.34236334573087,48.07438627567552],[-107.34240234631778,48.07421576852206],[-107.34239612254811,48.07422484425983]]]}"
0000000000000000057c,9981,0,0,0,"{""type"":""Polygon"",""coordinates"":[[[-107.34221066271988,48.074250905787444],[-107.34205795723189,48.07441036872099],[-107.34206479384102,48.07441468781707],[-107.34211340909937,48.074458371626235],[-107.34216126027498,48.07448416142947],[-107.34220257777548,48.07451463042437],[-107.34224776952185,48.074482428389956],[-107.34227882652488,48.07443269248406],[-107.34221066271988,48.074250905787444]]]}"
00000000000000000599,9982,0,0,0,"{""type"":""Polygon"",""coordinates"":[[[-107.34197275821398,48.074296025030385],[-107.34198689266132,48.07431355890729],[-107.34205795723189,48.07441036872099],[-107.34221066271988,48.074250905787444],[-107.34221581236665,48.0742195395837],[-107.34197275821398,48.074296025030385]]]}"
00000000000000000853,9983,0,0,0,"{""type"":""Polygon"",""coordinates"":[[[-107.34192694400902,48.074167380140466],[-107.3419202588812,48.07416756017368],[-107.34195515586006,48.07420253464049],[-107.34195663423878,48.07423380760106],[-107.34195868069695,48.074278404345065],[-107.34197275821398,48.074296025030385],[-107.34221581236665,48.0742195395837],[-107.34192694400902,48.074167380140466]]]}"
00000000000000000570,9984,0,0,0,"{""type"":""GeometryCollection"",""geometries"":[{""type"":""LineString"",""coordinates"":[[-107.34223524078563,48.07420577177182],[-107.34224189912644,48.07420563597584]]},{""type"":""Polygon"",""coordinates"":[[[-107.34196105448747,48.07403716706933],[-107.34192769815976,48.07403782256667],[-107.34192004061302,48.07401569644196],[-107.34179032135961,48.07394686284278],[-107.34178359165266,48.073946971816405],[-107.3417834848836,48.073942543762264],[-107.34175624576609,48.07392969549116],[-107.3417377878025,48.0739657785497],[-107.34177859312442,48.073982836946264],[-107.34179935551931,48.07400027754135],[-107.34185383393523,48.07402597408446],[-107.34188275982994,48.074074507514865],[-107.34193637279378,48.07408232592349],[-107.34191097156396,48.07410966196861],[-107.34193882361163,48.07413590501116],[-107.34193280810597,48.074149393013975],[-107.34195336236188,48.074162421317475],[-107.34192694400902,48.074167380140466],[-107.34221581236665,48.0742195395837],[-107.34223524274448,48.074205762484375],[-107.3422342701165,48.07418345626397],[-107.34196105448747,48.07403716706933]]]}]}"
0000000000000000056e,9985,0,0,0,"{""type"":""GeometryCollection"",""geometries"":[{""type"":""LineString"",""coordinates"":[[-107.34225680844514,48.07409367175127],[-107.3422634667714,48.07409353595427]]},{""type"":""LineString"",""coordinates"":[[-107.34179029326934,48.07394686118947],[-107.3418379143865,48.07396822216813]]},{""type"":""Polygon"",""coordinates"":[[[-107.34190524898256,48.073984696860855],[-107.34183796319851,48.073968240288686],[-107.34192004061302,48.07401569644196],[-107.34190524898256,48.073984696860855]]]},{""type"":""Polygon"",""coordinates"":[[[-107.34176772105843,48.07388923809235],[-107.34176078305316,48.07388493477768],[-107.34175599282823,48.07392521215341],[-107.34175624576609,48.07392969549116],[-107.3417834848836,48.073942543762264],[-107.34176772105843,48.07388923809235]]]},{""type"":""Polygon"",""coordinates"":[[[-107.34207163130563,48.07397688067984],[-107.34198768108851,48.074036620549],[-107.34196105448747,48.07403716706933],[-107.3422342701165,48.07418345626397],[-107.34223161050355,48.07412546484209],[-107.3422567586022,48.07409364535786],[-107.34207163130563,48.07397688067984]]]}]}"
0000000000000000056f,9986,0,0,0,"{""type"":""Polygon"",""coordinates"":[[[-107.34218817864863,48.07390303523464],[-107.34215589649406,48.073925981148015],[-107.34209739214884,48.073958456057404],[-107.34207163130563,48.07397688067984],[-107.34226348836988,48.07409353634918],[-107.34229597902664,48.07407500262214],[-107.342334693411,48.074047393187435],[-107.34235427514085,48.074038115219494],[-107.34218817864863,48.07390303523464]]]}"
00000000000000000573,9987,0,0,0,"{""type"":""Polygon"",""coordinates"":[[[-107.34228539705333,48.07384295100525],[-107.34218817864863,48.07390303523464],[-107.34235427514085,48.074038115219494],[-107.34242548002857,48.07399197204297],[-107.34245833044352,48.073982349691995],[-107.34228539705333,48.07384295100525]]]}"
0000000000000000056d,9988,0,0,0,"{""type"":""Polygon"",""coordinates"":[[[-107.34239658601675,48.07379605916642],[-107.34231141075959,48.073829009702],[-107.34228539705333,48.07384295100525],[-107.34245833044352,48.073982349691995],[-107.34247750762485,48.07396408927321],[-107.34251040265023,48.07395453795771],[-107.34253662482364,48.073945008849044],[-107.34253234676268,48.07399869678635],[-107.342552030004,48.0739894030235],[-107.34257034118569,48.07395326452369],[-107.34258319309225,48.07394409555695],[-107.34256951983822,48.073935457517],[-107.34239658601675,48.07379605916642]],[[-107.34256951983822,48.073935457517],[-107.34255595345442,48.073931247525906],[-107.34255641489703,48.07394014314594],[-107.34256951983822,48.073935457517]],[[-107.3424042438557,48.073818185152994],[-107.34238424547632,48.073818638533915],[-107.34239133506334,48.073827440884315],[-107.3424042438557,48.073818185152994]],[[-107.3423789945081,48.07385002026503],[-107.34235884464816,48.07384597455006],[-107.342365889602,48.07385470585939],[-107.3423789945081,48.07385002026503]]]}"
00000000000000000567,9989,0,0,0,"{""type"":""Polygon"",""coordinates"":[[[-107.34252190943467,48.07376670085556],[-107.34251517970749,48.073766809880674],[-107.34248855315076,48.07376735654356],[-107.34247559975624,48.073776541229094],[-107.34243616597503,48.07378632784682],[-107.34240989929152,48.07379578584861],[-107.34239658601675,48.07379605916642],[-107.34258319309225,48.07394409555695],[-107.34260221871948,48.073921336031425],[-107.34264597519278,48.07385793251471],[-107.3426589286003,48.07384874779158],[-107.34252190943467,48.07376670085556]]]}"
00000000000000000568,9990,0,0,0,"{""type"":""Polygon"",""coordinates"":[[[-107.34257857452465,48.073694041834024],[-107.34252190943467,48.07376670085556],[-107.3426589286003,48.07384874779158],[-107.34271034295222,48.07380747029334],[-107.34276899843196,48.0737794941963],[-107.34257857452465,48.073694041834024]]]}"
00000000000000000578,9991,0,0,0,"{""type"":""Polygon"",""coordinates"":[[[-107.34261503267717,48.07361742405144],[-107.34260315376704,48.073648898935794],[-107.3425845897492,48.073680553914926],[-107.34257857452465,48.073694041834024],[-107.34276899843196,48.0737794941963],[-107.34282030572594,48.07373378866552],[-107.34284611086412,48.07371543498304],[-107.34285855804795,48.07369728363555],[-107.34261503267717,48.07361742405144]]]}"
0000000000000000057d,9992,0,0,0,"{""type"":""Polygon"",""coordinates"":[[[-107.34265899714565,48.073558433160784],[-107.34265298196733,48.073571921051965],[-107.34264043321672,48.07359008809386],[-107.34262794136798,48.07360816832964],[-107.34261503267717,48.07361742405144],[-107.34285855804795,48.07369728363555],[-107.34288385163443,48.073665519546985],[-107.34289547727124,48.07362956131692],[-107.34292072615392,48.07359772621449],[-107.34265899714565,48.073558433160784]]]}"
0000000000000000053c,9993,0,0,0,"{""type"":""Polygon"",""coordinates"":[[[-107.34290439215542,48.07353109756247],[-107.34288985277374,48.0735045817356],[-107.34288923970772,48.073491187135055],[-107.34288862664165,48.07347779253793],[-107.3428875520462,48.07345550240868],[-107.34267720111004,48.073517866931596],[-107.34266511386272,48.07354492950888],[-107.34265899714565,48.073558433160784],[-107.34292072615392,48.07359772621449],[-107.34290439215542,48.07353109756247]]]}"
0000000000000000056a,9994,0,0,0,"{""type"":""Polygon"",""coordinates"":[[[-107.34283771054943,48.07338503067917],[-107.34285667884184,48.07336235816723],[-107.34281673929945,48.073363178287316],[-107.3427899614211,48.07335922597728],[-107.342634601165,48.07346069632376],[-107.34264888725913,48.07348272887847],[-107.34267694805636,48.07351338363443],[-107.34267720111004,48.073517866931596],[-107.3428875520462,48.07345550240868],[-107.34288744513992,48.07345107440076],[-107.34283771054943,48.07338503067917]]]}"
00000000000000000569,9995,0,0,0,"{""type"":""Polygon"",""coordinates"":[[[-107.34274393636099,48.073226171611665],[-107.34274429631566,48.073235082873715],[-107.34273282223413,48.07327553985405],[-107.34273404826024,48.07330232895309],[-107.3427019183194,48.07332977381451],[-107.34266161894446,48.07332168258794],[-107.34265427630419,48.07330839706269],[-107.3425454337666,48.07340443902557],[-107.34259282273486,48.07342133258094],[-107.34262715163916,48.07344298275318],[-107.342634601165,48.07346069632376],[-107.3427899614211,48.07335922597728],[-107.34277639518228,48.07335501605995],[-107.34274354530305,48.07336463839122],[-107.34271548452965,48.07333398374108],[-107.34278107732625,48.0733103111048],[-107.34278387572523,48.07322535152858],[-107.34278244122102,48.07319415024782],[-107.34274393636099,48.073226171611665]]]}"
00000000000000000566,9996,0,0,0,"{""type"":""MultiPolygon"",""coordinates"":[[[[-107.3427023095183,48.073191307123615],[-107.34269629442576,48.073204794920926],[-107.34271623562807,48.073204428297366],[-107.34273623374682,48.07320397485911],[-107.34274393636099,48.073226171611665],[-107.34278244122102,48.07319415024782],[-107.34278218815257,48.07318966697898],[-107.34278034905344,48.073149483424324],[-107.3427023095183,48.073191307123615]]],[[[-107.34263999026231,48.073286364580696],[-107.34261336401464,48.0732869112654],[-107.34259173540673,48.07325159326881],[-107.34242270243895,48.07334442510849],[-107.3424505544894,48.07337066761938],[-107.34248422566338,48.073378852201124],[-107.34251146487004,48.07339170012818],[-107.3425454337666,48.07340443902557],[-107.34265427630419,48.07330839706269],[-107.34263999026231,48.073286364580696]]]]}"
0000000000000000056b,9997,0,0,0,"{""type"":""MultiPolygon"",""coordinates"":[[[[-107.34272760280584,48.073159543390325],[-107.34270154499826,48.07317341356856],[-107.3427023095183,48.073191307123615],[-107.34278034905344,48.073149483424324],[-107.34278024215718,48.07314505544187],[-107.34272760280584,48.073159543390325]]],[[[-107.34257061292595,48.07322524183511],[-107.34255000188335,48.07321230070391],[-107.34254938893596,48.073198906172834],[-107.3423448019166,48.073243298536575],[-107.34236699847614,48.07329194009832],[-107.34238776093105,48.07330938033468],[-107.34238153733305,48.073318455910304],[-107.34240898482335,48.07333571609071],[-107.34242270243895,48.07334442510849],[-107.34259173540673,48.07325159326881],[-107.34257061292595,48.07322524183511]]]]}"
0000000000000000056c,9998,0,0,0,"{""type"":""MultiPolygon"",""coordinates"":[[[[-107.34253866636192,48.07310980788296],[-107.34229409612895,48.07315494897646],[-107.34229618770138,48.07319961583034],[-107.3423446504445,48.073238799497545],[-107.3423448019166,48.073243298536575],[-107.34254938893596,48.073198906172834],[-107.34255280077214,48.07312734128078],[-107.34253866636192,48.07310980788296]]],[[[-107.34277013203632,48.07306935177501],[-107.3427239247235,48.0730791763529],[-107.34272530227098,48.073110464377514],[-107.34272734974397,48.073155060124115],[-107.34272760280584,48.073159543390325],[-107.34278024215718,48.07314505544187],[-107.3427787630223,48.07311378316241],[-107.3427779415505,48.07309597644571],[-107.34277013203632,48.07306935177501]]]]}"
00000000000000000562,9999,0,0,0,"{""type"":""MultiPolygon"",""coordinates"":[[[[-107.34252315458987,48.073060986467546],[-107.34249443671003,48.073016866387064],[-107.34227052258636,48.073075019481905],[-107.34229816591963,48.07309684969373],[-107.34229409612895,48.07315494897646],[-107.34253866636192,48.07310980788296],[-107.34252315458987,48.073060986467546]]],[[[-107.34276156333165,48.0730292773501],[-107.34268534965581,48.07296383605307],[-107.34270651674522,48.072990258376976],[-107.34270769813406,48.073016976284464],[-107.34272907370386,48.07304781083927],[-107.3427239247235,48.0730791763529],[-107.34277013203632,48.07306935177501],[-107.34276156333165,48.0730292773501]]]]}"
0000000000000000055f,10000,0,0,0,"{""type"":""Polygon"",""coordinates"":[[[-107.34246601656176,48.07297730063179],[-107.34243168821453,48.07295565057997],[-107.34242470030104,48.07294683261208],[-107.34239077652188,48.072934164817056],[-107.34214218232832,48.07303747554432],[-107.34224955195805,48.07305316707938],[-107.34227052258636,48.073075019481905],[-107.34249443671003,48.073016866387064],[-107.34246601656176,48.07297730063179]]]}"
0000000000000000055d,10001,0,0,0,"{""type"":""Polygon"",""coordinates"":[[[-107.3423772105386,48.072929954870865],[-107.34232884965343,48.07289075567954],[-107.34224126981837,48.07287019875015],[-107.34210846703094,48.073029219836215],[-107.34212886936312,48.07303774881313],[-107.34214218232832,48.07303747554432],[-107.34239077652188,48.072934164817056],[-107.3423772105386,48.072929954870865]]]}"
00000000000000000560,10002,0,0,0,"{""type"":""GeometryCollection"",""geometries"":[{""type"":""LineString"",""coordinates"":[[-107.34215789696415,48.072795964747144],[-107.34215769435443,48.0727915024724]]},{""type"":""Polygon"",""coordinates"":[[[-107.34218715233344,48.072853414167994],[-107.34214639245108,48.07283642733847],[-107.34212619857797,48.07283231059082],[-107.3420251657289,48.07295497573829],[-107.34202149997276,48.073022057141436],[-107.34210163065131,48.073024900851514],[-107.34210846703094,48.073029219836215],[-107.34224126981837,48.07287019875015],[-107.34218715233344,48.072853414167994]]]},{""type"":""Polygon"",""coordinates"":[[[-107.3423507563735,48.07264017611748],[-107.34230311558855,48.07261879944101],[-107.34227746262364,48.07264165156327],[-107.3423110708354,48.072645479214934],[-107.34227796864224,48.07265061801333],[-107.34227123913479,48.07265072701341],[-107.34224604751758,48.072682474551684],[-107.34225292849443,48.072686864544806],[-107.34231301629377,48.072690090350235],[-107.34235917838103,48.072680195012374],[-107.34237860787498,48.07266641831081],[-107.3423507563735,48.07264017611748]]]}]}"
00000000000000000549,10003,0,0,0,"{""type"":""MultiPolygon"",""coordinates"":[[[[-107.34218870241209,48.072594376946725],[-107.34212173392447,48.07258676106792],[-107.34206297881333,48.07261475184714],[-107.34196698919031,48.072701623175895],[-107.34205175732049,48.07265969150464],[-107.34209169578226,48.07265887174167],[-107.34212500630224,48.072658145188285],[-107.34219747876469,48.07263886328744],[-107.34223104760211,48.07264706362719],[-107.34224604751758,48.072682474551684],[-107.34227123913479,48.07265072701341],[-107.3422641497812,48.072641924845705],[-107.34227746262364,48.07264165156327],[-107.34230311558855,48.07261879944101],[-107.34218870241209,48.072594376946725]]],[[[-107.34209680646453,48.07277043922799],[-107.34204330204318,48.07276704901385],[-107.3420232596782,48.072767431247726],[-107.34197612504317,48.072755020822775],[-107.34195047186878,48.07277787292223],[-107.34193568059388,48.072746874068464],[-107.34193006975443,48.07276934394408],[-107.3420251657289,48.07295497573829],[-107.34212619857797,48.07283231059082],[-107.34211936222876,48.07282799162282],[-107.34210568953647,48.07281935368629],[-107.3420380510469,48.07279843009775],[-107.34209777905866,48.07279274484964],[-107.34215786691041,48.0727959707575],[-107.3421577154575,48.07279147175605],[-107.34209680646453,48.07277043922799]]]]}"
00000000000000000563,10004,0,0,0,"{""type"":""Polygon"",""coordinates"":[[[-107.34193006975443,48.07276934394408],[-107.3418720285703,48.07281071338759],[-107.34183245985673,48.072967892322474],[-107.34187285984433,48.07297596810373],[-107.34188678546002,48.072989089356625],[-107.34199476728625,48.07301817566737],[-107.34202149997276,48.073022057141436],[-107.3420251657289,48.07295497573829],[-107.34193006975443,48.07276934394408]]]}"
00000000000000000558,10005,0,0,0,"{""type"":""Polygon"",""coordinates"":[[[-107.34165367040326,48.07284648165602],[-107.34165485102865,48.07287319952262],[-107.34166938912982,48.07289971525007],[-107.3417852805114,48.07295541071164],[-107.34183245985673,48.072967892322474],[-107.3418720285703,48.07281071338759],[-107.34165367040326,48.07284648165602]]]}"
0000000000000000055b,10006,0,0,0,"{""type"":""Polygon"",""coordinates"":[[[-107.3416430070085,48.072757296998134],[-107.341653057777,48.07283308720449],[-107.34165367040326,48.07284648165602],[-107.3418720285703,48.07281071338759],[-107.34193006975443,48.07276934394408],[-107.34193568059388,48.072746874068464],[-107.34193557379534,48.072742446116585],[-107.34195413768077,48.072710791832726],[-107.3416430070085,48.072757296998134]]]}"
00000000000000000559,10007,0,0,0,"{""type"":""Polygon"",""coordinates"":[[[-107.34194295531418,48.07261279886433],[-107.34162581019562,48.07267279148345],[-107.34163269105,48.07267718152339],[-107.34163351197485,48.07269498812159],[-107.3416430070085,48.072757296998134],[-107.34195413768077,48.072710791832726],[-107.34196061420631,48.072706199622885],[-107.34196698919031,48.072701623175895],[-107.34206297881333,48.07261475184714],[-107.34194295531418,48.07261279886433]]]}"
000000000000000009cf,10008,0,0,0,"{""type"":""Polygon"",""coordinates"":[[[-107.34157979049105,48.072539738164586],[-107.34157371828353,48.07255331253769],[-107.34156163076821,48.072580374484915],[-107.34152970935232,48.07261223074948],[-107.3416109125169,48.07263736468831],[-107.34162581019562,48.07267279148345],[-107.34194295531418,48.07261279886433],[-107.34157979049105,48.072539738164586]]]}"
0000000000000000055a,10009,0,0,0,"{""type"":""Polygon"",""coordinates"":[[[-107.34208683808286,48.072551787710395],[-107.34205959973667,48.07253893984662],[-107.34160926134176,48.072454304488176],[-107.3415987587995,48.07251706626657],[-107.34157979049105,48.072539738164586],[-107.34194295531418,48.07261279886433],[-107.34206297881333,48.07261475184714],[-107.34212173392447,48.07258676106792],[-107.34208683808286,48.072551787710395]]]}"
00000000000000000556,10010,0,0,0,"{""type"":""Polygon"",""coordinates"":[[[-107.3419408980904,48.07242075661874],[-107.34165215147098,48.07237302567757],[-107.34164577653114,48.072377602073836],[-107.34163286819583,48.07238685743717],[-107.34162134877855,48.072427242602004],[-107.34160926134176,48.072454304488176],[-107.34205959973667,48.07253893984662],[-107.3419408980904,48.07242075661874]]]}"
00000000000000000555,10011,0,0,0,"{""type"":""Polygon"",""coordinates"":[[[-107.34192600013566,48.07238533004984],[-107.34176761455872,48.072272449796664],[-107.34169600854656,48.07230960872772],[-107.34167071532218,48.07234137167246],[-107.34165826824555,48.07235952239369],[-107.34165215147098,48.07237302567757],[-107.3419408980904,48.07242075661874],[-107.34192600013566,48.07238533004984]]]}"
00000000000000000553,10012,0,0,0,"{""type"":""Polygon"",""coordinates"":[[[-107.34190563225592,48.07222942578712],[-107.34187900697331,48.07222997223235],[-107.34181963973018,48.072244568359686],[-107.34176761455872,48.072272449796664],[-107.34192600013566,48.07238533004984],[-107.34198504682243,48.07221889107067],[-107.34190563225592,48.07222942578712]]]}"
00000000000000000554,10013,0,0,0,"{""type"":""Polygon"",""coordinates"":[[[-107.34203814599572,48.072213299160566],[-107.34198504682243,48.07221889107067],[-107.34192600013566,48.07238533004984],[-107.3419408980904,48.07242075661874],[-107.34205959973667,48.07253893984662],[-107.34208683808286,48.072551787710395],[-107.34208471184687,48.07221238620214],[-107.34203814599572,48.072213299160566]]]}"
00000000000000000550,10014,0,0,0,"{""type"":""Polygon"",""coordinates"":[[[-107.34208471184687,48.07221238620214],[-107.34208683808286,48.072551787710395],[-107.34212173392447,48.07258676106792],[-107.34218870241209,48.072594376946725],[-107.34223186563011,48.07222275885998],[-107.34208471184687,48.07221238620214]]]}"
00000000000000000557,10015,0,0,0,"{""type"":""Polygon"",""coordinates"":[[[-107.34233229526318,48.07223414696353],[-107.34230551838091,48.072230194577976],[-107.34226507426912,48.072222048035584],[-107.34223186563011,48.07222275885998],[-107.34218870241209,48.072594376946725],[-107.34230311558855,48.07261879944101],[-107.34235298727312,48.07254189430005],[-107.34238179907635,48.072442995034976],[-107.34233229526318,48.07223414696353]]]}"
00000000000000000552,10016,0,0,0,"{""type"":""Polygon"",""coordinates"":[[[-107.34259576904508,48.07201881802661],[-107.34258245638082,48.072019091345474],[-107.34254287832242,48.07202882234932],[-107.34249631247432,48.07202973552703],[-107.34245637451735,48.0720305554359],[-107.34243719842361,48.07204881514959],[-107.34247713639208,48.072047995248134],[-107.3424904490518,48.07204772194387],[-107.34249192798936,48.07207899359706],[-107.34245490848654,48.07214672948917],[-107.34245674728938,48.07218691228925],[-107.34243925839547,48.07224085595271],[-107.34237330770705,48.07225561672149],[-107.34235254579924,48.07223817681855],[-107.34233229526318,48.07223414696353],[-107.34238179907635,48.072442995034976],[-107.34252745004699,48.07227480677499],[-107.34252719700486,48.072270323583396],[-107.3425135243472,48.072261685796],[-107.34250805239213,48.07214120836915],[-107.3425331988176,48.07210939005879],[-107.34254533019808,48.07208239929669],[-107.34257036967594,48.07204615312362],[-107.3426236203756,48.07204505984216],[-107.34264743375375,48.07198202523696],[-107.34259576904508,48.07201881802661]]]}"
0000000000000000054e,10017,0,0,0,"{""type"":""Polygon"",""coordinates"":[[[-107.34260351051338,48.07233574842067],[-107.34258213542581,48.072304914244306],[-107.34252745004699,48.07227480677499],[-107.34238179907635,48.072442995034976],[-107.34235298727312,48.07254189430005],[-107.34263737701009,48.07234850281422],[-107.34260351051338,48.07233574842067]]]}"
00000000000000000551,10018,0,0,0,"{""type"":""Polygon"",""coordinates"":[[[-107.34269185421424,48.072374198102565],[-107.34263737701009,48.07234850281422],[-107.34235298727312,48.07254189430005],[-107.34230311558855,48.07261879944101],[-107.3423507563735,48.07264017611748],[-107.3423898736456,48.07262154966416],[-107.34274031660266,48.072413380962026],[-107.34269185421424,48.072374198102565]],[[-107.34247989211222,48.07254823672288],[-107.34250626475472,48.072543206882266],[-107.34248586250946,48.0725346780639],[-107.34247989211222,48.07254823672288]],[[-107.34247989211222,48.07254823672288],[-107.34243347713306,48.072553648874084],[-107.34244797118517,48.07258009326128],[-107.34247989211222,48.07254823672288]]]}"
0000000000000000054d,10019,0,0,0,"{""type"":""Polygon"",""coordinates"":[[[-107.3428734449614,48.07241064740694],[-107.34281555635067,48.07245651608147],[-107.34278893064814,48.072457062792445],[-107.34274031660266,48.072413380962026],[-107.3423898736456,48.07262154966416],[-107.34287712345485,48.0724910134037],[-107.34286355749924,48.07248680356121],[-107.34284264359074,48.07246486472911],[-107.34288078755371,48.07242393268919],[-107.34288639780544,48.07240146292084],[-107.3428734449614,48.07241064740694]]]}"
0000000000000000054a,10020,0,0,0,"{""type"":""GeometryCollection"",""geometries"":[{""type"":""LineString"",""coordinates"":[[-107.34306701475997,48.07256303279821],[-107.34307365159084,48.07256289739193]]},{""type"":""Polygon"",""coordinates"":[[[-107.34257430796416,48.072573112231176],[-107.3423898736456,48.07262154966416],[-107.3423507563735,48.07264017611748],[-107.34237860787498,48.07266641831081],[-107.3423981442132,48.072657069551546],[-107.34247046526052,48.072633288456274],[-107.34257430796416,48.072573112231176]]]},{""type"":""Polygon"",""coordinates"":[[[-107.34267479593156,48.0725844132066],[-107.34269678426787,48.07262864190005],[-107.34294793496233,48.0725833359765],[-107.34294757494838,48.07257442482747],[-107.34291288647799,48.07254386397321],[-107.34291238030171,48.07253489754878],[-107.34289809431571,48.0725128654288],[-107.34289748122636,48.07249947108219],[-107.34287712345485,48.0724910134037],[-107.34257430796416,48.072573112231176],[-107.34267479593156,48.0725844132066]]]},{""type"":""Polygon"",""coordinates"":[[[-107.34303871749454,48.07252791590217],[-107.34297261452723,48.072538178206706],[-107.3429664981036,48.07255168161155],[-107.34296711121719,48.072565075970424],[-107.34299409707282,48.07257344035247],[-107.34303392890925,48.07256819225794],[-107.3429934839495,48.07256004599188],[-107.34303270263315,48.07254140354411],[-107.34304683716569,48.07255893667594],[-107.34306703120303,48.07256305320404],[-107.34306701475997,48.07256303279821],[-107.34303871749454,48.07252791590217]]]}]}"
0000000000000000055e,10021,0,0,0,"{""type"":""MultiPolygon"",""coordinates"":[[[[-107.34297660861348,48.07262738450053],[-107.34294793496233,48.0725833359765],[-107.34269678426787,48.07262864190005],[-107.3427038737558,48.07263744403012],[-107.34275957751854,48.0726899281946],[-107.342759937485,48.072698839365174],[-107.3427740718982,48.07271637259289],[-107.34298344509315,48.07263170338755],[-107.34297660861348,48.07262738450053]]],[[[-107.3430736145812,48.07256288886567],[-107.34306703120303,48.07256305320404],[-107.3430607632368,48.07257205764239],[-107.34303392890925,48.07256819225794],[-107.34299409707282,48.07257344035247],[-107.34300103508737,48.07257774347004],[-107.34302950034265,48.072617379798785],[-107.3430816773785,48.07259399646582],[-107.34306152794991,48.072589950984494],[-107.34310085360244,48.07257573643005],[-107.34311380648491,48.072566551883355],[-107.3430736145812,48.07256288886567]]]]}"
0000000000000000055c,10022,0,0,0,"{""type"":""MultiPolygon"",""coordinates"":[[[[-107.34275954669351,48.07283730474569],[-107.34272068226981,48.07286041467254],[-107.34268891268499,48.072896770492804],[-107.34268941880215,48.07290573698181],[-107.34278642573116,48.072841241270815],[-107.34275954669351,48.07283730474569]]],[[[-107.3430816773785,48.07259399646582],[-107.34302950034265,48.072617379798785],[-107.3430440395649,48.07264389515994],[-107.34303205981467,48.07267538525939],[-107.34298344509315,48.07263170338755],[-107.3427740718982,48.07271637259289],[-107.34281610296497,48.0727602189702],[-107.3427987210685,48.072818591240875],[-107.3428056021765,48.07282298120241],[-107.34281243865686,48.072827300117716],[-107.34308433847649,48.07265198613297],[-107.34312269097283,48.0726154660213],[-107.3430816773785,48.07259399646582]]]]}"
00000000000000000564,10023,0,0,0,"{""type"":""MultiPolygon"",""coordinates"":[[[[-107.34281243865686,48.072827300117716],[-107.34281927513928,48.07283161903285],[-107.34285140456807,48.072804174405775],[-107.34281243865686,48.072827300117716]]],[[[-107.34285140456807,48.072804174405775],[-107.34287176249181,48.07281263213637],[-107.34289252505596,48.07283007210123],[-107.34292624064656,48.072838327494786],[-107.34295327130256,48.07284676297359],[-107.34299382346501,48.072859337251096],[-107.34304221510325,48.07275115936207],[-107.3430072732699,48.07271611521877],[-107.34302670268475,48.07270233837842],[-107.34303317915399,48.07269774609829],[-107.34306016513747,48.072706110479665],[-107.34308433847649,48.07265198613297],[-107.34285140456807,48.072804174405775]]],[[[-107.34278642573116,48.072841241270815],[-107.34268941880215,48.07290573698181],[-107.34268977874832,48.07291464818982],[-107.34268514122763,48.07295942384966],[-107.34268534965581,48.07296383605307],[-107.34276156333165,48.0730292773501],[-107.34276084340775,48.073011454897966],[-107.34276023037893,48.0729980604216],[-107.34274950728351,48.07290896250977],[-107.34273594121423,48.072904752618555],[-107.34276760923599,48.0728684125415],[-107.3427672492702,48.07285950134213],[-107.34279326221098,48.07284556018901],[-107.34278642573116,48.072841241270815]]]]}"
0000000000000000054b,10024,0,0,0,"{""type"":""GeometryCollection"",""geometries"":[{""type"":""LineString"",""coordinates"":[[-107.34304241798834,48.07275558347615],[-107.34304221560458,48.07275112785664]]},{""type"":""Polygon"",""coordinates"":[[[-107.34304242357597,48.07275557154605],[-107.34304241798834,48.07275558347615],[-107.34299382346501,48.072859337251096],[-107.34308880949075,48.07289753575493],[-107.34312879327847,48.072896786584515],[-107.3431626452727,48.07276209314668],[-107.34304242357597,48.07275557154605]]]},{""type"":""Polygon"",""coordinates"":[[[-107.34314993006255,48.07262831358289],[-107.34312269097283,48.0726154660213],[-107.34308433847649,48.07265198613297],[-107.34306016513747,48.072706110479665],[-107.34308031462719,48.07271015596868],[-107.34309408919815,48.07271877797559],[-107.34310780686647,48.07272748679155],[-107.34312173302548,48.07274060778909],[-107.34317396714859,48.07271713753664],[-107.3431858452736,48.0726856631607],[-107.34314993006255,48.07262831358289]],[[-107.34312636998939,48.07269583230908],[-107.34313341499367,48.072704563369236],[-107.34314651949578,48.07269987778297],[-107.34312636998939,48.07269583230908]]]}]}"
00000000000000000565,10025,0,0,0,"{""type"":""MultiPolygon"",""coordinates"":[[[[-107.3431858452736,48.0726856631607],[-107.34317396714859,48.07271713753664],[-107.34319354811903,48.07270785965188],[-107.34321344452991,48.07270742188678],[-107.3431858452736,48.0726856631607]]],[[[-107.3432282370675,48.07273842048802],[-107.34321513254969,48.072743106089305],[-107.34319595626269,48.07276136620779],[-107.3431626452727,48.07276209314668],[-107.34312879327847,48.072896786584515],[-107.34316894093881,48.07290037854662],[-107.34323493769699,48.07288568805835],[-107.34328156189474,48.07288468766022],[-107.3433013514575,48.072879821914675],[-107.3432282370675,48.07273842048802]]]]}"
00000000000000000561,10026,0,0,0,"{""type"":""Polygon"",""coordinates"":[[[-107.34324762183033,48.072724572551905],[-107.3432282370675,48.07273842048802],[-107.3433013514575,48.072879821914675],[-107.34336061859877,48.07286524042079],[-107.34338806653051,48.0728825001605],[-107.3434001977165,48.07285550889724],[-107.343465176414,48.07281844160964],[-107.34324762183033,48.072724572551905]]]}"
00000000000000000544,10027,0,0,0,"{""type"":""Polygon"",""coordinates"":[[[-107.34336564385336,48.0726819995478],[-107.34335952751647,48.07269550301254],[-107.34330673710926,48.07270549215254],[-107.34325107684437,48.07265307936474],[-107.34322434933674,48.07265364196962],[-107.34320440832188,48.07265400869026],[-107.34314993006255,48.07262831358289],[-107.3431858452736,48.0726856631607],[-107.34321344452991,48.07270742188678],[-107.34323996357622,48.07270244710463],[-107.34324762183033,48.072724572551905],[-107.343465176414,48.07281844160964],[-107.34351694894403,48.07278607571787],[-107.34352760022121,48.07272781246984],[-107.34336564385336,48.0726819995478]]]}"
00000000000000000543,10028,0,0,0,"{""type"":""GeometryCollection"",""geometries"":[{""type"":""Point"",""coordinates"":[-107.34325101957931,48.07265307309773]},{""type"":""Polygon"",""coordinates"":[[[-107.34360553152354,48.0726815605599],[-107.343605891696,48.07269047172065],[-107.34360089511463,48.0727263360368],[-107.34362608599109,48.072694588134766],[-107.34360553152354,48.0726815605599]]]},{""type"":""Polygon"",""coordinates"":[[[-107.34342796059131,48.07258694277839],[-107.34340194789449,48.0726008840288],[-107.3433904300787,48.07264126953035],[-107.34336564385336,48.0726819995478],[-107.34352760022121,48.07272781246984],[-107.34352724006834,48.07271890130197],[-107.34355304430683,48.072700547807216],[-107.34356595255832,48.072691292132085],[-107.34358512870344,48.072673031967575],[-107.34342796059131,48.07258694277839]]]}]}"
00000000000000000546,10029,0,0,0,"{""type"":""Polygon"",""coordinates"":[[[-107.34354352888799,48.07249079231723],[-107.34342796059131,48.07258694277839],[-107.34358512870344,48.072673031967575],[-107.34359808157278,48.07266384733872],[-107.34360553152354,48.0726815605599],[-107.34362608599109,48.072694588134766],[-107.34363215761776,48.07268101360984],[-107.34364342204147,48.072636144837595],[-107.34354352888799,48.07249079231723]]]}"
00000000000000000548,10030,0,0,0,"{""type"":""Polygon"",""coordinates"":[[[-107.34363426626619,48.07243530074489],[-107.34355648169357,48.07248160772754],[-107.34354352888799,48.07249079231723],[-107.34364342204147,48.072636144837595],[-107.34364219532124,48.072609356108124],[-107.34371549007022,48.072607879594464],[-107.34378205526481,48.07260651213206],[-107.34363426626619,48.07243530074489]]]}"
0000000000000000057f,10031,0,0,0,"{""type"":""Polygon"",""coordinates"":[[[-107.3436865445484,48.072411901406824],[-107.34366787494253,48.072439127894015],[-107.34363426626619,48.07243530074489],[-107.34378205526481,48.07260651213206],[-107.34389258226321,48.07254615437341],[-107.34391139798663,48.07251898306848],[-107.3436865445484,48.072411901406824]]]}"
00000000000000000542,10032,0,0,0,"{""type"":""Polygon"",""coordinates"":[[[-107.3437775794813,48.07236096402618],[-107.34376524015326,48.07238354292278],[-107.3436992887555,48.07239830466195],[-107.3436865445484,48.072411901406824],[-107.34391139798663,48.07251898306848],[-107.34391777283525,48.07251440651153],[-107.34392985892951,48.072487344337375],[-107.34394928807502,48.072473567376974],[-107.34397371339523,48.07242392627355],[-107.3437775794813,48.07236096402618]]]}"
00000000000000000540,10033,0,0,0,"{""type"":""Polygon"",""coordinates"":[[[-107.34385525667025,48.072310229072265],[-107.34385561690905,48.07231914016729],[-107.34378380265194,48.07235188853648],[-107.3437775794813,48.07236096402618],[-107.34397371339523,48.07242392627355],[-107.34397346017568,48.07241944307753],[-107.34399911241819,48.0723965906166],[-107.34403160127283,48.07237805694679],[-107.3440437318775,48.07235106587647],[-107.34405556460176,48.072319520587286],[-107.34406204094704,48.07231492827431],[-107.34385525667025,48.072310229072265]]]}"
0000000000000000052a,10034,0,0,0,"{""type"":""MultiPolygon"",""coordinates"":[[[[-107.34408257623821,48.07218050963197],[-107.34408941285386,48.07218482839987],[-107.34408920425088,48.07218041626949],[-107.34408257623821,48.07218050963197]]],[[[-107.34406606320037,48.072256758876314],[-107.34404688742354,48.07227501898273],[-107.34405192812706,48.072239226009515],[-107.3440714641749,48.07222987699278],[-107.34406278698603,48.07218537546601],[-107.34379246142386,48.072248943989806],[-107.34381265554717,48.07225306033433],[-107.34385402978134,48.07228344051627],[-107.34385525667025,48.072310229072265],[-107.34406204094704,48.07231492827431],[-107.34408039461341,48.0722788617391],[-107.34408585249173,48.07225189303398],[-107.34406606320037,48.072256758876314]]]]}"
0000000000000000053f,10035,0,0,0,"{""type"":""Polygon"",""coordinates"":[[[-107.34419169087556,48.07194157718703],[-107.34410167564886,48.07201489080531],[-107.34405551396969,48.07202478684631],[-107.34402888822613,48.072025333898225],[-107.3439962480125,48.07203936850606],[-107.34396171040899,48.072013307289396],[-107.3438787399097,48.072095351702984],[-107.34389899088887,48.07209938120942],[-107.34388669635234,48.072122031049496],[-107.3438725168049,48.07210442715278],[-107.34375792386224,48.0722228825945],[-107.3437856248543,48.07224462519429],[-107.34379246142386,48.072248943989806],[-107.34406278698603,48.07218537546601],[-107.34406181317168,48.072163070153614],[-107.34408257623821,48.07218050963197],[-107.34408920425088,48.07218041626949],[-107.34409445349777,48.0721490354875],[-107.34406660060279,48.07212279408695],[-107.34411240210447,48.07210398696156],[-107.34413708020031,48.072058829342055],[-107.34415615428986,48.072040585061586],[-107.34417471633625,48.072008930818086],[-107.34424030685261,48.071985257839415],[-107.34428610817905,48.0719664506848],[-107.34431895695454,48.07195682810952],[-107.34419169087556,48.07194157718703]]]}"
00000000000000000545,10036,0,0,0,"{""type"":""Polygon"",""coordinates"":[[[-107.34395482921568,48.072008917480794],[-107.34390157781537,48.07201001151874],[-107.3438686274969,48.07201964972549],[-107.34385797702932,48.07207791220408],[-107.34380375192417,48.072056700917116],[-107.34378309614308,48.07204368929763],[-107.34377625961058,48.0720393705174],[-107.3436362677122,48.07218516113849],[-107.34370992182492,48.07219259573758],[-107.34375792386224,48.0722228825945],[-107.3438725168049,48.07210442715278],[-107.34386542703672,48.07209562520571],[-107.3438787399097,48.072095351702984],[-107.34396171040899,48.072013307289396],[-107.34395482921568,48.072008917480794]]]}"
00000000000000000547,10037,0,0,0,"{""type"":""Polygon"",""coordinates"":[[[-107.34376258655173,48.072030732956385],[-107.34376171993982,48.072012855584326],[-107.34374758513869,48.07199532274729],[-107.3435057269768,48.07209852589262],[-107.34351302516576,48.07211173999688],[-107.34354123765574,48.07214689263599],[-107.34360280544867,48.072181389271],[-107.3436362677122,48.07218516113849],[-107.34377625961058,48.0720393705174],[-107.34376258655173,48.072030732956385]]]}"
0000000000000000054c,10038,0,0,0,"{""type"":""Polygon"",""coordinates"":[[[-107.34373350726077,48.07197770310475],[-107.34373207188614,48.07194650260261],[-107.34346735838339,48.071987600233385],[-107.34349787238402,48.072071830754304],[-107.34349827717003,48.072080812856946],[-107.3435057269768,48.07209852589262],[-107.34374758513869,48.07199532274729],[-107.34373350726077,48.07197770310475]],[[-107.34371433154983,48.0719959630458],[-107.34370081017842,48.07199182440718],[-107.34370785524634,48.07200055530628],[-107.34371433154983,48.0719959630458]]]}"
0000000000000000054f,10039,0,0,0,"{""type"":""Polygon"",""coordinates"":[[[-107.34348243719646,48.07188015098794],[-107.3434522503256,48.071947762120224],[-107.34346735838339,48.071987600233385],[-107.34373207188614,48.07194650260261],[-107.34372462197585,48.07192878963852],[-107.34375649701876,48.07189686205822],[-107.34348243719646,48.07188015098794]]]}"
0000000000000000053b,10040,0,0,0,"{""type"":""Polygon"",""coordinates"":[[[-107.34379927569009,48.0718111553981],[-107.34379254622476,48.071811264502166],[-107.34347839714155,48.07179087497596],[-107.34348610005623,48.071813071063154],[-107.343488913489,48.07187555875351],[-107.34348243719646,48.07188015098794],[-107.34375649701876,48.07189686205822],[-107.34382244752723,48.07188210044342],[-107.34382708347172,48.07183732568841],[-107.34379927569009,48.0718111553981]]]}"
0000000000000000053a,10041,0,0,0,"{""type"":""Polygon"",""coordinates"":[[[-107.34349235067587,48.07165662212551],[-107.34345338615823,48.07167974755654],[-107.34343262378752,48.07166230809079],[-107.34343103703621,48.07162660887035],[-107.34324648913945,48.07152761846733],[-107.34324072767232,48.07154558898344],[-107.34318824214442,48.07156457557685],[-107.34315560234207,48.07157860976471],[-107.34318284073127,48.07159145708072],[-107.34317892427441,48.07165405358733],[-107.34320677595088,48.07168029504215],[-107.34326757763725,48.071696898578544],[-107.34333316749594,48.07167322637809],[-107.34336826049548,48.07171276861957],[-107.34347058724327,48.07176425103467],[-107.34347839714155,48.07179087497596],[-107.34379254622476,48.071811264502166],[-107.34349235067587,48.07165662212551]]]}"
00000000000000000537,10042,0,0,0,"{""type"":""MultiPolygon"",""coordinates"":[[[[-107.3436920408072,48.0716525202774],[-107.34367250506472,48.07166186910612],[-107.34363853688372,48.0716491310132],[-107.34366459348963,48.07163526101394],[-107.34367102509655,48.071630597746065],[-107.34368459096375,48.0716348074078],[-107.34365612544659,48.07159517202287],[-107.34364944066122,48.071595352159136],[-107.34356416355168,48.0716238744439],[-107.34357320021391,48.07167728654574],[-107.34349893392272,48.0716564577641],[-107.34379254622476,48.071811264502166],[-107.34379927569009,48.0718111553981],[-107.34379876928716,48.07180218910938],[-107.3436920408072,48.0716525202774]]],[[[-107.34343839581221,48.071349520660284],[-107.34337784763729,48.07133740043951],[-107.3433568323442,48.07131547796043],[-107.34329634121328,48.07130327088504],[-107.34326533288599,48.071353075093825],[-107.34320474024955,48.07134088371481],[-107.34315271664312,48.07136876538325],[-107.34324090766367,48.0714027150006],[-107.34322388730092,48.07146999675747],[-107.34324551579978,48.07150531341438],[-107.34324648913945,48.07152761846733],[-107.34343103703621,48.07162660887035],[-107.34343664682075,48.07160413942331],[-107.3433756934792,48.0715830371328],[-107.34338032986365,48.07153826264359],[-107.34332477800288,48.07149027886859],[-107.3433104920444,48.07146824724825],[-107.34333553051674,48.07143200132536],[-107.34337608148944,48.07144457513214],[-107.34345574840803,48.071438522490425],[-107.34343839581221,48.071349520660284]]]]}"
00000000000000000536,10043,0,0,0,"{""type"":""Polygon"",""coordinates"":[[[-107.34380220461264,48.07158325282385],[-107.34365612544659,48.07159517202287],[-107.34368459096375,48.0716348074078],[-107.34371805278053,48.07163857921876],[-107.3436920408072,48.0716525202774],[-107.34379876928716,48.07180218910938],[-107.34384254753671,48.07159141437407],[-107.34380220461264,48.07158325282385]]]}"
0000000000000000053e,10044,0,0,0,"{""type"":""Polygon"",""coordinates"":[[[-107.34392181021401,48.07157637929792],[-107.3438829474041,48.07159948909933],[-107.34384254753671,48.07159141437407],[-107.34379876928716,48.07180218910938],[-107.34379927569009,48.0718111553981],[-107.34382708347172,48.07183732568841],[-107.34383834732532,48.071792457629606],[-107.34385752288689,48.07177419773841],[-107.34390372883038,48.071764372893384],[-107.34397575048398,48.07173603692475],[-107.34398921492982,48.07174026231351],[-107.34399569117038,48.07173567005841],[-107.34392181021401,48.07157637929792]]]}"
00000000000000000538,10045,0,0,0,"{""type"":""MultiPolygon"",""coordinates"":[[[[-107.34400096583906,48.071556916317526],[-107.34395918725649,48.071517554603034],[-107.34398739991566,48.071552706708246],[-107.34400096583906,48.071556916317526]]],[[[-107.34440264730807,48.071892605586925],[-107.34438979634861,48.07190177441484],[-107.34432363697856,48.07191212432477],[-107.34428405872237,48.07192185603263],[-107.34419169087556,48.07194157718703],[-107.34431895695454,48.07195682810952],[-107.34432568648423,48.07195671896657],[-107.3443911753798,48.071933061675395],[-107.34445136512913,48.07193627031856],[-107.34440264730807,48.071892605586925]]],[[[-107.34400096583906,48.071556916317526],[-107.34399448963212,48.07156150855648],[-107.34398739991566,48.071552706708246],[-107.34395429832139,48.07155784596316],[-107.34392181021401,48.07157637929792],[-107.34399569117038,48.07173567005841],[-107.34402843264516,48.071721619774394],[-107.34407434069742,48.07170724067912],[-107.34409999237128,48.07168438851599],[-107.34413248055439,48.071665855080745],[-107.34400754910337,48.07155675192106],[-107.34400096583906,48.071556916317526]],[[-107.34394951091022,48.071598121589794],[-107.3439567523055,48.0716114223397],[-107.34396966010938,48.0716021668138],[-107.34394951091022,48.071598121589794]]]]}"
0000000000000000052c,10046,0,0,0,"{""type"":""MultiPolygon"",""coordinates"":[[[[-107.34450415719571,48.07163146247264],[-107.34394479927411,48.07149553884263],[-107.34395918725649,48.071517554603034],[-107.34413248055439,48.071665855080745],[-107.34415190920892,48.07165207830757],[-107.34431422397549,48.071706800037525],[-107.3445221263088,48.07173385863859],[-107.34458843720807,48.07172800753091],[-107.34450415719571,48.07163146247264]]],[[[-107.34450965694413,48.07189938321876],[-107.34448216419388,48.07188205308457],[-107.34441606172409,48.07189231624539],[-107.34440264730807,48.071892605586925],[-107.34445136512913,48.07193627031856],[-107.34445799312464,48.07193617693145],[-107.34448461892556,48.07193562975986],[-107.34455786836838,48.07193408159424],[-107.34458331139002,48.07190681709785],[-107.34450965694413,48.07189938321876]]]]}"
0000000000000000052b,10047,0,0,0,"{""type"":""Polygon"",""coordinates"":[[[-107.34440282604363,48.0714549135009],[-107.34392363175411,48.07146911755618],[-107.34394479927411,48.07149553884263],[-107.34450415719571,48.07163146247264],[-107.34440282604363,48.0714549135009]]]}"
00000000000000000535,10048,0,0,0,"{""type"":""Polygon"",""coordinates"":[[[-107.3443945088954,48.07141932360689],[-107.34432991745116,48.071317928884554],[-107.34390924381424,48.07144710180968],[-107.34392363175411,48.07146911755618],[-107.34440282604363,48.0714549135009],[-107.3443945088954,48.07141932360689]]]}"
00000000000000000533,10049,0,0,0,"{""type"":""Polygon"",""coordinates"":[[[-107.34427201113711,48.07121635412809],[-107.3442445636737,48.07119909517795],[-107.34393917077475,48.07137056451022],[-107.34395931984983,48.07137460972198],[-107.3438937304763,48.07139828220373],[-107.34389434395345,48.07141167625284],[-107.34389531769223,48.07143398124926],[-107.34390924381424,48.07144710180968],[-107.34432991745116,48.071317928884554],[-107.344329557082,48.071309017964765],[-107.34427201113711,48.07121635412809]]]}"
00000000000000000530,10050,0,0,0,"{""type"":""Polygon"",""coordinates"":[[[-107.34423089072331,48.07119045781939],[-107.34414305863393,48.07116542018127],[-107.34386188186156,48.07128283704072],[-107.34386285558509,48.07130514198304],[-107.34386551803713,48.07136313016888],[-107.343905455874,48.07136230968645],[-107.34391912875822,48.07137094712141],[-107.34393248601008,48.07137074466492],[-107.34393917077475,48.07137056451022],[-107.3442445636737,48.07119909517795],[-107.34423089072331,48.07119045781939]]]}"
00000000000000000539,10051,0,0,0,"{""type"":""MultiPolygon"",""coordinates"":[[[[-107.34412938573413,48.071156782812494],[-107.34385600039242,48.071153380115916],[-107.34384309274375,48.07116263554337],[-107.34383157595495,48.07120301996422],[-107.34386065492569,48.07125604901083],[-107.34386188186156,48.07128283704072],[-107.34414305863393,48.07116542018127],[-107.34412938573413,48.071156782812494]]],[[[-107.34344234470777,48.071143995983725],[-107.34336915459647,48.07114545640483],[-107.34337660418963,48.07116316913999],[-107.34335074415063,48.07118160882845],[-107.34329270628093,48.07122297779538],[-107.34330112922544,48.07126299550223],[-107.34329634121328,48.07130327088504],[-107.3433502045381,48.07131557126549],[-107.34336549172001,48.07121253547156],[-107.34345270931269,48.07122417986299],[-107.34344234470777,48.071143995983725]]]]}"
0000000000000000051d,10052,0,0,0,"{""type"":""MultiPolygon"",""coordinates"":[[[[-107.3439170862736,48.071031537983714],[-107.34389061296093,48.07103658380974],[-107.34389204851422,48.07106778376358],[-107.3438932754808,48.07109457169611],[-107.34385600039242,48.071153380115916],[-107.34412938573413,48.071156782812494],[-107.3439170862736,48.071031537983714]]],[[[-107.34341085793945,48.07103746206866],[-107.34341193293338,48.07105975115415],[-107.34341315954826,48.07108653909766],[-107.34336047843472,48.071100955708694],[-107.34332130599242,48.07111966878105],[-107.34336160347316,48.07112775943867],[-107.34336915459647,48.07114545640483],[-107.34344234470777,48.071143995983725],[-107.34342132945905,48.07112207359852],[-107.34346676951125,48.07109435628117],[-107.34346615618435,48.07108096230655],[-107.34346579602189,48.07107205141854],[-107.34346518269489,48.071058657449626],[-107.34346456936782,48.071045263484116],[-107.34346313417855,48.07101406352803],[-107.34341085793945,48.07103746206866]]]]}"
00000000000000000514,10053,0,0,0,"{""type"":""Polygon"",""coordinates"":[[[-107.34408615187317,48.07093877895096],[-107.3440666165366,48.07094812772246],[-107.34399552564946,48.0709986970588],[-107.34396349988565,48.07102612530601],[-107.3439170862736,48.071031537983714],[-107.34412938573413,48.071156782812494],[-107.34408615187317,48.07093877895096]]]}"
0000000000000000052f,10054,0,0,0,"{""type"":""Polygon"",""coordinates"":[[[-107.3442037631955,48.07088722461772],[-107.34418376601428,48.070887678318265],[-107.34408615187317,48.07093877895096],[-107.34412938573413,48.071156782812494],[-107.34414305863393,48.07116542018127],[-107.34423089072331,48.07119045781939],[-107.34425506146589,48.07113633480773],[-107.3442037631955,48.07088722461772]]]}"
0000000000000000052e,10055,0,0,0,"{""type"":""Polygon"",""coordinates"":[[[-107.34457414783792,48.070826131457366],[-107.34440766842651,48.070829523477755],[-107.34426914303184,48.07085914015948],[-107.34424996810141,48.07087739979834],[-107.34423701596538,48.070886584183775],[-107.3442037631955,48.07088722461772],[-107.34425506146589,48.07113633480773],[-107.34458083254933,48.070825951261135],[-107.34457414783792,48.070826131457366]]]}"
00000000000000000528,10056,0,0,0,"{""type"":""MultiPolygon"",""coordinates"":[[[[-107.34488399630551,48.07075275995999],[-107.3448446725479,48.07076697470364],[-107.34487216480804,48.0707843043778],[-107.34489256722554,48.07079283239926],[-107.34491184910505,48.070779000439884],[-107.34488399630551,48.07075275995999]]],[[[-107.34475512304512,48.07084918226932],[-107.34458083254933,48.070825951261135],[-107.34425506146589,48.07113633480773],[-107.34423089072331,48.07119045781939],[-107.3442445636737,48.07119909517795],[-107.34427201113711,48.07121635412809],[-107.34430490386103,48.07120680275574],[-107.34479567452544,48.07086175532296],[-107.34475512304512,48.07084918226932]]]]}"
00000000000000000529,10057,0,0,0,"{""type"":""Polygon"",""coordinates"":[[[-107.34491184910505,48.070779000439884],[-107.34489256722554,48.07079283239926],[-107.34489951093148,48.07080157877202],[-107.34486080096289,48.070829187421495],[-107.34484795044449,48.0708383561137],[-107.34483504301672,48.0708476116135],[-107.34480924041893,48.07086596476316],[-107.34479567452544,48.07086175532296],[-107.34430490386103,48.07120680275574],[-107.34479516278158,48.07114315942708],[-107.34490831365045,48.07099350543707],[-107.34494497345621,48.07092130291269],[-107.34489034354586,48.070891110814365],[-107.34487559455857,48.07086018463141],[-107.3449431318389,48.07088112120162],[-107.34496107881996,48.070836073647286],[-107.34491184910505,48.070779000439884]]]}"
00000000000000000532,10058,0,0,0,"{""type"":""Polygon"",""coordinates"":[[[-107.34430490386103,48.07120680275574],[-107.34427201113711,48.07121635412809],[-107.344329557082,48.071309017964765],[-107.34474555027369,48.071224546727365],[-107.34478955382991,48.07116562873496],[-107.34479516278158,48.07114315942708],[-107.34430490386103,48.07120680275574]]]}"
00000000000000000531,10059,0,0,0,"{""type"":""Polygon"",""coordinates"":[[[-107.344329557082,48.071309017964765],[-107.34432991745116,48.071317928884554],[-107.3443945088954,48.07141932360689],[-107.34467655381337,48.07131978196208],[-107.3447457020568,48.07122904558191],[-107.34474555027369,48.071224546727365],[-107.344329557082,48.071309017964765]]]}"
00000000000000000541,10060,0,0,0,"{""type"":""Polygon"",""coordinates"":[[[-107.34467655381337,48.07131978196208],[-107.3443945088954,48.07141932360689],[-107.34440282604363,48.0714549135009],[-107.34450415719571,48.07163146247264],[-107.34458843720807,48.07172800753091],[-107.3447276814627,48.07171176815447],[-107.3447607833751,48.07170662860934],[-107.34467655381337,48.07131978196208]]]}"
0000000000000000053d,10061,0,0,0,"{""type"":""Polygon"",""coordinates"":[[[-107.3447457020568,48.07122904558191],[-107.34467655381337,48.07131978196208],[-107.3447607833751,48.07170662860934],[-107.34480673613425,48.071692320209074],[-107.34485279042066,48.0716779960254],[-107.34485901327267,48.07166892059219],[-107.34486610328351,48.07167772238799],[-107.3449068644303,48.07169470765372],[-107.34491165088009,48.0716544319295],[-107.3449570912694,48.071626713615785],[-107.3447457020568,48.07122904558191]]]}"
00000000000000000524,10062,0,0,0,"{""type"":""Polygon"",""coordinates"":[[[-107.34478955382991,48.07116562873496],[-107.34474555027369,48.071224546727365],[-107.3447457020568,48.07122904558191],[-107.3449570912694,48.071626713615785],[-107.34504823090846,48.07158020369433],[-107.3451117255969,48.07151186502671],[-107.34478955382991,48.07116562873496]]]}"
0000000000000000052d,10063,0,0,0,"{""type"":""Polygon"",""coordinates"":[[[-107.34501807168583,48.071210069736615],[-107.34501159559552,48.07121466201094],[-107.34501062116809,48.07119235713663],[-107.34490831365045,48.07099350543707],[-107.34479516278158,48.07114315942708],[-107.34478955382991,48.07116562873496],[-107.3451117255969,48.07151186502671],[-107.3451506896195,48.071488739008245],[-107.34515032905314,48.071479828067524],[-107.34501807168583,48.071210069736615]],[[-107.34498604611187,48.07123749843118],[-107.34496568805176,48.071229041407065],[-107.34495982582641,48.07124702766991],[-107.34498604611187,48.07123749843118]]]}"
00000000000000000525,10064,0,0,0,"{""type"":""GeometryCollection"",""geometries"":[{""type"":""LineString"",""coordinates"":[[-107.34499610391278,48.071165870716726],[-107.34501063685286,48.07119237241871]]},{""type"":""Polygon"",""coordinates"":[[[-107.34517062719301,48.07119355626024],[-107.34514379299314,48.071189691564726],[-107.345064125384,48.07119574559809],[-107.34501807168583,48.071210069736615],[-107.34515032905314,48.071479828067524],[-107.34519269939156,48.071385139579235],[-107.34519958071819,48.07138952924336],[-107.34517062719301,48.07119355626024]]]},{""type"":""Polygon"",""coordinates"":[[[-107.34515270090795,48.071091232359215],[-107.3450404655311,48.07096846421866],[-107.3450853982704,48.07093178010505],[-107.34509809697018,48.070918112537896],[-107.344999508574,48.07094690935689],[-107.34494497345621,48.07092130291269],[-107.34490831365045,48.07099350543707],[-107.34499608068667,48.07116584283965],[-107.34503519616581,48.071147215876145],[-107.34504774313758,48.071129049412214],[-107.34506793708799,48.071133165408796],[-107.34508027531315,48.07111058691088],[-107.3451260755234,48.07109177969699],[-107.34515964474362,48.07109997875962],[-107.34515270090795,48.071091232359215]]]}]}"
00000000000000000521,10065,0,0,0,"{""type"":""GeometryCollection"",""geometries"":[{""type"":""LineString"",""coordinates"":[[-107.34516657306405,48.07110432643934],[-107.34515971228,48.071100000131764],[-107.34515264864048,48.07109121155724]]},{""type"":""Polygon"",""coordinates"":[[[-107.34521842125115,48.07121942974583],[-107.3452043427016,48.07120181059705],[-107.34517062719301,48.07119355626024],[-107.34519958071819,48.07138952924336],[-107.34530741844216,48.07141855560598],[-107.34531854876516,48.071221816758836],[-107.34521842125115,48.07121942974583]]]}]}"
00000000000000000523,10066,0,0,0,"{""type"":""Polygon"",""coordinates"":[[[-107.34543872435627,48.07122826430916],[-107.34531854876516,48.071221816758836],[-107.34530741844216,48.07141855560598],[-107.34532098466747,48.071422765010034],[-107.34535470046835,48.07143101932263],[-107.34546560333706,48.071232199963745],[-107.34543872435627,48.07122826430916]]]}"
00000000000000000522,10067,0,0,0,"{""type"":""GeometryCollection"",""geometries"":[{""type"":""LineString"",""coordinates"":[[-107.3456078754138,48.071282903095266],[-107.3456145177911,48.07128276742803]]},{""type"":""Polygon"",""coordinates"":[[[-107.34559409755934,48.07127423696139],[-107.34553987153745,48.0712530270048],[-107.34546560333706,48.071232199963745],[-107.34535470046835,48.07143101932263],[-107.34538816289728,48.07143479052043],[-107.34560791723686,48.07128292940154],[-107.3456078754138,48.071282903095266],[-107.34559409755934,48.07127423696139]]]}]}"
0000000000000000051f,10068,0,0,0,"{""type"":""GeometryCollection"",""geometries"":[{""type"":""LineString"",""coordinates"":[[-107.3456889738768,48.07130804427064],[-107.34569542768398,48.07130344689816]]},{""type"":""Polygon"",""coordinates"":[[[-107.34566152925304,48.07129074533481],[-107.34563454289457,48.071282381920994],[-107.34561450056363,48.071282764893986],[-107.34538816289728,48.07143479052043],[-107.34547559238126,48.071450845103065],[-107.34559556015572,48.071452880398844],[-107.34568902250592,48.071308074922605],[-107.3456889738768,48.07130804427064],[-107.34566152925304,48.07129074533481]]]}]}"
00000000000000000534,10069,0,0,0,"{""type"":""Polygon"",""coordinates"":[[[-107.34570182847672,48.07129883499081],[-107.34569545394393,48.071303411552286],[-107.34559556015572,48.071452880398844],[-107.34572231454788,48.071454719490845],[-107.34578830955874,48.07144002769411],[-107.3458144284761,48.071430513955875],[-107.3458209045657,48.07142592160843],[-107.34570182847672,48.07129883499081]]]}"
00000000000000000520,10070,0,0,0,"{""type"":""Polygon"",""coordinates"":[[[-107.34580015887403,48.07126111056259],[-107.34574752166199,48.07127559959443],[-107.34572809346257,48.071289376580516],[-107.34570182847672,48.07129883499081],[-107.3458209045657,48.07142592160843],[-107.34584742310524,48.07142094623943],[-107.34588551922118,48.07137994285784],[-107.34591779805253,48.07135699688698],[-107.34593085748406,48.07135224000911],[-107.34580015887403,48.07126111056259]]]}"
000000000000000005b9,10071,0,0,0,"{""type"":""Polygon"",""coordinates"":[[[-107.34587114774104,48.071210555413614],[-107.34586467169417,48.07121514774451],[-107.3458461111995,48.07124680179667],[-107.34580015887403,48.07126111056259],[-107.34593085748406,48.07135224000911],[-107.34594988028864,48.071329481015745],[-107.3460023087793,48.07131057980788],[-107.34602025495143,48.07126553170685],[-107.34587114774104,48.071210555413614]]]}"
0000000000000000051e,10072,0,0,0,"{""type"":""Polygon"",""coordinates"":[[[-107.34592816477137,48.071146809052784],[-107.34590888284613,48.07116064131477],[-107.34589593077374,48.071169825972326],[-107.34587114774104,48.071210555413614],[-107.34602025495143,48.07126553170685],[-107.3460268829395,48.071265438212656],[-107.34604482905942,48.07122039014713],[-107.34606338941086,48.071188736076074],[-107.34608256401617,48.07117047597432],[-107.34592816477137,48.071146809052784]]]}"
00000000000000000507,10073,0,0,0,"{""type"":""Polygon"",""coordinates"":[[[-107.34613130646048,48.07107121112406],[-107.34595787911506,48.07106585963074],[-107.34594636438905,48.071106244178736],[-107.34592816477137,48.071146809052784],[-107.34608256401617,48.07117047597432],[-107.34612065968854,48.0711294727064],[-107.34613839677351,48.07108001271776],[-107.34613130646048,48.07107121112406]]]}"
00000000000000000527,10074,0,0,0,"{""type"":""Polygon"",""coordinates"":[[[-107.34598061037266,48.0709805365229],[-107.34596251239942,48.07102108553697],[-107.34595787911506,48.07106585963074],[-107.34613130646048,48.07107121112406],[-107.34611542912164,48.071013481457015],[-107.34613373581264,48.07097734444136],[-107.34598061037266,48.0709805365229]]]}"
00000000000000000517,10075,0,0,0,"{""type"":""Polygon"",""coordinates"":[[[-107.3459629978794,48.070887053036984],[-107.34597008810871,48.07089585461435],[-107.34598668095673,48.07096696231903],[-107.34598061037266,48.0709805365229],[-107.34613373581264,48.07097734444136],[-107.34612448642807,48.07091952137859],[-107.34612973379181,48.07088814128752],[-107.3459629978794,48.070887053036984]]]}"
0000000000000000051b,10076,0,0,0,"{""type"":""Polygon"",""coordinates"":[[[-107.34582464092772,48.07077380001788],[-107.34584561334502,48.07079565064309],[-107.34592110969109,48.070843264964594],[-107.34592147045453,48.07085217578924],[-107.34593514393906,48.070860812837395],[-107.34594932437511,48.07087841598898],[-107.3459629978794,48.070887053036984],[-107.34612973379181,48.07088814128752],[-107.34612166839635,48.07085703502165],[-107.34612619990232,48.07081227687101],[-107.34582464092772,48.07077380001788]]]}"
0000000000000000051c,10077,0,0,0,"{""type"":""Polygon"",""coordinates"":[[[-107.34578785449689,48.07069857673088],[-107.34582423555176,48.07076481816392],[-107.34582464092772,48.07077380001788],[-107.34612619990232,48.07081227687101],[-107.34613546594137,48.070722729151726],[-107.34613510512393,48.07071381835125],[-107.34578785449689,48.07069857673088]]]}"
00000000000000000515,10078,0,0,0,"{""type"":""MultiPolygon"",""coordinates"":[[[[-107.34617726348618,48.07061471890246],[-107.34619155132279,48.070636749689285],[-107.34622429176257,48.07062269897603],[-107.34623709742384,48.070613459101374],[-107.34617726348618,48.07061471890246]]],[[[-107.34577820034353,48.07063177209536],[-107.34578703149295,48.070680770898974],[-107.34578785449689,48.07069857673088],[-107.34613510512393,48.07071381835125],[-107.34614718918672,48.07068675687835],[-107.34615284193782,48.07066435875887],[-107.34613228705415,48.07065133224071],[-107.34617053406576,48.07061482816983],[-107.34577820034353,48.07063177209536]]]]}"
00000000000000000516,10079,0,0,0,"{""type"":""GeometryCollection"",""geometries"":[{""type"":""LineString"",""coordinates"":[[-107.34651960520895,48.070522857554664],[-107.34653311277297,48.070527044303866]]},{""type"":""Polygon"",""coordinates"":[[[-107.34644429896836,48.07047976498001],[-107.34643119520894,48.07048445079983],[-107.34636499282158,48.07049473075668],[-107.34631297099365,48.070522613645025],[-107.34624054620029,48.07054196884306],[-107.34616358999301,48.0706060819296],[-107.34614915601432,48.07058399587599],[-107.34615440328236,48.070552615986784],[-107.34615404245778,48.070543705215485],[-107.34615321927113,48.07052589944395],[-107.34613950118231,48.07051719144006],[-107.34577528133887,48.07056930182297],[-107.34577578824273,48.07057826787772],[-107.34577712389057,48.07060948325537],[-107.34577820034353,48.07063177209536],[-107.34617053406576,48.07061482816983],[-107.34617726348618,48.07061471890246],[-107.34623709742384,48.070613459101374],[-107.3463741352145,48.07054812557108],[-107.34644696559093,48.07053775207548],[-107.34651964397936,48.07052287974028],[-107.34651960520895,48.070522857554664],[-107.34644429896836,48.07047976498001]]]}]}"
00000000000000000526,10080,0,0,0,"{""type"":""Polygon"",""coordinates"":[[[-107.34580438117784,48.0704749595649],[-107.34579348074513,48.07052873743008],[-107.34577528133887,48.07056930182297],[-107.34613950118231,48.07051719144006],[-107.34613245559783,48.070508460979745],[-107.34610521604768,48.07049561479666],[-107.34611107763904,48.07047762873761],[-107.34610301231453,48.07044652271189],[-107.34612229381236,48.07043269061008],[-107.34614917250481,48.07043662602062],[-107.34616834666116,48.070418366175005],[-107.34580438117784,48.0704749595649]]]}"
00000000000000000519,10081,0,0,0,"{""type"":""Polygon"",""coordinates"":[[[-107.34607871487346,48.07035322050602],[-107.34588586331547,48.070361645663944],[-107.34587275961059,48.07036633139549],[-107.34582135209338,48.070407607707594],[-107.34580438117784,48.0704749595649],[-107.34616834666116,48.070418366175005],[-107.34616809315996,48.0704138831634],[-107.34620098536368,48.070404331299834],[-107.34620083339539,48.07039983252305],[-107.34607871487346,48.07035322050602]]]}"
0000000000000000050f,10082,0,0,0,"{""type"":""Polygon"",""coordinates"":[[[-107.34600080666506,48.070252102868395],[-107.34599433080368,48.0702566951194],[-107.34595557714708,48.07028423285904],[-107.34588586331547,48.070361645663944],[-107.34607871487346,48.07035322050602],[-107.34600080666506,48.070252102868395]]]}"
0000000000000000051a,10083,0,0,0,"{""type"":""Polygon"",""coordinates"":[[[-107.34611866907977,48.07020502991595],[-107.34611219323321,48.07020962217042],[-107.34606598870486,48.07021944775265],[-107.3460135049011,48.07023843536891],[-107.34600080666506,48.070252102868395],[-107.34607871487346,48.07035322050602],[-107.34620083339539,48.07039983252305],[-107.34621954513663,48.070372677705855],[-107.3462393335956,48.07036781161494],[-107.34611866907977,48.07020502991595]]]}"
00000000000000000511,10084,0,0,0,"{""type"":""Polygon"",""coordinates"":[[[-107.34619305970334,48.07008291493843],[-107.34618633037806,48.070083024203385],[-107.34623699953517,48.0701712952853],[-107.34615799229478,48.070190814815824],[-107.34611866907977,48.07020502991595],[-107.3462393335956,48.07036781161494],[-107.34629258396333,48.07036671633891],[-107.34628769770515,48.07040700686578],[-107.34630111185238,48.07040671727548],[-107.3463014727148,48.070415628022005],[-107.34636037576738,48.07039213469669],[-107.34638016424968,48.070387268574315],[-107.34619305970334,48.07008291493843]]]}"
00000000000000000510,10085,0,0,0,"{""type"":""Polygon"",""coordinates"":[[[-107.3463932095259,48.0700877025803],[-107.34639300063075,48.07008329063881],[-107.34638652482093,48.07008788290022],[-107.3463741876106,48.07011046110011],[-107.3463498682074,48.070160084747236],[-107.34632396489476,48.07017845380973],[-107.34623479560031,48.070122203512334],[-107.34621341772127,48.070091371518124],[-107.34619305970334,48.07008291493843],[-107.34638016424968,48.070387268574315],[-107.34641285982222,48.07037314682849],[-107.3463932095259,48.0700877025803]]]}"
00000000000000000512,10086,0,0,0,"{""type"":""MultiPolygon"",""coordinates"":[[[[-107.34646176743351,48.070131013172286],[-107.3464152020225,48.07013192820941],[-107.34642060097673,48.070105047334096],[-107.3463932095259,48.0700877025803],[-107.34641285982222,48.07037314682849],[-107.34645197433773,48.070354519592954],[-107.346491551277,48.07034478731437],[-107.34653102667575,48.07033507078824],[-107.34654433929447,48.070334796930986],[-107.3465705589718,48.07032526744009],[-107.3466234485235,48.07031526125],[-107.34667428559044,48.070260661921196],[-107.34646176743351,48.070131013172286]]],[[[-107.34677014106913,48.07031673157378],[-107.34671725146809,48.07032673784635],[-107.34662025409033,48.0703912341997],[-107.34653697468625,48.07046443847592],[-107.34648383140653,48.07046996163696],[-107.34644429896836,48.07047976498001],[-107.34653306403536,48.07052703362672],[-107.34654637672317,48.07052675976641],[-107.34661905513066,48.07051188735848],[-107.34663139238423,48.07048930895313],[-107.34666866347108,48.07043050030055],[-107.34674658850241,48.07038424802271],[-107.34677270668595,48.07037473423357],[-107.3468249818011,48.07035133418394],[-107.34677014106913,48.07031673157378]]]]}"
00000000000000000518,10087,0,0,0,"{""type"":""MultiPolygon"",""coordinates"":[[[[-107.34653224067877,48.07006704925741],[-107.34651892815769,48.070067323109114],[-107.34650597655562,48.07007650764565],[-107.34647507996935,48.070130739327816],[-107.34646176743351,48.070131013172286],[-107.34667428559044,48.070260661921196],[-107.34668025428735,48.07024710363566],[-107.34677652926162,48.07016478600738],[-107.34653224067877,48.07006704925741]]],[[[-107.34695971201046,48.07023692409704],[-107.34694017715508,48.07024627331675],[-107.34690805167472,48.07027371787517],[-107.34678324477427,48.070312045723995],[-107.34677014106913,48.07031673157378],[-107.3468249818011,48.07035133418394],[-107.34692346174987,48.07031810811491],[-107.34699548062258,48.07028977072976],[-107.34704816128655,48.07027535235558],[-107.34695971201046,48.07023692409704]]],[[[-107.34642364372695,48.070024576054244],[-107.34641033123643,48.07002484988986],[-107.34638309184257,48.070012003900246],[-107.34638283831264,48.07000752092467],[-107.34636916494894,48.069998884077854],[-107.34637039377556,48.07002567138537],[-107.3464183967902,48.070055955633755],[-107.34639300063075,48.07008329063881],[-107.3463932095259,48.0700877025803],[-107.34642060097673,48.070105047334096],[-107.34642610145778,48.070078150705825],[-107.34643890689665,48.0700689109058],[-107.34645149759841,48.070050815695154],[-107.34645797339802,48.070046223432875],[-107.34645735895303,48.070032829773524],[-107.34642364372695,48.070024576054244]]]]}"
000000000000000004ef,10088,0,0,0,"{""type"":""MultiPolygon"",""coordinates"":[[[[-107.34645026871334,48.07002402837732],[-107.34642364372695,48.070024576054244],[-107.34645735895303,48.070032829773524],[-107.34645026871334,48.07002402837732]]],[[[-107.34636891142065,48.06999440110334],[-107.34636916494894,48.069998884077854],[-107.34638283831264,48.07000752092467],[-107.34639578990152,48.06999833641719],[-107.34636891142065,48.06999440110334]]],[[[-107.34660940428024,48.07000734850638],[-107.34662358485822,48.070024951268095],[-107.34658426179827,48.070039166510306],[-107.3465654489031,48.0700663369831],[-107.34654555320164,48.07006677540381],[-107.34653224067877,48.07006704925741],[-107.34677652926162,48.07016478600738],[-107.34678321400767,48.07016460565897],[-107.3468126721902,48.07007917457443],[-107.34683781457161,48.07004735648887],[-107.34683663003977,48.07002064022512],[-107.34660940428024,48.07000734850638]]],[[[-107.34723650254496,48.07016875703058],[-107.34720987723267,48.07016930493565],[-107.34718361300816,48.07017876353057],[-107.347164540805,48.070197007717724],[-107.3470783411712,48.0702077424248],[-107.34701260155944,48.070226917709164],[-107.34698597626875,48.070227465552115],[-107.34695971201046,48.07023692409704],[-107.34704816128655,48.07027535235558],[-107.3470546370976,48.07027076003304],[-107.34709370682201,48.070252061535555],[-107.34715990910838,48.07024178112561],[-107.34720570821767,48.07022297325771],[-107.34722564877941,48.07022260573328],[-107.34725227413433,48.07022205782217],[-107.3472718089661,48.070212708543764],[-107.34728975319089,48.070167661197715],[-107.34723650254496,48.07016875703058]]]]}"
000000000000000004f7,10089,0,0,0,"{""type"":""MultiPolygon"",""coordinates"":[[[[-107.34636793612212,48.06997209678402],[-107.34636891142065,48.06999440110334],[-107.34639578990152,48.06999833641719],[-107.34642118599535,48.06997100145735],[-107.34642082509717,48.069962090787755],[-107.34636793612212,48.06997209678402]]],[[[-107.34683048419448,48.069886703910456],[-107.3465331862074,48.069941914151215],[-107.3465401749236,48.06995073129394],[-107.3465949074128,48.069980906117294],[-107.34660940428024,48.07000734850638],[-107.34683663003977,48.07002064022512],[-107.34681988359917,48.06994503525534],[-107.34683855011905,48.06991780952763],[-107.34683048419448,48.069886703910456]]]]}"
00000000000000000504,10090,0,0,0,"{""type"":""GeometryCollection"",""geometries"":[{""type"":""LineString"",""coordinates"":[[-107.34676029026636,48.069807776635784],[-107.34674697476234,48.069808048732426]]},{""type"":""Polygon"",""coordinates"":[[[-107.34636573199619,48.069923005205396],[-107.34636732170864,48.06995870314223],[-107.34636793612212,48.06997209678402],[-107.34642082509717,48.069962090787755],[-107.34641974822995,48.06993980225017],[-107.34636573199619,48.069923005205396]]]},{""type"":""Polygon"",""coordinates"":[[[-107.34682098016789,48.06982439918709],[-107.34677359145476,48.06980750887402],[-107.34677333787559,48.069803025918226],[-107.34676027899259,48.06980778275639],[-107.34674732751203,48.06981696727699],[-107.34674696653218,48.069808056636866],[-107.34648935311449,48.06985796203111],[-107.34651109209489,48.06989770447819],[-107.3465123210297,48.069924491729445],[-107.34652614059465,48.06993318381634],[-107.3465331862074,48.069941914151215],[-107.34683048419448,48.069886703910456],[-107.34682098016789,48.06982439918709]]]}]}"
00000000000000000513,10091,0,0,0,"{""type"":""MultiPolygon"",""coordinates"":[[[[-107.34674696653218,48.069808056636866],[-107.34677333787559,48.069803025918226],[-107.3467590498712,48.06978099557268],[-107.3467460984005,48.06979018008816],[-107.34674012981354,48.069803738256866],[-107.34672055055323,48.06981301630876],[-107.34674696653218,48.069808056636866]]],[[[-107.34672055055323,48.06981301630876],[-107.34670616104958,48.069791001717086],[-107.3466856509321,48.069778046571166],[-107.34667650813628,48.06972465258089],[-107.34646530837442,48.069769143946075],[-107.34648935311449,48.06985796203111],[-107.34672055055323,48.06981301630876]],[[-107.34668647439845,48.069795852077064],[-107.34669371670842,48.06980915213983],[-107.34670666819152,48.06979996762779],[-107.34668647439845,48.069795852077064]]]]}"
00000000000000000506,10092,0,0,0,"{""type"":""Polygon"",""coordinates"":[[[-107.34666721332823,48.06966675993209],[-107.3464207091909,48.069667299782424],[-107.34642147563119,48.06968519206268],[-107.34643601688916,48.069711705375056],[-107.34647019429546,48.069728853908835],[-107.346465054833,48.06976466099178],[-107.34646530837442,48.069769143946075],[-107.34667650813628,48.06972465258089],[-107.34666721332823,48.06966675993209]]]}"
0000000000000000050c,10093,0,0,0,"{""type"":""Polygon"",""coordinates"":[[[-107.34641645275161,48.06957361595339],[-107.34641681365451,48.069582526556864],[-107.34641742809382,48.06959592010159],[-107.34641829606956,48.069613796591],[-107.34641927141146,48.06963610075629],[-107.3464207091909,48.069667299782424],[-107.34666721332823,48.06966675993209],[-107.34666685236566,48.06965784931675],[-107.34679679609425,48.06958371516319],[-107.34641645275161,48.06957361595339]]]}"
00000000000000000501,10094,0,0,0,"{""type"":""Polygon"",""coordinates"":[[[-107.34639909291579,48.069484618008424],[-107.34639240831899,48.06948479832392],[-107.34641501497138,48.06954241698296],[-107.34641609184867,48.06956470535142],[-107.34641645275161,48.06957361595339],[-107.34679679609425,48.06958371516319],[-107.3468031702539,48.06957913868805],[-107.34689256187882,48.06949243265265],[-107.34639909291579,48.069484618008424]]]}"
000000000000000004ff,10095,0,0,0,"{""type"":""Polygon"",""coordinates"":[[[-107.3471087531722,48.06941207845267],[-107.34702913260469,48.06941820489197],[-107.34699516397046,48.06940546854497],[-107.3469488528075,48.069410866732966],[-107.34692140452799,48.06939360916424],[-107.34683928110418,48.069346090471164],[-107.3468577383123,48.06931445318547],[-107.34683758936221,48.06931040873866],[-107.34643014095812,48.06943488572525],[-107.34639909291579,48.069484618008424],[-107.34689256187882,48.06949243265265],[-107.34692417943235,48.06945602267603],[-107.34697742888022,48.069454927061976],[-107.34707734475772,48.06945290034005],[-107.34713584052847,48.06942042539962],[-107.3471087531722,48.06941207845267]]]}"
00000000000000000503,10096,0,0,0,"{""type"":""Polygon"",""coordinates"":[[[-107.3466487592975,48.069260669092245],[-107.34660861363041,48.069257078786116],[-107.34648289770332,48.06927745799135],[-107.34641781899396,48.06931009699193],[-107.34643014095812,48.06943488572525],[-107.34683758936221,48.06931040873866],[-107.3466487592975,48.069260669092245]]]}"
0000000000000000050b,10097,0,0,0,"{""type"":""Polygon"",""coordinates"":[[[-107.34641781899396,48.06931009699193],[-107.3464046141277,48.069314798459125],[-107.34624192606155,48.06939853863508],[-107.34626305011375,48.069424887297004],[-107.34630385480746,48.06944194230634],[-107.34631752795477,48.06945057907624],[-107.34637812070353,48.06946276804542],[-107.34639240831899,48.06948479832392],[-107.34639909291579,48.069484618008424],[-107.34643014095812,48.06943488572525],[-107.34641781899396,48.06931009699193]]]}"
0000000000000000050e,10098,0,0,0,"{""type"":""Polygon"",""coordinates"":[[[-107.34626964869817,48.069277356184394],[-107.3462699022182,48.06928183909808],[-107.34625741328615,48.06929991824731],[-107.34624532984226,48.069326979002646],[-107.34621345847442,48.06935890575241],[-107.34624192606155,48.06939853863508],[-107.3464046141277,48.069314798459125],[-107.34626964869817,48.069277356184394]]]}"
0000000000000000050a,10099,0,0,0,"{""type"":""Polygon"",""coordinates"":[[[-107.34632537044702,48.06918246854544],[-107.34631864127522,48.0691825778139],[-107.3463070203298,48.06921853329063],[-107.34628173210784,48.06925029545248],[-107.34626964869817,48.069277356184394],[-107.3464046141277,48.069314798459125],[-107.34641781899396,48.06931009699193],[-107.34648289770332,48.06927745799135],[-107.34632537044702,48.06918246854544]]]}"
0000000000000000050d,10100,0,0,0,"{""type"":""Polygon"",""coordinates"":[[[-107.34639410590115,48.06908275329926],[-107.34640340020367,48.06914064534255],[-107.3463775991966,48.06915899827649],[-107.34632537044702,48.06918246854544],[-107.34648289770332,48.06927745799135],[-107.34660861363041,48.069257078786116],[-107.34639410590115,48.06908275329926]]]}"
00000000000000000509,10101,0,0,0,"{""type"":""Polygon"",""coordinates"":[[[-107.34656597962422,48.06905247771621],[-107.3465528763831,48.069057163411955],[-107.34651334547095,48.069066966480605],[-107.34645480551603,48.06909936977166],[-107.34639410590115,48.06908275329926],[-107.34660861363041,48.069257078786116],[-107.3466487592975,48.069260669092245],[-107.34656597962422,48.06905247771621]]]}"
00000000000000000502,10102,1,0,0,"{""type"":""Polygon"",""coordinates"":[[[-107.34661177720514,48.06903367059747],[-107.3466119861336,48.069038082449325],[-107.34657913976241,48.06904770521364],[-107.34656597962422,48.06905247771621],[-107.3466487592975,48.069260669092245],[-107.34683758936221,48.06931040873866],[-107.3468577383123,48.06931445318547],[-107.34686421395378,48.06930986096426],[-107.34693566079495,48.06926820180311],[-107.34694069817994,48.06923241081469],[-107.3469397225057,48.069210106834866],[-107.3469444616336,48.069169761946746],[-107.34661177720514,48.06903367059747]]]}"
000000000000000004fc,10103,0,0,0,"{""type"":""Polygon"",""coordinates"":[[[-107.34705647192851,48.06899330883744],[-107.34707050628172,48.06901085592225],[-107.34704511120786,48.06903819052767],[-107.34702311832096,48.06899396597551],[-107.34704290610118,48.06898909986392],[-107.34660931911661,48.06898009702695],[-107.34660396516884,48.06900704836569],[-107.34661177720514,48.06903367059747],[-107.3469444616336,48.069169761946746],[-107.3469502151654,48.069147348680495],[-107.34698183235518,48.069110938933726],[-107.34699931361845,48.06905699785527],[-107.34703925030463,48.069056176132584],[-107.34706587477098,48.06905562830801],[-107.34713634522842,48.06899166533167],[-107.34705647192851,48.06899330883744]]]}"
00000000000000000500,10104,0,0,0,"{""type"":""Polygon"",""coordinates"":[[[-107.34705647192851,48.06899330883744],[-107.34713634522842,48.06899166533167],[-107.3471813190047,48.068955052748684],[-107.34655767474395,48.068869524296716],[-107.34655865019718,48.068891828141155],[-107.34657303929701,48.06891384238768],[-107.34660809007205,48.0689533102622],[-107.34660931911661,48.06898009702695],[-107.34704290610118,48.06898909986392],[-107.34705621830994,48.06898882595301],[-107.34705647192851,48.06899330883744]],[[-107.34705621830994,48.06898882595301],[-107.34706932153642,48.068984140194935],[-107.3470558572426,48.068979915457],[-107.34705621830994,48.06898882595301]]]}"
000000000000000004d8,10105,0,0,0,"{""type"":""Polygon"",""coordinates"":[[[-107.34718374505208,48.06886118991154],[-107.34716935551019,48.06883917579001],[-107.3465607168273,48.068789054925645],[-107.34655767474395,48.068869524296716],[-107.3471813190047,48.068955052748684],[-107.34718774992622,48.068950389500635],[-107.34721232112265,48.06890524970865],[-107.34718374505208,48.06886118991154]]]}"
000000000000000004fe,10106,0,0,0,"{""type"":""Polygon"",""coordinates"":[[[-107.34711057443651,48.06871973153829],[-107.3471037378348,48.06871541327087],[-107.34655080778931,48.068717769970355],[-107.34656534885329,48.06874428277885],[-107.3465607168273,48.068789054925645],[-107.34716935551019,48.06883917579001],[-107.34711057443651,48.06871973153829]]]}"
000000000000000004ed,10107,0,0,0,"{""type"":""Polygon"",""coordinates"":[[[-107.34706745714465,48.0686491591753],[-107.34655924837607,48.06861042072699],[-107.34656875183569,48.068672724048135],[-107.3465292213393,48.0686825270409],[-107.34655080778931,48.068717769970355],[-107.3471037378348,48.06871541327087],[-107.34706745714465,48.0686491591753]]]}"
000000000000000004e2,10108,0,0,0,"{""type"":""Polygon"",""coordinates"":[[[-107.34699720868322,48.06857016898443],[-107.3464201358095,48.06848372482273],[-107.34642845471456,48.06851931250388],[-107.34650369442764,48.06856244152638],[-107.34649161142394,48.06858950192096],[-107.34655878589174,48.068601526056774],[-107.34655924837607,48.06861042072699],[-107.34706745714465,48.0686491591753],[-107.34706720352281,48.068644676320396],[-107.34699720868322,48.06857016898443]]]}"
000000000000000004eb,10109,0,0,0,"{""type"":""Polygon"",""coordinates"":[[[-107.34691282493324,48.068473647680655],[-107.34669028477315,48.06841565547375],[-107.3466713654675,48.06843839753304],[-107.3466338877665,48.0684927920873],[-107.34658038632901,48.0684894046061],[-107.34649661870655,48.06840627628156],[-107.34652186152444,48.06837444355571],[-107.34642744923309,48.06834957383651],[-107.34641649366444,48.06840343635224],[-107.34632172058525,48.06836965611336],[-107.34630167967863,48.068370039172585],[-107.3462889822152,48.06838370620361],[-107.34636972153749,48.068399939482],[-107.34640441067259,48.068430496653455],[-107.3464201358095,48.06848372482273],[-107.34699720868322,48.06857016898443],[-107.34699674609152,48.06856127432589],[-107.34691282493324,48.068473647680655]]]}"
000000000000000004ea,10110,0,0,0,"{""type"":""MultiPolygon"",""coordinates"":[[[[-107.34647659205123,48.068259295698645],[-107.3464332087141,48.06833160427465],[-107.34642744923309,48.06834957383651],[-107.34652186152444,48.06837444355571],[-107.34653435000835,48.068356364702524],[-107.34653276004339,48.06832066786581],[-107.34647659205123,48.068259295698645]]],[[[-107.34686519697703,48.06830491119867],[-107.34682099057348,48.068359414980314],[-107.34680145674702,48.06836876381088],[-107.34679523486774,48.06837783877428],[-107.34676861096357,48.068378386502346],[-107.34673572054021,48.0683879381464],[-107.34671593311528,48.06839280412978],[-107.34669028477315,48.06841565547375],[-107.34691282493324,48.068473647680655],[-107.34694424500213,48.068285462922944],[-107.34686519697703,48.06830491119867]]]]}"
000000000000000004e7,10111,0,0,0,"{""type"":""Polygon"",""coordinates"":[[[-107.34703166942015,48.06830151525082],[-107.34701789486101,48.06829289453569],[-107.34694424500213,48.068285462922944],[-107.34691282493324,48.068473647680655],[-107.34699674609152,48.06856127432589],[-107.34709211488708,48.068313648258744],[-107.34703166942015,48.06830151525082]]]}"
000000000000000004e9,10112,0,0,0,"{""type"":""Polygon"",""coordinates"":[[[-107.34717495299749,48.06837454329315],[-107.34711230802934,48.0683177636242],[-107.34709211488708,48.068313648258744],[-107.34699674609152,48.06856127432589],[-107.34699720868322,48.06857016898443],[-107.34706720352281,48.068644676320396],[-107.34709285191376,48.068621824774524],[-107.34721525013958,48.068382631915895],[-107.34717495299749,48.06837454329315]]]}"
000000000000000004e6,10113,0,0,0,"{""type"":""Polygon"",""coordinates"":[[[-107.34757092298004,48.068290519481685],[-107.34754965208636,48.06826411642485],[-107.34748616629531,48.068332452248455],[-107.34745368164427,48.06835098555233],[-107.34740870878976,48.068387597817875],[-107.34732822175951,48.06837584828302],[-107.3473081806347,48.06837623155824],[-107.34728828568217,48.06837667009996],[-107.34725554731713,48.06839072052205],[-107.34721525013958,48.068382631915895],[-107.34709285191376,48.068621824774524],[-107.34759873220835,48.06831668688409],[-107.34757092298004,48.068290519481685]]]}"
000000000000000004ec,10114,0,0,0,"{""type"":""GeometryCollection"",""geometries"":[{""type"":""LineString"",""coordinates"":[[-107.34759776325984,48.06844180398035],[-107.3476044208316,48.0684416678858]]},{""type"":""Polygon"",""coordinates"":[[[-107.34765407885415,48.068360253391006],[-107.34759873220835,48.06831668688409],[-107.34709285191376,48.068621824774524],[-107.34706720352281,48.068644676320396],[-107.34706745714465,48.0686491591753],[-107.3471037378348,48.06871541327087],[-107.34711057443651,48.06871973153829],[-107.34759779085206,48.0684418180161],[-107.34757116667528,48.06844236597464],[-107.34758324898124,48.06841530553765],[-107.34764235783088,48.06839622419612],[-107.34766815801163,48.06837787120977],[-107.34765407885415,48.068360253391006]]]}]}"
000000000000000004e5,10115,0,0,0,"{""type"":""Polygon"",""coordinates"":[[[-107.34765186320004,48.06845852710688],[-107.34763099799828,48.06844110542212],[-107.34760437381263,48.06844165339011],[-107.34711057443651,48.06871973153829],[-107.34716935551019,48.06883917579001],[-107.34718374505208,48.06886118991154],[-107.3472544745824,48.06880615332877],[-107.34723978078705,48.06877514197717],[-107.34723895702342,48.068757336830195],[-107.3472286855001,48.06867714158025],[-107.34728754107799,48.0686535774981],[-107.34734263397215,48.06869266160964],[-107.34738293156333,48.068700750199575],[-107.34767241783231,48.068471552760826],[-107.34767216413493,48.06846706992464],[-107.34765186320004,48.06845852710688]]]}"
000000000000000004fd,10116,0,0,0,"{""type"":""MultiPolygon"",""coordinates"":[[[[-107.3472544745824,48.06880615332877],[-107.34718374505208,48.06886118991154],[-107.34721232112265,48.06890524970865],[-107.34721843556144,48.06889174702236],[-107.34723138664863,48.06888256261018],[-107.34724260093179,48.068837625766605],[-107.34726131122869,48.068810471591775],[-107.3472544745824,48.06880615332877]]],[[[-107.34767241783231,48.068471552760826],[-107.34738293156333,48.068700750199575],[-107.3473964973789,48.06870495910214],[-107.34743791718407,48.06873540669614],[-107.34746526387404,48.068752679669075],[-107.34749250309369,48.068765525047084],[-107.34749933977875,48.068769843288784],[-107.34767020218936,48.06856982668547],[-107.34769302937885,48.06848449160799],[-107.34767241783231,48.068471552760826]]]]}"
000000000000000004e3,10117,0,0,0,"{""type"":""Polygon"",""coordinates"":[[[-107.34767020218936,48.06856982668547],[-107.34749933977875,48.068769843288784],[-107.34753305454059,48.068778096444014],[-107.34757946665789,48.068772682286195],[-107.34767377445232,48.068793123401036],[-107.34770744470154,48.0688013054573],[-107.34767020218936,48.06856982668547]]]}"
000000000000000004f5,10118,0,0,0,"{""type"":""MultiPolygon"",""coordinates"":[[[[-107.34790254256215,48.068842038471324],[-107.34788275478451,48.06884690474666],[-107.34790413383567,48.06887773560706],[-107.34791020342723,48.06886416185096],[-107.34790254256215,48.068842038471324]]],[[[-107.34779308639489,48.06863432701964],[-107.34773263971658,48.06862219441026],[-107.34772508653991,48.06860449869158],[-107.34775695643717,48.068572571935945],[-107.3477634318943,48.06856797972364],[-107.34774205314473,48.06853714900636],[-107.34769302937885,48.06848449160799],[-107.34767020218936,48.06856982668547],[-107.34770744470154,48.0688013054573],[-107.34778099481646,48.06880875227901],[-107.34780186031172,48.068826174045846],[-107.34783475125177,48.06881662194302],[-107.34785392402638,48.068798362359516],[-107.34787381932374,48.06879792368812],[-107.34779308639489,48.06863432701964]]]]}"
000000000000000004db,10119,0,0,0,"{""type"":""MultiPolygon"",""coordinates"":[[[[-107.34774873766514,48.06853696860194],[-107.34774205314473,48.06853714900636],[-107.3477634318943,48.06856797972364],[-107.3478490131594,48.0685438515658],[-107.34774873766514,48.06853696860194]]],[[[-107.34791875659826,48.068613875335984],[-107.34779308639489,48.06863432701964],[-107.34787381932374,48.06879792368812],[-107.3478871315814,48.0687976496616],[-107.34792233033893,48.068837172192374],[-107.34790254256215,48.068842038471324],[-107.34791020342723,48.06886416185096],[-107.34792937620787,48.068845902235644],[-107.3479474711358,48.0688053546097],[-107.34795226238008,48.06861771650654],[-107.34791875659826,48.068613875335984]]]]}"
000000000000000004dd,10120,0,0,0,"{""type"":""Polygon"",""coordinates"":[[[-107.34814557171738,48.06861818225514],[-107.34795226238008,48.06861771650654],[-107.3479474711358,48.0688053546097],[-107.34795420035688,48.068805245226436],[-107.34815240850276,48.068622500435566],[-107.34814557171738,48.06861818225514]]]}"
000000000000000004dc,10121,0,0,0,"{""type"":""Polygon"",""coordinates"":[[[-107.34827004918937,48.068718379009965],[-107.34822949722293,48.06870580795233],[-107.34822852074399,48.068683504230066],[-107.34822692914285,48.068647807240275],[-107.34818627575136,48.068635251946596],[-107.34815240850276,48.068622500435566],[-107.34795420035688,48.068805245226436],[-107.34801428624486,48.06880846726817],[-107.34827688601588,48.06872269718875],[-107.34827004918937,48.068718379009965]]]}"
000000000000000004e0,10122,0,0,0,"{""type"":""MultiPolygon"",""coordinates"":[[[[-107.34797151942327,48.06889417060028],[-107.34792937620787,48.068845902235644],[-107.34791020342723,48.06886416185096],[-107.34790413383567,48.06887773560706],[-107.3479529616429,48.06892582359029],[-107.34796041346236,48.06894353516289],[-107.34799978003926,48.0689293907198],[-107.34797151942327,48.06889417060028]]],[[[-107.34831265578961,48.068775541774336],[-107.34827688601588,48.06872269718875],[-107.34801428624486,48.06880846726817],[-107.34814118740917,48.068814801838606],[-107.34814180249633,48.068828195159725],[-107.3481421638302,48.06883710561908],[-107.34816986642242,48.06885884550747],[-107.34835968336223,48.06878352053827],[-107.34831265578961,48.068775541774336]]]]}"
000000000000000004f6,10123,0,0,0,"{""type"":""MultiPolygon"",""coordinates"":[[[[-107.34837983254083,48.06878756461871],[-107.34837299568338,48.068783246442734],[-107.34836677399834,48.068792321574946],[-107.34835968336223,48.06878352053827],[-107.34816986642242,48.06885884550747],[-107.34817001864481,48.06886334414245],[-107.34820471034747,48.068893900867316],[-107.34823904076171,48.06891554712243],[-107.34825281600696,48.068924167747056],[-107.3482664897261,48.06893280413913],[-107.34839560558632,48.068840863781176],[-107.34840085069605,48.06880948486704],[-107.34837983254083,48.06878756461871]]],[[[-107.34799978003926,48.0689293907198],[-107.34796041346236,48.06894353516289],[-107.34796225851701,48.06898371524386],[-107.34792478153109,48.06903811085041],[-107.34790622363637,48.06906976392118],[-107.3478804229899,48.069088117225625],[-107.34784819140965,48.06911113383655],[-107.34782265043751,48.06913841342264],[-107.34779689436091,48.06915683776889],[-107.34777232351549,48.06920197791839],[-107.34780578511231,48.069205748133115],[-107.34785014387316,48.06915574167467],[-107.34788910477002,48.069132615661694],[-107.34792097508358,48.06910068851939],[-107.34796055092147,48.06909095589502],[-107.347979260991,48.06906380145463],[-107.34799072827575,48.06902334726844],[-107.34801514657369,48.068973708579925],[-107.34801453153594,48.06896031521956],[-107.34801391649813,48.06894692186263],[-107.34799978003926,48.0689293907198]]]]}"
00000000000000000505,10124,0,0,0,"{""type"":""Polygon"",""coordinates"":[[[-107.34842418346452,48.068884923154066],[-107.34839560558632,48.068840863781176],[-107.3482664897261,48.06893280413913],[-107.34828812299914,48.06896811782817],[-107.34832256115867,48.068994191687885],[-107.34835005488084,48.06901151974159],[-107.3483639824469,48.06902463901205],[-107.34845789888107,48.06889317598551],[-107.34842418346452,48.068884923154066]]]}"
00000000000000000508,10125,0,0,0,"{""type"":""Polygon"",""coordinates"":[[[-107.34849845122562,48.06890574698186],[-107.34845789888107,48.06889317598551],[-107.3483639824469,48.06902463901205],[-107.34836434383193,48.069033549502656],[-107.3484412817118,48.06911235881069],[-107.3485300928512,48.06915969537734],[-107.34853864218626,48.06890940749368],[-107.34849845122562,48.06890574698186]]]}"
000000000000000004f8,10126,0,0,0,"{""type"":""Polygon"",""coordinates"":[[[-107.34865284738747,48.06892940883044],[-107.3486188780108,48.0689166731964],[-107.34853864218626,48.06890940749368],[-107.3485300928512,48.06915969537734],[-107.34857126077117,48.06918565980432],[-107.34864466024179,48.06918860731524],[-107.34867776078195,48.069183466699755],[-107.34866615980228,48.06892913469104],[-107.34865284738747,48.06892940883044]]]}"
000000000000000004f2,10127,0,0,0,"{""type"":""Polygon"",""coordinates"":[[[-107.34866615980228,48.06892913469104],[-107.34867776078195,48.069183466699755],[-107.34872392001427,48.0691735690314],[-107.34877742390395,48.06917695529817],[-107.3488102706306,48.06916733174787],[-107.34879892255603,48.06891748272492],[-107.34866615980228,48.06892913469104]]]}"
000000000000000004f3,10128,0,0,0,"{""type"":""Polygon"",""coordinates"":[[[-107.3489330238479,48.06893704484214],[-107.34891909602246,48.06892392568285],[-107.34888624950524,48.06893354922046],[-107.34880550568388,48.068917318010705],[-107.34879892255603,48.06891748272492],[-107.3488102706306,48.06916733174787],[-107.34881689844404,48.06916723806895],[-107.34884290815477,48.06915329633799],[-107.34891583861774,48.0691429055105],[-107.3489478161007,48.06911540564855],[-107.3489330238479,48.06893704484214]]]}"
000000000000000006b7,10129,0,0,0,"{""type"":""Polygon"",""coordinates"":[[[-107.34914591567555,48.06892823014541],[-107.3489330238479,48.06893704484214],[-107.3489478161007,48.06911540564855],[-107.34898070743068,48.06910585308995],[-107.34905919943722,48.06907292252933],[-107.34911748491135,48.069036034803034],[-107.34916082065556,48.06896365307811],[-107.34914591567555,48.06892823014541]]]}"
000000000000000004f4,10130,0,0,0,"{""type"":""Polygon"",""coordinates"":[[[-107.34913825396124,48.06890610685907],[-107.34912161038368,48.06883493161193],[-107.34908094992771,48.068817933317],[-107.34889750666034,48.06888868322209],[-107.34892557148582,48.068919333361116],[-107.34891909602246,48.06892392568285],[-107.3489330238479,48.06893704484214],[-107.34914591567555,48.06892823014541],[-107.34913825396124,48.06890610685907]]]}"
000000000000000004f0,10131,0,0,0,"{""type"":""Polygon"",""coordinates"":[[[-107.34904039721535,48.068805362597466],[-107.34899861374339,48.06876600526894],[-107.34898468594243,48.06875288616136],[-107.3488470403238,48.06880482768818],[-107.34886867422581,48.068840141144044],[-107.34889750666034,48.06888868322209],[-107.34908094992771,48.068817933317],[-107.34904039721535,48.068805362597466]]]}"
000000000000000004fa,10132,0,0,0,"{""type"":""Polygon"",""coordinates"":[[[-107.34891606864797,48.06870966538157],[-107.34891504711013,48.06868729063798],[-107.3487766787734,48.06872141112197],[-107.34880464181532,48.06875207697366],[-107.34882591414026,48.0687784799614],[-107.34883958802979,48.068787116243406],[-107.3488470403238,48.06880482768818],[-107.34898468594243,48.06875288616136],[-107.34898422286784,48.06874399149367],[-107.34891606864797,48.06870966538157]]]}"
000000000000000004fb,10133,0,0,0,"{""type"":""Polygon"",""coordinates"":[[[-107.34889017182826,48.06858067024381],[-107.34888292875,48.06856737067812],[-107.34874014059585,48.06865067489916],[-107.3487540682381,48.068663794020715],[-107.34876937882844,48.0687081983174],[-107.3487766787734,48.06872141112197],[-107.34891504711013,48.06868729063798],[-107.34891458405177,48.06867839598068],[-107.34889017182826,48.06858067024381]]]}"
000000000000000004f9,10134,0,0,0,"{""type"":""Polygon"",""coordinates"":[[[-107.3486439226142,48.06858569861147],[-107.3486440302574,48.06859012618341],[-107.3486711178431,48.06859847255985],[-107.34868504543266,48.06861159167972],[-107.34869876385038,48.0686202989945],[-107.34874014059585,48.06865067489916],[-107.34888292875,48.06856737067812],[-107.34888133650334,48.06853167379465],[-107.348880511933,48.068513868764946],[-107.34885826281753,48.068465162307525],[-107.34885163512627,48.06846525598496],[-107.3488322536153,48.06847910384678],[-107.3486439226142,48.06858569861147]],[[-107.3488322536153,48.06847910384678],[-107.34883970585861,48.06849681518935],[-107.34885923968828,48.06848746592053],[-107.3488322536153,48.06847910384678]]]}"
000000000000000004d9,10135,0,0,0,"{""type"":""Polygon"",""coordinates"":[[[-107.34879756150607,48.06844854760109],[-107.34873074639003,48.068445435510114],[-107.34871203706867,48.068472589757924],[-107.3486849495501,48.06846424341137],[-107.34867785886813,48.068455442454464],[-107.34848855123366,48.06853973321319],[-107.34849538807151,48.06854405136138],[-107.34853507103703,48.068538746184],[-107.3485963874555,48.06856875433666],[-107.34862999505428,48.06857257949135],[-107.3486439226142,48.06858569861147],[-107.3488322536153,48.06847910384678],[-107.34885163512627,48.06846525598496],[-107.3488179644918,48.06845707439279],[-107.34879756150607,48.06844854760109]],[[-107.3488179644918,48.06845707439279],[-107.34879853834039,48.06847085120858],[-107.34883199977502,48.068474621016634],[-107.3488179644918,48.06845707439279]]]}"
000000000000000004da,10136,0,0,0,"{""type"":""Polygon"",""coordinates"":[[[-107.348663823688,48.06843789581187],[-107.34864342078274,48.06842936898843],[-107.34864841178644,48.06839350749004],[-107.34860811367668,48.06838541949267],[-107.34840498661333,48.068461018426206],[-107.348347107883,48.06850688673498],[-107.3483941351477,48.06851486544895],[-107.34840780878062,48.06852350175564],[-107.34844810690312,48.06853158985822],[-107.34848855123366,48.06853973321319],[-107.34867785886813,48.068455442454464],[-107.348663823688,48.06843789581187]]]}"
000000000000000004d2,10137,0,0,0,"{""type"":""GeometryCollection"",""geometries"":[{""type"":""LineString"",""coordinates"":[[-107.34860143095202,48.06838555127721],[-107.34860808851175,48.06838541512463]]},{""type"":""Polygon"",""coordinates"":[[[-107.34850147614644,48.06824019373429],[-107.34849525458816,48.06824926877763],[-107.34850841446803,48.068244496089875],[-107.34850147614644,48.06824019373429]]]},{""type"":""Polygon"",""coordinates"":[[[-107.34857316810854,48.06835038039058],[-107.34855399578595,48.06836863995044],[-107.34854592847643,48.06833753543183],[-107.34855081191247,48.06829724645174],[-107.34852917865128,48.06826193327355],[-107.3484892421874,48.06826275559885],[-107.34840498661333,48.068461018426206],[-107.34860138448437,48.06838552892024],[-107.3485681770466,48.06838624185701],[-107.34856108641443,48.068377440903305],[-107.34860066157964,48.06836770816601],[-107.34857316810854,48.06835038039058]]]}]}"
000000000000000004e1,10138,0,0,0,"{""type"":""Polygon"",""coordinates"":[[[-107.34846375318276,48.068142742775514],[-107.34833803949253,48.0681631239237],[-107.3483135451167,48.068503132518345],[-107.348347107883,48.06850688673498],[-107.34840498661333,48.068461018426206],[-107.3484892421874,48.06826275559885],[-107.34847593003636,48.0682630297035],[-107.34848877922784,48.068253861009],[-107.34849525458816,48.06824926877763],[-107.34850147614644,48.06824019373429],[-107.34848117495166,48.068231651135726],[-107.34850661340626,48.068204387639206],[-107.34853031373179,48.06814137225063],[-107.34846375318276,48.068142742775514]],[[-107.34844519615905,48.068174395387956],[-107.34842500264509,48.068170280323976],[-107.3484320931999,48.06817908125494],[-107.34844519615905,48.068174395387956]]]}"
000000000000000004de,10139,0,0,0,"{""type"":""Polygon"",""coordinates"":[[[-107.34833145653064,48.06816328859923],[-107.34826525745652,48.06817356932916],[-107.34819550639418,48.068250909472276],[-107.34817842552265,48.06846119495934],[-107.3482052021145,48.0684651454278],[-107.34823228938104,48.06847349191646],[-107.3482592751346,48.068481854166336],[-107.348300080663,48.068498907998006],[-107.3483135451167,48.068503132518345],[-107.34833803949253,48.0681631239237],[-107.34833145653064,48.06816328859923]]]}"
000000000000000004df,10140,0,0,0,"{""type"":""GeometryCollection"",""geometries"":[{""type"":""LineString"",""coordinates"":[[-107.34817819041379,48.06845673586599],[-107.34817839351318,48.0684611981249]]},{""type"":""Polygon"",""coordinates"":[[[-107.34796051064384,48.068358433990866],[-107.34796066284473,48.0683629325838],[-107.3479611256741,48.06837182719801],[-107.34798851715456,48.068389170935426],[-107.34801621930315,48.06841091069373],[-107.3480837564162,48.06843184407762],[-107.34811700836248,48.068431202348705],[-107.34817817176285,48.06845671212697],[-107.34819550639418,48.068250909472276],[-107.34796051064384,48.068358433990866]]]}]}"
000000000000000004e4,10141,0,0,0,"{""type"":""MultiPolygon"",""coordinates"":[[[[-107.34765407885415,48.068360253391006],[-107.34766815801163,48.06837787120977],[-107.34768085516211,48.068364204005526],[-107.34781213106253,48.06832128438188],[-107.34782446689461,48.068298706802366],[-107.34765407885415,48.068360253391006]]],[[[-107.34819808191567,48.06816154651457],[-107.34783094229721,48.06829411461087],[-107.34788480559584,48.06830641173826],[-107.34790541717953,48.06831935049806],[-107.34796004781448,48.06834953937893],[-107.34796051064384,48.068358433990866],[-107.34819550639418,48.068250909472276],[-107.34826525745652,48.06817356932916],[-107.34819808191567,48.06816154651457]]]]}"
000000000000000004d7,10142,0,0,0,"{""type"":""Polygon"",""coordinates"":[[[-107.3481641135406,48.06814881088046],[-107.34800986788737,48.068125203756225],[-107.34757092298004,48.068290519481685],[-107.34759873220835,48.06831668688409],[-107.34765407885415,48.068360253391006],[-107.34782446689461,48.068298706802366],[-107.34782421317755,48.068294223981844],[-107.34783094229721,48.06829411461087],[-107.34819808191567,48.06816154651457],[-107.3481641135406,48.06814881088046]]]}"
000000000000000004e8,10143,0,0,0,"{""type"":""Polygon"",""coordinates"":[[[-107.34791900609984,48.06803327640458],[-107.34789906656533,48.068033644031814],[-107.34787989423549,48.06805190334673],[-107.34786698816164,48.06806115872851],[-107.34784827861263,48.068088312614485],[-107.34782288458806,48.06811564691833],[-107.34779698310211,48.06813401561622],[-107.34776373153507,48.06813465722085],[-107.34768741241518,48.068069241875534],[-107.34769244883917,48.06803345169046],[-107.34768217632663,48.06795325762146],[-107.34768413803214,48.067850502074904],[-107.34766312095041,48.06782858204312],[-107.34764601197637,48.06774407013205],[-107.34763892174188,48.06773526920784],[-107.34755843582114,48.067723519984284],[-107.34742788453002,48.067784259286604],[-107.34746180741837,48.06779692407774],[-107.34748883692792,48.067805357495835],[-107.34755585892111,48.0678128822132],[-107.34758447950985,48.067857012058354],[-107.34755929459205,48.06788875792026],[-107.34753328570547,48.06790269894579],[-107.34752094989278,48.06792527631679],[-107.34752340940436,48.067978848749995],[-107.34755244814903,48.068031802266816],[-107.34755367792364,48.06805858853012],[-107.34756420383631,48.06814326558997],[-107.34753901868824,48.06817501162573],[-107.34756137313236,48.06822814572112],[-107.34756234922045,48.06825044926639],[-107.34754965208636,48.06826411642485],[-107.34757092298004,48.068290519481685],[-107.34800986788737,48.068125203756225],[-107.34791900609984,48.06803327640458]]]}"
000000000000000004d0,10144,0,0,0,"{""type"":""GeometryCollection"",""geometries"":[{""type"":""LineString"",""coordinates"":[[-107.34763891440836,48.067735269701664],[-107.347645774937,48.06773959586739],[-107.34764597798528,48.067744058128575]]},{""type"":""Polygon"",""coordinates"":[[[-107.34805783413283,48.068008052237985],[-107.34803819900887,48.068017417019625],[-107.34797893851633,48.06803199988831],[-107.34794563008174,48.068032728358645],[-107.34791900609984,48.06803327640458],[-107.34800986788737,48.068125203756225],[-107.3481641135406,48.06814881088046],[-107.34805783413283,48.068008052237985]]]}]}"
000000000000000004d1,10145,0,0,0,"{""type"":""Polygon"",""coordinates"":[[[-107.3481548239445,48.06794355755367],[-107.34813565173627,48.06796181688527],[-107.34811611817207,48.067971165906165],[-107.3481034212685,48.06798483305932],[-107.34805783413283,48.068008052237985],[-107.3481641135406,48.06814881088046],[-107.34819808191567,48.06816154651457],[-107.34826525745652,48.06817356932916],[-107.34833145653064,48.06816328859923],[-107.3481548239445,48.06794355755367]]]}"
000000000000000004cf,10146,0,0,0,"{""type"":""Polygon"",""coordinates"":[[[-107.34828675825722,48.0679141017819],[-107.34818170169179,48.06794749223148],[-107.34816777458224,48.06793437319247],[-107.3481548239445,48.06794355755367],[-107.34833145653064,48.06816328859923],[-107.34833803949253,48.0681631239237],[-107.34846375318276,48.068142742775514],[-107.34828675825722,48.0679141017819]]]}"
000000000000000004cc,10147,0,0,0,"{""type"":""Polygon"",""coordinates"":[[[-107.3485463020404,48.068051719613706],[-107.34853371283809,48.06806981437148],[-107.34850061333712,48.068074954801666],[-107.34848010306834,48.06806200046753],[-107.34850575055859,48.06803914882045],[-107.34852528414736,48.068029799707425],[-107.3484049744972,48.067875938603635],[-107.34835917838933,48.06789474612638],[-107.34830654556303,48.067909235521725],[-107.34828675825722,48.0679141017819],[-107.34846375318276,48.068142742775514],[-107.34853031373179,48.06814137225063],[-107.34853678906899,48.0681367800269],[-107.34857472735685,48.06809127971863],[-107.3485463020404,48.068051719613706]],[[-107.34848914693904,48.06811540829459],[-107.34848107972267,48.06808430391838],[-107.34846093088306,48.06808025990486],[-107.3484554321904,48.0681071555796],[-107.34846273190244,48.06812036826251],[-107.34848914693904,48.06811540829459]]]}"
000000000000000004c5,10148,0,0,0,"{""type"":""MultiPolygon"",""coordinates"":[[[[-107.34852282920538,48.06782886502431],[-107.34845102437794,48.067861613845835],[-107.3484049744972,48.067875938603635],[-107.34852528414736,48.068029799707425],[-107.34853859622181,48.06802952559908],[-107.34854923811295,48.067971267316615],[-107.34857488551233,48.0679484156929],[-107.34860110352108,48.06793888612272],[-107.34852282920538,48.06782886502431]]],[[[-107.34859745076558,48.06800596103001],[-107.34857267240207,48.06804668859352],[-107.348546048233,48.0680472368185],[-107.3485463020404,48.068051719613706],[-107.34857472735685,48.06809127971863],[-107.34858135496165,48.06809118606322],[-107.34858685356753,48.06806429039165],[-107.34862509630265,48.068027787251175],[-107.34859745076558,48.06800596103001]]]]}"
000000000000000004cb,10149,0,0,0,"{""type"":""Polygon"",""coordinates"":[[[-107.34863349167841,48.06777300626549],[-107.34861355213154,48.067773374039845],[-107.34859438014631,48.06779163339826],[-107.34852282920538,48.06782886502431],[-107.34860110352108,48.06793888612272],[-107.3486075788169,48.06793429391299],[-107.34865378108782,48.06792446759131],[-107.34869248664181,48.06789685905186],[-107.3487120201461,48.06788750992828],[-107.34863349167841,48.06777300626549]]]}"
000000000000000004c9,10150,0,0,0,"{""type"":""Polygon"",""coordinates"":[[[-107.34876538106035,48.06774347890201],[-107.34874569533491,48.06774832947195],[-107.34867306619799,48.0677632736269],[-107.34864680367615,48.067772732145414],[-107.34863349167841,48.06777300626549],[-107.3487120201461,48.06788750992828],[-107.34877091909942,48.06786401635869],[-107.3488439546356,48.06785805341662],[-107.34876538106035,48.06774347890201]]]}"
000000000000000004d5,10151,0,0,0,"{""type"":""Polygon"",""coordinates"":[[[-107.34886385427413,48.06771025266323],[-107.34885701750858,48.06770593460816],[-107.34882376594933,48.06770657657506],[-107.34880372486624,48.067706960157004],[-107.3487916435654,48.0677340203567],[-107.34876538106035,48.06774347890201],[-107.3488439546356,48.06785805341662],[-107.34887726323005,48.06785732463252],[-107.34894906801561,48.06782457549546],[-107.3489819581714,48.06781502320142],[-107.34886385427413,48.06771025266323]]]}"
000000000000000004d6,10152,0,0,0,"{""type"":""GeometryCollection"",""geometries"":[{""type"":""LineString"",""coordinates"":[[-107.34898173975013,48.06781053867849],[-107.34898194291438,48.06781500093533]]},{""type"":""Polygon"",""coordinates"":[[[-107.34896213044867,48.06767245678098],[-107.34896289818941,48.06769034832714],[-107.34889756891667,48.06771850517479],[-107.34886385427413,48.06771025266323],[-107.348981704309,48.06781054042901],[-107.34907329629269,48.067772924839886],[-107.34911996159575,48.06777199282568],[-107.34915316867846,48.067771279715124],[-107.34896213044867,48.06767245678098]]]}]}"
000000000000000004f1,10153,0,0,0,"{""type"":""Polygon"",""coordinates"":[[[-107.34931964557045,48.067620518193564],[-107.34924902761877,48.06767998244994],[-107.3492017915078,48.06766759254907],[-107.34920092211803,48.067649716784345],[-107.34920616632532,48.06761833856195],[-107.34895945958098,48.06761447303212],[-107.34896032885338,48.06763234878999],[-107.3489619212273,48.06766804505661],[-107.34896213044867,48.06767245678098],[-107.34915316867846,48.067771279715124],[-107.34923267951316,48.06776072425556],[-107.34935053388428,48.0677136497706],[-107.34940455016162,48.06773044442459],[-107.34944371846605,48.06771173018123],[-107.34942994318165,48.067703109928104],[-107.34933614308697,48.06769163648805],[-107.34938168502799,48.06766834581997],[-107.34948905113538,48.067684027729825],[-107.34950945403602,48.067692554252176],[-107.3495635719832,48.06770933303718],[-107.34958408269537,48.06772228704109],[-107.34966981493577,48.067702656211694],[-107.34970157522717,48.067666301915445],[-107.34971319269641,48.06763034718],[-107.34931964557045,48.067620518193564]],[[-107.34916977083516,48.06769502066367],[-107.34918282899287,48.06769026370738],[-107.3491759921694,48.06768594567817],[-107.34916977083516,48.06769502066367]],[[-107.34916977083516,48.06769502066367],[-107.34915661114434,48.067699793387405],[-107.34916365721193,48.06770852314553],[-107.34916977083516,48.06769502066367]]]}"
000000000000000004c2,10154,0,0,0,"{""type"":""MultiPolygon"",""coordinates"":[[[[-107.34972147147111,48.067518501610785],[-107.34971376492864,48.06749630793474],[-107.34961971102086,48.06748035207393],[-107.34963733268123,48.067573828581324],[-107.34960521072979,48.06760127255513],[-107.34955828523518,48.06759327879913],[-107.34932601923865,48.0676159417345],[-107.34931964557045,48.067620518193564],[-107.34971319269641,48.06763034718],[-107.34971304027471,48.06762584865832],[-107.3497366306247,48.06755840624211],[-107.34972147147111,48.067518501610785]]],[[[-107.34920801602463,48.06751115627087],[-107.34920714662778,48.06749328055972],[-107.34894307056123,48.06754778223939],[-107.34894332442033,48.06755226498951],[-107.34895812106724,48.06758325955466],[-107.34895945958098,48.06761447303212],[-107.34920616632532,48.06761833856195],[-107.34921202602591,48.067600353348325],[-107.34921850122737,48.067595761129375],[-107.34919105245204,48.06757850482056],[-107.34921567758447,48.06753327896694],[-107.34920801602463,48.06751115627087]],[[-107.34917491687216,48.06751629687027],[-107.3491828322989,48.06754290231964],[-107.34919506565103,48.06752034069174],[-107.34917491687216,48.06751629687027]]]]}"
000000000000000004c8,10155,0,0,0,"{""type"":""Polygon"",""coordinates"":[[[-107.34920895164143,48.06738602749002],[-107.34891279889969,48.067468043754666],[-107.34891449276725,48.06750372414273],[-107.34894307056123,48.06754778223939],[-107.34920714662778,48.06749328055972],[-107.34917918396759,48.06746261555202],[-107.3492225174762,48.06739023602814],[-107.34920895164143,48.06738602749002]]]}"
000000000000000004c4,10156,0,0,0,"{""type"":""Polygon"",""coordinates"":[[[-107.34914778851447,48.067360518883476],[-107.34899375298532,48.067341325370535],[-107.34888885021641,48.067379214696686],[-107.3489097219113,48.06740107898473],[-107.34891203117706,48.06745015228352],[-107.34891279889969,48.067468043754666],[-107.34920895164143,48.06738602749002],[-107.34914778851447,48.067360518883476]]]}"
000000000000000004c7,10157,0,0,0,"{""type"":""Polygon"",""coordinates"":[[[-107.34892426884261,48.06728023005511],[-107.34890469104074,48.067289508069514],[-107.34888556404833,48.06730783834415],[-107.34886747084781,48.06734838494516],[-107.34888885021641,48.067379214696686],[-107.34899375298532,48.067341325370535],[-107.34892426884261,48.06728023005511]]]}"
000000000000000004c3,10158,0,0,0,"{""type"":""Polygon"",""coordinates"":[[[-107.3490347771522,48.06721987297371],[-107.34897006416624,48.06726142250275],[-107.34892426884261,48.06728023005511],[-107.34899375298532,48.067341325370535],[-107.34914778851447,48.067360518883476],[-107.3490347771522,48.06721987297371]]]}"
000000000000000004ae,10159,0,0,0,"{""type"":""Polygon"",""coordinates"":[[[-107.3491038017867,48.067124713502395],[-107.34909692043641,48.06712032447616],[-107.3490436731368,48.06712142116421],[-107.34904465016807,48.06714372419961],[-107.34904588107301,48.06717050996133],[-107.34903343855439,48.06718865973436],[-107.34903416170485,48.06720648007832],[-107.3490347771522,48.06721987297371],[-107.34914778851447,48.067360518883476],[-107.34920895164143,48.06738602749002],[-107.3492225174762,48.06739023602814],[-107.34923521390243,48.067376568893884],[-107.34927931511797,48.06732208088228],[-107.3491038017867,48.067124713502395]],[[-107.3491257521405,48.067168864911785],[-107.34910560357103,48.06716482109753],[-107.34911284652546,48.06717812029376],[-107.3491257521405,48.067168864911785]],[[-107.34907131846967,48.067143246893636],[-107.34905112529289,48.067139132033915],[-107.3490583682194,48.06715243122845],[-107.34907131846967,48.067143246893636]],[[-107.34907373567934,48.067196747393325],[-107.34905358711244,48.06719270356592],[-107.34906078540932,48.06720593173836],[-107.34907373567934,48.067196747393325]]]}"
000000000000000004ee,10160,0,0,0,"{""type"":""MultiPolygon"",""coordinates"":[[[[-107.34935173683343,48.067155364440765],[-107.3491038017867,48.067124713502395],[-107.34927931511797,48.06732208088228],[-107.34930460015049,48.06729031917881],[-107.3493435587056,48.06726719345699],[-107.34935965235191,48.06718196969005],[-107.34935173683343,48.067155364440765]]],[[[-107.34964058614165,48.06720749502173],[-107.34965328240446,48.067193827883884],[-107.34962665854123,48.067194376392315],[-107.34962043737997,48.06720345131759],[-107.34958780165027,48.06721748642466],[-107.34955387774126,48.06720482255177],[-107.34956194583539,48.06723592629363],[-107.34954179708488,48.06723188257048],[-107.34951538251697,48.06723684273298],[-107.34949436423673,48.06721492338972],[-107.3494992464262,48.06717463525565],[-107.34941865791018,48.06716290351559],[-107.34941988908854,48.06718968927536],[-107.34945602136887,48.067251442044416],[-107.34950453306132,48.06729068857308],[-107.34955850426653,48.06730741198063],[-107.34962094383127,48.0673597771628],[-107.34961570000806,48.06739115524337],[-107.34962376818379,48.0674222590885],[-107.34961909536439,48.06746695912107],[-107.34961971102086,48.06748035207393],[-107.34971376492864,48.06749630793474],[-107.3496917689394,48.06745208537422],[-107.34974440137606,48.06743759535455],[-107.34971032473852,48.06742043298764],[-107.34971412779286,48.06735785733926],[-107.34965841710768,48.06730538272861],[-107.34965780143344,48.06729198982115],[-107.34965718575916,48.0672785969171],[-107.34964325812629,48.06726547827313],[-107.34963642128724,48.06726116031216],[-107.34964058614165,48.06720749502173]],[[-107.34960332226137,48.06726630103175],[-107.3496175038179,48.06728390240547],[-107.34963642128724,48.06726116031216],[-107.34960332226137,48.06726630103175]]]]}"
00000000000000000481,10161,0,0,0,"{""type"":""MultiPolygon"",""coordinates"":[[[[-107.34967147634605,48.06715326550503],[-107.34962665854123,48.067194376392315],[-107.34965328240446,48.067193827883884],[-107.34971105037754,48.06714353256537],[-107.34967147634605,48.06715326550503]]],[[[-107.34933277717525,48.06703067547066],[-107.34910940754578,48.067102245754874],[-107.34909692043641,48.06712032447616],[-107.3491038017867,48.067124713502395],[-107.34935173683343,48.067155364440765],[-107.34935133054042,48.06714638324486],[-107.34935513410755,48.0670838079248],[-107.34933277717525,48.06703067547066]]],[[[-107.349648250445,48.06693489788158],[-107.34964090576462,48.06692161456146],[-107.3495687411468,48.06694545348057],[-107.34958986712438,48.0669718001277],[-107.34957079739203,48.066990043614936],[-107.3495800967753,48.06704793291042],[-107.34955445038212,48.06707078438504],[-107.349534047787,48.06706225796564],[-107.34951929536808,48.06703133484266],[-107.34948228547965,48.06709462331412],[-107.34945627733998,48.06710856463125],[-107.3494504178432,48.06712654968592],[-107.34942451742776,48.06714491844986],[-107.34941865791018,48.06716290351559],[-107.3494992464262,48.06717463525565],[-107.34950464269166,48.06714775579111],[-107.34955665900817,48.06711987310546],[-107.34959597904054,48.06710565751235],[-107.34962871619808,48.06709160666601],[-107.34965205229135,48.067019682264814],[-107.34964398414213,48.06698857866023],[-107.34965631859114,48.066966001454034],[-107.349648250445,48.06693489788158]]]]}"
000000000000000004a9,10162,0,0,0,"{""type"":""Polygon"",""coordinates"":[[[-107.34960600469414,48.06688664785235],[-107.34951205398849,48.066870676260095],[-107.34946564355013,48.06687609111454],[-107.34943855675947,48.06686774521661],[-107.34941861752705,48.06686811314409],[-107.34939174004535,48.06686417888734],[-107.34936537040713,48.066869210001],[-107.34934522191655,48.066865166258225],[-107.34929881154734,48.066870581029576],[-107.34929074374455,48.066839477474936],[-107.34926473577681,48.06685341866788],[-107.34927403464015,48.06691130785539],[-107.3492350764672,48.066934433382265],[-107.34921652064713,48.06696608538396],[-107.34919571200378,48.066948577740774],[-107.34916261336222,48.06695371826778],[-107.34910940754578,48.067102245754874],[-107.34933277717525,48.06703067547066],[-107.34932543261789,48.06701739209897],[-107.34929762251662,48.06699122586815],[-107.34931700312384,48.06697737832817],[-107.34933571126706,48.06695022476663],[-107.34938063667327,48.06691354163742],[-107.34946039971514,48.06690746889743],[-107.34954797690658,48.0669280169614],[-107.3495687411468,48.06694545348057],[-107.34964090576462,48.06692161456146],[-107.34960600469414,48.06688664785235]]]}"
000000000000000004c0,10163,0,0,0,"{""type"":""Polygon"",""coordinates"":[[[-107.34914261725191,48.06695417294147],[-107.34900909337546,48.06694793348072],[-107.34901581861193,48.067095183759115],[-107.34904259457545,48.067099133906694],[-107.34904305768417,48.06710802829417],[-107.3490436731368,48.06712142116421],[-107.34909692043641,48.06712032447616],[-107.34910940754578,48.067102245754874],[-107.34916261336222,48.06695371826778],[-107.34914261725191,48.06695417294147]]]}"
000000000000000004c1,10164,0,0,0,"{""type"":""Polygon"",""coordinates"":[[[-107.34895563714718,48.06694461844545],[-107.34888928765899,48.06695040085145],[-107.34886913928418,48.066946356999395],[-107.34888208522692,48.067084532436795],[-107.34901581861193,48.067095183759115],[-107.34900909337546,48.06694793348072],[-107.34895563714718,48.06694461844545]]]}"
000000000000000004af,10165,0,0,0,"{""type"":""Polygon"",""coordinates"":[[[-107.34886913928418,48.066946356999395],[-107.34880880189134,48.06693865284974],[-107.3488097787858,48.06696095581325],[-107.34877693406423,48.0669705789075],[-107.34876300698245,48.06695746019873],[-107.34873638354014,48.06695800844674],[-107.34874886593343,48.067087289557065],[-107.34885546165988,48.067085080722386],[-107.34888208522692,48.067084532436795],[-107.34886913928418,48.066946356999395]]]}"
000000000000000004ca,10166,0,0,0,"{""type"":""Polygon"",""coordinates"":[[[-107.34873638354014,48.06695800844674],[-107.34872990843306,48.06696260057486],[-107.3486637113433,48.06697288129413],[-107.34861046449979,48.06697397772689],[-107.3486086579161,48.0670812299822],[-107.34861534223487,48.06708104952749],[-107.34865589279303,48.06709362006809],[-107.34874886593343,48.067087289557065],[-107.34873638354014,48.06695800844674]]]}"
000000000000000004ce,10167,0,0,0,"{""type"":""Polygon"",""coordinates"":[[[-107.3486036279094,48.06696965970995],[-107.34854915055463,48.06694397043325],[-107.34843314445317,48.067031221735796],[-107.34850761780619,48.067056456586066],[-107.34858835727704,48.06707268758107],[-107.3486086579161,48.0670812299822],[-107.34861046449979,48.06697397772689],[-107.3486036279094,48.06696965970995]]]}"
000000000000000004ad,10168,0,0,0,"{""type"":""Polygon"",""coordinates"":[[[-107.34843289665832,48.06687937943619],[-107.34831247022933,48.06701581281157],[-107.34839244187185,48.06701415263451],[-107.34843314445317,48.067031221735796],[-107.34854915055463,48.06694397043325],[-107.34843289665832,48.06687937943619]]]}"
000000000000000004b1,10169,0,0,0,"{""type"":""Polygon"",""coordinates"":[[[-107.34841234240724,48.0668663543312],[-107.34827814798592,48.066846807812475],[-107.3482259727917,48.06701755077672],[-107.34824591185057,48.06701718310067],[-107.34829915855,48.067016086873174],[-107.34831247022933,48.06701581281157],[-107.34843289665832,48.06687937943619],[-107.34841234240724,48.0668663543312]]]}"
000000000000000004bb,10170,0,0,0,"{""type"":""Polygon"",""coordinates"":[[[-107.34822449552058,48.06683892286338],[-107.34813692055816,48.06681837356862],[-107.34811886438392,48.067006350259675],[-107.34815232419491,48.06701012024089],[-107.34819266517962,48.06701827929791],[-107.34821266112398,48.067017824826024],[-107.3482259727917,48.06701755077672],[-107.34827814798592,48.066846807812475],[-107.34822449552058,48.06683892286338]]]}"
000000000000000004cd,10171,0,0,0,"{""type"":""Polygon"",""coordinates"":[[[-107.34814180404638,48.066778085775475],[-107.34814057378823,48.06675130018623],[-107.34803922474639,48.06672213052687],[-107.34799990522312,48.0667363453645],[-107.34800282839275,48.06679881089659],[-107.3480370552772,48.066820472177035],[-107.3479969683531,48.06681679576993],[-107.34799114520898,48.06698221119447],[-107.34800466594285,48.06698634884877],[-107.34807209294966,48.06700285429563],[-107.34811886438392,48.067006350259675],[-107.34813692055816,48.06681837356862],[-107.34811677250428,48.06681432956047],[-107.34810947315165,48.066801117171245],[-107.34814180404638,48.066778085775475]],[[-107.34810947315165,48.066801117171245],[-107.34810223069626,48.06678781798217],[-107.34809600934746,48.06679689274288],[-107.34810947315165,48.066801117171245]]]}"
000000000000000004b9,10172,0,0,0,"{""type"":""GeometryCollection"",""geometries"":[{""type"":""LineString"",""coordinates"":[[-107.34794245814123,48.06679111751653],[-107.34794225507409,48.06678665525555]]},{""type"":""Polygon"",""coordinates"":[[[-107.34798037232895,48.06674569412218],[-107.34796120074967,48.06676395298574],[-107.34796829092448,48.06677275372459],[-107.34798242664905,48.06679028416957],[-107.34800282839275,48.06679881089659],[-107.34799990522312,48.0667363453645],[-107.34798037232895,48.06674569412218]]]},{""type"":""Polygon"",""coordinates"":[[[-107.3479767188184,48.066812767498426],[-107.34794249199872,48.066791106197975],[-107.34783455222724,48.06690946025027],[-107.34783480595328,48.066913942952134],[-107.34788193842948,48.06692634916902],[-107.34790902444175,48.06693469553588],[-107.34793641489352,48.066952038838885],[-107.34795018934243,48.066960659204355],[-107.34796426822535,48.06697827651628],[-107.34799114520898,48.06698221119447],[-107.3479969683531,48.06681679576993],[-107.3479767188184,48.066812767498426]]]}]}"
000000000000000004bd,10173,0,0,0,"{""type"":""MultiPolygon"",""coordinates"":[[[[-107.34795395836511,48.0667506537931],[-107.34796120074967,48.06676395298574],[-107.34798037232895,48.06674569412218],[-107.34795395836511,48.0667506537931]]],[[[-107.34790132728229,48.0667651426055],[-107.34787347415839,48.06673890501119],[-107.34771203453752,48.06685387208366],[-107.34773978002457,48.0668756823537],[-107.34783455222724,48.06690946025027],[-107.34794223825874,48.066786623507255],[-107.34790132728229,48.0667651426055]]]]}"
000000000000000004bc,10174,0,0,0,"{""type"":""Polygon"",""coordinates"":[[[-107.34761541790412,48.066779915656454],[-107.34763618071582,48.06679735258125],[-107.34765745096031,48.06682375489668],[-107.3476915253527,48.066840917855004],[-107.34771203453752,48.06685387208366],[-107.34787347415839,48.06673890501119],[-107.34786638401914,48.06673010427013],[-107.34783050916049,48.06667283410343],[-107.34786936577667,48.06664972503049],[-107.34786921357271,48.06664522658449],[-107.34761541790412,48.066779915656454]]]}"
000000000000000004bf,10175,0,0,0,"{""type"":""Polygon"",""coordinates"":[[[-107.34774756531779,48.06660751415766],[-107.34754521560482,48.066700999680016],[-107.34756705599924,48.06674072373091],[-107.34761541790412,48.066779915656454],[-107.34786921357271,48.06664522658449],[-107.34786813571303,48.06662293949839],[-107.34786654434897,48.06658724389958],[-107.34774756531779,48.06660751415766]]]}"
0000000000000000047a,10176,0,0,0,"{""type"":""Polygon"",""coordinates"":[[[-107.34751346441831,48.06658999373607],[-107.34752343215071,48.0666611888511],[-107.34754521560482,48.066700999680016],[-107.34774756531779,48.06660751415766],[-107.34751346441831,48.06658999373607]]]}"
000000000000000004b8,10177,0,0,0,"{""type"":""Polygon"",""coordinates"":[[[-107.34756959716746,48.06650393368453],[-107.34755021655299,48.066517780746345],[-107.34752477894891,48.06654504309041],[-107.34751208245223,48.06655870978314],[-107.34751346441831,48.06658999373607],[-107.34774756531779,48.06660751415766],[-107.34786654434897,48.06658724389958],[-107.3478662906172,48.06658276122589],[-107.34786613841304,48.06657826278564],[-107.34756959716746,48.06650393368453]]]}"
000000000000000004ba,10178,0,0,0,"{""type"":""Polygon"",""coordinates"":[[[-107.3475985426459,48.066409543136544],[-107.34758229363044,48.06649026699932],[-107.34756959716746,48.06650393368453],[-107.34786613841304,48.06657826278564],[-107.34786454704843,48.06654256721723],[-107.34786346918828,48.066520280174736],[-107.34786969052448,48.06651120547731],[-107.3475985426459,48.066409543136544]]]}"
000000000000000004be,10179,0,0,0,"{""type"":""Polygon"",""coordinates"":[[[-107.3478665077804,48.06643981445658],[-107.34786028645738,48.0664488891411],[-107.34783438622303,48.066467257233356],[-107.34779383697459,48.06645468646219],[-107.3478253435151,48.066413850993996],[-107.34769501485985,48.06633164252958],[-107.34763713929324,48.06637750846642],[-107.3475981814082,48.06640063308527],[-107.3475985426459,48.066409543136544],[-107.34786969052448,48.06651120547731],[-107.34787605802083,48.06650218604917],[-107.34788727059461,48.06645725121381],[-107.34788706149513,48.066452839586255],[-107.3478665077804,48.06643981445658]]]}"
000000000000000004b5,10180,0,0,0,"{""type"":""MultiPolygon"",""coordinates"":[[[[-107.34788506416018,48.066408163019744],[-107.3478665077804,48.06643981445658],[-107.34788706149513,48.066452839586255],[-107.34791168696799,48.066407615030045],[-107.34791132565405,48.06639870498221],[-107.34788506416018,48.066408163019744]]],[[[-107.34781214789744,48.06627119443143],[-107.3477601325386,48.066299075694765],[-107.34770786341625,48.06632247429365],[-107.34769501485985,48.06633164252958],[-107.3478253435151,48.066413850993996],[-107.3478763826861,48.0663636668879],[-107.347883009933,48.06636357329294],[-107.34781214789744,48.06627119443143]]]]}"
000000000000000004b7,10181,0,0,0,"{""type"":""MultiPolygon"",""coordinates"":[[[[-107.34791132565405,48.06639870498221],[-107.34791168696799,48.066407615030045],[-107.34791769917058,48.0663941287273],[-107.34791132565405,48.06639870498221]]],[[[-107.3479436699549,48.066232759176906],[-107.3479035268173,48.06622916955618],[-107.34787798201751,48.066252004456835],[-107.34781214789744,48.06627119443143],[-107.347883009933,48.06636357329294],[-107.34793039551354,48.06638046202766],[-107.34794941466838,48.06635770488824],[-107.34796226320826,48.06634853661406],[-107.34798143455241,48.066330277900946],[-107.3479436699549,48.066232759176906]]]]}"
00000000000000000493,10182,0,0,0,"{""type"":""Polygon"",""coordinates"":[[[-107.34808268804024,48.066212105455755],[-107.34802317672856,48.06622220513338],[-107.34797033728911,48.06623228221006],[-107.3479436699549,48.066232759176906],[-107.34798143455241,48.066330277900946],[-107.3480009672179,48.06632092922292],[-107.3480605802084,48.06631081376916],[-107.34810709700997,48.06630982706582],[-107.34808268804024,48.066212105455755]]]}"
000000000000000004ac,10183,0,0,0,"{""type"":""Polygon"",""coordinates"":[[[-107.34820835017872,48.066191654542095],[-107.34818172744184,48.06619220261014],[-107.34808937216583,48.06621192504561],[-107.34808268804024,48.066212105455755],[-107.34810709700997,48.06630982706582],[-107.34816034261725,48.06630873095794],[-107.34818696543158,48.06630818289264],[-107.34824693987159,48.06630697735169],[-107.34820835017872,48.066191654542095]]]}"
000000000000000004a6,10184,0,0,0,"{""type"":""Polygon"",""coordinates"":[[[-107.34832692216408,48.066162402860314],[-107.34830080698983,48.06617191623214],[-107.34827454564658,48.06618137433166],[-107.3482283456814,48.06619120008531],[-107.34820835017872,48.066191654542095],[-107.34824693987159,48.06630697735169],[-107.34827356270915,48.06630642926176],[-107.34838570474334,48.06628184050173],[-107.34832692216408,48.066162402860314]]]}"
000000000000000004b0,10185,0,0,0,"{""type"":""Polygon"",""coordinates"":[[[-107.34842585393044,48.066138072415555],[-107.34839311763398,48.06615212257368],[-107.34835318349552,48.06615294475018],[-107.34832692216408,48.066162402860314],[-107.34838570474334,48.06628184050173],[-107.34839238890262,48.066281660069365],[-107.34849707921367,48.06623936055672],[-107.3485299232405,48.06622973771024],[-107.34842585393044,48.066138072415555]]]}"
000000000000000004ab,10186,0,0,0,"{""type"":""Polygon"",""coordinates"":[[[-107.34850988839217,48.06608276386213],[-107.34847812274982,48.066114673515166],[-107.34842585393044,48.066138072415555],[-107.3485299232405,48.06622973771024],[-107.34860906887535,48.06621027316346],[-107.3486681742596,48.06619119207993],[-107.34868087035663,48.06617752534003],[-107.34850988839217,48.06608276386213]]]}"
000000000000000004a2,10187,0,0,0,"{""type"":""Polygon"",""coordinates"":[[[-107.34859325659316,48.06600954854545],[-107.34856118035133,48.06603706235726],[-107.34850988839217,48.06608276386213],[-107.34868087035663,48.06617752534003],[-107.34873889729057,48.0661361573698],[-107.34878515420417,48.066126244577156],[-107.34879821178416,48.066121487830266],[-107.34859325659316,48.06600954854545]]]}"
000000000000000004a5,10188,0,0,0,"{""type"":""Polygon"",""coordinates"":[[[-107.34870334264505,48.065940370245954],[-107.34866423313663,48.0659589967047],[-107.34859325659316,48.06600954854545],[-107.34879821178416,48.066121487830266],[-107.34881778894524,48.06611221006059],[-107.34881532738318,48.0660586396201],[-107.34870334264505,48.065940370245954]]]}"
000000000000000004a3,10189,0,0,0,"{""type"":""Polygon"",""coordinates"":[[[-107.34882921359775,48.06592433021257],[-107.34876265680928,48.065925700791574],[-107.34871002676505,48.065940189793615],[-107.34870334264505,48.065940370245954],[-107.34881532738318,48.0660586396201],[-107.34889540887019,48.06591404963078],[-107.34882921359775,48.06592433021257]]]}"
000000000000000004b2,10190,0,0,0,"{""type"":""Polygon"",""coordinates"":[[[-107.34892850651093,48.06590890932338],[-107.34889540887019,48.06591404963078],[-107.34881532738318,48.0660586396201],[-107.34881778894524,48.06611221006059],[-107.34887689419945,48.06609312888736],[-107.34889704212465,48.06609717268338],[-107.34902111204208,48.06604102556105],[-107.34903442347405,48.06604075141057],[-107.34892850651093,48.06590890932338]]]}"
000000000000000004b3,10191,0,0,0,"{""type"":""Polygon"",""coordinates"":[[[-107.34906104946035,48.06589284635908],[-107.34892850651093,48.06590890932338],[-107.34903442347405,48.06604075141057],[-107.3491007714117,48.066034969043805],[-107.34914080726718,48.066034130784786],[-107.34918027845639,48.066024414073496],[-107.34918696262478,48.06602423358639],[-107.34906104946035,48.06589284635908]]]}"
000000000000000004a1,10192,0,0,0,"{""type"":""Polygon"",""coordinates"":[[[-107.34911157910489,48.065833696933105],[-107.3491063352293,48.065865074073734],[-107.3490741069604,48.06588808959781],[-107.34906104946035,48.06589284635908],[-107.34918696262478,48.06602423358639],[-107.34936504603651,48.065984880354634],[-107.34939069167531,48.06596202942318],[-107.34911157910489,48.065833696933105]]]}"
0000000000000000049c,10193,0,0,0,"{""type"":""Polygon"",""coordinates"":[[[-107.3491162521007,48.06578899831339],[-107.34911157910489,48.065833696933105],[-107.34939069167531,48.06596202942318],[-107.34939043775226,48.065957546811845],[-107.34944126572609,48.065902950784604],[-107.34947374784765,48.06588441773685],[-107.34948629123843,48.0658662526064],[-107.34950484624089,48.0658346012373],[-107.3495234012129,48.06580294988447],[-107.34952905110298,48.06578055372489],[-107.3491162521007,48.06578899831339]]]}"
000000000000000004a0,10194,0,0,0,"{""type"":""Polygon"",""coordinates"":[[[-107.34953198440114,48.06570010495346],[-107.34913198361853,48.0656948670847],[-107.34912694904452,48.06573065570193],[-107.34911486872379,48.06575771489739],[-107.3491162521007,48.06578899831339],[-107.34952905110298,48.06578055372489],[-107.34953501806487,48.06576699646423],[-107.34955979386874,48.06572627048795],[-107.34953198440114,48.06570010495346]]]}"
00000000000000000499,10195,0,0,0,"{""type"":""Polygon"",""coordinates"":[[[-107.34947489263439,48.06561634851156],[-107.34914124020227,48.065605328055085],[-107.34913198361853,48.0656948670847],[-107.34953198440114,48.06570010495346],[-107.34947489263439,48.06561634851156]]]}"
0000000000000000049b,10196,0,0,0,"{""type"":""Polygon"",""coordinates"":[[[-107.34944682939492,48.06558570042409],[-107.34944646769522,48.06557679053154],[-107.3491831308981,48.06550175471597],[-107.34917125996265,48.06553322534008],[-107.34914124020227,48.065605328055085],[-107.34947489263439,48.06561634851156],[-107.34947468333759,48.06561193696325],[-107.34944682939492,48.06558570042409]]]}"
00000000000000000497,10197,0,0,0,"{""type"":""GeometryCollection"",""geometries"":[{""type"":""LineString"",""coordinates"":[[-107.34927248444704,48.06541506027013],[-107.34927228127476,48.065410598012356]]},{""type"":""Polygon"",""coordinates"":[[[-107.34927250859188,48.06541505355821],[-107.34924650167235,48.0654289943408],[-107.34918873626935,48.06547928766921],[-107.3491831308981,48.06550175471597],[-107.34944646769522,48.06557679053154],[-107.34945916338422,48.06556312385909],[-107.34927250859188,48.06541505355821]]]}]}"
00000000000000000495,10198,0,0,0,"{""type"":""Polygon"",""coordinates"":[[[-107.34940942410581,48.06534973846176],[-107.34938963809505,48.06535460467913],[-107.34934307721942,48.06535552093988],[-107.34929060027743,48.06537450841451],[-107.34927225468034,48.06541057099303],[-107.34945916338422,48.06556312385909],[-107.34946502255376,48.06554513934855],[-107.34947587129383,48.065491295323966],[-107.34940942410581,48.06534973846176]]]}"
0000000000000000048e,10199,0,0,0,"{""type"":""Polygon"",""coordinates"":[[[-107.34964732571446,48.06530468070322],[-107.34963401445962,48.06530495493047],[-107.34960739195533,48.0653055033793],[-107.34958066793287,48.065306067588864],[-107.34954777999316,48.0653156195749],[-107.34944874219106,48.06533552345847],[-107.34940942410581,48.06534973846176],[-107.34947587129383,48.065491295323966],[-107.34967394822944,48.06530413224304],[-107.34964732571446,48.06530468070322]]]}"
0000000000000000049a,10200,0,0,0,"{""type"":""Polygon"",""coordinates"":[[[-107.3497275550529,48.065311945143115],[-107.3496938420383,48.065303693260965],[-107.34967394822944,48.06530413224304],[-107.34947587129383,48.065491295323966],[-107.34946502255376,48.06554513934855],[-107.34948357738183,48.065513488181864],[-107.34952485041204,48.06554387777164],[-107.34974517653818,48.065405417768716],[-107.34975746567771,48.06538277021586],[-107.34976162987509,48.06532910685971],[-107.3497275550529,48.065311945143115]]]}"
0000000000000000049d,10201,0,0,0,"{""type"":""GeometryCollection"",""geometries"":[{""type"":""LineString"",""coordinates"":[[-107.34947488920086,48.06561637456838],[-107.34947468600964,48.06561191231139]]},{""type"":""Polygon"",""coordinates"":[[[-107.34952485041204,48.06554387777164],[-107.34954550615105,48.065556886542105],[-107.34960645767325,48.06557798253071],[-107.34964675347318,48.065586069733946],[-107.3497278531125,48.06561120924894],[-107.3497414184585,48.06561541758357],[-107.34974517653818,48.065405417768716],[-107.34952485041204,48.06554387777164]]]},{""type"":""Polygon"",""coordinates"":[[[-107.34955686168173,48.06565936326278],[-107.34948881962458,48.06562946678364],[-107.34947489263439,48.06561634851156],[-107.34953198440114,48.06570010495346],[-107.34955979386874,48.06572627048795],[-107.34957253422769,48.06571267479376],[-107.34957089650977,48.065676908853625],[-107.34955686168173,48.06565936326278]]]}]}"
000000000000000004aa,10202,0,0,0,"{""type"":""Polygon"",""coordinates"":[[[-107.34975746567771,48.06538277021586],[-107.34974517653818,48.065405417768716],[-107.3497414184585,48.06561541758357],[-107.34980859114596,48.065627438805215],[-107.34986245251974,48.065639734244776],[-107.34996745818552,48.06560627254933],[-107.34999371917445,48.06559681409879],[-107.34975746567771,48.06538277021586]]]}"
00000000000000000496,10203,0,0,0,"{""type"":""Polygon"",""coordinates"":[[[-107.34985506286678,48.06533166965421],[-107.3498229431018,48.06535911247171],[-107.34976162987509,48.06532910685971],[-107.34975746567771,48.06538277021586],[-107.34999371917445,48.06559681409879],[-107.35001998015751,48.06558735564291],[-107.35009254862548,48.065572497985286],[-107.35011192831642,48.06555865068261],[-107.35012487786443,48.065549466502496],[-107.34985506286678,48.06533166965421]]]}"
00000000000000000494,10204,0,0,0,"{""type"":""Polygon"",""coordinates"":[[[-107.34992002592143,48.0652946037079],[-107.3498808603156,48.06531331721452],[-107.34985506286678,48.06533166965421],[-107.35012487786443,48.065549466502496],[-107.35016943918039,48.06550387416688],[-107.35026729062135,48.06545725562523],[-107.34992002592143,48.0652946037079]]]}"
000000000000000004a8,10205,0,0,0,"{""type"":""Polygon"",""coordinates"":[[[-107.35000467337622,48.06525268718343],[-107.35000590506219,48.065279471946766],[-107.34993981194735,48.06528973738624],[-107.34992002592143,48.0652946037079],[-107.35026729062135,48.06545725562523],[-107.3502737653691,48.06545266353425],[-107.35031015636804,48.065375984407304],[-107.35030794659728,48.06532689736624],[-107.35000467337622,48.06525268718343]]]}"
00000000000000000216,10206,0,0,0,"{""type"":""Polygon"",""coordinates"":[[[-107.35004912654351,48.065202667889984],[-107.35005596310847,48.06520698565894],[-107.3500447087724,48.06525184857105],[-107.35001726097731,48.06523459324546],[-107.35000344169005,48.06522590243376],[-107.35000467337622,48.06525268718343],[-107.35030794659728,48.06532689736624],[-107.35029926211226,48.06528240244807],[-107.3503042508803,48.065246543072895],[-107.35029556640893,48.06520204822225],[-107.3503214651966,48.06518367994506],[-107.35035467038827,48.0651829665015],[-107.35043725635633,48.06523937248778],[-107.35043356034426,48.06515901834108],[-107.35004912654351,48.065202667889984]]]}"
00000000000000000486,10207,0,0,0,"{""type"":""Polygon"",""coordinates"":[[[-107.35059915152212,48.06499038767741],[-107.35057448504813,48.06503554057735],[-107.3505345511854,48.0650363636381],[-107.3505087987169,48.06505478717977],[-107.3504642382416,48.06510037926122],[-107.35040426433628,48.065101586148124],[-107.35038375450091,48.06508863294499],[-107.35032486007482,48.06511212614684],[-107.35029679620682,48.06508147861895],[-107.35031473426751,48.06503643527196],[-107.34999963879227,48.06514112099224],[-107.34998719738584,48.065159270158226],[-107.34994824129055,48.06518239514932],[-107.35002847069623,48.06518965931869],[-107.35004912654351,48.065202667889984],[-107.35043356034426,48.06515901834108],[-107.35042672371492,48.06515470060464],[-107.35044568428594,48.06513203034614],[-107.35050453410753,48.06510846602851],[-107.35055032665707,48.0650896585708],[-107.35058316986145,48.06508003525272],[-107.35060115227287,48.065035062892306],[-107.3506190899982,48.06499001953676],[-107.35059915152212,48.06499038767741]]]}"
00000000000000000484,10208,0,0,0,"{""type"":""Polygon"",""coordinates"":[[[-107.35027331458377,48.065005991066116],[-107.35024010957889,48.065006704474335],[-107.35017977408083,48.06499900142457],[-107.35013933238322,48.06499085926623],[-107.35013922452684,48.064986432005355],[-107.3499234209598,48.06507569539972],[-107.34997080696627,48.065092582700075],[-107.34998534987002,48.065119093109764],[-107.34999938478964,48.06513663845473],[-107.34999963879227,48.06514112099224],[-107.35031473426751,48.06503643527196],[-107.35033328825139,48.06500478426939],[-107.35027331458377,48.065005991066116]]]}"
00000000000000000483,10209,0,0,0,"{""type"":""Polygon"",""coordinates"":[[[-107.35009903688557,48.06498277235421],[-107.35012406563764,48.064946529388735],[-107.35012319572553,48.064928654573464],[-107.35012247197736,48.0649108350272],[-107.35012200857864,48.06490194102508],[-107.35010669724292,48.06485754018718],[-107.35010587197628,48.064839736433505],[-107.3500285763654,48.064899378492015],[-107.35001670627683,48.0649308488377],[-107.35000277925461,48.06491773081796],[-107.34984185881196,48.0650416622572],[-107.3498622158491,48.065050117273806],[-107.34987593349575,48.065058823848204],[-107.3499234209598,48.06507569539972],[-107.35013922452684,48.064986432005355],[-107.35009903688557,48.06498277235421]]]}"
0000000000000000047d,10210,0,0,0,"{""type"":""MultiPolygon"",""coordinates"":[[[[-107.35009035130398,48.06479092416885],[-107.35006969564641,48.06477791570381],[-107.35007591626339,48.06476884118308],[-107.35004353677762,48.064787358243656],[-107.35005725440394,48.06479606474896],[-107.35002719216416,48.06486809564102],[-107.35002816987479,48.06489039769048],[-107.3500285763654,48.064899378492015],[-107.35010587197628,48.064839736433505],[-107.35009035130398,48.06479092416885]]],[[[-107.34997554108416,48.06490488706937],[-107.34991386651636,48.064865972035896],[-107.34971250477703,48.064981760856334],[-107.34971934123935,48.06498607863371],[-107.34975330796192,48.06499881299036],[-107.34981462065969,48.06502881843205],[-107.34983523166065,48.065041755982804],[-107.34984185881196,48.0650416622572],[-107.35000277925461,48.06491773081796],[-107.34997554108416,48.06490488706937]]]]}"
00000000000000000480,10211,0,0,0,"{""type"":""MultiPolygon"",""coordinates"":[[[[-107.35004744641043,48.06472921299634],[-107.3500225639361,48.06476551105157],[-107.35003659876291,48.0647830562751],[-107.35004353677762,48.064787358243656],[-107.35007591626339,48.06476884118308],[-107.35009349248762,48.06471488840592],[-107.35004744641043,48.06472921299634]]],[[[-107.34990692851298,48.064861670051215],[-107.3498857586414,48.06483525348387],[-107.34985754299477,48.064800107694],[-107.34962149149922,48.064885342320174],[-107.34965607378511,48.06491146898574],[-107.34969780971335,48.064950752175896],[-107.34969842545003,48.06496414448339],[-107.34971250477703,48.064981760856334],[-107.34991386651636,48.064865972035896],[-107.34990692851298,48.064861670051215]]]]}"
00000000000000000491,10212,0,0,0,"{""type"":""MultiPolygon"",""coordinates"":[[[[-107.35006604502526,48.064697633262604],[-107.35004744641043,48.06472921299634],[-107.35009349248762,48.06471488840592],[-107.35006604502526,48.064697633262604]]],[[[-107.34983606233043,48.06476929543784],[-107.34982079606137,48.06472496568732],[-107.34980707855102,48.06471625915703],[-107.34980014059435,48.06471195717572],[-107.34957775623772,48.0648013840347],[-107.34957790866636,48.064805882314054],[-107.34960072827181,48.064867906471925],[-107.34962149149922,48.064885342320174],[-107.34985754299477,48.064800107694],[-107.3498573336464,48.06479569621652],[-107.34983606233043,48.06476929543784]]]]}"
0000000000000000047f,10213,0,0,0,"{""type"":""Polygon"",""coordinates"":[[[-107.3497933041636,48.06470763942589],[-107.34977963130821,48.064699003925675],[-107.34976545050836,48.0646814034246],[-107.34973759689916,48.0646551674272],[-107.34973723511484,48.06464625769605],[-107.34972356230212,48.06463762219686],[-107.3494818622347,48.064745251900675],[-107.34957775623772,48.0648013840347],[-107.34980014059435,48.06471195717572],[-107.3497933041636,48.06470763942589]]]}"
0000000000000000047e,10214,0,0,0,"{""type"":""Polygon"",""coordinates"":[[[-107.34969607053975,48.064620295932976],[-107.3496549060391,48.0645943341632],[-107.34961461128488,48.064586247089835],[-107.34956733404076,48.064573786979814],[-107.34946818948617,48.064736616347126],[-107.3494818622347,48.064745251900675],[-107.34972356230212,48.06463762219686],[-107.34969607053975,48.064620295932976]]]}"
0000000000000000048b,10215,0,0,0,"{""type"":""Polygon"",""coordinates"":[[[-107.3494668576188,48.06456249466207],[-107.34943299300863,48.06454974452708],[-107.34935975295083,48.064698648855675],[-107.34944095178878,48.06472377247899],[-107.34946125159138,48.064732314338045],[-107.34946818948617,48.064736616347126],[-107.34956733404076,48.064573786979814],[-107.3494668576188,48.06456249466207]]]}"
00000000000000000487,10216,0,0,0,"{""type"":""Polygon"",""coordinates"":[[[-107.3494261566763,48.06454542676193],[-107.3493720433261,48.06452864879528],[-107.34935837069419,48.064520013258786],[-107.34930451137174,48.06450771774656],[-107.349290946532,48.06450350942619],[-107.34927793247296,48.064655689927115],[-107.34931848099751,48.06466825965748],[-107.34935975295083,48.064698648855675],[-107.34943299300863,48.06454974452708],[-107.3494261566763,48.06454542676193]]]}"
0000000000000000047c,10217,0,0,0,"{""type"":""Polygon"",""coordinates"":[[[-107.34923672563072,48.06448230416957],[-107.34916123431238,48.06443469810813],[-107.34914123955829,48.06443515272526],[-107.34915726435933,48.06464028260945],[-107.34919658165317,48.06462606792208],[-107.34927793247296,48.064655689927115],[-107.349290946532,48.06450350942619],[-107.34923672563072,48.06448230416957]]]}"
00000000000000000492,10218,0,0,0,"{""type"":""Polygon"",""coordinates"":[[[-107.34906661794017,48.064405421277165],[-107.34903851133872,48.064374702714275],[-107.34902360788391,48.064339282824434],[-107.34900942768068,48.06432168231716],[-107.34898794195436,48.064286427149526],[-107.34900639483,48.06425479261342],[-107.34903250242637,48.06424083646238],[-107.34904432830037,48.06420929561085],[-107.34895860456137,48.06422892435693],[-107.34893701741811,48.06419368500483],[-107.34892992736616,48.06418488476749],[-107.3489118360718,48.06422542891306],[-107.34894091949809,48.06427844924831],[-107.34894251203988,48.06431414322725],[-107.34894312751271,48.06432753538366],[-107.34894374298548,48.064340927543476],[-107.34895828475263,48.0643674377577],[-107.34897282654089,48.06439394798259],[-107.34895304109023,48.06439881400689],[-107.3490378275094,48.06465165961014],[-107.34908398108986,48.06464176276745],[-107.34914395341177,48.06464055675738],[-107.34915726435933,48.06464028260945],[-107.34914123955829,48.06443515272526],[-107.34907443132444,48.06443204093734],[-107.34906661794017,48.064405421277165]],[[-107.34907443132444,48.06443204093734],[-107.34906112046316,48.064432315070476],[-107.34906821059764,48.06444111533756],[-107.34907443132444,48.06443204093734]]]}"
00000000000000000490,10219,0,0,0,"{""type"":""Polygon"",""coordinates"":[[[-107.34895304109023,48.06439881400689],[-107.3489203063966,48.0644128638382],[-107.34890782025782,48.06443094158275],[-107.34887009565601,48.06448085018864],[-107.3488503548032,48.06448578723252],[-107.34891299463642,48.06468991461587],[-107.3489981039559,48.06465689346759],[-107.3490378275094,48.06465165961014],[-107.34895304109023,48.06439881400689]]]}"
00000000000000000498,10220,0,0,0,"{""type"":""Polygon"",""coordinates"":[[[-107.3488503548032,48.06448578723252],[-107.34880415684283,48.06449561289497],[-107.34875214426773,48.06452349368155],[-107.34872552257251,48.06452404185673],[-107.34878024695875,48.06470156541765],[-107.3488667395145,48.064699827153106],[-107.348879644233,48.06469057226456],[-107.34890631072733,48.0646900950727],[-107.34891299463642,48.06468991461587],[-107.3488503548032,48.06448578723252]]]}"
0000000000000000049f,10221,0,0,0,"{""type"":""MultiPolygon"",""coordinates"":[[[[-107.34858908366914,48.064455339101414],[-107.34858872216132,48.064446429392895],[-107.34857515753252,48.06444222097079],[-107.3485834781912,48.06447780567696],[-107.34858908366914,48.064455339101414]]],[[[-107.3485834781912,48.06447780567696],[-107.3486490916255,48.06474891032308],[-107.3486686233986,48.0647395618137],[-107.34868193431448,48.064739287732074],[-107.34869524523218,48.06473901364854],[-107.34873409337834,48.06471146212539],[-107.34875362512801,48.06470211360595],[-107.34878024695875,48.06470156541765],[-107.34872552257251,48.06452404185673],[-107.34869217238446,48.06452469943266],[-107.34867140999143,48.06450726348189],[-107.34865773763632,48.06449862784196],[-107.34864406528942,48.064489992201295],[-107.3485834781912,48.06447780567696]]]]}"
000000000000000004a4,10222,0,0,0,"{""type"":""Polygon"",""coordinates"":[[[-107.34857515753252,48.06444222097079],[-107.34856173906611,48.064438067811935],[-107.34845647345153,48.064761750618125],[-107.34854358116708,48.064773404924544],[-107.34858998860945,48.06476799080974],[-107.3486490916255,48.06474891032308],[-107.34857515753252,48.06444222097079]]]}"
0000000000000000049e,10223,0,0,0,"{""type"":""Polygon"",""coordinates"":[[[-107.34850762677875,48.06442128936469],[-107.34830738364712,48.06470678449148],[-107.34831421979202,48.06471110235447],[-107.34840908933867,48.064744862627684],[-107.34844978956137,48.064761931042895],[-107.34845647345153,48.064761750618125],[-107.34856173906611,48.064438067811935],[-107.34850762677875,48.06442128936469]]]}"
0000000000000000048d,10224,0,0,0,"{""type"":""Polygon"",""coordinates"":[[[-107.34846024303306,48.06440440149991],[-107.34819011583691,48.06461982274875],[-107.34822505775453,48.064654859589815],[-107.34827989293069,48.064689457772026],[-107.34830738364712,48.06470678449148],[-107.34850762677875,48.06442128936469],[-107.34846024303306,48.06440440149991]]]}"
000000000000000004b4,10225,0,0,0,"{""type"":""Polygon"",""coordinates"":[[[-107.3484464692725,48.0643957816106],[-107.34840736144952,48.06441440737294],[-107.34839466595852,48.06442807360156],[-107.34839420297561,48.064419179662444],[-107.34832872740247,48.06444283595948],[-107.34832199894404,48.064442945340566],[-107.34831552428506,48.06444753720902],[-107.34830894198332,48.064447701854576],[-107.34830930342302,48.0644566115661],[-107.34829573886452,48.06445240310185],[-107.34806641865278,48.064537523882066],[-107.34816226386927,48.064593586282754],[-107.34819011583691,48.06461982274875],[-107.34846024303306,48.06440440149991],[-107.3484464692725,48.0643957816106]]]}"
000000000000000004b6,10226,0,0,0,"{""type"":""Polygon"",""coordinates"":[[[-107.34843300622113,48.06439155740429],[-107.34832662786593,48.064398176899076],[-107.34831331712243,48.06439845092521],[-107.34828756466716,48.06441687364559],[-107.34826007416623,48.06439954701081],[-107.34802145771935,48.06442678092472],[-107.34802228198126,48.06444458458158],[-107.34802525612302,48.06451156140342],[-107.34806641865278,48.064537523882066],[-107.34829573886452,48.06445240310185],[-107.34829563122456,48.06444797587889],[-107.34830894198332,48.064447701854576],[-107.34831490904473,48.06443414501202],[-107.34832199894404,48.064442945340566],[-107.34839420297561,48.064419179662444],[-107.34838721457945,48.06441036357701],[-107.34840736144952,48.06441440737294],[-107.3484464692725,48.0643957816106],[-107.34843300622113,48.06439155740429]]]}"
000000000000000004a7,10227,0,0,0,"{""type"":""Polygon"",""coordinates"":[[[-107.34825323808525,48.06439522916801],[-107.34821182169983,48.064364784360095],[-107.3482306304314,48.064337616624684],[-107.34823001521994,48.06432422445449],[-107.34803672798645,48.064323758353204],[-107.34803086847329,48.06434174236613],[-107.34801961232033,48.06438660434608],[-107.34802145771935,48.06442678092472],[-107.34826007416623,48.06439954701081],[-107.34825323808525,48.06439522916801]]]}"
0000000000000000048c,10228,0,0,0,"{""type"":""Polygon"",""coordinates"":[[[-107.3480456250323,48.06422531204835],[-107.34804218148265,48.06429679362583],[-107.34803672798645,48.064323758353204],[-107.34823001521994,48.06432422445449],[-107.34822919085357,48.06430642084296],[-107.34823967926025,48.064243668525414],[-107.3480456250323,48.06422531204835]]]}"
00000000000000000479,10229,0,0,0,"{""type"":""Polygon"",""coordinates"":[[[-107.34826224782515,48.06415385801343],[-107.34805488338779,48.06413577558882],[-107.3480456250323,48.06422531204835],[-107.34823967926025,48.064243668525414],[-107.34825027525892,48.06418534348352],[-107.34826933766128,48.06416265830041],[-107.34826224782515,48.06415385801343]]]}"
0000000000000000048f,10230,0,0,0,"{""type"":""Polygon"",""coordinates"":[[[-107.34806429392708,48.06405073750449],[-107.34805925877151,48.064086524957915],[-107.34805488338779,48.06413577558882],[-107.34826224782515,48.06415385801343],[-107.34826137880431,48.06413598342895],[-107.34826080821159,48.064122662342456],[-107.34827813251201,48.06406422806009],[-107.34806429392708,48.06405073750449]]]}"
00000000000000000489,10231,0,0,0,"{""type"":""Polygon"",""coordinates"":[[[-107.34808686270608,48.06396092735892],[-107.3480825950078,48.064014605058134],[-107.34807015336605,48.06403275359125],[-107.34806429392708,48.06405073750449],[-107.34827813251201,48.06406422806009],[-107.34828276139051,48.06401945994527],[-107.34828739025258,48.06397469186886],[-107.34808686270608,48.06396092735892]]]}"
00000000000000000476,10232,0,0,0,"{""type"":""Polygon"",""coordinates"":[[[-107.3480894371309,48.06387157174461],[-107.34808686270608,48.06396092735892],[-107.34828739025258,48.06397469186886],[-107.34829078861362,48.063903139704614],[-107.34829643876168,48.06388074442283],[-107.3480894371309,48.06387157174461]]]}"
0000000000000000048a,10233,0,0,0,"{""type"":""Polygon"",""coordinates"":[[[-107.34811185344503,48.06377726370723],[-107.34810090213158,48.06383112160973],[-107.3481023416224,48.06386231711271],[-107.3480894371309,48.06387157174461],[-107.34829643876168,48.06388074442283],[-107.34830872798513,48.0638580977123],[-107.3483331418513,48.063808463945875],[-107.3483326788759,48.06379957011141],[-107.34811185344503,48.06377726370723]]]}"
00000000000000000474,10234,0,0,0,"{""type"":""Polygon"",""coordinates"":[[[-107.34815435914054,48.06368708643977],[-107.3481482906592,48.06370065884274],[-107.34812285545961,48.06372791981939],[-107.34811185344503,48.06377726370723],[-107.3483326788759,48.06379957011141],[-107.34832338185394,48.0637416842221],[-107.34833571564403,48.063719108600914],[-107.34815435914054,48.06368708643977]]]}"
00000000000000000472,10235,0,0,0,"{""type"":""Polygon"",""coordinates"":[[[-107.34820380208058,48.06360121133253],[-107.3481973275726,48.063605803115415],[-107.3481727045707,48.063651025265116],[-107.34815435914054,48.06368708643977],[-107.34833571564403,48.063719108600914],[-107.34834193635979,48.06371003437351],[-107.34840006084364,48.063668652890016],[-107.34842570505701,48.06364580326258],[-107.34820380208058,48.06360121133253]]]}"
00000000000000000473,10236,0,0,0,"{""type"":""Polygon"",""coordinates"":[[[-107.34828649240654,48.063514694728724],[-107.34820940757754,48.06357874515442],[-107.34820380208058,48.06360121133253],[-107.34842570505701,48.06364580326258],[-107.3484448747454,48.063627545440205],[-107.34847088040475,48.06361360538618],[-107.34847663806369,48.06359563737116],[-107.34828649240654,48.063514694728724]]]}"
00000000000000000477,10237,0,0,0,"{""type"":""Polygon"",""coordinates"":[[[-107.34829574985551,48.063425159482804],[-107.3483045391971,48.06347408021694],[-107.34828649240654,48.063514694728724],[-107.34847663806369,48.06359563737116],[-107.34850105154375,48.063546003820306],[-107.34851215451008,48.063496644353435],[-107.34829574985551,48.063425159482804]]]}"
00000000000000000488,10238,0,0,0,"{""type"":""Polygon"",""coordinates"":[[[-107.34855928743322,48.063361699866775],[-107.34832027104518,48.06337995327003],[-107.34829488079936,48.063407285148],[-107.34829574985551,48.063425159482804],[-107.34851215451008,48.063496644353435],[-107.34851862898164,48.063492052559766],[-107.34853034724273,48.063456085082585],[-107.34854160244804,48.06341122386313],[-107.348554506721,48.063401969257185],[-107.34856684026909,48.063379393758716],[-107.34855928743322,48.063361699866775]]]}"
00000000000000000471,10239,0,0,0,"{""type"":""Polygon"",""coordinates"":[[[-107.34852948223515,48.063290861285275],[-107.34853508749005,48.06326839522731],[-107.34825654681816,48.063296451077875],[-107.34827751747102,48.06331829809959],[-107.34833321996317,48.063370769729666],[-107.34832027104518,48.06337995327003],[-107.34855928743322,48.063361699866775],[-107.34852948223515,48.063290861285275]]]}"
00000000000000000470,10240,0,0,0,"{""type"":""Polygon"",""coordinates"":[[[-107.34851772357173,48.06317940847318],[-107.34850980928631,48.06315280515446],[-107.34822062933578,48.06323911372698],[-107.34822135220813,48.06325693274153],[-107.3482218597961,48.063265897515464],[-107.34825654681816,48.063296451077875],[-107.34853508749005,48.06326839522731],[-107.3485342183126,48.063250520951236],[-107.34851772357173,48.06317940847318]]]}"
0000000000000000046a,10241,0,0,0,"{""type"":""Polygon"",""coordinates"":[[[-107.34850035971793,48.06309042186534],[-107.34847250846852,48.06306418623676],[-107.34817017125495,48.06315526666378],[-107.34822062933578,48.06323911372698],[-107.34850980928631,48.06315280515446],[-107.34850035971793,48.06309042186534]]]}"
0000000000000000046c,10242,0,0,0,"{""type"":""Polygon"",""coordinates"":[[[-107.34845873516713,48.06305556655795],[-107.34844408658212,48.06302462980798],[-107.34840364814782,48.06301648714125],[-107.34841598161489,48.062993911830276],[-107.34815234536413,48.06305738630075],[-107.34816025934927,48.063083989608174],[-107.34816164204085,48.06311527145969],[-107.34816333540488,48.063150948911186],[-107.34817017125495,48.06315526666378],[-107.34847250846852,48.06306418623676],[-107.34845873516713,48.06305556655795]]]}"
00000000000000000475,10243,0,0,0,"{""type"":""Polygon"",""coordinates"":[[[-107.34842122537893,48.06296253644886],[-107.34837630467555,48.06299921624427],[-107.34836027946388,48.062941440616896],[-107.34812753146817,48.06295069024839],[-107.34812912328975,48.062986383354975],[-107.34815234536413,48.06305738630075],[-107.34841598161489,48.062993911830276],[-107.34842831506732,48.06297133652782],[-107.34842122537893,48.06296253644886]]]}"
00000000000000000469,10244,0,0,0,"{""type"":""Polygon"",""coordinates"":[[[-107.34834954272385,48.06285236076699],[-107.34813010547768,48.06286133636573],[-107.34812753146817,48.06295069024839],[-107.34836027946388,48.062941440616896],[-107.34835221304375,48.06291033927948],[-107.34835648007612,48.06285666271601],[-107.34834954272385,48.06285236076699]]]}"
00000000000000000478,10245,0,0,0,"{""type"":""Polygon"",""coordinates"":[[[-107.3483356172504,48.062839242985895],[-107.34831408840202,48.06280391759616],[-107.34832616801786,48.06277686004429],[-107.34814543126053,48.06275823009282],[-107.34813350381363,48.062789785727524],[-107.34813010547768,48.06286133636573],[-107.34834954272385,48.06285236076699],[-107.3483356172504,48.062839242985895]]]}"
00000000000000000465,10246,0,0,0,"{""type"":""Polygon"",""coordinates"":[[[-107.3481677896024,48.06266401086862],[-107.34815046602736,48.062722443551635],[-107.34814543126053,48.06275823009282],[-107.34832616801786,48.06277686004429],[-107.34836270520512,48.062700240833585],[-107.3481677896024,48.06266401086862]]]}"
0000000000000000046d,10247,0,0,0,"{""type"":""MultiPolygon"",""coordinates"":[[[[-107.34762004856017,48.062487593613874],[-107.34761444297641,48.062510059292016],[-107.34764023878644,48.0624917084848],[-107.34762004856017,48.062487593613874]]],[[[-107.34821075660155,48.062582729161164],[-107.34819878464032,48.062614213665725],[-107.3481671743798,48.06265061912591],[-107.3481677896024,48.06266401086862],[-107.34836270520512,48.062700240833585],[-107.34836846272277,48.06268227314175],[-107.34837956547325,48.0626329145091],[-107.3483990960907,48.06262356646135],[-107.3483984807825,48.06261017473263],[-107.34821075660155,48.062582729161164]]]]}"
0000000000000000046b,10248,0,0,0,"{""type"":""MultiPolygon"",""coordinates"":[[[[-107.34764425297385,48.06243355003976],[-107.34764446207035,48.06243796132967],[-107.34762004856017,48.062487593613874],[-107.34764023878644,48.0624917084848],[-107.34772447399851,48.06244081596921],[-107.34764425297385,48.06243355003976]]],[[[-107.348246786145,48.062497145635824],[-107.34823532184375,48.06253759474094],[-107.34821651415878,48.06256476151774],[-107.34821075660155,48.062582729161164],[-107.3483984807825,48.06261017473263],[-107.3484110232802,48.062592010900204],[-107.3484095834656,48.062560816166105],[-107.34842093993657,48.062515939967426],[-107.348246786145,48.062497145635824]]]]}"
00000000000000000467,10249,0,0,0,"{""type"":""MultiPolygon"",""coordinates"":[[[[-107.34843677853301,48.062426241796366],[-107.34843656934072,48.0624218305116],[-107.34826287892132,48.06241192982992],[-107.34826374798764,48.0624298038253],[-107.348246786145,48.062497145635824],[-107.34842093993657,48.062515939967426],[-107.3484206861139,48.06251145764566],[-107.34844535261995,48.062466307473386],[-107.34843677853301,48.062426241796366]]],[[[-107.34770150684955,48.062374296038584],[-107.3476950325448,48.0623788876749],[-107.34766928146084,48.062397309484574],[-107.34764425297385,48.06243355003976],[-107.34772447399851,48.06244081596921],[-107.34774389693932,48.062427041037225],[-107.34777072596654,48.06243090449039],[-107.34781630594992,48.06240768810006],[-107.34784194940643,48.06238483919771],[-107.34770150684955,48.062374296038584]]]]}"
00000000000000000460,10250,0,0,0,"{""type"":""MultiPolygon"",""coordinates"":[[[[-107.34843251588241,48.062332571154066],[-107.34825224396465,48.06232283509649],[-107.34826287892132,48.06241192982992],[-107.34843656934072,48.0624218305116],[-107.34844140682304,48.06238147508782],[-107.34843251588241,48.062332571154066]]],[[[-107.34786487860679,48.062303941332026],[-107.34783219045443,48.06231806121116],[-107.34776723233324,48.06235512351259],[-107.34774056783876,48.062355600315556],[-107.34770150684955,48.062374296038584],[-107.34784194940643,48.06238483919771],[-107.3478547518546,48.062375600640394],[-107.34790043327301,48.06235236847123],[-107.34795906932385,48.06232439580437],[-107.3479782383943,48.06230613855128],[-107.34786487860679,48.062303941332026]]]]}"
00000000000000000461,10251,0,0,0,"{""type"":""Polygon"",""coordinates"":[[[-107.34806015839408,48.062201734659126],[-107.34802727344635,48.06221128548187],[-107.3479878573483,48.06222551473142],[-107.34795584130707,48.06225293947563],[-107.34792300095575,48.062262561302106],[-107.34789088333953,48.062290001810894],[-107.34786487860679,48.062303941332026],[-107.3479782383943,48.06230613855128],[-107.34798466803937,48.0623014758736],[-107.34801056513433,48.062283109280145],[-107.34816262447826,48.0622577011228],[-107.34820877480765,48.06224780523604],[-107.34824207814857,48.06224707688398],[-107.34825224396465,48.06232283509649],[-107.34843251588241,48.062332571154066],[-107.34843236357352,48.0623280730821],[-107.34845652226748,48.06227395846594],[-107.34846217197844,48.062251563881574],[-107.34806015839408,48.062201734659126]]]}"
00000000000000000464,10252,0,0,0,"{""type"":""Polygon"",""coordinates"":[[[-107.34829023124155,48.06213450772591],[-107.34822486749773,48.06216258984409],[-107.34811900333617,48.062178173247155],[-107.34806015839408,48.062201734659126],[-107.34846217197844,48.062251563881574],[-107.34848633057607,48.06219744933933],[-107.34851171981941,48.06217011806699],[-107.34829023124155,48.06213450772591]]]}"
00000000000000000466,10253,0,0,0,"{""type"":""Polygon"",""coordinates"":[[[-107.3483197351006,48.062049002753554],[-107.34830133384811,48.06208514962181],[-107.34829007894845,48.06213000967032],[-107.34829023124155,48.06213450772591],[-107.34851171981941,48.06217011806699],[-107.34852430674023,48.06215202540639],[-107.34853469218866,48.06208929143841],[-107.34854101407228,48.062080201723084],[-107.3483197351006,48.062049002753554]]]}"
00000000000000000463,10254,0,0,0,"{""type"":""Polygon"",""coordinates"":[[[-107.34836244717482,48.061963239684694],[-107.3483197351006,48.062049002753554],[-107.34854101407228,48.062080201723084],[-107.34858413196135,48.0620034188332],[-107.34860366222563,48.06199407086501],[-107.34836244717482,48.061963239684694]]]}"
0000000000000000046f,10255,0,0,0,"{""type"":""GeometryCollection"",""geometries"":[{""type"":""LineString"",""coordinates"":[[-107.34836242397952,48.06196326931111],[-107.34836906886537,48.06196313342818]]},{""type"":""Polygon"",""coordinates"":[[[-107.3488969462048,48.06184958986775],[-107.34887191899254,48.0618858303324],[-107.34884616851849,48.06190425226943],[-107.34878707013839,48.0619233317244],[-107.34874041234508,48.061924263281945],[-107.34870084417577,48.061933994703075],[-107.34867422435032,48.061934542789466],[-107.34859498031054,48.06194957855631],[-107.34857237313788,48.061891968769494],[-107.34857761652874,48.061860594048625],[-107.34834646689997,48.061905536217836],[-107.3483539178774,48.06192324540943],[-107.34836906886537,48.06196313342818],[-107.34836907367215,48.061963146083016],[-107.34860366222563,48.06199407086501],[-107.34863614085064,48.06197553957183],[-107.34870294433455,48.06197865163996],[-107.34871589269065,48.061969468307694],[-107.34877535272615,48.061959298159614],[-107.34885423526406,48.06193535296003],[-107.34892505095297,48.06188030703934],[-107.34892443543681,48.06186691550919],[-107.34894982423249,48.06183958430453],[-107.34896230935855,48.06182150747395],[-107.3488969462048,48.06184958986775]]]}]}"
0000000000000000045f,10256,0,0,0,"{""type"":""Polygon"",""coordinates"":[[[-107.34852694978466,48.061772338135256],[-107.34831579395096,48.061816825712874],[-107.34832288341573,48.06182562561295],[-107.34833691620955,48.06184317015286],[-107.34833218026442,48.06188350939065],[-107.34834646689997,48.061905536217836],[-107.34857761652874,48.061860594048625],[-107.3485767919265,48.06184279128287],[-107.3485754088172,48.0618115102074],[-107.34852694978466,48.061772338135256]]]}"
0000000000000000045d,10257,0,0,0,"{""type"":""Polygon"",""coordinates"":[[[-107.34847833855657,48.06172866804457],[-107.3484631826959,48.06168876756844],[-107.34825238888676,48.06174216417014],[-107.34828819755975,48.06179507290234],[-107.34831579395096,48.061816825712874],[-107.34852694978466,48.061772338135256],[-107.34847833855657,48.06172866804457]]]}"
00000000000000000462,10258,0,0,0,"{""type"":""Polygon"",""coordinates"":[[[-107.34844802686585,48.061648867119516],[-107.3484464346584,48.06161317493887],[-107.34841894597072,48.06159584923041],[-107.34822197009163,48.0616579361521],[-107.34823789320171,48.061715726168195],[-107.34825238888676,48.06174216417014],[-107.3484631826959,48.06168876756844],[-107.3484625673451,48.06167537608007],[-107.34844802686585,48.061648867119516]]]}"
00000000000000000468,10259,0,0,0,"{""type"":""GeometryCollection"",""geometries"":[{""type"":""LineString"",""coordinates"":[[-107.34841236715681,48.061596001878925],[-107.34841899602078,48.06159586632056]]},{""type"":""Polygon"",""coordinates"":[[[-107.3481969473285,48.061546831746725],[-107.348191088457,48.06156481480036],[-107.34821467151596,48.06164472505082],[-107.34822197009163,48.0616579361521],[-107.34841236416725,48.06159601386146],[-107.34841236715681,48.061596001878925],[-107.34841796912528,48.061573548544324],[-107.3484173537887,48.061560157084735],[-107.3484171445931,48.061555745872916],[-107.3481969473285,48.061546831746725]]]}]}"
0000000000000000045a,10260,0,0,0,"{""type"":""Polygon"",""coordinates"":[[[-107.34843631310255,48.06153748881024],[-107.3484076953202,48.06149336446803],[-107.34823236038017,48.061447858515336],[-107.34823282335954,48.06145675195115],[-107.3482202366078,48.061474844329155],[-107.34820856353922,48.06151088142276],[-107.3481969473285,48.061546831746725],[-107.3484171445931,48.061555745872916],[-107.34842346639316,48.06154665626],[-107.34843631310255,48.06153748881024]],[[-107.34842346639316,48.06154665626],[-107.34841637694298,48.06153785641383],[-107.34838990979193,48.06154290241205],[-107.34842346639316,48.06154665626]]]}"
00000000000000000459,10261,0,0,0,"{""type"":""Polygon"",""coordinates"":[[[-107.34830169108471,48.06136154852988],[-107.34830230638293,48.06137493994044],[-107.3482573430666,48.061411547489854],[-107.34823195428307,48.06143887828758],[-107.34823236038017,48.061447858515336],[-107.3484076953202,48.06149336446803],[-107.3483937702763,48.06148024702461],[-107.34843724909238,48.06141237428649],[-107.34830169108471,48.06136154852988]]]}"
0000000000000000045c,10262,0,0,0,"{""type"":""Polygon"",""coordinates"":[[[-107.34835796569169,48.06127999484772],[-107.34831402394833,48.06133897396017],[-107.34830169108471,48.06136154852988],[-107.34843724909238,48.06141237428649],[-107.34844372317896,48.06140778269026],[-107.34854115743016,48.06135218962306],[-107.34835796569169,48.06127999484772]]]}"
00000000000000000457,10263,0,0,0,"{""type"":""Polygon"",""coordinates"":[[[-107.34844794869522,48.06120669306253],[-107.34842852654512,48.06122046779635],[-107.34838961916333,48.06124366134041],[-107.34835796569169,48.06127999484772],[-107.34854115743016,48.06135218962306],[-107.34854763150021,48.06134759802549],[-107.34861161057638,48.06128823540082],[-107.34844794869522,48.06120669306253]]]}"
0000000000000000045e,10264,0,0,0,"{""type"":""Polygon"",""coordinates"":[[[-107.34849774877412,48.06112973112225],[-107.34849312085908,48.06117449675483],[-107.34846064295444,48.06119302769803],[-107.34844794869522,48.06120669306253],[-107.34861161057638,48.06128823540082],[-107.34865616735686,48.06124264759016],[-107.34867544333895,48.06122881754325],[-107.34870108562805,48.061205968954646],[-107.34849774877412,48.06112973112225]]]}"
00000000000000000456,10265,0,0,0,"{""type"":""Polygon"",""coordinates"":[[[-107.3485019136231,48.06107607215846],[-107.34849774877412,48.06112973112225],[-107.34870108562805,48.061205968954646],[-107.34872647402386,48.06117863816397],[-107.34874343424426,48.061111298003865],[-107.34876152382664,48.0610707563424],[-107.3485019136231,48.06107607215846]]]}"
00000000000000000455,10266,0,0,0,"{""type"":""Polygon"",""coordinates"":[[[-107.34851116936775,48.06098654110077],[-107.3485019136231,48.06107607215846],[-107.34876152382664,48.0610707563424],[-107.34876712848424,48.06104829123764],[-107.34876542820335,48.06100817255041],[-107.34877067124188,48.060976798357],[-107.34851116936775,48.06098654110077]]]}"
00000000000000000454,10267,0,0,0,"{""type"":""Polygon"",""coordinates"":[[[-107.3487197064179,48.06088399081559],[-107.34853398841072,48.06090121837411],[-107.34853475613667,48.06091910761302],[-107.34851605105855,48.060946257816326],[-107.34851116936775,48.06098654110077],[-107.34877067124188,48.060976798357],[-107.34878249598246,48.060945259530705],[-107.34882792156709,48.06091754542013],[-107.3488276676854,48.06091306323764],[-107.34882745843599,48.060908652082546],[-107.3487197064179,48.06088399081559]]]}"
00000000000000000458,10268,0,0,0,"{""type"":""Polygon"",""coordinates"":[[[-107.34850671257387,48.0607409618057],[-107.34850002940394,48.060741142201834],[-107.34846657499577,48.06073737265567],[-107.34847341048982,48.06074169019685],[-107.34856215819936,48.06078894862556],[-107.3485452425237,48.0608563593687],[-107.34853398841072,48.06090121837411],[-107.3487197064179,48.06088399081559],[-107.34850671257387,48.0607409618057]]]}"
00000000000000000453,10269,0,0,0,"{""type"":""Polygon"",""coordinates"":[[[-107.3486708445943,48.06068849726793],[-107.34865851215382,48.06071107159262],[-107.34864571040491,48.06072030994613],[-107.34864643355901,48.06073812809399],[-107.34857402764453,48.060757480963126],[-107.34850671257387,48.0607409618057],[-107.3487197064179,48.06088399081559],[-107.34882745843599,48.060908652082546],[-107.3486708445943,48.06068849726793]]]}"
00000000000000000451,10270,0,0,0,"{""type"":""GeometryCollection"",""geometries"":[{""type"":""LineString"",""coordinates"":[[-107.34882746612628,48.06090863986279],[-107.34882766819568,48.06091307944383]]},{""type"":""Polygon"",""coordinates"":[[[-107.34872994093239,48.06066941838599],[-107.34872346699817,48.060674009933],[-107.34867731853392,48.06068390572306],[-107.3486708445943,48.06068849726793],[-107.34882745843599,48.060908652082546],[-107.34882746612628,48.06090863986279],[-107.3488958099253,48.06080004226275],[-107.3489216610816,48.06078160495565],[-107.34893450745652,48.06077243758143],[-107.34872994093239,48.06066941838599]]]}]}"
0000000000000000046e,10271,0,0,0,"{""type"":""Polygon"",""coordinates"":[[[-107.34880820514292,48.06063208266908],[-107.34879551117439,48.06064574792597],[-107.3487626721923,48.06065536971029],[-107.34872994093239,48.06066941838599],[-107.34893450745652,48.06077243758143],[-107.34894745533899,48.06076325444126],[-107.34898528334911,48.060717776358935],[-107.34901595865367,48.0606591427769],[-107.34880820514292,48.06063208266908]]]}"
0000000000000000044f,10272,0,0,0,"{""type"":""Polygon"",""coordinates"":[[[-107.34884433271716,48.06054648642707],[-107.34885337642888,48.06059988656689],[-107.34882089910344,48.06061841741428],[-107.34880820514292,48.06063208266908],[-107.34901595865367,48.0606591427769],[-107.34903410460359,48.060618514634285],[-107.34906637261999,48.06059557258792],[-107.34909262990917,48.06058611538231],[-107.34910568547929,48.06058135914731],[-107.34884433271716,48.06054648642707]]]}"
0000000000000000044e,10273,0,0,0,"{""type"":""Polygon"",""coordinates"":[[[-107.34943143454404,48.060418349840255],[-107.34941165121779,48.0604232155362],[-107.34939176008159,48.060423654351005],[-107.34935317088502,48.06045568589976],[-107.34930723185045,48.06046999306394],[-107.34927516107274,48.06049750406823],[-107.34923605759691,48.060516128673],[-107.34922326225684,48.0605298097189],[-107.34915656244002,48.06052668227861],[-107.34906416415585,48.0605464899618],[-107.34900892717555,48.060502914789836],[-107.34900014339013,48.06045843955871],[-107.34878780826115,48.060476215554736],[-107.3487880175086,48.060480626673574],[-107.34883641853592,48.06051988446907],[-107.34884433271716,48.06054648642707],[-107.34910568547929,48.06058135914731],[-107.34914484591442,48.060562647778035],[-107.34923158310485,48.06056539170784],[-107.34931632089851,48.060523464090544],[-107.34933548857614,48.060505207228765],[-107.34938749513132,48.060477328415956],[-107.3494728484325,48.060448791892355],[-107.34956416757576,48.06040669946064],[-107.34943143454404,48.060418349840255]]]}"
0000000000000000044c,10274,0,0,0,"{""type"":""MultiPolygon"",""coordinates"":[[[[-107.34956817828517,48.06034854333702],[-107.34954242909663,48.06036696488811],[-107.34943143454404,48.060418349840255],[-107.34956416757576,48.06040669946064],[-107.34959664460534,48.06038816844379],[-107.34956817828517,48.06034854333702]]],[[[-107.34899233060743,48.060431821895286],[-107.34896227231278,48.060356505253885],[-107.34874516426135,48.06041899084127],[-107.34875908912521,48.060432107972595],[-107.34878780826115,48.060476215554736],[-107.34900014339013,48.06045843955871],[-107.34899233060743,48.060431821895286]]]]}"
00000000000000000450,10275,0,0,0,"{""type"":""Polygon"",""coordinates"":[[[-107.34894788420384,48.06033449493432],[-107.34893797091968,48.0602632218302],[-107.34868190626685,48.06034438681118],[-107.34871073295726,48.06039292122439],[-107.34874516426135,48.06041899084127],[-107.34896227231278,48.060356505253885],[-107.34894788420384,48.06033449493432]]]}"
00000000000000000452,10276,0,0,0,"{""type"":""MultiPolygon"",""coordinates"":[[[[-107.34902631321455,48.060154158817575],[-107.34899969457226,48.060154706945696],[-107.34899301147344,48.06015488737239],[-107.34902733511306,48.06017652990874],[-107.34903987645038,48.06015836686691],[-107.34902631321455,48.060154158817575]]],[[[-107.34893051986697,48.06024551324685],[-107.3489159794324,48.06021900507938],[-107.34890143901895,48.06019249692258],[-107.34889419725961,48.06017919945234],[-107.3486376701404,48.06025147094238],[-107.3486662428342,48.06029552315567],[-107.34866675056466,48.0603044874171],[-107.34866747374136,48.06032230542285],[-107.34868190626685,48.06034438681118],[-107.34893797091968,48.0602632218302],[-107.34893051986697,48.06024551324685]]]]}"
0000000000000000043c,10277,0,0,0,"{""type"":""GeometryCollection"",""geometries"":[{""type"":""LineString"",""coordinates"":[[-107.34894583481835,48.060142438733756],[-107.34895269442066,48.060146764841534],[-107.34899303961548,48.06015487242807],[-107.34899969611205,48.06015473627017]]},{""type"":""Polygon"",""coordinates"":[[[-107.3488718442335,48.0601260737901],[-107.34860591883469,48.060140479021335],[-107.34860653426935,48.06015387011447],[-107.34862153750225,48.06018927151938],[-107.3486376701404,48.06025147094238],[-107.34889419725961,48.06017919945234],[-107.34888689862663,48.060165988776454],[-107.34891274931233,48.06014755170677],[-107.34891875997596,48.06013406699094],[-107.3488718442335,48.0601260737901]]]}]}"
0000000000000000044b,10278,0,0,0,"{""type"":""Polygon"",""coordinates"":[[[-107.34866584123807,48.05999186244543],[-107.34865325520417,48.06000995435637],[-107.34861604317653,48.06006882275085],[-107.34860591883469,48.060140479021335],[-107.3488718442335,48.0601260737901],[-107.34866584123807,48.05999186244543]]]}"
00000000000000000449,10279,0,0,0,"{""type"":""Polygon"",""coordinates"":[[[-107.34877545742273,48.05991364150056],[-107.34867791952362,48.05996480633474],[-107.34866584123807,48.05999186244543],[-107.3488718442335,48.0601260737901],[-107.34891875997596,48.06013406699094],[-107.34892508141195,48.06012497760076],[-107.34894584174985,48.060142412090975],[-107.34899969457226,48.060154706945696],[-107.34902631321455,48.060154158817575],[-107.34877545742273,48.05991364150056]]]}"
0000000000000000044d,10280,0,0,0,"{""type"":""Polygon"",""coordinates"":[[[-107.34883398161342,48.05988124287058],[-107.34879462490515,48.05989538496433],[-107.34877545742273,48.05991364150056],[-107.34902631321455,48.060154158817575],[-107.34903987645038,48.06015836686691],[-107.34905195458103,48.06013131062706],[-107.3490234891819,48.06009168552937],[-107.34896881158504,48.06006158854983],[-107.34901480693455,48.06004719488213],[-107.3490926065297,48.06000096623132],[-107.34883398161342,48.05988124287058]]]}"
00000000000000000445,10281,0,0,0,"{""type"":""Polygon"",""coordinates"":[[[-107.34899918862907,48.059851062890495],[-107.34894631346422,48.05986106802863],[-107.34892616882719,48.05985702464058],[-107.3488930766519,48.05986216421494],[-107.34884729081232,48.05988096883498],[-107.34883398161342,48.05988124287058],[-107.3490926065297,48.06000096623132],[-107.34909908031955,48.05999637472202],[-107.34919748777345,48.059963082561715],[-107.34921644586446,48.059940414854736],[-107.34899918862907,48.059851062890495]]]}"
0000000000000000044a,10282,0,0,0,"{""type"":""Polygon"",""coordinates"":[[[-107.34922714004196,48.05988207881213],[-107.34907560415783,48.05977355459781],[-107.34905643682188,48.05979181114406],[-107.34902565465148,48.05984601691559],[-107.34899918862907,48.059851062890495],[-107.34921644586446,48.059940414854736],[-107.34924168064164,48.05990858675778],[-107.34922714004196,48.05988207881213]]]}"
00000000000000000446,10283,0,0,0,"{""type"":""Polygon"",""coordinates"":[[[-107.3491776603981,48.05967319835107],[-107.34915762357144,48.05967358184015],[-107.34915140377318,48.05968265539836],[-107.34911856562749,48.059692277106556],[-107.349087936034,48.059750980637624],[-107.34907560415783,48.05977355459781],[-107.34922714004196,48.05988207881213],[-107.34921918099063,48.05970806692491],[-107.3491776603981,48.05967319835107]]]}"
0000000000000000047b,10284,0,0,0,"{""type"":""Polygon"",""coordinates"":[[[-107.34921918099063,48.05970806692491],[-107.34922714004196,48.05988207881213],[-107.34924168064164,48.05990858675778],[-107.34924815440665,48.059903995247126],[-107.34931346935349,48.05987584272172],[-107.3493451208961,48.05983950992134],[-107.34935802375618,48.05983025587379],[-107.3493834554468,48.05980299668576],[-107.34940283202498,48.05978915112965],[-107.34942138352238,48.05975750353527],[-107.34921918099063,48.05970806692491]]]}"
00000000000000000482,10285,0,0,0,"{""type"":""Polygon"",""coordinates"":[[[-107.34921661052188,48.0596500762553],[-107.34917668302216,48.05965089850431],[-107.34917740646642,48.059668716277194],[-107.34921918099063,48.05970806692491],[-107.34942138352238,48.05975750353527],[-107.3494338676833,48.05973942738594],[-107.34946572835577,48.059707505695634],[-107.34948500335813,48.059693675915916],[-107.34949795078197,48.05968449290207],[-107.34951089820106,48.05967530988819],[-107.34953006534562,48.05965705329651],[-107.34953603109699,48.05964349765032],[-107.34922991969202,48.05964980216851],[-107.34923002748891,48.05965422898117],[-107.34922369991091,48.05965887572686],[-107.34921661052188,48.0596500762553]],[[-107.34922369991091,48.05965887572686],[-107.34920391701712,48.05966374129843],[-107.3492175879222,48.059672376100686],[-107.34922369991091,48.05965887572686]]]}"
00000000000000000443,10286,0,0,0,"{""type"":""MultiPolygon"",""coordinates"":[[[[-107.34920854374005,48.059618976952265],[-107.34920608107488,48.05956541318596],[-107.34917961522696,48.059570459179234],[-107.34918727561826,48.05959257855602],[-107.34917668302216,48.05965089850431],[-107.34921661052188,48.0596500762553],[-107.34920854374005,48.059618976952265]]],[[[-107.34924600849521,48.05956459092807],[-107.34926116469643,48.05960448965456],[-107.34922991969202,48.05964980216851],[-107.34953603109699,48.05964349765032],[-107.34954836270624,48.0596209236937],[-107.34956044032154,48.059593867680334],[-107.34955863756697,48.0595537659112],[-107.34955823111774,48.05954478602256],[-107.34924600849521,48.05956459092807]]]]}"
00000000000000000444,10287,0,0,0,"{""type"":""MultiPolygon"",""coordinates"":[[[[-107.34919190234268,48.05954781427141],[-107.34917961522696,48.059570459179234],[-107.34920608107488,48.05956541318596],[-107.3492051036778,48.059543113385885],[-107.34919190234268,48.05954781427141]]],[[[-107.3492051036778,48.059543113385885],[-107.34924513887347,48.05954671793284],[-107.34924600849521,48.05956459092807],[-107.34955823111774,48.05954478602256],[-107.3495572535052,48.05952248624033],[-107.34955602191317,48.05949570441072],[-107.34953443634444,48.059460468335516],[-107.3492219605656,48.05947579105471],[-107.3492051036778,48.059543113385885]]]]}"
0000000000000000043f,10288,0,0,0,"{""type"":""Polygon"",""coordinates"":[[[-107.34952734689034,48.0594516689219],[-107.34952694044739,48.05944268905046],[-107.34914242316752,48.05933893511259],[-107.34915033743007,48.059365536443785],[-107.34914473333725,48.059388000835284],[-107.34920701375614,48.05944030344668],[-107.34922818031184,48.059466717529055],[-107.3492219605656,48.05947579105471],[-107.34953443634444,48.059460468335516],[-107.34952734689034,48.0594516689219]]]}"
00000000000000000442,10289,0,0,0,"{""type"":""Polygon"",""coordinates"":[[[-107.34951121281509,48.059389470634386],[-107.34947087904052,48.05938131313659],[-107.34946943816888,48.05935012035628],[-107.34946846060362,48.05932782065477],[-107.34914458727921,48.059240607609574],[-107.34914581858007,48.0592673893215],[-107.34914206144902,48.05933002628122],[-107.34914242316752,48.05933893511259],[-107.34952694044739,48.05944268905046],[-107.34951121281509,48.059389470634386]]]}"
00000000000000000440,10290,0,0,0,"{""type"":""MultiPolygon"",""coordinates"":[[[[-107.34995641849068,48.05936249638642],[-107.34996386998307,48.059380204580485],[-107.35003237170812,48.05942343304191],[-107.35005081468881,48.05938735877528],[-107.34995641849068,48.05936249638642]]],[[[-107.34916740355132,48.059155287645005],[-107.34915434849879,48.059160043745855],[-107.34915445629116,48.05916447051733],[-107.34913739019491,48.059227381422744],[-107.34914458727921,48.059240607609574],[-107.34946846060362,48.05932782065477],[-107.34946795266478,48.05931885656995],[-107.34949384723156,48.0593004906852],[-107.34951239838432,48.059268843377076],[-107.34951800225303,48.05924637902085],[-107.34916740355132,48.059155287645005]]]]}"
00000000000000000441,10291,0,0,0,"{""type"":""MultiPolygon"",""coordinates"":[[[[-107.34954020197219,48.05914766815295],[-107.34923836575013,48.05910474235382],[-107.34916740355132,48.059155287645005],[-107.34951800225303,48.05924637902085],[-107.34953033371448,48.059223805241366],[-107.34954986241799,48.05921445761581],[-107.34954020197219,48.05914766815295]]],[[[-107.34983525540979,48.05919078923893],[-107.34990488053724,48.059256372558735],[-107.34992111681512,48.05931855483796],[-107.34994907489119,48.05934921498139],[-107.34995641849068,48.05936249638642],[-107.35005081468881,48.05938735877528],[-107.35008159527145,48.05933315318928],[-107.35010071743125,48.059314825587364],[-107.35013709501898,48.05923371314296],[-107.34983525540979,48.05919078923893]]]]}"
000000000000000003ff,10292,0,0,0,"{""type"":""Polygon"",""coordinates"":[[[-107.35012147437337,48.05918492183179],[-107.35010616468891,48.05914052579487],[-107.35008540404917,48.059123091896936],[-107.35007785101926,48.05910539956648],[-107.34998854458854,48.05904466646875],[-107.3499606945611,48.059018433266736],[-107.34991907212506,48.05898358124781],[-107.34991223665486,48.058979263953965],[-107.34927068918303,48.05908171414843],[-107.3492382133157,48.059100244563346],[-107.34923836575013,48.05910474235382],[-107.34954020197219,48.05914766815295],[-107.34953994799294,48.0591431861262],[-107.34957242385917,48.059124655593884],[-107.34975232151193,48.059125480098885],[-107.3498213304188,48.05917767257787],[-107.34983525540979,48.05919078923893],[-107.35013709501898,48.05923371314296],[-107.3501553916644,48.0591975837343],[-107.35012147437337,48.05918492183179]]]}"
0000000000000000042b,10293,0,0,0,"{""type"":""Polygon"",""coordinates"":[[[-107.34988402484436,48.05894412200121],[-107.34984138015069,48.05888689946603],[-107.34978618867639,48.058843397123475],[-107.34969935339862,48.05884066946488],[-107.34931416357672,48.05901384423118],[-107.34927068918303,48.05908171414843],[-107.34991223665486,48.058979263953965],[-107.34988402484436,48.05894412200121]]]}"
00000000000000000428,10294,0,0,0,"{""type"":""Polygon"",""coordinates"":[[[-107.34958389655665,48.058499147931904],[-107.34942624761932,48.05854702020089],[-107.34940199154072,48.058601146874175],[-107.34941236894944,48.05868131059985],[-107.34938734454096,48.058717548937],[-107.34933483266639,48.058736462761146],[-107.34932203171778,48.058745700836575],[-107.34929577576541,48.058755157738965],[-107.34928272085611,48.05875991381733],[-107.34931416357672,48.05901384423118],[-107.34969935339862,48.05884066946488],[-107.34964600976838,48.058837339279684],[-107.34959226605255,48.05882947180645],[-107.34963059932511,48.05879295920824],[-107.34966184315564,48.05874764733438],[-107.34963743260106,48.058649940258825],[-107.34963604842748,48.05861866113142],[-107.34972797872953,48.05858996080906],[-107.34979369777717,48.05857078844145],[-107.34958389655665,48.058499147931904]]]}"
00000000000000000448,10295,0,0,0,"{""type"":""Polygon"",""coordinates"":[[[-107.34928272085611,48.05875991381733],[-107.34916572095884,48.05882478114928],[-107.34915343411453,48.05884742573443],[-107.34913386096896,48.05885670218482],[-107.3492382133157,48.059100244563346],[-107.34927068918303,48.05908171414843],[-107.34931416357672,48.05901384423118],[-107.34928272085611,48.05875991381733]]]}"
0000000000000000043e,10296,0,0,0,"{""type"":""Polygon"",""coordinates"":[[[-107.34913386096896,48.05885670218482],[-107.3491144848698,48.05887054742806],[-107.34908884447142,48.058893395061034],[-107.34907553559215,48.05889366911689],[-107.34899167059524,48.05910080508302],[-107.34908544885548,48.05911227753404],[-107.34915434849879,48.059160043745855],[-107.34916740355132,48.059155287645005],[-107.34923836575013,48.05910474235382],[-107.3492382133157,48.059100244563346],[-107.34913386096896,48.05885670218482]]]}"
0000000000000000042d,10297,0,0,0,"{""type"":""Polygon"",""coordinates"":[[[-107.34904891783893,48.058894217222935],[-107.34894558865103,48.05882038238273],[-107.3488969152647,48.05906703293384],[-107.34890349665346,48.05906686828799],[-107.34897178025538,48.05910124377938],[-107.34898508919436,48.05910096973533],[-107.34899167059524,48.05910080508302],[-107.34907553559215,48.05889366911689],[-107.34904891783893,48.058894217222935]]]}"
00000000000000000447,10298,0,0,0,"{""type"":""Polygon"",""coordinates"":[[[-107.34890443101466,48.0587944229893],[-107.34888182469933,48.058736816722],[-107.3488622962366,48.058746164120144],[-107.348856076565,48.05875523749539],[-107.34878711382885,48.05885045218044],[-107.34878874980689,48.059033550488074],[-107.34884989935178,48.05905905561631],[-107.3488969152647,48.05906703293384],[-107.34894558865103,48.05882038238273],[-107.34890443101466,48.0587944229893]]]}"
00000000000000000426,10299,0,0,0,"{""type"":""Polygon"",""coordinates"":[[[-107.34859832659174,48.05894806193874],[-107.34861250475016,48.05896566075426],[-107.34866024358446,48.0589914557338],[-107.34867395867964,48.05900016153855],[-107.34871434839356,48.05900823254656],[-107.34874173401546,48.059025573119506],[-107.34878212380166,48.059033644101035],[-107.34878874980689,48.059033550488074],[-107.34878711382885,48.05885045218044],[-107.34859832659174,48.05894806193874]]]}"
00000000000000000435,10300,0,0,0,"{""type"":""Polygon"",""coordinates"":[[[-107.34853435424999,48.05886008483829],[-107.34856256430602,48.05889522717646],[-107.34859832659174,48.05894806193874],[-107.34878711382885,48.05885045218044],[-107.348856076565,48.05875523749539],[-107.34853435424999,48.05886008483829]]]}"
00000000000000000434,10301,0,0,0,"{""type"":""Polygon"",""coordinates"":[[[-107.3484758342175,48.05874514597706],[-107.34848292322252,48.05875394536121],[-107.3485131886511,48.058833670884184],[-107.34853435424999,48.05886008483829],[-107.348856076565,48.05875523749539],[-107.3488622962366,48.058746164120144],[-107.3484758342175,48.05874514597706]]]}"
00000000000000000436,10302,0,0,0,"{""type"":""Polygon"",""coordinates"":[[[-107.3488749894709,48.05873249936838],[-107.34884775633752,48.05871965668715],[-107.34884030556869,48.058701948611166],[-107.34845749447794,48.05863386743132],[-107.3484758342175,48.05874514597706],[-107.3488622962366,48.058746164120144],[-107.34888182469933,48.058736816722],[-107.3488749894709,48.05873249936838]]]}"
0000000000000000042c,10303,0,0,0,"{""type"":""Polygon"",""coordinates"":[[[-107.348832600912,48.058679758549275],[-107.3488190828824,48.058675621598766],[-107.34877690374388,48.058627291770655],[-107.34877628821563,48.05861390107109],[-107.34851952071327,48.05853435177305],[-107.34852059923371,48.05855663539589],[-107.34845687906689,48.05862047672504],[-107.34845749447794,48.05863386743132],[-107.34884030556869,48.058701948611166],[-107.348832600912,48.058679758549275]]]}"
00000000000000000430,10304,0,0,0,"{""type"":""Polygon"",""coordinates"":[[[-107.34860276897496,48.0584611632244],[-107.34856489860557,48.05850656811588],[-107.34852353250534,48.058476197743495],[-107.34850154244938,48.05843198236906],[-107.34846197812784,48.05844171294544],[-107.34844244981366,48.058451060201634],[-107.34851936836212,48.058529854028286],[-107.34851952071327,48.05853435177305],[-107.34877628821563,48.05861390107109],[-107.34877510178877,48.058587190706156],[-107.34883255731083,48.058532351526026],[-107.34860276897496,48.0584611632244]]]}"
00000000000000000429,10305,0,0,0,"{""type"":""Polygon"",""coordinates"":[[[-107.34866011668662,48.058401897571926],[-107.34866073217664,48.058415288219045],[-107.34864131162115,48.05842906222179],[-107.34862193568426,48.05844290724835],[-107.34860276897496,48.0584611632244],[-107.34883255731083,48.058532351526026],[-107.34883866918327,48.0585188514734],[-107.34885598917836,48.05846042344359],[-107.34889422093488,48.05842392716225],[-107.34889406853694,48.05841942942875],[-107.34866011668662,48.058401897571926]]]}"
0000000000000000042a,10306,0,0,0,"{""type"":""GeometryCollection"",""geometries"":[{""type"":""LineString"",""coordinates"":[[-107.34865865803657,48.058370678113405],[-107.34865200176837,48.05837081424778]]},{""type"":""Polygon"",""coordinates"":[[[-107.34900758294945,48.05813129533842],[-107.34900085558436,48.05813140472624],[-107.34901811185121,48.05821595612644],[-107.34900541884467,48.05822962075668],[-107.3489758313149,48.05816764257214],[-107.34895568756525,48.058163599298425],[-107.34892968596233,48.058177537931414],[-107.34894982971068,48.0581815812117],[-107.34893749838729,48.05820415446403],[-107.34891735463108,48.05820011117962],[-107.34891138898094,48.05821366641136],[-107.3488981881406,48.0582183671246],[-107.34890516942016,48.05822273969478],[-107.34893240224501,48.05823558224574],[-107.34890614668092,48.058245038939496],[-107.34886509745131,48.05822350649086],[-107.34884582316923,48.058237335739655],[-107.34885240440745,48.05823717110374],[-107.3488396035925,48.05824640902332],[-107.34883934969454,48.05824192706974],[-107.34865867646081,48.05837070534603],[-107.34866011668662,48.058401897571926],[-107.34889406853694,48.05841942942875],[-107.34888430789238,48.058352656644914],[-107.3488554822262,48.05830412414748],[-107.3488337456723,48.05826439095958],[-107.34902617827325,48.058247054622],[-107.34918403502127,48.058203594247836],[-107.34919698191997,48.05819441154908],[-107.34916990138578,48.05818606679873],[-107.34900758294945,48.05813129533842]],[[-107.34916990138578,48.05818606679873],[-107.34915659274839,48.058186340856004],[-107.34915705599272,48.05819523372715],[-107.34916990138578,48.05818606679873]],[[-107.34909051281629,48.05819660398609],[-107.34905680646237,48.058188352831046],[-107.34906425727449,48.05820606071555],[-107.34909051281629,48.05819660398609]],[[-107.34889283805967,48.05824531296004],[-107.34887280206367,48.05824569635806],[-107.34887989111095,48.05825449562789],[-107.34889283805967,48.05824531296004]]]}]}"
00000000000000000432,10307,0,0,0,"{""type"":""GeometryCollection"",""geometries"":[{""type"":""Point"",""coordinates"":[-107.34900087907215,48.05813142470054]},{""type"":""Polygon"",""coordinates"":[[[-107.34893579773473,48.05816403796655],[-107.34892968596233,48.058177537931414],[-107.34895568756525,48.058163599298425],[-107.34893579773473,48.05816403796655]]]},{""type"":""Polygon"",""coordinates"":[[[-107.34885178961102,48.058076445794555],[-107.34874429943767,48.05805626762357],[-107.34871742849394,48.05805233367321],[-107.34855878870226,48.0583727325736],[-107.34865194907758,48.05837081471032],[-107.34883934969454,48.05824192706974],[-107.34883251455926,48.0582376097515],[-107.34884582316923,48.058237335739655],[-107.34886509745131,48.05822350649086],[-107.34883102954892,48.05820634660649],[-107.34888184627832,48.05815175923498],[-107.34890831105052,48.05814671348784],[-107.34891391500744,48.058124249645736],[-107.34894017048352,48.05811479297389],[-107.34894741193723,48.05812808992458],[-107.34896678764767,48.05811424492116],[-107.34885178961102,48.058076445794555]],[[-107.34880589734468,48.058238157769516],[-107.3488129863696,48.05824695704361],[-107.34882578718756,48.05823771912741],[-107.34880589734468,48.058238157769516]]]}]}"
00000000000000000425,10308,0,0,0,"{""type"":""GeometryCollection"",""geometries"":[{""type"":""LineString"",""coordinates"":[[-107.34867036728285,48.05804439008112],[-107.3486638028023,48.058044524339074]]},{""type"":""Polygon"",""coordinates"":[[[-107.34867041397257,48.05804435638678],[-107.34867036728285,48.05804439008112],[-107.34865761320967,48.05805359424675],[-107.34865052426588,48.05804479499157],[-107.34863736812206,48.05804956667534],[-107.34848609355844,48.05809286138715],[-107.34846197812784,48.05844171294544],[-107.34850154244938,48.05843198236906],[-107.34847267272562,48.058383378644685],[-107.34847868316868,48.05836989441601],[-107.34855878870226,48.0583727325736],[-107.34871742849394,48.05805233367321],[-107.34867041397257,48.05804435638678]]]}]}"
00000000000000000437,10309,0,0,0,"{""type"":""Polygon"",""coordinates"":[[[-107.34839997828641,48.05810350731817],[-107.34834735968211,48.05811799366845],[-107.34840927492793,48.05816138698259],[-107.34839719720298,48.058188442114094],[-107.34832942382806,48.0581630306457],[-107.34831586148374,48.05815882263344],[-107.34836718082533,48.058407869606036],[-107.34841358017387,48.05840245643963],[-107.34843499931193,48.058433352178135],[-107.34843557008995,48.05844667181289],[-107.34844244981366,48.058451060201634],[-107.34846197812784,48.05844171294544],[-107.34848609355844,48.05809286138715],[-107.34839997828641,48.05810350731817]]]}"
00000000000000000439,10310,0,0,0,"{""type"":""Polygon"",""coordinates"":[[[-107.34831586148374,48.05815882263344],[-107.34828888294308,48.058150461863164],[-107.34828826758395,48.058137071278004],[-107.34828801375333,48.0581325893306],[-107.34827470525968,48.0581328632615],[-107.34820913965697,48.05815653211248],[-107.34820255847745,48.058156696702476],[-107.34820845453036,48.05843345617755],[-107.34824838031159,48.05843263439457],[-107.34826841627509,48.05843225112653],[-107.3483408174558,48.0584128994671],[-107.34836718082533,48.058407869606036],[-107.34831586148374,48.05815882263344]]]}"
0000000000000000043a,10311,0,0,0,"{""type"":""Polygon"",""coordinates"":[[[-107.34812393815886,48.05818512137834],[-107.34800148326815,48.058424283491775],[-107.3480686859837,48.058436375678006],[-107.34810861170885,48.05843555395463],[-107.34818867239566,48.058438321406534],[-107.34820845453036,48.05843345617755],[-107.34820255847745,48.058156696702476],[-107.34812393815886,48.05818512137834]]]}"
0000000000000000045b,10312,0,0,0,"{""type"":""Polygon"",""coordinates"":[[[-107.34811037586111,48.058180913334056],[-107.34784153176572,48.058275752748614],[-107.34783043026118,48.0583251071838],[-107.34789280780046,48.05837739393565],[-107.34793432527388,48.058412262283],[-107.34798796554618,48.05842014643641],[-107.34800148326815,48.058424283491775],[-107.34812393815886,48.05818512137834],[-107.34811037586111,48.058180913334056]]]}"
000000000000000004d3,10313,0,0,0,"{""type"":""Polygon"",""coordinates"":[[[-107.34788789072466,48.058122933896826],[-107.34786261191152,48.05815468951397],[-107.34784636886062,48.05823540055721],[-107.34784153176572,48.058275752748614],[-107.34811037586111,48.058180913334056],[-107.34788789072466,48.058122933896826]]]}"
0000000000000000043b,10314,0,0,0,"{""type"":""GeometryCollection"",""geometries"":[{""type"":""LineString"",""coordinates"":[[-107.3482025370923,48.05815668491402],[-107.34820919273051,48.05815654881848]]},{""type"":""Polygon"",""coordinates"":[[[-107.34792915853512,48.058005985527956],[-107.34791975064692,48.0580910137241],[-107.34788789072466,48.058122933896826],[-107.34811037586111,48.058180913334056],[-107.34812393815886,48.05818512137834],[-107.34820255847745,48.058156696702476],[-107.3482025370923,48.05815668491402],[-107.34792915853512,48.058005985527956]]]}]}"
000000000000000003ca,10315,0,0,0,"{""type"":""Polygon"",""coordinates"":[[[-107.34804472877721,48.0579097709899],[-107.34799935153339,48.05793755406794],[-107.3479259301,48.05793453509677],[-107.34789772148004,48.05789939317905],[-107.34786293796041,48.057868858269764],[-107.34780163936732,48.057838855320774],[-107.34771896744942,48.05777802781756],[-107.34769893195592,48.05777841095403],[-107.34770786601379,48.05782738176801],[-107.34778915537358,48.0578569305977],[-107.3478234758711,48.05787857269582],[-107.34785779642039,48.057900214789285],[-107.34787346411217,48.05795351882931],[-107.34788723542223,48.057962137803635],[-107.34792900625192,48.058001487825884],[-107.34792915853512,48.058005985527956],[-107.34820913965697,48.05815653211248],[-107.34827470525968,48.0581328632615],[-107.34804472877721,48.0579097709899]]]}"
00000000000000000438,10316,0,0,0,"{""type"":""Polygon"",""coordinates"":[[[-107.34813470325702,48.057836474429145],[-107.34808259887919,48.05786436682785],[-107.34804472877721,48.0579097709899],[-107.34827470525968,48.0581328632615],[-107.34828801375333,48.0581325893306],[-107.3482879060554,48.05812816264293],[-107.34827958650217,48.058092582194035],[-107.34829202578885,48.05807443575043],[-107.34829911462447,48.058083235039845],[-107.34834735968211,48.05811799366845],[-107.34839997828641,48.05810350731817],[-107.34813470325702,48.057836474429145]]]}"
00000000000000000431,10317,0,0,0,"{""type"":""Polygon"",""coordinates"":[[[-107.34818027728069,48.057813260052335],[-107.34813470325702,48.057836474429145],[-107.34839997828641,48.05810350731817],[-107.34848609355844,48.05809286138715],[-107.34863736812206,48.05804956667534],[-107.34818027728069,48.057813260052335]]]}"
0000000000000000042e,10318,0,0,0,"{""type"":""Polygon"",""coordinates"":[[[-107.34864061174319,48.0579735249515],[-107.34863377669218,48.05796920763906],[-107.34834485888568,48.05776969215414],[-107.34832528630949,48.05777896823419],[-107.34828674425735,48.05781106869639],[-107.34825303872428,48.05780281729858],[-107.3481867060814,48.05780859778226],[-107.34818027728069,48.057813260052335],[-107.34863736812206,48.05804956667534],[-107.34865052426588,48.05804479499157],[-107.34865027039012,48.058040313054164],[-107.34866383278107,48.058044521008405],[-107.34867041397257,48.05804435638678],[-107.34864061174319,48.0579735249515]],[[-107.34862889584342,48.058009488619724],[-107.34859544379987,48.058005719255],[-107.34860264045656,48.05801894518503],[-107.34862889584342,48.058009488619724]]]}"
00000000000000000422,10319,0,0,0,"{""type"":""Polygon"",""coordinates"":[[[-107.34850050522137,48.057677153395716],[-107.34848118655782,48.05769091139782],[-107.3484553376134,48.05770934744261],[-107.34844326009608,48.05773640234124],[-107.34841700491617,48.05774585880116],[-107.34839074973038,48.057755315255754],[-107.34836459604227,48.0577647559408],[-107.34834485888568,48.05776969215414],[-107.34863377669218,48.05796920763906],[-107.34850050522137,48.057677153395716]]]}"
0000000000000000041f,10320,0,0,0,"{""type"":""Polygon"",""coordinates"":[[[-107.34870367274033,48.05760155559741],[-107.34860440248727,48.05761697323442],[-107.34857228948731,48.05764441142191],[-107.34855934273006,48.05765359393631],[-107.34854654209975,48.05766283170919],[-107.348506978608,48.05767256214024],[-107.34850050522137,48.057677153395716],[-107.34863377669218,48.05796920763906],[-107.34864061174319,48.0579735249515],[-107.34873039722599,48.05760543426793],[-107.34870367274033,48.05760155559741]]]}"
0000000000000000042f,10321,0,0,0,"{""type"":""Polygon"",""coordinates"":[[[-107.34871742849394,48.05805233367321],[-107.34874429943767,48.05805626762357],[-107.34874990346405,48.05803380382807],[-107.34886471215901,48.05762947518228],[-107.3488514037641,48.05762974918811],[-107.34877083012465,48.057613576096664],[-107.3487442133745,48.05761412407923],[-107.34873039722599,48.05760543426793],[-107.34864061174319,48.0579735249515],[-107.34867041397257,48.05804435638678],[-107.34868376711947,48.05804415342408],[-107.34871742849394,48.05805233367321]],[[-107.34872893508103,48.05801195905487],[-107.34873623330138,48.058025169210254],[-107.34874907867469,48.0580160023685],[-107.34872893508103,48.05801195905487]],[[-107.34874990346405,48.05803380382807],[-107.34872975986069,48.058029760513485],[-107.34873700120883,48.05804305746118],[-107.34874990346405,48.05803380382807]],[[-107.34872893508103,48.05801195905487],[-107.34872184612165,48.05800315981236],[-107.34871562656829,48.058012233046846],[-107.34872893508103,48.05801195905487]],[[-107.34868983430836,48.05803058248484],[-107.34872307716314,48.05802994090386],[-107.34869605386973,48.05802150924865],[-107.34868983430836,48.05803058248484]],[[-107.34870874686715,48.05800784471389],[-107.34868860329124,48.05800380139196],[-107.34869584461727,48.05801709833673],[-107.34870874686715,48.05800784471389]],[[-107.34868376711947,48.05804415342408],[-107.34868983430836,48.05803058248484],[-107.348676678169,48.05803535417259],[-107.34868376711947,48.05804415342408]]]}"
00000000000000000420,10322,0,0,0,"{""type"":""Polygon"",""coordinates"":[[[-107.34897389577911,48.05768532676828],[-107.34893859703698,48.05764138618989],[-107.34889137358334,48.05762899818757],[-107.34886471215901,48.05762947518228],[-107.34874429943767,48.05805626762357],[-107.34885178961102,48.058076445794555],[-107.34887558274235,48.05801342695178],[-107.34884187667862,48.05800517574264],[-107.34888103428872,48.05798646547269],[-107.34888766011441,48.05798637185932],[-107.34899454712156,48.057698333818635],[-107.34897389577911,48.05768532676828]],[[-107.34878263230488,48.05801975591352],[-107.34878216914979,48.05801086306808],[-107.34876932378175,48.05802002991324],[-107.34878263230488,48.05801975591352]],[[-107.34878263230488,48.05801975591352],[-107.34877677440781,48.058037737767926],[-107.34881022656589,48.058041507068765],[-107.3488427015135,48.05802297719657],[-107.34878263230488,48.05801975591352]]]}"
0000000000000000041c,10323,0,0,0,"{""type"":""MultiPolygon"",""coordinates"":[[[[-107.34905497769643,48.05771046351291],[-107.34901479842684,48.05770680370278],[-107.34899454712156,48.057698333818635],[-107.34888766011441,48.05798637185932],[-107.34890765134425,48.05798591744049],[-107.3489342684069,48.057985369400704],[-107.3489744479302,48.05798902925761],[-107.34902721888955,48.05797904029494],[-107.34909823530884,48.05778107566079],[-107.34905497769643,48.05771046351291]]],[[[-107.34898873379055,48.058011054371924],[-107.34896895181554,48.05801591971868],[-107.34894880814858,48.05801187645313],[-107.34889655124651,48.05803527169043],[-107.34888226544757,48.05801324655064],[-107.34887558274235,48.05801342695178],[-107.34885178961102,48.058076445794555],[-107.34896678764767,48.05811424492116],[-107.34897326109203,48.05810965359443],[-107.34899242750036,48.0580913976744],[-107.34901560481502,48.05801498824107],[-107.34898873379055,48.058011054371924]]]]}"
00000000000000000424,10324,0,0,0,"{""type"":""MultiPolygon"",""coordinates"":[[[[-107.34901560481502,48.05801498824107],[-107.34899242750036,48.0580913976744],[-107.34903029705497,48.058045992994444],[-107.34903553921241,48.0580146205823],[-107.34901560481502,48.05801498824107]]],[[[-107.34909823530884,48.05778107566079],[-107.34902721888955,48.05797904029494],[-107.34915295509192,48.05795857628704],[-107.34926044570066,48.057978753951076],[-107.34939399486254,48.05798490600783],[-107.3494351522284,48.05801086479689],[-107.34944846084227,48.058010590702466],[-107.34948093567517,48.05799206062788],[-107.34954018019226,48.057977480029464],[-107.34909823530884,48.05778107566079]]],[[[-107.34924492906644,48.058077282115995],[-107.34922453132859,48.05806875697034],[-107.34921147667022,48.058073512970346],[-107.34916323039381,48.05803875483711],[-107.34913738133105,48.05805719119122],[-107.34908399457098,48.0580537896819],[-107.349091191448,48.058067015581784],[-107.34907145406325,48.05807195197901],[-107.34906580557261,48.058094344782305],[-107.34904566183181,48.05809030153293],[-107.34903918839474,48.05809489286267],[-107.3491007431632,48.05812937705189],[-107.34904067358848,48.058126155933294],[-107.34900758294945,48.05813129533842],[-107.34919698191997,48.05819441154908],[-107.34926876717569,48.058161668705324],[-107.3493074616488,48.05813406534085],[-107.34934656249624,48.05811544162027],[-107.34933248566227,48.0580978274381],[-107.34931809801066,48.05807581811116],[-107.34930586840656,48.058098375594525],[-107.34929111900125,48.05806745764811],[-107.34925823767726,48.058077008047704],[-107.34925864407312,48.05808598768745],[-107.34924533545905,48.058086261755925],[-107.34924492906644,48.058077282115995]],[[-107.34929980138689,48.05811194658603],[-107.34930684591605,48.05812067477593],[-107.34932641865059,48.058111398430924],[-107.34929980138689,48.05811194658603]],[[-107.34922576273586,48.05809553807963],[-107.3492594691089,48.05810378916015],[-107.34924533545905,48.058086261755925],[-107.34922576273586,48.05809553807963]],[[-107.34924652225038,48.05811297185044],[-107.34924692864286,48.058121951496496],[-107.34925983087419,48.05811269778142],[-107.34924652225038,48.05811297185044]],[[-107.34918121053083,48.05814112330124],[-107.34919538878894,48.058158721756996],[-107.34920808172583,48.05814505712186],[-107.34918121053083,48.05814112330124]],[[-107.34909976577971,48.05810707786149],[-107.349112611146,48.058097910956874],[-107.34909930254828,48.05809818500471],[-107.34909976577971,48.05810707786149]],[[-107.34909206103278,48.05808488807466],[-107.34907911416423,48.05809407073929],[-107.34909930254828,48.05809818500471],[-107.34909206103278,48.05808488807466]]]]}"
00000000000000000417,10325,0,0,0,"{""type"":""Polygon"",""coordinates"":[[[-107.34917562346884,48.057725869489374],[-107.34905497769643,48.05771046351291],[-107.34909823530884,48.05778107566079],[-107.34954018019226,48.057977480029464],[-107.3496855973284,48.057952165618076],[-107.34959644698958,48.05789593108476],[-107.34921554889962,48.057725047323544],[-107.34920958343203,48.057738602446314],[-107.34918980158548,48.057743467810084],[-107.34917562346884,48.057725869489374]],[[-107.34919016333917,48.05775237637064],[-107.34919052509281,48.05776128493273],[-107.34920372577137,48.05775658422433],[-107.34919016333917,48.05775237637064]],[[-107.34919016333917,48.05775237637064],[-107.34918980158548,48.057743467810084],[-107.34917001973805,48.057748333170245],[-107.34919016333917,48.05775237637064]]]}"
00000000000000000413,10326,0,0,0,"{""type"":""Polygon"",""coordinates"":[[[-107.3492913436082,48.057634151691374],[-107.34925326540991,48.057675145220244],[-107.34923446107408,48.0577023095912],[-107.34922166049678,48.057711547461466],[-107.34921554889962,48.057725047323544],[-107.34959644698958,48.05789593108476],[-107.3492913436082,48.057634151691374]]]}"
0000000000000000041e,10327,0,0,0,"{""type"":""Polygon"",""coordinates"":[[[-107.3493532584214,48.05753021085071],[-107.34933393997078,48.057543968980696],[-107.3493216090782,48.057566541996835],[-107.34932309453824,48.057597804741086],[-107.3492913436082,48.057634151691374],[-107.34959644698958,48.05789593108476],[-107.3496855973284,48.057952165618076],[-107.34973101881884,48.05792445276637],[-107.34974330502895,48.05790180852214],[-107.3493532584214,48.05753021085071]]]}"
00000000000000000406,10328,0,0,0,"{""type"":""Polygon"",""coordinates"":[[[-107.34946419933648,48.05747875802759],[-107.3494462649969,48.057523794625965],[-107.34940084395829,48.05755150711937],[-107.3493727861989,48.057520863586845],[-107.34935911597277,48.05751222914402],[-107.34935994107299,48.05753003041929],[-107.3493532584214,48.05753021085071],[-107.34974330502895,48.05790180852214],[-107.34976128392924,48.05785684256755],[-107.34978641529457,48.05782503140684],[-107.34979936199059,48.057815848698205],[-107.34980558131743,48.05780677543315],[-107.34946419933648,48.05747875802759]]]}"
00000000000000000415,10329,0,0,0,"{""type"":""Polygon"",""coordinates"":[[[-107.34979186307005,48.05765073657439],[-107.34960293176321,48.05745362447323],[-107.34955092969972,48.0574815016803],[-107.34946419933648,48.05747875802759],[-107.34980558131743,48.05780677543315],[-107.34982192169906,48.05772604905837],[-107.34982850291411,48.05772588435764],[-107.34979186307005,48.05765073657439]]]}"
00000000000000000414,10330,0,0,0,"{""type"":""Polygon"",""coordinates"":[[[-107.34976653487,48.057387755582155],[-107.34974064178589,48.057406120832546],[-107.34970097048397,48.057411425086116],[-107.34964187934463,48.05743050324856],[-107.34960293176321,48.05745362447323],[-107.34979186307005,48.05765073657439],[-107.34979351365259,48.0573961158087],[-107.34976653487,48.057387755582155]]]}"
00000000000000000410,10331,0,0,0,"{""type"":""Polygon"",""coordinates"":[[[-107.34989524798334,48.05743425848483],[-107.34987444372918,48.05741675406125],[-107.34979351365259,48.0573961158087],[-107.34979186307005,48.05765073657439],[-107.34982850291411,48.05772588435764],[-107.34985475813475,48.05771642751365],[-107.34990141119755,48.057715495608626],[-107.34990778301535,48.057710920022664],[-107.34991323381037,48.057683958659595],[-107.34989971584774,48.05767982193841],[-107.34988600073288,48.057671116528894],[-107.34987186683254,48.05765358936815],[-107.34980470819626,48.05764156966294],[-107.34980368573501,48.05761919967652],[-107.34982870900674,48.05758296201912],[-107.34987428250986,48.05755974696239],[-107.34992150672335,48.05757213444479],[-107.34993517340573,48.057433436024034],[-107.34989524798334,48.05743425848483]]]}"
00000000000000000418,10332,0,0,0,"{""type"":""GeometryCollection"",""geometries"":[{""type"":""LineString"",""coordinates"":[[-107.34991324678964,48.05768398227037],[-107.34991344996232,48.05768844453213]]},{""type"":""Polygon"",""coordinates"":[[[-107.34991348784371,48.057688440559176],[-107.34990778301535,48.057710920022664],[-107.34993378419236,48.057696981259284],[-107.34991348784371,48.057688440559176]]]},{""type"":""Polygon"",""coordinates"":[[[-107.3500351680138,48.057435834046885],[-107.34998840732717,48.05743233938317],[-107.34997530825495,48.05743702440212],[-107.34993517340573,48.057433436024034],[-107.34992150672335,48.05757213444479],[-107.35000844719384,48.057579288538705],[-107.35004877941692,48.057587445569176],[-107.35007447746881,48.05742162115237],[-107.35007436954973,48.057417194532384],[-107.3500351680138,48.057435834046885]]]}]}"
0000000000000000041d,10333,0,0,0,"{""type"":""Polygon"",""coordinates"":[[[-107.35018366380095,48.05747747106993],[-107.35008243684456,48.05744829244285],[-107.35007447746881,48.05742162115237],[-107.35004877941692,48.057587445569176],[-107.3500756059384,48.05759130808412],[-107.35018232848783,48.05759359648391],[-107.35020365503043,48.057477016385214],[-107.35018366380095,48.05747747106993]]]}"
0000000000000000040e,10334,0,0,0,"{""type"":""Polygon"",""coordinates"":[[[-107.35025667972143,48.057471508731176],[-107.35020365503043,48.057477016385214],[-107.35018232848783,48.05759359648391],[-107.35022240677057,48.05759727154974],[-107.35032872285541,48.05759058023623],[-107.3503300577131,48.05747445483845],[-107.35025667972143,48.057471508731176]]]}"
00000000000000000409,10335,0,0,0,"{""type"":""Polygon"",""coordinates"":[[[-107.35044972674694,48.057467560219756],[-107.35035754503103,48.0574917786711],[-107.3503300577131,48.05747445483845],[-107.35032872285541,48.05759058023623],[-107.35033534871401,48.057590486522656],[-107.3504219276525,48.057588731708464],[-107.35048163534063,48.05758304340337],[-107.35044972674694,48.057467560219756]]]}"
0000000000000000040c,10336,0,0,0,"{""type"":""Polygon"",""coordinates"":[[[-107.35058121792845,48.05742912858632],[-107.35056118201213,48.057429512329264],[-107.35044972674694,48.057467560219756],[-107.35048163534063,48.05758304340337],[-107.35051472582586,48.057577903547035],[-107.35057392531333,48.05756325141332],[-107.35060115876219,48.0575760933127],[-107.35058121792845,48.05742912858632]]]}"
00000000000000000404,10337,0,0,0,"{""type"":""Polygon"",""coordinates"":[[[-107.35081480748342,48.05743774694007],[-107.35080088258722,48.05742463085772],[-107.35074775621764,48.05743015457893],[-107.35071430368257,48.05742638600784],[-107.35063470633233,48.05743251345112],[-107.35058121792845,48.05742912858632],[-107.35060115876219,48.0575760933127],[-107.35062155687048,48.05758461807583],[-107.35082138871594,48.05743758217163],[-107.35081480748342,48.05743774694007]]]}"
0000000000000000040a,10338,0,0,0,"{""type"":""Polygon"",""coordinates"":[[[-107.35082138871594,48.05743758217163],[-107.35062155687048,48.05758461807583],[-107.35062828425362,48.057584508574955],[-107.35064904448956,48.057601941853676],[-107.35071594982874,48.05760947904842],[-107.35076342896583,48.05762634799732],[-107.35089625396114,48.05747179044382],[-107.35090149452516,48.05744041831389],[-107.35082138871594,48.05743758217163]]]}"
00000000000000000427,10339,0,0,0,"{""type"":""Polygon"",""coordinates"":[[[-107.35089625396114,48.05747179044382],[-107.35076342896583,48.05762634799732],[-107.35083161169281,48.05766073696957],[-107.3508977929686,48.05765045698135],[-107.35093684854823,48.05763176177844],[-107.35094357596265,48.05763165225454],[-107.35089625396114,48.05747179044382]]]}"
00000000000000000407,10340,0,0,0,"{""type"":""Polygon"",""coordinates"":[[[-107.35103745313235,48.057500216270086],[-107.3509973745079,48.057496541560546],[-107.35103021086238,48.05748691965736],[-107.3510373004642,48.05749571862614],[-107.35102876856973,48.05745572806423],[-107.35091480314183,48.05744014401878],[-107.35090149452516,48.05744041831389],[-107.35089625396114,48.05747179044382],[-107.35094357596265,48.05763165225454],[-107.35100339201703,48.05763039024507],[-107.35108386063223,48.05764213475361],[-107.35103745313235,48.057500216270086]]]}"
00000000000000000423,10341,0,0,0,"{""type"":""Polygon"",""coordinates"":[[[-107.35116940843305,48.05747067652267],[-107.35114294378897,48.05747572282575],[-107.35112963512732,48.057475997153865],[-107.35108966451884,48.05747674910561],[-107.35102876856973,48.05745572806423],[-107.3510373004642,48.05749571862614],[-107.35103745313235,48.057500216270086],[-107.35108386063223,48.05764213475361],[-107.35110415095498,48.05764623278319],[-107.35117691362292,48.05763578781212],[-107.35121622336221,48.05762157438792],[-107.35116940843305,48.05747067652267]],[[-107.35107697225874,48.05749041379843],[-107.35104413589603,48.0575000357185],[-107.3510578067659,48.05750866990266],[-107.35107697225874,48.05749041379843]]]}"
0000000000000000043d,10342,0,0,0,"{""type"":""Polygon"",""coordinates"":[[[-107.35118934299662,48.05747030841556],[-107.35116940843305,48.05747067652267],[-107.35121622336221,48.05762157438792],[-107.35126884181464,48.05760708660385],[-107.35129545927293,48.057606537902316],[-107.35134586596286,48.05754297040228],[-107.35135845010998,48.05752487903742],[-107.35118934299662,48.05747030841556]]]}"
00000000000000000485,10343,0,0,0,"{""type"":""GeometryCollection"",""geometries"":[{""type"":""LineString"",""coordinates"":[[-107.35137287527326,48.05740398497778],[-107.35137953140385,48.057403848687834]]},{""type"":""Polygon"",""coordinates"":[[[-107.35137283620368,48.05740399762556],[-107.35119458333052,48.057438936276334],[-107.35120265166466,48.05747003407902],[-107.35118934299662,48.05747030841556],[-107.35135845010998,48.05752487903742],[-107.35138419681253,48.057506458060715],[-107.35138234729241,48.05746628695633],[-107.35137283620368,48.05740399762556]]]}]}"
000000000000000003fe,10344,0,0,0,"{""type"":""Polygon"",""coordinates"":[[[-107.35133553173381,48.05731538963539],[-107.35132848670253,48.05730666174148],[-107.35117783026298,48.05736335038184],[-107.35119458333052,48.057438936276334],[-107.35137951897347,48.057403817050776],[-107.35137730716058,48.05735473755245],[-107.35133553173381,48.05731538963539]]]}"
00000000000000000400,10345,0,0,0,"{""type"":""Polygon"",""coordinates"":[[[-107.35131415467785,48.05728456628994],[-107.35123846303466,48.05723255733525],[-107.35122500175326,48.05722833405344],[-107.35107619485201,48.05732519341731],[-107.35117680695161,48.057340980550435],[-107.35117783026298,48.05736335038184],[-107.35132848670253,48.05730666174148],[-107.35131415467785,48.05728456628994]]]}"
000000000000000003fc,10346,0,0,0,"{""type"":""Polygon"",""coordinates"":[[[-107.35119129497748,48.057220083812176],[-107.35116359764744,48.057198349490136],[-107.35112978288686,48.05718567263443],[-107.35110265741147,48.057177257577735],[-107.35108924081919,48.05717310530077],[-107.350995472752,48.05730896709482],[-107.35104223390523,48.05731246124715],[-107.35105594934399,48.05732116642341],[-107.35107619485201,48.05732519341731],[-107.35122500175326,48.05722833405344],[-107.35119129497748,48.057220083812176]]]}"
000000000000000003fb,10347,0,0,0,"{""type"":""Polygon"",""coordinates"":[[[-107.3510616004823,48.05715128417788],[-107.35104746601526,48.05713375737874],[-107.3510204421237,48.05712532653823],[-107.35079374119357,48.05726842862457],[-107.35080730387918,48.05727263620606],[-107.35083428312821,48.057280996109455],[-107.35088129830206,48.05728897220173],[-107.35095529285027,48.05730530814219],[-107.350995472752,48.05730896709482],[-107.35108924081919,48.05717310530077],[-107.35108898663816,48.057168623452135],[-107.3510616004823,48.05715128417788]]]}"
00000000000000000408,10348,0,0,0,"{""type"":""Polygon"",""coordinates"":[[[-107.35099336138238,48.057116982478576],[-107.3509586762904,48.05708643345999],[-107.35058835782414,48.057147618934806],[-107.35060274612835,48.057169627664635],[-107.35061641671504,48.05717826186449],[-107.35064488240681,48.05721788427871],[-107.35071281009063,48.05724779123269],[-107.35079374119357,48.05726842862457],[-107.3510204421237,48.05712532653823],[-107.35099336138238,48.057116982478576]]]}"
00000000000000000405,10349,0,0,0,"{""type"":""Polygon"",""coordinates"":[[[-107.3509546159399,48.05699718347129],[-107.35054411897744,48.057054709683044],[-107.35053204295725,48.05708176446883],[-107.35056035585632,48.057116889226116],[-107.35057443314092,48.057134502886775],[-107.35058835782414,48.057147618934806],[-107.3509586762904,48.05708643345999],[-107.35096293816045,48.05703276287644],[-107.3509546159399,48.05699718347129]]]}"
0000000000000000040b,10350,0,0,0,"{""type"":""Polygon"",""coordinates"":[[[-107.35063871322261,48.056936650025115],[-107.35061991003482,48.05696381425587],[-107.35057438201719,48.0569871004023],[-107.35054411897744,48.057054709683044],[-107.3509546159399,48.05699718347129],[-107.35095312905521,48.056965921146855],[-107.35096411818704,48.056912141167025],[-107.35063871322261,48.056936650025115]]]}"
000000000000000003e5,10351,0,0,0,"{""type"":""Polygon"",""coordinates"":[[[-107.35097896876219,48.05680015382208],[-107.3509718792943,48.05679135496239],[-107.35072184739249,48.05685903545219],[-107.35074882630646,48.056867395322165],[-107.35073649634296,48.05688996820525],[-107.35067154902967,48.056927028361514],[-107.35063871322261,48.056936650025115],[-107.35096411818704,48.056912141167025],[-107.35097033713741,48.05690306799245],[-107.35099608345884,48.05688464734827],[-107.35097896876219,48.05680015382208]]]}"
00000000000000000403,10352,0,0,0,"{""type"":""Polygon"",""coordinates"":[[[-107.35093719450413,48.056760806118206],[-107.35091556398204,48.056725501180814],[-107.35084804369676,48.05670457403944],[-107.35084095428606,48.05669577518466],[-107.35064076463576,48.05683390054734],[-107.35065443512183,48.05684253468901],[-107.35072184739249,48.05685903545219],[-107.3509718792943,48.05679135496239],[-107.35093719450413,48.056760806118206]]]}"
000000000000000003fa,10353,0,0,0,"{""type"":""Polygon"",""coordinates"":[[[-107.35082055654357,48.05668725060354],[-107.35080724820985,48.05668752487444],[-107.35079393987792,48.056687799143454],[-107.35067370133805,48.05668137488091],[-107.35066682148549,48.056676986803794],[-107.35055906584144,48.056795375375486],[-107.35057248216341,48.056799527703596],[-107.3505932419604,48.05681696074438],[-107.35064076463576,48.05683390054734],[-107.35084095428606,48.05669577518466],[-107.35084059211506,48.056686866820556],[-107.35082055654357,48.05668725060354]]]}"
00000000000000000411,10354,0,0,0,"{""type"":""Polygon"",""coordinates"":[[[-107.3506463158376,48.0566640356326],[-107.35061199366454,48.056642395089405],[-107.35057807828343,48.05662973391738],[-107.3505578901821,48.056625620071536],[-107.35045671557263,48.056743843668514],[-107.35046355076379,48.05674816074643],[-107.3505047080884,48.0567741184646],[-107.35055906584144,48.056795375375486],[-107.35066682148549,48.056676986803794],[-107.3506463158376,48.0566640356326]]]}"
000000000000000003e6,10355,0,0,0,"{""type"":""Polygon"",""coordinates"":[[[-107.35051076809127,48.05661321734459],[-107.35046252165414,48.05657846083809],[-107.35043565106372,48.05657452747139],[-107.35030467680117,48.05676925226921],[-107.35033072188284,48.05675538468783],[-107.3503619631414,48.05671007441301],[-107.3504294827967,48.05673100191499],[-107.35045671557263,48.056743843668514],[-107.3505578901821,48.056625620071536],[-107.35051076809127,48.05661321734459]]]}"
000000000000000003e9,10356,0,0,0,"{""type"":""Polygon"",""coordinates"":[[[-107.35037522091292,48.05656239889975],[-107.35033442600695,48.05654534956501],[-107.35029424728302,48.05654169035873],[-107.35023669371762,48.05673943204835],[-107.35025781527705,48.05676577353043],[-107.35027882891994,48.05678768845446],[-107.35029177517876,48.05677850587221],[-107.35030467680117,48.05676925226921],[-107.35043565106372,48.05657452747139],[-107.35037522091292,48.05656239889975]]]}"
000000000000000003ef,10357,0,0,0,"{""type"":""Polygon"",""coordinates"":[[[-107.35027410395513,48.05653764747684],[-107.35019327665782,48.056516994109835],[-107.35010526371448,48.05663488766409],[-107.3501057718401,48.056643851281656],[-107.35023669371762,48.05673943204835],[-107.35029424728302,48.05654169035873],[-107.35027410395513,48.05653764747684]]]}"
000000000000000003e7,10358,0,0,0,"{""type"":""Polygon"",""coordinates"":[[[-107.35015273603501,48.05650442650378],[-107.35009071860773,48.05646105147083],[-107.35007078481914,48.056461419322694],[-107.35004432108215,48.05646646520222],[-107.35004334767518,48.056591496729745],[-107.35010526371448,48.05663488766409],[-107.35019327665782,48.056516994109835],[-107.35015273603501,48.05650442650378]]]}"
000000000000000003eb,10359,0,0,0,"{""type"":""Polygon"",""coordinates"":[[[-107.34995846261184,48.056481593928666],[-107.34982759110436,48.05653341406529],[-107.3497487201349,48.056557357303916],[-107.35004334767518,48.056591496729745],[-107.35004432108215,48.05646646520222],[-107.34995846261184,48.056481593928666]]]}"
000000000000000003f6,10360,0,0,0,"{""type"":""GeometryCollection"",""geometries"":[{""type"":""LineString"",""coordinates"":[[-107.34971180423798,48.05662509636937],[-107.34971160109033,48.05662063410614]]},{""type"":""Polygon"",""coordinates"":[[[-107.34971542462993,48.05670541632328],[-107.3497293487321,48.05671853240346],[-107.34974250440862,48.056713760702884],[-107.3497422950212,48.056709349906775],[-107.34971542462993,48.05670541632328]]]},{""type"":""Polygon"",""coordinates"":[[[-107.3497747686131,48.05669082022431],[-107.34977559393796,48.05670862121126],[-107.3501057718401,48.056643851281656],[-107.35010526371448,48.05663488766409],[-107.35004334767518,48.056591496729745],[-107.3497487201349,48.056557357303916],[-107.34973551988548,48.056562057968875],[-107.34971809440552,48.056616057426325],[-107.34973798357187,48.0566156186257],[-107.34973725976411,48.05659780190439],[-107.3497771842208,48.05659697954705],[-107.3497747686131,48.05669082022431]],[[-107.34979696549591,48.05659211418301],[-107.34978340331742,48.05658790650035],[-107.3497771842208,48.05659697954705],[-107.34979696549591,48.05659211418301]]]}]}"
000000000000000003f8,10361,0,0,0,"{""type"":""MultiPolygon"",""coordinates"":[[[[-107.34974250440862,48.056713760702884],[-107.3497293487321,48.05671853240346],[-107.34973643779591,48.05672733135308],[-107.34972996464832,48.05673192260269],[-107.34977682580464,48.05673540160663],[-107.34974250440862,48.056713760702884]]],[[[-107.35023669371762,48.05673943204835],[-107.3501057718401,48.056643851281656],[-107.34977559393796,48.05670862121126],[-107.34978319744882,48.05673082611894],[-107.34982959521041,48.05672541248064],[-107.34984315744958,48.05672962016628],[-107.34982363012296,48.05673896737338],[-107.35025781527705,48.05676577353043],[-107.35023669371762,48.05673943204835]]]]}"
000000000000000003e8,10362,0,0,0,"{""type"":""Polygon"",""coordinates"":[[[-107.35025781527705,48.05676577353043],[-107.34982363012296,48.05673896737338],[-107.34979737561821,48.056748424014245],[-107.34977682580464,48.05673540160663],[-107.34972996464832,48.05673192260269],[-107.34971691046704,48.05673667853808],[-107.34975806691614,48.05676263659338],[-107.35010279034648,48.05687170362601],[-107.35012257180058,48.05686683816473],[-107.35014246118625,48.0568663992725],[-107.35021434519066,48.05683364085459],[-107.35025319046808,48.05681053544131],[-107.35027882891994,48.05678768845446],[-107.35025781527705,48.05676577353043]],[[-107.34989860018281,48.05677760261336],[-107.3498651486303,48.0567738337679],[-107.3498790728316,48.056786949840934],[-107.34989860018281,48.05677760261336]]]}"
0000000000000000040d,10363,0,0,0,"{""type"":""Polygon"",""coordinates"":[[[-107.34975806691614,48.05676263659338],[-107.34996102845648,48.05697728852755],[-107.34999972139461,48.05694968554651],[-107.35004550348513,48.05693088152309],[-107.35005721775568,48.056894918463385],[-107.35010279034648,48.05687170362601],[-107.34975806691614,48.05676263659338]]]}"
00000000000000000402,10364,0,0,0,"{""type"":""GeometryCollection"",""geometries"":[{""type"":""LineString"",""coordinates"":[[-107.34968441526665,48.05675518295907],[-107.34968421212044,48.05675072069585]]},{""type"":""Polygon"",""coordinates"":[[[-107.34975806691614,48.05676263659338],[-107.34971691046704,48.05673667853808],[-107.3497101833031,48.05673678796766],[-107.34969733850217,48.0567459546999],[-107.34968443682499,48.05675520821842],[-107.34965864569773,48.05677355744815],[-107.34965232504199,48.05678264628559],[-107.34983678085871,48.05702901552931],[-107.34987608985695,48.05701480283812],[-107.34991601482052,48.05701398040353],[-107.34996102845648,48.05697728852755],[-107.34975806691614,48.05676263659338]]]}]}"
00000000000000000416,10365,0,0,0,"{""type"":""Polygon"",""coordinates"":[[[-107.34965232504199,48.05678264628559],[-107.34960762238424,48.056823732918524],[-107.34958943458827,48.056864287135745],[-107.34969881824458,48.05707203708182],[-107.34971880915356,48.05707158250988],[-107.34983678085871,48.05702901552931],[-107.34965232504199,48.05678264628559]]]}"
00000000000000000419,10366,0,0,0,"{""type"":""Polygon"",""coordinates"":[[[-107.34958943458827,48.056864287135745],[-107.34957005967276,48.05687813191458],[-107.34947875177623,48.05706755267231],[-107.3494924665257,48.05707625804908],[-107.3495458011878,48.05707514591569],[-107.34961892376246,48.05707361073183],[-107.34969881824458,48.05707203708182],[-107.34958943458827,48.056864287135745]]]}"
00000000000000000412,10367,0,0,0,"{""type"":""Polygon"",""coordinates"":[[[-107.34933390789111,48.05695885401959],[-107.3493623716668,48.0569984766974],[-107.34941036301325,48.05702875221824],[-107.34943163006851,48.057055149300496],[-107.34947875177623,48.05706755267231],[-107.34957005967276,48.05687813191458],[-107.34933390789111,48.05695885401959]]]}"
00000000000000000421,10368,0,0,0,"{""type"":""Polygon"",""coordinates"":[[[-107.34928247619476,48.05685271883952],[-107.34927785024217,48.056897480806626],[-107.34931998390856,48.05694573781878],[-107.34933390789111,48.05695885401959],[-107.34957005967276,48.05687813191458],[-107.34958943458827,48.056864287135745],[-107.34960762238424,48.056823732918524],[-107.34928247619476,48.05685271883952]]]}"
0000000000000000041b,10369,0,0,0,"{""type"":""Polygon"",""coordinates"":[[[-107.34931772858124,48.05674925669285],[-107.34928602308571,48.05678567405359],[-107.34928247619476,48.05685271883952],[-107.34960762238424,48.056823732918524],[-107.34965232504199,48.05678264628559],[-107.34965864569773,48.05677355744815],[-107.34931772858124,48.05674925669285]]]}"
0000000000000000040f,10370,0,0,0,"{""type"":""MultiPolygon"",""coordinates"":[[[[-107.34898303210186,48.05656855122885],[-107.34895055851597,48.056587080599684],[-107.34897033971109,48.0565822154092],[-107.34899659406186,48.05657275902877],[-107.34898303210186,48.05656855122885]]],[[[-107.34967611597963,48.05671962885583],[-107.34923885590796,48.056625869041284],[-107.34924019521064,48.05665707596986],[-107.34920027091692,48.05665789810033],[-107.34919950274318,48.05664001033277],[-107.34919842374597,48.05661772754474],[-107.34903025432573,48.05658093896653],[-107.34903040675563,48.056585436541205],[-107.34914826995823,48.05668577463755],[-107.3492160419265,48.05671118484628],[-107.34926850620094,48.05669220087248],[-107.34931428795697,48.056673397299214],[-107.349348145596,48.05668614573703],[-107.3493493771503,48.05671292613434],[-107.34931772858124,48.05674925669285],[-107.34965864569773,48.05677355744815],[-107.3496841828147,48.056750726397475],[-107.34968320502684,48.05672842781],[-107.34967611597963,48.05671962885583]]]]}"
000000000000000003ed,10371,0,0,0,"{""type"":""MultiPolygon"",""coordinates"":[[[[-107.34915716027731,48.05658734274717],[-107.3491562906218,48.056569470767485],[-107.34910182702708,48.05654378655269],[-107.34907484920606,48.056535426243045],[-107.34906103330376,48.05652673665203],[-107.34905419842025,48.05652241948453],[-107.34898303210186,48.05656855122885],[-107.34899659406186,48.05657275902877],[-107.34902917542992,48.056558656199144],[-107.34903651817781,48.05657193698898],[-107.34903025432573,48.05658093896653],[-107.34919842374597,48.05661772754474],[-107.3491977002008,48.05659991081196],[-107.34915716027731,48.05658734274717]]],[[[-107.34961944199466,48.056644865952755],[-107.34966496968359,48.05662158042034],[-107.34962468337173,48.05661349436709],[-107.34961821023964,48.05661808559879],[-107.34961795623676,48.056613603789216],[-107.34936227697654,48.05655634229835],[-107.34934347334615,48.05658350609277],[-107.34934470490121,48.05661028643765],[-107.34928412965509,48.056598101887396],[-107.34923860195185,48.056621387228844],[-107.34923885590796,48.056625869041284],[-107.34967611597963,48.05671962885583],[-107.34966203939783,48.05670201518486],[-107.34969528140832,48.05670137330442],[-107.34961944199466,48.056644865952755]]]]}"
000000000000000003ec,10372,0,0,0,"{""type"":""MultiPolygon"",""coordinates"":[[[[-107.34959560361533,48.056560481900235],[-107.34958044790314,48.05652058553191],[-107.34958655915037,48.056507085965784],[-107.34934502024396,48.05647179364989],[-107.34935236311644,48.056485074390345],[-107.34936726456257,48.0565204889721],[-107.34938144239969,48.05653808686671],[-107.34936227697654,48.05655634229835],[-107.34961795623676,48.056613603789216],[-107.34959560361533,48.056560481900235]]],[[[-107.34970977354232,48.0565804781616],[-107.34969035417402,48.05659425186443],[-107.3496775540538,48.05660348958863],[-107.34965093777103,48.056604037800554],[-107.34962468337173,48.05661349436709],[-107.34966496968359,48.05662158042034],[-107.34967816995338,48.05661687975923],[-107.34971183066203,48.05662505945324],[-107.34971162127772,48.05662064866445],[-107.34971136726335,48.05661616685518],[-107.34971809440552,48.056616057426325],[-107.34973551988548,48.056562057968875],[-107.34970977354232,48.0565804781616]]]]}"
000000000000000003ee,10373,0,0,0,"{""type"":""Polygon"",""coordinates"":[[[-107.3493281636711,48.05639178218107],[-107.34932292211197,48.056423153622376],[-107.34934502024396,48.05647179364989],[-107.34958655915037,48.056507085965784],[-107.34960572448372,48.05648883050874],[-107.34961656905419,48.05643499587766],[-107.34962217226452,48.05641253274695],[-107.3493281636711,48.05639178218107]]]}"
000000000000000003f1,10374,0,0,0,"{""type"":""Polygon"",""coordinates"":[[[-107.34933228150207,48.05633805707255],[-107.3493281636711,48.05639178218107],[-107.34962217226452,48.05641253274695],[-107.34964035976029,48.056371978880776],[-107.349638512088,48.056331808565595],[-107.34963728030624,48.05630502837257],[-107.34933228150207,48.05633805707255]]]}"
000000000000000003f7,10375,0,0,0,"{""type"":""Polygon"",""coordinates"":[[[-107.34962089284573,48.05623835204535],[-107.3495726927977,48.056203666315305],[-107.34933032632621,48.056293460241],[-107.34933043416642,48.056297886768895],[-107.34933228150207,48.05633805707255],[-107.34963728030624,48.05630502837257],[-107.34962089284573,48.05623835204535]]]}"
000000000000000003ea,10376,0,0,0,"{""type"":""Polygon"",""coordinates"":[[[-107.34949680998086,48.05614708835194],[-107.34946957824314,48.05613424644559],[-107.34944198469276,48.056112496253846],[-107.34932200590995,48.05625788115032],[-107.34932225987836,48.056262362931136],[-107.34931553282877,48.05626247232913],[-107.34930931371312,48.0562715452896],[-107.34933032632621,48.056293460241],[-107.3495726927977,48.056203666315305],[-107.34949680998086,48.05614708835194]]]}"
000000000000000003e0,10377,0,0,0,"{""type"":""GeometryCollection"",""geometries"":[{""type"":""LineString"",""coordinates"":[[-107.34931555161171,48.05626249071831],[-107.34930909872865,48.0562670891511],[-107.34930930183903,48.0562715514159]]},{""type"":""Polygon"",""coordinates"":[[[-107.34941454366283,48.05609524359285],[-107.34936008039294,48.05606955974902],[-107.34930644234319,48.05606167666068],[-107.34928583629731,48.05604874108715],[-107.34927921078845,48.05604883471655],[-107.34924997054104,48.056286140963],[-107.34926266275676,48.056272476827296],[-107.34930905974637,48.056267063507924],[-107.34931517102243,48.056253564023685],[-107.34932200590995,48.05625788115032],[-107.34944198469276,48.056112496253846],[-107.34941454366283,48.05609524359285]]]}]}"
000000000000000003f2,10378,0,0,0,"{""type"":""Polygon"",""coordinates"":[[[-107.34918533838422,48.0560373787035],[-107.3490857102795,48.05604388800803],[-107.34918928808291,48.05626952988627],[-107.34923080522395,48.056304396277866],[-107.34925022450041,48.05629062274666],[-107.34924997054104,48.056286140963],[-107.34927921078845,48.05604883471655],[-107.34918533838422,48.0560373787035]]]}"
000000000000000003df,10379,0,0,0,"{""type"":""Polygon"",""coordinates"":[[[-107.3490857102795,48.05604388800803],[-107.34895946655942,48.05605094520699],[-107.34889215932161,48.05603442760501],[-107.34888645429773,48.05605690630307],[-107.34888706991853,48.05607029634614],[-107.3489171254665,48.056145606920445],[-107.34893125826733,48.056163133745464],[-107.34918928808291,48.05626952988627],[-107.3490857102795,48.05604388800803]]]}"
000000000000000003f4,10380,0,0,0,"{""type"":""Polygon"",""coordinates"":[[[-107.34918928808291,48.05626952988627],[-107.34893125826733,48.056163133745464],[-107.3490065247189,48.05635365154511],[-107.34907331847289,48.056356763268305],[-107.34913281415699,48.05634666523652],[-107.34919858586817,48.05632740741929],[-107.34921189384569,48.056327133382666],[-107.34923080522395,48.056304396277866],[-107.34918928808291,48.05626952988627]]]}"
000000000000000003f3,10381,0,0,0,"{""type"":""MultiPolygon"",""coordinates"":[[[[-107.34893125826733,48.056163133745464],[-107.3489171254665,48.056145606920445],[-107.34881189357941,48.05632190828975],[-107.34891275342561,48.05634217944397],[-107.3490065247189,48.05635365154511],[-107.34893125826733,48.056163133745464]]],[[[-107.34900682382036,48.05650553420289],[-107.34895785629361,48.05645296026389],[-107.34885818265495,48.05645939838552],[-107.3487700596012,48.056425534040535],[-107.34875675165082,48.05642580801564],[-107.34875002461247,48.056425917374],[-107.34873132223983,48.05645306522273],[-107.34874463019635,48.05645279125086],[-107.34879154129787,48.05646078407149],[-107.34886054356318,48.05651297475665],[-107.34892050262454,48.05651176941003],[-107.348959811004,48.05649755725061],[-107.34900194370928,48.05654581405864],[-107.3489828796776,48.05656405365542],[-107.34892394245034,48.05658762860405],[-107.34895055851597,48.056587080599684],[-107.34898303210186,48.05656855122885],[-107.34905419842025,48.05652241948453],[-107.34900682382036,48.05650553420289]]]]}"
000000000000000003f5,10382,0,0,0,"{""type"":""MultiPolygon"",""coordinates"":[[[[-107.34888706991853,48.05607029634614],[-107.34866951754493,48.05626677039819],[-107.34870383752082,48.056288411537544],[-107.34879847788413,48.05631775573717],[-107.34881189357941,48.05632190828975],[-107.3489171254665,48.056145606920445],[-107.34888706991853,48.05607029634614]]],[[[-107.34873009112793,48.05642628493908],[-107.34870347523976,48.056426832876035],[-107.34868348489198,48.05642728721638],[-107.34863744957222,48.0564416085914],[-107.34869802391998,48.05645379353677],[-107.34873132223983,48.05645306522273],[-107.34875002461247,48.056425917374],[-107.34873009112793,48.05642628493908]]]]}"
0000000000000000041a,10383,0,0,0,"{""type"":""Polygon"",""coordinates"":[[[-107.34854518436933,48.05617102355539],[-107.3485454382425,48.05617550533326],[-107.34858037352562,48.05621053656821],[-107.34864192461814,48.05624501990526],[-107.34866951754493,48.05626677039819],[-107.34888706991853,48.05607029634614],[-107.34888645429773,48.05605690630307],[-107.34854518436933,48.05617102355539]]]}"
000000000000000003de,10384,0,0,0,"{""type"":""Polygon"",""coordinates"":[[[-107.34885820108168,48.056021694905986],[-107.34853331796961,48.05605515937509],[-107.34854055892015,48.05606845584663],[-107.34854261464788,48.056113036763044],[-107.34854518436933,48.05617102355539],[-107.34888645429773,48.05605690630307],[-107.34889215932161,48.05603442760501],[-107.34885820108168,48.056021694905986]]]}"
000000000000000003e3,10385,0,0,0,"{""type"":""GeometryCollection"",""geometries"":[{""type"":""LineString"",""coordinates"":[[-107.34885159841961,48.05602186180773],[-107.34885822797227,48.056021726206986]]},{""type"":""Polygon"",""coordinates"":[[[-107.34880312304445,48.055982620735804],[-107.3487882223914,48.05594720640977],[-107.34877445143151,48.05593858788743],[-107.34851595564885,48.0559661848278],[-107.34850988882204,48.05597975521218],[-107.34851086592086,48.0560020535105],[-107.34851148140515,48.05601544354543],[-107.34853331796961,48.05605515937509],[-107.34885159841961,48.05602186180773],[-107.3488516202356,48.05602185952537],[-107.34880312304445,48.055982620735804]]]}]}"
000000000000000003f9,10386,0,0,0,"{""type"":""Polygon"",""coordinates"":[[[-107.34875230980346,48.05588987717427],[-107.3487244631625,48.05586364510652],[-107.34851827266189,48.055872361170046],[-107.34853404235818,48.05592564726264],[-107.34851595564885,48.0559661848278],[-107.34877445143151,48.05593858788743],[-107.34875230980346,48.05588987717427]]]}"
00000000000000000433,10387,0,0,0,"{""type"":""Polygon"",""coordinates"":[[[-107.34871741918829,48.0558549172357],[-107.34871593416604,48.055823655510835],[-107.34871470303972,48.05579687554905],[-107.3485005488051,48.055774478696534],[-107.34849490049757,48.055796870479696],[-107.3484497353353,48.05582906330657],[-107.34838360310769,48.0558394121555],[-107.3483980970608,48.05586584721482],[-107.34847089938528,48.055855475799426],[-107.34851812028879,48.05586786365434],[-107.34851827266189,48.055872361170046],[-107.3487244631625,48.05586364510652],[-107.34871741918829,48.0558549172357]]]}"
000000000000000003dc,10388,0,0,0,"{""type"":""Polygon"",""coordinates"":[[[-107.34869841902831,48.055730183897424],[-107.34869718791103,48.05570340398297],[-107.34850954805441,48.055680475027216],[-107.3485005488051,48.055774478696534],[-107.34871470303972,48.05579687554905],[-107.34869841902831,48.055730183897424]]]}"
000000000000000003e1,10389,0,0,0,"{""type"":""Polygon"",""coordinates"":[[[-107.34854541634525,48.05559040539498],[-107.3485335936014,48.05562194091856],[-107.34850918643552,48.05567156681293],[-107.34850954805441,48.055680475027216],[-107.34869718791103,48.05570340398297],[-107.34869610919004,48.05568112158058],[-107.34870828723572,48.05565405197214],[-107.34872113173401,48.055644885571155],[-107.3487338238261,48.05563122167584],[-107.34874702371226,48.05562652124156],[-107.34854541634525,48.05559040539498]]]}"
000000000000000003d8,10390,0,0,0,"{""type"":""Polygon"",""coordinates"":[[[-107.34855246110695,48.05545180590322],[-107.34852609984175,48.05545683547807],[-107.34854660364512,48.05546978685125],[-107.34852974822086,48.05553710387975],[-107.34851037388187,48.05555094807908],[-107.34854541634525,48.05559040539498],[-107.34874702371226,48.05562652124156],[-107.34876629655881,48.05561269273814],[-107.34879157290806,48.05558093848578],[-107.34855246110695,48.05545180590322]]]}"
000000000000000003dd,10391,0,0,0,"{""type"":""Polygon"",""coordinates"":[[[-107.34861776791762,48.0554236564503],[-107.3485789684962,48.0554468315779],[-107.34855246110695,48.05545180590322],[-107.34879157290806,48.05558093848578],[-107.34880401105161,48.05556279287458],[-107.34882256045944,48.055531148001656],[-107.34888005539145,48.05547638314365],[-107.34861776791762,48.0554236564503]]]}"
000000000000000003e2,10392,0,0,0,"{""type"":""Polygon"",""coordinates"":[[[-107.34870773533554,48.055350363008664],[-107.34871482384982,48.05535916181804],[-107.34868260523872,48.05538217235199],[-107.34865635177074,48.05539162840912],[-107.34864402140748,48.05541420039741],[-107.34861776791762,48.0554236564503],[-107.34888005539145,48.05547638314365],[-107.34891715397772,48.05541309349407],[-107.34892254805203,48.055386220149444],[-107.34870773533554,48.055350363008664]]]}"
000000000000000003da,10393,1,0,1,"{""type"":""Polygon"",""coordinates"":[[[-107.34871015316948,48.05525652470257],[-107.34871040706805,48.05526100640113],[-107.34870614252381,48.055314675137524],[-107.34870773533554,48.055350363008664],[-107.34892254805203,48.055386220149444],[-107.34893411019264,48.055345760810795],[-107.34897876668853,48.05530460467042],[-107.34871015316948,48.05525652470257]]]}"
000000000000000003d9,10394,0,0,0,"{""type"":""Polygon"",""coordinates"":[[[-107.34902259178999,48.055241205828885],[-107.34903528366137,48.05522754200453],[-107.34875958194468,48.0551706634824],[-107.34872726202349,48.05519368970749],[-107.34872895635935,48.05522936173154],[-107.34871015316948,48.05525652470257],[-107.34897876668853,48.05530460467042],[-107.34900465836036,48.05528624039828],[-107.34901760418917,48.05527705826217],[-107.3490170963165,48.05526809486624],[-107.34904334970831,48.055258638734536],[-107.34902259178999,48.055241205828885]]]}"
000000000000000003d6,10395,0,0,0,"{""type"":""Polygon"",""coordinates"":[[[-107.34901267870917,48.05516993965483],[-107.34901766628953,48.05513408729562],[-107.34881559117598,48.05508463777383],[-107.34879678811502,48.05511180068354],[-107.34876605485061,48.05516607244126],[-107.34875958194468,48.0551706634824],[-107.34903528366137,48.05522754200453],[-107.34905419448275,48.05520480542591],[-107.34905357878304,48.05519141560709],[-107.34905260132471,48.05516911766844],[-107.34901267870917,48.05516993965483]]]}"
000000000000000003d4,10396,0,0,0,"{""type"":""Polygon"",""coordinates"":[[[-107.34886517192021,48.05500327423178],[-107.34885268938643,48.05502134863196],[-107.34884014997144,48.055039509819956],[-107.34882807374696,48.055066563355695],[-107.34881559117598,48.05508463777383],[-107.34901766628953,48.05513408729562],[-107.3490237774232,48.055120588125476],[-107.34904818360698,48.055070962646894],[-107.34905378683484,48.05504850013376],[-107.34886517192021,48.05500327423178]]]}"
000000000000000003d5,10397,0,0,0,"{""type"":""Polygon"",""coordinates"":[[[-107.34885387548759,48.054900731424944],[-107.3488609639733,48.05490953014873],[-107.34890211754377,48.054935487739385],[-107.34886517192021,48.05500327423178],[-107.34905378683484,48.05504850013376],[-107.349060259703,48.05504390908441],[-107.34910578539709,48.05502062457974],[-107.34913095960252,48.054988886377146],[-107.34913019141473,48.05497099917919],[-107.34885387548759,48.054900731424944]]]}"
000000000000000003cf,10398,0,0,0,"{""type"":""Polygon"",""coordinates"":[[[-107.34893675281063,48.05481863983023],[-107.34892544482231,48.05486358041969],[-107.348847040923,48.05489641436856],[-107.34885387548759,48.054900731424944],[-107.34913019141473,48.05497099917919],[-107.34915336588254,48.0548945943352],[-107.3491531565544,48.054890183689444],[-107.34893675281063,48.05481863983023]]]}"
000000000000000003d3,10399,0,0,0,"{""type"":""MultiPolygon"",""coordinates"":[[[[-107.34851108924798,48.05454153796106],[-107.34848642903957,48.05458668116275],[-107.34851304354837,48.05458613334033],[-107.34858774688782,48.05461584438756],[-107.34860706382298,48.0546020872153],[-107.3486196031498,48.05458392621168],[-107.34851108924798,48.05454153796106]]],[[[-107.34894517948034,48.0547113191951],[-107.34892601496887,48.05472957387986],[-107.34890099327357,48.05476580928818],[-107.34890844348102,48.05478351604348],[-107.34893675281063,48.05481863983023],[-107.3491531565544,48.054890183689444],[-107.34919791381543,48.054849012059435],[-107.34921003436138,48.05482202961591],[-107.3492097803988,48.05481754795785],[-107.34894517948034,48.0547113191951]]]]}"
000000000000000003ce,10400,0,0,0,"{""type"":""GeometryCollection"",""geometries"":[{""type"":""LineString"",""coordinates"":[[-107.3489451581939,48.05471128690206],[-107.34895181398905,48.054711150758465]]},{""type"":""Polygon"",""coordinates"":[[[-107.34901449493908,48.05462502017642],[-107.349003650367,48.05467885287968],[-107.34896429934982,48.054692993494584],[-107.34895186159616,48.05471113881543],[-107.3492097803988,48.05481754795785],[-107.34922247206765,48.05480388422435],[-107.34925335059329,48.05474966797192],[-107.3492594169531,48.05473609787095],[-107.34901449493908,48.05462502017642]]]},{""type"":""Polygon"",""coordinates"":[[[-107.34874902695664,48.054500919921345],[-107.34856992159877,48.05451798003599],[-107.34856344880369,48.05452257100428],[-107.34851108924798,48.05454153796106],[-107.3486196031498,48.05458392621168],[-107.34863208559578,48.05456585199498],[-107.34868613952432,48.05458255654678],[-107.34871218312493,48.05456869002155],[-107.34878293915867,48.05451358130678],[-107.34874902695664,48.054500919921345]]]}]}"
000000000000000003cb,10401,0,0,0,"{""type"":""MultiPolygon"",""coordinates"":[[[[-107.34903792326895,48.054553097503025],[-107.34901449493908,48.05462502017642],[-107.3492594169531,48.05473609787095],[-107.34934229335374,48.05465400620697],[-107.34903792326895,48.054553097503025]]],[[[-107.3488282549112,48.05448588657267],[-107.34874902695664,48.054500919921345],[-107.34878293915867,48.05451358130678],[-107.34878941194088,48.05450899032479],[-107.3488688938547,48.054498438571784],[-107.3488282549112,48.05448588657267]]]]}"
000000000000000003cd,10402,0,0,0,"{""type"":""Polygon"",""coordinates"":[[[-107.34925264102542,48.054441486996126],[-107.34923249915752,48.054437444020344],[-107.34921919185386,48.05443771803284],[-107.34920588455196,48.05443799204344],[-107.34917926995354,48.05443854005898],[-107.3491713117268,48.05441187019642],[-107.3489927140261,48.05443789432911],[-107.3488282549112,48.05448588657267],[-107.3488688938547,48.054498438571784],[-107.34887551905798,48.054498344981276],[-107.34889550840836,48.054497890642935],[-107.3489751428028,48.05449183619792],[-107.34899574786328,48.054504771478875],[-107.34901629607363,48.05451779354023],[-107.34904435141912,48.05454843548205],[-107.34903792326895,48.054553097503025],[-107.34934229335374,48.05465400620697],[-107.34935513741667,48.05464483990704],[-107.34938113638135,48.05463090216539],[-107.34925264102542,48.054441486996126]],[[-107.34908000793673,48.0544539570487],[-107.34905298696668,48.054445526010575],[-107.34906048183697,48.054463303663205],[-107.34908000793673,48.0544539570487]]]}"
000000000000000003c2,10403,0,0,0,"{""type"":""Polygon"",""coordinates"":[[[-107.34939989136024,48.054456343947834],[-107.34938057462809,48.054470101236454],[-107.34936120101723,48.054483945307304],[-107.3493218948193,48.05449815702974],[-107.34927303687454,48.05445001159358],[-107.34925264102542,48.054441486996126],[-107.34938113638135,48.05463090216539],[-107.34941360810325,48.054612373387826],[-107.34951955291561,48.05459677556991],[-107.34939989136024,48.054456343947834]]]}"
000000000000000003d2,10404,0,0,0,"{""type"":""Polygon"",""coordinates"":[[[-107.34943821979701,48.05441983459664],[-107.34941283683918,48.05444716191269],[-107.34939989136024,48.054456343947834],[-107.34951955291561,48.05459677556991],[-107.34953948558689,48.05459640787414],[-107.34955890386051,48.054582634754865],[-107.34957817600018,48.05456880638166],[-107.34960406700083,48.054550442222556],[-107.34963592269152,48.05451852376324],[-107.34964836013286,48.054500378428266],[-107.34943821979701,48.05441983459664]]]}"
000000000000000003e4,10405,0,0,0,"{""type"":""Polygon"",""coordinates"":[[[-107.34948960149242,48.05437856958993],[-107.34947090068607,48.05440571648237],[-107.34944469252831,48.054415243579896],[-107.34943821979701,48.05441983459664],[-107.34964836013286,48.054500378428266],[-107.3496613056029,48.05449119635207],[-107.34967425106817,48.05448201427585],[-107.34969352313391,48.0544681859079],[-107.34972465483575,48.05441845149325],[-107.34973745414426,48.05440921416862],[-107.34975600227686,48.05437756984418],[-107.34948960149242,48.05437856958993]]]}"
000000000000000003b3,10406,0,0,0,"{""type"":""MultiPolygon"",""coordinates"":[[[[-107.3494960742134,48.054373978573594],[-107.34948960149242,48.05437856958993],[-107.34950963553528,48.05437818614088],[-107.3494960742134,48.054373978573594]]],[[[-107.34950963553528,48.05437818614088],[-107.34975600227686,48.05437756984418],[-107.34976175109777,48.05435516285378],[-107.3497868797924,48.054323353886694],[-107.34983188996596,48.05428666404349],[-107.34983764515152,48.0542686992073],[-107.34988269985709,48.05423208039855],[-107.3498824458084,48.05422759879493],[-107.34947968752621,48.05430730466007],[-107.34951339070838,48.054315555135766],[-107.3495084037683,48.05435140694438],[-107.34950963553528,48.05437818614088]]]]}"
000000000000000003c6,10407,0,0,0,"{""type"":""Polygon"",""coordinates"":[[[-107.350084311516,48.05397783043294],[-107.35000970845581,48.05394810518023],[-107.34998222385283,48.05393078235057],[-107.34991055512208,48.053967949194615],[-107.34989143592516,48.05398627481319],[-107.34986318281169,48.05395106510134],[-107.34986929345835,48.05393756619448],[-107.3498485356348,48.05392013390487],[-107.34983934491261,48.053866685435814],[-107.34985901677996,48.053857394030814],[-107.34977902757883,48.05385898331008],[-107.34963326470503,48.05387538757782],[-107.3494527110752,48.05429894477885],[-107.349466227732,48.05430308132931],[-107.34947968752621,48.05430730466007],[-107.3498824458084,48.05422759879493],[-107.34989513710246,48.054213935135735],[-107.3499205196665,48.05418660782361],[-107.34991928759055,48.054159828738165],[-107.3499322329059,48.054150646688996],[-107.34990500227488,48.0541378053676],[-107.34990402426028,48.05411550790018],[-107.34991584541515,48.054083973154654],[-107.34990705474821,48.054035061367365],[-107.34994759257415,48.05404762855601],[-107.34995602130519,48.054087632419865],[-107.3499500567765,48.05410118662385],[-107.34997641729005,48.05409615680662],[-107.3499955811535,48.054077902149004],[-107.3500284142943,48.05406828129836],[-107.35004732405761,48.05404554505375],[-107.3500741926931,48.05404947838909],[-107.35010069931202,48.054044503795645],[-107.35014756380562,48.05405242461828],[-107.350084311516,48.05397783043294]]]}"
000000000000000003c8,10408,0,0,0,"{""type"":""Polygon"",""coordinates"":[[[-107.34959992375053,48.0538760451015],[-107.34944758051184,48.0538926137436],[-107.3493155947261,48.05392207772707],[-107.34930901422045,48.05392224236262],[-107.34935894428632,48.05428747344974],[-107.34938555882731,48.05428692538735],[-107.34943914979631,48.05429473720879],[-107.3494527110752,48.05429894477885],[-107.34963326470503,48.05387538757782],[-107.34959992375053,48.0538760451015]]]}"
000000000000000003c1,10409,0,0,0,"{""type"":""Polygon"",""coordinates"":[[[-107.34930901422045,48.05392224236262],[-107.34928250781881,48.05392721672],[-107.34921169469601,48.05427261646411],[-107.34927859275807,48.0542801543679],[-107.34933228512561,48.05428795048661],[-107.34935894428632,48.05428747344974],[-107.34930901422045,48.05392224236262]]]}"
000000000000000003cc,10410,0,0,0,"{""type"":""MultiPolygon"",""coordinates"":[[[[-107.34926272804151,48.05393208169237],[-107.34916155898003,48.054050297703654],[-107.34907066423631,48.05424868666024],[-107.34909789440304,48.05426152825763],[-107.34921169469601,48.05427261646411],[-107.34928276179527,48.05393169830135],[-107.34926272804151,48.05393208169237]]],[[[-107.34914171990579,48.05434545439948],[-107.34905457860948,48.05433388914603],[-107.34905396289186,48.05432049955026],[-107.34905355649411,48.05431152055502],[-107.3490529854026,48.054298201983066],[-107.3489927140261,48.05443789432911],[-107.3491713117268,48.05441187019642],[-107.34914171990579,48.05434545439948]]]]}"
000000000000000003d0,10411,0,0,0,"{""type"":""Polygon"",""coordinates"":[[[-107.34889618535261,48.0542209875804],[-107.34889643927984,48.05422546918915],[-107.34890388940302,48.05424317576433],[-107.34888878081574,48.0543506758063],[-107.34891698833886,48.05438581508013],[-107.34889767157175,48.0543995722538],[-107.34886473675786,48.05440920854596],[-107.34885312401491,48.05444515398945],[-107.34881273905593,48.05443708362205],[-107.34877780495601,48.05440205362751],[-107.34871774160528,48.05439883237768],[-107.34869272002084,48.05443506750006],[-107.34868151342754,48.054479991970915],[-107.34858225164416,48.05449540845142],[-107.34856992159877,48.05451798003599],[-107.34874902695664,48.054500919921345],[-107.3488282549112,48.05448588657267],[-107.3489927140261,48.05443789432911],[-107.3490529854026,48.054298201983066],[-107.34900448994847,48.05425896454218],[-107.34901034696864,48.05424098399293],[-107.34900310610068,48.054227688018564],[-107.34902329240698,48.05423180204917],[-107.34907066423631,48.05424868666024],[-107.34916155898003,48.054050297703654],[-107.34889618535261,48.0542209875804]]]}"
000000000000000003d1,10412,0,0,0,"{""type"":""Polygon"",""coordinates"":[[[-107.34868178563943,48.0541941099855],[-107.3486820395404,48.054198591593185],[-107.34874832135986,48.054192740304245],[-107.34879533116077,48.0542007170859],[-107.34885528644979,48.05419951192903],[-107.34889618535261,48.0542209875804],[-107.34916155898003,48.054050297703654],[-107.34926272804151,48.05393208169237],[-107.34868178563943,48.0541941099855]]]}"
000000000000000003b2,10413,0,0,0,"{""type"":""Polygon"",""coordinates"":[[[-107.34924284041165,48.05393252033291],[-107.34920975351177,48.05393765930155],[-107.3486821025018,48.05405562354803],[-107.34870357666551,48.05408642992901],[-107.3487039829804,48.054095408889275],[-107.348759673878,48.054147871331615],[-107.34866724734268,48.054167604787274],[-107.34861314939228,48.054150829323675],[-107.34858555795674,48.054129079655084],[-107.34853977946533,48.05414788188429],[-107.34849179276539,48.0541176074743],[-107.34845346414731,48.05415411624104],[-107.34845382577522,48.0541630241973],[-107.34842258531583,48.05420833162725],[-107.34846836388395,48.05418952943036],[-107.3484996042855,48.054144222003224],[-107.34855467929653,48.054183295053576],[-107.34868178563943,48.0541941099855],[-107.34926272804151,48.05393208169237],[-107.34924284041165,48.05393252033291]]]}"
000000000000000003d7,10414,0,0,0,"{""type"":""Polygon"",""coordinates"":[[[-107.34864336766802,48.053935830337004],[-107.34863093009335,48.05395397534942],[-107.3486312917674,48.05396288326981],[-107.3486316534414,48.053971791191714],[-107.34865353381372,48.05401157648352],[-107.34867552201622,48.05405578814],[-107.3486821025018,48.05405562354803],[-107.34920975351177,48.05393765930155],[-107.34864336766802,48.053935830337004]]]}"
000000000000000003bf,10415,0,0,0,"{""type"":""Polygon"",""coordinates"":[[[-107.34905357003022,48.05387383514334],[-107.34866531097606,48.0538326481628],[-107.34867388430176,48.05387270726856],[-107.3486498403496,48.053931239417615],[-107.34864336766802,48.053935830337004],[-107.34920975351177,48.05393765930155],[-107.34924284041165,48.05393252033291],[-107.34905357003022,48.05387383514334]]]}"
000000000000000003bc,10416,0,0,0,"{""type"":""Polygon"",""coordinates"":[[[-107.3488413348961,48.053748640876364],[-107.34882217089987,48.053766895191856],[-107.34877006634085,48.05379034356109],[-107.34871792341703,48.05381816297927],[-107.3486645876075,48.05381483236861],[-107.34866520319275,48.053828221841],[-107.34866531097606,48.0538326481628],[-107.34905357003022,48.05387383514334],[-107.3488413348961,48.053748640876364]]]}"
000000000000000003c0,10417,0,0,0,"{""type"":""GeometryCollection"",""geometries"":[{""type"":""LineString"",""coordinates"":[[-107.34893173154539,48.05368426989442],[-107.34893152915728,48.05367982237612]]},{""type"":""Polygon"",""coordinates"":[[[-107.34893176095699,48.05368424179161],[-107.34893173154539,48.05368426989442],[-107.3488934776969,48.05372082143109],[-107.34886049887669,48.05373038656381],[-107.3488413348961,48.053748640876364],[-107.34905357003022,48.05387383514334],[-107.34924284041165,48.05393252033291],[-107.34926272804151,48.05393208169237],[-107.34928276179527,48.05393169830135],[-107.34893176095699,48.05368424179161]]]}]}"
000000000000000003c7,10418,0,0,0,"{""type"":""Polygon"",""coordinates"":[[[-107.34904874388563,48.05361938153988],[-107.34898354821404,48.05365195653799],[-107.34893155164768,48.05367983124678],[-107.34928250781881,48.05392721672],[-107.34930901422045,48.05392224236262],[-107.3493155947261,48.05392207772707],[-107.34904874388563,48.05361938153988]]]}"
000000000000000003c3,10419,0,0,0,"{""type"":""Polygon"",""coordinates"":[[[-107.34913172565952,48.05354171816577],[-107.34906118118623,48.053601236596094],[-107.34904874388563,48.05361938153988],[-107.3493155947261,48.05392207772707],[-107.34944758051184,48.0538926137436],[-107.34913172565952,48.05354171816577]]]}"
000000000000000003bb,10420,0,0,0,"{""type"":""MultiPolygon"",""coordinates"":[[[[-107.34900518830271,48.05324957974479],[-107.34901870447332,48.05325371628784],[-107.34897682896775,48.05320994395797],[-107.34900518830271,48.05324957974479]]],[[[-107.34897682896775,48.05320994395797],[-107.34896239855036,48.05318786556697],[-107.34894934567181,48.053192621043046],[-107.34896301425754,48.05320125487411],[-107.34897682896775,48.05320994395797]]],[[[-107.34920776490823,48.053455311637485],[-107.34919532771474,48.05347345654703],[-107.34916408856354,48.053518763589075],[-107.34913172565952,48.05354171816577],[-107.34944758051184,48.0538926137436],[-107.34959992375053,48.0538760451015],[-107.34920776490823,48.053455311637485]]]]}"
000000000000000003b8,10421,0,0,0,"{""type"":""MultiPolygon"",""coordinates"":[[[[-107.34904064623723,48.053150535410396],[-107.34897559754359,48.053183165343086],[-107.34896239855036,48.05318786556697],[-107.34901870447332,48.05325371628784],[-107.34909941532142,48.053269943304706],[-107.34917987234448,48.0532816887284],[-107.34904064623723,48.053150535410396]]],[[[-107.3497442388004,48.05382400932746],[-107.34973103955544,48.05382870972106],[-107.34971737045903,48.05382007590909],[-107.3497372581285,48.05381963717003],[-107.34973006163601,48.05380641238101],[-107.3497235890328,48.053811003360416],[-107.34971650045745,48.053802204887205],[-107.34951463559385,48.05360984649013],[-107.3494942400748,48.053601322072424],[-107.34950045864547,48.0535922495762],[-107.34928441966929,48.05338229454769],[-107.34926587181624,48.05341393817259],[-107.34921387564796,48.053441812897795],[-107.34920776490823,48.053455311637485],[-107.34959992375053,48.0538760451015],[-107.34963326470503,48.05387538757782],[-107.34977902757883,48.05385898331008],[-107.3497442388004,48.05382400932746]]]]}"
000000000000000003c5,10422,0,0,0,"{""type"":""Polygon"",""coordinates"":[[[-107.34954417930668,48.05352886840701],[-107.34957064083515,48.053523823004554],[-107.34957711339261,48.053519232061795],[-107.34959016640127,48.05351447646728],[-107.34927044943218,48.053221787219435],[-107.349243581711,48.05321785369774],[-107.34922868140201,48.05318244130028],[-107.34920109007673,48.05316069220811],[-107.34920083610606,48.05315621069235],[-107.34916106806466,48.053161529935],[-107.34913954288677,48.05312621116106],[-107.34909325776172,48.053136050232716],[-107.34913430192202,48.05315758062163],[-107.34911513834065,48.053175834779196],[-107.34909438143296,48.0531584025565],[-107.34904737270388,48.053150426053],[-107.34904064623723,48.053150535410396],[-107.34917987234448,48.0532816887284],[-107.34918659884491,48.053281579360096],[-107.34924800023528,48.05331600521793],[-107.34924861604449,48.053329394553394],[-107.34930332933837,48.05335955874995],[-107.34928441966929,48.05338229454769],[-107.34950045864547,48.0535922495762],[-107.34950656932662,48.05357875078404],[-107.34952681872005,48.05358721994261],[-107.34951438158706,48.05360536493772],[-107.34971650045745,48.053802204887205],[-107.34973653423802,48.053801821401606],[-107.34973006163601,48.05380641238101],[-107.3497372581285,48.05381963717003],[-107.349750565284,48.05381936309261],[-107.3497442388004,48.05382400932746],[-107.34977902757883,48.05385898331008],[-107.34985901677996,48.053857394030814],[-107.34993090116741,48.05382907994124],[-107.34967370433901,48.05359316845298],[-107.34964025572074,48.053589399683624],[-107.34962633272063,48.053576284345866],[-107.34961302566973,48.05357655840212],[-107.34961215571292,48.05355868746121],[-107.34960532123287,48.05355437056733],[-107.34959165227897,48.05354573677902],[-107.34956540011795,48.0535551927205],[-107.34960691502033,48.053590057199685],[-107.34961487348258,48.05361672660174],[-107.34954783015974,48.053609133753305],[-107.34952584091663,48.0535649227003],[-107.34951900645213,48.05356060579937],[-107.34954417930668,48.05352886840701]],[[-107.34951900645213,48.05356060579937],[-107.34949264639798,48.053565635427724],[-107.34951289577828,48.05357410458744],[-107.34951900645213,48.05356060579937]],[[-107.3492022201756,48.053187486567786],[-107.34916872751602,48.05318364663169],[-107.34915603644833,48.053197309920236],[-107.34917668556854,48.05321031587363],[-107.3492022201756,48.053187486567786]]]}"
000000000000000003b4,10423,0,0,0,"{""type"":""GeometryCollection"",""geometries"":[{""type"":""LineString"",""coordinates"":[[-107.3492010238536,48.05316067107938],[-107.34922159987775,48.0531736494152],[-107.34922866163618,48.053182437793744]]},{""type"":""Polygon"",""coordinates"":[[[-107.34949316566342,48.05328424013076],[-107.34946018717457,48.05329380538168],[-107.349411838388,48.05325462413799],[-107.3493648293049,48.05324664778453],[-107.34932403879822,48.0532295989871],[-107.34927044943218,48.053221787219435],[-107.34959016640127,48.05351447646728],[-107.3496033655278,48.05350977612426],[-107.34961616451358,48.05350053898424],[-107.34964277856362,48.05349999087113],[-107.34968269965202,48.05349916868728],[-107.34972189686357,48.05348053082721],[-107.34949316566342,48.05328424013076]]]},{""type"":""Polygon"",""coordinates"":[[[-107.34973196380355,48.05355629190706],[-107.34969847056337,48.05355245214377],[-107.34968043093146,48.05359305904704],[-107.34967370433901,48.05359316845298],[-107.34993090116741,48.05382907994124],[-107.34999573501752,48.05378759630541],[-107.34997888399542,48.05371203114349],[-107.34994477444219,48.05369480204006],[-107.34992380726027,48.05367295930675],[-107.34991230363902,48.05371333064973],[-107.34989133647441,48.053691487901155],[-107.34981607364125,48.05364830221025],[-107.34976906377103,48.0536403260151],[-107.34975919391765,48.0535691331482],[-107.34973242724422,48.0535651839846],[-107.34973196380355,48.05355629190706]],[[-107.34990608511687,48.053722403192424],[-107.34990706314657,48.05374470049212],[-107.34991975425231,48.05373103696041],[-107.34990608511687,48.053722403192424]],[[-107.34971922809461,48.05356988435094],[-107.34973304322588,48.053578573376264],[-107.34973242724422,48.0535651839846],[-107.34971922809461,48.05356988435094]]]}]}"
000000000000000003b5,10424,0,0,0,"{""type"":""Polygon"",""coordinates"":[[[-107.34961791468747,48.05324592267441],[-107.34960486177596,48.053250678245846],[-107.34956530289917,48.053260408177145],[-107.34953257843489,48.05327445497177],[-107.34949316566342,48.05328424013076],[-107.34972189686357,48.05348053082721],[-107.34975472943219,48.05347091019454],[-107.34977353104404,48.05344374798446],[-107.34981884517748,48.05341605338868],[-107.34961791468747,48.05324592267441]]]}"
000000000000000003c4,10425,0,0,0,"{""type"":""Polygon"",""coordinates"":[[[-107.3496439125996,48.05323198526036],[-107.34961791468747,48.05324592267441],[-107.34981884517748,48.05341605338868],[-107.3498567655992,48.0533705658054],[-107.34989586116542,48.05335194368798],[-107.34991502463065,48.0533336893159],[-107.34995417701755,48.05331498040835],[-107.3496439125996,48.05323198526036]]]}"
000000000000000003f0,10426,0,0,0,"{""type"":""Polygon"",""coordinates"":[[[-107.34966991049933,48.0532180478433],[-107.3496439125996,48.05323198526036],[-107.34995417701755,48.05331498040835],[-107.34996722995875,48.053310224782734],[-107.35002374205905,48.05323316459134],[-107.3500019048873,48.053193451255844],[-107.34968896603918,48.053195367299466],[-107.34969030589768,48.05322657216433],[-107.34966991049933,48.0532180478433]],[[-107.34969030589768,48.05322657216433],[-107.34969739436919,48.053235370545444],[-107.34971033936239,48.05322618869644],[-107.34969030589768,48.05322657216433]]]}"
000000000000000003b7,10427,0,0,0,"{""type"":""Polygon"",""coordinates"":[[[-107.34998377074574,48.053086595378986],[-107.349957518905,48.05309605133686],[-107.34995068443797,48.053091734505394],[-107.34970566554998,48.05312355588766],[-107.34971409389117,48.05316355907704],[-107.34968187757698,48.05318656892422],[-107.34968896603918,48.053195367299466],[-107.3500019048873,48.053193451255844],[-107.34999430173309,48.05317124785565],[-107.34999846242758,48.05311759708179],[-107.35001808924795,48.05310823477163],[-107.3500234374621,48.05308129156264],[-107.34998377074574,48.053086595378986]]]}"
000000000000000003b6,10428,0,0,0,"{""type"":""MultiPolygon"",""coordinates"":[[[[-107.34998377074574,48.053086595378986],[-107.3500234374621,48.05308129156264],[-107.35002990991394,48.053076700630776],[-107.34998377074574,48.053086595378986]]],[[[-107.34993003493047,48.05307872875803],[-107.34993578337703,48.05305632232221],[-107.34992684666742,48.05300735624247],[-107.34970135368272,48.053029831030535],[-107.34968804681691,48.053030105089654],[-107.34971029007568,48.053078797160346],[-107.34970566554998,48.05312355588766],[-107.34995068443797,48.053091734505394],[-107.34993003493047,48.05307872875803]]]]}"
000000000000000003a9,10429,0,0,0,"{""type"":""MultiPolygon"",""coordinates"":[[[[-107.34991045948017,48.052940684154564],[-107.34974307279805,48.05292178552535],[-107.34972477954562,48.05295791044186],[-107.34975298720096,48.05299304853213],[-107.34972087897276,48.05302048456179],[-107.34970135368272,48.053029831030535],[-107.34992684666742,48.05300735624247],[-107.34991045948017,48.052940684154564]]],[[[-107.34934834736029,48.0528851928013],[-107.34922113644741,48.05286995270169],[-107.34916271580099,48.05304980904467],[-107.34916929614195,48.05304964442609],[-107.3492734334046,48.0529939507111],[-107.34929198100694,48.05296230734477],[-107.3493241972135,48.0529392977299],[-107.34936313983746,48.05291617873648],[-107.34936226998589,48.05289830801591],[-107.34934834736029,48.0528851928013]]]]}"
000000000000000003a4,10430,0,0,0,"{""type"":""MultiPolygon"",""coordinates"":[[[[-107.34934151304657,48.05288087593988],[-107.34931402969617,48.05286355323972],[-107.34923136412246,48.0528027326558],[-107.34922113644741,48.05286995270169],[-107.34934834736029,48.0528851928013],[-107.34934151304657,48.05288087593988]]],[[[-107.3497590481075,48.052832159048535],[-107.34974101538943,48.05287720739284],[-107.34973598436422,48.05291298719932],[-107.34974307279805,48.05292178552535],[-107.34991045948017,48.052940684154564],[-107.3499098434205,48.05292729492905],[-107.34991385160042,48.05286914715622],[-107.34993984921019,48.052855209769845],[-107.34993974126475,48.05285078353617],[-107.3497590481075,48.052832159048535]]]]}"
000000000000000003a6,10431,0,0,0,"{""type"":""Polygon"",""coordinates"":[[[-107.3497881839788,48.052742203405685],[-107.34978905404299,48.052760074063734],[-107.34975694604695,48.05278750997756],[-107.34976537440906,48.05282751290529],[-107.3497590481075,48.052832159048535],[-107.34993974126475,48.05285078353617],[-107.34994251722898,48.05276585747798],[-107.3497881839788,48.052742203405685]]]}"
000000000000000003a2,10432,0,0,0,"{""type"":""Polygon"",""coordinates"":[[[-107.34981757374592,48.05265672938137],[-107.34981233341932,48.052688098581676],[-107.3497931702905,48.05270635269973],[-107.3497881839788,48.052742203405685],[-107.34994251722898,48.05276585747798],[-107.34994677938106,48.05271219135835],[-107.34997216078501,48.05268486484536],[-107.34997190671675,48.05268038337483],[-107.34981757374592,48.05265672938137]]]}"
000000000000000003a5,10433,0,0,0,"{""type"":""Polygon"",""coordinates"":[[[-107.3498335487101,48.05256710335439],[-107.3498159797009,48.05262104339486],[-107.34982383670524,48.052647728049294],[-107.34981757374592,48.05265672938137],[-107.34997190671675,48.05268038337483],[-107.34998423538254,48.05265781243668],[-107.34999630996211,48.0526307600409],[-107.35000776842134,48.052590318520366],[-107.3498335487101,48.05256710335439]]]}"
00000000000000000401,10434,0,0,0,"{""type"":""Polygon"",""coordinates"":[[[-107.34985682785307,48.05249512813259],[-107.34987100466185,48.05251272462884],[-107.3498586760001,48.05253529548982],[-107.34983951297036,48.052553549561374],[-107.3498335487101,48.05256710335439],[-107.35000776842134,48.052590318520366],[-107.35000751434814,48.052585837058146],[-107.35000715231887,48.05257692938612],[-107.35001861074514,48.05253648790669],[-107.35001079822611,48.052509874343706],[-107.35001603835663,48.05247850524425],[-107.34985682785307,48.05249512813259]]]}"
000000000000000003a1,10435,0,0,0,"{""type"":""GeometryCollection"",""geometries"":[{""type"":""LineString"",""coordinates"":[[-107.35000468704204,48.052376002869615],[-107.35001134253118,48.05237586666954]]},{""type"":""Polygon"",""coordinates"":[[[-107.34997242166396,48.05239899294006],[-107.35000463717179,48.05237598336165],[-107.34980663128897,48.0524157803796],[-107.34980688533835,48.0524202618284],[-107.34985682785307,48.05249512813259],[-107.35001603835663,48.05247850524425],[-107.35001567632368,48.0524695975906],[-107.34997242166396,48.05239899294006]]]}]}"
0000000000000000038b,10436,0,0,0,"{""type"":""Polygon"",""coordinates"":[[[-107.34997093540719,48.05236773332814],[-107.34994149572279,48.05230581758283],[-107.34992099274398,48.05229286726925],[-107.34976326924962,48.052340749502115],[-107.34977035759701,48.052349547732206],[-107.34979173059347,48.052380368621684],[-107.34981212560834,48.05238889279022],[-107.34980663128897,48.0524157803796],[-107.35000463717179,48.05237598336165],[-107.34997093540719,48.05236773332814]]]}"
000000000000000003aa,10437,0,0,0,"{""type"":""Polygon"",""coordinates"":[[[-107.34986566399358,48.05224931497167],[-107.34987065012025,48.05221346460368],[-107.34986370787908,48.052204721655244],[-107.34969329420264,48.05226626680763],[-107.34969340212392,48.0522706929928],[-107.34971466707619,48.052297087668414],[-107.34976326924962,48.052340749502115],[-107.34992099274398,48.05229286726925],[-107.34986566399358,48.05224931497167]]]}"
00000000000000000390,10438,0,0,0,"{""type"":""Polygon"",""coordinates"":[[[-107.34984208083664,48.05216941945743],[-107.3498068932241,48.05212990991637],[-107.34979322468163,48.052121276381136],[-107.34964320625308,48.05219134547658],[-107.34967726962067,48.05220850321747],[-107.3496982804896,48.052230416432955],[-107.34969329420264,48.05226626680763],[-107.34986370787908,48.052204721655244],[-107.34984208083664,48.05216941945743]]]}"
0000000000000000038c,10439,0,0,0,"{""type"":""Polygon"",""coordinates"":[[[-107.34973876645076,48.0520955945727],[-107.34971117541046,48.05207384607135],[-107.34968307633713,48.05204313473454],[-107.34954795854142,48.052148615172186],[-107.34959542982207,48.052165483140826],[-107.34964320625308,48.05219134547658],[-107.34979322468163,48.052121276381136],[-107.34973876645076,48.0520955945727]]]}"
00000000000000000388,10440,0,0,0,"{""type"":""Polygon"",""coordinates"":[[[-107.34967598806814,48.05203433654747],[-107.34965569478986,48.0520257966379],[-107.34964865115772,48.052017069466174],[-107.34958833694843,48.05200936741305],[-107.34957452241778,48.05200067861191],[-107.34956085400903,48.051992045061425],[-107.3494523492432,48.05209697720424],[-107.34949982036642,48.052113845207614],[-107.34954112431573,48.05214429838345],[-107.34954795854142,48.052148615172186],[-107.34968307633713,48.05204313473454],[-107.34967598806814,48.05203433654747]]]}"
0000000000000000037a,10441,0,0,0,"{""type"":""Polygon"",""coordinates"":[[[-107.34955401980773,48.05198772828591],[-107.34953337110281,48.05197472270681],[-107.34949956207312,48.05196204639446],[-107.34946499104888,48.051935925842194],[-107.34942491921521,48.051932250693106],[-107.34937051014188,48.05205395700944],[-107.34937738894398,48.05205834481906],[-107.34944551504475,48.052092660412264],[-107.3494523492432,48.05209697720424],[-107.34956085400903,48.051992045061425],[-107.34955401980773,48.05198772828591]]]}"
0000000000000000038e,10442,0,0,0,"{""type"":""GeometryCollection"",""geometries"":[{""type"":""LineString"",""coordinates"":[[-107.34927005377702,48.05204265330115],[-107.34926985070017,48.05203819103292]]},{""type"":""Polygon"",""coordinates"":[[[-107.349397690457,48.051919409723816],[-107.34937795638727,48.05192434552078],[-107.34935777118648,48.05192023171802],[-107.34934461727367,48.051925002884424],[-107.34932447670818,48.05192096008911],[-107.34926514064,48.051935554379526],[-107.34926981340251,48.05203818490892],[-107.34937051014188,48.05205395700944],[-107.34942491921521,48.051932250693106],[-107.349397690457,48.051919409723816]]]}]}"
0000000000000000037e,10443,0,0,0,"{""type"":""Polygon"",""coordinates"":[[[-107.34923169368736,48.051931785544554],[-107.34911959533547,48.05195636745275],[-107.34915786718364,48.05206726410577],[-107.34921694945913,48.052048188419626],[-107.3492438163383,48.052052121882355],[-107.34927006738788,48.052042666328475],[-107.34926514064,48.051935554379526],[-107.34923169368736,48.051931785544554]]]}"
00000000000000000387,10444,0,0,0,"{""type"":""Polygon"",""coordinates"":[[[-107.34911959533547,48.05195636745275],[-107.34904052519683,48.05197589735857],[-107.34900019959987,48.05196774060933],[-107.34898689321342,48.05196801455337],[-107.34902578037088,48.05209230031743],[-107.34904581308236,48.05209191701585],[-107.3491381899188,48.05207211309077],[-107.34915786718364,48.05206726410577],[-107.34911959533547,48.05195636745275]]]}"
00000000000000000398,10445,0,0,0,"{""type"":""Polygon"",""coordinates"":[[[-107.34898689321342,48.05196801455337],[-107.34894029244272,48.05196901673149],[-107.34888034069812,48.05197022180023],[-107.34887376056832,48.051970386390224],[-107.34887319129619,48.052104385849724],[-107.34889980413641,48.05210383798823],[-107.34891969071529,48.052103399460854],[-107.34897240218275,48.05208889891559],[-107.34902578037088,48.05209230031743],[-107.34898689321342,48.05196801455337]]]}"
00000000000000000395,10446,0,0,0,"{""type"":""Polygon"",""coordinates"":[[[-107.3488537279591,48.05197076965236],[-107.3488066130633,48.051958367006975],[-107.34882465249704,48.05191776154032],[-107.3488226976285,48.05187316845327],[-107.34879793199426,48.05191388321602],[-107.34878642803638,48.0519542530768],[-107.3487661861538,48.05195022592008],[-107.34875971384757,48.051954816664185],[-107.34872034846481,48.05211198970875],[-107.34872815989472,48.052138603202415],[-107.34880738271526,48.05212357067922],[-107.34887319129619,48.052104385849724],[-107.34887376056832,48.051970386390224],[-107.3488537279591,48.05197076965236]]]}"
0000000000000000039b,10447,0,0,0,"{""type"":""Polygon"",""coordinates"":[[[-107.34870648846686,48.05195591229128],[-107.34864740641794,48.0519749876234],[-107.34863410007873,48.05197526151731],[-107.3486207937413,48.051975535409326],[-107.34859505057123,48.05199395360953],[-107.34857548118609,48.0520032286371],[-107.34872034846481,48.05211198970875],[-107.34875971384757,48.051954816664185],[-107.34870648846686,48.05195591229128]]]}"
00000000000000000392,10448,0,0,0,"{""type"":""Polygon"",""coordinates"":[[[-107.34872034846481,48.05211198970875],[-107.34857548118609,48.0520032286371],[-107.34854301175957,48.052021756149664],[-107.34851192584547,48.05207155889108],[-107.34847945634732,48.0520900864081],[-107.34847323788728,48.05209915857514],[-107.34869543644989,48.05215264938455],[-107.34870190879627,48.05214805862642],[-107.34872815989472,48.052138603202415],[-107.34872034846481,48.05211198970875]]]}"
00000000000000000399,10449,0,0,0,"{""type"":""Polygon"",""coordinates"":[[[-107.34847323788728,48.05209915857514],[-107.34846712719994,48.05211265692031],[-107.34845469026408,48.05213080126216],[-107.34845530580677,48.05214419030657],[-107.34844384604726,48.0521846313301],[-107.34844420770209,48.05219353895081],[-107.34863881651351,48.05222528101827],[-107.34869543644989,48.05215264938455],[-107.34847323788728,48.05209915857514]]]}"
000000000000000003a0,10450,0,0,0,"{""type"":""Polygon"",""coordinates"":[[[-107.34844420770209,48.05219353895081],[-107.34845150486994,48.05220674768761],[-107.3484329571698,48.05223839043739],[-107.34842128809248,48.052274421103576],[-107.348407981678,48.05227469496956],[-107.34840223257919,48.05229710099597],[-107.34861502774864,48.052288292729656],[-107.34860757808245,48.05227058678116],[-107.3486201611303,48.05225249762422],[-107.3486323441495,48.05222987177935],[-107.34863881651351,48.05222528101827],[-107.34844420770209,48.05219353895081]]]}"
0000000000000000039d,10451,0,0,0,"{""type"":""Polygon"",""coordinates"":[[[-107.34861502774864,48.052288292729656],[-107.34840223257919,48.05229710099597],[-107.3483779740195,48.05234677889783],[-107.34839945329469,48.05238202633389],[-107.34839970717094,48.05238650778793],[-107.34863911581037,48.05237715170422],[-107.34861502774864,48.052288292729656]]]}"
00000000000000000391,10452,0,0,0,"{""type"":""Polygon"",""coordinates"":[[[-107.34865586204684,48.052452731022406],[-107.34865488473444,48.05243043424162],[-107.34863983920927,48.052394967008915],[-107.34863911581037,48.05237715170422],[-107.34839970717094,48.05238650778793],[-107.3483809054585,48.05241366918291],[-107.34840900329745,48.05244438115004],[-107.34842816666058,48.052426127394064],[-107.34843659342829,48.05246613020316],[-107.34845040767935,48.0524748192526],[-107.34866331176754,48.05247043702733],[-107.34865586204684,48.052452731022406]]]}"
000000000000000003a7,10453,0,0,0,"{""type"":""Polygon"",""coordinates"":[[[-107.34866331176754,48.05247043702733],[-107.34845040767935,48.0524748192526],[-107.34845724175209,48.05247913615022],[-107.34841768392276,48.05248886543798],[-107.3483270004751,48.052544339053185],[-107.34821880993881,48.05251078862016],[-107.3482057573199,48.052515543926916],[-107.34820637276354,48.052528933073766],[-107.34820734979901,48.052551229908076],[-107.34867445518182,48.05256847788391],[-107.3486738395675,48.052555088734294],[-107.3486732239531,48.05254169958809],[-107.34866331176754,48.05247043702733]]]}"
000000000000000003a8,10454,0,0,0,"{""type"":""GeometryCollection"",""geometries"":[{""type"":""LineString"",""coordinates"":[[-107.3481748746341,48.05256975886183],[-107.34817507762013,48.05257422113314]]},{""type"":""Polygon"",""coordinates"":[[[-107.34818099068237,48.05255625905502],[-107.34817462596946,48.052565276032816],[-107.34818793245506,48.0525650021959],[-107.34818099068237,48.05255625905502]]]},{""type"":""Polygon"",""coordinates"":[[[-107.34818793245506,48.0525650021959],[-107.3481884401534,48.05257396513818],[-107.34817513366453,48.052574238975296],[-107.34816876894712,48.05258325595591],[-107.34816403503656,48.05262358800551],[-107.34820529317739,48.05265397106707],[-107.34825964244972,48.05267522782551],[-107.34869731227118,48.05263055897137],[-107.34876276634141,48.052606908300454],[-107.34874258098502,48.052602794318474],[-107.34868215884032,48.05259066539571],[-107.34867445518182,48.05256847788391],[-107.34834092246706,48.05255745434691],[-107.34820734979901,48.052551229908076],[-107.34820062350141,48.05255133920099],[-107.34818793245506,48.0525650021959]],[[-107.34824079681528,48.05255499914346],[-107.34823483207931,48.05256855284944],[-107.34824850017611,48.052577186691956],[-107.34829489212848,48.05257177437316],[-107.34831503269535,48.05257581743501],[-107.34834092246706,48.05255745434691],[-107.34824079681528,48.05255499914346]]]}]}"
000000000000000003ad,10455,0,0,0,"{""type"":""Polygon"",""coordinates"":[[[-107.34825964244972,48.05267522782551],[-107.34837662189467,48.05275768905256],[-107.34843729787784,48.0527742996947],[-107.34849740303365,48.05277759210829],[-107.34869731227118,48.05263055897137],[-107.34825964244972,48.05267522782551]]]}"
000000000000000003ab,10456,0,0,0,"{""type"":""Polygon"",""coordinates"":[[[-107.3491969387853,48.05277666685125],[-107.34915630140175,48.05276411536415],[-107.34907446152599,48.052721094388325],[-107.34900618884484,48.05268672287857],[-107.34899252041912,48.052678089134396],[-107.34883746628012,48.05263661811693],[-107.34876276634141,48.052606908300454],[-107.34869731227118,48.05263055897137],[-107.34849740303365,48.05277759210829],[-107.34850433865721,48.05278189326345],[-107.3488106450564,48.05278007486998],[-107.34878254653528,48.0527493628411],[-107.34879451405315,48.05271788430326],[-107.34883479568381,48.052725970223015],[-107.34892917358388,48.05275083103187],[-107.34898290812106,48.05275869819715],[-107.34900988324478,48.052767057998494],[-107.34907019815594,48.052774760509216],[-107.3490770323993,48.052779077383015],[-107.34920377305333,48.05278098371554],[-107.3491969387853,48.05277666685125]]]}"
000000000000000003b9,10457,0,0,0,"{""type"":""GeometryCollection"",""geometries"":[{""type"":""LineString"",""coordinates"":[[-107.34904068038549,48.0531505518838],[-107.34904733597904,48.053150415737925]]},{""type"":""Polygon"",""coordinates"":[[[-107.3488106450564,48.05278007486998],[-107.34850433865721,48.05278189326345],[-107.34865661356811,48.05290829113193],[-107.3487277725707,48.052862163038526],[-107.34875438591256,48.05286161519675],[-107.34878099926154,48.05286106734741],[-107.34881932623753,48.0528245593925],[-107.34882482129983,48.05279767163105],[-107.3488106450564,48.05278007486998]]]},{""type"":""Polygon"",""coordinates"":[[[-107.34922113644741,48.05286995270169],[-107.34923136412246,48.0528027326558],[-107.34920377305333,48.05278098371554],[-107.3490770323993,48.052779077383015],[-107.34909902063114,48.052823287901454],[-107.3491333380532,48.05284492752952],[-107.3491608212512,48.05286225027919],[-107.34918820299177,48.05287958878916],[-107.34919734798932,48.052932965325255],[-107.34922113644741,48.05286995270169]]]},{""type"":""Polygon"",""coordinates"":[[[-107.34919734798932,48.052932965325255],[-107.34917782273017,48.052942311670954],[-107.34913276937687,48.05297892921252],[-107.3490730698362,48.05298461597077],[-107.3490587855354,48.052962592942364],[-107.34905730008686,48.05293133295944],[-107.34903007087205,48.05291849165242],[-107.34900309563149,48.05291013183554],[-107.3489474059115,48.05285767074424],[-107.34880139406681,48.05286959181455],[-107.34878310012408,48.05290571653288],[-107.34871729010437,48.05292490163052],[-107.34870521465078,48.05295195403926],[-107.34871888306003,48.052960587869954],[-107.34874575038552,48.05296452152947],[-107.3487328053915,48.05297370320235],[-107.34876752893564,48.053004321801545],[-107.34878777137996,48.05300834902476],[-107.34881269030663,48.052972130656904],[-107.34879886942568,48.05295899957463],[-107.3487782206549,48.052945993593376],[-107.34881716338782,48.052922874816055],[-107.34884876400866,48.052886476144174],[-107.34892238567596,48.05289390482636],[-107.34893779343433,48.05293828008334],[-107.34899163607562,48.05295057351071],[-107.3489727265154,48.05297330906668],[-107.34891277312988,48.052974514220466],[-107.34894025624705,48.05299183707829],[-107.34896723151186,48.05300019692526],[-107.34895551794277,48.05303615716061],[-107.34893049757508,48.053072391371664],[-107.34892576433268,48.05311272381852],[-107.34893357606379,48.0531393377962],[-107.34897559754359,48.053183165343086],[-107.34904064623723,48.053150535410396],[-107.34904053840252,48.053146109147946],[-107.34905138225176,48.05309227803384],[-107.3490770183026,48.0530694330508],[-107.34916271580099,48.05304980904467],[-107.34919734798932,48.052932965325255]],[[-107.34904023778304,48.05299423626754],[-107.34904743384779,48.05300746091419],[-107.34906710526283,48.05299816983558],[-107.34904023778304,48.05299423626754]]]}]}"
000000000000000003ba,10458,0,0,0,"{""type"":""MultiPolygon"",""coordinates"":[[[[-107.34871888306003,48.052960587869954],[-107.34870521465078,48.05295195403926],[-107.34869874215464,48.052956544871854],[-107.34871888306003,48.052960587869954]]],[[[-107.34893357606379,48.0531393377962],[-107.34893444569923,48.05315720860837],[-107.34892869669261,48.05317961504149],[-107.34894934567181,48.053192621043046],[-107.34896239855036,48.05318786556697],[-107.34897559754359,48.053183165343086],[-107.34893357606379,48.0531393377962]]],[[[-107.34869874215464,48.052956544871854],[-107.34867896295863,48.05296140961887],[-107.34866565626174,48.05296168353139],[-107.3486523495666,48.052961957442015],[-107.3486318469935,48.05294900668019],[-107.34861279117622,48.05297168691422],[-107.34858766283888,48.05300349474375],[-107.3486539424568,48.05299764370943],[-107.34876752893564,48.053004321801545],[-107.3487328053915,48.05297370320235],[-107.34872637751678,48.05297836505531],[-107.34869874215464,48.052956544871854]]],[[[-107.34850433865721,48.05278189326345],[-107.34849740303365,48.05277759210829],[-107.34843729787784,48.0527742996947],[-107.34847936269219,48.05296551810814],[-107.34849266936415,48.052965244222094],[-107.34853222772584,48.0529555148014],[-107.34857214775873,48.052954693115424],[-107.34859141914785,48.05294086538938],[-107.34861083664036,48.052927092917244],[-107.34863708830473,48.052917637363194],[-107.34865661356811,48.05290829113193],[-107.34850433865721,48.05278189326345]]]]}"
000000000000000003bd,10459,0,0,0,"{""type"":""Polygon"",""coordinates"":[[[-107.34843729787784,48.0527742996947],[-107.34837662189467,48.05275768905256],[-107.34828695855629,48.05298285087794],[-107.34835996434744,48.05297689075252],[-107.3483732710066,48.05297661688332],[-107.34847936269219,48.05296551810814],[-107.34843729787784,48.0527742996947]]]}"
000000000000000003ae,10460,0,0,0,"{""type"":""Polygon"",""coordinates"":[[[-107.34825964244972,48.05267522782551],[-107.34820529317739,48.05265397106707],[-107.34819391978382,48.052989194089555],[-107.34820064616018,48.0529890847942],[-107.34828695855629,48.05298285087794],[-107.34837662189467,48.05275768905256],[-107.34825964244972,48.05267522782551]]]}"
000000000000000003af,10461,0,0,0,"{""type"":""Polygon"",""coordinates"":[[[-107.34816403503656,48.05262358800551],[-107.34809236859618,48.05266075250455],[-107.34806015233032,48.05268376158455],[-107.3480425810279,48.05273770147827],[-107.34808659750199,48.05297351401365],[-107.34812656198798,48.05297276353413],[-107.34816021856088,48.05298094330905],[-107.3481743944607,48.052998540242505],[-107.34819391978382,48.052989194089555],[-107.34820529317739,48.05265397106707],[-107.34816403503656,48.05262358800551]]]}"
000000000000000003be,10462,0,0,0,"{""type"":""Polygon"",""coordinates"":[[[-107.3480425810279,48.05273770147827],[-107.34787097677614,48.05291985648913],[-107.34787806462282,48.052928654969136],[-107.34794521284927,48.05294067520721],[-107.34796560731458,48.05294919987377],[-107.34806584141727,48.05295608161463],[-107.34808659750199,48.05297351401365],[-107.3480425810279,48.05273770147827]]]}"
000000000000000003db,10463,0,0,0,"{""type"":""Polygon"",""coordinates"":[[[-107.34803390085956,48.05269321693346],[-107.3477409459097,48.05284214963242],[-107.34781395106488,48.05283618995503],[-107.3478143125568,48.05284509769306],[-107.34781492785028,48.05285848693047],[-107.34787097677614,48.05291985648913],[-107.3480425810279,48.05273770147827],[-107.34806015233032,48.05268376158455],[-107.34803390085956,48.05269321693346]]]}"
000000000000000003c9,10464,0,0,0,"{""type"":""Polygon"",""coordinates"":[[[-107.34774167183731,48.05271264542943],[-107.34772297108316,48.052739791116274],[-107.34764349366667,48.0527503414507],[-107.34759587130046,48.052728975046584],[-107.34754239169972,48.0527255885666],[-107.34736318918783,48.05273821934749],[-107.34738348179225,48.05274675987568],[-107.34747745121288,48.0527626434398],[-107.34753056939763,48.05275712223084],[-107.34758404903523,48.05276050871853],[-107.34761200008882,48.05279116588442],[-107.34752070028833,48.0528332498481],[-107.34750128268153,48.05284702207763],[-107.34757418002776,48.052836636343635],[-107.34766809308468,48.05285260651379],[-107.3477409459097,48.05284214963242],[-107.34803390085956,48.05269321693346],[-107.34774167183731,48.05271264542943]]]}"
000000000000000004d4,10465,0,0,0,"{""type"":""MultiPolygon"",""coordinates"":[[[[-107.3477638255292,48.052613876300825],[-107.34775421073411,48.05269448520492],[-107.34774167183731,48.05271264542943],[-107.34803390085956,48.05269321693346],[-107.34806015233032,48.05268376158455],[-107.34809236859618,48.05266075250455],[-107.3477638255292,48.052613876300825]]],[[[-107.34738872403607,48.05271539072439],[-107.34736134379654,48.05269805171661],[-107.34732019432066,48.05267209446909],[-107.34724046356222,48.0526781629599],[-107.34721225927723,48.05264302425591],[-107.3471652525787,48.052635046856295],[-107.34720680780391,48.052669982888624],[-107.34720799333259,48.05269669027932],[-107.34716149401461,48.05269767584639],[-107.34712692490321,48.05267155403548],[-107.34711586959372,48.052720974086064],[-107.34717017305665,48.05274216050258],[-107.34721667243457,48.05274117492894],[-107.34723670510968,48.05274079200165],[-107.34725663629997,48.05274042483122],[-107.34730884088313,48.05271696203061],[-107.34736318918783,48.05273821934749],[-107.34754239169972,48.0527255885666],[-107.34738872403607,48.05271539072439]]]]}"
000000000000000003b1,10466,0,0,0,"{""type"":""Polygon"",""coordinates"":[[[-107.34816193491199,48.052578939028194],[-107.34813521420861,48.0525750604753],[-107.3481287417537,48.052579651235334],[-107.34811492759094,48.052570962119894],[-107.3477795512419,48.05251976910462],[-107.3477638255292,48.052613876300825],[-107.34809236859618,48.05266075250455],[-107.34816403503656,48.05262358800551],[-107.34816876894712,48.05258325595591],[-107.34816193491199,48.052578939028194]]]}"
0000000000000000039f,10467,0,0,0,"{""type"":""MultiPolygon"",""coordinates"":[[[[-107.34817401053822,48.05255188687615],[-107.34817339510691,48.052538497722914],[-107.34816008863288,48.05253877155738],[-107.34815387003104,48.052547843785],[-107.34815473930007,48.05256571441176],[-107.34813521420861,48.0525750604753],[-107.34816193491199,48.052578939028194],[-107.34815510087891,48.05257462210031],[-107.34817513366453,48.052574238975296],[-107.348174879817,48.05256975750387],[-107.34817462596946,48.052565276032816],[-107.34818099068237,48.05255625905502],[-107.34817401053822,48.05255188687615]]],[[[-107.34808795307525,48.052562602082524],[-107.34808636071334,48.05252691608866],[-107.34805805397484,48.05249179352144],[-107.34804413214864,48.05247867819886],[-107.34804372597347,48.05246969950936],[-107.34755427809549,48.0523993300894],[-107.34756172719266,48.052417036177715],[-107.3476095014309,48.052442899707025],[-107.34762327073241,48.05245151786377],[-107.34774338957968,48.05245796165754],[-107.34777918975361,48.05251086142169],[-107.3477795512419,48.05251976910462],[-107.34811492759094,48.052570962119894],[-107.34808795307525,48.052562602082524]]]]}"
000000000000000003b0,10468,0,0,0,"{""type"":""Polygon"",""coordinates"":[[[-107.34773116429811,48.05233319787036],[-107.3477246918677,48.05233778858129],[-107.34772443807435,48.052333307127526],[-107.34728883441299,48.052275230445765],[-107.34730984334956,48.05229714426176],[-107.34739065752655,48.052317798729575],[-107.34751102935961,48.05232872427246],[-107.34752520463324,48.05234632109874],[-107.34753887238088,48.052354955014685],[-107.34755427809549,48.0523993300894],[-107.34804372597347,48.05246969950936],[-107.34804361825209,48.05246527330044],[-107.34801342085949,48.05238991238],[-107.34804675991803,48.05238925547496],[-107.34808009898778,48.05238859855803],[-107.34809289771977,48.052379361825544],[-107.34773116429811,48.05233319787036]]]}"
00000000000000000397,10469,0,0,0,"{""type"":""Polygon"",""coordinates"":[[[-107.34807763738661,48.052335042126955],[-107.34806212325176,48.0522862410148],[-107.34783417699803,48.05225515453949],[-107.34781599037335,48.0522957048542],[-107.34780181493308,48.05227810809216],[-107.3477881471107,48.052269474228275],[-107.34773528330935,48.05227947696236],[-107.34774360156376,48.052315053543914],[-107.34772407659668,48.05232439947582],[-107.34769659487924,48.05230707645446],[-107.3476829270874,48.052298442570034],[-107.34764701958608,48.052241116783996],[-107.34762637185555,48.05222811070642],[-107.34727784707954,48.05218168708368],[-107.34727830993812,48.05219057895453],[-107.34725415789619,48.052244682692255],[-107.3472814931215,48.052261950574255],[-107.34728883441299,48.052275230445765],[-107.34772443807435,48.052333307127526],[-107.34773116429811,48.05233319787036],[-107.34773774441327,48.05233303335804],[-107.34809289771977,48.052379361825544],[-107.34807763738661,48.052335042126955]]]}"
0000000000000000039a,10470,0,0,0,"{""type"":""MultiPolygon"",""coordinates"":[[[[-107.3476093741751,48.05214805003459],[-107.34759534502211,48.052130508541744],[-107.34759509124355,48.052126027105004],[-107.34728669523884,48.052083192750295],[-107.34727784707954,48.05218168708368],[-107.34762637185555,48.05222811070642],[-107.34763038331145,48.052169963722044],[-107.3476093741751,48.05214805003459]]],[[[-107.34802108111148,48.05226471047361],[-107.34802071956064,48.05225580283654],[-107.34802035800976,48.052246895200994],[-107.34803243358728,48.05221984323949],[-107.34804450914687,48.0521927912909],[-107.34788350112701,48.05216931453173],[-107.34787723792674,48.052178315660946],[-107.34787138086031,48.05219629543417],[-107.34785185596274,48.052205641369156],[-107.34783417699803,48.05225515453949],[-107.34806212325176,48.0522862410148],[-107.34806161558134,48.052277278120364],[-107.34802108111148,48.05226471047361]]]]}"
0000000000000000039e,10471,0,0,0,"{""type"":""MultiPolygon"",""coordinates"":[[[[-107.34789882010998,48.05206622950766],[-107.34790724621747,48.05210623210521],[-107.34790251215121,48.05214656377857],[-107.34788350112701,48.05216931453173],[-107.34804450914687,48.0521927912909],[-107.34804400147976,48.05218382841228],[-107.34808843890515,48.052133822900515],[-107.34809465743886,48.052124750750586],[-107.34789882010998,48.05206622950766]]],[[[-107.34758096061944,48.052108501378285],[-107.34752024203264,48.05209181933802],[-107.34748715719314,48.052096957479186],[-107.34746043710213,48.05209307875831],[-107.34749203778279,48.052056681108766],[-107.34747102881737,48.05203476743403],[-107.34744528536523,48.05205318535343],[-107.3474123082273,48.05206274964069],[-107.34728571874815,48.05206089609199],[-107.34728669523884,48.052083192750295],[-107.34759509124355,48.052126027105004],[-107.34758096061944,48.052108501378285]]]]}"
00000000000000000396,10472,0,0,0,"{""type"":""Polygon"",""coordinates"":[[[-107.34788890952521,48.05199496747299],[-107.34789882010998,48.05206622950766],[-107.34809465743886,48.052124750750586],[-107.3481061175078,48.05208430980717],[-107.34813724845785,48.0520345781903],[-107.34814310537985,48.05201659846],[-107.34788890952521,48.05199496747299]]]}"
0000000000000000039c,10473,0,0,0,"{""type"":""Polygon"",""coordinates"":[[[-107.34789852370703,48.051914359647355],[-107.34787961430143,48.051937094534026],[-107.34788706351048,48.051954800437976],[-107.34788146030905,48.051977261555784],[-107.34788890952521,48.05199496747299],[-107.34814310537985,48.05201659846],[-107.34816566371526,48.051926809184266],[-107.34789852370703,48.051914359647355]]]}"
00000000000000000393,10474,0,0,0,"{""type"":""Polygon"",""coordinates"":[[[-107.34792719327332,48.05181107235451],[-107.34791414091413,48.051815827551444],[-107.3479082839381,48.05183380720022],[-107.34789497775385,48.05183408098684],[-107.34787494542698,48.05183446403623],[-107.34788264843338,48.05185665131795],[-107.3478765376211,48.05187014956616],[-107.34790499604964,48.05190976896403],[-107.34789852370703,48.051914359647355],[-107.34816566371526,48.051926809184266],[-107.34816515601536,48.05191784635264],[-107.34817784682188,48.05190418353562],[-107.34818940820571,48.051863726995094],[-107.34819541743761,48.051850244492805],[-107.34792719327332,48.05181107235451]]]}"
00000000000000000386,10475,0,0,0,"{""type"":""Polygon"",""coordinates"":[[[-107.34800970264956,48.0517200790188],[-107.34800981037381,48.051724505164714],[-107.34798468264165,48.0517563120635],[-107.34792719327332,48.05181107235451],[-107.34819541743761,48.051850244492805],[-107.34820152815206,48.05183674623188],[-107.34819968178398,48.05179657933319],[-107.34821895258773,48.0517827520026],[-107.34800970264956,48.0517200790188]]]}"
00000000000000000394,10476,0,0,0,"{""type"":""Polygon"",""coordinates"":[[[-107.34811929327716,48.0516418718212],[-107.34811307484044,48.05165094388665],[-107.34808024410256,48.05166056357628],[-107.34805153175746,48.05161646303046],[-107.34806021182969,48.051660946661755],[-107.34802239341626,48.05170641627496],[-107.34800970264956,48.0517200790188],[-107.34821895258773,48.0517827520026],[-107.34823174481788,48.05176907345347],[-107.34825106022305,48.05175531713936],[-107.34824921379554,48.05171515030557],[-107.34811929327716,48.0516418718212]]]}"
00000000000000000382,10477,0,0,0,"{""type"":""Polygon"",""coordinates"":[[[-107.34823632664295,48.051576928476244],[-107.34821670061179,48.05158629012786],[-107.34820385756417,48.05159545571431],[-107.34813162240229,48.051619301557146],[-107.34811929327716,48.0516418718212],[-107.34824921379554,48.05171515030557],[-107.34824906142082,48.05171065314635],[-107.34827484907399,48.051692306157236],[-107.34830695660332,48.051664871325336],[-107.34823632664295,48.051576928476244]]]}"
00000000000000000383,10478,0,0,0,"{""type"":""Polygon"",""coordinates"":[[[-107.3483609615412,48.05153418793714],[-107.34832155714342,48.05154841412762],[-107.34831996449701,48.05151272883577],[-107.34831251511295,48.05149502311933],[-107.3482812771026,48.05154032813359],[-107.34826232344172,48.05156299190925],[-107.34823632664295,48.051576928476244],[-107.34830695660332,48.051664871325336],[-107.34831353663985,48.051664706777586],[-107.34838617819376,48.05164983931746],[-107.34843216274615,48.05163544851406],[-107.3483609615412,48.05153418793714]]]}"
00000000000000000380,10479,0,0,0,"{""type"":""Polygon"",""coordinates"":[[[-107.34847927649149,48.05150053509665],[-107.34842641358057,48.05151053804247],[-107.34840591188502,48.051497587568846],[-107.34838613350995,48.05150245209911],[-107.34838711069122,48.05152474849096],[-107.3483609615412,48.05153418793714],[-107.34843216274615,48.05163544851406],[-107.34844525967114,48.051630764279274],[-107.34851081338124,48.051607098516676],[-107.34855032564475,48.051597298363426],[-107.34855679789499,48.05159270766622],[-107.34847927649149,48.05150053509665]]]}"
00000000000000000385,10480,0,0,0,"{""type"":""Polygon"",""coordinates"":[[[-107.34857005865113,48.05144504675111],[-107.34855715882802,48.051454299134605],[-107.348543852688,48.05145457300819],[-107.34852382042722,48.051454956188756],[-107.34849905487393,48.05149567054717],[-107.34847927649149,48.05150053509665],[-107.34855679789499,48.05159270766622],[-107.3486668954687,48.051523462812355],[-107.34857005865113,48.05144504675111]]]}"
0000000000000000038f,10481,0,0,0,"{""type"":""MultiPolygon"",""coordinates"":[[[[-107.34862585242662,48.05135461707731],[-107.34857910018529,48.05135112191738],[-107.34852439070436,48.051320958367114],[-107.3484906907556,48.0513127079332],[-107.34844455420526,48.05132260154086],[-107.34851190947056,48.051339031419495],[-107.34857298967972,48.05136462007193],[-107.34866016812659,48.0513762563118],[-107.34862585242662,48.05135461707731]]],[[[-107.34866725596586,48.051385054474366],[-107.34867470553147,48.051402760121455],[-107.34861562439397,48.051421835209425],[-107.34857005865113,48.05144504675111],[-107.3486668954687,48.051523462812355],[-107.34867326621276,48.05151888787645],[-107.348745545886,48.051495112688485],[-107.34876507036327,48.05148576670889],[-107.3487712886547,48.05147669463344],[-107.34878459483477,48.051476420727134],[-107.34866725596586,48.051385054474366]]]]}"
00000000000000000379,10482,0,0,0,"{""type"":""Polygon"",""coordinates"":[[[-107.34874401446173,48.051316466914336],[-107.34871118395925,48.05132608675267],[-107.34869823957277,48.05133526811828],[-107.3486325339162,48.05135443674735],[-107.34862585242662,48.05135461707731],[-107.34866016812659,48.0513762563118],[-107.34866037741823,48.05138066666371],[-107.34866725596586,48.051385054474366],[-107.34878459483477,48.051476420727134],[-107.34879790101661,48.05147614681895],[-107.34884331432374,48.051448438020955],[-107.34887537678652,48.051420932123236],[-107.34889515516136,48.05141606749961],[-107.34874401446173,48.051316466914336]]]}"
00000000000000000374,10483,0,0,0,"{""type"":""Polygon"",""coordinates"":[[[-107.34888842687558,48.051268861340844],[-107.348862430346,48.05128279799256],[-107.34883381855488,48.05123868226048],[-107.34881296134495,48.05122126635369],[-107.34882251198617,48.051283619730725],[-107.34880355868682,48.05130628349316],[-107.3487767371388,48.051302420959324],[-107.34875732058056,48.05131619301421],[-107.34874401446173,48.051316466914336],[-107.34889515516136,48.05141606749961],[-107.34890825201585,48.051411383222955],[-107.3489274146575,48.05139312974544],[-107.34896671743375,48.051378919113965],[-107.34888842687558,48.051268861340844]]]}"
0000000000000000037d,10484,0,0,0,"{""type"":""Polygon"",""coordinates"":[[[-107.34903320095923,48.05123016304732],[-107.34895397996775,48.05124519545435],[-107.34892772951356,48.05125465076258],[-107.3489144233927,48.05125492468609],[-107.34888842687558,48.051268861340844],[-107.34896671743375,48.051378919113965],[-107.34906535526216,48.05135011452508],[-107.34903320095923,48.05123016304732]]]}"
00000000000000000378,10485,0,0,0,"{""type"":""Polygon"",""coordinates"":[[[-107.34916528466036,48.0512051273165],[-107.34915197852368,48.05120540127312],[-107.34911252344216,48.05121511481643],[-107.34903320095923,48.05123016304732],[-107.34906535526216,48.05135011452508],[-107.34909171364922,48.05134508526926],[-107.34911796417595,48.05133562989795],[-107.34913127035446,48.051335355944296],[-107.34919096725518,48.05132966939587],[-107.34916528466036,48.0512051273165]]]}"
00000000000000000376,10486,0,0,0,"{""type"":""Polygon"",""coordinates"":[[[-107.34929819361771,48.05119789053603],[-107.34924558486823,48.05121237521982],[-107.34923068516356,48.05117696416305],[-107.34919153508768,48.051195671952826],[-107.34916528466036,48.0512051273165],[-107.34919096725518,48.05132966939587],[-107.34923088582059,48.051328847498304],[-107.34931159286661,48.051345073836785],[-107.34933158061243,48.051344619475586],[-107.34929819361771,48.05119789053603]]]}"
0000000000000000038d,10487,0,0,0,"{""type"":""Polygon"",""coordinates"":[[[-107.34942384991142,48.05117751618306],[-107.34940407161878,48.05118238089155],[-107.3493448382217,48.05119695923255],[-107.3493112904009,48.051193206225626],[-107.34929819361771,48.05119789053603],[-107.34933158061243,48.051344619475586],[-107.34939826420826,48.05134774665786],[-107.34944429312839,48.05133342647236],[-107.34947111496761,48.051337288814295],[-107.34942384991142,48.05117751618306]]]}"
00000000000000000377,10488,0,0,0,"{""type"":""Polygon"",""coordinates"":[[[-107.34950291844928,48.05115798629934],[-107.349483546707,48.0511718294722],[-107.34943700355186,48.05117274508077],[-107.34942384991142,48.05117751618306],[-107.34947111496761,48.051337288814295],[-107.34950435211229,48.05133664718931],[-107.34956928941963,48.0512995920323],[-107.34958197967602,48.05128592920461],[-107.34962775450735,48.05126712759777],[-107.34950291844928,48.05115798629934]]]}"
00000000000000000372,10489,0,0,0,"{""type"":""Polygon"",""coordinates"":[[[-107.349575305456,48.0511386367541],[-107.34952993734795,48.05116641673413],[-107.34950939056901,48.051153395579604],[-107.34950291844928,48.05115798629934],[-107.34962775450735,48.05126712759777],[-107.34967352931488,48.05124832597643],[-107.34971083135105,48.05118945160939],[-107.34972279757154,48.05115797392598],[-107.349575305456,48.0511386367541]]]}"
0000000000000000038a,10490,0,0,0,"{""type"":""Polygon"",""coordinates"":[[[-107.34955891944114,48.05107196695473],[-107.34958033621173,48.05110285817482],[-107.349575305456,48.0511386367541],[-107.34972279757154,48.05115797392598],[-107.34972901563323,48.051148901851],[-107.3497418583589,48.0511397361465],[-107.3497311755135,48.05105058981168],[-107.3497506997138,48.05104124371766],[-107.34955891944114,48.05107196695473]]]}"
0000000000000000036f,10491,0,0,0,"{""type"":""Polygon"",""coordinates"":[[[-107.34971005727698,48.0510242510027],[-107.34970209910146,48.050997582921106],[-107.34970697714998,48.05095730734776],[-107.34969280096132,48.05093971133398],[-107.34950908721724,48.051001528547296],[-107.34954427345355,48.05104103738155],[-107.34955891944114,48.05107196695473],[-107.3497506997138,48.05104124371766],[-107.34977011596624,48.051027471541595],[-107.34980818626661,48.05098648320922],[-107.34971005727698,48.0510242510027]]]}"
00000000000000000375,10492,0,0,0,"{""type"":""Polygon"",""coordinates"":[[[-107.34967179074711,48.05091779864062],[-107.34965031066464,48.05088255249543],[-107.34962282845517,48.050865230515676],[-107.34945205927733,48.05091786610829],[-107.34950142785036,48.050979412796956],[-107.34950204380009,48.05099280153001],[-107.34950908721724,48.051001528547296],[-107.34969280096132,48.05093971133398],[-107.34967179074711,48.05091779864062]]]}"
0000000000000000037c,10493,0,0,0,"{""type"":""Polygon"",""coordinates"":[[[-107.34958830286007,48.0508391815476],[-107.34959375235016,48.050812223772006],[-107.34953271623415,48.05078670706658],[-107.34950585013704,48.050782773760005],[-107.34938953736042,48.05086109052773],[-107.34940320531514,48.050869723927775],[-107.34941687327806,48.05087835732708],[-107.34944522528129,48.05091354940833],[-107.34945205927733,48.05091786610829],[-107.34962282845517,48.050865230515676],[-107.34958830286007,48.0508391815476]]]}"
00000000000000000365,10494,0,0,0,"{""type"":""Polygon"",""coordinates"":[[[-107.34947898405362,48.05077884044585],[-107.3494375800987,48.050748403762235],[-107.34936323830243,48.05072316096029],[-107.34935651225213,48.05072327032421],[-107.3493154111979,48.050844699769364],[-107.3493757233053,48.05085240187634],[-107.34938953736042,48.05086109052773],[-107.34950585013704,48.050782773760005],[-107.34947898405362,48.05077884044585]]]}"
00000000000000000367,10495,0,0,0,"{""type"":""Polygon"",""coordinates"":[[[-107.34921600265093,48.05070830463825],[-107.34918820722994,48.05082946004337],[-107.34924117728082,48.05082388289074],[-107.34926840517525,48.05083672365785],[-107.3493154111979,48.050844699769364],[-107.34935651225213,48.05072327032421],[-107.34921600265093,48.05070830463825]]]}"
00000000000000000373,10496,0,0,0,"{""type"":""Polygon"",""coordinates"":[[[-107.34917572290352,48.05070021914233],[-107.34916129315586,48.05067814182205],[-107.349006655937,48.05079296455469],[-107.34901338197464,48.05079285521548],[-107.34902730372362,48.05080596997716],[-107.34913451989104,48.05082166423098],[-107.34916159522092,48.0508300079505],[-107.34918820722994,48.05082946004337],[-107.34921600265093,48.05070830463825],[-107.34917572290352,48.05070021914233]]]}"
0000000000000000036b,10497,0,0,0,"{""type"":""Polygon"",""coordinates"":[[[-107.3491540974067,48.05066491776398],[-107.34905921632844,48.050631095445034],[-107.3490588545008,48.05062218809671],[-107.34888480117063,48.05075078246214],[-107.3488987228401,48.05076389723398],[-107.349006655937,48.05079296455469],[-107.34916129315586,48.05067814182205],[-107.3491540974067,48.05066491776398]]]}"
0000000000000000036c,10498,0,0,0,"{""type"":""Polygon"",""coordinates"":[[[-107.34904467883231,48.05060459208646],[-107.34903064928514,48.050587051330574],[-107.34900877005411,48.05054726869669],[-107.34894871271158,48.05054404767608],[-107.34878384837555,48.05072608700581],[-107.34877799198797,48.05074406631874],[-107.34879776998545,48.05073920178764],[-107.34881056803307,48.05072996526756],[-107.34883681809913,48.05072051009597],[-107.34888480117063,48.05075078246214],[-107.3490588545008,48.05062218809671],[-107.34904467883231,48.05060459208646]]]}"
00000000000000000366,10499,0,0,0,"{""type"":""Polygon"",""coordinates"":[[[-107.34888177697464,48.050536438890106],[-107.34882932172412,48.05055542019261],[-107.34880184037432,48.050538098063804],[-107.34878817276464,48.05052946462392],[-107.34874825524554,48.050530286298],[-107.34878384837555,48.05072608700581],[-107.34894871271158,48.05054404767608],[-107.34888177697464,48.050536438890106]]]}"
00000000000000000368,10500,0,0,0,"{""type"":""Polygon"",""coordinates"":[[[-107.34874825524554,48.050530286298],[-107.34870833774248,48.050531107955045],[-107.34860970226568,48.05055991166646],[-107.34869974957162,48.05078139441219],[-107.348732325652,48.05076729337665],[-107.34876479389506,48.05074876627371],[-107.34877799198797,48.05074406631874],[-107.34878384837555,48.05072608700581],[-107.34874825524554,48.050530286298]]]}"
0000000000000000037b,10501,0,0,0,"{""type"":""Polygon"",""coordinates"":[[[-107.34860970226568,48.05055991166646],[-107.34857687246482,48.05056953130203],[-107.34856942307985,48.05055182592441],[-107.34857440998708,48.05051597676581],[-107.34854194193319,48.05053450371711],[-107.34851692320949,48.05057073604808],[-107.3484766440741,48.05056265026407],[-107.3484778752395,48.05058942755233],[-107.34860198294788,48.050828068292866],[-107.34862150706296,48.05081872247074],[-107.34868659608844,48.05078616537367],[-107.34869974957162,48.05078139441219],[-107.34860970226568,48.05055991166646]]]}"
0000000000000000037f,10502,0,0,0,"{""type"":""Polygon"",""coordinates"":[[[-107.3484778752395,48.05058942755233],[-107.34821304079442,48.05077350807902],[-107.34831557908811,48.050829447155245],[-107.34831594073188,48.05083835454628],[-107.34831634699654,48.05084733295274],[-107.34835626467319,48.050846511449556],[-107.3484761192838,48.050844031076174],[-107.34854228716189,48.05083375439171],[-107.3485822049197,48.050832932792595],[-107.34860198294788,48.050828068292866],[-107.3484778752395,48.05058942755233]]]}"
00000000000000000381,10503,0,0,0,"{""type"":""Polygon"",""coordinates"":[[[-107.34845599673297,48.05054964477208],[-107.34826483624315,48.05059375367197],[-107.34826509011272,48.05059823497355],[-107.34818880213234,48.05068015460181],[-107.34819126403151,48.050733709330494],[-107.34819213336593,48.050751579336364],[-107.34819274884056,48.05076496803164],[-107.34821304079442,48.05077350807902],[-107.3484778752395,48.05058942755233],[-107.3484766440741,48.05056265026407],[-107.34845599673297,48.05054964477208]]]}"
00000000000000000363,10504,0,0,0,"{""type"":""Polygon"",""coordinates"":[[[-107.34843498773324,48.05052773193996],[-107.34843437216502,48.05051434330924],[-107.34843216378252,48.05046527010981],[-107.34823391619938,48.05050058082517],[-107.34823540105573,48.05053183938534],[-107.34826483624315,48.05059375367197],[-107.34845599673297,48.05054964477208],[-107.34843498773324,48.05052773193996]]]}"
00000000000000000384,10505,0,0,0,"{""type"":""Polygon"",""coordinates"":[[[-107.34842348336194,48.05042078753645],[-107.34824244405613,48.050393253344005],[-107.34823391619938,48.05050058082517],[-107.34843216378252,48.05046527010981],[-107.34842348336194,48.05042078753645]]]}"
00000000000000000362,10506,0,0,0,"{""type"":""Polygon"",""coordinates"":[[[-107.34826459453207,48.05029448855455],[-107.34826720896203,48.05035253992521],[-107.34824142230288,48.05037088641776],[-107.34824244405613,48.050393253344005],[-107.34842348336194,48.05042078753645],[-107.34842214444335,48.05038958430141],[-107.3484401832832,48.050348980138274],[-107.34826459453207,48.05029448855455]]]}"
0000000000000000036d,10507,0,0,0,"{""type"":""Polygon"",""coordinates"":[[[-107.34826737347512,48.05020956661364],[-107.34826115533923,48.050218638432995],[-107.34824861757633,48.05023679783671],[-107.34822283099936,48.05025514428163],[-107.34820993158257,48.05026439639789],[-107.3482639790215,48.05028109998089],[-107.34826459453207,48.05029448855455],[-107.3484401832832,48.050348980138274],[-107.34844665530628,48.05034438956367],[-107.34846921155915,48.050254603135755],[-107.34826737347512,48.05020956661364]]]}"
0000000000000000036e,10508,0,0,0,"{""type"":""Polygon"",""coordinates"":[[[-107.3483173091835,48.05013711836804],[-107.34828571083983,48.05017351489651],[-107.3482865356148,48.05019131369582],[-107.34826737347512,48.05020956661364],[-107.34846921155915,48.050254603135755],[-107.34846905914534,48.05025010610328],[-107.34850152694656,48.05023157928366],[-107.3485265454192,48.0501953471977],[-107.34852531420205,48.05016857011284],[-107.34852485101479,48.05015967859958],[-107.3483173091835,48.05013711836804]]]}"
0000000000000000035f,10509,0,0,0,"{""type"":""Polygon"",""coordinates"":[[[-107.34823342074448,48.050049522850344],[-107.3482957864622,48.05010180138141],[-107.34832378117335,48.050132527821134],[-107.3483173091835,48.05013711836804],[-107.34852485101479,48.05015967859958],[-107.348533948875,48.05006566931427],[-107.34823342074448,48.050049522850344]]]}"
00000000000000000360,10510,0,0,0,"{""type"":""Polygon"",""coordinates"":[[[-107.3481962830036,48.049965422721655],[-107.34819674611303,48.04997431420549],[-107.34822658713173,48.050045206125326],[-107.34823342074448,48.050049522850344],[-107.348533948875,48.05006566931427],[-107.34853795837468,48.05000752474201],[-107.3485363654313,48.04997184051105],[-107.3481962830036,48.049965422721655]]]}"
00000000000000000356,10511,0,0,0,"{""type"":""Polygon"",""coordinates"":[[[-107.34852681541054,48.049909488651295],[-107.3485255841815,48.049882711712876],[-107.34852522247257,48.04987380448679],[-107.34819428414386,48.049920760255155],[-107.3481962830036,48.049965422721655],[-107.3485363654313,48.04997184051105],[-107.34852681541054,48.049909488651295]]]}"
0000000000000000035d,10512,0,0,0,"{""type"":""Polygon"",""coordinates"":[[[-107.34849517160764,48.04979850268658],[-107.34850760763375,48.04978035917044],[-107.34850724592765,48.049771451961625],[-107.34850688422151,48.04976254475432],[-107.34819182217393,48.04986720635954],[-107.34819403027926,48.04991627901123],[-107.34819428414386,48.049920760255155],[-107.34852522247257,48.04987380448679],[-107.34852460685794,48.04986041602499],[-107.3485242451489,48.049851508802696],[-107.34849517160764,48.04979850268658]]]}"
00000000000000000361,10513,0,0,0,"{""type"":""Polygon"",""coordinates"":[[[-107.34848464437049,48.049713855400434],[-107.3482121704266,48.04972834828579],[-107.34819984208298,48.04975091772557],[-107.34820045758084,48.04976430616443],[-107.34819182217393,48.04986720635954],[-107.34850688422151,48.04976254475432],[-107.34848464437049,48.049713855400434]]]}"
0000000000000000035e,10514,0,0,0,"{""type"":""MultiPolygon"",""coordinates"":[[[[-107.34790088080659,48.0493282939189],[-107.34789440894514,48.049332884363494],[-107.34794202749858,48.04935424933084],[-107.34790088080659,48.0493282939189]]],[[[-107.34835375239693,48.04961828429938],[-107.34834106249515,48.04963194652047],[-107.34832103126003,48.04963232961927],[-107.34827001767877,48.049682497291315],[-107.3482220367238,48.04965222518105],[-107.34816830721898,48.04964435792804],[-107.34810922903851,48.04966343198845],[-107.34806869728554,48.04965086491996],[-107.34804819675371,48.04963791480007],[-107.34802071664024,48.04962059271935],[-107.34794063038608,48.04961775409684],[-107.34802194750999,48.04964736953937],[-107.3480427018789,48.049664800890355],[-107.34809011176732,48.049681755693015],[-107.34810388029865,48.049690373346],[-107.34815674047177,48.04968037099517],[-107.34820949916639,48.049670384378054],[-107.34822486039388,48.049714686054955],[-107.3482121704266,48.04972834828579],[-107.34848464437049,48.049713855400434],[-107.34847781076706,48.04970953872076],[-107.34849086237055,48.04970478365747],[-107.34835375239693,48.04961828429938]]]]}"
0000000000000000034e,10515,0,0,0,"{""type"":""MultiPolygon"",""coordinates"":[[[[-107.34847006185612,48.04953997073102],[-107.34840302687776,48.04953237746097],[-107.34840389634701,48.04955024705164],[-107.34843210008907,48.0495853833441],[-107.34836593451556,48.049595659649064],[-107.34835375239693,48.04961828429938],[-107.34849086237055,48.04970478365747],[-107.34854310706397,48.049681392671104],[-107.34856299227128,48.049680954272844],[-107.34847006185612,48.04953997073102]]],[[[-107.34838345793538,48.049394341726156],[-107.34837683367661,48.04939443524955],[-107.34832140386052,48.04934645835651],[-107.34824891931508,48.04936582195363],[-107.34820761986681,48.04933536972204],[-107.34816724076633,48.04932729972116],[-107.34813939915172,48.04930107064189],[-107.34808556245699,48.04928877744133],[-107.34807128009085,48.04926675577048],[-107.34805833640708,48.049275936670874],[-107.34798554735366,48.04928630613348],[-107.34790088080659,48.0493282939189],[-107.34794202749858,48.04935424933084],[-107.3479692535275,48.04936709015408],[-107.34809511163942,48.049351128627414],[-107.34813646782109,48.049381494147],[-107.34818362358818,48.04939396761882],[-107.3482322196963,48.049437627962945],[-107.34830568158563,48.0494405598533],[-107.3483602866691,48.049470738280725],[-107.34840066605082,48.049478808215234],[-107.34842850805073,48.04950503729784],[-107.34845552522114,48.049513467813334],[-107.34838345793538,48.049394341726156]]]]}"
0000000000000000035c,10516,0,0,0,"{""type"":""GeometryCollection"",""geometries"":[{""type"":""LineString"",""coordinates"":[[-107.34847688931195,48.04954426977992],[-107.34847004801496,48.04953995422554]]},{""type"":""Polygon"",""coordinates"":[[[-107.34856299227128,48.049680954272844],[-107.3485963290946,48.049680297267365],[-107.348635629977,48.04966608728443],[-107.34866213318217,48.049661113591704],[-107.34861508271096,48.04950575573412],[-107.34861457487351,48.04949679332263],[-107.34859890830597,48.04944349797908],[-107.34858575531486,48.04944826879236],[-107.3485581671058,48.049426520986415],[-107.34853838984475,48.04943138532746],[-107.3485195899177,48.04945854517201],[-107.34849282665598,48.04945459588555],[-107.3484643690232,48.04941497849902],[-107.34838345793538,48.049394341726156],[-107.34845552522114,48.049513467813334],[-107.34846919235422,48.04952210114529],[-107.34847688931195,48.04954426977992],[-107.34847689542897,48.04954428739805],[-107.34856299227128,48.049680954272844]],[[-107.34847689542897,48.04954428739805],[-107.34850437584198,48.04956160931513],[-107.34857696866558,48.04954667139963],[-107.34852950160266,48.04952980366284],[-107.34847689542897,48.04954428739805]]]}]}"
0000000000000000036a,10517,0,0,0,"{""type"":""MultiPolygon"",""coordinates"":[[[[-107.34859890830597,48.04944349797908],[-107.34861457487351,48.04949679332263],[-107.34861883801797,48.04944313058604],[-107.34859890830597,48.04944349797908]]],[[[-107.34875558663994,48.04952072210142],[-107.34866953587974,48.04953143703972],[-107.34861508271096,48.04950575573412],[-107.34866213318217,48.049661113591704],[-107.34876770770335,48.04964105300073],[-107.34878773903851,48.04964066980597],[-107.34879431874964,48.04964050523983],[-107.34875558663994,48.04952072210142]]]]}"
00000000000000000354,10518,0,0,0,"{""type"":""Polygon"",""coordinates"":[[[-107.34888791788936,48.04950016893668],[-107.34886166871334,48.04950962387936],[-107.34875558663994,48.04952072210142],[-107.34879431874964,48.04964050523983],[-107.34882092980307,48.04963995747136],[-107.34889382148579,48.049629571513414],[-107.34892665046736,48.04961995196271],[-107.34888791788936,48.04950016893668]]]}"
00000000000000000369,10519,0,0,0,"{""type"":""Polygon"",""coordinates"":[[[-107.34901352338655,48.049479724927],[-107.3490068990675,48.04947981849561],[-107.34898090386558,48.04949375466976],[-107.34895367709206,48.049480914121744],[-107.34893369042864,48.04948136836049],[-107.34891412243846,48.04949064297688],[-107.34888791788936,48.04950016893668],[-107.34892665046736,48.04961995196271],[-107.34901233977635,48.04960032959119],[-107.34905225640841,48.04959950784425],[-107.3490720338074,48.04959464337805],[-107.34901352338655,48.049479724927]]]}"
0000000000000000035a,10520,0,0,0,"{""type"":""Polygon"",""coordinates"":[[[-107.349131526888,48.049437078845436],[-107.34909885054789,48.04945119538944],[-107.34907968905063,48.04946944819543],[-107.34904696805879,48.04948349371957],[-107.34901352338655,48.049479724927],[-107.3490720338074,48.04959464337805],[-107.34919080606923,48.04956988246353],[-107.349131526888,48.049437078845436]]]}"
00000000000000000351,10521,0,0,0,"{""type"":""Polygon"",""coordinates"":[[[-107.34925445943145,48.049358671050484],[-107.3492272325744,48.04934583061542],[-107.3491752423924,48.049373703002935],[-107.34916435572055,48.049427459252456],[-107.349131526888,48.049437078845436],[-107.34919080606923,48.04956988246353],[-107.34920411162578,48.0495696085248],[-107.3492507541394,48.04956867734912],[-107.34931178795935,48.04959419369903],[-107.34931825979724,48.049589603136425],[-107.34925445943145,48.049358671050484]]]}"
0000000000000000035b,10522,0,0,0,"{""type"":""Polygon"",""coordinates"":[[[-107.34936860705919,48.04937866553544],[-107.34926801892131,48.04936287829563],[-107.34925445943145,48.049358671050484],[-107.34931825979724,48.049589603136425],[-107.34934425504149,48.04957566684421],[-107.34935719870589,48.04956648571811],[-107.34943641625055,48.049551453547124],[-107.34947560911948,48.04953281730257],[-107.34936860705919,48.04937866553544]]]}"
00000000000000000364,10523,0,0,0,"{""type"":""Polygon"",""coordinates"":[[[-107.34946744896475,48.04935427194488],[-107.34945414344811,48.04935454591803],[-107.34942876433168,48.04938187049843],[-107.34938797781807,48.04936482288468],[-107.34937528824508,48.04937848516823],[-107.34936860705919,48.04937866553544],[-107.34947560911948,48.04953281730257],[-107.34961205673952,48.04945854511045],[-107.34946744896475,48.04935427194488]]]}"
00000000000000000370,10524,0,0,0,"{""type"":""GeometryCollection"",""geometries"":[{""type"":""LineString"",""coordinates"":[[-107.34946745844287,48.04935429400405],[-107.34946766151769,48.049358756273726],[-107.34947431662064,48.04935862011113]]},{""type"":""Polygon"",""coordinates"":[[[-107.3494990904153,48.049317946645836],[-107.34950736552534,48.049353450014074],[-107.34947428269747,48.04935858852144],[-107.34961205673952,48.04945854511045],[-107.34964452365594,48.04944001820611],[-107.34967658393225,48.04941251315057],[-107.34970884136622,48.04938957606315],[-107.34972785006931,48.04936682621423],[-107.34971953010422,48.0493312518507],[-107.34972563986314,48.04931775416602],[-107.3494990904153,48.049317946645836]]]}]}"
0000000000000000034f,10525,0,0,0,"{""type"":""Polygon"",""coordinates"":[[[-107.3497213274015,48.04922403613434],[-107.34968054078614,48.04920698869904],[-107.34948917678241,48.04924668859296],[-107.34949708991896,48.04927328480018],[-107.34949148815745,48.04929574482569],[-107.3494990904153,48.049317946645836],[-107.34972563986314,48.04931775416602],[-107.34972502379732,48.04930436586552],[-107.3497241536749,48.04928649638731],[-107.34974942463006,48.049254745853915],[-107.3497213274015,48.04922403613434]],[[-107.34971608777951,48.0492554032558],[-107.34970242025857,48.04924677015546],[-107.34970376032632,48.04927797266262],[-107.34971608777951,48.0492554032558]]]}"
00000000000000000350,10526,0,0,0,"{""type"":""Polygon"",""coordinates"":[[[-107.34965331375815,48.04919414842653],[-107.34963230445577,48.049172236431616],[-107.3496374361808,48.04913644344315],[-107.3496232606408,48.04911884801434],[-107.34945213777964,48.04916257454738],[-107.34946616712364,48.0491801147697],[-107.34948917678241,48.04924668859296],[-107.34968054078614,48.04920698869904],[-107.34965331375815,48.04919414842653]]]}"
00000000000000000357,10527,0,0,0,"{""type"":""GeometryCollection"",""geometries"":[{""type"":""LineString"",""coordinates"":[[-107.34961667255493,48.04911898692498],[-107.34962327541773,48.04911885182251]]},{""type"":""Polygon"",""coordinates"":[[[-107.3495934616812,48.04904802885909],[-107.34940143803128,48.049074269177474],[-107.34940169204927,48.04907875034228],[-107.34943025867597,48.049122793088415],[-107.3494306206162,48.04913170017748],[-107.34945213777964,48.04916257454738],[-107.34961668096481,48.04911901263485],[-107.34961667255493,48.04911898692498],[-107.3495934616812,48.04904802885909]]]}]}"
0000000000000000034b,10528,0,0,0,"{""type"":""Polygon"",""coordinates"":[[[-107.34956449471696,48.048999449823455],[-107.34955689246009,48.0489772481435],[-107.34955668304447,48.04897283799904],[-107.34937051562243,48.04898109946034],[-107.34937076963712,48.04898558061735],[-107.34938664671364,48.04904328549139],[-107.34940118401329,48.04906978801306],[-107.34940143803128,48.049074269177474],[-107.3495934616812,48.04904802885909],[-107.34956449471696,48.048999449823455]]]}"
0000000000000000034d,10529,0,0,0,"{""type"":""Polygon"",""coordinates"":[[[-107.34952745570145,48.04891533620438],[-107.34951892659129,48.048875351986936],[-107.349247687869,48.04891662390069],[-107.34924794186892,48.048921105052855],[-107.3493019885123,48.04893780764236],[-107.34933558537118,48.048946073219795],[-107.34936866779461,48.04894093481104],[-107.34937662541351,48.048967601887334],[-107.34937051562243,48.04898109946034],[-107.34955668304447,48.04897283799904],[-107.34956274815707,48.048959269406986],[-107.34952745570145,48.04891533620438]]]}"
0000000000000000034c,10530,0,0,0,"{""type"":""Polygon"",""coordinates"":[[[-107.34951107035045,48.04884866920988],[-107.34948384368171,48.048835828967974],[-107.34947007491448,48.0488272116598],[-107.34945440715619,48.048773917167665],[-107.34925169597823,48.04885848060946],[-107.34925194997898,48.04886296175664],[-107.34922729493184,48.04890810012436],[-107.34923423002148,48.04891240092253],[-107.349247687869,48.04891662390069],[-107.34951892659129,48.048875351986936],[-107.34951107035045,48.04884866920988]]]}"
0000000000000000034a,10531,0,0,0,"{""type"":""Polygon"",""coordinates"":[[[-107.3494474720482,48.04876961639726],[-107.3493914250816,48.04870825257301],[-107.34934488505728,48.04870916801429],[-107.34929824357572,48.04871009919429],[-107.34925169597823,48.04885848060946],[-107.34945440715619,48.048773917167665],[-107.3494474720482,48.04876961639726]]]}"
00000000000000000348,10532,0,0,0,"{""type"":""GeometryCollection"",""geometries"":[{""type"":""LineString"",""coordinates"":[[-107.34925171824769,48.048858468251396],[-107.34925192130034,48.04886293052217]]},{""type"":""Polygon"",""coordinates"":[[[-107.34929156251548,48.04871027955063],[-107.3492583277948,48.04871092100812],[-107.34923834148131,48.048711375294836],[-107.34921173097493,48.04871192315558],[-107.34918594572817,48.04873026929171],[-107.3491381171938,48.048704495088494],[-107.34913210886454,48.04871797681726],[-107.34925169597823,48.04885848060946],[-107.34929824357572,48.04871009919429],[-107.34929156251548,48.04871027955063]]]}]}"
00000000000000000355,10533,0,0,0,"{""type"":""Polygon"",""coordinates"":[[[-107.34913210886454,48.04871797681726],[-107.34900969281972,48.048809787384414],[-107.34901631701959,48.04880969381982],[-107.34902946978485,48.04880492301135],[-107.34904379734208,48.0488270153416],[-107.34907749542866,48.04883526523678],[-107.34911217125972,48.04886581035977],[-107.34922729493184,48.04890810012436],[-107.34925194997898,48.04886296175664],[-107.34913210886454,48.04871797681726]]]}"
00000000000000000353,10534,0,0,0,"{""type"":""Polygon"",""coordinates"":[[[-107.34911073836201,48.04868715787234],[-107.34908947577972,48.04866076482163],[-107.34906897516888,48.04864781516687],[-107.34885419101094,48.0487594277894],[-107.34886749622976,48.048759153910204],[-107.34893987826209,48.048739805857295],[-107.34898287296005,48.04880592504948],[-107.34900969281972,48.048809787384414],[-107.34913210886454,48.04871797681726],[-107.3491381171938,48.048704495088494],[-107.34911073836201,48.04868715787234]]]}"
00000000000000000347,10535,0,0,0,"{""type"":""Polygon"",""coordinates"":[[[-107.34904832847728,48.04863481026145],[-107.34903429957461,48.04861727014939],[-107.34900645755917,48.048591041687736],[-107.34885522235024,48.04863432816671],[-107.34886914329005,48.04864744243144],[-107.34891224559922,48.04871798743247],[-107.34886647403798,48.04873678769957],[-107.34882717415951,48.048750997499546],[-107.34885419101094,48.0487594277894],[-107.34906897516888,48.04864781516687],[-107.34904832847728,48.04863481026145]]]}"
00000000000000000359,10536,0,0,0,"{""type"":""Polygon"",""coordinates"":[[[-107.3489786155897,48.04856481322996],[-107.34899022581122,48.04852887187025],[-107.34899007331927,48.048524374988766],[-107.34878392308012,48.04853308938042],[-107.34881967732774,48.048585913814755],[-107.34883421398672,48.04861241620724],[-107.34885522235024,48.04863432816671],[-107.34900645755917,48.048591041687736],[-107.3489786155897,48.04856481322996]]]}"
00000000000000000358,10537,0,0,0,"{""type"":""Polygon"",""coordinates"":[[[-107.34898576263097,48.04843065829861],[-107.34878680178907,48.04844815456261],[-107.34879435882613,48.048470285084115],[-107.34878392308012,48.04853308938042],[-107.34899007331927,48.048524374988766],[-107.34900861848755,48.04849273443909],[-107.34898576263097,48.04843065829861]]]}"
00000000000000000344,10538,0,0,0,"{""type"":""Polygon"",""coordinates"":[[[-107.34896341478158,48.048377544438544],[-107.34896840082533,48.04834169676953],[-107.34878274555699,48.04835891909343],[-107.34877601997631,48.048359028399766],[-107.34875609081219,48.04835939580398],[-107.34877164948887,48.0484082641577],[-107.34878680178907,48.04844815456261],[-107.34898576263097,48.04843065829861],[-107.34896341478158,48.048377544438544]]]}"
00000000000000000343,10539,0,0,0,"{""type"":""MultiPolygon"",""coordinates"":[[[[-107.34875609081219,48.04835939580398],[-107.34877601997631,48.048359028399766],[-107.34877565818381,48.048350121435874],[-107.34875609081219,48.04835939580398]]],[[[-107.34877565818381,48.048350121435874],[-107.34878896324498,48.04834984757371],[-107.34878274555699,48.04835891909343],[-107.34896840082533,48.04834169676953],[-107.3489784743519,48.04826998574401],[-107.34881794405186,48.048255403129936],[-107.34881809652497,48.048259899989084],[-107.34881958198518,48.04829115718763],[-107.34881994378925,48.04830006414104],[-107.34880710201999,48.04830922920082],[-107.34879420338788,48.048318481032055],[-107.3487542882412,48.04831930261372],[-107.34877565818381,48.048350121435874]]]]}"
0000000000000000033f,10540,0,0,0,"{""type"":""Polygon"",""coordinates"":[[[-107.34880037338877,48.04816203177615],[-107.34880242996913,48.04820660593713],[-107.34881794405186,48.048255403129936],[-107.3489784743519,48.04826998574401],[-107.3489782650015,48.048265575656195],[-107.34900241182932,48.04821147572648],[-107.34901520252212,48.04819779804445],[-107.34902142013871,48.04818872653938],[-107.34880037338877,48.04816203177615]]]}"
00000000000000000338,10541,0,0,0,"{""type"":""Polygon"",""coordinates"":[[[-107.34873760317396,48.04810077752928],[-107.34875296466463,48.04814507778721],[-107.34880022091704,48.04815753492534],[-107.34880037338877,48.04816203177615],[-107.34902142013871,48.04818872653938],[-107.34902742839554,48.04817524495563],[-107.34904037157006,48.048166064130235],[-107.34903852405529,48.04812590009165],[-107.34905630060965,48.0480763749398],[-107.34873760317396,48.04810077752928]]]}"
00000000000000000342,10542,0,0,0,"{""type"":""Polygon"",""coordinates"":[[[-107.34895212943134,48.04798468559747],[-107.34872270497787,48.048065368458886],[-107.34873760317396,48.04810077752928],[-107.34905630060965,48.0480763749398],[-107.34906277217759,48.04807178453433],[-107.34912195578197,48.04805713635901],[-107.34913952282814,48.04800320119535],[-107.34915257382319,48.04799844621231],[-107.34895212943134,48.04798468559747]]]}"
00000000000000000346,10543,0,0,0,"{""type"":""Polygon"",""coordinates"":[[[-107.34869404810414,48.04787387839724],[-107.34866903153926,48.04791010887257],[-107.34869785024871,48.04795863197428],[-107.34869240079439,48.047985588229324],[-107.34871484948866,48.04803868601016],[-107.34871521127099,48.04804759292158],[-107.34872270497787,48.048065368458886],[-107.34895212943134,48.04798468559747],[-107.34869404810414,48.04787387839724]]]}"
00000000000000000341,10544,0,0,0,"{""type"":""MultiPolygon"",""coordinates"":[[[[-107.34873673988633,48.047788138877785],[-107.34871844889653,48.04782426000439],[-107.34869404810414,48.04787387839724],[-107.34895212943134,48.04798468559747],[-107.34915257382319,48.04799844621231],[-107.349165516919,48.04798926540301],[-107.34917809811407,48.0479711776984],[-107.34873673988633,48.047788138877785]]],[[[-107.34859414148329,48.04772852800113],[-107.34855361138607,48.04771596155993],[-107.34850624807017,48.04769907858288],[-107.34845313674282,48.04770459962527],[-107.34835902600192,48.04768422145738],[-107.3484286279525,48.04774979203421],[-107.348454831207,48.04774026655119],[-107.34850100784233,48.04773044474],[-107.34853542812297,48.04775650841176],[-107.3486092933615,48.047768417927074],[-107.34864196816648,48.04775430204249],[-107.34864833821948,48.047749727455006],[-107.34859414148329,48.04772852800113]]]]}"
0000000000000000033b,10545,0,0,0,"{""type"":""Polygon"",""coordinates"":[[[-107.34912303058304,48.04793210944995],[-107.34914157531925,48.04790046924333],[-107.34916767723324,48.04789095929593],[-107.3491536484999,48.04787341944618],[-107.34914738634691,48.04788241989356],[-107.34911347968976,48.047869760099054],[-107.34913300216077,48.047860414742324],[-107.349139727677,48.047860305413614],[-107.34913264027405,48.04785150786697],[-107.34886742685306,48.04773183288076],[-107.3488216565553,48.04775063274039],[-107.34880788841855,48.047742015499644],[-107.34876761208557,48.04773393020346],[-107.34874681357373,48.04771642863047],[-107.34866615960296,48.04770027373544],[-107.34859414148329,48.04772852800113],[-107.34864833821948,48.047749727455006],[-107.34868141940407,48.047744589432284],[-107.34874280500486,48.047774570644386],[-107.34873673988633,48.047788138877785],[-107.34917809811407,48.0479711776984],[-107.34917784411748,48.04796669662723],[-107.34912303058304,48.04793210944995]],[[-107.34913423391738,48.047887190625644],[-107.34911409556074,48.047883148041706],[-107.3491211829631,48.04789194559505],[-107.34913423391738,48.047887190625644]]]}"
0000000000000000033c,10546,0,0,0,"{""type"":""GeometryCollection"",""geometries"":[{""type"":""LineString"",""coordinates"":[[-107.34886739971667,48.04773185803536],[-107.34887405461288,48.04773172191098]]},{""type"":""Polygon"",""coordinates"":[[[-107.3490978716047,48.04767351597938],[-107.3490911907449,48.04767369631311],[-107.34904542052018,48.047692496256865],[-107.34903211565815,48.04769277014612],[-107.3489801278783,48.04772064148709],[-107.34896482305837,48.047676254858864],[-107.34892367691742,48.04765030070357],[-107.3488953723589,48.047615181598196],[-107.34887765276245,48.047664619511124],[-107.34891175617909,48.04768184716667],[-107.34893995932632,48.04771698207137],[-107.34887405085072,48.04773173933305],[-107.34913264027405,48.04785150786697],[-107.3490978716047,48.04767351597938]]]}]}"
0000000000000000033e,10547,0,0,0,"{""type"":""Polygon"",""coordinates"":[[[-107.34923805235307,48.04767964542904],[-107.3490978716047,48.04767351597938],[-107.34913264027405,48.04785150786697],[-107.34913947368453,48.04785582435174],[-107.34915961203517,48.04785986692839],[-107.3491536484999,48.04787341944618],[-107.34916767723324,48.04789095929593],[-107.34918745371235,48.047886094987966],[-107.3492062523809,48.04785893585981],[-107.34921283180533,48.04785877127781],[-107.34926527805796,48.0476924854818],[-107.34923805235307,48.04767964542904]]]}"
00000000000000000334,10548,0,0,0,"{""type"":""Polygon"",""coordinates"":[[[-107.34938039861044,48.04773477419427],[-107.34931957700852,48.04771366876135],[-107.34926527805796,48.0476924854818],[-107.34921283180533,48.04785877127781],[-107.34926655962009,48.047866637720006],[-107.34930683642645,48.04787472281499],[-107.34940726249084,48.047738707363386],[-107.34938039861044,48.04773477419427]]]}"
0000000000000000033d,10549,0,0,0,"{""type"":""MultiPolygon"",""coordinates"":[[[[-107.34954077534992,48.047744858934784],[-107.34952161493858,48.04776311120689],[-107.3494681857181,48.047759796985304],[-107.34940726249084,48.047738707363386],[-107.34930683642645,48.04787472281499],[-107.34932014139243,48.047874448884016],[-107.34934675132973,48.047873901016374],[-107.34940731274183,48.04788608384918],[-107.34956229841856,48.047780174043744],[-107.34956214585034,48.04777567722938],[-107.34959461122034,48.047757150976494],[-107.34954077534992,48.047744858934784]]],[[[-107.34971676883134,48.04766086057666],[-107.349717022896,48.04766534161851],[-107.34976864842602,48.047628563081446],[-107.34976130679279,48.04761528458662],[-107.34975472737361,48.04761544920537],[-107.34974142243898,48.047615723194525],[-107.3497145585104,48.04761179012952],[-107.34970223170286,48.047634358811464],[-107.34968933341517,48.04764361063519],[-107.3496768540001,48.04766168252422],[-107.34966354905991,48.04766195650294],[-107.34965060613693,48.04767113731773],[-107.3496227641347,48.0476449095086],[-107.34960324179833,48.0476542549232],[-107.34961109794924,48.047680937086454],[-107.34957822603347,48.0476904854636],[-107.34960087327235,48.04774815052399],[-107.34964623693726,48.04772037243616],[-107.3496452588543,48.04769807769948],[-107.34970387053531,48.047670112407246],[-107.34970993534334,48.04765654415112],[-107.34971676883134,48.04766086057666]],[[-107.34970263835243,48.04764333665305],[-107.34968979691688,48.047652501707695],[-107.34970993534334,48.04765654415112],[-107.34970263835243,48.04764333665305]]]]}"
00000000000000000340,10550,0,0,0,"{""type"":""Polygon"",""coordinates"":[[[-107.34976880102074,48.04763305988218],[-107.34976864842602,48.047628563081446],[-107.349717022896,48.04766534161851],[-107.34973171263691,48.04769634020292],[-107.34971963986882,48.04772338997095],[-107.3497063349005,48.04772366395666],[-107.34964685300649,48.04773376033217],[-107.34964623693726,48.04772037243616],[-107.34960087327235,48.04774815052399],[-107.34961602640517,48.04778804027388],[-107.34956229841856,48.047780174043744],[-107.34940731274183,48.04788608384918],[-107.3494342846716,48.04789444283453],[-107.34948215720715,48.04792028751645],[-107.34952351369128,48.04795065160031],[-107.34953013777483,48.04795055800468],[-107.34970109560767,48.04775503017038],[-107.34970084154547,48.04775054912075],[-107.34970752246161,48.04775036874285],[-107.34978329358572,48.047659490626266],[-107.34976880102074,48.04763305988218]]]}"
00000000000000000345,10551,0,0,0,"{""type"":""MultiPolygon"",""coordinates"":[[[[-107.3497351551761,48.04777218653397],[-107.34972929979659,48.04779016486545],[-107.34975051792921,48.04781648632202],[-107.34976808403901,48.04776255131475],[-107.3497351551761,48.04777218653397]]],[[[-107.34978329358572,48.047659490626266],[-107.34970752246161,48.04775036874285],[-107.34973377038494,48.0477409139179],[-107.34977332328107,48.047731185094165],[-107.34977969327132,48.04772661043509],[-107.34978637418867,48.04772643005174],[-107.3498045563257,48.04768588301448],[-107.34978329358572,48.047659490626266]]],[[[-107.34968399291692,48.047817856260316],[-107.3496958563036,48.04778639640287],[-107.34970875464371,48.04777714455171],[-107.34970109560767,48.04775503017038],[-107.34953013777483,48.04795055800468],[-107.34958422797236,48.04796733116204],[-107.34966492835623,48.047983556330784],[-107.34968506694973,48.047987598800724],[-107.34973844512433,48.047843536155405],[-107.34968399291692,48.047817856260316]]]]}"
00000000000000000337,10552,0,0,0,"{""type"":""Polygon"",""coordinates"":[[[-107.3498045563257,48.04768588301448],[-107.34978637418867,48.04772643005174],[-107.34982022434852,48.0477391763355],[-107.3498011654944,48.047757412897404],[-107.34976808403901,48.04776255131475],[-107.34975051792921,48.04781648632202],[-107.34975739607384,48.047820873766085],[-107.34978560037712,48.04785600848586],[-107.34976567126793,48.04785637609506],[-107.34973844512433,48.047843536155405],[-107.34968506694973,48.047987598800724],[-107.34977260106977,48.04800814033475],[-107.34981262428899,48.04801174415518],[-107.34987837353464,48.047845183587036],[-107.34984452324028,48.04783243730144],[-107.34988099548393,48.04775576887086],[-107.3498045563257,48.04768588301448]]]}"
00000000000000000335,10553,0,0,0,"{""type"":""Polygon"",""coordinates"":[[[-107.34995697141598,48.04781676365193],[-107.34993606403455,48.04779483652638],[-107.34992229545327,48.047786219449755],[-107.34993744899607,48.047826109167396],[-107.34993246395122,48.04786195650855],[-107.34987837353464,48.047845183587036],[-107.34981262428899,48.04801174415518],[-107.3499133557785,48.04802758573302],[-107.34995974261594,48.048022173208416],[-107.34997315572132,48.048026325006695],[-107.34995697141598,48.04781676365193]]]}"
00000000000000000349,10554,0,0,0,"{""type"":""Polygon"",""coordinates"":[[[-107.35000484449942,48.04784260802053],[-107.34995697141598,48.04781676365193],[-107.34997315572132,48.048026325006695],[-107.34998671493155,48.04803053205024],[-107.35014539808559,48.048004948710286],[-107.35000484449942,48.04784260802053]]]}"
00000000000000000332,10555,0,0,0,"{""type"":""Polygon"",""coordinates"":[[[-107.35057762597697,48.048134609861094],[-107.35054341270003,48.04811295686536],[-107.35047576191998,48.04809197725981],[-107.35041545325613,48.04808427616351],[-107.35039408169503,48.0480534579045],[-107.35036844984397,48.04807630094555],[-107.35036150811881,48.04806755871061],[-107.35036649282242,48.048031711215096],[-107.35030007502338,48.04803750743132],[-107.35024464337917,48.04798953293993],[-107.35029015985837,48.04796625124231],[-107.3503347992846,48.0479206589577],[-107.35034764075316,48.04791149376888],[-107.35000484449942,48.04784260802053],[-107.35014539808559,48.048004948710286],[-107.3501784798471,48.04799981013116],[-107.35025358001187,48.048038494301345],[-107.35025455845366,48.048060789167636],[-107.35028203921524,48.04807811007555],[-107.3503631029495,48.048103241565904],[-107.3503904823459,48.048120578216675],[-107.35039777971295,48.04813378577317],[-107.35045932115655,48.04816826287189],[-107.35053355162322,48.04818907783925],[-107.35057444601547,48.048210550425],[-107.35060105654777,48.04821000219049],[-107.35057762597697,48.048134609861094]],[[-107.35024926601368,48.04794477862152],[-107.35022912725469,48.047940736277624],[-107.3502362150183,48.047949533749026],[-107.35024926601368,48.04794477862152]]]}"
00000000000000000331,10556,0,0,0,"{""type"":""MultiPolygon"",""coordinates"":[[[[-107.35044159285434,48.04778006766508],[-107.3504420565379,48.04778895875249],[-107.35044889018937,48.04779327513262],[-107.35044827382751,48.047779887233986],[-107.35044159285434,48.04778006766508]]],[[[-107.35042526028072,48.047860778621846],[-107.35041765760033,48.047838577503605],[-107.35038236472546,48.04779464556651],[-107.35040835855845,48.04778070949916],[-107.34993606403455,48.04779483652638],[-107.34995697141598,48.04781676365193],[-107.35000484449942,48.04784260802053],[-107.35034764075316,48.04791149376888],[-107.35038657760879,48.0478883767252],[-107.35041220931271,48.047865533765],[-107.35042526028072,48.047860778621846]],[[-107.35041180249195,48.04785655589267],[-107.35039865004815,48.04786132679629],[-107.35041220931271,48.047865533765],[-107.35041180249195,48.04785655589267]]]]}"
00000000000000000336,10557,0,0,0,"{""type"":""MultiPolygon"",""coordinates"":[[[[-107.35043337381722,48.04774447869253],[-107.35042664822858,48.047744588113616],[-107.35041374997552,48.047753840053424],[-107.3504341428495,48.047762363391065],[-107.35044159285434,48.04778006766508],[-107.35044827382751,48.047779887233986],[-107.35043337381722,48.04774447869253]]],[[[-107.35038760349335,48.047763279305165],[-107.35038637081325,48.047736503524746],[-107.34996339040745,48.04766479698994],[-107.34995763662218,48.04768275953334],[-107.34993323725526,48.047732378071416],[-107.34991546190425,48.04778190303006],[-107.34992229545327,48.047786219449755],[-107.34993606403455,48.04779483652638],[-107.35040835855845,48.04778070949916],[-107.35038760349335,48.047763279305165]]],[[[-107.34990431520656,48.0476838713602],[-107.34988377000715,48.04767085111159],[-107.34985633445557,48.04765360121807],[-107.34986276128242,48.04764893978984],[-107.34976880102074,48.04763305988218],[-107.34978329358572,48.047659490626266],[-107.3498045563257,48.04768588301448],[-107.34988099548393,48.04775576887086],[-107.34988685079301,48.04773779054371],[-107.34991931608425,48.047719264196246],[-107.3499315413467,48.04769671121368],[-107.34990431520656,48.0476838713602]]]]}"
0000000000000000033a,10558,0,0,0,"{""type"":""GeometryCollection"",""geometries"":[{""type"":""LineString"",""coordinates"":[[-107.35043333043532,48.04774448089299],[-107.35042667554488,48.047744617107725],[-107.35042647239871,48.04774015483984]]},{""type"":""Polygon"",""coordinates"":[[[-107.35037907351455,48.04772329606585],[-107.35039905953721,48.04772284155722],[-107.35037183307553,48.04771000183831],[-107.35037907351455,48.04772329606585]]]},{""type"":""Polygon"",""coordinates"":[[[-107.34974789837969,48.047320807618334],[-107.3497090635106,48.047343908377265],[-107.3497369053972,48.04737013601353],[-107.34977050113723,48.04737840121952],[-107.34979634211467,48.04735996865786],[-107.34980281351129,48.04735537826957],[-107.34974789837969,48.047320807618334]]]},{""type"":""Polygon"",""coordinates"":[[[-107.35037907351455,48.04772329606585],[-107.3503255991402,48.04771991132959],[-107.35033813520772,48.047701752569886],[-107.35037183307553,48.04771000183831],[-107.3501317809237,48.04755859696922],[-107.35009906169718,48.04757264229524],[-107.35007270587202,48.047577671400795],[-107.35002071843631,48.0476055432362],[-107.34998959365649,48.04765527110294],[-107.34996970923326,48.047655709760306],[-107.34996339040745,48.04766479698994],[-107.35038637081325,48.047736503524746],[-107.35037907351455,48.04772329606585]]]},{""type"":""Polygon"",""coordinates"":[[[-107.34998881680666,48.0474900817159],[-107.3499616987712,48.047481667704886],[-107.34989440543235,48.047465153155635],[-107.3498929636352,48.04743396749958],[-107.34991942080406,48.04742892269858],[-107.34986450539124,48.04739435207275],[-107.34981873551945,48.04741315227655],[-107.34983912794318,48.04742167569677],[-107.34981971371819,48.04743544688723],[-107.34982839561226,48.047479926761305],[-107.34987626812872,48.047505771042296],[-107.34991130587903,48.04754522191889],[-107.34978657644633,48.04758353508959],[-107.34976803231002,48.047615175214304],[-107.34976130679279,48.04761528458662],[-107.34976864842602,48.047628563081446],[-107.34976880102074,48.04763305988218],[-107.34986276128242,48.04764893978984],[-107.34986152898226,48.047622164051496],[-107.3498608048473,48.04760435039802],[-107.34997967914659,48.04758401538523],[-107.34999647599986,48.04751219595838],[-107.35002909369584,48.04749816644715],[-107.34998881680666,48.0474900817159]]]}]}"
0000000000000000032f,10559,0,0,0,"{""type"":""MultiPolygon"",""coordinates"":[[[[-107.35001568307216,48.047203690231],[-107.34996878252296,48.04719569915387],[-107.35000320393932,48.04722176200354],[-107.35005205470331,48.04726990060641],[-107.35010665926481,48.04730007680141],[-107.35001568307216,48.047203690231]]],[[[-107.35029631728304,48.04751503539735],[-107.35021772002328,48.04754345543121],[-107.35015752048427,48.04754018000755],[-107.3501317809237,48.04755859696922],[-107.35039905953721,48.04772284155722],[-107.3504325033076,48.047726609762805],[-107.35042643869987,48.04774017807773],[-107.35043337381722,48.04774447869253],[-107.35045777266363,48.04769486002889],[-107.35029631728304,48.04751503539735]],[[-107.3504052768216,48.04771377005308],[-107.35042505331592,48.047708905505814],[-107.35039160956478,48.047705137298415],[-107.3504052768216,48.04771377005308]]],[[[-107.3499495736744,48.04736134202021],[-107.34992660851424,48.04729484171543],[-107.34991253487905,48.0472772311752],[-107.34991207131849,48.047268340168976],[-107.34987714178769,48.04723331525297],[-107.34983219772872,48.04726991317187],[-107.34981889290685,48.0472701871671],[-107.34977312319438,48.047288987300504],[-107.34975436977149,48.047316217236855],[-107.34974789837969,48.047320807618334],[-107.34980281351129,48.04735537826957],[-107.34985505469861,48.0473319877064],[-107.34987498354563,48.04733162008895],[-107.349877810264,48.04739407806924],[-107.34986450539124,48.04739435207275],[-107.34991942080406,48.04742892269858],[-107.34994556702472,48.04741948364147],[-107.34998388720948,48.047382979186],[-107.3499495736744,48.04736134202021]]]]}"
0000000000000000032a,10560,0,0,0,"{""type"":""MultiPolygon"",""coordinates"":[[[[-107.35041019978547,48.04723578089716],[-107.35001568307216,48.047203690231],[-107.35010665926481,48.04730007680141],[-107.35019563451206,48.047351803281764],[-107.3503444985062,48.04740241081535],[-107.35044493042041,48.047413699645446],[-107.35041019978547,48.04723578089716]]],[[[-107.35045422948984,48.04747156724011],[-107.35042715584393,48.04746322437796],[-107.35040799583643,48.04748147671885],[-107.35038872776413,48.047495303284684],[-107.35030936812151,48.0475102803051],[-107.35029631728304,48.04751503539735],[-107.35045777266363,48.04769486002889],[-107.3504768313008,48.04767662336369],[-107.35048911313916,48.04765398356419],[-107.35045422948984,48.04747156724011]]]]}"
0000000000000000032c,10561,0,0,0,"{""type"":""MultiPolygon"",""coordinates"":[[[[-107.35064213918317,48.04750348327003],[-107.35060905776227,48.04750862195184],[-107.3505956000482,48.047504399274985],[-107.35058244772996,48.04750917016853],[-107.3505217776737,48.04749256240345],[-107.35046085355455,48.0474714735815],[-107.35045422948984,48.04747156724011],[-107.35048911313916,48.04765398356419],[-107.35064886474376,48.04750337383504],[-107.35064213918317,48.04750348327003]]],[[[-107.35085187437642,48.047280341561176],[-107.3508381056204,48.0472717247052],[-107.35041019978547,48.04723578089716],[-107.35044493042041,48.047413699645446],[-107.3505389357589,48.04742964982041],[-107.35053323347556,48.047452124854644],[-107.3505532640078,48.04745174132731],[-107.3505665689984,48.04745146722489],[-107.35061331760585,48.04745496124747],[-107.35064599209525,48.04744084477219],[-107.35066530472031,48.04742708917892],[-107.3507509896126,48.04740746618676],[-107.35087262952051,48.0472977714919],[-107.35085187437642,48.047280341561176]]]]}"
0000000000000000032b,10562,0,0,0,"{""type"":""Polygon"",""coordinates"":[[[-107.35099145220087,48.04742038460219],[-107.35094136642991,48.04734547082554],[-107.35087262952051,48.0472977714919],[-107.3507509896126,48.04740746618676],[-107.35077076597135,48.047402601600055],[-107.35080446383392,48.04741085066939],[-107.35080492761045,48.04741974169],[-107.35081859492823,48.04742837433714],[-107.35083313296705,48.04745487580565],[-107.3508730926898,48.04745412438106],[-107.35086014996766,48.04746330531765],[-107.35081376349912,48.04746871821089],[-107.3508210609468,48.04748192556872],[-107.35084283961505,48.04752172120046],[-107.3508227008822,48.04751767901329],[-107.3507815527565,48.04749172578458],[-107.35072890447269,48.047506139120195],[-107.35070167794774,48.047493299549714],[-107.35067568435102,48.04750723561415],[-107.35064886474376,48.04750337383504],[-107.35048911313916,48.04765398356419],[-107.3504768313008,48.04767662336369],[-107.35091157684732,48.047569420751245],[-107.35096782343854,48.04748788771545],[-107.3509982858947,48.0474247009117],[-107.35099145220087,48.04742038460219]],[[-107.35088177594622,48.04749860414097],[-107.35086821668685,48.04749439726804],[-107.35087551416238,48.04750760462748],[-107.35088177594622,48.04749860414097]]]}"
00000000000000000330,10563,0,0,0,"{""type"":""Polygon"",""coordinates"":[[[-107.3504768313008,48.04767662336369],[-107.35045777266363,48.04769486002889],[-107.35043337381722,48.04774447869253],[-107.35044827382751,48.047779887233986],[-107.35084998354813,48.047677894304954],[-107.35089415839033,48.04762341097488],[-107.35091157684732,48.047569420751245],[-107.3504768313008,48.04767662336369]]]}"
00000000000000000333,10564,0,0,0,"{""type"":""GeometryCollection"",""geometries"":[{""type"":""LineString"",""coordinates"":[[-107.3506406973923,48.04790996042325],[-107.35064090055819,48.047914422690305]]},{""type"":""Polygon"",""coordinates"":[[[-107.35044827382751,48.047779887233986],[-107.35044889018937,48.04779327513262],[-107.35049044508246,48.04782820652053],[-107.35053241915075,48.04787195800309],[-107.35058687253445,48.04789763741283],[-107.35064070959481,48.0479099288726],[-107.35084551439643,48.04772714520882],[-107.35084998354813,48.047677894304954],[-107.35044827382751,48.047779887233986]]]}]}"
00000000000000000328,10565,0,0,0,"{""type"":""MultiPolygon"",""coordinates"":[[[[-107.35084551439643,48.04772714520882],[-107.350640862294,48.04791442569344],[-107.35067517697229,48.04793606281123],[-107.35073471645353,48.04792587896807],[-107.3508397154076,48.04789249993983],[-107.35094564190418,48.047876903011684],[-107.35095226607619,48.04787680931567],[-107.35084551439643,48.04772714520882]]],[[[-107.35104638660574,48.04818751301262],[-107.35098669383764,48.04819320027056],[-107.3509664532223,48.04818917383547],[-107.3509400521895,48.048194132244575],[-107.3508394647681,48.0481783469928],[-107.3508055120116,48.0481656167538],[-107.35065144966708,48.04814644680133],[-107.35067744373657,48.04813251056138],[-107.35071699722944,48.0481227812603],[-107.35065010873444,48.0481152450035],[-107.35057783552138,48.04813901992946],[-107.35060105654777,48.04821000219049],[-107.35065468450918,48.04821788362909],[-107.35069542635335,48.04823485932246],[-107.35074930861508,48.04824722179491],[-107.35081706812237,48.04827262709516],[-107.35104253414367,48.04825015240817],[-107.35119372427316,48.048206791798016],[-107.35104638660574,48.04818751301262]]]]}"
00000000000000000352,10566,0,0,0,"{""type"":""Polygon"",""coordinates"":[[[-107.35089415839033,48.04762341097488],[-107.35084998354813,48.047677894304954],[-107.35084551439643,48.04772714520882],[-107.35095226607619,48.04787680931567],[-107.35108356984523,48.04783388809613],[-107.35089415839033,48.04762341097488]]]}"
0000000000000000031b,10567,0,0,0,"{""type"":""Polygon"",""coordinates"":[[[-107.35096782343854,48.04748788771545],[-107.35091157684732,48.047569420751245],[-107.35089415839033,48.04762341097488],[-107.35108356984523,48.04783388809613],[-107.35109662081385,48.04782913286443],[-107.35112995687463,48.04782847502032],[-107.35119540242479,48.04780482507285],[-107.35096782343854,48.04748788771545]]]}"
00000000000000000317,10568,0,0,0,"{""type"":""Polygon"",""coordinates"":[[[-107.35110698312032,48.04747164873339],[-107.3509982858947,48.0474247009117],[-107.35096782343854,48.04748788771545],[-107.35119540242479,48.04780482507285],[-107.3512216504463,48.047795369828115],[-107.35127425462454,48.04778088512077],[-107.35130692940324,48.04776676832499],[-107.35110698312032,48.04747164873339]]]}"
00000000000000000371,10569,0,0,0,"{""type"":""Polygon"",""coordinates"":[[[-107.35120196861993,48.04750989285509],[-107.35112712192358,48.04747569085551],[-107.35110698312032,48.04747164873339],[-107.35130692940324,48.04776676832499],[-107.3513134007987,48.047762177799065],[-107.35136600494694,48.047747693051306],[-107.35143776895521,48.047714955651756],[-107.35145034925954,48.04769686776624],[-107.35120196861993,48.04750989285509]]]}"
000000000000000003ac,10570,0,0,0,"{""type"":""Polygon"",""coordinates"":[[[-107.35120196861993,48.04750989285509],[-107.35145034925954,48.04769686776624],[-107.35148743543543,48.04763358683589],[-107.35149863608686,48.04758866805942],[-107.35151157879062,48.047579487015106],[-107.3515112163212,48.0475705802113],[-107.35120196861993,48.04750989285509]]]}"
000000000000000002cd,10571,0,0,0,"{""type"":""Polygon"",""coordinates"":[[[-107.35112712192358,48.04747569085551],[-107.35120196861993,48.04750989285509],[-107.3515112163212,48.0475705802113],[-107.35152267120795,48.047530142507235],[-107.35154768550059,48.04749391160765],[-107.35163958795135,48.0474652162535],[-107.35112712192358,48.04747569085551]]]}"
0000000000000000031a,10572,0,0,0,"{""type"":""Polygon"",""coordinates"":[[[-107.35099145220087,48.04742038460219],[-107.3509982858947,48.0474247009117],[-107.35110698312032,48.04747164873339],[-107.35112712192358,48.04747569085551],[-107.35163958795135,48.0474652162535],[-107.35164605927363,48.047460625733414],[-107.351782345012,48.04738185684958],[-107.35182713543048,48.0473407611918],[-107.35099145220087,48.04742038460219]]]}"
00000000000000000312,10573,0,0,0,"{""type"":""Polygon"",""coordinates"":[[[-107.35189036689074,48.047268041009374],[-107.3519022853339,48.04723649448338],[-107.35097444778049,48.04734033204682],[-107.35094136642991,48.04734547082554],[-107.35099145220087,48.04742038460219],[-107.35182713543048,48.0473407611918],[-107.3518714171037,48.04729070355168],[-107.35187752581876,48.047277206282224],[-107.35189036689074,48.047268041009374]],[[-107.35187752581876,48.047277206282224],[-107.35187043764915,48.047268409055455],[-107.35186396637415,48.04727299957264],[-107.35187752581876,48.047277206282224]],[[-107.35184336340079,48.04726006664101],[-107.35180976652701,48.047251802209075],[-107.35183150175712,48.04729152640382],[-107.35184336340079,48.04726006664101]]]}"
00000000000000000315,10574,0,0,0,"{""type"":""Polygon"",""coordinates"":[[[-107.35192538787781,48.04701272635935],[-107.35097444778049,48.04734033204682],[-107.3519022853339,48.04723649448338],[-107.35193849912856,48.04715534526084],[-107.35192858070869,48.047084090524265],[-107.35194639797962,48.04703463692781],[-107.35192538787781,48.04701272635935]]]}"
00000000000000000329,10575,0,0,0,"{""type"":""Polygon"",""coordinates"":[[[-107.35153400625103,48.047047493857654],[-107.35085187437642,48.047280341561176],[-107.35087262952051,48.0472977714919],[-107.35094136642991,48.04734547082554],[-107.35097444778049,48.04734033204682],[-107.35192538787781,48.04701272635935],[-107.35192513353755,48.047008245386195],[-107.35192415404029,48.04698595101185],[-107.35153400625103,48.047047493857654]]]}"
00000000000000000324,10576,1,0,1,"{""type"":""Polygon"",""coordinates"":[[[-107.35108066552178,48.047038963849104],[-107.35091310456494,48.047162962109255],[-107.35086235093131,48.04721760964662],[-107.3508381056204,48.0472717247052],[-107.35085187437642,48.047280341561176],[-107.35153400625103,48.047047493857654],[-107.35108066552178,48.047038963849104]]]}"
00000000000000000311,10577,0,0,0,"{""type"":""Polygon"",""coordinates"":[[[-107.35190724901629,48.04690588357485],[-107.35189245587593,48.046874901604575],[-107.35187195456801,48.04686195300864],[-107.35111770677896,48.04697561285698],[-107.35108066552178,48.047038963849104],[-107.35153400625103,48.047047493857654],[-107.35192415404029,48.04698595101185],[-107.3519229202026,48.046959175678026],[-107.3519223032837,48.04694578801625],[-107.35192168636473,48.04693240035789],[-107.35190724901629,48.04690588357485]]]}"
00000000000000000316,10578,0,0,0,"{""type"":""Polygon"",""coordinates"":[[[-107.35185814093839,48.04685326536762],[-107.35182325379272,48.04681831250203],[-107.3518012198462,48.04677403669796],[-107.35178071864283,48.046761088104795],[-107.35177984744813,48.04674321954024],[-107.35175262077206,48.04673038045918],[-107.35176494626377,48.04670781193652],[-107.35177788861193,48.046698631019694],[-107.35179078633021,48.04668937909631],[-107.35180362719356,48.046680213943255],[-107.35180326463977,48.046671307295654],[-107.35180224057984,48.04664894205542],[-107.3517459367715,48.04658310121921],[-107.35111549452539,48.046926543133296],[-107.35111770677896,48.04697561285698],[-107.35187195456801,48.04686195300864],[-107.35185814093839,48.04685326536762]]]}"
0000000000000000030e,10579,0,0,0,"{""type"":""Polygon"",""coordinates"":[[[-107.35173889338354,48.04657437510174],[-107.35158175143451,48.04648826933612],[-107.35154106746228,48.04647120778989],[-107.35150028207055,48.04645416199393],[-107.35143252476145,48.04642875800302],[-107.35138675611654,48.04644755857781],[-107.35106252295088,48.04664179965585],[-107.35111549452539,48.046926543133296],[-107.3517459367715,48.04658310121921],[-107.35173889338354,48.04657437510174]],[[-107.35159449883686,48.046621980249206],[-107.35158104117302,48.04661775778093],[-107.35158864447126,48.046639958273666],[-107.35159449883686,48.046621980249206]]]}"
00000000000000000308,10580,0,0,0,"{""type"":""Polygon"",""coordinates"":[[[-107.35106252295088,48.04664179965585],[-107.35095768032491,48.04667967475322],[-107.35085432487772,48.04674880596613],[-107.35092552703172,48.046850055415305],[-107.35111549452539,48.046926543133296],[-107.35106252295088,48.04664179965585]]]}"
0000000000000000030f,10581,0,0,0,"{""type"":""Polygon"",""coordinates"":[[[-107.35092552703172,48.046850055415305],[-107.35091310456494,48.047162962109255],[-107.35108066552178,48.047038963849104],[-107.35111770677896,48.04697561285698],[-107.35111549452539,48.046926543133296],[-107.35092552703172,48.046850055415305]]]}"
00000000000000000310,10582,0,0,0,"{""type"":""Polygon"",""coordinates"":[[[-107.35085432487772,48.04674880596613],[-107.3507882714069,48.04676350899898],[-107.3507807239061,48.04703614262349],[-107.35086235093131,48.04721760964662],[-107.35091310456494,48.047162962109255],[-107.35092552703172,48.046850055415305],[-107.35085432487772,48.04674880596613]]]}"
00000000000000000326,10583,0,0,0,"{""type"":""Polygon"",""coordinates"":[[[-107.3507749666313,48.04676378312312],[-107.35062363004587,48.04680264499369],[-107.35060544916432,48.04684319147062],[-107.35061392245069,48.04688326078379],[-107.3507807239061,48.04703614262349],[-107.3507882714069,48.04676350899898],[-107.3507749666313,48.04676378312312]]]}"
00000000000000000327,10584,0,0,0,"{""type"":""Polygon"",""coordinates"":[[[-107.3507807239061,48.04703614262349],[-107.35061392245069,48.04688326078379],[-107.35041019978547,48.04723578089716],[-107.3508381056204,48.0472717247052],[-107.35086235093131,48.04721760964662],[-107.3507807239061,48.04703614262349]]]}"
0000000000000000032d,10585,0,0,0,"{""type"":""Polygon"",""coordinates"":[[[-107.35060544916432,48.04684319147062],[-107.34992738162417,48.04716526468645],[-107.34993421506968,48.04716958105709],[-107.34996878252296,48.04719569915387],[-107.35001568307216,48.047203690231],[-107.35041019978547,48.04723578089716],[-107.35061392245069,48.04688326078379],[-107.35060544916432,48.04684319147062]]]}"
0000000000000000032e,10586,0,0,0,"{""type"":""Polygon"",""coordinates"":[[[-107.3506167965308,48.046798328704206],[-107.35052977883223,48.04679119178114],[-107.34979962868829,48.0469936902205],[-107.34982125317849,48.047028989004374],[-107.34984996520775,48.04707308516559],[-107.34992738162417,48.04716526468645],[-107.35060544916432,48.04684319147062],[-107.35062363004587,48.04680264499369],[-107.3506167965308,48.046798328704206]]]}"
00000000000000000339,10587,0,0,0,"{""type"":""Polygon"",""coordinates"":[[[-107.34971466704735,48.04673636220157],[-107.34973428545041,48.04687446154419],[-107.34976433748443,48.04694975872217],[-107.34979962868829,48.0469936902205],[-107.35052977883223,48.04679119178114],[-107.34989568905523,48.046469130152765],[-107.34988947192103,48.04647820140443],[-107.34986337753031,48.04649215272284],[-107.34982577591789,48.04654202831164],[-107.3497874565958,48.0465785320958],[-107.34973259458181,48.04669133499927],[-107.34974749349065,48.04672674296556],[-107.34971466704735,48.04673636220157]],[[-107.34974749349065,48.04672674296556],[-107.34974800163788,48.04673570488917],[-107.3497610521831,48.04673094994979],[-107.34974749349065,48.04672674296556]]]}"
00000000000000000323,10588,0,0,0,"{""type"":""Polygon"",""coordinates"":[[[-107.35036837334636,48.04646398174734],[-107.35029399377949,48.04643867055127],[-107.34999806600133,48.046377706182454],[-107.35001300973249,48.046413184897425],[-107.34998624802144,48.046409236218224],[-107.34996647227433,48.04641410053526],[-107.34994633442034,48.04641005822712],[-107.34992892199689,48.04646848854691],[-107.34990816793555,48.04645105866035],[-107.34989568905523,48.046469130152765],[-107.35052977883223,48.04679119178114],[-107.3506167965308,48.046798328704206],[-107.35036837334636,48.04646398174734]],[[-107.3499741759172,48.04643628533667],[-107.34998116187721,48.046445098344314],[-107.34999405968877,48.04643584670513],[-107.3499741759172,48.04643628533667]],[[-107.3499741759172,48.04643628533667],[-107.34996683438521,48.04642300715731],[-107.34996061727225,48.04643207840506],[-107.3499741759172,48.04643628533667]]]}"
0000000000000000031f,10589,0,0,0,"{""type"":""Polygon"",""coordinates"":[[[-107.35050347830536,48.04650581366407],[-107.35040202551882,48.04647215983044],[-107.35036837334636,48.04646398174734],[-107.3506167965308,48.046798328704206],[-107.35062363004587,48.04680264499369],[-107.3507749666313,48.04676378312312],[-107.35050347830536,48.04650581366407]]]}"
00000000000000000325,10590,1,0,1,"{""type"":""Polygon"",""coordinates"":[[[-107.35059064801676,48.046517447290526],[-107.35050347830536,48.04650581366407],[-107.3507749666313,48.04676378312312],[-107.3507882714069,48.04676350899898],[-107.35085432487772,48.04674880596613],[-107.35095768032491,48.04667967475322],[-107.35059064801676,48.046517447290526]]]}"
0000000000000000030a,10591,0,0,0,"{""type"":""Polygon"",""coordinates"":[[[-107.35059064801676,48.046517447290526],[-107.35095768032491,48.04667967475322],[-107.35106252295088,48.04664179965585],[-107.35138675611654,48.04644755857781],[-107.35059064801676,48.046517447290526]]]}"
00000000000000000320,10592,0,0,0,"{""type"":""Polygon"",""coordinates"":[[[-107.35141896573357,48.04642455128805],[-107.35142162820262,48.04633521006576],[-107.35130122453383,48.0463242193528],[-107.35040202551882,48.04647215983044],[-107.35050347830536,48.04650581366407],[-107.35059064801676,48.046517447290526],[-107.35138675611654,48.04644755857781],[-107.35143252476145,48.04642875800302],[-107.35141896573357,48.04642455128805]]]}"
00000000000000000322,10593,0,0,0,"{""type"":""Polygon"",""coordinates"":[[[-107.35099871340252,48.046263423026936],[-107.35094549490812,48.04626451960336],[-107.35029399377949,48.04643867055127],[-107.35036837334636,48.04646398174734],[-107.35040202551882,48.04647215983044],[-107.35130122453383,48.0463242193528],[-107.35099871340252,48.046263423026936]]]}"
00000000000000000321,10594,0,0,0,"{""type"":""Polygon"",""coordinates"":[[[-107.35086458686902,48.046243886088924],[-107.35008579748673,48.04625535558466],[-107.35007968845021,48.04626885248471],[-107.350065767699,48.04625573898663],[-107.3500459920283,48.046260603303864],[-107.35003257951962,48.04625645164062],[-107.34996605710083,48.046257821668036],[-107.34996020213087,48.04627579948335],[-107.34999806600133,48.046377706182454],[-107.35029399377949,48.04643867055127],[-107.35094549490812,48.04626451960336],[-107.35086458686902,48.046243886088924]]]}"
0000000000000000031d,10595,0,0,0,"{""type"":""GeometryCollection"",""geometries"":[{""type"":""Point"",""coordinates"":[-107.35006581756362,48.046255749892964]},{""type"":""Polygon"",""coordinates"":[[[-107.34999909262365,48.04625261235641],[-107.34999154162419,48.04623492431391],[-107.3499718674443,48.04623977285179],[-107.34996605710083,48.046257821668036],[-107.35003257951962,48.04625645164062],[-107.34999909262365,48.04625261235641]]]},{""type"":""Polygon"",""coordinates"":[[[-107.3503186449542,48.0461032158321],[-107.35031217381731,48.04610780613887],[-107.3502855648719,48.04610835423088],[-107.3502512521443,48.04608671767922],[-107.35026800043636,48.04616228758683],[-107.35019402839357,48.04614595401929],[-107.35017389060572,48.04614191177798],[-107.35016926833083,48.04618666454294],[-107.35012910076763,48.046183005707654],[-107.35011615844358,48.04619218631082],[-107.35010978875253,48.04619676085061],[-107.35010434062308,48.04622371624541],[-107.35010516639038,48.04624151366158],[-107.35009201454396,48.0462462843608],[-107.35008579748673,48.04625535558466],[-107.35086458686902,48.046243886088924],[-107.35049021774337,48.0460683814507],[-107.35047105854113,48.04608663329761],[-107.35044347093894,48.04606488741482],[-107.35037731078874,48.04607516427974],[-107.35034525390527,48.046102667730814],[-107.3503186449542,48.0461032158321]],[[-107.35035255093071,48.0461158747905],[-107.3503653917295,48.046106709932154],[-107.35034525390527,48.046102667730814],[-107.35035255093071,48.0461158747905]]]}]}"
0000000000000000031e,10596,1,0,1,"{""type"":""Polygon"",""coordinates"":[[[-107.35066023992144,48.04599793636164],[-107.35061971001531,48.045985371204544],[-107.35059320915846,48.04599034502985],[-107.35060800072755,48.04602132671722],[-107.35057492065216,48.04602646520765],[-107.3505433276186,48.04606285948889],[-107.35052940670161,48.04604974611395],[-107.35051708088997,48.046072314202235],[-107.35049021774337,48.0460683814507],[-107.35086458686902,48.046243886088924],[-107.35094549490812,48.04626451960336],[-107.35099871340252,48.046263423026936],[-107.35066023992144,48.04599793636164]]]}"
0000000000000000030b,10597,0,0,0,"{""type"":""Polygon"",""coordinates"":[[[-107.35150648204744,48.046150330894775],[-107.35066023992144,48.04599793636164],[-107.35099871340252,48.046263423026936],[-107.35130122453383,48.0463242193528],[-107.35142162820262,48.04633521006576],[-107.35142748257489,48.04631723215596],[-107.35145932958459,48.04628531832787],[-107.35152014919927,48.046158963236834],[-107.35150648204744,48.046150330894775]]]}"
0000000000000000031c,10598,0,0,0,"{""type"":""Polygon"",""coordinates"":[[[-107.3513057286493,48.04598472335181],[-107.35059685217162,48.04592329847073],[-107.3505838019049,48.04592805344352],[-107.35059099753411,48.04594127620129],[-107.35060481035623,48.04594996389415],[-107.35061847709267,48.04595859634229],[-107.35065253587472,48.04597575181134],[-107.35061971001531,48.045985371204544],[-107.35066023992144,48.04599793636164],[-107.35150648204744,48.046150330894775],[-107.3513057286493,48.04598472335181]]]}"
00000000000000000304,10599,0,0,0,"{""type"":""Polygon"",""coordinates"":[[[-107.35059685217162,48.04592329847073],[-107.3513057286493,48.04598472335181],[-107.35122122204854,48.04588375003126],[-107.35047926841054,48.0458274630075],[-107.35047947795813,48.04583187288172],[-107.35054666103571,48.04584396092306],[-107.35054789391037,48.04587073572884],[-107.35057450275974,48.04587018756893],[-107.35059608300708,48.04590541440493],[-107.3506095401621,48.04590963696698],[-107.35059685217162,48.04592329847073]],[[-107.35062063293823,48.04586029412782],[-107.35059387137242,48.04585634565628],[-107.35060794496894,48.045873955619626],[-107.35062063293823,48.04586029412782]],[[-107.3506095401621,48.04590963696698],[-107.35062269189488,48.04590486623029],[-107.35060892370298,48.04589624955339],[-107.3506095401621,48.04590963696698]]]}"
00000000000000000307,10600,0,0,0,"{""type"":""Polygon"",""coordinates"":[[[-107.35073394695627,48.045715031170495],[-107.35073409968507,48.04571952780198],[-107.3506869462469,48.04570705640092],[-107.35067327957044,48.04569842400249],[-107.35065972100074,48.04569421722715],[-107.35064903525178,48.04575253741818],[-107.35068894844441,48.04575171513734],[-107.3507022528455,48.045751441039954],[-107.35071555724839,48.04575116694067],[-107.35073554228121,48.04575071240412],[-107.35077524592465,48.045745480220674],[-107.35075033391752,48.04578169392605],[-107.35072408738627,48.04579114864031],[-107.35069701478128,48.04578280609566],[-107.35068417413639,48.04579197093785],[-107.35062910708673,48.04575290516817],[-107.3506371733684,48.04578399613363],[-107.3506311092104,48.045797563946785],[-107.3506101008142,48.045775653564284],[-107.35058410847469,48.045789589114875],[-107.3505051080867,48.045809030833695],[-107.35049057085675,48.045782530127774],[-107.35047017899457,48.04577400709868],[-107.35047926841054,48.0458274630075],[-107.35122122204854,48.04588375003126],[-107.35121413431732,48.045874952978906],[-107.35119297261839,48.04584854606419],[-107.35080817305509,48.04573584506101],[-107.35073394695627,48.045715031170495]],[[-107.35080231854455,48.0457538227369],[-107.3508220940076,48.045748958315954],[-107.35080817305509,48.04573584506101],[-107.35080231854455,48.0457538227369]],[[-107.35080231854455,48.0457538227369],[-107.35078901412847,48.045754096848576],[-107.35079610170554,48.04576289391598],[-107.35080231854455,48.0457538227369]],[[-107.35078978339163,48.045771980858646],[-107.35077647897083,48.0457722549688],[-107.35078356654698,48.045781052040205],[-107.35078978339163,48.045771980858646]],[[-107.35075033391752,48.04578169392605],[-107.35075732001489,48.045790506763474],[-107.35076363833801,48.045781419819484],[-107.35075033391752,48.04578169392605]],[[-107.35076440758802,48.04579930383942],[-107.350751103161,48.045799577946354],[-107.3507581461119,48.0458083040184],[-107.35076440758802,48.04579930383942]],[[-107.35071155219174,48.045809306765825],[-107.35072547312,48.04582242005382],[-107.35074447937335,48.04579967161499],[-107.35071155219174,48.045809306765825]],[[-107.35075233618727,48.04582635272296],[-107.35073903175228,48.045826626828564],[-107.35074607470388,48.045835352905975],[-107.35075233618727,48.04582635272296]],[[-107.35071155219174,48.045809306765825],[-107.35070431190908,48.045796013045305],[-107.35067810999074,48.04580553875572],[-107.35071155219174,48.045809306765825]],[[-107.35068540711394,48.045818745712666],[-107.35067210269112,48.04581901980862],[-107.35067908876997,48.04582783265849],[-107.35068540711394,48.045818745712666]]]}"
00000000000000000300,10601,0,0,0,"{""type"":""GeometryCollection"",""geometries"":[{""type"":""LineString"",""coordinates"":[[-107.35067322884967,48.045698413310426],[-107.35065971644647,48.0456942234899],[-107.35065951329476,48.04568976122118]]},{""type"":""Polygon"",""coordinates"":[[[-107.35073394695627,48.045715031170495],[-107.35080817305509,48.04573584506101],[-107.35119297261839,48.04584854606419],[-107.35117797088782,48.045813154713436],[-107.35054568031865,48.04538389546955],[-107.35052631196223,48.04539773724105],[-107.35051891787637,48.04552740348255],[-107.35058667229413,48.045552807755485],[-107.35058826748435,48.045588488884434],[-107.35061533989533,48.045596831433755],[-107.35061451386217,48.04557903424785],[-107.35065319388917,48.04555143733667],[-107.35069187387347,48.045523840425496],[-107.350725207723,48.045523182807266],[-107.3507597300053,48.04554922880602],[-107.35070081088001,48.0455727994305],[-107.35074925404754,48.04561195869565],[-107.3507506398116,48.04564323000102],[-107.35067790114479,48.04565367164826],[-107.35068596745862,48.045684762549875],[-107.35072624290049,48.04569284674621],[-107.35074016379689,48.04570596000371],[-107.35074699714825,48.045710276198506],[-107.35073394695627,48.045715031170495]],[[-107.35083976561303,48.04569945093181],[-107.35082646121113,48.04569972504804],[-107.35083354879099,48.045708522103475],[-107.35083976561303,48.04569945093181]],[[-107.35074699714825,48.045710276198506],[-107.35076019343225,48.045705576468684],[-107.35075310587602,48.045696779407734],[-107.35074699714825,48.045710276198506]]]}]}"
000000000000000002f4,10602,0,0,0,"{""type"":""Polygon"",""coordinates"":[[[-107.35067214380383,48.045381319333494],[-107.35065837577399,48.04537270274572],[-107.3506421986696,48.0453104503172],[-107.35054568031865,48.04538389546955],[-107.35117797088782,48.045813154713436],[-107.35117514179557,48.04575069871729],[-107.35106053713406,48.04557435987023],[-107.351047849372,48.045588021340414],[-107.3510017194316,48.04559791492966],[-107.35100208180636,48.045606821402274],[-107.35099622740343,48.04562479904298],[-107.35096715222309,48.04557179799609],[-107.35093149799813,48.04551896167744],[-107.3509443953661,48.045509710085256],[-107.35095733735123,48.0455005294985],[-107.35099616994769,48.04547742910465],[-107.35092779848733,48.045438637878036],[-107.35090042051999,48.04542130223231],[-107.35084673947614,48.04541350802407],[-107.35083302821745,48.04540480469047],[-107.35076614443746,48.04539726878605],[-107.35069387665764,48.04542104242765],[-107.35067214380383,48.045381319333494]],[[-107.35090165367109,48.04544807681041],[-107.3508548059147,48.04544459876572],[-107.35086893638957,48.045462121783814],[-107.35090165367109,48.04544807681041]],[[-107.35073404371556,48.04542470098584],[-107.35072048522626,48.045420494239046],[-107.35072757272633,48.04542929125742],[-107.35073404371556,48.04542470098584]],[[-107.350680572376,48.045421316519125],[-107.35068791406022,48.04543459438595],[-107.35069387665764,48.04542104242765],[-107.350680572376,48.045421316519125]],[[-107.350680572376,48.045421316519125],[-107.35067352951324,48.04541259050364],[-107.35066043480968,48.04541727443036],[-107.350680572376,48.045421316519125]]]}"
00000000000000000302,10603,0,0,0,"{""type"":""MultiPolygon"",""coordinates"":[[[[-107.35133333432044,48.045274012245834],[-107.35136837232753,48.04531346090201],[-107.35138450615496,48.04537564217234],[-107.35142184398647,48.04531684496991],[-107.35133333432044,48.045274012245834]]],[[[-107.35133292926344,48.04541249090063],[-107.35132008882091,48.04542165575806],[-107.35130046629169,48.04543101685195],[-107.35128777863788,48.04544467831375],[-107.35118108943868,48.04544239082859],[-107.35112540538275,48.04538993833828],[-107.35111841923496,48.045381125596386],[-107.35108791434727,48.045444238911706],[-107.35114200266311,48.04546101043498],[-107.35116984473292,48.04548723670733],[-107.35120354114454,48.04549548537148],[-107.35115730981086,48.04550539477885],[-107.351145085979,48.04552794693773],[-107.35108015975025,48.04556499879762],[-107.35106053713406,48.04557435987023],[-107.35117514179557,48.04575069871729],[-107.35137232710315,48.045398265305366],[-107.35133292926344,48.04541249090063]],[[-107.35114647208567,48.04555921817851],[-107.35113255103258,48.045546105020755],[-107.35111339230268,48.04556435680203],[-107.35114647208567,48.04555921817851]],[[-107.35108699314276,48.04556931495553],[-107.35110106695542,48.04558692474444],[-107.35111339230268,48.04556435680203],[-107.35108699314276,48.04556931495553]]]]}"
00000000000000000306,10604,0,0,0,"{""type"":""Polygon"",""coordinates"":[[[-107.35143540262466,48.04532105160537],[-107.35142184398647,48.04531684496991],[-107.35138450615496,48.04537564217234],[-107.35138537719152,48.04539351027786],[-107.35137232710315,48.045398265305366],[-107.35117514179557,48.04575069871729],[-107.35117797088782,48.045813154713436],[-107.35119297261839,48.04584854606419],[-107.35121413431732,48.045874952978906],[-107.35143367077688,48.045575628960385],[-107.35146982403323,48.04534711299554],[-107.35146946154087,48.04533820657185],[-107.35143540262466,48.04532105160537]]]}"
00000000000000000309,10605,0,0,0,"{""type"":""Polygon"",""coordinates"":[[[-107.35160983526173,48.04608119982536],[-107.35159632093354,48.046077064167314],[-107.35160213055549,48.04605901533286],[-107.35143367077688,48.045575628960385],[-107.35121413431732,48.045874952978906],[-107.35122122204854,48.04588375003126],[-107.3513057286493,48.04598472335181],[-107.35150648204744,48.046150330894775],[-107.35152014919927,48.046158963236834],[-107.35151993952815,48.046154553340486],[-107.35161913614218,48.04613906578861],[-107.35163223112848,48.04613438165916],[-107.35160983526173,48.04608119982536]],[[-107.35157664669548,48.046081913021474],[-107.35152975310773,48.046078364289414],[-107.35156447418895,48.04610897790727],[-107.35157824282247,48.046117594470694],[-107.35157053813246,48.04609540995982],[-107.35157664669548,48.046081913021474]]]}"
0000000000000000030d,10606,0,0,0,"{""type"":""MultiPolygon"",""coordinates"":[[[[-107.35174739404535,48.04602927905799],[-107.3517350688122,48.0460518472794],[-107.35173168208694,48.04612337489448],[-107.35178428393792,48.046108890428734],[-107.35174739404535,48.04602927905799]],[[-107.35175120351126,48.04611402934268],[-107.3517574648758,48.04610502904912],[-107.35174400734978,48.04610080664192],[-107.35175120351126,48.04611402934268]]],[[[-107.35160983526173,48.04608119982536],[-107.35163223112848,48.04613438165916],[-107.35164512865215,48.046125129859995],[-107.35164440360519,48.04610731675238],[-107.3516435324603,48.046089448408395],[-107.35160983526173,48.04608119982536]]],[[[-107.35146982403323,48.04534711299554],[-107.35143367077688,48.045575628960385],[-107.35160213055549,48.04605901533286],[-107.35161445585369,48.0460364471238],[-107.35163910640618,48.04599131073121],[-107.35163859778488,48.045982348957075],[-107.35163823526089,48.04597344242678],[-107.35163787273684,48.045964535897994],[-107.35165641470581,48.04593289646384],[-107.35166124489741,48.04589255376219],[-107.35166062805266,48.045879166369524],[-107.35168677321201,48.045869727143696],[-107.35146982403323,48.04534711299554]]]]}"
000000000000000002e6,10607,0,0,0,"{""type"":""Polygon"",""coordinates"":[[[-107.3516120603656,48.045397810439084],[-107.35152304151005,48.04534601617302],[-107.35146946154087,48.04533820657185],[-107.35146982403323,48.04534711299554],[-107.35168677321201,48.045869727143696],[-107.35172632442307,48.04585999790442],[-107.35172694129228,48.04587338529115],[-107.35172755816147,48.045886772681285],[-107.35182130727509,48.04589824030259],[-107.35181047025654,48.04595206416319],[-107.35178545733588,48.04598829402981],[-107.35175946493841,48.0460022299572],[-107.35174739404535,48.04602927905799],[-107.35178428393792,48.046108890428734],[-107.35179100932866,48.04610878092083],[-107.35180904262131,48.04606817958336],[-107.35181613057223,48.0460769766186],[-107.35181772693323,48.04611265805453],[-107.35185481078295,48.04604937895538],[-107.35189251143828,48.045999487337866],[-107.35189189451098,48.04598609992144],[-107.35189127758362,48.045972712508444],[-107.35189116933985,48.045968286866156],[-107.3516120603656,48.045397810439084]]]}"
0000000000000000030c,10608,0,0,0,"{""type"":""Polygon"",""coordinates"":[[[-107.35170118777562,48.04545403026449],[-107.35162572729978,48.045406442647554],[-107.3516120603656,48.045397810439084],[-107.35189116933985,48.045968286866156],[-107.35192738163717,48.04588713965102],[-107.35194032366277,48.04587795886433],[-107.35196508203926,48.04583724816597],[-107.35201727627765,48.04581378615608],[-107.3520366892595,48.045800014978504],[-107.35170118777562,48.04545403026449]]]}"
00000000000000000314,10609,0,0,0,"{""type"":""MultiPolygon"",""coordinates"":[[[[-107.35170118777562,48.04545403026449],[-107.3520366892595,48.045800014978504],[-107.35205584786755,48.045781762933615],[-107.35212139124916,48.0457580976069],[-107.35213505850278,48.045766729794025],[-107.35217373826907,48.04573913217687],[-107.35222623136345,48.04572022196688],[-107.35225124377162,48.04568399218371],[-107.35225767010537,48.04567933078274],[-107.35170118777562,48.04545403026449]]],[[[-107.3523932292436,48.0457302078428],[-107.3523804402495,48.04574388528801],[-107.35236359724,48.04581119017684],[-107.35230627449427,48.045870443167495],[-107.35226035364462,48.04588474730216],[-107.35223513132883,48.04591656735787],[-107.35224345350271,48.04595213912747],[-107.35221597269417,48.04593481948626],[-107.35221171548244,48.04598847863739],[-107.35223919632475,48.04600579829671],[-107.35238820828855,48.045913440185004],[-107.35250912163539,48.04579037515083],[-107.35251543965467,48.0457812880991],[-107.3523932292436,48.0457302078428]]]]}"
00000000000000000313,10610,0,0,0,"{""type"":""MultiPolygon"",""coordinates"":[[[[-107.35162572729978,48.045406442647554],[-107.35170118777562,48.04545403026449],[-107.35225767010537,48.04567933078274],[-107.3522967570505,48.04566071063941],[-107.35232958279674,48.04565109073434],[-107.35235967887789,48.04557899935134],[-107.35238546113378,48.04556065354131],[-107.35238422690004,48.045533878952234],[-107.35162572729978,48.045406442647554]]],[[[-107.35261395494365,48.04560504215505],[-107.35260629424822,48.04558292896526],[-107.35261235777739,48.04556936109872],[-107.35257881341438,48.04556560955085],[-107.35257259692088,48.045574680803774],[-107.35254558034221,48.04556625206778],[-107.3525721895378,48.04556570334764],[-107.35253849224605,48.045557455175974],[-107.35252642199113,48.045584504128925],[-107.3524801902135,48.04559441420253],[-107.35248065442067,48.045603304895714],[-107.3524548153054,48.04562173751548],[-107.35244274497536,48.045648786493],[-107.35244336211136,48.04566217381435],[-107.35241834985325,48.04569840362874],[-107.35240591675657,48.04571654616374],[-107.3523932292436,48.0457302078428],[-107.35251543965467,48.0457812880991],[-107.35252653008597,48.04573194521984],[-107.35253870872354,48.0457093218065],[-107.35253736605954,48.045678121531076],[-107.35256248654682,48.045646317313974],[-107.35259433235476,48.04561440354815],[-107.35261395494365,48.04560504215505]],[[-107.3525798948335,48.045587887538204],[-107.35258713590449,48.04560118104418],[-107.35259335240053,48.045592109785645],[-107.3525798948335,48.045587887538204]],[[-107.35258734570809,48.04560559088821],[-107.35257444847598,48.04561484271498],[-107.35259433235476,48.04561440354815],[-107.35258734570809,48.04560559088821]]]]}"
000000000000000002d8,10611,0,0,0,"{""type"":""MultiPolygon"",""coordinates"":[[[[-107.35172896999386,48.04533288690062],[-107.35160214272912,48.04532655804024],[-107.35152304151005,48.04534601617302],[-107.3516120603656,48.045397810439084],[-107.35162572729978,48.045406442647554],[-107.35238422690004,48.045533878952234],[-107.35237575169934,48.045493810876685],[-107.35240153388868,48.045475465093865],[-107.35242737290602,48.04545703254243],[-107.35244031472027,48.04544785176899],[-107.35172896999386,48.04533288690062]]],[[[-107.35257881341438,48.04556560955085],[-107.35261235777739,48.04556936109872],[-107.35263028168175,48.04552433445006],[-107.3526627445602,48.045505808017666],[-107.35266859824301,48.04548783033431],[-107.35264835850597,48.045483804440096],[-107.35264173463901,48.0454838982413],[-107.3525610355803,48.04546767631975],[-107.35255682359768,48.045521405996794],[-107.35255728782444,48.045530296676716],[-107.35254434599139,48.04553947748088],[-107.35253849224605,48.045557455175974],[-107.3525721895378,48.04556570334764],[-107.3525786604584,48.04556111294129],[-107.35257881341438,48.04556560955085]],[[-107.35257696185148,48.04552544767768],[-107.35258425975816,48.045538654399515],[-107.3525905208686,48.04552965415687],[-107.35257696185148,48.04552544767768]],[[-107.35259175525367,48.04555642873728],[-107.35258451418773,48.045543135242895],[-107.3525786604584,48.04556111294129],[-107.35259175525367,48.04555642873728]],[[-107.35255117966095,48.04554379352524],[-107.35255842071241,48.04555708702269],[-107.3525647386777,48.04554800000956],[-107.35255117966095,48.04554379352524]]]]}"
000000000000000002d0,10612,0,0,0,"{""type"":""MultiPolygon"",""coordinates"":[[[[-107.35264835850597,48.045483804440096],[-107.35266859824301,48.04548783033431],[-107.35266813398859,48.04547893966284],[-107.35264835850597,48.045483804440096]]],[[[-107.35266813398859,48.04547893966284],[-107.35267456026207,48.045474278253685],[-107.35268503313947,48.04541154839679],[-107.35266180879779,48.0453405705179],[-107.3527140469011,48.045317179374685],[-107.35273197055021,48.04527215293033],[-107.35270921043421,48.045210065876596],[-107.35256337685136,48.04522648687425],[-107.35255089936084,48.04524455825447],[-107.35253697770112,48.0452314453949],[-107.35224562211957,48.04526868070757],[-107.35223308765593,48.04528683883236],[-107.35224038537456,48.04530004552496],[-107.35223453155186,48.045318023121254],[-107.35224213510938,48.04534022300455],[-107.35217710123946,48.04537284986783],[-107.35216230830797,48.04534186884089],[-107.35212079823022,48.04530701083597],[-107.35211956418009,48.04528023636851],[-107.35172896999386,48.04533288690062],[-107.35244031472027,48.04544785176899],[-107.35248521051692,48.04541118298837],[-107.35253097784134,48.04539238229462],[-107.3525785967139,48.045413743342856],[-107.35255918403097,48.045427514521016],[-107.3525610355803,48.04546767631975],[-107.35264173463901,48.0454838982413],[-107.35265421219023,48.045465826765124],[-107.35266813398859,48.04547893966284]]]]}"
000000000000000002de,10613,0,0,0,"{""type"":""MultiPolygon"",""coordinates"":[[[[-107.35267206443372,48.045125975463115],[-107.35263004498695,48.045082156226854],[-107.3526076925496,48.04502904672913],[-107.35239739901442,48.0450914104802],[-107.35245246809963,48.04513047468869],[-107.35252607827502,48.04513789979493],[-107.35254683349969,48.04515532864797],[-107.35260729232165,48.04516752461885],[-107.35259543207013,48.04519898318375],[-107.35256944032187,48.04521291910427],[-107.35256337685136,48.04522648687425],[-107.35270921043421,48.045210065876596],[-107.35267206443372,48.045125975463115]]],[[[-107.35204893277019,48.045192307085806],[-107.35164143901876,48.04531234812277],[-107.35160214272912,48.04532655804024],[-107.35172896999386,48.04533288690062],[-107.35211956418009,48.04528023636851],[-107.35212541804293,48.045262258791205],[-107.35215140986479,48.0452483229761],[-107.35215747346186,48.04523475522332],[-107.35211047229602,48.04522678123655],[-107.35210363876557,48.045222465183365],[-107.35208324646038,48.04521394259987],[-107.35207579592658,48.04519623933443],[-107.35204893277019,48.045192307085806]]],[[[-107.35207579592658,48.04519623933443],[-107.35210194060471,48.045186800130665],[-107.35215587672054,48.045199074400905],[-107.3522506044632,48.04523283508986],[-107.35224479528344,48.04525088366764],[-107.35225183861128,48.045259609528905],[-107.35224562211957,48.04526868070757],[-107.35253697770112,48.0452314453949],[-107.35250266355838,48.045209810047545],[-107.35248976646457,48.04521906178947],[-107.35246999113953,48.04522392650178],[-107.35246315754047,48.04521961047619],[-107.35243614126892,48.04521118175871],[-107.35240808831527,48.0451805462109],[-107.35236961902397,48.0452125534226],[-107.35231552976309,48.04519578269569],[-107.35230186263604,48.04518715062521],[-107.35226816583979,48.045178902405546],[-107.35224653933356,48.04514360547202],[-107.35223970579123,48.045139289435696],[-107.35207533181324,48.045187348706015],[-107.35207579592658,48.04519623933443]],[[-107.3524500628706,48.04522429462932],[-107.35246377469268,48.045232997687265],[-107.35246999113953,48.04522392650178],[-107.3524500628706,48.04522429462932]]]]}"
000000000000000002e8,10614,0,0,0,"{""type"":""Polygon"",""coordinates"":[[[-107.35259336353784,48.04500695657074],[-107.35256428595795,48.044953956694656],[-107.35252416302737,48.044950369952886],[-107.35251147583092,48.044964031439676],[-107.35247777910618,48.04495578332703],[-107.35251045127922,48.04494166694867],[-107.35250315349998,48.04492846036855],[-107.35252914504434,48.04491452454689],[-107.35246683522061,48.04486216720483],[-107.35241972597056,48.044849767875306],[-107.35239886951985,48.04483235485398],[-107.35239224578672,48.044832448633386],[-107.35164143901876,48.04531234812277],[-107.35204893277019,48.045192307085806],[-107.3520684982963,48.04518303265322],[-107.35207533181324,48.045187348706015],[-107.35223970579123,48.045139289435696],[-107.35222552993733,48.04512169574266],[-107.35223040397224,48.0450814246613],[-107.35217435560484,48.04502006682149],[-107.35219932288439,48.04498376654502],[-107.35225901108117,48.04497807899649],[-107.352279403343,48.044986601505286],[-107.35231325290451,48.04499934625691],[-107.35233560483496,48.045052455806044],[-107.35238347748432,48.04507829763339],[-107.35239739901442,48.0450914104802],[-107.3526076925496,48.04502904672913],[-107.35259336353784,48.04500695657074]],[[-107.3525253973874,48.044977144238594],[-107.35253870177054,48.04497686989079],[-107.35253161377442,48.04496807309494],[-107.3525253973874,48.044977144238594]],[[-107.3525253973874,48.044977144238594],[-107.35250583198867,48.044986418724754],[-107.35251975354983,48.04499953152998],[-107.3525253973874,48.044977144238594]],[[-107.35249570277482,48.044910757237126],[-107.3524822454718,48.044906535024204],[-107.35248944176752,48.044919757364575],[-107.35249570277482,48.044910757237126]]]}"
00000000000000000301,10615,0,0,0,"{""type"":""Polygon"",""coordinates"":[[[-107.35236527444911,48.04482409095414],[-107.35236440291814,48.044806223064384],[-107.35235109862069,48.044806497384926],[-107.35233743161355,48.04479786538064],[-107.35228992206147,48.04478092997762],[-107.35229628454664,48.04477191412327],[-107.35229603014832,48.04476743334432],[-107.35219900602151,48.04483191775395],[-107.35212118435615,48.04487822142532],[-107.35213474302462,48.04488242792585],[-107.35212180139001,48.04489160855433],[-107.35212143873233,48.044882702214785],[-107.35208250553328,48.04490581854358],[-107.35209601957717,48.044909954047796],[-107.35208312255241,48.04491920568026],[-107.35207588180968,48.04490591230101],[-107.35204357230135,48.044928934867606],[-107.35204403641006,48.04493782545241],[-107.3520444436721,48.04494680280622],[-107.35201280795646,48.04498312576801],[-107.35198856579392,48.04503723872862],[-107.35197064153705,48.04508226484738],[-107.35192949460043,48.04505631328828],[-107.35190776030163,48.04501659078767],[-107.35143540262466,48.04532105160537],[-107.35146946154087,48.04533820657185],[-107.35152304151005,48.04534601617302],[-107.35160214272912,48.04532655804024],[-107.35164143901876,48.04531234812277],[-107.35239224578672,48.044832448633386],[-107.35236527444911,48.04482409095414]],[[-107.35229202775186,48.04482557207573],[-107.35227846906183,48.044821365602566],[-107.35227887638307,48.04483034293391],[-107.35229202775186,48.04482557207573]]]}"
00000000000000000303,10616,0,0,0,"{""type"":""MultiPolygon"",""coordinates"":[[[[-107.3521708006785,48.044796785799676],[-107.35217763414882,48.044801101814514],[-107.35219900602151,48.04483191775395],[-107.35229603014832,48.04476743334432],[-107.35228894226351,48.04475863656288],[-107.3522614622435,48.044741317309445],[-107.35224009034852,48.04471050143782],[-107.35222056971217,48.044719846818694],[-107.35223412835111,48.04472405329319],[-107.35220813692224,48.044737988981204],[-107.35220824521552,48.04474241451792],[-107.35218810749933,48.04473837280635],[-107.35217516592387,48.04474755341528],[-107.35216309577694,48.04477460190137],[-107.35215662498179,48.04477919220752],[-107.3521708006785,48.044796785799676]],[[-107.35222889172077,48.04475541778081],[-107.35224255867163,48.044764049795006],[-107.352248666769,48.044750553168804],[-107.35222889172077,48.04475541778081]],[[-107.3522117378626,48.04481832734631],[-107.3522242721525,48.0448001693912],[-107.35221071348936,48.04479596290982],[-107.3522117378626,48.04481832734631]],[[-107.35224815798384,48.04474159161441],[-107.352248666769,48.044750553168804],[-107.35226197103195,48.044750278863646],[-107.3522614622435,48.044741317309445],[-107.35224815798384,48.04474159161441]],[[-107.35220228320232,48.04475596637996],[-107.3521961750902,48.044769463004975],[-107.35217665441999,48.04477880838829],[-107.35219719945547,48.04479182743052],[-107.35220998812784,48.04477815026661],[-107.3522437928329,48.04479082399412],[-107.3522633135075,48.04478147859488],[-107.35222267532185,48.044764488868296],[-107.35221518015395,48.044746714762155],[-107.35220824521552,48.04474241451792],[-107.35220228320232,48.04475596637996]]],[[[-107.35160485261139,48.045094275493],[-107.35158467028702,48.045090162622586],[-107.35158492459597,48.0450946434333],[-107.35157881623408,48.04510814011261],[-107.35155261478555,48.04511766592505],[-107.35154660788035,48.04513114684564],[-107.35152647017892,48.04512710496467],[-107.35135125933637,48.04522898606212],[-107.35132624665512,48.045265215302535],[-107.35133333432044,48.045274012245834],[-107.35142184398647,48.04531684496991],[-107.35143540262466,48.04532105160537],[-107.35190776030163,48.04501659078767],[-107.3519004181496,48.04500331313216],[-107.35187257566488,48.044977087324945],[-107.35185084147818,48.04493736486869],[-107.35163665375558,48.045062291378386],[-107.35164425011776,48.04508004988088],[-107.35160485261139,48.045094275493]],[[-107.35165868666225,48.04510656579942],[-107.35167769213339,48.04508381750638],[-107.35164425011776,48.04508004988088],[-107.35165868666225,48.04510656579942]],[[-107.35163912116575,48.045115840134045],[-107.35164538235693,48.04510684002376],[-107.35163207805341,48.04510711424622],[-107.35163912116575,48.045115840134045]],[[-107.3516266880213,48.04513398236734],[-107.35163290459494,48.04512491125007],[-107.3516196002867,48.04512518547101],[-107.3516266880213,48.04513398236734]],[[-107.35158590395298,48.04511693700949],[-107.3516054694517,48.045107662685474],[-107.35157881623408,48.04510814011261],[-107.35158590395298,48.04511693700949]]],[[[-107.35217228916859,48.044828040802294],[-107.3521708006785,48.044796785799676],[-107.35214393776735,48.04479285360145],[-107.35211671221187,48.04478001507356],[-107.35209744590694,48.04479384122475],[-107.35213088788365,48.04479760867252],[-107.35211147547679,48.04481137959095],[-107.35209072073194,48.04479395074594],[-107.35207145441522,48.044807776895894],[-107.35205825843319,48.04481247671801],[-107.35205887544535,48.044825863831164],[-107.35203899210111,48.04482630286671],[-107.35203226692445,48.044826412383905],[-107.35203313829234,48.044844280287705],[-107.3520534289105,48.04485281859058],[-107.35206051673669,48.04486161540673],[-107.35204074164497,48.04486647999135],[-107.35204906348349,48.04490205107301],[-107.35204357230135,48.044928934867606],[-107.35207588180968,48.04490591230101],[-107.35208250553328,48.04490581854358],[-107.35212143873233,48.044882702214785],[-107.3521145606347,48.04487831518532],[-107.35212118435615,48.04487822142532],[-107.35219900602151,48.04483191775395],[-107.35217228916859,48.044828040802294]],[[-107.3521468132313,48.04485537938611],[-107.3521002766672,48.04485629601006],[-107.35208795206053,48.04487886375542],[-107.3521468132313,48.04485537938611]],[[-107.35211209250848,48.04482476670298],[-107.3521191803485,48.04483356350974],[-107.35213227486915,48.044828879440566],[-107.35211209250848,48.04482476670298]],[[-107.35209318882936,48.04484749919804],[-107.35210566632539,48.04482942801431],[-107.35208548397335,48.04482531527085],[-107.35209318882936,48.04484749919804]],[[-107.3520678143122,48.04487482200886],[-107.35208065447559,48.04486565715405],[-107.35206051673669,48.04486161540673],[-107.3520678143122,48.04487482200886]],[[-107.35206196050542,48.04489279944822],[-107.35207567206326,48.04490150251331],[-107.3520750550465,48.04488811538105],[-107.35206196050542,48.04489279944822]],[[-107.35207217970846,48.044825589551955],[-107.35208548397335,48.04482531527085],[-107.35208475867364,48.04480750261515],[-107.35207145441522,48.044807776895894],[-107.35207217970846,48.044825589551955]],[[-107.35207464777612,48.04487913803764],[-107.3520750550465,48.04488811538105],[-107.35208835933418,48.04488784109864],[-107.35208795206053,48.04487886375542],[-107.35207464777612,48.04487913803764]]]]}"
000000000000000002e5,10617,0,0,0,"{""type"":""GeometryCollection"",""geometries"":[{""type"":""LineString"",""coordinates"":[[-107.3520389358598,48.04482629336068],[-107.35203228135298,48.04482642966222]]},{""type"":""Polygon"",""coordinates"":[[[-107.35218127403775,48.044734056797196],[-107.35217516592387,48.04474755341528],[-107.35218810749933,48.04473837280635],[-107.35218127403775,48.044734056797196]]]},{""type"":""Polygon"",""coordinates"":[[[-107.35205815015858,48.04480805117473],[-107.35205825843319,48.04481247671801],[-107.35207145441522,48.044807776895894],[-107.35205815015858,48.04480805117473]]]},{""type"":""Polygon"",""coordinates"":[[[-107.35207145441522,48.044807776895894],[-107.35209072073194,48.04479395074594],[-107.35209744590694,48.04479384122475],[-107.35211671221187,48.04478001507356],[-107.35208290760745,48.04476734130128],[-107.35204982832234,48.04477248015766],[-107.35203067028264,48.04479073183512],[-107.35206411222491,48.04479449930684],[-107.35207145441522,48.044807776895894]]]},{""type"":""Polygon"",""coordinates"":[[[-107.35223325688173,48.0447061854348],[-107.35217906018639,48.044684989239066],[-107.35218527657766,48.04467591816838],[-107.35215256001949,48.04468996335449],[-107.3521599022318,48.0447032409097],[-107.35214033697281,48.044712515269175],[-107.35219396122153,48.044720395414444],[-107.35222056971217,48.044719846818694],[-107.35224009034852,48.04471050143782],[-107.35223325688173,48.0447061854348]]]},{""type"":""Polygon"",""coordinates"":[[[-107.35183589613726,48.04490188748104],[-107.35180805378658,48.044875661702484],[-107.35179438696446,48.04486702960466],[-107.35154654804646,48.04498377835731],[-107.35155363573453,48.04499257523646],[-107.35157475272746,48.04501891063757],[-107.35160844896805,48.04502715908995],[-107.35162237008748,48.04504027204694],[-107.35163665375558,48.045062291378386],[-107.35185084147818,48.04493736486869],[-107.35183589613726,48.04490188748104]]]},{""type"":""Polygon"",""coordinates"":[[[-107.35147921531708,48.04511464985621],[-107.35149030670372,48.045065307700774],[-107.35147674814115,48.0450611010917],[-107.3514513731848,48.045088423861934],[-107.3514182937561,48.0450935625355],[-107.35140313918784,48.0450536751594],[-107.35131858484571,48.045095646534904],[-107.35131869302887,48.04510007210564],[-107.35131283886285,48.04511804958569],[-107.35133323076603,48.045126572327696],[-107.35134694212243,48.045135275541014],[-107.3513427853805,48.04518891809691],[-107.35135125933637,48.04522898606212],[-107.35152647017892,48.04512710496467],[-107.35147921531708,48.04511464985621]]]}]}"
000000000000000002fc,10618,0,0,0,"{""type"":""MultiPolygon"",""coordinates"":[[[[-107.35215204444025,48.04467656051421],[-107.35215256001949,48.04468996335449],[-107.35218527657766,48.04467591816838],[-107.35218502219246,48.044671437397014],[-107.35215204444025,48.04467656051421]]],[[[-107.35131858484571,48.045095646534904],[-107.35140313918784,48.0450536751594],[-107.35138870288311,48.04502715922307],[-107.35129608850718,48.04504248142003],[-107.35130317612601,48.045051278329325],[-107.35129732196361,48.045069255791596],[-107.35131103328641,48.04507795900137],[-107.35131858484571,48.045095646534904]],[[-107.35132418472774,48.04507318825159],[-107.35131041655337,48.04506457181187],[-107.35131103328641,48.04507795900137],[-107.35132418472774,48.04507318825159]]],[[[-107.35174651529533,48.044841187562454],[-107.3516793773266,48.044829171585434],[-107.35166545624952,48.04481605868851],[-107.35145033442937,48.04491876198004],[-107.3514975444018,48.04493114605856],[-107.35151161826296,48.044948755571355],[-107.35153946036209,48.04497498147902],[-107.35154654804646,48.04498377835731],[-107.35179438696446,48.04486702960466],[-107.35174651529533,48.044841187562454]]]]}"
000000000000000002ff,10619,0,0,0,"{""type"":""Polygon"",""coordinates"":[[[-107.351648959504,48.04474497181866],[-107.35135935857816,48.04482238105934],[-107.35144371074864,48.044918855692714],[-107.35145033442937,48.04491876198004],[-107.35166545624952,48.04481605868851],[-107.35166509370168,48.044807152357286],[-107.3516641142855,48.044784858915314],[-107.351648959504,48.04474497181866]]]}"
000000000000000002f6,10620,0,0,0,"{""type"":""Polygon"",""coordinates"":[[[-107.35161156237871,48.04465640088679],[-107.35159640770053,48.04461651387706],[-107.35124640986479,48.044829093673805],[-107.35125971401432,48.04482881951024],[-107.35134543766578,48.04480926811345],[-107.35135935857816,48.04482238105934],[-107.351648959504,48.04474497181866],[-107.35161156237871,48.04465640088679]]]}"
000000000000000002f7,10621,0,0,0,"{""type"":""Polygon"",""coordinates"":[[[-107.3515888046862,48.04459431423556],[-107.3515536654885,48.04455488195742],[-107.35149295439626,48.04453820464911],[-107.35147928781109,48.044529572555966],[-107.35143829483883,48.0445081175548],[-107.3512262724234,48.044825051746464],[-107.35124640986479,48.044829093673805],[-107.35159640770053,48.04461651387706],[-107.3515888046862,48.04459431423556]]]}"
000000000000000002fe,10622,0,0,0,"{""type"":""Polygon"",""coordinates"":[[[-107.35139052551189,48.044482259727154],[-107.35135744664427,48.04448739830599],[-107.35134352584598,48.044474285440806],[-107.35132375102982,48.0444791498345],[-107.35128969298115,48.04446199507566],[-107.35126344739322,48.04447144967539],[-107.35124367258584,48.04447631405208],[-107.35116622257873,48.044821832276774],[-107.3512262724234,48.044825051746464],[-107.35143829483883,48.0445081175548],[-107.35139052551189,48.044482259727154]]]}"
000000000000000002fd,10623,0,0,0,"{""type"":""Polygon"",""coordinates"":[[[-107.35115799438414,48.04449593621646],[-107.35100261909056,48.04474031844381],[-107.35101617741469,48.044744525100235],[-107.35112461295512,48.04478698990014],[-107.35115949746587,48.044821941731094],[-107.35116622257873,48.044821832276774],[-107.35124367258584,48.04447631405208],[-107.35115799438414,48.04449593621646]]]}"
000000000000000002fa,10624,0,0,0,"{""type"":""Polygon"",""coordinates"":[[[-107.35115131395223,48.04449611667197],[-107.35113883625439,48.044514187621544],[-107.3511380099371,48.044496390815326],[-107.35111140191222,48.04449693909637],[-107.3510918367349,48.04450621320319],[-107.35109809790245,48.04449721323405],[-107.35107817031489,48.04449758105393],[-107.35084548743909,48.04465421422537],[-107.35091447399,48.04470639206835],[-107.35100261909056,48.04474031844381],[-107.35115799438414,48.04449593621646],[-107.35115131395223,48.04449611667197]]]}"
00000000000000000305,10625,0,0,0,"{""type"":""Polygon"",""coordinates"":[[[-107.35107133710797,48.04449326497903],[-107.35074506229871,48.044495472281255],[-107.35077449874287,48.0445573786293],[-107.35083778346183,48.04463203025747],[-107.35083840003053,48.044645417343595],[-107.35084548743909,48.04465421422537],[-107.35107817031489,48.04449758105393],[-107.35107133710797,48.04449326497903]]]}"
000000000000000002f3,10626,0,0,0,"{""type"":""Polygon"",""coordinates"":[[[-107.35077561776859,48.044289419142565],[-107.35077598010778,48.04429832539439],[-107.35070396873557,48.04432657923853],[-107.35076452586026,48.04433876049741],[-107.35081312040691,48.04438241535831],[-107.35075492121312,48.04441935670935],[-107.35076360398168,48.044463833914705],[-107.3507381276877,48.04449117194297],[-107.35074506229871,48.044495472281255],[-107.35107133710797,48.04449326497903],[-107.35077561776859,48.044289419142565]]]}"
000000000000000002ee,10627,0,0,0,"{""type"":""GeometryCollection"",""geometries"":[{""type"":""LineString"",""coordinates"":[[-107.35116100290446,48.04441549526073],[-107.35116765245215,48.04441535911106]]},{""type"":""Polygon"",""coordinates"":[[[-107.35120863545619,48.04443686595872],[-107.35119533145418,48.04443714010939],[-107.351222664351,48.04445440435259],[-107.35121706454548,48.04447686236264],[-107.35117093596953,48.044486755788746],[-107.35119692730042,48.04447282045135],[-107.35118860640881,48.04443724956324],[-107.35119507718959,48.04443265935278],[-107.35116785250028,48.04441982062167],[-107.35115676100644,48.044469162134256],[-107.3511424778901,48.04444714296671],[-107.35116101928945,48.044415504559666],[-107.35116100290446,48.04441549526073],[-107.35088749612382,48.04426027196109],[-107.35079292619054,48.044231006926545],[-107.35077561776859,48.044289419142565],[-107.35107133710797,48.04449326497903],[-107.35107817031489,48.04449758105393],[-107.35109809790245,48.04449721323405],[-107.35110390740843,48.04447916497728],[-107.3511242988814,48.04448768767067],[-107.35111140191222,48.04449693909637],[-107.3511380099371,48.044496390815326],[-107.3511305600398,48.04447868770283],[-107.35116384848614,48.044477958961075],[-107.35115131395223,48.04449611667197],[-107.35115799438414,48.04449593621646],[-107.35124367258584,48.04447631405208],[-107.35126344739322,48.04447144967539],[-107.35120863545619,48.04443686595872]]]}]}"
000000000000000002f9,10628,0,0,0,"{""type"":""MultiPolygon"",""coordinates"":[[[[-107.35124233096451,48.04444511446671],[-107.35120863545619,48.04443686595872],[-107.35126344739322,48.04447144967539],[-107.35128969298115,48.04446199507566],[-107.35124233096451,48.04444511446671]]],[[[-107.35088749612382,48.04426027196109],[-107.35116759823896,48.044415339866376],[-107.35116785250028,48.04441982062167],[-107.35119507718959,48.04443265935278],[-107.35120776448137,48.04441899817647],[-107.35122008931943,48.04439643073662],[-107.35121223232579,48.04436975040014],[-107.35121849344635,48.04436075044779],[-107.35135615376826,48.04431325762084],[-107.35088749612382,48.04426027196109]],[[-107.3511795606584,48.04438386616893],[-107.35118675630494,48.044397088491614],[-107.35119969785055,48.044387908078356],[-107.3511795606584,48.04438386616893]],[[-107.3511737065824,48.044401843392315],[-107.35116749006758,48.044410914353044],[-107.3511873730063,48.04441047551206],[-107.3511737065824,48.044401843392315]]]]}"
000000000000000002f8,10629,0,0,0,"{""type"":""MultiPolygon"",""coordinates"":[[[[-107.35155956419327,48.044246510192096],[-107.35155334777545,48.044255581148484],[-107.3515731224906,48.044250716730744],[-107.35155956419327,48.044246510192096]]],[[[-107.35150634827028,48.04424760697241],[-107.35150536893117,48.04422531376509],[-107.35151867290112,48.0442250395733],[-107.3514233322734,48.04417789175092],[-107.35079267197435,48.04422652618526],[-107.35079292619054,48.044231006926545],[-107.35088749612382,48.04426027196109],[-107.35135615376826,48.04431325762084],[-107.35138239924423,48.044303803027134],[-107.35141568762258,48.044303074202055],[-107.35153336337429,48.044256035826535],[-107.35150634827028,48.04424760697241]]]]}"
000000000000000002f1,10630,0,0,0,"{""type"":""Polygon"",""coordinates"":[[[-107.35137509940971,48.04414314360976],[-107.35132039594504,48.04411298565375],[-107.35130025885822,48.04410894378823],[-107.3509406539264,48.044111809445965],[-107.35093603303585,48.04415656047776],[-107.35089714504234,48.044179746993265],[-107.35088430501126,48.044188911566124],[-107.35086489275413,48.04420268206818],[-107.35079267197435,48.04422652618526],[-107.3514233322734,48.04417789175092],[-107.35137509940971,48.04414314360976]]]}"
000000000000000002f0,10631,0,0,0,"{""type"":""Polygon"",""coordinates"":[[[-107.35103397694034,48.04396700569982],[-107.35100844983579,48.04398983128429],[-107.35093499622404,48.043986901560295],[-107.35091445233456,48.04397388241853],[-107.35090068469827,48.043965266087184],[-107.35088697391716,48.04395656298989],[-107.35087428672811,48.043970224000475],[-107.35094429579706,48.044044765307895],[-107.3509406539264,48.044111809445965],[-107.35130025885822,48.04410894378823],[-107.35103397694034,48.04396700569982]]]}"
000000000000000002ed,10632,0,0,0,"{""type"":""GeometryCollection"",""geometries"":[{""type"":""LineString"",""coordinates"":[[-107.35104066045868,48.043966849935224],[-107.35103400605779,48.043966986177146]]},{""type"":""Polygon"",""coordinates"":[[[-107.35122531489213,48.04392730738561],[-107.35113942835146,48.04394251958313],[-107.35109998080138,48.04395223240624],[-107.3510406572689,48.043966825256945],[-107.35130025885822,48.04410894378823],[-107.35132039594504,48.04411298565375],[-107.35122531489213,48.04392730738561]]]}]}"
000000000000000002eb,10633,0,0,0,"{""type"":""Polygon"",""coordinates"":[[[-107.35133651199837,48.043880418552334],[-107.35125839322374,48.04392216892096],[-107.35122531489213,48.04392730738561],[-107.35132039594504,48.04411298565375],[-107.35137509940971,48.04414314360976],[-107.35137616918163,48.043875115350474],[-107.35133651199837,48.043880418552334]]]}"
000000000000000002ef,10634,0,0,0,"{""type"":""Polygon"",""coordinates"":[[[-107.35145599216638,48.04387347031189],[-107.35137616918163,48.043875115350474],[-107.35137509940971,48.04414314360976],[-107.3514233322734,48.04417789175092],[-107.35151867290112,48.0442250395733],[-107.35155149725962,48.044215420233705],[-107.35155837513327,48.04421980725372],[-107.3515721431109,48.04422842352381],[-107.35155956419327,48.044246510192096],[-107.3515731224906,48.044250716730744],[-107.35166552533539,48.04423098481097],[-107.35166527101175,48.04422650407474],[-107.3515643784214,48.044058873931725],[-107.35145599216638,48.04387347031189]],[[-107.35163779184042,48.04420918479694],[-107.35161765459684,48.04420514299468],[-107.35162535904357,48.044227326707116],[-107.35163779184042,48.04420918479694]],[[-107.35159592110983,48.04416542104844],[-107.35156233385794,48.04416159819811],[-107.35156967572661,48.04417487567328],[-107.35159592110983,48.04416542104844]],[[-107.35153685140295,48.044184495010775],[-107.35152329313856,48.04418028847148],[-107.35153038068587,48.04418908522094],[-107.35153685140295,48.044184495010775]],[[-107.35149344829892,48.044109405613916],[-107.3514736736679,48.044114269999945],[-107.35148713042794,48.04411849230438],[-107.35149344829892,48.044109405613916]],[[-107.35155149725962,48.044215420233705],[-107.35157810520725,48.04421487183539],[-107.35157650897469,48.044179191685366],[-107.35154990105306,48.0441797400822],[-107.35155149725962,48.044215420233705]],[[-107.3515643784214,48.044058873931725],[-107.35154321729101,48.044032467995734],[-107.35147161355209,48.044069699469325],[-107.35145867215286,48.044078879859796],[-107.35144583221677,48.04408804448781],[-107.35144125653481,48.04413286651206],[-107.35147284717677,48.04409647333694],[-107.3514857885811,48.044087292941356],[-107.35149344829892,48.044109405613916],[-107.3514998175351,48.044104831176064],[-107.3515127589398,48.04409565077535],[-107.35152570033978,48.04408647037462],[-107.35151835850458,48.044073192917644],[-107.3515643784214,48.044058873931725]]]}"
000000000000000002e2,10635,0,0,0,"{""type"":""Polygon"",""coordinates"":[[[-107.35174611496839,48.044099770225976],[-107.3515955012715,48.04386613824506],[-107.35152923633655,48.04387198992032],[-107.35148249162796,48.043868496484535],[-107.35145599216638,48.04387347031189],[-107.35166527101175,48.04422650407474],[-107.35172932337585,48.044171585145875],[-107.3517552061835,48.04415322425897],[-107.35175469751329,48.044144262801254],[-107.35174611496839,48.044099770225976]],[[-107.35171365326373,48.044118295820645],[-107.35169341457485,48.044114269803465],[-107.35170050216485,48.044123066528165],[-107.35171365326373,48.044118295820645]],[[-107.35170111905998,48.04413645347034],[-107.35166767787408,48.04413268590012],[-107.3516748736938,48.04414590811831],[-107.35170111905998,48.04413645347034]],[[-107.351679493732,48.044101157081656],[-107.3516660369273,48.04409693480677],[-107.35167302303772,48.04410574729356],[-107.351679493732,48.044101157081656]],[[-107.35165658710514,48.04418202718157],[-107.35164302880993,48.04417782066019],[-107.3516501163946,48.044186617399426],[-107.35165658710514,48.04418202718157]]]}"
000000000000000002ec,10636,0,0,0,"{""type"":""MultiPolygon"",""coordinates"":[[[[-107.35172159842645,48.04385465472553],[-107.3515955012715,48.04386613824506],[-107.35174611496839,48.044099770225976],[-107.35175088778036,48.044059515711474],[-107.35176114744972,48.04384492590182],[-107.35172159842645,48.04385465472553]]],[[[-107.35176381066616,48.04361257897208],[-107.35174305677502,48.04359515042913],[-107.35165640098002,48.04359247972904],[-107.35166323414484,48.04359679568905],[-107.35170350802696,48.04360487919196],[-107.35175174072845,48.043639626814766],[-107.3517786026612,48.04364355906115],[-107.35177711445324,48.04361230475228],[-107.35176381066616,48.04361257897208]]],[[[-107.35177890390179,48.04350510090484],[-107.35176560015282,48.04350537512337],[-107.3517299015326,48.04345247017882],[-107.35160348781157,48.04345511848741],[-107.35168377412545,48.04346236362852],[-107.35171274775333,48.04351537808759],[-107.35172692275034,48.04353297133851],[-107.35172774938039,48.04355076780426],[-107.35174916478411,48.04358165413829],[-107.35178281523926,48.04358983133006],[-107.35178558419923,48.04350492041242],[-107.35177890390179,48.04350510090484]]]]}"
000000000000000002e3,10637,0,0,0,"{""type"":""MultiPolygon"",""coordinates"":[[[[-107.35174611496839,48.044099770225976],[-107.35175469751329,48.044144262801254],[-107.35177164191342,48.04407694440116],[-107.35175088778036,48.044059515711474],[-107.35174611496839,48.044099770225976]]],[[[-107.35175088778036,48.044059515711474],[-107.35177651616165,48.04403667414096],[-107.35178982010237,48.04403639991327],[-107.35182849804654,48.044008803393666],[-107.35184180198463,48.04400852915896],[-107.351848482377,48.044008348658004],[-107.35190908669084,48.04387758925351],[-107.35188247889121,48.04387813773642],[-107.35184816654564,48.04385650266827],[-107.35182119617832,48.04384814496705],[-107.35179397148937,48.043835306557106],[-107.35176114744972,48.04384492590182],[-107.35175088778036,48.044059515711474]]],[[[-107.35195155220369,48.04363999402303],[-107.35192833020804,48.0435690183082],[-107.35189329284015,48.04352957115473],[-107.35185996036438,48.043530229119284],[-107.35181866227936,48.04349978180224],[-107.35178558419923,48.04350492041242],[-107.35178281523926,48.04358983133006],[-107.35180957568248,48.04359377932722],[-107.35182338816242,48.04360246646365],[-107.35177711445324,48.04361230475228],[-107.3517786026612,48.04364355906115],[-107.35179873966105,48.04364760079245],[-107.35187383455565,48.043686280611965],[-107.35186813379802,48.04370875408027],[-107.35189012177891,48.04375295630874],[-107.35195772217088,48.04377386232155],[-107.35198186189173,48.043719766462],[-107.35195489155001,48.04371140881956],[-107.35199393172529,48.043692718551576],[-107.35200019258097,48.043683718671254],[-107.35195155220369,48.04363999402303]]]]}"
000000000000000002f2,10638,0,0,0,"{""type"":""MultiPolygon"",""coordinates"":[[[[-107.35200019258097,48.043683718671254],[-107.35199393172529,48.043692718551576],[-107.35200712729468,48.04368801884929],[-107.35200019258097,48.043683718671254]]],[[[-107.3520891642157,48.0437354399134],[-107.35198186189173,48.043719766462],[-107.35195772217088,48.04377386232155],[-107.35202547559145,48.04379926475194],[-107.35202002926091,48.043826218975795],[-107.3520203919096,48.043835125136255],[-107.35202085602585,48.043844015535264],[-107.35202126329732,48.0438529927014],[-107.35200169850253,48.04386226687019],[-107.35198258558637,48.04388058921076],[-107.35190908669084,48.04387758925351],[-107.351848482377,48.044008348658004],[-107.35188294773721,48.04403448026649],[-107.35189625169217,48.044034206023674],[-107.35191001973573,48.04404282221301],[-107.35196364284805,48.0440507024152],[-107.35211078985411,48.04377073595523],[-107.3520891642157,48.0437354399134]],[[-107.35201566405111,48.043875450485956],[-107.35202260561248,48.04388419190543],[-107.35203554688162,48.043875011476246],[-107.35201566405111,48.043875450485956]]]]}"
000000000000000002dc,10639,0,0,0,"{""type"":""Polygon"",""coordinates"":[[[-107.35211762313685,48.04377505189454],[-107.35211078985411,48.04377073595523],[-107.35196364284805,48.0440507024152],[-107.35204433810118,48.044066924497386],[-107.35209129315665,48.0440748273748],[-107.35217094614612,48.043921390803625],[-107.35215764219275,48.04392166508394],[-107.35216298698526,48.043894726568055],[-107.35218948657709,48.04388975253989],[-107.3522016646562,48.04386712997946],[-107.3521948313415,48.043862814039365],[-107.35216807055193,48.04385886613829],[-107.35217392410067,48.043840889053975],[-107.3521990880192,48.04380915708077],[-107.35211762313685,48.04377505189454]]]}"
000000000000000002f5,10640,0,0,0,"{""type"":""MultiPolygon"",""coordinates"":[[[[-107.3522016646562,48.04386712997946],[-107.35218948657709,48.04388975253989],[-107.3522158400784,48.04388472326545],[-107.3522016646562,48.04386712997946]]],[[[-107.35227188702359,48.043946079786735],[-107.35223161240108,48.04393799648878],[-107.35219123634602,48.04392992893744],[-107.35217094614612,48.043921390803625],[-107.35209129315665,48.0440748273748],[-107.35211830844818,48.04408325603146],[-107.35225145005329,48.04408049741277],[-107.35228544540335,48.04395028619838],[-107.35227188702359,48.043946079786735]]]]}"
000000000000000002fb,10641,0,0,0,"{""type"":""Polygon"",""coordinates"":[[[-107.35235258246678,48.04396230157215],[-107.35231230777326,48.043954218307405],[-107.35228544540335,48.04395028619838],[-107.35225145005329,48.04408049741277],[-107.35226475407677,48.044080223116815],[-107.35234534832655,48.04409646070622],[-107.35238526045922,48.04409563777191],[-107.35241848530003,48.04394754312405],[-107.35235258246678,48.04396230157215]]]}"
000000000000000002e4,10642,0,0,0,"{""type"":""GeometryCollection"",""geometries"":[{""type"":""LineString"",""coordinates"":[[-107.35248161484031,48.04387034236522],[-107.35248847251856,48.04387466830395]]},{""type"":""Polygon"",""coordinates"":[[[-107.35248849146268,48.043874631136724],[-107.35250302983334,48.04390113054508],[-107.35250256560019,48.04389224014168],[-107.35248849146268,48.043874631136724]]]},{""type"":""Polygon"",""coordinates"":[[[-107.35250318279382,48.04390562701209],[-107.35247806359934,48.04393743012358],[-107.35241848530003,48.04394754312405],[-107.35238526045922,48.04409563777191],[-107.35239198552915,48.04409552823419],[-107.35243857812964,48.04409452473616],[-107.35245188218455,48.04409425041336],[-107.35247849029972,48.04409370176209],[-107.35250509842201,48.04409315310327],[-107.352558722088,48.04410103296602],[-107.35250318279382,48.04390562701209]]]}]}"
000000000000000002dd,10643,0,0,0,"{""type"":""Polygon"",""coordinates"":[[[-107.35250256560019,48.04389224014168],[-107.35250302983334,48.04390113054508],[-107.35250318279382,48.04390562701209],[-107.352558722088,48.04410103296602],[-107.35256540254704,48.044100852413095],[-107.3526377763452,48.04408150349785],[-107.35269016558442,48.04406260945668],[-107.35272345420728,48.04406188017453],[-107.35284570490748,48.04411302949498],[-107.35287231314732,48.044112480731016],[-107.35250256560019,48.04389224014168]]]}"
0000000000000000028c,10644,0,0,0,"{""type"":""Polygon"",""coordinates"":[[[-107.35313843085791,48.043959611476744],[-107.35310622397283,48.04398261819196],[-107.35303483051554,48.04402426049559],[-107.35300087981754,48.04401153199181],[-107.35294766341693,48.04401262957963],[-107.3529272713604,48.04400410736632],[-107.35289470152097,48.04401820784809],[-107.35279361324453,48.043993464281506],[-107.35283094782909,48.0439346681646],[-107.35284363456417,48.04392100691581],[-107.35248849146268,48.043874631136724],[-107.35250256560019,48.04389224014168],[-107.35287231314732,48.044112480731016],[-107.35291222552044,48.04411165757087],[-107.35296544204286,48.04411055999757],[-107.35298542666793,48.044110105016486],[-107.35299836792309,48.04410092441805],[-107.35302497619737,48.04410037561095],[-107.35309087950903,48.044085616649426],[-107.35311018989117,48.04407186150182],[-107.35314933185578,48.04405315486216],[-107.35317511281654,48.04403480940717],[-107.35320095060148,48.04401637718561],[-107.35322673152434,48.043998031730595],[-107.35325903986147,48.04397500920418],[-107.35313843085791,48.043959611476744]]]}"
000000000000000002e1,10645,0,0,0,"{""type"":""MultiPolygon"",""coordinates"":[[[[-107.35317052929703,48.04393217929718],[-107.35313843085791,48.043959611476744],[-107.35325903986147,48.04397500920418],[-107.3532655104505,48.04397041889933],[-107.35326525592838,48.04396593819468],[-107.35317052929703,48.04393217929718]]],[[[-107.35236967198102,48.04375202810324],[-107.35243927747236,48.04381759075407],[-107.35248155662354,48.04387033098138],[-107.35248849146268,48.043874631136724],[-107.35284363456417,48.04392100691581],[-107.35284338009372,48.04391652621297],[-107.35286155723723,48.04387598167256],[-107.3528733721382,48.043844452885786],[-107.35236967198102,48.04375202810324]]]]}"
000000000000000002bd,10646,0,0,0,"{""type"":""Polygon"",""coordinates"":[[[-107.35267272244164,48.04367883967813],[-107.35264575176548,48.04367048224514],[-107.3525258703629,48.043672896037386],[-107.35236745780227,48.04370296147802],[-107.3523607328051,48.04370307101135],[-107.35236967198102,48.04375202810324],[-107.3528733721382,48.043844452885786],[-107.35287968971542,48.04383536615896],[-107.35289175906401,48.043808318088075],[-107.35267272244164,48.04367883967813]]]}"
0000000000000000028e,10647,0,0,0,"{""type"":""Polygon"",""coordinates"":[[[-107.35296504663377,48.04366389741397],[-107.35267272244164,48.04367883967813],[-107.35289175906401,48.043808318088075],[-107.3528915492119,48.04380390839728],[-107.35290459874813,48.04379915332171],[-107.35291106932246,48.04379456305658],[-107.35302443641527,48.04379666802527],[-107.35307744267539,48.04379116071736],[-107.35313153076454,48.04380793059416],[-107.35315326609266,48.0438476518742],[-107.35315450095851,48.04387442557511],[-107.35318332437264,48.04392294346923],[-107.35317052929703,48.04393217929718],[-107.35326525592838,48.04396593819468],[-107.35327732510096,48.04393889001225],[-107.35327387476451,48.04386304955847],[-107.35335020784682,48.043928502022986],[-107.35338154256605,48.04388762769863],[-107.35336700343191,48.04386112844977],[-107.35332672816914,48.04385304564139],[-107.3533125520568,48.04383545254787],[-107.35327932027195,48.043836095265306],[-107.35317467322331,48.043731086470956],[-107.3530600267024,48.04370213705138],[-107.35300608493029,48.04368542240036],[-107.35295970242382,48.04369083584103],[-107.35296504663377,48.04366389741397]],[[-107.35335457137093,48.043879270444975],[-107.35332112962853,48.04387550348431],[-107.3533357771635,48.04390642820945],[-107.35335457137093,48.043879270444975]],[[-107.35294676131758,48.043700016358564],[-107.35293371181665,48.04370477142999],[-107.35294737867788,48.043713403172745],[-107.35294676131758,48.043700016358564]],[[-107.35294676131758,48.043700016358564],[-107.35296006530302,48.04369974196906],[-107.35295970242382,48.04369083584103],[-107.3529463984416,48.04369111023036],[-107.35294676131758,48.043700016358564]]]}"
000000000000000002b6,10648,0,0,0,"{""type"":""GeometryCollection"",""geometries"":[{""type"":""LineString"",""coordinates"":[[-107.35345603326505,48.043475195659546],[-107.35346974867427,48.043483847419765],[-107.35346995205302,48.04348830968119]]},{""type"":""Polygon"",""coordinates"":[[[-107.3534350198894,48.043453327091434],[-107.35341483782106,48.04344921472881],[-107.35345598481469,48.04347516485226],[-107.3534350198894,48.043453327091434]]]},{""type"":""Polygon"",""coordinates"":[[[-107.35295737680316,48.04349433416672],[-107.35264575176548,48.04367048224514],[-107.35267272244164,48.04367883967813],[-107.35296504663377,48.04366389741397],[-107.35296955667384,48.04361472132946],[-107.35296036217707,48.04356128377136],[-107.3529799836194,48.0435519226995],[-107.35297253283609,48.043534220072004],[-107.35297874886831,48.043525149158334],[-107.35295737680316,48.04349433416672]]]}]}"
000000000000000002b9,10649,0,0,0,"{""type"":""Polygon"",""coordinates"":[[[-107.3529347700534,48.043436745690265],[-107.35292731931277,48.043419043097124],[-107.35293214759052,48.04337870231679],[-107.35291129153403,48.04336128988617],[-107.3528845308093,48.043357342221306],[-107.3525258703629,48.043672896037386],[-107.35264575176548,48.04367048224514],[-107.35295737680316,48.04349433416672],[-107.3529347700534,48.043436745690265]]]}"
000000000000000002ba,10650,0,0,0,"{""type"":""Polygon"",""coordinates"":[[[-107.35287785046174,48.04335752279109],[-107.3528040904075,48.04334560171042],[-107.3527439402739,48.043342399053905],[-107.35269781275308,48.04335229297375],[-107.3526910877955,48.04335240252852],[-107.35236745780227,48.04370296147802],[-107.3525258703629,48.043672896037386],[-107.3528845308093,48.043357342221306],[-107.35287785046174,48.04335752279109]]]}"
000000000000000002db,10651,0,0,0,"{""type"":""Polygon"",""coordinates"":[[[-107.35264470582615,48.04335781576869],[-107.35231792636662,48.04349407632406],[-107.35231207294972,48.04351205329474],[-107.35232014049475,48.04354314275597],[-107.35232075762869,48.04355652953982],[-107.35232137476257,48.04356991632708],[-107.35235019662824,48.04361843422889],[-107.3523607328051,48.04370307101135],[-107.35236745780227,48.04370296147802],[-107.3526910877955,48.04335240252852],[-107.35264470582615,48.04335781576869]]]}"
000000000000000002d7,10652,0,0,0,"{""type"":""Polygon"",""coordinates"":[[[-107.35229752824084,48.04333810351797],[-107.3523267572722,48.04339559830125],[-107.35231792636662,48.04349407632406],[-107.35264470582615,48.04335781576869],[-107.35229752824084,48.04333810351797]]]}"
000000000000000002b5,10653,0,0,0,"{""type"":""GeometryCollection"",""geometries"":[{""type"":""LineString"",""coordinates"":[[-107.35269113712883,48.04335241040351],[-107.35269779144264,48.04335227406692]]},{""type"":""Polygon"",""coordinates"":[[[-107.35235802162407,48.04320292016351],[-107.35235874710426,48.0432207322667],[-107.3523593642589,48.043234118967355],[-107.3523192432757,48.04323053220818],[-107.35222088092631,48.0432638157945],[-107.35225453138229,48.043271992770975],[-107.35228118347591,48.043271515201205],[-107.352297064051,48.04332921320807],[-107.35229752824084,48.04333810351797],[-107.35264470582615,48.04335781576869],[-107.3526910877955,48.04335240252852],[-107.35235802162407,48.04320292016351]]]}]}"
000000000000000002b4,10654,0,0,0,"{""type"":""Polygon"",""coordinates"":[[[-107.35250800155146,48.043132859822045],[-107.35246968756145,48.04316936216657],[-107.35244955059115,48.04316532061241],[-107.35242305148249,48.0431702946314],[-107.35239546412456,48.04314855051537],[-107.35237568993522,48.043153414987025],[-107.35234224930163,48.04314964770889],[-107.35234297477574,48.04316745979424],[-107.35238339474546,48.0431755981837],[-107.35239731563308,48.043188710570355],[-107.35237045377254,48.04318477852971],[-107.3523574044693,48.04318953347084],[-107.35235802162407,48.04320292016351],[-107.35269781275308,48.04335229297375],[-107.3527439402739,48.043342399053905],[-107.35250800155146,48.043132859822045]]]}"
000000000000000002b3,10655,0,0,0,"{""type"":""MultiPolygon"",""coordinates"":[[[[-107.35263718229183,48.04304530018913],[-107.35263096629222,48.043054370996686],[-107.35256604502936,48.04309142198672],[-107.35250800155146,48.043132859822045],[-107.3527439402739,48.043342399053905],[-107.3528040904075,48.04334560171042],[-107.35263718229183,48.04304530018913]]],[[[-107.35247736453788,48.0427537964664],[-107.3524362194212,48.04272784623267],[-107.35241706264289,48.04274609724264],[-107.35236461850315,48.042765077374106],[-107.35236508271626,48.0427739675873],[-107.35236610725306,48.04279633115437],[-107.35236795875083,48.04283649094002],[-107.35240114469673,48.042835777580635],[-107.35242117313987,48.04283539374981],[-107.35244778034509,48.04283484514336],[-107.35247475033131,48.04284320251619],[-107.35250182180276,48.04285154411914],[-107.35255930008427,48.042944239906824],[-107.35258637167134,48.042952581499044],[-107.35247736453788,48.0427537964664]]]]}"
000000000000000002ae,10656,0,0,0,"{""type"":""Polygon"",""coordinates"":[[[-107.35287039976487,48.04333982021919],[-107.35284292027515,48.04332250158831],[-107.35282216577663,48.04330507339101],[-107.35278733717482,48.04327003643641],[-107.35278646539703,48.04325216908708],[-107.352826166962,48.043246936356475],[-107.35285302905154,48.043250868268245],[-107.35277811343303,48.04292185794596],[-107.35277785896515,48.04291737732838],[-107.35256627837849,48.0428056031353],[-107.35255990943602,48.04281017752305],[-107.35255235753445,48.04279249086804],[-107.35247736453788,48.0427537964664],[-107.35258637167134,48.042952581499044],[-107.35259982831852,48.042956803556436],[-107.35261359626033,48.04296541947],[-107.3526272627448,48.04297405114608],[-107.35264143813882,48.042991644069765],[-107.35267626631318,48.043026680901924],[-107.35264344291213,48.04303630038404],[-107.35263718229183,48.04304530018913],[-107.3528040904075,48.04334560171042],[-107.35287785046174,48.04335752279109],[-107.35287708010871,48.043339639650085],[-107.35287039976487,48.04333982021919]]]}"
000000000000000002b8,10657,0,0,0,"{""type"":""GeometryCollection"",""geometries"":[{""type"":""LineString"",""coordinates"":[[-107.3528978520511,48.04335711593181],[-107.35291133944776,48.04336129788253]]},{""type"":""Polygon"",""coordinates"":[[[-107.35288033208207,48.04297339010661],[-107.35277811343303,48.04292185794596],[-107.35285302905154,48.043250868268245],[-107.3530139096934,48.04327434910462],[-107.3530405173803,48.043273800316776],[-107.35288033208207,48.04297339010661]]]},{""type"":""Polygon"",""coordinates"":[[[-107.35287708010871,48.043339639650085],[-107.35287785046174,48.04335752279109],[-107.3528845308093,48.043357342221306],[-107.35289787928774,48.0433571388471],[-107.3528978520511,48.04335711593181],[-107.35287708010871,48.043339639650085]]]}]}"
000000000000000002b7,10658,0,0,0,"{""type"":""Polygon"",""coordinates"":[[[-107.35343377364963,48.04327910336721],[-107.35300315256254,48.04303785387873],[-107.35294346712334,48.043043541609926],[-107.35293622629986,48.0430302487739],[-107.35295538309528,48.04301199756068],[-107.3528938456558,48.042977525357635],[-107.35288033208207,48.04297339010661],[-107.3530405173803,48.043273800316776],[-107.35306050157112,48.043273345338335],[-107.3530938342422,48.04327268695451],[-107.35317966344458,48.043257559978045],[-107.35324973457887,48.04333201168879],[-107.35341483782106,48.04344921472881],[-107.3534350198894,48.043453327091434],[-107.3534438479305,48.043354849115076],[-107.35343377364963,48.04327910336721]]]}"
000000000000000002ab,10659,0,0,0,"{""type"":""Polygon"",""coordinates"":[[[-107.3528938456558,48.042977525357635],[-107.35295538309528,48.04301199756068],[-107.35296806945327,48.04299833654573],[-107.35301506848954,48.04300630982664],[-107.35302292674558,48.043032989288506],[-107.35300315256254,48.04303785387873],[-107.35343377364963,48.04327910336721],[-107.35345521973463,48.04301960185151],[-107.3528938456558,48.042977525357635]]]}"
000000000000000002b2,10660,0,0,0,"{""type"":""Polygon"",""coordinates"":[[[-107.35342962600092,48.04289506523186],[-107.35283779859034,48.04291617033812],[-107.35281864181658,48.04293442149389],[-107.35281155407134,48.04292562505551],[-107.35281119121677,48.04291671905798],[-107.35277785896515,48.04291737732838],[-107.35277811343303,48.04292185794596],[-107.35288033208207,48.04297339010661],[-107.3528938456558,48.042977525357635],[-107.35345521973463,48.04301960185151],[-107.35349033667046,48.04291174080077],[-107.35342962600092,48.04289506523186]]]}"
000000000000000002b1,10661,0,0,0,"{""type"":""MultiPolygon"",""coordinates"":[[[[-107.3525243629083,48.042761769967605],[-107.35250335448313,48.042739861271116],[-107.35245563061322,48.04271407582728],[-107.3524362194212,48.04272784623267],[-107.35247736453788,48.0427537964664],[-107.35255235753445,48.04279249086804],[-107.3525243629083,48.042761769967605]]],[[[-107.35339546608907,48.04287792751453],[-107.35290446081157,48.042771846018205],[-107.35289799042752,48.04277643618839],[-107.35289762754972,48.042767530217155],[-107.35263530191003,48.04271040016302],[-107.35261629818062,48.0427331475706],[-107.35260335739639,48.04274232786567],[-107.35260505617589,48.04277799122877],[-107.3525921153738,48.04278717153064],[-107.35256627837849,48.0428056031353],[-107.35277785896515,48.04291737732838],[-107.35281119121677,48.04291671905798],[-107.35281591802756,48.042876394434025],[-107.3528629168002,48.042884367777674],[-107.35283779859034,48.04291617033812],[-107.35342962600092,48.04289506523186],[-107.35339546608907,48.04287792751453]],[[-107.35286434002504,48.042768259513885],[-107.35286454988061,48.042772669117426],[-107.35282540930929,48.042791375147935],[-107.35283954014385,48.042808896978464],[-107.35288468678137,48.04277671055584],[-107.35286434002504,48.042768259513885]]]]}"
000000000000000002a1,10662,0,0,0,"{""type"":""Polygon"",""coordinates"":[[[-107.35264468368638,48.0424779488568],[-107.35261880230925,48.042496309360125],[-107.35259943588683,48.04251015073812],[-107.35250416155111,48.04261036676415],[-107.35255773849072,48.04261817545697],[-107.3526180403051,48.04262587457545],[-107.35267125453385,48.04262477725487],[-107.35271701829085,48.04260597756335],[-107.35273021347642,48.042601277868805],[-107.35268081131923,48.04268711985672],[-107.35265456697378,48.04269657448537],[-107.35263530191003,48.04271040016302],[-107.35289094730734,48.042767710783146],[-107.35289762754972,48.042767530217155],[-107.35290446081157,48.042771846018205],[-107.35291108421426,48.04277175221548],[-107.35339546608907,48.04287792751453],[-107.35314160301692,48.042713416048514],[-107.3531221919302,48.04272718659],[-107.35307046665453,48.0427595379053],[-107.35305131003345,48.0427777890491],[-107.35303168902126,48.04278714998624],[-107.3529647631767,48.04277954492714],[-107.3529348591206,48.042708751239225],[-107.35301329307678,48.04267583550288],[-107.35304560023788,48.04265281365965],[-107.35299751984738,48.04262256371542],[-107.35299741143967,48.04261813836168],[-107.35285332919864,48.04252728595356],[-107.35284685885757,48.042531876097776],[-107.35282733943926,48.04254122118246],[-107.35279549664637,48.042573133076104],[-107.35275456119226,48.04255159265857],[-107.35277910647213,48.04250647483666],[-107.35278495948626,48.042488498192945],[-107.35281886407024,48.042501155440384],[-107.35274340681987,48.04245357130516],[-107.35270226170576,48.04242762133438],[-107.35267627200709,48.042441556494246],[-107.35266394861956,48.04246412324194],[-107.35264468368638,48.0424779488568]],[[-107.35297091263891,48.04262311247235],[-107.35295103028159,48.042623551653584],[-107.35295807339676,48.04263227703053],[-107.35297091263891,48.04262311247235]],[[-107.35266394861956,48.04246412324194],[-107.35267129069881,48.042477400196944],[-107.35268412991309,48.04246823570501],[-107.35266394861956,48.04246412324194]],[[-107.35271828886984,48.04248537356602],[-107.35267812386736,48.04248171599257],[-107.35264643404537,48.04251812414775],[-107.35267365837112,48.042530962001784],[-107.35271828886984,48.04248537356602]]]}"
000000000000000002ad,10663,0,0,0,"{""type"":""GeometryCollection"",""geometries"":[{""type"":""LineString"",""coordinates"":[[-107.3532314810481,48.04264010882885],[-107.35323127769601,48.04263564656596]]},{""type"":""Polygon"",""coordinates"":[[[-107.35323153280699,48.04264013710172],[-107.35314160301692,48.042713416048514],[-107.35339546608907,48.04287792751453],[-107.35342962600092,48.04289506523186],[-107.35349033667046,48.04291174080077],[-107.35349655249304,48.04290266996668],[-107.35352217943436,48.042879828470596],[-107.35323153280699,48.04264013710172]]]},{""type"":""Polygon"",""coordinates"":[[[-107.35281886407024,48.042501155440384],[-107.35281911854548,48.04250563602205],[-107.35285939204273,48.04251371888056],[-107.35285332919864,48.04252728595356],[-107.35299741143967,48.04261813836168],[-107.35301009763921,48.04260447744795],[-107.35302376415223,48.04261310900727],[-107.35299751984738,48.04262256371542],[-107.35304560023788,48.04265281365965],[-107.35306490982974,48.04263905891765],[-107.35308432087595,48.04262528841197],[-107.35309577218352,48.04258485442962],[-107.35305483640626,48.0425633141437],[-107.35302477924418,48.04248802443514],[-107.35294993896892,48.04245382697587],[-107.35294099910863,48.042404871169346],[-107.35286477140608,48.04233940442084],[-107.35270226170576,48.04242762133438],[-107.35274340681987,48.04245357130516],[-107.35281886407024,48.042501155440384]],[[-107.3530362973073,48.0425949517395],[-107.35305037136847,48.042612560235575],[-107.35306305755397,48.04259889931665],[-107.3530362973073,48.0425949517395]],[[-107.35280247386834,48.04243449729727],[-107.35281516004227,48.0424208364579],[-107.35283493387249,48.04241597197276],[-107.35284725716102,48.04239340522634],[-107.3528070921863,48.042389747712654],[-107.35280755651183,48.04239863785713],[-107.35277452381965,48.04240384768144],[-107.35274925983795,48.04243559468169],[-107.35272886869842,48.04242707265957],[-107.35274340681987,48.04245357130516],[-107.35280247386834,48.04243449729727]]]}]}"
000000000000000002a8,10664,0,0,0,"{""type"":""MultiPolygon"",""coordinates"":[[[[-107.35291802998745,48.0423383779763],[-107.35286477140608,48.04233940442084],[-107.35294099910863,48.042404871169346],[-107.35293878406083,48.04235580584185],[-107.35291802998745,48.0423383779763]]],[[[-107.35314167859919,48.04242310304221],[-107.35312801210604,48.042414471530535],[-107.35308743940196,48.04240183723034],[-107.35309042512813,48.04246878542502],[-107.3530910425661,48.042482171921506],[-107.35311913911511,48.04251287671706],[-107.35314759865844,48.04255248745163],[-107.35321426975011,48.04255561177184],[-107.35322880833651,48.04258211039705],[-107.3532312782817,48.0426356565109],[-107.35352217943436,48.042879828470596],[-107.35361915264555,48.04281527428486],[-107.35314167859919,48.04242310304221]],[[-107.35324796479809,48.042563859290034],[-107.35324940968874,48.04259504191669],[-107.3532828948853,48.042598879840284],[-107.35329517341131,48.042576241960646],[-107.35324796479809,48.042563859290034]]]]}"
000000000000000002a0,10665,0,0,0,"{""type"":""Polygon"",""coordinates"":[[[-107.35381391379524,48.042704119774655],[-107.35314167859919,48.04242310304221],[-107.35361915264555,48.04281527428486],[-107.35375598004232,48.04274998338939],[-107.35382074722231,48.04270843550095],[-107.35381391379524,48.042704119774655]]]}"
000000000000000002a9,10666,0,0,0,"{""type"":""MultiPolygon"",""coordinates"":[[[[-107.35324214585033,48.042434459103916],[-107.35312801210604,48.042414471530535],[-107.35314167859919,48.04242310304221],[-107.35327743879542,48.04247838548935],[-107.35324214585033,48.042434459103916]]],[[[-107.35327743879542,48.04247838548935],[-107.35381391379524,48.042704119774655],[-107.35382049262483,48.042703954907694],[-107.35393801009278,48.04265241879386],[-107.3539703169941,48.042629396655805],[-107.35393440508882,48.04257208392003],[-107.35390132735614,48.042577223160556],[-107.35388755905271,48.04256860750505],[-107.35393419510277,48.04256767433905],[-107.35392027364477,48.04255456234566],[-107.35388657820313,48.04254631507529],[-107.35387995477089,48.04254640894578],[-107.35377244295495,48.04252632826484],[-107.35367280230699,48.04253276884276],[-107.35367927260609,48.042528178643764],[-107.35371897365924,48.042522945628676],[-107.35372544395418,48.04251835542753],[-107.35342341542632,48.042466460860666],[-107.35342465054629,48.04249323384538],[-107.35339095545498,48.04248498640153],[-107.35337863238506,48.04250755325179],[-107.353351044626,48.04248580969624],[-107.353330398647,48.04247280722535],[-107.35331000722267,48.04246428532806],[-107.35327743879542,48.04247838548935]],[[-107.3538601807754,48.04255127366286],[-107.35387389222294,48.0425599760843],[-107.3538734844786,48.042550999159744],[-107.3538601807754,48.04255127366286]],[[-107.35386141621191,48.04257804667726],[-107.35386840276507,48.042586858737145],[-107.35388134336235,48.042577678303275],[-107.35386141621191,48.04257804667726]],[[-107.35365975321722,48.04253752389658],[-107.35367341995699,48.04254615534646],[-107.35367280230699,48.04253276884276],[-107.35365975321722,48.04253752389658]]]]}"
00000000000000000292,10667,0,0,0,"{""type"":""MultiPolygon"",""coordinates"":[[[[-107.35323480352764,48.04242118220973],[-107.35318765199784,48.04240871277608],[-107.35320572646758,48.04236818513238],[-107.35309221042955,48.042361583999764],[-107.35308743940196,48.04240183723034],[-107.35312801210604,48.042414471530535],[-107.35324214585033,48.042434459103916],[-107.35323480352764,48.04242118220973]]],[[[-107.35391195013946,48.04251899306356],[-107.35387203905326,48.04251981658229],[-107.35377244295495,48.04252632826484],[-107.35387995477089,48.04254640894578],[-107.35387949018558,48.042537518788016],[-107.35388657820313,48.04254631507529],[-107.35389325847514,48.042546134439924],[-107.35392027364477,48.04255456234566],[-107.35391195013946,48.04251899306356]]],[[[-107.35378737684024,48.042414355936096],[-107.35378090656786,48.04241894613172],[-107.35378065197371,48.042414465563056],[-107.35337954478535,48.042382484723134],[-107.3533800092506,48.04239137486004],[-107.3533807798766,48.04240925766619],[-107.35339495555829,48.04242685028134],[-107.35340898516527,48.04244438766382],[-107.35342316087643,48.04246198028586],[-107.35342341542632,48.042466460860666],[-107.35372544395418,48.04251835542753],[-107.35373176112543,48.04250926888499],[-107.35377763324372,48.04249489407179],[-107.35378337733533,48.0424724920436],[-107.35381635348114,48.042467368621544],[-107.35382164518704,48.042435918698345],[-107.35383412115712,48.04241784816065],[-107.35378737684024,48.042414355936096]]]]}"
00000000000000000297,10668,0,0,0,"{""type"":""MultiPolygon"",""coordinates"":[[[[-107.35311583169562,48.04229408716137],[-107.35309646546331,48.042307928581515],[-107.35309221042955,48.042361583999764],[-107.35320572646758,48.04236818513238],[-107.35321245128426,48.04236807554714],[-107.35327234567605,48.0423667973132],[-107.35329103755981,48.04233965614534],[-107.35330978625811,48.04231242822484],[-107.35330916873654,48.042299041775294],[-107.35311583169562,48.04229408716137]]],[[[-107.35383688514214,48.042332939210766],[-107.35382281067756,48.04231533093448],[-107.35337594097483,48.042302150212194],[-107.35337671160138,48.042320032987874],[-107.35337794669309,48.04234680589902],[-107.3533791817846,48.04237357882384],[-107.35337954478535,48.042382484723134],[-107.35378065197371,48.042414465563056],[-107.35377320091521,48.04239676338937],[-107.35379333791985,48.042400804605215],[-107.35378737684024,48.042414355936096],[-107.35383412115712,48.04241784816065],[-107.35384033682503,48.04240877739375],[-107.3538332488449,48.04239998112522],[-107.3538524050367,48.04238172996773],[-107.35383688514214,48.042332939210766]],[[-107.35377243009707,48.042378880595535],[-107.35377967118386,48.042392173196305],[-107.35380587072537,48.04238264731932],[-107.35377243009707,48.042378880595535]]]]}"
00000000000000000295,10669,0,0,0,"{""type"":""MultiPolygon"",""coordinates"":[[[[-107.35381489503798,48.04228873868167],[-107.35380780708579,48.0422799424307],[-107.35339662705644,48.042172217599614],[-107.35338579376109,48.04222603771376],[-107.35338677431668,48.04224833001973],[-107.35337594097483,48.042302150212194],[-107.35382281067756,48.04231533093448],[-107.35381489503798,48.04228873868167]]],[[[-107.35318089377242,48.042114085746185],[-107.35318228178728,48.042145354870236],[-107.35318315378744,48.04216322183263],[-107.35318387969977,48.04218103356489],[-107.35318511465586,48.042207806410886],[-107.35319841814079,48.04220753200882],[-107.3532117216275,48.04220725760485],[-107.35321259364049,48.04222512458778],[-107.35321295660292,48.04223403046341],[-107.3532138286158,48.04225189745546],[-107.35316134051324,48.04227080682704],[-107.35311583169562,48.04229408716137],[-107.35330916873654,48.042299041775294],[-107.35330757070832,48.04226336300524],[-107.35330695318659,48.042249976568236],[-107.35330608112805,48.042232109578855],[-107.35330510062106,48.042209817277715],[-107.35330386557716,48.042183044434466],[-107.35330226754768,48.04214736574342],[-107.35318089377242,48.042114085746185]],[[-107.35322066184996,48.04225621319216],[-107.35322836710547,48.042278395929465],[-107.35325450970375,48.04226895699012],[-107.35322066184996,48.04225621319216]]]]}"
0000000000000000029c,10670,0,0,0,"{""type"":""MultiPolygon"",""coordinates"":[[[[-107.3535303123481,48.04203548388724],[-107.35350447610607,48.04205391546107],[-107.35342646337565,48.042095650260144],[-107.3534085423503,48.04214067403621],[-107.35339647397218,48.04216772128604],[-107.35339662705644,48.042172217599614],[-107.35380780708579,48.0422799424307],[-107.3535303123481,48.04203548388724]]],[[[-107.35339818989058,48.04191316086911],[-107.35338673915409,48.04195359435435],[-107.35337416174455,48.04197168043669],[-107.35332094805395,48.04197277812021],[-107.35326809737138,48.041982781605725],[-107.35320805053848,48.041979563513586],[-107.35325566599693,48.042000922919826],[-107.35333523200703,48.04199479590129],[-107.35334904452345,48.04200348255164],[-107.35322978510004,48.042019283408656],[-107.3531723611999,48.0420741071347],[-107.35318089377242,48.042114085746185],[-107.35330226754768,48.04214736574342],[-107.35330124241585,48.04212500247867],[-107.35327303747366,48.04208987265483],[-107.35335871091938,48.042070249622206],[-107.353403856409,48.04203806343826],[-107.35340262128575,48.04201129068613],[-107.35343508081846,48.04199276532008],[-107.35346070709649,48.04196992425425],[-107.35339818989058,48.04191316086911]]]]}"
0000000000000000029e,10671,0,0,0,"{""type"":""MultiPolygon"",""coordinates"":[[[[-107.35368224859519,48.042010007788626],[-107.35365564163187,48.042010556723],[-107.35362903467569,48.04201110564981],[-107.35358953193669,48.04202090586079],[-107.35353678256179,48.04203089374364],[-107.3535303123481,48.04203548388724],[-107.35380780708579,48.0422799424307],[-107.35382212298337,48.04215458422591],[-107.35368224859519,48.042010007788626]]],[[[-107.35357015367369,48.04188730099852],[-107.35351021524127,48.04188850839278],[-107.3535427761094,48.0418699672731],[-107.35350214681216,48.04185742003669],[-107.35346161902336,48.04184485702114],[-107.3533973177787,48.041895293996845],[-107.35339818989058,48.04191316086911],[-107.35346070709649,48.04196992425425],[-107.35347760271851,48.04190253745433],[-107.3535314786324,48.04191489702908],[-107.35358428467681,48.04190482241239],[-107.35357015367369,48.04188730099852]]]]}"
00000000000000000296,10672,0,0,0,"{""type"":""MultiPolygon"",""coordinates"":[[[[-107.35357015367369,48.04188730099852],[-107.35358428467681,48.04190482241239],[-107.35360405829553,48.04189995782187],[-107.35365080185882,48.04190345012066],[-107.35364982113016,48.04188115796861],[-107.35357015367369,48.04188730099852]]],[[[-107.35387085994934,48.04205528521722],[-107.35384218975392,48.04201126555617],[-107.35380285232526,48.04202540439227],[-107.35374891212352,48.04200869065473],[-107.35372230514233,48.042009239608056],[-107.35369559670453,48.042009804317914],[-107.35368224859519,48.042010007788626],[-107.35382212298337,48.04215458422591],[-107.35393177977426,48.04207636979948],[-107.35387085994934,48.04205528521722]]]]}"
00000000000000000293,10673,0,0,0,"{""type"":""Polygon"",""coordinates"":[[[-107.35395915778038,48.04209370347089],[-107.35393177977426,48.04207636979948],[-107.35382212298337,48.04215458422591],[-107.35380780708579,48.0422799424307],[-107.35381489503798,48.04228873868167],[-107.35403425376306,48.04213238042205],[-107.35395915778038,48.04209370347089]]]}"
0000000000000000029d,10674,0,0,0,"{""type"":""Polygon"",""coordinates"":[[[-107.35411007632314,48.04218886905397],[-107.35409636491197,48.04218016672708],[-107.35408259667079,48.04217155116336],[-107.35408197886326,48.04215816476207],[-107.35403425376306,48.04213238042205],[-107.35381489503798,48.04228873868167],[-107.35382281067756,48.04231533093448],[-107.35383688514214,48.042332939210766],[-107.35386980949855,48.042323303697685],[-107.35386272152331,48.04231450744557],[-107.3538761782839,48.04231872926942],[-107.35413766455706,48.04221061225565],[-107.35413755600865,48.04220618694159],[-107.35411007632314,48.04218886905397]]]}"
0000000000000000029f,10675,0,0,0,"{""type"":""GeometryCollection"",""geometries"":[{""type"":""LineString"",""coordinates"":[[-107.35388284042772,48.042318574840074],[-107.35387621344285,48.042318710685755]]},{""type"":""Polygon"",""coordinates"":[[[-107.35399884665514,48.0423786946038],[-107.35394578517867,48.04238428899571],[-107.35393346240816,48.0424068558663],[-107.35391430622455,48.042425107048544],[-107.35391543318637,48.042447454661165],[-107.35396068749148,48.04241969330823],[-107.35395323633166,48.042401991149355],[-107.35400608784103,48.042391987184914],[-107.35402545397893,48.04237814556114],[-107.35399884665514,48.0423786946038]]]},{""type"":""Polygon"",""coordinates"":[[[-107.35402545397893,48.04237814556114],[-107.35419396828091,48.04227644619114],[-107.35417983677169,48.04225892475563],[-107.3541592918946,48.04224590676417],[-107.35413766455706,48.04221061225565],[-107.35388285851424,48.0423185486366],[-107.35388284042772,48.042318574840074],[-107.35387032576025,48.04233670590902],[-107.35386980949855,48.042323303697685],[-107.35383688514214,48.042332939210766],[-107.3538524050367,48.04238172996773],[-107.35387824145101,48.04236329818033],[-107.35389965857082,48.04239418328975],[-107.35395163768062,48.04236631233571],[-107.3539377162818,48.04235320039378],[-107.35394377876942,48.042339633306334],[-107.35396976828667,48.042325697834485],[-107.35402545397893,48.04237814556114]]]}]}"
00000000000000000299,10676,0,0,0,"{""type"":""GeometryCollection"",""geometries"":[{""type"":""LineString"",""coordinates"":[[-107.35400610084606,48.04239197739254],[-107.35401920579535,48.04238724231015]]},{""type"":""Polygon"",""coordinates"":[[[-107.35401038139518,48.04263306944073],[-107.35401685169577,48.04262847921012],[-107.3540035479446,48.04262875373477],[-107.35401038139518,48.04263306944073]]]},{""type"":""Polygon"",""coordinates"":[[[-107.35391543318637,48.042447454661165],[-107.35391605092701,48.04246084113919],[-107.3539609421078,48.04242417387632],[-107.35396068749148,48.04241969330823],[-107.35391543318637,48.042447454661165]]]},{""type"":""Polygon"",""coordinates"":[[[-107.35420105635428,48.042285242409875],[-107.35419396828091,48.04227644619114],[-107.35401923834912,48.04238721633376],[-107.35410070379766,48.04242131898523],[-107.35409183327697,48.04251972421196],[-107.35410154575021,48.04258656282897],[-107.35410237356234,48.04260435892254],[-107.35411644829821,48.04262196724809],[-107.35411023263747,48.042631038069636],[-107.35418306860525,48.042620578761216],[-107.35426099586655,48.04228403454697],[-107.35420105635428,48.042285242409875]]]},{""type"":""Polygon"",""coordinates"":[[[-107.3540035479446,48.04262875373477],[-107.35400924731735,48.04260628063817],[-107.35402891989064,48.04260143164879],[-107.35402033457711,48.04255694065852],[-107.35400718400683,48.04256171152688],[-107.35397369849784,48.042557873867004],[-107.35395894927885,48.04252696580597],[-107.35391195013946,48.04251899306356],[-107.35392027364477,48.04255456234566],[-107.35393419510277,48.04256767433905],[-107.35393440508882,48.04257208392003],[-107.3539703169941,48.042629396655805],[-107.3539902441952,48.04262902825753],[-107.35399692448931,48.04262884761407],[-107.3540035479446,48.04262875373477]],[[-107.35396039477801,48.042558148384494],[-107.35396748282453,48.042566944668515],[-107.35397369849784,48.042557873867004],[-107.35396039477801,48.042558148384494]],[[-107.35395309674671,48.04254494252237],[-107.35394025763436,48.04255410719513],[-107.35396039477801,48.042558148384494],[-107.35395309674671,48.04254494252237]]]}]}"
0000000000000000029a,10677,0,0,0,"{""type"":""Polygon"",""coordinates"":[[[-107.35431919030701,48.04224709269421],[-107.35428709388198,48.04227452432447],[-107.35427429953069,48.0422837599906],[-107.35426099586655,48.04228403454697],[-107.35418306860525,48.042620578761216],[-107.35433588049426,48.04261296835594],[-107.35441534002636,48.04260241496915],[-107.3544800498358,48.04256095353051],[-107.3544862654187,48.042551882699094],[-107.35431919030701,48.04224709269421]]]}"
00000000000000000282,10678,0,0,0,"{""type"":""Polygon"",""coordinates"":[[[-107.35447810779375,48.042225986072125],[-107.35446480412152,48.04222626065668],[-107.35444477557057,48.04222664491286],[-107.35442489311549,48.04222708439901],[-107.35439156091019,48.0422277432208],[-107.35432591518216,48.04224698302961],[-107.35431919030701,48.04224709269421],[-107.3544862654187,48.042551882699094],[-107.35452504234058,48.04252427017176],[-107.35453587425845,48.04247044965726],[-107.35447810779375,48.042225986072125]]]}"
00000000000000000294,10679,0,0,0,"{""type"":""Polygon"",""coordinates"":[[[-107.35465156509957,48.04223137739559],[-107.35462481161159,48.042231871378426],[-107.35449799025942,48.04222554657468],[-107.35447810779375,48.042225986072125],[-107.35453587425845,48.04247044965726],[-107.35468475130766,48.042230663247054],[-107.35465156509957,48.04223137739559]]]}"
0000000000000000027c,10680,0,0,0,"{""type"":""Polygon"",""coordinates"":[[[-107.35500632995631,48.04212583219647],[-107.35492774395226,48.04215425288183],[-107.35490113653398,48.04215480217504],[-107.35486158878426,48.04216453194807],[-107.35482204103108,48.042174261706656],[-107.35480252187448,48.04218360712314],[-107.35475003374711,48.042202517340776],[-107.35473723947104,48.042211753054104],[-107.35471135871917,48.042230114013286],[-107.35468475130766,48.042230663247054],[-107.35453587425845,48.04247044965726],[-107.35452504234058,48.04252427017176],[-107.35453809144113,48.042519515001054],[-107.35459032532174,48.04249612420268],[-107.3548533384172,48.04227632312609],[-107.35482636757828,48.04226796653476],[-107.35487809161636,48.04223561460696],[-107.35489041387714,48.042213047701665],[-107.3549429020309,48.04219413740268],[-107.35496242118867,48.0421847919557],[-107.35502672197775,48.04213435366258],[-107.35500632995631,48.04212583219647]]]}"
0000000000000000027f,10681,0,0,0,"{""type"":""MultiPolygon"",""coordinates"":[[[[-107.35503340225519,48.04213417294901],[-107.35502672197775,48.04213435366258],[-107.35496242118867,48.0421847919557],[-107.35503453710315,48.04216096147833],[-107.35514106845254,48.042158748341684],[-107.35503340225519,48.04213417294901]]],[[[-107.35488540731885,48.04239626750129],[-107.3548713768011,48.04237873037417],[-107.35485720020425,48.042361138016815],[-107.35486890443174,48.04232518462692],[-107.3548672602548,48.04228943490461],[-107.35486689689088,48.04228052903602],[-107.3548533384172,48.04227632312609],[-107.35459032532174,48.04249612420268],[-107.35489983867714,48.04241834042767],[-107.35488540731885,48.04239626750129]]]]}"
00000000000000000270,10682,0,0,0,"{""type"":""Polygon"",""coordinates"":[[[-107.35489983867714,48.04241834042767],[-107.35459032532174,48.04249612420268],[-107.35453809144113,48.042519515001054],[-107.35491819597121,48.04252958285025],[-107.35491012615597,48.042498494267235],[-107.35491474206599,48.042453744587526],[-107.35491376058627,48.042431452233195],[-107.35489983867714,48.04241834042767]]]}"
0000000000000000027d,10683,0,0,0,"{""type"":""Polygon"",""coordinates"":[[[-107.35491922207866,48.042551946245744],[-107.35491860397241,48.042538559760175],[-107.35491819597121,48.04252958285025],[-107.35453809144113,48.042519515001054],[-107.35452504234058,48.04252427017176],[-107.3544862654187,48.042551882699094],[-107.3544800498358,48.04256095353051],[-107.35492950960882,48.04263210028647],[-107.35494245011473,48.04262291970371],[-107.35491922207866,48.042551946245744]]]}"
00000000000000000281,10684,0,0,0,"{""type"":""Polygon"",""coordinates"":[[[-107.3544800498358,48.04256095353051],[-107.35441534002636,48.04260241496915],[-107.3544704090569,48.04264147616265],[-107.35492736609451,48.04273039622413],[-107.35492638461682,48.04270810375208],[-107.35492576651109,48.04269471722661],[-107.35492463893806,48.04267236953586],[-107.35492365746,48.04265007708849],[-107.35492329408771,48.04264117115897],[-107.35492950960882,48.04263210028647],[-107.3544800498358,48.04256095353051]]]}"
0000000000000000028b,10685,0,0,0,"{""type"":""Polygon"",""coordinates"":[[[-107.3544704090569,48.04264147616265],[-107.35454053450238,48.042720438109335],[-107.35485176769029,48.0428257657216],[-107.35485823798389,48.04282117541747],[-107.35487822231474,48.04282072006038],[-107.3548769861431,48.04279394695365],[-107.35491606974557,48.04277532685307],[-107.354928347572,48.042752688705676],[-107.35492736609451,48.04273039622413],[-107.3544704090569,48.04264147616265]]]}"
00000000000000000280,10686,0,0,0,"{""type"":""MultiPolygon"",""coordinates"":[[[[-107.35484039169015,48.043013562233156],[-107.35481901789046,48.04298274800183],[-107.35479898885632,48.042983132349846],[-107.354833711268,48.04301374293998],[-107.35484039169015,48.043013562233156]]],[[[-107.35454053450238,48.042720438109335],[-107.35455569226896,48.04276032313069],[-107.35473621242507,48.04292188824724],[-107.35476830928715,48.042894456116294],[-107.3547812499073,48.04288527550639],[-107.35485176769029,48.0428257657216],[-107.35454053450238,48.042720438109335]]],[[[-107.35483392135977,48.043018152553884],[-107.35488231122329,48.043057394495506],[-107.35492222331474,48.04305657052206],[-107.35492145195386,48.04303868752588],[-107.35489484390415,48.04303923684267],[-107.3548800489905,48.04300825766628],[-107.35484039169015,48.043013562233156],[-107.35483392135977,48.043018152553884]]]]}"
00000000000000000284,10687,0,0,0,"{""type"":""Polygon"",""coordinates"":[[[-107.35483392135977,48.043018152553884],[-107.35483432933351,48.04302712954862],[-107.35482061735374,48.04301842720046],[-107.354833711268,48.04301374293998],[-107.35479898885632,48.042983132349846],[-107.35479240990972,48.04298329728784],[-107.35466507634597,48.042968011464076],[-107.35465177238171,48.042968286085895],[-107.35462433640157,48.04295103911715],[-107.35465104577877,48.042950474114456],[-107.35467714429276,48.04294096365202],[-107.35470338889616,48.042931508418846],[-107.35473621242507,48.04292188824724],[-107.35455569226896,48.04276032313069],[-107.35450826394222,48.04303375923247],[-107.3545217211245,48.04303798101297],[-107.35478245801673,48.043059426737436],[-107.35488231122329,48.043057394495506],[-107.35483392135977,48.043018152553884]]]}"
00000000000000000298,10688,0,0,0,"{""type"":""Polygon"",""coordinates"":[[[-107.35454053450238,48.042720438109335],[-107.3544704090569,48.04264147616265],[-107.35441534002636,48.04260241496915],[-107.35433588049426,48.04261296835594],[-107.35446151844312,48.04303026732567],[-107.35450826394222,48.04303375923247],[-107.35455569226896,48.04276032313069],[-107.35454053450238,48.042720438109335]]]}"
000000000000000002a4,10689,0,0,0,"{""type"":""Polygon"",""coordinates"":[[[-107.35433588049426,48.04261296835594],[-107.35418306860525,48.042620578761216],[-107.35411023263747,48.042631038069636],[-107.3541049979527,48.042662401356615],[-107.35440183226687,48.04303595598298],[-107.35446151844312,48.04303026732567],[-107.35433588049426,48.04261296835594]]]}"
0000000000000000029b,10690,0,0,0,"{""type"":""Polygon"",""coordinates"":[[[-107.3541049979527,48.042662401356615],[-107.35409391074889,48.04271174144402],[-107.35420962311113,48.043057792678354],[-107.35422960743242,48.0430573374547],[-107.35424291136894,48.04305706289173],[-107.35426853818208,48.04303422113197],[-107.35430922105007,48.04305128042865],[-107.35435581328716,48.04305027602781],[-107.35440183226687,48.04303595598298],[-107.3541049979527,48.042662401356615]]]}"
000000000000000002a7,10691,0,0,0,"{""type"":""GeometryCollection"",""geometries"":[{""type"":""LineString"",""coordinates"":[[-107.35398367708355,48.04262915789545],[-107.35399026517175,48.04262902284108]]},{""type"":""Polygon"",""coordinates"":[[[-107.35409391074889,48.04271174144402],[-107.35411292795706,48.042836442279636],[-107.3541407712704,48.04286266634279],[-107.35409391074889,48.04271174144402]]]},{""type"":""Polygon"",""coordinates"":[[[-107.35397639309645,48.0427632778121],[-107.35397664771278,48.042767758409546],[-107.3539830165742,48.04276318393341],[-107.35397639309645,48.0427632778121]]]},{""type"":""Polygon"",""coordinates"":[[[-107.3541407712704,48.04286266634279],[-107.35408093236788,48.04286385840077],[-107.35404091937342,48.042864697771314],[-107.35401477631117,48.04287413704436],[-107.3540761760832,48.043051561167324],[-107.35412332917016,48.0430640302774],[-107.35420962311113,48.043057792678354],[-107.3541407712704,48.04286266634279]]]},{""type"":""Polygon"",""coordinates"":[[[-107.35399173434266,48.04266028189582],[-107.3540108906377,48.042642030613294],[-107.35401038139518,48.04263306944073],[-107.35399692448931,48.04262884761407],[-107.35399733226288,48.0426378245507],[-107.35398367708355,48.04262915789545],[-107.35398362074082,48.04262912213588],[-107.3539703169941,48.042629396655805],[-107.35393801009278,48.04265241879386],[-107.35396919649139,48.042750056135795],[-107.35398886913897,48.04274520713944],[-107.35398101014574,48.04271852792213],[-107.35399980332969,48.04269137067326],[-107.35401932279194,48.04268202532186],[-107.35402517532478,48.04266404855436],[-107.35399173434266,48.04266028189582]]]}]}"
000000000000000002aa,10692,0,0,0,"{""type"":""MultiPolygon"",""coordinates"":[[[[-107.35401477631117,48.04287413704436],[-107.35396901220258,48.04289293746079],[-107.35386956814497,48.04290394569268],[-107.35386309778552,48.04290853593899],[-107.3539628098632,48.0430494574505],[-107.35400980969794,48.0430574302311],[-107.3540761760832,48.043051561167324],[-107.35401477631117,48.04287413704436]]],[[[-107.35396919649139,48.042750056135795],[-107.35393801009278,48.04265241879386],[-107.35382049262483,48.042703954907694],[-107.35384750786687,48.04271238285751],[-107.35382136492295,48.04272182204733],[-107.35382074722231,48.04270843550095],[-107.35375598004232,48.04274998338939],[-107.35377735259495,48.04278079775246],[-107.35381711079059,48.042775477899035],[-107.35379820896087,48.04279820979371],[-107.3537844406207,48.04278959408796],[-107.35379872518541,48.042811612127934],[-107.35381213043915,48.04281132186533],[-107.35380581322303,48.04282040846673],[-107.35382744046069,48.04285570346376],[-107.35383391081211,48.04285111322469],[-107.35386088153828,48.04285947019125],[-107.35386113613988,48.04286395079762],[-107.35388748916733,48.042858921174094],[-107.35389380637679,48.04284983456079],[-107.35392056715098,48.04285378190432],[-107.35394593930464,48.04282645971762],[-107.35392580202374,48.042822418507996],[-107.35394557617273,48.042817553748286],[-107.35394516841436,48.04280857678022],[-107.35393186460882,48.04280885129724],[-107.35393150148009,48.04279994533077],[-107.35394480528237,48.042799670813935],[-107.35394372294002,48.042777394051704],[-107.35397664771278,48.042767758409546],[-107.35397639309645,48.0427632778121],[-107.35394310519567,48.042764007493005],[-107.35394269743716,48.042755030534124],[-107.35396919649139,48.042750056135795]],[[-107.35393565399359,48.04274630521743],[-107.35392256019516,48.04275098932835],[-107.35394269743716,48.042755030534124],[-107.35393565399359,48.04274630521743]],[[-107.35392415879646,48.04278666840588],[-107.3539180962135,48.04280023561035],[-107.35393150148009,48.04279994533077],[-107.35392415879646,48.04278666840588]],[[-107.35385418816601,48.04271220222359],[-107.35386127620461,48.04272099854156],[-107.3538743253647,48.042716243441845],[-107.35385418816601,48.04271220222359]],[[-107.3538978058153,48.042791698031365],[-107.35388465516132,48.042796468906424],[-107.35389816893597,48.04280060399677],[-107.3538978058153,48.042791698031365]],[[-107.35387217906303,48.042814539584626],[-107.35389257092758,48.04282306140814],[-107.35389857668292,48.04280958096395],[-107.35387217906303,48.042814539584626]],[[-107.35384335523932,48.04276602293518],[-107.35385080639283,48.042783725225846],[-107.35386349246288,48.04277006415923],[-107.35384335523932,48.04276602293518]],[[-107.35385281265775,48.0428283812996],[-107.35386596332278,48.04282361042572],[-107.35384572460399,48.042819584963354],[-107.35385281265775,48.0428283812996]],[[-107.35383118540311,48.04279308632715],[-107.35383827344788,48.04280188266025],[-107.35385142410296,48.04279711179103],[-107.35383118540311,48.04279308632715]],[[-107.35383688490424,48.042770613167015],[-107.3538231165587,48.042761997471494],[-107.35381711079059,48.042775477899035],[-107.35383688490424,48.042770613167015]],[[-107.35383848342084,48.0428062922615],[-107.35381896388428,48.04281563760013],[-107.35384572460399,48.042819584963354],[-107.35383848342084,48.0428062922615]],[[-107.35378890476969,48.04274034781795],[-107.35379589132653,48.04274915991034],[-107.3538090419615,48.04274438905226],[-107.35378890476969,48.04274034781795]],[[-107.35377637181999,48.04275850522934],[-107.35378341521574,48.04276723056098],[-107.35379650901724,48.04276254646754],[-107.35377637181999,48.04275850522934]],[[-107.35389816893597,48.04280060399677],[-107.35389857668292,48.04280958096395],[-107.35391856080508,48.04280912581237],[-107.3539180962135,48.04280023561035],[-107.35389816893597,48.04280060399677]]]]}"
000000000000000002ac,10693,0,0,0,"{""type"":""GeometryCollection"",""geometries"":[{""type"":""LineString"",""coordinates"":[[-107.35380603921658,48.04282485579436],[-107.35380583581352,48.042820393533454]]},{""type"":""Polygon"",""coordinates"":[[[-107.35382744046069,48.04285570346376],[-107.35380606781806,48.04282488907006],[-107.35377941561033,48.042825367062704],[-107.35375943150878,48.042825822184895],[-107.35375182727742,48.0428036235051],[-107.35379872518541,48.042811612127934],[-107.3537844406207,48.04278959408796],[-107.35377756256068,48.04278520735227],[-107.35377735259495,48.04278079775246],[-107.35375598004232,48.04274998338939],[-107.35361915264555,48.04281527428486],[-107.35352217943436,48.042879828470596],[-107.35349655249304,48.04290266996668],[-107.35390312391215,48.043055145793595],[-107.3539628098632,48.0430494574505],[-107.35386309778552,48.04290853593899],[-107.35385004855573,48.0429132910564],[-107.35381722513056,48.04292291092029],[-107.3537909805682,48.0429323659082],[-107.35377084328286,48.042928324657964],[-107.35382744046069,48.04285570346376]],[[-107.35377084328286,48.042928324657964],[-107.35375764795513,48.04293302452874],[-107.35377146096076,48.04294171126146],[-107.35377084328286,48.042928324657964]],[[-107.35373253022127,48.042964827341166],[-107.35376535367534,48.04295520749784],[-107.35373812834625,48.04294236987537],[-107.35373253022127,48.042964827341166]],[[-107.35373253022127,48.042964827341166],[-107.35371933488096,48.04296952721027],[-107.35373314788438,48.04297821395462],[-107.35373253022127,48.042964827341166]]]}]}"
000000000000000002b0,10694,0,0,0,"{""type"":""Polygon"",""coordinates"":[[[-107.3536289005668,48.043176854212234],[-107.35364965556455,48.04319428217946],[-107.35369567463651,48.04317996243198],[-107.35370276270278,48.04318875883955],[-107.35371544895939,48.04317509768212],[-107.3537018904748,48.0431708915377],[-107.3537150858887,48.04316619165106],[-107.35370799782228,48.043157395248194],[-107.3536944393459,48.04315318910394],[-107.35368051781192,48.043140076931024],[-107.35366746850127,48.043144832046664],[-107.35365391004004,48.043140625897294],[-107.35360105756087,48.04315062983519],[-107.3536065473202,48.04312374690053],[-107.35358677303509,48.04312861162219],[-107.35357259699936,48.043111018808595],[-107.35360505752382,48.04309249297067],[-107.35361013959495,48.04305663305183],[-107.35363715497357,48.04306506111425],[-107.35366997850832,48.04305544128313],[-107.35367604121592,48.043041874025064],[-107.35368251160979,48.04303728377882],[-107.3536897527611,48.04305057655191],[-107.35370392885063,48.0430681693265],[-107.35372653681875,48.0431257571852],[-107.35377364506958,48.043138155489515],[-107.35390312391215,48.043055145793595],[-107.35349655249304,48.04290266996668],[-107.35349033667046,48.04291174080077],[-107.35345521973463,48.04301960185151],[-107.35343377364963,48.04327910336721],[-107.3534438479305,48.043354849115076],[-107.35365089082067,48.043221055529976],[-107.35365027319263,48.04320766885301],[-107.35363100800042,48.043221494869044],[-107.35360352800525,48.043204176508205],[-107.35359058714612,48.043213357021074],[-107.35358277303474,48.043186748527006],[-107.35360912625077,48.04318171894422],[-107.35360901777483,48.04317729354565],[-107.3536289005668,48.043176854212234]],[[-107.35368251160979,48.04303728377882],[-107.3537022858538,48.043032419046924],[-107.35368800129021,48.04301040089969],[-107.35368251160979,48.04303728377882]],[[-107.35360901777483,48.04317729354565],[-107.35360167517203,48.04316401649832],[-107.3535954593176,48.04317308738531],[-107.35360901777483,48.04317729354565]],[[-107.35357779237518,48.043222592770505],[-107.3535577634766,48.04322297685744],[-107.35356485150653,48.04323177328335],[-107.35357779237518,48.043222592770505]],[[-107.35347299959011,48.04311753028678],[-107.35345954265651,48.0431133083463],[-107.3534667837222,48.04312660115771],[-107.35347299959011,48.04311753028678]]]}"
000000000000000002bb,10695,0,0,0,"{""type"":""MultiPolygon"",""coordinates"":[[[[-107.35365129850108,48.04323003257199],[-107.35365089082067,48.043221055529976],[-107.35363799458617,48.04323030705321],[-107.35365129850108,48.04323003257199]]],[[[-107.35372264552059,48.04318831948593],[-107.35371544895939,48.04317509768212],[-107.35370276270278,48.04318875883955],[-107.35371021384172,48.043206461284434],[-107.35374303751276,48.04319684139885],[-107.35372264552059,48.04318831948593]]],[[[-107.3539628098632,48.0430494574505],[-107.35390312391215,48.043055145793595],[-107.35377364506958,48.043138155489515],[-107.35379403705873,48.0431466773835],[-107.3538747328403,48.04316289763104],[-107.35392271359967,48.043193163165526],[-107.35400980969794,48.0430574302311],[-107.3539628098632,48.0430494574505]]],[[[-107.35365129850108,48.04323003257199],[-107.35364508264261,48.04323910347374],[-107.35363799458617,48.04323030705321],[-107.3534438479305,48.043354849115076],[-107.3534350198894,48.043453327091434],[-107.3534699509738,48.043488348143136],[-107.35360505364456,48.04353017336883],[-107.35367927949872,48.04355098417356],[-107.35383529842949,48.043320061332835],[-107.35382842026803,48.04331567455893],[-107.35384172424038,48.04331540004938],[-107.35384151427034,48.043310990405175],[-107.35384089657431,48.04329760370817],[-107.35380807280121,48.04330722364837],[-107.35378644536833,48.04327192834756],[-107.35379851395597,48.04324488047286],[-107.3537251161401,48.043241866189916],[-107.35370497871283,48.04323782490554],[-107.35369069408088,48.043215806674056],[-107.35367153737342,48.04323405810307],[-107.35365129850108,48.04323003257199]],[[-107.35375906668557,48.043254594253916],[-107.353766053317,48.04326340643314],[-107.35377894955045,48.04325415488686],[-107.35375906668557,48.043254594253916]],[[-107.3537465335267,48.04327275184506],[-107.35375357699799,48.043281477262674],[-107.3537665178659,48.043272296715635],[-107.3537465335267,48.04327275184506]],[[-107.35369167478754,48.043238099394515],[-107.35370534178,48.04324673094892],[-107.35370497871283,48.04323782490554],[-107.35369167478754,48.043238099394515]],[[-107.35369291007268,48.043264872766144],[-107.3536999981522,48.04327366918785],[-107.35371283755545,48.043264504413926],[-107.35369291007268,48.043264872766144]],[[-107.35371105371792,48.043371707662324],[-107.35371850488914,48.043389410167606],[-107.35373119121813,48.0433757489539],[-107.35371105371792,48.043371707662324]],[[-107.35360055328563,48.04328467724119],[-107.35360759671319,48.04329340267264],[-107.35362053760045,48.04328422214273],[-107.35360055328563,48.04328467724119]],[[-107.35370966531096,48.04334043782345],[-107.35369615139598,48.04333630266747],[-107.35368382813431,48.04335886992876],[-107.35373082814657,48.04336684288879],[-107.35370966531096,48.04334043782345]]]]}"
000000000000000002af,10696,0,0,0,"{""type"":""GeometryCollection"",""geometries"":[{""type"":""LineString"",""coordinates"":[[-107.35397969064077,48.043419797763235],[-107.35398592255945,48.04341075938785]]},{""type"":""Polygon"",""coordinates"":[[[-107.35412332917016,48.0430640302774],[-107.3540761760832,48.043051561167324],[-107.35400980969794,48.0430574302311],[-107.35392271359967,48.043193163165526],[-107.35395739050257,48.04322370321753],[-107.35401173333962,48.04324495305081],[-107.35403870443538,48.043253310020816],[-107.3540455379999,48.04325762577286],[-107.35411147085078,48.043095487717075],[-107.35412332917016,48.0430640302774]],[[-107.3540908687419,48.04308255627835],[-107.3540846529883,48.043091627180395],[-107.35405861828974,48.043105491900754],[-107.35409231432743,48.04311373918358],[-107.35411147085078,48.043095487717075],[-107.3540908687419,48.04308255627835]]]},{""type"":""Polygon"",""coordinates"":[[[-107.3539782605438,48.04338856544364],[-107.35394456433188,48.04338031808186],[-107.35393649530576,48.04334922889168],[-107.35391672086813,48.04335409370625],[-107.35390264601695,48.04333648510807],[-107.35386226948519,48.0433284183655],[-107.35385502821451,48.04331512553792],[-107.35384172424038,48.04331540004938],[-107.35384213196636,48.0433243771056],[-107.35383529842949,48.043320061332835],[-107.35367927949872,48.04355098417356],[-107.35369967166112,48.04355950615041],[-107.35385536520165,48.04361442047385],[-107.35390211105506,48.04361791270627],[-107.3539797506459,48.04341981953667],[-107.3539661920052,48.043415613413956],[-107.35398592255945,48.04341075938785],[-107.35398596648076,48.04341074858251],[-107.35398555872067,48.043401771512954],[-107.35399181917818,48.04339277156265],[-107.35399130994865,48.04338381026117],[-107.3539782605438,48.04338856544364]]]}]}"
000000000000000002a6,10697,0,0,0,"{""type"":""MultiPolygon"",""coordinates"":[[[[-107.35399181917818,48.04339277156265],[-107.35398555872067,48.043401771512954],[-107.35399886274602,48.04340149697979],[-107.35399181917818,48.04339277156265]]],[[[-107.35399886274602,48.04340149697979],[-107.35399927050939,48.04341047404915],[-107.35398596648076,48.04341074858251],[-107.35390211105506,48.04361791270627],[-107.35404270490227,48.043632854169225],[-107.35414271202845,48.04363531909261],[-107.35414831007404,48.043612861317285],[-107.35414183959665,48.043617451647556],[-107.35414132326527,48.0436040491116],[-107.35414815690967,48.04360836488321],[-107.35417324866471,48.043429268734144],[-107.354166007242,48.043415975908324],[-107.35413318332624,48.04342559598524],[-107.3541206056038,48.04344368268199],[-107.35407349667892,48.04343128449299],[-107.3540527412639,48.04341385654924],[-107.35402562395315,48.043405444324584],[-107.35401842722601,48.043392222492905],[-107.35399886274602,48.04340149697979]],[[-107.35414721372445,48.043443133574115],[-107.35414772299171,48.04345209488396],[-107.35416077242272,48.04344733967197],[-107.35414721372445,48.043443133574115]],[[-107.35399963364559,48.04341938011903],[-107.35401282915704,48.043414680166606],[-107.35399927050939,48.04341047404915],[-107.35399963364559,48.04341938011903]],[[-107.35403319023902,48.04357058164191],[-107.35403380799997,48.04358396840582],[-107.35404670432463,48.04357471676456],[-107.35403319023902,48.04357058164191]]],[[[-107.35420962311113,48.043057792678354],[-107.35412332917016,48.0430640302774],[-107.3540455379999,48.04325762577286],[-107.35405945975883,48.04327073791648],[-107.35408585773857,48.04326577919187],[-107.35414637193985,48.04327788702308],[-107.35417302457653,48.04327740891337],[-107.3541866917675,48.043286040400574],[-107.35419337219349,48.043285859737814],[-107.35421975588342,48.04313345121695],[-107.35420645192282,48.04313372577772],[-107.35413263394489,48.04312189256359],[-107.35411187864602,48.043104464732686],[-107.35413869652858,48.04310832526218],[-107.35416468659545,48.04309438951893],[-107.35417814370835,48.04309861135432],[-107.35421060413965,48.043080085318046],[-107.35423022527574,48.04307072408402],[-107.35422960743242,48.0430573374547],[-107.35420962311113,48.043057792678354]]]]}"
000000000000000002a5,10698,0,0,0,"{""type"":""MultiPolygon"",""coordinates"":[[[[-107.35422960743242,48.0430573374547],[-107.35423022527574,48.04307072408402],[-107.35424291136894,48.04305706289173],[-107.35422960743242,48.0430573374547]]],[[[-107.35430922105007,48.04305128042865],[-107.35435036866667,48.043077229955074],[-107.35435704906652,48.043077049282296],[-107.35435581328716,48.04305027602781],[-107.35430922105007,48.04305128042865]]],[[[-107.35433974626795,48.04313546071177],[-107.35421975588342,48.04313345121695],[-107.35419337219349,48.043285859737814],[-107.35419999577984,48.04328576584043],[-107.35430668259671,48.04328804993135],[-107.35433313746879,48.04328300436975],[-107.35434662449781,48.04313984743215],[-107.35433974626795,48.04313546071177]]],[[[-107.35414815690967,48.04360836488321],[-107.35415478055022,48.04360827098701],[-107.35414831007404,48.043612861317285],[-107.35414271202845,48.04363531909261],[-107.35416957492785,48.04363925064397],[-107.3542159578201,48.0436338366133],[-107.35425587024837,48.04363301289973],[-107.3543120601608,48.04355141333531],[-107.35432108383394,48.043457502569886],[-107.35432565603062,48.04341268107482],[-107.35431871382667,48.043403939917184],[-107.35428512595274,48.04340011809245],[-107.35425789997696,48.04338728052496],[-107.35424583160427,48.0434143285256],[-107.35423216434656,48.043405697027374],[-107.3542190703017,48.04341038124405],[-107.35419883115257,48.04340635582207],[-107.35418018375329,48.04343356872454],[-107.35417324866471,48.043429268734144],[-107.35417386647984,48.04344265545964],[-107.35414815690967,48.04360836488321]],[[-107.35430592615128,48.0434176169782],[-107.3542989393248,48.04340880481733],[-107.35429283210058,48.04342230120617],[-107.35430592615128,48.0434176169782]],[[-107.3542797826763,48.0434270564337],[-107.35428661631694,48.04343137218095],[-107.35429283210058,48.04342230120617],[-107.3542797826763,48.0434270564337]],[[-107.35428040053048,48.043440443156946],[-107.3542873873563,48.04344925532452],[-107.354293813167,48.043444593999254],[-107.35428040053048,48.043440443156946]],[[-107.35426905855142,48.04348530334343],[-107.35427614684923,48.04349409975403],[-107.35428261729676,48.043489509426244],[-107.35426905855142,48.04348530334343]],[[-107.3542699310489,48.04350317074057],[-107.35427691788166,48.04351198291928],[-107.3542833883325,48.04350739258981],[-107.3542699310489,48.04350317074057]],[[-107.35421300768137,48.043423948629744],[-107.35422020449822,48.04343717045254],[-107.3542398704591,48.04342788014862],[-107.35421300768137,48.043423948629744]],[[-107.3541746943042,48.043460451843245],[-107.35420068462732,48.043446515990006],[-107.35417386647984,48.04344265545964],[-107.3541746943042,48.043460451843245]]]]}"
0000000000000000028f,10699,0,0,0,"{""type"":""MultiPolygon"",""coordinates"":[[[[-107.35440692872032,48.04314754544061],[-107.35434662449781,48.04313984743215],[-107.35433313746879,48.04328300436975],[-107.35445898096881,48.04326703671252],[-107.35448686129173,48.043150323267376],[-107.35440692872032,48.04314754544061]]],[[[-107.35450826394222,48.04303375923247],[-107.35446151844312,48.04303026732567],[-107.35440183226687,48.04303595598298],[-107.35435581328716,48.04305027602781],[-107.35435704906652,48.043077049282296],[-107.35437682339304,48.04307218440544],[-107.35439012735566,48.04307190982128],[-107.35440343132007,48.043071635235236],[-107.35441673528625,48.0430713606473],[-107.35443666281924,48.04307099214466],[-107.3544566471955,48.04307053687215],[-107.35448289188493,48.04306108167378],[-107.35450302947797,48.04306512277684],[-107.35450928978163,48.043056122854495],[-107.35451612340275,48.0430604385553],[-107.3545217211245,48.04303798101297],[-107.35450826394222,48.04303375923247]]],[[[-107.35431631380706,48.043497756678796],[-107.3543120601608,48.04355141333531],[-107.354337432666,48.04352409067198],[-107.35433722263748,48.04351968101277],[-107.354343903116,48.04351950033739],[-107.35436284976724,48.043496839017955],[-107.35440635308726,48.043428900924766],[-107.35436618615378,48.043425244041906],[-107.35441831279978,48.04339742748479],[-107.3544176948942,48.04338404077473],[-107.35437840055573,48.04339825125763],[-107.35435174777393,48.04339872942925],[-107.35433201789986,48.043403665336555],[-107.35432565603062,48.04341268107482],[-107.35432591068641,48.0434171617259],[-107.35432108383394,48.043457502569886],[-107.35431631380706,48.043497756678796]],[[-107.35432812751553,48.043466227970725],[-107.35433459795522,48.043461637642096],[-107.35432108383394,48.043457502569886],[-107.35432812751553,48.043466227970725]],[[-107.35434353989758,48.04351059425387],[-107.35434990887643,48.043506019685466],[-107.35433645157579,48.043501797846105],[-107.35434353989758,48.04351059425387]],[[-107.35433645157579,48.043501797846105],[-107.35432900004241,48.043484095360064],[-107.35431631380706,48.043497756678796],[-107.35433645157579,48.043501797846105]]]]}"
00000000000000000285,10700,0,0,0,"{""type"":""MultiPolygon"",""coordinates"":[[[[-107.35460797946614,48.04317468032227],[-107.3545604696718,48.04315774657593],[-107.35448686129173,48.043150323267376],[-107.35445898096881,48.04326703671252],[-107.35447203033817,48.043262281476515],[-107.35451980197064,48.043288137107226],[-107.35454019437906,48.04329665885622],[-107.354642039189,48.04319183343764],[-107.35460797946614,48.04317468032227]]],[[[-107.3545217211245,48.04303798101297],[-107.35451612340275,48.0430604385553],[-107.35451633345586,48.043064848174815],[-107.3545760197377,48.043059159440375],[-107.35460324569159,48.0430719968376],[-107.35462317326457,48.043071628295166],[-107.35462949038785,48.043062541598644],[-107.35463647726178,48.04307135367594],[-107.35465686960984,48.043079875366345],[-107.35470361529103,48.04308336717655],[-107.35471095836408,48.043096644107074],[-107.3547377764826,48.04310050446237],[-107.35478245801673,48.043059426737436],[-107.3545217211245,48.04303798101297]],[[-107.35467602595817,48.043061623803254],[-107.35468332438715,48.04307482973056],[-107.35469616361587,48.04306566486412],[-107.35467602595817,48.043061623803254]]]]}"
00000000000000000290,10701,0,0,0,"{""type"":""GeometryCollection"",""geometries"":[{""type"":""LineString"",""coordinates"":[[-107.35489562489468,48.04305710263171],[-107.3549222419554,48.04305655677481]]},{""type"":""Polygon"",""coordinates"":[[[-107.35440635308726,48.043428900924766],[-107.35436284976724,48.043496839017955],[-107.35442114765978,48.04345988043183],[-107.35441405932194,48.043451084038736],[-107.35444688329126,48.04344146385958],[-107.35446007882028,48.04343676384314],[-107.35440635308726,48.043428900924766]]]},{""type"":""Polygon"",""coordinates"":[[[-107.35467609895538,48.04320898654541],[-107.354642039189,48.04319183343764],[-107.35454019437906,48.04329665885622],[-107.35458755822769,48.04331353741866],[-107.35462212743914,48.04333965186923],[-107.35477133619504,48.043251704726735],[-107.35477729714742,48.04323815312115],[-107.35467609895538,48.04320898654541]]]},{""type"":""Polygon"",""coordinates"":[[[-107.35478477695328,48.04310847685454],[-107.35479201859837,48.04312176954989],[-107.35482484230963,48.04311214930834],[-107.35485067906706,48.043093716992935],[-107.35485591326538,48.0430623534192],[-107.35489597861141,48.04306602584029],[-107.354895615252,48.04305711983958],[-107.35488231122329,48.043057394495506],[-107.35478245801673,48.043059426737436],[-107.3547377764826,48.04310050446237],[-107.35474440007482,48.043100410527536],[-107.35475857684607,48.04311800314555],[-107.3547712628382,48.04310434187354],[-107.35478477695328,48.04310847685454]],[[-107.35479041916875,48.04308609027951],[-107.35477002675647,48.04307756861813],[-107.35475770409944,48.04310013589065],[-107.3547712628382,48.04310434187354],[-107.35479041916875,48.04308609027951]]]}]}"
000000000000000002a3,10702,0,0,0,"{""type"":""MultiPolygon"",""coordinates"":[[[[-107.35441250237322,48.043710148245964],[-107.35436662862972,48.04372452373797],[-107.35440068862647,48.04374167711229],[-107.35442046331873,48.04373681215539],[-107.35447767895263,48.043677576223494],[-107.35441250237322,48.043710148245964]]],[[[-107.35477148943868,48.04325620112716],[-107.35477133619504,48.043251704726735],[-107.35462212743914,48.04333965186923],[-107.35471870951598,48.04341356903257],[-107.35473226835491,48.04341777504364],[-107.35485316817181,48.0432947132613],[-107.35477148943868,48.04325620112716]]],[[[-107.35439814535397,48.0435407658149],[-107.35436346765046,48.04351022575778],[-107.354382834357,48.043496383751716],[-107.35440297214718,48.043500424904394],[-107.35440907935472,48.04348692848881],[-107.35442859924098,48.0434775829013],[-107.35442114765978,48.04345988043183],[-107.35436284976724,48.043496839017955],[-107.354343903116,48.04351950033739],[-107.35435078141296,48.04352388708795],[-107.35434431096249,48.0435284774234],[-107.354337432666,48.04352409067198],[-107.3543120601608,48.04355141333531],[-107.35425587024837,48.04363301289973],[-107.35432260102372,48.043636049674724],[-107.35434812677705,48.04361322339609],[-107.35436143092932,48.04361294880827],[-107.35436029663708,48.04358615951396],[-107.35437313608817,48.043576994595654],[-107.35439897328494,48.04355856222721],[-107.35442558156645,48.043558013036765],[-107.35443805775945,48.04353994202751],[-107.35439814535397,48.0435407658149]]]]}"
000000000000000002bc,10703,0,0,0,"{""type"":""Polygon"",""coordinates"":[[[-107.35485316817181,48.0432947132613],[-107.35473226835491,48.04341777504364],[-107.35476658310303,48.04343940883692],[-107.35475503156921,48.04347985941308],[-107.35471133078391,48.04354323029393],[-107.35469567211689,48.043637392929874],[-107.35464343656672,48.04366078433792],[-107.35462340720464,48.04366116866255],[-107.35457044507382,48.04366674782557],[-107.35454296404622,48.04364942961304],[-107.35452369874801,48.043663255927854],[-107.3544841494241,48.04367298586542],[-107.35447767895263,48.043677576223494],[-107.35442046331873,48.04373681215539],[-107.35450567641158,48.04370829701875],[-107.35463173159883,48.04369673863625],[-107.35465859474019,48.043700670049],[-107.3547426732222,48.04364536540833],[-107.35475910305053,48.043569085927984],[-107.35477163597201,48.0435509281077],[-107.3547710179401,48.043537541363875],[-107.35483495803629,48.04347819575572],[-107.35486156638339,48.043477646443414],[-107.3548681454223,48.04347748149677],[-107.35494152763094,48.04333304463144],[-107.35485316817181,48.0432947132613]]]}"
000000000000000002df,10704,0,0,0,"{""type"":""Polygon"",""coordinates"":[[[-107.35502212387343,48.04334927968756],[-107.35497563240106,48.04335026866996],[-107.35494152763094,48.04333304463144],[-107.3548681454223,48.04347748149677],[-107.35491514645678,48.0434854538681],[-107.35503513894275,48.04348746245242],[-107.35504215315248,48.043348895283984],[-107.35502212387343,48.04334927968756]]]}"
000000000000000002d9,10705,0,0,0,"{""type"":""Polygon"",""coordinates"":[[[-107.35512906665676,48.0433560434765],[-107.35510245832118,48.04335659286152],[-107.35504873218106,48.043348730325626],[-107.35504215315248,48.043348895283984],[-107.35503513894275,48.04348746245242],[-107.35508192999437,48.04349102508706],[-107.3551292946132,48.043507903424874],[-107.3551756776975,48.04350248893844],[-107.35516897917346,48.04335521938479],[-107.35512906665676,48.0433560434765]]]}"
00000000000000000287,10706,0,0,0,"{""type"":""Polygon"",""coordinates"":[[[-107.35524720439237,48.04331789174061],[-107.35520765531395,48.04332762190632],[-107.35519558752682,48.04335466998087],[-107.35516897917346,48.04335521938479],[-107.3551756776975,48.04350248893844],[-107.35524866926215,48.04349652500674],[-107.35529366262094,48.043459840609955],[-107.35533357531882,48.04345901644348],[-107.35534019901746,48.043458922464126],[-107.35524720439237,48.04331789174061]]]}"
000000000000000002da,10707,0,0,0,"{""type"":""Polygon"",""coordinates"":[[[-107.35531797746668,48.04326286174037],[-107.35531135380455,48.043262955716884],[-107.35526672415804,48.04330854601562],[-107.35524720439237,48.04331789174061],[-107.35534019901746,48.043458922464126],[-107.35534651609179,48.04344983565437],[-107.35539228092215,48.04343103436185],[-107.35541143726569,48.04341278252948],[-107.35545073167917,48.043398571617175],[-107.355457202049,48.04339398122046],[-107.35531797746668,48.04326286174037]]]}"
00000000000000000273,10708,0,0,0,"{""type"":""Polygon"",""coordinates"":[[[-107.35531797746668,48.04326286174037],[-107.355457202049,48.04339398122046],[-107.35550856406368,48.04335272217382],[-107.35554076974402,48.04332971495867],[-107.35556665114652,48.04331135337337],[-107.35557995536276,48.043311078616355],[-107.3555994751137,48.04330173282518],[-107.35531797746668,48.04326286174037]]]}"
00000000000000000278,10709,0,0,0,"{""type"":""Polygon"",""coordinates"":[[[-107.35570954215932,48.043232491619676],[-107.35562160175122,48.04320298031509],[-107.35534858314503,48.04320417530174],[-107.35534355945246,48.04323994860829],[-107.35531109902657,48.04325847508472],[-107.35531797746668,48.04326286174037],[-107.3555994751137,48.04330173282518],[-107.35569100437446,48.04326413009999],[-107.35571761281001,48.04326358055001],[-107.35574385768993,48.04325412496662],[-107.35570954215932,48.043232491619676]]]}"
00000000000000000283,10710,0,0,0,"{""type"":""Polygon"",""coordinates"":[[[-107.35548284194928,48.04308075178789],[-107.3554504263194,48.04309934925081],[-107.35537878062195,48.0431365119122],[-107.35534693854669,48.04316842499818],[-107.35534842983031,48.04319967890851],[-107.35534858314503,48.04320417530174],[-107.35562160175122,48.04320298031509],[-107.35548284194928,48.04308075178789]]]}"
0000000000000000027e,10711,0,0,0,"{""type"":""Polygon"",""coordinates"":[[[-107.35563405743288,48.04303745994329],[-107.35556794497471,48.04304781071898],[-107.35553461162812,48.04304846997764],[-107.35548284194928,48.04308075178789],[-107.35562160175122,48.04320298031509],[-107.35570954215932,48.043232491619676],[-107.35563405743288,48.04303745994329]]]}"
00000000000000000286,10712,0,0,0,"{""type"":""Polygon"",""coordinates"":[[[-107.3557946009289,48.04319947924466],[-107.35578629943731,48.04301653147004],[-107.35569327922279,48.04302288028198],[-107.35563405743288,48.04303745994329],[-107.35570954215932,48.043232491619676],[-107.35574385768993,48.04325412496662],[-107.35577021129866,48.04324909477315],[-107.35578253354002,48.043226527316804],[-107.35574930142563,48.04322717089159],[-107.35578776703822,48.0431951636304],[-107.3557946009289,48.04319947924466]],[[-107.35578776703822,48.0431951636304],[-107.35578005990442,48.043172980758165],[-107.35576758431684,48.043191051800086],[-107.35578776703822,48.0431951636304]]]}"
0000000000000000027a,10713,0,0,0,"{""type"":""Polygon"",""coordinates"":[[[-107.35594842314694,48.04306678032092],[-107.35589396952768,48.04304110633219],[-107.35581995179805,48.04302470710763],[-107.3557928784584,48.04301636646183],[-107.35578629943731,48.04301653147004],[-107.3557946009289,48.04319947924466],[-107.35596147247037,48.043062024901474],[-107.35594842314694,48.04306678032092]]]}"
00000000000000000279,10714,0,0,0,"{""type"":""MultiPolygon"",""coordinates"":[[[[-107.35578921406663,48.04322634654046],[-107.35578253354002,48.043226527316804],[-107.35577021129866,48.04324909477315],[-107.3557899858463,48.04324422958313],[-107.35581659429555,48.04324368000551],[-107.35584243094621,48.04322524737914],[-107.35578921406663,48.04322634654046]]],[[[-107.3560260291277,48.043016065674394],[-107.35597466789208,48.04305732471329],[-107.35596147247037,48.043062024901474],[-107.3557946009289,48.04319947924466],[-107.35580168966031,48.04320827548338],[-107.35582829808712,48.04320772590347],[-107.35590858848235,48.04321496736745],[-107.35591583063623,48.04322825999199],[-107.35605794921621,48.043131514851325],[-107.3560371925653,48.04311408746852],[-107.35606008990547,48.04303321820705],[-107.3560260291277,48.043016065674394]]]]}"
00000000000000000288,10715,0,0,0,"{""type"":""MultiPolygon"",""coordinates"":[[[[-107.35624301594751,48.04310096491611],[-107.35624409968253,48.04312324175467],[-107.35623141401486,48.04313690321834],[-107.35622509715495,48.04314599002666],[-107.35630270317488,48.04309527507838],[-107.35624301594751,48.04310096491611]]],[[[-107.35613341477917,48.043179096781806],[-107.35609884406209,48.04315298299468],[-107.35607161708162,48.04314014602855],[-107.35605794921621,48.043131514851325],[-107.35591583063623,48.04322825999199],[-107.35591644909383,48.04324164663855],[-107.35591142590611,48.04327741998764],[-107.35594429451149,48.04326787032724],[-107.35597696508886,48.043253753262746],[-107.35602494879244,48.0432840177225],[-107.35616064182682,48.04319193373823],[-107.35613341477917,48.043179096781806]]]]}"
00000000000000000277,10716,0,0,0,"{""type"":""Polygon"",""coordinates"":[[[-107.35631025722043,48.043112961485676],[-107.35630938371413,48.043095094265894],[-107.35630270317488,48.04309527507838],[-107.35622509715495,48.04314599002666],[-107.35620877912345,48.043226694457],[-107.35616064182682,48.04319193373823],[-107.35602494879244,48.0432840177225],[-107.35603840646208,48.04328823929783],[-107.35609409765391,48.04334068664702],[-107.35611449080857,48.04334920805063],[-107.35637293616446,48.04317422044703],[-107.35631025722043,48.043112961485676]]]}"
0000000000000000027b,10717,0,0,0,"{""type"":""Polygon"",""coordinates"":[[[-107.35644799410873,48.04321282513803],[-107.35642723714349,48.04319539782062],[-107.35637998044139,48.04318294563474],[-107.35637293616446,48.04317422044703],[-107.35611449080857,48.04334920805063],[-107.35612132478846,48.04335352365202],[-107.35614197284197,48.04336652568769],[-107.3561897020185,48.04339230948234],[-107.35620424347056,48.043418808006834],[-107.35632699623291,48.04333590442059],[-107.35632016221649,48.04333158883624],[-107.35630649418982,48.04332295766701],[-107.35627926695642,48.04331012072461],[-107.35626508916229,48.043292528292966],[-107.35633844473227,48.04329546957334],[-107.35637214230023,48.043303716045635],[-107.35648205541194,48.04322997757182],[-107.35644799410873,48.04321282513803]]]}"
00000000000000000276,10718,0,0,0,"{""type"":""MultiPolygon"",""coordinates"":[[[[-107.35650358456101,48.04326528792272],[-107.35650322081362,48.04325638190407],[-107.35648205541194,48.04322997757182],[-107.35637214230023,48.043303716045635],[-107.35639936958943,48.04331655295866],[-107.35646701978264,48.0433375264849],[-107.35653204927245,48.04330489809019],[-107.35650358456101,48.04326528792272]]],[[[-107.35642932639051,48.043387417180966],[-107.35632699623291,48.04333590442059],[-107.35620424347056,48.043418808006834],[-107.35620449835764,48.04342328864759],[-107.35624601223196,48.04345814353333],[-107.35626019006907,48.04347573602235],[-107.35628048190068,48.0434842731763],[-107.35644278420291,48.04339163870423],[-107.35642932639051,48.043387417180966]]]]}"
0000000000000000028a,10719,0,0,0,"{""type"":""GeometryCollection"",""geometries"":[{""type"":""LineString"",""coordinates"":[[-107.35628051737203,48.043484269301324],[-107.35628717168568,48.04348413275657]]},{""type"":""Polygon"",""coordinates"":[[[-107.35634238929565,48.04352764944459],[-107.35635682212178,48.04354972259129],[-107.35636365618267,48.04355403818986],[-107.35655816426919,48.043438395846074],[-107.35655133019077,48.04343408027134],[-107.3565376174068,48.04342537812162],[-107.35652384779476,48.043416762738545],[-107.35649723902188,48.04341731252254],[-107.35648352626461,48.043408610367194],[-107.35644278420291,48.04339163870423],[-107.35628720714111,48.0434841633622],[-107.35623559045582,48.04352094227481],[-107.35613374732375,48.04362577000311],[-107.35609128503896,48.043715915178936],[-107.35633119560464,48.04357256512681],[-107.35631742602116,48.043563949689116],[-107.3563170176906,48.0435549726177],[-107.35627674078509,48.04354689113803],[-107.35630247609676,48.04352847404501],[-107.35630894644736,48.04352388357989],[-107.35634238929565,48.04352764944459]],[[-107.35630894644736,48.04352388357989],[-107.35630185750358,48.04351508733105],[-107.356295488624,48.04351966202744],[-107.35630894644736,48.04352388357989]]]}]}"
00000000000000000274,10720,0,0,0,"{""type"":""MultiPolygon"",""coordinates"":[[[[-107.35661991864063,48.04347727547456],[-107.35659931488611,48.04346434452256],[-107.35657855768689,48.04344691716016],[-107.35655816426919,48.043438395846074],[-107.35636365618267,48.04355403818986],[-107.35639833633803,48.04358457748653],[-107.35645217272119,48.04359686468681],[-107.35645900680849,48.043601180281804],[-107.35647256617357,48.04360538604837],[-107.35647271962256,48.04360988247122],[-107.35665438873193,48.043503404981855],[-107.35661991864063,48.04347727547456]]],[[[-107.35640096428614,48.043642620854015],[-107.35640019221923,48.043624737687495],[-107.3563727098083,48.04360742004867],[-107.35635904166679,48.04359878884437],[-107.35634527206354,48.043590173406876],[-107.35633119560464,48.04357256512681],[-107.35609128503896,48.043715915178936],[-107.35608506951219,48.04372498631468],[-107.35607439249345,48.04378330469545],[-107.35605000269753,48.043832920852594],[-107.35604440563309,48.043855378808466],[-107.35607050485521,48.043845867784235],[-107.35640779837144,48.04364693645648],[-107.35640096428614,48.043642620854015]]]]}"
000000000000000002d6,10721,0,0,0,"{""type"":""MultiPolygon"",""coordinates"":[[[[-107.35650340424829,48.043698559242415],[-107.35648388430893,48.04370790529332],[-107.35646271870182,48.043681500734316],[-107.35647519423767,48.04366342943394],[-107.35642193174006,48.043664457980746],[-107.35642156801842,48.04365555189323],[-107.35641473392899,48.04365123629114],[-107.35640779837144,48.04364693645648],[-107.35607050485521,48.043845867784235],[-107.3563153650725,48.04380961159563],[-107.35636134064076,48.04379521937086],[-107.35651049328608,48.04370735550477],[-107.35650340424829,48.043698559242415]],[[-107.35641172042426,48.04373166664998],[-107.35641870796822,48.043740478692946],[-107.3564316487354,48.04373129770811],[-107.35641172042426,48.04373166664998]],[[-107.35643647348145,48.04369095660039],[-107.35643025801957,48.04370002775256],[-107.35641063660664,48.04370938955655],[-107.35647057982302,48.043708180184744],[-107.35643647348145,48.04369095660039]]],[[[-107.35649554310201,48.04367187980023],[-107.35650340424829,48.043698559242415],[-107.35651696365942,48.04370276500935],[-107.35678954446998,48.043545296515966],[-107.35678892569871,48.043531909805374],[-107.35678121783334,48.043509726889546],[-107.3567345791899,48.04351066152365],[-107.35672251223298,48.043537709863934],[-107.35670262859759,48.04353814986362],[-107.35665438873193,48.043503404981855],[-107.35647271962256,48.04360988247122],[-107.35646707820062,48.04363226934911],[-107.35647519423767,48.04366342943394],[-107.35649554310201,48.04367187980023]]]]}"
000000000000000002d2,10722,0,0,0,"{""type"":""Polygon"",""coordinates"":[[[-107.35691299767791,48.043623142357454],[-107.3568722103662,48.0436060998234],[-107.35680419535056,48.04357622043098],[-107.35678322762736,48.04355438343152],[-107.35678954446998,48.043545296515966],[-107.35651696365942,48.04370276500935],[-107.35652379777733,48.04370708060767],[-107.35651111195179,48.0437207422647],[-107.35651049328608,48.04370735550477],[-107.35636134064076,48.04379521937086],[-107.35642102905241,48.04378952935393],[-107.35692045067556,48.0436408446524],[-107.35691299767791,48.043623142357454]],[[-107.35679859874826,48.04359867830906],[-107.35678508393342,48.04359454359109],[-107.356785702702,48.04360793031778],[-107.35679859874826,48.04359867830906]]]}"
00000000000000000265,10723,0,0,0,"{""type"":""Polygon"",""coordinates"":[[[-107.35658047296866,48.043781820933106],[-107.35657400258384,48.04378641144005],[-107.3574195729066,48.04377799524996],[-107.35741248357039,48.043769199050566],[-107.35736511638916,48.04375232182199],[-107.3572058249028,48.04376452800472],[-107.35717212643011,48.043756281775956],[-107.35711854414946,48.04374847562875],[-107.35704467701264,48.04373657363378],[-107.35702391936316,48.043719146288645],[-107.35699669138874,48.04370630947176],[-107.35699607254485,48.043692922723174],[-107.35699566404936,48.04368394563674],[-107.35692728486042,48.04364516021515],[-107.35692045067556,48.0436408446524],[-107.35642102905241,48.04378952935393],[-107.35656742337244,48.04378657650915],[-107.35656058923249,48.04378226090794],[-107.35658047296866,48.043781820933106]],[[-107.35656058923249,48.04378226090794],[-107.35655997054991,48.04376887413303],[-107.35654702978181,48.0437780551418],[-107.35656058923249,48.04378226090794]],[[-107.35654019564724,48.043773739539695],[-107.35652016581967,48.04377412427339],[-107.35652725487532,48.04378292054675],[-107.35654019564724,48.043773739539695]]]}"
000000000000000002cc,10724,0,0,0,"{""type"":""Polygon"",""coordinates"":[[[-107.35654241542142,48.043822805992654],[-107.35656255410443,48.043826846694074],[-107.35656342771576,48.04384471415859],[-107.35720082861366,48.043947753093775],[-107.35727345845987,48.04393288138663],[-107.35735142965473,48.04389107091284],[-107.35734434032125,48.04388227468934],[-107.35736437038291,48.04388188977666],[-107.3574290367737,48.04384035430289],[-107.3574195729066,48.04377799524996],[-107.35657400258384,48.04378641144005],[-107.35656753219783,48.043791001946985],[-107.35656742337244,48.04378657650915],[-107.35642102905241,48.04378952935393],[-107.35636134064076,48.04379521937086],[-107.3563153650725,48.04380961159563],[-107.35652988301037,48.04384096412585],[-107.35653656369959,48.043840783291145],[-107.35652227674727,48.0438187652871],[-107.35654241542142,48.043822805992654]],[[-107.3573246667576,48.04388712450306],[-107.35730442631716,48.04388309973308],[-107.35731151563822,48.04389189595998],[-107.3573246667576,48.04388712450306]],[[-107.35717261756092,48.04391262334985],[-107.35718032575183,48.04393480639663],[-107.35721962083771,48.04392059460031],[-107.35717261756092,48.04391262334985]],[[-107.35717261756092,48.04391262334985],[-107.35716537474885,48.043899330663244],[-107.35715905790249,48.043908417665115],[-107.35717261756092,48.04391262334985]],[[-107.3569848598805,48.04388521879414],[-107.35697130028137,48.04388101308353],[-107.35697176560461,48.04388990343567],[-107.3569848598805,48.04388521879414]],[[-107.35694391872393,48.04386367977112],[-107.35695701298968,48.043858995135984],[-107.35694329990257,48.043850292981396],[-107.35694391872393,48.04386367977112]],[[-107.35656182659753,48.043809034468005],[-107.35658145541686,48.04380411382075],[-107.3565677871276,48.04379548261753],[-107.35656182659753,48.043809034468005]],[[-107.35656255410443,48.043826846694074],[-107.35658232903802,48.04382198127707],[-107.35656219035099,48.043817940580276],[-107.35656255410443,48.043826846694074]],[[-107.35656219035099,48.043817940580276],[-107.35656182659753,48.043809034468005],[-107.35654863088732,48.04381373481185],[-107.35656219035099,48.043817940580276]],[[-107.35654092314466,48.04379155175417],[-107.35650773489034,48.043792266618716],[-107.35651482394508,48.043801062896065],[-107.35654092314466,48.04379155175417]],[[-107.35652227674727,48.0438187652871],[-107.35652165807946,48.04380537850223],[-107.35650871729383,48.04381455951268],[-107.35652227674727,48.0438187652871]],[[-107.35694391872393,48.04386367977112],[-107.35690985648276,48.043846527317676],[-107.35689732419026,48.04386468550414],[-107.35693806716124,48.043881657104116],[-107.35694391872393,48.04386367977112]]]}"
000000000000000002d4,10725,0,0,0,"{""type"":""Polygon"",""coordinates"":[[[-107.35652988301037,48.04384096412585],[-107.3563153650725,48.04380961159563],[-107.35607050485521,48.043845867784235],[-107.35604440563309,48.043855378808466],[-107.35603928094719,48.043891168351614],[-107.35658826100148,48.04395136862837],[-107.35658034291502,48.04392477583518],[-107.35660048166469,48.0439288165348],[-107.35659488487745,48.043951274556925],[-107.35696294627235,48.043988382522066],[-107.35703593996777,48.043982417119686],[-107.35715490958077,48.043962059002205],[-107.35720082861366,48.043947753093775],[-107.35656342771576,48.04384471415859],[-107.35656404639805,48.04385810095286],[-107.35652387782636,48.04385444498596],[-107.35652988301037,48.04384096412585]],[[-107.35657833339445,48.0438801189661],[-107.35659810835847,48.04387525354012],[-107.3565843385675,48.04386663809624],[-107.35657833339445,48.0438801189661]],[[-107.35656502883356,48.04388039387346],[-107.356572117921,48.043889190160556],[-107.35657833339445,48.0438801189661],[-107.35656502883356,48.04388039387346]],[[-107.35657387250355,48.04392936635533],[-107.35655373376247,48.043925325649845],[-107.35656082285381,48.04393412194521],[-107.35657387250355,48.04392936635533]],[[-107.35649363669397,48.04392203863889],[-107.35647349798353,48.04391799791633],[-107.35648058704834,48.04392679421708],[-107.35649363669397,48.04392203863889]],[[-107.35656502883356,48.04388039387346],[-107.35656466508033,48.04387148775058],[-107.35653754611897,48.04386307620506],[-107.35652387782636,48.04385444498596],[-107.35649141699278,48.04387297208996],[-107.35656502883356,48.04388039387346]]]}"
00000000000000000289,10726,0,0,0,"{""type"":""Polygon"",""coordinates"":[[[-107.35659488487745,48.043951274556925],[-107.35658826100148,48.04395136862837],[-107.35603928094719,48.043891168351614],[-107.35604030769423,48.04391353230043],[-107.35601576436895,48.043958652120395],[-107.35600890674571,48.04410171735998],[-107.35604672399921,48.044199262519406],[-107.35660703236502,48.04407159099619],[-107.35659983440952,48.04405836922135],[-107.35661324786741,48.04406251976716],[-107.35661350280131,48.044067000460714],[-107.35696294627235,48.043988382522066],[-107.35659488487745,48.043951274556925]],[[-107.3566038300682,48.04400023133311],[-107.35658364664565,48.04399611962923],[-107.35659063428687,48.04400493170169],[-107.3566038300682,48.04400023133311]],[[-107.35658887969072,48.043964755449586],[-107.35656863945475,48.04396073051304],[-107.35657572855666,48.043969526812994],[-107.35658887969072,48.043964755449586]],[[-107.35660543121682,48.044035911152505],[-107.35658529240881,48.04403187044713],[-107.35659289874529,48.04405406936935],[-107.35660543121682,48.044035911152505]],[[-107.35658005934567,48.04406323466724],[-107.35655992053164,48.04405919395458],[-107.35656686354173,48.04406793503878],[-107.35658005934567,48.04406323466724]],[[-107.35656551736068,48.044036735887154],[-107.35654537856553,48.044032695173016],[-107.35655232156677,48.04404143625407],[-107.35656551736068,48.044036735887154]]]}"
000000000000000002d5,10727,0,0,0,"{""type"":""Polygon"",""coordinates"":[[[-107.35645044816681,48.04428920553285],[-107.35697748858928,48.04401488120894],[-107.35703593996777,48.043982417119686],[-107.35696294627235,48.043988382522066],[-107.35661350280131,48.044067000460714],[-107.35663528744534,48.04410679202922],[-107.35660826975233,48.044098364703046],[-107.35660703236502,48.04407159099619],[-107.35604672399921,48.044199262519406],[-107.3560610107174,48.0442212807603],[-107.35615246732233,48.04432654614966],[-107.35623517782699,48.04438742191564],[-107.35624216542249,48.04439623408053],[-107.35644397768077,48.044293796078065],[-107.35643688856653,48.04428499971421],[-107.35645044816681,48.04428920553285]],[[-107.35697748858928,48.04401488120894],[-107.35697003550318,48.04399717879422],[-107.35694353505734,48.04400215417612],[-107.35697748858928,48.04401488120894]],[[-107.35643652485044,48.044276093521056],[-107.35645655493067,48.04427570879475],[-107.35644274042178,48.044267022265906],[-107.35643652485044,48.044276093521056]],[[-107.35643688856653,48.04428499971421],[-107.35643652485044,48.044276093521056],[-107.35642347507715,48.044280849126885],[-107.35643688856653,48.04428499971421]],[[-107.35641514873188,48.04424527896157],[-107.35639500987642,48.04424123820128],[-107.35640220777141,48.04425446003921],[-107.35641514873188,48.04424527896157]],[[-107.35641721486597,48.04428984938243],[-107.35639697451427,48.04428582438757],[-107.35640431852292,48.0442991014695],[-107.35641721486597,48.04428984938243]]]}"
000000000000000002e7,10728,0,0,0,"{""type"":""GeometryCollection"",""geometries"":[{""type"":""LineString"",""coordinates"":[[-107.35703252029778,48.04405393838573],[-107.35702606960422,48.044058537224466]]},{""type"":""Polygon"",""coordinates"":[[[-107.3567497683571,48.044278622032806],[-107.35675598387435,48.04426955075827],[-107.35674925845805,48.04426966061137],[-107.3567497683571,48.044278622032806]]]},{""type"":""Polygon"",""coordinates"":[[[-107.35673657247045,48.04428332244915],[-107.35674304293961,48.044278731885534],[-107.35672973821276,48.04427900682205],[-107.35673657247045,48.04428332244915]]]},{""type"":""Polygon"",""coordinates"":[[[-107.35665249353981,48.044338629524304],[-107.3566657982771,48.04433835459793],[-107.35667873924197,48.04432917346988],[-107.35667837546772,48.044320267271615],[-107.35665151106708,48.044316336410446],[-107.35665249353981,48.044338629524304]]]},{""type"":""Polygon"",""coordinates"":[[[-107.35701031334786,48.04400526002818],[-107.35704426693067,48.0440179870368],[-107.35705182894259,48.04404011490859],[-107.35715490958077,48.043962059002205],[-107.35703593996777,48.043982417119686],[-107.35697748858928,48.04401488120894],[-107.35701031334786,48.04400526002818]]]},{""type"":""Polygon"",""coordinates"":[[[-107.35674925845805,48.04426966061137],[-107.35675557544579,48.04426057357024],[-107.35676245433994,48.04426496019463],[-107.35700693714435,48.044076784766666],[-107.35699337747188,48.04407257904565],[-107.3569661492714,48.04405974213918],[-107.35698468670238,48.04402810294043],[-107.35697748858928,48.04401488120894],[-107.35647643890903,48.04427526883121],[-107.35645717356508,48.04428909570112],[-107.35644423259255,48.044298276792425],[-107.35644397768077,48.044293796078065],[-107.35624216542249,48.04439623408053],[-107.35629785852454,48.04444868237267],[-107.3564142236818,48.044517733759015],[-107.35642716473919,48.04450855263113],[-107.35644010579183,48.04449937150323],[-107.35645921781514,48.044481048079874],[-107.3564858719731,48.04448056927733],[-107.3566593724274,48.0443430161628],[-107.35665249353981,48.044338629524304],[-107.35658658856059,48.04435339104865],[-107.35656619466415,48.044344869600906],[-107.35660574509515,48.04433513865117],[-107.3566184311318,48.044321476815945],[-107.35657877189168,48.044326782284465],[-107.35660450771931,48.04430836482293],[-107.35665151106708,48.044316336410446],[-107.35665699906971,48.04428945274717],[-107.35667791022121,48.04431137684302],[-107.3566830986295,48.044279941468695],[-107.35671021796168,48.044288353030566],[-107.35672973821276,48.04427900682205],[-107.35672937442536,48.04427010063284],[-107.35674925845805,48.04426966061137]],[[-107.35667280703282,48.04419978519681],[-107.35668051492489,48.04422196841305],[-107.35669304743087,48.044203810125616],[-107.35667280703282,48.04419978519681]],[[-107.35666234095629,48.044262513865],[-107.35666968507756,48.044275790917816],[-107.35668258138423,48.04426653880008],[-107.35666234095629,48.044262513865]],[[-107.35663619677557,48.044271954133535],[-107.35664343941478,48.04428524695912],[-107.35665638036211,48.04427606584385],[-107.35663619677557,48.044271954133535]],[[-107.35653362456779,48.04435897141761],[-107.35654061225253,48.04436778355368],[-107.35656681333732,48.04435825652327],[-107.35653362456779,48.04435897141761]],[[-107.3565051591637,48.04431936047078],[-107.35652607020536,48.044341284615065],[-107.35653885773444,48.04432760702026],[-107.3565051591637,48.04431936047078]],[[-107.35653558936635,48.04440355769725],[-107.3565426785314,48.04441235407243],[-107.3565556195364,48.04440317294701],[-107.35653558936635,48.04440355769725]],[[-107.35648378295082,48.044288545903534],[-107.3565098825037,48.044279034672556],[-107.35647643890903,48.04427526883121],[-107.35648378295082,48.044288545903534]],[[-107.35649770629536,48.04430165791085],[-107.35648389176151,48.044292971384266],[-107.35647767619238,48.044302042646535],[-107.35649770629536,48.04430165791085]],[[-107.3564513217113,48.04430707315785],[-107.35647865855964,48.044324335758766],[-107.35647767619238,48.044302042646535],[-107.3564513217113,48.04430707315785]],[[-107.35642569465625,48.04432991606271],[-107.35643289257851,48.04434313792004],[-107.35644583356893,48.04433395682196],[-107.35642569465625,48.04432991606271]],[[-107.35660896866808,48.044259117074354],[-107.35659545367079,48.044254982282126],[-107.35660414396278,48.044299458627464],[-107.35662391915741,48.044294593151335],[-107.35660896866808,48.044259117074354]]]}]}"
000000000000000002e9,10729,0,0,0,"{""type"":""MultiPolygon"",""coordinates"":[[[[-107.35674613663564,48.04434566643292],[-107.35669245239158,48.04433787574033],[-107.35667873924197,48.04432917346988],[-107.3566657982771,48.04433835459793],[-107.35667252369983,48.04433824475038],[-107.35665958273094,48.04434742587927],[-107.35655013144162,48.04443005666522],[-107.3564858719731,48.04448056927733],[-107.35655214088969,48.04447471400575],[-107.3565856861699,48.0444784640615],[-107.35661146674312,48.04446011754296],[-107.35665097267318,48.04445031554872],[-107.3567106622938,48.044444625249525],[-107.35670983326058,48.044426828584015],[-107.35672313803754,48.04442655364821],[-107.35672236583558,48.04440867021997],[-107.35673546029547,48.04440398556142],[-107.35674752759002,48.04437693676341],[-107.35680659838052,48.04435785949189],[-107.35675322585746,48.04435446278136],[-107.35674613663564,48.04434566643292]],[[-107.35673319567151,48.04435484757293],[-107.35674690885102,48.04436354983911],[-107.35675322585746,48.04435446278136],[-107.35673319567151,48.04435484757293]],[[-107.35671506630456,48.04439546413952],[-107.35669550135431,48.04440473936655],[-107.35672236583558,48.04440867021997],[-107.35671506630456,48.04439546413952]],[[-107.35670259056998,48.044413535728815],[-107.35668307024402,48.044422881957715],[-107.35670983326058,48.044426828584015],[-107.35670259056998,48.044413535728815]],[[-107.35655722061564,48.044438853043545],[-107.35658336491484,48.04442941276344],[-107.35655013144162,48.04443005666522],[-107.35655722061564,48.044438853043545]]],[[[-107.35707386913928,48.04408438703513],[-107.35706699021569,48.04408000044897],[-107.35700693714435,48.044076784766666],[-107.35676245433994,48.04426496019463],[-107.35677586791235,48.04426911073114],[-107.35675598387435,48.04426955075827],[-107.3567497683571,48.044278622032806],[-107.35674304293961,48.044278731885534],[-107.35673657247045,48.04428332244915],[-107.3567573302062,48.044300750042105],[-107.35682312629662,48.044281562937414],[-107.35689710310317,48.04429789068591],[-107.35690444733306,48.04431116772696],[-107.35708256003015,48.04412886317699],[-107.35707593608771,48.044128957284144],[-107.35707510686811,48.04411116073383],[-107.35710171630093,48.04411061076533],[-107.35713977379699,48.044069625259695],[-107.35726724309735,48.04394195263247],[-107.35727345845987,48.04393288138663],[-107.35720082861366,48.043947753093775],[-107.35715490958077,48.043962059002205],[-107.35705182894259,48.04404011490859],[-107.35705208393064,48.04404459559768],[-107.3570325638191,48.044053941826476],[-107.3570260934066,48.0440585323885],[-107.35705285630418,48.04406247889457],[-107.35707284176557,48.044062023040325],[-107.35708717384503,48.04408411205239],[-107.35707386913928,48.04408438703513]],[[-107.3571242039143,48.044020762597995],[-107.35713129320138,48.044029558862235],[-107.35713776360309,48.04402496829592],[-107.3571242039143,48.044020762597995]],[[-107.35711301085918,48.04406567877839],[-107.35712025367457,48.0440789715111],[-107.35713977379699,48.044069625259695],[-107.35711301085918,48.04406567877839]],[[-107.35709421849567,48.04409283732974],[-107.35710068891107,48.04408824676003],[-107.35708717384503,48.04408411205239],[-107.35709421849567,48.04409283732974]],[[-107.35706077478898,48.044089071708534],[-107.3570678640674,48.04409786798916],[-107.35707386913928,48.04408438703513],[-107.35706077478898,48.044089071708534]]]]}"
000000000000000002d1,10730,0,0,0,"{""type"":""MultiPolygon"",""coordinates"":[[[[-107.35710171630093,48.04411061076533],[-107.35711502102001,48.04411033577825],[-107.35711461250108,48.044101358621354],[-107.35710171630093,48.04411061076533]]],[[[-107.35711461250108,48.044101358621354],[-107.35712791721865,48.04410108363257],[-107.35712915498641,48.044127857338104],[-107.35708256003015,48.04412886317699],[-107.35690444733306,48.04431116772696],[-107.35691205392683,48.04433336673573],[-107.35689973177941,48.04435593481199],[-107.35692659630881,48.04435986560327],[-107.35694720071575,48.04437279668948],[-107.35697381029978,48.044372246749916],[-107.35700082837809,48.044380674007336],[-107.35702081399965,48.044380218157116],[-107.35715802965562,48.044176445103844],[-107.3571509403357,48.044167648817734],[-107.35713722706734,48.0441589466442],[-107.35712992739525,48.044145740661904],[-107.35716285376118,48.04413610363284],[-107.35716906917912,48.044127032358716],[-107.35714893013495,48.044122991770756],[-107.35716870528265,48.044118126199805],[-107.35715307850676,48.04406935026778],[-107.35718092573866,48.04409557396566],[-107.35721421597239,48.044094843082306],[-107.35722032247246,48.044081346352336],[-107.35721985709091,48.04407245597037],[-107.3572265378699,48.044072275084496],[-107.35726724309735,48.04394195263247],[-107.35713977379699,48.044069625259695],[-107.35711461250108,48.044101358621354]],[[-107.35712293956135,48.04413692860995],[-107.35709648362466,48.044141975050984],[-107.35712992739525,48.044145740661904],[-107.35712293956135,48.04413692860995]],[[-107.35695942137507,48.04435024436873],[-107.35693219300346,48.04433740738889],[-107.35692659630881,48.04435986560327],[-107.35695942137507,48.04435024436873]],[[-107.35721297814096,48.04406806939635],[-107.3571926287436,48.044059619132],[-107.35717368289407,48.04408228123407],[-107.35721985709091,48.04407245597037],[-107.35721297814096,48.04406806939635]],[[-107.35719869060745,48.044046051412316],[-107.35717829659264,48.04403753014785],[-107.3571855394322,48.04405082286787],[-107.35721261423292,48.04405916324792],[-107.35722493611716,48.04403659526604],[-107.35719869060745,48.044046051412316]]]]}"
00000000000000000319,10731,0,0,0,"{""type"":""GeometryCollection"",""geometries"":[{""type"":""Point"",""coordinates"":[-107.35721422569503,48.04409487282331]},{""type"":""Polygon"",""coordinates"":[[[-107.35718624086428,48.044211575025095],[-107.35715802965562,48.044176445103844],[-107.35702081399965,48.044380218157116],[-107.35707382287363,48.04437470851109],[-107.35713434183025,48.04438681459124],[-107.35716095147716,48.044386264597975],[-107.35718833356121,48.044403598008],[-107.35720163839738,48.044403323004374],[-107.35721494323538,48.04440304799887],[-107.35721321430623,48.04421993119639],[-107.35718624086428,48.044211575025095]]]}]}"
000000000000000002ce,10732,0,0,0,"{""type"":""MultiPolygon"",""coordinates"":[[[[-107.35722032247246,48.044081346352336],[-107.35721421597239,48.044094843082306],[-107.35724770439268,48.04409867964862],[-107.35727390530707,48.044089152478186],[-107.35727354138452,48.04408024632677],[-107.35722032247246,48.044081346352336]]],[[[-107.3573405567665,48.04423521377405],[-107.3572873375947,48.04423631384667],[-107.35721321430623,48.04421993119639],[-107.35721494323538,48.04440304799887],[-107.35723497355006,48.04440266310298],[-107.35726816260505,48.044401947957915],[-107.35734762777703,48.044391391636054],[-107.35735386156391,48.044234938751174],[-107.3573405567665,48.04423521377405]]],[[[-107.35727345845987,48.04393288138663],[-107.35726724309735,48.04394195263247],[-107.3572265378699,48.044072275084496],[-107.35731992598897,48.044074830704766],[-107.35732090887761,48.044097123698386],[-107.35734792694598,48.044105550813924],[-107.35735241256903,48.04391336382725],[-107.35734557825646,48.04390904827596],[-107.35735230365056,48.043908938382316],[-107.35735142965473,48.04389107091284],[-107.35727345845987,48.04393288138663]],[[-107.35724522868088,48.04404513228857],[-107.35725293694063,48.044067315383906],[-107.35726546918784,48.04404915708183],[-107.35724522868088,48.04404513228857]]]]}"
000000000000000002c8,10733,0,0,0,"{""type"":""MultiPolygon"",""coordinates"":[[[[-107.35747447886743,48.04425033104369],[-107.3574411437665,48.04425099102516],[-107.35736716636308,48.04423466372639],[-107.35735386156391,48.044234938751174],[-107.35734762777703,48.044391391636054],[-107.35738096297074,48.04439073168299],[-107.35742087755241,48.044389906584705],[-107.35744076179458,48.044389466413435],[-107.35746788160452,48.04439787776638],[-107.35748714685106,48.04438405066704],[-107.35748778368915,48.04425005600152],[-107.35747447886743,48.04425033104369]]],[[[-107.35746166481883,48.04411655652786],[-107.35746228382467,48.044129943377634],[-107.3574820590044,48.04412507774056],[-107.35748509551105,48.043901707423736],[-107.35746542192429,48.04390655726875],[-107.35745103278184,48.04388455516259],[-107.35748411251546,48.04387941451772],[-107.35748272090689,48.04384814451166],[-107.35746920582517,48.04384400987725],[-107.35742950220906,48.04384924464306],[-107.3574290367737,48.04384035430289],[-107.35736437038291,48.04388188977666],[-107.35739119012814,48.04388574940601],[-107.357358155046,48.04389096101892],[-107.35735142965473,48.04389107091284],[-107.35735230365056,48.043908938382316],[-107.35739242809754,48.04391252299293],[-107.35735934835525,48.04391766360962],[-107.35735241256903,48.04391336382725],[-107.35734792694598,48.044105550813924],[-107.35736144208785,48.044109685484564],[-107.35738846018644,48.04411811258993],[-107.35740176494869,48.044117837561906],[-107.35742837447852,48.04411728750019],[-107.35744131528317,48.044108106311995],[-107.35744774104755,48.04410344471778],[-107.35746166481883,48.04411655652786]],[[-107.3574701888129,48.043866302768535],[-107.35745652016071,48.04385767169106],[-107.35745041377513,48.04387116837552],[-107.3574701888129,48.043866302768535]],[[-107.35743896609969,48.043911603779264],[-107.3574591051286,48.04391564429036],[-107.35746542192429,48.04390655726875],[-107.35743896609969,48.043911603779264]],[[-107.35746751621154,48.044098579086565],[-107.3574540010458,48.04409444443236],[-107.35744774104755,48.04410344471778],[-107.35746751621154,48.044098579086565]],[[-107.35739930705556,48.043916909540826],[-107.35739320064121,48.043930406237635],[-107.35741359469797,48.043938927437885],[-107.35742079298903,48.043952149112926],[-107.35743275077007,48.043920675031316],[-107.35739930705556,48.043916909540826]],[[-107.35743052980828,48.04387160853744],[-107.35741779948881,48.043885199353966],[-107.35740428441107,48.04388106470736],[-107.35739817800543,48.04389456139502],[-107.35743187673519,48.04390280755957],[-107.35745041377513,48.04387116837552],[-107.35743052980828,48.04387160853744]]]]}"
000000000000000002cf,10734,0,0,0,"{""type"":""MultiPolygon"",""coordinates"":[[[[-107.35748778368915,48.04425005600152],[-107.35748714685106,48.04438405066704],[-107.35750655819643,48.04437027879913],[-107.35761946764,48.044363487729],[-107.35762057694726,48.044242824772624],[-107.35748778368915,48.04425005600152]]],[[[-107.35755695275725,48.04386895228717],[-107.35757025745409,48.04386867723873],[-107.35755633371141,48.04385556550576],[-107.35748272090689,48.04384814451166],[-107.35748411251546,48.04387941451772],[-107.35749726363353,48.043874643038286],[-107.35753758633606,48.04388279502591],[-107.35755736138802,48.043877929399514],[-107.35755695275725,48.04386895228717]]],[[[-107.35757025745409,48.04386867723873],[-107.35757066608814,48.04387765435087],[-107.35755736138802,48.043877929399514],[-107.35755798043378,48.04389131618664],[-107.3575184303143,48.04390104743894],[-107.35749840020945,48.043901432385056],[-107.35748509551105,48.043901707423736],[-107.3574820590044,48.04412507774056],[-107.35750173271099,48.04412022786886],[-107.35757585617122,48.04413661026043],[-107.35758890591285,48.044131854511605],[-107.35761577056252,48.04413578508983],[-107.35762198590155,48.044126713788394],[-107.35760842604888,48.04412250815497],[-107.35762157725831,48.04411773663401],[-107.3576166419024,48.043863261498956],[-107.35759665643323,48.04386371746507],[-107.35757025745409,48.04386867723873]]]]}"
00000000000000000318,10735,0,0,0,"{""type"":""GeometryCollection"",""geometries"":[{""type"":""LineString"",""coordinates"":[[-107.35762197693711,48.044126699739316],[-107.35761573002986,48.04413576085805]]},{""type"":""Polygon"",""coordinates"":[[[-107.35770309408757,48.043861516979916],[-107.35769015340155,48.0438706981572],[-107.35765732869163,48.043880319544854],[-107.35763657054025,48.04386289229732],[-107.3576166419024,48.043863261498956],[-107.35762157725831,48.04411773663401],[-107.35762198590155,48.044126713788394],[-107.35770864913607,48.04412937893262],[-107.35773489472665,48.044119922629584],[-107.35770309408757,48.043861516979916]],[[-107.35767161651593,48.04390233738343],[-107.35767212664621,48.04391129873121],[-107.35768517630768,48.04390654299177],[-107.35767161651593,48.04390233738343]]]},{""type"":""Polygon"",""coordinates"":[[[-107.35774683561519,48.04423582951275],[-107.35773353076199,48.044236104591604],[-107.35772022591057,48.044236379668575],[-107.35762057694726,48.044242824772624],[-107.35761946764,48.044363487729],[-107.35762614849924,48.04436330681223],[-107.3576537859865,48.044385120787844],[-107.35774692029088,48.04438319526065],[-107.35776022519863,48.044382920177775],[-107.35774683561519,48.04423582951275]]]}]}"
000000000000000002c6,10736,0,0,0,"{""type"":""MultiPolygon"",""coordinates"":[[[[-107.35787952017725,48.04422417245025],[-107.35785291044351,48.044224722643534],[-107.35776014047016,48.044235554432],[-107.35774683561519,48.04423582951275],[-107.35776022519863,48.044382920177775],[-107.35782017036077,48.04438170989687],[-107.35789352946377,48.04438464995839],[-107.35787952017725,48.04422417245025]]],[[[-107.3578460714669,48.0439300156416],[-107.35783949214226,48.043930180801354],[-107.35784596248932,48.043925590197325],[-107.35783541319024,48.043840953991754],[-107.35772933948218,48.04385206073175],[-107.35770309408757,48.043861516979916],[-107.35773489472665,48.044119922629584],[-107.3577415755501,48.04411974170651],[-107.35776880429533,48.04413257839356],[-107.35783424374523,48.04410892573707],[-107.35786048932577,48.04409946940359],[-107.35786732376997,48.04410378493052],[-107.3578460714669,48.0439300156416]],[[-107.35780801460642,48.04397100130229],[-107.35781572323896,48.043993184311475],[-107.35784150319985,48.04397483764764],[-107.35780801460642,48.04397100130229]],[[-107.35778181375863,48.043980528595554],[-107.35778227927835,48.04398941895567],[-107.3577953289702,48.04398466319336],[-107.35778181375863,48.043980528595554]],[[-107.35773653789708,48.043865282358],[-107.35773704804376,48.04387424369868],[-107.35775009769293,48.04386948795407],[-107.35773653789708,48.043865282358]]]]}"
000000000000000002c7,10737,0,0,0,"{""type"":""MultiPolygon"",""coordinates"":[[[[-107.35803770075745,48.04404223576983],[-107.35803112139972,48.04404240094394],[-107.3580317406157,48.04405578776572],[-107.35803770075745,48.04404223576983]]],[[[-107.35794604454273,48.044222796933944],[-107.3579194347912,48.044223347146136],[-107.35789282504678,48.04422389735076],[-107.35787952017725,48.04422417245025],[-107.35789352946377,48.04438464995839],[-107.35800022404823,48.04438692978819],[-107.35801352899306,48.044386654669175],[-107.35802550973654,48.044212240085564],[-107.35794604454273,48.044222796933944]]],[[[-107.3580317406157,48.04405578776572],[-107.35800549506035,48.04406524413758],[-107.35798370863886,48.04402545295725],[-107.35803733664845,48.04403332963403],[-107.3580485441336,48.04384103302752],[-107.35799491638763,48.04383315637925],[-107.35796846053152,48.04383820302966],[-107.35792829121333,48.043834547671736],[-107.35788190668512,48.043839963561396],[-107.35786202264427,48.043840403814464],[-107.35783541319024,48.043840953991754],[-107.35784596248932,48.043925590197325],[-107.3578525418136,48.04392542503716],[-107.35785963131451,48.04393422122607],[-107.3578460714669,48.0439300156416],[-107.35786732376997,48.04410378493052],[-107.35787441330515,48.04411258114743],[-107.35790040379771,48.04409864411297],[-107.35790003972296,48.04408973796619],[-107.3579399542012,48.04408891265909],[-107.35803272393888,48.044078080732895],[-107.3580317406157,48.04405578776572]],[[-107.35796124623809,48.04397236176518],[-107.35800825017164,48.04398033262126],[-107.35799391743213,48.04395824380748],[-107.35796124623809,48.04397236176518]],[[-107.35790913532672,48.043852800142616],[-107.35790964551606,48.043861761479164],[-107.3579224400675,48.043852525044244],[-107.35790913532672,48.043852800142616]],[[-107.35794477748084,48.044048571237155],[-107.35795248621794,48.04407075426555],[-107.35797863030278,48.04406131367664],[-107.35794477748084,48.044048571237155]],[[-107.35789694388728,48.04402280383755],[-107.35791733822244,48.04403132493857],[-107.35793126220766,48.04404443665693],[-107.35794964538307,48.04400830084615],[-107.35789694388728,48.04402280383755]],[[-107.35786811275145,48.04397428746478],[-107.35790823754891,48.043977871855],[-107.35797999344419,48.04394513211987],[-107.35799391743213,48.04395824380748],[-107.35800038777654,48.04395365319064],[-107.35801332846182,48.043944471956934],[-107.3580328484808,48.04393512555028],[-107.35799878526203,48.0439179734853],[-107.35798501491692,48.04390935824971],[-107.35795778618672,48.043896521678434],[-107.35794510061241,48.04391018356833],[-107.35788603038779,48.0439292613641],[-107.35785963131451,48.04393422122607],[-107.35786811275145,48.04397428746478]]]]}"
000000000000000002c3,10738,0,0,0,"{""type"":""MultiPolygon"",""coordinates"":[[[[-107.35810533907845,48.04421058933661],[-107.35802550973654,48.044212240085564],[-107.35801352899306,48.044386654669175],[-107.35803341335806,48.044386214371855],[-107.35810702777741,48.04439363497823],[-107.35814694266972,48.044392809569615],[-107.35815819453943,48.04420058263638],[-107.35810533907845,48.04421058933661]]],[[[-107.35803770075745,48.04404223576983],[-107.3580317406157,48.04405578776572],[-107.35803272393888,48.044078080732895],[-107.35804602877775,48.044077805613696],[-107.35805845928081,48.04405966298072],[-107.3580784895904,48.044059277911195],[-107.35809847526637,48.04405882183765],[-107.3581117801076,48.04405854670936],[-107.35812508495064,48.04405827157918],[-107.35813838979546,48.04405799644711],[-107.35815831864863,48.04405762713013],[-107.35817162349791,48.04405735199334],[-107.3581784729533,48.043914286927716],[-107.35817174749864,48.04391439688087],[-107.35817138335517,48.04390549076821],[-107.35817738806341,48.04389200980379],[-107.35818283032647,48.04386505529956],[-107.3581558566238,48.04385669946443],[-107.3580485441336,48.04384103302752],[-107.35803733664845,48.04403332963403],[-107.35804401747743,48.04403314869003],[-107.35805085194552,48.04403746419781],[-107.35803770075745,48.04404223576983]],[[-107.35805794152758,48.04404626038881],[-107.3580643104127,48.04404168552915],[-107.35805085194552,48.04403746419781],[-107.35805794152758,48.04404626038881]],[[-107.35807737547724,48.04388954921727],[-107.35805723625606,48.043885508843],[-107.35806505405006,48.04391211723376],[-107.35807763059242,48.043894029887525],[-107.35807737547724,48.04388954921727]],[[-107.35813804831646,48.04390615098615],[-107.35816346400475,48.043878898161225],[-107.35813670078755,48.04387495198724],[-107.35813023046475,48.043879542605836],[-107.35807763059242,48.043894029887525],[-107.35813804831646,48.04390615098615]]]]}"
000000000000000002c9,10739,0,0,0,"{""type"":""MultiPolygon"",""coordinates"":[[[[-107.35817792518233,48.04419564584671],[-107.35815819453943,48.04420058263638],[-107.35814694266972,48.044392809569615],[-107.35825989751095,48.04438608872291],[-107.35827382178984,48.04439920047289],[-107.35824767744766,48.044408641209785],[-107.35824804160227,48.04441754740747],[-107.35824840575681,48.04442645360666],[-107.35828174130127,48.044425793330916],[-107.35829756033007,48.044188744039865],[-107.35817792518233,48.04419564584671]]],[[[-107.3581967543903,48.04387816693573],[-107.35818308545477,48.04386953596711],[-107.35817738806341,48.04389200980379],[-107.35819762880024,48.04389603438257],[-107.35829050727497,48.04388962769331],[-107.3582379073562,48.04390411506694],[-107.35821166190364,48.04391357146525],[-107.35819835710019,48.043913846605676],[-107.3581784729533,48.043914286927716],[-107.35817162349791,48.04405735199334],[-107.35818492834895,48.044057076854656],[-107.35821738912372,48.044038549113395],[-107.35823032981853,48.044029367835265],[-107.35830244996649,48.04400553395167],[-107.35830892030398,48.04400094331003],[-107.35831613338915,48.043866784505795],[-107.35830929889936,48.04386246903156],[-107.35831587824444,48.043862303839255],[-107.35831551406514,48.043853397736896],[-107.3581967543903,48.04387816693573]],[[-107.358256443879,48.04387247573931],[-107.35826353349849,48.04388127188644],[-107.3582765831597,48.043876516069204],[-107.358256443879,48.04387247573931]]]]}"
000000000000000002ea,10740,0,0,0,"{""type"":""GeometryCollection"",""geometries"":[{""type"":""LineString"",""coordinates"":[[-107.35831613292358,48.04386679196995],[-107.35831633672363,48.04387125421556]]},{""type"":""Polygon"",""coordinates"":[[[-107.35831551406514,48.043853397736896],[-107.35831587824444,48.043862303839255],[-107.35832260370009,48.04386219387606],[-107.35831551406514,48.043853397736896]]]},{""type"":""Polygon"",""coordinates"":[[[-107.35834558451752,48.04392868741172],[-107.35832275737349,48.04386669031231],[-107.35831638853386,48.04387126517271],[-107.35830892030398,48.04400094331003],[-107.35832186097541,48.043991762026714],[-107.35832145215845,48.04398278490287],[-107.35835453218206,48.04397764394056],[-107.35834599334116,48.04393766452605],[-107.35834558451752,48.04392868741172]],[[-107.35832585400497,48.043933624207426],[-107.35833289901838,48.04394234935944],[-107.35834599334116,48.04393766452605],[-107.35832585400497,48.043933624207426]]]},{""type"":""Polygon"",""coordinates"":[[[-107.35843943428003,48.044377905092574],[-107.35840588820838,48.044374155712994],[-107.35843198032246,48.04436020269095],[-107.35839757397808,48.044191204383715],[-107.35831748928719,48.04418837468622],[-107.35829756033007,48.044188744039865],[-107.35828174130127,48.044425793330916],[-107.35832874603392,48.04443376407856],[-107.35834991377773,48.04446016855053],[-107.35839728279336,48.04447704547393],[-107.35845780323731,48.04448915070424],[-107.35843943428003,48.044377905092574]]]}]}"
000000000000000003fd,10741,0,0,0,"{""type"":""MultiPolygon"",""coordinates"":[[[[-107.35834558451752,48.04392868741172],[-107.35835453218206,48.04397764394056],[-107.35837420588683,48.04397279390344],[-107.35834558451752,48.04392868741172]]],[[[-107.35851131375303,48.04420220882164],[-107.35845100423307,48.04419451337536],[-107.35839757397808,48.044191204383715],[-107.35843198032246,48.04436020269095],[-107.35845807999763,48.044350690913305],[-107.358510571555,48.04433177780179],[-107.3585369263817,48.04432674671304],[-107.35857041563888,48.04433058281289],[-107.35858356694253,48.04432581113856],[-107.35851131375303,48.04420220882164]],[[-107.35847838718009,48.04421184633141],[-107.35843163776916,48.04420835638192],[-107.35842640611298,48.04423972077282],[-107.35848584114113,48.044229548679176],[-107.35847838718009,48.04421184633141]]],[[[-107.35864189613804,48.04443630197849],[-107.35858158612906,48.04442860659241],[-107.35856119128249,48.04442008558109],[-107.3584807417312,48.04440834982913],[-107.3585196285495,48.04438516016513],[-107.35843943428003,48.044377905092574],[-107.35845780323731,48.04448915070424],[-107.35850583641377,48.044519485513284],[-107.3585195056964,48.04452811653418],[-107.35853953635676,48.04452773135594],[-107.35860144955403,48.04457110688198],[-107.35870203939677,48.04458688283872],[-107.3587352737715,48.04458623816591],[-107.35864189613804,48.04443630197849]]]]}"
000000000000000003a3,10742,0,0,0,"{""type"":""GeometryCollection"",""geometries"":[{""type"":""LineString"",""coordinates"":[[-107.35851129056289,48.04420223253127],[-107.3585181487782,48.04420655810048]]},{""type"":""Polygon"",""coordinates"":[[[-107.35863706300587,48.044186250984296],[-107.35863069412385,48.044190825894574],[-107.35851814833993,48.04420652430699],[-107.35858356694253,48.04432581113856],[-107.35864983680355,48.0443199544098],[-107.35866241330207,48.04430186684705],[-107.35871526907415,48.04429185981424],[-107.35863706300587,48.044186250984296]]]},{""type"":""Polygon"",""coordinates"":[[[-107.35877914976902,48.04437982117623],[-107.35877246882643,48.044380002175565],[-107.35875962953014,48.044389167819865],[-107.35873280887616,48.044385308559434],[-107.35864847560771,48.04443613675838],[-107.35864189613804,48.04443630197849],[-107.3587352737715,48.04458623816591],[-107.35883509063177,48.04458413053544],[-107.35889379775975,48.044556145668906],[-107.35890710289131,48.04455587042022],[-107.35877914976902,48.04437982117623]],[[-107.35871448291067,48.04442135800082],[-107.3587273222235,48.0444121923565],[-107.35871401716877,48.04441246757754],[-107.35871448291067,48.04442135800082]],[[-107.35870257047696,48.04445290352527],[-107.35872943580631,48.04445683379815],[-107.3587421214108,48.04444317166103],[-107.35871525608601,48.044439241392624],[-107.35870257047696,48.04445290352527]]]},{""type"":""Polygon"",""coordinates"":[[[-107.358334924987,48.04383962585153],[-107.35832856371715,48.043848641915346],[-107.35831551406514,48.043853397736896],[-107.35832260370009,48.04386219387606],[-107.35832275737349,48.04386669031231],[-107.35834558451752,48.04392868741172],[-107.35837420588683,48.04397279390344],[-107.35837343286485,48.04395491066432],[-107.35841883415739,48.043927201614196],[-107.35838477062093,48.043910049697054],[-107.35841774912123,48.04390492449121],[-107.35834884911944,48.04385273745749],[-107.358334924987,48.04383962585153]],[[-107.35836576849587,48.04393279872513],[-107.35837281352164,48.043941523873755],[-107.35838590784496,48.04393683903496],[-107.35836576849587,48.04393279872513]],[[-107.35833554431841,48.043853012616594],[-107.35834921330687,48.043861643559396],[-107.35834884911944,48.04385273745749],[-107.35833554431841,48.043853012616594]]]}]}"
00000000000000000389,10743,0,0,0,"{""type"":""MultiPolygon"",""coordinates"":[[[[-107.35871430587224,48.04412662690188],[-107.3586943768639,48.0441269963389],[-107.35866937012543,48.04416322658218],[-107.35863706300587,48.044186250984296],[-107.35871526907415,48.04429185981424],[-107.3587285740859,48.04429158459477],[-107.35878702553985,48.04425911926404],[-107.3588204702166,48.04426288427044],[-107.35883279142783,48.044240316011106],[-107.35883921714242,48.044235654313084],[-107.35871430587224,48.04412662690188]]],[[[-107.35899517326457,48.044442422765776],[-107.35898833854553,48.04443810729834],[-107.35897415866818,48.0444205149414],[-107.35896085357561,48.0444207901977],[-107.35890079852443,48.04441757573147],[-107.35886150279863,48.044431788368264],[-107.35884110782261,48.044423267419276],[-107.35884069888407,48.04441429022673],[-107.35881362297656,48.04440595027817],[-107.35886585943297,48.04438255624124],[-107.35883909557501,48.04437861024173],[-107.35880616880576,48.04438824790157],[-107.35877914976902,48.04437982117623],[-107.35890710289131,48.04455587042022],[-107.35892703217482,48.04455550092894],[-107.35895374392312,48.044554934649526],[-107.35899278456459,48.04453624121755],[-107.35899195442221,48.04451844456883],[-107.35903073215161,48.04449082916075],[-107.35899517326457,48.044442422765776]]]]}"
000000000000000002c4,10744,0,0,0,"{""type"":""Polygon"",""coordinates"":[[[-107.3587859082765,48.04408939001055],[-107.35877296761602,48.04409857137335],[-107.35874723239326,48.04411698932806],[-107.3587276108247,48.044126351684916],[-107.35871430587224,48.04412662690188],[-107.35883921714242,48.044235654313084],[-107.35891050769263,48.04419402332438],[-107.35894866553478,48.04415302129327],[-107.3587859082765,48.04408939001055]]]}"
000000000000000002c5,10745,0,0,0,"{""type"":""MultiPolygon"",""coordinates"":[[[[-107.35834884911944,48.04385273745749],[-107.35835506427645,48.043843666162175],[-107.358334924987,48.04383962585153],[-107.35834884911944,48.04385273745749]]],[[[-107.35886936591756,48.044020694568836],[-107.3588370589822,48.04404371897103],[-107.35879874745918,48.04408022441809],[-107.3587859082765,48.04408939001055],[-107.35894866553478,48.04415302129327],[-107.35896114039211,48.04413494952378],[-107.35900043579878,48.044120736934815],[-107.35902668143359,48.04411128027844],[-107.35904521757074,48.044079640682874],[-107.35886936591756,48.044020694568836]]],[[[-107.35841774912123,48.04390492449121],[-107.3584234463856,48.04388245063792],[-107.35843105395247,48.043904649319664],[-107.35845750993066,48.04389960253204],[-107.35843628552895,48.043873285131234],[-107.3584092670491,48.04386485837036],[-107.35839621738974,48.04386961420455],[-107.35838912773036,48.04386081807022],[-107.35840243254175,48.04386054290337],[-107.35836189877182,48.04384798163145],[-107.35834884911944,48.04385273745749],[-107.35841774912123,48.04390492449121]]]]}"
000000000000000002c0,10746,0,0,0,"{""type"":""GeometryCollection"",""geometries"":[{""type"":""LineString"",""coordinates"":[[-107.35931762144962,48.044065074741276],[-107.35932444908555,48.04406938094541]]},{""type"":""Polygon"",""coordinates"":[[[-107.35837210684416,48.043780772687505],[-107.35839213707035,48.04378038755659],[-107.35837857713621,48.04377618206202],[-107.35837210684416,48.043780772687505]]]},{""type"":""Polygon"",""coordinates"":[[[-107.35916895424981,48.04401902532668],[-107.35916331419152,48.04404141250356],[-107.3591828788661,48.04403213684411],[-107.35918919538545,48.044023049695674],[-107.35916895424981,48.04401902532668]]]},{""type"":""Polygon"",""coordinates"":[[[-107.35939202267959,48.04409035070703],[-107.35932446877928,48.044069363304665],[-107.35932444908555,48.04406938094541],[-107.3592988874835,48.04409227784481],[-107.35934563728378,48.04409576735364],[-107.35939202267959,48.04409035070703]]]},{""type"":""Polygon"",""coordinates"":[[[-107.35891228901446,48.04393943810316],[-107.35889386197684,48.04397550303214],[-107.35887594532932,48.044020529335896],[-107.35904521757074,48.044079640682874],[-107.3590572833697,48.044052591799584],[-107.35911470572975,48.04399776251478],[-107.35891228901446,48.04393943810316]]]},{""type"":""Polygon"",""coordinates"":[[[-107.35939202267959,48.04409035070703],[-107.35946004263312,48.04412022843082],[-107.35950156177307,48.04415508223651],[-107.35952858103335,48.044163508716316],[-107.35954250588094,48.04417662021179],[-107.35958987572026,48.04419349643342],[-107.35960800241301,48.04415287954764],[-107.35939202267959,48.04409035070703]]]},{""type"":""Polygon"",""coordinates"":[[[-107.35837919648489,48.04378956881013],[-107.35837210684416,48.043780772687505],[-107.35836563655093,48.04378536331299],[-107.358334924987,48.04383962585153],[-107.35835506427645,48.043843666162175],[-107.35836189877182,48.04384798163145],[-107.35836852275605,48.04384788743485],[-107.35840243254175,48.04386054290337],[-107.3584092670491,48.04386485837036],[-107.35843628552895,48.043873285131234],[-107.35846186694484,48.043850370914136],[-107.35844794275584,48.04383725932662],[-107.35846026397427,48.04381469129847],[-107.35848003907233,48.04380982548684],[-107.35847978390713,48.04380534482613],[-107.35839213707035,48.04378038755659],[-107.35837919648489,48.04378956881013]],[[-107.35841449863364,48.04383349420675],[-107.35842158829648,48.04384229033454],[-107.35843452889728,48.04383310906564],[-107.35841449863364,48.04383349420675]]]}]}"
0000000000000000022b,10747,0,0,0,"{""type"":""MultiPolygon"",""coordinates"":[[[[-107.35851736683615,48.04375102753434],[-107.3585096577606,48.043728844695444],[-107.35852964334978,48.04372838853707],[-107.35844163997375,48.04369896646544],[-107.35841688854796,48.043739676997724],[-107.35839110887959,48.04375802372651],[-107.35837857713621,48.04377618206202],[-107.35847978390713,48.04380534482613],[-107.35848614514265,48.04379632876061],[-107.35850587559467,48.04379139194638],[-107.35850442627442,48.04376020879905],[-107.35851736683615,48.04375102753434]],[[-107.35850380687926,48.043746822060434],[-107.3584908663177,48.043756003322564],[-107.35850442627442,48.04376020879905],[-107.35850380687926,48.043746822060434]]],[[[-107.35961773483719,48.04407233855281],[-107.35960500492885,48.044085929701524],[-107.35958300574102,48.04404172924697],[-107.3595694900412,48.04403759490916],[-107.35956970069812,48.04404200458454],[-107.359556395657,48.04404227992022],[-107.35956400401822,48.04406447855962],[-107.35955157403774,48.044082621376255],[-107.35952248488317,48.04402962484118],[-107.3595020898162,48.044021104100615],[-107.35950856009539,48.04401651337809],[-107.35938716644262,48.043983240558205],[-107.35936718053553,48.043983696905705],[-107.3593195559042,48.04396233996023],[-107.35898861168751,48.04386187567595],[-107.35898886691506,48.043866356338555],[-107.35892409961683,48.04390790864153],[-107.35891228901446,48.04393943810316],[-107.35911470572975,48.04399776251478],[-107.3591336507605,48.04397510008637],[-107.3591740314973,48.04398316460084],[-107.35916895424981,48.04401902532668],[-107.35918919538545,48.044023049695674],[-107.35920203450215,48.04401388406247],[-107.3592351147575,48.04400874278727],[-107.35930971376855,48.044038455322074],[-107.35931763406097,48.04406504789145],[-107.35960800241301,48.04415287954764],[-107.35963165969923,48.04408545001212],[-107.35961773483719,48.04407233855281]],[[-107.3594831895464,48.04404383761769],[-107.35949023494017,48.04405256269333],[-107.35950332932674,48.04404787769033],[-107.3594831895464,48.04404383761769]]]]}"
000000000000000002be,10748,0,0,0,"{""type"":""GeometryCollection"",""geometries"":[{""type"":""LineString"",""coordinates"":[[-107.3592992155477,48.04395379212582],[-107.35931958640117,48.04396230644752]]},{""type"":""Polygon"",""coordinates"":[[[-107.35956923474306,48.04403311423524],[-107.3595694900412,48.04403759490916],[-107.35958300574102,48.04404172924697],[-107.35958253978272,48.044032838897856],[-107.35956923474306,48.04403311423524]]]},{""type"":""Polygon"",""coordinates"":[[[-107.35861993486076,48.04366400924375],[-107.35860641954591,48.04365987479016],[-107.35858664451808,48.04366474061215],[-107.35858623563158,48.04365576354725],[-107.35847830362671,48.04362671094733],[-107.35844163997375,48.04369896646544],[-107.35852964334978,48.04372838853707],[-107.35853601215214,48.043723813675925],[-107.35855625291921,48.04372783816527],[-107.35859533731582,48.043709216211916],[-107.35860093297042,48.04368675820557],[-107.35862717827246,48.043677301745454],[-107.35861993486076,48.04366400924375]]]},{""type"":""Polygon"",""coordinates"":[[[-107.35950629171366,48.04396737591422],[-107.35948429272278,48.04392317553209],[-107.35951711766921,48.04391355350481],[-107.35878185968792,48.04370984397378],[-107.35883108675252,48.043766880649684],[-107.35897494245322,48.04385324483054],[-107.35898861168751,48.04386187567595],[-107.35929926243818,48.04395380341334],[-107.35931841799786,48.0439355506377],[-107.35939778192596,48.04392500847498],[-107.35939762812141,48.04392051203876],[-107.35946440830062,48.04392361612801],[-107.35943143723689,48.0439331829113],[-107.35941999143307,48.04397361855204],[-107.35938716644262,48.043983240558205],[-107.35950856009539,48.04401651337809],[-107.35952771563265,48.04399826053932],[-107.35951441061312,48.04399853586839],[-107.35951363703455,48.04398065264379],[-107.35950023055003,48.043980943741694],[-107.35950629171366,48.04396737591422]],[[-107.35948055674015,48.04398579401338],[-107.35949422621425,48.04399442480242],[-107.35950023055003,48.043980943741694],[-107.35948055674015,48.04398579401338]],[[-107.3592645784681,48.04392326504798],[-107.35927850310057,48.04393637652712],[-107.35931132803672,48.04392675456816],[-107.3592645784681,48.04392326504798]]]}]}"
0000000000000000024e,10749,0,0,0,"{""type"":""MultiPolygon"",""coordinates"":[[[[-107.35860641954591,48.04365987479016],[-107.35861993486076,48.04366400924375],[-107.35861972431604,48.04365959959526],[-107.35860641954591,48.04365987479016]]],[[[-107.35959420544606,48.04384943262646],[-107.35948590643002,48.04381147503542],[-107.35947860578915,48.04379826934427],[-107.35943144718527,48.04378580283444],[-107.35939106648628,48.043777738457884],[-107.35934468148483,48.04378315506167],[-107.35928323401255,48.04374867097524],[-107.35927650850815,48.043748781006855],[-107.35871022613915,48.04359962995042],[-107.35873263279215,48.04365280733042],[-107.35878185968792,48.04370984397378],[-107.35951711766921,48.04391355350481],[-107.35963587833189,48.04388878262796],[-107.35959420544606,48.04384943262646]],[[-107.35902967559913,48.04374045921769],[-107.35903712979676,48.0437581613572],[-107.35904981506765,48.043744499370135],[-107.35902967559913,48.04374045921769]]],[[[-107.35856201560071,48.04356249704097],[-107.35855529018201,48.043562607019396],[-107.35852272082995,48.043576709282505],[-107.35850392948198,48.04360386783086],[-107.35847793940442,48.043617804886765],[-107.35847830362671,48.04362671094733],[-107.35858623563158,48.04365576354725],[-107.35858587138347,48.0436468574828],[-107.35855191701475,48.04363413113051],[-107.35857795173648,48.04362026504895],[-107.35858375792236,48.043602216725475],[-107.35856361868454,48.04359817648021],[-107.35858339367407,48.04359331067014],[-107.35858898931055,48.04357085271467],[-107.35856201560071,48.04356249704097]]]]}"
0000000000000000028d,10750,0,0,0,"{""type"":""GeometryCollection"",""geometries"":[{""type"":""LineString"",""coordinates"":[[-107.35943141291344,48.043785817958394],[-107.3594382711472,48.04379014347257],[-107.35944492548514,48.04379000674427]]},{""type"":""Polygon"",""coordinates"":[[[-107.35946468110176,48.04378515793019],[-107.35944490592837,48.04379002394461],[-107.35947860578915,48.04379826934427],[-107.35946468110176,48.04378515793019]]]},{""type"":""Polygon"",""coordinates"":[[[-107.35857532032972,48.0435622218538],[-107.35856201560071,48.04356249704097],[-107.35858898931055,48.04357085271467],[-107.3585886250605,48.043561946664724],[-107.35857532032972,48.0435622218538]]]},{""type"":""Polygon"",""coordinates"":[[[-107.35876397568309,48.04346455233421],[-107.35866473672615,48.04347997543295],[-107.3585732068759,48.04351758116821],[-107.35853416732702,48.043536274037855],[-107.35860741634019,48.043534788123225],[-107.35869531816391,48.04356422572248],[-107.35871022613915,48.04359962995042],[-107.35928323401255,48.04374867097524],[-107.35930187892701,48.04372145697924],[-107.35931419969994,48.04369888890252],[-107.35932688488602,48.04368522689641],[-107.35933335511154,48.043680636216514],[-107.35876397568309,48.04346455233421]]]}]}"
00000000000000000252,10751,0,0,0,"{""type"":""Polygon"",""coordinates"":[[[-107.35896825966441,48.04341565756259],[-107.35876397568309,48.04346455233421],[-107.35933335511154,48.043680636216514],[-107.35935127109187,48.04363561013649],[-107.35937726110916,48.04362167284055],[-107.35938994625182,48.04360801084733],[-107.35896825966441,48.04341565756259]]]}"
000000000000000002c1,10752,1,0,0,"{""type"":""Polygon"",""coordinates"":[[[-107.3590735030016,48.04338675328633],[-107.35901417823523,48.04340135094635],[-107.35896825966441,48.04341565756259],[-107.35938994625182,48.04360801084733],[-107.35938958180756,48.043599104799036],[-107.35943457330212,48.043562418433694],[-107.35945326267068,48.0435352755081],[-107.35947278241711,48.04352592888812],[-107.3590735030016,48.04338675328633]]]}"
0000000000000000022a,10753,0,0,0,"{""type"":""Polygon"",""coordinates"":[[[-107.35922570572812,48.043365748075246],[-107.35913925329776,48.04336749395752],[-107.35909970346351,48.04337722575779],[-107.3590735030016,48.04338675328633],[-107.35947278241711,48.04352592888812],[-107.35947946325491,48.04352574784559],[-107.35949799875861,48.04349410853235],[-107.35952176485736,48.04343110527677],[-107.35954153984231,48.04342623928463],[-107.35922570572812,48.043365748075246]]]}"
0000000000000000022e,10754,0,0,0,"{""type"":""Polygon"",""coordinates"":[[[-107.35964151719033,48.04328124868056],[-107.35964674767668,48.043249884827176],[-107.35963965772591,48.04324108889685],[-107.35922570572812,48.043365748075246],[-107.35954153984231,48.04342623928463],[-107.35966091875979,48.043414855279856],[-107.35966640457491,48.04338797196268],[-107.3596391304761,48.04337506501743],[-107.35965134948326,48.04335251282514],[-107.3596773392669,48.0433385755291],[-107.35967599039708,48.04330737692408],[-107.35964151719033,48.04328124868056]],[[-107.35960150138747,48.04328209045079],[-107.35958804278073,48.0432778694001],[-107.35958881641572,48.043295752382626],[-107.35960150138747,48.04328209045079]]]}"
0000000000000000024a,10755,0,0,0,"{""type"":""Polygon"",""coordinates"":[[[-107.35913925329776,48.04336749395752],[-107.35922570572812,48.043365748075246],[-107.35963965772591,48.04324108889685],[-107.35961864320444,48.04321918171455],[-107.35959824851831,48.04321066111667],[-107.35961781272192,48.04320138552753],[-107.35961740357578,48.04319240855307],[-107.35962972399301,48.04316984067287],[-107.3596541094699,48.0431202243428],[-107.35966057957343,48.04311563369346],[-107.3596732644609,48.04310197180126],[-107.35970608868222,48.04309234987859],[-107.35969154427369,48.04306585212578],[-107.35971676013804,48.04303403200417],[-107.35975024880918,48.04303786761192],[-107.35979761745719,48.04305474339408],[-107.35979885722347,48.04308151647933],[-107.35981863204307,48.04307665046671],[-107.35983877142303,48.04308069040438],[-107.35987806572619,48.04306647776977],[-107.3598916258065,48.043070682991456],[-107.35990452132867,48.043061430673035],[-107.35982360700929,48.04304080614353],[-107.35984944268168,48.043022372533194],[-107.35984737227562,48.0429778033738],[-107.35984572326393,48.04294205341418],[-107.35979762559937,48.04290736583572],[-107.35918455217649,48.04333980064989],[-107.35913925329776,48.04336749395752]],[[-107.35924383224874,48.043325131904815],[-107.35922369293763,48.043321091821504],[-107.35923140244046,48.04334327441937],[-107.35924383224874,48.043325131904815]],[[-107.35918455217649,48.04333980064989],[-107.35919164200016,48.04334859663369],[-107.35920469148445,48.04334384074295],[-107.35918455217649,48.04333980064989]]]}"
00000000000000000251,10756,0,0,0,"{""type"":""Polygon"",""coordinates"":[[[-107.35933538938072,48.04299721070064],[-107.35933502494069,48.042988304755944],[-107.35931027479661,48.043029014933836],[-107.35931042859782,48.04303351129371],[-107.3593177290433,48.04304671680974],[-107.35929836335474,48.0430605596683],[-107.35928625345421,48.04308753705799],[-107.359285633759,48.04307415050403],[-107.359161780514,48.04327771771332],[-107.35916193429496,48.043282214095306],[-107.35916923471538,48.04329541968601],[-107.35915567474679,48.043291214341224],[-107.35914324492082,48.043309356833035],[-107.35914339869927,48.04331385321783],[-107.35913677475479,48.04331394746603],[-107.35909970346351,48.04337722575779],[-107.35913925329776,48.04336749395752],[-107.35979762559937,48.04290736583572],[-107.35974949115186,48.04287704837396],[-107.35969714773442,48.0428960168135],[-107.35966530805095,48.04292793112691],[-107.35960463504516,48.04291133063931],[-107.35959133040387,48.04291160596374],[-107.3595505413927,48.04289456484434],[-107.35952393213917,48.04289511547541],[-107.35951321582658,48.04295336218163],[-107.35949929140696,48.04294025097735],[-107.35948686183538,48.042958393385675],[-107.35946683181864,48.042958778734025],[-107.35946061702504,48.0429678499389],[-107.35944073311904,48.04296829050875],[-107.3594280482298,48.04298195233533],[-107.35940030864232,48.04296015524256],[-107.35940538543112,48.04292429524132],[-107.35937831027539,48.04291595567054],[-107.35937856555613,48.04292043624981],[-107.35936934375584,48.04300993662038],[-107.35938301285229,48.04301856727402],[-107.35937705331258,48.04303211907333],[-107.35939196188833,48.043067522820174],[-107.35934495806443,48.043059552778914],[-107.35933538938072,48.04299721070064]],[[-107.3594065060356,48.04309402062592],[-107.3593865206027,48.04309447695766],[-107.35939356580948,48.043103201886964],[-107.3594065060356,48.04309402062592]],[[-107.35935986661262,48.04309495654999],[-107.35937964139998,48.04309009062752],[-107.35936597228029,48.0430814599622],[-107.35935986661262,48.04309495654999]],[[-107.35934656194016,48.04309523184221],[-107.35935406085686,48.043113004734714],[-107.35935986661262,48.04309495654999],[-107.35934656194016,48.04309523184221]],[[-107.35916923471538,48.04329541968601],[-107.35917632452684,48.043304215663795],[-107.35918937399472,48.0432994597796],[-107.35916923471538,48.04329541968601]],[[-107.35914339869927,48.04331385321783],[-107.35915048850565,48.04332264920076],[-107.35916363945097,48.043317877547786],[-107.35914339869927,48.04331385321783]],[[-107.35934656194016,48.04309523184221],[-107.35934495806443,48.043059552778914],[-107.35933165340673,48.043059828068486],[-107.35933325726945,48.04309550713252],[-107.35934656194016,48.04309523184221]]]}"
00000000000000000266,10757,0,0,0,"{""type"":""GeometryCollection"",""geometries"":[{""type"":""LineString"",""coordinates"":[[-107.3593164927069,48.04301995291992],[-107.35931669658729,48.04302441516296],[-107.35931024622721,48.04302901412528]]},{""type"":""LineString"",""coordinates"":[[-107.35937834573068,48.04291595412018],[-107.35937854961566,48.04292041636312]]},{""type"":""Polygon"",""coordinates"":[[[-107.35908309004274,48.043306158277964],[-107.35906839234119,48.0432751639281],[-107.35905483240637,48.04327095856981],[-107.35904887271928,48.04328451041778],[-107.35904902648637,48.04328900680089],[-107.35903111041088,48.04333403252876],[-107.359038155546,48.04334275752593],[-107.35903157624308,48.043342922765106],[-107.35901417823523,48.04340135094635],[-107.3590735030016,48.04338675328633],[-107.35909970346351,48.04337722575779],[-107.35913677475479,48.04331394746603],[-107.35912994020217,48.04330963209747],[-107.35913641036774,48.04330504146533],[-107.35914324492082,48.043309356833035],[-107.35915567474679,48.043291214341224],[-107.35914909544488,48.04329137958828],[-107.35910954569171,48.043301111376415],[-107.35910348454375,48.04331467900573],[-107.35908309004274,48.043306158277964]],[[-107.35911052969833,48.043323403993845],[-107.3591236238114,48.043318719114914],[-107.35910348454375,48.04331467900573],[-107.35911052969833,48.043323403993845]],[[-107.35906357040427,48.0433155047766],[-107.35907832494543,48.04334641238226],[-107.35909748022317,48.043328159869674],[-107.35906357040427,48.0433155047766]],[[-107.35905607161966,48.04329773178927],[-107.35906926719335,48.04329303114999],[-107.35904902648637,48.04328900680089],[-107.35905607161966,48.04329773178927]],[[-107.35904663829302,48.043382823174454],[-107.35905855004569,48.043351278269235],[-107.359038155546,48.04334275752593],[-107.35904663829302,48.043382823174454]]]},{""type"":""Polygon"",""coordinates"":[[[-107.35934099440072,48.042827375592275],[-107.35934586057397,48.04278710611351],[-107.3593378957976,48.04276044319424],[-107.35933727607684,48.04274705672489],[-107.35928369347732,48.042739251946784],[-107.35927696815547,48.04273936197167],[-107.35925247342333,48.04278455250565],[-107.35925283784627,48.042793458416455],[-107.35923978856118,48.04279821425869],[-107.35923357375884,48.04280728542123],[-107.35924077266479,48.0428205066582],[-107.35923517753983,48.04284296431689],[-107.35923579722123,48.042856350812414],[-107.35923616163907,48.04286525673563],[-107.35924387108393,48.042887439140834],[-107.35922771300628,48.04297263988512],[-107.3591973676004,48.0430358077658],[-107.3591766088016,48.04301838114936],[-107.35916279367501,48.04300969523688],[-107.3591824146124,48.043000333006624],[-107.35917413017556,48.042964835018],[-107.35918702573332,48.04295558281392],[-107.35919909100042,48.04292853450697],[-107.35921301526373,48.042941645755896],[-107.35922574482541,48.04292805496507],[-107.35919826071446,48.04291073841013],[-107.35919702138132,48.04288396539344],[-107.3591901868909,48.04287965006304],[-107.3591466460791,48.04294751843571],[-107.35906031858997,48.04324407535186],[-107.35910048789607,48.04324773019438],[-107.3591410216169,48.04326029101116],[-107.3591349158471,48.04327378763332],[-107.359161780514,48.04327771771332],[-107.359285633759,48.04307415050403],[-107.35928381931261,48.0430340618604],[-107.35928900538373,48.043002627171234],[-107.35930965509141,48.04301562839525],[-107.35931648962811,48.043019943727145],[-107.35933502494069,48.042988304755944],[-107.35933378551049,48.04296153170382],[-107.35936624511932,48.04294300399072],[-107.35935853558294,48.042920821574135],[-107.35936438593686,48.04290284445397],[-107.35934424680921,48.042898804423906],[-107.35936200849633,48.04284928268233],[-107.35934099440072,48.042827375592275]],[[-107.35917272645167,48.04308094331563],[-107.3591802252687,48.04309871621941],[-107.35919291025793,48.04308505439263],[-107.35917272645167,48.04308094331563]],[[-107.35913322156254,48.043090746066575],[-107.35914026668945,48.0430994710159],[-107.35915320694002,48.0430902897891],[-107.35913322156254,48.043090746066575]]]}]}"
0000000000000000024d,10758,0,0,0,"{""type"":""Polygon"",""coordinates"":[[[-107.35894741100728,48.04325086792704],[-107.35894006605184,48.04323759132985],[-107.35896631103891,48.04322813486596],[-107.35898645021501,48.043232174999616],[-107.35902599987092,48.04322244327758],[-107.35904017938297,48.04324003523359],[-107.35906031858997,48.04324407535186],[-107.3591466460791,48.04294751843571],[-107.35888570978445,48.04321190329171],[-107.35887923962345,48.04321649389864],[-107.35873913574501,48.0433578995888],[-107.35867705770261,48.04345740753707],[-107.35866473672615,48.04347997543295],[-107.35876397568309,48.04346455233421],[-107.35896825966441,48.04341565756259],[-107.35901417823523,48.04340135094635],[-107.35903157624308,48.043342922765106],[-107.35902464023454,48.04333862315661],[-107.35903111041088,48.04333403252876],[-107.35904902648637,48.04328900680089],[-107.35903556802285,48.043284785668426],[-107.3590420381886,48.04328019504484],[-107.35904887271928,48.04328451041778],[-107.35905483240637,48.04327095856981],[-107.35904141858677,48.04326680843767],[-107.35902760342637,48.043258122465346],[-107.35901429874238,48.04325839771258],[-107.35894741100728,48.04325086792704]],[[-107.35900833904572,48.04327194955502],[-107.35902138849885,48.043267193697],[-107.35901429874238,48.04325839771258],[-107.35900833904572,48.04327194955502]],[[-107.35900833904572,48.04327194955502],[-107.35898856419283,48.04327681541945],[-107.35900248846691,48.0432899267859],[-107.35900833904572,48.04327194955502]],[[-107.35898819984128,48.04326790942361],[-107.35895460985822,48.04326408929891],[-107.35896169959679,48.043272885289156],[-107.35898819984128,48.04326790942361]],[[-107.35898271360477,48.043294792651025],[-107.35896915368569,48.04329058727863],[-107.35897624343326,48.043299383272036],[-107.35898271360477,48.043294792651025]],[[-107.35888710262385,48.04324317286616],[-107.35887354274824,48.04323896748329],[-107.35888099678279,48.04325666946955],[-107.35888710262385,48.04324317286616]],[[-107.35894006605184,48.04323759132985],[-107.35893224764843,48.04321098336872],[-107.35891956255287,48.043224645196574],[-107.35889269802188,48.0432207150492],[-107.35891396716855,48.04324710301644],[-107.35894006605184,48.04323759132985]]]}"
00000000000000000268,10759,0,0,0,"{""type"":""GeometryCollection"",""geometries"":[{""type"":""LineString"",""coordinates"":[[-107.35923975664181,48.042798207926595],[-107.35923330630224,48.0428028068844],[-107.3592335101739,48.042807269127884]]},{""type"":""Polygon"",""coordinates"":[[[-107.35925667534642,48.042730825598454],[-107.35924337081886,48.042731100870746],[-107.35925247342333,48.04278455250565],[-107.35927696815547,48.04273936197167],[-107.35925667534642,48.042730825598454]]]},{""type"":""Polygon"",""coordinates"":[[[-107.35898011202117,48.04294643507827],[-107.3589474417682,48.04296055307543],[-107.3589480613418,48.042973939605616],[-107.35893796373065,48.04304557290584],[-107.35891000631075,48.04301492490904],[-107.35888982263668,48.04301081377461],[-107.35888500057962,48.0430511544135],[-107.35886460631643,48.043042633676095],[-107.35881126679139,48.04318668721347],[-107.3588183118334,48.043195412204604],[-107.35883285551998,48.04322191017384],[-107.35879894598423,48.04320925500563],[-107.35873913574501,48.0433578995888],[-107.35887939337033,48.04322099027669],[-107.35887923962345,48.04321649389864],[-107.35887230366632,48.04321219428819],[-107.35888570978445,48.04321190329171],[-107.3591466460791,48.04294751843571],[-107.3591901868909,48.04287965006304],[-107.35918330776346,48.04287526373489],[-107.35915669862743,48.04287581426083],[-107.35915757353311,48.042893681344275],[-107.35915172309477,48.04291165845082],[-107.3591226353824,48.042858662942976],[-107.35909602627538,48.04285921345115],[-107.35913096439114,48.04289423186341],[-107.35910425378631,48.04289479814522],[-107.35907687126203,48.042877465793254],[-107.35905026215445,48.04287801628894],[-107.3589893346853,48.04285693483177],[-107.3589704348745,48.04287966773061],[-107.3589560449356,48.04285766630216],[-107.35894357056796,48.0428757376177],[-107.35893052125853,48.04288049342591],[-107.35892405116157,48.042885084005185],[-107.35895749468378,48.042888848894265],[-107.3589458382745,48.04292487408753],[-107.35896597728315,48.04292891420634],[-107.35898011202117,48.04294643507827]],[[-107.35914540678525,48.04292074539855],[-107.35912526772111,48.042916705319485],[-107.35912573358128,48.042925595483794],[-107.35914540678525,48.04292074539855]],[[-107.3591181779901,48.042907909400974],[-107.35911196314555,48.042916980575725],[-107.35912526772111,48.042916705319485],[-107.3591181779901,48.042907909400974]],[[-107.35911258278033,48.04293036709216],[-107.35912003690167,48.04294806895328],[-107.35912573358128,48.042925595483794],[-107.35911258278033,48.04293036709216]],[[-107.35904915795608,48.04299867598688],[-107.35905635681176,48.0430118972873],[-107.35906929703826,48.04300271608781],[-107.35904915795608,48.04299867598688]],[[-107.35898859465378,48.04298650043157],[-107.35900029569139,48.04295054618873],[-107.35898011202117,48.04294643507827],[-107.35898859465378,48.04298650043157]],[[-107.35897928184237,48.042928638970714],[-107.35897219215542,48.04291984303829],[-107.35896597728315,48.04292891420634],[-107.35897928184237,48.042928638970714]],[[-107.35885139126144,48.04319027116322],[-107.3588384955814,48.04319952336672],[-107.35885863469971,48.04320356352649],[-107.35885139126144,48.04319027116322]],[[-107.35887193934208,48.043203288302216],[-107.35885863469971,48.04320356352649],[-107.3588589990207,48.04321246951264],[-107.35887230366632,48.04321219428819],[-107.35887193934208,48.043203288302216]]]}]}"
00000000000000000269,10760,0,0,0,"{""type"":""MultiPolygon"",""coordinates"":[[[[-107.35878564135001,48.0432095302196],[-107.35877192777919,48.04320082844688],[-107.35869795073185,48.043184502493766],[-107.35867705770261,48.04345740753707],[-107.35873913574501,48.0433578995888],[-107.35879894598423,48.04320925500563],[-107.3587987922471,48.043204758628214],[-107.35878564135001,48.0432095302196]],[[-107.35871301232163,48.04322440284651],[-107.35871347807756,48.04323329306772],[-107.35872657214968,48.04322860825213],[-107.35871301232163,48.04322440284651]]],[[[-107.35881113278155,48.04303925395534],[-107.35881040415768,48.043021442042644],[-107.35879037425124,48.04302182724729],[-107.35874984105862,48.043009266325996],[-107.35871639752806,48.043005501356],[-107.35870256245545,48.04313975215166],[-107.35871586705295,48.04313947695053],[-107.35872357618314,48.043161659521765],[-107.35874371524311,48.043165699704254],[-107.35877679462708,48.04316055869265],[-107.35881126679139,48.04318668721347],[-107.35886460631643,48.043042633676095],[-107.35886435109965,48.04303815308337],[-107.35881113278155,48.04303925395534]]]]}"
00000000000000000267,10761,0,0,0,"{""type"":""MultiPolygon"",""coordinates"":[[[[-107.35860609076991,48.042922887329574],[-107.35857948176273,48.042923437692465],[-107.35857275645837,48.042923547667876],[-107.358573631077,48.04294141478022],[-107.35859376997033,48.04294545498146],[-107.35864015363632,48.04294003886168],[-107.35860609076991,48.042922887329574]]],[[[-107.35868295401671,48.04300173637411],[-107.35866317934025,48.04300660214181],[-107.3586490001435,48.04298901020044],[-107.35862886120867,48.04298497000851],[-107.35864863587027,48.04298010425029],[-107.3586482269591,48.042971127303666],[-107.3586349224314,48.04297140249275],[-107.35863409242141,48.042953606369444],[-107.35860147898899,48.042967637483144],[-107.35857440422576,48.04295929766836],[-107.35857573156055,48.04313343287687],[-107.35864261873448,48.04314096291918],[-107.35863117250688,48.04318139786466],[-107.35860471702108,48.04318644461848],[-107.35857774357254,48.04317808900393],[-107.3585732068759,48.04351758116821],[-107.35866473672615,48.04347997543295],[-107.35867705770261,48.04345740753707],[-107.35869795073185,48.043184502493766],[-107.3586902416158,48.04316231991044],[-107.35866326813924,48.04315396432453],[-107.35870256245545,48.04313975215166],[-107.35871639752806,48.043005501356],[-107.35868295401671,48.04300173637411]],[[-107.35860831338137,48.04297195286525],[-107.3586089328305,48.042985339403714],[-107.35862177162286,48.042976174038124],[-107.35860831338137,48.04297195286525]],[[-107.35867072204347,48.0431716663017],[-107.35867149523312,48.04318954926666],[-107.35868418037127,48.04317588747973],[-107.35867072204347,48.0431716663017]],[[-107.35864612493278,48.0432168728468],[-107.35864695494159,48.043234669059515],[-107.35865964010232,48.04322100726348],[-107.35864612493278,48.0432168728468]]]]}"
000000000000000002d3,10762,0,0,0,"{""type"":""GeometryCollection"",""geometries"":[{""type"":""LineString"",""coordinates"":[[-107.35844308517986,48.042854771108125],[-107.35844267757244,48.04284584661615]]},{""type"":""Polygon"",""coordinates"":[[[-107.35851055658401,48.043166007307065],[-107.35847747725668,48.04317114822587],[-107.35850289223613,48.04314389571148],[-107.35855559257368,48.04312939265973],[-107.35857573156055,48.04313343287687],[-107.35857440422576,48.04295929766836],[-107.35856778038507,48.04295939187394],[-107.35856233857687,48.042986345922245],[-107.3585360937823,48.04299580222694],[-107.35852885051803,48.04298250988763],[-107.35851533546656,48.04297837546832],[-107.35850017272452,48.04293849103356],[-107.358573631077,48.04294141478022],[-107.35857275645837,48.042923547667876],[-107.35853869366294,48.04290639611542],[-107.35852637283826,48.04292896375216],[-107.35851793539092,48.04288896938601],[-107.35849205490548,48.042907331596915],[-107.35850339208521,48.04286247152783],[-107.35849630255929,48.04285367556722],[-107.35847056820263,48.04287209298773],[-107.35846306981819,48.042854320094364],[-107.35844308471316,48.04285477621894],[-107.35843821759651,48.04289504572785],[-107.35844468772011,48.04289045517984],[-107.35845115784251,48.04288586463182],[-107.35847180700401,48.04289886602123],[-107.35843872792671,48.04290400689408],[-107.3584379723931,48.04318095070645],[-107.358451276968,48.04318067554241],[-107.35847897121941,48.04320240202104],[-107.35847538748231,48.0432695160221],[-107.35848346069588,48.04330060467638],[-107.3584656531001,48.04335005571569],[-107.35843929898942,48.04335508667282],[-107.35844103436705,48.0435382002648],[-107.35844786882649,48.04354251570369],[-107.35853416732702,48.043536274037855],[-107.3585732068759,48.04351758116821],[-107.35857774357254,48.04317808900393],[-107.35856443898071,48.04317836418595],[-107.35855719567522,48.04316507180348],[-107.35851764616628,48.04317480331766],[-107.35851055658401,48.043166007307065]],[[-107.3584552384281,48.04297508974611],[-107.35844218909135,48.04297984549756],[-107.35845626668481,48.04299745323941],[-107.3584552384281,48.04297508974611]],[[-107.35851764616628,48.04317480331766],[-107.3585043415841,48.043175078491075],[-107.35851805504255,48.04318378030065],[-107.35851764616628,48.04317480331766]],[[-107.3584552384281,48.04297508974611],[-107.35846879810015,48.04297929517214],[-107.35847604133764,48.04299258751586],[-107.35849494141027,48.04296985465884],[-107.35846817870221,48.04296590863303],[-107.3584552384281,48.04297508974611]]]}]}"
000000000000000002ca,10763,0,0,0,"{""type"":""MultiPolygon"",""coordinates"":[[[[-107.35843261825487,48.04335526763962],[-107.35842661372837,48.043368748477214],[-107.35843406753293,48.04338645054794],[-107.35842821669078,48.04340442778976],[-107.35840077750434,48.04338718183993],[-107.3583741682227,48.04338773215767],[-107.35837986539943,48.04336525853118],[-107.35832017666819,48.043370949730104],[-107.35830687204367,48.043371224878214],[-107.35830785555856,48.043393517546235],[-107.35830747714168,48.04353199057993],[-107.35836069588096,48.04353088996659],[-107.35844103436705,48.0435382002648],[-107.35843929898942,48.04335508667282],[-107.35843261825487,48.04335526763962]],[[-107.3584022267537,48.04341836476846],[-107.35841532088692,48.0434136799773],[-107.35839513716736,48.04340956870851],[-107.3584022267537,48.04341836476846]],[[-107.35838809222244,48.04340084364813],[-107.3583683173553,48.043405709396914],[-107.35839513716736,48.04340956870851],[-107.35838809222244,48.04340084364813]],[[-107.35834191858237,48.04341066933451],[-107.3583490081521,48.043419465399],[-107.35836205764697,48.04341470961629],[-107.35834191858237,48.04341066933451]]],[[[-107.35831572334335,48.04298243182561],[-107.35830904268444,48.042982612780584],[-107.35830575658541,48.04320149845151],[-107.35831880600028,48.04319674269652],[-107.35835229414936,48.04320057881794],[-107.3584379723931,48.04318095070645],[-107.35843872792671,48.04290400689408],[-107.35842553250922,48.042908707407655],[-107.35843821759651,48.04289504572785],[-107.35844272048803,48.042845870289625],[-107.35843584151183,48.0428414839068],[-107.35842207137087,48.04283286890596],[-107.35839608185408,48.04284680572019],[-107.35835715207995,48.042869923612045],[-107.35836424156466,48.04287871958671],[-107.35834472213752,48.04288806585728],[-107.3583376326574,48.042879269879464],[-107.35830517296846,48.04289779722365],[-107.35830765032661,48.04295134334112],[-107.35831448465972,48.042955658744354],[-107.35832819796923,48.04296436054842],[-107.35833586217245,48.04298647208583],[-107.35831572334335,48.04298243182561]],[[-107.35834310535289,48.04299976444287],[-107.35835604564761,48.04299058334008],[-107.35833586217245,48.04298647208583],[-107.35834310535289,48.04299976444287]]]]}"
000000000000000002cb,10764,0,0,0,"{""type"":""MultiPolygon"",""coordinates"":[[[[-107.35827245811346,48.04291184397862],[-107.3582730774408,48.04292523050698],[-107.35830765032661,48.04295134334112],[-107.35830517296846,48.04289779722365],[-107.35827245811346,48.04291184397862]]],[[[-107.35830785555856,48.043393517546235],[-107.35830687204367,48.043371224878214],[-107.3582413324221,48.0433948932607],[-107.35829429578305,48.043389312066786],[-107.35830785555856,48.043393517546235]]],[[[-107.35822336496308,48.043002240689205],[-107.35820420962794,48.04302049291491],[-107.35817134099746,48.04303004330589],[-107.35817929026638,48.04320408462497],[-107.35820630816083,48.0432125113592],[-107.35821961271432,48.0432122362277],[-107.35823291726962,48.04321196109429],[-107.35830575658541,48.04320149845151],[-107.35830904268444,48.042982612780584],[-107.35822336496308,48.043002240689205]]],[[[-107.35827539539113,48.043412045074454],[-107.3582689251617,48.04341663565946],[-107.35824268006417,48.04342609196921],[-107.3582101108321,48.04344019408626],[-107.35818946154157,48.043427192509306],[-107.35818288228228,48.043427357689374],[-107.35818773508238,48.043534466849316],[-107.35824120889488,48.04353784694283],[-107.35830747714168,48.04353199057993],[-107.35830785555856,48.043393517546235],[-107.35827539539113,48.043412045074454]]]]}"
000000000000000002c2,10765,0,0,0,"{""type"":""MultiPolygon"",""coordinates"":[[[[-107.35815161098847,48.043034979968205],[-107.35810275033049,48.04298684963827],[-107.35808965635923,48.04299153434443],[-107.3580511351314,48.043023629141615],[-107.35803133778283,48.043171431708885],[-107.35809847962925,48.04318344275724],[-107.3581124034201,48.0431965542419],[-107.35816598572148,48.04320435975062],[-107.35817929026638,48.04320408462497],[-107.35817134099746,48.04303004330589],[-107.35815161098847,48.043034979968205]]],[[[-107.35817615691538,48.04342746763959],[-107.35816285229096,48.043427742768],[-107.35813711743938,48.043446160313465],[-107.35812417695249,48.04345534147148],[-107.35812494986689,48.04347322454473],[-107.35809793183233,48.04346479774915],[-107.3580855015713,48.04348294017496],[-107.35807256106543,48.04349212133293],[-107.35805966519183,48.043501373489875],[-107.35804672467644,48.043510554647824],[-107.35802011540643,48.04351110486826],[-107.35799495503949,48.04354283809894],[-107.35812121177841,48.04353584248835],[-107.35818773508238,48.043534466849316],[-107.35818288228228,48.043427357689374],[-107.35817615691538,48.04342746763959]],[[-107.35814431596818,48.0434593818037],[-107.3581514054837,48.04346817789237],[-107.35816449962995,48.04346349313068],[-107.35814431596818,48.0434593818037]],[[-107.35810564058872,48.04348698051741],[-107.35811971813722,48.04350458848039],[-107.35815243353765,48.04349054160469],[-107.35810564058872,48.04348698051741]]]]}"
000000000000000002e0,10766,0,0,0,"{""type"":""Polygon"",""coordinates"":[[[-107.35784670061936,48.04306802514362],[-107.35785415405452,48.04308572716715],[-107.35786807768838,48.04309883866682],[-107.35788246688831,48.04312084037874],[-107.35790948456763,48.04312926718871],[-107.35795022769017,48.04314623811617],[-107.35801105285076,48.043167336140904],[-107.35803133778283,48.043171431708885],[-107.3580511351314,48.043023629141615],[-107.35784670061936,48.04306802514362]]]}"
00000000000000000275,10767,0,0,0,"{""type"":""Polygon"",""coordinates"":[[[-107.35782047176787,48.042930103446885],[-107.35781622315245,48.04298375954935],[-107.35783862802516,48.04303693655807],[-107.35784670061936,48.04306802514362],[-107.3580511351314,48.043023629141615],[-107.35808965635923,48.04299153434443],[-107.35782047176787,48.042930103446885]]]}"
00000000000000000262,10768,0,0,0,"{""type"":""Polygon"",""coordinates"":[[[-107.35808867296322,48.0429692418423],[-107.35808779858272,48.04295137470999],[-107.3580605704523,48.04293853838756],[-107.35805958707216,48.0429162459073],[-107.3580651828481,48.04289378826929],[-107.35781577356397,48.0428274918291],[-107.35781598401702,48.0428319014116],[-107.35781137134995,48.04287665147187],[-107.35782021667904,48.042925622857766],[-107.35782047176787,48.042930103446885],[-107.35808965635923,48.04299153434443],[-107.35810275033049,48.04298684963827],[-107.35808867296322,48.0429692418423]]]}"
00000000000000000264,10769,0,0,0,"{""type"":""MultiPolygon"",""coordinates"":[[[[-107.35835715207995,48.042869923612045],[-107.35839608185408,48.04284680572019],[-107.35837594307888,48.04284276548203],[-107.35837630728783,48.0428516714115],[-107.35832930448193,48.042843700879104],[-107.35835715207995,48.042869923612045]]],[[[-107.35786636066474,48.04276834917496],[-107.35784052477207,48.04278678216686],[-107.35780806510134,48.04280530930948],[-107.35781577356397,48.0428274918291],[-107.3580651828481,48.04289378826929],[-107.35809501185497,48.04281721860696],[-107.35810111783887,48.042803722163306],[-107.35786636066474,48.04276834917496]]],[[[-107.35832930448193,48.042843700879104],[-107.35832894028431,48.04283479495054],[-107.35827531373813,48.04282691858006],[-107.35827655239831,48.0428536915966],[-107.35824347340693,48.04285883239542],[-107.35827074623744,48.04287173964279],[-107.35825801648437,48.04288533029701],[-107.35821913127862,48.042908519149655],[-107.35827881920962,48.04290282808426],[-107.35827245811346,48.04291184397862],[-107.35830517296846,48.04289779722365],[-107.3583376326574,48.042879269879464],[-107.35828240318992,48.04283571455441],[-107.35832930448193,48.042843700879104]],[[-107.3582837955318,48.042866983925585],[-107.3582967357831,48.04285780285519],[-107.35827655239831,48.0428536915966],[-107.3582837955318,48.042866983925585]]]]}"
0000000000000000026b,10770,0,0,0,"{""type"":""MultiPolygon"",""coordinates"":[[[[-107.35839385951803,48.04279774028987],[-107.35836725066038,48.04279829058873],[-107.35837568792118,48.04283828490362],[-107.35837594307888,48.04284276548203],[-107.35839608185408,48.04284680572019],[-107.35842207137087,48.04283286890596],[-107.35839385951803,48.04279774028987]]],[[[-107.35792978638507,48.04270004134079],[-107.35792393547433,48.042718018317885],[-107.35786636066474,48.04276834917496],[-107.35810111783887,48.042803722163306],[-107.35813208378222,48.04275394136451],[-107.35813084522384,48.04272716839455],[-107.35813011692163,48.04270935657469],[-107.35792978638507,48.04270004134079]]],[[[-107.35830839270808,48.04282177777393],[-107.35828737949325,48.04279987044199],[-107.35830010920736,48.042786279807046],[-107.35827909601723,48.04276437248752],[-107.3582743302232,48.042804626152964],[-107.35824808557267,48.0428140823423],[-107.35827510322959,48.04282250900041],[-107.35827531373813,48.04282691858006],[-107.35832894028431,48.04283479495054],[-107.35832868513235,48.04283031437252],[-107.35830839270808,48.04282177777393]]]]}"
0000000000000000026f,10771,0,0,0,"{""type"":""Polygon"",""coordinates"":[[[-107.35796587505395,48.04261447194804],[-107.35797358359635,48.042636654372096],[-107.35795463886957,48.04265931598415],[-107.35792978638507,48.04270004134079],[-107.35813011692163,48.04270935657469],[-107.3581294976423,48.04269597009938],[-107.3581288783629,48.0426825836275],[-107.35812836810658,48.042673622495656],[-107.358127639804,48.04265581069401],[-107.35812599245715,48.04262006088239],[-107.35796587505395,48.04261447194804]]]}"
0000000000000000026a,10772,0,0,0,"{""type"":""Polygon"",""coordinates"":[[[-107.35812392412618,48.042575491975576],[-107.3581235153383,48.04256651509296],[-107.3581217021349,48.04252642678446],[-107.35794870181361,48.04252993203965],[-107.35796587505395,48.04261447194804],[-107.35812599245715,48.04262006088239],[-107.35813225205274,48.04261106081789],[-107.35812392412618,48.042575491975576]]]}"
0000000000000000025f,10773,0,0,0,"{""type"":""Polygon"",""coordinates"":[[[-107.35795083736025,48.0424316366132],[-107.35794720827371,48.042498678626906],[-107.35794870181361,48.04252993203965],[-107.3581217021349,48.04252642678446],[-107.35812154847503,48.04252193046264],[-107.35812430284973,48.04243702146453],[-107.35795083736025,48.0424316366132]]]}"
00000000000000000256,10774,0,0,0,"{""type"":""Polygon"",""coordinates"":[[[-107.35791316173827,48.042334150840574],[-107.35792760289284,48.04236066430708],[-107.35795068372053,48.04242714029874],[-107.35795083736025,48.0424316366132],[-107.35812430284973,48.04243702146453],[-107.35812752281558,48.04236100268417],[-107.35812705719208,48.04235211260487],[-107.35791316173827,48.042334150840574]]]}"
0000000000000000025c,10775,0,0,0,"{""type"":""Polygon"",""coordinates"":[[[-107.35812867439313,48.04224041539406],[-107.35791316173827,48.042334150840574],[-107.35812705719208,48.04235211260487],[-107.35812664840037,48.04234313576066],[-107.35813850355521,48.04231167835661],[-107.35813685617904,48.04227592878091],[-107.35813612786055,48.04225811711503],[-107.35812867439313,48.04224041539406]]]}"
0000000000000000025e,10776,0,0,0,"{""type"":""Polygon"",""coordinates"":[[[-107.35800517661947,48.04216250217538],[-107.35791207695924,48.04231187438315],[-107.35791316173827,48.042334150840574],[-107.35812867439313,48.04224041539406],[-107.35812071067305,48.04221375262523],[-107.35812294713314,48.042115442033726],[-107.35800517661947,48.04216250217538]]]}"
00000000000000000261,10777,0,0,0,"{""type"":""Polygon"",""coordinates"":[[[-107.3578118295226,48.0421575573034],[-107.35781244869649,48.04217094364575],[-107.35781306787034,48.04218432999154],[-107.35781528947328,48.04223339487908],[-107.35785644029852,48.042259342413296],[-107.35791207695924,48.04231187438315],[-107.35800517661947,48.04216250217538],[-107.3578118295226,48.0421575573034]]]}"
00000000000000000271,10778,0,0,0,"{""type"":""Polygon"",""coordinates"":[[[-107.35779419121982,48.042064128058925],[-107.3578118295226,48.0421575573034],[-107.35800517661947,48.04216250217538],[-107.35812294713314,48.042115442033726],[-107.35812232784437,48.04210205571047],[-107.3581015702733,48.04208462914081],[-107.35808154102284,48.042085014173765],[-107.35779419121982,48.042064128058925]],[[-107.35808154102284,48.042085014173765],[-107.35806849201633,48.04208976978508],[-107.35807532615566,48.042094085139276],[-107.35808154102284,48.042085014173765]]]}"
0000000000000000025b,10779,0,0,0,"{""type"":""Polygon"",""coordinates"":[[[-107.3581015702733,48.04208462914081],[-107.35808666343638,48.04204922581374],[-107.35804686010557,48.04205447638021],[-107.3580460871888,48.04203659379098],[-107.35806514054521,48.04201835772168],[-107.35804463817828,48.042005411673955],[-107.35784317471081,48.04196930792629],[-107.35781821368121,48.042005607424294],[-107.35779295288103,48.04203735543176],[-107.35779419121982,48.042064128058925],[-107.35808154102284,48.042085014173765],[-107.3581015702733,48.04208462914081]],[[-107.35808154102284,48.042085014173765],[-107.35809473613057,48.04208031378936],[-107.35808764686344,48.04207151792336],[-107.35808154102284,48.042085014173765]],[[-107.35802734112116,48.042063822427735],[-107.35801378188849,48.04205961700163],[-107.35802087113034,48.042068412871735],[-107.35802734112116,48.042063822427735]]]}"
0000000000000000023b,10780,0,0,0,"{""type"":""Polygon"",""coordinates"":[[[-107.3579987438958,48.041876783619564],[-107.35795934199169,48.041886569853936],[-107.35788127391099,48.04192839487384],[-107.35784917913172,48.04195582748825],[-107.35784317471081,48.04196930792629],[-107.35804463817828,48.042005411673955],[-107.3579987438958,48.041876783619564]]]}"
00000000000000000272,10781,0,0,0,"{""type"":""Polygon"",""coordinates"":[[[-107.3581697296626,48.04182862335965],[-107.35813069194447,48.04184731541545],[-107.35811713276078,48.0418431100201],[-107.35803829189804,48.04186705259904],[-107.3579987438958,48.041876783619564],[-107.35804463817828,48.042005411673955],[-107.35806514054521,48.04201835772168],[-107.3580780805025,48.042009176837084],[-107.35808480560578,48.04200906690342],[-107.35823029029962,48.04184079923083],[-107.35822992611125,48.04183189347225],[-107.35822879648697,48.04180954624078],[-107.3581697296626,48.04182862335965]]]}"
0000000000000000026e,10782,0,0,0,"{""type"":""MultiPolygon"",""coordinates"":[[[[-107.35808666343638,48.04204922581374],[-107.3581015702733,48.04208462914081],[-107.35812232784437,48.04210205571047],[-107.35812606553955,48.04203943949157],[-107.35808666343638,48.04204922581374]]],[[[-107.35823029029962,48.04184079923083],[-107.35808480560578,48.04200906690342],[-107.35811141381866,48.04200851670764],[-107.3581658688781,48.04203418889351],[-107.35817917300409,48.042033913784664],[-107.35822566440758,48.04203292327483],[-107.35827168259064,48.042018601670286],[-107.35823029029962,48.04184079923083]]]]}"
00000000000000000255,10783,0,0,0,"{""type"":""Polygon"",""coordinates"":[[[-107.35822992611125,48.04183189347225],[-107.35823029029962,48.04184079923083],[-107.35827168259064,48.042018601670286],[-107.35828473157494,48.04201384603832],[-107.35832391556914,48.041995209083716],[-107.35843594407335,48.041970550730845],[-107.35822992611125,48.04183189347225]]]}"
0000000000000000025a,10784,1,0,0,"{""type"":""Polygon"",""coordinates"":[[[-107.35842017545743,48.041769906286966],[-107.35838109318433,48.041788527425204],[-107.35834056161438,48.04177596658551],[-107.35831410719288,48.04178101309662],[-107.35823552156504,48.04180943629759],[-107.35822879648697,48.04180954624078],[-107.35822992611125,48.04183189347225],[-107.35843594407335,48.041970550730845],[-107.3585084167793,48.0419511824655],[-107.35842017545743,48.041769906286966]]]}"
00000000000000000257,10785,0,0,0,"{""type"":""Polygon"",""coordinates"":[[[-107.35860109250838,48.04179299179665],[-107.35843409893421,48.041783017378876],[-107.35843969426728,48.041760560216325],[-107.35842017545743,48.041769906286966],[-107.3585084167793,48.0419511824655],[-107.35852172092393,48.041950907309065],[-107.35853440562727,48.0419372458762],[-107.35866823252641,48.041805002176055],[-107.35860109250838,48.04179299179665]]]}"
00000000000000000254,10786,0,0,0,"{""type"":""GeometryCollection"",""geometries"":[{""type"":""LineString"",""coordinates"":[[-107.3585343885342,48.04193727723528],[-107.35854726160252,48.04192809902393]]},{""type"":""Polygon"",""coordinates"":[[[-107.3588056105591,48.04189595404197],[-107.3587650785407,48.041883393367435],[-107.35876445901201,48.04187000711375],[-107.35876383948325,48.0418566208635],[-107.35873661167588,48.04184378499333],[-107.35868837084949,48.04180904228417],[-107.35866823252641,48.041805002176055],[-107.3585472440395,48.04192808071374],[-107.35854726160252,48.04192809902393],[-107.35856825702896,48.041949987629636],[-107.35858948059878,48.041976304055595],[-107.35881259855643,48.041904765589926],[-107.3588056105591,48.04189595404197]]]}]}"
00000000000000000258,10787,0,0,0,"{""type"":""Polygon"",""coordinates"":[[[-107.3588362437156,48.0419847137934],[-107.3588352151919,48.041962350743546],[-107.35883423130537,48.04194005869974],[-107.3588338669716,48.04193115293027],[-107.35881968802444,48.04191356136918],[-107.35881259855643,48.041904765589926],[-107.35858948059878,48.041976304055595],[-107.35861126684104,48.04201609354545],[-107.35863341741386,48.04206478885213],[-107.35884317945174,48.041989013311266],[-107.3588362437156,48.0419847137934]]]}"
0000000000000000025d,10788,0,0,0,"{""type"":""MultiPolygon"",""coordinates"":[[[[-107.35897658595363,48.04199516695713],[-107.35892460823426,48.04202304040364],[-107.35890524305594,48.04203688289914],[-107.35897658595363,48.04199516695713]]],[[[-107.35890524305594,48.04203688289914],[-107.3588723752419,48.0420464333304],[-107.35885239048507,48.04204688952446],[-107.35885001372264,48.04199332859857],[-107.35884317945174,48.041989013311266],[-107.35863341741386,48.04206478885213],[-107.35865402161822,48.04207771900973],[-107.35866773475685,48.042086420623626],[-107.35869558218693,48.042112642883204],[-107.35870925071649,48.04212127349942],[-107.35872302072187,48.04212988834535],[-107.35874341444207,48.042138408978126],[-107.35884715964919,48.0420782526227],[-107.35884032536427,48.04207393732856],[-107.3588536295997,48.042073662123094],[-107.35890524305594,48.04203688289914]]]]}"
00000000000000000260,10789,0,0,0,"{""type"":""MultiPolygon"",""coordinates"":[[[[-107.35897658595363,48.04199516695713],[-107.3588536295997,48.042073662123094],[-107.35891290751682,48.04205899399217],[-107.35894515575525,48.04203605725094],[-107.35897746079385,48.042013033743345],[-107.35898978104726,48.041990466457925],[-107.35897658595363,48.04199516695713]]],[[[-107.35890125141239,48.04209501860126],[-107.35885409540374,48.042082552147],[-107.35884715964919,48.0420782526227],[-107.35874341444207,48.042138408978126],[-107.3587706424588,48.04215124491328],[-107.35881878234885,48.042186003564275],[-107.35886619367614,48.04220295057881],[-107.35894214811873,48.04211648505907],[-107.35890125141239,48.04209501860126]]]]}"
00000000000000000263,10790,0,0,0,"{""type"":""Polygon"",""coordinates"":[[[-107.35899685964408,48.04214663730981],[-107.35897631203615,48.04213362044831],[-107.35894214811873,48.04211648505907],[-107.35886619367614,48.04220295057881],[-107.35893416487936,48.04223275670635],[-107.35898157637752,48.04224970367459],[-107.35905106079981,48.042167828509186],[-107.35899685964408,48.04214663730981]]]}"
00000000000000000249,10791,0,0,0,"{""type"":""Polygon"",""coordinates"":[[[-107.35911136760912,48.04217552334881],[-107.35906487559102,48.042176514306625],[-107.35905106079981,48.042167828509186],[-107.35898157637752,48.04224970367459],[-107.35906973118179,48.04228362079212],[-107.35914272288768,48.0422776540299],[-107.35913761182681,48.042166067049386],[-107.35911136760912,48.04217552334881]]]}"
0000000000000000024c,10792,0,0,0,"{""type"":""Polygon"",""coordinates"":[[[-107.35919061845554,48.04216055652257],[-107.359165095377,48.04218338338966],[-107.35913761182681,48.042166067049386],[-107.35914272288768,48.0422776540299],[-107.35922901898876,48.0422714119501],[-107.35924817361789,48.042253159798626],[-107.35926106890334,48.042243907717264],[-107.35928767761642,48.04224335717973],[-107.35930683221352,48.042225105027136],[-107.35919061845554,48.04216055652257]]]}"
0000000000000000023f,10793,0,0,0,"{""type"":""Polygon"",""coordinates"":[[[-107.35925435363481,48.04209664241479],[-107.35923560816288,48.04212387130399],[-107.35919061845554,48.04216055652257],[-107.35930683221352,48.042225105027136],[-107.35935176511985,48.04218850647487],[-107.35939628885042,48.04214293113241],[-107.35925435363481,48.04209664241479]]]}"
00000000000000000247,10794,0,0,0,"{""type"":""Polygon"",""coordinates"":[[[-107.35935696046727,48.04200969722944],[-107.35932424643924,48.042023744084176],[-107.35927987661918,48.04207381556414],[-107.35926703822831,48.04208298084973],[-107.35925435363481,48.04209664241479],[-107.35939628885042,48.04214293113241],[-107.35944749306705,48.042097174782505],[-107.35935696046727,48.04200969722944]]]}"
0000000000000000024b,10795,0,0,0,"{""type"":""Polygon"",""coordinates"":[[[-107.35949461392244,48.04196219502],[-107.35948793336482,48.04196237605106],[-107.35941602776319,48.04199061930087],[-107.35938310310567,48.042000256665744],[-107.35935696046727,48.04200969722944],[-107.35944749306705,48.042097174782505],[-107.35949413128144,48.042096238864325],[-107.35953404429385,48.04209541296197],[-107.35954709332879,48.04209065714986],[-107.35949461392244,48.04196219502]]]}"
00000000000000000245,10796,0,0,0,"{""type"":""Polygon"",""coordinates"":[[[-107.35962729235382,48.04195053619968],[-107.35960130358791,48.0419644730868],[-107.35950791821021,48.04196191972296],[-107.35949461392244,48.04196219502],[-107.35954709332879,48.04209065714986],[-107.35961226617471,48.04205808273791],[-107.35965217919616,48.04205725678674],[-107.35967206265914,48.04205681619193],[-107.35962729235382,48.04195053619968]]]}"
00000000000000000248,10797,0,0,0,"{""type"":""Polygon"",""coordinates"":[[[-107.35973859237978,48.041908064813676],[-107.35971819832601,48.04189954443864],[-107.35971845365422,48.04190402492882],[-107.35970551390349,48.041913206011216],[-107.35969257414804,48.0419223870936],[-107.35966637472599,48.04193191449309],[-107.35964059665616,48.041950260883915],[-107.35962729235382,48.04195053619968],[-107.35967206265914,48.04205681619193],[-107.35968536700584,48.04205654086826],[-107.35972455095904,48.04203790332682],[-107.35978434748215,48.04203663671028],[-107.3598105916247,48.04202718025356],[-107.35973859237978,48.041908064813676]]]}"
00000000000000000241,10798,0,0,0,"{""type"":""Polygon"",""coordinates"":[[[-107.35973859237978,48.041908064813676],[-107.3598105916247,48.04202718025356],[-107.35983683576136,48.042017723791496],[-107.3599204981217,48.04195343980221],[-107.3599585512656,48.04191245497642],[-107.35973859237978,48.041908064813676]]]}"
00000000000000000243,10799,0,0,0,"{""type"":""Polygon"",""coordinates"":[[[-107.3599996096581,48.041791042763414],[-107.35993370815423,48.041805805782914],[-107.35992785826463,48.04182378254937],[-107.35990735492402,48.041810836972985],[-107.35970266986656,48.041850755298675],[-107.35971819832601,48.04189954443864],[-107.35973859237978,48.041908064813676],[-107.3599585512656,48.04191245497642],[-107.36000933331856,48.041857879567075],[-107.3599996096581,48.041791042763414]]]}"
00000000000000000246,10800,0,0,0,"{""type"":""MultiPolygon"",""coordinates"":[[[[-107.35999014138392,48.041728686517075],[-107.35996332212146,48.041724827761776],[-107.35996477278258,48.04175600964074],[-107.3599395580377,48.04178782902244],[-107.35993370815423,48.041805805782914],[-107.3599996096581,48.041791042763414],[-107.35999014138392,48.041728686517075]]],[[[-107.35990026513008,48.041802041299725],[-107.35988510102004,48.04176215801496],[-107.35983038876583,48.04173200651125],[-107.35963910994913,48.041771633515474],[-107.35970241454001,48.041846274812976],[-107.35970266986656,48.041850755298675],[-107.35990735492402,48.041810836972985],[-107.35990026513008,48.041802041299725]]]]}"
00000000000000000244,10801,0,0,0,"{""type"":""Polygon"",""coordinates"":[[[-107.35962197742113,48.041687166363374],[-107.35962979616941,48.04171377348505],[-107.35963041601828,48.04172715968507],[-107.35963227556464,48.041767318305595],[-107.35963910994913,48.041771633515474],[-107.35983038876583,48.04173200651125],[-107.35982987031107,48.041718604542574],[-107.35982878434255,48.041696328398956],[-107.3598267707001,48.04165167360341],[-107.35984592481421,48.041633421561606],[-107.35962197742113,48.041687166363374]]]}"
00000000000000000259,10802,0,0,0,"{""type"":""Polygon"",""coordinates"":[[[-107.359809746973,48.041571631925606],[-107.35963016896302,48.041575305397785],[-107.35961178851642,48.041611439782415],[-107.35962197742113,48.041687166363374],[-107.35984592481421,48.041633421561606],[-107.35979804718093,48.04160758528869],[-107.3598505348342,48.04158867253328],[-107.359809746973,48.041571631925606]]]}"
00000000000000000239,10803,0,0,0,"{""type"":""Polygon"",""coordinates"":[[[-107.35973153400504,48.041461588455846],[-107.35972480888196,48.04146169850442],[-107.35971191393573,48.04147095050133],[-107.35966661759801,48.04149864300518],[-107.35964870322908,48.041543667265486],[-107.35963016896302,48.041575305397785],[-107.359809746973,48.041571631925606],[-107.35973153400504,48.041461588455846]]]}"
00000000000000000234,10804,0,0,0,"{""type"":""Polygon"",""coordinates"":[[[-107.35986457550528,48.04145883513483],[-107.3597913296053,48.041460321872314],[-107.35973153400504,48.041461588455846],[-107.359809746973,48.041571631925606],[-107.3598505348342,48.04158867253328],[-107.35986358369065,48.04158391672864],[-107.35990485259116,48.04146691477979],[-107.35986457550528,48.04145883513483]]]}"
00000000000000000237,10805,0,0,0,"{""type"":""Polygon"",""coordinates"":[[[-107.36001826649986,48.04146908232196],[-107.35998555297549,48.041483129244604],[-107.35991157772816,48.04146680471821],[-107.35990485259116,48.04146691477979],[-107.35986358369065,48.04158391672864],[-107.35987030884584,48.04158380666926],[-107.35989691725833,48.04158325597715],[-107.35996343832068,48.04158187921378],[-107.35999713654365,48.041590124124944],[-107.36003057942568,48.0415938885627],[-107.36001826649986,48.04146908232196]]]}"
00000000000000000231,10806,0,0,0,"{""type"":""Polygon"",""coordinates"":[[[-107.36009623156109,48.04142727173839],[-107.36008965252438,48.04142743703741],[-107.36001826649986,48.04146908232196],[-107.36003057942568,48.0415938885627],[-107.36009063080401,48.041597102240885],[-107.36014472320137,48.041613867347394],[-107.36015144838225,48.04161375726756],[-107.36016936228641,48.04156873286481],[-107.36009623156109,48.04142727173839]]]}"
00000000000000000232,10807,0,0,0,"{""type"":""MultiPolygon"",""coordinates"":[[[[-107.36048355407327,48.04130316481002],[-107.36048417424323,48.041316550891366],[-107.36050969624065,48.04129372407837],[-107.36048355407327,48.04130316481002]]],[[[-107.36056700339417,48.04123447175695],[-107.36053469948955,48.04125749542918],[-107.36053531967916,48.04127088149801],[-107.36058677727759,48.04122960578127],[-107.36058631104072,48.04122071592162],[-107.36056700339417,48.04123447175695]]],[[[-107.36027813617704,48.04147264565996],[-107.36023092292257,48.041460266808116],[-107.36020390518969,48.041451840922576],[-107.36017693211706,48.041443486025415],[-107.36016316178933,48.04143487150952],[-107.36009623156109,48.04142727173839],[-107.36016936228641,48.04156873286481],[-107.36028501527541,48.04147703179275],[-107.36027813617704,48.04147264565996]]]]}"
00000000000000000235,10808,0,0,0,"{""type"":""Polygon"",""coordinates"":[[[-107.3606857520876,48.04135707372338],[-107.36058677727759,48.04122960578127],[-107.36053531967916,48.04127088149801],[-107.36053553047071,48.041275290934834],[-107.36053593986873,48.04128426757026],[-107.36050969624065,48.04129372407837],[-107.36048417424323,48.041316550891366],[-107.36047894485183,48.04134791360447],[-107.360496124051,48.04143245099941],[-107.36046381994385,48.04145547473995],[-107.36043804239117,48.041473821165184],[-107.36042473814683,48.04147409658768],[-107.36041184326908,48.041483348679215],[-107.3603793851481,48.04150187619212],[-107.36039977929526,48.04151039635938],[-107.360413703689,48.04152350707539],[-107.36036121608693,48.041542420114396],[-107.36031907829953,48.04149418225045],[-107.36028501527541,48.04147703179275],[-107.36016936228641,48.04156873286481],[-107.36015144838225,48.04161375726756],[-107.36015839211672,48.041622497664896],[-107.36018587607954,48.041639813522174],[-107.36038186565887,48.041555420748224],[-107.3603884447384,48.04155525542767],[-107.3607152510186,48.041419043848364],[-107.3606857520876,48.04135707372338]],[[-107.36055607853855,48.041288307236925],[-107.36054277434398,48.04128858267358],[-107.36054324056941,48.04129747254525],[-107.36055607853855,48.041288307236925]]]}"
00000000000000000229,10809,0,0,0,"{""type"":""Polygon"",""coordinates"":[[[-107.3607152510186,48.041419043848364],[-107.36039516992626,48.04155514533067],[-107.3603884447384,48.04155525542767],[-107.3603819749628,48.041559845981],[-107.36038186565887,48.041555420748224],[-107.36018587607954,48.041639813522174],[-107.36019943573835,48.04164401859642],[-107.36022826916931,48.04169253205025],[-107.36074257747778,48.04157923655047],[-107.36076773477728,48.041547503866504],[-107.36077938909358,48.041511479452566],[-107.3607152510186,48.041419043848364]]]}"
00000000000000000253,10810,0,0,0,"{""type"":""Polygon"",""coordinates"":[[[-107.36022826916931,48.04169253205025],[-107.3602428136109,48.041719029025714],[-107.36028536081781,48.041776243850684],[-107.36028561621654,48.04178072432701],[-107.36032552922525,48.04177989810009],[-107.3607250735852,48.04163323774828],[-107.36074257747778,48.04157923655047],[-107.36022826916931,48.04169253205025]]]}"
00000000000000000236,10811,0,0,0,"{""type"":""Polygon"",""coordinates"":[[[-107.36032552922525,48.04177989810009],[-107.36054248470798,48.041864714268996],[-107.36055583375014,48.041864509819646],[-107.3606401153868,48.041813611620924],[-107.36067816788591,48.04177262663523],[-107.36072605863497,48.04165552961248],[-107.3607250735852,48.04163323774828],[-107.36032552922525,48.04177989810009]]]}"
0000000000000000023e,10812,0,0,0,"{""type"":""Polygon"",""coordinates"":[[[-107.36032552922525,48.04177989810009],[-107.36028561621654,48.04178072432701],[-107.36027738183397,48.04189251474613],[-107.3603046106746,48.04190535016424],[-107.36049050744387,48.04189258848379],[-107.36054248470798,48.041864714268996],[-107.36032552922525,48.04177989810009]]]}"
00000000000000000242,10813,0,0,0,"{""type"":""Polygon"",""coordinates"":[[[-107.3603046106746,48.04190535016424],[-107.36038184180545,48.041993101996525],[-107.36042972062384,48.04201893813794],[-107.3604367091522,48.04202774957467],[-107.36049050744387,48.04189258848379],[-107.3603046106746,48.04190535016424]]]}"
00000000000000000250,10814,0,0,0,"{""type"":""Polygon"",""coordinates"":[[[-107.36055583375014,48.041864509819646],[-107.36054248470798,48.041864714268996],[-107.36049050744387,48.04189258848379],[-107.3604367091522,48.04202774957467],[-107.36047098356018,48.04204930964598],[-107.3605242460394,48.04204827888107],[-107.36061598294678,48.0420150819316],[-107.36055583375014,48.041864509819646]]]}"
00000000000000000240,10815,0,0,0,"{""type"":""MultiPolygon"",""coordinates"":[[[[-107.36080550097185,48.04208265294845],[-107.36077935821884,48.04209209391793],[-107.36077976766548,48.04210107069113],[-107.36076646314838,48.04210134617129],[-107.36075439913806,48.042128394216284],[-107.36084193674172,48.04214892325378],[-107.36084830513445,48.04214434838739],[-107.36080550097185,48.04208265294845]],[[-107.36078013246996,48.04210997647016],[-107.36078722259245,48.04211877212171],[-107.36079369245154,48.04211418148989],[-107.36078013246996,48.04210997647016]]],[[[-107.3606401153868,48.041813611620924],[-107.36055583375014,48.041864509819646],[-107.36061598294678,48.0420150819316],[-107.3606290766137,48.04201039697538],[-107.36067603544346,48.0420182952404],[-107.36069668544464,48.04203129591369],[-107.36074157278713,48.04199462587309],[-107.36074804262542,48.04199003525576],[-107.3606401153868,48.041813611620924]]]]}"
0000000000000000023c,10816,0,0,0,"{""type"":""GeometryCollection"",""geometries"":[{""type"":""LineString"",""coordinates"":[[-107.36099607221014,48.042025110361806],[-107.36099586993599,48.042020686270426]]},{""type"":""Polygon"",""coordinates"":[[[-107.36082118884475,48.041988563498336],[-107.36083412850972,48.04197938225427],[-107.3608460384153,48.04194783801936],[-107.3608791171866,48.041942696417266],[-107.36086493694584,48.04192510518776],[-107.36087849688467,48.04192931018172],[-107.36067816788591,48.04177262663523],[-107.3606401153868,48.041813611620924],[-107.36074804262542,48.04199003525576],[-107.36081357992447,48.0419663658531],[-107.36082118884475,48.041988563498336]],[[-107.36082662893553,48.04196160987909],[-107.3608195834688,48.04195288525199],[-107.36081357992447,48.0419663658531],[-107.36082662893553,48.04196160987909]]]},{""type"":""Polygon"",""coordinates"":[[[-107.361030327897,48.042046771634794],[-107.36101748969597,48.04205593714531],[-107.36098979396267,48.04203421191366],[-107.36101665850097,48.04203814138392],[-107.36099610977975,48.04202512501073],[-107.36099607221014,48.042025110361806],[-107.36094180507084,48.04200395079401],[-107.36094263623029,48.042021746545345],[-107.36092311735948,48.04203109317394],[-107.36088310235908,48.04203193543882],[-107.36085860968984,48.042077125720304],[-107.36083697446742,48.04204183303787],[-107.36080374162418,48.04204247836929],[-107.36083174518794,48.04207319620189],[-107.36080550097185,48.04208265294845],[-107.36084830513445,48.04214434838739],[-107.36085473035281,48.042139686753444],[-107.36087574534747,48.04216159320101],[-107.36109011467052,48.04218843811994],[-107.36119618656738,48.04217732805912],[-107.361030327897,48.042046771634794]],[[-107.36105879806306,48.04208637939727],[-107.3610658882695,48.04209517502211],[-107.36107893733192,48.04209041900074],[-107.36105879806306,48.04208637939727]],[[-107.36095034671536,48.04204392842948],[-107.36095780172894,48.04206162982528],[-107.36098419994985,48.042056669308934],[-107.36095034671536,48.04204392842948]],[[-107.36084629027769,48.04209969326197],[-107.36085338041933,48.042108488906415],[-107.36086642948278,48.04210373291274],[-107.36084629027769,48.04209969326197]],[[-107.36096530139194,48.04207940222188],[-107.36094625670185,48.04210207991781],[-107.36097337675231,48.0421104899052],[-107.36098554999747,48.04208786712034],[-107.36096530139194,48.04207940222188]]]}]}"
0000000000000000022f,10817,0,0,0,"{""type"":""GeometryCollection"",""geometries"":[{""type"":""LineString"",""coordinates"":[[-107.361072658792,48.041952110894954],[-107.36106580067478,48.041947785475344],[-107.36105914658188,48.041947922293595]]},{""type"":""Polygon"",""coordinates"":[[[-107.36077962923196,48.041806266353035],[-107.36082415142013,48.04176069071914],[-107.36083720035664,48.04175593476427],[-107.36072605863497,48.04165552961248],[-107.36067816788591,48.04177262663523],[-107.36087849688467,48.04192931018172],[-107.36089863601026,48.041933349814606],[-107.36095102275706,48.04191445209633],[-107.36096380836817,48.041900774593806],[-107.36098369202304,48.0419003337233],[-107.36098291766646,48.04188245124699],[-107.36098954148784,48.041882356876904],[-107.36085785031517,48.04176893533873],[-107.36085174535043,48.041782431665375],[-107.36082575681117,48.04179636883404],[-107.36081348213588,48.04181900724336],[-107.36079370791121,48.04182387332927],[-107.36077962923196,48.041806266353035]],[[-107.36076047527813,48.04182451863766],[-107.36078749356648,48.04183294441215],[-107.36079370791121,48.04182387332927],[-107.36076047527813,48.04182451863766]]]},{""type"":""Polygon"",""coordinates"":[[[-107.36117677934685,48.04204372507214],[-107.36113515854447,48.04200888917473],[-107.36112868872243,48.04201347981944],[-107.36112169997874,48.04200466844103],[-107.36113500451135,48.04200439291167],[-107.36108654910973,48.04196524190527],[-107.36110171477006,48.04200512511527],[-107.36102163213943,48.04200229774325],[-107.36099502310944,48.04200284876774],[-107.36099589893745,48.04202071551306],[-107.36101665850097,48.04203814138392],[-107.36103679773026,48.04204218099353],[-107.361030327897,48.042046771634794],[-107.36119618656738,48.04217732805912],[-107.36131556314217,48.04216594232427],[-107.36131535226224,48.042161532816394],[-107.36121125316524,48.042069852130304],[-107.36116523453688,48.042084175171716],[-107.36115679410554,48.04204418175904],[-107.36114995938264,48.04203986664353],[-107.36117677934685,48.04204372507214]],[[-107.36114954984424,48.04203088988472],[-107.3611363993331,48.0420356616819],[-107.36114995938264,48.04203986664353],[-107.36114954984424,48.04203088988472]],[[-107.36109674120355,48.04204096876018],[-107.36110378677157,48.04204969337902],[-107.36111688046103,48.04204500835247],[-107.36109674120355,48.04204096876018]],[[-107.36105595173065,48.04202392857662],[-107.3610698766308,48.04203703931303],[-107.36110270003635,48.042027417128445],[-107.36105595173065,48.04202392857662]],[[-107.36105682758793,48.04204179532783],[-107.36106387314356,48.042050519950045],[-107.36107696683254,48.0420458349289],[-107.36105682758793,48.04204179532783]]]}]}"
0000000000000000023d,10818,0,0,0,"{""type"":""MultiPolygon"",""coordinates"":[[[[-107.36088259821656,48.04172822579793],[-107.36088870316134,48.04171472948379],[-107.3609088421767,48.04171876910078],[-107.36091480100175,48.041705217564314],[-107.36094104494634,48.0416957608629],[-107.36076773477728,48.041547503866504],[-107.36074257747778,48.04157923655047],[-107.3607250735852,48.04163323774828],[-107.36072605863497,48.04165552961248],[-107.36083720035664,48.04175593476427],[-107.36086245920494,48.041724186174605],[-107.36088259821656,48.04172822579793]],[[-107.36087364721332,48.041679271693255],[-107.36088658675766,48.04167009049939],[-107.36086644777549,48.04166605088066],[-107.36087364721332,48.041679271693255]],[[-107.3608466736293,48.04167091696128],[-107.36085961317328,48.04166173577255],[-107.36083942956266,48.04165762515335],[-107.3608466736293,48.04167091696128]],[[-107.36075266734036,48.04165497867458],[-107.36075898312474,48.04164589185394],[-107.3607454233174,48.041641686862484],[-107.36075266734036,48.04165497867458]]],[[[-107.36088259821656,48.04172822579793],[-107.36085785031517,48.04176893533873],[-107.36098954148784,48.041882356876904],[-107.36100957124931,48.04188197122471],[-107.36100906027468,48.04187301026347],[-107.36106227816379,48.041871908206396],[-107.36106278915152,48.041880869166825],[-107.36110208221174,48.04186665638762],[-107.36110804100855,48.04185310480157],[-107.36112807077954,48.04185271912457],[-107.36094787957005,48.04170007596746],[-107.36094192075585,48.04171362750438],[-107.3609088421767,48.04171876910078],[-107.3609092070182,48.04172767481335],[-107.36088259821656,48.04172822579793]]],[[[-107.3612529287131,48.041961825333516],[-107.36123398567345,48.041984487258865],[-107.36122569921808,48.04194899018761],[-107.36123921461757,48.04195312413456],[-107.36122507878932,48.041935603955935],[-107.36120515042182,48.04193597388333],[-107.36119122548718,48.041922863192745],[-107.36115291765964,48.04195936800831],[-107.36111823314126,48.041928831491006],[-107.36110554902292,48.04194249324882],[-107.36106578953445,48.04194781607411],[-107.36107262422537,48.04195213118884],[-107.36108639508221,48.04196074564573],[-107.36108654910973,48.04196524190527],[-107.36113500451135,48.04200439291167],[-107.36113515854447,48.04200888917473],[-107.36117677934685,48.04204372507214],[-107.36118340321079,48.04204363068729],[-107.36122430222107,48.042065096091605],[-107.36121125316524,48.042069852130304],[-107.36131535226224,48.042161532816394],[-107.36144016862794,48.04212319320688],[-107.36132938847764,48.04203169389579],[-107.3612529287131,48.041961825333516]],[[-107.36131582838355,48.04202748896133],[-107.36131633943204,48.042036449945485],[-107.36132938847764,48.04203169389579],[-107.36131582838355,48.04202748896133]],[[-107.36128238450692,48.042023724966164],[-107.3612434561826,48.042046843630224],[-107.36127756515003,48.04206406489629],[-107.36128238450692,48.042023724966164]],[[-107.36119945507735,48.0419584470177],[-107.3612065453069,48.04196724261006],[-107.36121969579429,48.041962470810105],[-107.36119945507735,48.0419584470177]],[[-107.36116078231535,48.04198604610665],[-107.36117455321788,48.04199466055529],[-107.36119422610086,48.04198981014385],[-107.36116078231535,48.04198604610665]],[[-107.36111300410785,48.041960194596435],[-107.3611256882312,48.041946532832895],[-107.36110554902292,48.04194249324882],[-107.36111300410785,48.041960194596435]],[[-107.36131224997527,48.042094601427],[-107.36130541521385,48.0420902863194],[-107.36130650207072,48.042112562591335],[-107.36133347620604,48.042120917250365],[-107.36131224997527,48.042094601427]],[[-107.36126483637314,48.04207765571544],[-107.36129195657477,48.04208606560491],[-107.36130438518282,48.04206792328924],[-107.36127756515003,48.04206406489629],[-107.36126483637314,48.04207765571544]],[[-107.36121446683275,48.04199383393938],[-107.3612149857874,48.04200723595834],[-107.36119634285932,48.04203444938506],[-107.36121001232314,48.04204307960798],[-107.36123538058082,48.04201575601359],[-107.36126830545402,48.042006118004004],[-107.36121446683275,48.04199383393938]]]]}"
0000000000000000024f,10819,0,0,0,"{""type"":""MultiPolygon"",""coordinates"":[[[[-107.36094787957005,48.04170007596746],[-107.36112807077954,48.04185271912457],[-107.36114137525868,48.04185244359648],[-107.36114758954551,48.04184337248875],[-107.36120018704857,48.04182888414973],[-107.36121436746879,48.04184647529274],[-107.36124719071695,48.04183685309767],[-107.36125567587284,48.0418769173371],[-107.36127545016802,48.04187205114915],[-107.36128798016837,48.0418538931395],[-107.36130102914709,48.04184913711193],[-107.36124584043375,48.041805655445515],[-107.36121872045416,48.0417972455824],[-107.36120464151597,48.04177963868413],[-107.36121794597975,48.04177936314619],[-107.3609207629663,48.041544292436555],[-107.36087339506612,48.04152741767741],[-107.3608062531752,48.04151540895417],[-107.36077938909358,48.041511479452566],[-107.36076773477728,48.041547503866504],[-107.36094104494634,48.0416957608629],[-107.36094751471873,48.04169117025999],[-107.36094787957005,48.04170007596746]],[[-107.36099291246863,48.041663461278475],[-107.36097909710843,48.04165477585854],[-107.36097288282843,48.041663846922496],[-107.36099291246863,48.041663461278475]],[[-107.3609317290156,48.0416379010975],[-107.36093902994531,48.04165110612573],[-107.36096517238346,48.04164166520021],[-107.3609317290156,48.0416379010975]],[[-107.36090475543006,48.04162954638852],[-107.36091195487886,48.04164276718874],[-107.36092489440567,48.04163358599656],[-107.36090475543006,48.04162954638852]],[[-107.36097324768633,48.04167275262506],[-107.36097288282843,48.041663846922496],[-107.36095957844059,48.04166412242389],[-107.36095994329524,48.04167302812663],[-107.36097324768633,48.04167275262506]],[[-107.36096081911457,48.041690894759924],[-107.36095994329524,48.04167302812663],[-107.36094663890593,48.04167330362632],[-107.36094751471873,48.04169117025999],[-107.36096081911457,48.041690894759924]]],[[[-107.36122507878932,48.041935603955935],[-107.36123921461757,48.04195312413456],[-107.36125939851917,48.04195723468536],[-107.3612529287131,48.041961825333516],[-107.36144016862794,48.04212319320688],[-107.36148593179679,48.042104389523125],[-107.3615635328953,48.0420536714488],[-107.36154292702403,48.042040741965025],[-107.36153692367557,48.0420542226291],[-107.36149700985933,48.042055049385375],[-107.36146429581522,48.04206909698322],[-107.36144291541626,48.04203828495283],[-107.36140460759745,48.04207478994926],[-107.36139047162499,48.042057269757976],[-107.36139006202777,48.04204829299871],[-107.36138969707405,48.04203938723628],[-107.36140910651113,48.04202561524313],[-107.3614283698247,48.04201178802713],[-107.36146791859215,48.04200205554676],[-107.361487437429,48.041992708813254],[-107.36139767276322,48.04192311600571],[-107.36139120297057,48.04192770665987],[-107.3613908380148,48.04191880091801],[-107.36135698460797,48.04190606022012],[-107.36136982271867,48.04189689469265],[-107.36133560440315,48.04187524825681],[-107.36130289052198,48.04188929574718],[-107.36128275128499,48.04188525620548],[-107.36126421786905,48.04191689483864],[-107.36124407863032,48.04191285528673],[-107.36123129307754,48.04192653282832],[-107.36125153378812,48.041930556611696],[-107.36125852256056,48.04193936796742],[-107.36122507878932,48.041935603955935]],[[-107.36146470543041,48.04207807374527],[-107.36147200666277,48.04209127883623],[-107.36149152554854,48.042081932084706],[-107.36146470543041,48.04207807374527]],[[-107.3613508797625,48.04191955661087],[-107.36135128935189,48.04192853334844],[-107.36136422894039,48.041919352045255],[-107.3613508797625,48.04191955661087]],[[-107.36132390575922,48.041911201985535],[-107.36132427069882,48.041920107726774],[-107.36133721028693,48.04191092642872],[-107.36132390575922,48.041911201985535]],[[-107.36128435711665,48.04192093438641],[-107.36128497756742,48.0419343206134],[-107.36133819570006,48.04193321839563],[-107.36128435711665,48.04192093438641]],[[-107.36125898895276,48.041948257941904],[-107.36127208260844,48.04194357290408],[-107.36125852256056,48.04193936796742],[-107.36125898895276,48.041948257941904]]]]}"
000000000000000002bf,10820,0,0,0,"{""type"":""GeometryCollection"",""geometries"":[{""type"":""LineString"",""coordinates"":[[-107.36157163552987,48.041794457738845],[-107.3615647834166,48.04179013614808]]},{""type"":""Polygon"",""coordinates"":[[[-107.36155561108103,48.04202708012526],[-107.36154292702403,48.042040741965025],[-107.3615635328953,48.0420536714488],[-107.3615765819516,48.04204891536359],[-107.36155561108103,48.04202708012526]]]},{""type"":""Polygon"",""coordinates"":[[[-107.36155856921472,48.04179920726849],[-107.3615647834166,48.04179013614808],[-107.36156478341869,48.041790136145025],[-107.3615645278625,48.04178565567531],[-107.36153755384085,48.04177730113193],[-107.36153780939378,48.04178178160109],[-107.3615319601786,48.041799758440085],[-107.36155856921472,48.04179920726849]]]},{""type"":""Polygon"",""coordinates"":[[[-107.36155856921472,48.04179920726849],[-107.36155929921132,48.0418170187096],[-107.36153269016222,48.04181756988191],[-107.3615319601786,48.041799758440085],[-107.36148433581891,48.041778403454316],[-107.36151053519566,48.04176887558691],[-107.3615103242896,48.04176446611358],[-107.36144939551153,48.041743386702024],[-107.36142278654616,48.04174393784091],[-107.36142501302722,48.04179300210809],[-107.36141155446059,48.04178878143253],[-107.36139716304282,48.041766780866624],[-107.36140948206614,48.041744213407526],[-107.36137665888452,48.04175383563946],[-107.36136273392434,48.041740725020055],[-107.36129580201175,48.0417331260851],[-107.3613078655443,48.04170607818828],[-107.36133400803662,48.041696637150864],[-107.36099478428197,48.04156068716674],[-107.3609207629663,48.041544292436555],[-107.36121794597975,48.04177936314619],[-107.36123812978202,48.04178347369035],[-107.36126572409701,48.04180521451708],[-107.36124584043375,48.041805655445515],[-107.36130102914709,48.04184913711193],[-107.36132080343124,48.041844270917494],[-107.36134890891964,48.04187497269885],[-107.36133560440315,48.04187524825681],[-107.36136982271867,48.04189689469265],[-107.36138897654504,48.04187864226425],[-107.36139643177859,48.04189634356446],[-107.36139058248072,48.041914320436256],[-107.3613908380148,48.04191880091801],[-107.36140414255468,48.04191852535155],[-107.36139767276322,48.04192311600571],[-107.361487437429,48.041992708813254],[-107.36149416277524,48.0419925986342],[-107.36152150191128,48.04200985897545],[-107.36152077193879,48.04199204746784],[-107.36151989585312,48.041974180743644],[-107.36155903495613,48.041955471491576],[-107.36163316732906,48.04197629107954],[-107.3616250913761,48.04194520354656],[-107.36167841118552,48.041944085361756],[-107.3616921254478,48.04195278649212],[-107.36170579507413,48.041961416626734],[-107.36172644564263,48.04197441704958],[-107.36175155803743,48.041942612879446],[-107.36173167419855,48.041943053914295],[-107.36171836960366,48.041943329527754],[-107.36169171577505,48.04194380975398],[-107.3617171283849,48.04191655708626],[-107.36178215447812,48.04188392610099],[-107.36178862424266,48.04187933542499],[-107.36157161817844,48.041794451209434],[-107.36155856921472,48.04179920726849]],[[-107.36164087869749,48.04185109848804],[-107.36164786757944,48.041859909799214],[-107.36165418324842,48.041850822886936],[-107.36164087869749,48.04185109848804]],[[-107.36160334585871,48.04190548589031],[-107.36161080121603,48.04192318717977],[-107.36163704534708,48.04191373024365],[-107.36160334585871,48.04190548589031]],[[-107.36157472097088,48.041861382193865],[-107.36158181130263,48.04187017773957],[-107.36158802551616,48.041861106602056],[-107.36157472097088,48.041861382193865]],[[-107.36142547946179,48.04180189205582],[-107.3614383175269,48.04179272653859],[-107.36142501302722,48.04179300210809],[-107.36142547946179,48.04180189205582]],[[-107.36142997706519,48.04190009173978],[-107.36144281516617,48.04189092620381],[-107.3614295106307,48.041891201775385],[-107.36142997706519,48.04190009173978]],[[-107.3614291010216,48.041882225045065],[-107.36140932670703,48.041887091266155],[-107.3614295106307,48.041891201775385],[-107.3614291010216,48.041882225045065]],[[-107.36146196896901,48.0418726737635],[-107.36145435962898,48.04185047622894],[-107.36142749504656,48.04184654689657],[-107.3614291010216,48.041882225045065],[-107.36146196896901,48.0418726737635]],[[-107.36142040476739,48.041837751342094],[-107.3613668217738,48.04182994787427],[-107.36135413774885,48.04184360963679],[-107.36142749504656,48.04184654689657],[-107.36142040476739,48.041837751342094]],[[-107.36133213710684,48.04179941151365],[-107.36127866364828,48.04179603324802],[-107.36128648373955,48.04182264025576],[-107.36134021276978,48.04183049899213],[-107.36133213710684,48.04179941151365]],[[-107.36150856325632,48.04187166585575],[-107.3615020934789,48.0418762565125],[-107.3614890444867,48.04188101257025],[-107.36146357497626,48.041908351928406],[-107.36150980432409,48.041898438280825],[-107.36153682305986,48.0419068638446],[-107.36155535629477,48.04187522516938],[-107.36150856325632,48.04187166585575]]]}]}"
000000000000000004c6,10821,0,0,0,"{""type"":""MultiPolygon"",""coordinates"":[[[[-107.36152275269818,48.04174632388608],[-107.36148915489424,48.04173806374106],[-107.36144939551153,48.041743386702024],[-107.3615103242896,48.04176446611358],[-107.3615232638007,48.041755284819644],[-107.36152968891089,48.04175062317785],[-107.36152275269818,48.04174632388608]]],[[[-107.36140151702756,48.041570177609955],[-107.36135497999598,48.041571098682034],[-107.36139504730087,48.04157476823174],[-107.36135575454331,48.04158898104415],[-107.36134804384825,48.04156679939073],[-107.36099478428197,48.04156068716674],[-107.36133400803662,48.041696637150864],[-107.36134694754045,48.04168745589284],[-107.36134653794882,48.04167847919665],[-107.36134570658344,48.04166068357073],[-107.36132541339389,48.04165214782112],[-107.36134990529197,48.041606957806735],[-107.36137029993719,48.0416154777719],[-107.36139105955627,48.04163290342536],[-107.36140897222141,48.041587878805885],[-107.36140151702756,48.041570177609955]]],[[[-107.36152968891089,48.04175062317785],[-107.36153755384085,48.04177730113193],[-107.3615645278625,48.04178565567531],[-107.36156478341869,48.041790136145025],[-107.36178862424266,48.04187933542499],[-107.36181424770244,48.041856492246616],[-107.36187890859483,48.04181495551676],[-107.36184484398109,48.04179780554879],[-107.36189754302508,48.04178330106504],[-107.36189604607135,48.04175204824628],[-107.3618829971172,48.04175680434542],[-107.36186384349608,48.04177505682487],[-107.36184966269003,48.04175746581175],[-107.36189516979583,48.04173418161224],[-107.36186794004263,48.04172134671119],[-107.3618736796197,48.04169894464391],[-107.36189966799915,48.041685007221055],[-107.36187948402706,48.04168089682827],[-107.36188533307265,48.041662920013195],[-107.36184582924345,48.04167272358988],[-107.36186011949907,48.04169473981387],[-107.36181296143535,48.04168227496307],[-107.36180043168382,48.04170043297552],[-107.36178650652663,48.04168732243607],[-107.36177967174396,48.04168300739641],[-107.36178003679777,48.04169191309418],[-107.36174012326767,48.04169273993872],[-107.36173934853544,48.041674857548976],[-107.3617195743058,48.041679723812656],[-107.36172707433789,48.04169749601063],[-107.36167966081437,48.04168055063084],[-107.36166651042164,48.04168532246582],[-107.36165864540067,48.0416586445715],[-107.3616453409179,48.04165892017047],[-107.36164575058318,48.041667896860154],[-107.36163244609892,48.04166817245742],[-107.36162644285076,48.04168165302862],[-107.36161914161643,48.0416684480528],[-107.36158627383726,48.04167799934673],[-107.36158130078618,48.04171384277975],[-107.36158813553602,48.04171815783693],[-107.36160309082761,48.04175363129347],[-107.36154925225111,48.041741347475025],[-107.36154299341017,48.04175034759403],[-107.36152968891089,48.04175062317785]],[[-107.36184246281503,48.04174424506384],[-107.36183610255512,48.041753260973984],[-107.36184966269003,48.04175746581175],[-107.36184246281503,48.04174424506384]],[[-107.36175430398313,48.04171033094859],[-107.36176150381444,48.04172355169569],[-107.36177444328466,48.04171437037607],[-107.36175430398313,48.04171033094859]],[[-107.3617743339811,48.04185731911286],[-107.3617813797308,48.04186604364665],[-107.36179431925211,48.04185686229807],[-107.3617743339811,48.04185731911286]],[[-107.36168773678311,48.04171163800167],[-107.36169498122962,48.041724929749556],[-107.36170119539558,48.04171585863107],[-107.36168773678311,48.04171163800167]],[[-107.36169161450219,48.04179645129712],[-107.36169870486,48.04180524682259],[-107.3617049190407,48.041796175689576],[-107.36169161450219,48.04179645129712]],[[-107.36167706877008,48.04176995453513],[-107.36168415911891,48.041778750057446],[-107.36169037329708,48.04176967893004],[-107.36167706877008,48.04176995453513]],[[-107.3616066686276,48.04168651926947],[-107.36161437951638,48.041708700947886],[-107.36165346149589,48.041690078526926],[-107.3616066686276,48.04168651926947]],[[-107.3615502377994,48.04176363936412],[-107.36155645199801,48.0417545682475],[-107.36154299341017,48.04175034759403],[-107.3615502377994,48.04176363936412]],[[-107.36178474630927,48.04179452200465],[-107.36174483266697,48.041795348855615],[-107.36175207715169,48.041808640619465],[-107.36175254366583,48.04181753056623],[-107.36175290871104,48.04182643628722],[-107.3617470595764,48.04184441315262],[-107.36178722885559,48.041848066771976],[-107.3617658482205,48.04181725494972],[-107.36179282239011,48.04182560943145],[-107.36181259670576,48.04182074313691],[-107.36178474630927,48.04179452200465]]]]}"
0000000000000000022d,10822,0,0,0,"{""type"":""Polygon"",""coordinates"":[[[-107.36103889647094,48.04150613498907],[-107.3610258476216,48.04151089094651],[-107.36102559213023,48.0415064104976],[-107.36087339506612,48.04152741767741],[-107.3609207629663,48.041544292436555],[-107.36099478428197,48.04156068716674],[-107.36134804384825,48.04156679939073],[-107.36135497999598,48.041571098682034],[-107.36140151702756,48.041570177609955],[-107.36139406184053,48.04155247641923],[-107.36139344134207,48.041539090291806],[-107.36138536566813,48.04150800299114],[-107.36139080527899,48.041481049599454],[-107.36139044031671,48.04147214393375],[-107.36138981981794,48.04145875782683],[-107.36112508288653,48.041495466076654],[-107.36115889112514,48.041508135775175],[-107.36112606818492,48.04151775787176],[-107.3611183576568,48.0414955762258],[-107.36108527923362,48.04150071785772],[-107.36103889647094,48.04150613498907]],[[-107.36116013195146,48.04153490802499],[-107.36113973744439,48.04152638802472],[-107.36114785753608,48.04155754635748],[-107.36116013195146,48.04153490802499]],[[-107.36100047965145,48.04153821421464],[-107.36096678087469,48.04152996967853],[-107.36098107042434,48.04155198599148],[-107.36100047965145,48.04153821421464]],[[-107.36108527923362,48.04150071785772],[-107.36109339927143,48.041531876181196],[-107.36112021885245,48.04153573459794],[-107.36109883908111,48.041504922788754],[-107.36108527923362,48.04150071785772]]]}"
00000000000000000224,10823,0,0,0,"{""type"":""MultiPolygon"",""coordinates"":[[[[-107.36138423532698,48.04133828301854],[-107.36139841570028,48.041355873970666],[-107.36140400934056,48.04133341686128],[-107.36138423532698,48.04133828301854]]],[[[-107.36091791681777,48.04148184225377],[-107.36090486797944,48.041486598192236],[-107.3608062531752,48.04151540895417],[-107.36087339506612,48.04152741767741],[-107.36102559213023,48.0415064104976],[-107.36103889647094,48.04150613498907],[-107.3611183576568,48.0414955762258],[-107.36112508288653,48.041495466076654],[-107.36138981981794,48.04145875782683],[-107.36138185358303,48.04143209579097],[-107.36138697285986,48.04139630778058],[-107.36137761157431,48.04133837741318],[-107.36108874848486,48.04142918093682],[-107.36108330868518,48.04145613428944],[-107.36112969140137,48.04145071714294],[-107.36109138407298,48.04148722159201],[-107.36107062473778,48.04146979591493],[-107.36105106153248,48.0414790714685],[-107.36104298618304,48.04144798416639],[-107.36102947101246,48.04144385022583],[-107.360990178419,48.041458062848655],[-107.36091791681777,48.04148184225377]],[[-107.3610167870576,48.04145751184119],[-107.36102435140134,48.04147963825813],[-107.36103692597943,48.04146155141378],[-107.3610167870576,48.04145751184119]],[[-107.36101802778185,48.041484284069554],[-107.3610249717658,48.04149302437615],[-107.36103816671829,48.041488323643584],[-107.36101802778185,48.041484284069554]],[[-107.36099712239,48.04146680315322],[-107.36101031733227,48.0414621024271],[-107.360990178419,48.041458062848655],[-107.36099712239,48.04146680315322]]]]}"
0000000000000000022c,10824,0,0,0,"{""type"":""MultiPolygon"",""coordinates"":[[[[-107.36102947101246,48.04144385022583],[-107.36104251983751,48.04143909427464],[-107.36103527572175,48.04142580254162],[-107.36100820076324,48.04141746366497],[-107.360990178419,48.041458062848655],[-107.36102947101246,48.04144385022583]]],[[[-107.36105717681004,48.041322643249934],[-107.3610574323063,48.041327123682905],[-107.36108605607068,48.0413712271123],[-107.36109397741679,48.041397818153406],[-107.36108874848486,48.04142918093682],[-107.36137761157431,48.04133837741318],[-107.36137724661316,48.04132947177166],[-107.36138423532698,48.04133828301854],[-107.36140400934056,48.04133341686128],[-107.3614097044403,48.04131094398926],[-107.36141504252443,48.0412840064713],[-107.36105717681004,48.041322643249934]]],[[[-107.360990178419,48.041458062848655],[-107.36094317541016,48.04145009381556],[-107.36094255507479,48.04143670770725],[-107.36095544987978,48.04142745555438],[-107.36099329088158,48.04138206131853],[-107.36101389609469,48.04139499077451],[-107.36101876020395,48.04135472236498],[-107.36100494494086,48.04134603699753],[-107.36099749000924,48.041328335845265],[-107.3606857520876,48.04135707372338],[-107.3607152510186,48.041419043848364],[-107.36077938909358,48.041511479452566],[-107.3608062531752,48.04151540895417],[-107.36090486797944,48.041486598192236],[-107.36089777792486,48.04147780265387],[-107.36091791681777,48.04148184225377],[-107.360990178419,48.041458062848655]],[[-107.36088245866723,48.04143342358782],[-107.36088944724237,48.041442234891804],[-107.36090259753156,48.041437463188245],[-107.36088245866723,48.04143342358782]]]]}"
00000000000000000233,10825,0,0,0,"{""type"":""MultiPolygon"",""coordinates"":[[[[-107.36106577350924,48.041219759670355],[-107.36107348396126,48.04124194120562],[-107.36105407491098,48.04125571291481],[-107.36104128164699,48.041264949276986],[-107.36105717681004,48.041322643249934],[-107.36141504252443,48.0412840064713],[-107.36142612031647,48.04123466712178],[-107.36142601088417,48.04123024192094],[-107.36106577350924,48.041219759670355]]],[[[-107.36059899500299,48.04120705442486],[-107.36058631104072,48.04122071592162],[-107.36058677727759,48.04122960578127],[-107.3606857520876,48.04135707372338],[-107.36099749000924,48.041328335845265],[-107.360988019997,48.04126598029278],[-107.36102088733564,48.04125642929037],[-107.36101302289278,48.04122975154694],[-107.3610190262322,48.041216271128214],[-107.36059899500299,48.04120705442486]]]]}"
00000000000000000227,10826,0,0,0,"{""type"":""MultiPolygon"",""coordinates"":[[[[-107.36079980179935,48.04108232237753],[-107.3607803927964,48.04109609398811],[-107.36074819054178,48.041119101895376],[-107.36071660851584,48.041155495839114],[-107.36063129884408,48.041184030754756],[-107.36059899500299,48.04120705442486],[-107.3610190262322,48.041216271128214],[-107.3610186167146,48.04120729450955],[-107.36101178216185,48.04120297944884],[-107.36099040266883,48.04117216780424],[-107.36100930069952,48.041149435293676],[-107.36102099929126,48.04111348212784],[-107.36079980179935,48.04108232237753]],[[-107.36096105736193,48.041114694253125],[-107.36096876772726,48.041136875754496],[-107.36099501125867,48.04112741915145],[-107.36096105736193,48.041114694253125]]],[[[-107.36126321250897,48.04116654731379],[-107.36126212564801,48.041144271444004],[-107.36106116739269,48.04111713603042],[-107.36105444223602,48.041117246172426],[-107.36106292708189,48.04115730988609],[-107.36104983371703,48.041161994817585],[-107.36106577350924,48.041219759670355],[-107.36142601088417,48.04123024192094],[-107.36143057434464,48.04118542221578],[-107.36142974292514,48.04116762675957],[-107.36126880618217,48.04114409029268],[-107.36126906170547,48.04114857070912],[-107.36130959492722,48.04116113011776],[-107.36130389980562,48.041183602920086],[-107.3612777576879,48.04119304384725],[-107.36126321250897,48.04116654731379]],[[-107.361251149165,48.04119359492145],[-107.36127231806559,48.041219997084525],[-107.3612777576879,48.04119304384725],[-107.361251149165,48.04119359492145]]]]}"
00000000000000000228,10827,0,0,0,"{""type"":""GeometryCollection"",""geometries"":[{""type"":""LineString"",""coordinates"":[[-107.3610699426147,48.04101868211977],[-107.36107659658786,48.041018545302855]]},{""type"":""Polygon"",""coordinates"":[[[-107.36109011354044,48.04102270180265],[-107.36107908007857,48.04107211191566],[-107.36106116739269,48.04111713603042],[-107.36126212564801,48.041144271444004],[-107.3612675652604,48.04111731824654],[-107.36126694479945,48.0411039322286],[-107.36128635373231,48.04109016051921],[-107.3612919473768,48.04106770353024],[-107.36109011354044,48.04102270180265]]]},{""type"":""Polygon"",""coordinates"":[[[-107.36132626642319,48.04108933389448],[-107.36126880618217,48.04114409029268],[-107.36142974292514,48.04116762675957],[-107.36142948738214,48.04116314634243],[-107.36142772729075,48.041122972499224],[-107.3614206371317,48.041114177063285],[-107.36142710677125,48.041109586482364],[-107.36144020012468,48.041104901504305],[-107.36143979050213,48.041095924909186],[-107.36133895016913,48.04107567233955],[-107.36133920570146,48.041080152749714],[-107.36132626642319,48.04108933389448]],[[-107.36140111877567,48.041123523614125],[-107.36141504354691,48.041136634078185],[-107.3614206371317,48.041114177063285],[-107.36140111877567,48.041123523614125]],[[-107.36133982618935,48.04109353876042],[-107.3613526193587,48.04108430239104],[-107.36133920570146,48.041080152749714],[-107.36133982618935,48.04109353876042]]]},{""type"":""Polygon"",""coordinates"":[[[-107.36101789743726,48.0410465520578],[-107.36103083673106,48.0410373709618],[-107.36105667066265,48.04101893777561],[-107.36106997483326,48.04101866226965],[-107.36094206069968,48.04099007048412],[-107.36088967530189,48.04100896782958],[-107.3608316391739,48.04105040887089],[-107.36080586199736,48.04106875524356],[-107.36079980179935,48.04108232237753],[-107.36102099929126,48.04111348212784],[-107.36103269785835,48.04107752898588],[-107.36101230364915,48.04106900902536],[-107.36101789743726,48.0410465520578]],[[-107.36099921031749,48.04107369394118],[-107.36101292401752,48.041082395038366],[-107.36101230364915,48.04106900902536],[-107.36099921031749,48.04107369394118]]]}]}"
00000000000000000226,10828,0,0,0,"{""type"":""MultiPolygon"",""coordinates"":[[[[-107.36141779008797,48.04105172743116],[-107.36142498966947,48.041064948043555],[-107.36139257671394,48.04108354673228],[-107.36140298929102,48.041020750587364],[-107.36143657844384,48.04102456971133],[-107.36143606735462,48.04101560890204],[-107.36139553418633,48.041003049580446],[-107.36137115223089,48.041052664257755],[-107.36135039292127,48.041035238785256],[-107.36133895016913,48.04107567233955],[-107.36143979050213,48.041095924909186],[-107.3614434130476,48.04102888472574],[-107.36141779008797,48.04105172743116]]],[[[-107.36116610665981,48.040936307615084],[-107.36114695330389,48.04095455965846],[-107.36114596797304,48.04093226810419],[-107.36112557378826,48.04092374819079],[-107.36111884866192,48.040923858336136],[-107.3610714813274,48.04090698386052],[-107.3610717368277,48.040911464257775],[-107.36105211710567,48.04092082647045],[-107.36100780704317,48.04097081085537],[-107.36094206069968,48.04099007048412],[-107.36107659850701,48.04101856789885],[-107.36109575191848,48.041000315845814],[-107.36109011354044,48.04102270180265],[-107.3612919473768,48.04106770353024],[-107.3613090852589,48.04100479725231],[-107.36132140402405,48.04098223013956],[-107.36116610665981,48.040936307615084]],[[-107.36110057120652,48.040959976746244],[-107.3610886618845,48.040991520402756],[-107.3611157365855,48.040999859195345],[-107.36113401405282,48.04096374075453],[-107.36110057120652,48.040959976746244]]]]}"
00000000000000000222,10829,0,0,0,"{""type"":""MultiPolygon"",""coordinates"":[[[[-107.36145258445559,48.04093931669444],[-107.3614334758197,48.040957639788],[-107.36142017161963,48.04095791534483],[-107.36140810845161,48.04098496285999],[-107.36139553418633,48.041003049580446],[-107.36143606735462,48.04101560890204],[-107.36142824725366,48.04098900231693],[-107.36144761145495,48.04097515961349],[-107.36146008422513,48.04095708866863],[-107.36147297879779,48.04094783653679],[-107.36145258445559,48.04093931669444]]],[[[-107.36118241333973,48.04085560615974],[-107.3611946874637,48.04083296813377],[-107.36112667053386,48.040803093440225],[-107.36111398684321,48.040816754894514],[-107.36111315556803,48.04079895955721],[-107.36109969743121,48.040794738907074],[-107.36108877347485,48.040848573972745],[-107.36106340603405,48.040875896898434],[-107.3610714813274,48.04090698386052],[-107.36111884866192,48.040923858336136],[-107.3611118032751,48.04091513390144],[-107.36113204340735,48.040919157647004],[-107.36112557378826,48.04092374819079],[-107.36114596797304,48.04093226810419],[-107.3611457124637,48.04092778770559],[-107.36116461029306,48.04090505527563],[-107.36118500448588,48.04091357517748],[-107.36116610665981,48.040936307615084],[-107.36132140402405,48.04098223013956],[-107.36133362130832,48.040959678807255],[-107.36135324104272,48.04095031652969],[-107.36137897337677,48.04093189906255],[-107.36139170169373,48.04091830853734],[-107.36122191616222,48.0408458030351],[-107.36120317244036,48.04087303161413],[-107.36117667357324,48.04087800782956],[-107.36118241333973,48.04085560615974]],[[-107.36116362494971,48.04088276374294],[-107.36117729400571,48.04089139379104],[-107.36117667357324,48.04087800782956],[-107.36116362494971,48.04088276374294]],[[-107.36113391459136,48.04081638500971],[-107.36114162503101,48.0408385663689],[-107.36115415467845,48.040820408744175],[-107.36113391459136,48.04081638500971]]]]}"
00000000000000000225,10830,0,0,0,"{""type"":""MultiPolygon"",""coordinates"":[[[[-107.36109969743121,48.040794738907074],[-107.36111315556803,48.04079895955721],[-107.36110616702759,48.040790148376935],[-107.36109969743121,48.040794738907074]]],[[[-107.36147634569274,48.040876316151994],[-107.36145884315565,48.04093031672434],[-107.36145258445559,48.04093931669444],[-107.36147297879779,48.04094783653679],[-107.36150357460413,48.04088915097851],[-107.36147634569274,48.040876316151994]]],[[[-107.36113292926363,48.04079409351409],[-107.36112667053386,48.040803093440225],[-107.3611946874637,48.04083296813377],[-107.36120105559658,48.04082839336554],[-107.36118635655106,48.04079740084146],[-107.36116724792095,48.040815723832104],[-107.36114607932,48.0407893218421],[-107.36113292926363,48.04079409351409]]],[[[-107.36110616702759,48.040790148376935],[-107.36113898930518,48.04078052643772],[-107.36114607932,48.0407893218421],[-107.36115912790926,48.040784565940456],[-107.3611779162447,48.040757408410464],[-107.36119246121923,48.040783904754974],[-107.36121275389559,48.0407924404042],[-107.36121968988219,48.040796739645806],[-107.36127243993974,48.04078674775229],[-107.36122191616222,48.0408458030351],[-107.36139170169373,48.04091830853734],[-107.36141706901876,48.04089098550557],[-107.36147561570876,48.04085850502998],[-107.3613184122856,48.04077235406237],[-107.36122543755481,48.04077877894399],[-107.36121736213589,48.04074769207417],[-107.36124345133578,48.04073373932719],[-107.3612296362011,48.04072505409189],[-107.36122952678767,48.040720628933435],[-107.36113391653609,48.04066901390958],[-107.36111600414945,48.0407140376803],[-107.36113091396598,48.040749439557565],[-107.36111139580092,48.04075878597944],[-107.36110616702759,48.040790148376935]],[[-107.36120990717619,48.04072999114147],[-107.3612234221431,48.040734125005365],[-107.3612296362011,48.04072505409189],[-107.36120990717619,48.04072999114147]],[[-107.36118899409327,48.04070806958321],[-107.36118935901781,48.040716975120674],[-107.36120240758156,48.04071221922036],[-107.36118899409327,48.04070806958321]],[[-107.36118972394233,48.04072588065965],[-107.36119059989852,48.04074374696413],[-107.36120328354431,48.0407300855199],[-107.36118972394233,48.04072588065965]]]]}"
0000000000000000021f,10831,0,0,0,"{""type"":""MultiPolygon"",""coordinates"":[[[[-107.36123362394773,48.04066691991308],[-107.36125888173605,48.040635171906274],[-107.36123848765543,48.040626652062606],[-107.36115825379775,48.04061932866402],[-107.36113350698277,48.04066003738614],[-107.36113391653609,48.04066901390958],[-107.36122952678767,48.040720628933435],[-107.3612348648629,48.04069369172948],[-107.36120116669093,48.04068544739342],[-107.36122083091985,48.040676156189335],[-107.36122725584617,48.04067149466856],[-107.36123362394773,48.04066691991308]],[[-107.36121224448038,48.04063610863282],[-107.36121271087691,48.0406449983861],[-107.3612255485359,48.0406358331102],[-107.36121224448038,48.04063610863282]],[[-107.3612133313273,48.04065838428731],[-107.3611937117497,48.04066774648003],[-107.36122725584617,48.04067149466856],[-107.3612133313273,48.04065838428731]]],[[[-107.36159287097794,48.040802481129326],[-107.3615473650349,48.040825764741385],[-107.36156004863136,48.04081210322978],[-107.36157920179276,48.040793851158455],[-107.36138135594103,48.04069071605383],[-107.36136841681221,48.04069989713219],[-107.36135588728582,48.04071805474006],[-107.36134341457155,48.04073612558742],[-107.3613184122856,48.04077235406237],[-107.36147561570876,48.04085850502998],[-107.3614951339166,48.04084915851504],[-107.36157495897353,48.04084750509092],[-107.36159970557361,48.04080679611449],[-107.36159287097794,48.040802481129326]]]]}"
0000000000000000021b,10832,0,0,0,"{""type"":""MultiPolygon"",""coordinates"":[[[[-107.36159287097794,48.040802481129326],[-107.36159970557361,48.04080679611449],[-107.36161264471868,48.04079761498575],[-107.36159287097794,48.040802481129326]]],[[[-107.3614194066653,48.040649731697975],[-107.36140102813634,48.040685865738205],[-107.36138135594103,48.04069071605383],[-107.36157920179276,48.040793851158455],[-107.36161761752842,48.04076177218453],[-107.36164023863897,48.040671984246124],[-107.3614194066653,48.040649731697975]]]]}"
0000000000000000021e,10833,0,0,0,"{""type"":""MultiPolygon"",""coordinates"":[[[[-107.36123848765543,48.040626652062606],[-107.36125888173605,48.040635171906274],[-107.36125847215156,48.04062619538997],[-107.36123848765543,48.040626652062606]]],[[[-107.36141692456086,48.040596188135524],[-107.36141728954247,48.040605093651635],[-107.36141791006861,48.04061847953939],[-107.36141915112074,48.04064525132517],[-107.3614194066653,48.040649731697975],[-107.36164023863897,48.040671984246124],[-107.3616458320035,48.040649527423],[-107.36164433521303,48.040618275273],[-107.36164298453053,48.04058707836275],[-107.36164210834889,48.04056921212159],[-107.36164174331206,48.04056030661384],[-107.36164133363253,48.04055133011442],[-107.36141692456086,48.040596188135524]]]]}"
0000000000000000021c,10834,0,0,0,"{""type"":""MultiPolygon"",""coordinates"":[[[[-107.3612166986278,48.04058686429678],[-107.36121695414776,48.04059134466574],[-107.36115788887933,48.0406104231429],[-107.36115825379775,48.04061932866402],[-107.36123848765543,48.040626652062606],[-107.36125847215156,48.04062619538997],[-107.36125080630502,48.040604085124876],[-107.36125599028102,48.04057265184149],[-107.3612166986278,48.04058686429678]]],[[[-107.3616270439104,48.04052931432511],[-107.36160121046105,48.04054774748041],[-107.3615975883572,48.040467416559224],[-107.36162332028248,48.04044899920673],[-107.36160939563776,48.04043588894193],[-107.3613672861948,48.040530179786224],[-107.36141630403463,48.040582802253454],[-107.36141692456086,48.040596188135524],[-107.36164133363253,48.04055133011442],[-107.36164009241381,48.04052455838379],[-107.3616270439104,48.04052931432511]]]]}"
00000000000000000221,10835,0,0,0,"{""type"":""MultiPolygon"",""coordinates"":[[[[-107.36159510597689,48.04041387319486],[-107.36158822680713,48.040409487247],[-107.36158900150157,48.0404273692067],[-107.36156239343896,48.040427920347575],[-107.36156115227308,48.04040114867768],[-107.3615279206405,48.04040179420925],[-107.36152046555972,48.040384093420734],[-107.36130998215694,48.04044206129809],[-107.36131780208841,48.04046866761918],[-107.36131842258085,48.04048205347356],[-107.36133918158639,48.04049947877657],[-107.3613672861948,48.040530179786224],[-107.36160939563776,48.04043588894193],[-107.36160924153359,48.04043139281654],[-107.36159510597689,48.04041387319486]]],[[[-107.36117916850544,48.04049387959283],[-107.36118662341225,48.04051158044943],[-107.36116896668824,48.0405610844575],[-107.36117595521102,48.0405698955951],[-107.36115788887933,48.0406104231429],[-107.36121695414776,48.04059134466574],[-107.3612166986278,48.04058686429678],[-107.36125599028102,48.04057265184149],[-107.36126670300943,48.040514407680085],[-107.36124568852296,48.0404925019946],[-107.36126484159074,48.040474250099905],[-107.3612577515908,48.04046545475687],[-107.36126396559126,48.04045638388918],[-107.36121137006856,48.04047087183307],[-107.36120515605616,48.040479942700166],[-107.36117916850544,48.04049387959283]],[[-107.36120577650712,48.04049332855921],[-107.36121871557553,48.04048414754058],[-107.36120515605616,48.040479942700166],[-107.36120577650712,48.04049332855921]],[[-107.36123523129642,48.04055522649557],[-107.36124817038491,48.04054604546159],[-107.36122006590142,48.04051534440452],[-107.36122156233354,48.0405465965088],[-107.36120194281796,48.040555958681644],[-107.3612166986278,48.04058686429678],[-107.36123523129642,48.04055522649557]]]]}"
00000000000000000223,10836,0,0,0,"{""type"":""MultiPolygon"",""coordinates"":[[[[-107.3612563565887,48.04043418693084],[-107.36122229369585,48.040417037150206],[-107.36120355022213,48.04044426550001],[-107.36121121601342,48.040466375702785],[-107.36121137006856,48.04047087183307],[-107.36126396559126,48.04045638388918],[-107.36126381152957,48.0404518877604],[-107.3612563565887,48.04043418693084]]],[[[-107.36148552637758,48.04034907758567],[-107.36148578193193,48.040353557932704],[-107.36147894743594,48.04034924297424],[-107.36130424367606,48.04031709270587],[-107.36127302770805,48.04036239172333],[-107.36127405777792,48.04038475402431],[-107.36130833157681,48.04040631313497],[-107.36130998215694,48.04044206129809],[-107.36152046555972,48.040384093420734],[-107.36151337549416,48.040375298113425],[-107.3615392534755,48.0403569360383],[-107.36148552637758,48.04034907758567]],[[-107.36149261643,48.04035787289097],[-107.36149986057741,48.04037116431747],[-107.36150617598231,48.040362077680065],[-107.36149261643,48.04035787289097]]]]}"
0000000000000000021a,10837,0,0,0,"{""type"":""MultiPolygon"",""coordinates"":[[[[-107.36148552637758,48.04034907758567],[-107.3615392534755,48.0403569360383],[-107.36155851584212,48.04034310926092],[-107.36151176935358,48.04033962099753],[-107.36149137531241,48.04033110125478],[-107.36148552637758,48.04034907758567]]],[[[-107.36149137531241,48.04033110125478],[-107.36150270815654,48.04028624314849],[-107.36150913299552,48.040281581645765],[-107.36135943133368,48.0402132033615],[-107.36135984094862,48.040222179805795],[-107.36134736842648,48.04024025047763],[-107.36132847104909,48.040262982643476],[-107.361310713173,48.04031250220632],[-107.36130424367606,48.04031709270587],[-107.36147894743594,48.04034924297424],[-107.36147160183653,48.04033596732325],[-107.36149137531241,48.04033110125478]]]]}"
00000000000000000219,10838,0,0,0,"{""type"":""Polygon"",""coordinates"":[[[-107.36150281787825,48.04014329869127],[-107.36141787544601,48.04018073914165],[-107.3613986131476,48.04019456584616],[-107.36138567420547,48.04020374683509],[-107.36135906636032,48.04020429791163],[-107.36135943133368,48.0402132033615],[-107.36150913299552,48.040281581645765],[-107.36154821341103,48.04026295981509],[-107.36158812532446,48.0402621331141],[-107.36150281787825,48.04014329869127]]]}"
00000000000000000213,10839,0,0,0,"{""type"":""Polygon"",""coordinates"":[[[-107.36166856943315,48.04012649594301],[-107.3616286576313,48.04012732267252],[-107.36160862868321,48.040127708420535],[-107.36154857851226,48.04012449575309],[-107.36150281787825,48.04014329869127],[-107.36158812532446,48.0402621331141],[-107.3616081543406,48.04026174736765],[-107.36170910189354,48.04013905495681],[-107.36166856943315,48.04012649594301]]]}"
00000000000000000218,10840,0,0,0,"{""type"":""Polygon"",""coordinates"":[[[-107.3618376882143,48.040185542927475],[-107.36182401914675,48.04017691309024],[-107.36176992699981,48.0401601493854],[-107.36170910189354,48.04013905495681],[-107.3616081543406,48.04026174736765],[-107.36161473327567,48.040261581970654],[-107.36162803725392,48.0402613063961],[-107.36165552141152,48.04027862137672],[-107.36169667465647,48.040304566231654],[-107.36183856450154,48.04020340903322],[-107.3618446242156,48.04018984207362],[-107.3618376882143,48.040185542927475]]]}"
00000000000000000214,10841,0,0,0,"{""type"":""Polygon"",""coordinates"":[[[-107.36183856450154,48.04020340903322],[-107.36169667465647,48.040304566231654],[-107.36172405743217,48.0403218969769],[-107.36172452395729,48.04033078667108],[-107.36176567733591,48.040356731518834],[-107.36179306020064,48.040374062259374],[-107.36188644414744,48.04037661335538],[-107.3618991274977,48.04036295192236],[-107.36183856450154,48.04020340903322]]]}"
00000000000000000220,10842,0,0,0,"{""type"":""MultiPolygon"",""coordinates"":[[[[-107.36189824991392,48.04019771607164],[-107.36187262772725,48.04022055851636],[-107.36186517248139,48.04020285782013],[-107.36186476274207,48.040193881384475],[-107.3618446242156,48.04018984207362],[-107.36183856450154,48.04020340903322],[-107.3618991274977,48.04036295192236],[-107.36195094812604,48.04033058170613],[-107.36201601591596,48.04029802261821],[-107.36204893931006,48.040288384694236],[-107.36204868368598,48.04028390435606],[-107.36189824991392,48.04019771607164]]],[[[-107.36247906434645,48.04052070508712],[-107.36209646101125,48.040309754594446],[-107.36209045816938,48.04032323483459],[-107.36208585103799,48.04036798281562],[-107.36214780904282,48.0404114235931],[-107.36214853936694,48.04042923454924],[-107.36217602404213,48.04044654942299],[-107.36218973798135,48.040455250241436],[-107.36220366292709,48.04046836041911],[-107.36223187803428,48.04050348626802],[-107.36224543783327,48.040507690957945],[-107.36225972801259,48.04052970663434],[-107.3623067308527,48.04053767488588],[-107.36238981453869,48.04060744623963],[-107.36248677565983,48.04054288619061],[-107.36247906434645,48.04052070508712]]]]}"
00000000000000000215,10843,0,0,0,"{""type"":""Polygon"",""coordinates"":[[[-107.36247186439144,48.040507484700846],[-107.3624488319883,48.0404409256834],[-107.3623448873528,48.0403537453498],[-107.36232350685411,48.040322934527964],[-107.36226221414533,48.04029295072586],[-107.36222292274071,48.04030716351146],[-107.3622069811932,48.04024939990271],[-107.36215848153498,48.04021017974848],[-107.3621648414379,48.04020116409175],[-107.36195545241712,48.04013848001359],[-107.3619498146853,48.04016086563606],[-107.36193045101652,48.04017470821212],[-107.36191761360054,48.04018387349554],[-107.36189824991392,48.04019771607164],[-107.36204868368598,48.04028390435606],[-107.36208092947317,48.04026096739963],[-107.36210091395027,48.04026051055499],[-107.36211421799678,48.04026023491121],[-107.36209646101125,48.040309754594446],[-107.36247906434645,48.04052070508712],[-107.36247186439144,48.040507484700846]],[[-107.36228344037639,48.04031926543318],[-107.3622699252777,48.04031513175489],[-107.36227054612202,48.0403285175549],[-107.36228344037639,48.04031926543318]],[[-107.36225036274513,48.0403244073316],[-107.36221666429206,48.04031616341794],[-107.36222437539676,48.040338344461155],[-107.36225036274513,48.0403244073316]]]}"
00000000000000000586,10844,0,0,0,"{""type"":""Polygon"",""coordinates"":[[[-107.36240493522298,48.040209587833324],[-107.36238557159777,48.04022343051312],[-107.36236502302013,48.04021041488101],[-107.36235084241785,48.04019282446263],[-107.36233717315059,48.04018419470246],[-107.36235658140546,48.04017042303548],[-107.36233556619561,48.0401485177513],[-107.36233468966368,48.04013065167504],[-107.36229441237336,48.04012257326273],[-107.36224115164974,48.040123604928944],[-107.36225346963208,48.04010103809612],[-107.36197880251801,48.04006650393237],[-107.36195545241712,48.04013848001359],[-107.3621648414379,48.04020116409175],[-107.36219082869027,48.04018722701731],[-107.3622230297076,48.04016421906625],[-107.36224363500017,48.040177147955035],[-107.36227065291466,48.04018557305575],[-107.36231180677458,48.040211517584794],[-107.36233918996057,48.04022884811305],[-107.36235296070886,48.040237462107136],[-107.36237993407929,48.0402458161918],[-107.36240695211394,48.0402542412621],[-107.36242025620139,48.04025396557483],[-107.36244686438161,48.04025341419461],[-107.36247269743724,48.04023498092498],[-107.36240493522298,48.040209587833324]]]}"
00000000000000000210,10845,1,0,1,"{""type"":""Polygon"",""coordinates"":[[[-107.36202171487894,48.03998525248373],[-107.36201607721543,48.040007638042844],[-107.36197678613702,48.04002185064178],[-107.36193739358119,48.04003607900103],[-107.36195131825733,48.04004918911724],[-107.36197854690137,48.040062023612805],[-107.36197880251801,48.04006650393237],[-107.36225346963208,48.04010103809612],[-107.36226578759977,48.04007847127181],[-107.36229115389588,48.040051148473125],[-107.36230358137507,48.04003300676174],[-107.36232858240763,48.03999677857327],[-107.36232842821178,48.03999228248907],[-107.36202171487894,48.03998525248373]]]}"
0000000000000000020f,10846,0,0,0,"{""type"":""Polygon"",""coordinates"":[[[-107.36225694154068,48.0398865752033],[-107.36202467068145,48.03990475704371],[-107.3620336231256,48.03995370934493],[-107.36202171487894,48.03998525248373],[-107.36232842821178,48.03999228248907],[-107.36233950434695,48.03994294429346],[-107.36235172074817,48.03992039330149],[-107.36235069000311,48.039898031227615],[-107.36225694154068,48.0398865752033]]]}"
00000000000000000217,10847,0,0,0,"{""type"":""Polygon"",""coordinates"":[[[-107.36201882013759,48.03977536476659],[-107.36202726131182,48.03981535635125],[-107.36202145735005,48.03983340352139],[-107.36202891262728,48.039851104079744],[-107.36202467068145,48.03990475704371],[-107.36225694154068,48.0398865752033],[-107.36201882013759,48.03977536476659]]]}"
000000000000000001ff,10848,0,0,0,"{""type"":""Polygon"",""coordinates"":[[[-107.36233314137303,48.039804591378],[-107.36203486873299,48.03969018473094],[-107.36200215686392,48.03970423182258],[-107.3620237923415,48.0397395226596],[-107.36201882013759,48.03977536476659],[-107.36225694154068,48.0398865752033],[-107.36235069000311,48.039898031227615],[-107.36234995956501,48.039880220456645],[-107.36236217593684,48.0398576694911],[-107.36233314137303,48.039804591378]]]}"
000000000000000001fa,10849,0,0,0,"{""type"":""Polygon"",""coordinates"":[[[-107.3623169887534,48.03974241904512],[-107.36231487047357,48.03969778182166],[-107.36230617331788,48.03965331007771],[-107.36205423211516,48.03967634226917],[-107.36203486873299,48.03969018473094],[-107.36233314137303,48.039804591378],[-107.36233267469316,48.03979570178009],[-107.36233153440101,48.03976891468592],[-107.3623169887534,48.03974241904512]]]}"
000000000000000001fc,10850,0,0,0,"{""type"":""Polygon"",""coordinates"":[[[-107.36229835270548,48.039626704268954],[-107.36229670111429,48.03959095670535],[-107.3622555479131,48.039565012460656],[-107.36220134663071,48.03954382413041],[-107.36205423211516,48.03967634226917],[-107.36230617331788,48.03965331007771],[-107.36229835270548,48.039626704268954]]]}"
000000000000000001fb,10851,0,0,0,"{""type"":""Polygon"",""coordinates"":[[[-107.36217085989547,48.03945956582889],[-107.36214502735471,48.03947799873103],[-107.36214585916778,48.03949579359668],[-107.36214699933586,48.03952258055645],[-107.36208048041823,48.03952395872683],[-107.36205997702059,48.03951101418115],[-107.36202017523345,48.03951626610406],[-107.36205423211516,48.03967634226917],[-107.36220134663071,48.03954382413041],[-107.36219451213614,48.0395395092897],[-107.36222572651218,48.03949421072457],[-107.36217085989547,48.03945956582889]]]}"
0000000000000000026d,10852,0,0,0,"{""type"":""Polygon"",""coordinates"":[[[-107.36202017523345,48.03951626610406],[-107.36193413895596,48.03952699053533],[-107.3618676201806,48.03952836855448],[-107.36192616617498,48.03964325641497],[-107.36202576215312,48.0396367366206],[-107.36203337156547,48.0396589331693],[-107.36202094413568,48.039677074714774],[-107.3620014265896,48.03968642111073],[-107.36200847205193,48.03969514527334],[-107.36200215686392,48.03970423182258],[-107.36203486873299,48.03969018473094],[-107.36205423211516,48.03967634226917],[-107.36202017523345,48.03951626610406]]]}"
000000000000000001fd,10853,0,0,0,"{""type"":""Polygon"",""coordinates"":[[[-107.3618676201806,48.03952836855448],[-107.36186089525312,48.03952847874392],[-107.3618475915043,48.039528754341106],[-107.36183428775726,48.03952902993642],[-107.361820984012,48.03952930552984],[-107.36180768026851,48.03952958112138],[-107.36178153933541,48.0395390218576],[-107.36173556850201,48.03955341539218],[-107.36182175204702,48.03969011420422],[-107.36183505584995,48.03968983860838],[-107.36186063300809,48.0396669254232],[-107.3618928782702,48.039643988813715],[-107.36192616617498,48.03964325641497],[-107.3618676201806,48.03952836855448]]]}"
00000000000000000211,10854,0,0,0,"{""type"":""Polygon"",""coordinates"":[[[-107.36173556850201,48.03955341539218],[-107.36165000685698,48.03957746997012],[-107.36165088306802,48.03959533587199],[-107.36164430424844,48.039595501266426],[-107.36166268254301,48.03970673586505],[-107.36182175204702,48.03969011420422],[-107.36173556850201,48.03955341539218]]]}"
00000000000000000200,10855,0,0,0,"{""type"":""Polygon"",""coordinates"":[[[-107.36164430424844,48.039595501266426],[-107.36162427558357,48.0395958870066],[-107.3616106068004,48.0395872572289],[-107.36157628877436,48.03956562756123],[-107.36159518565528,48.03954289566195],[-107.36159441093257,48.03952501400514],[-107.36159192848058,48.03947147160644],[-107.3615702936461,48.0394361808363],[-107.3615491699891,48.03940985061512],[-107.36151935038083,48.03948641613027],[-107.36152318335658,48.039571154838114],[-107.36153089387996,48.03959333563622],[-107.36151784571695,48.039598091469436],[-107.36152354042363,48.039722987318264],[-107.36155014797063,48.03972243620869],[-107.36160299804607,48.03971242860328],[-107.36162960560793,48.039711877471376],[-107.36166268254301,48.03970673586505],[-107.36164430424844,48.039595501266426]]]}"
00000000000000000205,10856,0,0,0,"{""type"":""MultiPolygon"",""coordinates"":[[[[-107.36151619488768,48.03956234389258],[-107.36152318335658,48.039571154838114],[-107.36151935038083,48.03948641613027],[-107.36151619488768,48.03956234389258]]],[[[-107.36148502447175,48.03960771329486],[-107.36146276913453,48.03955903678816],[-107.36134935050246,48.03969979802899],[-107.36137632296861,48.03970815233329],[-107.3614038065502,48.039725467217764],[-107.36145702158727,48.039724365059115],[-107.36150355635735,48.03972344402739],[-107.36152354042363,48.039722987318264],[-107.36151784571695,48.039598091469436],[-107.36148502447175,48.03960771329486]]]]}"
0000000000000000026c,10857,0,0,0,"{""type"":""MultiPolygon"",""coordinates"":[[[[-107.36154233564285,48.03940553573516],[-107.36149098274413,48.03944679467304],[-107.3615175900842,48.03944624358067],[-107.36151935038083,48.03948641613027],[-107.3615491699891,48.03940985061512],[-107.36154233564285,48.03940553573516]]],[[[-107.36145552513153,48.03954574556139],[-107.36140081371823,48.03951559620941],[-107.36139397938234,48.039511281309906],[-107.36122625901957,48.039630869169564],[-107.36124804760537,48.03967065621783],[-107.36132227659364,48.039691459489354],[-107.36134935050246,48.03969979802899],[-107.36146276913453,48.03955903678816],[-107.36145552513153,48.03954574556139]]]]}"
00000000000000000206,10858,0,0,0,"{""type"":""MultiPolygon"",""coordinates"":[[[[-107.36151335528905,48.03920960265446],[-107.36152665887646,48.03920932710944],[-107.36153872126684,48.039182280516535],[-107.36151335528905,48.03920960265446]]],[[[-107.36135966163056,48.03948965158908],[-107.3612519913896,48.039465084538286],[-107.36113733166177,48.039579074020274],[-107.36121880422392,48.039613168611005],[-107.36122625901957,48.039630869169564],[-107.36139397938234,48.039511281309906],[-107.36135966163056,48.03948965158908]]],[[[-107.36153550129863,48.03940122085504],[-107.36151262539188,48.03933915898974],[-107.3614797597412,48.03934870976812],[-107.36146847191468,48.03939363805048],[-107.36141324160558,48.039350087450934],[-107.36138580291659,48.03933284367864],[-107.36136686143098,48.039355504452764],[-107.36138766453756,48.03937300037574],[-107.36138901506278,48.03940419657006],[-107.36140381534153,48.03943517247261],[-107.36149098274413,48.03944679467304],[-107.36154233564285,48.03940553573516],[-107.36153550129863,48.03940122085504]]]]}"
0000000000000000020b,10859,0,0,0,"{""type"":""MultiPolygon"",""coordinates"":[[[[-107.36115100163796,48.03944033624198],[-107.36107801422413,48.03944630410137],[-107.36103887785575,48.03946501219084],[-107.36112402799694,48.03957934951516],[-107.36113065141822,48.03957925514962],[-107.36113733166177,48.039579074020274],[-107.3612519913896,48.039465084538286],[-107.36115100163796,48.03944033624198]]],[[[-107.36149927701771,48.03919199665283],[-107.36147888358364,48.03918347707879],[-107.36146495943956,48.039170367097235],[-107.36140667110284,48.039207326696975],[-107.36139445453658,48.03922987726548],[-107.36134983464433,48.03927546663696],[-107.36128109025051,48.039227782309716],[-107.3613037101252,48.03928536385389],[-107.36133155833886,48.03931158392461],[-107.36134584744595,48.03933359926146],[-107.36136686143098,48.039355504452764],[-107.36138580291659,48.03933284367864],[-107.36142147133776,48.0392383024814],[-107.36146014095718,48.039210704815645],[-107.36148012473856,48.03921024812728],[-107.36151335528905,48.03920960265446],[-107.36153872126684,48.039182280516535],[-107.36156393310333,48.039150462371644],[-107.36149927701771,48.03919199665283]]]]}"
00000000000000000202,10860,0,0,0,"{""type"":""Polygon"",""coordinates"":[[[-107.36103887785575,48.03946501219084],[-107.36098017935065,48.0394929954311],[-107.36094859901158,48.03952938827797],[-107.36093566027144,48.03953856908436],[-107.3610459658136,48.039621175119905],[-107.36106573886208,48.039616309216555],[-107.36111072433391,48.039579625008145],[-107.36112402799694,48.03957934951516],[-107.36103887785575,48.03946501219084]]]}"
00000000000000000201,10861,0,0,0,"{""type"":""Polygon"",""coordinates"":[[[-107.36093566027144,48.03953856908436],[-107.3609227661665,48.03954782088295],[-107.36089662525409,48.039557261380544],[-107.36087038287377,48.03956671764378],[-107.36084414048754,48.039576173901686],[-107.36082477697317,48.03959001609581],[-107.36094885228879,48.03968123646926],[-107.3609550661926,48.039672165759924],[-107.36100704010943,48.039644292560425],[-107.36101997888169,48.039635111725055],[-107.3610459658136,48.039621175119905],[-107.36093566027144,48.03953856908436]]]}"
00000000000000000291,10862,0,0,0,"{""type"":""Polygon"",""coordinates"":[[[-107.36082477697317,48.03959001609581],[-107.36080547027045,48.039603771526735],[-107.36079257612766,48.03961302332029],[-107.36076633371067,48.03962247956604],[-107.36075986431455,48.03962706996577],[-107.36079950898726,48.03976469066493],[-107.36089066438674,48.039718180370876],[-107.36092348566795,48.039708558727796],[-107.36094885228879,48.03968123646926],[-107.36082477697317,48.03959001609581]]]}"
00000000000000000230,10863,0,0,0,"{""type"":""Polygon"",""coordinates"":[[[-107.36075986431455,48.03962706996577],[-107.36075339491724,48.03963166036549],[-107.36072766341789,48.039650077186025],[-107.36069272590797,48.03961506151045],[-107.36054648386165,48.039765443578595],[-107.36057345595195,48.0397737981289],[-107.36061424262606,48.03979083785648],[-107.36065394282156,48.03978560226398],[-107.36066724649385,48.039785326833076],[-107.36068055016791,48.039785051400294],[-107.36075390282329,48.03978798917803],[-107.36079950898726,48.03976469066493],[-107.36075986431455,48.03962706996577]]]}"
0000000000000000020c,10864,0,0,0,"{""type"":""Polygon"",""coordinates"":[[[-107.36065788993592,48.03958003007293],[-107.36064247009162,48.03953566832577],[-107.36048753346267,48.03964157812481],[-107.36046330559239,48.0396956873449],[-107.36046356102446,48.03970016764185],[-107.36046418121956,48.03971355331279],[-107.36052624453907,48.039761419777484],[-107.36054648386165,48.039765443578595],[-107.36069272590797,48.03961506151045],[-107.36065788993592,48.03958003007293]]]}"
0000000000000000020d,10865,0,0,0,"{""type"":""Polygon"",""coordinates"":[[[-107.3606017851209,48.03951861291652],[-107.36055431855408,48.03950175435225],[-107.36045410412211,48.03949488693786],[-107.36042775247617,48.039499918008715],[-107.36048753346267,48.03964157812481],[-107.36064247009162,48.03953566832577],[-107.36064236073764,48.03953124326567],[-107.3606017851209,48.03951861291652]]]}"
00000000000000000208,10866,0,0,0,"{""type"":""Polygon"",""coordinates"":[[[-107.36042775247617,48.039499918008715],[-107.36038805265774,48.03950515346935],[-107.3603547654181,48.03950588531502],[-107.36026868564677,48.03951653722739],[-107.36038125870901,48.03964827736122],[-107.36040077628763,48.03963893130122],[-107.36045461082742,48.03965121537401],[-107.36046330559239,48.0396956873449],[-107.36048753346267,48.03964157812481],[-107.36042775247617,48.039499918008715]]]}"
00000000000000000209,10867,0,0,0,"{""type"":""Polygon"",""coordinates"":[[[-107.36026868564677,48.03951653722739],[-107.36025553607291,48.03952130865073],[-107.36022991385666,48.039544150361834],[-107.36019672809923,48.039544866382414],[-107.36018342457942,48.03954514174286],[-107.36024335847159,48.03969129822783],[-107.36027643506753,48.039686157110594],[-107.360309102302,48.039672039620044],[-107.36035501628234,48.039657733500945],[-107.36038125870901,48.03964827736122],[-107.36026868564677,48.03951653722739]],[[-107.36022519547488,48.03958447257051],[-107.36022556018166,48.039593377926025],[-107.36023860831968,48.039588622269825],[-107.36022519547488,48.03958447257051]],[[-107.36022519547488,48.03958447257051],[-107.36021810595051,48.03957567728798],[-107.36020495635594,48.039580448710275],[-107.36022519547488,48.03958447257051]]]}"
0000000000000000021d,10868,0,0,0,"{""type"":""Polygon"",""coordinates"":[[[-107.36018342457942,48.03954514174286],[-107.36017012106139,48.03954541710142],[-107.36014424340557,48.039563778513916],[-107.36018528486619,48.03958529866005],[-107.3601528284656,48.03960382538081],[-107.36011913190148,48.03959558079509],[-107.36007036744783,48.03969480688695],[-107.36015085353777,48.03970661144656],[-107.36024335847159,48.03969129822783],[-107.36018342457942,48.03954514174286]]]}"
00000000000000000238,10869,0,0,0,"{""type"":""Polygon"",""coordinates"":[[[-107.36002476717582,48.03957073691344],[-107.35992154844304,48.039644292892405],[-107.3599286378853,48.03965308821049],[-107.35998905072283,48.03966520728451],[-107.36003024604538,48.03969122360893],[-107.36007036744783,48.03969480688695],[-107.36011913190148,48.03959558079509],[-107.36002476717582,48.03957073691344]]]}"
00000000000000000212,10870,0,0,0,"{""type"":""Polygon"",""coordinates"":[[[-107.36001519757818,48.039508399080695],[-107.35981699472583,48.03954372522712],[-107.3598383721718,48.039574536227015],[-107.35992154844304,48.039644292892405],[-107.36002476717582,48.03957073691344],[-107.36000437421627,48.03956221695193],[-107.35998310587424,48.03953583106353],[-107.36002249776838,48.039521603660354],[-107.36001519757818,48.039508399080695]]]}"
0000000000000000023a,10871,0,0,0,"{""type"":""Polygon"",""coordinates"":[[[-107.36000795421678,48.03949510774107],[-107.35999900468565,48.03944615560553],[-107.3598248199555,48.039422963536055],[-107.35981995508713,48.03946323041834],[-107.35970669363456,48.039461117786225],[-107.3597139368587,48.03947440914348],[-107.35963494691691,48.03949385577707],[-107.35965549354462,48.03950687186588],[-107.35970223785337,48.03951036103457],[-107.35975508702815,48.03950035451166],[-107.35976885652951,48.03950896878884],[-107.3597958280314,48.039517323531996],[-107.35981699472583,48.03954372522712],[-107.36001519757818,48.039508399080695],[-107.36000795421678,48.03949510774107]]]}"
000000000000000001f7,10872,0,0,0,"{""type"":""Polygon"",""coordinates"":[[[-107.35985443169682,48.039341989290904],[-107.35985479631702,48.03935089460878],[-107.35985629163442,48.03938214606749],[-107.35983041403627,48.03940050733652],[-107.3598248199555,48.039422963536055],[-107.35999900468565,48.03944615560553],[-107.35999093057555,48.039415069390515],[-107.36000299395623,48.03938802285946],[-107.36000822327593,48.039356661348315],[-107.35985443169682,48.039341989290904]]]}"
00000000000000000207,10873,0,0,0,"{""type"":""Polygon"",""coordinates"":[[[-107.35987043992841,48.03925673922205],[-107.35985365781917,48.039324107667206],[-107.35985443169682,48.039341989290904],[-107.36000822327593,48.039356661348315],[-107.3600137079631,48.03932978012372],[-107.3600305912771,48.03926239587984],[-107.35987043992841,48.03925673922205]]]}"
00000000000000000203,10874,0,0,0,"{""type"":""Polygon"",""coordinates"":[[[-107.35989285279499,48.03916254495214],[-107.35988684953082,48.039176024769574],[-107.35988736806499,48.03918942608502],[-107.35987043992841,48.03925673922205],[-107.3600305912771,48.03926239587984],[-107.36004912393318,48.0392307591088],[-107.36006020247558,48.03918142183328],[-107.35989285279499,48.03916254495214]]]}"
000000000000000001f5,10875,0,0,0,"{""type"":""Polygon"",""coordinates"":[[[-107.3599415721453,48.039063248979275],[-107.3599353581818,48.03907231951888],[-107.35990948083075,48.039090680694294],[-107.35989803751276,48.039131112588976],[-107.35989865751225,48.03914449812302],[-107.35989285279499,48.03916254495214],[-107.36006020247558,48.03918142183328],[-107.36005917310752,48.03915906001549],[-107.3600833442037,48.03910503821299],[-107.3599415721453,48.039063248979275]]]}"
000000000000000001f6,10876,0,0,0,"{""type"":""Polygon"",""coordinates"":[[[-107.35999132056774,48.03898631491269],[-107.35997304339286,48.039022431763826],[-107.35994778610598,48.03905417844091],[-107.3599415721453,48.039063248979275],[-107.3600833442037,48.03910503821299],[-107.36008965960788,48.03909595188871],[-107.3601083014229,48.03906874023303],[-107.36012708931007,48.03904158381056],[-107.36013936321979,48.03901894670965],[-107.35999132056774,48.03898631491269]]]}"
000000000000000001f9,10877,0,0,0,"{""type"":""GeometryCollection"",""geometries"":[{""type"":""LineString"",""coordinates"":[[-107.36017561507701,48.03893784337886],[-107.36018226878652,48.03893770661815]]},{""type"":""Polygon"",""coordinates"":[[[-107.36004738416942,48.03890029465155],[-107.3600161684753,48.03894559202664],[-107.35999132056774,48.03898631491269],[-107.36013936321979,48.03901894670965],[-107.36014500168237,48.03899656166347],[-107.36017559720874,48.03893787872373],[-107.36004738416942,48.03890029465155]]]}]}"
0000000000000000020a,10878,0,0,0,"{""type"":""Polygon"",""coordinates"":[[[-107.36008988889073,48.03881006961867],[-107.36006529653663,48.03885527264101],[-107.36004738416942,48.03890029465155],[-107.36018227727034,48.03893769766777],[-107.36020800835433,48.038919281254856],[-107.36022602203067,48.03887424343183],[-107.36023202513496,48.038860763674926],[-107.36008988889073,48.03881006961867]]]}"
00000000000000000204,10879,0,0,0,"{""type"":""Polygon"",""coordinates"":[[[-107.36014585056019,48.03872406537131],[-107.36013927199873,48.03872423065314],[-107.36012768295775,48.038764607060926],[-107.36010816585079,48.03877395289722],[-107.36008988889073,48.03881006961867],[-107.36023202513496,48.038860763674926],[-107.36025117756151,48.03884251256803],[-107.36026955587676,48.03880638002612],[-107.36029507606658,48.038783554410735],[-107.36014585056019,48.03872406537131]]]}"
000000000000000001f0,10880,0,0,0,"{""type"":""Polygon"",""coordinates"":[[[-107.36025574638671,48.03865032945914],[-107.36014585056019,48.03872406537131],[-107.36029507606658,48.038783554410735],[-107.36033359156565,48.03875146145649],[-107.36037909498339,48.03872817940749],[-107.36025574638671,48.03865032945914]]]}"
000000000000000001f2,10881,0,0,0,"{""type"":""Polygon"",""coordinates"":[[[-107.36030000936861,48.03860027670834],[-107.36027526342085,48.038640983616695],[-107.36025574638671,48.03865032945914],[-107.36037909498339,48.03872817940749],[-107.36041801978858,48.03870506264943],[-107.36041765502189,48.03869615744729],[-107.3604164146245,48.038669386628726],[-107.360481325609,48.03863233371182],[-107.36030000936861,48.03860027670834]]]}"
000000000000000001ed,10882,0,0,0,"{""type"":""Polygon"",""coordinates"":[[[-107.36032278543712,48.03851498872914],[-107.36031657164519,48.03852405919411],[-107.36030512895435,48.03856449068381],[-107.36030574911443,48.03857787606626],[-107.36030000936861,48.03860027670834],[-107.360481325609,48.03863233371182],[-107.36052020565089,48.03860914596655],[-107.36054561625981,48.038581895396234],[-107.36057766221884,48.038554392761945],[-107.36032278543712,48.03851498872914]]]}"
000000000000000001f1,10883,0,0,0,"{""type"":""Polygon"",""coordinates"":[[[-107.36039215080743,48.03842869371139],[-107.36038583558555,48.03843777993514],[-107.36035359105848,48.03846071549035],[-107.36032278543712,48.03851498872914],[-107.36057766221884,48.038554392761945],[-107.36060949732158,48.03852248092789],[-107.36061436115193,48.03848221475555],[-107.36039215080743,48.03842869371139]],[[-107.36058227063636,48.03850964637108],[-107.36056213342917,48.038505606887206],[-107.3605698431421,48.0385277873317],[-107.36058227063636,48.03850964637108]]]}"
000000000000000001ee,10884,0,0,0,"{""type"":""Polygon"",""coordinates"":[[[-107.36061856005185,48.03842849228073],[-107.36061731949641,48.03840172160567],[-107.36061706403827,48.03839724142096],[-107.36042088484889,48.038329855379516],[-107.36041689649487,48.03838798694456],[-107.36039215080743,48.03842869371139],[-107.36061436115193,48.03848221475555],[-107.36062016542648,48.03846416812853],[-107.36063263751696,48.03844609817542],[-107.36061856005185,48.03842849228073]]]}"
000000000000000001e5,10885,0,0,0,"{""type"":""Polygon"",""coordinates"":[[[-107.3604699665478,48.03823946590191],[-107.36046437305896,48.038261921625676],[-107.36045231039985,48.03828896761463],[-107.36042694460849,48.03831628899399],[-107.36042088484889,48.038329855379516],[-107.36061706403827,48.03839724142096],[-107.36061633439896,48.03837943112713],[-107.3606157141211,48.03836604580042],[-107.36061421810709,48.03833479497788],[-107.3606396852865,48.03830745777088],[-107.3604699665478,48.03823946590191]]]}"
000000000000000001e9,10886,0,0,0,"{""type"":""Polygon"",""coordinates"":[[[-107.36055288963583,48.038157376025325],[-107.36054642050182,48.0381619662755],[-107.3605063004763,48.038158383266754],[-107.36050066238674,48.03818076796628],[-107.36048859978143,48.03820781391651],[-107.36047643570014,48.03823487564963],[-107.3604699665478,48.03823946590191],[-107.3606396852865,48.03830745777088],[-107.36067152012534,48.03827554607346],[-107.36071142953351,48.038274719832586],[-107.36073011518921,48.03824757949371],[-107.36055288963583,48.038157376025325]]]}"
000000000000000001ea,10887,0,0,0,"{""type"":""Polygon"",""coordinates"":[[[-107.36063571095875,48.038075301983625],[-107.36058995295409,48.0380941036831],[-107.36057902951612,48.03814793590015],[-107.36055288963583,48.038157376025325],[-107.36073011518921,48.03824757949371],[-107.36075558225032,48.03822024230446],[-107.36079363059437,48.038179260191676],[-107.36063571095875,48.038075301983625]]]}"
000000000000000001eb,10888,0,0,0,"{""type"":""Polygon"",""coordinates"":[[[-107.36071988199811,48.03802442340103],[-107.36071330352097,48.0380245887179],[-107.36070771020918,48.03804704435918],[-107.36068706226759,48.03803404462544],[-107.36067412405806,48.03804322512078],[-107.36064864918416,48.038066121487454],[-107.36063571095875,48.038075301983625],[-107.36079363059437,48.038179260191676],[-107.36085181596877,48.03814231749926],[-107.36087122330947,48.03812854669349],[-107.36089742000064,48.03811901972617],[-107.36091035821563,48.03810983918726],[-107.36071988199811,48.03802442340103]]]}"
000000000000000001fe,10889,0,0,0,"{""type"":""Polygon"",""coordinates"":[[[-107.36080342459428,48.037955718882124],[-107.36079757586312,48.037973694350136],[-107.36071988199811,48.03802442340103],[-107.36091035821563,48.03810983918726],[-107.36091657182469,48.038100768760216],[-107.3609879507186,48.038059125667196],[-107.36100037788741,48.03804098482305],[-107.36080342459428,48.037955718882124]]]}"
000000000000000001e6,10890,0,0,0,"{""type"":""Polygon"",""coordinates"":[[[-107.36089991301955,48.03788227458128],[-107.36086833415764,48.037918666244344],[-107.36082206538016,48.037928507706475],[-107.36080342459428,48.037955718882124],[-107.36100037788741,48.03804098482305],[-107.36101244012356,48.03801393890398],[-107.36107098212209,48.03798146057981],[-107.36107077124448,48.037977051423795],[-107.36089991301955,48.03788227458128]]]}"
000000000000000001e8,10891,0,0,0,"{""type"":""Polygon"",""coordinates"":[[[-107.36097750502181,48.037831561302866],[-107.36094567075492,48.03786347281673],[-107.36091244160853,48.03786411804046],[-107.36089991301955,48.03788227458128],[-107.36107077124448,48.037977051423795],[-107.3611081986325,48.03792268418337],[-107.36114609233222,48.037877206270515],[-107.36097750502181,48.037831561302866]]]}"
000000000000000001f8,10892,0,0,0,"{""type"":""Polygon"",""coordinates"":[[[-107.36101353741336,48.037745928026006],[-107.36100287019862,48.0378042400464],[-107.36097750502181,48.037831561302866],[-107.36114609233222,48.037877206270515],[-107.36115815441693,48.03785016042157],[-107.36117756154744,48.037836389635956],[-107.36119671313458,48.037818138718585],[-107.36120877516579,48.037791092895155],[-107.36101353741336,48.037745928026006]]]}"
000000000000000001e4,10893,0,0,0,"{""type"":""Polygon"",""coordinates"":[[[-107.3610431452558,48.03766495610684],[-107.36103791713087,48.03769631663058],[-107.36101280756202,48.03772811796221],[-107.36102026195736,48.03774581790952],[-107.36120877516579,48.037791092895155],[-107.36123186903983,48.03771464011836],[-107.36123771753624,48.03769666471877],[-107.3610431452558,48.03766495610684]]]}"
000000000000000001df,10894,0,0,0,"{""type"":""Polygon"",""coordinates"":[[[-107.36123994435182,48.03759836278235],[-107.36122576532665,48.03758077303522],[-107.36104734334415,48.037611234472635],[-107.36105422192576,48.037615620239805],[-107.3610431452558,48.03766495610684],[-107.36123771753624,48.03769666471877],[-107.36125024593609,48.03767850820297],[-107.36123994435182,48.03759836278235]]]}"
000000000000000001db,10895,0,0,0,"{""type"":""Polygon"",""coordinates"":[[[-107.36115500853955,48.037488438914764],[-107.36114807314222,48.037484139925226],[-107.36099837434487,48.037558685686726],[-107.36102571005662,48.037575944794455],[-107.36103367546376,48.037602604916934],[-107.36104734334415,48.037611234472635],[-107.36122576532665,48.03758077303522],[-107.36115500853955,48.037488438914764]]]}"
000000000000000001d8,10896,0,0,0,"{""type"":""Polygon"",""coordinates"":[[[-107.36103192457071,48.03741951252688],[-107.36102509066534,48.037415197762925],[-107.36093605796867,48.03750634137344],[-107.36094268100737,48.03750624703435],[-107.3609634382346,48.03752367147331],[-107.36097710606093,48.03753230102738],[-107.36097757243733,48.037541190255226],[-107.3609845604067,48.03755000091252],[-107.36099837434487,48.037558685686726],[-107.36114807314222,48.037484139925226],[-107.36103192457071,48.03741951252688]]]}"
000000000000000001dc,10897,0,0,0,"{""type"":""Polygon"",""coordinates"":[[[-107.36095770038244,48.03739870981152],[-107.36092923342692,48.03735910548418],[-107.36091556567843,48.03735047594984],[-107.36090148839601,48.03733287046062],[-107.36087503678252,48.03733791717898],[-107.36086903416988,48.0373513965715],[-107.36088932490965,48.03735993177869],[-107.36090309410729,48.03736854554836],[-107.36087017349627,48.03737818247045],[-107.36085577428095,48.03749910474041],[-107.36087575701448,48.037498648219625],[-107.36089568293345,48.03749827845426],[-107.36093605796867,48.03750634137344],[-107.36102509066534,48.037415197762925],[-107.36095770038244,48.03739870981152]],[[-107.36093047425308,48.03738587561508],[-107.36091033752486,48.037381836278925],[-107.36091763776602,48.037395040252676],[-107.36093047425308,48.03738587561508]]]}"
000000000000000001e0,10898,0,0,0,"{""type"":""MultiPolygon"",""coordinates"":[[[[-107.36084180813093,48.037338562359174],[-107.36084864198793,48.03734287713112],[-107.36086903416988,48.0373513965715],[-107.36087503678252,48.03733791717898],[-107.36084180813093,48.037338562359174]]],[[[-107.36084382331097,48.03738321341517],[-107.36082364197551,48.03737910307086],[-107.36072446269856,48.037394597116965],[-107.36069061372432,48.03738185717224],[-107.36067063109263,48.037382313650824],[-107.36078947074242,48.037504890963504],[-107.36084221590953,48.03749490005929],[-107.36085577428095,48.03749910474041],[-107.36087017349627,48.03737818247045],[-107.36084382331097,48.03738321341517]]]]}"
000000000000000001e2,10899,0,0,0,"{""type"":""Polygon"",""coordinates"":[[[-107.36067063109263,48.037382313650824],[-107.36063714700744,48.03737847866258],[-107.36063005771958,48.03736968377519],[-107.36059739259854,48.03738380070053],[-107.3606311863519,48.03753939093341],[-107.3607037033954,48.03752453450529],[-107.36074971615088,48.037510213082136],[-107.36078947074242,48.037504890963504],[-107.36067063109263,48.037382313650824]]]}"
000000000000000001e3,10900,0,0,0,"{""type"":""Polygon"",""coordinates"":[[[-107.36059739259854,48.03738380070053],[-107.36057762080735,48.0373886662678],[-107.36054402739875,48.03738040636744],[-107.36052425561422,48.03738527192322],[-107.36051856088005,48.037407743048064],[-107.36055996530068,48.03743816717945],[-107.36051296759386,48.0374301984127],[-107.3605063445994,48.03743029272083],[-107.36047083041144,48.03752932618626],[-107.3605113591898,48.03754188517698],[-107.36059826561494,48.03754902779674],[-107.3606311863519,48.03753939093341],[-107.36059739259854,48.03738380070053]]]}"
000000000000000001e7,10901,0,0,0,"{""type"":""MultiPolygon"",""coordinates"":[[[[-107.36051198252598,48.03740790834605],[-107.36051856088005,48.037407743048064],[-107.36052425561422,48.03738527192322],[-107.36049133502922,48.03739490871758],[-107.36045065243397,48.03737785388137],[-107.36043812387237,48.03739601019244],[-107.36046519570036,48.037404348669014],[-107.3604724389319,48.037417639446495],[-107.36051198252598,48.03740790834605]]],[[[-107.3604724389319,48.037417639446495],[-107.36039200195911,48.03740590654905],[-107.36032993873923,48.037505403878356],[-107.36035679979283,48.03750933328211],[-107.3604573735872,48.03752510567622],[-107.36047083041144,48.03752932618626],[-107.3605063445994,48.03743029272083],[-107.36047989297853,48.0374353393397],[-107.3604724389319,48.037417639446495]]]]}"
000000000000000001ec,10902,0,0,0,"{""type"":""Polygon"",""coordinates"":[[[-107.36035830719048,48.03739766234802],[-107.36031752325808,48.03738062322094],[-107.36027720558842,48.037372473287526],[-107.36027037183612,48.037368158469725],[-107.36018920142271,48.03748597724217],[-107.36023557880296,48.0374805610747],[-107.3602693828995,48.03749323022046],[-107.36030980214787,48.037501364403326],[-107.36032993873923,48.037505403878356],[-107.36039200195911,48.03740590654905],[-107.36035830719048,48.03739766234802]]]}"
000000000000000001ef,10903,0,0,0,"{""type"":""Polygon"",""coordinates"":[[[-107.36022896785786,48.0373377342427],[-107.36019479919314,48.037316160147064],[-107.36004660420792,48.037426395102216],[-107.36004681496546,48.037430804217145],[-107.36008153901685,48.03746140961783],[-107.36013537018607,48.03747369344454],[-107.36016259586084,48.037486527899944],[-107.36018920142271,48.03748597724217],[-107.36027037183612,48.037368158469725],[-107.36022896785786,48.0373377342427]]]}"
000000000000000001f3,10904,0,0,0,"{""type"":""Polygon"",""coordinates"":[[[-107.36017922668508,48.03726730435149],[-107.36017213756004,48.03725850944475],[-107.35995545976417,48.03732554064097],[-107.35997658088807,48.037351870229294],[-107.3599913791187,48.037382845187466],[-107.36004660420792,48.037426395102216],[-107.36019479919314,48.037316160147064],[-107.36019454378105,48.03731168005295],[-107.36017922668508,48.03726730435149]]]}"
000000000000000001f4,10905,0,0,0,"{""type"":""Polygon"",""coordinates"":[[[-107.36015050548363,48.03722321977605],[-107.36014988535295,48.03720983473828],[-107.35989030113342,48.03721075066578],[-107.35989103045415,48.03722856057556],[-107.35991281614727,48.037268346174855],[-107.35993419258278,48.0372991558397],[-107.35995545976417,48.03732554064097],[-107.36017213756004,48.03725850944475],[-107.36015050548363,48.03722321977605]]]}"
000000000000000001e1,10906,0,0,0,"{""type"":""Polygon"",""coordinates"":[[[-107.36008213177082,48.03718444125263],[-107.3600477079838,48.0371583870791],[-107.36007281767203,48.03712658634346],[-107.36008612031057,48.03712631103346],[-107.36011282704779,48.03712574463862],[-107.36010573796719,48.03711694974963],[-107.3598994742337,48.03712118927306],[-107.35989030113342,48.03721075066578],[-107.36014988535295,48.03720983473828],[-107.36014729551322,48.03715186976087],[-107.36008213177082,48.03718444125263]]]}"
000000000000000001dd,10907,0,0,0,"{""type"":""Polygon"",""coordinates"":[[[-107.36007080341587,48.037081935466716],[-107.36007530274327,48.03703276550276],[-107.35992173910505,48.03702694366725],[-107.35990247832419,48.03704076919947],[-107.3598994742337,48.03712118927306],[-107.36010573796719,48.03711694974963],[-107.36007080341587,48.037081935466716]]]}"
000000000000000001d4,10908,0,0,0,"{""type"":""Polygon"",""coordinates"":[[[-107.3599769685844,48.03692313270952],[-107.35994735953203,48.03700410318239],[-107.35992162981432,48.037022518816805],[-107.35992173910505,48.03702694366725],[-107.36007530274327,48.03703276550276],[-107.36009942748846,48.036978674944955],[-107.3601118545522,48.03696053459316],[-107.3599769685844,48.03692313270952]]]}"
000000000000000001d3,10909,0,0,0,"{""type"":""Polygon"",""coordinates"":[[[-107.36005984443887,48.036840974400846],[-107.36004830075284,48.036881420317194],[-107.35998328358244,48.03691404678132],[-107.3599769685844,48.03692313270952],[-107.3601118545522,48.03696053459316],[-107.36015015731066,48.03692403380826],[-107.36020284892733,48.03690953179531],[-107.36020880701322,48.03689598156647],[-107.36005984443887,48.036840974400846]]]}"
000000000000000001d6,10910,1,0,0,"{""type"":""GeometryCollection"",""geometries"":[{""type"":""LineString"",""coordinates"":[[-107.36028562438939,48.03682742454989],[-107.36029227782666,48.0368272877873]]},{""type"":""Polygon"",""coordinates"":[[[-107.36012263635091,48.03675928827381],[-107.36007837566015,48.036809339124076],[-107.36005875817261,48.03681870034299],[-107.36005984443887,48.036840974400846],[-107.36020880701322,48.03689598156647],[-107.36022759358957,48.036868826284824],[-107.36028562300518,48.03682738909009],[-107.36012263635091,48.03675928827381]]]}]}"
000000000000000001ce,10911,0,0,0,"{""type"":""Polygon"",""coordinates"":[[[-107.3601927724612,48.03669087709045],[-107.36019385881333,48.036713151090204],[-107.3601225270336,48.036754863446895],[-107.36012263635091,48.03675928827381],[-107.36029224587654,48.036827294801434],[-107.36031662563144,48.03677768445927],[-107.3603412161189,48.03673248321402],[-107.3601927724612,48.03669087709045]]]}"
000000000000000001de,10912,0,0,0,"{""type"":""Polygon"",""coordinates"":[[[-107.36017621524248,48.03661973213469],[-107.3601927724612,48.03669087709045],[-107.3603412161189,48.03673248321402],[-107.36034965838384,48.036625112927986],[-107.36017621524248,48.03661973213469]]]}"
000000000000000001da,10913,0,0,0,"{""type"":""Polygon"",""coordinates"":[[[-107.36035266136743,48.036544693630624],[-107.36032477138025,48.03651840360028],[-107.36014702041177,48.03656231844075],[-107.36016752118891,48.03657526273301],[-107.36017621524248,48.03661973213469],[-107.36034965838384,48.036625112927986],[-107.3603613556566,48.036589162983546],[-107.36035266136743,48.036544693630624]]]}"
000000000000000001d1,10914,0,0,0,"{""type"":""Polygon"",""coordinates"":[[[-107.3602626119816,48.03647055560334],[-107.36022777921839,48.03643552603248],[-107.36008522601533,48.03652337511462],[-107.36012621961021,48.03654482312941],[-107.36014702041177,48.03656231844075],[-107.36032477138025,48.03651840360028],[-107.3602626119816,48.03647055560334]]]}"
000000000000000001d2,10915,0,0,0,"{""type"":""Polygon"",""coordinates"":[[[-107.36021364585277,48.03641800748879],[-107.36021178534229,48.03637785300767],[-107.36001944794016,48.0363952021392],[-107.36004180887755,48.036448300934],[-107.36006282033634,48.03647020526791],[-107.3600782384965,48.03651456455313],[-107.36008522601533,48.03652337511462],[-107.36022777921839,48.03643552603248],[-107.36021364585277,48.03641800748879]]]}"
000000000000000001cc,10916,0,0,0,"{""type"":""Polygon"",""coordinates"":[[[-107.36000066617233,48.036274998332],[-107.35996857749322,48.03630242853863],[-107.3599976625221,48.03635541722086],[-107.36001261440508,48.03639088737807],[-107.36001944794016,48.0363952021392],[-107.36021178534229,48.03637785300767],[-107.36021623967513,48.036328612719366],[-107.36021561950226,48.036315227911864],[-107.36000066617233,48.036274998332]]]}"
000000000000000001cd,10917,0,0,0,"{""type"":""Polygon"",""coordinates"":[[[-107.36023710880696,48.03620310317235],[-107.36023042923331,48.03620328421027],[-107.36004477227294,48.03622045227471],[-107.36005201513366,48.03623374279276],[-107.36001334839601,48.0362613382476],[-107.36000066617233,48.036274998332],[-107.36021561950226,48.036315227911864],[-107.36020816577269,48.036297528368834],[-107.36022731675885,48.036279278197036],[-107.36024435174912,48.036216393669385],[-107.3602701822545,48.036197962479825],[-107.36023710880696,48.03620310317235]]]}"
000000000000000001ca,10918,0,0,0,"{""type"":""Polygon"",""coordinates"":[[[-107.36030077487482,48.036139282711474],[-107.36025501935089,48.03615808349259],[-107.36023426331462,48.03614065932457],[-107.36023327837141,48.03611836980107],[-107.36023178258122,48.03608712030886],[-107.35999529607528,48.03615894428845],[-107.36002339624699,48.036189643259114],[-107.36004477227294,48.03622045227471],[-107.36023042923331,48.03620328421027],[-107.36022939965976,48.03618092367182],[-107.36024321283043,48.0361896083472],[-107.36023710880696,48.03620310317235],[-107.3602701822545,48.036197962479825],[-107.36027680501266,48.03619786819623],[-107.36030822863214,48.03615698219307],[-107.36032054596109,48.03613441733537],[-107.36030077487482,48.036139282711474]]]}"
000000000000000001d5,10919,0,0,0,"{""type"":""Polygon"",""coordinates"":[[[-107.35999628543358,48.03603387571826],[-107.35998561751315,48.03609218573595],[-107.35997438628075,48.03613702429595],[-107.35999529607528,48.03615894428845],[-107.36023178258122,48.03608712030886],[-107.36022453966496,48.03607382984304],[-107.36023722176219,48.03606016978474],[-107.35999628543358,48.03603387571826]]]}"
000000000000000001c8,10920,0,0,0,"{""type"":""Polygon"",""coordinates"":[[[-107.360071859438,48.03593851515613],[-107.36004664920279,48.03597033091539],[-107.36000125860205,48.03599803625367],[-107.35999628543358,48.03603387571826],[-107.36023722176219,48.03606016978474],[-107.36024347973009,48.03605117075148],[-107.3602634615559,48.03605071439403],[-107.36031568569162,48.03602732361335],[-107.360071859438,48.03593851515613]]]}"
000000000000000001c6,10921,0,0,0,"{""type"":""Polygon"",""coordinates"":[[[-107.36035958035076,48.03596836869516],[-107.36013428486766,48.035847925754645],[-107.36012160282749,48.03586158574249],[-107.36009101025914,48.035920265140966],[-107.360071859438,48.03593851515613],[-107.36031568569162,48.03602732361335],[-107.36034192546441,48.036017868207615],[-107.36036118560871,48.036004042873444],[-107.36038059182923,48.035990272758035],[-107.36035958035076,48.03596836869516]]]}"
000000000000000001c5,10922,0,0,0,"{""type"":""Polygon"",""coordinates"":[[[-107.36028506316032,48.035795657561835],[-107.3602653368962,48.035800593881966],[-107.36021958180609,48.03581939451348],[-107.36016026908628,48.0358339904669],[-107.36013428486766,48.035847925754645],[-107.36035958035076,48.03596836869516],[-107.36028506316032,48.035795657561835]]]}"
000000000000000001c2,10923,0,0,0,"{""type"":""Polygon"",""coordinates"":[[[-107.36037806918598,48.0357893055303],[-107.36035804284175,48.03578969091889],[-107.36033816258758,48.03579013152179],[-107.36032486039166,48.035790406848506],[-107.36028506316032,48.035795657561835],[-107.36035958035076,48.03596836869516],[-107.36038059182923,48.035990272758035],[-107.36038701593193,48.03598561173179],[-107.36044436940271,48.03578351986586],[-107.36037806918598,48.0357893055303]]]}"
000000000000000001c9,10924,0,0,0,"{""type"":""Polygon"",""coordinates"":[[[-107.36053971065562,48.03583065113886],[-107.36048427603902,48.03578269382929],[-107.36044436940271,48.03578351986586],[-107.36038701593193,48.03598561173179],[-107.360440269676,48.03598458135473],[-107.36047914679261,48.03596139487336],[-107.36057340415077,48.03583889506161],[-107.36053971065562,48.03583065113886]]]}"
000000000000000001c4,10925,1,0,0,"{""type"":""Polygon"",""coordinates"":[[[-107.36073478296557,48.03587131987337],[-107.3607014542228,48.03587198072167],[-107.36067484967161,48.03587253147902],[-107.36066092705347,48.03585942217118],[-107.36057340415077,48.03583889506161],[-107.36047914679261,48.03596139487336],[-107.36075553921481,48.035888743837916],[-107.36076138753279,48.035870769099],[-107.36073478296557,48.03587131987337]]]}"
000000000000000001c1,10926,0,0,0,"{""type"":""Polygon"",""coordinates"":[[[-107.36047914679261,48.03596139487336],[-107.360440269676,48.03598458135473],[-107.36046015005569,48.03598414072584],[-107.3605614863512,48.036013352590416],[-107.3606886611475,48.03602857365358],[-107.36075553921481,48.035888743837916],[-107.36047914679261,48.03596139487336]]]}"
000000000000000001d0,10927,0,0,0,"{""type"":""Polygon"",""coordinates"":[[[-107.36075553921481,48.035888743837916],[-107.3606886611475,48.03602857365358],[-107.36070879708535,48.03603261295194],[-107.36073627761542,48.03604992688949],[-107.36081686616473,48.03606615500952],[-107.360869710716,48.03605614864778],[-107.36090154331733,48.03602423830335],[-107.36075553921481,48.035888743837916]]]}"
000000000000000001be,10928,0,0,0,"{""type"":""Polygon"",""coordinates"":[[[-107.360794570208,48.035870053011415],[-107.36076138753279,48.035870769099],[-107.36075553921481,48.035888743837916],[-107.36090154331733,48.03602423830335],[-107.36093333123623,48.03599225698148],[-107.3609783566651,48.0359556464813],[-107.36099709766067,48.0359284205733],[-107.3608542480729,48.03586436136292],[-107.36084782401758,48.03586902240848],[-107.3608019147934,48.03588332760741],[-107.360794570208,48.035870053011415]],[[-107.3608019147934,48.03588332760741],[-107.36078876653995,48.035888098739186],[-107.36080227969505,48.0358922323261],[-107.3608019147934,48.03588332760741]]]}"
000000000000000001cf,10929,0,0,0,"{""type"":""Polygon"",""coordinates"":[[[-107.36092422749985,48.035791455151404],[-107.36090569741714,48.035823089947584],[-107.36088608050119,48.03583245114495],[-107.3608542480729,48.03586436136292],[-107.36099709766067,48.0359284205733],[-107.36101624822062,48.03591017038336],[-107.36104202152332,48.03589182586045],[-107.36106661063441,48.03584662522908],[-107.36092422749985,48.035791455151404]]]}"
000000000000000001d9,10930,0,0,0,"{""type"":""Polygon"",""coordinates"":[[[-107.36096030217338,48.03570589627925],[-107.36094736485934,48.03571507638037],[-107.36095683434245,48.03577742533808],[-107.36093022978685,48.03577797616545],[-107.36092422749985,48.035791455151404],[-107.36106661063441,48.03584662522908],[-107.36107318875031,48.035846459904],[-107.36109818740795,48.03581023499436],[-107.36111697289354,48.035783080129384],[-107.36112950059594,48.03576492431091],[-107.36096030217338,48.03570589627925]]]}"
000000000000000001b7,10931,0,0,0,"{""type"":""GeometryCollection"",""geometries"":[{""type"":""LineString"",""coordinates"":[[-107.36096026266708,48.035705878907415],[-107.36096691114801,48.035705742207]]},{""type"":""Polygon"",""coordinates"":[[[-107.36105725059346,48.03564134404424],[-107.36099224383085,48.03567841085945],[-107.36096688025704,48.03570573096273],[-107.36096691114801,48.035705742207],[-107.36112950059594,48.03576492431091],[-107.36114233645827,48.035755759946234],[-107.36116754590195,48.03572394404929],[-107.36119937804084,48.03569203382021],[-107.36105725059346,48.03564134404424]]]}]}"
000000000000000001bb,10932,0,0,0,"{""type"":""Polygon"",""coordinates"":[[[-107.36114017455829,48.03556369840617],[-107.36107676594699,48.0356319986185],[-107.36105725059346,48.03564134404424],[-107.36119937804084,48.03569203382021],[-107.36124425686046,48.03565536820126],[-107.36126288807904,48.035623717679144],[-107.36114017455829,48.03556369840617]]]}"
000000000000000001ba,10933,0,0,0,"{""type"":""Polygon"",""coordinates"":[[[-107.36114405160912,48.03550114527844],[-107.36114488304105,48.03551893881047],[-107.36114565765828,48.03553681910502],[-107.36114664317785,48.035559108356836],[-107.36114017455829,48.03556369840617],[-107.36126288807904,48.035623717679144],[-107.36126263252613,48.03561923773632],[-107.36129487418131,48.03559630319329],[-107.36134668792855,48.03556393642621],[-107.3613915665097,48.035527270834066],[-107.36114405160912,48.03550114527844]]]}"
000000000000000001bc,10934,0,0,0,"{""type"":""Polygon"",""coordinates"":[[[-107.3612048235843,48.035374811279866],[-107.36113929827482,48.03539847766522],[-107.36117335674605,48.03541562594337],[-107.36115533812428,48.03545622040869],[-107.36114405160912,48.03550114527844],[-107.3613915665097,48.035527270834066],[-107.36139803510966,48.03552268077145],[-107.3614111832407,48.0355179095925],[-107.3612048235843,48.035374811279866]]]}"
000000000000000001b6,10935,0,0,0,"{""type"":""Polygon"",""coordinates"":[[[-107.36138991435098,48.035344170009495],[-107.36138370135312,48.035353239974],[-107.36131149656535,48.03537708757991],[-107.3612048235843,48.035374811279866],[-107.3614111832407,48.0355179095925],[-107.36144404540296,48.0355083596252],[-107.36138991435098,48.035344170009495]]]}"
000000000000000001bd,10936,0,0,0,"{""type"":""Polygon"",""coordinates"":[[[-107.36146812112077,48.03530684346893],[-107.36144188182334,48.03531629904249],[-107.36141568715692,48.03532582559709],[-107.36138991435098,48.035344170009495],[-107.36144404540296,48.0355083596252],[-107.36148954452081,48.0354850786007],[-107.36150895027856,48.03547130840509],[-107.36153477996837,48.035452877157766],[-107.361560508188,48.03543446168058],[-107.36158649198254,48.03542052612697],[-107.36146812112077,48.03530684346893]]]}"
000000000000000001b5,10937,0,0,0,"{""type"":""Polygon"",""coordinates"":[[[-107.36157318775685,48.03527344581627],[-107.36155999507508,48.03527814600675],[-107.36154720406947,48.03528738132439],[-107.36146812112077,48.03530684346893],[-107.36158649198254,48.03542052612697],[-107.36161919992878,48.03540648042639],[-107.36167178817931,48.035391993845046],[-107.36170398488115,48.0353689882857],[-107.36171717759929,48.03536428806631],[-107.36157318775685,48.03527344581627]]]}"
000000000000000001b8,10938,0,0,0,"{""type"":""Polygon"",""coordinates"":[[[-107.36168380187927,48.035217522620194],[-107.36163783656302,48.03523191477945],[-107.36157318775685,48.03527344581627],[-107.36171717759929,48.03536428806631],[-107.36178203749762,48.035327165785674],[-107.3618144897334,48.03530864013264],[-107.36168380187927,48.035217522620194]]]}"
000000000000000001bf,10939,0,0,0,"{""type"":""Polygon"",""coordinates"":[[[-107.36177406897818,48.035153151441875],[-107.36173540397684,48.03518074697769],[-107.36170310600718,48.03520376823039],[-107.36168380187927,48.035217522620194],[-107.3618144897334,48.03530864013264],[-107.3618861182996,48.03527147865266],[-107.36191184631195,48.035253063150236],[-107.36177406897818,48.035153151441875]]]}"
000000000000000001b4,10940,0,0,0,"{""type"":""Polygon"",""coordinates"":[[[-107.36183773152585,48.03508933132965],[-107.36182541531797,48.0351118959033],[-107.36180590027503,48.035121241380736],[-107.36179358403972,48.03514380596475],[-107.36177406897818,48.035153151441875],[-107.36191184631195,48.035253063150236],[-107.36196381356251,48.03522519195434],[-107.36205454714717,48.03516970931988],[-107.36183773152585,48.03508933132965]]]}"
000000000000000001b3,10941,0,0,0,"{""type"":""Polygon"",""coordinates"":[[[-107.36192064514015,48.035007245450785],[-107.36188871255803,48.035039171246666],[-107.36185610640199,48.03505320116174],[-107.36183773152585,48.03508933132965],[-107.36205454714717,48.03516970931988],[-107.36210640468066,48.03513741341325],[-107.36192064514015,48.035007245450785]]]}"
000000000000000001b1,10942,0,0,0,"{""type"":""Polygon"",""coordinates"":[[[-107.36199595784176,48.0349074055078],[-107.361991506136,48.034956644474995],[-107.36197845964966,48.03496139990707],[-107.36192064514015,48.035007245450785],[-107.36210640468066,48.03513741341325],[-107.36211945123323,48.035132657946086],[-107.36214444861501,48.03509643328997],[-107.36215687424445,48.03507829336181],[-107.36199595784176,48.0349074055078]]]}"
000000000000000001d7,10943,0,0,0,"{""type"":""Polygon"",""coordinates"":[[[-107.36201485190003,48.03488467562047],[-107.36201510754958,48.03488915549595],[-107.36200217064749,48.03489833558575],[-107.36199595784176,48.0349074055078],[-107.36215687424445,48.03507829336181],[-107.36219517374856,48.03504179315489],[-107.36221914017617,48.03498320857166],[-107.36223751469767,48.03494707841286],[-107.36201485190003,48.03488467562047]]]}"
000000000000000000fc,10944,0,0,0,"{""type"":""Polygon"",""coordinates"":[[[-107.36200703217246,48.03485807218937],[-107.36201485190003,48.03488467562047],[-107.36223751469767,48.03494707841286],[-107.36225557669299,48.03490655515648],[-107.3622587861475,48.03483054743996],[-107.36200703217246,48.03485807218937]]]}"
000000000000000001ab,10945,0,0,0,"{""type"":""Polygon"",""coordinates"":[[[-107.36228761352842,48.03473169977841],[-107.36228637160062,48.034704931050626],[-107.36224646535847,48.03470575781063],[-107.36199808030274,48.0348091246366],[-107.36200703217246,48.03485807218937],[-107.3622587861475,48.03483054743996],[-107.36226426834652,48.03480366847424],[-107.36226302643874,48.034776899708824],[-107.36227591863057,48.03476764862178],[-107.36231623487636,48.034775797344864],[-107.36232829503346,48.03474875300022],[-107.36234118720803,48.034739501909804],[-107.36228761352842,48.03473169977841]]]}"
000000000000000001ac,10946,0,0,0,"{""type"":""Polygon"",""coordinates"":[[[-107.3622326519265,48.03469707367686],[-107.36221236196249,48.03468853916864],[-107.36214921547807,48.03461840525843],[-107.36213492729054,48.03459639200125],[-107.3619561573523,48.03476530247974],[-107.36199062580575,48.034791425761064],[-107.36199808030274,48.0348091246366],[-107.36224646535847,48.03470575781063],[-107.3622326519265,48.03469707367686]]]}"
000000000000000001af,10947,0,0,0,"{""type"":""Polygon"",""coordinates"":[[[-107.3621128842897,48.03455212913359],[-107.3620649028985,48.03452187271112],[-107.362062784581,48.034477239935065],[-107.36187324097087,48.034700033834355],[-107.36190046584353,48.03471286713625],[-107.36191413306545,48.034721496108595],[-107.36192805593525,48.03473460494295],[-107.36186801416886,48.03473139259326],[-107.36184798807679,48.03473177827902],[-107.36179120445252,48.034799983431675],[-107.36183297298876,48.03483931005291],[-107.36185299913556,48.03483892436811],[-107.36184404748568,48.034789976813286],[-107.36186304298714,48.034767231236856],[-107.36188964708258,48.034766680172844],[-107.36194932372473,48.03476098799346],[-107.3619561573523,48.03476530247974],[-107.36213492729054,48.03459639200125],[-107.3621128842897,48.03455212913359]]]}"
000000000000000001b0,10948,0,0,0,"{""type"":""GeometryCollection"",""geometries"":[{""type"":""LineString"",""coordinates"":[[-107.36187303740236,48.034695558375056],[-107.361873241444,48.03470002061638]]},{""type"":""Polygon"",""coordinates"":[[[-107.3618281080754,48.03473221917569],[-107.3617895977328,48.03476431013521],[-107.36175590445853,48.034756066803716],[-107.36174368979269,48.03477861545073],[-107.3617845818351,48.03480007781382],[-107.36179120445252,48.034799983431675],[-107.36184798807679,48.03473177827902],[-107.3618281080754,48.03473221917569]]]},{""type"":""Polygon"",""coordinates"":[[[-107.36204824084788,48.034450746883486],[-107.36196345810113,48.034488238614934],[-107.36187531553358,48.03445432889904],[-107.36186164841826,48.034445699962504],[-107.36184809085701,48.03444149564841],[-107.36177909627838,48.03467960264728],[-107.361792398282,48.03467932712943],[-107.36187298533774,48.03469555397427],[-107.362062784581,48.034477239935065],[-107.36206205412296,48.03445943100694],[-107.36204824084788,48.034450746883486]]]}]}"
000000000000000001a3,10949,0,0,0,"{""type"":""MultiPolygon"",""coordinates"":[[[[-107.36172914624268,48.03475212219351],[-107.3617093757817,48.034756987715845],[-107.36174368979269,48.03477861545073],[-107.36175590445853,48.034756066803716],[-107.36172914624268,48.03475212219351]]],[[[-107.3618279553819,48.034437456700495],[-107.36180715448452,48.03441996246676],[-107.36173520711445,48.03444828976004],[-107.36168945374655,48.03446709056383],[-107.36167589622328,48.03446288622269],[-107.36165829101407,48.0346598091285],[-107.36167205957378,48.03466842235951],[-107.36177909627838,48.03467960264728],[-107.36184809085701,48.03444149564841],[-107.3618279553819,48.034437456700495]]]]}"
000000000000000001b2,10950,0,0,0,"{""type"":""Polygon"",""coordinates"":[[[-107.36165576079422,48.03445884723577],[-107.36162817113303,48.034437109454295],[-107.36156177119348,48.03444291151484],[-107.36152439504045,48.03464469981051],[-107.36159111579622,48.03464773125808],[-107.36161114178823,48.034647345629175],[-107.36164436830639,48.034646700269576],[-107.36165829101407,48.0346598091285],[-107.36167589622328,48.03446288622269],[-107.36165576079422,48.03445884723577]]]}"
000000000000000001a2,10951,0,0,0,"{""type"":""Polygon"",""coordinates"":[[[-107.36152854488667,48.03444355683791],[-107.36135665233672,48.03461685121638],[-107.36141073625483,48.034633613588085],[-107.36143770520155,48.03464196715587],[-107.36152439504045,48.03464469981051],[-107.36156177119348,48.03444291151484],[-107.36152854488667,48.03444355683791]]]}"
000000000000000001a7,10952,0,0,0,"{""type"":""Polygon"",""coordinates"":[[[-107.3614880185689,48.034430998958335],[-107.36145334002191,48.034400466802374],[-107.361247345018,48.03455654193736],[-107.36126105657105,48.03456524197024],[-107.361281658411,48.03457816977054],[-107.36132968345018,48.034608497628255],[-107.36135665233672,48.03461685121638],[-107.36152854488667,48.03444355683791],[-107.3614880185689,48.034430998958335]]]}"
000000000000000001a8,10953,0,0,0,"{""type"":""Polygon"",""coordinates"":[[[-107.36144200777998,48.03429796672981],[-107.36144785548292,48.03427999251097],[-107.36109952780109,48.03452832312938],[-107.36117239604782,48.034517931427835],[-107.36121975565446,48.034534803990155],[-107.361247345018,48.03455654193736],[-107.36145334002191,48.034400466802374],[-107.3614462509713,48.03439167246975],[-107.36146576562507,48.034382327205726],[-107.36146503545453,48.03436451829805],[-107.36146441478449,48.03435113401356],[-107.36144200777998,48.03429796672981]]]}"
000000000000000001c0,10954,0,0,0,"{""type"":""Polygon"",""coordinates"":[[[-107.36135448726407,48.03427744088543],[-107.36126189386485,48.0342927690325],[-107.36124222514367,48.03429761863896],[-107.36105512453665,48.03443096350375],[-107.36109652658446,48.03446138573317],[-107.36106407503318,48.034479910825766],[-107.36102354904389,48.034467352732705],[-107.36101003633152,48.034463219278294],[-107.36095843500253,48.034499994006474],[-107.36097944623404,48.03452189732976],[-107.3610333835377,48.034538604681146],[-107.36109952780109,48.03452832312938],[-107.36144785548292,48.03427999251097],[-107.36135448726407,48.03427744088543]]]}"
000000000000000001b9,10955,0,0,0,"{""type"":""MultiPolygon"",""coordinates"":[[[[-107.36098375299397,48.03432525038296],[-107.3609843734885,48.034338634668394],[-107.36101237211878,48.034369348052785],[-107.36102753542998,48.034409225546845],[-107.36105512453665,48.03443096350375],[-107.36124222514367,48.03429761863896],[-107.36098375299397,48.03432525038296]]],[[[-107.36099606938414,48.03445003937898],[-107.36100093183373,48.03440977635508],[-107.36097308726578,48.034383558551234],[-107.36095171114853,48.03435275082635],[-107.36092423162329,48.03433543748654],[-107.36083133022674,48.034341774021954],[-107.36082610268964,48.03437313252801],[-107.36086641754748,48.03438128183486],[-107.36088717313012,48.034398705291736],[-107.36091666814113,48.03446066721652],[-107.3609513460914,48.03449119961698],[-107.36095843500253,48.034499994006474],[-107.36101003633152,48.034463219278294],[-107.36099606938414,48.03445003937898]]]]}"
000000000000000001c3,10956,0,0,0,"{""type"":""MultiPolygon"",""coordinates"":[[[[-107.36091052027955,48.034326737438356],[-107.36087087053767,48.03433204342867],[-107.36083733225365,48.03432829542178],[-107.36083133022674,48.034341774021954],[-107.36092423162329,48.03433543748654],[-107.36091052027955,48.034326737438356]]],[[[-107.3610189497488,48.034221829849145],[-107.36101916064453,48.03422623868847],[-107.36100709992138,48.0342532826127],[-107.3610075095318,48.034262258036534],[-107.3609949377328,48.03428034231892],[-107.36098375299397,48.03432525038296],[-107.36124222514367,48.03429761863896],[-107.36126189386485,48.0342927690325],[-107.3610189497488,48.034221829849145]]]]}"
000000000000000001a4,10957,0,0,0,"{""type"":""Polygon"",""coordinates"":[[[-107.36102676829694,48.034101080508094],[-107.36100787429076,48.034123809858954],[-107.36101569311722,48.03415041302119],[-107.36108199076368,48.034144627162064],[-107.3610308563675,48.03419029034944],[-107.3610189497488,48.034221829849145],[-107.36126189386485,48.0342927690325],[-107.36135448726407,48.03427744088543],[-107.36102676829694,48.034101080508094]]]}"
0000000000000000019e,10958,0,0,0,"{""type"":""Polygon"",""coordinates"":[[[-107.36117816008814,48.034062197046836],[-107.36113986112821,48.034098696150245],[-107.36114425688636,48.03404954476185],[-107.36113701389225,48.03403625488441],[-107.36100648691219,48.03394963406073],[-107.36098035007089,48.0339590734681],[-107.36100809291288,48.033985306833245],[-107.36102190562359,48.03399399104373],[-107.36102428623725,48.03404754363305],[-107.36101781789306,48.03405213353455],[-107.36105782436022,48.03405129155849],[-107.36105896396757,48.034078075759105],[-107.36103236059945,48.034078626566796],[-107.36102676829694,48.034101080508094],[-107.36135448726407,48.03427744088543],[-107.36144785548292,48.03427999251097],[-107.36146007009302,48.03425744411791],[-107.36117816008814,48.034062197046836]]]}"
0000000000000000019f,10959,0,0,0,"{""type"":""MultiPolygon"",""coordinates"":[[[[-107.36144935850305,48.034168328561144],[-107.36128881516734,48.034006346679114],[-107.36126941019471,48.03402011642474],[-107.36123100185728,48.03405219093966],[-107.36121097626693,48.034052576474544],[-107.36118437287416,48.03405312732479],[-107.36117816008814,48.034062197046836],[-107.36145991595608,48.03425294852381],[-107.36144935850305,48.034168328561144]]],[[[-107.36117666241296,48.033883596898065],[-107.36113748754748,48.03390223189914],[-107.36109845874029,48.033920922107015],[-107.36100648691219,48.03394963406073],[-107.36113701389225,48.03403625488441],[-107.36111538222644,48.03400096759576],[-107.36108033949563,48.033961531146964],[-107.36117950973124,48.03394603797848],[-107.36121879411746,48.03393182752607],[-107.36117666241296,48.033883596898065]]]]}"
000000000000000001a6,10960,0,0,0,"{""type"":""MultiPolygon"",""coordinates"":[[[[-107.36124979301475,48.03388212543799],[-107.36118313071763,48.03387900700161],[-107.36117666241296,48.033883596898065],[-107.36121879411746,48.03393182752607],[-107.36123188485105,48.0339271432854],[-107.36127116921959,48.03391293281711],[-107.36124979301475,48.03388212543799]]],[[[-107.36127116921959,48.03391293281711],[-107.3613125710114,48.03394335465854],[-107.36133307111243,48.03395629807089],[-107.36128855960236,48.034001866875116],[-107.36144935850305,48.034168328561144],[-107.36144873783478,48.03415494432669],[-107.36148015862535,48.03411405960708],[-107.36153212427185,48.03408618929261],[-107.36130843758447,48.03385407428402],[-107.36129637718064,48.03388111804422],[-107.36127116921959,48.03391293281711]]]]}"
00000000000000000195,10961,0,0,0,"{""type"":""Polygon"",""coordinates"":[[[-107.36144031418515,48.03382453573648],[-107.36142701253712,48.03382481119193],[-107.36140765232248,48.033838651899046],[-107.36130843758447,48.03385407428402],[-107.36153212427185,48.03408618929261],[-107.3615779785985,48.03406737294356],[-107.36159728210302,48.03405361889319],[-107.36163594589134,48.03402602403824],[-107.36144031418515,48.03382453573648]]]}"
000000000000000001a5,10962,0,1,0,"{""type"":""Polygon"",""coordinates"":[[[-107.3615442892251,48.03376886645259],[-107.3614469366043,48.03382444138492],[-107.36144031418515,48.03382453573648],[-107.36163594589134,48.03402602403824],[-107.36164924764087,48.03402574855015],[-107.36166922867403,48.034025291937375],[-107.36178200151377,48.03401407340535],[-107.3615442892251,48.03376886645259]]]}"
000000000000000001ae,10963,0,0,0,"{""type"":""Polygon"",""coordinates"":[[[-107.36164247337476,48.03373108439775],[-107.36162295908478,48.03374042957223],[-107.36158279855631,48.033736776227734],[-107.3615442892251,48.03376886645259],[-107.36178200151377,48.03401407340535],[-107.36185472302067,48.03400362608918],[-107.36181357610326,48.03397768426461],[-107.36178536583303,48.03394256254897],[-107.36185710118998,48.033909826708964],[-107.36164247337476,48.03373108439775]]]}"
0000000000000000019c,10964,0,0,0,"{""type"":""Polygon"",""coordinates"":[[[-107.36198002662422,48.03383134071712],[-107.36197878488528,48.03380457244109],[-107.3619784196668,48.03379566809014],[-107.36166286402658,48.03373960312014],[-107.3616626084141,48.03373512334119],[-107.36164247337476,48.03373108439775],[-107.36185710118998,48.033909826708964],[-107.36187014729202,48.033905071398735],[-107.36189100478147,48.033922478698074],[-107.36191253588419,48.03395778150622],[-107.361926093292,48.03396198577622],[-107.36193205028407,48.03394843623117],[-107.36195751354157,48.03392110106459],[-107.36194918269764,48.03388553853337],[-107.36198126836298,48.03385810900682],[-107.36200052705232,48.033844283950664],[-107.36198002662422,48.03383134071712]]]}"
000000000000000001ad,10965,0,0,0,"{""type"":""MultiPolygon"",""coordinates"":[[[[-107.36164894162727,48.033726494484554],[-107.36164247337476,48.03373108439775],[-107.3616626084141,48.03373512334119],[-107.36164894162727,48.033726494484554]]],[[[-107.3616626084141,48.03373512334119],[-107.36166286402658,48.03373960312014],[-107.3619784196668,48.03379566809014],[-107.36199084485507,48.03377752864558],[-107.36199006977469,48.0337596489707],[-107.36200253958181,48.0337415805215],[-107.36200699096335,48.03369234270525],[-107.36174629389527,48.033670919459986],[-107.3616626084141,48.03373512334119]]]]}"
000000000000000001aa,10966,0,0,0,"{""type"":""Polygon"",""coordinates"":[[[-107.36176218482187,48.03358125395796],[-107.36176254999096,48.0335901582745],[-107.36175271749524,48.03366625856153],[-107.36174629389527,48.033670919459986],[-107.36200699096335,48.03369234270525],[-107.36201320353412,48.03368327299904],[-107.36207060588704,48.03362845331186],[-107.36207624216203,48.03360607051302],[-107.36176218482187,48.03358125395796]]]}"
0000000000000000019a,10967,0,0,0,"{""type"":""Polygon"",""coordinates"":[[[-107.36172600947673,48.03351947448685],[-107.36173434004087,48.033555036795796],[-107.36176218482187,48.03358125395796],[-107.36207624216203,48.03360607051302],[-107.36207396955221,48.03355694298891],[-107.36207319442492,48.03353906339125],[-107.36208364715539,48.03347634732069],[-107.36172600947673,48.03351947448685]]]}"
00000000000000000199,10968,0,0,0,"{""type"":""Polygon"",""coordinates"":[[[-107.36174226551289,48.033438713540036],[-107.36175727527281,48.03347409466785],[-107.36172600947673,48.03351947448685],[-107.36208364715539,48.03347634732069],[-107.36208328190656,48.033467443026765],[-107.36209332469981,48.03339575177713],[-107.36211185260044,48.033364118274],[-107.36211806508997,48.03335504861993],[-107.36174226551289,48.033438713540036]]]}"
0000000000000000019b,10969,0,0,0,"{""type"":""GeometryCollection"",""geometries"":[{""type"":""LineString"",""coordinates"":[[-107.36206096760253,48.03327136511188],[-107.36205431463156,48.03327150196934]]},{""type"":""Polygon"",""coordinates"":[[[-107.36192998060824,48.033318754032976],[-107.3619224817387,48.0333009846661],[-107.36169190431431,48.0333549056366],[-107.36172073486198,48.03340341103233],[-107.36174226551289,48.033438713540036],[-107.36211806508997,48.03335504861993],[-107.36213358971061,48.033256479366486],[-107.36206097911791,48.03327135123439],[-107.36204866372877,48.033293915032075],[-107.36204120943282,48.03327621666781],[-107.3619357832692,48.03330070914762],[-107.36195073639382,48.03333617690058],[-107.36192434431575,48.03334113670076],[-107.36192998060824,48.033318754032976]],[[-107.3619656449097,48.033371573691085],[-107.36195213233569,48.03336744045255],[-107.36195259899979,48.03337632896096],[-107.3619656449097,48.033371573691085]],[[-107.36192434431575,48.03334113670076],[-107.36190461924109,48.033346073096595],[-107.361918651206,48.0333636061312],[-107.36192434431575,48.03334113670076]]]}]}"
00000000000000000196,10970,0,0,0,"{""type"":""Polygon"",""coordinates"":[[[-107.36211294342644,48.03324348108774],[-107.36211133630687,48.033207808867836],[-107.36207143174612,48.033208635488606],[-107.36207102185998,48.03319966025703],[-107.36209679293424,48.03318131645713],[-107.36208954966025,48.033168026879295],[-107.36164139727076,48.03327104262084],[-107.36164910695595,48.03329322076091],[-107.36167048329843,48.03332402770076],[-107.36168455974476,48.03334163174975],[-107.36168502634392,48.033350520256725],[-107.36169190431431,48.0333549056366],[-107.3619224817387,48.0333009846661],[-107.36191502751213,48.03328328628787],[-107.3619355722568,48.03329630039126],[-107.3619357832692,48.03330070914762],[-107.36204120943282,48.03327621666781],[-107.36204084419136,48.03326731240758],[-107.3620542999443,48.033271532379125],[-107.36213358971061,48.033256479366486],[-107.36213209216281,48.03322523165743],[-107.36211294342644,48.03324348108774]],[[-107.36206657068566,48.033248897607415],[-107.36205326915523,48.03324917314377],[-107.36206035820749,48.03325796723945],[-107.36206657068566,48.033248897607415]]]}"
0000000000000000019d,10971,0,0,0,"{""type"":""GeometryCollection"",""geometries"":[{""type"":""LineString"",""coordinates"":[[-107.36188790279802,48.0331275325859],[-107.3618746077206,48.03312780605706]]},{""type"":""Polygon"",""coordinates"":[[[-107.36188790908302,48.03312752812598],[-107.36188790279802,48.0331275325859],[-107.36187497282437,48.03313670787325],[-107.3618746077206,48.03312780605706],[-107.36187460762126,48.03312780363516],[-107.36184826034172,48.0331328343737],[-107.36185571450824,48.033150532707765],[-107.36185607970641,48.03315943694993],[-107.36186979101407,48.033168136669666],[-107.36185685473843,48.03317731642205],[-107.36184401990313,48.03318648040482],[-107.36181793632936,48.033200431160644],[-107.36178222779951,48.03314754062671],[-107.36160408237849,48.03318247971939],[-107.3616255032541,48.033213357590114],[-107.36164139727076,48.03327104262084],[-107.36208954966025,48.033168026879295],[-107.36206729636598,48.03311935644991],[-107.36206667545015,48.03310597249403],[-107.36205264347697,48.03308843956764],[-107.3619206149235,48.03311348299142],[-107.36192072449035,48.03311790750207],[-107.36188790908302,48.03312752812598]],[[-107.36192817869508,48.033135605824484],[-107.36192868999204,48.033144565276885],[-107.36194152480316,48.03313540129072],[-107.36192817869508,48.033135605824484]],[[-107.36192817869508,48.033135605824484],[-107.36192072449035,48.03311790750207],[-107.36190793431943,48.03312714246543],[-107.36192817869508,48.033135605824484]]]}]}"
00000000000000000190,10972,0,0,0,"{""type"":""MultiPolygon"",""coordinates"":[[[[-107.36176023062059,48.03310334985647],[-107.36173973071233,48.03309040674158],[-107.36172539869011,48.03306832306257],[-107.36172518770158,48.03306391432472],[-107.36155362041109,48.03309868790579],[-107.36160408237849,48.03318247971939],[-107.36178222779951,48.03314754062671],[-107.36176023062059,48.03310334985647]]],[[[-107.3620501598324,48.03303490379541],[-107.36205497622193,48.03299457086005],[-107.36198236618287,48.03300944257989],[-107.36185059361067,48.03303896557814],[-107.36183247556158,48.03307957404554],[-107.36184826034172,48.0331328343737],[-107.36187460762126,48.03312780363516],[-107.36192072449035,48.03311790750207],[-107.3619206149235,48.03311348299142],[-107.36205264347697,48.03308843956764],[-107.36205223359379,48.03307946435652],[-107.36206470311782,48.03306139614127],[-107.3620501598324,48.03303490379541]],[[-107.36186042968079,48.03311021545685],[-107.36186094096135,48.033119174905686],[-107.36187373113425,48.03310993994994],[-107.36186042968079,48.03311021545685]]]]}"
000000000000000001a0,10973,0,0,0,"{""type"":""MultiPolygon"",""coordinates"":[[[[-107.36205497622193,48.03299457086005],[-107.36207185217998,48.032927194599466],[-107.36207148692593,48.03291829039907],[-107.36187331717971,48.032953615509506],[-107.3618545783612,48.032980839986],[-107.36186228814934,48.033003017983305],[-107.36185059361067,48.03303896557814],[-107.36198236618287,48.03300944257989],[-107.36205497622193,48.03299457086005]],[[-107.36198759250476,48.03297808485878],[-107.36197392585282,48.0329694561699],[-107.36196161054151,48.032992019824256],[-107.36198236618287,48.03300944257989],[-107.36198759250476,48.03297808485878]]],[[[-107.36172105314775,48.03297463549702],[-107.36152277401928,48.033005535414134],[-107.36152350425799,48.03302334385715],[-107.36152453473063,48.03304570300975],[-107.36153907756031,48.03307219545244],[-107.36155362041109,48.03309868790579],[-107.36172518770158,48.03306391432472],[-107.36172938363826,48.03301019743801],[-107.36172105314775,48.03297463549702]]]]}"
00000000000000000194,10974,0,0,0,"{""type"":""MultiPolygon"",""coordinates"":[[[[-107.36170537005998,48.032921359533276],[-107.36170387286317,48.032890112008744],[-107.3614985053942,48.03291221774223],[-107.36150844218788,48.03298345173366],[-107.36152277401928,48.033005535414134],[-107.36172105314775,48.03297463549702],[-107.36170537005998,48.032921359533276]]],[[[-107.36200208641736,48.03285715726607],[-107.36188961718585,48.03287292641075],[-107.36187108942964,48.03290455957031],[-107.3618731061726,48.03294920678211],[-107.36187331717971,48.032953615509506],[-107.36207148692593,48.03291829039907],[-107.36207624645711,48.03287804430626],[-107.36208939363256,48.032873273299636],[-107.36208168370858,48.03285109537904],[-107.36202873382085,48.03285667720003],[-107.36203556713697,48.032860991531585],[-107.36200208641736,48.03285715726607]],[[-107.36206863798569,48.03285585061267],[-107.36206294505801,48.03287831983867],[-107.36207624645711,48.03287804430626],[-107.36206863798569,48.03285585061267]],[[-107.36204985468962,48.032883004089705],[-107.36205694367999,48.03289179812567],[-107.36206294505801,48.03287831983867],[-107.36204985468962,48.032883004089705]],[[-107.3620426561192,48.03286978556512],[-107.3620490795549,48.03286512472231],[-107.36203556713697,48.032860991531585],[-107.3620426561192,48.03286978556512]],[[-107.36198396861157,48.03289776561485],[-107.36198458950132,48.032911149518675],[-107.36199742422036,48.032901985568245],[-107.36198396861157,48.03289776561485]]]]}"
00000000000000000192,10975,0,0,0,"{""type"":""MultiPolygon"",""coordinates"":[[[[-107.36167985940055,48.03280127429855],[-107.3614744924676,48.03282337992944],[-107.3614985053942,48.03291221774223],[-107.36170387286317,48.032890112008744],[-107.36170935499923,48.03286323407302],[-107.36167985940055,48.03280127429855]]],[[[-107.36191855294874,48.032778507069985],[-107.361913326618,48.032809864667946],[-107.36192688362155,48.032814068855885],[-107.36191373647078,48.032818839834185],[-107.36189546440768,48.03285495266627],[-107.36188961718585,48.03287292641075],[-107.36200208641736,48.03285715726607],[-107.36202847815846,48.032852197498904],[-107.36202873382085,48.03285667720003],[-107.36208168370858,48.03285109537904],[-107.36207360853703,48.032820013283384],[-107.36205368487497,48.03282038320331],[-107.3620403834997,48.03282065873169],[-107.36202708212622,48.03282093425816],[-107.36199799579487,48.0327679498036],[-107.36195162369597,48.032773366202136],[-107.36191855294874,48.032778507069985]],[[-107.36195198892302,48.03278227037901],[-107.36196518069677,48.03277757038178],[-107.36195162369597,48.032773366202136],[-107.36195198892302,48.03278227037901]],[[-107.36194117107746,48.03283608141293],[-107.36194158093672,48.03284505658339],[-107.36195472809761,48.03284028559862],[-107.36194117107746,48.03283608141293]],[[-107.36197946816965,48.03279958291733],[-107.36197300010667,48.03280417276672],[-107.36195348633707,48.03281351782976],[-107.3619748627694,48.03284432441702],[-107.36198717801646,48.03282176082628],[-107.36200669178949,48.03281241575482],[-107.36197946816965,48.03279958291733]]]]}"
00000000000000000191,10976,0,0,0,"{""type"":""MultiPolygon"",""coordinates"":[[[[-107.36170744442194,48.032675662957864],[-107.36144504199608,48.03276149110027],[-107.36144540710015,48.032770395280195],[-107.36147402591344,48.032814491509825],[-107.3614744924676,48.03282337992944],[-107.36167985940055,48.03280127429855],[-107.361672661004,48.032788055762396],[-107.36169093319815,48.03275194301563],[-107.36171592904164,48.0327157201583],[-107.36170744442194,48.032675662957864]]],[[[-107.36194976105448,48.03273321460528],[-107.36196937622394,48.03272385378891],[-107.3619673025397,48.032679293526854],[-107.36195524299343,48.032706336741086],[-107.36192315839746,48.03273376562804],[-107.36193061254544,48.03275146382179],[-107.36191777787519,48.03276062773568],[-107.36191834193501,48.032774098357606],[-107.36191855294874,48.032778507069985],[-107.36199799579487,48.0327679498036],[-107.3619976305564,48.03275904562962],[-107.36199711923821,48.03275008624413],[-107.36194976105448,48.03273321460528]]]]}"
0000000000000000018e,10977,0,0,0,"{""type"":""Polygon"",""coordinates"":[[[-107.36200689649691,48.03237922071449],[-107.36182487951126,48.03247670903811],[-107.36181841150055,48.03248129884741],[-107.36179864226722,48.03248616414586],[-107.36179221888835,48.03249082493667],[-107.36179941729036,48.03250404338862],[-107.36179419092852,48.032535400816414],[-107.36168840187365,48.032550988478384],[-107.36167546580947,48.03256016809264],[-107.3616626758185,48.03256940292027],[-107.36165010490134,48.03258748668121],[-107.36162391221787,48.03259701274561],[-107.36159767489384,48.032606467822106],[-107.36157194877875,48.03262488226069],[-107.36155155875242,48.03261636368454],[-107.36139541257853,48.03269549241852],[-107.36140224574534,48.03269980678573],[-107.36142962306738,48.032717135235586],[-107.36144504199608,48.03276149110027],[-107.36170744442194,48.032675662957864],[-107.36171365684987,48.032666593450905],[-107.36170656800512,48.03265779942369],[-107.36171267088353,48.03264430544822],[-107.3617775704037,48.03260725620989],[-107.36180976449465,48.032584251905476],[-107.36184868222219,48.03256113745969],[-107.36188072204938,48.032533637709165],[-107.36191938405676,48.032506043586594],[-107.36196311802853,48.032442596629245],[-107.36199680938662,48.03245083957211],[-107.3620508909346,48.03246760094891],[-107.36209219079508,48.032498037395236],[-107.3621333365059,48.032523978397286],[-107.36213085269745,48.0324704432088],[-107.36200689649691,48.03237922071449]]]}"
0000000000000000018b,10978,0,0,0,"{""type"":""GeometryCollection"",""geometries"":[{""type"":""LineString"",""coordinates"":[[-107.36179865435051,48.032486201052876],[-107.36179220549818,48.032490800136806]]},{""type"":""Polygon"",""coordinates"":[[[-107.36199308396476,48.03237053690942],[-107.36195116347236,48.03232671673003],[-107.36192456110588,48.03232726774152],[-107.36191539503128,48.03241682094588],[-107.36183595299408,48.03242737805241],[-107.36182487951126,48.03247670903811],[-107.36200689649691,48.03237922071449],[-107.36199308396476,48.03237053690942]]]},{""type"":""Polygon"",""coordinates"":[[[-107.36152433556406,48.03260353075487],[-107.3615025499743,48.03256374906543],[-107.3614747061438,48.032537532313476],[-107.36132539342682,48.03262097516185],[-107.36134593748871,48.03263398924427],[-107.3613883238293,48.03268669836047],[-107.36139541257853,48.03269549241852],[-107.36155155875242,48.03261636368454],[-107.36152433556406,48.03260353075487]]]}]}"
0000000000000000018f,10979,0,0,0,"{""type"":""Polygon"",""coordinates"":[[[-107.36144722746747,48.032520219702626],[-107.36140592840867,48.032489782945085],[-107.36137187227874,48.032472635648865],[-107.36123627063301,48.03256477794959],[-107.36126385867026,48.032586515107376],[-107.36132539342682,48.03262097516185],[-107.3614747061438,48.032537532313476],[-107.36147445054786,48.0325330526365],[-107.36144722746747,48.032520219702626]]]}"
0000000000000000018c,10980,0,0,0,"{""type"":""Polygon"",""coordinates"":[[[-107.36132400389288,48.032446804424985],[-107.36131033767819,48.03243817571797],[-107.36124259077205,48.032412785198424],[-107.36123596861886,48.03241287952657],[-107.36114813381457,48.03253086866527],[-107.36118193424706,48.03254353638401],[-107.36120904768501,48.032551944936905],[-107.36123627063301,48.03256477794959],[-107.36137187227874,48.032472635648865],[-107.36132400389288,48.032446804424985]]]}"
00000000000000000193,10981,0,0,0,"{""type"":""Polygon"",""coordinates"":[[[-107.36118814510581,48.032387119240774],[-107.36114074352757,48.03237017630514],[-107.36112024435369,48.03235723322043],[-107.36103313946158,48.032493030402165],[-107.36114813381457,48.03253086866527],[-107.36123596861886,48.03241287952657],[-107.36118814510581,48.032387119240774]]]}"
000000000000000001a1,10982,0,0,0,"{""type"":""Polygon"",""coordinates"":[[[-107.36110632269637,48.032344124833465],[-107.36108593302966,48.032335606194806],[-107.36107212086937,48.032326922254796],[-107.36090976327257,48.032415119154436],[-107.3609513171526,48.032450035772925],[-107.3609785398626,48.03246286883988],[-107.36099929454689,48.03248029165654],[-107.36103313946158,48.032493030402165],[-107.36112024435369,48.03235723322043],[-107.36111998880041,48.032352753556864],[-107.36110632269637,48.032344124833465]]]}"
00000000000000000187,10983,0,0,0,"{""type"":""Polygon"",""coordinates"":[[[-107.3610114630646,48.032310325633574],[-107.36099034345777,48.03228399877112],[-107.36083208157925,48.032318495059634],[-107.36084625860843,48.032336083147115],[-107.36086815267684,48.0323802892898],[-107.36090976327257,48.032415119154436],[-107.36107212086937,48.032326922254796],[-107.3610114630646,48.032310325633574]]]}"
00000000000000000183,10984,0,0,0,"{""type"":""Polygon"",""coordinates"":[[[-107.36098325490455,48.032275204747314],[-107.36098201383274,48.03224843723744],[-107.36096706212248,48.03221297003468],[-107.3609598641284,48.03219975158337],[-107.36080807065802,48.03222965803692],[-107.36082199212537,48.03224276644335],[-107.36081753960642,48.03229200286948],[-107.36083208157925,48.032318495059634],[-107.36099034345777,48.03228399877112],[-107.36098325490455,48.032275204747314]]]}"
00000000000000000189,10985,0,0,0,"{""type"":""Polygon"",""coordinates"":[[[-107.36093596237355,48.032115339231446],[-107.36093585291559,48.03211091480166],[-107.36076429088114,48.03214568620281],[-107.36077153341378,48.032158975639994],[-107.36080072665656,48.032216384353326],[-107.36080807065802,48.03222965803692],[-107.3609598641284,48.03219975158337],[-107.36093596237355,48.032115339231446]]]}"
00000000000000000188,10986,0,0,0,"{""type"":""Polygon"",""coordinates"":[[[-107.36087851644749,48.03202273893748],[-107.36069406353539,48.03206676054088],[-107.36071518275557,48.03209308736915],[-107.3607293596362,48.03211067540193],[-107.36076429088114,48.03214568620281],[-107.36093585291559,48.03211091480166],[-107.36093435633991,48.03207966773329],[-107.36087851644749,48.03202273893748]]]}"
00000000000000000186,10987,0,0,0,"{""type"":""Polygon"",""coordinates"":[[[-107.36082940824225,48.03197014028796],[-107.36083473667266,48.031938767467565],[-107.36082096937939,48.03193015453337],[-107.36063760376248,48.03199644791144],[-107.36064459071947,48.03200525768579],[-107.36067243334824,48.032031474442775],[-107.36069380803299,48.03206228089976],[-107.36069406353539,48.03206676054088],[-107.36087851644749,48.03202273893748],[-107.36082940824225,48.03197014028796]]]}"
000000000000000001c7,10988,0,0,0,"{""type"":""Polygon"",""coordinates"":[[[-107.36080627346314,48.03189916714029],[-107.36078526369506,48.031877264839636],[-107.36078489873829,48.03186836080545],[-107.36059967223744,48.03189450301206],[-107.36059978165704,48.03189892742489],[-107.36061473286092,48.03193439448496],[-107.36061622916982,48.03196564147835],[-107.36063760376248,48.03199644791144],[-107.36082096937939,48.03193015453337],[-107.36080627346314,48.03189916714029]]]}"
000000000000000001cb,10989,0,0,0,"{""type"":""Polygon"",""coordinates"":[[[-107.3607771898498,48.03184618317952],[-107.36075581518183,48.03181537686793],[-107.3607684955493,48.0318017178948],[-107.36058125416174,48.031783213707094],[-107.36057540661295,48.031801187011546],[-107.36059967223744,48.03189450301206],[-107.36078489873829,48.03186836080545],[-107.3607771898498,48.03184618317952]]]}"
00000000000000000182,10990,0,0,0,"{""type"":""Polygon"",""coordinates"":[[[-107.36062349245641,48.03168852137442],[-107.36058125416174,48.031783213707094],[-107.3607684955493,48.0318017178948],[-107.36078723425264,48.031774494247074],[-107.3608182882939,48.031724707640066],[-107.36062349245641,48.03168852137442]]]}"
00000000000000000185,10991,0,0,0,"{""type"":""Polygon"",""coordinates"":[[[-107.36069299709231,48.03160673313977],[-107.36066722689972,48.031625075987776],[-107.36063493196379,48.03164809523927],[-107.36062349245641,48.03168852137442],[-107.3608182882939,48.031724707640066],[-107.36083050220243,48.03170216044611],[-107.3608479998179,48.03164816963393],[-107.36084789036619,48.03164374524341],[-107.36069299709231,48.03160673313977]]]}"
00000000000000000181,10992,0,0,0,"{""type"":""Polygon"",""coordinates"":[[[-107.36070914448369,48.03152155091938],[-107.36069299709231,48.03160673313977],[-107.36084789036619,48.03164374524341],[-107.36086057064801,48.03163008630505],[-107.36088344913192,48.03154923411179],[-107.36070914448369,48.03152155091938]]]}"
00000000000000000184,10993,0,0,0,"{""type"":""Polygon"",""coordinates"":[[[-107.3607186778404,48.031440903263764],[-107.3607325989961,48.031454011493516],[-107.36070785895079,48.031494712805554],[-107.36070914448369,48.03152155091938],[-107.36088344913192,48.03154923411179],[-107.36088329504321,48.0315447387482],[-107.36089235360464,48.03145076271171],[-107.3607186778404,48.031440903263764]]]}"
0000000000000000018d,10994,0,0,0,"{""type"":""Polygon"",""coordinates"":[[[-107.36070154500364,48.03135645298315],[-107.36071184502087,48.0314365889428],[-107.3607186778404,48.031440903263764],[-107.36089235360464,48.03145076271171],[-107.36090152155771,48.031361211210864],[-107.36070154500364,48.03135645298315]]]}"
0000000000000000018a,10995,0,0,0,"{""type"":""Polygon"",""coordinates"":[[[-107.36073741605337,48.03126633524893],[-107.36072649582606,48.03132016037842],[-107.360700514977,48.031334094532184],[-107.36070154500364,48.03135645298315],[-107.36090152155771,48.031361211210864],[-107.36090700388526,48.03133433410152],[-107.36092527580765,48.03129822251092],[-107.36092403473872,48.031271455500004],[-107.36073741605337,48.03126633524893]]]}"
00000000000000000177,10996,0,0,0,"{""type"":""Polygon"",""coordinates"":[[[-107.36073990556679,48.031176965105814],[-107.36072773645172,48.03119958303902],[-107.36073694966026,48.03125744708613],[-107.36073741605337,48.03126633524893],[-107.36092403473872,48.031271455500004],[-107.36093334860094,48.031181959520346],[-107.36073990556679,48.031176965105814]]]}"
00000000000000000179,10997,0,0,0,"{""type"":""Polygon"",""coordinates"":[[[-107.36073591923424,48.03108774461389],[-107.3607362841906,48.031096648515444],[-107.3607460084318,48.03116347157413],[-107.36073990556679,48.031176965105814],[-107.36093334860094,48.031181959520346],[-107.3609330930642,48.03117747995648],[-107.36094551761222,48.03115934157129],[-107.36095783267935,48.03113677884399],[-107.3609758408703,48.031091747716275],[-107.36073591923424,48.03108774461389]]]}"
0000000000000000017b,10998,0,0,0,"{""type"":""Polygon"",""coordinates"":[[[-107.36077106796651,48.03098425967471],[-107.36076485569711,48.03099332882494],[-107.36073240729948,48.03101185249744],[-107.36074027011121,48.031038525097486],[-107.36073591923424,48.03108774461389],[-107.3609758408703,48.031091747716275],[-107.36098143256224,48.031069295084734],[-107.36099349203228,48.03104225284105],[-107.36099955016404,48.031028688349664],[-107.36077106796651,48.03098425967471]]]}"
00000000000000000175,10999,0,0,0,"{""type"":""Polygon"",""coordinates"":[[[-107.360806983056,48.030894213551285],[-107.36078312752706,48.030957217499136],[-107.36077106796651,48.03098425967471],[-107.36099955016404,48.031028688349664],[-107.36101124458249,48.030992742242766],[-107.36103572843976,48.03094756171551],[-107.360806983056,48.030894213551285]]]}"
0000000000000000017a,11000,0,0,0,"{""type"":""Polygon"",""coordinates"":[[[-107.36084300742277,48.03080859189335],[-107.36083819031194,48.03084892310117],[-107.36081283032085,48.03087624055146],[-107.360806983056,48.030894213551285],[-107.36103572843976,48.03094756171551],[-107.36105451114152,48.030920409456684],[-107.36105213022171,48.03086686007616],[-107.36105161911556,48.030857901004225],[-107.36084300742277,48.03080859189335]]]}"
0000000000000000017d,11001,0,0,0,"{""type"":""Polygon"",""coordinates"":[[[-107.36105881513969,48.03072377611052],[-107.36082137766674,48.03077330666638],[-107.36084921964313,48.03079952277131],[-107.36084300742277,48.03080859189335],[-107.36105161911556,48.030857901004225],[-107.36106999208408,48.030821773956944],[-107.36105881513969,48.03072377611052]]]}"
00000000000000000178,11002,0,0,0,"{""type"":""Polygon"",""coordinates"":[[[-107.36102833654634,48.03063953143793],[-107.36102113877227,48.03062631338312],[-107.36081107743809,48.03069317173972],[-107.36081998256506,48.0307420446265],[-107.36082116677242,48.0307688981175],[-107.36082137766674,48.03077330666638],[-107.36105881513969,48.03072377611052],[-107.3610584500994,48.03071487227579],[-107.36105720890932,48.030688105568096],[-107.36102833654634,48.03063953143793]]]}"
00000000000000000174,11003,0,0,0,"{""type"":""Polygon"",""coordinates"":[[[-107.36101364082246,48.030608544836085],[-107.36099288708107,48.030591122621814],[-107.36095174468507,48.030565182004175],[-107.36089207534268,48.03057087292064],[-107.36089160890353,48.030561984877906],[-107.36074142822898,48.030627560602696],[-107.3607905346865,48.030680157992066],[-107.36081107743809,48.03069317173972],[-107.36102113877227,48.03062631338312],[-107.36101364082246,48.030608544836085]]]}"
0000000000000000017c,11004,0,0,0,"{""type"":""Polygon"",""coordinates"":[[[-107.3608769133398,48.03053099829696],[-107.36086273689072,48.03051341080603],[-107.36085414406433,48.03046893089319],[-107.36065836949639,48.030557800489994],[-107.36067229032338,48.030570908515614],[-107.36072052059177,48.03060564303507],[-107.36074142822898,48.030627560602696],[-107.36089160890353,48.030561984877906],[-107.3608769133398,48.03053099829696]]]}"
0000000000000000017e,11005,0,0,0,"{""type"":""Polygon"",""coordinates"":[[[-107.36060330673556,48.03051875170968],[-107.36063078337986,48.03053606395189],[-107.36065836949639,48.030557800489994],[-107.36085414406433,48.03046893089319],[-107.36084680032538,48.030455657653135],[-107.36043657048774,48.03036584823625],[-107.36037767612105,48.03038941734317],[-107.36035589308678,48.030349637011504],[-107.3600935750294,48.03029246861571],[-107.36006862455787,48.0303287603339],[-107.36003917638278,48.03041421572743],[-107.36006479180692,48.03039137822423],[-107.36015737459871,48.030376052645906],[-107.36017393022763,48.03044718915727],[-107.3601210940115,48.03045719385126],[-107.36014225652488,48.030483591010444],[-107.36011762612547,48.03052871570698],[-107.36009898922966,48.03055592279946],[-107.36008646318172,48.03057407663404],[-107.36006768017793,48.030601228531054],[-107.36009054943806,48.03066328054873],[-107.36014297649446,48.03064430101222],[-107.36020539160639,48.030553720990916],[-107.36026366593131,48.03051676858837],[-107.36031018858584,48.03051584860566],[-107.36042854125687,48.03048218037907],[-107.36050917440616,48.0304983205937],[-107.36054974043876,48.03051094904864],[-107.36059606453533,48.03050546266792],[-107.36060330673556,48.03051875170968]],[[-107.36059606453533,48.03050546266792],[-107.3606159866471,48.03050509310677],[-107.36060232137064,48.030496464595174],[-107.36059606453533,48.03050546266792]]]}"
0000000000000000017f,11006,0,0,0,"{""type"":""GeometryCollection"",""geometries"":[{""type"":""LineString"",""coordinates"":[[-107.36034902946783,48.030345318977965],[-107.36035588594994,48.030349644475066]]},{""type"":""Polygon"",""coordinates"":[[[-107.36032665721281,48.03029215917983],[-107.36027423065651,48.0303111386764],[-107.3602467544425,48.03029382639545],[-107.36025866001522,48.030262289385725],[-107.36029794031965,48.03024808041481],[-107.36030404312788,48.03023458715226],[-107.36014915705073,48.03019757498365],[-107.36013746224143,48.03023352044898],[-107.36011251184583,48.03026981213578],[-107.3600935750294,48.03029246861571],[-107.36034906052416,48.030345322748126],[-107.36037985813796,48.030291058176154],[-107.36032665721281,48.03029215917983]]]},{""type"":""Polygon"",""coordinates"":[[[-107.36083960265914,48.03044243962842],[-107.360778692576,48.03042136387547],[-107.36064864513695,48.03034363622027],[-107.36063545428449,48.03034833579426],[-107.36059555341826,48.03034916166149],[-107.36061392643393,48.03031303505172],[-107.36060015978791,48.03030442233699],[-107.36036469685324,48.03025118366644],[-107.36039294752796,48.03028637441012],[-107.36042053326247,48.03030811092265],[-107.36046167477896,48.03033405166324],[-107.36046270469348,48.03035640969228],[-107.36043657048774,48.03036584823625],[-107.36084680032538,48.030455657653135],[-107.36084581480988,48.03043337057183],[-107.36083960265914,48.03044243962842]]]}]}"
00000000000000002c7e,11006,0,0,0,"{""type"":""Polygon"",""coordinates"":[[[-107.36080503772995,48.03041633374565],[-107.36065485730197,48.03033456719283],[-107.36064864513695,48.03034363622027],[-107.360778692576,48.03042136387547],[-107.36083960265914,48.03044243962842],[-107.36084581480988,48.03043337057183],[-107.36080503772995,48.03041633374565]]]}"
0000000000000000016f,11007,0,0,0,"{""type"":""Polygon"",""coordinates"":[[[-107.36048403398357,48.03023980256274],[-107.36042860705363,48.03019185014933],[-107.36016691003792,48.03014806532999],[-107.36014900304075,48.030193079732996],[-107.36014915705073,48.03019757498365],[-107.36030404312788,48.03023458715226],[-107.36031646753327,48.03021644917912],[-107.36036334674574,48.030219992902715],[-107.36036469685324,48.03025118366644],[-107.36060015978791,48.03030442233699],[-107.36048403398357,48.03023980256274]]]}"
00000000000000000172,11008,0,0,0,"{""type"":""Polygon"",""coordinates"":[[[-107.36029753178323,48.030091764379826],[-107.36023077558963,48.030088661082225],[-107.36019066435084,48.03008507827097],[-107.36018569272775,48.03012091365665],[-107.36016691003792,48.03014806532999],[-107.36042860705363,48.03019185014933],[-107.36029753178323,48.030091764379826]]]}"
0000000000000000011e,11010,0,0,0,"{""type"":""Polygon"",""coordinates"":[[[-107.36027693283243,48.030078837402954],[-107.36023077558963,48.030088661082225],[-107.36029753178323,48.030091764379826],[-107.36027693283243,48.030078837402954]]]}"
0000000000000000016c,11011,0,0,0,"{""type"":""Polygon"",""coordinates"":[[[-107.3602493027532,48.03005702995717],[-107.36020293472069,48.030062445125665],[-107.36019066435084,48.03008507827097],[-107.36023077558963,48.030088661082225],[-107.36027693283243,48.030078837402954],[-107.3602493027532,48.03005702995717]]]}"
00000000000000000180,11006,0,0,0,"{""type"":""GeometryCollection"",""geometries"":[{""type"":""LineString"",""coordinates"":[[-107.36064860043766,48.03034362698277],[-107.36065484522787,48.030334565715634]]},{""type"":""Polygon"",""coordinates"":[[[-107.36066091539259,48.030321002907385],[-107.36065485730197,48.03033456719283],[-107.36080503772995,48.03041633374565],[-107.36084581480988,48.03043337057183],[-107.3608575091107,48.03039742489567],[-107.36087039982189,48.030388174809524],[-107.36087624695577,48.03037020198296],[-107.36066091539259,48.030321002907385]]]}]}"
00000000000000002c7f,11006,0,0,0,"{""type"":""Polygon"",""coordinates"":[[[-107.36080503772995,48.03041633374565],[-107.36065485730197,48.03033456719283],[-107.36064864513695,48.03034363622027],[-107.360778692576,48.03042136387547],[-107.36083960265914,48.03044243962842],[-107.36084581480988,48.03043337057183],[-107.36080503772995,48.03041633374565]]]}"
00000000000000000170,11007,0,0,0,"{""type"":""Polygon"",""coordinates"":[[[-107.36071064920003,48.03024408168922],[-107.36069253181122,48.030284687755326],[-107.36066091539259,48.030321002907385],[-107.36087624695577,48.03037020198296],[-107.36088805067375,48.030338680627125],[-107.3608985038097,48.03027596851132],[-107.36071064920003,48.03024408168922]]]}"
00000000000000000173,11008,0,0,0,"{""type"":""Polygon"",""coordinates"":[[[-107.36076685044695,48.03016257103793],[-107.36074930901854,48.0302164893017],[-107.36071039368558,48.03023960220449],[-107.36071064920003,48.03024408168922],[-107.3608985038097,48.03027596851132],[-107.36090270017276,48.03022225451202],[-107.3609143943389,48.03018630897738],[-107.36076685044695,48.03016257103793]]]}"
00000000000000000176,11009,0,0,0,"{""type"":""Polygon"",""coordinates"":[[[-107.36077689408177,48.030090884432774],[-107.36077850007165,48.03012655457885],[-107.36076685044695,48.03016257103793],[-107.3609143943389,48.03018630897738],[-107.36092629939141,48.03015477196273],[-107.36092345214266,48.030092335397015],[-107.36092319660118,48.03008785592653],[-107.36077689408177,48.030090884432774]]]}"
0000000000000000011f,11010,0,0,0,"{""type"":""Polygon"",""coordinates"":[[[-107.36091212151877,48.02998984365938],[-107.36075997230027,48.03001084482219],[-107.36077565307264,48.03006411803608],[-107.3607766385583,48.030086404961565],[-107.36077689408177,48.030090884432774],[-107.36092319660118,48.03008785592653],[-107.3609201952455,48.03002092420842],[-107.36091212151877,48.02998984365938]]]}"
0000000000000000016d,11011,0,0,0,"{""type"":""Polygon"",""coordinates"":[[[-107.36089592946965,48.02992761163433],[-107.36088138819974,48.02990112064652],[-107.36070972715707,48.029931465970606],[-107.36071050172094,48.02994934436091],[-107.36073125493807,48.02996676643594],[-107.3607453864928,48.02998428278969],[-107.36075946125665,48.03000188589369],[-107.36075997230027,48.03001084482219],[-107.36091212151877,48.02998984365938],[-107.36089592946965,48.02992761163433]]]}"
0000000000000000016e,11012,0,0,0,"{""type"":""Polygon"",""coordinates"":[[[-107.36085964936707,48.02986141179088],[-107.36084433351694,48.0298170424814],[-107.36068561607932,48.02984264870457],[-107.36070972715707,48.029931465970606],[-107.36088138819974,48.02990112064652],[-107.36085964936707,48.02986141179088]]]}"
0000000000000000016a,11013,0,0,0,"{""type"":""Polygon"",""coordinates"":[[[-107.3608333681269,48.029723454934135],[-107.36066802946812,48.029749155353784],[-107.36067738851496,48.02980707302066],[-107.36068561607932,48.02984264870457],[-107.36084433351694,48.0298170424814],[-107.36083662488701,48.029794865723154],[-107.36084061030759,48.02973674375984],[-107.3608333681269,48.029723454934135]]]}"
00000000000000000164,11014,0,0,0,"{""type"":""Polygon"",""coordinates"":[[[-107.36081148337688,48.02968369098671],[-107.3607962122734,48.0296393927964],[-107.36063087403666,48.029665093099915],[-107.3606321149559,48.02969185929664],[-107.36066704403683,48.02972686856944],[-107.36066802946812,48.029749155353784],[-107.3608333681269,48.029723454934135],[-107.36081148337688,48.02968369098671]]]}"
00000000000000000167,11015,0,0,0,"{""type"":""Polygon"",""coordinates"":[[[-107.36077194699209,48.0295460808588],[-107.36061395269597,48.02958505410374],[-107.36063087403666,48.029665093099915],[-107.3607962122734,48.0296393927964],[-107.3607954376588,48.029621514513984],[-107.36079481713797,48.02960813143452],[-107.36079419661708,48.02959474835848],[-107.36077194699209,48.0295460808588]]]}"
00000000000000000168,11016,0,0,0,"{""type"":""Polygon"",""coordinates"":[[[-107.36075699633729,48.029510615428215],[-107.36070156987562,48.0294626638291],[-107.36070131435798,48.02945818441133],[-107.36055077338271,48.02951485470167],[-107.36061307673468,48.02956719160312],[-107.36061395269597,48.02958505410374],[-107.36077194699209,48.0295460808588],[-107.36075699633729,48.029510615428215]]]}"
0000000000000000015e,11017,0,0,0,"{""type"":""Polygon"",""coordinates"":[[[-107.36066524593602,48.02939639350141],[-107.36067829037674,48.02939163880577],[-107.36049286565185,48.029413370811795],[-107.3604999535753,48.029422164406895],[-107.36051584463475,48.029479845519894],[-107.36053002052188,48.02949743272899],[-107.36054419642379,48.029515019941506],[-107.36055077338271,48.02951485470167],[-107.36070131435798,48.02945818441133],[-107.36066524593602,48.02939639350141]]]}"
00000000000000000160,11018,0,0,0,"{""type"":""Polygon"",""coordinates"":[[[-107.36072165667602,48.02931929265954],[-107.3607278686319,48.02931022381023],[-107.36045514734793,48.029315839255666],[-107.36046523583315,48.02939156369903],[-107.36049286565185,48.029413370811795],[-107.36067829037674,48.02939163880577],[-107.36074380468406,48.02936797573156],[-107.360743184177,48.02935459271627],[-107.36074240958021,48.0293367145303],[-107.36072165667602,48.02931929265954]]]}"
00000000000000000161,11019,0,0,0,"{""type"":""Polygon"",""coordinates"":[[[-107.36095137592234,48.029247587453874],[-107.36093833152903,48.0292523421724],[-107.36092477604161,48.0292481380923],[-107.36039036318898,48.02920997052911],[-107.36039061866971,48.029214449927395],[-107.36042482520185,48.02923609176378],[-107.36043900095065,48.02925367890789],[-107.36046000911266,48.02927558022702],[-107.36045478243364,48.029306935655036],[-107.36045514734793,48.029315839255666],[-107.3607278686319,48.02931022381023],[-107.36072688314879,48.029287937214804],[-107.36079948526474,48.029273067705084],[-107.36088710293654,48.02929801659726],[-107.36093957269017,48.02927910814783],[-107.36096493141659,48.029251791529994],[-107.36095137592234,48.029247587453874]]]}"
00000000000000000163,11020,0,0,0,"{""type"":""MultiPolygon"",""coordinates"":[[[[-107.36095137592234,48.029247587453874],[-107.36096493141659,48.029251791529994],[-107.36097761076778,48.02923813322422],[-107.36095137592234,48.029247587453874]]],[[[-107.36089594944673,48.029199636208624],[-107.36088223988106,48.02919093696513],[-107.36084358124602,48.02921852883537],[-107.36081066806021,48.029228164047716],[-107.36078877554252,48.02918396051561],[-107.36076089008904,48.02915767419488],[-107.36074924084883,48.02919368997508],[-107.36070970615168,48.02920341942015],[-107.36067441248446,48.029159506930114],[-107.36067824389728,48.02909689052371],[-107.36038353081521,48.02920565635737],[-107.36039036318898,48.02920997052911],[-107.36092477604161,48.0292481380923],[-107.36092462192885,48.02924364292708],[-107.36092301574764,48.029207973390264],[-107.36089594944673,48.029199636208624]]],[[[-107.36099247014103,48.029126117980034],[-107.36097373307575,48.02915334024835],[-107.36098790914313,48.02917092727536],[-107.36098827418904,48.02917983084748],[-107.36098915034388,48.02919769320751],[-107.3609703686058,48.02922484453504],[-107.36099029011093,48.02922447492051],[-107.36101611525898,48.029206046128515],[-107.36104235007659,48.02919659188933],[-107.361094308559,48.029168724613285],[-107.36117958985766,48.029140196556405],[-107.3611912387157,48.02910418077041],[-107.36118352995334,48.02908200434559],[-107.36118342043758,48.02907758017407],[-107.36100876936844,48.02904543495317],[-107.36101099625272,48.029094487316364],[-107.36100555911914,48.02912143424508],[-107.36099247014103,48.029126117980034]],[[-107.36115071828804,48.029091623880014],[-107.36115780636544,48.029100417368475],[-107.36117085070751,48.02909566263519],[-107.36115071828804,48.029091623880014]],[[-107.36113654214437,48.02907403690568],[-107.36114363021436,48.029082830392426],[-107.361156820613,48.02907813087368],[-107.36113654214437,48.02907403690568]],[[-107.36106967756838,48.02906651005344],[-107.36107738625091,48.029088686482865],[-107.36108980994753,48.02907054882471],[-107.36106967756838,48.02906651005344]],[[-107.36101264715573,48.02913022775031],[-107.36101911458326,48.02912563830415],[-107.36100555911914,48.02912143424508],[-107.36101264715573,48.02913022775031]]]]}"
00000000000000000162,11021,0,0,0,"{""type"":""Polygon"",""coordinates"":[[[-107.36068073287142,48.02900752410141],[-107.36036552345782,48.02910334724351],[-107.36036598978619,48.02911223504384],[-107.36036836984836,48.02916578266737],[-107.36038353081521,48.02920565635737],[-107.36067824389728,48.02909689052371],[-107.36068782078671,48.02901631761462],[-107.36068073287142,48.02900752410141]]]}"
00000000000000000171,11022,0,0,0,"{""type"":""Polygon"",""coordinates"":[[[-107.36061905070208,48.0289685707006],[-107.36033380688882,48.02899233902842],[-107.36033401773582,48.02899674742988],[-107.36034933265393,48.02904111614893],[-107.36036552345782,48.02910334724351],[-107.36068073287142,48.02900752410141],[-107.36068032326897,48.02899854957731],[-107.36069947000524,48.02898030196454],[-107.36061905070208,48.0289685707006]]]}"
000000000000000002a2,11023,0,0,0,"{""type"":""Polygon"",""coordinates"":[[[-107.36038721690618,48.02884830872637],[-107.36038074949808,48.02885289810506],[-107.3603715369551,48.028942374283595],[-107.36033380688882,48.02899233902842],[-107.36061905070208,48.0289685707006],[-107.36038721690618,48.02884830872637]]]}"
0000000000000000015c,11024,0,0,0,"{""type"":""Polygon"",""coordinates"":[[[-107.36049532956064,48.02873886280097],[-107.3604754084209,48.028739232299884],[-107.3604488090383,48.028739782788186],[-107.36041977278168,48.02883421013992],[-107.36038721690618,48.02884830872637],[-107.36061905070208,48.0289685707006],[-107.36069947000524,48.02898030196454],[-107.36070557244052,48.028966809012836],[-107.36049532956064,48.02873886280097]]]}"
0000000000000000015f,11025,0,0,0,"{""type"":""Polygon"",""coordinates"":[[[-107.36066190444352,48.028739929004146],[-107.3605630689679,48.02876425225639],[-107.36050826432147,48.02872968404951],[-107.36049532956064,48.02873886280097],[-107.36070557244052,48.028966809012836],[-107.36071116382796,48.02894435731667],[-107.36075069824348,48.02893462792634],[-107.36079727596263,48.028933621034106],[-107.36080312282662,48.028915648718545],[-107.36066190444352,48.028739929004146]]]}"
00000000000000000157,11026,0,0,0,"{""type"":""MultiPolygon"",""coordinates"":[[[[-107.36071955507852,48.02868959484052],[-107.36066848127334,48.028739763761955],[-107.36066190444352,48.028739929004146],[-107.36080312282662,48.028915648718545],[-107.36081595618941,48.02890648566053],[-107.36082884635096,48.028897235857514],[-107.36086713961157,48.02886074065122],[-107.3609251999702,48.0288193807356],[-107.36071955507852,48.02868959484052]]],[[[-107.36114140315124,48.02903377804779],[-107.36114078249182,48.02902039512442],[-107.36112686195052,48.02900728754806],[-107.36110771531702,48.02902553525303],[-107.36111315236177,48.02899858837017],[-107.3611656216957,48.02897967991584],[-107.36105570989221,48.02890599361059],[-107.36101803730047,48.02895587182782],[-107.36100649785388,48.02899631165779],[-107.36100799463304,48.02902755687851],[-107.36100876936844,48.02904543495317],[-107.36118342043758,48.02907758017407],[-107.36118290927946,48.02906862141053],[-107.36114140315124,48.02903377804779]],[[-107.36110880247446,48.02904780595937],[-107.36111578909822,48.02905661521135],[-107.36114227938477,48.02905164035454],[-107.36110880247446,48.02904780595937]],[[-107.36109214380201,48.028976687320295],[-107.36109923184185,48.02898548079471],[-107.36110569923802,48.028980891356206],[-107.36109214380201,48.028976687320295]],[[-107.36106766153864,48.0290218661196],[-107.3610553473537,48.02904442792661],[-107.36107573528234,48.02905294608008],[-107.3610877938935,48.02902590488848],[-107.36106766153864,48.0290218661196]]]]}"
00000000000000000166,11027,0,0,0,"{""type"":""Polygon"",""coordinates"":[[[-107.3607387016296,48.02867134733238],[-107.36071955507852,48.02868959484052],[-107.3609251999702,48.0288193807356],[-107.36093809008798,48.0288101309344],[-107.36097612763473,48.028769156392144],[-107.36102135451549,48.02873695954177],[-107.36106125383144,48.028736133562056],[-107.36106466527829,48.02881203810865],[-107.36103330605023,48.028852831683515],[-107.3610538480002,48.02886584494497],[-107.36105545432794,48.02890151424262],[-107.36105570989221,48.02890599361059],[-107.3611656216957,48.02897967991584],[-107.36115750324863,48.02894852903034],[-107.3611699714935,48.02893046239042],[-107.36114942944302,48.028917449140344],[-107.36114906435408,48.028908545614584],[-107.36114859783235,48.02889965785759],[-107.36114720235965,48.02886839695141],[-107.36115900527767,48.028836876487304],[-107.36115823046293,48.028818998487154],[-107.36116966825725,48.028778574548774],[-107.36116893806538,48.028760767546544],[-107.36120594497481,48.028697435648006],[-107.36120573402061,48.02869302727641],[-107.3607387016296,48.02867134733238]]]}"
00000000000000000152,11028,0,0,0,"{""type"":""Polygon"",""coordinates"":[[[-107.3613009020342,48.02858831973527],[-107.36125464498893,48.028598159353756],[-107.36123414769048,48.02858521717885],[-107.36119337219239,48.02856818107955],[-107.36112329859006,48.0286366529003],[-107.36112453991159,48.028663418554295],[-107.36109183814098,48.02867746211934],[-107.3610513182412,48.02866490527593],[-107.36100914745951,48.02861660831036],[-107.36102767326265,48.02858497795934],[-107.36104656410461,48.02856225109084],[-107.3607355544042,48.02860436220472],[-107.360763650359,48.028635056633625],[-107.36076427088814,48.02864843946417],[-107.3607387016296,48.02867134733238],[-107.36120573402061,48.02869302727641],[-107.36120532428495,48.02868405281187],[-107.36125029538282,48.02864737656553],[-107.36133495473705,48.028605465870776],[-107.3613009020342,48.02858831973527]],[[-107.36123006174208,48.02864335362354],[-107.3612099295423,48.02863931491016],[-107.36121722851911,48.02865251668738],[-107.36123006174208,48.02864335362354]]]}"
0000000000000000015b,11029,0,0,0,"{""type"":""MultiPolygon"",""coordinates"":[[[[-107.36101385987193,48.02842895807809],[-107.36101411543368,48.02843343740579],[-107.36104692648698,48.02842381805469],[-107.36105970693802,48.02841014419567],[-107.36101385987193,48.02842895807809]]],[[[-107.36107564332197,48.02846789505982],[-107.36106332935834,48.02849045662333],[-107.36101758362076,48.02850925477202],[-107.36097644334664,48.028483315143305],[-107.36096811421336,48.028447756179055],[-107.3606603622168,48.028561276033436],[-107.36068100523211,48.028574273545],[-107.36072163420891,48.02859125466493],[-107.3607355544042,48.02860436220472],[-107.36104656410461,48.02856225109084],[-107.36105287729043,48.02855316658981],[-107.3610518915828,48.02853088032592],[-107.36107787033956,48.028516946876564],[-107.36109551981467,48.028467454461094],[-107.36107564332197,48.02846789505982]]]]}"
00000000000000000158,11030,0,0,0,"{""type"":""MultiPolygon"",""coordinates"":[[[[-107.36099828866534,48.028380110679294],[-107.36099145631712,48.02837579661868],[-107.36099196743572,48.02838475526559],[-107.36101385987193,48.02842895807809],[-107.36105970693802,48.02841014419567],[-107.36106607279773,48.02840557057994],[-107.36107921831702,48.028400800161755],[-107.36099828866534,48.028380110679294]]],[[[-107.36085100715952,48.02836085283716],[-107.36077815130461,48.02837124275697],[-107.36076536276421,48.028380476688696],[-107.36065352990244,48.02855696193293],[-107.3606603622168,48.028561276033436],[-107.36096811421336,48.028447756179055],[-107.3609596309693,48.028407702144875],[-107.36096485704893,48.028376347243494],[-107.36085100715952,48.02836085283716]]]]}"
0000000000000000015d,11031,0,0,0,"{""type"":""Polygon"",""coordinates"":[[[-107.36054657638388,48.02840279786826],[-107.36054160547417,48.028438632102045],[-107.36061198040755,48.028522047671906],[-107.36060576858267,48.02853111637375],[-107.36064669759011,48.02855264783224],[-107.36065352990244,48.02855696193293],[-107.36076536276421,48.028380476688696],[-107.36054657638388,48.02840279786826]]]}"
0000000000000000020e,11032,0,0,0,"{""type"":""Polygon"",""coordinates"":[[[-107.3605939269299,48.02827233285265],[-107.36056148101832,48.02829085544079],[-107.36054657638388,48.02840279786826],[-107.36076536276421,48.028380476688696],[-107.36077815130461,48.02837124275697],[-107.3605939269299,48.02827233285265]]]}"
00000000000000000155,11033,0,0,0,"{""type"":""GeometryCollection"",""geometries"":[{""type"":""LineString"",""coordinates"":[[-107.36072430382988,48.0282115749072],[-107.36072410007628,48.02820711577579]]},{""type"":""Polygon"",""coordinates"":[[[-107.36072428625687,48.028211554203175],[-107.36065256229897,48.02824428534094],[-107.3605939269299,48.02827233285265],[-107.36077815130461,48.02837124275697],[-107.36085100715952,48.02836085283716],[-107.36072430382988,48.0282115749072],[-107.36072428625687,48.028211554203175]]]}]}"
00000000000000000151,11034,0,0,0,"{""type"":""GeometryCollection"",""geometries"":[{""type"":""LineString"",""coordinates"":[[-107.36099834985909,48.028380134654036],[-107.36099149359214,48.02837580919049],[-107.36099128967182,48.0283713469414],[-107.36099108575155,48.0283668846923]]},{""type"":""Polygon"",""coordinates"":[[[-107.36086276339907,48.02818192589919],[-107.36084288710799,48.0281823664421],[-107.36084139043119,48.028151121720974],[-107.36076998523832,48.028045349872095],[-107.36073732865803,48.02805946411301],[-107.36070462743643,48.02807350736986],[-107.3606854812133,48.02809175465435],[-107.3607127453482,48.02810465778633],[-107.36072889195052,48.02816681671756],[-107.36072407535767,48.02820714587007],[-107.36085100715952,48.02836085283716],[-107.36096485704893,48.028376347243494],[-107.36096449199685,48.02836744380818],[-107.36096346170778,48.028345086644],[-107.36098384922818,48.02835360471352],[-107.36086276339907,48.02818192589919]]]}]}"
00000000000000000156,11035,0,0,0,"{""type"":""MultiPolygon"",""coordinates"":[[[[-107.36094649844921,48.02797474772542],[-107.3609202645277,48.02798420169479],[-107.36086111046679,48.02799885078677],[-107.36084170878613,48.028012618781325],[-107.36079637330565,48.028040390993624],[-107.36077645247614,48.02804076054231],[-107.36076998523832,48.028045349872095],[-107.36084139043119,48.028151121720974],[-107.36084522129268,48.02808850652879],[-107.3608844992533,48.028074297967315],[-107.3609500111777,48.028050635408476],[-107.36096952236275,48.02804129146603],[-107.36094649844921,48.02797474772542]]],[[[-107.36100061990676,48.02813891471244],[-107.36088925301054,48.028176951212636],[-107.36086276339907,48.02818192589919],[-107.36098384922818,48.02835360471352],[-107.36099072619999,48.02835798975028],[-107.36099109125857,48.028366893183716],[-107.36099828866534,48.028380110679294],[-107.36107921831702,48.028400800161755],[-107.36108583974477,48.02840070587009],[-107.36108517446375,48.028387252130834],[-107.36107187481143,48.02838752745769],[-107.36108480938259,48.02837834869486],[-107.36100061990676,48.02813891471244]]]]}"
00000000000000000154,11036,0,0,0,"{""type"":""MultiPolygon"",""coordinates"":[[[[-107.36117692118592,48.02835413516997],[-107.36118359941425,48.028353954127404],[-107.36118313287744,48.02834506646517],[-107.36117692118592,48.02835413516997]]],[[[-107.3611118184029,48.02838677244871],[-107.36108517446375,48.028387252130834],[-107.36108583974477,48.02840070587009],[-107.36112521949187,48.028386481349145],[-107.3611118184029,48.02838677244871]]],[[[-107.36113930793047,48.02811369437465],[-107.36111311852886,48.02812321940162],[-107.36108051868383,48.02813724703832],[-107.36100708715027,48.028134325358735],[-107.36100061990676,48.02813891471244],[-107.36108480938259,48.02837834869486],[-107.36111751087911,48.02836430521945],[-107.36118173734819,48.02831380589232],[-107.36113930793047,48.02811369437465]]],[[[-107.36110660356101,48.02798040253989],[-107.36107266110471,48.02796768058696],[-107.36105987274408,48.027976914482196],[-107.36103400389105,48.02799527185279],[-107.36097919957741,48.0279607044149],[-107.36094649844921,48.02797474772542],[-107.36096952236275,48.02804129146603],[-107.36101511336715,48.02801799846443],[-107.36102841287924,48.02801772315095],[-107.36110737837441,48.027998280253925],[-107.3611140565339,48.02799809921918],[-107.36110660356101,48.02798040253989]]]]}"
0000000000000000015a,11037,0,0,0,"{""type"":""MultiPolygon"",""coordinates"":[[[[-107.36110660356101,48.02798040253989],[-107.3611140565339,48.02799809921918],[-107.36115374414356,48.02799286491893],[-107.36110660356101,48.02798040253989]]],[[[-107.36125020002746,48.028062330167074],[-107.36124373280977,48.028066919530225],[-107.36123079837083,48.02807609825651],[-107.36115881914392,48.02810435038169],[-107.36113930793047,48.02811369437465],[-107.36118173734819,48.02831380589232],[-107.3611946718807,48.02830462712858],[-107.36120859221919,48.028317734524194],[-107.36118313287744,48.02834506646517],[-107.36118359941425,48.028353954127404],[-107.3612099877712,48.02834899509842],[-107.36124202389924,48.028321497869115],[-107.36125495842845,48.02831231909597],[-107.36131250649169,48.02826200078311],[-107.36125020002746,48.028062330167074]]]]}"
0000000000000000014d,11038,0,0,0,"{""type"":""Polygon"",""coordinates"":[[[-107.36135634096028,48.028055648039796],[-107.36134950859893,48.02805133403181],[-107.36126200254644,48.028030810186074],[-107.36126324399409,48.02805757552509],[-107.36125020002746,48.028062330167074],[-107.36131250649169,48.02826200078311],[-107.36131881957301,48.02825291631934],[-107.36138386527784,48.028220365734654],[-107.36144239092849,48.02818789367659],[-107.36135634096028,48.028055648039796]]]}"
00000000000000000159,11039,0,0,0,"{""type"":""Polygon"",""coordinates"":[[[-107.36135634096028,48.028055648039796],[-107.36144239092849,48.02818789367659],[-107.36146164655446,48.02817407030464],[-107.36152741434294,48.02815488660089],[-107.3615715081251,48.02810034861772],[-107.36135634096028,48.028055648039796]]]}"
00000000000000000149,11040,0,0,0,"{""type"":""Polygon"",""coordinates"":[[[-107.36155929921406,48.02797999896801],[-107.36156540119542,48.02796650623108],[-107.36134950859893,48.02805133403181],[-107.36135634096028,48.028055648039796],[-107.3615715081251,48.02810034861772],[-107.36158418690448,48.02808669054681],[-107.36157673365571,48.02806899388112],[-107.36158294522296,48.02805992520298],[-107.36155929921406,48.02797999896801]]]}"
00000000000000000150,11041,0,0,0,"{""type"":""Polygon"",""coordinates"":[[[-107.36152239838337,48.02790041920744],[-107.3614956451117,48.02789647492331],[-107.36125315387953,48.02798185313796],[-107.36126200254644,48.028030810186074],[-107.36134950859893,48.02805133403181],[-107.36156540119542,48.02796650623108],[-107.36157099190625,48.027944054931204],[-107.36160390400613,48.02793441972179],[-107.36152239838337,48.02790041920744]]]}"
00000000000000000153,11042,0,0,0,"{""type"":""MultiPolygon"",""coordinates"":[[[[-107.36132544934537,48.027815098643494],[-107.36129315812359,48.02783811634625],[-107.36127623952564,48.02790541488956],[-107.36126381634077,48.027923552154945],[-107.36125315387953,48.02798185313796],[-107.3614956451117,48.02789647492331],[-107.36132544934537,48.027815098643494]]],[[[-107.36118479415053,48.027943081894],[-107.36118997531952,48.027911656289355],[-107.36117025325801,48.0279165919453],[-107.36114448590249,48.02793493355592],[-107.36113159613141,48.027944183221344],[-107.36111866172676,48.02795336191009],[-107.36107912831264,48.02796309124432],[-107.36107266110471,48.02796768058696],[-107.36110660356101,48.02798040253989],[-107.36115374414356,48.02799286491893],[-107.36118676576872,48.027987653922565],[-107.36122593410747,48.02796902117344],[-107.36118479415053,48.027943081894]]]]}"
0000000000000000014c,11043,0,0,0,"{""type"":""Polygon"",""coordinates"":[[[-107.36150242808422,48.02775338336863],[-107.36149596093694,48.02775797271991],[-107.36146936196845,48.02775852347065],[-107.36142278539047,48.02775953063797],[-107.36132544934537,48.027815098643494],[-107.3614956451117,48.02789647492331],[-107.36152239838337,48.02790041920744],[-107.36150242808422,48.02775338336863]]]}"
00000000000000000146,11044,0,0,0,"{""type"":""MultiPolygon"",""coordinates"":[[[[-107.36167506038983,48.02759798992177],[-107.36167542562599,48.02760689321876],[-107.3616821483845,48.0276067831225],[-107.36168810419542,48.02759323526824],[-107.36167506038983,48.02759798992177]]],[[[-107.36156747284488,48.02772083299409],[-107.36150242808422,48.02775338336863],[-107.36152239838337,48.02790041920744],[-107.36160390400613,48.02793441972179],[-107.36161052538833,48.02793432539586],[-107.36162926141684,48.02790710366367],[-107.36162180817007,48.02788940706218],[-107.3616283849156,48.02788924175894],[-107.36166119014436,48.027732287820996],[-107.36156747284488,48.02772083299409]]],[[[-107.36167506038983,48.02759798992177],[-107.36167443950593,48.027584607374855],[-107.36168810419542,48.02759323526824],[-107.36172556996146,48.027391458634135],[-107.36167775193809,48.027365700925515],[-107.36168483989505,48.02737449408796],[-107.36162491969426,48.02737570575851],[-107.361645927886,48.02739760603072],[-107.36170036720671,48.027423269441876],[-107.36164691399522,48.02741989179552],[-107.3615881258763,48.0274434444296],[-107.36157001094207,48.0274840484256],[-107.36149880790788,48.027530178001726],[-107.36150610683364,48.02754337947836],[-107.36148737095115,48.0275706009935],[-107.3614951892671,48.02759720079785],[-107.3614889777733,48.02760626938822],[-107.36154988430202,48.02762734364595],[-107.36164364597516,48.027638869452076],[-107.36167728827728,48.02764704088687],[-107.36168276927077,48.02762016567498],[-107.3616763021575,48.02762475502588],[-107.36167542562599,48.02760689321876],[-107.36165529382639,48.02760285466878],[-107.36167506038983,48.02759798992177]],[[-107.36165751621179,48.02750457179545],[-107.36165813709113,48.027517954322114],[-107.36167092521964,48.02750872043394],[-107.36165751621179,48.02750457179545]],[[-107.36165824667826,48.02752237835939],[-107.3616588675575,48.02753576089063],[-107.3616718017515,48.027526582207585],[-107.36165824667826,48.02752237835939]]]]}"
0000000000000000014f,11045,0,0,0,"{""type"":""GeometryCollection"",""geometries"":[{""type"":""Point"",""coordinates"":[-107.36162927019835,48.02790711634265]},{""type"":""Polygon"",""coordinates"":[[[-107.3617321912557,48.02739136430303],[-107.36172556996146,48.027391458634135],[-107.36168810419542,48.02759323526824],[-107.3616821483845,48.0276067831225],[-107.3616889807335,48.02761109707043],[-107.36168276927077,48.02762016567498],[-107.36167728827728,48.02764704088687],[-107.36170315673968,48.02762868347473],[-107.36172556114839,48.02768184398686],[-107.36173959114127,48.02769937519977],[-107.36172670151981,48.02770862489979],[-107.36171464381103,48.027735665468],[-107.36166119014436,48.027732287820996],[-107.3616283849156,48.02788924175894],[-107.36168830594637,48.02788803005324],[-107.36172199312462,48.02789627248132],[-107.36174859226298,48.027895721654694],[-107.3617819142263,48.027895060715124],[-107.3617321912557,48.02739136430303]]]}]}"
00000000000000000148,11046,0,0,0,"{""type"":""Polygon"",""coordinates"":[[[-107.36187770181566,48.027660842443005],[-107.3618565390606,48.027634447097405],[-107.36184236295583,48.02761686071636],[-107.36186011244615,48.027567353280006],[-107.36183143964624,48.027523348259564],[-107.36185105194185,48.02751398847244],[-107.36182678457014,48.027420680645875],[-107.3617321912557,48.02739136430303],[-107.3617819142263,48.027895060715124],[-107.36178849098388,48.027894895400564],[-107.36183511254224,48.02789395902025],[-107.36185498888759,48.02789351827257],[-107.36191465439387,48.02788782714516],[-107.3619216328969,48.02789219630582],[-107.36187770181566,48.027660842443005]]]}"
0000000000000000014e,11047,0,0,0,"{""type"":""MultiPolygon"",""coordinates"":[[[[-107.36188743555235,48.02743727537328],[-107.36185363906841,48.02742460903937],[-107.36182678457014,48.027420680645875],[-107.36185105194185,48.02751398847244],[-107.3619025978889,48.02747714747074],[-107.36188743555235,48.02743727537328]]],[[[-107.3620077448131,48.02773856455736],[-107.36196122479417,48.027739485248425],[-107.36192629566384,48.0277044777785],[-107.36188453421151,48.027665156380266],[-107.36187770181566,48.027660842443005],[-107.3619216328969,48.02789219630582],[-107.36196215267009,48.027904752598964],[-107.36202715300996,48.02787213083674],[-107.36206047505084,48.02787146979864],[-107.3620077448131,48.02773856455736]]]]}"
00000000000000000147,11048,0,0,0,"{""type"":""MultiPolygon"",""coordinates"":[[[[-107.36188743555235,48.02743727537328],[-107.3619025978889,48.02747714747074],[-107.36192919677833,48.027476596604714],[-107.36194254085599,48.02747639214448],[-107.36197633744887,48.027489058456815],[-107.36199573866344,48.02747529038216],[-107.36201571624802,48.02747483384187],[-107.36203538134491,48.02746998480104],[-107.36188743555235,48.02743727537328]]],[[[-107.36214746323046,48.02773569983376],[-107.36208816318502,48.02775029440369],[-107.36208717681852,48.027728008509214],[-107.36207387726067,48.027728283969275],[-107.36206053307379,48.027728488451544],[-107.36201442298868,48.02773838346036],[-107.3620077448131,48.02773856455736],[-107.36206047505084,48.02787146979864],[-107.3621597837671,48.02786047286007],[-107.36214746323046,48.02773569983376]]]]}"
00000000000000000145,11049,0,0,0,"{""type"":""Polygon"",""coordinates"":[[[-107.36225344984118,48.027724521727116],[-107.36219404013588,48.02773469230635],[-107.36215414141526,48.02773551872681],[-107.36214746323046,48.02773569983376],[-107.3621597837671,48.02786047286007],[-107.36218560765889,48.02784204426527],[-107.36221882829838,48.02784139893971],[-107.36225215037965,48.0278407378343],[-107.36227797423771,48.027822309222415],[-107.36229785063779,48.0278218683821],[-107.36230457348006,48.02782175823959],[-107.36225344984118,48.027724521727116]]]}"
00000000000000000165,11050,0,0,0,"{""type"":""Polygon"",""coordinates"":[[[-107.36237903672972,48.027704141292176],[-107.36228677182991,48.02772386061351],[-107.3622734722454,48.02772413610193],[-107.36225344984118,48.027724521727116],[-107.36230457348006,48.02782175823959],[-107.36234447235695,48.02782093175118],[-107.36238437124983,48.02782010524575],[-107.36239767088433,48.02781982974017],[-107.36245774660509,48.02782311258066],[-107.36237903672972,48.027704141292176]]]}"
00000000000000000169,11051,0,0,0,"{""type"":""Polygon"",""coordinates"":[[[-107.36248367141219,48.02766177377367],[-107.36241293526479,48.02771679172454],[-107.362392336322,48.027703865789015],[-107.36237903672972,48.027704141292176],[-107.36245774660509,48.02782311258066],[-107.36246442482725,48.027822931450835],[-107.3625744388636,48.02775370418506],[-107.36248367141219,48.02766177377367]]]}"
0000000000000000016b,11052,0,0,0,"{""type"":""Polygon"",""coordinates"":[[[-107.3625413189402,48.02761143963026],[-107.36248367141219,48.02766177377367],[-107.3625744388636,48.02775370418506],[-107.36260000682952,48.02773079626168],[-107.3626392844993,48.027716587085465],[-107.36265930698153,48.02771620137773],[-107.36270417468126,48.027679540946004],[-107.3625413189402,48.02761143963026]]]}"
0000000000000000012e,11053,0,0,0,"{""type"":""GeometryCollection"",""geometries"":[{""type"":""LineString"",""coordinates"":[[-107.36285753223105,48.02753793128036],[-107.36288393706991,48.0275329214672]]},{""type"":""Polygon"",""coordinates"":[[[-107.36277786102873,48.02754404650946],[-107.36272590521992,48.02757191376504],[-107.36271819563522,48.02754973813409],[-107.36254592239688,48.02756670262734],[-107.36256046438001,48.02759319216241],[-107.3625413189402,48.02761143963026],[-107.36270417468126,48.027679540946004],[-107.36271038597756,48.02767047226917],[-107.3627285446433,48.0276299389112],[-107.36278236440265,48.0276422192332],[-107.36280259802908,48.027646241770796],[-107.36276057952075,48.02760244158392],[-107.36282484815365,48.027552012928915],[-107.36285750423963,48.02753789812604],[-107.36277786102873,48.02754404650946]]]}]}"
00000000000000000143,11054,0,0,0,"{""type"":""MultiPolygon"",""coordinates"":[[[[-107.36243513314433,48.02747515816356],[-107.36248982934487,48.027505300375225],[-107.36252475905705,48.02754030749166],[-107.36253821293558,48.027544526980975],[-107.36254592239688,48.02756670262734],[-107.36271819563522,48.02754973813409],[-107.36271074183459,48.02753204175226],[-107.36272771467083,48.027464656757395],[-107.36243513314433,48.02747515816356]]],[[[-107.36298753955089,48.027468285042346],[-107.36289542931172,48.02749249985796],[-107.36288275105208,48.02750615793403],[-107.36285589607877,48.027502229834894],[-107.36282966242757,48.02751168423477],[-107.36277786102873,48.02754404650946],[-107.36288389227778,48.027532938721556],[-107.36292301537576,48.02751423448097],[-107.3630018260769,48.02749029521588],[-107.36298753955089,48.027468285042346]]]]}"
0000000000000000013d,11055,0,0,0,"{""type"":""Polygon"",""coordinates"":[[[-107.36270297796601,48.02736246182396],[-107.36270220235494,48.027344584360364],[-107.3624202258885,48.02743976540295],[-107.36243513314433,48.02747515816356],[-107.36272771467083,48.027464656757395],[-107.36272724774693,48.0274557692636],[-107.36275322557198,48.027441835670054],[-107.36270297796601,48.02736246182396]]]}"
00000000000000000141,11056,0,0,0,"{""type"":""Polygon"",""coordinates"":[[[-107.36268729484043,48.02730919173622],[-107.36268502094059,48.02726007017151],[-107.36263679179368,48.02722533883343],[-107.36262995932876,48.02722102498783],[-107.36239869731543,48.027404467042224],[-107.3624127276395,48.027421998055196],[-107.3624202258885,48.02743976540295],[-107.36270220235494,48.027344584360364],[-107.36270183686533,48.02733568111839],[-107.36270136994621,48.02732679364625],[-107.36268729484043,48.02730919173622]]]}"
0000000000000000013c,11057,0,0,0,"{""type"":""Polygon"",""coordinates"":[[[-107.36261629440506,48.02721239729608],[-107.36258881852173,48.02719508670365],[-107.36253624198763,48.02720957122141],[-107.36252191127022,48.02718749011047],[-107.36251507883387,48.02718317625908],[-107.36230891775381,48.02733482275461],[-107.36235046841655,48.02736973545787],[-107.36239869731543,48.027404467042224],[-107.36262995932876,48.02722102498783],[-107.36261629440506,48.02721239729608]]]}"
0000000000000000014b,11058,0,0,0,"{""type"":""MultiPolygon"",""coordinates"":[[[[-107.36250069134336,48.02716118189846],[-107.36248077062271,48.02716155179247],[-107.36245417180304,48.027162102806514],[-107.36242011941066,48.02714495753392],[-107.36222461915578,48.027238303429684],[-107.36224676854175,48.027286984182865],[-107.36230891775381,48.02733482275461],[-107.36251507883387,48.02718317625908],[-107.36250069134336,48.02716118189846]],[[-107.36247471370359,48.02717511534408],[-107.36247570032553,48.02719740099255],[-107.36248822423892,48.02717924807154],[-107.36247471370359,48.02717511534408]]],[[[-107.36205608247755,48.02734000145756],[-107.3620488847735,48.027326784311775],[-107.36185363906841,48.02742460903937],[-107.36188743555235,48.02743727537328],[-107.36203538134491,48.02746998480104],[-107.36207429336177,48.027446872667944],[-107.36207289702703,48.02741561266525],[-107.36208521009586,48.027393051458276],[-107.36209726744909,48.02736601102956],[-107.36205608247755,48.02734000145756]]]]}"
0000000000000000014a,11059,0,0,0,"{""type"":""MultiPolygon"",""coordinates"":[[[[-107.36240568737287,48.02712289219807],[-107.3621920206084,48.027109438293124],[-107.3621737521271,48.027145547146745],[-107.36222461915578,48.027238303429684],[-107.36242011941066,48.02714495753392],[-107.36240568737287,48.02712289219807]]],[[[-107.36204154101532,48.027313511960934],[-107.3620275109597,48.027295980923135],[-107.36201209283102,48.02725162976514],[-107.3619661944165,48.02726593289155],[-107.3619322965968,48.02725328239202],[-107.36191237594763,48.0272536521667],[-107.36189235387377,48.02725403770458],[-107.36187967547849,48.02726769558913],[-107.36172794632049,48.027297671156205],[-107.36166725110884,48.02728100538646],[-107.3617046655269,48.027226649354276],[-107.36168313790631,48.027191350952386],[-107.3617208078602,48.027141474222994],[-107.3616925575921,48.027106285975805],[-107.36167801652157,48.0270797965324],[-107.36159113305808,48.02707265573759],[-107.36158171316775,48.02715772065471],[-107.3616208860451,48.02728642087833],[-107.36167775193809,48.027365700925515],[-107.36172556996146,48.027391458634135],[-107.3617321912557,48.02739136430303],[-107.36182678457014,48.027420680645875],[-107.36185363906841,48.02742460903937],[-107.3620488847735,48.027326784311775],[-107.36204154101532,48.027313511960934]]]]}"
0000000000000000013b,11060,0,0,0,"{""type"":""MultiPolygon"",""coordinates"":[[[[-107.36166285458147,48.02703992469219],[-107.36159573747396,48.02702791921671],[-107.36159113305808,48.02707265573759],[-107.36167801652157,48.0270797965324],[-107.36166285458147,48.02703992469219]]],[[[-107.36238379355328,48.027078690842245],[-107.36238353781548,48.02707421163867],[-107.36226658389322,48.02699180730232],[-107.36223501620827,48.02702819155871],[-107.36220433350121,48.02708687720736],[-107.36219191095338,48.0271050142931],[-107.3621920206084,48.027109438293124],[-107.36240568737287,48.02712289219807],[-107.36238379355328,48.027078690842245]]]]}"
0000000000000000013a,11061,0,0,0,"{""type"":""Polygon"",""coordinates"":[[[-107.3622828345538,48.026911056475626],[-107.36227687905416,48.02692460418226],[-107.3622853190348,48.02696458595482],[-107.36226658389322,48.02699180730232],[-107.36238353781548,48.02707421163867],[-107.36239559486536,48.027047171344925],[-107.36242891629736,48.027046510204585],[-107.36244806144941,48.02702826296354],[-107.36246048387864,48.02701012587421],[-107.36247341779507,48.027000947182245],[-107.3622828345538,48.026911056475626]]]}"
00000000000000000131,11062,0,0,0,"{""type"":""Polygon"",""coordinates"":[[[-107.3623200936005,48.02685220566195],[-107.36229499302623,48.0268840005113],[-107.3622828345538,48.026911056475626],[-107.36247341779507,48.027000947182245],[-107.36255766290606,48.02695006267908],[-107.36257655220578,48.02692733625838],[-107.3623200936005,48.02685220566195]]]}"
0000000000000000013e,11063,0,0,0,"{""type"":""Polygon"",""coordinates"":[[[-107.36237711872177,48.02678849009587],[-107.36235155138868,48.02681139753108],[-107.3623200936005,48.02685220566195],[-107.36257655220578,48.02692733625838],[-107.36260200984553,48.026900004731125],[-107.36262637929923,48.02685040347435],[-107.3626456339981,48.02683658024143],[-107.36237711872177,48.02678849009587]]]}"
00000000000000000134,11064,0,0,0,"{""type"":""Polygon"",""coordinates"":[[[-107.36242047899486,48.02671614693371],[-107.36240883214921,48.026752161174024],[-107.36237711872177,48.02678849009587],[-107.3626456339981,48.02683658024143],[-107.3626715016592,48.02681822287265],[-107.36270203746629,48.026759482191],[-107.3627014161894,48.026746099875226],[-107.36270130646989,48.02674167590814],[-107.36242047899486,48.02671614693371]]]}"
00000000000000000137,11065,0,0,0,"{""type"":""Polygon"",""coordinates"":[[[-107.3624949394064,48.026598532454095],[-107.3624824725163,48.02661659842666],[-107.36246461462068,48.02666168108457],[-107.3624321704466,48.02668020369171],[-107.36242047899486,48.02671614693371],[-107.36270130646989,48.02674167590814],[-107.36273287359224,48.026705291711714],[-107.3624949394064,48.026598532454095]]]}"
00000000000000000133,11066,0,0,0,"{""type"":""Polygon"",""coordinates"":[[[-107.36261809443525,48.02652453643032],[-107.36259869384712,48.02653830436484],[-107.3625662498049,48.02655682697035],[-107.36252050653272,48.02657562507909],[-107.3624949394064,48.026598532454095],[-107.36273287359224,48.026705291711714],[-107.36276454208809,48.026668891763414],[-107.36277049739236,48.026655344097655],[-107.36261809443525,48.02652453643032]]]}"
00000000000000000135,11067,0,0,0,"{""type"":""Polygon"",""coordinates"":[[[-107.36288742939027,48.026152707191144],[-107.36285922293717,48.02611759094707],[-107.3627918503853,48.02610110739461],[-107.3627781962645,48.026239809642334],[-107.36273369599297,48.02628537211213],[-107.3627344716496,48.02630324921231],[-107.36273488179337,48.02631222325152],[-107.36268950433453,48.026339924415694],[-107.36264298572844,48.02634084537724],[-107.36261716304796,48.026359273535704],[-107.36256319091517,48.026342498464615],[-107.36248391594448,48.026357549467896],[-107.36255103281827,48.026369554173364],[-107.36259144177521,48.02637768592632],[-107.36265830302443,48.02638521141438],[-107.3627513971804,48.02638328270673],[-107.3627780969536,48.02638271586234],[-107.36277990409472,48.02642294927873],[-107.36274906829692,48.026477139472334],[-107.36270332512561,48.02649593763714],[-107.36266404878701,48.02651014647424],[-107.36262451666462,48.02651987614481],[-107.36261809443525,48.02652453643032],[-107.36277049739236,48.026655344097655],[-107.36278280983603,48.0266327831448],[-107.3629096348944,48.02634878777553],[-107.36288872761827,48.02632687246428],[-107.36286026524773,48.02628727697331],[-107.36289193326687,48.02625087728589],[-107.36291666745846,48.026210179638056],[-107.36291568053333,48.0261878944224],[-107.36288742939027,48.026152707191144]]]}"
00000000000000000138,11068,0,0,0,"{""type"":""GeometryCollection"",""geometries"":[{""type"":""LineString"",""coordinates"":[[-107.36290988721194,48.02635324631929],[-107.3629096831405,48.02634878407479]]},{""type"":""Polygon"",""coordinates"":[[[-107.36290989070093,48.02635326691384],[-107.36278280983603,48.0266327831448],[-107.36284309511065,48.02664047389957],[-107.3628631170568,48.0266400881708],[-107.36293644589665,48.02664302414513],[-107.36292402242753,48.02637078173209],[-107.36290989070093,48.02635326691384]]]}]}"
00000000000000000139,11069,0,0,0,"{""type"":""Polygon"",""coordinates"":[[[-107.362958119204,48.026387997551815],[-107.36293809737336,48.02638838329564],[-107.36292402242753,48.02637078173209],[-107.36293644589665,48.02664302414513],[-107.3630031981873,48.02664612545266],[-107.36302979679272,48.02664557429707],[-107.36304346168083,48.026654201837275],[-107.36310301602434,48.02664408618297],[-107.362958119204,48.026387997551815]]]}"
00000000000000000142,11070,0,0,0,"{""type"":""MultiPolygon"",""coordinates"":[[[[-107.36291568053333,48.0261878944224],[-107.36291666745846,48.026210179638056],[-107.36292272405358,48.026196616316945],[-107.36291568053333,48.0261878944224]]],[[[-107.36316174639077,48.026473131260666],[-107.36312805960699,48.02646488955294],[-107.36311274164817,48.02642052354014],[-107.36313250769975,48.02641565861544],[-107.36313908428865,48.02641549321715],[-107.36310989030805,48.02635809159987],[-107.36310316767228,48.02635820179055],[-107.36304449102651,48.02638617873174],[-107.362958119204,48.026387997551815],[-107.36310301602434,48.02664408618297],[-107.36310959265164,48.026643920785006],[-107.36316278992649,48.02664281840582],[-107.36318865733777,48.02662446097177],[-107.36318736978966,48.026597625454414],[-107.36320692473492,48.02658835231189],[-107.36316174639077,48.026473131260666]]]]}"
00000000000000000123,11071,0,0,0,"{""type"":""MultiPolygon"",""coordinates"":[[[[-107.36312318952187,48.026357816011966],[-107.36310989030805,48.02635809159987],[-107.36313908428865,48.02641549321715],[-107.3631526393632,48.026419696766865],[-107.36318523761275,48.026405668926316],[-107.36312318952187,48.026357816011966]]],[[[-107.36323346658364,48.02644039944861],[-107.36322037853665,48.026445083224225],[-107.36316174639077,48.026473131260666],[-107.36320692473492,48.02658835231189],[-107.36321360278733,48.02658817113842],[-107.3632794778669,48.026573410827304],[-107.3633715859175,48.02654919612354],[-107.36323346658364,48.02644039944861]]]]}"
00000000000000000132,11072,0,0,0,"{""type"":""Polygon"",""coordinates"":[[[-107.36331868463931,48.02626446998457],[-107.36329928430365,48.02627823798609],[-107.36327977416424,48.02628758206143],[-107.36322471289607,48.02624853793664],[-107.36312199998319,48.02618807458454],[-107.36310373275718,48.02622418294759],[-107.36313866220812,48.02625918898956],[-107.36319935745739,48.02627585350081],[-107.36321463086021,48.02632014840171],[-107.36318803243549,48.02632069960057],[-107.36317473322579,48.02632097519717],[-107.36314891066979,48.02633940348877],[-107.36313607849574,48.026348566379404],[-107.36312318952187,48.026357816011966],[-107.36318523761275,48.026405668926316],[-107.36319170442204,48.02640107958825],[-107.36323791453609,48.02639116853285],[-107.36323765868937,48.026386689393185],[-107.36328438886704,48.026390176299046],[-107.3632596548359,48.026430874177755],[-107.36323346658364,48.02644039944861],[-107.3633715859175,48.02654919612354],[-107.36345065049194,48.026529736132204],[-107.36331868463931,48.02626446998457]],[[-107.36319030708127,48.02636982025232],[-107.363156985986,48.02637048164032],[-107.36316407424395,48.0263792745184],[-107.36319030708127,48.02636982025232]]]}"
0000000000000000012f,11073,0,0,0,"{""type"":""Polygon"",""coordinates"":[[[-107.3634593867139,48.02628388875474],[-107.36342482249698,48.02625778587389],[-107.36341824591626,48.02625795129109],[-107.36340556824094,48.026271609099176],[-107.36339201315175,48.02626740559751],[-107.36337896979707,48.02627216035102],[-107.3633315735581,48.026255220343614],[-107.36331868463931,48.02626446998457],[-107.36345065049194,48.026529736132204],[-107.36347683881733,48.02652021078384],[-107.36353753486036,48.02653687514389],[-107.36354234815701,48.026496547221335],[-107.36350891700472,48.02649278479683],[-107.36354188102293,48.02648765990132],[-107.36353685527347,48.02637609145956],[-107.3634593867139,48.02628388875474]]]}"
00000000000000000140,11074,0,0,0,"{""type"":""Polygon"",""coordinates"":[[[-107.36389485388487,48.026489269421276],[-107.36371238715054,48.02643053162216],[-107.36369996537945,48.02644866865611],[-107.36374757349341,48.02647001669886],[-107.36379616913635,48.026513650047214],[-107.36377702464681,48.026531897361274],[-107.36372336000612,48.026524112759674],[-107.36370256181534,48.02650662151431],[-107.36362798931195,48.02647692167686],[-107.36364066701482,48.02646326378503],[-107.36365360060721,48.026454085037955],[-107.36367895597616,48.02642676926228],[-107.36369225529486,48.02642649359238],[-107.36353685527347,48.02637609145956],[-107.36354188102293,48.02648765990132],[-107.3635483478293,48.02648307053206],[-107.36355477000133,48.02647841018935],[-107.36358162453092,48.02648233802702],[-107.36354918067292,48.02650086094084],[-107.36354234815701,48.026496547221335],[-107.36353753486036,48.02653687514389],[-107.36354411149867,48.02653670971615],[-107.36367503424425,48.026632289267106],[-107.36384197149579,48.02664225309742],[-107.36390060385413,48.02661420454867],[-107.363958037313,48.02655946245417],[-107.36389485388487,48.026489269421276]]]}"
0000000000000000012d,11075,0,0,0,"{""type"":""Polygon"",""coordinates"":[[[-107.36371238715054,48.02643053162216],[-107.36389485388487,48.026489269421276],[-107.36383031747268,48.02638788808378],[-107.36378892022422,48.026357471607476],[-107.3634593867139,48.02628388875474],[-107.36353685527347,48.02637609145956],[-107.36369225529486,48.02642649359238],[-107.36372532072343,48.02642135287163],[-107.36371238715054,48.02643053162216]],[[-107.36372532072343,48.02642135287163],[-107.36373846556624,48.02641658228678],[-107.36373137712104,48.026407789449664],[-107.36372532072343,48.02642135287163]]]}"
0000000000000000012c,11076,1,0,0,"{""type"":""Polygon"",""coordinates"":[[[-107.36373654172667,48.02622903465976],[-107.36362342509172,48.026231350221146],[-107.3636030374785,48.02622283306113],[-107.36367475713257,48.02619010108909],[-107.36370657903024,48.02615819610129],[-107.36369974654285,48.026153882420545],[-107.36366652688753,48.0261545282137],[-107.36364592802964,48.026141602931524],[-107.36362662923958,48.02615535519506],[-107.36361333002714,48.02615563085171],[-107.36360003081649,48.0261559065065],[-107.36357333097367,48.02615647357923],[-107.36354719970403,48.02616591213923],[-107.36353390049902,48.02616618778473],[-107.36345773326407,48.0262481503722],[-107.36342482249698,48.02625778587389],[-107.3634593867139,48.02628388875474],[-107.36378892022422,48.026357471607476],[-107.36373654172667,48.02622903465976]]]}"
00000000000000000128,11077,0,0,0,"{""type"":""MultiPolygon"",""coordinates"":[[[[-107.36369974654285,48.026153882420545],[-107.36370657903024,48.02615819610129],[-107.36371289128728,48.02614911186609],[-107.36369974654285,48.026153882420545]]],[[[-107.36383579676611,48.02636101343881],[-107.36384806396174,48.02633838151851],[-107.36385468522008,48.026338287043544],[-107.36390922089782,48.026221042585284],[-107.36385623509537,48.02622655351434],[-107.36379620550701,48.026223342585716],[-107.36373654172667,48.02622903465976],[-107.36378892022422,48.026357471607476],[-107.36383031747268,48.02638788808378],[-107.36383641846619,48.026374395637966],[-107.36382932999713,48.02636560281581],[-107.36383579676611,48.02636101343881]],[[-107.36382198561293,48.02635233086117],[-107.36381577476286,48.0263613993702],[-107.36382932999713,48.02636560281581],[-107.36382198561293,48.02635233086117]]]]}"
0000000000000000012b,11078,0,0,0,"{""type"":""MultiPolygon"",""coordinates"":[[[[-107.36398239534323,48.026219482842265],[-107.36394911873592,48.02622021548041],[-107.36390922089782,48.026221042585284],[-107.36385468522008,48.026338287043544],[-107.36394131368158,48.026340946530425],[-107.36402767784027,48.026334687109255],[-107.36398239534323,48.026219482842265]]],[[[-107.36393298823118,48.02644827987139],[-107.36391885584531,48.02643076519273],[-107.36390467884019,48.0264131795443],[-107.3638503394933,48.0263875021487],[-107.36383641846619,48.026374395637966],[-107.36383031747268,48.02638788808378],[-107.36389485388487,48.026489269421276],[-107.363958037313,48.02655946245417],[-107.36396450411154,48.02655487305072],[-107.36396362643292,48.026537011658974],[-107.36396285018243,48.02651913450393],[-107.36396160669548,48.02649237003882],[-107.36393298823118,48.02644827987139]]]]}"
00000000000000000126,11079,0,0,0,"{""type"":""Polygon"",""coordinates"":[[[-107.36411564425244,48.026221204775915],[-107.36403563713735,48.02621845096324],[-107.36400924986229,48.026223410540915],[-107.36398239534323,48.026219482842265],[-107.36402767784027,48.026334687109255],[-107.36403429911077,48.02633459262158],[-107.36412863811394,48.02635942692568],[-107.3641425592842,48.02637253338657],[-107.364162947222,48.026381050447924],[-107.36411564425244,48.026221204775915]]]}"
00000000000000000127,11080,0,0,0,"{""type"":""GeometryCollection"",""geometries"":[{""type"":""LineString"",""coordinates"":[[-107.36422863087802,48.026361832058306],[-107.36422903924883,48.0263707565388]]},{""type"":""Polygon"",""coordinates"":[[[-107.36411564425244,48.026221204775915],[-107.36416310175474,48.02638554535129],[-107.36421216530789,48.02643806570556],[-107.36422359918193,48.02639764334203],[-107.36422944409293,48.02637967173824],[-107.3642291881241,48.0263751926053],[-107.36421577884337,48.02637104442164],[-107.3642285662802,48.02636181041214],[-107.36426891539321,48.026222540497635],[-107.36411564425244,48.026221204775915]]]}]}"
0000000000000000012a,11081,0,0,0,"{""type"":""GeometryCollection"",""geometries"":[{""type"":""LineString"",""coordinates"":[[-107.36431776231183,48.02641806055463],[-107.3643179665053,48.02642252279456]]},{""type"":""Polygon"",""coordinates"":[[[-107.36424336532119,48.02639277818808],[-107.36422359918193,48.02639764334203],[-107.36421216530789,48.02643806570556],[-107.36429946087493,48.02645417804432],[-107.36431151654513,48.026427137865056],[-107.36429200635727,48.02643648217432],[-107.36426375331557,48.02640129522985],[-107.36424336532119,48.02639277818808]]]},{""type"":""Polygon"",""coordinates"":[[[-107.36426375331557,48.02640129522985],[-107.36429035210155,48.02640074372235],[-107.3642911285154,48.02641862083014],[-107.36431772732149,48.02641806931435],[-107.36434840676417,48.02635938382223],[-107.36427518712485,48.026360872890216],[-107.36427456526383,48.02634749070145],[-107.36429407540335,48.02633814641286],[-107.364320930133,48.02634207402772],[-107.36436688446844,48.0263276833056],[-107.3644156186661,48.026228481140194],[-107.36426891539321,48.026222540497635],[-107.36422907821787,48.026370768676095],[-107.3642291881241,48.0263751926053],[-107.36422944409293,48.02637967173824],[-107.36423591084413,48.02637508233345],[-107.36426250960349,48.02637453083466],[-107.36426375331557,48.02640129522985]],[[-107.36426064403504,48.0263343842675],[-107.36424113389647,48.02634372854859],[-107.36427456526383,48.02634749070145],[-107.36426064403504,48.0263343842675]]]}]}"
0000000000000000011c,11082,0,0,0,"{""type"":""Polygon"",""coordinates"":[[[-107.36431151654513,48.026427137865056],[-107.36429946087493,48.02645417804432],[-107.36433289236793,48.02645794018157],[-107.36442536644576,48.026442627586924],[-107.36455032357331,48.02626137491445],[-107.36451679072377,48.026257628635264],[-107.36449603674728,48.02624020863454],[-107.36447549415902,48.02622719678034],[-107.3644156186661,48.026228481140194],[-107.36436688446844,48.0263276833056],[-107.36440160433102,48.02635828075388],[-107.36434840676417,48.02635938382223],[-107.36431798330099,48.02642254845044],[-107.36431819464555,48.02642695661394],[-107.36431151654513,48.026427137865056]],[[-107.36431819464555,48.02642695661394],[-107.36431860517641,48.02643593065776],[-107.3643314940545,48.02642668085302],[-107.36431819464555,48.02642695661394]]]}"
00000000000000000129,11083,0,0,0,"{""type"":""Polygon"",""coordinates"":[[[-107.36464543987387,48.02630408571908],[-107.36459037631208,48.02626504242498],[-107.36455032357331,48.02626137491445],[-107.36442536644576,48.026442627586924],[-107.3644320891921,48.02644251730049],[-107.36448466498884,48.02642803197363],[-107.36451794197067,48.026427299137076],[-107.36459090591649,48.02642133073879],[-107.36466520600023,48.026299220487154],[-107.36464543987387,48.02630408571908]]]}"
00000000000000000122,11084,0,0,0,"{""type"":""Polygon"",""coordinates"":[[[-107.36475125781212,48.02628856802663],[-107.36471778163518,48.02628473507615],[-107.36466520600023,48.026299220487154],[-107.36459090591649,48.02642133073879],[-107.36460424999754,48.026421125911945],[-107.3646048719778,48.026434508114384],[-107.36457889504938,48.026448441918824],[-107.3646056039087,48.02645231425442],[-107.36461890336729,48.02645203845221],[-107.36464601432911,48.026460445116626],[-107.36469290006217,48.02646842622424],[-107.36474035469453,48.02648527884363],[-107.36474697604271,48.026485184304455],[-107.3647712353397,48.02628811092367],[-107.36475125781212,48.02628856802663]]]}"
0000000000000000013f,11085,0,0,0,"{""type"":""Polygon"",""coordinates"":[[[-107.36479684611938,48.026265274074724],[-107.3647978341879,48.02628755927492],[-107.3647712353397,48.02628811092367],[-107.36474697604271,48.026485184304455],[-107.36493662672096,48.02640980637639],[-107.36479684611938,48.026265274074724]]]}"
00000000000000000198,11086,0,0,0,"{""type"":""Polygon"",""coordinates"":[[[-107.36482965561457,48.02625565386667],[-107.36478950132724,48.02625200223006],[-107.3647964801047,48.02625637103776],[-107.36479684611938,48.026265274074724],[-107.36493662672096,48.02640980637639],[-107.36496244896041,48.02639137758626],[-107.36498236979577,48.02639100717886],[-107.3650669784539,48.02634902417605],[-107.36509295526818,48.026335090268674],[-107.36482965561457,48.02625565386667]]]}"
00000000000000000119,11087,0,0,0,"{""type"":""Polygon"",""coordinates"":[[[-107.36519146545399,48.026158883811114],[-107.36518463268128,48.02615457024345],[-107.36482965561457,48.02625565386667],[-107.36509295526818,48.026335090268674],[-107.36511893207003,48.02632115635828],[-107.36513186545874,48.02631197744178],[-107.36511173319286,48.0263079397298],[-107.36513149936333,48.02630307440019],[-107.36514314374587,48.02626706020071],[-107.36517533108714,48.02624405772474],[-107.3651801872652,48.026203800962485],[-107.36519995338519,48.02619893562972],[-107.36521247596635,48.026180782733],[-107.36519146545399,48.026158883811114]]]}"
00000000000000000120,11088,0,0,0,"{""type"":""GeometryCollection"",""geometries"":[{""type"":""LineString"",""coordinates"":[[-107.36506077962521,48.02606777522101],[-107.36506722739901,48.026063175967]]},{""type"":""Polygon"",""coordinates"":[[[-107.3651037017915,48.02613388514807],[-107.3650769483203,48.02612994200208],[-107.36506427106667,48.02614359998549],[-107.36505013807128,48.02612608559118],[-107.36501645046535,48.026117844622895],[-107.36500274036699,48.02610914649492],[-107.36500858489337,48.02609117495249],[-107.36474783841625,48.02621266747465],[-107.36475544776098,48.026234858115465],[-107.36478950132724,48.02625200223006],[-107.36482965561457,48.02625565386667],[-107.36518463268128,48.02615457024345],[-107.3651037017915,48.02613388514807]],[[-107.36500351713717,48.026127023488215],[-107.3649696749246,48.02611428762613],[-107.36497738583404,48.02613646243378],[-107.36500351713717,48.026127023488215]]]}]}"
00000000000000000121,11089,0,0,0,"{""type"":""MultiPolygon"",""coordinates"":[[[[-107.36506079421278,48.02606778641448],[-107.36506726086351,48.02606319698351],[-107.3650670047898,48.02605871788258],[-107.3650599159853,48.02604992521303],[-107.36503941780514,48.02603698450492],[-107.36500635241936,48.02604212564026],[-107.36506079421278,48.02606778641448]]],[[[-107.36500635241936,48.02604212564026],[-107.36466875610284,48.02608479888474],[-107.36467011008567,48.02611598702396],[-107.36472646227124,48.026181865403295],[-107.36474783841625,48.02621266747465],[-107.36500858489337,48.02609117495249],[-107.36500821882468,48.02608227194733],[-107.3650007193314,48.02606450529476],[-107.36500635241936,48.02604212564026]]]]}"
00000000000000000125,11090,0,0,0,"{""type"":""Polygon"",""coordinates"":[[[-107.36499760866758,48.02599759482227],[-107.3646823587213,48.02594602598094],[-107.36466362541854,48.02597324722036],[-107.3646639914051,48.02598215021036],[-107.3646648694406,48.02600001139716],[-107.36466647944886,48.02603567858675],[-107.36466772347046,48.026062442795464],[-107.36466875610284,48.02608479888474],[-107.36503941780514,48.02603698450492],[-107.36499760866758,48.02599759482227]]]}"
0000000000000000011a,11091,0,0,0,"{""type"":""Polygon"",""coordinates"":[[[-107.36498207686967,48.02594882144593],[-107.36484478588609,48.02585781863406],[-107.36479298751959,48.025890180897925],[-107.36475382169748,48.02590881430069],[-107.3647264911267,48.02589155997366],[-107.36471355785325,48.02590073875874],[-107.36468856934086,48.025936957493606],[-107.3646823587213,48.02594602598094],[-107.36499760866758,48.02599759482227],[-107.36498207686967,48.02594882144593]]]}"
0000000000000000011b,11092,0,0,0,"{""type"":""Polygon"",""coordinates"":[[[-107.36512824049228,48.02565098813649],[-107.36509833094709,48.02572311025499],[-107.36505828709335,48.02572388262794],[-107.36503841123526,48.0257243240094],[-107.36501342308401,48.025760542697654],[-107.36500053452454,48.02576979246824],[-107.36498847952346,48.02579683237741],[-107.36495515830465,48.0257974943866],[-107.36484478588609,48.02585781863406],[-107.36498207686967,48.02594882144593],[-107.36514862850188,48.02565950486881],[-107.36512824049228,48.02565098813649]]]}"
0000000000000000010d,11093,0,0,0,"{""type"":""Polygon"",""coordinates"":[[[-107.36519505768374,48.0258014870863],[-107.36512793898108,48.02578948440963],[-107.36510092966427,48.02578106221351],[-107.36514521610209,48.02573109104347],[-107.36516218384101,48.025663708066794],[-107.36514862850188,48.02565950486881],[-107.36498207686967,48.02594882144593],[-107.36499760866758,48.02599759482227],[-107.36503941780514,48.02603698450492],[-107.3650599159853,48.02604992521303],[-107.36506622798666,48.02604084091397],[-107.36506601654932,48.02603643278702],[-107.36507269463208,48.02603625148513],[-107.3652018903979,48.0258058006256],[-107.36519505768374,48.0258014870863]]]}"
0000000000000000011d,11094,0,0,0,"{""type"":""MultiPolygon"",""coordinates"":[[[[-107.36506622798666,48.02604084091397],[-107.3650599159853,48.02604992521303],[-107.3650670047898,48.02605871788258],[-107.36507347143854,48.02605412845203],[-107.36506622798666,48.02604084091397]]],[[[-107.36524241056362,48.025818355020895],[-107.36520872311412,48.02581011416473],[-107.3652018903979,48.0258058006256],[-107.36507269463208,48.02603625148513],[-107.36509183848429,48.026018004101296],[-107.36512505852158,48.02601735780598],[-107.36515165727589,48.02601680606426],[-107.36518493412427,48.026016073005216],[-107.36527223009008,48.02603218431765],[-107.36524241056362,48.025818355020895]]]]}"
00000000000000000118,11095,0,0,0,"{""type"":""Polygon"",""coordinates"":[[[-107.36524913325606,48.025818244679826],[-107.36524241056362,48.025818355020895],[-107.36527223009008,48.02603218431765],[-107.36527890818647,48.026032003001056],[-107.3653454052203,48.02603062352199],[-107.36539860287934,48.02602951990473],[-107.36547865554574,48.02603234351804],[-107.36554431889316,48.026013173690146],[-107.36524913325606,48.025818244679826]]]}"
00000000000000000114,11096,0,0,0,"{""type"":""Polygon"",""coordinates"":[[[-107.36538760470366,48.025788611337155],[-107.36536882722285,48.02581576164928],[-107.36534259470493,48.02582521640352],[-107.36530978554481,48.02583483669953],[-107.36527609804052,48.02582659586583],[-107.36524913325606,48.025818244679826],[-107.36554431889316,48.026013173690146],[-107.36555761832707,48.026012897760594],[-107.36563539315075,48.02596660106024],[-107.36566121491626,48.02594817224998],[-107.36538760470366,48.025788611337155]]]}"
00000000000000000117,11097,0,0,0,"{""type"":""Polygon"",""coordinates"":[[[-107.36549745580109,48.02571488877705],[-107.36545953483026,48.02576028642808],[-107.36541963684648,48.0257611141583],[-107.36538734858902,48.02578413226165],[-107.36538760470366,48.025788611337155],[-107.36566121491626,48.02594817224998],[-107.36568014704412,48.02592551667033],[-107.3656992460284,48.02590719823804],[-107.36549745580109,48.02571488877705]]]}"
00000000000000000115,11098,0,0,0,"{""type"":""Polygon"",""coordinates"":[[[-107.36566358100603,48.02585438752304],[-107.36568194748222,48.02581826321159],[-107.36569524686581,48.02581798726524],[-107.36565352499491,48.0256356937671],[-107.36563985945348,48.0256270667837],[-107.36562718251662,48.025640724702235],[-107.36561424942845,48.02564990356017],[-107.36558081804452,48.02564614192531],[-107.365547752886,48.025651283203295],[-107.3655102428613,48.025705654721925],[-107.36549745580109,48.02571488877705],[-107.3656992460284,48.02590719823804],[-107.36571192304976,48.02589354023825],[-107.3657113006532,48.02588015819197],[-107.36566358100603,48.02585438752304]]]}"
00000000000000000197,11099,0,0,0,"{""type"":""MultiPolygon"",""coordinates"":[[[[-107.3657113006532,48.02588015819197],[-107.36571192304976,48.02589354023825],[-107.36571838963484,48.0258889507803],[-107.3657113006532,48.02588015819197]]],[[[-107.36567354699915,48.025635307457016],[-107.36566061391773,48.0256444863201],[-107.36565352499491,48.0256356937671],[-107.36569524686581,48.02581798726524],[-107.3657675879599,48.02579863602651],[-107.36579382047502,48.025789181160796],[-107.36581990691897,48.02577967108955],[-107.36583284003449,48.0257704921804],[-107.36587879383387,48.02575610090405],[-107.36567354699915,48.025635307457016]]]]}"
000000000000000001a9,11100,0,0,0,"{""type"":""Polygon"",""coordinates"":[[[-107.36570511121768,48.025598923124754],[-107.36569181191106,48.02559919906936],[-107.3656793911479,48.025617336046075],[-107.36567354699915,48.025635307457016],[-107.36587879383387,48.02575610090405],[-107.36588526038484,48.02575151144775],[-107.36592329112273,48.02571053751044],[-107.36594765611716,48.025660936650176],[-107.36595371170385,48.025647373305524],[-107.36570511121768,48.025598923124754]]]}"
00000000000000000105,11101,0,0,0,"{""type"":""Polygon"",""coordinates"":[[[-107.36596063135349,48.025508782866304],[-107.36570511121768,48.025598923124754],[-107.36595371170385,48.025647373305524],[-107.36595831075306,48.025602637930334],[-107.36597579816625,48.02554865273558],[-107.36596063135349,48.025508782866304]]]}"
0000000000000000010e,11102,0,0,0,"{""type"":""Polygon"",""coordinates"":[[[-107.36595343223743,48.02549556651238],[-107.36592595496398,48.02547825748027],[-107.36588403492813,48.025434444782256],[-107.36586349195213,48.0254214334359],[-107.36566282518801,48.02554620731574],[-107.36567726782566,48.02557271107265],[-107.36569181191106,48.02559919906936],[-107.36570511121768,48.025598923124754],[-107.36596063135349,48.025508782866304],[-107.36595343223743,48.02549556651238]]]}"
00000000000000000110,11103,0,0,0,"{""type"":""MultiPolygon"",""coordinates"":[[[[-107.36587853413317,48.02531399180148],[-107.36587988918538,48.02534517943686],[-107.36593944251561,48.02533506229857],[-107.3659437853183,48.02528584816316],[-107.36587853413317,48.02531399180148]]],[[[-107.36583580326482,48.02539971633034],[-107.3658029944374,48.02540933670853],[-107.36575476292342,48.025374608228695],[-107.36557241801958,48.025463186752276],[-107.36560626009735,48.02547592224638],[-107.36564056986813,48.025497544857494],[-107.36566282518801,48.02554620731574],[-107.36586349195213,48.0254214334359],[-107.36583580326482,48.02539971633034]]]]}"
00000000000000000116,11104,0,0,0,"{""type"":""MultiPolygon"",""coordinates"":[[[[-107.36568536629893,48.025313486478645],[-107.36569183277733,48.02530889707607],[-107.36548205596306,48.025380237194184],[-107.36548226745485,48.025384645263536],[-107.36548288977757,48.02539802718641],[-107.36550467718104,48.025437802476475],[-107.36557241801958,48.025463186752276],[-107.36575476292342,48.025374608228695],[-107.36570663294809,48.02533986397397],[-107.36569892165795,48.025317689572375],[-107.36568536629893,48.025313486478645]]],[[[-107.36569183277733,48.02530889707607],[-107.36569892165795,48.025317689572375],[-107.36574565201953,48.025321175201995],[-107.36581266045,48.025328753508546],[-107.36583734690427,48.02528798493234],[-107.36588981118832,48.0252690753608],[-107.36587853413317,48.02531399180148],[-107.3659437853183,48.02528584816316],[-107.36594921833493,48.02525890303461],[-107.36591454217074,48.02522837778456],[-107.36577048458605,48.02528046184754],[-107.36576401811696,48.02528505125267],[-107.36576376195325,48.025280572222535],[-107.36569183277733,48.02530889707607]]]]}"
0000000000000000010a,11105,0,0,0,"{""type"":""MultiPolygon"",""coordinates"":[[[[-107.36568841131414,48.0252329980317],[-107.36568680026487,48.02519733143304],[-107.36543201482779,48.025305276097534],[-107.36543925832363,48.02531856341998],[-107.36548205596306,48.025380237194184],[-107.36576376195325,48.025280572222535],[-107.36568841131414,48.0252329980317]]],[[[-107.36583981376846,48.025194185630355],[-107.36583309114624,48.02519429600976],[-107.36580685906398,48.0252037507677],[-107.36577048458605,48.02528046184754],[-107.36591454217074,48.02522837778456],[-107.36590046573282,48.02521077708645],[-107.36584033480007,48.02520758326968],[-107.36583981376846,48.025194185630355]],[[-107.36582724714893,48.02521226728091],[-107.36584080250978,48.025216470346386],[-107.36584033480007,48.02520758326968],[-107.36582724714893,48.02521226728091]]]]}"
0000000000000000010c,11106,0,0,0,"{""type"":""Polygon"",""coordinates"":[[[-107.36560524829524,48.02516326524334],[-107.3653470869741,48.025195381565645],[-107.3653618867659,48.02522634845921],[-107.36539609466062,48.02524798683657],[-107.36542357136648,48.025265295958825],[-107.36543201482779,48.025305276097534],[-107.36568680026487,48.02519733143304],[-107.36568617786345,48.02518394956483],[-107.36560524829524,48.02516326524334]]]}"
00000000000000000124,11107,0,0,0,"{""type"":""Polygon"",""coordinates"":[[[-107.36548104512487,48.0250675807373],[-107.36546821366049,48.02507674369942],[-107.36544239250344,48.025095172135195],[-107.36542237083934,48.02509555838434],[-107.36540481706439,48.025002145656885],[-107.36535668804902,48.0249674014494],[-107.36534390987289,48.02498107492383],[-107.36533548761439,48.02508842124936],[-107.36528275891276,48.02509841183941],[-107.36528316969863,48.0251073856447],[-107.36533714296309,48.02512415875891],[-107.36533988817416,48.0251821652368],[-107.3653470869741,48.025195381565645],[-107.36560524829524,48.02516326524334],[-107.36548104512487,48.0250675807373]]]}"
0000000000000000010b,11108,0,0,0,"{""type"":""MultiPolygon"",""coordinates"":[[[[-107.3653965851543,48.02496657378027],[-107.36537594127677,48.02495357820284],[-107.36535668804902,48.0249674014494],[-107.36540481706439,48.025002145656885],[-107.3653965851543,48.02496657378027]]],[[[-107.36557796102836,48.02500303787929],[-107.3655584516648,48.025012382171084],[-107.36554453023543,48.02499927626328],[-107.36551109946168,48.02499551463539],[-107.36553309821106,48.02503969765684],[-107.36548104512487,48.0250675807373],[-107.36560524829524,48.02516326524334],[-107.36568617786345,48.02518394956483],[-107.36567872276387,48.0251662542472],[-107.36572379719861,48.025134002357284],[-107.36573673008344,48.02512482358024],[-107.36557796102836,48.02500303787929]]]]}"
00000000000000000108,11109,0,0,0,"{""type"":""MultiPolygon"",""coordinates"":[[[[-107.36583309114624,48.02519429600976],[-107.36583981376846,48.025194185630355],[-107.36583955759491,48.02518970660843],[-107.36583309114624,48.02519429600976]]],[[[-107.36568097684928,48.02492500284085],[-107.36566778787935,48.02492970257293],[-107.36567476659647,48.02493407120775],[-107.36567653237809,48.02497423240168],[-107.36566307857103,48.02497001355851],[-107.36562395845495,48.024988717932345],[-107.36558442745442,48.02499844851255],[-107.36557796102836,48.02500303787929],[-107.36573673008344,48.02512482358024],[-107.36581465761827,48.02508302235558],[-107.36568097684928,48.02492500284085]]]]}"
00000000000000000111,11110,0,0,0,"{""type"":""Polygon"",""coordinates"":[[[-107.36570890731169,48.02480831256611],[-107.36569597454191,48.02481749128093],[-107.36565695602067,48.02483617983873],[-107.3656709875453,48.024853709483416],[-107.36568682084831,48.024907031677294],[-107.36568744325554,48.02492041347449],[-107.36568097684928,48.02492500284085],[-107.36581465761827,48.02508302235558],[-107.36585356628707,48.0250599098275],[-107.36587292091403,48.025046070686415],[-107.36591891843352,48.02503175058373],[-107.36592528342214,48.02502717696271],[-107.36570890731169,48.02480831256611]]]}"
0000000000000000010f,11111,0,1,0,"{""type"":""Polygon"",""coordinates"":[[[-107.36584986514222,48.02483220628745],[-107.36583693237792,48.024841385025354],[-107.3658104890183,48.024846431691465],[-107.36577639117552,48.02482921742116],[-107.36580883319175,48.02481069439198],[-107.36574693709922,48.02476733946178],[-107.36573426051139,48.02478099716113],[-107.36570890731169,48.02480831256611],[-107.36592528342214,48.02502717696271],[-107.36594489420713,48.02501781682272],[-107.36599809075514,48.02501671292221],[-107.3660043009675,48.02500764452105],[-107.36610386137846,48.025001123215766],[-107.36584986514222,48.02483220628745]]]}"
00000000000000000107,11112,0,0,0,"{""type"":""MultiPolygon"",""coordinates"":[[[[-107.36572968135924,48.02453543414693],[-107.36572342655317,48.02454443147761],[-107.36572280412517,48.024531049777345],[-107.36570877267397,48.02451352024653],[-107.36568290734922,48.02453187756706],[-107.36564279907257,48.024528297343196],[-107.36571116094261,48.02456706282154],[-107.36578562306516,48.024592336188434],[-107.36572968135924,48.02453543414693]]],[[[-107.36616837925071,48.02495517400291],[-107.36600137616296,48.024797817756216],[-107.36596169053624,48.024803053694114],[-107.36591548175483,48.02481296572829],[-107.36585607534501,48.02482313792813],[-107.36584986514222,48.02483220628745],[-107.36610386137846,48.025001123215766],[-107.3661236269274,48.02499625781884],[-107.36613718229046,48.025000460824984],[-107.3661496026577,48.02498232401289],[-107.36617583459169,48.02497286920491],[-107.36616837925071,48.02495517400291]]],[[[-107.36588980443668,48.024688405777525],[-107.36588322796366,48.024688571356215],[-107.36583847581885,48.02472965482501],[-107.36577135832233,48.02471765281435],[-107.36575920277137,48.02474470802504],[-107.36574678235931,48.02476284470528],[-107.36574693709922,48.02476733946178],[-107.36580883319175,48.02481069439198],[-107.36584127518651,48.02479217135892],[-107.36585358546097,48.02476961087021],[-107.36586647355985,48.02476036117344],[-107.365891460349,48.024724142989875],[-107.36591143727601,48.02472368567812],[-107.36592473630041,48.02472340971482],[-107.36588980443668,48.024688405777525]]]]}"
00000000000000000113,11113,0,0,0,"{""type"":""GeometryCollection"",""geometries"":[{""type"":""LineString"",""coordinates"":[[-107.36598920127368,48.02467744933539],[-107.36599605744564,48.02468177450422]]},{""type"":""Polygon"",""coordinates"":[[[-107.36571513757836,48.02450894668691],[-107.36570877267397,48.02451352024653],[-107.36572280412517,48.024531049777345],[-107.36571513757836,48.02450894668691]]]},{""type"":""Polygon"",""coordinates"":[[[-107.36594387917673,48.02470516264352],[-107.36593679032059,48.02469637026768],[-107.36588980443668,48.024688405777525],[-107.36592473630041,48.02472340971482],[-107.36598418721242,48.024713308465046],[-107.36599608642233,48.024681774268316],[-107.36594387917673,48.02470516264352]]]},{""type"":""Polygon"",""coordinates"":[[[-107.36577625602062,48.02453442499698],[-107.3657555020406,48.02451700584301],[-107.36573548062111,48.02451739214712],[-107.36572968135924,48.02453543414693],[-107.36578562306516,48.024592336188434],[-107.36590071490586,48.02463458713052],[-107.36592809015347,48.02465191167676],[-107.36595468815739,48.02465135974559],[-107.36578996587623,48.0245431227586],[-107.36577625602062,48.02453442499698]],[[-107.36577004585929,48.02454349330003],[-107.36577703321349,48.0245523014351],[-107.36578996587623,48.0245431227586],[-107.36577004585929,48.02454349330003]]]},{""type"":""Polygon"",""coordinates"":[[[-107.36611257895541,48.024755283254514],[-107.36608639182032,48.02476480897159],[-107.36605353890437,48.024774358334994],[-107.36602114159207,48.02479295240238],[-107.36600137616296,48.024797817756216],[-107.36616837925071,48.02495517400291],[-107.3661667230801,48.02491943664406],[-107.36619817615613,48.02487862887792],[-107.36619046459838,48.02485645471821],[-107.36621602920164,48.024833547184194],[-107.36622275178624,48.02483343677964],[-107.36611257895541,48.024755283254514]]]}]}"
00000000000000000102,11114,0,0,0,"{""type"":""MultiPolygon"",""coordinates"":[[[[-107.3657555020406,48.02451700584301],[-107.36577625602062,48.02453442499698],[-107.36576880096906,48.02451672990489],[-107.3657555020406,48.02451700584301]]],[[[-107.36577625602062,48.02453442499698],[-107.36595468815739,48.02465135974559],[-107.3659821648826,48.02466866850973],[-107.36598925374841,48.024677460877314],[-107.36599608642233,48.024681774268316],[-107.36602889461057,48.024672153974066],[-107.36615008725393,48.02470091253182],[-107.36613756557006,48.02471906501472],[-107.36611257895541,48.024755283254514],[-107.36622275178624,48.02483343677964],[-107.36630797913732,48.02480483578966],[-107.36633312046628,48.0247731122213],[-107.3662999011136,48.02477375890266],[-107.36631919872475,48.02476000649393],[-107.36586773735691,48.02449682725544],[-107.3657548796003,48.0245036241503],[-107.3657684346924,48.0245078271759],[-107.36576880096906,48.02451672990489],[-107.36580201990431,48.02451608342142],[-107.36577625602062,48.02453442499698]]]]}"
00000000000000000101,11115,0,0,0,"{""type"":""Polygon"",""coordinates"":[[[-107.3660596562485,48.024470568937915],[-107.3659602074378,48.02448151385517],[-107.36586773735691,48.02449682725544],[-107.36631919872475,48.02476000649393],[-107.36632566506775,48.024755417100586],[-107.36633296565469,48.024768617467075],[-107.36633312046628,48.0247731122213],[-107.36635288591185,48.02476824680092],[-107.36637286295984,48.02476778938951],[-107.3664117711755,48.024744676785566],[-107.36644395677752,48.02472167459709],[-107.3660596562485,48.024470568937915]]]}"
000000000000000000f6,11116,0,0,0,"{""type"":""Polygon"",""coordinates"":[[[-107.3662980486593,48.02444331661128],[-107.36617189163871,48.02445039001011],[-107.3660596562485,48.024470568937915],[-107.36644395677752,48.02472167459709],[-107.3664967867327,48.024711667672904],[-107.36653652920903,48.024706344779915],[-107.3662980486593,48.02444331661128]]]}"
00000000000000000106,11117,0,0,0,"{""type"":""Polygon"",""coordinates"":[[[-107.36647269343848,48.024475449524004],[-107.36637059878964,48.02442837347519],[-107.3662980486593,48.02444331661128],[-107.36653652920903,48.024706344779915],[-107.36654961669036,48.02470166072143],[-107.36665460920801,48.024668194046555],[-107.36647269343848,48.024475449524004]]]}"
00000000000000000112,11118,0,0,0,"{""type"":""MultiPolygon"",""coordinates"":[[[[-107.36686049042648,48.024512067572836],[-107.36686111327143,48.02452544925026],[-107.36690105517836,48.02452469192667],[-107.36690747680862,48.0245200315475],[-107.36686049042648,48.024512067572836]]],[[[-107.36675575459667,48.02455001332466],[-107.36676801970903,48.02452738186704],[-107.36676718524565,48.02450959219859],[-107.3667802280211,48.0245048371588],[-107.36647269343848,48.024475449524004],[-107.36665460920801,48.024668194046555],[-107.3667202703359,48.02464902396912],[-107.36688900179665,48.02455173139014],[-107.3668689801168,48.02455211793796],[-107.36681656144233,48.02457109873096],[-107.36678334209924,48.0245717455772],[-107.36677004300797,48.02457202166057],[-107.36675674391849,48.024572297742054],[-107.36674344483077,48.02457257382165],[-107.36669139263564,48.02460045728797],[-107.36667772705063,48.02459183062443],[-107.36668378220713,48.02457826752178],[-107.36675575459667,48.02455001332466]],[[-107.36674183271606,48.02453690771812],[-107.36671472200216,48.02452850194953],[-107.3667087682894,48.02454204926914],[-107.36674183271606,48.02453690771812]],[[-107.36669546921928,48.02454232534145],[-107.3667091347941,48.024550951994556],[-107.3667087682894,48.02454204926914],[-107.36669546921928,48.02454232534145]],[[-107.36668341570898,48.02456936479145],[-107.36667022684843,48.02457406462678],[-107.36668378220713,48.02457826752178],[-107.36668341570898,48.02456936479145]]]]}"
00000000000000000100,11119,1,0,1,"{""type"":""Polygon"",""coordinates"":[[[-107.36681747903711,48.024445987507654],[-107.36681126907399,48.02445505585782],[-107.36677846099816,48.024464676377164],[-107.36677721536628,48.024437913054285],[-107.36646755697596,48.02436390153513],[-107.36637059878964,48.02442837347519],[-107.36647269343848,48.024475449524004],[-107.3667802280211,48.0245048371588],[-107.36685153278567,48.024463130298486],[-107.36686571100074,48.02448071482458],[-107.36685965591768,48.024494277911565],[-107.3668669566957,48.024507478166605],[-107.36686049042648,48.024512067572836],[-107.36690747680862,48.0245200315475],[-107.36695222803313,48.02447894776745],[-107.36681747903711,48.024445987507654]]]}"
000000000000000000fd,11120,0,0,0,"{""type"":""Polygon"",""coordinates"":[[[-107.36694223618649,48.024407655215114],[-107.36691626094554,48.024421589070435],[-107.36690233902688,48.02440848352036],[-107.36688195087244,48.02439996736856],[-107.3668815843235,48.024391064670624],[-107.36657714650094,48.024285700939565],[-107.36655738129767,48.02429056635516],[-107.36648628840786,48.024336680828085],[-107.36646755697596,48.02436390153513],[-107.36677721536628,48.024437913054285],[-107.36676997142399,48.02442462606805],[-107.36682978871865,48.024423427057904],[-107.36681747903711,48.024445987507654],[-107.36695222803313,48.02447894776745],[-107.36697111417101,48.02445622163443],[-107.36698301257219,48.024424687490665],[-107.36694223618649,48.024407655215114]]]}"
000000000000000000f7,11121,0,0,0,"{""type"":""MultiPolygon"",""coordinates"":[[[[-107.36694223618649,48.024407655215114],[-107.36698301257219,48.024424687490665],[-107.36700090918977,48.02437967703791],[-107.36694223618649,48.024407655215114]]],[[[-107.36713727957714,48.02415800769844],[-107.3671708652983,48.02416626339602],[-107.36724988141711,48.02414673028491],[-107.367249514775,48.02413782763385],[-107.36713727957714,48.02415800769844]]],[[[-107.3666094330584,48.02426268313787],[-107.36657714650094,48.024285700939565],[-107.3668815843235,48.024391064670624],[-107.36688742771149,48.02437309363281],[-107.36685374055342,48.024364853575264],[-107.36690454664381,48.02431020690248],[-107.36693511939679,48.02425153885253],[-107.36701211199633,48.0241873664114],[-107.36701190031215,48.02418295845121],[-107.3666094330584,48.02426268313787]]]]}"
000000000000000000ff,11122,0,0,0,"{""type"":""Polygon"",""coordinates"":[[[-107.36711097510353,48.0240200681944],[-107.36681983763772,48.02391442982244],[-107.36671459098059,48.023943417231564],[-107.36666208969316,48.02410529729694],[-107.36666876754003,48.0241051158965],[-107.36665712532438,48.02414112873781],[-107.36665024797796,48.02413674447071],[-107.3666094330584,48.02426268313787],[-107.36701190031215,48.02418295845121],[-107.36704367400726,48.02415098270146],[-107.36713727957714,48.02415800769844],[-107.367249514775,48.02413782763385],[-107.36724102468817,48.024097777629756],[-107.36725385560857,48.02408861461555],[-107.36711097510353,48.0240200681944]]]}"
000000000000000000fa,11123,0,0,0,"{""type"":""Polygon"",""coordinates"":[[[-107.36647656745882,48.02397957290259],[-107.36640422978968,48.0239989239166],[-107.36655738129767,48.02429056635516],[-107.36657714650094,48.024285700939565],[-107.3666094330584,48.02426268313787],[-107.36665024797796,48.02413674447071],[-107.36659533890196,48.02410219865084],[-107.36662887082086,48.024105944071906],[-107.36666208969316,48.02410529729694],[-107.36671459098059,48.023943417231564],[-107.36647656745882,48.02397957290259]],[[-107.36665840979417,48.024024921171204],[-107.36661752390876,48.02400346515111],[-107.36660687094042,48.024061762119516],[-107.36663243481095,48.02403885484106],[-107.36665840979417,48.024024921171204]]]}"
000000000000000000fe,11124,1,0,1,"{""type"":""Polygon"",""coordinates"":[[[-107.36645844507552,48.024310469633996],[-107.36648628840786,48.024336680828085],[-107.36655738129767,48.02429056635516],[-107.36640422978968,48.0239989239166],[-107.36633810206565,48.02400920664027],[-107.36630690616289,48.024054492671695],[-107.36632528428326,48.024165850748055],[-107.36645120129282,48.02429718265198],[-107.36645756611915,48.02429260906394],[-107.36647174402927,48.024310193598744],[-107.36645844507552,48.024310469633996]],[[-107.36648504298478,48.02430991756161],[-107.36649834194208,48.02430964152258],[-107.36649125297689,48.02430084925701],[-107.36648504298478,48.02430991756161]],[[-107.36647174402927,48.024310193598744],[-107.36647898782302,48.02432348058225],[-107.36648504298478,48.02430991756161],[-107.36647174402927,48.024310193598744]]]}"
000000000000000000fb,11125,1,0,1,"{""type"":""Polygon"",""coordinates"":[[[-107.36645844507552,48.024310469633996],[-107.36642512466813,48.024311132114946],[-107.36645120129282,48.02429718265198],[-107.36632528428326,48.024165850748055],[-107.36624540582912,48.0243104069969],[-107.36629176886628,48.02430498962703],[-107.36629250167992,48.02432279500685],[-107.36625907115152,48.02431903368234],[-107.36623930595876,48.02432389903516],[-107.36622104221807,48.02436000661707],[-107.36629353536506,48.024345150308356],[-107.3662808590598,48.0243588079626],[-107.36625447276478,48.024363767957325],[-107.36624220747487,48.024386399282925],[-107.36622207585822,48.02438236193638],[-107.36620231063434,48.02438722728825],[-107.36617189163871,48.02445039001011],[-107.3662980486593,48.02444331661128],[-107.36637059878964,48.02442837347519],[-107.36646755697596,48.02436390153513],[-107.36648628840786,48.024336680828085],[-107.36645844507552,48.024310469633996]],[[-107.36646590048085,48.02432816459367],[-107.36644551256761,48.024319648355956],[-107.36645322422082,48.02434182226514],[-107.36646590048085,48.02432816459367]],[[-107.36633849833207,48.02430847492279],[-107.36632494315961,48.024304271995895],[-107.36633228831192,48.024317543219524],[-107.36633849833207,48.02430847492279]]]}"
00000000000000000130,11126,0,0,0,"{""type"":""MultiPolygon"",""coordinates"":[[[[-107.36620649806372,48.02433351932996],[-107.3662137417451,48.02434680634228],[-107.36620774328186,48.02436028261734],[-107.36622104221807,48.02436000661707],[-107.36623930595876,48.02432389903516],[-107.36620649806372,48.02433351932996]]],[[[-107.36630690616289,48.024054492671695],[-107.36624243467287,48.02410051211114],[-107.3659602074378,48.02448151385517],[-107.3660596562485,48.024470568937915],[-107.36617189163871,48.02445039001011],[-107.36620231063434,48.02438722728825],[-107.36618875547012,48.02438302433555],[-107.36617085803157,48.02442803466034],[-107.36615072641663,48.02442399729554],[-107.3661355597213,48.02438412830824],[-107.36608148523045,48.024367371646946],[-107.36608779672748,48.024358287585606],[-107.36614720247341,48.02434811534937],[-107.3661331708161,48.024330585947226],[-107.36611961569008,48.02432638298833],[-107.36611174947804,48.024299714338134],[-107.36618512128321,48.024302718706714],[-107.36621234172144,48.02431554834624],[-107.36624540582912,48.0243104069969],[-107.36632528428326,48.024165850748055],[-107.36630690616289,48.024054492671695]],[[-107.3661242142226,48.02428164874809],[-107.36612483680261,48.02429503037807],[-107.3661377246969,48.02428578073395],[-107.3661242142226,48.02428164874809]]]]}"
00000000000000000104,11127,0,0,0,"{""type"":""Polygon"",""coordinates"":[[[-107.36577438867785,48.02449427991667],[-107.365759844871,48.024467792484934],[-107.36572600356308,48.024455057270984],[-107.36572802559488,48.02449969705696],[-107.3657548796003,48.0245036241503],[-107.36586773735691,48.02449682725544],[-107.3659602074378,48.02448151385517],[-107.36624243467287,48.02410051211114],[-107.365953604291,48.02419131275157],[-107.36596110403316,48.024209078686994],[-107.3659818580002,48.024226497694194],[-107.36597564793367,48.02423556595478],[-107.36600933445325,48.024243806316875],[-107.36598972409777,48.024253166320634],[-107.36599717923278,48.02427086130426],[-107.36599118072077,48.02428433754743],[-107.36599842430017,48.02429762456613],[-107.36599221422291,48.024306692840376],[-107.36599992556539,48.024328866788444],[-107.36595047379149,48.024414700099314],[-107.3659166770295,48.02440203593736],[-107.36590782215802,48.024353082872864],[-107.36588717830229,48.024340087557455],[-107.36587247968683,48.024309105505374],[-107.36584650442853,48.024323039044866],[-107.36582564908366,48.024305635745606],[-107.3658209400861,48.02434594625009],[-107.3658214611303,48.02435934367193],[-107.3658015412051,48.024359714216274],[-107.36579548583076,48.02437327721203],[-107.36582519593523,48.02443963365134],[-107.36580708655899,48.024480235975474],[-107.36577438867785,48.02449427991667]],[[-107.36580708655899,48.024480235975474],[-107.36581417533834,48.02448902832653],[-107.36582696191329,48.02447979445786],[-107.36580708655899,48.024480235975474]]]}"
000000000000000000f5,11128,0,0,0,"{""type"":""MultiPolygon"",""coordinates"":[[[[-107.36538984159986,48.02423869347772],[-107.3654047512026,48.02427408355088],[-107.36542554944914,48.02429157367883],[-107.36541690677423,48.02424702862807],[-107.36542275074346,48.0242290577143],[-107.36538984159986,48.02423869347772]]],[[[-107.36629758294012,48.023996653116114],[-107.36629111673699,48.024001242437436],[-107.36628454035792,48.0240014080391],[-107.36626477533565,48.024006273363305],[-107.36627822896439,48.02401049204878],[-107.3662456329422,48.02402452024263],[-107.36623833251205,48.02401132005329],[-107.36621210127777,48.02402077468681],[-107.36622064693769,48.024060738014164],[-107.36617366163186,48.02405277374531],[-107.36618571523789,48.02402573462407],[-107.36585703373075,48.02411743376269],[-107.36587054407742,48.02412156577649],[-107.36594656015373,48.02418259142988],[-107.365953604291,48.02419131275157],[-107.36624243467287,48.02410051211114],[-107.36630690616289,48.024054492671695],[-107.36633810206565,48.02400920664027],[-107.36629758294012,48.023996653116114]]]]}"
00000000000000000136,11129,0,0,0,"{""type"":""GeometryCollection"",""geometries"":[{""type"":""Point"",""coordinates"":[-107.366297588398,48.02399666092385]},{""type"":""Polygon"",""coordinates"":[[[-107.36620423503342,48.02399410620085],[-107.36620511387353,48.02401196667425],[-107.36621194647479,48.02401627999683],[-107.36621210127777,48.02402077468681],[-107.36623833251205,48.02401132005329],[-107.36623083264462,48.02399355420993],[-107.36620423503342,48.02399410620085]]]},{""type"":""Polygon"",""coordinates"":[[[-107.36551195336294,48.024142342082236],[-107.36553125074416,48.02412859000405],[-107.36553088451953,48.024119687338896],[-107.36549135448122,48.024129417694596],[-107.36548638904571,48.02416524911842],[-107.36553984025721,48.02416862446369],[-107.36551195336294,48.024142342082236]]]},{""type"":""Polygon"",""coordinates"":[[[-107.3653602339614,48.024172321361846],[-107.36537488738925,48.024203232456045],[-107.36538984159986,48.02423869347772],[-107.36542275074346,48.0242290577143],[-107.36544127114779,48.02419742930014],[-107.36544039268615,48.02417956874679],[-107.36543961564715,48.02416169242943],[-107.36543899331534,48.02414831082281],[-107.3653602339614,48.024172321361846]]]},{""type"":""Polygon"",""coordinates"":[[[-107.36621680105125,48.02397602493726],[-107.36623083264462,48.02399355420993],[-107.36626477533565,48.024006273363305],[-107.36628454035792,48.0240014080391],[-107.3662840278883,48.02399245020543],[-107.36629732670366,48.02399217419957],[-107.36627708510328,48.02398371317203],[-107.36627098530788,48.02399720512613],[-107.36623652141564,48.023971088657596],[-107.36621680105125,48.02397602493726]]]},{""type"":""Polygon"",""coordinates"":[[[-107.36584332399565,48.0241087360784],[-107.36585703373075,48.02411743376269],[-107.36618571523789,48.02402573462407],[-107.36619218145096,48.02402114530747],[-107.3661717938234,48.02401262905425],[-107.36619031362022,48.02398100064161],[-107.36621680105125,48.02397602493726],[-107.36620221238547,48.02394946687208],[-107.3662086785835,48.02394487756143],[-107.36618109201981,48.02392314538007],[-107.36569517008893,48.02407162658721],[-107.36570225876517,48.024080418880466],[-107.36570277977208,48.02409381623589],[-107.36572415593655,48.02412461685937],[-107.36576430846294,48.02412826800052],[-107.36575669873298,48.024106078343294],[-107.36576948517279,48.024096844553334],[-107.36577595142032,48.02409225525771],[-107.36584332399565,48.0241087360784]],[[-107.36577558513568,48.02408335260121],[-107.3657625425314,48.02408810746157],[-107.36577595142032,48.02409225525771],[-107.36577558513568,48.02408335260121]]]}]}"
000000000000000000f4,11130,0,0,0,"{""type"":""MultiPolygon"",""coordinates"":[[[[-107.36544260404806,48.02408129249765],[-107.36533110266154,48.02411927571649],[-107.3653450236856,48.02413238144509],[-107.3653454345,48.02414135508366],[-107.3653602339614,48.024172321361846],[-107.36543899331534,48.02414831082281],[-107.36545792450427,48.024125656090476],[-107.36544260404806,48.02408129249765]]],[[[-107.36615324927625,48.02389693428958],[-107.36607801058052,48.02385378532563],[-107.36605141311246,48.023854337269015],[-107.3655342957273,48.02404810338614],[-107.36552922892706,48.02408395052519],[-107.36553010743461,48.024101811043906],[-107.36549740989699,48.02411585478024],[-107.36549135448122,48.024129417694596],[-107.36553088451953,48.024119687338896],[-107.36558293620007,48.02409180477237],[-107.36562232015565,48.0240820191876],[-107.36563488640829,48.02406393796397],[-107.36564818515764,48.024063662049514],[-107.36566691684337,48.024036441652456],[-107.36567400550487,48.02404523394227],[-107.36568808141637,48.0240628342948],[-107.36569517008893,48.02407162658721],[-107.36618109201981,48.02392314538007],[-107.36615324927625,48.02389693428958]]]]}"
00000000000000000109,11131,0,0,0,"{""type"":""Polygon"",""coordinates"":[[[-107.36574275213599,48.02380260812455],[-107.36572542025485,48.023861086133195],[-107.36569360153304,48.023892990309626],[-107.36569396780055,48.023901892934475],[-107.3656539169764,48.02389822600231],[-107.36566270398741,48.02379978473751],[-107.36568225731686,48.023790511626885],[-107.36540712966028,48.02374252714339],[-107.36539548653835,48.023778539604756],[-107.36539621893179,48.023796344822884],[-107.36538379875697,48.0238144811212],[-107.365353379219,48.02387764290532],[-107.3653209380015,48.02389616542959],[-107.36530568381903,48.023999196123675],[-107.36531391551509,48.02403476735562],[-107.3653083276549,48.0240572171236],[-107.36532405873085,48.024110554355794],[-107.36533110266154,48.02411927571649],[-107.36544260404806,48.02408129249765],[-107.36544219320898,48.02407231887043],[-107.36540928420592,48.024081954608086],[-107.36540850717934,48.024064078323526],[-107.36540788485694,48.024050696741426],[-107.36542640516659,48.0240190684404],[-107.36541869426004,48.023996894566444],[-107.36543162675245,48.02398771604011],[-107.36546975721892,48.02394672793746],[-107.36548357683293,48.02395984937245],[-107.36553749540035,48.02397211158178],[-107.3655453611058,48.02399878012494],[-107.3655342957273,48.02404810338614],[-107.36605141311246,48.023854337269015],[-107.36574275213599,48.02380260812455]]]}"
000000000000000000f3,11132,0,0,0,"{""type"":""MultiPolygon"",""coordinates"":[[[[-107.3660541439129,48.023769458927134],[-107.36603334549159,48.023751969114656],[-107.36580638931403,48.023738799864944],[-107.36578119168686,48.02377060939438],[-107.36574212968593,48.02378922661476],[-107.36574275213599,48.02380260812455],[-107.36605141311246,48.023854337269015],[-107.36607801058052,48.02385378532563],[-107.3660541439129,48.023769458927134]]],[[[-107.36543227069365,48.023710804463214],[-107.36543248219023,48.023715212391856],[-107.36543310452842,48.023728593887554],[-107.36540666203868,48.02373364031276],[-107.36540712966028,48.02374252714339],[-107.36568225731686,48.023790511626885],[-107.3656887235118,48.023785922365356],[-107.36571392120361,48.023754112849275],[-107.3657394851378,48.02373120594218],[-107.36543227069365,48.023710804463214]]]]}"
000000000000000000eb,11133,0,0,0,"{""type"":""MultiPolygon"",""coordinates"":[[[[-107.36602552406426,48.023725371714974],[-107.36588798038036,48.02362989529008],[-107.36582263080108,48.02365805369284],[-107.36580411095683,48.02368968184032],[-107.36580602301679,48.02372989726903],[-107.36580638931403,48.023738799864944],[-107.36603334549159,48.023751969114656],[-107.36602552406426,48.023725371714974]]],[[[-107.36573662905505,48.02366877741043],[-107.36569735563452,48.02368298664872],[-107.36567733467655,48.02368337292278],[-107.36565621493702,48.023657051433105],[-107.36563582774471,48.02364853511407],[-107.3656870001161,48.0236027924091],[-107.36567866666141,48.02356723728169],[-107.36571172997095,48.02356209621034],[-107.36570448663306,48.02354880935069],[-107.36567664462572,48.02352259829061],[-107.36567627835683,48.023513695730294],[-107.36566173494685,48.02348720877018],[-107.36565423548251,48.02346944304948],[-107.36552382733684,48.02338282965973],[-107.36548668613513,48.023446101294105],[-107.36548719841444,48.0234550590433],[-107.36547628791872,48.02350887643021],[-107.36546066819287,48.02360300379133],[-107.36544251435853,48.02364353442393],[-107.36543164835541,48.023697422972056],[-107.36543211598354,48.02370630979624],[-107.36543227069365,48.023710804463214],[-107.3657394851378,48.02373120594218],[-107.36574573978439,48.02372220875439],[-107.36573662905505,48.02366877741043]]]]}"
000000000000000000ea,11134,0,0,0,"{""type"":""GeometryCollection"",""geometries"":[{""type"":""LineString"",""coordinates"":[[-107.3656471953335,48.023460689814],[-107.36565425560003,48.02346947724518]]},{""type"":""Polygon"",""coordinates"":[[[-107.36592828723944,48.02363804099754],[-107.36590748897346,48.02362055119774],[-107.36588798038036,48.02362989529008],[-107.36602552406426,48.023725371714974],[-107.3660805173497,48.023617018938374],[-107.36592828723944,48.02363804099754]]]},{""type"":""Polygon"",""coordinates"":[[[-107.365647191558,48.02346072182074],[-107.36563249345335,48.02342974023977],[-107.36563792626767,48.02340279609018],[-107.36562177183826,48.02334064384599],[-107.36560759478586,48.02332305948961],[-107.3655683217507,48.023337268571325],[-107.36552357119228,48.023378350791354],[-107.3655784208337,48.023412983552824],[-107.365647191558,48.02346072182074]],[[-107.36559156461016,48.02340821301521],[-107.3655713323073,48.02340419135879],[-107.3655784208337,48.023412983552824],[-107.36559156461016,48.02340821301521]],[[-107.36558260887955,48.023359276606556],[-107.36557743218928,48.02339069960001],[-107.3655844760804,48.02339942082305],[-107.36561608287087,48.023363109096024],[-107.36558260887955,48.023359276606556]]]}]}"
000000000000000000ef,11135,0,0,0,"{""type"":""MultiPolygon"",""coordinates"":[[[[-107.36624260686591,48.02337694188161],[-107.36620870937857,48.02336429382693],[-107.36620933200805,48.02337767522041],[-107.36623790727157,48.02342169111531],[-107.36625270739785,48.02345265681268],[-107.36626641706546,48.023461354331005],[-107.36624260686591,48.02337694188161]]],[[[-107.36622224901024,48.02365878778336],[-107.36616170930368,48.02364662065975],[-107.36611347937541,48.02361189349058],[-107.3660805173497,48.023617018938374],[-107.36602552406426,48.023725371714974],[-107.36603334549159,48.023751969114656],[-107.3660541439129,48.023769458927134],[-107.36624884638658,48.02365823579694],[-107.36622224901024,48.02365878778336]]]]}"
000000000000000000f2,11136,0,0,0,"{""type"":""Polygon"",""coordinates"":[[[-107.36631508361808,48.02365237691053],[-107.36624884638658,48.02365823579694],[-107.3660541439129,48.023769458927134],[-107.36607801058052,48.02385378532563],[-107.36615324927625,48.02389693428958],[-107.3663230513264,48.0236790294412],[-107.36632217242007,48.023661169084264],[-107.36632180599634,48.02365226650676],[-107.36631508361808,48.02365237691053]]]}"
000000000000000000f8,11137,0,0,0,"{""type"":""MultiPolygon"",""coordinates"":[[[[-107.3663230513264,48.0236790294412],[-107.36615324927625,48.02389693428958],[-107.36618109201981,48.02392314538007],[-107.3662086785835,48.02394487756143],[-107.36623377467654,48.02391308358729],[-107.36627852550956,48.02387200060857],[-107.36631184547146,48.023871338195484],[-107.36633197684756,48.02387537548983],[-107.36635111913301,48.023857128648025],[-107.3663779282974,48.023860984555185],[-107.36641062559099,48.02384694059301],[-107.3663230513264,48.0236790294412]]],[[[-107.36644732413382,48.023922104126356],[-107.36644064633526,48.0239222855095],[-107.36641389388738,48.023918342877515],[-107.36633509016858,48.02394228313678],[-107.366315068935,48.02394266955301],[-107.36627542877385,48.02394797648284],[-107.36627620622725,48.02396585270985],[-107.36627708510328,48.02398371317203],[-107.36629732670366,48.02399217419957],[-107.36629758294012,48.023996653116114],[-107.36633810206565,48.02400920664027],[-107.36640422978968,48.0239989239166],[-107.36647656745882,48.02397957290259],[-107.36644732413382,48.023922104126356]]]]}"
000000000000000000f9,11138,0,0,0,"{""type"":""MultiPolygon"",""coordinates"":[[[[-107.36632217242007,48.023661169084264],[-107.3663230513264,48.0236790294412],[-107.36641062559099,48.02384694059301],[-107.3664172019514,48.02384677498364],[-107.36658873052457,48.02381199982844],[-107.36664155921116,48.02380199303069],[-107.36632217242007,48.023661169084264]]],[[[-107.36681175925763,48.02388335351668],[-107.36681150295728,48.02387887461284],[-107.36669600000971,48.023827651802144],[-107.36666976889163,48.02383710652479],[-107.36664358240562,48.023846632210436],[-107.36661735127572,48.02385608692247],[-107.3665779227511,48.023865801903824],[-107.36653880391118,48.023884506223865],[-107.36644732413382,48.023922104126356],[-107.36647656745882,48.02397957290259],[-107.36671459098059,48.023943417231564],[-107.36681983763772,48.02391442982244],[-107.36681175925763,48.02388335351668]]]]}"
000000000000000000f1,11139,0,0,0,"{""type"":""MultiPolygon"",""coordinates"":[[[[-107.36678773584627,48.023794532632564],[-107.36676771459577,48.023794919142716],[-107.3667679708912,48.023799398039614],[-107.3667349071235,48.0238045395104],[-107.36669600000971,48.023827651802144],[-107.36681150295728,48.02387887461284],[-107.36678773584627,48.023794532632564]]],[[[-107.36678002404498,48.02377235898609],[-107.36675089051595,48.02371931423465],[-107.3663997301338,48.02361046606939],[-107.36640703057031,48.02362366614509],[-107.36633521487936,48.02365641419022],[-107.36632180599634,48.02365226650676],[-107.36632217242007,48.023661169084264],[-107.36664155921116,48.02380199303069],[-107.36672740700917,48.02378677378241],[-107.36674033928988,48.02377759512169],[-107.36678002404498,48.02377235898609]],[[-107.36673971647404,48.02376421363408],[-107.36672678419826,48.02377339229225],[-107.36674033928988,48.02377759512169],[-107.36673971647404,48.02376421363408]],[[-107.36640134196584,48.0236461315541],[-107.36640868704595,48.0236594026067],[-107.36641489692664,48.02365033442268],[-107.36640134196584,48.0236461315541]],[[-107.36637511099184,48.02365558615961],[-107.36638245606196,48.023668857216876],[-107.36638866594903,48.023659789032756],[-107.36637511099184,48.02365558615961]]]]}"
000000000000000000e6,11140,0,0,0,"{""type"":""Polygon"",""coordinates"":[[[-107.36674265735452,48.023683743377916],[-107.36672153661091,48.023657422148354],[-107.36653617097453,48.02353619354793],[-107.36649105427222,48.02356837380656],[-107.36648256513952,48.02352832414709],[-107.36649498482211,48.023510187818076],[-107.36628912354412,48.02337601927375],[-107.36624260686591,48.02337694188161],[-107.36626641706546,48.023461354331005],[-107.36634139914729,48.02350002395857],[-107.36636427731389,48.02356206582976],[-107.36639160754483,48.02357931892986],[-107.3663997301338,48.02361046606939],[-107.36675089051595,48.02371931423465],[-107.36674265735452,48.023683743377916]]]}"
000000000000000000e5,11141,0,0,0,"{""type"":""MultiPolygon"",""coordinates"":[[[[-107.36669957534474,48.02347027137875],[-107.36665321320704,48.02347568883664],[-107.36662749490723,48.02349410122006],[-107.36656090008455,48.02349549720074],[-107.36656152284031,48.023508878622295],[-107.36653617097453,48.02353619354793],[-107.36672153661091,48.023657422148354],[-107.36669957534474,48.02347027137875]]],[[[-107.36650116834305,48.02335379803233],[-107.3664942911628,48.023349413815815],[-107.36648099254957,48.02334968984047],[-107.36647519384033,48.02336773146858],[-107.36643488690191,48.02335958603529],[-107.36645626348746,48.02339038605237],[-107.36643007733501,48.02339991158983],[-107.3664092788384,48.023382421984444],[-107.36637559283925,48.02337418188545],[-107.36636854870486,48.02336546073095],[-107.36634195150418,48.02336601274304],[-107.36634216311282,48.023370420637775],[-107.36628912354412,48.02337601927375],[-107.36649498482211,48.023510187818076],[-107.36651412685656,48.02349194107749],[-107.3665072942872,48.0234876278189],[-107.36649321804934,48.02347002778856],[-107.36646714203893,48.02348397702676],[-107.36643955555851,48.0234622451092],[-107.36646615285557,48.02346169306656],[-107.36649134985457,48.02342988356082],[-107.36646412985125,48.02341705420677],[-107.36646971695141,48.02339460466548],[-107.36655137700512,48.02343309269149],[-107.36657801895022,48.02343261158563],[-107.36656978600497,48.02339704090354],[-107.36653646637677,48.02339770339184],[-107.36654153210364,48.02336185669714],[-107.36654106420097,48.02335296994388],[-107.36654090935224,48.02334847531298],[-107.36652088839455,48.02334886176082],[-107.36650800088827,48.023358111280935],[-107.36650116834305,48.02335379803233]],[[-107.36650846878283,48.023366998035435],[-107.36652823347931,48.02336213272871],[-107.36650800088827,48.023358111280935],[-107.36650846878283,48.023366998035435]],[[-107.36650924636658,48.023384874058685],[-107.36651633518535,48.02339366617265],[-107.36652937755098,48.023388911278865],[-107.36650924636658,48.023384874058685]],[[-107.36649532500431,48.023371768695114],[-107.3665021575515,48.023376081945564],[-107.36650846878283,48.023366998035435],[-107.36649532500431,48.023371768695114]]]]}"
000000000000000000ec,11142,0,0,0,"{""type"":""Polygon"",""coordinates"":[[[-107.3669004853778,48.023349979468826],[-107.36685375675927,48.02334649448949],[-107.36685412331681,48.02335539700952],[-107.36683414692654,48.02335585449221],[-107.36681625075968,48.023400864021305],[-107.36677635473389,48.023401692229356],[-107.36674428067697,48.02342911758452],[-107.36675240357292,48.023460264596906],[-107.36669957534474,48.02347027137875],[-107.36672153661091,48.023657422148354],[-107.36674265735452,48.023683743377916],[-107.36697422261676,48.0233618857281],[-107.3669004853778,48.023349979468826]],[[-107.36682495193415,48.02344532144259],[-107.36680482062143,48.0234412842834],[-107.36681180812104,48.023450092153695],[-107.36682495193415,48.02344532144259]],[[-107.36679798800492,48.02343697105092],[-107.366777755284,48.02343294965764],[-107.36678484419538,48.02344174175747],[-107.36679798800492,48.02343697105092]]]}"
000000000000000000dc,11143,0,0,0,"{""type"":""Polygon"",""coordinates"":[[[-107.36710151254155,48.0233771505835],[-107.36708174778526,48.023382016011396],[-107.36709416720315,48.02336387966218],[-107.36697422261676,48.0233618857281],[-107.36674265735452,48.023683743377916],[-107.36675089051595,48.02371931423465],[-107.36678002404498,48.02377235898609],[-107.36678644554236,48.02376769868544],[-107.36711704675535,48.02342592115693],[-107.36710151254155,48.0233771505835]],[[-107.36708982634916,48.023413091991834],[-107.36707627129363,48.0234088892402],[-107.36707668254289,48.02341786273616],[-107.36708982634916,48.023413091991834]]]}"
000000000000000000e8,11144,0,0,0,"{""type"":""GeometryCollection"",""geometries"":[{""type"":""LineString"",""coordinates"":[[-107.36697771976823,48.02372805488508],[-107.36697792417205,48.02373251711853]]},{""type"":""Polygon"",""coordinates"":[[[-107.3669456647559,48.023755483082006],[-107.36693908837518,48.02375564872786],[-107.36692631101538,48.02376932207579],[-107.3669456647559,48.023755483082006]]]},{""type"":""Polygon"",""coordinates"":[[[-107.36692631101538,48.02376932207579],[-107.36690654606156,48.023774187509034],[-107.36689449298184,48.02380122657755],[-107.36692631101538,48.02376932207579]]]},{""type"":""Polygon"",""coordinates"":[[[-107.36689449298184,48.02380122657755],[-107.36682090985819,48.02379381484386],[-107.36680114490052,48.023798680257755],[-107.36678773584627,48.023794532632564],[-107.36681150295728,48.02387887461284],[-107.36689449298184,48.02380122657755]]]},{""type"":""Polygon"",""coordinates"":[[[-107.36713096845125,48.023439026435256],[-107.36711704675535,48.02342592115693],[-107.36678644554236,48.02376769868544],[-107.366872337978,48.02375255028543],[-107.36693696339124,48.023711025412865],[-107.36697773904235,48.02372805748246],[-107.36717579172486,48.02354533608707],[-107.36713096845125,48.023439026435256]]]}]}"
000000000000000000f0,11145,0,0,0,"{""type"":""Polygon"",""coordinates"":[[[-107.36717579172486,48.02354533608707],[-107.36697789394142,48.023732552144],[-107.36697189582517,48.02374602829982],[-107.36700573741055,48.02375876289405],[-107.36706602180946,48.02376645059173],[-107.36708155608062,48.02381522153248],[-107.36706105788542,48.02380228181009],[-107.36702711479946,48.023789562998445],[-107.36699952761192,48.02376783113309],[-107.3669456647559,48.023755483082006],[-107.36681175925763,48.02388335351668],[-107.36681983763772,48.02391442982244],[-107.36711097510353,48.0240200681944],[-107.36719085803797,48.0235852200157],[-107.36717579172486,48.02354533608707]]]}"
000000000000000000ee,11146,0,0,0,"{""type"":""Polygon"",""coordinates"":[[[-107.3674758602525,48.023847318328],[-107.36748206998344,48.02383825004603],[-107.36719085803797,48.0235852200157],[-107.36711097510353,48.0240200681944],[-107.36725385560857,48.02408861461555],[-107.36725991049366,48.02407505161387],[-107.36727221982245,48.024052491276244],[-107.36733772502693,48.024028826340455],[-107.36738728407462,48.023947416733996],[-107.36745341217225,48.0239371332889],[-107.36757993573191,48.02393896088925],[-107.36759286798232,48.023929782087514],[-107.36753071355017,48.023881950189555],[-107.36751788273462,48.02389111320196],[-107.3675045837832,48.023891389380154],[-107.3674715197623,48.02389653112059],[-107.3674758602525,48.023847318328]],[[-107.36745858751188,48.023905709900106],[-107.36743240094691,48.023915235815835],[-107.3674528994142,48.02392817547981],[-107.36745858751188,48.023905709900106]],[[-107.36745858751188,48.023905709900106],[-107.36747188646191,48.023905433728274],[-107.3674715197623,48.02389653112059],[-107.36745822081551,48.02389680729225],[-107.36745858751188,48.023905709900106]]]}"
000000000000000000e1,11147,1,0,0,"{""type"":""Polygon"",""coordinates"":[[[-107.3677695731855,48.02386358135943],[-107.36776373027065,48.02388155226396],[-107.36779011646122,48.023876591901995],[-107.36786141962449,48.02383488483177],[-107.36787435180746,48.02382570601203],[-107.36785421994382,48.02382166905796],[-107.36787398500886,48.02381680342197],[-107.36788003965576,48.02380324045765],[-107.3678872839857,48.02381652719228],[-107.3679066376032,48.02380268799503],[-107.36789793499317,48.02375823040466],[-107.36789110211234,48.0237539172307],[-107.36785840492162,48.023767961670494],[-107.36782497414278,48.02376420093858],[-107.36785053738902,48.02374129348132],[-107.367655026881,48.023687321411785],[-107.36762133986898,48.02367908172844],[-107.36762108346785,48.02367460284682],[-107.36717579172486,48.02354533608707],[-107.36719085803797,48.0235852200157],[-107.36748206998344,48.02383825004603],[-107.36752666499947,48.02379267190019],[-107.36759481723958,48.02382702750819],[-107.36757045544024,48.02387662696706],[-107.3675440125019,48.0238816740078],[-107.36753071355017,48.023881950189555],[-107.36759286798232,48.023929782087514],[-107.36760591056203,48.023925026993034],[-107.36759767648033,48.02388945609322],[-107.36764962605235,48.02386158831645],[-107.36771601052831,48.02385578360427],[-107.36774334199924,48.02387303638421],[-107.36775565102239,48.023850476079375],[-107.36778250538852,48.02385440254653],[-107.3677695731855,48.02386358135943]],[[-107.36778250538852,48.02385440254653],[-107.36779554794427,48.02384964743369],[-107.3677814707761,48.02383204749441],[-107.36778250538852,48.02385440254653]],[[-107.36771186009841,48.02376652115138],[-107.36769194008917,48.02376689208667],[-107.36769892792091,48.02377569993867],[-107.36771186009841,48.02376652115138]]]}"
000000000000000000dd,11148,0,0,0,"{""type"":""MultiPolygon"",""coordinates"":[[[[-107.36789110211234,48.0237539172307],[-107.36789793499317,48.02375823040466],[-107.36789767855842,48.02375375151785],[-107.36789110211234,48.0237539172307]]],[[[-107.36713096845125,48.023439026435256],[-107.36717579172486,48.02354533608707],[-107.36762108346785,48.02367460284682],[-107.36762677142038,48.02365213736972],[-107.36764602356392,48.02363831404218],[-107.3676447772634,48.02361155117041],[-107.36767163141496,48.023615477656165],[-107.367655026881,48.023687321411785],[-107.36785053738902,48.02374129348132],[-107.36786336811502,48.023732130452885],[-107.36786284631026,48.023718733222125],[-107.36789528702106,48.02370020991295],[-107.3679272148328,48.02367272884013],[-107.36792669300331,48.023659331625566],[-107.36713096845125,48.023439026435256]]]]}"
000000000000000000e0,11149,0,0,0,"{""type"":""GeometryCollection"",""geometries"":[{""type"":""LineString"",""coordinates"":[[-107.36709419667048,48.023363871479106],[-107.36710686377545,48.02335023528373]]},{""type"":""Polygon"",""coordinates"":[[[-107.36713912850038,48.023327204631414],[-107.36710684294934,48.02335022217433],[-107.36710686377545,48.02335023528373],[-107.36712748699861,48.023363216976115],[-107.36716112879849,48.02337138583048],[-107.36717343789725,48.02334882581489],[-107.36718626854773,48.0233396629478],[-107.36713912850038,48.023327204631414]],[[-107.36713990639336,48.023345080628076],[-107.36714699540428,48.02335387268382],[-107.36715346144321,48.023349283365725],[-107.36713990639336,48.023345080628076]]]},{""type"":""Polygon"",""coordinates"":[[[-107.36732784722976,48.02337693525609],[-107.36732174786525,48.02339042710962],[-107.36730136005272,48.02338191120414],[-107.36730745942151,48.023368419354],[-107.36726694020554,48.02335586639586],[-107.36723993146798,48.023347445179816],[-107.3672270440373,48.02335669479448],[-107.36721374531811,48.023356970923565],[-107.36719434720268,48.023370738891956],[-107.36712226688257,48.023394569057125],[-107.36711455491171,48.02337239561144],[-107.36710151254155,48.0233771505835],[-107.36711704675535,48.02342592115693],[-107.36713096845125,48.023439026435256],[-107.36792669300331,48.023659331625566],[-107.36792648120534,48.02365492371479],[-107.36793206756592,48.023632474004906],[-107.36732784722976,48.02337693525609]]]}]}"
0000000000000000007f,11150,0,0,0,"{""type"":""Polygon"",""coordinates"":[[[-107.36729353765993,48.02335531412067],[-107.36726694020554,48.02335586639586],[-107.36730745942151,48.023368419354],[-107.36731366908997,48.023359351167564],[-107.36734052292829,48.023363277735136],[-107.36732784722976,48.02337693525609],[-107.36793206756592,48.023632474004906],[-107.36793853361668,48.023627884609084],[-107.36793092247858,48.02360569537259],[-107.36796269516769,48.02357371969656],[-107.36800921294285,48.02357279622229],[-107.36802923433837,48.02357240945069],[-107.36808624773379,48.023508694780205],[-107.36810612304735,48.023508252799076],[-107.36813272084753,48.02350770028055],[-107.36818149938777,48.023408415124486],[-107.36818609532378,48.02336368163638],[-107.36729353765993,48.02335531412067]]]}"
000000000000000000d6,11151,0,0,0,"{""type"":""MultiPolygon"",""coordinates"":[[[[-107.3671518042226,48.02331354714781],[-107.36713912850038,48.023327204631414],[-107.36718626854773,48.0233396629478],[-107.36719159002273,48.023308295126135],[-107.3671518042226,48.02331354714781]]],[[[-107.36726652890871,48.02334689291256],[-107.36725323018746,48.02334716904713],[-107.36723993146798,48.023347445179816],[-107.36726694020554,48.02335586639586],[-107.36729353765993,48.02335531412067],[-107.36726652890871,48.02334689291256]]],[[[-107.36729353765993,48.02335531412067],[-107.36818609532378,48.02336368163638],[-107.36818944453121,48.02329218549592],[-107.36815842981723,48.023194558327724],[-107.36815780647042,48.023181177011985],[-107.36792615001221,48.02321276209322],[-107.36791978545992,48.02321733567742],[-107.36789976427892,48.023217722418075],[-107.36735701749184,48.02328701081594],[-107.36735722922347,48.02329141869866],[-107.36735826359474,48.02331377353041],[-107.36731972381152,48.02334578835537],[-107.36730642508316,48.0233460644975],[-107.36729353765993,48.02335531412067]],[[-107.36757564000727,48.02326462152763],[-107.36758272914216,48.02327341353446],[-107.36759566114443,48.02326423485546],[-107.36757564000727,48.02326462152763]],[[-107.36757688627118,48.0232913842237],[-107.3675839754109,48.02330017623482],[-107.36759701776177,48.02329542120459],[-107.36757688627118,48.0232913842237]]]]}"
000000000000000000df,11152,0,0,0,"{""type"":""MultiPolygon"",""coordinates"":[[[[-107.36722289473437,48.02326743314358],[-107.36715739092934,48.02329109762083],[-107.3671518042226,48.02331354714781],[-107.36719159002273,48.023308295126135],[-107.3671969203558,48.02328136674931],[-107.3672302401137,48.02328070402952],[-107.36722289473437,48.02326743314358]]],[[[-107.36814259301583,48.023141238376965],[-107.36809740000277,48.02302602761892],[-107.36804817780752,48.02296901818053],[-107.36801548133795,48.02298306244485],[-107.36804399330246,48.02302272474386],[-107.36803106143586,48.02303190343755],[-107.36802129069706,48.023108059542146],[-107.36799531650281,48.023121993317176],[-107.36798337471284,48.023153455802735],[-107.3679580237557,48.02318077089588],[-107.36792615001221,48.02321276209322],[-107.36815780647042,48.023181177011985],[-107.36814259301583,48.023141238376965]]],[[[-107.36787963272859,48.02321368550832],[-107.36781846884642,48.02318813823677],[-107.36779212778835,48.023193169495585],[-107.36776412890336,48.023162464658945],[-107.36775932075126,48.02320279009228],[-107.3677396663872,48.02321207928496],[-107.36773345682113,48.02322114747087],[-107.36771358173934,48.02322158936639],[-107.36765465431004,48.02324508846558],[-107.36763187522683,48.02318303156579],[-107.36757805724605,48.02317075496918],[-107.36759756553111,48.02316141062259],[-107.36755058032311,48.02315344716339],[-107.36755046998861,48.02314902352135],[-107.36734728128071,48.023220198793034],[-107.36735639444032,48.02327362946386],[-107.36735701749184,48.02328701081594],[-107.36789976427892,48.023217722418075],[-107.36787963272859,48.02321368550832]],[[-107.36780604974808,48.02320627461081],[-107.36780641653915,48.023215177097384],[-107.36781934849692,48.02320599839955],[-107.36780604974808,48.02320627461081]]]]}"
000000000000000000d9,11153,0,0,0,"{""type"":""MultiPolygon"",""coordinates"":[[[[-107.36801511449265,48.02297415999995],[-107.36801548133795,48.02298306244485],[-107.36804817780752,48.02296901818053],[-107.36804792134998,48.0229645393623],[-107.36801511449265,48.02297415999995]]],[[[-107.36720922940245,48.023258806769284],[-107.3671813414258,48.02323252535837],[-107.36716084347292,48.023219585795324],[-107.36715739092934,48.02329109762083],[-107.36722289473437,48.02326743314358],[-107.36720922940245,48.023258806769284]]],[[[-107.36753629178418,48.023131439544024],[-107.3675417232714,48.023104495473895],[-107.36752195862375,48.02310936096447],[-107.36746689465706,48.02307032171828],[-107.36728435045573,48.02315449141015],[-107.36733982555107,48.02320250428502],[-107.36734728128071,48.023220198793034],[-107.36755046998861,48.02314902352135],[-107.36753629178418,48.023131439544024]]]]}"
000000000000000000d7,11154,0,0,0,"{""type"":""Polygon"",""coordinates"":[[[-107.36743930756705,48.023048590275934],[-107.36737131189207,48.02301872962591],[-107.36734346855171,48.02299251934969],[-107.36733648095961,48.02298371159756],[-107.36722965347447,48.02312435446212],[-107.36728409409322,48.02315001257156],[-107.36728435045573,48.02315449141015],[-107.36746689465706,48.02307032171828],[-107.36743930756705,48.023048590275934]]]}"
000000000000000000da,11155,0,0,0,"{""type"":""Polygon"",""coordinates"":[[[-107.36731568203929,48.022966222338866],[-107.36731521394317,48.02295733566152],[-107.36731469232093,48.022943938621616],[-107.3672533179143,48.02291398323904],[-107.36718765981956,48.0229331529688],[-107.36712931916415,48.023113000678194],[-107.36712994213575,48.023126381992704],[-107.36714277270845,48.023117219172384],[-107.36716253732622,48.023112353760055],[-107.36718277000506,48.023116375048495],[-107.36720915554942,48.023111414935485],[-107.36722965347447,48.02312435446212],[-107.36733648095961,48.02298371159756],[-107.36731568203929,48.022966222338866]]]}"
000000000000000000d4,11156,0,0,0,"{""type"":""Polygon"",""coordinates"":[[[-107.36714145310222,48.02294306518741],[-107.36710823509883,48.02294371209212],[-107.36707381583426,48.0229176674179],[-107.36698021343508,48.022910642445005],[-107.366940317866,48.022911470701956],[-107.36691977557952,48.02289846019217],[-107.36689917652906,48.02288553641883],[-107.36687863427977,48.02287252590573],[-107.36686434633567,48.022850518289275],[-107.36683848248538,48.02286887530062],[-107.36712931916415,48.023113000678194],[-107.36718765981956,48.0229331529688],[-107.36714145310222,48.02294306518741]]]}"
000000000000000000e7,11157,0,0,0,"{""type"":""MultiPolygon"",""coordinates"":[[[[-107.36715401082607,48.02321527260728],[-107.36716084347292,48.023219585795324],[-107.36716058712598,48.02321510695045],[-107.36715401082607,48.02321527260728]]],[[[-107.36683848248538,48.02286887530062],[-107.36681229669917,48.02287840083825],[-107.3668195971987,48.022891600696155],[-107.36686255029869,48.02295776557301],[-107.36681640041424,48.022967590900045],[-107.36679094765186,48.022994921368245],[-107.36677764912362,48.02299519743005],[-107.36680574819613,48.023025886716894],[-107.36705838383877,48.02316360908206],[-107.36707105951733,48.023149951652954],[-107.36709119076457,48.02315398873539],[-107.36712363105894,48.02313546589805],[-107.36712994213575,48.023126381992704],[-107.36712931916415,48.023113000678194],[-107.36686636986752,48.02289515664367],[-107.36683848248538,48.02286887530062]],[[-107.36683910535542,48.022882256557125],[-107.36684722826699,48.022913403235414],[-107.36687419185519,48.02292175353829],[-107.36686636986752,48.02289515664367],[-107.36683910535542,48.022882256557125]]]]}"
000000000000000000db,11158,0,0,0,"{""type"":""Polygon"",""coordinates"":[[[-107.36707520846525,48.023239213118934],[-107.36704923409505,48.02325314667691],[-107.36702900138805,48.02324912535046],[-107.36701007132257,48.023271779984995],[-107.367003649929,48.02327644025381],[-107.36699755048936,48.023289932062674],[-107.3669576545059,48.023290760343386],[-107.36691191538628,48.023309559269165],[-107.36689700439283,48.0232741701185],[-107.36690321411467,48.02326510197365],[-107.3668957586261,48.02324740740977],[-107.36696706080204,48.02320570153188],[-107.36703903044582,48.02317744793317],[-107.36705838383877,48.02316360908206],[-107.36680574819613,48.023025886716894],[-107.3669004853778,48.023349979468826],[-107.36697422261676,48.0233618857281],[-107.36709416720315,48.02336387966218],[-107.36710684294934,48.02335022217433],[-107.36713912850038,48.023327204631414],[-107.3671518042226,48.02331354714781],[-107.36715739092934,48.02329109762083],[-107.36716084347292,48.023219585795324],[-107.36715401082607,48.02321527260728],[-107.36713601364534,48.02326029783638],[-107.36712219342856,48.02324717683053],[-107.36710242874109,48.02325204224885],[-107.36708266405275,48.02325690766357],[-107.36707520846525,48.023239213118934]],[[-107.3670846878232,48.02330154635416],[-107.3670774439257,48.0232882596787],[-107.36706455650003,48.023297509260914],[-107.3670846878232,48.02330154635416]],[[-107.3670701432505,48.0232750597448],[-107.3670502236409,48.02327543053304],[-107.36706393355581,48.0232841279015],[-107.3670701432505,48.0232750597448]],[[-107.36699170737087,48.0233079027282],[-107.3669782984379,48.023303755165514],[-107.36697866502634,48.023312657677],[-107.36699170737087,48.0233079027282]],[[-107.3670701432505,48.0232750597448],[-107.36708344192014,48.02327478363733],[-107.36708266405275,48.02325690766357],[-107.36706936538963,48.02325718377068],[-107.3670701432505,48.0232750597448]],[[-107.3670846878232,48.02330154635416],[-107.36709239976338,48.02332371977299],[-107.36711733995719,48.02328743134694],[-107.36713017059073,48.023278268498544],[-107.36710941630339,48.023260850063984],[-107.36709115385557,48.02329695704503],[-107.3670846878232,48.02330154635416]]]}"
000000000000000000e4,11159,0,0,0,"{""type"":""Polygon"",""coordinates"":[[[-107.36680574819613,48.023025886716894],[-107.36677764912362,48.02299519743005],[-107.36673775354951,48.022996025604144],[-107.36669002491955,48.023260545579134],[-107.36673654167342,48.02325962275419],[-107.36682911059219,48.02324429317208],[-107.36685001956236,48.023266206289],[-107.3668454221147,48.02331093966802],[-107.36685375675927,48.02334649448949],[-107.3669004853778,48.023349979468826],[-107.36680574819613,48.023025886716894]],[[-107.36687201941798,48.02331038751414],[-107.36685846445617,48.02330618473758],[-107.36685897707473,48.02331514244686],[-107.36687201941798,48.02331038751414]]]}"
000000000000000000e9,11160,0,0,0,"{""type"":""MultiPolygon"",""coordinates"":[[[[-107.3665335642641,48.0233352043496],[-107.36652088839455,48.02334886176082],[-107.36654090935224,48.02334847531298],[-107.3665406530823,48.023343996453434],[-107.3665335642641,48.0233352043496]]],[[[-107.36672408849707,48.022987399198314],[-107.36671037881558,48.02297870182464],[-107.36671016715998,48.022974293964936],[-107.36667772695837,48.02299281660284],[-107.36661993528325,48.02303865391433],[-107.36653639524214,48.02325031109708],[-107.36660288818732,48.02324893092257],[-107.3666240532545,48.02327532294824],[-107.36664340676649,48.02326148415202],[-107.36669002491955,48.023260545579134],[-107.36673775354951,48.022996025604144],[-107.36672408849707,48.022987399198314]]]]}"
000000000000000000ed,11161,0,0,0,"{""type"":""MultiPolygon"",""coordinates"":[[[[-107.3664872023583,48.02334062170729],[-107.36648099254957,48.02334968984047],[-107.3664942911628,48.023349413815815],[-107.3664872023583,48.02334062170729]]],[[[-107.36634195150418,48.02336601274304],[-107.36636854870486,48.02336546073095],[-107.36635483903075,48.02335676324335],[-107.36634800651517,48.02335244998318],[-107.36634195150418,48.02336601274304]]],[[[-107.36634195150418,48.02336601274304],[-107.36632824184018,48.02335731525129],[-107.36634800651517,48.02335244998318],[-107.36633806060952,48.023281229837934],[-107.36645671396887,48.0232563908995],[-107.36653639524214,48.02325031109708],[-107.36661993528325,48.02303865391433],[-107.36614173589501,48.02320930801356],[-107.3661957074013,48.02322608008012],[-107.36621692885686,48.0232523854559],[-107.36626266789905,48.023233586884395],[-107.36627658909667,48.02324669225131],[-107.36625723553594,48.02326053097076],[-107.36625760194975,48.023269433482085],[-107.36621124022952,48.023274850694726],[-107.36621165126829,48.023283824176744],[-107.3661983527184,48.023284100160225],[-107.36619235446123,48.023297576155265],[-107.36617905590916,48.0232978521362],[-107.36615245881033,48.023298404092394],[-107.36618133479935,48.02334696977039],[-107.3662085545706,48.02335979919348],[-107.36620870937857,48.02336429382693],[-107.36624260686591,48.02337694188161],[-107.36628912354412,48.02337601927375],[-107.36634216311282,48.023370420637775],[-107.36634195150418,48.02336601274304]],[[-107.3663376495397,48.0232722563577],[-107.36635032542154,48.02325859899041],[-107.36633019436574,48.02325456173939],[-107.3663376495397,48.0232722563577]],[[-107.3663229508058,48.023241275010264],[-107.36629676476696,48.02325080048125],[-107.36633019436574,48.02325456173939],[-107.3663229508058,48.023241275010264]],[[-107.36623287276757,48.02331012957691],[-107.36628544437554,48.02329564423586],[-107.36621165126829,48.023283824176744],[-107.36623287276757,48.02331012957691]]]]}"
000000000000000000d3,11162,1,0,1,"{""type"":""Polygon"",""coordinates"":[[[-107.36633218661557,48.02300884044529],[-107.36633280929742,48.02302222174569],[-107.36629901347581,48.02300955803187],[-107.36613954219048,48.023017293447346],[-107.36612624374612,48.02301756941672],[-107.36611966755252,48.02301773499925],[-107.36613457760055,48.02305312412138],[-107.3660938034258,48.02303609187529],[-107.36611294530354,48.023017845384224],[-107.3660863484237,48.02301839731355],[-107.3660866046395,48.02302287614779],[-107.366079626177,48.02301850769613],[-107.36586038536505,48.02302751204614],[-107.36593055584825,48.02310650702551],[-107.36605361104334,48.02317540900025],[-107.36614173589501,48.02320930801356],[-107.36661993528325,48.02303865391433],[-107.36667772695837,48.02299281660284],[-107.36633218661557,48.02300884044529]],[[-107.36610798068936,48.02305367605788],[-107.36609442601981,48.02304947318643],[-107.36609504861379,48.023062854501006],[-107.36610798068936,48.02305367605788]],[[-107.36608289391732,48.023089908875065],[-107.36606948529757,48.02308576119455],[-107.36607010788168,48.02309914251882],[-107.36608289391732,48.023089908875065]]]}"
000000000000000000d2,11163,0,0,0,"{""type"":""GeometryCollection"",""geometries"":[{""type"":""LineString"",""coordinates"":[[-107.36611939712363,48.02301326625039],[-107.36611960062571,48.023017710524314],[-107.36612625225764,48.02301757345327]]},{""type"":""Polygon"",""coordinates"":[[[-107.36610549029353,48.023000150830356],[-107.3660863484237,48.02301839731355],[-107.36611294530354,48.023017845384224],[-107.36611939712363,48.02301326625039],[-107.36611941133262,48.02301325616564],[-107.36610549029353,48.023000150830356]]]},{""type"":""Polygon"",""coordinates"":[[[-107.36626507163325,48.02299683911148],[-107.3662177212047,48.0229799725299],[-107.3661920031821,48.02299838461487],[-107.36617907113568,48.02300756305889],[-107.36615247424454,48.02300811500675],[-107.36613954219048,48.023017293447346],[-107.36629901347581,48.02300955803187],[-107.36626507163325,48.02299683911148]]]},{""type"":""Polygon"",""coordinates"":[[[-107.36605912896904,48.02300556793145],[-107.36607003847172,48.022951751021296],[-107.36604840630044,48.02291647233477],[-107.36604168407489,48.022916582713925],[-107.36578213791553,48.02291744128017],[-107.3657799724604,48.02301578628564],[-107.36582508870049,48.02298360671357],[-107.36586038536505,48.02302751204614],[-107.366079626177,48.02301850769613],[-107.36605912896904,48.02300556793145]],[[-107.36600887747787,48.02292620264924],[-107.36600950004299,48.02293958393356],[-107.3660224320814,48.02293040552456],[-107.36600887747787,48.02292620264924]],[[-107.36590322304582,48.02294621511008],[-107.36590384557188,48.0229595964012],[-107.3659167776285,48.02295041800249],[-107.36590322304582,48.02294621511008]]]},{""type"":""Polygon"",""coordinates"":[[[-107.3667211860248,48.0229249006612],[-107.36670788753145,48.022925176712064],[-107.36669396622358,48.02291207149118],[-107.36633465150722,48.022915045267936],[-107.36633527419187,48.02292842654424],[-107.36633787512056,48.02298637531666],[-107.36633218661557,48.02300884044529],[-107.36667772695837,48.02299281660284],[-107.36671016715998,48.022974293964936],[-107.36670991086716,48.022969815138474],[-107.366709544339,48.022960912682784],[-107.36674245246347,48.022951276727404],[-107.3667211860248,48.0229249006612]]]}]}"
000000000000000000e2,11164,0,0,0,"{""type"":""MultiPolygon"",""coordinates"":[[[[-107.36667321242771,48.022894653071624],[-107.3666639454863,48.02283672810917],[-107.36631658324137,48.022812679021804],[-107.36633174969407,48.02285254678874],[-107.36633465150722,48.022915045267936],[-107.36669396622358,48.02291207149118],[-107.36667321242771,48.022894653071624]]],[[[-107.36582248557947,48.022782619528314],[-107.36581590944841,48.02278278508766],[-107.36580297744393,48.02279196344202],[-107.36579009006958,48.02280121276374],[-107.3657774142345,48.022814869936276],[-107.36578772527827,48.02289499198642],[-107.36578213791553,48.02291744128017],[-107.36604168407489,48.022916582713925],[-107.36602823089076,48.02291236407218],[-107.36604131770835,48.02290768026064],[-107.36604840630044,48.02291647233477],[-107.36605487231392,48.02291188312983],[-107.3660539935191,48.022894023029565],[-107.3660535825137,48.022885049612896],[-107.36604576118857,48.02285845265313],[-107.36607732254356,48.02282207020261],[-107.36607654515481,48.02280419436328],[-107.36608301114597,48.02279960516687],[-107.36582248557947,48.022782619528314]]]]}"
000000000000000000d1,11165,0,0,0,"{""type"":""MultiPolygon"",""coordinates"":[[[[-107.36635677422778,48.02267336278821],[-107.36634214627155,48.0227897723892],[-107.36631642841564,48.02280818443638],[-107.36631658324137,48.022812679021804],[-107.3666639454863,48.02283672810917],[-107.3666634775475,48.022827841446656],[-107.36635677422778,48.02267336278821]]],[[[-107.36600257001395,48.02249752240073],[-107.36599636028247,48.02250659035437],[-107.36598482831474,48.02254702560805],[-107.36597277517863,48.02257406392763],[-107.36596072202462,48.0226011022601],[-107.3659482010858,48.02261925397056],[-107.36593614789926,48.02264629232414],[-107.36591017386957,48.022660225406725],[-107.36587204516226,48.02270121263175],[-107.36582796276035,48.02275574667545],[-107.36582248557947,48.022782619528314],[-107.36608301114597,48.02279960516687],[-107.36608947713596,48.022795015970445],[-107.36610111927222,48.02275900412699],[-107.36611394981477,48.022749841509565],[-107.36614473359913,48.02269558331509],[-107.36616475412488,48.02269519696165],[-107.36618973911595,48.02265898017602],[-107.36621467942612,48.022622692443186],[-107.36621390196463,48.02260481667496],[-107.36621369036654,48.022600408844205],[-107.36600257001395,48.02249752240073]]]]}"
000000000000000000d0,11166,0,0,0,"{""type"":""MultiPolygon"",""coordinates"":[[[[-107.3665327400188,48.02258936130361],[-107.36653336278255,48.0226027424933],[-107.36648079213091,48.02261722775421],[-107.36639593638152,48.02265472997606],[-107.36637601724746,48.02265510060766],[-107.36636261748015,48.02265539237605],[-107.36635677422778,48.02267336278821],[-107.3666634775475,48.022827841446656],[-107.36666311102853,48.02281893901472],[-107.36666957699252,48.022814349778116],[-107.3665327400188,48.02258936130361]]],[[[-107.36621692820877,48.02238145289111],[-107.36607888009878,48.022420058523956],[-107.36604023061032,48.022447648686814],[-107.36602196782387,48.02248375491124],[-107.36600257001395,48.02249752240073],[-107.36621369036654,48.022600408844205],[-107.36621306771977,48.02258702765007],[-107.36621647719994,48.02251544581461],[-107.36618232425472,48.022498319150344],[-107.36619525611114,48.02248914080008],[-107.36619447865533,48.0224712650772],[-107.36620627538574,48.02243974800335],[-107.36621957363468,48.02243947203087],[-107.3662317279897,48.0224124179846],[-107.36625770181013,48.02239848488619],[-107.36621692820877,48.02238145289111]]]]}"
000000000000000000cf,11167,0,0,0,"{""type"":""MultiPolygon"",""coordinates"":[[[[-107.36655378853672,48.0224682919741],[-107.36655430108942,48.02247724954318],[-107.36654214689888,48.02250430365972],[-107.3665327400188,48.02258936130361],[-107.36666957699252,48.022814349778116],[-107.36667599831836,48.022809689574586],[-107.36669555107183,48.02280041644735],[-107.36668643897329,48.02274698617018],[-107.36672508859536,48.02271939558535],[-107.36676461732199,48.022709665016315],[-107.36655378853672,48.0224682919741]]],[[[-107.36685637830824,48.02282386623393],[-107.3668093940658,48.02281590243815],[-107.36679697475883,48.02283403855761],[-107.36681089609259,48.02284714374333],[-107.36682456113029,48.022855770114],[-107.3667985870211,48.02286970349523],[-107.36681229669917,48.02287840083825],[-107.36683848248538,48.02286887530062],[-107.36686434633567,48.022850518289275],[-107.36686372345575,48.0228371370413],[-107.36684344639457,48.022833044733616],[-107.3668632108308,48.02282817941408],[-107.36685637830824,48.02282386623393]]]]}"
000000000000000000ce,11168,0,0,0,"{""type"":""Polygon"",""coordinates"":[[[-107.3666601476875,48.022318765061335],[-107.36661539912632,48.02235984694053],[-107.36656510828537,48.02242344891352],[-107.36655243276748,48.02243710608189],[-107.36655378853672,48.0224682919741],[-107.36676461732199,48.022709665016315],[-107.36677129492516,48.02270948361976],[-107.36682246514285,48.022663741184395],[-107.36684906197665,48.02266318905565],[-107.36686236039621,48.02266291298844],[-107.3666601476875,48.022318765061335]],[[-107.36665741869503,48.02240364102028],[-107.3666372879894,48.02239960389089],[-107.36664448691756,48.022412819415905],[-107.36665741869503,48.02240364102028]]]}"
000000000000000000c9,11169,0,0,0,"{""type"":""Polygon"",""coordinates"":[[[-107.36694895503628,48.02251825049063],[-107.366922358278,48.02251880264365],[-107.36694108840656,48.022491582841084],[-107.3669133277586,48.022322477604725],[-107.36669202122384,48.02228677483724],[-107.36669243239417,48.02229574814432],[-107.3666601476875,48.022318765061335],[-107.36686236039621,48.02266291298844],[-107.36687570345487,48.022662707885964],[-107.36696791320588,48.02264291535473],[-107.36694895503628,48.02251825049063]]]}"
000000000000000000cd,11170,0,0,0,"{""type"":""MultiPolygon"",""coordinates"":[[[[-107.36694153680375,48.02235759004165],[-107.36695343437333,48.02232605718799],[-107.3669133277586,48.022322477604725],[-107.3669226518494,48.02238031522689],[-107.36694153680375,48.02235759004165]]],[[[-107.3669226518494,48.02238031522689],[-107.36694108840656,48.022491582841084],[-107.36695376385757,48.02247792560877],[-107.36694418338166,48.02241560910565],[-107.3669438167884,48.02240670674686],[-107.3669226518494,48.02238031522689]]],[[[-107.36702874535379,48.02251659398622],[-107.36694895503628,48.02251825049063],[-107.36696791320588,48.02264291535473],[-107.36702074032424,48.02263290861143],[-107.36706110366636,48.02264096695692],[-107.36708811181379,48.0226493881246],[-107.36710816910355,48.02250603503966],[-107.36702874535379,48.02251659398622]]]]}"
000000000000000000e3,11171,0,0,0,"{""type"":""Polygon"",""coordinates"":[[[-107.36720089128573,48.02249519991579],[-107.36713476590512,48.022505482834106],[-107.36712121115745,48.022501280153946],[-107.36710816910355,48.02250603503966],[-107.36708811181379,48.0226493881246],[-107.36710849914536,48.022657903968394],[-107.3672285519565,48.022664321362164],[-107.36722686508566,48.02248126653313],[-107.36720089128573,48.02249519991579]]]}"
000000000000000000cc,11172,0,0,0,"{""type"":""Polygon"",""coordinates"":[[[-107.36729919996412,48.02246191553046],[-107.36727322618452,48.02247584892706],[-107.3672463730035,48.022471922390565],[-107.36722686508566,48.02248126653313],[-107.3672285519565,48.022664321362164],[-107.36730213328835,48.02267173266825],[-107.36731594451285,48.0226804141315],[-107.36736862573879,48.02267035199018],[-107.36739485603228,48.02266089730807],[-107.36729919996412,48.02246191553046]]]}"
000000000000000000d8,11173,0,0,0,"{""type"":""GeometryCollection"",""geometries"":[{""type"":""LineString"",""coordinates"":[[-107.36752445026187,48.022582305276885],[-107.3675310958049,48.02258216824968]]},{""type"":""Polygon"",""coordinates"":[[[-107.36732538546451,48.02245238994286],[-107.36729919996412,48.02246191553046],[-107.36739485603228,48.02266089730807],[-107.36742108631988,48.02265144262064],[-107.36746020374385,48.02263273841733],[-107.36751240788358,48.02260935022158],[-107.36752446012352,48.02258231171286],[-107.36752445026187,48.022582305276885],[-107.36732538546451,48.02245238994286]]]}]}"
000000000000000000d5,11174,0,0,0,"{""type"":""GeometryCollection"",""geometries"":[{""type"":""LineString"",""coordinates"":[[-107.36738405334673,48.02242440795891],[-107.36737719736819,48.022420082868365]]},{""type"":""Polygon"",""coordinates"":[[[-107.36738405520092,48.02242441265995],[-107.36737174656368,48.022446972292116],[-107.36734493800145,48.022443116751965],[-107.36732538546451,48.02245238994286],[-107.36753103633697,48.02258214603479],[-107.36755043396035,48.02256837821834],[-107.36760139168885,48.02251822769215],[-107.36764770833464,48.0225127389303],[-107.36765406383853,48.02250372606998],[-107.36738405520092,48.02242441265995]],[[-107.36745257154367,48.02246766989956],[-107.36742535158619,48.02245484105344],[-107.36741153149251,48.02244172028827],[-107.36739129909624,48.02243769909282],[-107.36739958956443,48.02247318229535],[-107.36745257154367,48.02246766989956]]]}]}"
000000000000000000c2,11175,0,0,0,"{""type"":""MultiPolygon"",""coordinates"":[[[[-107.36823846465349,48.02247376766736],[-107.36822505568576,48.02246962034617],[-107.36822542258949,48.022478522702905],[-107.36823846465349,48.02247376766736]]],[[[-107.36741462550992,48.02236574663441],[-107.36739470631424,48.0223661174773],[-107.3673630447944,48.02240251578423],[-107.36737722264756,48.02242009955102],[-107.36765406383853,48.02250372606998],[-107.36765380742695,48.02249924728936],[-107.36766038363461,48.02249908160283],[-107.36767316034619,48.02248540850557],[-107.36767750022393,48.02243619704718],[-107.36769586313481,48.022400074801055],[-107.36741462550992,48.02236574663441]]],[[[-107.36822542258949,48.022478522702905],[-107.3682118675632,48.022474320186284],[-107.36821833338406,48.022469730879045],[-107.36791018609235,48.02242696760881],[-107.36791055292018,48.02243586996141],[-107.3678974094562,48.02244064072049],[-107.3678785248361,48.022463366121734],[-107.3679053336276,48.02246722150826],[-107.3678788916557,48.02247226848086],[-107.36787951491466,48.02248564961925],[-107.36786621641502,48.02248592582874],[-107.36786683966909,48.022499306970836],[-107.36789964607966,48.022489686482636],[-107.36789384814222,48.02250772788032],[-107.36791485903822,48.022529624671265],[-107.36800779369544,48.02252319655951],[-107.36806036451321,48.02250871048263],[-107.36815324246399,48.02250236896858],[-107.3682192132486,48.02248759078738],[-107.36822542258949,48.022478522702905]],[[-107.36805140538772,48.02245977523261],[-107.36805875100043,48.02247304584417],[-107.36806496036648,48.02246397777197],[-107.36805140538772,48.02245977523261]]]]}"
000000000000000000bf,11176,0,0,0,"{""type"":""GeometryCollection"",""geometries"":[{""type"":""LineString"",""coordinates"":[[-107.3682250112281,48.02246959613658],[-107.36821835967672,48.02246973332797]]},{""type"":""Polygon"",""coordinates"":[[[-107.36810184064086,48.022396227670484],[-107.36808865254785,48.02240092748629],[-107.36808145299317,48.02238771208868],[-107.36799254799664,48.02233593979818],[-107.36798644903674,48.02234943141519],[-107.36796709624201,48.022363270223124],[-107.36791018609235,48.02242696760881],[-107.36821833338406,48.022469730879045],[-107.36821817832279,48.022465236332145],[-107.36810184064086,48.022396227670484]]]},{""type"":""Polygon"",""coordinates"":[[[-107.36786970096503,48.022271449305755],[-107.3677951298009,48.02224175508205],[-107.36778892043046,48.02225082309833],[-107.36776874478973,48.02224671526039],[-107.36766350260046,48.02227570267401],[-107.3676498374395,48.022267076521786],[-107.36741462550992,48.02236574663441],[-107.36769586313481,48.022400074801055],[-107.36768840733471,48.022382380599424],[-107.36773451205865,48.02237248400981],[-107.3677540645391,48.022363210751024],[-107.36778697223335,48.02235357455796],[-107.36779318162381,48.02234450652347],[-107.36781268944783,48.02233516229242],[-107.36782499783477,48.022312602658204],[-107.3679037983523,48.022288662000875],[-107.36786970096503,48.022271449305755]]]}]}"
000000000000000000c5,11177,0,0,0,"{""type"":""Polygon"",""coordinates"":[[[-107.36763911080742,48.02217798246187],[-107.36763077548713,48.022142428520254],[-107.36758958950819,48.02211642394953],[-107.36757618083436,48.022112276558424],[-107.36740551234921,48.02231231689666],[-107.36743945441366,48.022325035240954],[-107.36740701490899,48.02234355787814],[-107.36739444993384,48.022361638706975],[-107.36739470631424,48.0223661174773],[-107.36741462550992,48.02236574663441],[-107.3676498374395,48.022267076521786],[-107.36762282926398,48.02225865557471],[-107.36764796790149,48.02222693327407],[-107.36765898531554,48.02217754060518],[-107.36763911080742,48.02217798246187]]]}"
000000000000000000c0,11178,0,0,0,"{""type"":""Polygon"",""coordinates"":[[[-107.36750756344642,48.02206903546324],[-107.36728354662516,48.02226568548523],[-107.3673036774752,48.02226972246485],[-107.36732447603184,48.02228721150247],[-107.36737829253028,48.02229948807176],[-107.36740551234921,48.02231231689666],[-107.36757618083436,48.022112276558424],[-107.36750756344642,48.02206903546324]]]}"
000000000000000000cb,11179,0,0,0,"{""type"":""Polygon"",""coordinates"":[[[-107.36716422830594,48.02227707284339],[-107.36723134297885,48.02228907339007],[-107.36724365161983,48.02226651384396],[-107.36728354662516,48.02226568548523],[-107.36750756344642,48.02206903546324],[-107.36743294862299,48.02203927008227],[-107.36712830722183,48.02221978757189],[-107.36711724451376,48.022269109270376],[-107.36715739582007,48.02227275972922],[-107.36716422830594,48.02227707284339]],[[-107.36715739582007,48.02227275972922],[-107.36717043779012,48.02226800486013],[-107.36716360530464,48.02226369174715],[-107.36715739582007,48.02227275972922]]]}"
000000000000000000c8,11180,0,0,0,"{""type"":""Polygon"",""coordinates"":[[[-107.36739180761765,48.02201333643475],[-107.36730378453373,48.021979423566165],[-107.36725059159504,48.02198052803577],[-107.36722436180395,48.02198998254263],[-107.36721789602176,48.02199457173972],[-107.36710005339545,48.02218460432027],[-107.36710776518318,48.022206777268195],[-107.36712830722183,48.02221978757189],[-107.36743294862299,48.02203927008227],[-107.36739180761765,48.02201333643475]]]}"
000000000000000000ca,11181,0,0,0,"{""type"":""Polygon"",""coordinates"":[[[-107.36705317118357,48.022176624954675],[-107.36705901404295,48.02215865468071],[-107.36709244303454,48.02216241560979],[-107.36710005339545,48.02218460432027],[-107.36721789602176,48.02199457173972],[-107.36674405105752,48.02211601393214],[-107.36673986495555,48.02216971960309],[-107.36671451418215,48.02219703384878],[-107.36669202122384,48.02228677483724],[-107.3669133277586,48.022322477604725],[-107.36695343437333,48.02232605718799],[-107.36698363851173,48.022258489066004],[-107.36696728234716,48.02219177296893],[-107.36701343128752,48.02218194773896],[-107.36703278412931,48.02216810917044],[-107.36705317118357,48.022176624954675]],[[-107.36703278412931,48.02216810917044],[-107.36702569535126,48.02215931729966],[-107.36701265342329,48.022164072138104],[-107.36703278412931,48.02216810917044]],[[-107.36705901404295,48.02215865468071],[-107.3670516689188,48.022145384059876],[-107.3670230486212,48.02210129852609],[-107.36700938376605,48.022092672303536],[-107.36699826418918,48.022142080607516],[-107.36705901404295,48.02215865468071]]]}"
000000000000000000c7,11182,0,0,0,"{""type"":""Polygon"",""coordinates"":[[[-107.36690142266657,48.0219162515543],[-107.36686913836662,48.021939268364385],[-107.36685521730976,48.02192616340759],[-107.36682303440624,48.02194916443624],[-107.36679070541908,48.02197211026995],[-107.36675831078851,48.02199070352222],[-107.36676576601018,48.022008397678405],[-107.36674709285072,48.02203553045388],[-107.36675558211752,48.02207557894338],[-107.36674405105752,48.02211601393214],[-107.36721789602176,48.02199457173972],[-107.36722436180395,48.02198998254263],[-107.36690142266657,48.0219162515543]]]}"
000000000000000000be,11183,0,0,0,"{""type"":""GeometryCollection"",""geometries"":[{""type"":""LineString"",""coordinates"":[[-107.36690138740434,48.02191625065258],[-107.36690803889083,48.0219161135386]]},{""type"":""Polygon"",""coordinates"":[[[-107.36695987208292,48.02174083166228],[-107.366954073905,48.02175887275086],[-107.36693540098715,48.02178600542744],[-107.36698539735069,48.021860889733105],[-107.36692093028475,48.021906907586555],[-107.36690799871917,48.021916085925184],[-107.36722436180395,48.02198998254263],[-107.36725059159504,48.02198052803577],[-107.36695987208292,48.02174083166228]]]}]}"
000000000000000000bc,11184,0,0,0,"{""type"":""Polygon"",""coordinates"":[[[-107.3671870758504,48.02175847661887],[-107.36714821572491,48.02178165909563],[-107.36713351664469,48.02175067876435],[-107.36715240115625,48.021727953822385],[-107.36716554434551,48.021723183237484],[-107.36707165916911,48.02156436321884],[-107.36702628888314,48.02159206373991],[-107.3670157389997,48.02165034225267],[-107.36699178955979,48.02170891267495],[-107.36696571489128,48.02172286154504],[-107.36695987208292,48.02174083166228],[-107.36725059159504,48.02198052803577],[-107.36730378453373,48.021979423566165],[-107.36730212709213,48.02194368829249],[-107.3671870758504,48.02175847661887]],[[-107.36711030056236,48.02182705383855],[-107.36709689211449,48.02182290639758],[-107.36710409115221,48.02183612173956],[-107.36711030056236,48.02182705383855]]]}"
000000000000000000bb,11185,0,0,0,"{""type"":""Polygon"",""coordinates"":[[[-107.3672513307744,48.02170805097752],[-107.3672755362446,48.021653959209864],[-107.36729504370633,48.0216446152168],[-107.36731402950998,48.02162187452108],[-107.36734662332366,48.021607846664324],[-107.3673526776853,48.02159428431341],[-107.36733912320103,48.021590081730615],[-107.3673523109807,48.02158538209881],[-107.36734547857735,48.02158106905301],[-107.36731800293036,48.021563761674216],[-107.36724868364617,48.021650032720935],[-107.36716852834327,48.02164278711232],[-107.36717928972352,48.02158891633674],[-107.3672641875259,48.02155148521599],[-107.36726961884571,48.02152454197952],[-107.367237180056,48.02154306425752],[-107.36721032755183,48.021539137763774],[-107.36718414272153,48.02154866313655],[-107.36715129260502,48.02155821221803],[-107.36712370682541,48.02153648127985],[-107.36708459058704,48.021555184923606],[-107.36707812487867,48.021559774071235],[-107.36707165916911,48.02156436321884],[-107.36716554434551,48.021723183237484],[-107.3671786307532,48.02171849938752],[-107.367185096486,48.02171391021857],[-107.36720522701124,48.02171794718451],[-107.3671870758504,48.02175847661887],[-107.36730212709213,48.02194368829249],[-107.36738188604421,48.02179471440928],[-107.36735540000501,48.02179969019283],[-107.36736770839578,48.02177713084824],[-107.36738022851625,48.02175897926536],[-107.36740620175955,48.02174504604436],[-107.36727358684303,48.02175670951695],[-107.36726525195854,48.021721155818874],[-107.36724574445378,48.02173049982064],[-107.36723828900627,48.02171280580158],[-107.3672513307744,48.02170805097752]],[[-107.3673536321795,48.021759531519365],[-107.36733340016548,48.02175551035446],[-107.36734070071293,48.02176870988803],[-107.3673536321795,48.021759531519365]],[[-107.36725676213719,48.02168110766002],[-107.36722333349455,48.021677346814016],[-107.36723057720167,48.02169063307404],[-107.36725676213719,48.02168110766002]],[[-107.36723828900627,48.02171280580158],[-107.36723120023903,48.021704014022276],[-107.36722499087352,48.02171308190866],[-107.36723828900627,48.02171280580158]],[[-107.36717928972352,48.02158891633674],[-107.36717230241223,48.0215801088019],[-107.3671591592752,48.02158487937334],[-107.36717928972352,48.02158891633674]],[[-107.36718307248384,48.02166927289108],[-107.36719027153497,48.02168248818741],[-107.36719648090066,48.02167342030858],[-107.36718307248384,48.02166927289108]],[[-107.36718307248384,48.02166927289108],[-107.36717598374126,48.02166048111439],[-107.36716977437447,48.021669548989664],[-107.36718307248384,48.02166927289108]],[[-107.36716977437447,48.021669548989664],[-107.36715658656777,48.021674248604604],[-107.36716367530653,48.02168304038514],[-107.36716977437447,48.021669548989664]]]}"
000000000000000000b9,11186,0,0,0,"{""type"":""MultiPolygon"",""coordinates"":[[[[-107.36750193650262,48.02180113141434],[-107.36746126380922,48.021784084384834],[-107.36743466743165,48.021784636662645],[-107.3674213692455,48.021784912798715],[-107.36738188604421,48.02179471440928],[-107.36730212709213,48.02194368829249],[-107.36730378453373,48.021979423566165],[-107.36739180761765,48.02201333643475],[-107.3675223235787,48.02180964703846],[-107.36750193650262,48.02180113141434]]],[[[-107.36772003066905,48.021475065681976],[-107.36771341000036,48.02147516040026],[-107.36769265622307,48.021457742679615],[-107.36768696877704,48.021480207205144],[-107.36769431407275,48.02149347760413],[-107.36767466065227,48.02150276645591],[-107.36765034541325,48.02155243464676],[-107.36766463352797,48.02157444159544],[-107.36768465377399,48.02157405493979],[-107.36773431881106,48.021497072587],[-107.36772003066905,48.021475065681976]]]]}"
000000000000000000c1,11187,0,0,0,"{""type"":""MultiPolygon"",""coordinates"":[[[[-107.36775532906694,48.02151896900604],[-107.36773431881106,48.021497072587],[-107.36768465377399,48.02157405493979],[-107.36769795192183,48.02157377876926],[-107.36775088810238,48.02156819536807],[-107.36776950687394,48.02153655241889],[-107.36775532906694,48.02151896900604]]],[[[-107.36760920176202,48.02181678187125],[-107.3675700852466,48.02183548582049],[-107.36754271066856,48.02181816265926],[-107.3675223235787,48.02180964703846],[-107.36739180761765,48.02201333643475],[-107.36743294862299,48.02203927008227],[-107.36750756344642,48.02206903546324],[-107.36754580067647,48.02203247167609],[-107.36764200752563,48.021807161613246],[-107.36760920176202,48.02181678187125]]]]}"
000000000000000000ba,11188,0,0,0,"{""type"":""MultiPolygon"",""coordinates"":[[[[-107.36776950687394,48.02153655241889],[-107.36775088810238,48.02156819536807],[-107.36779776111511,48.02157173502659],[-107.36776950687394,48.02153655241889]]],[[[-107.36783780947597,48.021865681703595],[-107.36784324048486,48.02183873828063],[-107.36778942420382,48.02182646207512],[-107.36777513591412,48.02180445504344],[-107.36766823719955,48.02179770702807],[-107.36764200752563,48.021807161613246],[-107.36754580067647,48.02203247167609],[-107.36791697585976,48.021850643517695],[-107.36792281829156,48.021832673313924],[-107.36783780947597,48.021865681703595]]]]}"
000000000000000000c4,11189,0,0,0,"{""type"":""Polygon"",""coordinates"":[[[-107.36754580067647,48.02203247167609],[-107.36750756344642,48.02206903546324],[-107.36757618083436,48.022112276558424],[-107.36758958950819,48.02211642394953],[-107.36760924327066,48.02210713499751],[-107.36759543213138,48.022098453669535],[-107.36760127474845,48.022080483395506],[-107.36756722243514,48.02206334161564],[-107.36759329730495,48.02204939248594],[-107.36760597244209,48.02203573529079],[-107.36763877840396,48.022026114988584],[-107.36765145352206,48.022012457793984],[-107.36767830654101,48.02201638418658],[-107.36770651634595,48.02205149617348],[-107.36771360532065,48.02206028797076],[-107.36787017043966,48.021990052785775],[-107.36790198627814,48.02195814912063],[-107.36791697585976,48.021850643517695],[-107.36754580067647,48.02203247167609]],[[-107.36755351274566,48.02205464451648],[-107.36753338192621,48.02205060760517],[-107.3675404708462,48.022059399416506],[-107.36755351274566,48.02205464451648]]]}"
000000000000000000c3,11190,0,0,0,"{""type"":""MultiPolygon"",""coordinates"":[[[[-107.36762327512378,48.0221246634333],[-107.36760924327066,48.02210713499751],[-107.36758958950819,48.02211642394953],[-107.36763077548713,48.022142428520254],[-107.36762327512378,48.0221246634333]]],[[[-107.36771360532065,48.02206028797076],[-107.3677482809732,48.022090810733786],[-107.3678095980492,48.02212085207913],[-107.36785835052306,48.02216897421606],[-107.36784567539237,48.02218263147921],[-107.36781970186412,48.02219656494316],[-107.3677951298009,48.02224175508205],[-107.36786970096503,48.022271449305755],[-107.36787017043966,48.021990052785775],[-107.36771360532065,48.02206028797076]]]]}"
000000000000000000b8,11191,0,0,0,"{""type"":""MultiPolygon"",""coordinates"":[[[[-107.36819563052002,48.02226478025493],[-107.36821204590663,48.02233140943554],[-107.368172773807,48.02234561929154],[-107.36816062062492,48.022372673519676],[-107.36813449193161,48.022382112582385],[-107.36810184064086,48.022396227670484],[-107.36821817832279,48.022465236332145],[-107.36822505568576,48.02246962034617],[-107.36823846465349,48.02247376766736],[-107.36826495132436,48.022468791559504],[-107.36832419977961,48.02245412385185],[-107.3683284283863,48.02240048883937],[-107.36819563052002,48.02226478025493]]],[[[-107.36790198627814,48.02195814912063],[-107.36787017043966,48.021990052785775],[-107.36786970096503,48.022271449305755],[-107.3679037983523,48.022288662000875],[-107.36795746036103,48.0222964436978],[-107.36799213650774,48.02232696649787],[-107.36800559000464,48.0223311848087],[-107.36799254799664,48.02233593979818],[-107.36808145299317,48.02238771208868],[-107.36805940719881,48.02234346098809],[-107.36807917147829,48.02233859546725],[-107.36809246995526,48.022338319229576],[-107.3681029081777,48.022275616297755],[-107.3680888313344,48.022258016925065],[-107.36808111887083,48.02223584405156],[-107.36816142249135,48.022243144114604],[-107.36811605158512,48.02227084552698],[-107.36812950509507,48.02227506381557],[-107.36817534431772,48.02225624894149],[-107.3681886427788,48.022255972691305],[-107.36790198627814,48.02195814912063]],[[-107.36805452199516,48.02223639651885],[-107.36806161111024,48.022245188317896],[-107.36806807689608,48.022240599041794],[-107.36805452199516,48.02223639651885]],[[-107.36804408371471,48.02229909939985],[-107.36805132787902,48.02231238574415],[-107.36805763863495,48.02230330192881],[-107.36804408371471,48.02229909939985]]]]}"
000000000000000000c6,11192,0,0,0,"{""type"":""Polygon"",""coordinates"":[[[-107.36842863884677,48.02226438093784],[-107.3684159638084,48.02227803829901],[-107.36839520913114,48.022260620485994],[-107.36840120653353,48.02224714464195],[-107.36840788416761,48.02224696313216],[-107.36791697585976,48.021850643517695],[-107.36790198627814,48.02195814912063],[-107.3681886427788,48.022255972691305],[-107.3681952189803,48.022255806969],[-107.36819563052002,48.02226478025493],[-107.3683284283863,48.02240048883937],[-107.36833313434049,48.0223601797884],[-107.36835895286646,48.02234175160412],[-107.36838977839513,48.02228756415067],[-107.3684037003523,48.02230066895219],[-107.36839811452866,48.02232311810427],[-107.36841177999628,48.022331744151224],[-107.36843216776535,48.02234025965053],[-107.36841255853922,48.022349619780805],[-107.36841343850183,48.022367479643854],[-107.3683875753273,48.02238583688662],[-107.36843497179862,48.022402773134125],[-107.36847951958383,48.02235712489616],[-107.36847915261654,48.02234822256269],[-107.36849198276303,48.02233905970887],[-107.36850465780738,48.02232540232155],[-107.36842863884677,48.02226438093784]]]}"
000000000000000000b1,11193,0,0,0,"{""type"":""GeometryCollection"",""geometries"":[{""type"":""LineString"",""coordinates"":[[-107.3685044830494,48.022320905196686],[-107.3685046875749,48.02232536742631]]},{""type"":""Polygon"",""coordinates"":[[[-107.3680552791923,48.02181651440787],[-107.36802262841813,48.021830629303196],[-107.36794925980763,48.021827626402505],[-107.36792949581779,48.02183249184166],[-107.36792281829156,48.021832673313924],[-107.36791697585976,48.021850643517695],[-107.36840788416761,48.02224696313216],[-107.36843473765957,48.02225088931835],[-107.36842863884677,48.02226438093784],[-107.36850450270988,48.02232090778844],[-107.36852401049745,48.02231156341771],[-107.36850362270151,48.022303047943296],[-107.36851416168342,48.022240329253044],[-107.36854024564727,48.02223081914947],[-107.3684019628777,48.02211754460307],[-107.3680552791923,48.02181651440787]],[[-107.36841045408995,48.02215759295934],[-107.3684019628777,48.02211754460307],[-107.36839674404213,48.02214889597426],[-107.36841045408995,48.02215759295934]],[[-107.36841045408995,48.02215759295934],[-107.3683979341735,48.02217574481001],[-107.36841894531683,48.022197641345144],[-107.36843058525818,48.02216162968576],[-107.36841045408995,48.02215759295934]]]}]}"
00000000000000000089,11194,0,0,0,"{""type"":""Polygon"",""coordinates"":[[[-107.36861859929344,48.02205058694465],[-107.36859174586918,48.022046660823314],[-107.36859137887008,48.022037758543924],[-107.36855070493625,48.02202071193124],[-107.368562132809,48.02198029261632],[-107.36854096655239,48.02195390170248],[-107.36854071002865,48.021949422974174],[-107.36807478671761,48.02180717022537],[-107.36806821060381,48.021807335935776],[-107.3680552791923,48.02181651440787],[-107.36854024564727,48.02223081914947],[-107.36856673219104,48.02222584298456],[-107.36857257442924,48.02220787261716],[-107.36856569704385,48.02220348865059],[-107.36855824078796,48.022185794594726],[-107.36853039680591,48.022159585097135],[-107.3685775366134,48.022172042457015],[-107.36860361147932,48.02215809302347],[-107.36862348617939,48.02215765096202],[-107.36862907184624,48.02213520187181],[-107.36856966872253,48.022145375149755],[-107.3685560032582,48.02213674915597],[-107.36860831709267,48.02211778415447],[-107.36861462771421,48.02210870033965],[-107.3686409681213,48.022103668975596],[-107.36862062502183,48.02209522452345],[-107.36866683103398,48.02208531177012],[-107.36864618675534,48.02207231762333],[-107.36860629138087,48.022073146555734],[-107.36861859929344,48.02205058694465]],[[-107.36859299292627,48.02207342286277],[-107.36860008218397,48.02208221459096],[-107.36860629138087,48.022073146555734],[-107.36859299292627,48.02207342286277]],[[-107.36859174586918,48.022046660823314],[-107.36857870395396,48.02205141586433],[-107.36859221428733,48.0220555473315],[-107.36859174586918,48.022046660823314]],[[-107.36859299292627,48.02207342286277],[-107.36859262592723,48.02206452057883],[-107.3685794379456,48.022069220429536],[-107.36859299292627,48.02207342286277]],[[-107.3685560032582,48.02213674915597],[-107.36855559162827,48.02212777589583],[-107.36854244826499,48.02213254671274],[-107.3685560032582,48.02213674915597]],[[-107.36860107271538,48.02210449790711],[-107.36855397761155,48.02209211153829],[-107.3685540880762,48.02209653508647],[-107.3685279027902,48.02210606093959],[-107.36854203663833,48.022123573453186],[-107.36860107271538,48.02210449790711]]]}"
0000000000000000009e,11195,0,0,0,"{""type"":""Polygon"",""coordinates"":[[[-107.36817298327385,48.021769461902075],[-107.36816005188713,48.02177864038103],[-107.36814712049568,48.02178781885996],[-107.36807478671761,48.02180717022537],[-107.36854071002865,48.021949422974174],[-107.368547175735,48.021944833693716],[-107.3685251741214,48.02190065405142],[-107.36854468167742,48.02189130975746],[-107.36854327954235,48.02186005331664],[-107.36852273687047,48.02184704342184],[-107.36854078548363,48.02180652946708],[-107.36817298327385,48.021769461902075]],[[-107.368441231385,48.02181305274573],[-107.36842094530618,48.02180452155484],[-107.36842892348264,48.021835612231314],[-107.368441231385,48.02181305274573]]]}"
000000000000000000af,11196,0,0,0,"{""type"":""GeometryCollection"",""geometries"":[{""type"":""LineString"",""coordinates"":[[-107.36862279546507,48.021706561107436],[-107.36862944691633,48.021706423894244]]},{""type"":""Polygon"",""coordinates"":[[[-107.3680892537899,48.021686268214786],[-107.36811005260017,48.021703756880335],[-107.36815093763866,48.02172521134163],[-107.36817095806953,48.02172482457856],[-107.3681977096769,48.021728766575976],[-107.36817257173291,48.02176048870106],[-107.36817298327385,48.021769461902075],[-107.36854078548363,48.02180652946708],[-107.36854621601374,48.02177958604689],[-107.3686227778881,48.021706600034925],[-107.3680892537899,48.021686268214786]],[[-107.36847289167248,48.021776654524075],[-107.36848009130166,48.021789869735954],[-107.36849302265992,48.02178069121256],[-107.36847289167248,48.021776654524075]],[[-107.36847289167248,48.021776654524075],[-107.36847252469829,48.02176775228957],[-107.36845959334276,48.021776930807846],[-107.36847289167248,48.021776654524075]]]}]}"
000000000000000000b5,11197,0,1,0,"{""type"":""MultiPolygon"",""coordinates"":[[[[-107.36775532906694,48.02151896900604],[-107.36776950687394,48.02153655241889],[-107.36779776111511,48.02157173502659],[-107.36781105927808,48.02157145884],[-107.36790957736837,48.02154258220954],[-107.36775532906694,48.02151896900604]]],[[[-107.36803003932572,48.021557971688914],[-107.36799661042564,48.0215542111281],[-107.36802470991975,48.02158489920118],[-107.3680712252373,48.021583975794336],[-107.36807206041343,48.02160176443821],[-107.36813730474985,48.02157362147765],[-107.36803003932572,48.021557971688914]]],[[[-107.36824482688112,48.02159374984459],[-107.3682529062855,48.02162482464305],[-107.36821999920363,48.02163446084631],[-107.36820074826154,48.02164828372903],[-107.36816158733096,48.021666916889195],[-107.36812085739807,48.02164995693184],[-107.36811522692017,48.021672334823826],[-107.36808904195956,48.021681860471475],[-107.3680892537899,48.021686268214786],[-107.36862945544046,48.02170641851364],[-107.36866810330336,48.021678827738704],[-107.36868077805856,48.02166517050785],[-107.3687072195745,48.021660123403436],[-107.36824482688112,48.02159374984459]]]]}"
000000000000000000b4,11198,0,0,0,"{""type"":""MultiPolygon"",""coordinates"":[[[[-107.36798962286302,48.02154540366508],[-107.36799661042564,48.0215542111281],[-107.36803003932572,48.021557971688914],[-107.36798962286302,48.02154540366508]]],[[[-107.36803003932572,48.021557971688914],[-107.36813730474985,48.02157362147765],[-107.36816353427261,48.02156416680296],[-107.36821433494357,48.02150952249963],[-107.36825526452756,48.02153104780352],[-107.36825662179294,48.021562233093334],[-107.36824420347041,48.021580368940626],[-107.36824482688112,48.02159374984459],[-107.3687072195745,48.021660123403436],[-107.36874028186455,48.021654981500404],[-107.36867254312966,48.02162960125893],[-107.36866571046517,48.021625288310254],[-107.36863860078618,48.02161688352765],[-107.36861200419607,48.0216174361359],[-107.36858441707422,48.02159570562775],[-107.36795461341721,48.02136301579643],[-107.36794778093632,48.021358702813885],[-107.36789345234034,48.02133746940552],[-107.36790095273524,48.021355234203114],[-107.36791570923553,48.021386127430006],[-107.36791633252989,48.021399508289356],[-107.36792445624376,48.02143065397288],[-107.36785869927803,48.02144983932587],[-107.36787924136094,48.021462849279146],[-107.3678664114754,48.02147201189079],[-107.36785352480668,48.02148126123866],[-107.3678335045746,48.021481647928546],[-107.36780147735386,48.02150914353951],[-107.36778698950265,48.02148257121194],[-107.36772003066905,48.021475065681976],[-107.36773431881106,48.021497072587],[-107.36775532906694,48.02151896900604],[-107.36790957736837,48.02154258220954],[-107.36793570544242,48.02153314337542],[-107.36798899954476,48.02153202276948],[-107.36802889407731,48.02153119412406],[-107.36803003932572,48.021557971688914]],[[-107.36796185739465,48.02137630191443],[-107.36796894633771,48.02138509358011],[-107.36797515551086,48.021376025707276],[-107.36796185739465,48.02137630191443]],[[-107.3679248230897,48.02143955615536],[-107.3679379094096,48.021434872229335],[-107.36792445624376,48.02143065397288],[-107.3679248230897,48.02143955615536]],[[-107.3679256014201,48.02145743148933],[-107.3679260696829,48.0214663179046],[-107.36793915601257,48.021461633975754],[-107.3679256014201,48.02145743148933]],[[-107.36791391670755,48.02149337164132],[-107.36791442960572,48.021502329027356],[-107.36792747130959,48.021497574132034],[-107.36791391670755,48.02149337164132]]]]}"
000000000000000000ad,11199,0,0,0,"{""type"":""MultiPolygon"",""coordinates"":[[[[-107.36871968240713,48.02164205843608],[-107.36869267410579,48.0216336378944],[-107.36867254312966,48.02162960125893],[-107.36874028186455,48.021654981500404],[-107.3687467475059,48.021650392233965],[-107.36871968240713,48.02164205843608]]],[[[-107.36792713745079,48.021345708672584],[-107.36791347250755,48.021337082705834],[-107.36789980757251,48.02132845673835],[-107.36787942057624,48.02131994127089],[-107.36789345234034,48.02133746940552],[-107.36794778093632,48.021358702813885],[-107.36792713745079,48.021345708672584]]],[[[-107.36820451871291,48.02129532627638],[-107.36819784126406,48.021295507763995],[-107.36807102465686,48.02128913122866],[-107.36805104912064,48.0212895889253],[-107.36803278855591,48.02132569467703],[-107.3680003500525,48.021344217135706],[-107.36798120963985,48.02136246338269],[-107.36795461341721,48.02136301579643],[-107.36858441707422,48.02159570562775],[-107.36855678535147,48.0215739041554],[-107.36862191914597,48.02154133738021],[-107.36820451871291,48.02129532627638]],[[-107.36809156677977,48.02130214109543],[-107.36809953558705,48.02132879225277],[-107.36811179880571,48.0213061620651],[-107.36809156677977,48.02130214109543]]]]}"
000000000000000000b3,11200,0,0,0,"{""type"":""Polygon"",""coordinates"":[[[-107.36843834422312,48.0213128733364],[-107.36841123488432,48.02130446853103],[-107.36820451871291,48.02129532627638],[-107.36862191914597,48.02154133738021],[-107.36863496087673,48.021536582384364],[-107.36867324152193,48.02150008951483],[-107.36868612811207,48.02149084005536],[-107.36869869230449,48.021472759378085],[-107.36843834422312,48.0213128733364]]]}"
000000000000000000a5,11201,0,0,0,"{""type"":""Polygon"",""coordinates"":[[[-107.36843834422312,48.0213128733364],[-107.36869869230449,48.021472759378085],[-107.3687108538801,48.02145014482978],[-107.36876305623034,48.02142675652696],[-107.36881525854393,48.02140336820709],[-107.36888541047448,48.02133488504419],[-107.36892530517481,48.021334056024386],[-107.36894481240634,48.02132471175844],[-107.36895102139806,48.02131564383745],[-107.36843834422312,48.0213128733364]]]}"
000000000000000000a3,11202,0,0,0,"{""type"":""Polygon"",""coordinates"":[[[-107.3688358509525,48.02112601312389],[-107.36882923026629,48.02112610791909],[-107.36881593211899,48.02112638424424],[-107.36841123488432,48.02130446853103],[-107.36843834422312,48.0213128733364],[-107.36895102139806,48.02131564383745],[-107.36895774354399,48.02131553325957],[-107.36898397291039,48.021306078410916],[-107.36898345974679,48.02129712107095],[-107.36900285643014,48.021283353322644],[-107.3690093219889,48.02127876407319],[-107.3688358509525,48.02112601312389]]]}"
000000000000000000ab,11203,0,0,0,"{""type"":""GeometryCollection"",""geometries"":[{""type"":""LineString"",""coordinates"":[[-107.36820448581015,48.02129534346274],[-107.36819783440974,48.02129548065045]]},{""type"":""Polygon"",""coordinates"":[[[-107.36872159794748,48.021101556916705],[-107.36862825458238,48.021099012388554],[-107.36820451871291,48.02129532627638],[-107.36841123488432,48.02130446853103],[-107.36881593211899,48.02112638424424],[-107.36872159794748,48.021101556916705]]]}]}"
000000000000000000b2,11204,0,0,0,"{""type"":""Polygon"",""coordinates"":[[[-107.36855405143704,48.0210782215097],[-107.3683154199565,48.02110099859601],[-107.36829183959331,48.021168470806174],[-107.36826612334261,48.02118688276507],[-107.36823927067438,48.02118295659059],[-107.36822659600202,48.02119661363501],[-107.36819974334288,48.02119268744848],[-107.36812766721377,48.0212165172711],[-107.36813590152157,48.021252086301665],[-107.36813093915055,48.021287915813396],[-107.36808411092494,48.02128444729746],[-107.36807102465686,48.02128913122866],[-107.36819784126406,48.021295507763995],[-107.36862825458238,48.021099012388554],[-107.36855405143704,48.0210782215097]]]}"
000000000000000000bd,11205,0,0,0,"{""type"":""Polygon"",""coordinates"":[[[-107.3678793763326,48.02102959258473],[-107.36792635915153,48.021037555620005],[-107.36791394091514,48.021055691240335],[-107.36798079777182,48.02106321236054],[-107.36798767484676,48.0210675962814],[-107.36800739378738,48.02106265994795],[-107.36802756888038,48.02106676765654],[-107.36802110331105,48.02107135682141],[-107.3680081721688,48.02108053515113],[-107.36799549748314,48.02109419213856],[-107.36802198311491,48.021089216255554],[-107.36803564801481,48.02109784216704],[-107.36805562344473,48.021097384478],[-107.36807476368732,48.021079138312956],[-107.36808806171315,48.021078862094],[-107.36811465777015,48.02107830965042],[-107.36812857917961,48.02109141420281],[-107.36816039404215,48.02105951102486],[-107.36819319917842,48.02104989073337],[-107.368219428321,48.02104043614773],[-107.3682722535249,48.021030429069675],[-107.36829848265636,48.021020974466175],[-107.36833165472359,48.0210202562419],[-107.36831313803177,48.02105188319902],[-107.36832162901489,48.02109193075291],[-107.3683154199565,48.02110099859601],[-107.36855405143704,48.0210782215097],[-107.36824179341157,48.020803240886046],[-107.36823547395633,48.02080788523229],[-107.3681892250325,48.02081772652814],[-107.36817012960756,48.02083604358379],[-107.36813122604983,48.02085915505613],[-107.36805279548132,48.020891997256065],[-107.36801977867637,48.020897209789005],[-107.36801331313819,48.02090179893767],[-107.36799401793209,48.020915550612],[-107.36794729167076,48.020912066268316],[-107.36790817617397,48.02093077000614],[-107.36785862266606,48.02101217504563],[-107.36789205102,48.0210159356295],[-107.3678793763326,48.02102959258473]],[[-107.36807770092045,48.02099867223983],[-107.36806419109297,48.020994540770765],[-107.36807128000488,48.02100333236548],[-107.36807770092045,48.02099867223983]],[[-107.36804086689514,48.021066491444486],[-107.36804816764096,48.02107969074521],[-107.3680543767418,48.02107062292203],[-107.36804086689514,48.021066491444486]],[[-107.36804086689514,48.021066491444486],[-107.3680337779823,48.02105769983693],[-107.36802756888038,48.02106676765654],[-107.36804086689514,48.021066491444486]],[[-107.36799505277327,48.02093790440939],[-107.3679814983505,48.02093370196866],[-107.36798858722625,48.020942493560185],[-107.36799505277327,48.02093790440939]],[[-107.36797084872528,48.02099199558204],[-107.36795739570553,48.02098777736222],[-107.36796448458267,48.020996568964584],[-107.36797084872528,48.02099199558204]],[[-107.36793116661164,48.02099723186538],[-107.36794425277058,48.020992547982196],[-107.36793742035522,48.0209882350278],[-107.36793116661164,48.02099723186538]],[[-107.367918280126,48.02100648113334],[-107.36793157810379,48.02100620493771],[-107.36793116661164,48.02099723186538],[-107.36791786863714,48.02099750806083],[-107.367918280126,48.02100648113334]],[[-107.36789205102,48.0210159356295],[-107.36791243786281,48.02102445104866],[-107.367918280126,48.02100648113334],[-107.36789168417579,48.021007033518956],[-107.36789205102,48.0210159356295]]]}"
000000000000000000ac,11206,0,0,0,"{""type"":""Polygon"",""coordinates"":[[[-107.3684972500149,48.02085606444222],[-107.3684906294009,48.020856159211704],[-107.36847065400895,48.02085661698836],[-107.3684083474642,48.020804293991695],[-107.36844078541485,48.02078577160016],[-107.36841278739793,48.02075506834443],[-107.368386713552,48.0207690173259],[-107.3683726370262,48.02075141849386],[-107.36839886595787,48.0207419639184],[-107.36837076660262,48.02071127644618],[-107.36835746866839,48.0207115527001],[-107.36835125968913,48.02072062047756],[-107.36833175276988,48.02072996450679],[-107.36832528727875,48.020734553660645],[-107.36831235629296,48.020743731968324],[-107.36830009338888,48.02076636193029],[-107.36830071683646,48.02077974262466],[-107.36830145073033,48.02079754676153],[-107.36826155686973,48.020798375491744],[-107.36824179341157,48.020803240886046],[-107.36855405143704,48.0210782215097],[-107.36862825458238,48.021099012388554],[-107.36872159794748,48.021101556916705],[-107.3684972500149,48.02085606444222]]]}"
000000000000000000ae,11207,1,0,1,"{""type"":""MultiPolygon"",""coordinates"":[[[[-107.36866230108299,48.02082587704185],[-107.36862908443346,48.02082652441323],[-107.36857625940968,48.02083653164441],[-107.36851675699798,48.02084672035514],[-107.3684972500149,48.02085606444222],[-107.36872159794748,48.021101556916705],[-107.36881593211899,48.02112638424424],[-107.36882923026629,48.02112610791909],[-107.36866230108299,48.02082587704185]]],[[[-107.36837076660262,48.02071127644618],[-107.36839886595787,48.0207419639184],[-107.36841216390883,48.020741687658145],[-107.36841190739432,48.020737209033065],[-107.36843229432831,48.02074572429392],[-107.36841278739793,48.02075506834443],[-107.36844078541485,48.02078577160016],[-107.36844725090961,48.02078118243393],[-107.36845951375025,48.020758552448335],[-107.36847839716754,48.02073582770395],[-107.36849779361462,48.02072206021165],[-107.3684433547984,48.020696403937194],[-107.36843647769888,48.020692020080794],[-107.36840367286095,48.020701640382164],[-107.36839736247641,48.02071072393265],[-107.36837076660262,48.02071127644618]],[[-107.36847119770438,48.02072261275409],[-107.36845169078799,48.02073195680803],[-107.36847839716754,48.02073582770395],[-107.36847119770438,48.02072261275409]],[[-107.36840445144618,48.020719515453536],[-107.36841738241357,48.02071033713815],[-107.36839736247641,48.02071072393265],[-107.36840445144618,48.020719515453536]]]]}"
000000000000000000a8,11208,0,0,0,"{""type"":""Polygon"",""coordinates"":[[[-107.36884189750562,48.02082217444168],[-107.3688162921331,48.02084500985781],[-107.36872967134778,48.0208423548625],[-107.36870887254213,48.0208248666194],[-107.36867559910111,48.02082560074288],[-107.36866230108299,48.02082587704185],[-107.36882923026629,48.02112610791909],[-107.3688358509525,48.02112601312389],[-107.36887335221942,48.02107164528668],[-107.36884189750562,48.02082217444168]],[[-107.3687970417221,48.020858832638176],[-107.36878348711535,48.02085463032193],[-107.36878385417855,48.02086353239754],[-107.3687970417221,48.020858832638176]]]}"
000000000000000000a7,11209,0,0,0,"{""type"":""Polygon"",""coordinates"":[[[-107.3691001648223,48.02064707498048],[-107.36908065796817,48.02065641914739],[-107.36901557050805,48.02068905660319],[-107.3689961741586,48.020702824189144],[-107.36898338930912,48.020712057770034],[-107.36901050764921,48.02072490152382],[-107.36901113135771,48.02073828219634],[-107.36902489793293,48.020746892129594],[-107.36901274589474,48.0207739456097],[-107.36901325907125,48.02078290285956],[-107.36899360608324,48.020792191844684],[-107.36894713594053,48.02079318663479],[-107.36892053985265,48.02079373930722],[-107.36890672866107,48.02078505838762],[-107.36886683455772,48.020785887375816],[-107.36885478382641,48.02081292508629],[-107.36884189750562,48.02082217444168],[-107.36887335221942,48.02107164528668],[-107.3689375601501,48.021021148273185],[-107.36902879538626,48.02083167065045],[-107.36902133907952,48.02081397709607],[-107.36903463714403,48.020813700746146],[-107.369107254003,48.02065586643332],[-107.3691001648223,48.02064707498048]],[[-107.36904580745643,48.02076880370688],[-107.3690325094064,48.02076908005775],[-107.36903959858601,48.02077787153612],[-107.36904580745643,48.02076880370688]]]}"
000000000000000000a1,11210,0,0,0,"{""type"":""Polygon"",""coordinates"":[[[-107.36924020660862,48.02079606398873],[-107.36923348453622,48.02079617458347],[-107.36916272918674,48.02070387595664],[-107.369107254003,48.02065586643332],[-107.36903463714403,48.020813700746146],[-107.36904793521032,48.02081342439435],[-107.36902879538626,48.02083167065045],[-107.3689375601501,48.021021148273185],[-107.36920660389447,48.02093521033656],[-107.36929667323456,48.02086635632206],[-107.36924020660862,48.02079606398873]],[[-107.36920145848933,48.020823670272144],[-107.36918132777238,48.0208196337995],[-107.3691884170073,48.02082842527396],[-107.36920145848933,48.020823670272144]],[[-107.36911901979168,48.020767311338446],[-107.3690989996743,48.02076769828455],[-107.36910608887464,48.02077648975725],[-107.36911901979168,48.020767311338446]],[[-107.36909279081337,48.02077676611681],[-107.36907240356182,48.020768250999495],[-107.36905998582765,48.020786386662216],[-107.36909279081337,48.02077676611681]]]}"
000000000000000000aa,11211,0,0,0,"{""type"":""Polygon"",""coordinates"":[[[-107.3689375601501,48.021021148273185],[-107.36887335221942,48.02107164528668],[-107.3688358509525,48.02112601312389],[-107.3690093219889,48.02127876407319],[-107.36902220846176,48.02126951461065],[-107.36907441053326,48.02124612622605],[-107.36920660389447,48.02093521033656],[-107.3689375601501,48.021021148273185]]]}"
000000000000000000b0,11212,0,0,0,"{""type"":""Polygon"",""coordinates"":[[[-107.36929667323456,48.02086635632206],[-107.36920660389447,48.02093521033656],[-107.36907441053326,48.02124612622605],[-107.36908745216492,48.02124137119798],[-107.36914586312957,48.02120891487782],[-107.36917943832691,48.02121273019723],[-107.3692190764093,48.02120742239638],[-107.36928619139228,48.021219421250414],[-107.36930350589006,48.02087066916338],[-107.36929667323456,48.02086635632206]]]}"
000000000000000000a4,11213,0,0,0,"{""type"":""Polygon"",""coordinates"":[[[-107.36941863981849,48.02091298390137],[-107.36937770967305,48.020891459363106],[-107.36930350589006,48.02087066916338],[-107.36928619139228,48.021219421250414],[-107.36938449701292,48.02118613561519],[-107.36943132591684,48.02118960347183],[-107.36943779143628,48.02118501420269],[-107.36941863981849,48.02091298390137]]]}"
000000000000000000b6,11214,0,0,0,"{""type"":""Polygon"",""coordinates"":[[[-107.36955364840378,48.02095485629212],[-107.36951944019245,48.02093322118321],[-107.36941863981849,48.02091298390137],[-107.36943779143628,48.02118501420269],[-107.36951012436599,48.02116566206008],[-107.3695562280048,48.0211557648517],[-107.36958209002479,48.021137407754594],[-107.36955364840378,48.02095485629212]]]}"
000000000000000000de,11215,0,0,0,"{""type"":""Polygon"",""coordinates"":[[[-107.36965444911398,48.02097509343959],[-107.36955364840378,48.02095485629212],[-107.36958209002479,48.021137407754594],[-107.36958829886967,48.02112833982851],[-107.36962147148552,48.02112762114226],[-107.36965504683744,48.02113143628515],[-107.36974688680596,48.02110273961365],[-107.36976002981491,48.02109796873448],[-107.36965444911398,48.02097509343959]]]}"
000000000000000000b7,11216,0,0,0,"{""type"":""Polygon"",""coordinates"":[[[-107.37000750821241,48.02083386124665],[-107.36965444911398,48.02097509343959],[-107.36976002981491,48.02109796873448],[-107.36987023016366,48.02103315032634],[-107.36989014917118,48.021032778983034],[-107.36999414050676,48.02097702843529],[-107.37001328014631,48.020958781940315],[-107.37006522500086,48.02093091453534],[-107.37007711976193,48.02089938222541],[-107.37016175902788,48.02085747045125],[-107.37000750821241,48.02083386124665]]]}"
000000000000000000a0,11217,0,0,0,"{""type"":""Polygon"",""coordinates"":[[[-107.36983209095987,48.02078386177081],[-107.36951944019245,48.02093322118321],[-107.36955364840378,48.02095485629212],[-107.36965444911398,48.02097509343959],[-107.37000750821241,48.02083386124665],[-107.36983209095987,48.02078386177081]]]}"
000000000000000000a2,11218,1,0,1,"{""type"":""Polygon"",""coordinates"":[[[-107.36981827020666,48.02077074178876],[-107.3697710296399,48.02075830112993],[-107.36976482089776,48.02076736900108],[-107.36972445774067,48.02075931207853],[-107.36971059240798,48.02074612112295],[-107.36969036014627,48.02074210053994],[-107.36937770967305,48.020891459363106],[-107.36941863981849,48.02091298390137],[-107.36951944019245,48.02093322118321],[-107.36983209095987,48.02078386177081],[-107.36981827020666,48.02077074178876]]]}"
0000000000000000009c,11219,0,0,0,"{""type"":""GeometryCollection"",""geometries"":[{""type"":""LineString"",""coordinates"":[[-107.36924702361958,48.02080039228486],[-107.36924016770978,48.02079606730346]]},{""type"":""Polygon"",""coordinates"":[[[-107.36926680278836,48.02079551122522],[-107.36927922045403,48.02077737553426],[-107.36924604827087,48.02077809408621],[-107.36922441337582,48.0207428176522],[-107.36925669595692,48.020719800618785],[-107.36926952542167,48.02071063796347],[-107.36916272918674,48.02070387595664],[-107.36923348453622,48.02079617458347],[-107.3692464154476,48.020786996144146],[-107.36924703924124,48.02080037682886],[-107.36926680278836,48.02079551122522]]]},{""type"":""Polygon"",""coordinates"":[[[-107.36924703924124,48.02080037682886],[-107.36929667323456,48.02086635632206],[-107.36930350589006,48.02087066916338],[-107.36937770967305,48.020891459363106],[-107.36969036014627,48.02074210053994],[-107.36965677593098,48.020733846227735],[-107.36942310549526,48.02072079672976],[-107.36941752055692,48.020743245240595],[-107.36939894794963,48.02077495895409],[-107.369392951133,48.02078843446635],[-107.36941308190393,48.02079247089075],[-107.36939336298677,48.020797407487386],[-107.36940728494993,48.020810511769525],[-107.36938167977108,48.02083334732673],[-107.3693147773523,48.02082575627759],[-107.36931394155057,48.0208079679244],[-107.36926758179257,48.02081338631102],[-107.36924703924124,48.02080037682886]],[[-107.36934215261411,48.020843078586424],[-107.36934965374579,48.02086084308395],[-107.36936228339704,48.02084711502541],[-107.36934215261411,48.020843078586424]],[[-107.36930163445128,48.02083052706811],[-107.36931581300425,48.02084811000173],[-107.3693147773523,48.02082575627759],[-107.36930163445128,48.02083052706811]],[[-107.36930267009501,48.02085288079465],[-107.36930971473232,48.02086160130167],[-107.36932290228626,48.02085690146983],[-107.36930267009501,48.02085288079465]]]}]}"
0000000000000000009d,11220,0,0,0,"{""type"":""GeometryCollection"",""geometries"":[{""type"":""LineString"",""coordinates"":[[-107.36965010799167,48.02073401026412],[-107.36965674610941,48.02073387326601]]},{""type"":""Polygon"",""coordinates"":[[[-107.36949789376048,48.02060765389237],[-107.369465978578,48.02063957298405],[-107.36944647174008,48.02064891722368],[-107.36942310549526,48.02072079672976],[-107.36965009848184,48.02073402781462],[-107.36965010799167,48.02073401026412],[-107.36966236073809,48.02071139771033],[-107.36949789376048,48.02060765389237]]]},{""type"":""Polygon"",""coordinates"":[[[-107.36938834546756,48.02054289104655],[-107.36935756739292,48.0205971479046],[-107.36923846431681,48.02061294504577],[-107.3691001648223,48.02064707498048],[-107.369107254003,48.02065586643332],[-107.36916272918674,48.02070387595664],[-107.36926952542167,48.02071063796347],[-107.36927594621905,48.0207059777866],[-107.36929534252745,48.02069221014421],[-107.36933398905533,48.020664619669695],[-107.3693267445899,48.02065133384863],[-107.36939239901012,48.020632163582846],[-107.36940517462251,48.02061849077065],[-107.36943125744043,48.02060898074856],[-107.36940413890817,48.02059613714721],[-107.36944294052216,48.020573041060764],[-107.36938834546756,48.02054289104655]],[[-107.36928116403918,48.020674627258344],[-107.36928825328147,48.02068341870085],[-107.36930118414527,48.02067424027515],[-107.36928116403918,48.020674627258344]]]}]}"
000000000000000000a6,11221,0,0,0,"{""type"":""MultiPolygon"",""coordinates"":[[[[-107.36938834546756,48.02054289104655],[-107.36944294052216,48.020573041060764],[-107.36948168828727,48.02054543482102],[-107.36949348189268,48.02051391858247],[-107.36938834546756,48.02054289104655]]],[[[-107.36966102824736,48.020537252098904],[-107.36960137065172,48.02054294704863],[-107.36954916963454,48.02056633537905],[-107.36953007472982,48.02058465260446],[-107.3695169886871,48.020589336664756],[-107.36949789376048,48.02060765389237],[-107.36966236073809,48.02071139771033],[-107.36968113303554,48.020684249338224],[-107.36968770906182,48.020684083522916],[-107.36966102824736,48.020537252098904]]]]}"
00000000000000000099,11222,0,0,0,"{""type"":""MultiPolygon"",""coordinates"":[[[[-107.36979689132006,48.02073994412299],[-107.3697710296399,48.02075830112993],[-107.36981827020666,48.02077074178876],[-107.36981639819643,48.02073059979477],[-107.36979689132006,48.02073994412299]]],[[[-107.3697932742578,48.020516683626525],[-107.36976829341508,48.02055289976279],[-107.36972777522145,48.02054034849512],[-107.36972689456906,48.020522489285646],[-107.36967417104779,48.02053248128839],[-107.36966102824736,48.020537252098904],[-107.36968770906182,48.020684083522916],[-107.36974788028837,48.02068734572206],[-107.36981385753985,48.020677006221575],[-107.369807196329,48.02052978777746],[-107.3697932742578,48.020516683626525]]]]}"
0000000000000000009f,11223,0,0,0,"{""type"":""MultiPolygon"",""coordinates"":[[[[-107.369807196329,48.02052978777746],[-107.36981385753985,48.020677006221575],[-107.36983362107092,48.0206721405129],[-107.36992038866687,48.02067484967119],[-107.36997270047453,48.02065588450639],[-107.37000539478832,48.020641840253916],[-107.37001806885071,48.020628183134576],[-107.369807196329,48.02052978777746]]],[[[-107.3701948449649,48.02070936683428],[-107.37008606449005,48.0206580405423],[-107.37009326464569,48.020671255336914],[-107.37008084730412,48.02068939108834],[-107.37006906329006,48.02072534669539],[-107.37004235627836,48.02072147625967],[-107.37002968218619,48.02073513340734],[-107.37001675137401,48.020744311940746],[-107.36997163955348,48.02077649199628],[-107.36987517548565,48.020707045410795],[-107.36981639819643,48.02073059979477],[-107.36981827020666,48.02077074178876],[-107.36983209095987,48.02078386177081],[-107.37000750821241,48.02083386124665],[-107.37016175902788,48.02085747045125],[-107.37022038121404,48.020829421396265],[-107.37019290386809,48.02081211513379],[-107.37016087817129,48.02083961114266],[-107.37012703686456,48.02082687836649],[-107.37016505915531,48.020785906818254],[-107.37017736583292,48.0207633475936],[-107.37020980350698,48.02074482462469],[-107.37021622426049,48.02074016438288],[-107.3701948449649,48.02070936683428]]]]}"
0000000000000000009b,11224,0,0,0,"{""type"":""MultiPolygon"",""coordinates"":[[[[-107.37017951904507,48.02066500703558],[-107.37011720920447,48.02061268542562],[-107.37010494720089,48.02063531553898],[-107.37007809417916,48.02063138993023],[-107.37007918707774,48.020653656814964],[-107.37008606449005,48.0206580405423],[-107.3701948449649,48.02070936683428],[-107.37017951904507,48.02066500703558]],[[-107.37009884920376,48.02064880682727],[-107.37010593869942,48.020657598198504],[-107.37011886947022,48.020648419669335],[-107.37009884920376,48.02064880682727]]],[[[-107.36995123571148,48.02047770283915],[-107.36989903480564,48.02050109132818],[-107.3698999155428,48.0205189505266],[-107.36990053958108,48.02053233113226],[-107.36984672322895,48.02052005639075],[-107.36979973963348,48.02051209439566],[-107.3697932742578,48.020516683626525],[-107.369807196329,48.02052978777746],[-107.37001806885071,48.020628183134576],[-107.3700631358189,48.020595932191576],[-107.37009671090803,48.02059974714757],[-107.36995123571148,48.02047770283915]]]]}"
00000000000000000096,11225,0,0,0,"{""type"":""MultiPolygon"",""coordinates"":[[[[-107.37016382575669,48.02061174525085],[-107.37015736038101,48.02061633451501],[-107.37011720920447,48.02061268542562],[-107.37017951904507,48.02066500703558],[-107.37017852750196,48.02064272437481],[-107.37016382575669,48.02061174525085]]],[[[-107.37014824317816,48.02056290692816],[-107.37012164691617,48.020563459935985],[-107.37014115368488,48.020554115575926],[-107.37008828687718,48.020416810632916],[-107.3700815648122,48.02041692128615],[-107.37005559277056,48.02043085484798],[-107.37002962071651,48.0204447884068],[-107.36995123571148,48.02047770283915],[-107.37009671090803,48.02059974714757],[-107.37012988323067,48.02059902830002],[-107.3701492793487,48.02058526051777],[-107.37015585538975,48.02058509467026],[-107.37014824317816,48.02056290692816]]]]}"
00000000000000000097,11226,0,0,0,"{""type"":""MultiPolygon"",""coordinates"":[[[[-107.37017483944724,48.02056235391279],[-107.37014824317816,48.02056290692816],[-107.37015585538975,48.02058509467026],[-107.37018333255051,48.02060240087292],[-107.37016382575669,48.02061174525085],[-107.37017852750196,48.02064272437481],[-107.37019600655796,48.02058874374174],[-107.37017483944724,48.02056235391279]]],[[[-107.37025814251552,48.020346297449365],[-107.37021215040522,48.02036061821469],[-107.37018592168113,48.020370073212305],[-107.3701603617303,48.02039297973227],[-107.37008828687718,48.020416810632916],[-107.37014115368488,48.020554115575926],[-107.3701673825416,48.02054466055391],[-107.37018564101228,48.02050855498783],[-107.37021932676106,48.020516793302214],[-107.37027811800988,48.0203458393019],[-107.37027790590673,48.02034143168336],[-107.37025814251552,48.020346297449365]]]]}"
00000000000000000091,11227,0,0,0,"{""type"":""Polygon"",""coordinates"":[[[-107.37035435008931,48.02041126457773],[-107.37030512624395,48.02035425919103],[-107.37027811800988,48.0203458393019],[-107.37021932676106,48.020516793302214],[-107.37022604885401,48.020516682638394],[-107.37028126923805,48.0205602127377],[-107.3702482075789,48.02056535504879],[-107.37020283933857,48.02059305649284],[-107.37019600655796,48.02058874374174],[-107.37017852750196,48.02064272437481],[-107.37017951904507,48.02066500703558],[-107.3701948449649,48.02070936683428],[-107.37021622426049,48.02074016438288],[-107.3702418290965,48.02071732865204],[-107.37030857687273,48.02072042463394],[-107.37031213343322,48.02065333979792],[-107.37027249562044,48.02065864798787],[-107.37025247531572,48.02065903517896],[-107.37020637213175,48.020668932616786],[-107.37019891519235,48.020651239225174],[-107.37021180130799,48.02064198972271],[-107.37024299054094,48.020596705544335],[-107.37032762905446,48.02055479388535],[-107.37036142562435,48.0205674555648],[-107.37036814773671,48.02056734489041],[-107.37035435008931,48.02041126457773]]]}"
0000000000000000009a,11228,0,0,0,"{""type"":""Polygon"",""coordinates"":[[[-107.37035435008931,48.02041126457773],[-107.37036814773671,48.02056734489041],[-107.37042754900172,48.02055717085166],[-107.37049226852521,48.020515630529836],[-107.37051849736753,48.02050617541903],[-107.37053763659675,48.02048792899403],[-107.37056423292204,48.020487375869926],[-107.37059766209336,48.020491135451316],[-107.37035435008931,48.02041126457773]]]}"
00000000000000000081,11229,0,0,0,"{""type"":""Polygon"",""coordinates"":[[[-107.37092594882856,48.02039052512531],[-107.37099363186516,48.020415989881215],[-107.37102069729717,48.02042432283292],[-107.37106804930974,48.0204411861765],[-107.37115492844693,48.02044831758334],[-107.3711599325279,48.0204125595262],[-107.37115206280404,48.02038589337478],[-107.3711585280861,48.020381304066085],[-107.3711109192093,48.020359962209895],[-107.37030512624395,48.02035425919103],[-107.37035435008931,48.02041126457773],[-107.37059766209336,48.020491135451316],[-107.37072090147532,48.020421561722074],[-107.37076715053507,48.020411719275295],[-107.37083213580806,48.02037909659682],[-107.370873168342,48.02040060450362],[-107.37087353591974,48.020409506480874],[-107.37087431571976,48.020427381401454],[-107.37090049986783,48.02041785524178],[-107.37090571635032,48.02038650483178],[-107.37092594882856,48.02039052512531]],[[-107.37090571635032,48.02038650483178],[-107.37089872806371,48.02037769779598],[-107.37089226276909,48.02038228708714],[-107.37090571635032,48.02038650483178]],[[-107.37068710477487,48.02040890020806],[-107.37056033186349,48.02040259806128],[-107.37054244123871,48.02044760560382],[-107.37057649465159,48.020464745768756],[-107.37060908736696,48.02045071714051],[-107.3706681210093,48.02043164099289],[-107.37068710477487,48.02040890020806]]]}"
0000000000000000008c,11230,0,0,0,"{""type"":""Polygon"",""coordinates"":[[[-107.37091297321628,48.020252391303615],[-107.3708721976156,48.02023536203931],[-107.37085243422857,48.02024022791792],[-107.37083251544121,48.02024059945004],[-107.37080591921678,48.02024115264345],[-107.37079799302975,48.02021457327824],[-107.37077781745911,48.02021046623207],[-107.37034883364144,48.020290823819934],[-107.37039722116208,48.020330040947144],[-107.37035728227296,48.02033079959069],[-107.37034398419463,48.02033107612196],[-107.37033068611808,48.020331352651354],[-107.37031738804329,48.02033162917886],[-107.37030408997029,48.02033190570448],[-107.37027790590673,48.02034143168336],[-107.37027811800988,48.0203458393019],[-107.37030512624395,48.02035425919103],[-107.3711109192093,48.020359962209895],[-107.37091297321628,48.020252391303615]]]}"
00000000000000000090,11231,0,0,0,"{""type"":""Polygon"",""coordinates"":[[[-107.37075085372076,48.02020211746442],[-107.37053616705036,48.020166330117945],[-107.37033805567239,48.02020166263759],[-107.37033872452065,48.0202151141165],[-107.37035896600166,48.020223573679374],[-107.37037976565834,48.020241061341565],[-107.37032818931856,48.02027783048257],[-107.37034883364144,48.020290823819934],[-107.37077781745911,48.02021046623207],[-107.37075085372076,48.02020211746442]]]}"
00000000000000000098,11232,0,0,0,"{""type"":""GeometryCollection"",""geometries"":[{""type"":""LineString"",""coordinates"":[[-107.3703504249761,48.02003618802013],[-107.37036413677137,48.02004483785124]]},{""type"":""Polygon"",""coordinates"":[[[-107.37024272956239,48.02015455480563],[-107.37026363978975,48.02017646585107],[-107.3702829910083,48.02016262719802],[-107.37034342788662,48.020174806717],[-107.37033805567239,48.02020166263759],[-107.37053616705036,48.020166330117945],[-107.37040549445761,48.02007525048148],[-107.37038609866367,48.0200890181731],[-107.37032251759453,48.02015289569131],[-107.37032732237734,48.02011257256666],[-107.37030046963665,48.02010864705234],[-107.37028618001774,48.02008664115179],[-107.37026604932952,48.020082604963214],[-107.37025921662432,48.02007829225679],[-107.3701874083849,48.020111040779724],[-107.37019585680704,48.02015101643257],[-107.37023538336496,48.0201412849647],[-107.37024272956239,48.02015455480563]],[[-107.370308338638,48.020135313150675],[-107.37028820791663,48.02013127696383],[-107.37029566482715,48.020148970173295],[-107.370308338638,48.020135313150675]],[[-107.37023538336496,48.0201412849647],[-107.37025514664262,48.02013641922536],[-107.37024148121999,48.020127793802274],[-107.37023538336496,48.0201412849647]]]}]}"
0000000000000000008b,11233,0,0,0,"{""type"":""GeometryCollection"",""geometries"":[{""type"":""LineString"",""coordinates"":[[-107.3703577920363,48.019906508862086],[-107.37035093615738,48.01990218394595]]},{""type"":""Polygon"",""coordinates"":[[[-107.37035779917795,48.01990652589604],[-107.37035042985465,48.020036215173484],[-107.37036409528768,48.02004484056567],[-107.37037786214376,48.020053450183205],[-107.37038473951061,48.02005783383994],[-107.37040549445761,48.02007525048148],[-107.37053616705036,48.020166330117945],[-107.37075085372076,48.02020211746442],[-107.37035779917795,48.01990652589604]]]}]}"
0000000000000000008f,11234,0,0,0,"{""type"":""Polygon"",""coordinates"":[[[-107.37075216872735,48.02008598991497],[-107.37071604242331,48.02002414323472],[-107.37045213321896,48.0199313510486],[-107.37042516984721,48.019923002224544],[-107.37041829249574,48.01991861858163],[-107.37035055438426,48.01989324035333],[-107.37035096648533,48.01990221321037],[-107.37075085372076,48.02020211746442],[-107.37077781745911,48.02021046623207],[-107.37079799302975,48.02021457327824],[-107.37079074799487,48.02020128769668],[-107.37082344188238,48.020187243297975],[-107.37075216872735,48.02008598991497]]]}"
0000000000000000008d,11235,0,0,0,"{""type"":""GeometryCollection"",""geometries"":[{""type"":""LineString"",""coordinates"":[[-107.37045213704833,48.019931359841095],[-107.37045872784213,48.01993122377318]]},{""type"":""Polygon"",""coordinates"":[[[-107.37071371278901,48.01982771776096],[-107.3707007823845,48.01983689621705],[-107.37068785197525,48.019846074673126],[-107.37066875779314,48.01986439185482],[-107.37062302303505,48.01988319120963],[-107.37061034939029,48.019896848203814],[-107.37059726357602,48.019901532344235],[-107.3705980432555,48.01991940709648],[-107.37058500207674,48.01992416219847],[-107.37057144732697,48.0199199602139],[-107.37055272057741,48.01994717930174],[-107.37053254523083,48.019943072219235],[-107.37053192094928,48.01992969177464],[-107.37049786803765,48.01991255175651],[-107.37051700693775,48.01989430555112],[-107.37050292935892,48.01987670735319],[-107.37050246044906,48.01986782123708],[-107.37049396705885,48.019827774875075],[-107.37052577954586,48.019795871743],[-107.37051728613685,48.01975582543863],[-107.37054289013592,48.01973299007846],[-107.37056948592263,48.019732436974564],[-107.37066304018256,48.01973938714234],[-107.37068295866547,48.01973901565673],[-107.370709554496,48.01973846251278],[-107.37069588903535,48.01972983722112],[-107.37064761249157,48.019695044024495],[-107.37038167785443,48.019557616812826],[-107.37037588156032,48.01957565730741],[-107.3704108150878,48.019610656145076],[-107.37042547212663,48.019641563678974],[-107.3704201447258,48.01966849028672],[-107.3704718082918,48.01977910320911],[-107.37042064479543,48.01982484489944],[-107.37035055438426,48.01989324035333],[-107.37041829249574,48.01991861858163],[-107.3704174561327,48.01990083056091],[-107.37043758677517,48.019904866704806],[-107.37045872784213,48.01993122377318],[-107.37045875380838,48.01993125614589],[-107.37071604242331,48.02002414323472],[-107.37072763509445,48.01984082159955],[-107.37071371278901,48.01982771776096]],[[-107.37070823948073,48.01985458929008],[-107.37069472936662,48.0198504582896],[-107.37070203107491,48.01986365705672],[-107.37070823948073,48.01985458929008]]]}]}"
00000000000000000088,11236,0,0,0,"{""type"":""GeometryCollection"",""geometries"":[{""type"":""LineString"",""coordinates"":[[-107.3707446896689,48.020068246109766],[-107.3707521597125,48.02008595767367]]},{""type"":""Polygon"",""coordinates"":[[[-107.37090525912141,48.02023021954925],[-107.3708850835065,48.02022611252556],[-107.3708721976156,48.02023536203931],[-107.37091297321628,48.020252391303615],[-107.37090525912141,48.02023021954925]]]},{""type"":""Polygon"",""coordinates"":[[[-107.37082843481156,48.019861057106034],[-107.37082817799488,48.019856578570526],[-107.3707999657144,48.019821469039314],[-107.37077373736095,48.01983092409095],[-107.37074813336389,48.019853759555524],[-107.37072763509445,48.01984082159955],[-107.37071604242331,48.02002414323472],[-107.37074466692755,48.02006822580745],[-107.37080494872089,48.02007591067648],[-107.37075216872735,48.02008598991497],[-107.37082344188238,48.020187243297975],[-107.370836226345,48.02017800957406],[-107.37084269160445,48.020173420305504],[-107.37088941872771,48.02017690316606],[-107.37089639763086,48.02018127101886],[-107.37082859021366,48.01986555141623],[-107.37082843481156,48.019861057106034]],[[-107.37081550440634,48.019870235583475],[-107.37082259399855,48.019879026768336],[-107.37082859021366,48.01986555141623],[-107.37081550440634,48.019870235583475]],[[-107.37085678138384,48.020043619984406],[-107.37082967166168,48.02003521607704],[-107.37082408762834,48.02005766435256],[-107.37085678138384,48.020043619984406]],[[-107.37074875772612,48.01986713997723],[-107.37075647166138,48.0198893115943],[-107.37078244324583,48.0198753779984],[-107.37074875772612,48.01986713997723]],[[-107.3707777282532,48.0200630833824],[-107.37081787920377,48.020066732162384],[-107.37082408762834,48.02005766435256],[-107.3707777282532,48.0200630833824]]]}]}"
00000000000000000092,11237,0,0,0,"{""type"":""GeometryCollection"",""geometries"":[{""type"":""LineString"",""coordinates"":[[-107.3708281855417,48.01985659889377],[-107.37082839025005,48.01986106111781],[-107.37083504145329,48.019860923780854]]},{""type"":""Polygon"",""coordinates"":[[[-107.3713604723007,48.02014040427487],[-107.37136031683578,48.020135909943505],[-107.37132626304935,48.02011877017443],[-107.37131954094899,48.02011888091478],[-107.37084188819384,48.019865274822635],[-107.37082859021366,48.01986555141623],[-107.37089639763086,48.02018127101886],[-107.37090323047607,48.02018558368477],[-107.37101670507258,48.02019216198162],[-107.37105153855477,48.02022717673813],[-107.3709792070531,48.02024652966084],[-107.37090525912141,48.02023021954925],[-107.37091297321628,48.020252391303615],[-107.3711109192093,48.020359962209895],[-107.3711585280861,48.020381304066085],[-107.3712701300136,48.020347740430246],[-107.37125558272331,48.020321256021255],[-107.37118967160185,48.020335948871264],[-107.37111733984342,48.020355301945024],[-107.3711101392918,48.02034208731726],[-107.3711225561419,48.02032395156538],[-107.37114091516749,48.02028783021672],[-107.37117413222362,48.020287181970886],[-107.37113904167539,48.020247688656916],[-107.37119160981169,48.020233201560494],[-107.37120329126985,48.02019726195756],[-107.37130268815056,48.02018624171938],[-107.37134170118972,48.02016755266352],[-107.371374651922,48.02015798664464],[-107.37135400707379,48.02014499357464],[-107.3713604723007,48.02014040427487]],[[-107.37135400707379,48.02014499357464],[-107.37133424369254,48.02014985954408],[-107.37134779872473,48.02015406143203],[-107.37135400707379,48.02014499357464]],[[-107.37117660418254,48.020050432481874],[-107.37114338733704,48.02005108072029],[-107.37115037564725,48.020059887682635],[-107.37117660418254,48.020050432481874]]]}]}"
00000000000000000080,11238,0,0,0,"{""type"":""GeometryCollection"",""geometries"":[{""type"":""LineString"",""coordinates"":[[-107.37079994308372,48.01982145044448],[-107.3707997383781,48.01981698822031]]},{""type"":""Polygon"",""coordinates"":[[[-107.37130984209122,48.02005214448803],[-107.37128320122169,48.020052626851104],[-107.37127057230678,48.020066354935565],[-107.37122358822238,48.0200583937202],[-107.3712741269899,48.01999927095063],[-107.37129472707102,48.020012193043954],[-107.37134149891709,48.02001574663208],[-107.37136658907704,48.01998395385304],[-107.37139266209509,48.01997000429111],[-107.37135001260857,48.01991283403428],[-107.37134985714306,48.01990833972248],[-107.37120890543534,48.01988445618584],[-107.37120232944564,48.0198846221021],[-107.37119664423054,48.01990708610349],[-107.37115597014765,48.019890041295064],[-107.3711362069229,48.01989490719595],[-107.3711293740828,48.0198905945705],[-107.3710503211869,48.019910058130485],[-107.37106868002255,48.0198739370864],[-107.37108797417716,48.01986018509352],[-107.37088658628326,48.019824122116646],[-107.37086123914901,48.019851436141835],[-107.37083427561842,48.01984308744971],[-107.3707999657144,48.019821469039314],[-107.37082817799488,48.019856578570526],[-107.37083501077132,48.019860891216275],[-107.37084188819384,48.019865274822635],[-107.37116252613707,48.02003283434016],[-107.37131954094899,48.02011888091478],[-107.37131208347157,48.02010118780959],[-107.37135223475465,48.02010483635985],[-107.37132626304935,48.02011877017443],[-107.37136031683578,48.020135909943505],[-107.37137340275093,48.020131225675314],[-107.37141101105283,48.02008128134074],[-107.37147113797398,48.020084471450645],[-107.37141383006275,48.01999639353032],[-107.37137492803865,48.020019505909644],[-107.371368462835,48.0200240951992],[-107.37134223431144,48.02003355044741],[-107.37133628285986,48.020047096832734],[-107.37130984209122,48.02005214448803]],[[-107.37116252613707,48.02003283434016],[-107.37118871000806,48.02002330818062],[-107.3711554364122,48.02002404315796],[-107.37116252613707,48.02003283434016]],[[-107.37111039079004,48.01991333520555],[-107.37109730495956,48.019918019416146],[-107.37111101528367,48.019926715636785],[-107.37111039079004,48.01991333520555]],[[-107.37134994867529,48.020055722076386],[-107.37134958097657,48.020046820164254],[-107.37133628285986,48.020047096832734],[-107.37133665055534,48.020055998745036],[-107.37134994867529,48.020055722076386]],[[-107.37111039079004,48.01991333520555],[-107.37113698686582,48.01991278193486],[-107.3711362069229,48.01989490719595],[-107.37112327653645,48.01990408572039],[-107.37111039079004,48.01991333520555]],[[-107.37134994867529,48.020055722076386],[-107.3713502055551,48.020060200625934],[-107.37137049205931,48.02006873090127],[-107.37135098559786,48.02007807541707],[-107.37137137352735,48.020086589919934],[-107.37141001873924,48.02005899896102],[-107.37134994867529,48.020055722076386]]]}]}"
0000000000000000008a,11239,0,0,0,"{""type"":""MultiPolygon"",""coordinates"":[[[[-107.37069588903535,48.01972983722112],[-107.370709554496,48.01973846251278],[-107.37072978656401,48.019742482808326],[-107.37074261551624,48.01973332014004],[-107.37069588903535,48.01972983722112]]],[[[-107.37132822016838,48.01987306440307],[-107.37131492211682,48.01987334106602],[-107.37129604032287,48.019896065953375],[-107.37128832601906,48.01987389438622],[-107.37126157447338,48.01986995338997],[-107.37120890543534,48.01988445618584],[-107.37134985714306,48.01990833972248],[-107.37132822016838,48.01987306440307]]],[[[-107.37090307193009,48.01974785997486],[-107.37089712040432,48.01976140626079],[-107.37088419004321,48.019770584728896],[-107.37090598185269,48.019810354399155],[-107.37088658628326,48.019824122116646],[-107.37108797417716,48.01986018509352],[-107.37114648382934,48.019827712705684],[-107.3711385127822,48.0198010626237],[-107.37115702692894,48.01976943594172],[-107.37090307193009,48.01974785997486]]]]}"
00000000000000000087,11240,0,0,0,"{""type"":""Polygon"",""coordinates"":[[[-107.37118566236548,48.01966612069527],[-107.37095298611273,48.0196753573564],[-107.37094093705664,48.01970239471249],[-107.37089421049225,48.019698911894466],[-107.37089332924772,48.01968105299814],[-107.37064761249157,48.019695044024495],[-107.37069588903535,48.01972983722112],[-107.37074261551624,48.01973332014004],[-107.37074908069765,48.0197287309188],[-107.3707551336751,48.019715168875415],[-107.37082850066754,48.01971816954739],[-107.37090928027872,48.01973879221675],[-107.37090307193009,48.01974785997486],[-107.37115702692894,48.01976943594172],[-107.37117512873961,48.01972883645599],[-107.37119426734914,48.0197105901868],[-107.37118681000342,48.01969289720665],[-107.37119323050996,48.01968823699938],[-107.37118603002995,48.01967502254409],[-107.37119907112901,48.01967026738497],[-107.37118566236548,48.01966612069527]]]}"
0000000000000000008e,11241,0,0,0,"{""type"":""MultiPolygon"",""coordinates"":[[[[-107.37117857269422,48.01965732957508],[-107.37101442604259,48.01956242138938],[-107.37099491984752,48.01957176573545],[-107.37099569973057,48.01958964036658],[-107.37099653638337,48.019607428269026],[-107.37095867140958,48.01965289346695],[-107.37095908366318,48.019661866276245],[-107.37095298611273,48.0196753573564],[-107.37118566236548,48.01966612069527],[-107.37117857269422,48.01965732957508]]],[[[-107.37042779300103,48.01940032275146],[-107.3703730739353,48.01951314735138],[-107.37038094291299,48.019539813140675],[-107.37038167785443,48.019557616812826],[-107.37064761249157,48.019695044024495],[-107.37089332924772,48.01968105299814],[-107.37089270482883,48.01966767262644],[-107.37089192499829,48.019649797966466],[-107.37084431730761,48.019628456246224],[-107.37081114560024,48.01962917531216],[-107.37078341181405,48.01960739109249],[-107.37073705302106,48.01961281004121],[-107.37071795898396,48.019631127147306],[-107.37067181234066,48.01964095362389],[-107.37063739202978,48.01961491190119],[-107.37056314432651,48.0195940522056],[-107.37052883489814,48.019572433788994],[-107.37056674476595,48.01952703978504],[-107.37057926290629,48.019508888615476],[-107.37058572805427,48.01950429942581],[-107.37061665907567,48.01945453764473],[-107.37061624690327,48.01944556486747],[-107.37064247496923,48.01943610993593],[-107.37066844622991,48.01942217649991],[-107.37069529863236,48.01942610186815],[-107.37076142010605,48.019415817197434],[-107.37065212816084,48.01935553577691],[-107.37063894112974,48.01936023564348],[-107.37063189632455,48.01935151548883],[-107.37064519409313,48.019351238930625],[-107.37056979968631,48.019303602989424],[-107.37056400352326,48.01932164340443],[-107.37054382850454,48.0193175363651],[-107.37053777554392,48.01933109829159],[-107.37042779300103,48.01940032275146]],[[-107.37056437104168,48.019330545200695],[-107.37056499534717,48.01934392549115],[-107.37057792558197,48.01933474714422],[-107.37056437104168,48.019330545200695]],[[-107.37053839983966,48.0193444785826],[-107.37055133007738,48.0193353002391],[-107.37053777554392,48.01933109829159],[-107.37053839983966,48.0193444785826]]]]}"
00000000000000000085,11242,0,0,0,"{""type"":""MultiPolygon"",""coordinates"":[[[[-107.37115100450447,48.01949264277538],[-107.37112540088458,48.01951547818347],[-107.3710858748471,48.01952520988884],[-107.37107309065131,48.019534443524016],[-107.37101442604259,48.01956242138938],[-107.37117857269422,48.01965732957508],[-107.37117859248251,48.01951437164888],[-107.37115100450447,48.01949264277538]]],[[[-107.37094131170139,48.01913067514552],[-107.37092243018122,48.01915339962954],[-107.37091575292794,48.01915358129416],[-107.37090975687957,48.01916705646401],[-107.37090245519192,48.01915385788803],[-107.37088915745767,48.01915413448002],[-107.3709037040575,48.01918061837107],[-107.37087747616786,48.01919007332343],[-107.37087126791884,48.01919914098182],[-107.37084482783803,48.019204188409454],[-107.37085958659553,48.01923507985482],[-107.37079372221811,48.01924984303389],[-107.3707818286384,48.019281374408116],[-107.37076753892548,48.01925936892988],[-107.37076066162193,48.01925498536596],[-107.37075435192725,48.01926406880286],[-107.37072180494084,48.01927816809469],[-107.3706758141314,48.01929248875702],[-107.37063566408501,48.01928883994857],[-107.37060745242152,48.01925373072619],[-107.37058060017704,48.01924980534227],[-107.37056979968631,48.019303602989424],[-107.37064519409313,48.019351238930625],[-107.37065849186348,48.019350962370545],[-107.37065212816084,48.01935553577691],[-107.37076142010605,48.019415817197434],[-107.37077446110338,48.01941106212227],[-107.37078651014193,48.019384024938205],[-107.37083271325862,48.019374111727885],[-107.37086452514863,48.01934220877529],[-107.37086390073344,48.01932882849002],[-107.37093002210966,48.019318543724545],[-107.37091443876025,48.01926970675385],[-107.370959915899,48.019246429018],[-107.37099032324885,48.01918327135707],[-107.37101488991502,48.0191380831789],[-107.3710278200273,48.01912890481051],[-107.37103428508165,48.01912431562631],[-107.37094131170139,48.01913067514552]],[[-107.37084174162143,48.01928015738279],[-107.37084894188973,48.01929337176955],[-107.37086187207676,48.01928419339439],[-107.37084174162143,48.01928015738279]],[[-107.37074814364261,48.01927313646699],[-107.37075538851236,48.019286421820155],[-107.37076169821123,48.01927733837919],[-107.37074814364261,48.01927313646699]],[[-107.37060311707421,48.01930293920738],[-107.37060363998151,48.019316335264],[-107.37061657020209,48.019307156917066],[-107.37060311707421,48.01930293920738]]]]}"
00000000000000000084,11243,0,0,0,"{""type"":""MultiPolygon"",""coordinates"":[[[[-107.37143014978123,48.019482409747134],[-107.37141064364383,48.01949175416208],[-107.37138529699662,48.019519068139935],[-107.37143014978123,48.019482409747134]]],[[[-107.37132884602387,48.019305821597534],[-107.37133609115281,48.0193191069085],[-107.37133025066338,48.01933707640728],[-107.3713697765402,48.01932734464019],[-107.37133556797795,48.01930571086196],[-107.37132884602387,48.019305821597534]]],[[[-107.37132884602387,48.019305821597534],[-107.37132858914256,48.019301343112566],[-107.37129438064227,48.019279709328806],[-107.37128149514557,48.01928895872018],[-107.37127664689747,48.019329210267756],[-107.37132884602387,48.019305821597534]]],[[[-107.3714539361575,48.01941934663272],[-107.37144788344631,48.019432908636766],[-107.37141419791922,48.01942467091944],[-107.37140861433093,48.01944711895562],[-107.37140214923556,48.01945170819446],[-107.37140898205278,48.019456020764835],[-107.37144928818137,48.019464163518315],[-107.37146863881853,48.019450324829066],[-107.3714682710821,48.01944142302141],[-107.3714539361575,48.01941934663272]]],[[[-107.37138529699662,48.019519068139935],[-107.37134535855812,48.019519827172125],[-107.37131751354885,48.019493619846706],[-107.37129169775183,48.019512047755214],[-107.37124434665746,48.01949518479849],[-107.37119240411307,48.019523052018904],[-107.37117859248251,48.01951437164888],[-107.37117857269422,48.01965732957508],[-107.37118566236548,48.01966612069527],[-107.37119907112901,48.01967026738497],[-107.37120579313961,48.019670156656304],[-107.37138529699662,48.019519068139935]]]]}"
0000000000000000007e,11244,0,0,0,"{""type"":""MultiPolygon"",""coordinates"":[[[[-107.37120579313961,48.019670156656304],[-107.37121883423727,48.01966540149498],[-107.37122504251515,48.0196563337325],[-107.37120579313961,48.019670156656304]]],[[[-107.37122504251515,48.0196563337325],[-107.37125794812404,48.019646696899116],[-107.37127087840089,48.019637518404465],[-107.37128594863584,48.01967739860929],[-107.37132004665084,48.01969460921893],[-107.3713271363729,48.01970340033363],[-107.37149407767477,48.019570391833746],[-107.37148724482161,48.01956607926092],[-107.37142581542307,48.019531618455616],[-107.37147750104226,48.01949927260368],[-107.37149043124184,48.01949009410724],[-107.37146863881853,48.019450324829066],[-107.37144928818137,48.019464163518315],[-107.3714630552542,48.01947277287882],[-107.37143014978123,48.019482409747134],[-107.37122504251515,48.0196563337325]]]]}"
00000000000000000086,11245,0,0,0,"{""type"":""Polygon"",""coordinates"":[[[-107.3715560210587,48.01961380963626],[-107.37154209840975,48.01960070598364],[-107.3715147223063,48.019583384736286],[-107.37149407767477,48.019570391833746],[-107.3713271363729,48.01970340033363],[-107.37138298221093,48.01976030948383],[-107.37136384362547,48.01977855580744],[-107.37137093337526,48.01978734693232],[-107.37135153788981,48.019801114735735],[-107.37134037047834,48.01984601113927],[-107.37134798339856,48.01986819846448],[-107.37132822016838,48.01987306440307],[-107.37134985714306,48.01990833972248],[-107.37156285393326,48.01961812220759],[-107.3715560210587,48.01961380963626]]]}"
00000000000000000093,11246,0,0,0,"{""type"":""Polygon"",""coordinates"":[[[-107.37165665749488,48.019776947186536],[-107.37165029376573,48.01978152069714],[-107.37164299165728,48.01976832203319],[-107.37164966907172,48.01976814031165],[-107.37158324171848,48.019626636594126],[-107.37156285393326,48.01961812220759],[-107.37135001260857,48.01991283403428],[-107.37139266209509,48.01997000429111],[-107.37145790335772,48.01994186002569],[-107.37144622221736,48.01997779947605],[-107.37141383006275,48.01999639353032],[-107.37147113797398,48.020084471450645],[-107.37147775866337,48.020084376474685],[-107.37149068908079,48.02007519786998],[-107.37150993863655,48.02006137477728],[-107.37154806054139,48.020020387550666],[-107.37150081941047,48.020007947937536],[-107.37156756696463,48.02001104300601],[-107.37155886005159,48.019966589080674],[-107.37157784319615,48.01994384833738],[-107.37157685077617,48.01992156602064],[-107.37166269218385,48.019906343642305],[-107.3716813615618,48.01987921110969],[-107.37169424723595,48.01986996155562],[-107.37170096931831,48.01986985078995],[-107.37165665749488,48.019776947186536]],[[-107.37151225282241,48.01982013205659],[-107.3714986978644,48.01981593021686],[-107.37149932250217,48.01982931061698],[-107.37151225282241,48.01982013205659]],[[-107.3714590605988,48.019821238798784],[-107.3714322076064,48.01981731362991],[-107.37143324458735,48.019839666866325],[-107.3714590605988,48.019821238798784]]]}"
00000000000000000144,11247,0,0,0,"{""type"":""Polygon"",""coordinates"":[[[-107.37158324171848,48.019626636594126],[-107.37164966907172,48.01976814031165],[-107.37167642070236,48.01977208118971],[-107.37165665749488,48.019776947186536],[-107.37170096931831,48.01986985078995],[-107.3717136427074,48.01985619366505],[-107.3717784713007,48.01981907641859],[-107.37179495528277,48.01974281417299],[-107.37185258287224,48.019692482555676],[-107.37185857874681,48.01967900719583],[-107.37158324171848,48.019626636594126]],[[-107.37168210562969,48.01974961722517],[-107.37169540368876,48.01974934051172],[-107.37168831384305,48.019740549419694],[-107.37168210562969,48.01974961722517]],[[-107.37168210562969,48.01974961722517],[-107.37166896307822,48.019754388233345],[-107.37167605292014,48.019763179329246],[-107.37168210562969,48.01974961722517]]]}"
0000000000000000007d,11248,0,0,0,"{""type"":""GeometryCollection"",""geometries"":[{""type"":""LineString"",""coordinates"":[[-107.37156971214681,48.0196224126497],[-107.37156288136805,48.01961810367838],[-107.37155602543014,48.01961377883508]]},{""type"":""Polygon"",""coordinates"":[[[-107.37162632189279,48.01954982125715],[-107.37162731435585,48.019572103413864],[-107.37156971214681,48.0196224126497],[-107.37156968680988,48.019622434778725],[-107.37158324171848,48.019626636594126],[-107.37185857874681,48.01967900719583],[-107.37187010388854,48.019638573626324],[-107.37186797261025,48.01959395409359],[-107.37188074727206,48.01958028124691],[-107.37162632189279,48.01954982125715]]]}]}"
0000000000000000007a,11249,0,0,0,"{""type"":""MultiPolygon"",""coordinates"":[[[[-107.3714682710821,48.01944142302141],[-107.37146863881853,48.019450324829066],[-107.37149043124184,48.01949009410724],[-107.37151599007804,48.019467187656275],[-107.37151499767914,48.01944490554149],[-107.3714682710821,48.01944142302141]]],[[[-107.37163556069505,48.01946027410471],[-107.37162450459161,48.019509593553096],[-107.37162616639048,48.01954532697794],[-107.37162632189279,48.01954982125715],[-107.37188074727206,48.01958028124691],[-107.37190609374251,48.019552967110506],[-107.37190468862138,48.01952171219239],[-107.37190343903661,48.01949495156611],[-107.37190318208562,48.01949047306825],[-107.37163556069505,48.01946027410471]]]]}"
00000000000000000083,11250,0,0,0,"{""type"":""MultiPolygon"",""coordinates"":[[[[-107.37150488610999,48.01936919724804],[-107.37151208668078,48.01938241159978],[-107.37149232370004,48.019387277520686],[-107.37148674016186,48.019409725544094],[-107.3714536792614,48.019414868138746],[-107.3714539361575,48.01941934663272],[-107.3714682710821,48.01944142302141],[-107.37151499767914,48.01944490554149],[-107.371507283292,48.01942273418539],[-107.37152538458453,48.01938213491582],[-107.37152501683332,48.019373233120376],[-107.37150488610999,48.01936919724804]]],[[[-107.37162075645081,48.019429311707384],[-107.37163509150416,48.01945138807205],[-107.37163556069505,48.01946027410471],[-107.37190318208562,48.01949047306825],[-107.37190240175647,48.019472598489756],[-107.37190193250069,48.019463712457956],[-107.3718479602639,48.01944694483074],[-107.3718463428889,48.01941128244229],[-107.37184530564085,48.01938892940025],[-107.37164511044378,48.01937971563495],[-107.37164635984404,48.0194064762103],[-107.3716403639609,48.019419951486846],[-107.37162075645081,48.019429311707384]],[[-107.37164735232429,48.01942875830528],[-107.37165366189618,48.01941967478409],[-107.3716403639609,48.019419951486846],[-107.37164735232429,48.01942875830528]]]]}"
00000000000000000077,11251,0,0,0,"{""type"":""MultiPolygon"",""coordinates"":[[[[-107.37164892119553,48.0193171110227],[-107.37164511044378,48.01937971563495],[-107.37184530564085,48.01938892940025],[-107.37185469939205,48.019303876773996],[-107.37185344983511,48.01927711625784],[-107.37164892119553,48.0193171110227]]],[[[-107.3715171469592,48.01934656753278],[-107.37147078822161,48.01935198680807],[-107.37149779638743,48.01936040620269],[-107.37150488610999,48.01936919724804],[-107.37152501683332,48.019373233120376],[-107.3715171469592,48.01934656753278]]]]}"
00000000000000000082,11252,0,0,0,"{""type"":""GeometryCollection"",""geometries"":[{""type"":""LineString"",""coordinates"":[[-107.37189156264616,48.01923613241807],[-107.37189819016969,48.01923599550831]]},{""type"":""Polygon"",""coordinates"":[[[-107.37166400016075,48.01920959479375],[-107.37166436794816,48.019218496559894],[-107.37165294419991,48.019258914005356],[-107.37164892119553,48.0193171110227],[-107.37185344983511,48.01927711625784],[-107.37185220027801,48.019250355755375],[-107.37189156264616,48.01923613241807],[-107.37189157061718,48.019236129537795],[-107.37166400016075,48.01920959479375]]]},{""type"":""Polygon"",""coordinates"":[[[-107.37131060829445,48.019198969462884],[-107.37131190210158,48.019225800915834],[-107.37132519992109,48.01922552426264],[-107.37131972714955,48.01925239550359],[-107.37129438064227,48.019279709328806],[-107.37132858914256,48.019301343112566],[-107.37133556797795,48.01930571086196],[-107.3713697765402,48.01932734464019],[-107.37137645385634,48.01932716294173],[-107.37140180036253,48.01929984907006],[-107.37140914693595,48.01931311859847],[-107.37145602882029,48.01932109540412],[-107.37146411089445,48.01935216851348],[-107.37147078822161,48.01935198680807],[-107.3715171469592,48.01934656753278],[-107.3715019751218,48.01930670339625],[-107.37148143205454,48.01929369478109],[-107.37146083223739,48.01928077289876],[-107.37146423088001,48.01920919567765],[-107.37144994067849,48.019187190343985],[-107.37137610503717,48.01917530417757],[-107.37138381929884,48.01919747544252],[-107.37135623135357,48.019175746758954],[-107.3713429335475,48.01917602341586],[-107.3713296357432,48.019176300070875],[-107.37132390610417,48.01919869281025],[-107.37131060829445,48.019198969462884]],[[-107.3714074853367,48.019277385323484],[-107.37140800853851,48.01929078136168],[-107.37142093866753,48.01928160291301],[-107.3714074853367,48.019277385323484]],[[-107.37135179556543,48.01922497095056],[-107.37133140809615,48.019216456572146],[-107.37132519992109,48.01922552426264],[-107.37135179556543,48.01922497095056]],[[-107.37132457533492,48.01921214401457],[-107.3713374607986,48.019202894631825],[-107.37132390610417,48.01919869281025],[-107.37132457533492,48.01921214401457]],[[-107.37139090895843,48.0192062664705],[-107.37137813432903,48.01921993915323],[-107.37139231365578,48.019237521218365],[-107.37141802781463,48.01921910915993],[-107.37139090895843,48.0192062664705]]]}]}"
00000000000000000079,11253,0,0,0,"{""type"":""MultiPolygon"",""coordinates"":[[[[-107.37188891590623,48.019178114344655],[-107.37170619798023,48.01911492136581],[-107.37169998988986,48.01912398906083],[-107.3716879414948,48.01915102620898],[-107.37166208138372,48.019169383128684],[-107.37166249381657,48.01917835584744],[-107.37166400016075,48.01920959479375],[-107.37189814653965,48.019235963578],[-107.37191654897379,48.019199913823066],[-107.37192958991345,48.01919515861178],[-107.37188891590623,48.019178114344655]],[[-107.37185601065505,48.0191877512993],[-107.37186331276362,48.01920094980046],[-107.3718894392862,48.019191510350275],[-107.37185601065505,48.0191877512993]]],[[[-107.37143273960578,48.01910269140441],[-107.37144515586857,48.019084556055496],[-107.371383727286,48.01905009551985],[-107.37133674437732,48.01904213448483],[-107.37132307891464,48.01903350939753],[-107.37127558231862,48.01901659141157],[-107.37126859413941,48.01900778463076],[-107.37122161136814,48.01899982354224],[-107.37118958775788,48.019027318889016],[-107.37126974186633,48.01903456080177],[-107.37131139803658,48.01906944820048],[-107.37136562606621,48.01909069450298],[-107.37135978563619,48.01910866392357],[-107.37137610503717,48.01917530417757],[-107.37144994067849,48.019187190343985],[-107.37143498122224,48.019151733826604],[-107.37148034730538,48.01912403261746],[-107.37143273960578,48.01910269140441]]]]}"
00000000000000000076,11254,0,0,0,"{""type"":""Polygon"",""coordinates"":[[[-107.37192958991345,48.01919515861178],[-107.37195540534314,48.019176730652426],[-107.37195441266647,48.019154448673],[-107.3718608136287,48.01914742888795],[-107.3718851671446,48.01909783303398],[-107.3719042605564,48.019079515897964],[-107.37177587289003,48.019037553320565],[-107.37177608518235,48.019041960821085],[-107.37173785366859,48.01907852406018],[-107.3717253360969,48.019096675217284],[-107.37170619798023,48.01911492136581],[-107.37188891590623,48.019178114344655],[-107.37192958991345,48.01919515861178]],[[-107.37188891590623,48.019178114344655],[-107.37190195683749,48.01917335913932],[-107.37188182609441,48.01916932336212],[-107.37188891590623,48.019178114344655]]]}"
00000000000000000071,11255,0,0,0,"{""type"":""Polygon"",""coordinates"":[[[-107.37182422415441,48.01892930249674],[-107.37181144972764,48.018942975159675],[-107.37179866582272,48.01895220878147],[-107.37179965841155,48.018974490678545],[-107.37177587289003,48.019037553320565],[-107.3719042605564,48.019079515897964],[-107.37193658554689,48.01905656970975],[-107.37196876444874,48.019033568337555],[-107.37182422415441,48.01892930249674]]]}"
00000000000000000072,11256,0,0,0,"{""type"":""Polygon"",""coordinates"":[[[-107.37182401185554,48.01892489500597],[-107.37182422415441,48.01892930249674],[-107.37196876444874,48.019033568337555],[-107.3719881147651,48.0190197296655],[-107.37202514102428,48.01895647698557],[-107.37205095625673,48.01893804908959],[-107.37205679636325,48.018920079693736],[-107.37182401185554,48.01892489500597]]]}"
00000000000000000070,11257,0,0,0,"{""type"":""Polygon"",""coordinates"":[[[-107.37217700640883,48.01878358990275],[-107.37182094474808,48.01885790749075],[-107.37183564760089,48.01888888529327],[-107.37182313013639,48.0189070363946],[-107.37182375491122,48.01892041655656],[-107.37182401185554,48.01892489500597],[-107.37205679636325,48.018920079693736],[-107.37206843191188,48.01888406996108],[-107.37211504726301,48.01888312889856],[-107.37213496559565,48.01888275712099],[-107.3722048518105,48.01880979661254],[-107.37217700640883,48.01878358990275]]]}"
00000000000000000073,11258,0,0,0,"{""type"":""Polygon"",""coordinates"":[[[-107.37218311900435,48.01862714359454],[-107.37217018919674,48.01863632202302],[-107.37219098931452,48.01865380874948],[-107.37212027830414,48.01870882375135],[-107.37210848730308,48.0187403391591],[-107.3720673443029,48.018714409205856],[-107.37201848675208,48.01866630825774],[-107.37199397816431,48.01871140951842],[-107.37197322280095,48.01869399368583],[-107.37179185017249,48.018804940360255],[-107.37179247493792,48.018818320496514],[-107.37182047550483,48.018849021562694],[-107.37182094474808,48.01885790749075],[-107.37217700640883,48.01878358990275],[-107.37217663849047,48.01877468821595],[-107.37224693701444,48.01871070046702],[-107.37225872790466,48.01867918506291],[-107.37228479988512,48.018665235632646],[-107.3722836609315,48.018642898697166],[-107.37228897734096,48.018611533538326],[-107.37218311900435,48.01862714359454]]]}"
00000000000000000078,11259,0,0,0,"{""type"":""Polygon"",""coordinates"":[[[-107.37172020806501,48.018694788725576],[-107.37172067728565,48.01870367462848],[-107.37173637254881,48.018756934164585],[-107.37176426213074,48.01878321195974],[-107.37176462994876,48.01879211365215],[-107.37179185017249,48.018804940360255],[-107.37197322280095,48.01869399368583],[-107.3719719731327,48.01866723348617],[-107.37172020806501,48.018694788725576]]]}"
00000000000000000074,11260,0,0,0,"{""type"":""Polygon"",""coordinates"":[[[-107.37176871444159,48.01859103284594],[-107.3717437364515,48.01862724809109],[-107.37171854612835,48.018659055887106],[-107.3717194278027,48.01867691441588],[-107.37172020806501,48.018694788725576],[-107.3719719731327,48.01866723348617],[-107.37197009863,48.01862709321236],[-107.37176871444159,48.01859103284594]]]}"
00000000000000000069,11261,0,0,0,"{""type"":""MultiPolygon"",""coordinates"":[[[[-107.37215350045196,48.01856078097692],[-107.37216742305992,48.01857388428113],[-107.37218942832753,48.01861806018363],[-107.37218311900435,48.01862714359454],[-107.37228897734096,48.018611533538326],[-107.37229434791897,48.0185846783666],[-107.37215350045196,48.01856078097692]]],[[[-107.37195502785703,48.01858721392986],[-107.37196781161097,48.018577980355495],[-107.37195414606514,48.01856935543688],[-107.371953365685,48.01855148117497],[-107.37193209651183,48.01852510855391],[-107.37173759034675,48.01849343158977],[-107.371733624443,48.01855154101682],[-107.37176871444159,48.01859103284594],[-107.37197009863,48.01862709321236],[-107.37197593870611,48.01860912392907],[-107.37195502785703,48.01858721392986]]]]}"
0000000000000000006f,11262,1,0,1,"{""type"":""MultiPolygon"",""coordinates"":[[[[-107.37178713361018,48.01841202872556],[-107.37176340529419,48.01847500394169],[-107.37173759034675,48.01849343158977],[-107.37193209651183,48.01852510855391],[-107.3719252637538,48.01852079609611],[-107.37194362109764,48.01848467588196],[-107.3719754315933,48.0184527731386],[-107.3719816395071,48.01844370554662],[-107.37178713361018,48.01841202872556]]],[[[-107.37225138681254,48.01851852166111],[-107.37227078144396,48.018504754034936],[-107.37225039393269,48.0184962399704],[-107.37225050487393,48.01850066319804],[-107.37223021878587,48.01849213335427],[-107.37222354156033,48.01849231510704],[-107.37218970081909,48.01847958361659],[-107.37214271802236,48.01847162306081],[-107.37211716013847,48.01849452921865],[-107.37214537319869,48.01852963745124],[-107.37213994576817,48.01855657932213],[-107.37215350045196,48.01856078097692],[-107.37229434791897,48.0185846783666],[-107.37229419232699,48.01858018417369],[-107.37225138681254,48.01851852166111]]]]}"
0000000000000000006a,11263,0,0,0,"{""type"":""MultiPolygon"",""coordinates"":[[[[-107.37214881498124,48.018458132230556],[-107.37214271802236,48.01847162306081],[-107.37218970081909,48.01847958361659],[-107.37214881498124,48.018458132230556]]],[[[-107.37189628718681,48.018324858970686],[-107.37189654414333,48.01832933736859],[-107.37185727620871,48.01834354754141],[-107.37183829409119,48.01836628761803],[-107.37178713361018,48.01841202872556],[-107.3719816395071,48.01844370554662],[-107.37199353189051,48.018412174559],[-107.37202571018027,48.01838917346671],[-107.37189628718681,48.018324858970686]]]]}"
0000000000000000006e,11264,0,0,0,"{""type"":""MultiPolygon"",""coordinates"":[[[[-107.37196621716927,48.01825197039515],[-107.37194785998052,48.01828809044895],[-107.37189628718681,48.018324858970686],[-107.37202571018027,48.01838917346671],[-107.37205156963617,48.01837081673939],[-107.37206445471153,48.018361567417564],[-107.37209667758157,48.01833863728348],[-107.37210919473164,48.01832048635171],[-107.37196621716927,48.01825197039515]]],[[[-107.37225039393269,48.0184962399704],[-107.37227078144396,48.018504754034936],[-107.37228356513434,48.01849552043461],[-107.3722892494603,48.018473056997735],[-107.3722817916908,48.01845536453233],[-107.37229284654913,48.01840604603408],[-107.372231785593,48.01838048811447],[-107.3722318965331,48.01838491133236],[-107.37222026132666,48.01842092073242],[-107.37218036835813,48.01842175103395],[-107.37214881498124,48.018458132230556],[-107.37218970081909,48.01847958361659],[-107.37223021878587,48.01849213335427],[-107.37225660180697,48.018487172354085],[-107.37225039393269,48.0184962399704]],[[-107.37226974390573,48.018482401392404],[-107.37225618921885,48.01847819976044],[-107.37225660180697,48.018487172354085],[-107.37226974390573,48.018482401392404]]]]}"
0000000000000000004e,11265,0,0,0,"{""type"":""MultiPolygon"",""coordinates"":[[[[-107.37213643044169,48.01819035864897],[-107.37213606252448,48.01818145706298],[-107.3719578778108,48.01821641960185],[-107.37196496748835,48.01822521042196],[-107.37196559232883,48.018238590406845],[-107.37196621716927,48.01825197039515],[-107.37210919473164,48.01832048635171],[-107.37212098556286,48.018288971201244],[-107.3721649449609,48.01823001602188],[-107.37213643044169,48.01819035864897]]],[[[-107.3723488683789,48.01817709970558],[-107.37232973095296,48.01819534564022],[-107.37230376073418,48.018209279173185],[-107.37229145605438,48.018231837518336],[-107.37226005851706,48.018272712779236],[-107.372231785593,48.01838048811447],[-107.37229284654913,48.01840604603408],[-107.37230286380938,48.01833437500371],[-107.37234719103688,48.0182843212931],[-107.37237087372016,48.0182212752293],[-107.37240899295368,48.01818028917035],[-107.37240789855505,48.01815802340354],[-107.3723488683789,48.01817709970558]]]]}"
0000000000000000006c,11266,0,0,0,"{""type"":""Polygon"",""coordinates"":[[[-107.37212114725158,48.01814607230429],[-107.3720932577376,48.01811979493149],[-107.37206603779484,48.01810696846996],[-107.3720698475074,48.01804436539122],[-107.37190365030617,48.018195173976466],[-107.3719578778108,48.01821641960185],[-107.37213606252448,48.01818145706298],[-107.37212114725158,48.01814607230429]]]}"
00000000000000000067,11267,0,0,0,"{""type"":""Polygon"",""coordinates"":[[[-107.37204821057836,48.018009091490725],[-107.37202870527067,48.01801843574714],[-107.3720222404729,48.018023024894866],[-107.37203073543846,48.01806306969918],[-107.37197775775913,48.01806858405286],[-107.37195737060995,48.01806006998782],[-107.37194344828195,48.01804696677475],[-107.37181276035696,48.01809884630138],[-107.37183351530517,48.01811626198105],[-107.37185505062033,48.01815155178226],[-107.37186922989282,48.018169133418944],[-107.3718832631245,48.01818665987586],[-107.37190365030617,48.018195173976466],[-107.3720698475074,48.01804436539122],[-107.37206947960424,48.01803546382947],[-107.37204821057836,48.018009091490725]]]}"
0000000000000000006d,11268,0,0,0,"{""type"":""MultiPolygon"",""coordinates"":[[[[-107.37204075301361,48.01799139915835],[-107.37202870527067,48.01801843574714],[-107.37204821057836,48.018009091490725],[-107.37204075301361,48.01799139915835]]],[[[-107.37174169943319,48.01800200511275],[-107.37174195637243,48.018006483483845],[-107.37174273666476,48.01802435756341],[-107.37177120588622,48.01806394398625],[-107.37181276035696,48.01809884630138],[-107.37194344828195,48.01804696677475],[-107.37191622848694,48.01803414028476],[-107.37191544811014,48.018016266205414],[-107.37192775288135,48.01799370799923],[-107.37198715057939,48.017983533584946],[-107.37201275276827,48.017960698651954],[-107.37174169943319,48.01800200511275]]]]}"
00000000000000000066,11269,0,0,0,"{""type"":""MultiPolygon"",""coordinates"":[[[[-107.37201275276827,48.017960698651954],[-107.3720316331741,48.01793797449972],[-107.37199059250142,48.017912029113255],[-107.37195977524404,48.017966212980944],[-107.37201275276827,48.017960698651954]]],[[[-107.37195977524404,48.017966212980944],[-107.37190012062588,48.01797190900631],[-107.371899495804,48.01795852908878],[-107.37187143897573,48.01792791528815],[-107.37186977684988,48.0178921829812],[-107.37173742749927,48.01790832991568],[-107.37172449791385,48.01791750815221],[-107.37173816314791,48.01792613300396],[-107.37171953956843,48.017953335462686],[-107.37174169943319,48.01800200511275],[-107.37195977524404,48.017966212980944]]]]}"
00000000000000000068,11270,0,0,0,"{""type"":""MultiPolygon"",""coordinates"":[[[[-107.37168675402982,48.01782000310279],[-107.37169384355613,48.017828793880156],[-107.37170714092984,48.017828517192655],[-107.37170667170209,48.017819631438584],[-107.37168675402982,48.01782000310279]]],[[[-107.37187233719474,48.01780282040127],[-107.37171996907432,48.01781935474939],[-107.37172121859219,48.0178461145222],[-107.3717215864135,48.017855016055144],[-107.37172324839646,48.01789074834289],[-107.37173742749927,48.01790832991568],[-107.37186977684988,48.0178921829812],[-107.37186862863491,48.01786540741478],[-107.3718878769058,48.01785158486296],[-107.37187233719474,48.01780282040127]]]]}"
0000000000000000005c,11271,0,0,0,"{""type"":""Polygon"",""coordinates"":[[[-107.3718343359946,48.01770083728848],[-107.37165082777219,48.01776272454077],[-107.37165828508469,48.01778041683253],[-107.37168675402982,48.01782000310279],[-107.37170667170209,48.017819631438584],[-107.37170500973149,48.01778389919885],[-107.3717260213824,48.01780579315691],[-107.37171996907432,48.01781935474939],[-107.37187233719474,48.01780282040127],[-107.37186446725782,48.01777615564466],[-107.3718692698839,48.017735834330296],[-107.3718343359946,48.01770083728848]]]}"
00000000000000000075,11272,0,0,0,"{""type"":""Polygon"",""coordinates"":[[[-107.37179241405785,48.01765703373891],[-107.37176441431774,48.01762633334343],[-107.37161323974334,48.01766971385966],[-107.3716342512613,48.01769160779342],[-107.37165082777219,48.01776272454077],[-107.3718343359946,48.01770083728848],[-107.37179241405785,48.01765703373891]]]}"
00000000000000000060,11273,0,0,0,"{""type"":""Polygon"",""coordinates"":[[[-107.37173635786486,48.01759571968822],[-107.37172103074604,48.01755136280797],[-107.37172061827658,48.0175423903696],[-107.37150353779698,48.01760046291188],[-107.37152392449846,48.01760897701002],[-107.37159916220706,48.01765211657042],[-107.37161323974334,48.01766971385966],[-107.37176441431774,48.01762633334343],[-107.37173635786486,48.01759571968822]]]}"
0000000000000000005d,11274,0,0,0,"{""type"":""Polygon"",""coordinates"":[[[-107.37170643930588,48.01752480891402],[-107.37169136918415,48.017484930414234],[-107.37166352519769,48.01745872418332],[-107.37145379157495,48.017530065568614],[-107.37141530468477,48.01756214924789],[-107.37145618883528,48.017583600622174],[-107.37150353779698,48.01760046291188],[-107.37172061827658,48.0175423903696],[-107.37170643930588,48.01752480891402]]]}"
00000000000000000062,11275,0,0,0,"{""type"":""Polygon"",""coordinates"":[[[-107.37162175930412,48.01741941484422],[-107.37160121714045,48.01740640670135],[-107.3715669085963,48.01738478953847],[-107.37152664923502,48.017376718061485],[-107.37145379157495,48.017530065568614],[-107.37166352519769,48.01745872418332],[-107.37162175930412,48.01741941484422]]]}"
00000000000000000063,11276,0,0,0,"{""type"":""Polygon"",""coordinates"":[[[-107.37151309513382,48.01737251639837],[-107.37144723390318,48.01738727942087],[-107.37143331206099,48.017374176289955],[-107.37139937145653,48.017361460527404],[-107.37132599019976,48.01750141231939],[-107.37133323504268,48.017514697179365],[-107.37134689998831,48.0175233220278],[-107.37136765431784,48.01754073763241],[-107.37141530468477,48.01756214924789],[-107.37145379157495,48.017530065568614],[-107.37152664923502,48.017376718061485],[-107.37151309513382,48.01737251639837]]]}"
00000000000000000065,11277,0,0,0,"{""type"":""Polygon"",""coordinates"":[[[-107.37132423610736,48.01731830525189],[-107.37118901394054,48.01741942139395],[-107.37127713544011,48.01745331203827],[-107.37128980801165,48.01743965562136],[-107.37131853311496,48.0174837200904],[-107.37132599019976,48.01750141231939],[-107.37139937145653,48.017361460527404],[-107.37132423610736,48.01731830525189]]]}"
00000000000000000095,11278,0,0,0,"{""type"":""Polygon"",""coordinates"":[[[-107.37131072672281,48.01731417452012],[-107.37130285730444,48.01728750995342],[-107.371116184009,48.01728242586545],[-107.37111696401617,48.017300299709824],[-107.3711382318087,48.01732667192909],[-107.37114605645793,48.01735326557522],[-107.37116722289637,48.01737965358713],[-107.37116179507078,48.01740659482008],[-107.37118901394054,48.01741942139395],[-107.37132423610736,48.01731830525189],[-107.37131072672281,48.01731417452012]]]}"
00000000000000000061,11279,0,0,0,"{""type"":""Polygon"",""coordinates"":[[[-107.3711316753251,48.017183886285046],[-107.37112583519087,48.017201855028546],[-107.3711336598131,48.01722844861287],[-107.37110163782613,48.01725594295754],[-107.371116184009,48.01728242586545],[-107.37130285730444,48.01728750995342],[-107.3712874294573,48.01724316902189],[-107.37131261894584,48.01721136222175],[-107.3711316753251,48.017183886285046]]]}"
0000000000000000005f,11280,0,0,0,"{""type"":""Polygon"",""coordinates"":[[[-107.37107531976095,48.01711802309234],[-107.3710826658409,48.0171312921046],[-107.37110305210471,48.017139806227014],[-107.3711316753251,48.017183886285046],[-107.37131261894584,48.01721136222175],[-107.37131908362868,48.017206773196065],[-107.37131820211256,48.017188915161725],[-107.3713409944113,48.017103573765034],[-107.37107531976095,48.01711802309234]]]}"
0000000000000000005b,11281,0,0,0,"{""type"":""Polygon"",""coordinates"":[[[-107.37105482271053,48.017105085852315],[-107.37107531976095,48.01711802309234],[-107.3713409944113,48.017103573765034],[-107.37132519882914,48.01705033159447],[-107.37124985197651,48.0170027691674],[-107.3711589129133,48.01705376164128],[-107.37105482271053,48.017105085852315]],[[-107.3711589129133,48.01705376164128],[-107.37115994982051,48.01707611370108],[-107.37118701299056,48.017084446131],[-107.37116574527258,48.01705807404285],[-107.3711589129133,48.01705376164128]]]}"
00000000000000000055,11282,0,0,0,"{""type"":""GeometryCollection"",""geometries"":[{""type"":""LineString"",""coordinates"":[[-107.37100496310974,48.01703461742261],[-107.37101161029227,48.01703448015696]]},{""type"":""Polygon"",""coordinates"":[[[-107.37122222100214,48.0169809703596],[-107.37118806865935,48.01696384727682],[-107.37115349460427,48.016933312972775],[-107.37101160898098,48.017034452063385],[-107.37101161029227,48.01703448015696],[-107.3710122334964,48.01704783175802],[-107.37101290265342,48.01706128241306],[-107.3710269349844,48.0170788086469],[-107.37102734728995,48.01708778101287],[-107.37104111337878,48.01709639006771],[-107.37105482271053,48.017105085852315],[-107.3711589129133,48.01705376164128],[-107.37124985197651,48.0170027691674],[-107.37122222100214,48.0169809703596]]]}]}"
0000000000000000005a,11283,1,0,0,"{""type"":""Polygon"",""coordinates"":[[[-107.3711328515554,48.01692032061072],[-107.37107153765305,48.01689028429905],[-107.37106408080275,48.016872592251104],[-107.37086967661368,48.016988287969184],[-107.37088385487891,48.017005869386104],[-107.37085116390686,48.01701991287688],[-107.37082456998107,48.017020465983016],[-107.37087941904288,48.017055091514266],[-107.37093182705793,48.01703611149743],[-107.37095174414999,48.017035740010485],[-107.3709783381226,48.017035186867695],[-107.37100493210228,48.017034633717344],[-107.37115349460427,48.016933312972775],[-107.3711328515554,48.01692032061072]]]}"
00000000000000000057,11284,0,0,0,"{""type"":""Polygon"",""coordinates"":[[[-107.37105688082046,48.016859378485044],[-107.37101532867155,48.01682447661054],[-107.3709946857591,48.016811484242304],[-107.37098785347496,48.01680717184695],[-107.37081118239425,48.01687336871035],[-107.37083484608848,48.016953275240354],[-107.37086967661368,48.016988287969184],[-107.37106408080275,48.016872592251104],[-107.37105688082046,48.016859378485044]]]}"
000000000000000000a9,11285,0,0,0,"{""type"":""Polygon"",""coordinates"":[[[-107.37095901850583,48.01675868473952],[-107.37095823856045,48.01674081107746],[-107.37075889633944,48.01674938244313],[-107.3707596761872,48.01676725611224],[-107.3708040933047,48.01686457801723],[-107.37081118239425,48.01687336871035],[-107.37098785347496,48.01680717184695],[-107.37095901850583,48.01675868473952]]]}"
00000000000000000054,11286,0,0,0,"{""type"":""Polygon"",""coordinates"":[[[-107.37072840070279,48.01666516379519],[-107.37072281732836,48.01668761060125],[-107.37076447970743,48.01672693560862],[-107.37075889633944,48.01674938244313],[-107.37095823856045,48.01674081107746],[-107.37095798171076,48.01673633281039],[-107.37096836826619,48.01667356550565],[-107.37097405291082,48.01665110292148],[-107.37072840070279,48.01666516379519]]]}"
00000000000000000053,11287,0,0,0,"{""type"":""Polygon"",""coordinates"":[[[-107.37099487049065,48.01652563954802],[-107.37092823103026,48.01652252834389],[-107.37073445307412,48.01665160256311],[-107.37072840070279,48.01666516379519],[-107.37097405291082,48.01665110292148],[-107.37098610073316,48.01662406717034],[-107.3709650902857,48.0166021735143],[-107.37090950642921,48.01654974567834],[-107.37092243558851,48.01654056780272],[-107.37098891962717,48.01653918498803],[-107.37101510094492,48.01652965957728],[-107.37099487049065,48.01652563954802]]]}"
00000000000000000094,11288,0,0,0,"{""type"":""Polygon"",""coordinates"":[[[-107.37088088395278,48.01650566606969],[-107.37070854890815,48.01652265642115],[-107.37072320529103,48.01655356210082],[-107.37074488458244,48.01658890633287],[-107.37073445307412,48.01665160256311],[-107.37092823103026,48.01652252834389],[-107.37088088395278,48.01650566606969]]]}"
0000000000000000007b,11289,0,0,0,"{""type"":""Polygon"",""coordinates"":[[[-107.37080299662391,48.01640451461623],[-107.37077071845341,48.01642753015906],[-107.37075783396115,48.016436778949966],[-107.37073854165831,48.01645052992896],[-107.37070610801344,48.016469051453335],[-107.37070792449333,48.01650927685638],[-107.37070854890815,48.01652265642115],[-107.37088088395278,48.01650566606969],[-107.37080299662391,48.01640451461623]]]}"
00000000000000000052,11290,0,0,0,"{""type"":""Polygon"",""coordinates"":[[[-107.37094904863744,48.01639706528826],[-107.37090952602347,48.01640679625353],[-107.37087594489003,48.01639854297474],[-107.37087510821065,48.01638075616356],[-107.37084685352606,48.016345577967165],[-107.37083355680404,48.016345854510874],[-107.37081566890593,48.016390858543325],[-107.37080299662391,48.01640451461623],[-107.37088088395278,48.01650566606969],[-107.37092823103026,48.01652252834389],[-107.37099487049065,48.01652563954802],[-107.37094904863744,48.01639706528826]],[[-107.37084872693286,48.01638571653922],[-107.37082875344635,48.016386174719926],[-107.37083584246425,48.016394965332616],[-107.37084872693286,48.01638571653922]]]}"
00000000000000000056,11291,0,0,0,"{""type"":""Polygon"",""coordinates"":[[[-107.37104035375741,48.01635497497902],[-107.37102121699783,48.016373219999515],[-107.37094904863744,48.01639706528826],[-107.37099487049065,48.01652563954802],[-107.37101510094492,48.01652965957728],[-107.37104122549233,48.01652022089079],[-107.3710541546272,48.0165110430032],[-107.37108074825338,48.01651048984633],[-107.37113936317375,48.01648244274543],[-107.37115849996232,48.016464197662486],[-107.37104035375741,48.01635497497902]]]}"
00000000000000000051,11292,0,0,0,"{""type"":""Polygon"",""coordinates"":[[[-107.3711580400302,48.016307924173205],[-107.37111252204866,48.01633112964248],[-107.37107899491744,48.01632738622558],[-107.37104035375741,48.01635497497902],[-107.37115849996232,48.016464197662486],[-107.37121095177794,48.01644528868492],[-107.37126222053068,48.01640397272483],[-107.3711580400302,48.016307924173205]]]}"
00000000000000000050,11293,1,0,0,"{""type"":""Polygon"",""coordinates"":[[[-107.37121540539717,48.01625311815682],[-107.37119068570499,48.016293809829754],[-107.3711580400302,48.016307924173205],[-107.37126222053068,48.01640397272483],[-107.37134606870619,48.0163441902668],[-107.37135774843095,48.016308253362126],[-107.37136395604135,48.016299186189784],[-107.37121540539717,48.01625311815682]]]}"
00000000000000000059,11294,0,0,0,"{""type"":""Polygon"",""coordinates"":[[[-107.37125848153804,48.016176308043725],[-107.37124100654046,48.01623028421234],[-107.37122161302177,48.01624405100291],[-107.37121540539717,48.01625311815682],[-107.37136395604135,48.016299186189784],[-107.37139002633947,48.01628523768068],[-107.37142763021461,48.01623529712561],[-107.37142601307318,48.01619963691466],[-107.37125848153804,48.016176308043725]]]}"
00000000000000000058,11295,0,0,0,"{""type"":""Polygon"",""coordinates"":[[[-107.37126771951714,48.01608676672519],[-107.371267875004,48.01609126070811],[-107.37124253086182,48.016118572808196],[-107.37121630519421,48.01612802724318],[-107.37120347762303,48.01613718930804],[-107.37116411071958,48.016151414312475],[-107.37117792117843,48.01616009415605],[-107.37127074125333,48.016153679770675],[-107.37125848153804,48.016176308043725],[-107.37142601307318,48.01619963691466],[-107.37142982330968,48.016137036131845],[-107.37142894171205,48.016119178465985],[-107.37143499376666,48.01610561733932],[-107.37126771951714,48.01608676672519]]]}"
0000000000000000005e,11296,0,0,0,"{""type"":""Polygon"",""coordinates"":[[[-107.37131053845073,48.016005478638554],[-107.37130558017347,48.01604130461566],[-107.37129332051856,48.016063932843004],[-107.37126771951714,48.01608676672519],[-107.37143499376666,48.01610561733932],[-107.37144083354582,48.01608764896276],[-107.37147744465224,48.01601542793218],[-107.37131053845073,48.016005478638554]]]}"
0000000000000000004b,11297,0,0,0,"{""type"":""Polygon"",""coordinates"":[[[-107.3713396928001,48.01591556606627],[-107.37133994970122,48.0159200442607],[-107.37132738856918,48.01593812328658],[-107.37131053845073,48.016005478638554],[-107.37147744465224,48.01601542793218],[-107.37148026225388,48.01593054675641],[-107.3713396928001,48.01591556606627]]]}"
00000000000000000064,11298,0,0,0,"{""type"":""Polygon"",""coordinates"":[[[-107.37144304388401,48.01584644041315],[-107.37145431089468,48.01580153170424],[-107.37130345776441,48.015849301479484],[-107.37133854488786,48.01588879149808],[-107.3713396928001,48.01591556606627],[-107.37148026225388,48.01593054675641],[-107.37147896819376,48.01590371700316],[-107.37144304388401,48.01584644041315]]]}"
0000000000000000004f,11299,0,0,0,"{""type"":""Polygon"",""coordinates"":[[[-107.37144441195773,48.01573023589332],[-107.3712394345353,48.01576134114629],[-107.37123990367368,48.015770226555084],[-107.37127410910877,48.01579185898405],[-107.37129511940228,48.0158137522369],[-107.37129636868977,48.015840510994586],[-107.37130345776441,48.015849301479484],[-107.37145431089468,48.01580153170424],[-107.37146661501258,48.015778974529454],[-107.37144441195773,48.01573023589332]]]}"
0000000000000000004c,11300,0,0,0,"{""type"":""Polygon"",""coordinates"":[[[-107.37143736749978,48.01572151639447],[-107.37142402627639,48.0157217220583],[-107.37138476121903,48.0157359312557],[-107.37137631192381,48.015695959105344],[-107.3713879467148,48.015659951695085],[-107.37123496343924,48.015663105015314],[-107.37123636817502,48.01569435764651],[-107.37125169409711,48.01573871305917],[-107.3712394345353,48.01576134114629],[-107.37144441195773,48.01573023589332],[-107.37143736749978,48.01572151639447]]]}"
00000000000000000047,11301,0,0,0,"{""type"":""Polygon"",""coordinates"":[[[-107.37137090210499,48.01557995235878],[-107.37134368439605,48.01556712625838],[-107.37118548640548,48.01560162699531],[-107.37120712114549,48.01563689952196],[-107.37123496343924,48.015663105015314],[-107.3713879467148,48.015659951695085],[-107.37139212463954,48.01560625271472],[-107.37137090210499,48.01557995235878]]]}"
00000000000000000049,11302,0,0,0,"{""type"":""Polygon"",""coordinates"":[[[-107.37140079927819,48.0153604575279],[-107.37135746757227,48.01543278831936],[-107.37131986455296,48.01548272805856],[-107.37123325359515,48.01548007534914],[-107.37113167581288,48.0155893539867],[-107.37115227353083,48.01560227508081],[-107.37117824192913,48.01558834260096],[-107.37118548640548,48.01560162699531],[-107.37134368439605,48.01556712625838],[-107.37130947908692,48.01554549394405],[-107.37133441036356,48.015509210044584],[-107.37139927569315,48.015472167295925],[-107.3713982385854,48.015449815929536],[-107.37139683369945,48.01541856345072],[-107.37141534512064,48.0153869394389],[-107.37142676747779,48.01534652505018],[-107.37140079927819,48.0153604575279]]]}"
0000000000000000004d,11303,0,0,0,"{""type"":""GeometryCollection"",""geometries"":[{""type"":""LineString"",""coordinates"":[[-107.37115688512633,48.01555755049716],[-107.3711441979442,48.015571211868696]]},{""type"":""LineString"",""coordinates"":[[-107.37113151075548,48.015584873238915],[-107.37113171545938,48.01558933546531]]},{""type"":""Polygon"",""coordinates"":[[[-107.37120661602246,48.015480557565034],[-107.37118435674773,48.01543190586085],[-107.37102083338242,48.01549333068501],[-107.37103428528911,48.015497548059756],[-107.37105529523726,48.015519441250724],[-107.37108366046641,48.01555904181995],[-107.37113152033855,48.01558486004638],[-107.37114419223703,48.01557120415387],[-107.37114319992904,48.01554892369323],[-107.37115686412747,48.01555754826346],[-107.37123325359515,48.01548007534914],[-107.37120661602246,48.015480557565034]]]}]}"
0000000000000000004a,11304,0,0,0,"{""type"":""Polygon"",""coordinates"":[[[-107.37117690005522,48.015414214311186],[-107.37115635918249,48.015401206539046],[-107.37114269503788,48.01539258199317],[-107.37110901325397,48.015384344710064],[-107.37111282378551,48.01532174490862],[-107.37110547798291,48.015308476350874],[-107.37096577403487,48.01545429901783],[-107.37096592949,48.015458792947676],[-107.370979694992,48.015467401757995],[-107.37099340373969,48.01547609729529],[-107.37102083338242,48.01549333068501],[-107.37118435674773,48.01543190586085],[-107.37117690005522,48.015414214311186]]]}"
00000000000000000041,11305,0,0,0,"{""type"":""Polygon"",""coordinates"":[[[-107.37105432160502,48.015354214287754],[-107.37102835336847,48.01536814666752],[-107.37098606741955,48.01531544351807],[-107.37097908935168,48.01531107605707],[-107.37085561113523,48.01537616471011],[-107.37089663848067,48.01539767068073],[-107.37091713456157,48.0154106075567],[-107.37095148541957,48.01543229514988],[-107.37096577403487,48.01545429901783],[-107.37110547798291,48.015308476350874],[-107.37105432160502,48.015354214287754]]]}"
00000000000000000043,11306,0,0,0,"{""type"":""Polygon"",""coordinates"":[[[-107.37094529692314,48.01529841576315],[-107.37091036631213,48.01526341993277],[-107.37091626289867,48.01524536514922],[-107.37081103979499,48.01527435165379],[-107.37081145207222,48.01528332371173],[-107.37082677729695,48.01532767886134],[-107.3708409103442,48.015345188786064],[-107.37085561113523,48.01537616471011],[-107.37097908935168,48.01531107605707],[-107.37094529692314,48.01529841576315]]]}"
00000000000000000045,11307,0,0,0,"{""type"":""Polygon"",""coordinates"":[[[-107.37064732515329,48.015188422335605],[-107.37068100648882,48.015196659761536],[-107.37075395229046,48.015190688413476],[-107.37076787305118,48.01520379112334],[-107.37076865294715,48.01522166426273],[-107.37078991937508,48.015248035545454],[-107.37081103979499,48.01527435165379],[-107.37091626289867,48.01524536514922],[-107.37093451767217,48.01520926319356],[-107.3709270611528,48.0151915716954],[-107.3709264366312,48.015178192475425],[-107.37093264410014,48.015169125530626],[-107.37064732515329,48.015188422335605]]]}"
00000000000000000042,11308,0,0,0,"{""type"":""Polygon"",""coordinates"":[[[-107.37068378098736,48.01511170894499],[-107.37067736130103,48.0151163686894],[-107.3706519162282,48.015143695884376],[-107.370633772055,48.0151842206985],[-107.37064732515329,48.015188422335605],[-107.37093264410014,48.015169125530626],[-107.37095162474925,48.015146387061286],[-107.37095000801219,48.01511072757478],[-107.37094834663526,48.015074997158216],[-107.37068378098736,48.01511170894499]]]}"
0000000000000000003d,11309,0,0,0,"{""type"":""Polygon"",""coordinates"":[[[-107.37093302131802,48.01503064224479],[-107.37086503416326,48.015000788435955],[-107.37089000996927,48.01496457598724],[-107.37087630143746,48.01495588051477],[-107.37088052453173,48.014902253220626],[-107.37086060859741,48.01490262464821],[-107.3708231165315,48.01495698661514],[-107.37079005979837,48.01496212843704],[-107.37068378098736,48.01511170894499],[-107.37094834663526,48.015074997158216],[-107.37094813441719,48.015070589988376],[-107.37097420384308,48.015056641942365],[-107.37098698639892,48.01504740915279],[-107.37100659151056,48.01503804990731],[-107.37093302131802,48.01503064224479]]]}"
00000000000000000046,11310,0,0,0,"{""type"":""Polygon"",""coordinates"":[[[-107.37073728719538,48.014972206493894],[-107.37069714172732,48.01496855789644],[-107.37063749260345,48.01497425266958],[-107.37058327117971,48.01495300746],[-107.3705699749929,48.01495328394618],[-107.37064848327965,48.015067812061844],[-107.37068165086004,48.015067093219756],[-107.37067027254535,48.015107578273316],[-107.37067736130103,48.0151163686894],[-107.37068378098736,48.01511170894499],[-107.37079005979837,48.01496212843704],[-107.37073728719538,48.014972206493894]]]}"
0000000000000000003e,11311,0,0,0,"{""type"":""GeometryCollection"",""geometries"":[{""type"":""LineString"",""coordinates"":[[-107.37055279980144,48.01515911049483],[-107.37055320910332,48.015168034952005]]},{""type"":""Polygon"",""coordinates"":[[[-107.37067048472964,48.015111985447746],[-107.3706519162282,48.015143695884376],[-107.37067736130103,48.0151163686894],[-107.37067048472964,48.015111985447746]]]},{""type"":""Polygon"",""coordinates"":[[[-107.3705699749929,48.01495328394618],[-107.37056351069135,48.01495787271383],[-107.37054478680385,48.014985089144304],[-107.37052528310744,48.01499443251328],[-107.37047815045803,48.014981977639735],[-107.37047856265757,48.014990949650894],[-107.37055284705303,48.01515910543258],[-107.37059540911638,48.01507334098276],[-107.37064848327965,48.015067812061844],[-107.3705699749929,48.01495328394618]]]}]}"
0000000000000000007c,11312,0,0,0,"{""type"":""Polygon"",""coordinates"":[[[-107.37047856265757,48.014990949650894],[-107.37033605990204,48.015078704598466],[-107.37037646207759,48.01508683148546],[-107.37039053799947,48.01510442813192],[-107.37041796692276,48.015121661589994],[-107.37043850722426,48.01513466946539],[-107.37048585218925,48.01515153156966],[-107.37052640994611,48.01516415230683],[-107.3705070169135,48.01517791865966],[-107.37054741930882,48.015186045484405],[-107.37055321462984,48.01516800651872],[-107.37047856265757,48.014990949650894]]]}"
00000000000000000040,11313,0,0,0,"{""type"":""Polygon"",""coordinates"":[[[-107.37046475287485,48.01498226988345],[-107.3704363888756,48.01494266953666],[-107.37026468606956,48.014973037553084],[-107.37028022259796,48.01502179971694],[-107.37030821891443,48.015052499103675],[-107.37030868783431,48.01506138440211],[-107.37032239618304,48.015070079977995],[-107.37033605990204,48.015078704598466],[-107.37047856265757,48.014990949650894],[-107.37047815045803,48.014981977639735],[-107.37046475287485,48.01498226988345]]]}"
00000000000000000026,11314,0,0,0,"{""type"":""Polygon"",""coordinates"":[[[-107.3704220561845,48.01492059483638],[-107.37042080750007,48.014893836522845],[-107.37042043995143,48.014884935482165],[-107.3704195588155,48.014867078222984],[-107.37026709392394,48.01487918604872],[-107.37025578138712,48.01492402289372],[-107.37026468606956,48.014973037553084],[-107.3704363888756,48.01494266953666],[-107.3704220561845,48.01492059483638]]]}"
0000000000000000003c,11315,0,0,0,"{""type"":""Polygon"",""coordinates"":[[[-107.37018874284745,48.01476915186103],[-107.37021642815374,48.01479086338023],[-107.37026356034274,48.01480331834867],[-107.37027330145037,48.014870119197035],[-107.37026709392394,48.01487918604872],[-107.3704195588155,48.014867078222984],[-107.37041940342236,48.01486258434155],[-107.37041753039507,48.014822446920874],[-107.37041653850362,48.01480016676124],[-107.37018874284745,48.01476915186103]]]}"
00000000000000000036,11316,0,0,0,"{""type"":""Polygon"",""coordinates"":[[[-107.37029142240355,48.01468657897292],[-107.37028025601278,48.014731470835294],[-107.37019757045579,48.01467064105038],[-107.37016414663576,48.01466688161202],[-107.37015721347912,48.01466258509261],[-107.37013708570394,48.014658549221664],[-107.37007665779448,48.014646370629734],[-107.37009782188206,48.01467275757132],[-107.37011174213526,48.01468586025958],[-107.37013212667563,48.01469437423409],[-107.37015449469764,48.0147474484646],[-107.37018858748175,48.014764657986944],[-107.37018874284745,48.01476915186103],[-107.37041653850362,48.01480016676124],[-107.37041565736743,48.01478230953099],[-107.37048057836749,48.01474518122092],[-107.37049303792989,48.014727118494946],[-107.37029142240355,48.01468657897292]],[[-107.37021935894181,48.014710407082084],[-107.37019251007959,48.014706481844605],[-107.37019985538552,48.01471975033216],[-107.37021935894181,48.014710407082084]]]}"
00000000000000000044,11317,0,0,0,"{""type"":""MultiPolygon"",""coordinates"":[[[[-107.3701836501642,48.014657538379375],[-107.3701421461191,48.01462270846225],[-107.37013630610048,48.014640676262225],[-107.37015721347912,48.01466258509261],[-107.37019757045579,48.01467064105038],[-107.37019735832571,48.01466623391073],[-107.3701836501642,48.014657538379375]]],[[[-107.37034768314388,48.014605072240954],[-107.3703478952925,48.01460947937463],[-107.37032917149378,48.014636695579334],[-107.37030257941987,48.014637248468354],[-107.37029142240355,48.01468657897292],[-107.37049303792989,48.014727118494946],[-107.37050529743803,48.014704490952354],[-107.37051785837632,48.01468641246579],[-107.3705224048382,48.01464161549562],[-107.37034768314388,48.014605072240954]]],[[[-107.37010982479813,48.01464565200604],[-107.37011529735038,48.014618783207325],[-107.37003286919386,48.01456243148014],[-107.37001957322437,48.01456270788235],[-107.36999309199743,48.01456768358455],[-107.37000043719371,48.014580952054956],[-107.37002780869395,48.01459827219462],[-107.37004194099816,48.01461578201177],[-107.37006232547,48.01462429599144],[-107.37007665779448,48.014646370629734],[-107.37013708570394,48.014658549221664],[-107.37010982479813,48.01464565200604]]]]}"
0000000000000000003b,11318,0,0,0,"{""type"":""GeometryCollection"",""geometries"":[{""type"":""LineString"",""coordinates"":[[-107.3702847304242,48.01453934128192],[-107.37028452580093,48.01453487905197]]},{""type"":""Polygon"",""coordinates"":[[[-107.37036437853929,48.01453322499235],[-107.37037261436606,48.01456878924586],[-107.37034768314388,48.014605072240954],[-107.3705224048382,48.01464161549562],[-107.37052699592186,48.01459688951799],[-107.37053789580662,48.014543080997456],[-107.37054347882686,48.01452063513193],[-107.37036437853929,48.01453322499235]]]}]}"
00000000000000000039,11319,0,0,0,"{""type"":""GeometryCollection"",""geometries"":[{""type"":""LineString"",""coordinates"":[[-107.37028452592237,48.014534881700115],[-107.3702847304242,48.01453934128192]]},{""type"":""Polygon"",""coordinates"":[[[-107.3705583006198,48.01440865087966],[-107.37054484921894,48.014404433513086],[-107.37054360042386,48.01437767546817],[-107.37054980780606,48.0143686086892],[-107.37026943365152,48.01449502291973],[-107.37028450113161,48.01453489942963],[-107.37028452592237,48.014534881700115],[-107.37030384920176,48.014521062345445],[-107.3703562981139,48.014502154612295],[-107.37036437853929,48.01453322499235],[-107.37054347882686,48.01452063513193],[-107.3705472454092,48.014457965415986],[-107.37057247783221,48.01442623150188],[-107.37058473718521,48.0144036040833],[-107.3705583006198,48.01440865087966]]]}]}"
0000000000000000003a,11320,0,0,0,"{""type"":""MultiPolygon"",""coordinates"":[[[[-107.37002599284334,48.01455804823307],[-107.37001957322437,48.01456270788235],[-107.37003286919386,48.01456243148014],[-107.37002599284334,48.01455804823307]]],[[[-107.37042624257559,48.01428632899324],[-107.37020015528714,48.014438339855054],[-107.37022142078756,48.014464710892355],[-107.37024196063675,48.0144777186579],[-107.37026917687434,48.014490544841344],[-107.37026943365152,48.01449502291973],[-107.37054980780606,48.0143686086892],[-107.3705685313349,48.01434139258783],[-107.37058986173275,48.01422489097251],[-107.37042624257559,48.01428632899324]]]]}"
00000000000000000038,11321,0,0,0,"{""type"":""MultiPolygon"",""coordinates"":[[[[-107.37000539631507,48.01454512712471],[-107.36998589284248,48.01455447029958],[-107.36999309199743,48.01456768358455],[-107.37001957322437,48.01456270788235],[-107.37002599284334,48.01455804823307],[-107.37000539631507,48.01454512712471]]],[[[-107.37012153917466,48.01431938979522],[-107.37014291526823,48.01435018367775],[-107.37016532778898,48.01440332851369],[-107.37020004455437,48.014433916963426],[-107.37020015528714,48.014438339855054],[-107.37042624257559,48.01428632899324],[-107.37012153917466,48.01431938979522]]]]}"
0000000000000000003f,11322,0,0,0,"{""type"":""Polygon"",""coordinates"":[[[-107.37055551226489,48.014203203715276],[-107.37054831292242,48.01418999056945],[-107.37009089126217,48.01423068095213],[-107.37009912676552,48.01426624503154],[-107.37009354355916,48.014288690766655],[-107.37012153917466,48.01431938979522],[-107.37042624257559,48.01428632899324],[-107.37058986173275,48.01422489097251],[-107.37055551226489,48.014203203715276]]]}"
00000000000000000035,11323,0,0,0,"{""type"":""Polygon"",""coordinates"":[[[-107.37039764293642,48.01409930795106],[-107.37008699049409,48.014145913261444],[-107.3700890185575,48.01419054400201],[-107.37009089126217,48.01423068095213],[-107.37054831292242,48.01418999056945],[-107.3705337682169,48.01416350910429],[-107.37049868369851,48.01412402002807],[-107.3704781438831,48.01411101240472],[-107.37047767491063,48.01410212726998],[-107.37047726269915,48.014093155411665],[-107.37046375466885,48.01408902478091],[-107.37045067097223,48.01409370832723],[-107.37045145074472,48.014111581092806],[-107.37045258871726,48.01413391613906],[-107.37040561258691,48.01412595522394],[-107.37039764293642,48.01409930795106]],[[-107.37043485717204,48.01418341199454],[-107.37042130448381,48.01417921039773],[-107.37042839300692,48.01418800068203],[-107.37043485717204,48.01418341199454]],[[-107.37040561258691,48.01412595522394],[-107.37038585256428,48.01413082035233],[-107.37040039713027,48.01415730182692],[-107.37040561258691,48.01412595522394]]]}"
00000000000000000007,11324,0,0,0,"{""type"":""MultiPolygon"",""coordinates"":[[[[-107.37045045880788,48.01408930123765],[-107.37045067097223,48.01409370832723],[-107.37046375466885,48.01408902478091],[-107.37045045880788,48.01408930123765]]],[[[-107.37038331054757,48.01407723359343],[-107.37010843283375,48.014033835015795],[-107.37009116983917,48.014092215856955],[-107.37008699049409,48.014145913261444],[-107.37039764293642,48.01409930795106],[-107.37039711998497,48.01408591323111],[-107.37038331054757,48.01407723359343]]]]}"
00000000000000000033,11325,0,0,0,"{""type"":""GeometryCollection"",""geometries"":[{""type"":""LineString"",""coordinates"":[[-107.37036990393183,48.01407308710252],[-107.37038336280281,48.01407726026216]]},{""type"":""Polygon"",""coordinates"":[[[-107.37044284732559,48.014067116256896],[-107.37045045880788,48.01408930123765],[-107.37046375466885,48.01408902478091],[-107.37047726269915,48.014093155411665],[-107.3704766383201,48.014079776466254],[-107.37044284732559,48.014067116256896]]]},{""type"":""Polygon"",""coordinates"":[[[-107.37013096816005,48.0139440210302],[-107.37012476078633,48.01395308770815],[-107.37010702898124,48.014002583338325],[-107.370114117376,48.01401137361945],[-107.37010843283375,48.014033835015795],[-107.3703699039457,48.01407308717825],[-107.37036990393183,48.01407308710252],[-107.37036094244677,48.01402416009879],[-107.3703724220045,48.01398366015331],[-107.37013096816005,48.0139440210302]],[[-107.37032204684253,48.01404726924768],[-107.37032251577774,48.01405615437479],[-107.37033559945809,48.01405147084975],[-107.37032204684253,48.01404726924768]]]}]}"
00000000000000000034,11326,0,0,0,"{""type"":""Polygon"",""coordinates"":[[[-107.37018025020512,48.01385814816833],[-107.37017441036012,48.01387611570345],[-107.37014906739937,48.013903426327026],[-107.37013096816005,48.0139440210302],[-107.3703724220045,48.01398366015331],[-107.3703895291476,48.01392078559381],[-107.37038828044675,48.013894027792034],[-107.37018025020512,48.01385814816833]]]}"
0000000000000000002b,11327,0,0,0,"{""type"":""Polygon"",""coordinates"":[[[-107.37022291255272,48.01377237027526],[-107.37020518096926,48.01382186574687],[-107.37018025020512,48.01385814816833],[-107.37038828044675,48.013894027792034],[-107.37038020008315,48.01386295779234],[-107.37043197903583,48.01383060044444],[-107.37043792953102,48.01381705575016],[-107.37022291255272,48.01377237027526]]]}"
00000000000000000037,11328,0,0,0,"{""type"":""Polygon"",""coordinates"":[[[-107.37022485120693,48.01366963587084],[-107.37022510798312,48.013674113879034],[-107.37025915525906,48.01369125209215],[-107.37024168054408,48.01374522550556],[-107.37022291255272,48.01377237027526],[-107.37043792953102,48.01381705575016],[-107.37045049014914,48.01379897758746],[-107.37045425668634,48.01373630874147],[-107.37022485120693,48.01366963587084]]]}"
00000000000000000030,11329,0,0,0,"{""type"":""Polygon"",""coordinates"":[[[-107.3702609384027,48.013584024077616],[-107.3702434637562,48.01363799737891],[-107.37022485120693,48.01366963587084],[-107.37045425668634,48.01373630874147],[-107.37045947200549,48.01370496239149],[-107.37047198793584,48.01368681331326],[-107.37048403487555,48.01365977918063],[-107.3704969630023,48.013650601896],[-107.3702609384027,48.013584024077616]]]}"
0000000000000000002f,11330,0,0,0,"{""type"":""Polygon"",""coordinates"":[[[-107.37027158141002,48.013525738636744],[-107.3702609384027,48.013584024077616],[-107.3704969630023,48.013650601896],[-107.37055348782823,48.01357801329886],[-107.37057345974787,48.013577555239934],[-107.37059358709645,48.01358159094658],[-107.37059880227147,48.013550244685455],[-107.3706051108825,48.01354116227899],[-107.37027158141002,48.013525738636744]]]}"
00000000000000000048,11331,0,0,0,"{""type"":""Polygon"",""coordinates"":[[[-107.37060882033583,48.013478580468366],[-107.370608297293,48.013465185910945],[-107.37060017214534,48.01343404523605],[-107.37060642397392,48.013425049574295],[-107.37028843162928,48.01345838665986],[-107.37027158141002,48.013525738636744],[-107.3706051108825,48.01354116227899],[-107.37061095047879,48.01352319483908],[-107.37061043682982,48.01351423885344],[-107.37062982891757,48.013500472941786],[-107.37060882033583,48.013478580468366]]]}"
0000000000000000002e,11332,0,0,0,"{""type"":""Polygon"",""coordinates"":[[[-107.37030366557504,48.013355376455],[-107.37029099432445,48.013369031641076],[-107.37029969886852,48.013413480132385],[-107.37028843162928,48.01345838665986],[-107.37060642397392,48.013425049574295],[-107.37061665415519,48.01335779255641],[-107.37030366557504,48.013355376455]]]}"
0000000000000000002d,11333,0,0,0,"{""type"":""MultiPolygon"",""coordinates"":[[[[-107.37065935965174,48.01327208627997],[-107.37067427181752,48.01330746804632],[-107.37070023856849,48.01329353634945],[-107.37070607807404,48.013275568991155],[-107.37065935965174,48.01327208627997]]],[[[-107.37032619990156,48.01326556361457],[-107.37032656745106,48.013274464379855],[-107.37030805656448,48.01330608688983],[-107.37030987280312,48.01334630987282],[-107.37030366557504,48.013355376455],[-107.37061665415519,48.01335779255641],[-107.37061602971032,48.01334441380179],[-107.37061937147159,48.01327293146448],[-107.37032619990156,48.01326556361457]]]]}"
0000000000000000002a,11334,0,0,0,"{""type"":""Polygon"",""coordinates"":[[[-107.37068382059879,48.013226919177086],[-107.3706759522469,48.01320025661647],[-107.37030175923618,48.0131677900741],[-107.37030212678118,48.01317669082294],[-107.3703037876288,48.01321241996666],[-107.37032619990156,48.01326556361457],[-107.37061937147159,48.01327293146448],[-107.37062302679297,48.01320584046755],[-107.37063809433135,48.01324571593694],[-107.37065263883669,48.01327219692641],[-107.37065935965174,48.01327208627997],[-107.37070607807404,48.013275568991155],[-107.37070504131594,48.013253218547554],[-107.37068382059879,48.013226919177086]]]}"
00000000000000000027,11335,0,0,0,"{""type"":""Polygon"",""coordinates"":[[[-107.37068696212195,48.013150872317574],[-107.37068581456825,48.01312409914845],[-107.37068519009334,48.01311072045484],[-107.37029076954356,48.01307423401763],[-107.37029962944739,48.01312317599085],[-107.37030051056928,48.01314103265577],[-107.37030175923618,48.0131677900741],[-107.3706759522469,48.01320025661647],[-107.37067579680871,48.01319576287987],[-107.37070077135574,48.01315955176285],[-107.37068696212195,48.013150872317574]]]}"
00000000000000000018,11336,0,0,0,"{""type"":""Polygon"",""coordinates"":[[[-107.37074030930249,48.01300688146828],[-107.3707336899251,48.0130069763471],[-107.37068811937978,48.01303026676641],[-107.37062888565697,48.013044932918014],[-107.37061709587518,48.013076444697134],[-107.37056365698271,48.01307307258683],[-107.37056262030485,48.01305072222624],[-107.3705885868764,48.01303679063261],[-107.37058035101207,48.013001227440895],[-107.37029369965778,48.012993780376384],[-107.37028264474178,48.01304309353994],[-107.37029076954356,48.01307423401763],[-107.37068519009334,48.01311072045484],[-107.37068497789437,48.01310631344955],[-107.37070954008358,48.013061130715606],[-107.37074218279383,48.01304701747685],[-107.37076106090916,48.01302429576889],[-107.37082033927085,48.013009700492994],[-107.37074030930249,48.01300688146828]],[[-107.37055036147096,48.0130733490432],[-107.3705301897692,48.01306924240759],[-107.37053743356455,48.01308252622809],[-107.37055036147096,48.0130733490432]]]}"
00000000000000000023,11337,0,0,0,"{""type"":""MultiPolygon"",""coordinates"":[[[[-107.3707856229627,48.01297911308979],[-107.37076653267337,48.012997427786374],[-107.37074030930249,48.01300688146828],[-107.37082033927085,48.013009700492994],[-107.37082008241778,48.01300522254525],[-107.37084526893727,48.012973418521746],[-107.3707856229627,48.01297911308979]]],[[[-107.37054720489459,48.01285900644842],[-107.37029255238492,48.012967007275876],[-107.37029291993065,48.01297590799055],[-107.37029369965778,48.012993780376384],[-107.37058035101207,48.013001227440895],[-107.37057263820175,48.01297905870201],[-107.37060532547544,48.01296501648564],[-107.37059735582739,48.012938369821114],[-107.37060950379043,48.01291132029776],[-107.37060887933919,48.01289794165751],[-107.37061368208565,48.01285762416536],[-107.37061331446026,48.012848723474086],[-107.37054720489459,48.01285900644842]]]]}"
00000000000000000032,11338,0,0,0,"{""type"":""Polygon"",""coordinates"":[[[-107.37029257293223,48.01282406762363],[-107.37028927532063,48.012895620299865],[-107.37029255238492,48.012967007275876],[-107.37054720489459,48.01285900644842],[-107.37029257293223,48.01282406762363]]]}"
00000000000000000031,11339,0,0,0,"{""type"":""Polygon"",""coordinates"":[[[-107.37058131577504,48.01273327586754],[-107.37028992018953,48.01276605945127],[-107.37029257293223,48.01282406762363],[-107.37054720489459,48.01285900644842],[-107.37061331446026,48.012848723474086],[-107.37060534482212,48.012822076869256],[-107.37060497719824,48.01281317618396],[-107.37060435274668,48.012799797568825],[-107.37062182642299,48.01274582509182],[-107.37062813487367,48.012736742827684],[-107.37058131577504,48.01273327586754]]]}"
00000000000000000025,11340,0,0,0,"{""type"":""Polygon"",""coordinates"":[[[-107.37031766923361,48.012644901935325],[-107.37031891793303,48.01267165909865],[-107.37029978305131,48.01268990264187],[-107.37028043600122,48.012703739214615],[-107.37029461247246,48.01272131932337],[-107.37029498002228,48.01273021999611],[-107.37029534757205,48.012739120670346],[-107.37028992018953,48.01276605945127],[-107.37058131577504,48.01273327586754],[-107.37031766923361,48.012644901935325]]]}"
0000000000000000001e,11341,0,0,0,"{""type"":""Polygon"",""coordinates"":[[[-107.37060384897191,48.01264346405935],[-107.37062257147625,48.012616248871616],[-107.37062157938314,48.012593969659534],[-107.37062132255228,48.01258949174632],[-107.37056751673255,48.01257721900684],[-107.37031600834183,48.01260917318087],[-107.37031642053401,48.01261814478568],[-107.37031766923361,48.012644901935325],[-107.37058131577504,48.01273327586754],[-107.37062813487367,48.012736742827684],[-107.37065368893525,48.01271383968675],[-107.37063815250546,48.01266507973379],[-107.37059837717852,48.01267033185139],[-107.37057747043507,48.01264842393612],[-107.37060384897191,48.01264346405935]],[[-107.37057700142097,48.01263953905153],[-107.37059014134901,48.01263476890895],[-107.3705830530328,48.012625978892565],[-107.37057700142097,48.01263953905153]],[[-107.37057747043507,48.01264842393612],[-107.37057700142097,48.01263953905153],[-107.37056396288584,48.01264429342143],[-107.37057747043507,48.01264842393612]]]}"
00000000000000000021,11342,0,0,0,"{""type"":""Polygon"",""coordinates"":[[[-107.37032921315313,48.012461535375],[-107.37031857070407,48.01251981962147],[-107.3702921923025,48.012524779404515],[-107.37030047244211,48.01256041325735],[-107.3703150164352,48.0125868939639],[-107.37031600834183,48.01260917318087],[-107.37056751673255,48.01257721900684],[-107.37032921315313,48.012461535375]]]}"
0000000000000000001c,11343,0,0,0,"{""type"":""Polygon"",""coordinates"":[[[-107.37037672079963,48.01233551363381],[-107.3703702569755,48.01234010214651],[-107.37035361976562,48.01241185962342],[-107.37033401608245,48.01242121822883],[-107.37032921315313,48.012461535375],[-107.37056751673255,48.01257721900684],[-107.37062132255228,48.01258949174632],[-107.37063358116342,48.01256686513538],[-107.37064625203395,48.012553210123215],[-107.37065209140931,48.01253524302599],[-107.37037672079963,48.01233551363381]]]}"
00000000000000000024,11344,0,0,0,"{""type"":""Polygon"",""coordinates"":[[[-107.37054157992846,48.01230083518272],[-107.37053485929738,48.01230094581416],[-107.37050727680156,48.012279219614015],[-107.37051369597172,48.012274560147006],[-107.37050649694986,48.0122613474774],[-107.37047344271961,48.01226648886136],[-107.37046155174734,48.01229801591799],[-107.37043558570836,48.012311947266774],[-107.3704226580737,48.0123211242956],[-107.37037672079963,48.01233551363381],[-107.37065209140931,48.01253524302599],[-107.37066398234197,48.01250371580362],[-107.37071804499092,48.01252046637837],[-107.37075021814834,48.01249746843677],[-107.37054157992846,48.01230083518272]]]}"
00000000000000000020,11345,0,0,0,"{""type"":""GeometryCollection"",""geometries"":[{""type"":""LineString"",""coordinates"":[[-107.37075004904376,48.01249303076735],[-107.37075025369258,48.01249749299738]]},{""type"":""Polygon"",""coordinates"":[[[-107.37050649694986,48.0122613474774],[-107.37051369597172,48.012274560147006],[-107.37051979216506,48.01226107103895],[-107.37050649694986,48.0122613474774]]]},{""type"":""Polygon"",""coordinates"":[[[-107.37066061261832,48.01228496863639],[-107.37064794185234,48.012298623577735],[-107.37060122468137,48.012295140871515],[-107.37055487516272,48.01230055873871],[-107.37054157992846,48.01230083518272],[-107.37075010733173,48.01249304571214],[-107.37078264812746,48.01247894839766],[-107.37080074591285,48.01243835474607],[-107.37081367355262,48.012429177645515],[-107.37082660118764,48.01242000054494],[-107.37085965563786,48.012414859018456],[-107.37066061261832,48.01228496863639]]]}]}"
00000000000000000029,11346,0,0,0,"{""type"":""Polygon"",""coordinates"":[[[-107.37072490443796,48.012234463584534],[-107.37071885294638,48.012248023647835],[-107.37066045717447,48.01228047497861],[-107.37066061261832,48.01228496863639],[-107.37085965563786,48.012414859018456],[-107.37092571991055,48.01240450498174],[-107.37097640283633,48.01234988497364],[-107.37098917494166,48.01233621420517],[-107.37072490443796,48.012234463584534]]]}"
0000000000000000001d,11347,0,0,0,"{""type"":""Polygon"",""coordinates"":[[[-107.37076709448174,48.0121398033982],[-107.3707486291767,48.012171496233435],[-107.370769012691,48.01218000968898],[-107.37074936451307,48.012189297383664],[-107.37072490443796,48.012234463584534],[-107.37098917494166,48.01233621420517],[-107.37106608056041,48.012272140619366],[-107.37076709448174,48.0121398033982]]]}"
0000000000000000002c,11348,0,0,0,"{""type"":""Polygon"",""coordinates"":[[[-107.37085755191072,48.01207993162165],[-107.37084410124467,48.012075714466306],[-107.37082533453177,48.01210285845457],[-107.370799413303,48.012116860796006],[-107.37078648577805,48.01212603783689],[-107.37077355824836,48.01213521487776],[-107.37076709448174,48.0121398033982],[-107.37106608056041,48.012272140619366],[-107.37108542724789,48.01225830401143],[-107.37110315687893,48.012208809906994],[-107.3711159830088,48.012199648580655],[-107.37112849813018,48.01218149995985],[-107.37089144286294,48.01209257546842],[-107.37088497911027,48.01209716399271],[-107.37085864555858,48.012102194836636],[-107.37085755191072,48.01207993162165]],[[-107.37085864555858,48.012102194836636],[-107.37084524895924,48.01210248709247],[-107.37085901325453,48.012111095398055],[-107.37085864555858,48.012102194836636]]]}"
00000000000000000013,11349,0,0,0,"{""type"":""MultiPolygon"",""coordinates"":[[[[-107.37084410124467,48.012075714466306],[-107.37085755191072,48.01207993162165],[-107.37085702874502,48.01206653742711],[-107.37084410124467,48.012075714466306]]],[[[-107.37112877205712,48.012043040407804],[-107.37094858908706,48.012033367293014],[-107.37094905819895,48.01204225207026],[-107.37092996848243,48.0120605664566],[-107.37091766557242,48.01208312192731],[-107.37089144286294,48.01209257546842],[-107.37112849813018,48.01218149995985],[-107.37115952292467,48.012131729394945],[-107.37122308805435,48.01206786152591],[-107.37112877205712,48.012043040407804]]]]}"
00000000000000000019,11350,0,0,0,"{""type"":""Polygon"",""coordinates"":[[[-107.37101783785558,48.01194703914411],[-107.37099228448825,48.01196994202855],[-107.37097403166831,48.012006041708474],[-107.37095489734266,48.01202428513611],[-107.37094858908706,48.012033367293014],[-107.37112877205712,48.012043040407804],[-107.37101783785558,48.01194703914411]]]}"
00000000000000000014,11351,0,0,0,"{""type"":""Polygon"",""coordinates"":[[[-107.3710954686199,48.01189632863575],[-107.37103660437842,48.01191989520388],[-107.37102430157353,48.011942450624915],[-107.37101783785558,48.01194703914411],[-107.37112877205712,48.012043040407804],[-107.37122308805435,48.01206786152591],[-107.3712414421134,48.012031745987905],[-107.3712545250755,48.01202706253701],[-107.3710954686199,48.01189632863575]]]}"
00000000000000000028,11352,0,0,0,"{""type"":""Polygon"",""coordinates"":[[[-107.37113244306846,48.01183301415114],[-107.3711195603198,48.01184226213355],[-107.37110204318884,48.011896162788254],[-107.3710954686199,48.01189632863575],[-107.3712545250755,48.01202706253701],[-107.37128033531432,48.012008637417864],[-107.37130505160987,48.01196794914358],[-107.371343900091,48.011944769628016],[-107.37135620274724,48.01192221416871],[-107.37136251091059,48.01191313200663],[-107.37113244306846,48.01183301415114]]]}"
00000000000000000015,11353,0,0,0,"{""type"":""Polygon"",""coordinates"":[[[-107.37116206265809,48.011751993634675],[-107.37114980461446,48.01177461994607],[-107.37116409219774,48.011796622271056],[-107.37113890675936,48.0118284256349],[-107.37113244306846,48.01183301415114],[-107.37136251091059,48.01191313200663],[-107.37138138813286,48.01189041069202],[-107.37138076337855,48.011877032325806],[-107.37139202876482,48.011832127075486],[-107.3713981246111,48.011818638034526],[-107.37116206265809,48.011751993634675]]]}"
0000000000000000006b,11354,0,0,0,"{""type"":""Polygon"",""coordinates"":[[[-107.37138708744395,48.01172501364096],[-107.37133875322786,48.01168587419757],[-107.37131795726155,48.0116683895113],[-107.3711682694296,48.01174292728658],[-107.37116206265809,48.011751993634675],[-107.3713981246111,48.011818638034526],[-107.37140938995375,48.01177373283343],[-107.37138708744395,48.01172501364096]]]}"
00000000000000000016,11355,0,0,0,"{""type"":""GeometryCollection"",""geometries"":[{""type"":""LineString"",""coordinates"":[[-107.37117473434208,48.011738362784634],[-107.37116828886452,48.011742962353196]]},{""type"":""Polygon"",""coordinates"":[[[-107.37128996205385,48.01163769237886],[-107.37126212242138,48.01161148885184],[-107.37124757791094,48.01158500879637],[-107.37111181015139,48.01167264813506],[-107.37114068674903,48.01172120150543],[-107.37117473310191,48.01173833877632],[-107.37131795726155,48.0116683895113],[-107.37128996205385,48.01163769237886]]]}]}"
00000000000000000012,11356,0,0,0,"{""type"":""Polygon"",""coordinates"":[[[-107.37113830625292,48.01152473644407],[-107.37111755514569,48.01150732271208],[-107.37102333435266,48.011629860265565],[-107.37108360291857,48.01163754405488],[-107.37110461096373,48.01165943566676],[-107.37111181015139,48.01167264813506],[-107.37124757791094,48.01158500879637],[-107.3712330334216,48.01155852875156],[-107.37119211111934,48.01153700864009],[-107.37123809211724,48.011522690103426],[-107.37124998222073,48.01149116344013],[-107.37113830625292,48.01152473644407]]]}"
00000000000000000011,11357,0,0,0,"{""type"":""Polygon"",""coordinates"":[[[-107.37108247199183,48.0114678358216],[-107.37101470306091,48.01144239086445],[-107.37090176048207,48.01159214284489],[-107.37090848101153,48.011592032191786],[-107.37094836611453,48.011591202727956],[-107.37096874941608,48.01159971605189],[-107.37100316325736,48.01162575382756],[-107.37102333435266,48.011629860265565],[-107.37111755514569,48.01150732271208],[-107.37108247199183,48.0114678358216]]]}"
00000000000000000017,11358,0,0,0,"{""type"":""Polygon"",""coordinates"":[[[-107.37099431982077,48.011433877574355],[-107.37095303016581,48.01140345696147],[-107.37091267615152,48.01139540175018],[-107.37090568933064,48.01138659619219],[-107.37088530616943,48.01137808288598],[-107.37087821796885,48.01136929309982],[-107.37086455531372,48.011360669141666],[-107.37079498796912,48.01158538323403],[-107.37083528535047,48.011593525242056],[-107.37086187539778,48.01159297228885],[-107.37090176048207,48.01159214284489],[-107.37101470306091,48.01144239086445],[-107.37099431982077,48.011433877574355]]]}"
00000000000000000008,11359,0,0,0,"{""type"":""Polygon"",""coordinates"":[[[-107.37085772398923,48.011356357162306],[-107.37083124494913,48.01136133273543],[-107.37079120467483,48.0113576685617],[-107.3707504385009,48.01134064190328],[-107.37074376266351,48.01134082349282],[-107.37066053208952,48.0115569134071],[-107.37066736341053,48.01156122541715],[-107.37070766068099,48.01156936747792],[-107.37076130974783,48.01157714633815],[-107.37079498796912,48.01158538323403],[-107.37086455531372,48.011360669141666],[-107.37085772398923,48.011356357162306]],[[-107.37079239701701,48.01138451177044],[-107.37077248298525,48.0113848831064],[-107.37077946976396,48.011393688674886],[-107.37079239701701,48.01138451177044]]]}"
0000000000000000001b,11360,0,0,0,"{""type"":""Polygon"",""coordinates"":[[[-107.37071034153696,48.011337064416075],[-107.37069626665422,48.01131946905841],[-107.37062145506792,48.011285305035656],[-107.37053290790533,48.01153275541477],[-107.37063294998792,48.011535187542385],[-107.37066053208952,48.0115569134071],[-107.37074376266351,48.01134082349282],[-107.37071034153696,48.011337064416075]]]}"
0000000000000000001f,11361,0,0,0,"{""type"":""Polygon"",""coordinates"":[[[-107.37061457916813,48.01128092209418],[-107.37058814485691,48.01128596854004],[-107.3705275096601,48.01126938404281],[-107.37039870961459,48.011508763050294],[-107.37041883581048,48.011512798663205],[-107.37046617632245,48.01152965972196],[-107.37053290790533,48.01153275541477],[-107.37062145506792,48.011285305035656],[-107.37061457916813,48.01128092209418]],[[-107.37052520501264,48.01136321325579],[-107.37050518965816,48.01136360030513],[-107.37051227774027,48.01137239012094],[-107.37052520501264,48.01136321325579]]]}"
0000000000000000001a,11362,0,0,0,"{""type"":""Polygon"",""coordinates"":[[[-107.37052063378134,48.01126500109541],[-107.370480537023,48.01126142351197],[-107.37047366115473,48.01125704056158],[-107.37023787726056,48.01148525232948],[-107.37028510679124,48.011497690832],[-107.37039870961459,48.011508763050294],[-107.3705275096601,48.01126938404281],[-107.37052063378134,48.01126500109541]]]}"
0000000000000000000a,11363,0,0,0,"{""type"":""Polygon"",""coordinates"":[[[-107.3704532782584,48.01124852717784],[-107.37042657778333,48.011244657384744],[-107.37041265853179,48.01123155557935],[-107.37038565664143,48.011223137028594],[-107.37035859801509,48.01121480519118],[-107.37033159616499,48.01120638662685],[-107.37030463896912,48.011198039005315],[-107.37029791855437,48.011198149612305],[-107.37014356439205,48.01146043043875],[-107.37015707141558,48.0114645609325],[-107.37023787726056,48.01148525232948],[-107.37047366115473,48.01125704056158],[-107.3704532782584,48.01124852717784]],[[-107.37035082130221,48.01133550140078],[-107.37033069522278,48.011331465784316],[-107.37033815082515,48.011349156045775],[-107.37035082130221,48.01133550140078]],[[-107.3703286666683,48.01128683750244],[-107.37031511502813,48.01128263609682],[-107.37032235844751,48.01129591948909],[-107.3703286666683,48.01128683750244]],[[-107.37031740036666,48.0113317421825],[-107.3703041055123,48.01133201857878],[-107.37031109213515,48.011340824176486],[-107.37031740036666,48.0113317421825]],[[-107.37029676070462,48.011318750946465],[-107.37027663465206,48.01131471531926],[-107.37028450242354,48.01134137696563],[-107.37029676070462,48.011318750946465]],[[-107.37040098011296,48.01126748884573],[-107.37034045593434,48.0112553268508],[-107.37032819769863,48.011277952846946],[-107.37038225827202,48.01129470327106],[-107.37040098011296,48.01126748884573]]]}"
0000000000000000000d,11364,0,0,0,"{""type"":""Polygon"",""coordinates"":[[[-107.3701651259881,48.01120540701036],[-107.37015788265177,48.011192123627104],[-107.37013025661265,48.01117032680204],[-107.37011774153478,48.011188474940234],[-107.37010366707395,48.0111708795348],[-107.37013625130695,48.011156853776434],[-107.3701024184717,48.01114412313446],[-107.37005024353167,48.011457887193394],[-107.37014356439205,48.01146043043875],[-107.37029791855437,48.011198149612305],[-107.37027753576903,48.011189636197955],[-107.37023687162974,48.01117259358891],[-107.37019052365983,48.01117801112415],[-107.37018472900569,48.01119604867409],[-107.37017842077756,48.011205130635666],[-107.3701651259881,48.01120540701036]],[[-107.37026043018561,48.011252507412706],[-107.37023372978526,48.011248637563675],[-107.37024092852971,48.01126185000483],[-107.37026043018561,48.011252507412706]],[[-107.37017842077756,48.011205130635666],[-107.37017904510532,48.01121850884857],[-107.37019192772057,48.01120926110639],[-107.37017842077756,48.011205130635666]],[[-107.37019317638573,48.0112360175373],[-107.37017966943301,48.011231887064895],[-107.37018029376067,48.01124526528464],[-107.37019317638573,48.0112360175373]],[[-107.3701651259881,48.01120540701036],[-107.37011815369773,48.01119744630278],[-107.3701524555184,48.011219061596606],[-107.3701651259881,48.01120540701036]]]}"
00000000000000000010,11365,0,0,0,"{""type"":""Polygon"",""coordinates"":[[[-107.3698621983724,48.0114215502819],[-107.36986902951692,48.01142586234219],[-107.36990942750099,48.01143398896466],[-107.36995629853959,48.01144196557731],[-107.37000373990182,48.0114588110852],[-107.37005024353167,48.011457887193394],[-107.3701024184717,48.01114412313446],[-107.3698621983724,48.0114215502819]]]}"
00000000000000000022,11366,0,0,0,"{""type"":""Polygon"",""coordinates"":[[[-107.36999705222844,48.011168612595405],[-107.36987958290358,48.011220221438606],[-107.36976101055363,48.011392345015416],[-107.36977471742885,48.01140104009675],[-107.369815482776,48.011418067211],[-107.3698621983724,48.0114215502819],[-107.3701024184717,48.01114412313446],[-107.36999705222844,48.011168612595405]]]}"
00000000000000000103,11367,0,0,0,"{""type"":""Polygon"",""coordinates"":[[[-107.3696734414248,48.01122447678797],[-107.36968897601773,48.011273235600115],[-107.3696893880743,48.011282206981754],[-107.36969721073679,48.01130879772185],[-107.36969225208654,48.01134462040619],[-107.36976101055363,48.011392345015416],[-107.36987958290358,48.011220221438606],[-107.3696734414248,48.01122447678797]]]}"
0000000000000000000e,11368,0,0,0,"{""type"":""Polygon"",""coordinates"":[[[-107.36966897385115,48.011126249020236],[-107.36967621696323,48.011139532429404],[-107.36967240522875,48.011202127195965],[-107.3696734414248,48.01122447678797],[-107.36987958290358,48.011220221438606],[-107.36999705222844,48.011168612595405],[-107.36966897385115,48.011126249020236]]]}"
0000000000000000000f,11369,0,0,0,"{""type"":""MultiPolygon"",""coordinates"":[[[[-107.37007608573121,48.01114915365096],[-107.3701024184717,48.01114412313446],[-107.3700820358038,48.01113560968434],[-107.37007608573121,48.01114915365096]]],[[[-107.37007608573121,48.01114915365096],[-107.37006227743623,48.01114047442564],[-107.3700820358038,48.01113560968434],[-107.37004074761978,48.01110518881452],[-107.37004695446254,48.01109612264946],[-107.37003949906094,48.01107843244589],[-107.37001874894898,48.01106101859933],[-107.36966522899313,48.011045979887726],[-107.36967319762589,48.011072625690836],[-107.36966772556531,48.011099492629036],[-107.36966897385115,48.011126249020236],[-107.36999705222844,48.011168612595405],[-107.37007608573121,48.01114915365096]]]]}"
00000000000000000009,11370,0,0,0,"{""type"":""Polygon"",""coordinates"":[[[-107.3700769874583,48.01102407491226],[-107.3700831942792,48.01101500875946],[-107.37007595100877,48.01100172541674],[-107.3697004332044,48.01094251672424],[-107.36968838688261,48.01096954933731],[-107.36966444951771,48.01102810815638],[-107.36966522899313,48.011045979887726],[-107.37001874894898,48.01106101859933],[-107.37001150569947,48.011047735239494],[-107.37004408982115,48.01103370954836],[-107.37007151567495,48.011050941841525],[-107.37009189829371,48.01105945528135],[-107.3700769874583,48.01102407491226]],[[-107.3700501412701,48.01102014984379],[-107.37006317920634,48.01101539570675],[-107.37004977375467,48.011011249460445],[-107.3700501412701,48.01102014984379]],[[-107.3700501412701,48.01102014984379],[-107.37003038296817,48.011025014566094],[-107.37004393444245,48.011029215995485],[-107.3700501412701,48.01102014984379]]]}"
00000000000000000002,11371,0,0,0,"{""type"":""Polygon"",""coordinates"":[[[-107.37005369556613,48.010953077521016],[-107.37004003337034,48.01094445350229],[-107.37001949545895,48.01093144652348],[-107.37002533476118,48.01091348002378],[-107.36974298168934,48.01085232131977],[-107.36974309240031,48.01085674390942],[-107.36972374628553,48.01087057986073],[-107.3697004332044,48.01094251672424],[-107.37007595100877,48.01100172541674],[-107.37007511457529,48.01098394042857],[-107.37006140772743,48.01097524545891],[-107.37005369556613,48.010953077521016]],[[-107.37006140772743,48.01097524545891],[-107.37004164944892,48.01098011017877],[-107.37005520091036,48.01098431160329],[-107.37006140772743,48.01097524545891]],[[-107.37004748875195,48.010962143660976],[-107.37003393730036,48.01095794223691],[-107.37003445083532,48.01096689779054],[-107.37004748875195,48.010962143660976]]]}"
0000000000000000000b,11372,0,0,0,"{""type"":""Polygon"",""coordinates"":[[[-107.37004963908083,48.01086382161394],[-107.37004155942775,48.01083275336878],[-107.37004130265865,48.01082827560333],[-107.36976525835725,48.01075803517445],[-107.36974298168934,48.01085232131977],[-107.37002533476118,48.01091348002378],[-107.37002988086394,48.010868686319434],[-107.37004963908083,48.01086382161394]],[[-107.37001658621571,48.01086896266815],[-107.37002988086394,48.010868686319434],[-107.37002268227295,48.01085547395791],[-107.37001658621571,48.01086896266815]],[[-107.37001658621571,48.01086896266815],[-107.36999682799903,48.010873827367305],[-107.37001079155205,48.01088700010114],[-107.37001658621571,48.01086896266815]]]}"
00000000000000000006,11373,0,0,0,"{""type"":""Polygon"",""coordinates"":[[[-107.36981453607594,48.01067216784459],[-107.36977058425711,48.010731113230314],[-107.36976525835725,48.01075803517445],[-107.37004130265865,48.01082827560333],[-107.37006383539759,48.01073846720707],[-107.36981453607594,48.01067216784459]]]}"
00000000000000000003,11374,0,0,0,"{""type"":""GeometryCollection"",""geometries"":[{""type"":""LineString"",""coordinates"":[[-107.36981453497643,48.01067216387537],[-107.36982118500289,48.01067202661671]]},{""type"":""Polygon"",""coordinates"":[[[-107.36984571606428,48.01062689266529],[-107.36983304574123,48.01064054705445],[-107.36982121172842,48.01067198632681],[-107.37006383539759,48.01073846720707],[-107.3701016909094,48.01069301035509],[-107.37012020040252,48.01066138950124],[-107.37013271527613,48.01064324155093],[-107.37013234773512,48.01063434123274],[-107.37014501798849,48.01062068680739],[-107.36984571606428,48.01062689266529]]]}]}"
00000000000000000005,11375,0,0,0,"{""type"":""Polygon"",""coordinates"":[[[-107.36994686900643,48.01050865484027],[-107.36992825810303,48.010540291338664],[-107.36988936627696,48.01056339867574],[-107.36987048921478,48.01058611911545],[-107.36985859849469,48.01061764507729],[-107.36984571606428,48.01062689266529],[-107.37014501798849,48.01062068680739],[-107.37014476120551,48.01061620906073],[-107.37014439366116,48.010607308747275],[-107.36994686900643,48.01050865484027]]]}"
00000000000000000000,11376,0,0,0,"{""type"":""Polygon"",""coordinates"":[[[-107.37002294712744,48.010426641946076],[-107.36995307575123,48.010499588787255],[-107.36994686900643,48.01050865484027],[-107.37014439366116,48.010607308747275],[-107.37015643956937,48.01058027627474],[-107.37019517596337,48.01055267531147],[-107.37020138267339,48.010543609235626],[-107.37002294712744,48.010426641946076]]]}"
00000000000000000004,11377,0,0,0,"{""type"":""Polygon"",""coordinates"":[[[-107.37011997478942,48.01036660716937],[-107.37010693708766,48.010371361249156],[-107.3700420808095,48.01040839927855],[-107.37002294712744,48.010426641946076],[-107.37020138267339,48.010543609235626],[-107.3702201041749,48.01051639524534],[-107.37029278363386,48.01050594728875],[-107.37031191728616,48.01048770454041],[-107.37011997478942,48.01036660716937]]]}"
00000000000000000001,11378,0,0,0,"{""type"":""Polygon"",""coordinates"":[[[-107.37022998589435,48.010297309021524],[-107.3701982268364,48.01032927698436],[-107.3701782121081,48.01032966394183],[-107.37014619620909,48.01035715418432],[-107.37011997478942,48.01036660716937],[-107.37031191728616,48.01048770454041],[-107.37040992759727,48.01044550937008],[-107.37022998589435,48.010297309021524]]]}"
0000000000000000000c,11379,0,0,0,"{""type"":""Polygon"",""coordinates"":[[[-107.37091452957814,48.009983953691574],[-107.37077106334733,48.009902052361994],[-107.37058901797015,48.00985224510009],[-107.3704217288421,48.00983332356096],[-107.3702095427028,48.0098511391997],[-107.37003895725304,48.00990376553756],[-107.37000642815981,48.00992230012451],[-107.37010708963396,48.0099381107379],[-107.37019331901558,48.0099318643421],[-107.37024675317777,48.009935236576425],[-107.37029930617787,48.009920753211304],[-107.3703653656997,48.009910400175684],[-107.37041791868727,48.0098959167527],[-107.37053745714816,48.00988900665346],[-107.37059141460401,48.009905772328665],[-107.37059307591069,48.00994149921984],[-107.37058352851435,48.01002204298192],[-107.37055871175178,48.01006274530224],[-107.37054567415244,48.0100674994115],[-107.3705329028108,48.01008116950806],[-107.37050693840777,48.01009510024376],[-107.3704844071737,48.01018490760048],[-107.37045803043024,48.01018986716552],[-107.37043806035499,48.010190325123865],[-107.37040526482441,48.010199943941736],[-107.37036611665155,48.01021857359891],[-107.37032043886683,48.01023743997578],[-107.37030130535797,48.010255682634835],[-107.37024911944636,48.010279066361086],[-107.37022998589435,48.010297309021524],[-107.37040992759727,48.01044550937008],[-107.37042270851322,48.01043627751187],[-107.37053313192203,48.01037595014021],[-107.37063834069163,48.01034696702107],[-107.37067822434473,48.01034613772628],[-107.37074396174724,48.01032695500978],[-107.37078218395114,48.010290398524155],[-107.37082816330854,48.010276080567394],[-107.37088629884688,48.01023915275413],[-107.37090486432474,48.010207445324106],[-107.3709490805617,48.010157416055854],[-107.37096618442217,48.0100945460792],[-107.37099214878623,48.0100806152202],[-107.37099136863544,48.0100627438469],[-107.37091452957814,48.009983953691574]],[[-107.3707167659693,48.010171197587525],[-107.37072380928609,48.01017991624253],[-107.37073006046678,48.01017092114918],[-107.3707167659693,48.010171197587525]],[[-107.3707167659693,48.010171197587525],[-107.37071598595557,48.01015332617754],[-107.3706823090433,48.01014508944633],[-107.37067672702436,48.01016753341564],[-107.3707167659693,48.010171197587525]],[[-107.37073006046678,48.01017092114918],[-107.37073699295125,48.01017521727502],[-107.37075748625381,48.01018815296322],[-107.37083183480492,48.010066061410136],[-107.37076120272002,48.00997820510114],[-107.37073941577236,48.009938442753615],[-107.37072570902735,48.00992974805032],[-107.3706987441202,48.010068770661135],[-107.37067355973487,48.01010057282455],[-107.37073445010519,48.01012163460167],[-107.37074841377944,48.010134807035335],[-107.37073006046678,48.01017092114918]]]}"
